M: 2
N: 10
Nun_Veiculos: 3
Capacidade_Total: 330
Demanda_Total: 203
Setup_Min: 1
Setup_Max: 9
Raio: 100
Circulos: 1
Tempo_Processamento_Min: 1
Tempo_Processamento_Max: 49
Demanda_Min: 10
Demanda_Max: 30
Priority_Factor: 0.2
Range_Factor_R: 0.8
U_factor: 2
ALpha: 0.2Replicao: 0
Tempos_Processamentos
0	0	1	0	
0	48	1	36	
0	26	1	33	
0	41	1	23	
0	18	1	25	
0	34	1	6	
0	25	1	2	
0	47	1	34	
0	45	1	17	
0	29	1	1	
0	31	1	15	

Tempos_setup
M0
0	0	0	0	0	0	0	0	0	0	0	
0	0	5	5	2	1	5	3	4	4	3	
0	1	0	5	3	1	5	4	4	4	3	
0	4	5	0	2	5	5	4	4	4	3	
0	6	5	3	0	4	3	2	2	2	3	
0	5	4	4	3	0	4	4	3	3	2	
0	3	2	2	4	3	0	6	5	6	4	
0	5	4	4	4	5	6	0	3	5	2	
0	4	3	1	1	2	4	3	0	3	1	
0	4	3	2	1	3	1	2	1	0	2	
0	3	2	2	2	3	4	4	1	3	0	
M1
0	0	0	0	0	0	0	0	0	0	0	
0	0	5	4	2	2	1	7	4	4	3	
0	1	0	5	3	1	2	2	2	3	2	
0	6	7	0	4	4	3	9	6	6	5	
0	4	3	2	0	4	4	5	2	4	5	
0	2	3	5	4	0	2	5	5	2	1	
0	3	4	6	4	1	0	6	4	3	2	
0	1	6	5	3	3	2	0	5	5	3	
0	2	1	5	4	2	2	3	0	2	3	
0	2	1	3	4	2	3	3	3	0	3	
0	1	5	5	3	2	1	6	4	4	0	
Tamanho_Tarefas
0	36	26	32	19	12	2	40	18	2	16	
Data_Entrega
0	249	249	208	264	273	268	225	273	276	244	
Penalidade_Atraso
0	19	2	18	2	4	2	10	5	18	2	
Capacidade_Veiculo
113	116	101	
Custo_Fixo_Veiculo
1130	1160	1010	
Coordenadas_Clientes
x	0	y	0
x	112	y	0
x	85	y	62
x	31	y	96
x	-36	y	113
x	-92	y	67
x	-111	y	0
x	-80	y	-58
x	-35	y	-108
x	24	y	-75
x	67	y	-49
Tempo_Viagem
0	112	105	100	118	113	111	98	113	78	83	
112	0	67	125	186	214	223	200	182	115	66	
105	67	0	63	131	177	205	203	208	149	112	
100	125	63	0	69	126	171	189	213	171	149	
118	186	131	69	0	72	135	176	221	196	191	
113	214	177	126	72	0	69	125	184	183	196	
111	223	205	171	135	69	0	65	132	154	184	
98	200	203	189	176	125	65	0	67	105	147	
113	182	208	213	221	184	132	67	0	67	117	
78	115	149	171	196	183	154	105	67	0	50	
83	66	112	149	191	196	184	147	117	50	0	
Custo_Viagem
V0
0	2531	2373	2260	2666	2553	2508	2214	2553	1762	1875	
2531	0	1514	2825	4203	4836	5039	4520	4113	2599	1491	
2373	1514	0	1423	2960	4000	4633	4610	4700	3367	2531	
2260	2825	1423	0	1559	2847	3864	4271	4836	3864	3367	
2666	4203	2960	1559	0	1627	3051	3977	4994	4452	4316	
2553	4836	4000	2847	1627	0	1559	2825	4158	4135	4429	
2508	5039	4633	3864	3051	1559	0	1469	2983	3480	4158	
2214	4520	4610	4271	3977	2825	1469	0	1514	2373	3322	
2553	4113	4700	4836	4994	4158	2983	1514	0	1514	2644	
1762	2599	3367	3864	4452	4135	3480	2373	1514	0	1130	
1875	1491	2531	3367	4316	4429	4158	3322	2644	1130	0	
V1
0	2598	2436	2320	2737	2621	2575	2273	2621	1809	1925	
2598	0	1554	2900	4315	4964	5173	4640	4222	2668	1531	
2436	1554	0	1461	3039	4106	4756	4732	4825	3456	2598	
2320	2900	1461	0	1600	2923	3967	4384	4964	3967	3456	
2737	4315	3039	1600	0	1670	3132	4083	5127	4570	4431	
2621	4964	4106	2923	1670	0	1600	2900	4268	4245	4547	
2575	5173	4756	3967	3132	1600	0	1508	3062	3572	4268	
2273	4640	4732	4384	4083	2900	1508	0	1554	2436	3410	
2621	4222	4825	4964	5127	4268	3062	1554	0	1554	2714	
1809	2668	3456	3967	4570	4245	3572	2436	1554	0	1160	
1925	1531	2598	3456	4431	4547	4268	3410	2714	1160	0	
V2
0	2262	2121	2020	2383	2282	2242	1979	2282	1575	1676	
2262	0	1353	2525	3757	4322	4504	4040	3676	2323	1333	
2121	1353	0	1272	2646	3575	4141	4120	4201	3009	2262	
2020	2525	1272	0	1393	2545	3454	3817	4322	3454	3009	
2383	3757	2646	1393	0	1454	2727	3555	4464	3979	3858	
2282	4322	3575	2545	1454	0	1393	2525	3716	3696	3959	
2242	4504	4141	3454	2727	1393	0	1313	2666	3110	3716	
1979	4040	4120	3817	3555	2525	1313	0	1353	2121	2969	
2282	3676	4201	4322	4464	3716	2666	1353	0	1353	2363	
1575	2323	3009	3454	3979	3696	3110	2121	1353	0	1010	
1676	1333	2262	3009	3858	3959	3716	2969	2363	1010	0	
Velocidade_Veiculos
1	1	1	