M: 2
N: 10
Nun_Veiculos: 7
Capacidade_Total: 605
Demanda_Total: 268
Setup_Min: 1
Setup_Max: 9
Raio: 100
Circulos: 1
Tempo_Processamento_Min: 1
Tempo_Processamento_Max: 49
Demanda_Min: 10
Demanda_Max: 30
Priority_Factor: 0.2
Range_Factor_R: 0.8
U_factor: 2
ALpha: 0.2Replicao: 3
Tempos_Processamentos
0	0	1	0	
0	47	1	35	
0	26	1	43	
0	4	1	11	
0	42	1	46	
0	22	1	23	
0	40	1	39	
0	38	1	11	
0	6	1	26	
0	20	1	37	
0	30	1	37	

Tempos_setup
M0
0	0	0	0	0	0	0	0	0	0	0	
0	0	1	1	2	3	5	4	3	3	4	
0	4	0	3	4	5	4	3	5	4	6	
0	1	2	0	1	2	6	4	2	2	4	
0	4	2	3	0	4	5	5	1	3	5	
0	4	3	5	6	0	7	4	5	4	5	
0	2	1	3	4	3	0	4	5	3	6	
0	3	4	2	3	2	4	0	4	1	3	
0	3	1	2	1	3	5	4	0	2	6	
0	5	4	4	2	1	6	2	3	0	5	
0	2	3	1	1	3	6	2	2	3	0	
M1
0	0	0	0	0	0	0	0	0	0	0	
0	0	3	3	6	5	4	5	4	2	4	
0	3	0	4	4	2	1	2	3	3	1	
0	2	4	0	6	6	2	2	1	4	3	
0	5	4	3	0	4	4	5	2	6	5	
0	4	3	5	3	0	4	5	5	5	4	
0	4	3	3	5	5	0	1	4	2	2	
0	3	5	3	4	4	2	0	4	4	1	
0	3	3	1	7	5	3	3	0	4	4	
0	3	1	3	4	3	2	3	4	0	2	
0	2	4	4	3	5	1	1	5	3	0	
Tamanho_Tarefas
0	39	34	7	44	22	39	17	13	21	32	
Data_Entrega
0	272	258	243	220	249	243	219	256	256	251	
Penalidade_Atraso
0	14	19	4	4	6	18	11	18	9	18	
Capacidade_Veiculo
71	93	91	55	121	61	113	
Custo_Fixo_Veiculo
710	930	910	550	1210	610	1130	
Coordenadas_Clientes
x	0	y	0
x	119	y	0
x	80	y	58
x	31	y	97
x	-35	y	109
x	-62	y	45
x	-87	y	0
x	-76	y	-55
x	-34	y	-106
x	36	y	-112
x	93	y	-67
Tempo_Viagem
0	119	98	101	114	76	87	93	111	117	114	
119	0	69	130	188	186	206	202	186	139	71	
98	69	0	62	125	142	176	191	199	175	125	
101	130	62	0	67	106	152	185	212	209	175	
114	188	125	67	0	69	120	169	215	231	217	
76	186	142	106	69	0	51	100	153	185	190	
87	206	176	152	120	51	0	56	118	166	192	
93	202	191	185	169	100	56	0	66	125	169	
111	186	199	212	215	153	118	66	0	70	132	
117	139	175	209	231	185	166	125	70	0	72	
114	71	125	175	217	190	192	169	132	72	0	
Custo_Viagem
V0
0	1689	1391	1434	1618	1079	1235	1320	1576	1661	1618	
1689	0	979	1846	2669	2641	2925	2868	2641	1973	1008	
1391	979	0	880	1775	2016	2499	2726	2825	2485	1775	
1434	1846	880	0	951	1505	2158	2627	3024	2967	2485	
1618	2669	1775	951	0	979	1704	2399	3053	3294	3081	
1079	2641	2016	1505	979	0	724	1420	2172	2627	2712	
1235	2925	2499	2158	1704	724	0	795	1675	2357	2726	
1320	2868	2726	2627	2399	1420	795	0	937	1775	2399	
1576	2641	2825	3024	3053	2172	1675	937	0	994	1874	
1661	1973	2485	2967	3294	2627	2357	1775	994	0	1022	
1618	1008	1775	2485	3081	2712	2726	2399	1874	1022	0	
V1
0	2213	1822	1878	2120	1413	1618	1729	2064	2176	2120	
2213	0	1283	2418	3496	3459	3831	3757	3459	2585	1320	
1822	1283	0	1153	2325	2641	3273	3571	3701	3255	2325	
1878	2418	1153	0	1246	1971	2827	3441	3961	3887	3255	
2120	3496	2325	1246	0	1283	2232	3143	3999	4315	4036	
1413	3459	2641	1971	1283	0	948	1860	2845	3441	3552	
1618	3831	3273	2827	2232	948	0	1041	2194	3087	3571	
1729	3757	3571	3441	3143	1860	1041	0	1227	2325	3143	
2064	3459	3701	3961	3999	2845	2194	1227	0	1302	2455	
2176	2585	3255	3887	4315	3441	3087	2325	1302	0	1339	
2120	1320	2325	3255	4036	3552	3571	3143	2455	1339	0	
V2
0	2165	1783	1838	2074	1383	1583	1692	2020	2129	2074	
2165	0	1255	2366	3421	3385	3749	3676	3385	2529	1292	
1783	1255	0	1128	2275	2584	3203	3494	3621	3185	2275	
1838	2366	1128	0	1219	1929	2766	3367	3876	3803	3185	
2074	3421	2275	1219	0	1255	2184	3075	3913	4222	3949	
1383	3385	2584	1929	1255	0	928	1820	2784	3367	3476	
1583	3749	3203	2766	2184	928	0	1019	2147	3021	3494	
1692	3676	3494	3367	3075	1820	1019	0	1201	2275	3075	
2020	3385	3621	3876	3913	2784	2147	1201	0	1274	2402	
2129	2529	3185	3803	4222	3367	3021	2275	1274	0	1310	
2074	1292	2275	3185	3949	3476	3494	3075	2402	1310	0	
V3
0	1309	1078	1111	1254	836	957	1023	1221	1287	1254	
1309	0	759	1430	2068	2046	2266	2222	2046	1529	781	
1078	759	0	682	1375	1562	1936	2112	2189	1925	1375	
1111	1430	682	0	737	1166	1672	2035	2343	2299	1925	
1254	2068	1375	737	0	759	1320	1859	2365	2552	2387	
836	2046	1562	1166	759	0	561	1100	1683	2035	2101	
957	2266	1936	1672	1320	561	0	616	1298	1826	2112	
1023	2222	2112	2035	1859	1100	616	0	726	1375	1859	
1221	2046	2189	2343	2365	1683	1298	726	0	770	1452	
1287	1529	1925	2299	2552	2035	1826	1375	770	0	792	
1254	781	1375	1925	2387	2101	2112	1859	1452	792	0	
V4
0	2879	2371	2444	2758	1839	2105	2250	2686	2831	2758	
2879	0	1669	3146	4549	4501	4985	4888	4501	3363	1718	
2371	1669	0	1500	3025	3436	4259	4646	4815	4235	3025	
2444	3146	1500	0	1621	2565	3678	4477	5154	5057	4235	
2758	4549	3025	1621	0	1669	2904	4089	5203	5614	5251	
1839	4501	3436	2565	1669	0	1234	2420	3702	4477	4622	
2105	4985	4259	3678	2904	1234	0	1355	2855	4017	4646	
2250	4888	4646	4477	4089	2420	1355	0	1597	3025	4089	
2686	4501	4815	5154	5203	3702	2855	1597	0	1694	3194	
2831	3363	4235	5057	5614	4477	4017	3025	1694	0	1742	
2758	1718	3025	4235	5251	4622	4646	4089	3194	1742	0	
V5
0	1451	1195	1232	1390	927	1061	1134	1354	1427	1390	
1451	0	841	1586	2293	2269	2513	2464	2269	1695	866	
1195	841	0	756	1525	1732	2147	2342	2427	2135	1525	
1232	1586	756	0	817	1293	1854	2257	2598	2549	2135	
1390	2293	1525	817	0	841	1464	2061	2623	2830	2647	
927	2269	1732	1293	841	0	622	1220	1866	2257	2330	
1061	2513	2147	1854	1464	622	0	683	1439	2025	2342	
1134	2464	2342	2257	2061	1220	683	0	805	1525	2061	
1354	2269	2427	2598	2623	1866	1439	805	0	854	1610	
1427	1695	2135	2549	2830	2257	2025	1525	854	0	878	
1390	866	1525	2135	2647	2330	2342	2061	1610	878	0	
V6
0	2689	2214	2282	2576	1717	1966	2101	2508	2644	2576	
2689	0	1559	2938	4248	4203	4655	4565	4203	3141	1604	
2214	1559	0	1401	2825	3209	3977	4339	4497	3955	2825	
2282	2938	1401	0	1514	2395	3435	4181	4813	4723	3955	
2576	4248	2825	1514	0	1559	2712	3819	4859	5243	4904	
1717	4203	3209	2395	1559	0	1152	2260	3457	4181	4316	
1966	4655	3977	3435	2712	1152	0	1265	2666	3751	4339	
2101	4565	4339	4181	3819	2260	1265	0	1491	2825	3819	
2508	4203	4497	4813	4859	3457	2666	1491	0	1582	2983	
2644	3141	3955	4723	5243	4181	3751	2825	1582	0	1627	
2576	1604	2825	3955	4904	4316	4339	3819	2983	1627	0	
Velocidade_Veiculos
1	1	1	1	1	1	1	