M: 2
N: 10
Nun_Veiculos: 4
Capacidade_Total: 257
Demanda_Total: 160
Setup_Min: 1
Setup_Max: 9
Raio: 100
Circulos: 1
Tempo_Processamento_Min: 1
Tempo_Processamento_Max: 49
Demanda_Min: 10
Demanda_Max: 30
Priority_Factor: 0.2
Range_Factor_R: 0.8
U_factor: 2
ALpha: 0.2Replicao: 4
Tempos_Processamentos
0	0	1	0	
0	7	1	23	
0	19	1	38	
0	1	1	5	
0	35	1	1	
0	32	1	39	
0	40	1	5	
0	10	1	13	
0	15	1	4	
0	38	1	40	
0	9	1	45	

Tempos_setup
M0
0	0	0	0	0	0	0	0	0	0	0	
0	0	1	3	3	6	1	1	1	3	4	
0	3	0	2	4	6	4	4	4	2	4	
0	1	2	0	4	4	2	2	2	4	2	
0	1	2	4	0	4	2	2	2	2	2	
0	5	3	5	4	0	3	2	6	5	4	
0	3	3	5	2	6	0	4	3	2	4	
0	4	4	6	3	6	1	0	4	3	5	
0	3	3	3	3	7	3	4	0	2	3	
0	3	3	5	2	6	4	4	3	0	4	
0	4	5	5	5	9	5	5	2	4	0	
M1
0	0	0	0	0	0	0	0	0	0	0	
0	0	1	2	2	2	2	4	1	3	6	
0	2	0	3	1	2	1	3	3	2	5	
0	3	1	0	2	3	2	4	4	3	6	
0	1	2	2	0	1	3	2	2	3	4	
0	3	4	5	3	0	5	3	4	2	5	
0	1	1	3	1	2	0	3	2	3	5	
0	3	2	4	2	1	2	0	4	3	2	
0	5	5	7	5	5	4	4	0	4	6	
0	1	2	3	3	2	3	1	2	0	3	
0	3	3	5	3	3	4	2	4	3	0	
Tamanho_Tarefas
0	13	25	1	5	33	7	10	6	38	22	
Data_Entrega
0	207	207	212	217	241	222	244	228	253	248	
Penalidade_Atraso
0	16	16	16	11	2	14	17	6	10	19	
Capacidade_Veiculo
85	39	88	45	
Custo_Fixo_Veiculo
850	390	880	450	
Coordenadas_Clientes
x	0	y	0
x	122	y	0
x	88	y	64
x	37	y	116
x	-35	y	109
x	-73	y	53
x	-114	y	0
x	-76	y	-55
x	-38	y	-117
x	31	y	-96
x	80	y	-58
Tempo_Viagem
0	122	108	121	114	90	114	93	123	100	98	
122	0	72	143	191	202	236	205	198	132	71	
108	72	0	72	130	161	211	201	220	169	122	
121	143	72	0	72	126	190	204	244	212	179	
114	191	130	72	0	67	134	169	226	214	202	
90	202	161	126	67	0	67	108	173	181	188	
114	236	211	190	134	67	0	66	138	173	202	
93	205	201	204	169	108	66	0	72	114	156	
123	198	220	244	226	173	138	72	0	72	131	
100	132	169	212	214	181	173	114	72	0	62	
98	71	122	179	202	188	202	156	131	62	0	
Custo_Viagem
V0
0	2074	1836	2057	1938	1530	1938	1581	2091	1700	1666	
2074	0	1224	2431	3247	3434	4012	3485	3366	2244	1207	
1836	1224	0	1224	2210	2737	3587	3434	3740	2873	2074	
2057	2431	1224	0	1224	2142	3230	3468	4148	3604	3043	
1938	3247	2210	1224	0	1139	2278	2873	3842	3655	3434	
1530	3434	2737	2142	1139	0	1139	1836	2941	3077	3213	
1938	4012	3587	3230	2278	1139	0	1122	2363	2941	3434	
1581	3485	3434	3468	2873	1836	1122	0	1224	1938	2652	
2091	3366	3740	4148	3842	2941	2363	1224	0	1224	2227	
1700	2244	2873	3604	3655	3077	2941	1938	1224	0	1054	
1666	1207	2074	3043	3434	3213	3434	2652	2227	1054	0	
V1
0	951	842	943	889	702	889	725	959	780	764	
951	0	561	1115	1489	1575	1840	1599	1544	1029	553	
842	561	0	561	1014	1255	1645	1575	1716	1318	951	
943	1115	561	0	561	982	1482	1591	1903	1653	1396	
889	1489	1014	561	0	522	1045	1318	1762	1677	1575	
702	1575	1255	982	522	0	522	842	1349	1411	1474	
889	1840	1645	1482	1045	522	0	514	1084	1349	1575	
725	1599	1575	1591	1318	842	514	0	561	889	1216	
959	1544	1716	1903	1762	1349	1084	561	0	561	1021	
780	1029	1318	1653	1677	1411	1349	889	561	0	483	
764	553	951	1396	1575	1474	1575	1216	1021	483	0	
V2
0	2147	1900	2129	2006	1584	2006	1636	2164	1760	1724	
2147	0	1267	2516	3361	3555	4153	3608	3484	2323	1249	
1900	1267	0	1267	2288	2833	3713	3555	3872	2974	2147	
2129	2516	1267	0	1267	2217	3344	3590	4294	3731	3150	
2006	3361	2288	1267	0	1179	2358	2974	3977	3784	3555	
1584	3555	2833	2217	1179	0	1179	1900	3044	3185	3326	
2006	4153	3713	3344	2358	1179	0	1161	2446	3044	3555	
1636	3608	3555	3590	2974	1900	1161	0	1267	2006	2745	
2164	3484	3872	4294	3977	3044	2446	1267	0	1267	2305	
1760	2323	2974	3731	3784	3185	3044	2006	1267	0	1091	
1724	1249	2147	3150	3555	3326	3555	2745	2305	1091	0	
V3
0	1098	972	1089	1026	810	1026	837	1107	900	882	
1098	0	648	1287	1719	1818	2124	1845	1782	1188	639	
972	648	0	648	1170	1449	1899	1818	1980	1521	1098	
1089	1287	648	0	648	1134	1710	1836	2196	1908	1611	
1026	1719	1170	648	0	603	1206	1521	2034	1935	1818	
810	1818	1449	1134	603	0	603	972	1557	1629	1701	
1026	2124	1899	1710	1206	603	0	594	1251	1557	1818	
837	1845	1818	1836	1521	972	594	0	648	1026	1404	
1107	1782	1980	2196	2034	1557	1251	648	0	648	1179	
900	1188	1521	1908	1935	1629	1557	1026	648	0	558	
882	639	1098	1611	1818	1701	1818	1404	1179	558	0	
Velocidade_Veiculos
1	1	1	1	