M: 2
N: 10
Nun_Veiculos: 6
Capacidade_Total: 283
Demanda_Total: 183
Setup_Min: 1
Setup_Max: 99
Raio: 20
Circulos: 1
Tempo_Processamento_Min: 1
Tempo_Processamento_Max: 49
Demanda_Min: 10
Demanda_Max: 30
Priority_Factor: 0.2
Range_Factor_R: 0.8
U_factor: 2
ALpha: 0.2Replicao: 2
Tempos_Processamentos
0	0	1	0	
0	13	1	18	
0	19	1	41	
0	20	1	26	
0	45	1	12	
0	10	1	25	
0	28	1	9	
0	40	1	15	
0	17	1	34	
0	21	1	22	
0	48	1	20	

Tempos_setup
M0
0	0	0	0	0	0	0	0	0	0	0	
0	0	34	31	40	35	34	28	32	38	39	
0	14	0	12	21	17	15	23	13	26	21	
0	2	3	0	9	5	3	11	1	17	9	
0	5	19	21	0	26	20	32	22	38	14	
0	16	16	28	27	0	10	39	29	12	4	
0	6	40	37	46	41	0	34	38	44	45	
0	21	22	19	28	7	17	0	20	19	11	
0	1	2	14	8	4	14	10	0	16	8	
0	13	34	36	15	41	7	41	37	0	20	
0	12	31	43	44	47	6	40	44	43	0	
M1
0	0	0	0	0	0	0	0	0	0	0	
0	0	8	5	5	21	19	14	33	14	35	
0	16	0	21	21	37	11	30	25	6	27	
0	29	37	0	34	50	18	43	37	43	38	
0	28	12	4	0	16	22	18	37	18	38	
0	17	25	22	22	0	6	2	50	31	28	
0	11	19	16	16	32	0	25	44	25	46	
0	36	35	40	36	19	25	0	60	41	26	
0	22	15	7	3	19	11	21	0	21	41	
0	16	24	21	21	37	5	30	45	0	51	
0	25	9	14	10	26	20	28	34	15	0	
Tamanho_Tarefas
0	13	22	21	12	17	17	17	17	21	26	
Data_Entrega
0	89	107	97	97	82	112	81	96	120	118	
Penalidade_Atraso
0	3	13	11	16	17	10	4	14	1	2	
Capacidade_Veiculo
33	27	61	65	60	37	
Custo_Fixo_Veiculo
330	270	610	650	600	370	
Coordenadas_Clientes
x	0	y	0
x	19	y	0
x	17	y	12
x	7	y	22
x	-5	y	15
x	-19	y	14
x	-19	y	0
x	-16	y	-11
x	-5	y	-17
x	5	y	-16
x	17	y	-12
Tempo_Viagem
0	19	20	23	15	23	19	19	17	16	20	
19	0	12	25	28	40	38	36	29	21	12	
20	12	0	14	22	36	37	39	36	30	24	
23	25	14	0	13	27	33	40	40	38	35	
15	28	22	13	0	14	20	28	32	31	34	
23	40	36	27	14	0	14	25	34	38	43	
19	38	37	33	20	14	0	11	22	28	37	
19	36	39	40	28	25	11	0	12	21	33	
17	29	36	40	32	34	22	12	0	10	22	
16	21	30	38	31	38	28	21	10	0	12	
20	12	24	35	34	43	37	33	22	12	0	
Custo_Viagem
V0
0	125	132	151	99	151	125	125	112	105	132	
125	0	79	165	184	264	250	237	191	138	79	
132	79	0	92	145	237	244	264	237	198	158	
151	165	92	0	85	178	224	264	264	250	231	
99	184	145	85	0	92	132	184	211	211	224	
151	264	237	178	92	0	92	165	224	250	290	
125	250	244	224	132	92	0	72	145	184	244	
125	237	264	264	184	165	72	0	79	138	217	
112	191	237	264	211	224	145	79	0	66	145	
105	138	198	250	211	250	184	138	66	0	79	
132	79	158	231	224	290	244	217	145	79	0	
V1
0	102	108	124	81	124	102	102	91	86	108	
102	0	64	135	151	216	205	194	156	113	64	
108	64	0	75	118	194	199	216	194	162	129	
124	135	75	0	70	145	183	216	216	205	189	
81	151	118	70	0	75	108	151	172	172	183	
124	216	194	145	75	0	75	135	183	205	237	
102	205	199	183	108	75	0	59	118	151	199	
102	194	216	216	151	135	59	0	64	113	178	
91	156	194	216	172	183	118	64	0	54	118	
86	113	162	205	172	205	151	113	54	0	64	
108	64	129	189	183	237	199	178	118	64	0	
V2
0	231	244	280	183	280	231	231	207	195	244	
231	0	146	305	341	488	463	439	353	256	146	
244	146	0	170	268	439	451	488	439	366	292	
280	305	170	0	158	329	414	488	488	463	427	
183	341	268	158	0	170	244	341	390	390	414	
280	488	439	329	170	0	170	305	414	463	536	
231	463	451	414	244	170	0	134	268	341	451	
231	439	488	488	341	305	134	0	146	256	402	
207	353	439	488	390	414	268	146	0	122	268	
195	256	366	463	390	463	341	256	122	0	146	
244	146	292	427	414	536	451	402	268	146	0	
V3
0	247	260	299	195	299	247	247	221	208	260	
247	0	156	325	364	520	494	468	377	273	156	
260	156	0	182	286	468	481	520	468	390	312	
299	325	182	0	169	351	442	520	520	494	455	
195	364	286	169	0	182	260	364	416	416	442	
299	520	468	351	182	0	182	325	442	494	572	
247	494	481	442	260	182	0	143	286	364	481	
247	468	520	520	364	325	143	0	156	273	429	
221	377	468	520	416	442	286	156	0	130	286	
208	273	390	494	416	494	364	273	130	0	156	
260	156	312	455	442	572	481	429	286	156	0	
V4
0	228	240	276	180	276	228	228	204	192	240	
228	0	144	300	336	480	456	432	348	252	144	
240	144	0	168	264	432	444	480	432	360	288	
276	300	168	0	156	324	408	480	480	456	420	
180	336	264	156	0	168	240	336	384	384	408	
276	480	432	324	168	0	168	300	408	456	528	
228	456	444	408	240	168	0	132	264	336	444	
228	432	480	480	336	300	132	0	144	252	396	
204	348	432	480	384	408	264	144	0	120	264	
192	252	360	456	384	456	336	252	120	0	144	
240	144	288	420	408	528	444	396	264	144	0	
V5
0	140	148	170	111	170	140	140	125	118	148	
140	0	88	185	207	296	281	266	214	155	88	
148	88	0	103	162	266	273	296	266	222	177	
170	185	103	0	96	199	251	296	296	281	259	
111	207	162	96	0	103	148	207	236	236	251	
170	296	266	199	103	0	103	185	251	281	325	
140	281	273	251	148	103	0	81	162	207	273	
140	266	296	296	207	185	81	0	88	155	244	
125	214	266	296	236	251	162	88	0	74	162	
118	155	222	281	236	281	207	155	74	0	88	
148	88	177	259	251	325	273	244	162	88	0	
Velocidade_Veiculos
1	1	1	1	1	1	