M: 2
N: 10
Nun_Veiculos: 6
Capacidade_Total: 518
Demanda_Total: 288
Setup_Min: 1
Setup_Max: 9
Raio: 20
Circulos: 1
Tempo_Processamento_Min: 1
Tempo_Processamento_Max: 49
Demanda_Min: 10
Demanda_Max: 30
Priority_Factor: 0.2
Range_Factor_R: 0.8
U_factor: 2
ALpha: 0.2Replicao: 0
Tempos_Processamentos
0	0	1	0	
0	37	1	17	
0	31	1	25	
0	44	1	44	
0	22	1	14	
0	39	1	49	
0	27	1	37	
0	12	1	42	
0	48	1	39	
0	24	1	47	
0	32	1	21	

Tempos_setup
M0
0	0	0	0	0	0	0	0	0	0	0	
0	0	2	3	4	2	5	3	6	6	5	
0	4	0	1	2	3	3	4	5	4	3	
0	3	5	0	1	5	4	6	6	3	6	
0	9	7	6	0	6	7	7	5	7	8	
0	6	2	3	4	0	5	6	4	4	4	
0	7	3	4	4	2	0	5	3	2	6	
0	8	4	5	6	4	2	0	5	4	2	
0	4	2	1	2	1	4	2	0	4	4	
0	8	4	5	2	3	1	6	4	0	7	
0	7	6	7	7	6	5	3	8	7	0	
M1
0	0	0	0	0	0	0	0	0	0	0	
0	0	3	5	4	5	5	5	6	6	6	
0	3	0	5	7	6	6	7	3	6	7	
0	4	6	0	4	2	4	2	1	3	4	
0	1	4	2	0	4	1	1	2	2	6	
0	2	5	5	3	0	4	4	3	2	2	
0	3	6	3	4	5	0	2	2	3	6	
0	4	6	1	5	3	2	0	1	1	5	
0	5	5	5	7	7	6	4	0	3	4	
0	3	6	6	4	4	4	5	1	0	5	
0	1	4	5	5	6	5	6	3	2	0	
Tamanho_Tarefas
0	24	25	44	17	40	29	22	40	25	22	
Data_Entrega
0	87	137	166	185	165	119	129	182	178	123	
Penalidade_Atraso
0	11	17	15	7	14	9	4	11	19	7	
Capacidade_Veiculo
95	107	109	50	70	87	
Custo_Fixo_Veiculo
950	1070	1090	500	700	870	
Coordenadas_Clientes
x	0	y	0
x	20	y	0
x	18	y	13
x	6	y	20
x	-6	y	18
x	-17	y	13
x	-21	y	0
x	-16	y	-11
x	-5	y	-16
x	5	y	-17
x	14	y	-10
Tempo_Viagem
0	20	22	20	18	21	21	19	16	17	17	
20	0	13	24	31	39	41	37	29	22	11	
22	13	0	13	24	35	41	41	37	32	23	
20	24	13	0	12	24	33	38	36	37	31	
18	31	24	12	0	12	23	30	34	35	34	
21	39	35	24	12	0	13	24	31	37	38	
21	41	41	33	23	13	0	12	22	31	36	
19	37	41	38	30	24	12	0	12	21	30	
16	29	37	36	34	31	22	12	0	10	19	
17	22	32	37	35	37	31	21	10	0	11	
17	11	23	31	34	38	36	30	19	11	0	
Custo_Viagem
V0
0	380	418	380	342	399	399	361	304	323	323	
380	0	247	456	589	741	779	703	551	418	209	
418	247	0	247	456	665	779	779	703	608	437	
380	456	247	0	228	456	627	722	703	703	589	
342	589	456	228	0	228	437	570	646	684	646	
399	741	665	456	228	0	247	456	589	703	722	
399	779	779	627	437	247	0	228	418	589	684	
361	703	779	722	570	456	228	0	228	399	570	
304	551	703	703	646	589	418	228	0	190	361	
323	418	608	703	684	703	589	399	190	0	209	
323	209	437	589	646	722	684	570	361	209	0	
V1
0	428	470	428	385	449	449	406	342	363	363	
428	0	278	513	663	834	877	791	620	470	235	
470	278	0	278	513	749	877	877	791	684	492	
428	513	278	0	256	513	706	813	791	791	663	
385	663	513	256	0	256	492	642	727	770	727	
449	834	749	513	256	0	278	513	663	791	813	
449	877	877	706	492	278	0	256	470	663	770	
406	791	877	813	642	513	256	0	256	449	642	
342	620	791	791	727	663	470	256	0	214	406	
363	470	684	791	770	791	663	449	214	0	235	
363	235	492	663	727	813	770	642	406	235	0	
V2
0	436	479	436	392	457	457	414	348	370	370	
436	0	283	523	675	850	893	806	632	479	239	
479	283	0	283	523	763	893	893	806	697	501	
436	523	283	0	261	523	719	828	806	806	675	
392	675	523	261	0	261	501	654	741	784	741	
457	850	763	523	261	0	283	523	675	806	828	
457	893	893	719	501	283	0	261	479	675	784	
414	806	893	828	654	523	261	0	261	457	654	
348	632	806	806	741	675	479	261	0	218	414	
370	479	697	806	784	806	675	457	218	0	239	
370	239	501	675	741	828	784	654	414	239	0	
V3
0	200	220	200	180	210	210	190	160	170	170	
200	0	130	240	310	390	410	370	290	220	110	
220	130	0	130	240	350	410	410	370	320	230	
200	240	130	0	120	240	330	380	370	370	310	
180	310	240	120	0	120	230	300	340	360	340	
210	390	350	240	120	0	130	240	310	370	380	
210	410	410	330	230	130	0	120	220	310	360	
190	370	410	380	300	240	120	0	120	210	300	
160	290	370	370	340	310	220	120	0	100	190	
170	220	320	370	360	370	310	210	100	0	110	
170	110	230	310	340	380	360	300	190	110	0	
V4
0	280	308	280	252	294	294	266	224	238	238	
280	0	182	336	434	546	574	518	406	308	154	
308	182	0	182	336	490	574	574	518	448	322	
280	336	182	0	168	336	462	532	518	518	434	
252	434	336	168	0	168	322	420	476	504	476	
294	546	490	336	168	0	182	336	434	518	532	
294	574	574	462	322	182	0	168	308	434	504	
266	518	574	532	420	336	168	0	168	294	420	
224	406	518	518	476	434	308	168	0	140	266	
238	308	448	518	504	518	434	294	140	0	154	
238	154	322	434	476	532	504	420	266	154	0	
V5
0	348	382	348	313	365	365	330	278	295	295	
348	0	226	417	539	678	713	643	504	382	191	
382	226	0	226	417	609	713	713	643	556	400	
348	417	226	0	208	417	574	661	643	643	539	
313	539	417	208	0	208	400	522	591	626	591	
365	678	609	417	208	0	226	417	539	643	661	
365	713	713	574	400	226	0	208	382	539	626	
330	643	713	661	522	417	208	0	208	365	522	
278	504	643	643	591	539	382	208	0	174	330	
295	382	556	643	626	643	539	365	174	0	191	
295	191	400	539	591	661	626	522	330	191	0	
Velocidade_Veiculos
1	1	1	1	1	1	