M: 2
N: 10
Nun_Veiculos: 4
Capacidade_Total: 349
Demanda_Total: 214
Setup_Min: 1
Setup_Max: 99
Raio: 100
Circulos: 1
Tempo_Processamento_Min: 1
Tempo_Processamento_Max: 49
Demanda_Min: 10
Demanda_Max: 30
Priority_Factor: 0.2
Range_Factor_R: 0.8
U_factor: 2
ALpha: 0.2Replicao: 1
Tempos_Processamentos
0	0	1	0	
0	39	1	46	
0	6	1	33	
0	7	1	47	
0	42	1	23	
0	4	1	23	
0	12	1	24	
0	41	1	10	
0	12	1	41	
0	3	1	30	
0	40	1	33	

Tempos_setup
M0
0	0	0	0	0	0	0	0	0	0	0	
0	0	71	56	31	57	62	19	40	59	34	
0	12	0	25	5	7	36	31	9	11	3	
0	29	41	0	39	48	67	47	15	28	38	
0	14	46	25	0	32	31	33	9	48	3	
0	26	14	39	19	0	50	45	23	25	17	
0	31	37	37	17	23	0	50	21	48	15	
0	63	52	56	57	38	88	0	33	62	55	
0	45	57	72	56	47	76	32	0	44	54	
0	1	13	28	12	20	39	20	16	0	10	
0	16	48	22	2	34	33	35	6	45	0	
M1
0	0	0	0	0	0	0	0	0	0	0	
0	0	28	54	11	53	36	47	36	55	27	
0	14	0	36	14	36	8	42	45	27	10	
0	18	4	0	18	31	12	46	26	17	14	
0	43	47	43	0	42	37	60	46	56	16	
0	17	5	1	19	0	11	47	27	18	15	
0	6	33	34	14	33	0	47	42	19	28	
0	44	32	28	35	27	38	0	26	13	36	
0	50	38	34	9	33	44	61	0	28	25	
0	31	19	15	33	14	25	44	41	0	29	
0	27	31	27	4	26	21	64	35	40	0	
Tamanho_Tarefas
0	42	11	25	26	4	12	23	25	12	34	
Data_Entrega
0	263	255	298	272	293	283	260	286	254	230	
Penalidade_Atraso
0	8	4	20	20	5	2	7	3	5	2	
Capacidade_Veiculo
91	100	63	95	
Custo_Fixo_Veiculo
910	1000	630	950	
Coordenadas_Clientes
x	0	y	0
x	104	y	0
x	88	y	64
x	31	y	97
x	-37	y	116
x	-97	y	70
x	-121	y	0
x	-97	y	-70
x	-31	y	-97
x	30	y	-94
x	79	y	-57
Tempo_Viagem
0	104	108	101	121	119	121	119	101	98	97	
104	0	65	121	182	212	225	212	166	119	62	
108	65	0	65	135	185	218	227	200	168	121	
101	121	65	0	70	130	180	210	202	191	161	
121	182	135	70	0	75	143	195	213	219	208	
119	212	185	130	75	0	74	140	179	207	216	
121	225	218	180	143	74	0	74	132	177	207	
119	212	227	210	195	140	74	0	71	129	176	
101	166	200	202	213	179	132	71	0	61	117	
98	119	168	191	219	207	177	129	61	0	61	
97	62	121	161	208	216	207	176	117	61	0	
Custo_Viagem
V0
0	1892	1965	1838	2202	2165	2202	2165	1838	1783	1765	
1892	0	1183	2202	3312	3858	4095	3858	3021	2165	1128	
1965	1183	0	1183	2457	3367	3967	4149	3640	3057	2202	
1838	2202	1183	0	1274	2366	3276	3822	3694	3476	2930	
2202	3312	2457	1274	0	1365	2602	3549	3876	4004	3785	
2165	3858	3367	2366	1365	0	1346	2548	3257	3767	3949	
2202	4095	3967	3276	2602	1346	0	1346	2402	3221	3767	
2165	3858	4149	3822	3549	2548	1346	0	1292	2347	3203	
1838	3021	3640	3694	3876	3257	2402	1292	0	1110	2129	
1783	2165	3057	3476	4004	3767	3221	2347	1110	0	1110	
1765	1128	2202	2930	3785	3949	3767	3203	2129	1110	0	
V1
0	2080	2160	2020	2420	2380	2420	2380	2020	1960	1940	
2080	0	1300	2420	3640	4240	4500	4240	3320	2380	1240	
2160	1300	0	1300	2700	3700	4360	4560	4000	3360	2420	
2020	2420	1300	0	1400	2600	3600	4200	4060	3820	3220	
2420	3640	2700	1400	0	1500	2860	3900	4260	4400	4160	
2380	4240	3700	2600	1500	0	1480	2800	3580	4140	4340	
2420	4500	4360	3600	2860	1480	0	1480	2640	3540	4140	
2380	4240	4560	4200	3900	2800	1480	0	1420	2580	3520	
2020	3320	4000	4060	4260	3580	2640	1420	0	1220	2340	
1960	2380	3360	3820	4400	4140	3540	2580	1220	0	1220	
1940	1240	2420	3220	4160	4340	4140	3520	2340	1220	0	
V2
0	1310	1360	1272	1524	1499	1524	1499	1272	1234	1222	
1310	0	819	1524	2293	2671	2835	2671	2091	1499	781	
1360	819	0	819	1701	2331	2746	2872	2520	2116	1524	
1272	1524	819	0	882	1638	2268	2646	2557	2406	2028	
1524	2293	1701	882	0	945	1801	2457	2683	2772	2620	
1499	2671	2331	1638	945	0	932	1764	2255	2608	2734	
1524	2835	2746	2268	1801	932	0	932	1663	2230	2608	
1499	2671	2872	2646	2457	1764	932	0	894	1625	2217	
1272	2091	2520	2557	2683	2255	1663	894	0	768	1474	
1234	1499	2116	2406	2772	2608	2230	1625	768	0	768	
1222	781	1524	2028	2620	2734	2608	2217	1474	768	0	
V3
0	1976	2052	1919	2299	2261	2299	2261	1919	1862	1843	
1976	0	1235	2299	3458	4028	4275	4028	3154	2261	1178	
2052	1235	0	1235	2565	3515	4142	4332	3800	3192	2299	
1919	2299	1235	0	1330	2470	3420	3990	3857	3629	3059	
2299	3458	2565	1330	0	1425	2717	3705	4047	4180	3952	
2261	4028	3515	2470	1425	0	1406	2660	3401	3933	4123	
2299	4275	4142	3420	2717	1406	0	1406	2508	3363	3933	
2261	4028	4332	3990	3705	2660	1406	0	1349	2451	3344	
1919	3154	3800	3857	4047	3401	2508	1349	0	1159	2223	
1862	2261	3192	3629	4180	3933	3363	2451	1159	0	1159	
1843	1178	2299	3059	3952	4123	3933	3344	2223	1159	0	
Velocidade_Veiculos
1	1	1	1	