M: 2
N: 10
Nun_Veiculos: 3
Capacidade_Total: 364
Demanda_Total: 266
Setup_Min: 1
Setup_Max: 9
Raio: 20
Circulos: 1
Tempo_Processamento_Min: 1
Tempo_Processamento_Max: 49
Demanda_Min: 10
Demanda_Max: 30
Priority_Factor: 0.2
Range_Factor_R: 0.8
U_factor: 2
ALpha: 0.2Replicao: 2
Tempos_Processamentos
0	0	1	0	
0	40	1	20	
0	26	1	34	
0	20	1	13	
0	19	1	30	
0	10	1	10	
0	43	1	35	
0	46	1	44	
0	27	1	38	
0	47	1	49	
0	20	1	11	

Tempos_setup
M0
0	0	0	0	0	0	0	0	0	0	0	
0	0	4	1	1	4	3	2	4	3	3	
0	4	0	1	1	4	3	2	2	3	3	
0	3	3	0	4	4	6	5	5	5	4	
0	5	4	3	0	3	2	1	3	2	4	
0	2	4	3	2	0	2	3	1	2	2	
0	4	2	2	2	3	0	2	1	2	2	
0	4	6	5	4	2	4	0	3	1	3	
0	3	5	2	1	2	3	2	0	1	1	
0	3	5	4	3	1	3	4	2	0	2	
0	3	4	4	4	5	2	3	3	4	0	
M1
0	0	0	0	0	0	0	0	0	0	0	
0	0	4	3	1	1	3	2	1	4	3	
0	2	0	5	3	3	4	4	3	3	2	
0	2	1	0	1	1	3	2	1	2	1	
0	2	4	5	0	3	2	1	2	3	2	
0	1	4	3	2	0	2	3	2	5	4	
0	2	5	4	3	1	0	2	3	3	5	
0	1	5	4	2	2	4	0	1	2	4	
0	5	4	3	4	4	4	4	0	4	3	
0	6	4	4	5	5	4	5	1	0	4	
0	3	3	4	4	3	2	4	2	1	0	
Tamanho_Tarefas
0	25	30	15	19	10	36	44	28	48	11	
Data_Entrega
0	177	151	182	121	157	112	93	127	92	90	
Penalidade_Atraso
0	15	18	13	10	2	15	5	10	17	5	
Capacidade_Veiculo
93	128	143	
Custo_Fixo_Veiculo
930	1280	1430	
Coordenadas_Clientes
x	0	y	0
x	17	y	0
x	12	y	8
x	5	y	18
x	-5	y	18
x	-14	y	10
x	-16	y	0
x	-15	y	-11
x	-5	y	-15
x	6	y	-19
x	18	y	-13
Tempo_Viagem
0	17	14	18	18	17	16	18	15	19	22	
17	0	9	21	28	32	33	33	26	21	13	
14	9	0	12	19	26	29	32	28	27	21	
18	21	12	0	10	20	27	35	33	37	33	
18	28	19	10	0	12	21	30	33	37	38	
17	32	26	20	12	0	10	21	26	35	39	
16	33	29	27	21	10	0	11	18	29	36	
18	33	32	35	30	21	11	0	10	21	33	
15	26	28	33	33	26	18	10	0	11	23	
19	21	27	37	37	35	29	21	11	0	13	
22	13	21	33	38	39	36	33	23	13	0	
Custo_Viagem
V0
0	316	260	334	334	316	297	334	279	353	409	
316	0	167	390	520	595	613	613	483	390	241	
260	167	0	223	353	483	539	613	520	502	390	
334	390	223	0	186	372	502	651	632	688	613	
334	520	353	186	0	223	390	558	613	706	706	
316	595	483	372	223	0	186	390	483	651	725	
297	613	539	502	390	186	0	204	334	539	669	
334	613	613	651	558	390	204	0	186	409	613	
279	483	520	632	613	483	334	186	0	204	427	
353	390	502	688	706	651	539	409	204	0	241	
409	241	390	613	706	725	669	613	427	241	0	
V1
0	435	358	460	460	435	409	460	384	486	563	
435	0	230	537	716	819	844	844	665	537	332	
358	230	0	307	486	665	742	844	716	691	537	
460	537	307	0	256	512	691	896	870	947	844	
460	716	486	256	0	307	537	768	844	972	972	
435	819	665	512	307	0	256	537	665	896	998	
409	844	742	691	537	256	0	281	460	742	921	
460	844	844	896	768	537	281	0	256	563	844	
384	665	716	870	844	665	460	256	0	281	588	
486	537	691	947	972	896	742	563	281	0	332	
563	332	537	844	972	998	921	844	588	332	0	
V2
0	486	400	514	514	486	457	514	429	543	629	
486	0	257	600	800	915	943	943	743	600	371	
400	257	0	343	543	743	829	943	800	772	600	
514	600	343	0	286	572	772	1001	972	1058	943	
514	800	543	286	0	343	600	858	943	1086	1086	
486	915	743	572	343	0	286	600	743	1001	1115	
457	943	829	772	600	286	0	314	514	829	1029	
514	943	943	1001	858	600	314	0	286	629	943	
429	743	800	972	943	743	514	286	0	314	657	
543	600	772	1058	1086	1001	829	629	314	0	371	
629	371	600	943	1086	1115	1029	943	657	371	0	
Velocidade_Veiculos
1	1	1	