M: 2
N: 10
Nun_Veiculos: 4
Capacidade_Total: 266
Demanda_Total: 161
Setup_Min: 1
Setup_Max: 99
Raio: 20
Circulos: 1
Tempo_Processamento_Min: 1
Tempo_Processamento_Max: 49
Demanda_Min: 10
Demanda_Max: 30
Priority_Factor: 0.2
Range_Factor_R: 0.8
U_factor: 2
ALpha: 0.2Replicao: 0
Tempos_Processamentos
0	0	1	0	
0	24	1	37	
0	1	1	26	
0	28	1	8	
0	21	1	34	
0	15	1	11	
0	36	1	2	
0	1	1	32	
0	33	1	10	
0	15	1	20	
0	24	1	47	

Tempos_setup
M0
0	0	0	0	0	0	0	0	0	0	0	
0	0	24	33	27	28	27	36	9	27	17	
0	39	0	32	7	8	11	35	6	3	16	
0	52	42	0	20	21	24	48	27	24	37	
0	39	22	27	0	1	4	35	7	4	17	
0	38	39	26	18	0	3	34	24	21	33	
0	35	36	42	15	16	0	31	21	18	30	
0	4	28	18	31	32	31	0	13	31	21	
0	53	15	47	22	23	18	49	0	18	31	
0	36	18	29	4	5	8	32	3	0	13	
0	23	32	16	10	11	14	19	17	14	0	
M1
0	0	0	0	0	0	0	0	0	0	0	
0	0	9	44	19	25	20	23	14	26	57	
0	1	0	39	10	20	15	24	15	21	54	
0	46	45	0	55	49	44	52	38	24	23	
0	16	18	29	0	10	5	15	24	11	52	
0	9	8	27	18	0	3	5	17	9	42	
0	11	13	24	23	5	0	10	19	6	47	
0	4	3	42	13	23	18	0	12	21	37	
0	17	19	30	29	11	6	16	0	12	43	
0	22	21	50	31	31	26	32	36	0	56	
0	41	40	37	50	39	34	44	28	19	0	
Tamanho_Tarefas
0	26	1	14	22	13	12	8	21	16	28	
Data_Entrega
0	129	78	109	106	129	96	122	85	102	80	
Penalidade_Atraso
0	8	18	10	12	2	8	2	19	8	20	
Capacidade_Veiculo
82	32	76	76	
Custo_Fixo_Veiculo
820	320	760	760	
Coordenadas_Clientes
x	0	y	0
x	15	y	0
x	17	y	12
x	7	y	23
x	-6	y	20
x	-18	y	13
x	-24	y	0
x	-15	y	-11
x	-5	y	-17
x	5	y	-18
x	12	y	-8
Tempo_Viagem
0	15	20	24	20	22	24	18	17	18	14	
15	0	12	24	29	35	39	31	26	20	8	
20	12	0	14	24	35	42	38	36	32	20	
24	24	14	0	13	26	38	40	41	41	31	
20	29	24	13	0	13	26	32	37	38	33	
22	35	35	26	13	0	14	24	32	38	36	
24	39	42	38	26	14	0	14	25	34	36	
18	31	38	40	32	24	14	0	11	21	27	
17	26	36	41	37	32	25	11	0	10	19	
18	20	32	41	38	38	34	21	10	0	12	
14	8	20	31	33	36	36	27	19	12	0	
Custo_Viagem
V0
0	246	328	393	328	360	393	295	278	295	229	
246	0	196	393	475	574	639	508	426	328	131	
328	196	0	229	393	574	688	639	590	524	328	
393	393	229	0	213	426	623	656	672	672	508	
328	475	393	213	0	213	426	524	606	639	541	
360	574	574	426	213	0	229	393	524	623	590	
393	639	688	623	426	229	0	229	410	557	590	
295	508	639	656	524	393	229	0	180	344	442	
278	426	590	672	606	524	410	180	0	164	311	
295	328	524	672	639	623	557	344	164	0	196	
229	131	328	508	541	590	590	442	311	196	0	
V1
0	96	128	153	128	140	153	115	108	115	89	
96	0	76	153	185	224	249	198	166	128	51	
128	76	0	89	153	224	268	249	230	204	128	
153	153	89	0	83	166	243	256	262	262	198	
128	185	153	83	0	83	166	204	236	249	211	
140	224	224	166	83	0	89	153	204	243	230	
153	249	268	243	166	89	0	89	160	217	230	
115	198	249	256	204	153	89	0	70	134	172	
108	166	230	262	236	204	160	70	0	64	121	
115	128	204	262	249	243	217	134	64	0	76	
89	51	128	198	211	230	230	172	121	76	0	
V2
0	228	304	364	304	334	364	273	258	273	212	
228	0	182	364	440	532	592	471	395	304	121	
304	182	0	212	364	532	638	592	547	486	304	
364	364	212	0	197	395	577	608	623	623	471	
304	440	364	197	0	197	395	486	562	592	501	
334	532	532	395	197	0	212	364	486	577	547	
364	592	638	577	395	212	0	212	380	516	547	
273	471	592	608	486	364	212	0	167	319	410	
258	395	547	623	562	486	380	167	0	152	288	
273	304	486	623	592	577	516	319	152	0	182	
212	121	304	471	501	547	547	410	288	182	0	
V3
0	228	304	364	304	334	364	273	258	273	212	
228	0	182	364	440	532	592	471	395	304	121	
304	182	0	212	364	532	638	592	547	486	304	
364	364	212	0	197	395	577	608	623	623	471	
304	440	364	197	0	197	395	486	562	592	501	
334	532	532	395	197	0	212	364	486	577	547	
364	592	638	577	395	212	0	212	380	516	547	
273	471	592	608	486	364	212	0	167	319	410	
258	395	547	623	562	486	380	167	0	152	288	
273	304	486	623	592	577	516	319	152	0	182	
212	121	304	471	501	547	547	410	288	182	0	
Velocidade_Veiculos
1	1	1	1	