M: 2
N: 10
Nun_Veiculos: 6
Capacidade_Total: 555
Demanda_Total: 262
Setup_Min: 1
Setup_Max: 9
Raio: 20
Circulos: 1
Tempo_Processamento_Min: 1
Tempo_Processamento_Max: 49
Demanda_Min: 10
Demanda_Max: 30
Priority_Factor: 0.2
Range_Factor_R: 0.8
U_factor: 2
ALpha: 0.2Replicao: 3
Tempos_Processamentos
0	0	1	0	
0	31	1	23	
0	23	1	35	
0	20	1	18	
0	20	1	38	
0	26	1	34	
0	17	1	35	
0	35	1	43	
0	40	1	41	
0	38	1	41	
0	24	1	1	

Tempos_setup
M0
0	0	0	0	0	0	0	0	0	0	0	
0	0	4	4	3	4	5	5	7	2	3	
0	4	0	3	1	1	2	2	3	2	2	
0	4	3	0	4	4	4	5	6	4	2	
0	3	2	2	0	1	2	2	4	1	1	
0	3	2	3	1	0	3	3	3	2	2	
0	5	4	4	3	2	0	2	5	2	3	
0	5	3	3	2	3	2	0	3	1	2	
0	5	4	4	2	3	4	4	0	3	3	
0	4	2	2	1	2	3	3	5	0	1	
0	5	1	1	2	2	3	3	4	2	0	
M1
0	0	0	0	0	0	0	0	0	0	0	
0	0	3	2	3	4	2	4	4	5	1	
0	4	0	4	3	4	1	5	3	4	5	
0	3	6	0	3	4	5	4	7	5	4	
0	3	6	1	0	5	4	2	6	2	4	
0	3	2	1	4	0	3	5	5	2	2	
0	3	3	3	2	3	0	4	2	3	4	
0	2	5	4	4	4	4	0	5	1	2	
0	2	5	3	2	5	2	4	0	1	3	
0	1	4	3	4	5	3	5	5	0	2	
0	5	8	4	3	6	5	3	3	4	0	
Tamanho_Tarefas
0	24	27	19	21	29	17	37	40	39	9	
Data_Entrega
0	111	86	132	142	126	81	110	156	96	171	
Penalidade_Atraso
0	3	9	19	10	2	20	15	20	10	18	
Capacidade_Veiculo
119	103	74	73	117	69	
Custo_Fixo_Veiculo
1190	1030	740	730	1170	690	
Coordenadas_Clientes
x	0	y	0
x	23	y	0
x	16	y	12
x	5	y	18
x	-6	y	19
x	-16	y	11
x	-19	y	0
x	-16	y	-12
x	-7	y	-23
x	6	y	-21
x	15	y	-11
Tempo_Viagem
0	23	20	18	19	19	19	20	24	21	18	
23	0	13	25	34	40	42	40	37	26	13	
20	13	0	12	23	32	37	40	41	34	23	
18	25	12	0	11	22	30	36	42	39	30	
19	34	23	11	0	12	23	32	42	40	36	
19	40	32	22	12	0	11	23	35	38	37	
19	42	37	30	23	11	0	12	25	32	35	
20	40	40	36	32	23	12	0	14	23	31	
24	37	41	42	42	35	25	14	0	13	25	
21	26	34	39	40	38	32	23	13	0	13	
18	13	23	30	36	37	35	31	25	13	0	
Custo_Viagem
V0
0	547	476	428	452	452	452	476	571	499	428	
547	0	309	595	809	952	999	952	880	642	309	
476	309	0	285	547	761	880	952	975	809	547	
428	595	285	0	261	523	714	856	999	928	714	
452	809	547	261	0	285	547	761	999	975	856	
452	952	761	523	285	0	261	547	833	904	904	
452	999	880	714	547	261	0	285	595	761	833	
476	952	952	856	761	547	285	0	333	547	737	
571	880	975	999	999	833	595	333	0	309	595	
499	642	809	928	975	904	761	547	309	0	309	
428	309	547	714	856	904	833	737	595	309	0	
V1
0	473	412	370	391	391	391	412	494	432	370	
473	0	267	515	700	824	865	824	762	556	267	
412	267	0	247	473	659	762	824	844	700	473	
370	515	247	0	226	453	618	741	865	803	618	
391	700	473	226	0	247	473	659	865	844	741	
391	824	659	453	247	0	226	473	721	782	782	
391	865	762	618	473	226	0	247	515	659	721	
412	824	824	741	659	473	247	0	288	473	638	
494	762	844	865	865	721	515	288	0	267	515	
432	556	700	803	844	782	659	473	267	0	267	
370	267	473	618	741	782	721	638	515	267	0	
V2
0	340	296	266	281	281	281	296	355	310	266	
340	0	192	370	503	592	621	592	547	399	192	
296	192	0	177	340	473	547	592	606	503	340	
266	370	177	0	162	325	444	532	621	577	444	
281	503	340	162	0	177	340	473	621	606	532	
281	592	473	325	177	0	162	340	518	562	562	
281	621	547	444	340	162	0	177	370	473	518	
296	592	592	532	473	340	177	0	207	340	458	
355	547	606	621	621	518	370	207	0	192	370	
310	399	503	577	606	562	473	340	192	0	192	
266	192	340	444	532	562	518	458	370	192	0	
V3
0	335	292	262	277	277	277	292	350	306	262	
335	0	189	365	496	584	613	584	540	394	189	
292	189	0	175	335	467	540	584	598	496	335	
262	365	175	0	160	321	438	525	613	569	438	
277	496	335	160	0	175	335	467	613	598	525	
277	584	467	321	175	0	160	335	511	554	554	
277	613	540	438	335	160	0	175	365	467	511	
292	584	584	525	467	335	175	0	204	335	452	
350	540	598	613	613	511	365	204	0	189	365	
306	394	496	569	598	554	467	335	189	0	189	
262	189	335	438	525	554	511	452	365	189	0	
V4
0	538	468	421	444	444	444	468	561	491	421	
538	0	304	585	795	936	982	936	865	631	304	
468	304	0	280	538	748	865	936	959	795	538	
421	585	280	0	257	514	702	842	982	912	702	
444	795	538	257	0	280	538	748	982	959	842	
444	936	748	514	280	0	257	538	819	889	889	
444	982	865	702	538	257	0	280	585	748	819	
468	936	936	842	748	538	280	0	327	538	725	
561	865	959	982	982	819	585	327	0	304	585	
491	631	795	912	959	889	748	538	304	0	304	
421	304	538	702	842	889	819	725	585	304	0	
V5
0	317	276	248	262	262	262	276	331	289	248	
317	0	179	345	469	552	579	552	510	372	179	
276	179	0	165	317	441	510	552	565	469	317	
248	345	165	0	151	303	414	496	579	538	414	
262	469	317	151	0	165	317	441	579	565	496	
262	552	441	303	165	0	151	317	483	524	524	
262	579	510	414	317	151	0	165	345	441	483	
276	552	552	496	441	317	165	0	193	317	427	
331	510	565	579	579	483	345	193	0	179	345	
289	372	469	538	565	524	441	317	179	0	179	
248	179	317	414	496	524	483	427	345	179	0	
Velocidade_Veiculos
1	1	1	1	1	1	