M: 2
N: 10
Nun_Veiculos: 3
Capacidade_Total: 310
Demanda_Total: 185
Setup_Min: 1
Setup_Max: 9
Raio: 100
Circulos: 1
Tempo_Processamento_Min: 1
Tempo_Processamento_Max: 49
Demanda_Min: 10
Demanda_Max: 30
Priority_Factor: 0.2
Range_Factor_R: 0.8
U_factor: 2
ALpha: 0.2Replicao: 3
Tempos_Processamentos
0	0	1	0	
0	47	1	48	
0	19	1	31	
0	10	1	26	
0	19	1	13	
0	21	1	14	
0	24	1	7	
0	11	1	12	
0	11	1	38	
0	12	1	12	
0	12	1	34	

Tempos_setup
M0
0	0	0	0	0	0	0	0	0	0	0	
0	0	4	1	3	5	1	5	4	3	2	
0	3	0	1	3	3	4	5	5	5	2	
0	4	3	0	2	6	4	4	4	4	1	
0	6	5	4	0	8	2	5	2	4	4	
0	5	2	3	5	0	6	7	6	7	4	
0	5	4	2	4	7	0	5	3	2	2	
0	5	5	5	4	6	5	0	1	6	3	
0	4	4	4	3	6	4	5	0	6	2	
0	7	5	3	5	6	3	6	6	0	4	
0	3	2	2	3	5	4	3	4	6	0	
M1
0	0	0	0	0	0	0	0	0	0	0	
0	0	4	4	5	2	4	5	4	3	3	
0	2	0	2	3	4	6	1	4	3	3	
0	4	2	0	1	3	5	3	4	2	3	
0	3	1	3	0	2	4	2	5	1	4	
0	4	3	4	3	0	2	4	4	3	3	
0	4	2	2	1	3	0	3	2	1	5	
0	1	3	1	2	3	5	0	3	2	2	
0	5	4	2	3	2	2	4	0	2	5	
0	6	4	2	3	3	3	5	5	0	5	
0	5	3	1	2	3	3	4	1	3	0	
Tamanho_Tarefas
0	47	25	12	16	16	10	11	21	12	15	
Data_Entrega
0	237	209	226	195	228	223	221	203	212	216	
Penalidade_Atraso
0	7	8	1	16	3	10	12	10	15	20	
Capacidade_Veiculo
113	116	81	
Custo_Fixo_Veiculo
1130	1160	810	
Coordenadas_Clientes
x	0	y	0
x	114	y	0
x	84	y	61
x	33	y	104
x	-24	y	75
x	-88	y	64
x	-111	y	0
x	-75	y	-54
x	-32	y	-98
x	25	y	-77
x	67	y	-49
Tempo_Viagem
0	114	103	109	78	108	111	92	103	80	83	
114	0	67	131	157	211	225	196	175	117	67	
103	67	0	66	108	172	204	195	196	150	111	
109	131	66	0	63	127	177	191	212	181	156	
78	157	108	63	0	64	114	138	173	158	153	
108	211	172	127	64	0	68	118	171	180	191	
111	225	204	177	114	68	0	64	125	156	184	
92	196	195	191	138	118	64	0	61	102	142	
103	175	196	212	173	171	125	61	0	60	110	
80	117	150	181	158	180	156	102	60	0	50	
83	67	111	156	153	191	184	142	110	50	0	
Custo_Viagem
V0
0	2576	2327	2463	1762	2440	2508	2079	2327	1808	1875	
2576	0	1514	2960	3548	4768	5085	4429	3955	2644	1514	
2327	1514	0	1491	2440	3887	4610	4429	4429	3390	2508	
2463	2960	1491	0	1423	2870	4000	4316	4791	4090	3525	
1762	3548	2440	1423	0	1446	2576	3118	3909	3593	3457	
2440	4768	3887	2870	1446	0	1536	2666	3864	4068	4316	
2508	5085	4610	4000	2576	1536	0	1446	2825	3525	4158	
2079	4429	4429	4316	3118	2666	1446	0	1378	2305	3209	
2327	3955	4429	4791	3909	3864	2825	1378	0	1356	2486	
1808	2644	3390	4090	3593	4068	3525	2305	1356	0	1130	
1875	1514	2508	3525	3457	4316	4158	3209	2486	1130	0	
V1
0	2644	2389	2528	1809	2505	2575	2134	2389	1856	1925	
2644	0	1554	3039	3642	4895	5220	4547	4060	2714	1554	
2389	1554	0	1531	2505	3990	4732	4547	4547	3480	2575	
2528	3039	1531	0	1461	2946	4106	4431	4918	4199	3619	
1809	3642	2505	1461	0	1484	2644	3201	4013	3688	3549	
2505	4895	3990	2946	1484	0	1577	2737	3967	4176	4431	
2575	5220	4732	4106	2644	1577	0	1484	2900	3619	4268	
2134	4547	4547	4431	3201	2737	1484	0	1415	2366	3294	
2389	4060	4547	4918	4013	3967	2900	1415	0	1392	2552	
1856	2714	3480	4199	3688	4176	3619	2366	1392	0	1160	
1925	1554	2575	3619	3549	4431	4268	3294	2552	1160	0	
V2
0	1846	1668	1765	1263	1749	1798	1490	1668	1296	1344	
1846	0	1085	2122	2543	3418	3645	3175	2835	1895	1085	
1668	1085	0	1069	1749	2786	3304	3175	3175	2430	1798	
1765	2122	1069	0	1020	2057	2867	3094	3434	2932	2527	
1263	2543	1749	1020	0	1036	1846	2235	2802	2575	2478	
1749	3418	2786	2057	1036	0	1101	1911	2770	2916	3094	
1798	3645	3304	2867	1846	1101	0	1036	2025	2527	2980	
1490	3175	3175	3094	2235	1911	1036	0	988	1652	2300	
1668	2835	3175	3434	2802	2770	2025	988	0	972	1782	
1296	1895	2430	2932	2575	2916	2527	1652	972	0	810	
1344	1085	1798	2527	2478	3094	2980	2300	1782	810	0	
Velocidade_Veiculos
1	1	1	