M: 2
N: 10
Nun_Veiculos: 5
Capacidade_Total: 424
Demanda_Total: 217
Setup_Min: 1
Setup_Max: 99
Raio: 20
Circulos: 1
Tempo_Processamento_Min: 1
Tempo_Processamento_Max: 49
Demanda_Min: 10
Demanda_Max: 30
Priority_Factor: 0.2
Range_Factor_R: 0.8
U_factor: 2
ALpha: 0.2Replicao: 4
Tempos_Processamentos
0	0	1	0	
0	42	1	41	
0	2	1	6	
0	5	1	11	
0	12	1	20	
0	10	1	30	
0	37	1	14	
0	13	1	18	
0	38	1	33	
0	42	1	7	
0	44	1	46	

Tempos_setup
M0
0	0	0	0	0	0	0	0	0	0	0	
0	0	57	31	19	30	29	12	41	6	40	
0	9	0	31	28	17	29	20	50	15	7	
0	43	34	0	62	22	43	22	30	21	41	
0	35	49	15	0	11	13	14	22	25	33	
0	44	59	26	50	0	24	3	55	40	42	
0	42	36	2	47	24	0	24	32	23	43	
0	41	57	23	47	45	21	0	52	37	39	
0	13	36	12	32	21	33	24	0	19	11	
0	49	59	25	55	47	23	8	55	0	47	
0	2	25	24	21	10	22	13	43	8	0	
M1
0	0	0	0	0	0	0	0	0	0	0	
0	0	32	10	35	25	17	6	28	23	19	
0	25	0	35	48	50	37	20	42	48	44	
0	30	22	0	25	15	7	25	47	13	9	
0	38	37	33	0	48	40	33	55	2	5	
0	15	43	25	50	0	27	10	32	38	34	
0	38	61	39	44	23	0	33	55	39	42	
0	5	33	15	40	30	17	0	22	28	24	
0	10	29	20	45	35	27	16	0	15	9	
0	36	50	46	71	61	39	31	53	0	3	
0	42	56	52	76	60	45	37	59	6	0	
Tamanho_Tarefas
0	41	4	5	15	17	21	14	34	22	44	
Data_Entrega
0	104	100	83	178	177	112	91	108	104	146	
Penalidade_Atraso
0	9	10	10	15	4	20	20	7	12	4	
Capacidade_Veiculo
52	73	88	92	119	
Custo_Fixo_Veiculo
520	730	880	920	1190	
Coordenadas_Clientes
x	0	y	0
x	19	y	0
x	16	y	12
x	4	y	15
x	-7	y	22
x	-19	y	14
x	-16	y	0
x	-13	y	-9
x	-7	y	-21
x	6	y	-19
x	17	y	-12
Tempo_Viagem
0	19	20	15	23	23	16	15	22	19	20	
19	0	12	21	34	40	35	33	33	23	12	
20	12	0	12	25	35	34	35	40	32	24	
15	21	12	0	13	23	25	29	37	34	29	
23	34	25	13	0	14	23	31	43	42	41	
23	40	35	23	14	0	14	23	36	41	43	
16	35	34	25	23	14	0	9	22	29	35	
15	33	35	29	31	23	9	0	13	21	30	
22	33	40	37	43	36	22	13	0	13	25	
19	23	32	34	42	41	29	21	13	0	13	
20	12	24	29	41	43	35	30	25	13	0	
Custo_Viagem
V0
0	197	208	156	239	239	166	156	228	197	208	
197	0	124	218	353	416	364	343	343	239	124	
208	124	0	124	260	364	353	364	416	332	249	
156	218	124	0	135	239	260	301	384	353	301	
239	353	260	135	0	145	239	322	447	447	426	
239	416	364	239	145	0	145	239	384	426	457	
166	364	353	260	239	145	0	93	228	301	364	
156	343	364	301	322	239	93	0	135	218	312	
228	343	416	384	447	384	228	135	0	135	260	
197	239	332	353	447	426	301	218	135	0	135	
208	124	249	301	426	457	364	312	260	135	0	
V1
0	277	292	219	335	335	233	219	321	277	292	
277	0	175	306	496	584	511	481	481	335	175	
292	175	0	175	365	511	496	511	584	467	350	
219	306	175	0	189	335	365	423	540	496	423	
335	496	365	189	0	204	335	452	627	627	598	
335	584	511	335	204	0	204	335	540	598	642	
233	511	496	365	335	204	0	131	321	423	511	
219	481	511	423	452	335	131	0	189	306	438	
321	481	584	540	627	540	321	189	0	189	365	
277	335	467	496	627	598	423	306	189	0	189	
292	175	350	423	598	642	511	438	365	189	0	
V2
0	334	352	264	404	404	281	264	387	334	352	
334	0	211	369	598	704	616	580	580	404	211	
352	211	0	211	440	616	598	616	704	563	422	
264	369	211	0	228	404	440	510	651	598	510	
404	598	440	228	0	246	404	545	756	756	721	
404	704	616	404	246	0	246	404	651	721	774	
281	616	598	440	404	246	0	158	387	510	616	
264	580	616	510	545	404	158	0	228	369	528	
387	580	704	651	756	651	387	228	0	228	440	
334	404	563	598	756	721	510	369	228	0	228	
352	211	422	510	721	774	616	528	440	228	0	
V3
0	349	368	276	423	423	294	276	404	349	368	
349	0	220	386	625	736	644	607	607	423	220	
368	220	0	220	460	644	625	644	736	588	441	
276	386	220	0	239	423	460	533	680	625	533	
423	625	460	239	0	257	423	570	791	791	754	
423	736	644	423	257	0	257	423	680	754	809	
294	644	625	460	423	257	0	165	404	533	644	
276	607	644	533	570	423	165	0	239	386	552	
404	607	736	680	791	680	404	239	0	239	460	
349	423	588	625	791	754	533	386	239	0	239	
368	220	441	533	754	809	644	552	460	239	0	
V4
0	452	476	357	547	547	380	357	523	452	476	
452	0	285	499	809	952	833	785	785	547	285	
476	285	0	285	595	833	809	833	952	761	571	
357	499	285	0	309	547	595	690	880	809	690	
547	809	595	309	0	333	547	737	1023	1023	975	
547	952	833	547	333	0	333	547	880	975	1047	
380	833	809	595	547	333	0	214	523	690	833	
357	785	833	690	737	547	214	0	309	499	714	
523	785	952	880	1023	880	523	309	0	309	595	
452	547	761	809	1023	975	690	499	309	0	309	
476	285	571	690	975	1047	833	714	595	309	0	
Velocidade_Veiculos
1	1	1	1	1	