M: 2
N: 10
Nun_Veiculos: 6
Capacidade_Total: 457
Demanda_Total: 261
Setup_Min: 1
Setup_Max: 99
Raio: 100
Circulos: 1
Tempo_Processamento_Min: 1
Tempo_Processamento_Max: 49
Demanda_Min: 10
Demanda_Max: 30
Priority_Factor: 0.2
Range_Factor_R: 0.8
U_factor: 2
ALpha: 0.2Replicao: 4
Tempos_Processamentos
0	0	1	0	
0	43	1	36	
0	12	1	32	
0	43	1	40	
0	13	1	43	
0	44	1	20	
0	24	1	35	
0	6	1	38	
0	49	1	18	
0	37	1	16	
0	35	1	16	

Tempos_setup
M0
0	0	0	0	0	0	0	0	0	0	0	
0	0	10	8	34	30	5	60	28	35	31	
0	54	0	34	34	30	5	60	28	40	43	
0	20	30	0	28	37	25	67	34	42	51	
0	33	15	25	0	9	17	39	40	14	40	
0	67	14	48	38	0	9	30	32	19	31	
0	58	5	39	29	25	0	55	23	35	39	
0	62	9	43	33	29	4	0	27	39	43	
0	35	10	43	21	23	15	53	0	21	51	
0	50	45	47	53	31	40	61	63	0	62	
0	63	18	49	42	4	13	31	36	23	0	
M1
0	0	0	0	0	0	0	0	0	0	0	
0	0	31	43	48	19	58	19	39	52	10	
0	40	0	38	43	10	46	16	36	47	7	
0	23	41	0	5	19	15	29	14	9	33	
0	39	41	18	0	14	22	29	14	25	47	
0	52	45	57	62	0	72	33	53	66	52	
0	17	35	11	16	30	0	23	8	3	27	
0	42	12	24	29	22	39	0	20	33	19	
0	27	27	4	9	23	19	15	0	13	34	
0	14	32	8	13	27	6	20	5	0	24	
0	51	21	33	38	31	48	9	29	42	0	
Tamanho_Tarefas
0	38	18	40	21	26	29	15	28	21	25	
Data_Entrega
0	301	246	242	286	282	274	298	263	230	228	
Penalidade_Atraso
0	2	13	20	19	15	8	3	3	8	17	
Capacidade_Veiculo
68	102	68	56	79	84	
Custo_Fixo_Veiculo
680	1020	680	560	790	840	
Coordenadas_Clientes
x	0	y	0
x	93	y	0
x	80	y	58
x	34	y	106
x	-25	y	78
x	-71	y	51
x	-124	y	0
x	-74	y	-54
x	-33	y	-101
x	30	y	-94
x	84	y	-61
Tempo_Viagem
0	93	98	111	81	87	124	91	106	98	103	
93	0	59	121	141	171	217	175	161	113	61	
98	59	0	66	106	151	212	189	195	160	119	
111	121	66	0	65	118	190	193	217	200	174	
81	141	106	65	0	53	126	140	179	179	176	
87	171	151	118	53	0	73	105	156	176	190	
124	217	212	190	126	73	0	73	135	180	216	
91	175	189	193	140	105	73	0	62	111	158	
106	161	195	217	179	156	135	62	0	63	123	
98	113	160	200	179	176	180	111	63	0	63	
103	61	119	174	176	190	216	158	123	63	0	
Custo_Viagem
V0
0	1264	1332	1509	1101	1183	1686	1237	1441	1332	1400	
1264	0	802	1645	1917	2325	2951	2380	2189	1536	829	
1332	802	0	897	1441	2053	2883	2584	2652	2176	1618	
1509	1645	897	0	884	1604	2584	2624	2951	2720	2366	
1101	1917	1441	884	0	720	1713	1904	2434	2448	2393	
1183	2325	2053	1604	720	0	992	1428	2121	2393	2597	
1686	2951	2883	2584	1713	992	0	992	1836	2448	2937	
1237	2380	2584	2624	1904	1428	992	0	843	1509	2148	
1441	2189	2652	2951	2434	2121	1836	843	0	856	1672	
1332	1536	2176	2720	2448	2393	2448	1509	856	0	856	
1400	829	1618	2366	2393	2597	2937	2148	1672	856	0	
V1
0	1897	1999	2264	1652	1774	2529	1856	2162	1999	2101	
1897	0	1203	2468	2876	3488	4426	3570	3284	2305	1244	
1999	1203	0	1346	2162	3080	4324	3876	3978	3264	2427	
2264	2468	1346	0	1326	2407	3876	3937	4426	4080	3549	
1652	2876	2162	1326	0	1081	2570	2856	3651	3672	3590	
1774	3488	3080	2407	1081	0	1489	2142	3182	3590	3896	
2529	4426	4324	3876	2570	1489	0	1489	2754	3672	4406	
1856	3570	3876	3937	2856	2142	1489	0	1264	2264	3223	
2162	3284	3978	4426	3651	3182	2754	1264	0	1285	2509	
1999	2305	3264	4080	3672	3590	3672	2264	1285	0	1285	
2101	1244	2427	3549	3590	3896	4406	3223	2509	1285	0	
V2
0	1264	1332	1509	1101	1183	1686	1237	1441	1332	1400	
1264	0	802	1645	1917	2325	2951	2380	2189	1536	829	
1332	802	0	897	1441	2053	2883	2584	2652	2176	1618	
1509	1645	897	0	884	1604	2584	2624	2951	2720	2366	
1101	1917	1441	884	0	720	1713	1904	2434	2448	2393	
1183	2325	2053	1604	720	0	992	1428	2121	2393	2597	
1686	2951	2883	2584	1713	992	0	992	1836	2448	2937	
1237	2380	2584	2624	1904	1428	992	0	843	1509	2148	
1441	2189	2652	2951	2434	2121	1836	843	0	856	1672	
1332	1536	2176	2720	2448	2393	2448	1509	856	0	856	
1400	829	1618	2366	2393	2597	2937	2148	1672	856	0	
V3
0	1041	1097	1243	907	974	1388	1019	1187	1097	1153	
1041	0	660	1355	1579	1915	2430	1960	1803	1265	683	
1097	660	0	739	1187	1691	2374	2128	2184	1792	1332	
1243	1355	739	0	728	1321	2128	2161	2430	2240	1948	
907	1579	1187	728	0	593	1411	1568	2004	2016	1971	
974	1915	1691	1321	593	0	817	1176	1747	1971	2139	
1388	2430	2374	2128	1411	817	0	817	1512	2016	2419	
1019	1960	2128	2161	1568	1176	817	0	694	1243	1769	
1187	1803	2184	2430	2004	1747	1512	694	0	705	1377	
1097	1265	1792	2240	2016	1971	2016	1243	705	0	705	
1153	683	1332	1948	1971	2139	2419	1769	1377	705	0	
V4
0	1469	1548	1753	1279	1374	1959	1437	1674	1548	1627	
1469	0	932	1911	2227	2701	3428	2765	2543	1785	963	
1548	932	0	1042	1674	2385	3349	3002	3081	2528	1880	
1753	1911	1042	0	1027	1864	3002	3049	3428	3160	2749	
1279	2227	1674	1027	0	837	1990	2212	2828	2844	2780	
1374	2701	2385	1864	837	0	1153	1659	2464	2780	3017	
1959	3428	3349	3002	1990	1153	0	1153	2133	2844	3412	
1437	2765	3002	3049	2212	1659	1153	0	979	1753	2496	
1674	2543	3081	3428	2828	2464	2133	979	0	995	1943	
1548	1785	2528	3160	2844	2780	2844	1753	995	0	995	
1627	963	1880	2749	2780	3017	3412	2496	1943	995	0	
V5
0	1562	1646	1864	1360	1461	2083	1528	1780	1646	1730	
1562	0	991	2032	2368	2872	3645	2940	2704	1898	1024	
1646	991	0	1108	1780	2536	3561	3192	3276	2688	1999	
1864	2032	1108	0	1092	1982	3192	3242	3645	3360	2923	
1360	2368	1780	1092	0	890	2116	2352	3007	3024	2956	
1461	2872	2536	1982	890	0	1226	1764	2620	2956	3208	
2083	3645	3561	3192	2116	1226	0	1226	2268	3024	3628	
1528	2940	3192	3242	2352	1764	1226	0	1041	1864	2654	
1780	2704	3276	3645	3007	2620	2268	1041	0	1058	2066	
1646	1898	2688	3360	3024	2956	3024	1864	1058	0	1058	
1730	1024	1999	2923	2956	3208	3628	2654	2066	1058	0	
Velocidade_Veiculos
1	1	1	1	1	1	