M: 2
N: 10
Nun_Veiculos: 5
Capacidade_Total: 374
Demanda_Total: 189
Setup_Min: 1
Setup_Max: 99
Raio: 20
Circulos: 1
Tempo_Processamento_Min: 1
Tempo_Processamento_Max: 49
Demanda_Min: 10
Demanda_Max: 30
Priority_Factor: 0.2
Range_Factor_R: 0.8
U_factor: 2
ALpha: 0.2Replicao: 0
Tempos_Processamentos
0	0	1	0	
0	39	1	32	
0	13	1	3	
0	18	1	38	
0	14	1	7	
0	17	1	40	
0	23	1	12	
0	42	1	18	
0	21	1	31	
0	37	1	6	
0	8	1	4	

Tempos_setup
M0
0	0	0	0	0	0	0	0	0	0	0	
0	0	50	47	41	29	41	43	27	29	34	
0	41	0	28	29	10	26	4	34	24	47	
0	37	42	0	16	22	13	20	19	16	51	
0	30	28	7	0	19	18	24	5	21	56	
0	55	29	18	33	0	30	33	37	18	53	
0	33	31	10	3	9	0	27	8	3	38	
0	65	55	42	35	26	32	0	40	20	55	
0	25	23	41	34	33	31	19	0	34	59	
0	45	35	22	15	6	12	39	20	0	35	
0	68	58	45	38	29	35	62	43	23	0	
M1
0	0	0	0	0	0	0	0	0	0	0	
0	0	12	14	21	30	4	27	18	32	1	
0	19	0	26	9	28	23	23	19	20	20	
0	30	42	0	51	28	34	29	48	62	31	
0	27	24	17	0	42	16	40	10	11	17	
0	2	14	16	23	0	6	1	20	34	3	
0	27	8	31	17	26	0	27	27	28	18	
0	7	19	21	27	5	11	0	25	38	8	
0	17	14	20	23	32	6	33	0	34	7	
0	36	37	6	46	34	40	35	48	0	37	
0	10	11	13	20	29	3	26	17	31	0	
Tamanho_Tarefas
0	34	8	25	7	20	13	30	26	21	5	
Data_Entrega
0	126	89	77	108	127	100	113	83	95	76	
Penalidade_Atraso
0	19	2	14	7	5	5	2	2	14	13	
Capacidade_Veiculo
97	83	39	81	74	
Custo_Fixo_Veiculo
970	830	390	810	740	
Coordenadas_Clientes
x	0	y	0
x	17	y	0
x	16	y	12
x	4	y	14
x	-6	y	21
x	-16	y	12
x	-21	y	0
x	-20	y	-14
x	-7	y	-23
x	7	y	-21
x	17	y	-12
Tempo_Viagem
0	17	20	14	21	20	21	24	24	22	20	
17	0	12	19	31	35	38	39	33	23	12	
20	12	0	12	23	32	38	44	41	34	24	
14	19	12	0	12	20	28	36	38	35	29	
21	31	23	12	0	13	25	37	44	43	40	
20	35	32	20	13	0	13	26	36	40	40	
21	38	38	28	25	13	0	14	26	35	39	
24	39	44	36	37	26	14	0	15	27	37	
24	33	41	38	44	36	26	15	0	14	26	
22	23	34	35	43	40	35	27	14	0	13	
20	12	24	29	40	40	39	37	26	13	0	
Custo_Viagem
V0
0	329	388	271	407	388	407	465	465	426	388	
329	0	232	368	601	679	737	756	640	446	232	
388	232	0	232	446	620	737	853	795	659	465	
271	368	232	0	232	388	543	698	737	679	562	
407	601	446	232	0	252	485	717	853	834	776	
388	679	620	388	252	0	252	504	698	776	776	
407	737	737	543	485	252	0	271	504	679	756	
465	756	853	698	717	504	271	0	291	523	717	
465	640	795	737	853	698	504	291	0	271	504	
426	446	659	679	834	776	679	523	271	0	252	
388	232	465	562	776	776	756	717	504	252	0	
V1
0	282	332	232	348	332	348	398	398	365	332	
282	0	199	315	514	581	630	647	547	381	199	
332	199	0	199	381	531	630	730	680	564	398	
232	315	199	0	199	332	464	597	630	581	481	
348	514	381	199	0	215	415	614	730	713	664	
332	581	531	332	215	0	215	431	597	664	664	
348	630	630	464	415	215	0	232	431	581	647	
398	647	730	597	614	431	232	0	249	448	614	
398	547	680	630	730	597	431	249	0	232	431	
365	381	564	581	713	664	581	448	232	0	215	
332	199	398	481	664	664	647	614	431	215	0	
V2
0	132	156	109	163	156	163	187	187	171	156	
132	0	93	148	241	273	296	304	257	179	93	
156	93	0	93	179	249	296	343	319	265	187	
109	148	93	0	93	156	218	280	296	273	226	
163	241	179	93	0	101	195	288	343	335	312	
156	273	249	156	101	0	101	202	280	312	312	
163	296	296	218	195	101	0	109	202	273	304	
187	304	343	280	288	202	109	0	117	210	288	
187	257	319	296	343	280	202	117	0	109	202	
171	179	265	273	335	312	273	210	109	0	101	
156	93	187	226	312	312	304	288	202	101	0	
V3
0	275	324	226	340	324	340	388	388	356	324	
275	0	194	307	502	567	615	631	534	372	194	
324	194	0	194	372	518	615	712	664	550	388	
226	307	194	0	194	324	453	583	615	567	469	
340	502	372	194	0	210	405	599	712	696	648	
324	567	518	324	210	0	210	421	583	648	648	
340	615	615	453	405	210	0	226	421	567	631	
388	631	712	583	599	421	226	0	243	437	599	
388	534	664	615	712	583	421	243	0	226	421	
356	372	550	567	696	648	567	437	226	0	210	
324	194	388	469	648	648	631	599	421	210	0	
V4
0	251	296	207	310	296	310	355	355	325	296	
251	0	177	281	458	518	562	577	488	340	177	
296	177	0	177	340	473	562	651	606	503	355	
207	281	177	0	177	296	414	532	562	518	429	
310	458	340	177	0	192	370	547	651	636	592	
296	518	473	296	192	0	192	384	532	592	592	
310	562	562	414	370	192	0	207	384	518	577	
355	577	651	532	547	384	207	0	222	399	547	
355	488	606	562	651	532	384	222	0	207	384	
325	340	503	518	636	592	518	399	207	0	192	
296	177	355	429	592	592	577	547	384	192	0	
Velocidade_Veiculos
1	1	1	1	1	