M: 2
N: 10
Nun_Veiculos: 3
Capacidade_Total: 271
Demanda_Total: 200
Setup_Min: 1
Setup_Max: 99
Raio: 20
Circulos: 1
Tempo_Processamento_Min: 1
Tempo_Processamento_Max: 49
Demanda_Min: 10
Demanda_Max: 30
Priority_Factor: 0.2
Range_Factor_R: 0.8
U_factor: 2
ALpha: 0.2Replicao: 1
Tempos_Processamentos
0	0	1	0	
0	29	1	33	
0	45	1	26	
0	10	1	9	
0	37	1	23	
0	6	1	25	
0	40	1	27	
0	27	1	1	
0	14	1	37	
0	11	1	25	
0	47	1	4	

Tempos_setup
M0
0	0	0	0	0	0	0	0	0	0	0	
0	0	23	25	37	15	30	9	25	11	21	
0	20	0	25	44	35	37	29	43	3	28	
0	6	5	0	19	12	12	4	18	8	3	
0	16	2	10	0	14	22	14	9	5	13	
0	16	15	10	26	0	19	14	10	18	13	
0	23	9	17	7	21	0	21	16	12	20	
0	2	21	16	34	8	27	0	18	13	19	
0	7	8	15	21	5	14	5	0	11	6	
0	28	27	22	41	33	34	26	40	0	25	
0	4	2	18	16	10	9	2	20	5	0	
M1
0	0	0	0	0	0	0	0	0	0	0	
0	0	27	11	8	1	15	46	45	12	23	
0	16	0	9	24	17	31	62	53	28	6	
0	36	50	0	29	37	25	56	44	45	20	
0	17	21	23	0	18	7	38	37	16	20	
0	24	28	10	7	0	14	45	44	23	22	
0	11	25	16	4	12	0	31	30	20	13	
0	14	38	17	17	15	24	0	53	13	14	
0	39	53	3	32	40	28	59	0	48	23	
0	1	28	12	9	2	16	43	40	0	24	
0	33	53	3	32	26	28	59	47	32	0	
Tamanho_Tarefas
0	29	34	9	27	8	27	14	18	13	21	
Data_Entrega
0	70	70	132	100	87	80	134	120	101	99	
Penalidade_Atraso
0	4	2	7	5	8	18	9	17	4	20	
Capacidade_Veiculo
97	75	99	
Custo_Fixo_Veiculo
970	750	990	
Coordenadas_Clientes
x	0	y	0
x	21	y	0
x	17	y	12
x	7	y	23
x	-6	y	18
x	-12	y	9
x	-21	y	0
x	-18	y	-13
x	-6	y	-20
x	6	y	-21
x	15	y	-11
Tempo_Viagem
0	21	20	24	18	15	21	22	20	21	18	
21	0	12	26	32	34	42	41	33	25	12	
20	12	0	14	23	29	39	42	39	34	23	
24	26	14	0	13	23	35	43	44	44	34	
18	32	23	13	0	10	22	32	38	39	35	
15	34	29	23	10	0	12	22	29	34	33	
21	42	39	35	22	12	0	13	25	34	37	
22	41	42	43	32	22	13	0	13	25	33	
20	33	39	44	38	29	25	13	0	12	22	
21	25	34	44	39	34	34	25	12	0	13	
18	12	23	34	35	33	37	33	22	13	0	
Custo_Viagem
V0
0	407	388	465	349	291	407	426	388	407	349	
407	0	232	504	620	659	814	795	640	485	232	
388	232	0	271	446	562	756	834	756	659	446	
465	504	271	0	252	446	698	834	853	853	659	
349	620	446	252	0	194	446	640	737	776	679	
291	659	562	446	194	0	232	426	562	659	640	
407	814	756	698	446	232	0	252	485	659	717	
426	795	834	834	640	426	252	0	252	485	640	
388	640	756	853	737	562	485	252	0	232	426	
407	485	659	853	776	659	659	485	232	0	252	
349	232	446	659	679	640	717	640	426	252	0	
V1
0	315	300	360	270	225	315	330	300	315	270	
315	0	180	390	480	510	630	615	495	375	180	
300	180	0	210	345	435	585	645	585	510	345	
360	390	210	0	195	345	540	645	660	660	510	
270	480	345	195	0	150	345	495	570	600	525	
225	510	435	345	150	0	180	330	435	510	495	
315	630	585	540	345	180	0	195	375	510	555	
330	615	645	645	495	330	195	0	195	375	495	
300	495	585	660	570	435	375	195	0	180	330	
315	375	510	660	600	510	510	375	180	0	195	
270	180	345	510	525	495	555	495	330	195	0	
V2
0	415	396	475	356	297	415	435	396	415	356	
415	0	237	514	633	673	831	811	653	495	237	
396	237	0	277	455	574	772	851	772	673	455	
475	514	277	0	257	455	712	851	871	871	673	
356	633	455	257	0	198	455	653	752	792	693	
297	673	574	455	198	0	237	435	574	673	653	
415	831	772	712	455	237	0	257	495	673	732	
435	811	851	851	653	435	257	0	257	495	653	
396	653	772	871	752	574	495	257	0	237	435	
415	495	673	871	792	673	673	495	237	0	257	
356	237	455	673	693	653	732	653	435	257	0	
Velocidade_Veiculos
1	1	1	