M: 2
N: 10
Nun_Veiculos: 4
Capacidade_Total: 362
Demanda_Total: 184
Setup_Min: 1
Setup_Max: 99
Raio: 100
Circulos: 1
Tempo_Processamento_Min: 1
Tempo_Processamento_Max: 49
Demanda_Min: 10
Demanda_Max: 30
Priority_Factor: 0.2
Range_Factor_R: 0.8
U_factor: 2
ALpha: 0.2Replicao: 0
Tempos_Processamentos
0	0	1	0	
0	25	1	19	
0	10	1	8	
0	14	1	5	
0	39	1	20	
0	40	1	42	
0	44	1	22	
0	18	1	38	
0	16	1	1	
0	12	1	6	
0	21	1	35	

Tempos_setup
M0
0	0	0	0	0	0	0	0	0	0	0	
0	0	3	18	10	37	24	4	22	9	10	
0	29	0	28	7	34	26	25	19	6	31	
0	35	23	0	30	44	13	31	35	18	37	
0	41	44	37	0	43	19	37	28	24	35	
0	48	36	13	43	0	26	44	48	31	50	
0	22	25	32	32	31	0	18	26	5	24	
0	4	7	22	14	36	20	0	26	8	6	
0	26	29	9	36	15	22	22	0	27	28	
0	23	20	27	27	36	39	19	21	0	25	
0	28	14	24	21	30	14	24	33	19	0	
M1
0	0	0	0	0	0	0	0	0	0	0	
0	0	20	28	26	37	32	12	36	36	18	
0	36	0	24	16	33	28	48	39	32	18	
0	29	7	0	6	9	4	32	28	8	8	
0	38	4	12	0	21	16	43	23	20	2	
0	23	7	10	3	0	14	35	26	18	5	
0	25	4	15	8	5	0	28	31	4	10	
0	6	22	30	18	39	34	0	41	38	20	
0	25	9	12	5	2	5	25	0	1	7	
0	24	8	11	4	1	11	24	27	0	6	
0	38	2	10	8	19	14	42	21	18	0	
Tamanho_Tarefas
0	21	8	6	21	40	29	23	2	7	27	
Data_Entrega
0	253	220	202	254	267	213	252	232	244	219	
Penalidade_Atraso
0	20	4	4	18	19	12	7	1	18	19	
Capacidade_Veiculo
99	100	48	115	
Custo_Fixo_Veiculo
990	1000	480	1150	
Coordenadas_Clientes
x	0	y	0
x	84	y	0
x	86	y	62
x	29	y	90
x	-29	y	89
x	-66	y	48
x	-98	y	0
x	-96	y	-69
x	-34	y	-107
x	32	y	-99
x	60	y	-44
Tempo_Viagem
0	84	106	94	93	81	98	118	112	104	74	
84	0	62	105	143	157	182	192	159	111	50	
106	62	0	63	118	152	194	224	207	169	109	
94	105	63	0	58	103	155	202	206	189	137	
93	143	118	58	0	55	112	171	196	197	160	
81	157	152	103	55	0	57	120	158	176	155	
98	182	194	155	112	57	0	69	124	163	164	
118	192	224	202	171	120	69	0	72	131	157	
112	159	207	206	196	158	124	72	0	66	113	
104	111	169	189	197	176	163	131	66	0	61	
74	50	109	137	160	155	164	157	113	61	0	
Custo_Viagem
V0
0	1663	2098	1861	1841	1603	1940	2336	2217	2059	1465	
1663	0	1227	2079	2831	3108	3603	3801	3148	2197	990	
2098	1227	0	1247	2336	3009	3841	4435	4098	3346	2158	
1861	2079	1247	0	1148	2039	3069	3999	4078	3742	2712	
1841	2831	2336	1148	0	1089	2217	3385	3880	3900	3168	
1603	3108	3009	2039	1089	0	1128	2376	3128	3484	3088	
1940	3603	3841	3069	2217	1128	0	1366	2455	3227	3247	
2336	3801	4435	3999	3385	2376	1366	0	1425	2593	3108	
2217	3148	4098	4078	3880	3128	2455	1425	0	1306	2237	
2059	2197	3346	3742	3900	3484	3227	2593	1306	0	1207	
1465	990	2158	2712	3168	3088	3247	3108	2237	1207	0	
V1
0	1680	2120	1880	1860	1620	1960	2360	2240	2080	1480	
1680	0	1240	2100	2860	3140	3640	3840	3180	2220	1000	
2120	1240	0	1260	2360	3040	3880	4480	4140	3380	2180	
1880	2100	1260	0	1160	2060	3100	4040	4120	3780	2740	
1860	2860	2360	1160	0	1100	2240	3420	3920	3940	3200	
1620	3140	3040	2060	1100	0	1140	2400	3160	3520	3120	
1960	3640	3880	3100	2240	1140	0	1380	2480	3260	3280	
2360	3840	4480	4040	3420	2400	1380	0	1440	2620	3140	
2240	3180	4140	4120	3920	3160	2480	1440	0	1320	2260	
2080	2220	3380	3780	3940	3520	3260	2620	1320	0	1220	
1480	1000	2180	2740	3200	3120	3280	3140	2260	1220	0	
V2
0	806	1017	902	892	777	940	1132	1075	998	710	
806	0	595	1008	1372	1507	1747	1843	1526	1065	480	
1017	595	0	604	1132	1459	1862	2150	1987	1622	1046	
902	1008	604	0	556	988	1488	1939	1977	1814	1315	
892	1372	1132	556	0	528	1075	1641	1881	1891	1536	
777	1507	1459	988	528	0	547	1152	1516	1689	1497	
940	1747	1862	1488	1075	547	0	662	1190	1564	1574	
1132	1843	2150	1939	1641	1152	662	0	691	1257	1507	
1075	1526	1987	1977	1881	1516	1190	691	0	633	1084	
998	1065	1622	1814	1891	1689	1564	1257	633	0	585	
710	480	1046	1315	1536	1497	1574	1507	1084	585	0	
V3
0	1932	2438	2162	2139	1863	2254	2714	2576	2392	1702	
1932	0	1426	2415	3289	3611	4186	4416	3657	2553	1150	
2438	1426	0	1449	2714	3496	4462	5152	4761	3887	2507	
2162	2415	1449	0	1334	2369	3565	4646	4738	4347	3151	
2139	3289	2714	1334	0	1265	2576	3933	4508	4531	3680	
1863	3611	3496	2369	1265	0	1311	2760	3634	4048	3588	
2254	4186	4462	3565	2576	1311	0	1587	2852	3749	3772	
2714	4416	5152	4646	3933	2760	1587	0	1656	3013	3611	
2576	3657	4761	4738	4508	3634	2852	1656	0	1518	2599	
2392	2553	3887	4347	4531	4048	3749	3013	1518	0	1403	
1702	1150	2507	3151	3680	3588	3772	3611	2599	1403	0	
Velocidade_Veiculos
1	1	1	1	