M: 2
N: 10
Nun_Veiculos: 6
Capacidade_Total: 378
Demanda_Total: 202
Setup_Min: 1
Setup_Max: 99
Raio: 20
Circulos: 1
Tempo_Processamento_Min: 1
Tempo_Processamento_Max: 49
Demanda_Min: 10
Demanda_Max: 30
Priority_Factor: 0.2
Range_Factor_R: 0.8
U_factor: 2
ALpha: 0.2Replicao: 3
Tempos_Processamentos
0	0	1	0	
0	40	1	25	
0	2	1	49	
0	23	1	1	
0	17	1	37	
0	4	1	32	
0	37	1	32	
0	23	1	48	
0	33	1	33	
0	8	1	25	
0	15	1	15	

Tempos_setup
M0
0	0	0	0	0	0	0	0	0	0	0	
0	0	14	27	25	23	32	42	38	36	19	
0	3	0	28	11	26	24	41	41	35	22	
0	19	16	0	27	19	5	15	31	9	15	
0	33	43	31	0	21	30	30	46	24	36	
0	12	26	39	37	0	44	54	50	48	31	
0	26	40	44	30	14	0	28	29	22	10	
0	8	22	16	17	25	21	0	16	25	21	
0	17	31	25	1	22	30	9	0	25	30	
0	14	22	22	23	16	27	6	22	0	12	
0	16	30	40	20	4	17	24	19	39	0	
M1
0	0	0	0	0	0	0	0	0	0	0	
0	0	12	12	9	3	47	13	16	34	35	
0	26	0	22	19	13	65	32	42	36	49	
0	23	35	0	32	26	70	10	38	22	32	
0	7	19	19	0	10	54	20	23	33	42	
0	13	25	9	6	0	52	19	29	31	36	
0	54	61	49	47	41	0	59	49	71	70	
0	28	37	15	37	31	70	0	28	37	22	
0	38	12	25	31	25	42	35	0	45	21	
0	1	13	13	10	4	48	14	17	0	36	
0	27	15	4	20	14	51	14	42	26	0	
Tamanho_Tarefas
0	26	23	10	20	9	32	23	33	11	15	
Data_Entrega
0	81	114	86	80	116	113	151	126	104	139	
Penalidade_Atraso
0	15	16	4	8	19	3	6	12	16	10	
Capacidade_Veiculo
34	49	35	98	68	94	
Custo_Fixo_Veiculo
340	490	350	980	680	940	
Coordenadas_Clientes
x	0	y	0
x	20	y	0
x	17	y	12
x	7	y	23
x	-5	y	18
x	-14	y	10
x	-19	y	0
x	-14	y	-10
x	-5	y	-17
x	5	y	-18
x	16	y	-11
Tempo_Viagem
0	20	20	24	18	17	19	17	17	18	19	
20	0	12	26	30	35	39	35	30	23	11	
20	12	0	14	22	31	37	37	36	32	23	
24	26	14	0	13	24	34	39	41	41	35	
18	30	22	13	0	12	22	29	35	36	35	
17	35	31	24	12	0	11	20	28	33	36	
19	39	37	34	22	11	0	11	22	30	36	
17	35	37	39	29	20	11	0	11	20	30	
17	30	36	41	35	28	22	11	0	10	21	
18	23	32	41	36	33	30	20	10	0	13	
19	11	23	35	35	36	36	30	21	13	0	
Custo_Viagem
V0
0	136	136	163	122	115	129	115	115	122	129	
136	0	81	176	204	238	265	238	204	156	74	
136	81	0	95	149	210	251	258	244	217	156	
163	176	95	0	88	163	231	265	278	278	238	
122	204	149	88	0	81	149	197	238	251	238	
115	238	210	163	81	0	74	136	190	224	244	
129	265	251	231	149	74	0	74	149	204	244	
115	238	258	265	197	136	74	0	74	136	204	
115	204	244	278	238	190	149	74	0	68	142	
122	156	217	278	251	224	204	136	68	0	88	
129	74	156	238	238	244	244	204	142	88	0	
V1
0	196	196	235	176	166	186	166	166	176	186	
196	0	117	254	294	343	382	343	294	225	107	
196	117	0	137	215	303	362	372	352	313	225	
235	254	137	0	127	235	333	382	401	401	343	
176	294	215	127	0	117	215	284	343	362	343	
166	343	303	235	117	0	107	196	274	323	352	
186	382	362	333	215	107	0	107	215	294	352	
166	343	372	382	284	196	107	0	107	196	294	
166	294	352	401	343	274	215	107	0	98	205	
176	225	313	401	362	323	294	196	98	0	127	
186	107	225	343	343	352	352	294	205	127	0	
V2
0	140	140	168	126	119	133	119	119	126	133	
140	0	84	182	210	245	273	245	210	161	77	
140	84	0	98	154	217	259	266	252	224	161	
168	182	98	0	91	168	238	273	287	287	245	
126	210	154	91	0	84	154	203	245	259	245	
119	245	217	168	84	0	77	140	196	231	252	
133	273	259	238	154	77	0	77	154	210	252	
119	245	266	273	203	140	77	0	77	140	210	
119	210	252	287	245	196	154	77	0	70	147	
126	161	224	287	259	231	210	140	70	0	91	
133	77	161	245	245	252	252	210	147	91	0	
V3
0	392	392	470	352	333	372	333	333	352	372	
392	0	235	509	588	686	764	686	588	450	215	
392	235	0	274	431	607	725	744	705	627	450	
470	509	274	0	254	470	666	764	803	803	686	
352	588	431	254	0	235	431	568	686	725	686	
333	686	607	470	235	0	215	392	548	646	705	
372	764	725	666	431	215	0	215	431	588	705	
333	686	744	764	568	392	215	0	215	392	588	
333	588	705	803	686	548	431	215	0	196	411	
352	450	627	803	725	646	588	392	196	0	254	
372	215	450	686	686	705	705	588	411	254	0	
V4
0	272	272	326	244	231	258	231	231	244	258	
272	0	163	353	408	476	530	476	408	312	149	
272	163	0	190	299	421	503	516	489	435	312	
326	353	190	0	176	326	462	530	557	557	476	
244	408	299	176	0	163	299	394	476	503	476	
231	476	421	326	163	0	149	272	380	448	489	
258	530	503	462	299	149	0	149	299	408	489	
231	476	516	530	394	272	149	0	149	272	408	
231	408	489	557	476	380	299	149	0	136	285	
244	312	435	557	503	448	408	272	136	0	176	
258	149	312	476	476	489	489	408	285	176	0	
V5
0	376	376	451	338	319	357	319	319	338	357	
376	0	225	488	564	658	733	658	564	432	206	
376	225	0	263	413	582	695	714	676	601	432	
451	488	263	0	244	451	639	733	770	770	658	
338	564	413	244	0	225	413	545	658	695	658	
319	658	582	451	225	0	206	376	526	620	676	
357	733	695	639	413	206	0	206	413	564	676	
319	658	714	733	545	376	206	0	206	376	564	
319	564	676	770	658	526	413	206	0	188	394	
338	432	601	770	695	620	564	376	188	0	244	
357	206	432	658	658	676	676	564	394	244	0	
Velocidade_Veiculos
1	1	1	1	1	1	