M: 2
N: 10
Nun_Veiculos: 3
Capacidade_Total: 364
Demanda_Total: 207
Setup_Min: 1
Setup_Max: 9
Raio: 100
Circulos: 1
Tempo_Processamento_Min: 1
Tempo_Processamento_Max: 49
Demanda_Min: 10
Demanda_Max: 30
Priority_Factor: 0.2
Range_Factor_R: 0.8
U_factor: 2
ALpha: 0.2Replicao: 4
Tempos_Processamentos
0	0	1	0	
0	43	1	46	
0	41	1	15	
0	3	1	4	
0	8	1	37	
0	35	1	41	
0	32	1	6	
0	5	1	18	
0	13	1	4	
0	33	1	28	
0	29	1	33	

Tempos_setup
M0
0	0	0	0	0	0	0	0	0	0	0	
0	0	3	3	4	2	2	1	2	5	3	
0	3	0	6	2	5	3	4	5	2	1	
0	6	6	0	5	5	5	4	3	6	6	
0	5	3	5	0	4	4	3	4	4	2	
0	1	1	4	2	0	1	2	3	3	2	
0	3	3	3	2	2	0	1	2	3	1	
0	2	2	2	3	1	1	0	1	4	2	
0	4	5	1	2	4	4	3	0	3	4	
0	1	2	4	3	3	3	2	3	0	3	
0	3	4	6	1	5	5	4	5	2	0	
M1
0	0	0	0	0	0	0	0	0	0	0	
0	0	4	3	8	6	6	2	4	6	4	
0	1	0	3	7	6	4	3	3	5	5	
0	2	6	0	8	8	8	4	6	7	6	
0	2	2	1	0	2	6	4	5	1	6	
0	3	3	3	7	0	6	4	4	2	7	
0	2	5	4	3	5	0	4	6	4	6	
0	3	2	1	7	6	6	0	5	5	3	
0	1	2	2	5	3	2	1	0	2	3	
0	1	1	1	5	1	5	3	4	0	5	
0	1	5	4	6	6	3	3	3	5	0	
Tamanho_Tarefas
0	43	25	3	9	36	16	8	7	30	30	
Data_Entrega
0	230	196	195	262	258	249	246	236	234	201	
Penalidade_Atraso
0	13	13	5	4	9	2	19	13	4	12	
Capacidade_Veiculo
113	126	125	
Custo_Fixo_Veiculo
1130	1260	1250	
Coordenadas_Clientes
x	0	y	0
x	110	y	0
x	84	y	61
x	25	y	78
x	-24	y	74
x	-61	y	44
x	-92	y	0
x	-85	y	-62
x	-24	y	-76
x	37	y	-116
x	79	y	-57
Tempo_Viagem
0	110	103	81	77	75	92	105	79	121	97	
110	0	66	115	153	176	202	204	154	136	64	
103	66	0	61	108	145	186	208	174	183	118	
81	115	61	0	49	92	140	178	160	194	145	
77	153	108	49	0	47	100	149	150	198	166	
75	176	145	92	47	0	53	108	125	187	172	
92	202	186	140	100	53	0	62	101	173	180	
105	204	208	178	149	108	62	0	62	133	164	
79	154	174	160	150	125	101	62	0	72	104	
121	136	183	194	198	187	173	133	72	0	72	
97	64	118	145	166	172	180	164	104	72	0	
Custo_Viagem
V0
0	2486	2327	1830	1740	1695	2079	2373	1785	2734	2192	
2486	0	1491	2599	3457	3977	4565	4610	3480	3096	1446	
2327	1491	0	1378	2440	3277	4203	4723	3932	4135	2666	
1830	2599	1378	0	1107	2079	3164	4022	3638	4384	3277	
1740	3457	2440	1107	0	1062	2260	3367	3390	4497	3751	
1695	3977	3277	2079	1062	0	1197	2440	2825	4226	3887	
2079	4565	4203	3164	2260	1197	0	1401	2282	3909	4068	
2373	4610	4723	4022	3367	2440	1401	0	1401	3005	3706	
1785	3480	3932	3638	3390	2825	2282	1401	0	1627	2350	
2734	3096	4135	4384	4497	4226	3909	3005	1627	0	1627	
2192	1446	2666	3277	3751	3887	4068	3706	2350	1627	0	
V1
0	2772	2595	2041	1940	1890	2318	2646	1990	3049	2444	
2772	0	1663	2898	3855	4435	5090	5140	3880	3452	1612	
2595	1663	0	1537	2721	3654	4687	5266	4384	4611	2973	
2041	2898	1537	0	1234	2318	3528	4485	4057	4888	3654	
1940	3855	2721	1234	0	1184	2520	3754	3780	5014	4183	
1890	4435	3654	2318	1184	0	1335	2721	3150	4712	4334	
2318	5090	4687	3528	2520	1335	0	1562	2545	4359	4536	
2646	5140	5266	4485	3754	2721	1562	0	1562	3351	4132	
1990	3880	4384	4057	3780	3150	2545	1562	0	1814	2620	
3049	3452	4611	4888	5014	4712	4359	3351	1814	0	1814	
2444	1612	2973	3654	4183	4334	4536	4132	2620	1814	0	
V2
0	2750	2575	2025	1925	1875	2300	2625	1975	3025	2425	
2750	0	1650	2875	3825	4400	5050	5100	3850	3425	1600	
2575	1650	0	1525	2700	3625	4650	5225	4350	4575	2950	
2025	2875	1525	0	1225	2300	3500	4450	4025	4850	3625	
1925	3825	2700	1225	0	1175	2500	3725	3750	4975	4150	
1875	4400	3625	2300	1175	0	1325	2700	3125	4675	4300	
2300	5050	4650	3500	2500	1325	0	1550	2525	4325	4500	
2625	5100	5225	4450	3725	2700	1550	0	1550	3325	4100	
1975	3850	4350	4025	3750	3125	2525	1550	0	1800	2600	
3025	3425	4575	4850	4975	4675	4325	3325	1800	0	1800	
2425	1600	2950	3625	4150	4300	4500	4100	2600	1800	0	
Velocidade_Veiculos
1	1	1	