M: 2
N: 10
Nun_Veiculos: 5
Capacidade_Total: 452
Demanda_Total: 191
Setup_Min: 1
Setup_Max: 9
Raio: 20
Circulos: 1
Tempo_Processamento_Min: 1
Tempo_Processamento_Max: 49
Demanda_Min: 10
Demanda_Max: 30
Priority_Factor: 0.2
Range_Factor_R: 0.8
U_factor: 2
ALpha: 0.2Replicao: 2
Tempos_Processamentos
0	0	1	0	
0	29	1	14	
0	4	1	7	
0	5	1	2	
0	36	1	48	
0	49	1	42	
0	2	1	41	
0	47	1	15	
0	5	1	48	
0	48	1	16	
0	8	1	6	

Tempos_setup
M0
0	0	0	0	0	0	0	0	0	0	0	
0	0	5	1	4	4	5	3	2	6	1	
0	3	0	3	2	3	1	3	3	2	4	
0	3	5	0	3	3	4	2	1	5	2	
0	2	2	3	0	3	3	1	1	4	3	
0	5	3	3	4	0	4	4	4	5	5	
0	4	5	2	5	2	0	4	3	1	4	
0	2	7	3	5	4	2	0	4	3	2	
0	4	4	5	2	2	5	3	0	6	5	
0	3	4	4	5	1	5	5	4	0	4	
0	9	7	7	7	4	5	8	7	6	0	
M1
0	0	0	0	0	0	0	0	0	0	0	
0	0	1	4	4	6	1	3	1	1	4	
0	4	0	5	6	6	3	4	2	5	4	
0	5	2	0	6	7	3	2	3	3	3	
0	2	1	2	0	2	2	3	1	3	1	
0	4	5	3	5	0	3	4	2	3	5	
0	4	4	5	3	5	0	6	4	5	4	
0	3	3	3	4	5	2	0	1	4	1	
0	2	3	3	4	6	1	2	0	3	3	
0	5	2	5	4	6	1	2	3	0	3	
0	5	2	5	3	4	4	3	3	5	0	
Tamanho_Tarefas
0	15	5	3	38	45	15	17	17	29	7	
Data_Entrega
0	114	106	109	98	66	87	104	103	69	106	
Penalidade_Atraso
0	5	9	13	5	1	11	20	13	5	12	
Capacidade_Veiculo
103	118	47	54	130	
Custo_Fixo_Veiculo
1030	1180	470	540	1300	
Coordenadas_Clientes
x	0	y	0
x	18	y	0
x	19	y	14
x	5	y	18
x	-6	y	19
x	-16	y	11
x	-22	y	0
x	-13	y	-9
x	-4	y	-14
x	5	y	-15
x	14	y	-10
Tempo_Viagem
0	18	23	18	19	19	22	15	14	15	17	
18	0	14	22	30	35	40	32	26	19	10	
23	14	0	14	25	35	43	38	36	32	24	
18	22	14	0	11	22	32	32	32	33	29	
19	30	25	11	0	12	24	28	33	34	35	
19	35	35	22	12	0	12	20	27	33	36	
22	40	43	32	24	12	0	12	22	30	37	
15	32	38	32	28	20	12	0	10	18	27	
14	26	36	32	33	27	22	10	0	9	18	
15	19	32	33	34	33	30	18	9	0	10	
17	10	24	29	35	36	37	27	18	10	0	
Custo_Viagem
V0
0	370	473	370	391	391	453	309	288	309	350	
370	0	288	453	618	721	824	659	535	391	206	
473	288	0	288	515	721	885	803	741	659	494	
370	453	288	0	226	453	659	659	679	679	597	
391	618	515	226	0	247	494	576	679	721	721	
391	721	721	453	247	0	247	412	556	679	741	
453	824	885	659	494	247	0	247	453	618	762	
309	659	803	659	576	412	247	0	206	370	556	
288	535	741	679	679	556	453	206	0	185	370	
309	391	659	679	721	679	618	370	185	0	206	
350	206	494	597	721	741	762	556	370	206	0	
V1
0	424	542	424	448	448	519	354	330	354	401	
424	0	330	519	708	826	944	755	613	448	236	
542	330	0	330	590	826	1014	920	849	755	566	
424	519	330	0	259	519	755	755	778	778	684	
448	708	590	259	0	283	566	660	778	826	826	
448	826	826	519	283	0	283	472	637	778	849	
519	944	1014	755	566	283	0	283	519	708	873	
354	755	920	755	660	472	283	0	236	424	637	
330	613	849	778	778	637	519	236	0	212	424	
354	448	755	778	826	778	708	424	212	0	236	
401	236	566	684	826	849	873	637	424	236	0	
V2
0	169	216	169	178	178	206	141	131	141	159	
169	0	131	206	282	329	376	300	244	178	94	
216	131	0	131	235	329	404	366	338	300	225	
169	206	131	0	103	206	300	300	310	310	272	
178	282	235	103	0	112	225	263	310	329	329	
178	329	329	206	112	0	112	188	253	310	338	
206	376	404	300	225	112	0	112	206	282	347	
141	300	366	300	263	188	112	0	94	169	253	
131	244	338	310	310	253	206	94	0	84	169	
141	178	300	310	329	310	282	169	84	0	94	
159	94	225	272	329	338	347	253	169	94	0	
V3
0	194	248	194	205	205	237	162	151	162	183	
194	0	151	237	324	378	432	345	280	205	108	
248	151	0	151	270	378	464	421	388	345	259	
194	237	151	0	118	237	345	345	356	356	313	
205	324	270	118	0	129	259	302	356	378	378	
205	378	378	237	129	0	129	216	291	356	388	
237	432	464	345	259	129	0	129	237	324	399	
162	345	421	345	302	216	129	0	108	194	291	
151	280	388	356	356	291	237	108	0	97	194	
162	205	345	356	378	356	324	194	97	0	108	
183	108	259	313	378	388	399	291	194	108	0	
V4
0	468	598	468	494	494	572	390	364	390	442	
468	0	364	572	780	910	1040	832	676	494	260	
598	364	0	364	650	910	1118	1014	936	832	624	
468	572	364	0	286	572	832	832	858	858	754	
494	780	650	286	0	312	624	728	858	910	910	
494	910	910	572	312	0	312	520	702	858	936	
572	1040	1118	832	624	312	0	312	572	780	962	
390	832	1014	832	728	520	312	0	260	468	702	
364	676	936	858	858	702	572	260	0	234	468	
390	494	832	858	910	858	780	468	234	0	260	
442	260	624	754	910	936	962	702	468	260	0	
Velocidade_Veiculos
1	1	1	1	1	