M: 2
N: 10
Nun_Veiculos: 4
Capacidade_Total: 316
Demanda_Total: 244
Setup_Min: 1
Setup_Max: 9
Raio: 100
Circulos: 1
Tempo_Processamento_Min: 1
Tempo_Processamento_Max: 49
Demanda_Min: 10
Demanda_Max: 30
Priority_Factor: 0.2
Range_Factor_R: 0.8
U_factor: 2
ALpha: 0.2Replicao: 3
Tempos_Processamentos
0	0	1	0	
0	40	1	44	
0	27	1	13	
0	8	1	47	
0	25	1	45	
0	5	1	33	
0	38	1	40	
0	49	1	22	
0	14	1	20	
0	33	1	38	
0	11	1	19	

Tempos_setup
M0
0	0	0	0	0	0	0	0	0	0	0	
0	0	1	3	4	5	1	6	6	3	4	
0	2	0	5	4	6	3	6	5	4	3	
0	1	1	0	5	6	2	5	5	4	4	
0	2	1	1	0	2	3	6	6	3	4	
0	3	3	2	2	0	4	5	5	4	3	
0	3	3	2	4	6	0	7	7	6	5	
0	3	3	2	4	5	4	0	4	2	2	
0	4	4	3	5	4	1	8	0	4	3	
0	4	3	3	2	3	5	7	4	0	6	
0	4	3	3	2	4	3	6	2	1	0	
M1
0	0	0	0	0	0	0	0	0	0	0	
0	0	4	3	3	3	3	1	1	3	2	
0	2	0	3	2	1	1	3	3	4	3	
0	2	4	0	2	1	1	2	3	4	3	
0	1	5	3	0	2	1	2	2	4	3	
0	1	3	4	3	0	4	2	2	3	2	
0	2	4	2	1	1	0	2	3	3	2	
0	4	6	2	4	3	3	0	5	6	5	
0	3	5	2	3	2	2	2	0	4	3	
0	3	4	4	2	3	3	2	4	0	2	
0	1	5	4	1	3	2	2	2	1	0	
Tamanho_Tarefas
0	42	13	15	32	8	38	33	14	35	14	
Data_Entrega
0	216	242	248	269	252	213	247	226	240	251	
Penalidade_Atraso
0	5	12	4	13	19	6	16	10	7	7	
Capacidade_Veiculo
71	44	124	77	
Custo_Fixo_Veiculo
710	440	1240	770	
Coordenadas_Clientes
x	0	y	0
x	115	y	0
x	76	y	55
x	34	y	105
x	-27	y	85
x	-84	y	61
x	-89	y	0
x	-64	y	-47
x	-37	y	-116
x	23	y	-72
x	100	y	-72
Tempo_Viagem
0	115	93	110	89	103	89	79	121	75	123	
115	0	67	132	165	208	204	185	190	116	73	
93	67	0	65	107	160	173	172	204	137	129	
110	132	65	0	64	125	161	180	231	177	188	
89	165	107	64	0	61	105	137	201	164	201	
103	208	160	125	61	0	61	109	183	170	226	
89	204	173	161	105	61	0	53	127	133	202	
79	185	172	180	137	109	53	0	74	90	165	
121	190	204	231	201	183	127	74	0	74	143	
75	116	137	177	164	170	133	90	74	0	77	
123	73	129	188	201	226	202	165	143	77	0	
Custo_Viagem
V0
0	1633	1320	1562	1263	1462	1263	1121	1718	1065	1746	
1633	0	951	1874	2343	2953	2896	2627	2712	1647	1036	
1320	951	0	923	1519	2272	2456	2456	2896	1945	1831	
1562	1874	923	0	908	1775	2286	2556	3294	2513	2669	
1263	2343	1519	908	0	866	1491	1945	2854	2328	2854	
1462	2953	2272	1775	866	0	866	1547	2598	2414	3223	
1263	2896	2456	2286	1491	866	0	752	1803	1888	2868	
1121	2627	2456	2556	1945	1547	752	0	1050	1278	2343	
1718	2712	2896	3294	2854	2598	1803	1050	0	1050	2030	
1065	1647	1945	2513	2328	2414	1888	1278	1050	0	1093	
1746	1036	1831	2669	2854	3223	2868	2343	2030	1093	0	
V1
0	1012	818	968	783	906	783	695	1064	660	1082	
1012	0	589	1161	1452	1830	1795	1628	1680	1020	642	
818	589	0	572	941	1408	1522	1522	1795	1205	1135	
968	1161	572	0	563	1100	1416	1584	2041	1557	1654	
783	1452	941	563	0	536	924	1205	1768	1443	1768	
906	1830	1408	1100	536	0	536	959	1610	1496	1997	
783	1795	1522	1416	924	536	0	466	1117	1170	1777	
695	1628	1522	1584	1205	959	466	0	651	792	1452	
1064	1680	1795	2041	1768	1610	1117	651	0	651	1258	
660	1020	1205	1557	1443	1496	1170	792	651	0	677	
1082	642	1135	1654	1768	1997	1777	1452	1258	677	0	
V2
0	2852	2306	2728	2207	2554	2207	1959	3000	1860	3050	
2852	0	1661	3273	4092	5158	5059	4588	4736	2876	1810	
2306	1661	0	1612	2653	3968	4290	4290	5059	3397	3199	
2728	3273	1612	0	1587	3100	3992	4464	5753	4389	4662	
2207	4092	2653	1587	0	1512	2604	3397	4984	4067	4984	
2554	5158	3968	3100	1512	0	1512	2703	4538	4216	5629	
2207	5059	4290	3992	2604	1512	0	1314	3149	3298	5009	
1959	4588	4290	4464	3397	2703	1314	0	1835	2232	4092	
3000	4736	5059	5753	4984	4538	3149	1835	0	1835	3546	
1860	2876	3397	4389	4067	4216	3298	2232	1835	0	1909	
3050	1810	3199	4662	4984	5629	5009	4092	3546	1909	0	
V3
0	1771	1432	1694	1370	1586	1370	1216	1863	1155	1894	
1771	0	1031	2032	2541	3203	3141	2849	2941	1786	1124	
1432	1031	0	1001	1647	2464	2664	2664	3141	2109	1986	
1694	2032	1001	0	985	1925	2479	2772	3572	2725	2895	
1370	2541	1647	985	0	939	1617	2109	3095	2525	3095	
1586	3203	2464	1925	939	0	939	1678	2818	2618	3495	
1370	3141	2664	2479	1617	939	0	816	1955	2048	3110	
1216	2849	2664	2772	2109	1678	816	0	1139	1386	2541	
1863	2941	3141	3572	3095	2818	1955	1139	0	1139	2202	
1155	1786	2109	2725	2525	2618	2048	1386	1139	0	1185	
1894	1124	1986	2895	3095	3495	3110	2541	2202	1185	0	
Velocidade_Veiculos
1	1	1	1	