M: 2
N: 10
Nun_Veiculos: 4
Capacidade_Total: 271
Demanda_Total: 223
Setup_Min: 1
Setup_Max: 99
Raio: 100
Circulos: 1
Tempo_Processamento_Min: 1
Tempo_Processamento_Max: 49
Demanda_Min: 10
Demanda_Max: 30
Priority_Factor: 0.2
Range_Factor_R: 0.8
U_factor: 2
ALpha: 0.2Replicao: 2
Tempos_Processamentos
0	0	1	0	
0	13	1	42	
0	12	1	45	
0	35	1	32	
0	42	1	29	
0	38	1	22	
0	10	1	26	
0	14	1	27	
0	38	1	29	
0	45	1	7	
0	14	1	19	

Tempos_setup
M0
0	0	0	0	0	0	0	0	0	0	0	
0	0	13	33	17	7	33	1	21	1	30	
0	39	0	39	38	23	20	34	8	21	17	
0	33	5	0	43	22	25	34	13	26	22	
0	39	24	35	0	46	44	40	32	40	41	
0	61	38	73	60	0	58	53	21	34	39	
0	52	24	19	30	41	0	14	32	45	41	
0	55	38	51	16	32	38	0	35	48	55	
0	46	17	52	48	19	37	32	0	13	34	
0	49	44	57	35	6	57	19	27	0	45	
0	22	24	55	21	6	44	23	27	23	0	
M1
0	0	0	0	0	0	0	0	0	0	0	
0	0	24	18	14	31	61	22	17	2	17	
0	19	0	9	5	17	43	26	4	21	36	
0	10	8	0	2	25	51	23	1	12	27	
0	14	12	4	0	29	55	27	5	16	31	
0	34	24	24	20	0	67	44	23	8	23	
0	26	17	16	12	26	0	39	17	28	43	
0	22	20	12	14	28	63	0	13	24	12	
0	15	7	5	1	24	50	22	0	17	32	
0	26	22	16	12	31	65	36	15	0	15	
0	36	17	26	22	16	60	21	21	24	0	
Tamanho_Tarefas
0	23	17	32	33	27	12	20	30	13	16	
Data_Entrega
0	292	263	213	251	269	257	296	270	212	255	
Penalidade_Atraso
0	5	2	7	3	8	14	16	1	10	1	
Capacidade_Veiculo
64	59	90	58	
Custo_Fixo_Veiculo
640	590	900	580	
Coordenadas_Clientes
x	0	y	0
x	101	y	0
x	97	y	70
x	29	y	89
x	-23	y	73
x	-88	y	64
x	-94	y	0
x	-60	y	-44
x	-33	y	-103
x	28	y	-88
x	101	y	-73
Tempo_Viagem
0	101	119	93	76	108	94	74	108	92	124	
101	0	70	114	143	199	195	166	169	114	73	
119	70	0	70	120	185	203	193	216	172	143	
93	114	70	0	54	119	151	160	201	177	177	
76	143	120	54	0	65	101	122	176	168	191	
108	199	185	119	65	0	64	111	175	191	232	
94	195	203	151	101	64	0	55	119	150	208	
74	166	193	160	122	111	55	0	64	98	163	
108	169	216	201	176	175	119	64	0	62	136	
92	114	172	177	168	191	150	98	62	0	74	
124	73	143	177	191	232	208	163	136	74	0	
Custo_Viagem
V0
0	1292	1523	1190	972	1382	1203	947	1382	1177	1587	
1292	0	896	1459	1830	2547	2496	2124	2163	1459	934	
1523	896	0	896	1536	2368	2598	2483	2764	2201	1830	
1190	1459	896	0	691	1523	1932	2048	2572	2265	2265	
972	1830	1536	691	0	832	1292	1561	2252	2150	2444	
1382	2547	2368	1523	832	0	819	1420	2240	2444	2982	
1203	2496	2598	1932	1292	819	0	704	1523	1920	2662	
947	2124	2483	2048	1561	1420	704	0	819	1254	2086	
1382	2163	2764	2572	2252	2240	1523	819	0	793	1753	
1177	1459	2201	2265	2150	2444	1920	1254	793	0	947	
1587	934	1830	2265	2444	2982	2662	2086	1753	947	0	
V1
0	1191	1404	1097	896	1274	1109	873	1274	1085	1463	
1191	0	826	1345	1687	2348	2301	1958	1994	1345	861	
1404	826	0	826	1416	2183	2395	2289	2548	2029	1687	
1097	1345	826	0	637	1404	1781	1888	2371	2088	2088	
896	1687	1416	637	0	767	1191	1439	2076	1982	2253	
1274	2348	2183	1404	767	0	755	1309	2065	2253	2749	
1109	2301	2395	1781	1191	755	0	649	1404	1770	2454	
873	1958	2289	1888	1439	1309	649	0	755	1156	1923	
1274	1994	2548	2371	2076	2065	1404	755	0	731	1616	
1085	1345	2029	2088	1982	2253	1770	1156	731	0	873	
1463	861	1687	2088	2253	2749	2454	1923	1616	873	0	
V2
0	1818	2142	1674	1368	1944	1692	1332	1944	1656	2232	
1818	0	1260	2052	2574	3582	3510	2988	3042	2052	1314	
2142	1260	0	1260	2160	3330	3654	3492	3888	3096	2574	
1674	2052	1260	0	972	2142	2718	2880	3618	3186	3186	
1368	2574	2160	972	0	1170	1818	2196	3168	3024	3438	
1944	3582	3330	2142	1170	0	1152	1998	3150	3438	4194	
1692	3510	3654	2718	1818	1152	0	990	2142	2700	3744	
1332	2988	3492	2880	2196	1998	990	0	1152	1764	2934	
1944	3042	3888	3618	3168	3150	2142	1152	0	1116	2466	
1656	2052	3096	3186	3024	3438	2700	1764	1116	0	1332	
2232	1314	2574	3186	3438	4194	3744	2934	2466	1332	0	
V3
0	1171	1380	1078	881	1252	1090	858	1252	1067	1438	
1171	0	812	1322	1658	2308	2262	1925	1960	1322	846	
1380	812	0	812	1392	2146	2354	2250	2505	1995	1658	
1078	1322	812	0	626	1380	1751	1856	2331	2053	2053	
881	1658	1392	626	0	754	1171	1415	2041	1948	2215	
1252	2308	2146	1380	754	0	742	1287	2030	2215	2702	
1090	2262	2354	1751	1171	742	0	638	1380	1740	2412	
858	1925	2250	1856	1415	1287	638	0	742	1136	1890	
1252	1960	2505	2331	2041	2030	1380	742	0	719	1589	
1067	1322	1995	2053	1948	2215	1740	1136	719	0	858	
1438	846	1658	2053	2215	2702	2412	1890	1589	858	0	
Velocidade_Veiculos
1	1	1	1	