M: 2
N: 10
Nun_Veiculos: 4
Capacidade_Total: 304
Demanda_Total: 224
Setup_Min: 1
Setup_Max: 99
Raio: 20
Circulos: 1
Tempo_Processamento_Min: 1
Tempo_Processamento_Max: 49
Demanda_Min: 10
Demanda_Max: 30
Priority_Factor: 0.2
Range_Factor_R: 0.8
U_factor: 2
ALpha: 0.2Replicao: 4
Tempos_Processamentos
0	0	1	0	
0	22	1	43	
0	44	1	13	
0	38	1	20	
0	23	1	2	
0	26	1	6	
0	3	1	29	
0	39	1	34	
0	49	1	32	
0	40	1	24	
0	3	1	12	

Tempos_setup
M0
0	0	0	0	0	0	0	0	0	0	0	
0	0	35	42	55	44	49	44	33	51	27	
0	41	0	11	45	31	14	32	21	35	27	
0	48	46	0	34	20	41	41	60	45	66	
0	17	40	41	0	49	39	7	26	30	32	
0	31	54	12	14	0	34	21	40	25	46	
0	27	34	19	52	39	0	31	20	21	26	
0	46	41	34	29	54	32	0	48	53	54	
0	29	14	21	32	23	28	11	0	30	6	
0	6	33	40	51	42	47	23	19	0	25	
0	30	8	15	31	17	22	17	6	24	0	
M1
0	0	0	0	0	0	0	0	0	0	0	
0	0	26	17	11	22	45	24	12	19	30	
0	60	0	68	64	50	82	75	64	56	67	
0	40	11	0	33	35	39	7	25	32	52	
0	31	33	31	0	21	47	15	26	33	19	
0	10	29	27	14	0	55	29	22	29	19	
0	33	23	23	31	28	0	5	18	33	47	
0	33	18	23	26	28	32	0	18	37	45	
0	15	14	5	24	10	44	12	0	22	29	
0	15	37	26	23	9	26	31	27	0	28	
0	12	31	29	2	2	49	17	24	31	0	
Tamanho_Tarefas
0	28	20	29	8	14	15	34	37	32	7	
Data_Entrega
0	105	125	139	118	121	124	118	74	94	84	
Penalidade_Atraso
0	19	8	18	15	5	9	4	9	17	4	
Capacidade_Veiculo
49	52	93	110	
Custo_Fixo_Veiculo
490	520	930	1100	
Coordenadas_Clientes
x	0	y	0
x	15	y	0
x	14	y	10
x	4	y	15
x	-5	y	15
x	-16	y	11
x	-15	y	0
x	-16	y	-11
x	-6	y	-21
x	4	y	-14
x	16	y	-11
Tempo_Viagem
0	15	17	15	15	19	15	19	21	14	19	
15	0	10	18	25	32	30	32	29	17	11	
17	10	0	11	19	30	30	36	36	26	21	
15	18	11	0	9	20	24	32	36	29	28	
15	25	19	9	0	11	18	28	36	29	33	
19	32	30	20	11	0	11	22	33	32	38	
15	30	30	24	18	11	0	11	22	23	32	
19	32	36	32	28	22	11	0	14	20	32	
21	29	36	36	36	33	22	14	0	12	24	
14	17	26	29	29	32	23	20	12	0	12	
19	11	21	28	33	38	32	32	24	12	0	
Custo_Viagem
V0
0	147	166	147	147	186	147	186	205	137	186	
147	0	98	176	245	313	294	313	284	166	107	
166	98	0	107	186	294	294	352	352	254	205	
147	176	107	0	88	196	235	313	362	284	274	
147	245	186	88	0	107	176	274	352	294	323	
186	313	294	196	107	0	107	215	323	313	372	
147	294	294	235	176	107	0	107	215	225	313	
186	313	352	313	274	215	107	0	137	196	313	
205	284	352	362	352	323	215	137	0	117	235	
137	166	254	284	294	313	225	196	117	0	117	
186	107	205	274	323	372	313	313	235	117	0	
V1
0	156	176	156	156	197	156	197	218	145	197	
156	0	104	187	260	332	312	332	301	176	114	
176	104	0	114	197	312	312	374	374	270	218	
156	187	114	0	93	208	249	332	384	301	291	
156	260	197	93	0	114	187	291	374	312	343	
197	332	312	208	114	0	114	228	343	332	395	
156	312	312	249	187	114	0	114	228	239	332	
197	332	374	332	291	228	114	0	145	208	332	
218	301	374	384	374	343	228	145	0	124	249	
145	176	270	301	312	332	239	208	124	0	124	
197	114	218	291	343	395	332	332	249	124	0	
V2
0	279	316	279	279	353	279	353	390	260	353	
279	0	186	334	465	595	558	595	539	316	204	
316	186	0	204	353	558	558	669	669	483	390	
279	334	204	0	167	372	446	595	688	539	520	
279	465	353	167	0	204	334	520	669	558	613	
353	595	558	372	204	0	204	409	613	595	706	
279	558	558	446	334	204	0	204	409	427	595	
353	595	669	595	520	409	204	0	260	372	595	
390	539	669	688	669	613	409	260	0	223	446	
260	316	483	539	558	595	427	372	223	0	223	
353	204	390	520	613	706	595	595	446	223	0	
V3
0	330	374	330	330	418	330	418	462	308	418	
330	0	220	396	550	704	660	704	638	374	242	
374	220	0	242	418	660	660	792	792	572	462	
330	396	242	0	198	440	528	704	814	638	616	
330	550	418	198	0	242	396	616	792	660	726	
418	704	660	440	242	0	242	484	726	704	836	
330	660	660	528	396	242	0	242	484	506	704	
418	704	792	704	616	484	242	0	308	440	704	
462	638	792	814	792	726	484	308	0	264	528	
308	374	572	638	660	704	506	440	264	0	264	
418	242	462	616	726	836	704	704	528	264	0	
Velocidade_Veiculos
1	1	1	1	