M: 2
N: 10
Nun_Veiculos: 6
Capacidade_Total: 396
Demanda_Total: 229
Setup_Min: 1
Setup_Max: 99
Raio: 20
Circulos: 1
Tempo_Processamento_Min: 1
Tempo_Processamento_Max: 49
Demanda_Min: 10
Demanda_Max: 30
Priority_Factor: 0.2
Range_Factor_R: 0.8
U_factor: 2
ALpha: 0.2Replicao: 4
Tempos_Processamentos
0	0	1	0	
0	38	1	46	
0	21	1	40	
0	4	1	26	
0	48	1	14	
0	14	1	22	
0	43	1	19	
0	47	1	27	
0	3	1	43	
0	14	1	31	
0	43	1	31	

Tempos_setup
M0
0	0	0	0	0	0	0	0	0	0	0	
0	0	13	14	14	33	15	25	14	20	10	
0	13	0	27	21	21	4	12	1	26	23	
0	28	15	0	36	19	19	27	7	28	38	
0	19	8	33	0	29	10	20	9	6	5	
0	50	37	24	58	0	41	44	29	52	60	
0	9	22	23	17	42	0	34	23	23	19	
0	61	50	64	42	71	52	0	51	48	47	
0	21	8	35	29	29	12	20	0	34	31	
0	20	33	34	34	53	35	45	34	0	30	
0	14	3	28	4	24	5	15	4	10	0	
M1
0	0	0	0	0	0	0	0	0	0	0	
0	0	7	20	7	18	24	23	13	17	11	
0	25	0	28	32	42	30	48	38	23	36	
0	27	34	0	34	24	38	24	17	44	15	
0	12	12	15	0	11	17	16	24	10	22	
0	46	28	19	53	0	57	43	36	51	34	
0	32	7	15	33	39	0	39	32	30	30	
0	12	19	15	19	15	29	0	8	29	6	
0	43	18	26	37	7	21	50	0	41	41	
0	2	9	5	9	19	7	25	15	0	13	
0	12	19	9	19	9	23	28	2	29	0	
Tamanho_Tarefas
0	39	22	10	25	14	26	32	12	14	35	
Data_Entrega
0	103	103	150	113	129	124	77	151	83	82	
Penalidade_Atraso
0	4	10	10	2	6	9	14	4	7	10	
Capacidade_Veiculo
48	64	81	59	61	83	
Custo_Fixo_Veiculo
480	640	810	590	610	830	
Coordenadas_Clientes
x	0	y	0
x	18	y	0
x	16	y	11
x	6	y	20
x	-5	y	18
x	-14	y	10
x	-17	y	0
x	-20	y	-14
x	-5	y	-15
x	6	y	-21
x	12	y	-8
Tempo_Viagem
0	18	19	20	18	17	17	24	15	21	14	
18	0	11	23	29	33	35	40	27	24	10	
19	11	0	13	22	30	34	43	33	33	19	
20	23	13	0	11	22	30	42	35	41	28	
18	29	22	11	0	12	21	35	33	39	31	
17	33	30	22	12	0	10	24	26	36	31	
17	35	34	30	21	10	0	14	19	31	30	
24	40	43	42	35	24	14	0	15	26	32	
15	27	33	35	33	26	19	15	0	12	18	
21	24	33	41	39	36	31	26	12	0	14	
14	10	19	28	31	31	30	32	18	14	0	
Custo_Viagem
V0
0	172	182	192	172	163	163	230	144	201	134	
172	0	105	220	278	316	336	384	259	230	96	
182	105	0	124	211	288	326	412	316	316	182	
192	220	124	0	105	211	288	403	345	393	268	
172	278	211	105	0	115	201	336	316	384	297	
163	316	288	211	115	0	96	230	249	345	297	
163	336	326	288	201	96	0	134	182	297	288	
230	384	412	403	336	230	134	0	144	249	307	
144	259	316	345	316	249	182	144	0	115	172	
201	230	316	393	384	345	297	249	115	0	134	
134	96	182	268	297	297	288	307	172	134	0	
V1
0	230	243	256	230	217	217	307	192	268	179	
230	0	140	294	371	422	448	512	345	307	128	
243	140	0	166	281	384	435	550	422	422	243	
256	294	166	0	140	281	384	537	460	524	358	
230	371	281	140	0	153	268	448	422	512	396	
217	422	384	281	153	0	128	307	332	460	396	
217	448	435	384	268	128	0	179	243	396	384	
307	512	550	537	448	307	179	0	192	332	409	
192	345	422	460	422	332	243	192	0	153	230	
268	307	422	524	512	460	396	332	153	0	179	
179	128	243	358	396	396	384	409	230	179	0	
V2
0	291	307	324	291	275	275	388	243	340	226	
291	0	178	372	469	534	567	648	437	388	162	
307	178	0	210	356	486	550	696	534	534	307	
324	372	210	0	178	356	486	680	583	664	453	
291	469	356	178	0	194	340	567	534	648	502	
275	534	486	356	194	0	162	388	421	583	502	
275	567	550	486	340	162	0	226	307	502	486	
388	648	696	680	567	388	226	0	243	421	518	
243	437	534	583	534	421	307	243	0	194	291	
340	388	534	664	648	583	502	421	194	0	226	
226	162	307	453	502	502	486	518	291	226	0	
V3
0	212	224	236	212	200	200	283	177	247	165	
212	0	129	271	342	389	413	472	318	283	118	
224	129	0	153	259	354	401	507	389	389	224	
236	271	153	0	129	259	354	495	424	483	330	
212	342	259	129	0	141	247	413	389	472	365	
200	389	354	259	141	0	118	283	306	424	365	
200	413	401	354	247	118	0	165	224	365	354	
283	472	507	495	413	283	165	0	177	306	377	
177	318	389	424	389	306	224	177	0	141	212	
247	283	389	483	472	424	365	306	141	0	165	
165	118	224	330	365	365	354	377	212	165	0	
V4
0	219	231	244	219	207	207	292	183	256	170	
219	0	134	280	353	402	427	488	329	292	122	
231	134	0	158	268	366	414	524	402	402	231	
244	280	158	0	134	268	366	512	439	500	341	
219	353	268	134	0	146	256	427	402	488	378	
207	402	366	268	146	0	122	292	317	439	378	
207	427	414	366	256	122	0	170	231	378	366	
292	488	524	512	427	292	170	0	183	317	390	
183	329	402	439	402	317	231	183	0	146	219	
256	292	402	500	488	439	378	317	146	0	170	
170	122	231	341	378	378	366	390	219	170	0	
V5
0	298	315	332	298	282	282	398	249	348	232	
298	0	182	381	481	547	581	664	448	398	166	
315	182	0	215	365	498	564	713	547	547	315	
332	381	215	0	182	365	498	697	597	680	464	
298	481	365	182	0	199	348	581	547	664	514	
282	547	498	365	199	0	166	398	431	597	514	
282	581	564	498	348	166	0	232	315	514	498	
398	664	713	697	581	398	232	0	249	431	531	
249	448	547	597	547	431	315	249	0	199	298	
348	398	547	680	664	597	514	431	199	0	232	
232	166	315	464	514	514	498	531	298	232	0	
Velocidade_Veiculos
1	1	1	1	1	1	