M: 2
N: 10
Nun_Veiculos: 5
Capacidade_Total: 449
Demanda_Total: 228
Setup_Min: 1
Setup_Max: 99
Raio: 100
Circulos: 1
Tempo_Processamento_Min: 1
Tempo_Processamento_Max: 49
Demanda_Min: 10
Demanda_Max: 30
Priority_Factor: 0.2
Range_Factor_R: 0.8
U_factor: 2
ALpha: 0.2Replicao: 2
Tempos_Processamentos
0	0	1	0	
0	13	1	38	
0	48	1	37	
0	3	1	31	
0	29	1	21	
0	39	1	22	
0	36	1	11	
0	46	1	20	
0	21	1	2	
0	13	1	28	
0	46	1	29	

Tempos_setup
M0
0	0	0	0	0	0	0	0	0	0	0	
0	0	20	23	39	34	23	23	26	24	38	
0	22	0	12	24	23	8	3	6	9	25	
0	37	37	0	46	11	31	26	21	32	25	
0	34	33	22	0	18	18	36	24	19	39	
0	26	46	30	40	0	49	49	10	50	55	
0	16	33	4	16	15	0	22	6	1	21	
0	21	11	9	21	20	5	0	11	6	26	
0	16	36	20	30	31	39	39	0	40	45	
0	42	32	30	42	41	26	21	26	0	20	
0	22	12	10	22	21	6	1	6	7	0	
M1
0	0	0	0	0	0	0	0	0	0	0	
0	0	9	37	35	32	16	12	7	4	10	
0	90	0	31	55	69	70	3	16	71	41	
0	69	51	0	24	57	47	41	22	46	48	
0	46	55	55	0	50	37	58	25	22	37	
0	74	51	5	29	0	52	36	22	51	48	
0	22	31	22	46	54	0	34	29	26	32	
0	89	15	46	63	84	67	0	31	85	38	
0	77	32	63	51	74	55	34	0	73	26	
0	24	33	33	40	28	23	36	3	0	15	
0	51	40	51	25	75	29	25	17	47	0	
Tamanho_Tarefas
0	22	41	17	23	27	20	24	6	18	30	
Data_Entrega
0	250	282	244	274	241	208	253	258	248	294	
Penalidade_Atraso
0	19	12	9	8	20	8	5	13	13	4	
Capacidade_Veiculo
99	87	96	55	112	
Custo_Fixo_Veiculo
990	870	960	550	1120	
Coordenadas_Clientes
x	0	y	0
x	97	y	0
x	86	y	62
x	31	y	97
x	-25	y	77
x	-73	y	53
x	-87	y	0
x	-93	y	-67
x	-33	y	-102
x	33	y	-102
x	90	y	-65
Tempo_Viagem
0	97	106	101	80	90	87	114	107	107	111	
97	0	62	117	144	178	184	201	165	120	65	
106	62	0	65	112	159	183	220	202	172	127	
101	117	65	0	59	112	152	205	208	199	172	
80	144	112	59	0	53	98	159	179	187	182	
90	178	159	112	53	0	54	121	160	187	201	
87	184	183	152	98	54	0	67	115	157	188	
114	201	220	205	159	121	67	0	69	130	183	
107	165	202	208	179	160	115	69	0	66	128	
107	120	172	199	187	187	157	130	66	0	67	
111	65	127	172	182	201	188	183	128	67	0	
Custo_Viagem
V0
0	1920	2098	1999	1584	1782	1722	2257	2118	2118	2197	
1920	0	1227	2316	2851	3524	3643	3979	3267	2376	1287	
2098	1227	0	1287	2217	3148	3623	4356	3999	3405	2514	
1999	2316	1287	0	1168	2217	3009	4059	4138	3940	3405	
1584	2851	2217	1168	0	1049	1940	3148	3544	3722	3603	
1782	3524	3148	2217	1049	0	1069	2395	3168	3702	3979	
1722	3643	3623	3009	1940	1069	0	1326	2277	3108	3722	
2257	3979	4356	4059	3148	2395	1326	0	1366	2574	3623	
2118	3267	3999	4138	3544	3168	2277	1366	0	1306	2534	
2118	2376	3405	3940	3722	3702	3108	2574	1306	0	1326	
2197	1287	2514	3405	3603	3979	3722	3623	2534	1326	0	
V1
0	1687	1844	1757	1392	1566	1513	1983	1861	1861	1931	
1687	0	1078	2035	2505	3097	3201	3497	2871	2088	1131	
1844	1078	0	1131	1948	2766	3184	3828	3514	2992	2209	
1757	2035	1131	0	1026	1948	2644	3567	3636	3462	2992	
1392	2505	1948	1026	0	922	1705	2766	3114	3271	3166	
1566	3097	2766	1948	922	0	939	2105	2784	3253	3497	
1513	3201	3184	2644	1705	939	0	1165	2001	2731	3271	
1983	3497	3828	3567	2766	2105	1165	0	1200	2262	3184	
1861	2871	3514	3636	3114	2784	2001	1200	0	1148	2227	
1861	2088	2992	3462	3271	3253	2731	2262	1148	0	1165	
1931	1131	2209	2992	3166	3497	3271	3184	2227	1165	0	
V2
0	1862	2035	1939	1536	1728	1670	2188	2054	2054	2131	
1862	0	1190	2246	2764	3417	3532	3859	3168	2304	1248	
2035	1190	0	1248	2150	3052	3513	4224	3878	3302	2438	
1939	2246	1248	0	1132	2150	2918	3936	4012	3820	3302	
1536	2764	2150	1132	0	1017	1881	3052	3436	3609	3494	
1728	3417	3052	2150	1017	0	1036	2323	3072	3590	3859	
1670	3532	3513	2918	1881	1036	0	1286	2208	3014	3609	
2188	3859	4224	3936	3052	2323	1286	0	1324	2496	3513	
2054	3168	3878	4012	3436	3072	2208	1324	0	1267	2457	
2054	2304	3302	3820	3609	3590	3014	2496	1267	0	1286	
2131	1248	2438	3302	3494	3859	3609	3513	2457	1286	0	
V3
0	1067	1166	1111	880	990	957	1254	1177	1177	1221	
1067	0	682	1287	1584	1958	2024	2211	1815	1320	715	
1166	682	0	715	1232	1749	2013	2420	2222	1892	1397	
1111	1287	715	0	649	1232	1672	2255	2299	2189	1892	
880	1584	1232	649	0	583	1078	1749	1969	2068	2002	
990	1958	1749	1232	583	0	594	1331	1760	2057	2211	
957	2024	2013	1672	1078	594	0	737	1265	1727	2068	
1254	2211	2420	2255	1749	1331	737	0	759	1430	2013	
1177	1815	2222	2299	1969	1760	1265	759	0	726	1408	
1177	1320	1892	2189	2068	2057	1727	1430	726	0	737	
1221	715	1397	1892	2002	2211	2068	2013	1408	737	0	
V4
0	2172	2374	2262	1792	2016	1948	2553	2396	2396	2486	
2172	0	1388	2620	3225	3987	4121	4502	3696	2688	1456	
2374	1388	0	1456	2508	3561	4099	4928	4524	3852	2844	
2262	2620	1456	0	1321	2508	3404	4592	4681	4457	3852	
1792	3225	2508	1321	0	1187	2195	3561	4009	4211	4076	
2016	3987	3561	2508	1187	0	1209	2710	3584	4188	4502	
1948	4121	4099	3404	2195	1209	0	1500	2576	3516	4211	
2553	4502	4928	4592	3561	2710	1500	0	1545	2912	4099	
2396	3696	4524	4681	4009	3584	2576	1545	0	1478	2867	
2396	2688	3852	4457	4211	4188	3516	2912	1478	0	1500	
2486	1456	2844	3852	4076	4502	4211	4099	2867	1500	0	
Velocidade_Veiculos
1	1	1	1	1	