M: 2
N: 10
Nun_Veiculos: 5
Capacidade_Total: 478
Demanda_Total: 253
Setup_Min: 1
Setup_Max: 99
Raio: 20
Circulos: 1
Tempo_Processamento_Min: 1
Tempo_Processamento_Max: 49
Demanda_Min: 10
Demanda_Max: 30
Priority_Factor: 0.2
Range_Factor_R: 0.8
U_factor: 2
ALpha: 0.2Replicao: 0
Tempos_Processamentos
0	0	1	0	
0	41	1	46	
0	21	1	15	
0	45	1	40	
0	16	1	32	
0	27	1	33	
0	22	1	45	
0	26	1	21	
0	17	1	39	
0	24	1	23	
0	4	1	25	

Tempos_setup
M0
0	0	0	0	0	0	0	0	0	0	0	
0	0	46	11	25	58	21	11	23	33	13	
0	47	0	46	25	58	21	11	25	10	13	
0	23	35	0	22	48	12	34	12	37	36	
0	22	43	33	0	56	33	33	43	48	35	
0	40	4	45	18	0	25	15	29	14	17	
0	54	54	62	32	50	0	26	14	25	29	
0	36	54	47	14	50	10	0	14	32	36	
0	40	40	51	18	36	33	23	0	38	37	
0	37	37	37	15	49	11	1	15	0	4	
0	55	49	33	33	45	9	35	15	34	0	
M1
0	0	0	0	0	0	0	0	0	0	0	
0	0	24	33	21	43	21	6	23	29	26	
0	10	0	9	31	40	25	10	33	26	35	
0	14	19	0	32	40	16	1	34	26	26	
0	31	23	32	0	36	34	19	2	22	5	
0	21	11	20	23	0	24	21	24	34	27	
0	36	35	22	16	24	0	23	18	10	10	
0	13	18	27	31	39	15	0	33	25	25	
0	29	21	30	18	34	33	31	0	20	3	
0	26	25	30	30	14	25	13	12	0	15	
0	42	42	32	29	31	30	30	29	17	0	
Tamanho_Tarefas
0	42	17	41	16	29	27	22	23	23	13	
Data_Entrega
0	150	194	193	173	106	174	144	133	149	167	
Penalidade_Atraso
0	1	6	13	17	14	10	3	20	6	8	
Capacidade_Veiculo
92	79	72	124	111	
Custo_Fixo_Veiculo
920	790	720	1240	1110	
Coordenadas_Clientes
x	0	y	0
x	17	y	0
x	12	y	8
x	5	y	18
x	-5	y	15
x	-12	y	9
x	-19	y	0
x	-20	y	-14
x	-5	y	-16
x	6	y	-19
x	13	y	-10
Tempo_Viagem
0	17	14	18	15	15	19	24	16	19	16	
17	0	9	21	26	30	36	39	27	21	10	
14	9	0	12	18	24	32	38	29	27	18	
18	21	12	0	10	19	30	40	34	37	29	
15	26	18	10	0	9	20	32	31	34	30	
15	30	24	19	9	0	11	24	25	33	31	
19	36	32	30	20	11	0	14	21	31	33	
24	39	38	40	32	24	14	0	15	26	33	
16	27	29	34	31	25	21	15	0	11	18	
19	21	27	37	34	33	31	26	11	0	11	
16	10	18	29	30	31	33	33	18	11	0	
Custo_Viagem
V0
0	312	257	331	276	276	349	441	294	349	294	
312	0	165	386	478	552	662	717	496	386	184	
257	165	0	220	331	441	588	699	533	496	331	
331	386	220	0	184	349	552	736	644	680	533	
276	478	331	184	0	165	368	588	570	644	552	
276	552	441	349	165	0	202	441	460	607	570	
349	662	588	552	368	202	0	257	386	570	607	
441	717	699	736	588	441	257	0	276	478	607	
294	496	533	644	570	460	386	276	0	202	331	
349	386	496	680	644	607	570	478	202	0	202	
294	184	331	533	552	570	607	607	331	202	0	
V1
0	268	221	284	237	237	300	379	252	300	252	
268	0	142	331	410	474	568	616	426	331	158	
221	142	0	189	284	379	505	600	458	426	284	
284	331	189	0	158	300	474	632	553	584	458	
237	410	284	158	0	142	316	505	489	553	474	
237	474	379	300	142	0	173	379	395	521	489	
300	568	505	474	316	173	0	221	331	489	521	
379	616	600	632	505	379	221	0	237	410	521	
252	426	458	553	489	395	331	237	0	173	284	
300	331	426	584	553	521	489	410	173	0	173	
252	158	284	458	474	489	521	521	284	173	0	
V2
0	244	201	259	216	216	273	345	230	273	230	
244	0	129	302	374	432	518	561	388	302	144	
201	129	0	172	259	345	460	547	417	388	259	
259	302	172	0	144	273	432	576	504	532	417	
216	374	259	144	0	129	288	460	446	504	432	
216	432	345	273	129	0	158	345	360	475	446	
273	518	460	432	288	158	0	201	302	446	475	
345	561	547	576	460	345	201	0	216	374	475	
230	388	417	504	446	360	302	216	0	158	259	
273	302	388	532	504	475	446	374	158	0	158	
230	144	259	417	432	446	475	475	259	158	0	
V3
0	421	347	446	372	372	471	595	396	471	396	
421	0	223	520	644	744	892	967	669	520	248	
347	223	0	297	446	595	793	942	719	669	446	
446	520	297	0	248	471	744	992	868	917	719	
372	644	446	248	0	223	496	793	768	868	744	
372	744	595	471	223	0	272	595	620	818	768	
471	892	793	744	496	272	0	347	520	768	818	
595	967	942	992	793	595	347	0	372	644	818	
396	669	719	868	768	620	520	372	0	272	446	
471	520	669	917	868	818	768	644	272	0	272	
396	248	446	719	744	768	818	818	446	272	0	
V4
0	377	310	399	333	333	421	532	355	421	355	
377	0	199	466	577	666	799	865	599	466	222	
310	199	0	266	399	532	710	843	643	599	399	
399	466	266	0	222	421	666	888	777	821	643	
333	577	399	222	0	199	444	710	688	777	666	
333	666	532	421	199	0	244	532	555	732	688	
421	799	710	666	444	244	0	310	466	688	732	
532	865	843	888	710	532	310	0	333	577	732	
355	599	643	777	688	555	466	333	0	244	399	
421	466	599	821	777	732	688	577	244	0	244	
355	222	399	643	666	688	732	732	399	244	0	
Velocidade_Veiculos
1	1	1	1	1	