M: 2
N: 10
Nun_Veiculos: 6
Capacidade_Total: 457
Demanda_Total: 235
Setup_Min: 1
Setup_Max: 99
Raio: 100
Circulos: 1
Tempo_Processamento_Min: 1
Tempo_Processamento_Max: 49
Demanda_Min: 10
Demanda_Max: 30
Priority_Factor: 0.2
Range_Factor_R: 0.8
U_factor: 2
ALpha: 0.2Replicao: 0
Tempos_Processamentos
0	0	1	0	
0	23	1	22	
0	42	1	24	
0	37	1	23	
0	35	1	24	
0	34	1	43	
0	28	1	13	
0	43	1	26	
0	19	1	23	
0	14	1	41	
0	9	1	26	

Tempos_setup
M0
0	0	0	0	0	0	0	0	0	0	0	
0	0	46	3	21	28	14	38	18	44	33	
0	66	0	36	54	20	47	46	51	73	58	
0	35	43	0	18	25	11	50	15	45	30	
0	24	25	27	0	34	38	51	24	31	16	
0	46	38	49	63	0	56	73	46	53	38	
0	24	32	27	7	36	0	39	26	38	23	
0	44	52	11	27	36	20	0	26	56	41	
0	44	35	47	44	10	37	53	0	62	48	
0	36	34	31	12	46	34	20	36	0	28	
0	8	43	11	27	18	22	35	8	15	0	
M1
0	0	0	0	0	0	0	0	0	0	0	
0	0	10	24	6	12	35	18	22	33	13	
0	29	0	14	22	41	25	18	38	23	33	
0	17	12	0	8	29	30	30	24	9	19	
0	15	4	18	0	26	29	22	16	27	27	
0	25	33	21	29	0	33	42	18	30	1	
0	4	14	28	10	16	0	22	26	37	17	
0	32	27	15	23	39	45	0	39	24	34	
0	20	15	3	11	10	33	33	0	12	11	
0	8	18	30	14	20	21	26	27	0	10	
0	37	32	20	28	17	50	41	17	29	0	
Tamanho_Tarefas
0	22	25	26	27	36	16	32	21	15	15	
Data_Entrega
0	299	319	236	246	316	324	230	254	249	259	
Penalidade_Atraso
0	4	15	2	16	5	2	19	2	14	17	
Capacidade_Veiculo
90	107	72	37	43	108	
Custo_Fixo_Veiculo
900	1070	720	370	430	1080	
Coordenadas_Clientes
x	0	y	0
x	125	y	0
x	79	y	57
x	34	y	106
x	-33	y	101
x	-63	y	46
x	-110	y	0
x	-72	y	-52
x	-38	y	-117
x	23	y	-72
x	96	y	-69
Tempo_Viagem
0	125	97	111	106	78	110	88	123	75	118	
125	0	73	139	187	193	235	203	199	124	74	
97	73	0	66	120	142	197	185	209	140	127	
111	139	66	0	67	114	178	190	234	178	185	
106	187	120	67	0	62	127	157	218	181	213	
78	193	142	114	62	0	65	98	164	146	196	
110	235	197	178	127	65	0	64	137	151	217	
88	203	185	190	157	98	64	0	73	97	168	
123	199	209	234	218	164	137	73	0	75	142	
75	124	140	178	181	146	151	97	75	0	73	
118	74	127	185	213	196	217	168	142	73	0	
Custo_Viagem
V0
0	2250	1746	1998	1908	1404	1980	1584	2214	1350	2124	
2250	0	1314	2502	3366	3474	4230	3654	3600	2232	1332	
1746	1314	0	1188	2160	2556	3546	3348	3762	2520	2286	
1998	2502	1188	0	1206	2052	3204	3420	4212	3204	3330	
1908	3366	2160	1206	0	1116	2286	2826	3924	3258	3834	
1404	3474	2556	2052	1116	0	1170	1764	2952	2628	3528	
1980	4230	3546	3204	2286	1170	0	1152	2466	2718	3906	
1584	3654	3348	3420	2826	1764	1152	0	1314	1746	3024	
2214	3600	3762	4212	3924	2952	2466	1314	0	1350	2556	
1350	2232	2520	3204	3258	2628	2718	1746	1350	0	1314	
2124	1332	2286	3330	3834	3528	3906	3024	2556	1314	0	
V1
0	2675	2075	2375	2268	1669	2354	1883	2632	1605	2525	
2675	0	1562	2974	4001	4130	5029	4344	4280	2653	1583	
2075	1562	0	1412	2568	3038	4215	3980	4472	2996	2717	
2375	2974	1412	0	1433	2439	3809	4066	5007	3809	3959	
2268	4001	2568	1433	0	1326	2717	3359	4665	3873	4558	
1669	4130	3038	2439	1326	0	1391	2097	3509	3124	4194	
2354	5029	4215	3809	2717	1391	0	1369	2931	3231	4643	
1883	4344	3980	4066	3359	2097	1369	0	1562	2075	3595	
2632	4280	4472	5007	4665	3509	2931	1562	0	1605	3038	
1605	2653	2996	3809	3873	3124	3231	2075	1605	0	1562	
2525	1583	2717	3959	4558	4194	4643	3595	3038	1562	0	
V2
0	1800	1396	1598	1526	1123	1584	1267	1771	1080	1699	
1800	0	1051	2001	2692	2779	3384	2923	2880	1785	1065	
1396	1051	0	950	1728	2044	2836	2678	3009	2016	1828	
1598	2001	950	0	964	1641	2563	2736	3369	2563	2664	
1526	2692	1728	964	0	892	1828	2260	3139	2606	3067	
1123	2779	2044	1641	892	0	936	1411	2361	2102	2822	
1584	3384	2836	2563	1828	936	0	921	1972	2174	3124	
1267	2923	2678	2736	2260	1411	921	0	1051	1396	2419	
1771	2880	3009	3369	3139	2361	1972	1051	0	1080	2044	
1080	1785	2016	2563	2606	2102	2174	1396	1080	0	1051	
1699	1065	1828	2664	3067	2822	3124	2419	2044	1051	0	
V3
0	925	717	821	784	577	814	651	910	555	873	
925	0	540	1028	1383	1428	1739	1502	1480	917	547	
717	540	0	488	888	1050	1457	1376	1546	1036	939	
821	1028	488	0	495	843	1317	1406	1731	1317	1369	
784	1383	888	495	0	458	939	1161	1613	1339	1576	
577	1428	1050	843	458	0	481	725	1213	1080	1450	
814	1739	1457	1317	939	481	0	473	1013	1117	1605	
651	1502	1376	1406	1161	725	473	0	540	717	1243	
910	1480	1546	1731	1613	1213	1013	540	0	555	1050	
555	917	1036	1317	1339	1080	1117	717	555	0	540	
873	547	939	1369	1576	1450	1605	1243	1050	540	0	
V4
0	1075	834	954	911	670	946	756	1057	645	1014	
1075	0	627	1195	1608	1659	2021	1745	1720	1066	636	
834	627	0	567	1032	1221	1694	1599	1797	1204	1092	
954	1195	567	0	576	980	1530	1634	2012	1530	1591	
911	1608	1032	576	0	533	1092	1350	1874	1556	1831	
670	1659	1221	980	533	0	559	842	1410	1255	1685	
946	2021	1694	1530	1092	559	0	550	1178	1298	1866	
756	1745	1599	1634	1350	842	550	0	627	834	1444	
1057	1720	1797	2012	1874	1410	1178	627	0	645	1221	
645	1066	1204	1530	1556	1255	1298	834	645	0	627	
1014	636	1092	1591	1831	1685	1866	1444	1221	627	0	
V5
0	2700	2095	2397	2289	1684	2376	1900	2656	1620	2548	
2700	0	1576	3002	4039	4168	5076	4384	4320	2678	1598	
2095	1576	0	1425	2592	3067	4255	4017	4514	3024	2743	
2397	3002	1425	0	1447	2462	3844	4104	5054	3844	3996	
2289	4039	2592	1447	0	1339	2743	3391	4708	3909	4600	
1684	4168	3067	2462	1339	0	1404	2116	3542	3153	4233	
2376	5076	4255	3844	2743	1404	0	1382	2959	3261	4687	
1900	4384	4017	4104	3391	2116	1382	0	1576	2095	3628	
2656	4320	4514	5054	4708	3542	2959	1576	0	1620	3067	
1620	2678	3024	3844	3909	3153	3261	2095	1620	0	1576	
2548	1598	2743	3996	4600	4233	4687	3628	3067	1576	0	
Velocidade_Veiculos
1	1	1	1	1	1	