M: 2
N: 10
Nun_Veiculos: 5
Capacidade_Total: 302
Demanda_Total: 146
Setup_Min: 1
Setup_Max: 9
Raio: 20
Circulos: 1
Tempo_Processamento_Min: 1
Tempo_Processamento_Max: 49
Demanda_Min: 10
Demanda_Max: 30
Priority_Factor: 0.2
Range_Factor_R: 0.8
U_factor: 2
ALpha: 0.2Replicao: 1
Tempos_Processamentos
0	0	1	0	
0	21	1	11	
0	6	1	29	
0	27	1	31	
0	2	1	38	
0	40	1	21	
0	14	1	12	
0	11	1	6	
0	9	1	28	
0	2	1	19	
0	18	1	9	

Tempos_setup
M0
0	0	0	0	0	0	0	0	0	0	0	
0	0	3	4	3	4	4	1	2	2	6	
0	4	0	4	2	1	3	3	4	1	6	
0	4	3	0	3	4	4	5	2	3	3	
0	6	5	4	0	6	3	6	6	6	4	
0	4	5	3	2	0	2	3	4	1	6	
0	5	4	1	4	4	0	5	3	4	4	
0	1	2	4	2	3	3	0	1	3	6	
0	5	1	3	1	2	2	4	0	2	5	
0	3	4	3	1	5	2	2	3	0	5	
0	5	3	4	3	2	3	5	2	3	0	
M1
0	0	0	0	0	0	0	0	0	0	0	
0	0	4	2	3	1	3	5	5	6	4	
0	4	0	2	4	3	1	5	6	3	4	
0	6	3	0	2	5	4	3	4	5	2	
0	4	1	3	0	3	2	6	2	4	4	
0	1	3	3	2	0	4	6	4	6	4	
0	6	4	1	3	6	0	4	5	3	3	
0	7	5	7	4	6	6	0	6	5	6	
0	2	4	3	3	1	2	4	0	5	5	
0	4	1	3	5	4	2	5	5	0	2	
0	5	4	4	6	4	4	3	3	7	0	
Tamanho_Tarefas
0	15	13	28	5	29	12	6	18	9	11	
Data_Entrega
0	73	89	63	86	65	92	57	71	70	92	
Penalidade_Atraso
0	20	8	2	14	7	19	3	11	13	11	
Capacidade_Veiculo
72	84	31	69	46	
Custo_Fixo_Veiculo
720	840	310	690	460	
Coordenadas_Clientes
x	0	y	0
x	16	y	0
x	16	y	11
x	5	y	16
x	-4	y	14
x	-16	y	11
x	-24	y	0
x	-12	y	-9
x	-7	y	-21
x	4	y	-14
x	12	y	-9
Tempo_Viagem
0	16	19	16	14	19	24	15	22	14	15	
16	0	11	19	24	33	40	29	31	18	9	
19	11	0	12	20	32	41	34	39	27	20	
16	19	12	0	9	21	33	30	38	30	25	
14	24	20	9	0	12	24	24	35	28	28	
19	33	32	21	12	0	13	20	33	32	34	
24	40	41	33	24	13	0	15	27	31	37	
15	29	34	30	24	20	15	0	13	16	24	
22	31	39	38	35	33	27	13	0	13	22	
14	18	27	30	28	32	31	16	13	0	9	
15	9	20	25	28	34	37	24	22	9	0	
Custo_Viagem
V0
0	230	273	230	201	273	345	216	316	201	216	
230	0	158	273	345	475	576	417	446	259	129	
273	158	0	172	288	460	590	489	561	388	288	
230	273	172	0	129	302	475	432	547	432	360	
201	345	288	129	0	172	345	345	504	417	403	
273	475	460	302	172	0	187	288	475	460	489	
345	576	590	475	345	187	0	216	388	446	532	
216	417	489	432	345	288	216	0	187	230	345	
316	446	561	547	504	475	388	187	0	187	316	
201	259	388	432	417	460	446	230	187	0	129	
216	129	288	360	403	489	532	345	316	129	0	
V1
0	268	319	268	235	319	403	252	369	235	252	
268	0	184	319	403	554	672	487	520	302	151	
319	184	0	201	336	537	688	571	655	453	336	
268	319	201	0	151	352	554	504	638	504	420	
235	403	336	151	0	201	403	403	588	487	470	
319	554	537	352	201	0	218	336	554	537	571	
403	672	688	554	403	218	0	252	453	520	621	
252	487	571	504	403	336	252	0	218	268	403	
369	520	655	638	588	554	453	218	0	218	369	
235	302	453	504	487	537	520	268	218	0	151	
252	151	336	420	470	571	621	403	369	151	0	
V2
0	99	117	99	86	117	148	93	136	86	93	
99	0	68	117	148	204	248	179	192	111	55	
117	68	0	74	124	198	254	210	241	167	124	
99	117	74	0	55	130	204	186	235	186	155	
86	148	124	55	0	74	148	148	217	179	173	
117	204	198	130	74	0	80	124	204	198	210	
148	248	254	204	148	80	0	93	167	192	229	
93	179	210	186	148	124	93	0	80	99	148	
136	192	241	235	217	204	167	80	0	80	136	
86	111	167	186	179	198	192	99	80	0	55	
93	55	124	155	173	210	229	148	136	55	0	
V3
0	220	262	220	193	262	331	207	303	193	207	
220	0	151	262	331	455	552	400	427	248	124	
262	151	0	165	276	441	565	469	538	372	276	
220	262	165	0	124	289	455	414	524	414	345	
193	331	276	124	0	165	331	331	483	400	386	
262	455	441	289	165	0	179	276	455	441	469	
331	552	565	455	331	179	0	207	372	427	510	
207	400	469	414	331	276	207	0	179	220	331	
303	427	538	524	483	455	372	179	0	179	303	
193	248	372	414	400	441	427	220	179	0	124	
207	124	276	345	386	469	510	331	303	124	0	
V4
0	147	174	147	128	174	220	138	202	128	138	
147	0	101	174	220	303	368	266	285	165	82	
174	101	0	110	184	294	377	312	358	248	184	
147	174	110	0	82	193	303	276	349	276	230	
128	220	184	82	0	110	220	220	322	266	257	
174	303	294	193	110	0	119	184	303	294	312	
220	368	377	303	220	119	0	138	248	285	340	
138	266	312	276	220	184	138	0	119	147	220	
202	285	358	349	322	303	248	119	0	119	202	
128	165	248	276	266	294	285	147	119	0	82	
138	82	184	230	257	312	340	220	202	82	0	
Velocidade_Veiculos
1	1	1	1	1	