M: 2
N: 10
Nun_Veiculos: 6
Capacidade_Total: 377
Demanda_Total: 177
Setup_Min: 1
Setup_Max: 99
Raio: 100
Circulos: 1
Tempo_Processamento_Min: 1
Tempo_Processamento_Max: 49
Demanda_Min: 10
Demanda_Max: 30
Priority_Factor: 0.2
Range_Factor_R: 0.8
U_factor: 2
ALpha: 0.2Replicao: 2
Tempos_Processamentos
0	0	1	0	
0	44	1	11	
0	21	1	31	
0	18	1	22	
0	40	1	13	
0	21	1	48	
0	6	1	34	
0	8	1	37	
0	30	1	43	
0	1	1	17	
0	21	1	3	

Tempos_setup
M0
0	0	0	0	0	0	0	0	0	0	0	
0	0	46	21	41	53	25	23	39	41	10	
0	62	0	35	20	54	32	23	52	41	24	
0	71	34	0	50	67	4	21	47	33	22	
0	42	33	25	0	34	29	46	51	28	14	
0	72	35	34	55	0	5	22	51	34	23	
0	67	30	29	50	63	0	17	46	29	18	
0	50	23	12	42	52	9	0	29	18	1	
0	64	11	46	31	53	40	34	0	52	35	
0	67	5	21	25	34	19	28	52	0	29	
0	51	45	11	61	63	15	32	58	44	0	
M1
0	0	0	0	0	0	0	0	0	0	0	
0	0	36	27	32	39	45	43	28	41	39	
0	14	0	23	2	9	38	16	18	14	29	
0	25	52	0	33	20	49	16	29	14	40	
0	33	19	24	0	7	36	14	16	12	27	
0	42	32	17	13	0	29	27	9	25	20	
0	42	28	29	9	16	0	16	5	21	16	
0	45	36	21	17	4	33	0	13	11	24	
0	37	23	24	4	11	32	18	0	16	11	
0	34	38	14	19	6	35	2	15	0	26	
0	37	23	40	25	32	57	33	41	37	0	
Tamanho_Tarefas
0	12	21	20	26	32	10	10	30	8	8	
Data_Entrega
0	273	257	253	215	277	253	250	256	269	272	
Penalidade_Atraso
0	6	15	11	7	13	4	13	2	4	12	
Capacidade_Veiculo
57	40	90	57	41	92	
Custo_Fixo_Veiculo
570	400	900	570	410	920	
Coordenadas_Clientes
x	0	y	0
x	122	y	0
x	80	y	58
x	35	y	108
x	-37	y	115
x	-99	y	72
x	-117	y	0
x	-80	y	-58
x	-34	y	-105
x	26	y	-81
x	91	y	-66
Tempo_Viagem
0	122	98	113	120	122	117	98	110	85	112	
122	0	71	138	196	232	239	210	188	125	72	
98	71	0	67	130	179	205	196	198	149	124	
113	138	67	0	72	138	186	201	223	189	182	
120	196	130	72	0	75	140	178	220	205	221	
122	232	179	138	75	0	74	131	188	197	234	
117	239	205	186	140	74	0	68	133	164	218	
98	210	196	201	178	131	68	0	65	108	171	
110	188	198	223	220	188	133	65	0	64	130	
85	125	149	189	205	197	164	108	64	0	66	
112	72	124	182	221	234	218	171	130	66	0	
Custo_Viagem
V0
0	1390	1117	1288	1368	1390	1333	1117	1254	969	1276	
1390	0	809	1573	2234	2644	2724	2394	2143	1425	820	
1117	809	0	763	1482	2040	2337	2245	2257	1698	1413	
1288	1573	763	0	820	1573	2120	2291	2542	2154	2074	
1368	2234	1482	820	0	855	1596	2029	2508	2337	2519	
1390	2644	2040	1573	855	0	843	1493	2143	2245	2667	
1333	2724	2337	2120	1596	843	0	775	1516	1869	2485	
1117	2394	2245	2291	2029	1493	775	0	741	1231	1949	
1254	2143	2257	2542	2508	2143	1516	741	0	729	1482	
969	1425	1698	2154	2337	2245	1869	1231	729	0	752	
1276	820	1413	2074	2519	2667	2485	1949	1482	752	0	
V1
0	976	784	904	960	976	936	784	880	680	896	
976	0	568	1104	1568	1856	1912	1680	1504	1000	576	
784	568	0	536	1040	1432	1640	1576	1584	1192	992	
904	1104	536	0	576	1104	1488	1608	1784	1512	1456	
960	1568	1040	576	0	600	1120	1424	1760	1640	1768	
976	1856	1432	1104	600	0	592	1048	1504	1576	1872	
936	1912	1640	1488	1120	592	0	544	1064	1312	1744	
784	1680	1576	1608	1424	1048	544	0	520	864	1368	
880	1504	1584	1784	1760	1504	1064	520	0	512	1040	
680	1000	1192	1512	1640	1576	1312	864	512	0	528	
896	576	992	1456	1768	1872	1744	1368	1040	528	0	
V2
0	2196	1764	2034	2160	2196	2106	1764	1980	1530	2016	
2196	0	1278	2484	3528	4176	4302	3780	3384	2250	1296	
1764	1278	0	1206	2340	3222	3690	3546	3564	2682	2232	
2034	2484	1206	0	1296	2484	3348	3618	4014	3402	3276	
2160	3528	2340	1296	0	1350	2520	3204	3960	3690	3978	
2196	4176	3222	2484	1350	0	1332	2358	3384	3546	4212	
2106	4302	3690	3348	2520	1332	0	1224	2394	2952	3924	
1764	3780	3546	3618	3204	2358	1224	0	1170	1944	3078	
1980	3384	3564	4014	3960	3384	2394	1170	0	1152	2340	
1530	2250	2682	3402	3690	3546	2952	1944	1152	0	1188	
2016	1296	2232	3276	3978	4212	3924	3078	2340	1188	0	
V3
0	1390	1117	1288	1368	1390	1333	1117	1254	969	1276	
1390	0	809	1573	2234	2644	2724	2394	2143	1425	820	
1117	809	0	763	1482	2040	2337	2245	2257	1698	1413	
1288	1573	763	0	820	1573	2120	2291	2542	2154	2074	
1368	2234	1482	820	0	855	1596	2029	2508	2337	2519	
1390	2644	2040	1573	855	0	843	1493	2143	2245	2667	
1333	2724	2337	2120	1596	843	0	775	1516	1869	2485	
1117	2394	2245	2291	2029	1493	775	0	741	1231	1949	
1254	2143	2257	2542	2508	2143	1516	741	0	729	1482	
969	1425	1698	2154	2337	2245	1869	1231	729	0	752	
1276	820	1413	2074	2519	2667	2485	1949	1482	752	0	
V4
0	1000	803	926	984	1000	959	803	902	697	918	
1000	0	582	1131	1607	1902	1959	1722	1541	1025	590	
803	582	0	549	1066	1467	1681	1615	1623	1221	1016	
926	1131	549	0	590	1131	1525	1648	1828	1549	1492	
984	1607	1066	590	0	615	1148	1459	1804	1681	1812	
1000	1902	1467	1131	615	0	606	1074	1541	1615	1918	
959	1959	1681	1525	1148	606	0	557	1090	1344	1787	
803	1722	1615	1648	1459	1074	557	0	533	885	1402	
902	1541	1623	1828	1804	1541	1090	533	0	524	1066	
697	1025	1221	1549	1681	1615	1344	885	524	0	541	
918	590	1016	1492	1812	1918	1787	1402	1066	541	0	
V5
0	2244	1803	2079	2208	2244	2152	1803	2024	1564	2060	
2244	0	1306	2539	3606	4268	4397	3864	3459	2300	1324	
1803	1306	0	1232	2392	3293	3772	3624	3643	2741	2281	
2079	2539	1232	0	1324	2539	3422	3698	4103	3477	3348	
2208	3606	2392	1324	0	1380	2576	3275	4048	3772	4066	
2244	4268	3293	2539	1380	0	1361	2410	3459	3624	4305	
2152	4397	3772	3422	2576	1361	0	1251	2447	3017	4011	
1803	3864	3624	3698	3275	2410	1251	0	1196	1987	3146	
2024	3459	3643	4103	4048	3459	2447	1196	0	1177	2392	
1564	2300	2741	3477	3772	3624	3017	1987	1177	0	1214	
2060	1324	2281	3348	4066	4305	4011	3146	2392	1214	0	
Velocidade_Veiculos
1	1	1	1	1	1	