M: 2
N: 10
Nun_Veiculos: 3
Capacidade_Total: 370
Demanda_Total: 233
Setup_Min: 1
Setup_Max: 9
Raio: 20
Circulos: 1
Tempo_Processamento_Min: 1
Tempo_Processamento_Max: 49
Demanda_Min: 10
Demanda_Max: 30
Priority_Factor: 0.2
Range_Factor_R: 0.8
U_factor: 2
ALpha: 0.2Replicao: 4
Tempos_Processamentos
0	0	1	0	
0	36	1	18	
0	25	1	36	
0	8	1	33	
0	47	1	48	
0	22	1	40	
0	32	1	9	
0	36	1	33	
0	23	1	6	
0	16	1	34	
0	13	1	44	

Tempos_setup
M0
0	0	0	0	0	0	0	0	0	0	0	
0	0	3	6	5	7	5	4	4	4	4	
0	2	0	6	4	4	2	4	3	4	1	
0	5	3	0	5	5	1	3	4	4	2	
0	5	3	5	0	4	1	3	4	4	2	
0	3	2	5	2	0	3	5	1	1	3	
0	4	2	4	4	4	0	2	3	3	1	
0	4	2	2	2	5	1	0	4	1	2	
0	2	1	6	3	5	3	5	0	3	2	
0	3	1	4	1	5	2	4	4	0	2	
0	4	3	5	3	3	4	6	2	3	0	
M1
0	0	0	0	0	0	0	0	0	0	0	
0	0	5	5	5	6	7	6	5	4	4	
0	2	0	2	2	1	2	1	1	3	3	
0	1	2	0	4	3	2	3	1	3	5	
0	2	2	1	0	2	3	3	2	4	5	
0	2	4	2	2	0	1	1	3	5	3	
0	2	3	1	3	2	0	1	2	4	3	
0	1	3	3	2	4	5	0	4	4	2	
0	2	3	1	4	2	3	3	0	2	5	
0	2	3	1	5	4	3	4	2	0	4	
0	3	1	3	3	2	3	2	2	2	0	
Tamanho_Tarefas
0	20	29	8	47	30	19	34	9	23	14	
Data_Entrega
0	113	145	126	114	114	143	142	116	75	103	
Penalidade_Atraso
0	12	14	19	17	11	15	10	17	9	3	
Capacidade_Veiculo
131	125	114	
Custo_Fixo_Veiculo
1310	1250	1140	
Coordenadas_Clientes
x	0	y	0
x	17	y	0
x	16	y	12
x	7	y	21
x	-6	y	19
x	-16	y	12
x	-19	y	0
x	-16	y	-11
x	-6	y	-21
x	7	y	-22
x	12	y	-9
Tempo_Viagem
0	17	20	22	19	20	19	19	21	23	15	
17	0	12	23	29	35	36	34	31	23	10	
20	12	0	12	23	32	37	39	39	34	21	
22	23	12	0	13	24	33	39	43	43	30	
19	29	23	13	0	12	23	31	40	42	33	
20	35	32	24	12	0	12	23	34	41	35	
19	36	37	33	23	12	0	11	24	34	32	
19	34	39	39	31	23	11	0	14	25	28	
21	31	39	43	40	34	24	14	0	13	21	
23	23	34	43	42	41	34	25	13	0	13	
15	10	21	30	33	35	32	28	21	13	0	
Custo_Viagem
V0
0	445	524	576	497	524	497	497	550	602	393	
445	0	314	602	759	917	943	890	812	628	262	
524	314	0	314	602	838	969	1021	1021	917	550	
576	602	314	0	340	628	864	1021	1126	1126	786	
497	759	602	340	0	314	602	812	1048	1126	864	
524	917	838	628	314	0	314	602	890	1074	917	
497	943	969	864	602	314	0	288	628	890	838	
497	890	1021	1021	812	602	288	0	366	655	733	
550	812	1021	1126	1048	890	628	366	0	340	550	
602	628	917	1126	1126	1074	890	655	340	0	340	
393	262	550	786	864	917	838	733	550	340	0	
V1
0	425	500	550	475	500	475	475	525	575	375	
425	0	300	575	725	875	900	850	775	600	250	
500	300	0	300	575	800	925	975	975	875	525	
550	575	300	0	325	600	825	975	1075	1075	750	
475	725	575	325	0	300	575	775	1000	1075	825	
500	875	800	600	300	0	300	575	850	1025	875	
475	900	925	825	575	300	0	275	600	850	800	
475	850	975	975	775	575	275	0	350	625	700	
525	775	975	1075	1000	850	600	350	0	325	525	
575	600	875	1075	1075	1025	850	625	325	0	325	
375	250	525	750	825	875	800	700	525	325	0	
V2
0	387	456	501	433	456	433	433	478	524	342	
387	0	273	524	661	798	820	775	706	547	228	
456	273	0	273	524	729	843	889	889	798	478	
501	524	273	0	296	547	752	889	980	980	684	
433	661	524	296	0	273	524	706	912	980	752	
456	798	729	547	273	0	273	524	775	934	798	
433	820	843	752	524	273	0	250	547	775	729	
433	775	889	889	706	524	250	0	319	570	638	
478	706	889	980	912	775	547	319	0	296	478	
524	547	798	980	980	934	775	570	296	0	296	
342	228	478	684	752	798	729	638	478	296	0	
Velocidade_Veiculos
1	1	1	