M: 2
N: 10
Nun_Veiculos: 4
Capacidade_Total: 287
Demanda_Total: 162
Setup_Min: 1
Setup_Max: 9
Raio: 100
Circulos: 1
Tempo_Processamento_Min: 1
Tempo_Processamento_Max: 49
Demanda_Min: 10
Demanda_Max: 30
Priority_Factor: 0.2
Range_Factor_R: 0.8
U_factor: 2
ALpha: 0.2Replicao: 1
Tempos_Processamentos
0	0	1	0	
0	36	1	44	
0	18	1	35	
0	17	1	14	
0	26	1	33	
0	11	1	1	
0	8	1	22	
0	17	1	2	
0	11	1	8	
0	38	1	4	
0	45	1	13	

Tempos_setup
M0
0	0	0	0	0	0	0	0	0	0	0	
0	0	5	1	2	2	4	2	4	1	1	
0	3	0	2	2	3	1	3	3	4	4	
0	5	7	0	4	4	5	2	3	3	4	
0	5	4	1	0	1	3	1	3	4	3	
0	4	6	4	3	0	6	2	6	5	4	
0	2	2	1	2	3	0	3	2	3	3	
0	7	8	4	5	5	8	0	4	5	2	
0	5	4	2	1	2	4	2	0	5	4	
0	2	5	2	1	1	3	2	4	0	3	
0	6	7	4	3	4	6	4	6	4	0	
M1
0	0	0	0	0	0	0	0	0	0	0	
0	0	5	2	4	4	1	3	1	3	4	
0	2	0	1	2	1	1	1	3	3	3	
0	4	3	0	5	3	4	4	4	5	3	
0	4	7	4	0	3	3	4	4	2	6	
0	1	5	3	2	0	2	4	2	4	3	
0	2	4	1	3	3	0	4	3	2	4	
0	3	4	3	2	4	4	0	3	4	2	
0	3	5	2	4	3	1	2	0	3	3	
0	2	5	2	3	1	1	2	2	0	4	
0	3	6	3	4	2	2	3	1	4	0	
Tamanho_Tarefas
0	37	24	14	27	2	10	3	9	7	29	
Data_Entrega
0	224	223	231	217	193	219	188	203	191	217	
Penalidade_Atraso
0	9	4	8	6	10	9	10	5	2	16	
Capacidade_Veiculo
64	81	92	50	
Custo_Fixo_Veiculo
640	810	920	500	
Coordenadas_Clientes
x	0	y	0
x	104	y	0
x	91	y	66
x	23	y	72
x	-33	y	101
x	-83	y	60
x	-95	y	0
x	-99	y	-72
x	-32	y	-100
x	26	y	-80
x	66	y	-48
Tempo_Viagem
0	104	112	75	106	102	95	122	104	84	81	
104	0	67	108	170	196	199	215	168	111	61	
112	67	0	68	128	174	197	234	206	159	116	
75	108	68	0	63	106	138	188	179	152	127	
106	170	128	63	0	64	118	185	201	190	178	
102	196	174	106	64	0	61	132	167	177	183	
95	199	197	138	118	61	0	72	118	145	168	
122	215	234	188	185	132	72	0	72	125	166	
104	168	206	179	201	167	118	72	0	61	110	
84	111	159	152	190	177	145	125	61	0	51	
81	61	116	127	178	183	168	166	110	51	0	
Custo_Viagem
V0
0	1331	1433	960	1356	1305	1216	1561	1331	1075	1036	
1331	0	857	1382	2176	2508	2547	2752	2150	1420	780	
1433	857	0	870	1638	2227	2521	2995	2636	2035	1484	
960	1382	870	0	806	1356	1766	2406	2304	1945	1625	
1356	2176	1638	806	0	819	1510	2368	2572	2432	2278	
1305	2508	2227	1356	819	0	780	1689	2137	2265	2355	
1216	2547	2521	1766	1510	780	0	921	1510	1856	2150	
1561	2752	2995	2406	2368	1689	921	0	921	1600	2124	
1331	2150	2636	2304	2572	2137	1510	921	0	780	1408	
1075	1420	2035	1945	2432	2265	1856	1600	780	0	652	
1036	780	1484	1625	2278	2355	2150	2124	1408	652	0	
V1
0	1684	1814	1215	1717	1652	1539	1976	1684	1360	1312	
1684	0	1085	1749	2754	3175	3223	3483	2721	1798	988	
1814	1085	0	1101	2073	2818	3191	3790	3337	2575	1879	
1215	1749	1101	0	1020	1717	2235	3045	2916	2462	2057	
1717	2754	2073	1020	0	1036	1911	2997	3256	3078	2883	
1652	3175	2818	1717	1036	0	988	2138	2705	2867	2980	
1539	3223	3191	2235	1911	988	0	1166	1911	2349	2721	
1976	3483	3790	3045	2997	2138	1166	0	1166	2025	2689	
1684	2721	3337	2916	3256	2705	1911	1166	0	988	1782	
1360	1798	2575	2462	3078	2867	2349	2025	988	0	826	
1312	988	1879	2057	2883	2980	2721	2689	1782	826	0	
V2
0	1913	2060	1380	1950	1876	1748	2244	1913	1545	1490	
1913	0	1232	1987	3128	3606	3661	3956	3091	2042	1122	
2060	1232	0	1251	2355	3201	3624	4305	3790	2925	2134	
1380	1987	1251	0	1159	1950	2539	3459	3312	2796	2336	
1950	3128	2355	1159	0	1177	2171	3404	3698	3496	3275	
1876	3606	3201	1950	1177	0	1122	2428	3072	3256	3385	
1748	3661	3624	2539	2171	1122	0	1324	2171	2668	3091	
2244	3956	4305	3459	3404	2428	1324	0	1324	2300	3054	
1913	3091	3790	3312	3698	3072	2171	1324	0	1122	2024	
1545	2042	2925	2796	3496	3256	2668	2300	1122	0	938	
1490	1122	2134	2336	3275	3385	3091	3054	2024	938	0	
V3
0	1040	1120	750	1060	1020	950	1220	1040	840	810	
1040	0	670	1080	1700	1960	1990	2150	1680	1110	610	
1120	670	0	680	1280	1740	1970	2340	2060	1590	1160	
750	1080	680	0	630	1060	1380	1880	1800	1520	1270	
1060	1700	1280	630	0	640	1180	1850	2010	1900	1780	
1020	1960	1740	1060	640	0	610	1320	1670	1770	1840	
950	1990	1970	1380	1180	610	0	720	1180	1450	1680	
1220	2150	2340	1880	1850	1320	720	0	720	1250	1660	
1040	1680	2060	1800	2010	1670	1180	720	0	610	1100	
840	1110	1590	1520	1900	1770	1450	1250	610	0	510	
810	610	1160	1270	1780	1840	1680	1660	1100	510	0	
Velocidade_Veiculos
1	1	1	1	