M: 2
N: 10
Nun_Veiculos: 3
Capacidade_Total: 261
Demanda_Total: 196
Setup_Min: 1
Setup_Max: 99
Raio: 20
Circulos: 1
Tempo_Processamento_Min: 1
Tempo_Processamento_Max: 49
Demanda_Min: 10
Demanda_Max: 30
Priority_Factor: 0.2
Range_Factor_R: 0.8
U_factor: 2
ALpha: 0.2Replicao: 2
Tempos_Processamentos
0	0	1	0	
0	38	1	14	
0	7	1	9	
0	1	1	4	
0	43	1	28	
0	21	1	28	
0	22	1	24	
0	29	1	23	
0	9	1	47	
0	28	1	36	
0	46	1	13	

Tempos_setup
M0
0	0	0	0	0	0	0	0	0	0	0	
0	0	36	22	22	30	16	20	19	25	31	
0	21	0	32	26	21	26	21	29	33	35	
0	48	42	0	44	49	35	39	38	43	29	
0	32	21	16	0	14	19	23	3	23	9	
0	18	26	11	18	0	5	9	8	33	25	
0	13	21	6	13	14	0	4	3	28	20	
0	35	30	18	9	23	22	0	12	32	18	
0	29	18	13	26	11	16	20	0	25	17	
0	22	22	15	1	15	9	13	4	0	10	
0	36	24	29	15	29	23	27	18	14	0	
M1
0	0	0	0	0	0	0	0	0	0	0	
0	0	28	43	36	18	39	35	13	20	25	
0	48	0	31	24	6	27	23	24	35	25	
0	28	41	0	49	31	42	16	41	15	50	
0	38	37	31	0	27	17	8	41	27	24	
0	42	10	25	18	0	21	17	18	29	19	
0	48	39	45	47	29	0	46	24	35	36	
0	61	29	34	37	19	30	0	37	48	38	
0	24	15	30	23	5	26	22	0	11	12	
0	13	26	41	34	16	27	33	26	0	35	
0	35	30	50	19	36	17	27	40	24	0	
Tamanho_Tarefas
0	25	7	1	31	24	23	24	16	30	15	
Data_Entrega
0	132	127	122	74	83	151	110	109	131	134	
Penalidade_Atraso
0	15	1	13	9	2	4	6	4	8	18	
Capacidade_Veiculo
91	87	83	
Custo_Fixo_Veiculo
910	870	830	
Coordenadas_Clientes
x	0	y	0
x	20	y	0
x	12	y	9
x	5	y	18
x	-5	y	15
x	-15	y	10
x	-21	y	0
x	-13	y	-9
x	-7	y	-23
x	6	y	-20
x	16	y	-12
Tempo_Viagem
0	20	15	18	15	18	21	15	24	20	20	
20	0	12	23	29	36	41	34	35	24	12	
15	12	0	11	18	27	34	30	37	29	21	
18	23	11	0	10	21	31	32	42	38	31	
15	29	18	10	0	11	21	25	38	35	34	
18	36	27	21	11	0	11	19	33	36	38	
21	41	34	31	21	11	0	12	26	33	38	
15	34	30	32	25	19	12	0	15	21	29	
24	35	37	42	38	33	26	15	0	13	25	
20	24	29	38	35	36	33	21	13	0	12	
20	12	21	31	34	38	38	29	25	12	0	
Custo_Viagem
V0
0	364	273	327	273	327	382	273	436	364	364	
364	0	218	418	527	655	746	618	637	436	218	
273	218	0	200	327	491	618	546	673	527	382	
327	418	200	0	182	382	564	582	764	691	564	
273	527	327	182	0	200	382	455	691	655	618	
327	655	491	382	200	0	200	345	600	655	691	
382	746	618	564	382	200	0	218	473	600	691	
273	618	546	582	455	345	218	0	273	382	527	
436	637	673	764	691	600	473	273	0	236	455	
364	436	527	691	655	655	600	382	236	0	218	
364	218	382	564	618	691	691	527	455	218	0	
V1
0	348	261	313	261	313	365	261	417	348	348	
348	0	208	400	504	626	713	591	609	417	208	
261	208	0	191	313	469	591	522	643	504	365	
313	400	191	0	174	365	539	556	730	661	539	
261	504	313	174	0	191	365	435	661	626	591	
313	626	469	365	191	0	191	330	574	626	661	
365	713	591	539	365	191	0	208	452	574	661	
261	591	522	556	435	330	208	0	261	365	504	
417	609	643	730	661	574	452	261	0	226	435	
348	417	504	661	626	626	574	365	226	0	208	
348	208	365	539	591	661	661	504	435	208	0	
V2
0	332	249	298	249	298	348	249	398	332	332	
332	0	199	381	481	597	680	564	581	398	199	
249	199	0	182	298	448	564	498	614	481	348	
298	381	182	0	166	348	514	531	697	630	514	
249	481	298	166	0	182	348	415	630	597	564	
298	597	448	348	182	0	182	315	547	597	630	
348	680	564	514	348	182	0	199	431	547	630	
249	564	498	531	415	315	199	0	249	348	481	
398	581	614	697	630	547	431	249	0	215	415	
332	398	481	630	597	597	547	348	215	0	199	
332	199	348	514	564	630	630	481	415	199	0	
Velocidade_Veiculos
1	1	1	