M: 2
N: 10
Nun_Veiculos: 4
Capacidade_Total: 391
Demanda_Total: 267
Setup_Min: 1
Setup_Max: 99
Raio: 20
Circulos: 1
Tempo_Processamento_Min: 1
Tempo_Processamento_Max: 49
Demanda_Min: 10
Demanda_Max: 30
Priority_Factor: 0.2
Range_Factor_R: 0.8
U_factor: 2
ALpha: 0.2Replicao: 3
Tempos_Processamentos
0	0	1	0	
0	42	1	44	
0	38	1	34	
0	23	1	20	
0	40	1	49	
0	16	1	9	
0	43	1	35	
0	26	1	3	
0	26	1	5	
0	42	1	37	
0	41	1	13	

Tempos_setup
M0
0	0	0	0	0	0	0	0	0	0	0	
0	0	15	12	18	6	22	18	24	18	8	
0	44	0	22	24	10	27	53	30	22	12	
0	47	3	0	6	13	10	36	12	25	15	
0	61	21	23	0	27	24	50	6	30	24	
0	34	13	12	18	0	17	43	24	12	2	
0	54	10	7	13	20	0	26	19	32	22	
0	45	15	24	1	22	25	0	7	31	24	
0	57	15	17	23	25	18	44	0	37	27	
0	36	5	12	18	15	22	46	24	0	2	
0	40	13	10	16	23	20	46	22	29	0	
M1
0	0	0	0	0	0	0	0	0	0	0	
0	0	35	32	37	26	37	29	21	18	8	
0	22	0	32	59	42	42	34	43	29	30	
0	15	3	0	32	41	22	14	32	28	23	
0	28	45	42	0	54	31	39	43	20	36	
0	22	9	24	49	0	29	21	19	38	24	
0	18	38	50	55	44	0	47	39	35	26	
0	1	6	3	35	27	8	0	22	19	9	
0	26	32	29	61	52	19	26	0	44	5	
0	26	26	23	55	39	33	25	34	0	34	
0	22	27	24	56	48	29	21	13	40	0	
Tamanho_Tarefas
0	43	36	21	42	10	35	14	7	39	20	
Data_Entrega
0	146	133	182	91	169	95	133	155	139	98	
Penalidade_Atraso
0	18	10	18	8	7	8	7	15	7	19	
Capacidade_Veiculo
57	96	115	123	
Custo_Fixo_Veiculo
570	960	1150	1230	
Coordenadas_Clientes
x	0	y	0
x	15	y	0
x	19	y	14
x	7	y	22
x	-6	y	19
x	-19	y	14
x	-24	y	0
x	-18	y	-13
x	-7	y	-22
x	6	y	-20
x	13	y	-9
Tempo_Viagem
0	15	23	23	19	23	24	22	23	20	15	
15	0	14	23	28	36	39	35	31	21	9	
23	14	0	14	25	38	45	45	44	35	23	
23	23	14	0	13	26	38	43	46	42	31	
19	28	25	13	0	13	26	34	41	39	33	
23	36	38	26	13	0	14	27	37	42	38	
24	39	45	38	26	14	0	14	27	36	38	
22	35	45	43	34	27	14	0	14	25	31	
23	31	44	46	41	37	27	14	0	13	23	
20	21	35	42	39	42	36	25	13	0	13	
15	9	23	31	33	38	38	31	23	13	0	
Custo_Viagem
V0
0	171	262	262	216	262	273	250	262	228	171	
171	0	159	262	319	410	444	399	353	239	102	
262	159	0	159	285	433	513	513	501	410	262	
262	262	159	0	148	307	433	490	524	478	353	
216	319	285	148	0	148	296	387	467	456	376	
262	410	433	307	148	0	159	307	421	478	444	
273	444	513	433	296	159	0	159	307	410	433	
250	399	513	490	387	307	159	0	159	285	353	
262	353	501	524	467	421	307	159	0	148	262	
228	239	410	478	456	478	410	285	148	0	148	
171	102	262	353	376	444	433	353	262	148	0	
V1
0	288	441	441	364	441	460	422	441	384	288	
288	0	268	441	537	691	748	672	595	403	172	
441	268	0	268	480	729	864	864	844	691	441	
441	441	268	0	249	518	729	825	883	806	595	
364	537	480	249	0	249	499	652	787	768	633	
441	691	729	518	249	0	268	518	710	806	748	
460	748	864	729	499	268	0	268	518	691	729	
422	672	864	825	652	518	268	0	268	480	595	
441	595	844	883	787	710	518	268	0	249	441	
384	403	691	806	768	806	691	480	249	0	249	
288	172	441	595	633	748	729	595	441	249	0	
V2
0	345	529	529	437	529	552	506	529	460	345	
345	0	322	529	644	828	897	805	713	483	207	
529	322	0	322	575	874	1035	1035	1012	828	529	
529	529	322	0	299	621	874	989	1058	966	713	
437	644	575	299	0	299	598	782	943	920	759	
529	828	874	621	299	0	322	621	851	966	897	
552	897	1035	874	598	322	0	322	621	828	874	
506	805	1035	989	782	621	322	0	322	575	713	
529	713	1012	1058	943	851	621	322	0	299	529	
460	483	828	966	920	966	828	575	299	0	299	
345	207	529	713	759	897	874	713	529	299	0	
V3
0	369	565	565	467	565	590	541	565	492	369	
369	0	344	565	688	885	959	861	762	516	221	
565	344	0	344	615	934	1107	1107	1082	885	565	
565	565	344	0	319	664	934	1057	1131	1033	762	
467	688	615	319	0	319	639	836	1008	984	811	
565	885	934	664	319	0	344	664	910	1033	959	
590	959	1107	934	639	344	0	344	664	885	934	
541	861	1107	1057	836	664	344	0	344	615	762	
565	762	1082	1131	1008	910	664	344	0	319	565	
492	516	885	1033	984	1033	885	615	319	0	319	
369	221	565	762	811	959	934	762	565	319	0	
Velocidade_Veiculos
1	1	1	1	