M: 2
N: 10
Nun_Veiculos: 6
Capacidade_Total: 327
Demanda_Total: 193
Setup_Min: 1
Setup_Max: 9
Raio: 20
Circulos: 1
Tempo_Processamento_Min: 1
Tempo_Processamento_Max: 49
Demanda_Min: 10
Demanda_Max: 30
Priority_Factor: 0.2
Range_Factor_R: 0.8
U_factor: 2
ALpha: 0.2Replicao: 3
Tempos_Processamentos
0	0	1	0	
0	17	1	39	
0	9	1	1	
0	46	1	8	
0	26	1	39	
0	36	1	12	
0	40	1	14	
0	9	1	43	
0	24	1	46	
0	1	1	10	
0	34	1	34	

Tempos_setup
M0
0	0	0	0	0	0	0	0	0	0	0	
0	0	2	2	4	3	4	4	4	4	1	
0	3	0	1	2	1	2	2	2	4	4	
0	3	4	0	4	3	3	2	3	4	4	
0	1	2	3	0	3	1	3	4	4	2	
0	2	3	4	1	0	2	1	1	3	3	
0	3	1	2	3	2	0	2	3	4	4	
0	1	2	3	4	3	1	0	1	2	2	
0	7	6	6	6	5	5	6	0	7	7	
0	4	2	2	4	3	3	3	4	0	5	
0	4	1	1	3	2	3	3	3	5	0	
M1
0	0	0	0	0	0	0	0	0	0	0	
0	0	5	6	5	2	4	3	4	3	1	
0	2	0	4	4	4	6	4	4	5	3	
0	6	6	0	2	3	4	4	4	4	5	
0	5	7	4	0	5	4	5	2	5	6	
0	3	3	4	3	0	2	1	5	1	2	
0	4	4	5	1	1	0	2	3	2	3	
0	5	5	6	5	2	4	0	4	3	1	
0	3	5	8	5	5	4	5	0	3	4	
0	4	2	6	2	2	1	3	4	0	3	
0	4	4	5	4	1	3	2	3	2	0	
Tamanho_Tarefas
0	23	1	9	27	24	27	12	33	3	34	
Data_Entrega
0	117	81	87	66	65	82	114	105	75	116	
Penalidade_Atraso
0	7	2	20	1	4	4	10	18	10	16	
Capacidade_Veiculo
35	69	45	43	52	83	
Custo_Fixo_Veiculo
350	690	450	430	520	830	
Coordenadas_Clientes
x	0	y	0
x	23	y	0
x	12	y	9
x	6	y	20
x	-7	y	21
x	-19	y	14
x	-18	y	0
x	-16	y	-11
x	-7	y	-22
x	6	y	-20
x	20	y	-14
Tempo_Viagem
0	23	15	20	22	23	18	19	23	20	24	
23	0	14	26	36	44	41	40	37	26	14	
15	14	0	12	22	31	31	34	36	29	24	
20	26	12	0	13	25	31	38	43	40	36	
22	36	22	13	0	13	23	33	43	42	44	
23	44	31	25	13	0	14	25	37	42	47	
18	41	31	31	23	14	0	11	24	31	40	
19	40	34	38	33	25	11	0	14	23	36	
23	37	36	43	43	37	24	14	0	13	28	
20	26	29	40	42	42	31	23	13	0	15	
24	14	24	36	44	47	40	36	28	15	0	
Custo_Viagem
V0
0	161	105	140	154	161	126	133	161	140	168	
161	0	98	182	252	308	287	280	259	182	98	
105	98	0	84	154	217	217	238	252	203	168	
140	182	84	0	91	175	217	266	301	280	252	
154	252	154	91	0	91	161	231	301	301	308	
161	308	217	175	91	0	98	175	259	294	336	
126	287	217	217	161	98	0	77	168	217	280	
133	280	238	266	231	175	77	0	98	161	252	
161	259	252	301	301	259	168	98	0	91	196	
140	182	203	280	301	294	217	161	91	0	105	
168	98	168	252	308	336	280	252	196	105	0	
V1
0	317	207	276	303	317	248	262	317	276	331	
317	0	193	358	496	607	565	552	510	358	193	
207	193	0	165	303	427	427	469	496	400	331	
276	358	165	0	179	345	427	524	593	552	496	
303	496	303	179	0	179	317	455	593	593	607	
317	607	427	345	179	0	193	345	510	579	662	
248	565	427	427	317	193	0	151	331	427	552	
262	552	469	524	455	345	151	0	193	317	496	
317	510	496	593	593	510	331	193	0	179	386	
276	358	400	552	593	579	427	317	179	0	207	
331	193	331	496	607	662	552	496	386	207	0	
V2
0	207	135	180	198	207	162	171	207	180	216	
207	0	126	234	324	396	369	360	333	234	126	
135	126	0	108	198	279	279	306	324	261	216	
180	234	108	0	117	225	279	342	387	360	324	
198	324	198	117	0	117	207	297	387	387	396	
207	396	279	225	117	0	126	225	333	378	432	
162	369	279	279	207	126	0	99	216	279	360	
171	360	306	342	297	225	99	0	126	207	324	
207	333	324	387	387	333	216	126	0	117	252	
180	234	261	360	387	378	279	207	117	0	135	
216	126	216	324	396	432	360	324	252	135	0	
V3
0	197	129	172	189	197	154	163	197	172	206	
197	0	120	223	309	378	352	344	318	223	120	
129	120	0	103	189	266	266	292	309	249	206	
172	223	103	0	111	215	266	326	369	344	309	
189	309	189	111	0	111	197	283	369	369	378	
197	378	266	215	111	0	120	215	318	361	412	
154	352	266	266	197	120	0	94	206	266	344	
163	344	292	326	283	215	94	0	120	197	309	
197	318	309	369	369	318	206	120	0	111	240	
172	223	249	344	369	361	266	197	111	0	129	
206	120	206	309	378	412	344	309	240	129	0	
V4
0	239	156	208	228	239	187	197	239	208	249	
239	0	145	270	374	457	426	416	384	270	145	
156	145	0	124	228	322	322	353	374	301	249	
208	270	124	0	135	260	322	395	447	416	374	
228	374	228	135	0	135	239	343	447	447	457	
239	457	322	260	135	0	145	260	384	436	499	
187	426	322	322	239	145	0	114	249	322	416	
197	416	353	395	343	260	114	0	145	239	374	
239	384	374	447	447	384	249	145	0	135	291	
208	270	301	416	447	436	322	239	135	0	156	
249	145	249	374	457	499	416	374	291	156	0	
V5
0	381	249	332	365	381	298	315	381	332	398	
381	0	232	431	597	730	680	664	614	431	232	
249	232	0	199	365	514	514	564	597	481	398	
332	431	199	0	215	415	514	630	713	664	597	
365	597	365	215	0	215	381	547	713	713	730	
381	730	514	415	215	0	232	415	614	697	796	
298	680	514	514	381	232	0	182	398	514	664	
315	664	564	630	547	415	182	0	232	381	597	
381	614	597	713	713	614	398	232	0	215	464	
332	431	481	664	713	697	514	381	215	0	249	
398	232	398	597	730	796	664	597	464	249	0	
Velocidade_Veiculos
1	1	1	1	1	1	