M: 2
N: 10
Nun_Veiculos: 7
Capacidade_Total: 612
Demanda_Total: 284
Setup_Min: 1
Setup_Max: 99
Raio: 100
Circulos: 1
Tempo_Processamento_Min: 1
Tempo_Processamento_Max: 49
Demanda_Min: 10
Demanda_Max: 30
Priority_Factor: 0.2
Range_Factor_R: 0.8
U_factor: 2
ALpha: 0.2Replicao: 1
Tempos_Processamentos
0	0	1	0	
0	49	1	39	
0	11	1	32	
0	44	1	36	
0	37	1	37	
0	17	1	45	
0	9	1	36	
0	18	1	31	
0	27	1	49	
0	45	1	44	
0	45	1	9	

Tempos_setup
M0
0	0	0	0	0	0	0	0	0	0	0	
0	0	20	14	29	12	18	53	11	2	19	
0	31	0	45	57	43	8	60	18	30	50	
0	46	25	0	61	36	21	49	7	43	43	
0	2	22	11	0	14	16	55	13	4	21	
0	10	30	21	39	0	28	44	21	12	7	
0	49	19	60	49	39	0	52	10	22	46	
0	27	33	41	56	39	14	0	24	29	45	
0	39	18	50	54	29	14	42	0	36	36	
0	28	18	38	27	38	26	77	36	0	45	
0	9	29	23	38	21	27	62	20	11	0	
M1
0	0	0	0	0	0	0	0	0	0	0	
0	0	46	14	27	13	24	15	53	25	41	
0	44	0	51	6	50	36	21	52	31	57	
0	65	32	0	38	46	39	32	68	30	27	
0	38	58	45	0	44	30	46	63	25	72	
0	37	33	1	14	0	11	2	40	12	28	
0	26	28	15	3	14	0	16	54	26	42	
0	43	35	30	20	31	17	0	40	43	57	
0	43	6	7	11	6	17	8	0	18	34	
0	59	44	37	21	44	46	41	38	0	64	
0	48	5	35	11	36	22	5	43	36	0	
Tamanho_Tarefas
0	44	14	38	37	28	11	19	29	44	20	
Data_Entrega
0	301	252	215	289	213	286	207	217	237	221	
Penalidade_Atraso
0	1	8	2	16	17	17	13	8	10	7	
Capacidade_Veiculo
92	54	85	109	71	82	119	
Custo_Fixo_Veiculo
920	540	850	1090	710	820	1190	
Coordenadas_Clientes
x	0	y	0
x	89	y	0
x	75	y	54
x	25	y	77
x	-27	y	84
x	-63	y	45
x	-117	y	0
x	-80	y	-58
x	-29	y	-89
x	25	y	-79
x	84	y	-61
Tempo_Viagem
0	89	92	80	88	77	117	98	93	82	103	
89	0	55	100	143	158	206	178	147	101	61	
92	55	0	55	106	138	199	190	176	142	115	
80	100	55	0	52	93	161	171	173	156	150	
88	143	106	52	0	53	123	151	173	170	182	
77	158	138	93	53	0	70	104	138	152	180	
117	206	199	161	123	70	0	68	125	162	210	
98	178	190	171	151	104	68	0	59	107	164	
93	147	176	173	173	138	125	59	0	54	115	
82	101	142	156	170	152	162	107	54	0	61	
103	61	115	150	182	180	210	164	115	61	0	
Custo_Viagem
V0
0	1637	1692	1472	1619	1416	2152	1803	1711	1508	1895	
1637	0	1012	1840	2631	2907	3790	3275	2704	1858	1122	
1692	1012	0	1012	1950	2539	3661	3514	3238	2612	2116	
1472	1840	1012	0	956	1711	2962	3146	3201	2870	2760	
1619	2631	1950	956	0	975	2263	2778	3183	3146	3348	
1416	2907	2539	1711	975	0	1288	1913	2539	2796	3330	
2152	3790	3661	2962	2263	1288	0	1251	2300	2980	3864	
1803	3275	3514	3146	2778	1913	1251	0	1085	1968	3017	
1711	2704	3238	3201	3183	2539	2300	1085	0	993	2134	
1508	1858	2612	2870	3146	2796	2980	1968	993	0	1122	
1895	1122	2116	2760	3348	3330	3864	3017	2134	1122	0	
V1
0	961	993	864	950	831	1263	1058	1004	885	1112	
961	0	594	1080	1544	1706	2224	1922	1587	1090	658	
993	594	0	594	1144	1490	2149	2062	1900	1533	1242	
864	1080	594	0	561	1004	1738	1846	1879	1684	1620	
950	1544	1144	561	0	572	1328	1630	1868	1846	1965	
831	1706	1490	1004	572	0	756	1123	1490	1641	1954	
1263	2224	2149	1738	1328	756	0	734	1350	1749	2268	
1058	1922	2062	1846	1630	1123	734	0	637	1155	1771	
1004	1587	1900	1879	1868	1490	1350	637	0	583	1252	
885	1090	1533	1684	1846	1641	1749	1155	583	0	658	
1112	658	1242	1620	1965	1954	2268	1771	1252	658	0	
V2
0	1513	1564	1360	1496	1309	1989	1666	1581	1394	1751	
1513	0	935	1700	2431	2686	3502	3026	2499	1717	1037	
1564	935	0	935	1802	2346	3383	3247	2992	2414	1955	
1360	1700	935	0	884	1581	2737	2907	2958	2652	2550	
1496	2431	1802	884	0	901	2091	2567	2941	2907	3094	
1309	2686	2346	1581	901	0	1190	1768	2346	2584	3077	
1989	3502	3383	2737	2091	1190	0	1156	2125	2754	3570	
1666	3026	3247	2907	2567	1768	1156	0	1003	1819	2788	
1581	2499	2992	2958	2941	2346	2125	1003	0	918	1972	
1394	1717	2414	2652	2907	2584	2754	1819	918	0	1037	
1751	1037	1955	2550	3094	3077	3570	2788	1972	1037	0	
V3
0	1940	2005	1744	1918	1678	2550	2136	2027	1787	2245	
1940	0	1199	2180	3117	3444	4490	3880	3204	2201	1329	
2005	1199	0	1199	2310	3008	4338	4163	3836	3095	2507	
1744	2180	1199	0	1133	2027	3509	3727	3793	3400	3270	
1918	3117	2310	1133	0	1155	2681	3291	3771	3727	3967	
1678	3444	3008	2027	1155	0	1526	2267	3008	3313	3945	
2550	4490	4338	3509	2681	1526	0	1482	2725	3531	4578	
2136	3880	4163	3727	3291	2267	1482	0	1286	2332	3575	
2027	3204	3836	3793	3771	3008	2725	1286	0	1177	2528	
1787	2201	3095	3400	3727	3313	3531	2332	1177	0	1329	
2245	1329	2507	3270	3967	3945	4578	3575	2528	1329	0	
V4
0	1263	1306	1136	1249	1093	1661	1391	1320	1164	1462	
1263	0	781	1420	2030	2243	2925	2527	2087	1434	866	
1306	781	0	781	1505	1959	2825	2712	2499	2016	1633	
1136	1420	781	0	738	1320	2286	2428	2470	2215	2130	
1249	2030	1505	738	0	752	1746	2144	2456	2428	2584	
1093	2243	1959	1320	752	0	994	1476	1959	2158	2570	
1661	2925	2825	2286	1746	994	0	965	1775	2300	2982	
1391	2527	2712	2428	2144	1476	965	0	837	1519	2328	
1320	2087	2499	2470	2456	1959	1775	837	0	766	1647	
1164	1434	2016	2215	2428	2158	2300	1519	766	0	866	
1462	866	1633	2130	2584	2570	2982	2328	1647	866	0	
V5
0	1459	1508	1312	1443	1262	1918	1607	1525	1344	1689	
1459	0	902	1640	2345	2591	3378	2919	2410	1656	1000	
1508	902	0	902	1738	2263	3263	3132	2886	2328	1886	
1312	1640	902	0	852	1525	2640	2804	2853	2558	2460	
1443	2345	1738	852	0	869	2017	2476	2837	2804	2984	
1262	2591	2263	1525	869	0	1148	1705	2263	2492	2968	
1918	3378	3263	2640	2017	1148	0	1115	2050	2656	3444	
1607	2919	3132	2804	2476	1705	1115	0	967	1754	2689	
1525	2410	2886	2853	2837	2263	2050	967	0	885	1902	
1344	1656	2328	2558	2804	2492	2656	1754	885	0	1000	
1689	1000	1886	2460	2984	2968	3444	2689	1902	1000	0	
V6
0	2118	2189	1904	2094	1832	2784	2332	2213	1951	2451	
2118	0	1309	2380	3403	3760	4902	4236	3498	2403	1451	
2189	1309	0	1309	2522	3284	4736	4545	4188	3379	2737	
1904	2380	1309	0	1237	2213	3831	4069	4141	3712	3570	
2094	3403	2522	1237	0	1261	2927	3593	4117	4069	4331	
1832	3760	3284	2213	1261	0	1666	2475	3284	3617	4307	
2784	4902	4736	3831	2927	1666	0	1618	2975	3855	4998	
2332	4236	4545	4069	3593	2475	1618	0	1404	2546	3903	
2213	3498	4188	4141	4117	3284	2975	1404	0	1285	2760	
1951	2403	3379	3712	4069	3617	3855	2546	1285	0	1451	
2451	1451	2737	3570	4331	4307	4998	3903	2760	1451	0	
Velocidade_Veiculos
1	1	1	1	1	1	1	