M: 2
N: 10
Nun_Veiculos: 6
Capacidade_Total: 498
Demanda_Total: 244
Setup_Min: 1
Setup_Max: 9
Raio: 20
Circulos: 1
Tempo_Processamento_Min: 1
Tempo_Processamento_Max: 49
Demanda_Min: 10
Demanda_Max: 30
Priority_Factor: 0.2
Range_Factor_R: 0.8
U_factor: 2
ALpha: 0.2Replicao: 4
Tempos_Processamentos
0	0	1	0	
0	19	1	10	
0	41	1	49	
0	8	1	47	
0	22	1	8	
0	28	1	40	
0	12	1	20	
0	32	1	49	
0	29	1	14	
0	41	1	35	
0	48	1	18	

Tempos_setup
M0
0	0	0	0	0	0	0	0	0	0	0	
0	0	2	1	2	3	1	2	4	4	2	
0	2	0	3	4	3	3	4	4	4	4	
0	2	3	0	1	4	2	1	3	3	3	
0	4	3	3	0	4	3	4	2	4	3	
0	4	4	3	4	0	3	3	6	1	3	
0	1	1	1	2	2	0	2	3	3	1	
0	2	2	2	3	3	1	0	4	2	2	
0	3	1	1	2	3	3	2	0	4	1	
0	4	4	2	3	3	3	2	5	0	2	
0	3	3	3	1	4	2	4	3	5	0	
M1
0	0	0	0	0	0	0	0	0	0	0	
0	0	3	3	3	2	3	5	2	1	3	
0	4	0	2	5	4	5	4	5	4	3	
0	4	4	0	3	2	3	5	6	2	1	
0	2	5	1	0	3	1	2	4	3	2	
0	3	3	5	6	0	6	7	5	4	6	
0	1	4	3	3	3	0	5	3	2	1	
0	1	4	4	4	3	4	0	3	2	4	
0	5	4	1	3	2	4	5	0	1	2	
0	4	3	2	4	1	5	5	6	0	2	
0	4	4	3	2	2	3	4	6	1	0	
Tamanho_Tarefas
0	12	44	20	11	29	13	34	20	38	23	
Data_Entrega
0	101	121	97	144	106	139	133	90	120	81	
Penalidade_Atraso
0	8	15	1	3	1	8	7	9	5	20	
Capacidade_Veiculo
49	124	77	62	71	115	
Custo_Fixo_Veiculo
490	1240	770	620	710	1150	
Coordenadas_Clientes
x	0	y	0
x	22	y	0
x	15	y	11
x	7	y	23
x	-5	y	16
x	-17	y	12
x	-20	y	0
x	-12	y	-9
x	-7	y	-23
x	6	y	-19
x	16	y	-11
Tempo_Viagem
0	22	18	24	16	20	20	15	24	19	19	
22	0	13	27	31	40	42	35	37	24	12	
18	13	0	14	20	32	36	33	40	31	22	
24	27	14	0	13	25	34	37	48	42	35	
16	31	20	13	0	12	21	25	39	35	34	
20	40	32	25	12	0	12	21	35	38	39	
20	42	36	34	21	12	0	12	26	32	37	
15	35	33	37	25	21	12	0	14	20	28	
24	37	40	48	39	35	26	14	0	13	25	
19	24	31	42	35	38	32	20	13	0	12	
19	12	22	35	34	39	37	28	25	12	0	
Custo_Viagem
V0
0	215	176	235	156	196	196	147	235	186	186	
215	0	127	264	303	392	411	343	362	235	117	
176	127	0	137	196	313	352	323	392	303	215	
235	264	137	0	127	254	343	362	470	411	343	
156	303	196	127	0	117	205	245	382	352	333	
196	392	313	254	117	0	117	205	352	372	392	
196	411	352	343	205	117	0	117	254	313	362	
147	343	323	362	245	205	117	0	137	196	274	
235	362	392	470	382	352	254	137	0	127	245	
186	235	303	411	352	372	313	196	127	0	117	
186	117	215	343	333	392	362	274	245	117	0	
V1
0	545	446	595	396	496	496	372	595	471	471	
545	0	322	669	768	992	1041	868	917	595	297	
446	322	0	347	496	793	892	818	992	768	545	
595	669	347	0	322	644	868	917	1190	1041	868	
396	768	496	322	0	297	520	620	967	892	843	
496	992	793	644	297	0	297	520	892	942	992	
496	1041	892	868	520	297	0	297	644	793	917	
372	868	818	917	620	520	297	0	347	496	694	
595	917	992	1190	967	892	644	347	0	322	620	
471	595	768	1041	892	942	793	496	322	0	297	
471	297	545	868	843	992	917	694	620	297	0	
V2
0	338	277	369	246	308	308	231	369	292	292	
338	0	200	415	477	616	646	539	569	369	184	
277	200	0	215	308	492	554	508	616	477	338	
369	415	215	0	200	400	539	569	739	646	539	
246	477	308	200	0	184	323	385	600	554	523	
308	616	492	400	184	0	184	323	554	585	616	
308	646	554	539	323	184	0	184	400	492	569	
231	539	508	569	385	323	184	0	215	308	431	
369	569	616	739	600	554	400	215	0	200	385	
292	369	477	646	554	585	492	308	200	0	184	
292	184	338	539	523	616	569	431	385	184	0	
V3
0	272	223	297	198	248	248	186	297	235	235	
272	0	161	334	384	496	520	434	458	297	148	
223	161	0	173	248	396	446	409	496	384	272	
297	334	173	0	161	322	434	458	595	520	434	
198	384	248	161	0	148	260	310	483	446	421	
248	496	396	322	148	0	148	260	446	471	496	
248	520	446	434	260	148	0	148	322	396	458	
186	434	409	458	310	260	148	0	173	248	347	
297	458	496	595	483	446	322	173	0	161	310	
235	297	384	520	446	471	396	248	161	0	148	
235	148	272	434	421	496	458	347	310	148	0	
V4
0	312	255	340	227	284	284	213	340	269	269	
312	0	184	383	440	568	596	497	525	340	170	
255	184	0	198	284	454	511	468	568	440	312	
340	383	198	0	184	369	497	525	681	596	497	
227	440	284	184	0	170	298	355	553	511	482	
284	568	454	369	170	0	170	298	511	539	568	
284	596	511	497	298	170	0	170	369	454	525	
213	497	468	525	355	298	170	0	198	284	397	
340	525	568	681	553	511	369	198	0	184	355	
269	340	440	596	511	539	454	284	184	0	170	
269	170	312	497	482	568	525	397	355	170	0	
V5
0	506	414	552	368	460	460	345	552	437	437	
506	0	299	621	713	920	966	805	851	552	276	
414	299	0	322	460	736	828	759	920	713	506	
552	621	322	0	299	598	805	851	1104	966	805	
368	713	460	299	0	276	483	575	897	828	782	
460	920	736	598	276	0	276	483	828	874	920	
460	966	828	805	483	276	0	276	598	736	851	
345	805	759	851	575	483	276	0	322	460	644	
552	851	920	1104	897	828	598	322	0	299	575	
437	552	713	966	828	874	736	460	299	0	276	
437	276	506	805	782	920	851	644	575	276	0	
Velocidade_Veiculos
1	1	1	1	1	1	