M: 2
N: 10
Nun_Veiculos: 5
Capacidade_Total: 414
Demanda_Total: 216
Setup_Min: 1
Setup_Max: 99
Raio: 100
Circulos: 1
Tempo_Processamento_Min: 1
Tempo_Processamento_Max: 49
Demanda_Min: 10
Demanda_Max: 30
Priority_Factor: 0.2
Range_Factor_R: 0.8
U_factor: 2
ALpha: 0.2Replicao: 3
Tempos_Processamentos
0	0	1	0	
0	30	1	15	
0	11	1	42	
0	10	1	3	
0	39	1	35	
0	14	1	15	
0	39	1	38	
0	45	1	34	
0	3	1	34	
0	13	1	46	
0	21	1	5	

Tempos_setup
M0
0	0	0	0	0	0	0	0	0	0	0	
0	0	21	9	18	17	23	10	1	16	13	
0	25	0	4	14	13	11	25	16	31	20	
0	32	40	0	21	20	51	31	22	37	16	
0	32	24	11	0	20	35	13	4	19	16	
0	12	25	12	1	0	35	14	5	20	17	
0	43	47	11	31	31	0	42	33	42	27	
0	19	29	19	8	7	40	0	9	24	3	
0	28	20	24	17	16	31	9	0	15	12	
0	30	5	9	19	18	16	27	21	0	25	
0	16	26	16	5	4	37	15	6	21	0	
M1
0	0	0	0	0	0	0	0	0	0	0	
0	0	36	22	38	29	21	23	43	19	16	
0	14	0	9	32	14	4	16	26	2	3	
0	22	27	0	40	22	12	24	34	10	7	
0	1	12	21	0	26	16	19	38	14	15	
0	15	27	13	36	0	5	17	30	6	7	
0	10	42	28	48	30	0	12	27	21	22	
0	17	36	22	36	18	17	0	39	15	16	
0	12	48	34	50	38	8	20	0	29	28	
0	12	21	7	30	12	2	14	24	0	1	
0	15	20	6	33	15	5	17	27	3	0	
Tamanho_Tarefas
0	22	18	3	35	14	38	38	13	26	9	
Data_Entrega
0	260	250	223	251	239	263	231	249	267	207	
Penalidade_Atraso
0	9	8	6	2	7	13	11	4	10	13	
Capacidade_Veiculo
52	105	100	83	74	
Custo_Fixo_Veiculo
520	1050	1000	830	740	
Coordenadas_Clientes
x	0	y	0
x	101	y	0
x	101	y	73
x	33	y	101
x	-25	y	77
x	-69	y	50
x	-75	y	0
x	-96	y	-69
x	-33	y	-104
x	29	y	-90
x	69	y	-50
Tempo_Viagem
0	101	124	106	80	85	75	118	109	94	85	
101	0	73	121	147	177	176	208	169	115	59	
124	73	0	73	126	171	190	242	222	178	127	
106	121	73	0	62	113	147	213	215	191	155	
80	147	126	62	0	51	91	162	181	174	158	
85	177	171	113	51	0	50	122	158	170	170	
75	176	190	147	91	50	0	72	112	137	152	
118	208	242	213	162	122	72	0	72	126	166	
109	169	222	215	181	158	112	72	0	63	115	
94	115	178	191	174	170	137	126	63	0	56	
85	59	127	155	158	170	152	166	115	56	0	
Custo_Viagem
V0
0	1050	1289	1102	832	884	780	1227	1133	977	884	
1050	0	759	1258	1528	1840	1830	2163	1757	1196	613	
1289	759	0	759	1310	1778	1976	2516	2308	1851	1320	
1102	1258	759	0	644	1185	1528	2215	2236	1986	1612	
832	1528	1310	644	0	530	946	1684	1882	1820	1643	
884	1840	1778	1185	530	0	520	1268	1643	1768	1768	
780	1830	1976	1528	946	520	0	748	1164	1424	1580	
1227	2163	2516	2215	1684	1268	748	0	748	1310	1726	
1133	1757	2308	2236	1882	1643	1164	748	0	655	1196	
977	1196	1851	1986	1820	1768	1424	1310	655	0	582	
884	613	1320	1612	1643	1768	1580	1726	1196	582	0	
V1
0	2121	2604	2226	1680	1785	1575	2478	2289	1974	1785	
2121	0	1533	2541	3087	3717	3696	4368	3549	2415	1239	
2604	1533	0	1533	2646	3591	3990	5082	4662	3738	2667	
2226	2541	1533	0	1302	2394	3087	4473	4515	4011	3255	
1680	3087	2646	1302	0	1071	1911	3402	3801	3675	3318	
1785	3717	3591	2394	1071	0	1050	2562	3318	3570	3570	
1575	3696	3990	3087	1911	1050	0	1512	2352	2877	3192	
2478	4368	5082	4473	3402	2562	1512	0	1512	2646	3486	
2289	3549	4662	4515	3801	3318	2352	1512	0	1323	2415	
1974	2415	3738	4011	3675	3570	2877	2646	1323	0	1176	
1785	1239	2667	3255	3318	3570	3192	3486	2415	1176	0	
V2
0	2020	2480	2120	1600	1700	1500	2360	2180	1880	1700	
2020	0	1460	2420	2940	3540	3520	4160	3380	2300	1180	
2480	1460	0	1460	2520	3420	3800	4840	4440	3560	2540	
2120	2420	1460	0	1240	2280	2940	4260	4300	3820	3100	
1600	2940	2520	1240	0	1020	1820	3240	3620	3500	3160	
1700	3540	3420	2280	1020	0	1000	2440	3160	3400	3400	
1500	3520	3800	2940	1820	1000	0	1440	2240	2740	3040	
2360	4160	4840	4260	3240	2440	1440	0	1440	2520	3320	
2180	3380	4440	4300	3620	3160	2240	1440	0	1260	2300	
1880	2300	3560	3820	3500	3400	2740	2520	1260	0	1120	
1700	1180	2540	3100	3160	3400	3040	3320	2300	1120	0	
V3
0	1676	2058	1759	1328	1411	1245	1958	1809	1560	1411	
1676	0	1211	2008	2440	2938	2921	3452	2805	1909	979	
2058	1211	0	1211	2091	2838	3154	4017	3685	2954	2108	
1759	2008	1211	0	1029	1892	2440	3535	3569	3170	2573	
1328	2440	2091	1029	0	846	1510	2689	3004	2905	2622	
1411	2938	2838	1892	846	0	830	2025	2622	2822	2822	
1245	2921	3154	2440	1510	830	0	1195	1859	2274	2523	
1958	3452	4017	3535	2689	2025	1195	0	1195	2091	2755	
1809	2805	3685	3569	3004	2622	1859	1195	0	1045	1909	
1560	1909	2954	3170	2905	2822	2274	2091	1045	0	929	
1411	979	2108	2573	2622	2822	2523	2755	1909	929	0	
V4
0	1494	1835	1568	1184	1258	1110	1746	1613	1391	1258	
1494	0	1080	1790	2175	2619	2604	3078	2501	1702	873	
1835	1080	0	1080	1864	2530	2812	3581	3285	2634	1879	
1568	1790	1080	0	917	1687	2175	3152	3182	2826	2294	
1184	2175	1864	917	0	754	1346	2397	2678	2590	2338	
1258	2619	2530	1687	754	0	740	1805	2338	2516	2516	
1110	2604	2812	2175	1346	740	0	1065	1657	2027	2249	
1746	3078	3581	3152	2397	1805	1065	0	1065	1864	2456	
1613	2501	3285	3182	2678	2338	1657	1065	0	932	1702	
1391	1702	2634	2826	2590	2516	2027	1864	932	0	828	
1258	873	1879	2294	2338	2516	2249	2456	1702	828	0	
Velocidade_Veiculos
1	1	1	1	1	