M: 2
N: 10
Nun_Veiculos: 5
Capacidade_Total: 365
Demanda_Total: 166
Setup_Min: 1
Setup_Max: 99
Raio: 100
Circulos: 1
Tempo_Processamento_Min: 1
Tempo_Processamento_Max: 49
Demanda_Min: 10
Demanda_Max: 30
Priority_Factor: 0.2
Range_Factor_R: 0.8
U_factor: 2
ALpha: 0.2Replicao: 4
Tempos_Processamentos
0	0	1	0	
0	44	1	18	
0	16	1	26	
0	20	1	4	
0	19	1	3	
0	21	1	30	
0	39	1	31	
0	15	1	16	
0	6	1	2	
0	10	1	38	
0	7	1	44	

Tempos_setup
M0
0	0	0	0	0	0	0	0	0	0	0	
0	0	17	31	31	21	36	27	14	30	45	
0	35	0	27	27	33	21	31	26	13	30	
0	45	39	0	44	34	21	34	34	39	30	
0	16	33	47	0	18	5	18	30	31	14	
0	11	28	42	10	0	15	6	25	19	24	
0	24	41	53	23	13	0	13	38	26	9	
0	20	37	40	19	9	21	0	34	13	22	
0	18	5	17	17	7	22	13	0	18	31	
0	30	30	27	14	21	8	21	44	0	17	
0	24	33	44	23	13	25	4	34	17	0	
M1
0	0	0	0	0	0	0	0	0	0	0	
0	0	15	11	28	38	33	29	40	20	24	
0	14	0	25	35	38	18	43	54	26	38	
0	18	4	0	17	27	22	18	29	9	13	
0	20	6	31	0	22	24	49	60	32	44	
0	23	9	34	31	0	14	52	59	22	47	
0	26	23	37	17	30	0	47	45	8	41	
0	29	27	40	21	34	19	0	11	12	28	
0	19	16	30	10	23	8	40	0	1	34	
0	18	15	29	9	22	33	39	50	0	33	
0	19	23	30	24	14	28	23	22	23	0	
Tamanho_Tarefas
0	22	19	6	11	25	34	15	4	19	11	
Data_Entrega
0	233	261	237	201	192	240	239	256	265	223	
Penalidade_Atraso
0	13	6	15	8	3	17	8	2	3	17	
Capacidade_Veiculo
87	61	49	67	101	
Custo_Fixo_Veiculo
870	610	490	670	1010	
Coordenadas_Clientes
x	0	y	0
x	87	y	0
x	87	y	63
x	31	y	96
x	-23	y	73
x	-83	y	60
x	-86	y	0
x	-101	y	-73
x	-31	y	-96
x	23	y	-72
x	77	y	-56
Tempo_Viagem
0	87	107	100	76	102	86	124	100	75	95	
87	0	63	111	132	180	173	201	152	96	56	
107	63	0	65	110	170	184	231	198	149	119	
100	111	65	0	58	119	151	214	200	168	158	
76	132	110	58	0	61	96	165	169	151	163	
102	180	170	119	61	0	60	134	164	169	197	
86	173	184	151	96	60	0	74	110	130	172	
124	201	231	214	165	134	74	0	73	124	178	
100	152	198	200	169	164	110	73	0	59	115	
75	96	149	168	151	169	130	124	59	0	56	
95	56	119	158	163	197	172	178	115	56	0	
Custo_Viagem
V0
0	1513	1861	1740	1322	1774	1496	2157	1740	1305	1653	
1513	0	1096	1931	2296	3132	3010	3497	2644	1670	974	
1861	1096	0	1131	1914	2958	3201	4036	3445	2592	2070	
1740	1931	1131	0	1009	2070	2627	3723	3497	2923	2749	
1322	2296	1914	1009	0	1061	1670	2871	2940	2644	2836	
1774	3132	2958	2070	1061	0	1044	2331	2853	2940	3427	
1496	3010	3201	2627	1670	1044	0	1287	1914	2262	2992	
2157	3497	4036	3723	2871	2331	1287	0	1270	2157	3097	
1740	2644	3445	3497	2940	2853	1914	1270	0	1026	2001	
1305	1670	2592	2923	2644	2940	2262	2157	1026	0	974	
1653	974	2070	2749	2836	3427	2992	3097	2001	974	0	
V1
0	1061	1305	1220	927	1244	1049	1512	1220	915	1159	
1061	0	768	1354	1610	2196	2110	2452	1854	1171	683	
1305	768	0	793	1342	2074	2244	2830	2415	1817	1451	
1220	1354	793	0	707	1451	1842	2610	2452	2049	1927	
927	1610	1342	707	0	744	1171	2013	2061	1854	1988	
1244	2196	2074	1451	744	0	732	1634	2000	2061	2403	
1049	2110	2244	1842	1171	732	0	902	1342	1586	2098	
1512	2452	2830	2610	2013	1634	902	0	890	1512	2171	
1220	1854	2415	2452	2061	2000	1342	890	0	719	1403	
915	1171	1817	2049	1854	2061	1586	1512	719	0	683	
1159	683	1451	1927	1988	2403	2098	2171	1403	683	0	
V2
0	852	1048	980	744	999	842	1215	980	735	931	
852	0	617	1087	1293	1764	1695	1969	1489	940	548	
1048	617	0	637	1078	1666	1803	2273	1940	1460	1166	
980	1087	637	0	568	1166	1479	2097	1969	1646	1548	
744	1293	1078	568	0	597	940	1617	1656	1489	1597	
999	1764	1666	1166	597	0	588	1313	1607	1656	1930	
842	1695	1803	1479	940	588	0	725	1078	1274	1685	
1215	1969	2273	2097	1617	1313	725	0	715	1215	1744	
980	1489	1940	1969	1656	1607	1078	715	0	578	1127	
735	940	1460	1646	1489	1656	1274	1215	578	0	548	
931	548	1166	1548	1597	1930	1685	1744	1127	548	0	
V3
0	1165	1433	1340	1018	1366	1152	1661	1340	1005	1273	
1165	0	844	1487	1768	2412	2318	2693	2036	1286	750	
1433	844	0	871	1474	2278	2465	3108	2653	1996	1594	
1340	1487	871	0	777	1594	2023	2867	2693	2251	2117	
1018	1768	1474	777	0	817	1286	2211	2264	2036	2184	
1366	2412	2278	1594	817	0	804	1795	2197	2264	2639	
1152	2318	2465	2023	1286	804	0	991	1474	1742	2304	
1661	2693	3108	2867	2211	1795	991	0	978	1661	2385	
1340	2036	2653	2693	2264	2197	1474	978	0	790	1541	
1005	1286	1996	2251	2036	2264	1742	1661	790	0	750	
1273	750	1594	2117	2184	2639	2304	2385	1541	750	0	
V4
0	1757	2161	2020	1535	2060	1737	2504	2020	1515	1919	
1757	0	1272	2242	2666	3636	3494	4060	3070	1939	1131	
2161	1272	0	1313	2222	3434	3716	4686	3999	3009	2403	
2020	2242	1313	0	1171	2403	3050	4322	4060	3393	3191	
1535	2666	2222	1171	0	1232	1939	3333	3413	3070	3292	
2060	3636	3434	2403	1232	0	1212	2706	3312	3413	3979	
1737	3494	3716	3050	1939	1212	0	1494	2222	2626	3474	
2504	4060	4686	4322	3333	2706	1494	0	1474	2504	3595	
2020	3070	3999	4060	3413	3312	2222	1474	0	1191	2323	
1515	1939	3009	3393	3070	3413	2626	2504	1191	0	1131	
1919	1131	2403	3191	3292	3979	3474	3595	2323	1131	0	
Velocidade_Veiculos
1	1	1	1	1	