M: 2
N: 10
Nun_Veiculos: 5
Capacidade_Total: 360
Demanda_Total: 232
Setup_Min: 1
Setup_Max: 9
Raio: 100
Circulos: 1
Tempo_Processamento_Min: 1
Tempo_Processamento_Max: 49
Demanda_Min: 10
Demanda_Max: 30
Priority_Factor: 0.2
Range_Factor_R: 0.8
U_factor: 2
ALpha: 0.2Replicao: 2
Tempos_Processamentos
0	0	1	0	
0	34	1	10	
0	39	1	29	
0	29	1	28	
0	44	1	24	
0	12	1	11	
0	40	1	24	
0	26	1	39	
0	15	1	4	
0	47	1	17	
0	4	1	46	

Tempos_setup
M0
0	0	0	0	0	0	0	0	0	0	0	
0	0	3	8	8	7	8	4	5	7	5	
0	4	0	7	5	6	5	1	3	4	4	
0	5	5	0	3	7	1	3	2	1	3	
0	6	6	7	0	7	2	2	3	2	4	
0	4	2	1	4	0	2	3	1	2	2	
0	4	5	5	2	6	0	4	2	4	2	
0	5	5	6	4	5	4	0	2	3	3	
0	3	3	4	3	5	5	4	0	5	1	
0	4	4	5	4	6	2	2	1	0	2	
0	2	5	5	6	4	6	5	5	4	0	
M1
0	0	0	0	0	0	0	0	0	0	0	
0	0	2	3	3	4	4	1	2	5	3	
0	4	0	4	5	2	4	4	6	3	3	
0	3	2	0	1	4	4	2	2	2	3	
0	2	2	2	0	4	3	1	3	2	4	
0	3	3	3	4	0	2	2	4	1	2	
0	6	2	5	4	4	0	3	5	5	5	
0	4	1	2	2	3	4	0	2	4	3	
0	4	2	2	3	4	2	1	0	3	1	
0	2	3	3	4	5	6	2	4	0	5	
0	3	3	1	2	5	1	3	3	2	0	
Tamanho_Tarefas
0	21	33	28	30	11	30	28	5	22	24	
Data_Entrega
0	271	254	211	239	239	243	258	214	239	222	
Penalidade_Atraso
0	15	4	19	15	2	10	14	14	2	6	
Capacidade_Veiculo
51	82	51	82	94	
Custo_Fixo_Veiculo
510	820	510	820	940	
Coordenadas_Clientes
x	0	y	0
x	90	y	0
x	89	y	65
x	33	y	102
x	-23	y	72
x	-97	y	70
x	-98	y	0
x	-76	y	-55
x	-33	y	-104
x	38	y	-118
x	72	y	-52
Tempo_Viagem
0	90	110	107	75	119	98	93	109	123	88	
90	0	65	116	133	199	188	174	161	128	55	
110	65	0	67	112	186	197	203	208	189	118	
107	116	67	0	63	133	166	191	216	220	158	
75	133	112	63	0	74	103	137	176	198	156	
119	199	186	133	74	0	70	126	185	231	207	
98	188	197	166	103	70	0	59	122	180	177	
93	174	203	191	137	126	59	0	65	130	148	
109	161	208	216	176	185	122	65	0	72	117	
123	128	189	220	198	231	180	130	72	0	74	
88	55	118	158	156	207	177	148	117	74	0	
Custo_Viagem
V0
0	918	1122	1091	765	1213	999	948	1111	1254	897	
918	0	663	1183	1356	2029	1917	1774	1642	1305	561	
1122	663	0	683	1142	1897	2009	2080	2121	1927	1203	
1091	1183	683	0	642	1356	1693	1948	2203	2244	1611	
765	1356	1142	642	0	754	1050	1397	1795	2029	1591	
1213	2029	1897	1356	754	0	714	1285	1887	2356	2121	
999	1917	2009	1693	1050	714	0	601	1244	1836	1805	
948	1774	2080	1948	1397	1285	601	0	663	1326	1509	
1111	1642	2121	2203	1795	1887	1244	663	0	734	1193	
1254	1305	1927	2244	2029	2356	1836	1326	734	0	754	
897	561	1203	1611	1591	2121	1805	1509	1193	754	0	
V1
0	1476	1804	1754	1230	1951	1607	1525	1787	2017	1443	
1476	0	1066	1902	2181	3263	3083	2853	2640	2099	902	
1804	1066	0	1098	1836	3050	3230	3345	3411	3099	1935	
1754	1902	1098	0	1033	2181	2722	3132	3542	3608	2591	
1230	2181	1836	1033	0	1213	1689	2246	2886	3263	2558	
1951	3263	3050	2181	1213	0	1148	2066	3034	3788	3411	
1607	3083	3230	2722	1689	1148	0	967	2000	2952	2902	
1525	2853	3345	3132	2246	2066	967	0	1066	2132	2427	
1787	2640	3411	3542	2886	3034	2000	1066	0	1180	1918	
2017	2099	3099	3608	3263	3788	2952	2132	1180	0	1213	
1443	902	1935	2591	2558	3411	2902	2427	1918	1213	0	
V2
0	918	1122	1091	765	1213	999	948	1111	1254	897	
918	0	663	1183	1356	2029	1917	1774	1642	1305	561	
1122	663	0	683	1142	1897	2009	2080	2121	1927	1203	
1091	1183	683	0	642	1356	1693	1948	2203	2244	1611	
765	1356	1142	642	0	754	1050	1397	1795	2029	1591	
1213	2029	1897	1356	754	0	714	1285	1887	2356	2121	
999	1917	2009	1693	1050	714	0	601	1244	1836	1805	
948	1774	2080	1948	1397	1285	601	0	663	1326	1509	
1111	1642	2121	2203	1795	1887	1244	663	0	734	1193	
1254	1305	1927	2244	2029	2356	1836	1326	734	0	754	
897	561	1203	1611	1591	2121	1805	1509	1193	754	0	
V3
0	1476	1804	1754	1230	1951	1607	1525	1787	2017	1443	
1476	0	1066	1902	2181	3263	3083	2853	2640	2099	902	
1804	1066	0	1098	1836	3050	3230	3345	3411	3099	1935	
1754	1902	1098	0	1033	2181	2722	3132	3542	3608	2591	
1230	2181	1836	1033	0	1213	1689	2246	2886	3263	2558	
1951	3263	3050	2181	1213	0	1148	2066	3034	3788	3411	
1607	3083	3230	2722	1689	1148	0	967	2000	2952	2902	
1525	2853	3345	3132	2246	2066	967	0	1066	2132	2427	
1787	2640	3411	3542	2886	3034	2000	1066	0	1180	1918	
2017	2099	3099	3608	3263	3788	2952	2132	1180	0	1213	
1443	902	1935	2591	2558	3411	2902	2427	1918	1213	0	
V4
0	1692	2068	2011	1410	2237	1842	1748	2049	2312	1654	
1692	0	1222	2180	2500	3741	3534	3271	3026	2406	1034	
2068	1222	0	1259	2105	3496	3703	3835	3910	3553	2218	
2011	2180	1259	0	1184	2500	3120	3590	4060	4136	2970	
1410	2500	2105	1184	0	1391	1936	2575	3308	3741	2932	
2237	3741	3496	2500	1391	0	1316	2368	3478	4342	3910	
1842	3534	3703	3120	1936	1316	0	1109	2293	3384	3327	
1748	3271	3835	3590	2575	2368	1109	0	1222	2444	2782	
2049	3026	3910	4060	3308	3478	2293	1222	0	1353	2199	
2312	2406	3553	4136	3741	4342	3384	2444	1353	0	1391	
1654	1034	2218	2970	2932	3910	3327	2782	2199	1391	0	
Velocidade_Veiculos
1	1	1	1	1	