M: 2
N: 10
Nun_Veiculos: 7
Capacidade_Total: 542
Demanda_Total: 272
Setup_Min: 1
Setup_Max: 9
Raio: 100
Circulos: 1
Tempo_Processamento_Min: 1
Tempo_Processamento_Max: 49
Demanda_Min: 10
Demanda_Max: 30
Priority_Factor: 0.2
Range_Factor_R: 0.8
U_factor: 2
ALpha: 0.2Replicao: 4
Tempos_Processamentos
0	0	1	0	
0	32	1	41	
0	22	1	37	
0	40	1	11	
0	41	1	31	
0	47	1	21	
0	32	1	48	
0	11	1	11	
0	42	1	19	
0	23	1	35	
0	28	1	28	

Tempos_setup
M0
0	0	0	0	0	0	0	0	0	0	0	
0	0	2	1	5	3	4	3	4	3	5	
0	5	0	5	4	6	2	4	7	4	3	
0	3	1	0	4	2	3	2	3	2	4	
0	1	3	2	0	4	5	1	5	4	6	
0	3	5	4	7	0	7	2	4	6	7	
0	4	3	5	6	6	0	7	6	6	5	
0	1	3	2	5	3	5	0	5	4	5	
0	4	6	5	5	7	7	5	0	4	8	
0	1	3	2	3	4	3	2	5	0	6	
0	2	4	3	1	5	6	2	4	4	0	
M1
0	0	0	0	0	0	0	0	0	0	0	
0	0	3	4	5	4	2	3	3	5	7	
0	4	0	1	4	3	4	6	4	5	5	
0	3	4	0	8	6	3	6	5	4	7	
0	7	5	6	0	1	4	6	5	5	5	
0	6	4	5	2	0	3	6	7	4	5	
0	3	1	2	5	4	0	4	5	3	5	
0	5	3	4	3	1	2	0	1	4	6	
0	6	3	3	3	1	4	2	0	3	5	
0	4	5	6	4	2	4	6	4	0	3	
0	5	2	3	3	1	3	7	5	1	0	
Tamanho_Tarefas
0	35	28	25	32	31	37	11	19	26	28	
Data_Entrega
0	305	219	241	302	293	291	302	257	277	303	
Penalidade_Atraso
0	10	13	15	2	16	6	20	3	14	1	
Capacidade_Veiculo
67	43	107	94	85	63	83	
Custo_Fixo_Veiculo
670	430	1070	940	850	630	830	
Coordenadas_Clientes
x	0	y	0
x	107	y	0
x	97	y	71
x	34	y	107
x	-30	y	95
x	-85	y	62
x	-107	y	0
x	-72	y	-52
x	-31	y	-97
x	33	y	-102
x	79	y	-57
Tempo_Viagem
0	107	120	112	99	105	107	88	101	107	97	
107	0	71	129	166	201	214	186	168	126	63	
120	71	0	72	129	182	216	208	211	184	129	
112	129	72	0	65	127	177	191	213	209	170	
99	166	129	65	0	64	122	152	192	206	187	
105	201	182	127	64	0	65	114	167	202	202	
107	214	216	177	122	65	0	62	122	173	194	
88	186	208	191	152	114	62	0	60	116	151	
101	168	211	213	192	167	122	60	0	64	117	
107	126	184	209	206	202	173	116	64	0	64	
97	63	129	170	187	202	194	151	117	64	0	
Custo_Viagem
V0
0	1433	1608	1500	1326	1407	1433	1179	1353	1433	1299	
1433	0	951	1728	2224	2693	2867	2492	2251	1688	844	
1608	951	0	964	1728	2438	2894	2800	2827	2465	1728	
1500	1728	964	0	871	1701	2371	2559	2867	2800	2278	
1326	2224	1728	871	0	857	1634	2036	2572	2760	2505	
1407	2693	2438	1701	857	0	871	1527	2237	2706	2706	
1433	2867	2894	2371	1634	871	0	830	1648	2318	2599	
1179	2492	2800	2559	2036	1527	830	0	804	1554	2023	
1353	2251	2827	2867	2572	2237	1648	804	0	857	1567	
1433	1688	2465	2800	2760	2706	2318	1554	857	0	857	
1299	844	1728	2278	2505	2706	2599	2023	1567	857	0	
V1
0	920	1032	963	851	903	920	756	868	920	834	
920	0	610	1109	1427	1728	1840	1599	1444	1083	541	
1032	610	0	619	1109	1565	1857	1797	1814	1582	1109	
963	1109	619	0	559	1092	1522	1642	1840	1797	1462	
851	1427	1109	559	0	550	1049	1307	1651	1771	1608	
903	1728	1565	1092	550	0	559	980	1436	1737	1737	
920	1840	1857	1522	1049	559	0	533	1057	1487	1668	
756	1599	1797	1642	1307	980	533	0	516	997	1298	
868	1444	1814	1840	1651	1436	1057	516	0	550	1006	
920	1083	1582	1797	1771	1737	1487	997	550	0	550	
834	541	1109	1462	1608	1737	1668	1298	1006	550	0	
V2
0	2289	2568	2396	2118	2247	2289	1883	2161	2289	2075	
2289	0	1519	2760	3552	4301	4579	3980	3595	2696	1348	
2568	1519	0	1540	2760	3894	4622	4472	4515	3937	2760	
2396	2760	1540	0	1391	2717	3787	4087	4579	4472	3638	
2118	3552	2760	1391	0	1369	2610	3252	4108	4408	4001	
2247	4301	3894	2717	1369	0	1391	2439	3573	4322	4322	
2289	4579	4622	3787	2610	1391	0	1326	2632	3702	4151	
1883	3980	4472	4087	3252	2439	1326	0	1284	2482	3231	
2161	3595	4515	4579	4108	3573	2632	1284	0	1369	2503	
2289	2696	3937	4472	4408	4322	3702	2482	1369	0	1369	
2075	1348	2760	3638	4001	4322	4151	3231	2503	1369	0	
V3
0	2011	2256	2105	1861	1974	2011	1654	1898	2011	1823	
2011	0	1334	2425	3120	3778	4023	3496	3158	2368	1184	
2256	1334	0	1353	2425	3421	4060	3929	3966	3459	2425	
2105	2425	1353	0	1222	2387	3327	3590	4023	3929	3196	
1861	3120	2425	1222	0	1203	2293	2857	3609	3872	3515	
1974	3778	3421	2387	1203	0	1222	2143	3139	3797	3797	
2011	4023	4060	3327	2293	1222	0	1165	2312	3252	3647	
1654	3496	3929	3590	2857	2143	1165	0	1128	2180	2838	
1898	3158	3966	4023	3609	3139	2312	1128	0	1203	2199	
2011	2368	3459	3929	3872	3797	3252	2180	1203	0	1203	
1823	1184	2425	3196	3515	3797	3647	2838	2199	1203	0	
V4
0	1819	2040	1904	1683	1785	1819	1496	1717	1819	1649	
1819	0	1207	2193	2822	3417	3638	3162	2856	2142	1071	
2040	1207	0	1224	2193	3094	3672	3553	3587	3128	2193	
1904	2193	1224	0	1105	2159	3009	3247	3638	3553	2890	
1683	2822	2193	1105	0	1088	2074	2584	3264	3502	3179	
1785	3417	3094	2159	1088	0	1105	1938	2839	3434	3434	
1819	3638	3672	3009	2074	1105	0	1054	2091	2941	3298	
1496	3162	3553	3247	2584	1938	1054	0	1020	1972	2567	
1717	2856	3587	3638	3264	2839	2091	1020	0	1088	1989	
1819	2142	3128	3553	3502	3434	2941	1972	1088	0	1088	
1649	1071	2193	2890	3179	3434	3298	2567	1989	1088	0	
V5
0	1348	1512	1411	1247	1323	1348	1108	1272	1348	1222	
1348	0	894	1625	2091	2532	2696	2343	2116	1587	793	
1512	894	0	907	1625	2293	2721	2633	2658	2318	1625	
1411	1625	907	0	819	1600	2230	2406	2696	2633	2142	
1247	2091	1625	819	0	806	1537	1915	2419	2595	2356	
1323	2532	2293	1600	806	0	819	1436	2104	2545	2545	
1348	2696	2721	2230	1537	819	0	781	1549	2179	2444	
1108	2343	2633	2406	1915	1436	781	0	756	1461	1902	
1272	2116	2658	2696	2419	2104	1549	756	0	806	1474	
1348	1587	2318	2633	2595	2545	2179	1461	806	0	806	
1222	793	1625	2142	2356	2545	2444	1902	1474	806	0	
V6
0	1776	1992	1859	1643	1743	1776	1460	1676	1776	1610	
1776	0	1178	2141	2755	3336	3552	3087	2788	2091	1045	
1992	1178	0	1195	2141	3021	3585	3469	3502	3054	2141	
1859	2141	1195	0	1079	2108	2938	3170	3552	3469	2822	
1643	2755	2141	1079	0	1062	2025	2523	3187	3419	3104	
1743	3336	3021	2108	1062	0	1079	1892	2772	3353	3353	
1776	3552	3585	2938	2025	1079	0	1029	2041	2871	3220	
1460	3087	3469	3170	2523	1892	1029	0	996	1925	2506	
1676	2788	3502	3552	3187	2772	2041	996	0	1062	1942	
1776	2091	3054	3469	3419	3353	2871	1925	1062	0	1062	
1610	1045	2141	2822	3104	3353	3220	2506	1942	1062	0	
Velocidade_Veiculos
1	1	1	1	1	1	1	