M: 2
N: 10
Nun_Veiculos: 3
Capacidade_Total: 245
Demanda_Total: 186
Setup_Min: 1
Setup_Max: 99
Raio: 100
Circulos: 1
Tempo_Processamento_Min: 1
Tempo_Processamento_Max: 49
Demanda_Min: 10
Demanda_Max: 30
Priority_Factor: 0.2
Range_Factor_R: 0.8
U_factor: 2
ALpha: 0.2Replicao: 0
Tempos_Processamentos
0	0	1	0	
0	3	1	11	
0	38	1	40	
0	12	1	40	
0	6	1	36	
0	19	1	45	
0	16	1	7	
0	25	1	18	
0	33	1	5	
0	35	1	30	
0	40	1	11	

Tempos_setup
M0
0	0	0	0	0	0	0	0	0	0	0	
0	0	4	39	34	15	4	15	2	18	33	
0	24	0	38	30	11	28	22	18	29	40	
0	42	45	0	48	29	42	31	44	31	49	
0	35	39	44	0	13	39	31	37	31	49	
0	42	32	39	19	0	34	45	44	18	59	
0	8	12	35	38	23	0	23	10	14	41	
0	29	25	52	55	36	33	0	23	31	18	
0	6	2	40	32	13	10	13	0	24	31	
0	24	14	21	34	15	16	36	26	0	41	
0	14	10	43	40	21	18	29	16	32	0	
M1
0	0	0	0	0	0	0	0	0	0	0	
0	0	32	11	25	6	18	20	2	13	10	
0	20	0	27	37	18	38	25	18	25	30	
0	22	44	0	37	18	37	33	24	25	23	
0	39	47	50	0	35	57	59	41	42	49	
0	4	26	15	19	0	22	24	6	7	14	
0	6	28	17	27	12	0	14	8	19	4	
0	20	47	3	40	21	38	0	22	28	26	
0	8	30	9	23	4	26	28	0	11	18	
0	28	54	30	47	28	46	27	30	0	38	
0	2	34	13	23	8	20	10	4	15	0	
Tamanho_Tarefas
0	4	39	13	11	26	8	21	14	32	18	
Data_Entrega
0	215	233	257	249	271	259	215	209	249	255	
Penalidade_Atraso
0	9	1	8	1	10	3	8	1	3	10	
Capacidade_Veiculo
103	72	70	
Custo_Fixo_Veiculo
1030	720	700	
Coordenadas_Clientes
x	0	y	0
x	94	y	0
x	80	y	58
x	28	y	86
x	-35	y	109
x	-76	y	55
x	-121	y	0
x	-94	y	-68
x	-29	y	-90
x	26	y	-82
x	88	y	-64
Tempo_Viagem
0	94	98	90	114	93	121	116	94	86	108	
94	0	59	108	168	178	215	199	152	106	64	
98	59	0	59	125	156	209	214	183	150	122	
90	108	59	0	67	108	172	196	184	168	161	
114	168	125	67	0	67	138	186	199	200	212	
93	178	156	108	67	0	71	124	152	170	201	
121	215	209	172	138	71	0	73	128	168	218	
116	199	214	196	186	124	73	0	68	120	182	
94	152	183	184	199	152	128	68	0	55	119	
86	106	150	168	200	170	168	120	55	0	64	
108	64	122	161	212	201	218	182	119	64	0	
Custo_Viagem
V0
0	1936	2018	1854	2348	1915	2492	2389	1936	1771	2224	
1936	0	1215	2224	3460	3666	4429	4099	3131	2183	1318	
2018	1215	0	1215	2575	3213	4305	4408	3769	3090	2513	
1854	2224	1215	0	1380	2224	3543	4037	3811	3460	3316	
2348	3460	2575	1380	0	1380	2842	3831	4099	4120	4367	
1915	3666	3213	2224	1380	0	1462	2554	3131	3502	4161	
2492	4429	4305	3543	2842	1462	0	1503	2636	3460	4490	
2389	4099	4408	4037	3831	2554	1503	0	1400	2472	3749	
1936	3131	3769	3811	4099	3131	2636	1400	0	1133	2451	
1771	2183	3090	3460	4120	3502	3460	2472	1133	0	1318	
2224	1318	2513	3316	4367	4161	4490	3749	2451	1318	0	
V1
0	1353	1411	1296	1641	1339	1742	1670	1353	1238	1555	
1353	0	849	1555	2419	2563	3096	2865	2188	1526	921	
1411	849	0	849	1800	2246	3009	3081	2635	2160	1756	
1296	1555	849	0	964	1555	2476	2822	2664	2419	2318	
1641	2419	1800	964	0	964	1987	2678	2865	2880	3052	
1339	2563	2246	1555	964	0	1022	1785	2188	2448	2908	
1742	3096	3009	2476	1987	1022	0	1051	1843	2419	3139	
1670	2865	3081	2822	2678	1785	1051	0	979	1728	2620	
1353	2188	2635	2664	2865	2188	1843	979	0	792	1713	
1238	1526	2160	2419	2880	2448	2419	1728	792	0	921	
1555	921	1756	2318	3052	2908	3139	2620	1713	921	0	
V2
0	1316	1372	1260	1596	1302	1694	1624	1316	1204	1512	
1316	0	826	1512	2352	2492	3010	2786	2128	1484	896	
1372	826	0	826	1750	2184	2926	2996	2562	2100	1708	
1260	1512	826	0	938	1512	2408	2744	2590	2352	2254	
1596	2352	1750	938	0	938	1932	2604	2786	2800	2968	
1302	2492	2184	1512	938	0	994	1736	2128	2380	2828	
1694	3010	2926	2408	1932	994	0	1022	1792	2352	3052	
1624	2786	2996	2744	2604	1736	1022	0	952	1680	2548	
1316	2128	2562	2590	2786	2128	1792	952	0	770	1666	
1204	1484	2100	2352	2800	2380	2352	1680	770	0	896	
1512	896	1708	2254	2968	2828	3052	2548	1666	896	0	
Velocidade_Veiculos
1	1	1	