M: 2
N: 10
Nun_Veiculos: 5
Capacidade_Total: 404
Demanda_Total: 228
Setup_Min: 1
Setup_Max: 9
Raio: 20
Circulos: 1
Tempo_Processamento_Min: 1
Tempo_Processamento_Max: 49
Demanda_Min: 10
Demanda_Max: 30
Priority_Factor: 0.2
Range_Factor_R: 0.8
U_factor: 2
ALpha: 0.2Replicao: 4
Tempos_Processamentos
0	0	1	0	
0	7	1	21	
0	19	1	41	
0	26	1	18	
0	35	1	42	
0	12	1	26	
0	17	1	44	
0	2	1	22	
0	45	1	40	
0	41	1	30	
0	16	1	43	

Tempos_setup
M0
0	0	0	0	0	0	0	0	0	0	0	
0	0	2	4	3	4	1	3	3	3	2	
0	4	0	2	3	4	3	1	4	1	3	
0	3	2	0	3	2	4	3	2	2	2	
0	4	2	3	0	5	2	3	4	3	3	
0	2	3	1	3	0	3	4	1	3	2	
0	3	1	3	2	3	0	2	2	2	1	
0	4	3	1	2	3	4	0	3	3	3	
0	1	3	2	2	4	2	4	0	4	1	
0	3	1	3	2	4	2	2	3	0	2	
0	3	3	4	1	5	3	4	2	4	0	
M1
0	0	0	0	0	0	0	0	0	0	0	
0	0	3	6	3	4	5	5	2	1	1	
0	2	0	4	1	2	4	2	4	3	3	
0	2	1	0	1	2	4	3	1	3	1	
0	2	1	3	0	1	3	3	4	3	3	
0	5	3	7	4	0	4	5	4	6	6	
0	3	1	4	2	3	0	1	5	4	4	
0	2	2	3	1	2	4	0	4	3	3	
0	1	1	4	2	3	4	3	0	2	2	
0	4	3	5	2	3	4	4	6	0	5	
0	2	2	5	2	3	5	4	1	2	0	
Tamanho_Tarefas
0	8	29	19	35	14	19	3	42	31	28	
Data_Entrega
0	112	134	153	82	96	106	129	108	121	129	
Penalidade_Atraso
0	4	5	19	9	12	12	2	16	4	17	
Capacidade_Veiculo
122	53	91	49	89	
Custo_Fixo_Veiculo
1220	530	910	490	890	
Coordenadas_Clientes
x	0	y	0
x	24	y	0
x	16	y	11
x	7	y	22
x	-7	y	22
x	-14	y	10
x	-24	y	0
x	-19	y	-13
x	-6	y	-21
x	7	y	-23
x	15	y	-11
Tempo_Viagem
0	24	19	23	23	17	24	23	21	24	18	
24	0	13	27	38	39	48	44	36	28	14	
19	13	0	14	25	30	41	42	38	35	22	
23	27	14	0	14	24	38	43	44	45	33	
23	38	25	14	0	13	27	36	43	47	39	
17	39	30	24	13	0	14	23	32	39	35	
24	48	41	38	27	14	0	13	27	38	40	
23	44	42	43	36	23	13	0	15	27	34	
21	36	38	44	43	32	27	15	0	13	23	
24	28	35	45	47	39	38	27	13	0	14	
18	14	22	33	39	35	40	34	23	14	0	
Custo_Viagem
V0
0	585	463	561	561	414	585	561	512	585	439	
585	0	317	658	927	951	1171	1073	878	683	341	
463	317	0	341	610	732	1000	1024	927	854	536	
561	658	341	0	341	585	927	1049	1073	1098	805	
561	927	610	341	0	317	658	902	1049	1146	951	
414	951	732	585	317	0	341	561	780	951	854	
585	1171	1000	927	658	341	0	317	658	927	976	
561	1073	1024	1049	902	561	317	0	366	658	829	
512	878	927	1073	1049	780	658	366	0	317	561	
585	683	854	1098	1146	951	927	658	317	0	341	
439	341	536	805	951	854	976	829	561	341	0	
V1
0	254	201	243	243	180	254	243	222	254	190	
254	0	137	286	402	413	508	466	381	296	148	
201	137	0	148	265	318	434	445	402	371	233	
243	286	148	0	148	254	402	455	466	477	349	
243	402	265	148	0	137	286	392	455	498	413	
180	413	318	254	137	0	148	243	339	413	371	
254	508	434	402	286	148	0	137	286	402	424	
243	466	445	455	392	243	137	0	159	286	360	
222	381	402	466	455	339	286	159	0	137	243	
254	296	371	477	498	413	402	286	137	0	148	
190	148	233	349	413	371	424	360	243	148	0	
V2
0	436	345	418	418	309	436	418	382	436	327	
436	0	236	491	691	709	873	800	655	509	254	
345	236	0	254	455	546	746	764	691	637	400	
418	491	254	0	254	436	691	782	800	819	600	
418	691	455	254	0	236	491	673	782	855	709	
309	709	546	436	236	0	254	418	582	709	637	
436	873	746	691	491	254	0	236	491	691	728	
418	800	764	782	673	418	236	0	273	491	618	
382	655	691	800	782	582	491	273	0	236	418	
436	509	637	819	855	709	691	491	236	0	254	
327	254	400	600	709	637	728	618	418	254	0	
V3
0	235	186	225	225	166	235	225	205	235	176	
235	0	127	264	372	382	470	431	352	274	137	
186	127	0	137	245	294	401	411	372	343	215	
225	264	137	0	137	235	372	421	431	441	323	
225	372	245	137	0	127	264	362	421	460	382	
166	382	294	235	127	0	137	225	313	382	343	
235	470	401	372	264	137	0	127	264	372	392	
225	431	411	421	362	225	127	0	147	264	333	
205	352	372	431	421	313	264	147	0	127	225	
235	274	343	441	460	382	372	264	127	0	137	
176	137	215	323	382	343	392	333	225	137	0	
V4
0	427	338	409	409	302	427	409	373	427	320	
427	0	231	480	676	694	854	783	640	498	249	
338	231	0	249	445	534	729	747	676	623	391	
409	480	249	0	249	427	676	765	783	801	587	
409	676	445	249	0	231	480	658	765	836	694	
302	694	534	427	231	0	249	409	569	694	623	
427	854	729	676	480	249	0	231	480	676	712	
409	783	747	765	658	409	231	0	267	480	605	
373	640	676	783	765	569	480	267	0	231	409	
427	498	623	801	836	694	676	480	231	0	249	
320	249	391	587	694	623	712	605	409	249	0	
Velocidade_Veiculos
1	1	1	1	1	