M: 2
N: 10
Nun_Veiculos: 3
Capacidade_Total: 212
Demanda_Total: 175
Setup_Min: 1
Setup_Max: 99
Raio: 100
Circulos: 1
Tempo_Processamento_Min: 1
Tempo_Processamento_Max: 49
Demanda_Min: 10
Demanda_Max: 30
Priority_Factor: 0.2
Range_Factor_R: 0.8
U_factor: 2
ALpha: 0.2Replicao: 1
Tempos_Processamentos
0	0	1	0	
0	4	1	25	
0	11	1	34	
0	32	1	36	
0	39	1	34	
0	44	1	5	
0	42	1	12	
0	6	1	49	
0	28	1	2	
0	14	1	29	
0	21	1	4	

Tempos_setup
M0
0	0	0	0	0	0	0	0	0	0	0	
0	0	27	22	17	26	10	20	22	34	26	
0	10	0	7	24	12	17	23	8	16	15	
0	3	23	0	17	5	10	16	1	13	8	
0	7	27	5	0	9	14	20	5	17	9	
0	23	18	21	16	0	9	11	21	8	3	
0	14	34	12	7	16	0	27	12	24	16	
0	17	7	14	15	10	19	0	15	18	13	
0	2	22	21	16	4	9	15	0	12	7	
0	15	24	13	8	17	1	17	13	0	17	
0	25	41	23	18	23	32	34	23	31	0	
M1
0	0	0	0	0	0	0	0	0	0	0	
0	0	27	28	16	20	28	19	22	35	28	
0	5	0	27	20	20	33	14	17	8	28	
0	27	22	0	9	12	30	36	9	30	20	
0	18	13	12	0	4	22	27	21	21	12	
0	25	20	8	17	0	18	25	17	21	8	
0	10	15	21	13	13	0	7	10	23	21	
0	3	8	14	6	6	22	0	3	16	14	
0	28	23	11	20	3	21	28	0	24	11	
0	9	14	19	12	12	28	6	9	0	20	
0	17	12	20	25	25	41	19	22	13	0	
Tamanho_Tarefas
0	12	14	33	34	19	25	13	7	14	4	
Data_Entrega
0	230	227	224	238	197	213	210	220	202	246	
Penalidade_Atraso
0	14	1	18	5	8	9	6	4	11	15	
Capacidade_Veiculo
79	41	92	
Custo_Fixo_Veiculo
790	410	920	
Coordenadas_Clientes
x	0	y	0
x	75	y	0
x	88	y	64
x	24	y	74
x	-36	y	113
x	-87	y	63
x	-99	y	0
x	-65	y	-47
x	-24	y	-75
x	36	y	-112
x	88	y	-64
Tempo_Viagem
0	75	108	77	118	107	99	80	78	117	108	
75	0	65	89	158	173	174	147	124	118	65	
108	65	0	64	133	175	197	188	178	183	128	
77	89	64	0	71	111	143	150	155	186	152	
118	158	133	71	0	71	129	162	188	235	216	
107	173	175	111	71	0	64	112	151	213	215	
99	174	197	143	129	64	0	58	106	175	197	
80	147	188	150	162	112	58	0	49	119	153	
78	124	178	155	188	151	106	49	0	70	112	
117	118	183	186	235	213	175	119	70	0	70	
108	65	128	152	216	215	197	153	112	70	0	
Custo_Viagem
V0
0	1185	1706	1216	1864	1690	1564	1264	1232	1848	1706	
1185	0	1027	1406	2496	2733	2749	2322	1959	1864	1027	
1706	1027	0	1011	2101	2765	3112	2986	2812	2891	2022	
1216	1406	1011	0	1121	1753	2259	2370	2464	2938	2401	
1864	2496	2101	1121	0	1121	2038	2559	2970	3728	3412	
1690	2733	2765	1753	1121	0	1011	1769	2385	3365	3412	
1564	2749	3112	2259	2038	1011	0	916	1674	2765	3112	
1264	2322	2986	2370	2559	1769	916	0	774	1896	2417	
1232	1959	2812	2464	2970	2385	1674	774	0	1106	1769	
1848	1864	2891	2938	3728	3365	2765	1896	1106	0	1106	
1706	1027	2022	2401	3412	3412	3112	2417	1769	1106	0	
V1
0	615	885	631	967	877	811	656	639	959	885	
615	0	533	729	1295	1418	1426	1205	1016	967	533	
885	533	0	524	1090	1435	1615	1549	1459	1500	1049	
631	729	524	0	582	910	1172	1230	1279	1525	1246	
967	1295	1090	582	0	582	1057	1328	1541	1935	1771	
877	1418	1435	910	582	0	524	918	1238	1746	1771	
811	1426	1615	1172	1057	524	0	475	869	1435	1615	
656	1205	1549	1230	1328	918	475	0	401	984	1254	
639	1016	1459	1279	1541	1238	869	401	0	574	918	
959	967	1500	1525	1935	1746	1435	984	574	0	574	
885	533	1049	1246	1771	1771	1615	1254	918	574	0	
V2
0	1380	1987	1416	2171	1968	1821	1472	1435	2152	1987	
1380	0	1196	1637	2907	3183	3201	2704	2281	2171	1196	
1987	1196	0	1177	2447	3220	3624	3477	3275	3367	2355	
1416	1637	1177	0	1306	2042	2631	2760	2870	3422	2796	
2171	2907	2447	1306	0	1306	2373	2980	3459	4342	3974	
1968	3183	3220	2042	1306	0	1177	2060	2778	3919	3974	
1821	3201	3624	2631	2373	1177	0	1067	1950	3220	3624	
1472	2704	3477	2760	2980	2060	1067	0	901	2208	2815	
1435	2281	3275	2870	3459	2778	1950	901	0	1288	2060	
2152	2171	3367	3422	4342	3919	3220	2208	1288	0	1288	
1987	1196	2355	2796	3974	3974	3624	2815	2060	1288	0	
Velocidade_Veiculos
1	1	1	