M: 2
N: 10
Nun_Veiculos: 4
Capacidade_Total: 427
Demanda_Total: 221
Setup_Min: 1
Setup_Max: 9
Raio: 100
Circulos: 1
Tempo_Processamento_Min: 1
Tempo_Processamento_Max: 49
Demanda_Min: 10
Demanda_Max: 30
Priority_Factor: 0.2
Range_Factor_R: 0.8
U_factor: 2
ALpha: 0.2Replicao: 0
Tempos_Processamentos
0	0	1	0	
0	25	1	31	
0	23	1	29	
0	19	1	39	
0	24	1	19	
0	45	1	16	
0	36	1	15	
0	44	1	47	
0	28	1	1	
0	28	1	24	
0	5	1	14	

Tempos_setup
M0
0	0	0	0	0	0	0	0	0	0	0	
0	0	7	4	5	6	4	4	2	5	3	
0	3	0	3	3	2	1	3	3	2	4	
0	1	4	0	5	5	3	4	2	6	4	
0	2	5	1	0	4	4	5	3	3	3	
0	2	5	1	2	0	2	1	3	5	5	
0	4	7	3	4	2	0	3	5	7	7	
0	3	5	2	1	3	1	0	4	4	4	
0	5	5	4	3	4	3	2	0	6	5	
0	3	4	3	3	2	4	3	1	0	2	
0	1	5	1	3	4	4	3	3	2	0	
M1
0	0	0	0	0	0	0	0	0	0	0	
0	0	1	3	2	4	1	4	2	1	3	
0	5	0	4	1	5	5	5	4	2	6	
0	5	5	0	6	5	3	6	4	5	4	
0	4	4	4	0	4	4	4	3	1	5	
0	5	4	4	5	0	3	3	3	3	2	
0	2	2	2	3	3	0	3	1	3	2	
0	4	2	2	3	2	2	0	1	2	1	
0	3	1	1	2	2	1	2	0	2	3	
0	8	6	6	7	3	6	6	5	0	5	
0	6	5	5	6	1	4	4	4	1	0	
Tamanho_Tarefas
0	25	23	25	21	21	19	44	14	24	5	
Data_Entrega
0	278	250	234	266	261	230	272	277	216	214	
Penalidade_Atraso
0	2	4	19	16	1	20	9	20	1	1	
Capacidade_Veiculo
117	88	128	94	
Custo_Fixo_Veiculo
1170	880	1280	940	
Coordenadas_Clientes
x	0	y	0
x	104	y	0
x	84	y	61
x	35	y	108
x	-30	y	93
x	-91	y	66
x	-84	y	0
x	-101	y	-73
x	-32	y	-100
x	30	y	-94
x	65	y	-47
Tempo_Viagem
0	104	103	113	97	112	84	124	104	98	80	
104	0	64	128	163	205	188	217	168	119	61	
103	64	0	67	118	175	178	227	198	164	109	
113	128	67	0	66	132	160	226	217	202	157	
97	163	118	66	0	66	107	180	193	195	169	
112	205	175	132	66	0	66	139	176	200	192	
84	188	178	160	107	66	0	74	112	147	156	
124	217	227	226	180	139	74	0	74	132	168	
104	168	198	217	193	176	112	74	0	62	110	
98	119	164	202	195	200	147	132	62	0	58	
80	61	109	157	169	192	156	168	110	58	0	
Custo_Viagem
V0
0	2433	2410	2644	2269	2620	1965	2901	2433	2293	1872	
2433	0	1497	2995	3814	4797	4399	5077	3931	2784	1427	
2410	1497	0	1567	2761	4095	4165	5335	4633	3837	2550	
2644	2995	1567	0	1544	3088	3744	5288	5101	4726	3673	
2269	3814	2761	1544	0	1544	2503	4212	4516	4586	3954	
2620	4797	4095	3088	1544	0	1544	3252	4118	4680	4492	
1965	4399	4165	3744	2503	1544	0	1731	2620	3439	3650	
2901	5077	5335	5288	4212	3252	1731	0	1731	3088	3931	
2433	3931	4633	5101	4516	4118	2620	1731	0	1450	2574	
2293	2784	3837	4726	4586	4680	3439	3088	1450	0	1357	
1872	1427	2550	3673	3954	4492	3650	3931	2574	1357	0	
V1
0	1830	1812	1988	1707	1971	1478	2182	1830	1724	1408	
1830	0	1126	2252	2868	3608	3308	3819	2956	2094	1073	
1812	1126	0	1179	2076	3080	3132	4012	3484	2886	1918	
1988	2252	1179	0	1161	2323	2816	3977	3836	3555	2763	
1707	2868	2076	1161	0	1161	1883	3168	3396	3449	2974	
1971	3608	3080	2323	1161	0	1161	2446	3097	3520	3379	
1478	3308	3132	2816	1883	1161	0	1302	1971	2587	2745	
2182	3819	4012	3977	3168	2446	1302	0	1302	2323	2956	
1830	2956	3484	3836	3396	3097	1971	1302	0	1091	1936	
1724	2094	2886	3555	3449	3520	2587	2323	1091	0	1020	
1408	1073	1918	2763	2974	3379	2745	2956	1936	1020	0	
V2
0	2662	2636	2892	2483	2867	2150	3174	2662	2508	2048	
2662	0	1638	3276	4172	5248	4812	5555	4300	3046	1561	
2636	1638	0	1715	3020	4480	4556	5836	5068	4198	2790	
2892	3276	1715	0	1689	3379	4096	5785	5580	5171	4019	
2483	4172	3020	1689	0	1689	2739	4608	4940	5017	4326	
2867	5248	4480	3379	1689	0	1689	3558	4505	5120	4915	
2150	4812	4556	4096	2739	1689	0	1894	2867	3763	3993	
3174	5555	5836	5785	4608	3558	1894	0	1894	3379	4300	
2662	4300	5068	5580	4940	4505	2867	1894	0	1587	2816	
2508	3046	4198	5171	5017	5120	3763	3379	1587	0	1484	
2048	1561	2790	4019	4326	4915	3993	4300	2816	1484	0	
V3
0	1955	1936	2124	1823	2105	1579	2331	1955	1842	1504	
1955	0	1203	2406	3064	3854	3534	4079	3158	2237	1146	
1936	1203	0	1259	2218	3290	3346	4286	3722	3083	2049	
2124	2406	1259	0	1240	2481	3008	4248	4098	3797	2951	
1823	3064	2218	1240	0	1240	2011	3384	3628	3684	3177	
2105	3854	3290	2481	1240	0	1240	2613	3308	3760	3609	
1579	3534	3346	3008	2011	1240	0	1391	2105	2763	2932	
2331	4079	4286	4248	3384	2613	1391	0	1391	2481	3158	
1955	3158	3722	4098	3628	3308	2105	1391	0	1165	2068	
1842	2237	3083	3797	3684	3760	2763	2481	1165	0	1090	
1504	1146	2049	2951	3177	3609	2932	3158	2068	1090	0	
Velocidade_Veiculos
1	1	1	1	