M: 2
N: 10
Nun_Veiculos: 4
Capacidade_Total: 314
Demanda_Total: 238
Setup_Min: 1
Setup_Max: 9
Raio: 100
Circulos: 1
Tempo_Processamento_Min: 1
Tempo_Processamento_Max: 49
Demanda_Min: 10
Demanda_Max: 30
Priority_Factor: 0.2
Range_Factor_R: 0.8
U_factor: 2
ALpha: 0.2Replicao: 1
Tempos_Processamentos
0	0	1	0	
0	34	1	20	
0	24	1	10	
0	12	1	18	
0	10	1	19	
0	18	1	13	
0	49	1	42	
0	28	1	35	
0	16	1	28	
0	45	1	36	
0	24	1	27	

Tempos_setup
M0
0	0	0	0	0	0	0	0	0	0	0	
0	0	2	2	2	1	3	3	3	4	5	
0	1	0	1	1	2	3	2	4	2	3	
0	2	4	0	4	3	5	2	5	3	5	
0	2	1	2	0	3	4	1	5	3	4	
0	2	1	2	2	0	4	3	5	3	4	
0	4	3	4	2	3	0	3	6	3	5	
0	3	3	1	4	2	3	0	4	4	4	
0	3	2	2	1	3	4	1	0	4	5	
0	5	4	4	3	3	3	4	3	0	2	
0	3	2	3	3	1	3	4	6	4	0	
M1
0	0	0	0	0	0	0	0	0	0	0	
0	0	5	2	3	5	3	2	2	3	5	
0	6	0	4	4	7	4	5	2	3	2	
0	3	3	0	1	5	1	2	2	3	5	
0	2	4	1	0	4	2	1	2	2	4	
0	2	3	3	2	0	4	1	4	2	4	
0	4	2	6	5	4	0	3	4	4	4	
0	1	5	3	2	3	4	0	3	1	3	
0	5	3	4	3	6	2	4	0	5	5	
0	3	4	2	1	5	3	2	2	0	5	
0	5	2	2	3	7	3	4	2	4	0	
Tamanho_Tarefas
0	25	16	12	14	14	44	31	18	40	24	
Data_Entrega
0	255	254	212	216	256	246	248	229	206	235	
Penalidade_Atraso
0	12	1	1	7	10	16	7	12	10	5	
Capacidade_Veiculo
57	113	77	67	
Custo_Fixo_Veiculo
570	1130	770	670	
Coordenadas_Clientes
x	0	y	0
x	103	y	0
x	75	y	54
x	29	y	90
x	-29	y	91
x	-72	y	52
x	-123	y	0
x	-83	y	-60
x	-29	y	-90
x	36	y	-111
x	60	y	-44
Tempo_Viagem
0	103	92	94	95	88	123	102	94	116	74	
103	0	60	116	160	182	226	195	159	129	61	
92	60	0	58	110	147	205	194	177	169	99	
94	116	58	0	58	107	176	187	188	201	137	
95	160	110	58	0	58	130	160	181	211	161	
88	182	147	107	58	0	72	112	148	195	162	
123	226	205	176	130	72	0	72	130	193	188	
102	195	194	187	160	112	72	0	61	129	143	
94	159	177	188	181	148	130	61	0	68	100	
116	129	169	201	211	195	193	129	68	0	71	
74	61	99	137	161	162	188	143	100	71	0	
Custo_Viagem
V0
0	1174	1048	1071	1083	1003	1402	1162	1071	1322	843	
1174	0	684	1322	1824	2074	2576	2223	1812	1470	695	
1048	684	0	661	1254	1675	2337	2211	2017	1926	1128	
1071	1322	661	0	661	1219	2006	2131	2154	2291	1561	
1083	1824	1254	661	0	661	1482	1824	2063	2416	1835	
1003	2074	1675	1219	661	0	820	1276	1687	2223	1858	
1402	2576	2337	2006	1482	820	0	820	1482	2200	2143	
1162	2223	2211	2131	1824	1276	820	0	695	1470	1630	
1071	1812	2017	2154	2063	1687	1482	695	0	775	1140	
1322	1470	1926	2291	2416	2223	2200	1470	775	0	809	
843	695	1128	1561	1835	1858	2143	1630	1140	809	0	
V1
0	2327	2079	2124	2147	1988	2779	2305	2124	2621	1672	
2327	0	1356	2621	3616	4113	5107	4407	3593	2915	1378	
2079	1356	0	1310	2486	3322	4633	4384	4000	3819	2237	
2124	2621	1310	0	1310	2418	3977	4226	4271	4542	3096	
2147	3616	2486	1310	0	1310	2938	3616	4090	4791	3638	
1988	4113	3322	2418	1310	0	1627	2531	3344	4407	3683	
2779	5107	4633	3977	2938	1627	0	1627	2938	4361	4248	
2305	4407	4384	4226	3616	2531	1627	0	1378	2915	3231	
2124	3593	4000	4271	4090	3344	2938	1378	0	1536	2260	
2621	2915	3819	4542	4791	4407	4361	2915	1536	0	1604	
1672	1378	2237	3096	3638	3683	4248	3231	2260	1604	0	
V2
0	1586	1416	1447	1463	1355	1894	1570	1447	1786	1139	
1586	0	924	1786	2464	2802	3480	3003	2448	1986	939	
1416	924	0	893	1694	2263	3157	2987	2725	2602	1524	
1447	1786	893	0	893	1647	2710	2879	2910	3095	2109	
1463	2464	1694	893	0	893	2002	2464	2787	3264	2479	
1355	2802	2263	1647	893	0	1108	1724	2279	3003	2510	
1894	3480	3157	2710	2002	1108	0	1108	2002	2972	2895	
1570	3003	2987	2879	2464	1724	1108	0	939	1986	2202	
1447	2448	2725	2910	2787	2279	2002	939	0	1047	1540	
1786	1986	2602	3095	3264	3003	2972	1986	1047	0	1093	
1139	939	1524	2109	2479	2510	2895	2202	1540	1093	0	
V3
0	1380	1232	1259	1273	1179	1648	1366	1259	1554	991	
1380	0	804	1554	2144	2438	3028	2613	2130	1728	817	
1232	804	0	777	1474	1969	2747	2599	2371	2264	1326	
1259	1554	777	0	777	1433	2358	2505	2532	2693	1835	
1273	2144	1474	777	0	777	1742	2144	2425	2840	2157	
1179	2438	1969	1433	777	0	964	1500	1983	2613	2184	
1648	3028	2747	2358	1742	964	0	964	1742	2586	2519	
1366	2613	2599	2505	2144	1500	964	0	817	1728	1916	
1259	2130	2371	2532	2425	1983	1742	817	0	911	1340	
1554	1728	2264	2693	2840	2613	2586	1728	911	0	951	
991	817	1326	1835	2157	2184	2519	1916	1340	951	0	
Velocidade_Veiculos
1	1	1	1	