M: 2
N: 10
Nun_Veiculos: 4
Capacidade_Total: 230
Demanda_Total: 172
Setup_Min: 1
Setup_Max: 9
Raio: 20
Circulos: 1
Tempo_Processamento_Min: 1
Tempo_Processamento_Max: 49
Demanda_Min: 10
Demanda_Max: 30
Priority_Factor: 0.2
Range_Factor_R: 0.8
U_factor: 2
ALpha: 0.2Replicao: 1
Tempos_Processamentos
0	0	1	0	
0	43	1	32	
0	42	1	29	
0	31	1	23	
0	42	1	18	
0	7	1	38	
0	23	1	11	
0	20	1	1	
0	44	1	5	
0	3	1	42	
0	36	1	11	

Tempos_setup
M0
0	0	0	0	0	0	0	0	0	0	0	
0	0	3	6	2	4	4	5	3	4	6	
0	5	0	7	4	3	2	3	4	5	5	
0	4	4	0	3	2	1	2	3	1	4	
0	6	1	7	0	4	3	4	2	6	6	
0	3	5	7	4	0	2	3	3	3	2	
0	4	3	8	2	1	0	1	2	3	3	
0	3	5	8	4	3	2	0	1	5	5	
0	5	4	7	3	2	4	5	0	5	4	
0	4	4	8	3	1	3	1	2	0	3	
0	5	5	5	4	2	4	2	3	1	0	
M1
0	0	0	0	0	0	0	0	0	0	0	
0	0	4	4	5	6	1	3	4	5	5	
0	3	0	6	4	2	4	6	6	4	6	
0	5	3	0	6	4	5	1	2	3	3	
0	1	5	5	0	4	2	4	5	5	6	
0	2	2	4	6	0	3	4	4	2	5	
0	6	3	3	7	5	0	2	3	4	4	
0	4	2	1	5	3	4	0	1	2	2	
0	3	4	3	6	2	3	3	0	1	1	
0	6	4	3	7	5	4	2	3	0	4	
0	2	6	6	7	4	3	5	6	4	0	
Tamanho_Tarefas
0	36	30	25	21	10	12	5	11	8	14	
Data_Entrega
0	108	101	104	81	84	97	113	108	76	62	
Penalidade_Atraso
0	7	15	2	5	8	6	14	11	6	3	
Capacidade_Veiculo
51	89	50	40	
Custo_Fixo_Veiculo
510	890	500	400	
Coordenadas_Clientes
x	0	y	0
x	20	y	0
x	15	y	11
x	6	y	19
x	-5	y	17
x	-20	y	14
x	-17	y	0
x	-19	y	-13
x	-4	y	-14
x	7	y	-23
x	16	y	-11
Tempo_Viagem
0	20	18	19	17	24	17	23	14	24	19	
20	0	12	23	30	42	37	41	27	26	11	
18	12	0	12	20	35	33	41	31	34	22	
19	23	12	0	11	26	29	40	33	42	31	
17	30	20	11	0	15	20	33	31	41	35	
24	42	35	26	15	0	14	27	32	45	43	
17	37	33	29	20	14	0	13	19	33	34	
23	41	41	40	33	27	13	0	15	27	35	
14	27	31	33	31	32	19	15	0	14	20	
24	26	34	42	41	45	33	27	14	0	15	
19	11	22	31	35	43	34	35	20	15	0	
Custo_Viagem
V0
0	204	183	193	173	244	173	234	142	244	193	
204	0	122	234	306	428	377	418	275	265	112	
183	122	0	122	204	357	336	418	316	346	224	
193	234	122	0	112	265	295	408	346	428	316	
173	306	204	112	0	153	204	336	316	418	357	
244	428	357	265	153	0	142	275	326	459	438	
173	377	336	295	204	142	0	132	193	336	346	
234	418	418	408	336	275	132	0	153	275	357	
142	275	316	346	316	326	193	153	0	142	204	
244	265	346	428	418	459	336	275	142	0	153	
193	112	224	316	357	438	346	357	204	153	0	
V1
0	356	320	338	302	427	302	409	249	427	338	
356	0	213	409	534	747	658	729	480	462	195	
320	213	0	213	356	623	587	729	551	605	391	
338	409	213	0	195	462	516	712	605	747	551	
302	534	356	195	0	267	356	587	551	729	623	
427	747	623	462	267	0	249	480	569	801	765	
302	658	587	516	356	249	0	231	338	587	605	
409	729	729	712	587	480	231	0	267	480	623	
249	480	551	605	551	569	338	267	0	249	356	
427	462	605	747	729	801	587	480	249	0	267	
338	195	391	551	623	765	605	623	356	267	0	
V2
0	200	180	190	170	240	170	230	140	240	190	
200	0	120	230	300	420	370	410	270	260	110	
180	120	0	120	200	350	330	410	310	340	220	
190	230	120	0	110	260	290	400	340	420	310	
170	300	200	110	0	150	200	330	310	410	350	
240	420	350	260	150	0	140	270	320	450	430	
170	370	330	290	200	140	0	130	190	330	340	
230	410	410	400	330	270	130	0	150	270	350	
140	270	310	340	310	320	190	150	0	140	200	
240	260	340	420	410	450	330	270	140	0	150	
190	110	220	310	350	430	340	350	200	150	0	
V3
0	160	144	152	136	192	136	184	112	192	152	
160	0	96	184	240	336	296	328	216	208	88	
144	96	0	96	160	280	264	328	248	272	176	
152	184	96	0	88	208	232	320	272	336	248	
136	240	160	88	0	120	160	264	248	328	280	
192	336	280	208	120	0	112	216	256	360	344	
136	296	264	232	160	112	0	104	152	264	272	
184	328	328	320	264	216	104	0	120	216	280	
112	216	248	272	248	256	152	120	0	112	160	
192	208	272	336	328	360	264	216	112	0	120	
152	88	176	248	280	344	272	280	160	120	0	
Velocidade_Veiculos
1	1	1	1	