M: 2
N: 10
Nun_Veiculos: 6
Capacidade_Total: 474
Demanda_Total: 277
Setup_Min: 1
Setup_Max: 9
Raio: 20
Circulos: 1
Tempo_Processamento_Min: 1
Tempo_Processamento_Max: 49
Demanda_Min: 10
Demanda_Max: 30
Priority_Factor: 0.2
Range_Factor_R: 0.8
U_factor: 2
ALpha: 0.2Replicao: 1
Tempos_Processamentos
0	0	1	0	
0	49	1	47	
0	25	1	37	
0	17	1	34	
0	19	1	38	
0	43	1	48	
0	13	1	39	
0	3	1	44	
0	3	1	13	
0	28	1	14	
0	48	1	45	

Tempos_setup
M0
0	0	0	0	0	0	0	0	0	0	0	
0	0	2	1	1	5	4	5	3	3	3	
0	2	0	3	3	4	2	6	3	4	3	
0	6	4	0	6	7	5	6	5	4	7	
0	3	1	4	0	4	3	4	2	3	4	
0	1	3	1	2	0	1	2	3	2	3	
0	1	3	2	2	2	0	4	3	3	2	
0	3	2	4	1	4	2	0	3	4	4	
0	3	4	2	3	3	4	3	0	1	4	
0	4	3	3	2	3	4	2	1	0	5	
0	3	1	1	3	3	2	3	1	1	0	
M1
0	0	0	0	0	0	0	0	0	0	0	
0	0	3	2	1	4	3	4	3	2	2	
0	2	0	4	3	4	3	1	4	2	4	
0	3	3	0	4	2	2	4	3	4	3	
0	3	2	5	0	6	2	3	2	1	5	
0	3	1	3	4	0	4	2	5	3	2	
0	1	1	3	2	5	0	2	4	3	3	
0	1	4	3	2	3	3	0	3	3	3	
0	2	2	3	3	4	1	3	0	4	4	
0	2	1	4	3	5	1	2	5	0	4	
0	1	4	3	2	3	3	5	4	3	0	
Tamanho_Tarefas
0	47	31	25	26	43	18	22	3	16	46	
Data_Entrega
0	87	119	136	167	105	120	151	171	152	95	
Penalidade_Atraso
0	11	10	19	3	15	10	7	9	3	1	
Capacidade_Veiculo
59	105	78	86	49	97	
Custo_Fixo_Veiculo
590	1050	780	860	490	970	
Coordenadas_Clientes
x	0	y	0
x	24	y	0
x	13	y	9
x	7	y	22
x	-7	y	21
x	-16	y	12
x	-18	y	0
x	-19	y	-13
x	-7	y	-23
x	6	y	-19
x	16	y	-12
Tempo_Viagem
0	24	15	23	22	20	18	23	24	19	20	
24	0	14	27	37	41	42	44	38	26	14	
15	14	0	14	23	29	32	38	37	28	21	
23	27	14	0	14	25	33	43	47	41	35	
22	37	23	14	0	12	23	36	44	41	40	
20	41	29	25	12	0	12	25	36	38	40	
18	42	32	33	23	12	0	13	25	30	36	
23	44	38	43	36	25	13	0	15	25	35	
24	38	37	47	44	36	25	15	0	13	25	
19	26	28	41	41	38	30	25	13	0	12	
20	14	21	35	40	40	36	35	25	12	0	
Custo_Viagem
V0
0	283	177	271	259	236	212	271	283	224	236	
283	0	165	318	436	483	495	519	448	306	165	
177	165	0	165	271	342	377	448	436	330	247	
271	318	165	0	165	295	389	507	554	483	413	
259	436	271	165	0	141	271	424	519	495	472	
236	483	342	295	141	0	141	295	424	448	472	
212	495	377	389	271	141	0	153	295	354	424	
271	519	448	507	424	295	153	0	177	295	413	
283	448	436	554	519	424	295	177	0	153	295	
224	306	330	483	495	448	354	295	153	0	141	
236	165	247	413	472	472	424	413	295	141	0	
V1
0	504	315	483	462	420	378	483	504	399	420	
504	0	294	567	777	861	882	924	798	546	294	
315	294	0	294	483	609	672	798	777	588	441	
483	567	294	0	294	525	693	903	987	861	735	
462	777	483	294	0	252	483	756	924	882	840	
420	861	609	525	252	0	252	525	756	798	840	
378	882	672	693	483	252	0	273	525	630	756	
483	924	798	903	756	525	273	0	315	525	735	
504	798	777	987	924	756	525	315	0	273	525	
399	546	588	861	882	798	630	525	273	0	252	
420	294	441	735	840	840	756	735	525	252	0	
V2
0	374	234	358	343	312	280	358	374	296	312	
374	0	218	421	577	639	655	686	592	405	218	
234	218	0	218	358	452	499	592	577	436	327	
358	421	218	0	218	390	514	670	733	639	546	
343	577	358	218	0	187	358	561	686	655	624	
312	639	452	390	187	0	187	390	561	592	624	
280	655	499	514	358	187	0	202	390	468	561	
358	686	592	670	561	390	202	0	234	390	546	
374	592	577	733	686	561	390	234	0	202	390	
296	405	436	639	655	592	468	390	202	0	187	
312	218	327	546	624	624	561	546	390	187	0	
V3
0	412	258	395	378	344	309	395	412	326	344	
412	0	240	464	636	705	722	756	653	447	240	
258	240	0	240	395	498	550	653	636	481	361	
395	464	240	0	240	430	567	739	808	705	602	
378	636	395	240	0	206	395	619	756	722	688	
344	705	498	430	206	0	206	430	619	653	688	
309	722	550	567	395	206	0	223	430	516	619	
395	756	653	739	619	430	223	0	258	430	602	
412	653	636	808	756	619	430	258	0	223	430	
326	447	481	705	722	653	516	430	223	0	206	
344	240	361	602	688	688	619	602	430	206	0	
V4
0	235	147	225	215	196	176	225	235	186	196	
235	0	137	264	362	401	411	431	372	254	137	
147	137	0	137	225	284	313	372	362	274	205	
225	264	137	0	137	245	323	421	460	401	343	
215	362	225	137	0	117	225	352	431	411	392	
196	401	284	245	117	0	117	245	352	372	392	
176	411	313	323	225	117	0	127	245	294	352	
225	431	372	421	352	245	127	0	147	245	343	
235	372	362	460	431	352	245	147	0	127	245	
186	254	274	401	411	372	294	245	127	0	117	
196	137	205	343	392	392	352	343	245	117	0	
V5
0	465	291	446	426	388	349	446	465	368	388	
465	0	271	523	717	795	814	853	737	504	271	
291	271	0	271	446	562	620	737	717	543	407	
446	523	271	0	271	485	640	834	911	795	679	
426	717	446	271	0	232	446	698	853	814	776	
388	795	562	485	232	0	232	485	698	737	776	
349	814	620	640	446	232	0	252	485	582	698	
446	853	737	834	698	485	252	0	291	485	679	
465	737	717	911	853	698	485	291	0	252	485	
368	504	543	795	814	737	582	485	252	0	232	
388	271	407	679	776	776	698	679	485	232	0	
Velocidade_Veiculos
1	1	1	1	1	1	