M: 2
N: 10
Nun_Veiculos: 5
Capacidade_Total: 399
Demanda_Total: 231
Setup_Min: 1
Setup_Max: 99
Raio: 100
Circulos: 1
Tempo_Processamento_Min: 1
Tempo_Processamento_Max: 49
Demanda_Min: 10
Demanda_Max: 30
Priority_Factor: 0.2
Range_Factor_R: 0.8
U_factor: 2
ALpha: 0.2Replicao: 3
Tempos_Processamentos
0	0	1	0	
0	33	1	36	
0	32	1	30	
0	45	1	3	
0	25	1	9	
0	47	1	32	
0	10	1	45	
0	24	1	17	
0	29	1	36	
0	14	1	34	
0	18	1	12	

Tempos_setup
M0
0	0	0	0	0	0	0	0	0	0	0	
0	0	29	10	7	15	20	5	4	9	1	
0	12	0	6	7	11	16	1	4	16	8	
0	37	29	0	16	5	10	29	13	10	10	
0	28	32	21	0	15	25	22	4	9	1	
0	32	36	31	11	0	36	26	8	13	5	
0	37	41	25	9	24	0	20	13	18	10	
0	27	24	5	6	10	15	0	3	15	7	
0	24	28	23	3	11	28	18	0	12	4	
0	46	43	24	25	29	25	19	22	0	24	
0	27	31	26	6	14	31	21	3	8	0	
M1
0	0	0	0	0	0	0	0	0	0	0	
0	0	31	44	44	46	3	4	31	42	17	
0	10	0	41	13	49	9	8	4	16	9	
0	16	6	0	19	8	15	14	10	22	15	
0	18	8	47	0	55	17	16	12	24	17	
0	28	55	68	68	0	27	28	47	66	41	
0	1	28	41	41	43	0	1	28	39	14	
0	2	27	40	40	44	1	0	27	38	13	
0	7	19	37	32	45	6	7	0	35	20	
0	3	30	43	43	43	2	3	12	0	1	
0	2	29	42	42	44	1	2	29	37	0	
Tamanho_Tarefas
0	33	31	14	14	37	23	17	31	17	14	
Data_Entrega
0	224	286	260	220	264	231	263	235	271	267	
Penalidade_Atraso
0	5	11	7	12	7	16	10	8	11	6	
Capacidade_Veiculo
84	52	90	99	74	
Custo_Fixo_Veiculo
840	520	900	990	740	
Coordenadas_Clientes
x	0	y	0
x	96	y	0
x	93	y	67
x	25	y	78
x	-31	y	97
x	-69	y	50
x	-85	y	0
x	-98	y	-71
x	-24	y	-75
x	37	y	-114
x	101	y	-73
Tempo_Viagem
0	96	114	81	101	85	85	121	78	119	124	
96	0	67	105	159	172	181	206	141	128	73	
114	67	0	68	127	162	190	235	183	189	140	
81	105	68	0	59	98	134	193	159	192	169	
101	159	127	59	0	60	111	180	172	220	215	
85	172	162	98	60	0	52	124	132	195	209	
85	181	190	134	111	52	0	72	96	166	199	
121	206	235	193	180	124	72	0	74	141	199	
78	141	183	159	172	132	96	74	0	72	125	
119	128	189	192	220	195	166	141	72	0	76	
124	73	140	169	215	209	199	199	125	76	0	
Custo_Viagem
V0
0	1612	1915	1360	1696	1428	1428	2032	1310	1999	2083	
1612	0	1125	1764	2671	2889	3040	3460	2368	2150	1226	
1915	1125	0	1142	2133	2721	3192	3948	3074	3175	2352	
1360	1764	1142	0	991	1646	2251	3242	2688	3225	2839	
1696	2671	2133	991	0	1008	1864	3024	2889	3712	3612	
1428	2889	2721	1646	1008	0	873	2083	2217	3276	3511	
1428	3040	3192	2251	1864	873	0	1209	1612	2788	3343	
2032	3460	3948	3242	3024	2083	1209	0	1243	2368	3343	
1310	2368	3074	2688	2889	2217	1612	1243	0	1209	2100	
1999	2150	3175	3225	3712	3276	2788	2368	1209	0	1276	
2083	1226	2352	2839	3612	3511	3343	3343	2100	1276	0	
V1
0	998	1185	842	1050	884	884	1258	811	1237	1289	
998	0	696	1092	1653	1788	1882	2142	1466	1331	759	
1185	696	0	707	1320	1684	1976	2444	1903	1965	1456	
842	1092	707	0	613	1019	1393	2007	1664	1996	1757	
1050	1653	1320	613	0	624	1154	1872	1788	2298	2236	
884	1788	1684	1019	624	0	540	1289	1372	2028	2173	
884	1882	1976	1393	1154	540	0	748	998	1726	2069	
1258	2142	2444	2007	1872	1289	748	0	769	1466	2069	
811	1466	1903	1664	1788	1372	998	769	0	748	1300	
1237	1331	1965	1996	2298	2028	1726	1466	748	0	790	
1289	759	1456	1757	2236	2173	2069	2069	1300	790	0	
V2
0	1728	2052	1458	1818	1530	1530	2178	1404	2142	2232	
1728	0	1206	1890	2862	3096	3258	3708	2538	2304	1314	
2052	1206	0	1224	2286	2916	3420	4230	3294	3402	2520	
1458	1890	1224	0	1062	1764	2412	3474	2880	3456	3042	
1818	2862	2286	1062	0	1080	1998	3240	3096	3978	3870	
1530	3096	2916	1764	1080	0	936	2232	2376	3510	3762	
1530	3258	3420	2412	1998	936	0	1296	1728	2988	3582	
2178	3708	4230	3474	3240	2232	1296	0	1332	2538	3582	
1404	2538	3294	2880	3096	2376	1728	1332	0	1296	2250	
2142	2304	3402	3456	3978	3510	2988	2538	1296	0	1368	
2232	1314	2520	3042	3870	3762	3582	3582	2250	1368	0	
V3
0	1900	2257	1603	1999	1683	1683	2395	1544	2356	2455	
1900	0	1326	2079	3148	3405	3583	4078	2791	2534	1445	
2257	1326	0	1346	2514	3207	3762	4653	3623	3742	2772	
1603	2079	1346	0	1168	1940	2653	3821	3168	3801	3346	
1999	3148	2514	1168	0	1188	2197	3564	3405	4375	4257	
1683	3405	3207	1940	1188	0	1029	2455	2613	3861	4138	
1683	3583	3762	2653	2197	1029	0	1425	1900	3286	3940	
2395	4078	4653	3821	3564	2455	1425	0	1465	2791	3940	
1544	2791	3623	3168	3405	2613	1900	1465	0	1425	2475	
2356	2534	3742	3801	4375	3861	3286	2791	1425	0	1504	
2455	1445	2772	3346	4257	4138	3940	3940	2475	1504	0	
V4
0	1420	1687	1198	1494	1258	1258	1790	1154	1761	1835	
1420	0	991	1554	2353	2545	2678	3048	2086	1894	1080	
1687	991	0	1006	1879	2397	2812	3478	2708	2797	2072	
1198	1554	1006	0	873	1450	1983	2856	2368	2841	2501	
1494	2353	1879	873	0	888	1642	2664	2545	3270	3182	
1258	2545	2397	1450	888	0	769	1835	1953	2886	3093	
1258	2678	2812	1983	1642	769	0	1065	1420	2456	2945	
1790	3048	3478	2856	2664	1835	1065	0	1095	2086	2945	
1154	2086	2708	2368	2545	1953	1420	1095	0	1065	1850	
1761	1894	2797	2841	3270	2886	2456	2086	1065	0	1124	
1835	1080	2072	2501	3182	3093	2945	2945	1850	1124	0	
Velocidade_Veiculos
1	1	1	1	1	