M: 2
N: 10
Nun_Veiculos: 5
Capacidade_Total: 485
Demanda_Total: 222
Setup_Min: 1
Setup_Max: 9
Raio: 20
Circulos: 1
Tempo_Processamento_Min: 1
Tempo_Processamento_Max: 49
Demanda_Min: 10
Demanda_Max: 30
Priority_Factor: 0.2
Range_Factor_R: 0.8
U_factor: 2
ALpha: 0.2Replicao: 0
Tempos_Processamentos
0	0	1	0	
0	14	1	42	
0	2	1	47	
0	43	1	47	
0	13	1	39	
0	30	1	41	
0	37	1	35	
0	7	1	5	
0	20	1	30	
0	28	1	28	
0	22	1	9	

Tempos_setup
M0
0	0	0	0	0	0	0	0	0	0	0	
0	0	4	2	4	2	1	1	1	2	3	
0	4	0	2	1	2	5	2	1	2	3	
0	3	4	0	2	2	4	3	4	2	3	
0	4	2	1	0	3	5	1	3	3	4	
0	2	4	2	4	0	3	1	3	4	5	
0	2	5	1	3	3	0	3	2	3	4	
0	5	3	3	4	3	6	0	2	3	4	
0	3	3	2	3	1	4	1	0	1	2	
0	4	5	1	3	3	5	3	3	0	1	
0	6	5	4	6	5	6	2	4	5	0	
M1
0	0	0	0	0	0	0	0	0	0	0	
0	0	2	4	1	3	4	1	2	2	2	
0	2	0	5	3	1	2	3	4	4	4	
0	1	3	0	2	4	3	2	3	3	3	
0	2	1	4	0	2	3	1	1	2	1	
0	1	3	4	2	0	1	2	3	3	3	
0	4	4	5	5	3	0	5	6	3	4	
0	1	2	3	2	2	3	0	3	1	3	
0	3	2	5	1	3	4	2	0	3	2	
0	1	1	2	2	1	2	2	3	0	3	
0	3	3	4	3	3	4	3	2	2	0	
Tamanho_Tarefas
0	20	3	45	15	34	35	5	24	28	13	
Data_Entrega
0	73	150	105	142	73	126	136	94	88	122	
Penalidade_Atraso
0	15	2	3	14	7	14	6	11	4	9	
Capacidade_Veiculo
55	122	88	109	111	
Custo_Fixo_Veiculo
550	1220	880	1090	1110	
Coordenadas_Clientes
x	0	y	0
x	19	y	0
x	13	y	9
x	7	y	22
x	-5	y	15
x	-12	y	8
x	-22	y	0
x	-19	y	-13
x	-5	y	-15
x	6	y	-20
x	12	y	-8
Tempo_Viagem
0	19	15	23	15	14	22	23	15	20	14	
19	0	10	24	28	32	41	40	28	23	10	
15	10	0	14	18	25	36	38	30	29	17	
23	24	14	0	13	22	34	43	38	42	30	
15	28	18	13	0	9	21	31	30	35	28	
14	32	25	22	9	0	12	22	24	33	28	
22	41	36	34	21	12	0	13	22	34	34	
23	40	38	43	31	22	13	0	14	25	31	
15	28	30	38	30	24	22	14	0	12	18	
20	23	29	42	35	33	34	25	12	0	13	
14	10	17	30	28	28	34	31	18	13	0	
Custo_Viagem
V0
0	209	165	253	165	154	242	253	165	220	154	
209	0	110	275	308	352	451	440	308	253	110	
165	110	0	154	198	275	396	418	330	319	187	
253	275	154	0	143	253	396	473	418	462	330	
165	308	198	143	0	99	242	341	330	396	308	
154	352	275	253	99	0	132	242	264	363	308	
242	451	396	396	242	132	0	143	242	374	374	
253	440	418	473	341	242	143	0	154	275	341	
165	308	330	418	330	264	242	154	0	132	198	
220	253	319	462	396	363	374	275	132	0	143	
154	110	187	330	308	308	374	341	198	143	0	
V1
0	463	366	561	366	341	536	561	366	488	341	
463	0	244	610	683	780	1000	976	683	561	244	
366	244	0	341	439	610	878	927	732	707	414	
561	610	341	0	317	561	878	1049	927	1024	732	
366	683	439	317	0	219	536	756	732	878	683	
341	780	610	561	219	0	292	536	585	805	683	
536	1000	878	878	536	292	0	317	536	829	829	
561	976	927	1049	756	536	317	0	341	610	756	
366	683	732	927	732	585	536	341	0	292	439	
488	561	707	1024	878	805	829	610	292	0	317	
341	244	414	732	683	683	829	756	439	317	0	
V2
0	334	264	404	264	246	387	404	264	352	246	
334	0	176	440	492	563	721	704	492	404	176	
264	176	0	246	316	440	633	668	528	510	299	
404	440	246	0	228	404	633	756	668	739	528	
264	492	316	228	0	158	387	545	528	633	492	
246	563	440	404	158	0	211	387	422	580	492	
387	721	633	633	387	211	0	228	387	598	598	
404	704	668	756	545	387	228	0	246	440	545	
264	492	528	668	528	422	387	246	0	211	316	
352	404	510	739	633	580	598	440	211	0	228	
246	176	299	528	492	492	598	545	316	228	0	
V3
0	414	327	501	327	305	479	501	327	436	305	
414	0	218	545	610	697	893	872	610	501	218	
327	218	0	305	392	545	784	828	654	632	370	
501	545	305	0	283	501	784	937	828	915	654	
327	610	392	283	0	196	479	675	654	784	610	
305	697	545	501	196	0	261	479	523	719	610	
479	893	784	784	479	261	0	283	479	741	741	
501	872	828	937	675	479	283	0	305	545	675	
327	610	654	828	654	523	479	305	0	261	392	
436	501	632	915	784	719	741	545	261	0	283	
305	218	370	654	610	610	741	675	392	283	0	
V4
0	421	333	510	333	310	488	510	333	444	310	
421	0	222	555	621	710	910	888	621	510	222	
333	222	0	310	399	555	799	843	666	643	377	
510	555	310	0	288	510	799	954	843	932	666	
333	621	399	288	0	199	488	688	666	799	621	
310	710	555	510	199	0	266	488	532	732	621	
488	910	799	799	488	266	0	288	488	754	754	
510	888	843	954	688	488	288	0	310	555	688	
333	621	666	843	666	532	488	310	0	266	399	
444	510	643	932	799	732	754	555	266	0	288	
310	222	377	666	621	621	754	688	399	288	0	
Velocidade_Veiculos
1	1	1	1	1	