M: 2
N: 10
Nun_Veiculos: 5
Capacidade_Total: 436
Demanda_Total: 227
Setup_Min: 1
Setup_Max: 99
Raio: 20
Circulos: 1
Tempo_Processamento_Min: 1
Tempo_Processamento_Max: 49
Demanda_Min: 10
Demanda_Max: 30
Priority_Factor: 0.2
Range_Factor_R: 0.8
U_factor: 2
ALpha: 0.2Replicao: 1
Tempos_Processamentos
0	0	1	0	
0	38	1	9	
0	38	1	44	
0	27	1	45	
0	19	1	12	
0	49	1	17	
0	43	1	37	
0	8	1	20	
0	6	1	1	
0	17	1	49	
0	45	1	18	

Tempos_setup
M0
0	0	0	0	0	0	0	0	0	0	0	
0	0	29	22	36	19	34	6	57	27	42	
0	37	0	12	25	26	6	29	69	17	31	
0	25	7	0	32	33	13	31	63	5	38	
0	41	23	35	0	39	29	47	44	21	6	
0	28	10	3	35	0	16	34	52	8	41	
0	31	13	6	38	20	0	23	69	11	44	
0	41	23	16	48	13	29	0	65	21	54	
0	29	11	4	36	1	17	14	0	9	6	
0	20	49	42	50	39	46	26	58	0	56	
0	35	17	29	42	33	23	41	65	15	0	
M1
0	0	0	0	0	0	0	0	0	0	0	
0	0	11	49	35	21	14	41	39	26	18	
0	45	0	38	45	38	51	40	56	43	35	
0	7	18	0	18	4	13	2	22	9	16	
0	11	22	30	0	24	17	6	42	29	21	
0	8	17	44	14	0	22	20	18	5	18	
0	15	24	45	21	7	0	27	25	12	4	
0	5	16	35	32	18	11	0	36	23	15	
0	22	31	42	28	14	7	34	0	19	11	
0	20	12	39	9	33	26	15	51	0	30	
0	11	20	47	17	3	25	23	21	8	0	
Tamanho_Tarefas
0	20	40	30	14	23	40	14	1	19	26	
Data_Entrega
0	166	94	105	85	88	138	108	96	134	139	
Penalidade_Atraso
0	9	1	13	19	17	16	5	19	5	12	
Capacidade_Veiculo
120	49	105	52	110	
Custo_Fixo_Veiculo
1200	490	1050	520	1100	
Coordenadas_Clientes
x	0	y	0
x	20	y	0
x	14	y	10
x	7	y	21
x	-7	y	23
x	-13	y	9
x	-24	y	0
x	-12	y	-9
x	-4	y	-14
x	6	y	-19
x	18	y	-13
Tempo_Viagem
0	20	17	22	24	15	24	15	14	19	22	
20	0	11	24	35	34	44	33	27	23	13	
17	11	0	13	24	27	39	32	30	30	23	
22	24	13	0	14	23	37	35	36	40	35	
24	35	24	14	0	15	28	32	37	43	43	
15	34	27	23	15	0	14	18	24	33	37	
24	44	39	37	28	14	0	15	24	35	43	
15	33	32	35	32	18	15	0	9	20	30	
14	27	30	36	37	24	24	9	0	11	22	
19	23	30	40	43	33	35	20	11	0	13	
22	13	23	35	43	37	43	30	22	13	0	
Custo_Viagem
V0
0	480	408	528	576	360	576	360	336	456	528	
480	0	264	576	840	816	1056	792	648	552	312	
408	264	0	312	576	648	936	768	720	720	552	
528	576	312	0	336	552	888	840	864	960	840	
576	840	576	336	0	360	672	768	888	1032	1032	
360	816	648	552	360	0	336	432	576	792	912	
576	1056	936	888	672	336	0	360	576	840	1032	
360	792	768	840	768	432	360	0	216	480	720	
336	648	720	864	888	576	576	216	0	264	528	
456	552	720	960	1032	792	840	480	264	0	312	
528	312	552	840	1032	912	1032	720	528	312	0	
V1
0	196	166	215	235	147	235	147	137	186	215	
196	0	107	235	343	333	431	323	264	225	127	
166	107	0	127	235	264	382	313	294	294	225	
215	235	127	0	137	225	362	343	352	392	343	
235	343	235	137	0	147	274	313	362	421	421	
147	333	264	225	147	0	137	176	235	323	372	
235	431	382	362	274	137	0	147	235	343	421	
147	323	313	343	313	176	147	0	88	196	294	
137	264	294	352	362	235	235	88	0	107	215	
186	225	294	392	421	323	343	196	107	0	127	
215	127	225	343	421	372	421	294	215	127	0	
V2
0	420	357	462	504	315	504	315	294	399	462	
420	0	231	504	735	714	924	693	567	483	273	
357	231	0	273	504	567	819	672	630	630	483	
462	504	273	0	294	483	777	735	756	840	735	
504	735	504	294	0	315	588	672	777	903	903	
315	714	567	483	315	0	294	378	504	693	798	
504	924	819	777	588	294	0	315	504	735	903	
315	693	672	735	672	378	315	0	189	420	630	
294	567	630	756	777	504	504	189	0	231	462	
399	483	630	840	903	693	735	420	231	0	273	
462	273	483	735	903	798	903	630	462	273	0	
V3
0	208	176	228	249	156	249	156	145	197	228	
208	0	114	249	364	353	457	343	280	239	135	
176	114	0	135	249	280	405	332	312	312	239	
228	249	135	0	145	239	384	364	374	416	364	
249	364	249	145	0	156	291	332	384	447	447	
156	353	280	239	156	0	145	187	249	343	395	
249	457	405	384	291	145	0	156	249	364	447	
156	343	332	364	332	187	156	0	93	208	312	
145	280	312	374	384	249	249	93	0	114	228	
197	239	312	416	447	343	364	208	114	0	135	
228	135	239	364	447	395	447	312	228	135	0	
V4
0	440	374	484	528	330	528	330	308	418	484	
440	0	242	528	770	748	968	726	594	506	286	
374	242	0	286	528	594	858	704	660	660	506	
484	528	286	0	308	506	814	770	792	880	770	
528	770	528	308	0	330	616	704	814	946	946	
330	748	594	506	330	0	308	396	528	726	836	
528	968	858	814	616	308	0	330	528	770	946	
330	726	704	770	704	396	330	0	198	440	660	
308	594	660	792	814	528	528	198	0	242	484	
418	506	660	880	946	726	770	440	242	0	286	
484	286	506	770	946	836	946	660	484	286	0	
Velocidade_Veiculos
1	1	1	1	1	