M: 2
N: 10
Nun_Veiculos: 2
Capacidade_Total: 228
Demanda_Total: 182
Setup_Min: 1
Setup_Max: 99
Raio: 100
Circulos: 1
Tempo_Processamento_Min: 1
Tempo_Processamento_Max: 49
Demanda_Min: 10
Demanda_Max: 30
Priority_Factor: 0.2
Range_Factor_R: 0.8
U_factor: 2
ALpha: 0.2Replicao: 3
Tempos_Processamentos
0	0	1	0	
0	8	1	24	
0	22	1	39	
0	49	1	2	
0	22	1	7	
0	8	1	26	
0	48	1	45	
0	38	1	9	
0	27	1	38	
0	14	1	28	
0	10	1	5	

Tempos_setup
M0
0	0	0	0	0	0	0	0	0	0	0	
0	0	2	15	16	8	12	6	7	16	10	
0	21	0	36	33	29	33	27	21	28	31	
0	19	21	0	35	27	31	25	26	23	28	
0	24	3	19	0	12	16	30	22	19	34	
0	26	15	7	22	0	4	32	11	8	35	
0	27	24	27	32	35	0	33	20	17	36	
0	28	16	9	13	2	6	0	1	10	37	
0	36	15	31	12	24	28	28	0	31	46	
0	23	7	34	15	27	31	29	3	0	33	
0	52	31	47	28	40	44	58	30	31	0	
M1
0	0	0	0	0	0	0	0	0	0	0	
0	0	52	37	43	39	41	51	45	30	36	
0	5	0	42	45	42	34	55	38	35	25	
0	26	29	0	20	56	29	15	13	31	21	
0	6	9	20	0	45	10	35	14	32	1	
0	19	22	15	13	0	20	13	9	10	14	
0	35	30	16	34	44	0	31	10	28	28	
0	28	23	27	47	65	39	0	40	29	35	
0	26	33	6	24	60	16	21	0	18	18	
0	14	28	7	27	53	11	22	19	0	6	
0	8	22	19	37	47	29	34	13	31	0	
Tamanho_Tarefas
0	11	24	15	9	15	45	11	31	15	6	
Data_Entrega
0	266	230	248	210	252	224	243	216	251	212	
Penalidade_Atraso
0	2	15	12	18	19	12	10	13	19	2	
Capacidade_Veiculo
104	124	
Custo_Fixo_Veiculo
1040	1240	
Coordenadas_Clientes
x	0	y	0
x	102	y	0
x	93	y	67
x	25	y	78
x	-28	y	87
x	-96	y	69
x	-108	y	0
x	-72	y	-52
x	-28	y	-87
x	37	y	-114
x	79	y	-57
Tempo_Viagem
0	102	114	81	91	118	108	88	91	119	97	
102	0	67	109	156	209	210	181	156	131	61	
114	67	0	68	121	189	211	202	195	189	124	
81	109	68	0	53	121	154	162	172	192	145	
91	156	121	53	0	70	118	145	174	210	179	
118	209	189	121	70	0	70	123	170	226	215	
108	210	211	154	118	70	0	63	118	184	195	
88	181	202	162	145	123	63	0	56	125	151	
91	156	195	172	174	170	118	56	0	70	111	
119	131	189	192	210	226	184	125	70	0	70	
97	61	124	145	179	215	195	151	111	70	0	
Custo_Viagem
V0
0	2121	2371	1684	1892	2454	2246	1830	1892	2475	2017	
2121	0	1393	2267	3244	4347	4368	3764	3244	2724	1268	
2371	1393	0	1414	2537	3931	4388	4222	4056	3931	2579	
1684	2267	1414	0	1102	2516	3203	3369	3598	3993	3016	
1892	3244	2537	1102	0	1456	2454	3016	3619	4388	3723	
2454	4347	3931	2516	1456	0	1456	2558	3536	4700	4472	
2246	4368	4388	3203	2454	1456	0	1310	2454	3827	4056	
1830	3764	4222	3369	3016	2558	1310	0	1164	2600	3140	
1892	3244	4056	3598	3619	3536	2454	1164	0	1456	2308	
2475	2724	3931	3993	4388	4700	3827	2600	1456	0	1456	
2017	1268	2579	3016	3723	4472	4056	3140	2308	1456	0	
V1
0	2529	2827	2008	2256	2926	2678	2182	2256	2951	2405	
2529	0	1661	2703	3868	5183	5208	4488	3868	3248	1512	
2827	1661	0	1686	3025	4687	5232	5034	4836	4687	3075	
2008	2703	1686	0	1314	3000	3819	4017	4290	4761	3596	
2256	3868	3025	1314	0	1736	2926	3596	4315	5232	4439	
2926	5183	4687	3000	1736	0	1736	3050	4216	5604	5332	
2678	5208	5232	3819	2926	1736	0	1562	2926	4563	4836	
2182	4488	5034	4017	3596	3050	1562	0	1388	3100	3744	
2256	3868	4836	4290	4315	4216	2926	1388	0	1736	2752	
2951	3248	4687	4761	5232	5604	4563	3100	1736	0	1736	
2405	1512	3075	3596	4439	5332	4836	3744	2752	1736	0	
Velocidade_Veiculos
1	1	