M: 2
N: 10
Nun_Veiculos: 5
Capacidade_Total: 320
Demanda_Total: 236
Setup_Min: 1
Setup_Max: 9
Raio: 100
Circulos: 1
Tempo_Processamento_Min: 1
Tempo_Processamento_Max: 49
Demanda_Min: 10
Demanda_Max: 30
Priority_Factor: 0.2
Range_Factor_R: 0.8
U_factor: 2
ALpha: 0.2Replicao: 0
Tempos_Processamentos
0	0	1	0	
0	38	1	37	
0	22	1	31	
0	22	1	39	
0	16	1	40	
0	9	1	20	
0	20	1	42	
0	23	1	48	
0	23	1	28	
0	4	1	33	
0	7	1	48	

Tempos_setup
M0
0	0	0	0	0	0	0	0	0	0	0	
0	0	2	3	7	1	4	6	1	4	2	
0	1	0	3	8	2	4	6	2	5	3	
0	3	2	0	7	4	5	4	4	6	4	
0	4	3	3	0	5	4	1	2	3	2	
0	3	2	2	8	0	6	5	4	7	5	
0	3	4	3	6	4	0	2	1	4	2	
0	3	2	5	6	4	6	0	4	3	5	
0	4	3	2	6	4	3	5	0	3	1	
0	2	4	2	8	3	6	3	3	0	4	
0	4	3	1	7	3	2	4	1	2	0	
M1
0	0	0	0	0	0	0	0	0	0	0	
0	0	4	4	6	2	1	1	2	3	1	
0	3	0	1	5	3	2	3	2	4	4	
0	2	6	0	4	4	3	3	4	5	3	
0	4	5	6	0	4	5	5	3	5	5	
0	4	4	2	4	0	2	1	2	3	4	
0	4	3	4	5	2	0	1	2	2	2	
0	5	3	4	6	2	1	0	1	3	3	
0	4	4	3	5	1	3	2	0	4	3	
0	4	1	2	3	4	3	4	3	0	5	
0	2	4	3	5	1	3	2	3	4	0	
Tamanho_Tarefas
0	37	26	26	23	11	30	24	24	17	18	
Data_Entrega
0	246	203	271	263	211	253	209	256	208	205	
Penalidade_Atraso
0	6	19	14	7	6	6	16	12	18	5	
Capacidade_Veiculo
75	43	105	51	46	
Custo_Fixo_Veiculo
750	430	1050	510	460	
Coordenadas_Clientes
x	0	y	0
x	99	y	0
x	65	y	47
x	32	y	98
x	-32	y	99
x	-79	y	57
x	-116	y	0
x	-85	y	-62
x	-29	y	-90
x	23	y	-72
x	74	y	-54
Tempo_Viagem
0	99	80	103	104	97	116	105	94	75	91	
99	0	58	118	164	186	215	194	156	104	59	
80	58	0	60	110	144	187	185	166	126	101	
103	118	60	0	64	118	177	198	197	170	157	
104	164	110	64	0	63	129	169	189	179	186	
97	186	144	118	63	0	67	119	155	164	188	
116	215	187	177	129	67	0	69	125	156	197	
105	194	185	198	169	119	69	0	62	108	159	
94	156	166	197	189	155	125	62	0	55	109	
75	104	126	170	179	164	156	108	55	0	54	
91	59	101	157	186	188	197	159	109	54	0	
Custo_Viagem
V0
0	1485	1200	1545	1560	1455	1740	1575	1410	1125	1365	
1485	0	870	1770	2460	2790	3225	2910	2340	1560	885	
1200	870	0	900	1650	2160	2805	2775	2490	1890	1515	
1545	1770	900	0	960	1770	2655	2970	2955	2550	2355	
1560	2460	1650	960	0	945	1935	2535	2835	2685	2790	
1455	2790	2160	1770	945	0	1005	1785	2325	2460	2835	
1740	3225	2805	2655	1935	1005	0	1035	1875	2340	2955	
1575	2910	2775	2970	2535	1785	1035	0	930	1620	2385	
1410	2340	2490	2955	2835	2325	1875	930	0	825	1635	
1125	1560	1890	2550	2685	2460	2340	1620	825	0	810	
1365	885	1515	2355	2790	2835	2955	2385	1635	810	0	
V1
0	851	688	885	894	834	997	903	808	645	782	
851	0	498	1014	1410	1599	1849	1668	1341	894	507	
688	498	0	516	946	1238	1608	1591	1427	1083	868	
885	1014	516	0	550	1014	1522	1702	1694	1462	1350	
894	1410	946	550	0	541	1109	1453	1625	1539	1599	
834	1599	1238	1014	541	0	576	1023	1333	1410	1625	
997	1849	1608	1522	1109	576	0	593	1075	1341	1694	
903	1668	1591	1702	1453	1023	593	0	533	928	1367	
808	1341	1427	1694	1625	1333	1075	533	0	473	937	
645	894	1083	1462	1539	1410	1341	928	473	0	464	
782	507	868	1350	1599	1625	1694	1367	937	464	0	
V2
0	2079	1680	2163	2184	2037	2436	2205	1974	1575	1911	
2079	0	1218	2478	3444	3906	4515	4074	3276	2184	1239	
1680	1218	0	1260	2310	3024	3927	3885	3486	2646	2121	
2163	2478	1260	0	1344	2478	3717	4158	4137	3570	3297	
2184	3444	2310	1344	0	1323	2709	3549	3969	3759	3906	
2037	3906	3024	2478	1323	0	1407	2499	3255	3444	3969	
2436	4515	3927	3717	2709	1407	0	1449	2625	3276	4137	
2205	4074	3885	4158	3549	2499	1449	0	1302	2268	3339	
1974	3276	3486	4137	3969	3255	2625	1302	0	1155	2289	
1575	2184	2646	3570	3759	3444	3276	2268	1155	0	1134	
1911	1239	2121	3297	3906	3969	4137	3339	2289	1134	0	
V3
0	1009	816	1050	1060	989	1183	1071	958	765	928	
1009	0	591	1203	1672	1897	2193	1978	1591	1060	601	
816	591	0	612	1122	1468	1907	1887	1693	1285	1030	
1050	1203	612	0	652	1203	1805	2019	2009	1734	1601	
1060	1672	1122	652	0	642	1315	1723	1927	1825	1897	
989	1897	1468	1203	642	0	683	1213	1581	1672	1927	
1183	2193	1907	1805	1315	683	0	703	1275	1591	2009	
1071	1978	1887	2019	1723	1213	703	0	632	1101	1621	
958	1591	1693	2009	1927	1581	1275	632	0	561	1111	
765	1060	1285	1734	1825	1672	1591	1101	561	0	550	
928	601	1030	1601	1897	1927	2009	1621	1111	550	0	
V4
0	910	736	947	956	892	1067	966	864	690	837	
910	0	533	1085	1508	1711	1978	1784	1435	956	542	
736	533	0	552	1012	1324	1720	1702	1527	1159	929	
947	1085	552	0	588	1085	1628	1821	1812	1564	1444	
956	1508	1012	588	0	579	1186	1554	1738	1646	1711	
892	1711	1324	1085	579	0	616	1094	1426	1508	1738	
1067	1978	1720	1628	1186	616	0	634	1150	1435	1812	
966	1784	1702	1821	1554	1094	634	0	570	993	1462	
864	1435	1527	1812	1738	1426	1150	570	0	506	1002	
690	956	1159	1564	1646	1508	1435	993	506	0	496	
837	542	929	1444	1711	1738	1812	1462	1002	496	0	
Velocidade_Veiculos
1	1	1	1	1	