M: 2
N: 10
Nun_Veiculos: 4
Capacidade_Total: 288
Demanda_Total: 172
Setup_Min: 1
Setup_Max: 9
Raio: 20
Circulos: 1
Tempo_Processamento_Min: 1
Tempo_Processamento_Max: 49
Demanda_Min: 10
Demanda_Max: 30
Priority_Factor: 0.2
Range_Factor_R: 0.8
U_factor: 2
ALpha: 0.2Replicao: 2
Tempos_Processamentos
0	0	1	0	
0	41	1	3	
0	39	1	48	
0	22	1	4	
0	33	1	3	
0	22	1	4	
0	40	1	11	
0	17	1	45	
0	20	1	7	
0	20	1	32	
0	23	1	29	

Tempos_setup
M0
0	0	0	0	0	0	0	0	0	0	0	
0	0	4	5	1	2	4	4	4	5	4	
0	2	0	2	3	4	2	4	1	1	3	
0	3	4	0	4	5	6	4	3	4	5	
0	4	4	4	0	4	3	3	5	4	4	
0	4	2	4	5	0	4	6	3	3	5	
0	2	5	6	3	3	0	2	5	5	4	
0	4	3	5	1	1	2	0	3	4	2	
0	4	4	6	4	6	3	5	0	5	2	
0	1	5	1	2	3	3	5	1	0	2	
0	3	5	4	4	4	1	3	1	3	0	
M1
0	0	0	0	0	0	0	0	0	0	0	
0	0	3	5	4	5	4	1	3	3	4	
0	2	0	5	5	3	2	1	2	3	5	
0	3	2	0	1	2	1	3	2	2	3	
0	4	2	2	0	2	1	3	2	2	3	
0	4	2	2	3	0	1	3	2	2	4	
0	3	1	3	3	1	0	2	1	1	3	
0	1	2	4	4	4	3	0	2	2	4	
0	3	2	4	4	2	1	3	0	2	4	
0	5	4	2	2	4	3	5	3	0	2	
0	4	3	1	2	3	2	4	1	3	0	
Tamanho_Tarefas
0	15	40	4	17	4	11	22	11	25	23	
Data_Entrega
0	114	97	110	92	91	62	76	113	112	80	
Penalidade_Atraso
0	13	13	3	15	14	20	1	8	9	5	
Capacidade_Veiculo
75	102	48	63	
Custo_Fixo_Veiculo
750	1020	480	630	
Coordenadas_Clientes
x	0	y	0
x	25	y	0
x	12	y	9
x	5	y	15
x	-7	y	21
x	-16	y	12
x	-21	y	0
x	-16	y	-11
x	-7	y	-23
x	6	y	-20
x	18	y	-13
Tempo_Viagem
0	25	15	15	22	20	21	19	24	20	22	
25	0	15	24	37	42	46	42	39	27	14	
15	15	0	9	22	28	34	34	37	29	22	
15	24	9	0	13	21	30	33	39	35	30	
22	37	22	13	0	12	25	33	44	42	42	
20	42	28	21	12	0	13	23	36	38	42	
21	46	34	30	25	13	0	12	26	33	41	
19	42	34	33	33	23	12	0	15	23	34	
24	39	37	39	44	36	26	15	0	13	26	
20	27	29	35	42	38	33	23	13	0	13	
22	14	22	30	42	42	41	34	26	13	0	
Custo_Viagem
V0
0	375	225	225	330	300	315	285	360	300	330	
375	0	225	375	570	630	690	630	585	405	210	
225	225	0	135	330	420	510	510	555	435	330	
225	375	135	0	195	315	450	495	585	525	450	
330	570	330	195	0	180	375	495	660	645	630	
300	630	420	315	180	0	195	345	540	570	630	
315	690	510	450	375	195	0	180	390	495	615	
285	630	510	495	495	345	180	0	225	345	510	
360	585	555	585	660	540	390	225	0	195	390	
300	405	435	525	645	570	495	345	195	0	195	
330	210	330	450	630	630	615	510	390	195	0	
V1
0	510	306	306	448	408	428	387	489	408	448	
510	0	306	510	775	856	938	856	795	550	285	
306	306	0	183	448	571	693	693	754	591	448	
306	510	183	0	265	428	612	673	795	714	612	
448	775	448	265	0	244	510	673	897	877	856	
408	856	571	428	244	0	265	469	734	775	856	
428	938	693	612	510	265	0	244	530	673	836	
387	856	693	673	673	469	244	0	306	469	693	
489	795	754	795	897	734	530	306	0	265	530	
408	550	591	714	877	775	673	469	265	0	265	
448	285	448	612	856	856	836	693	530	265	0	
V2
0	240	144	144	211	192	201	182	230	192	211	
240	0	144	240	364	403	441	403	374	259	134	
144	144	0	86	211	268	326	326	355	278	211	
144	240	86	0	124	201	288	316	374	336	288	
211	364	211	124	0	115	240	316	422	412	403	
192	403	268	201	115	0	124	220	345	364	403	
201	441	326	288	240	124	0	115	249	316	393	
182	403	326	316	316	220	115	0	144	220	326	
230	374	355	374	422	345	249	144	0	124	249	
192	259	278	336	412	364	316	220	124	0	124	
211	134	211	288	403	403	393	326	249	124	0	
V3
0	315	189	189	277	252	264	239	302	252	277	
315	0	189	315	478	529	579	529	491	340	176	
189	189	0	113	277	352	428	428	466	365	277	
189	315	113	0	163	264	378	415	491	441	378	
277	478	277	163	0	151	315	415	554	541	529	
252	529	352	264	151	0	163	289	453	478	529	
264	579	428	378	315	163	0	151	327	415	516	
239	529	428	415	415	289	151	0	189	289	428	
302	491	466	491	554	453	327	189	0	163	327	
252	340	365	441	541	478	415	289	163	0	163	
277	176	277	378	529	529	516	428	327	163	0	
Velocidade_Veiculos
1	1	1	1	