M: 2
N: 10
Nun_Veiculos: 6
Capacidade_Total: 371
Demanda_Total: 193
Setup_Min: 1
Setup_Max: 99
Raio: 20
Circulos: 1
Tempo_Processamento_Min: 1
Tempo_Processamento_Max: 49
Demanda_Min: 10
Demanda_Max: 30
Priority_Factor: 0.2
Range_Factor_R: 0.8
U_factor: 2
ALpha: 0.2Replicao: 1
Tempos_Processamentos
0	0	1	0	
0	24	1	40	
0	21	1	39	
0	27	1	22	
0	18	1	5	
0	19	1	28	
0	39	1	37	
0	30	1	44	
0	3	1	12	
0	12	1	9	
0	4	1	6	

Tempos_setup
M0
0	0	0	0	0	0	0	0	0	0	0	
0	0	9	34	16	14	25	8	4	29	37	
0	15	0	27	7	29	20	23	19	20	30	
0	10	19	0	18	6	4	7	14	14	3	
0	8	17	42	0	22	13	16	12	37	45	
0	4	13	38	20	0	29	1	8	33	41	
0	29	20	47	27	25	0	26	15	40	50	
0	30	20	44	27	26	37	0	16	40	47	
0	14	5	32	12	10	21	11	0	25	35	
0	3	12	37	17	17	24	11	7	0	29	
0	7	16	38	23	3	1	4	11	11	0	
M1
0	0	0	0	0	0	0	0	0	0	0	
0	0	31	38	31	30	34	23	39	47	26	
0	13	0	33	44	43	46	9	51	60	39	
0	7	25	0	20	19	13	30	18	31	15	
0	27	43	35	0	37	48	12	48	66	50	
0	19	6	39	37	0	30	15	11	48	32	
0	25	12	26	7	6	0	19	5	18	2	
0	31	49	24	35	43	37	0	42	55	39	
0	44	31	45	26	25	19	23	0	37	21	
0	21	8	41	9	21	15	17	20	0	17	
0	23	10	34	5	4	8	17	13	26	0	
Tamanho_Tarefas
0	31	25	23	8	21	38	30	3	9	5	
Data_Entrega
0	122	122	119	134	102	92	162	123	142	92	
Penalidade_Atraso
0	1	18	13	12	14	8	5	14	7	19	
Capacidade_Veiculo
45	55	70	49	105	47	
Custo_Fixo_Veiculo
450	550	700	490	1050	470	
Coordenadas_Clientes
x	0	y	0
x	21	y	0
x	19	y	14
x	7	y	23
x	-5	y	15
x	-15	y	11
x	-19	y	0
x	-19	y	-14
x	-4	y	-15
x	5	y	-15
x	14	y	-10
Tempo_Viagem
0	21	23	24	15	18	19	23	15	15	17	
21	0	14	26	30	37	40	42	29	21	12	
23	14	0	15	24	34	40	46	37	32	24	
24	26	15	0	14	24	34	45	39	38	33	
15	30	24	14	0	10	20	32	30	30	31	
18	37	34	24	10	0	11	25	28	32	35	
19	40	40	34	20	11	0	14	21	28	34	
23	42	46	45	32	25	14	0	15	24	33	
15	29	37	39	30	28	21	15	0	9	18	
15	21	32	38	30	32	28	24	9	0	10	
17	12	24	33	31	35	34	33	18	10	0	
Custo_Viagem
V0
0	189	207	216	135	162	171	207	135	135	153	
189	0	126	234	270	333	360	378	261	189	108	
207	126	0	135	216	306	360	423	333	288	216	
216	234	135	0	126	225	306	405	351	342	297	
135	270	216	126	0	90	180	288	270	279	279	
162	333	306	225	90	0	99	225	252	288	315	
171	360	360	306	180	99	0	126	189	252	306	
207	378	423	405	288	225	126	0	135	216	297	
135	261	333	351	270	252	189	135	0	81	162	
135	189	288	342	279	288	252	216	81	0	90	
153	108	216	297	279	315	306	297	162	90	0	
V1
0	231	253	264	165	198	209	253	165	165	187	
231	0	154	286	330	407	440	462	319	231	132	
253	154	0	165	264	374	440	517	407	352	264	
264	286	165	0	154	275	374	495	429	418	363	
165	330	264	154	0	110	220	352	330	341	341	
198	407	374	275	110	0	121	275	308	352	385	
209	440	440	374	220	121	0	154	231	308	374	
253	462	517	495	352	275	154	0	165	264	363	
165	319	407	429	330	308	231	165	0	99	198	
165	231	352	418	341	352	308	264	99	0	110	
187	132	264	363	341	385	374	363	198	110	0	
V2
0	294	322	336	210	252	266	322	210	210	238	
294	0	196	364	420	518	560	588	406	294	168	
322	196	0	210	336	476	560	658	518	448	336	
336	364	210	0	196	350	476	630	546	532	462	
210	420	336	196	0	140	280	448	420	434	434	
252	518	476	350	140	0	154	350	392	448	490	
266	560	560	476	280	154	0	196	294	392	476	
322	588	658	630	448	350	196	0	210	336	462	
210	406	518	546	420	392	294	210	0	126	252	
210	294	448	532	434	448	392	336	126	0	140	
238	168	336	462	434	490	476	462	252	140	0	
V3
0	205	225	235	147	176	186	225	147	147	166	
205	0	137	254	294	362	392	411	284	205	117	
225	137	0	147	235	333	392	460	362	313	235	
235	254	147	0	137	245	333	441	382	372	323	
147	294	235	137	0	98	196	313	294	303	303	
176	362	333	245	98	0	107	245	274	313	343	
186	392	392	333	196	107	0	137	205	274	333	
225	411	460	441	313	245	137	0	147	235	323	
147	284	362	382	294	274	205	147	0	88	176	
147	205	313	372	303	313	274	235	88	0	98	
166	117	235	323	303	343	333	323	176	98	0	
V4
0	441	483	504	315	378	399	483	315	315	357	
441	0	294	546	630	777	840	882	609	441	252	
483	294	0	315	504	714	840	987	777	672	504	
504	546	315	0	294	525	714	945	819	798	693	
315	630	504	294	0	210	420	672	630	651	651	
378	777	714	525	210	0	231	525	588	672	735	
399	840	840	714	420	231	0	294	441	588	714	
483	882	987	945	672	525	294	0	315	504	693	
315	609	777	819	630	588	441	315	0	189	378	
315	441	672	798	651	672	588	504	189	0	210	
357	252	504	693	651	735	714	693	378	210	0	
V5
0	197	216	225	141	169	178	216	141	141	159	
197	0	131	244	282	347	376	394	272	197	112	
216	131	0	141	225	319	376	441	347	300	225	
225	244	141	0	131	235	319	423	366	357	310	
141	282	225	131	0	94	188	300	282	291	291	
169	347	319	235	94	0	103	235	263	300	329	
178	376	376	319	188	103	0	131	197	263	319	
216	394	441	423	300	235	131	0	141	225	310	
141	272	347	366	282	263	197	141	0	84	169	
141	197	300	357	291	300	263	225	84	0	94	
159	112	225	310	291	329	319	310	169	94	0	
Velocidade_Veiculos
1	1	1	1	1	1	