M: 4
N: 10
Nun_Veiculos: 5
Capacidade_Total: 394
Demanda_Total: 183
Setup_Min: 1
Setup_Max: 99
Raio: 20
Circulos: 1
Tempo_Processamento_Min: 1
Tempo_Processamento_Max: 49
Demanda_Min: 10
Demanda_Max: 30
Priority_Factor: 0.2
Range_Factor_R: 0.8
U_factor: 2
ALpha: 0.2Replicao: 2
Tempos_Processamentos
0	0	1	0	2	0	3	0	
0	8	1	10	2	2	3	13	
0	28	1	39	2	26	3	37	
0	16	1	27	2	27	3	15	
0	49	1	35	2	22	3	32	
0	21	1	29	2	8	3	31	
0	33	1	49	2	14	3	20	
0	43	1	18	2	5	3	23	
0	33	1	34	2	46	3	21	
0	13	1	28	2	5	3	7	
0	32	1	20	2	9	3	15	

Tempos_setup
M0
0	0	0	0	0	0	0	0	0	0	0	
0	0	44	57	27	26	26	16	41	18	30	
0	15	0	46	25	24	24	14	39	16	28	
0	5	33	0	32	29	4	21	14	23	3	
0	5	33	30	0	29	4	21	14	23	3	
0	8	29	33	3	0	7	23	17	25	6	
0	33	54	35	28	25	0	48	42	50	31	
0	16	39	41	11	10	10	0	25	2	14	
0	21	19	16	27	24	20	17	0	16	19	
0	16	37	41	11	8	11	1	25	0	14	
0	2	30	27	29	26	1	18	11	20	0	
M1
0	0	0	0	0	0	0	0	0	0	0	
0	0	26	22	33	11	24	24	31	21	19	
0	26	0	8	19	37	10	34	28	7	26	
0	18	25	0	20	29	2	40	34	20	18	
0	46	35	28	0	57	30	31	25	31	45	
0	42	43	24	38	0	26	13	20	26	40	
0	19	34	24	18	30	0	43	43	38	36	
0	29	30	11	25	40	13	0	7	13	27	
0	25	23	7	18	36	9	6	0	6	20	
0	19	26	1	12	30	3	27	21	0	19	
0	21	7	3	14	32	5	26	23	2	0	
M2
0	0	0	0	0	0	0	0	0	0	0	
0	0	15	23	37	38	43	13	37	8	16	
0	23	0	46	55	51	56	26	60	31	29	
0	23	3	0	36	33	38	8	58	7	1	
0	24	1	47	0	45	50	20	40	32	19	
0	33	28	50	37	0	7	46	53	41	44	
0	26	21	43	30	16	0	39	46	34	42	
0	25	5	34	39	25	30	0	60	33	3	
0	43	20	42	19	31	38	39	0	49	38	
0	38	18	15	29	42	36	17	56	0	16	
0	22	2	41	36	32	37	7	57	30	0	
M3
0	0	0	0	0	0	0	0	0	0	0	
0	0	25	41	12	14	11	25	26	25	10	
0	14	0	45	26	9	25	34	39	36	24	
0	37	23	0	4	32	37	30	22	24	36	
0	36	37	37	0	36	33	26	18	20	32	
0	5	30	36	17	0	16	30	31	28	15	
0	3	14	34	1	3	0	14	15	16	13	
0	10	19	38	1	10	7	0	19	2	6	
0	29	40	19	23	29	26	40	0	41	25	
0	17	17	45	8	17	14	7	26	0	13	
0	4	15	33	2	4	1	15	16	17	0	
Tamanho_Tarefas
0	8	31	20	29	14	20	16	29	5	11	
Data_Entrega
0	46	61	42	45	60	50	63	40	60	53	
Penalidade_Atraso
0	3	17	4	1	11	3	19	13	2	4	
Capacidade_Veiculo
74	64	91	84	81	
Custo_Fixo_Veiculo
740	640	910	840	810	
Coordenadas_Clientes
x	0	y	0
x	21	y	0
x	12	y	9
x	4	y	14
x	-4	y	14
x	-14	y	10
x	-15	y	0
x	-14	y	-10
x	-7	y	-22
x	5	y	-15
x	16	y	-12
Tempo_Viagem
0	21	15	14	14	17	15	17	23	15	20	
21	0	12	21	28	36	36	36	34	21	13	
15	12	0	9	16	26	28	32	36	25	21	
14	21	9	0	8	18	23	30	37	29	28	
14	28	16	8	0	10	17	26	36	29	32	
17	36	26	18	10	0	10	20	32	31	37	
15	36	28	23	17	10	0	10	23	25	33	
17	36	32	30	26	20	10	0	13	19	30	
23	34	36	37	36	32	23	13	0	13	24	
15	21	25	29	29	31	25	19	13	0	11	
20	13	21	28	32	37	33	30	24	11	0	
Custo_Viagem
V0
0	310	222	207	207	251	222	251	340	222	296	
310	0	177	325	414	532	532	532	518	310	192	
222	177	0	133	236	384	414	473	532	370	310	
207	325	133	0	118	266	340	444	547	429	414	
207	414	236	118	0	148	251	384	532	444	473	
251	532	384	266	148	0	148	296	473	458	547	
222	532	414	340	251	148	0	148	340	370	488	
251	532	473	444	384	296	148	0	192	281	444	
340	518	532	547	532	473	340	192	0	192	370	
222	310	370	429	444	458	370	281	192	0	162	
296	192	310	414	473	547	488	444	370	162	0	
V1
0	268	192	179	179	217	192	217	294	192	256	
268	0	153	281	358	460	460	460	448	268	166	
192	153	0	115	204	332	358	409	460	320	268	
179	281	115	0	102	230	294	384	473	371	358	
179	358	204	102	0	128	217	332	460	384	409	
217	460	332	230	128	0	128	256	409	396	473	
192	460	358	294	217	128	0	128	294	320	422	
217	460	409	384	332	256	128	0	166	243	384	
294	448	460	473	460	409	294	166	0	166	320	
192	268	320	371	384	396	320	243	166	0	140	
256	166	268	358	409	473	422	384	320	140	0	
V2
0	382	273	254	254	309	273	309	418	273	364	
382	0	218	400	509	655	655	655	637	382	236	
273	218	0	163	291	473	509	582	655	455	382	
254	400	163	0	145	327	418	546	673	527	509	
254	509	291	145	0	182	309	473	655	546	582	
309	655	473	327	182	0	182	364	582	564	673	
273	655	509	418	309	182	0	182	418	455	600	
309	655	582	546	473	364	182	0	236	345	546	
418	637	655	673	655	582	418	236	0	236	455	
273	382	455	527	546	564	455	345	236	0	200	
364	236	382	509	582	673	600	546	455	200	0	
V3
0	352	252	235	235	285	252	285	386	252	336	
352	0	201	369	470	604	604	604	588	352	218	
252	201	0	151	268	436	470	537	604	420	352	
235	369	151	0	134	302	386	504	621	487	470	
235	470	268	134	0	168	285	436	604	504	537	
285	604	436	302	168	0	168	336	537	520	621	
252	604	470	386	285	168	0	168	386	420	554	
285	604	537	504	436	336	168	0	218	319	504	
386	588	604	621	604	537	386	218	0	218	420	
252	352	420	487	504	520	420	319	218	0	184	
336	218	352	470	537	621	554	504	420	184	0	
V4
0	340	243	226	226	275	243	275	372	243	324	
340	0	194	356	453	583	583	583	567	340	210	
243	194	0	145	259	421	453	518	583	405	340	
226	356	145	0	129	291	372	486	599	469	453	
226	453	259	129	0	162	275	421	583	486	518	
275	583	421	291	162	0	162	324	518	502	599	
243	583	453	372	275	162	0	162	372	405	534	
275	583	518	486	421	324	162	0	210	307	486	
372	567	583	599	583	518	372	210	0	210	405	
243	340	405	469	486	502	405	307	210	0	178	
324	210	340	453	518	599	534	486	405	178	0	
Velocidade_Veiculos
1	1	1	1	1	