M: 4
N: 10
Nun_Veiculos: 5
Capacidade_Total: 257
Demanda_Total: 195
Setup_Min: 1
Setup_Max: 9
Raio: 100
Circulos: 1
Tempo_Processamento_Min: 1
Tempo_Processamento_Max: 49
Demanda_Min: 10
Demanda_Max: 30
Priority_Factor: 0.2
Range_Factor_R: 0.8
U_factor: 2
ALpha: 0.2Replicao: 2
Tempos_Processamentos
0	0	1	0	2	0	3	0	
0	37	1	30	2	40	3	24	
0	13	1	16	2	40	3	11	
0	16	1	43	2	17	3	33	
0	42	1	8	2	11	3	28	
0	29	1	10	2	24	3	26	
0	31	1	20	2	24	3	18	
0	41	1	11	2	48	3	1	
0	30	1	4	2	40	3	33	
0	38	1	37	2	42	3	6	
0	45	1	29	2	14	3	10	

Tempos_setup
M0
0	0	0	0	0	0	0	0	0	0	0	
0	0	2	2	3	4	3	5	4	5	1	
0	3	0	3	2	3	2	4	3	4	3	
0	2	3	0	1	2	1	4	3	3	2	
0	3	2	1	0	3	2	3	2	4	1	
0	3	4	1	2	0	2	3	4	4	3	
0	1	3	2	3	1	0	3	2	2	1	
0	4	2	3	3	4	3	0	2	2	4	
0	3	3	1	2	3	2	1	0	3	3	
0	2	2	3	4	2	1	4	3	0	2	
0	3	4	1	2	3	2	4	3	4	0	
M1
0	0	0	0	0	0	0	0	0	0	0	
0	0	2	4	2	1	3	2	4	3	2	
0	2	0	5	3	3	1	2	4	3	1	
0	3	4	0	3	4	5	2	2	3	4	
0	3	5	7	0	4	6	3	4	1	2	
0	1	1	5	1	0	2	1	3	2	1	
0	2	2	6	4	3	0	4	4	5	3	
0	3	3	6	1	2	4	0	2	1	3	
0	1	2	5	3	2	3	3	0	4	3	
0	4	4	6	4	3	5	4	5	0	4	
0	2	4	5	2	3	5	1	3	2	0	
M2
0	0	0	0	0	0	0	0	0	0	0	
0	0	2	3	4	2	1	5	2	4	3	
0	3	0	1	3	4	3	3	4	4	2	
0	2	4	0	2	4	3	4	4	3	4	
0	5	4	4	0	3	3	3	4	1	2	
0	4	1	2	2	0	4	4	4	3	3	
0	2	2	3	3	1	0	4	1	4	4	
0	3	2	3	3	1	2	0	1	3	4	
0	3	3	4	4	2	1	3	0	5	5	
0	4	3	4	4	2	2	4	3	0	1	
0	3	3	4	4	2	1	5	2	5	0	
M3
0	0	0	0	0	0	0	0	0	0	0	
0	0	4	3	8	3	2	4	5	4	4	
0	5	0	2	4	5	5	5	1	6	5	
0	6	6	0	6	4	4	6	4	4	5	
0	5	6	2	0	6	5	1	5	4	6	
0	3	3	3	7	0	5	3	4	6	1	
0	4	4	1	7	1	0	2	5	2	2	
0	4	5	1	5	5	5	0	5	3	6	
0	6	6	2	8	4	4	6	0	6	4	
0	5	2	3	5	3	2	4	3	0	4	
0	2	4	2	7	5	4	2	5	5	0	
Tamanho_Tarefas
0	28	18	16	13	18	21	16	24	22	19	
Data_Entrega
0	199	194	193	194	189	192	186	193	190	197	
Penalidade_Atraso
0	20	3	6	13	10	14	19	12	11	2	
Capacidade_Veiculo
56	51	74	29	47	
Custo_Fixo_Veiculo
560	510	740	290	470	
Coordenadas_Clientes
x	0	y	0
x	110	y	0
x	91	y	66
x	35	y	109
x	-31	y	96
x	-63	y	46
x	-98	y	0
x	-67	y	-49
x	-37	y	-116
x	35	y	-110
x	96	y	-69
Tempo_Viagem
0	110	112	114	100	78	98	83	121	115	118	
110	0	68	132	170	179	208	183	187	133	70	
112	68	0	70	125	155	200	195	222	184	135	
114	132	70	0	67	116	171	188	235	219	188	
100	170	125	67	0	59	116	149	212	215	208	
78	179	155	116	59	0	57	95	164	184	196	
98	208	200	171	116	57	0	57	130	172	205	
83	183	195	188	149	95	57	0	73	118	164	
121	187	222	235	212	164	130	73	0	72	141	
115	133	184	219	215	184	172	118	72	0	73	
118	70	135	188	208	196	205	164	141	73	0	
Custo_Viagem
V0
0	1232	1254	1276	1120	873	1097	929	1355	1288	1321	
1232	0	761	1478	1904	2004	2329	2049	2094	1489	784	
1254	761	0	784	1400	1736	2240	2184	2486	2060	1512	
1276	1478	784	0	750	1299	1915	2105	2643	2452	2105	
1120	1904	1400	750	0	660	1310	1668	2374	2419	2329	
873	2004	1736	1299	660	0	638	1064	1836	2060	2195	
1097	2329	2240	1915	1310	638	0	638	1467	1926	2296	
929	2049	2184	2105	1668	1064	638	0	817	1321	1836	
1355	2094	2486	2643	2374	1836	1467	817	0	806	1579	
1288	1489	2060	2452	2419	2060	1926	1321	806	0	817	
1321	784	1512	2105	2329	2195	2296	1836	1579	817	0	
V1
0	1122	1142	1162	1020	795	999	846	1234	1173	1203	
1122	0	693	1346	1734	1825	2121	1866	1907	1356	714	
1142	693	0	714	1275	1581	2040	1989	2264	1876	1377	
1162	1346	714	0	683	1183	1744	1917	2407	2233	1917	
1020	1734	1275	683	0	601	1193	1519	2162	2203	2121	
795	1825	1581	1183	601	0	581	969	1672	1876	1999	
999	2121	2040	1744	1193	581	0	581	1336	1754	2091	
846	1866	1989	1917	1519	969	581	0	744	1203	1672	
1234	1907	2264	2407	2162	1672	1336	744	0	734	1438	
1173	1356	1876	2233	2203	1876	1754	1203	734	0	744	
1203	714	1377	1917	2121	1999	2091	1672	1438	744	0	
V2
0	1628	1657	1687	1480	1154	1450	1228	1790	1702	1746	
1628	0	1006	1953	2516	2649	3078	2708	2767	1968	1036	
1657	1006	0	1036	1850	2294	2960	2886	3285	2723	1998	
1687	1953	1036	0	991	1716	2530	2782	3492	3241	2782	
1480	2516	1850	991	0	873	1731	2205	3137	3196	3078	
1154	2649	2294	1716	873	0	843	1406	2427	2723	2900	
1450	3078	2960	2530	1731	843	0	843	1938	2545	3034	
1228	2708	2886	2782	2205	1406	843	0	1080	1746	2427	
1790	2767	3285	3492	3137	2427	1938	1080	0	1065	2086	
1702	1968	2723	3241	3196	2723	2545	1746	1065	0	1080	
1746	1036	1998	2782	3078	2900	3034	2427	2086	1080	0	
V3
0	638	649	661	580	452	568	481	701	667	684	
638	0	394	765	986	1038	1206	1061	1084	771	406	
649	394	0	406	725	899	1160	1131	1287	1067	783	
661	765	406	0	388	672	991	1090	1368	1270	1090	
580	986	725	388	0	342	678	864	1229	1252	1206	
452	1038	899	672	342	0	330	551	951	1067	1136	
568	1206	1160	991	678	330	0	330	759	997	1189	
481	1061	1131	1090	864	551	330	0	423	684	951	
701	1084	1287	1368	1229	951	759	423	0	417	817	
667	771	1067	1270	1252	1067	997	684	417	0	423	
684	406	783	1090	1206	1136	1189	951	817	423	0	
V4
0	1034	1052	1071	940	733	921	780	1137	1081	1109	
1034	0	639	1240	1598	1682	1955	1720	1757	1250	658	
1052	639	0	658	1175	1457	1880	1833	2086	1729	1269	
1071	1240	658	0	629	1090	1607	1767	2218	2058	1767	
940	1598	1175	629	0	554	1099	1400	1992	2030	1955	
733	1682	1457	1090	554	0	535	893	1541	1729	1842	
921	1955	1880	1607	1099	535	0	535	1231	1616	1927	
780	1720	1833	1767	1400	893	535	0	686	1109	1541	
1137	1757	2086	2218	1992	1541	1231	686	0	676	1325	
1081	1250	1729	2058	2030	1729	1616	1109	676	0	686	
1109	658	1269	1767	1955	1842	1927	1541	1325	686	0	
Velocidade_Veiculos
1	1	1	1	1	