M: 4
N: 10
Nun_Veiculos: 5
Capacidade_Total: 258
Demanda_Total: 148
Setup_Min: 1
Setup_Max: 99
Raio: 20
Circulos: 1
Tempo_Processamento_Min: 1
Tempo_Processamento_Max: 49
Demanda_Min: 10
Demanda_Max: 30
Priority_Factor: 0.2
Range_Factor_R: 0.8
U_factor: 2
ALpha: 0.2Replicao: 2
Tempos_Processamentos
0	0	1	0	2	0	3	0	
0	5	1	35	2	6	3	11	
0	30	1	31	2	6	3	5	
0	1	1	10	2	19	3	18	
0	32	1	33	2	9	3	16	
0	41	1	38	2	30	3	24	
0	18	1	49	2	34	3	1	
0	26	1	6	2	43	3	26	
0	28	1	37	2	38	3	20	
0	30	1	40	2	21	3	2	
0	37	1	4	2	20	3	3	

Tempos_setup
M0
0	0	0	0	0	0	0	0	0	0	0	
0	0	16	42	15	17	44	50	9	70	13	
0	18	0	26	33	1	28	34	27	54	10	
0	22	17	0	33	5	2	8	31	58	14	
0	28	41	67	0	42	67	55	34	62	38	
0	17	12	38	32	0	40	46	26	53	9	
0	20	15	17	31	3	0	25	29	56	12	
0	38	20	30	53	21	32	0	47	57	30	
0	25	7	33	6	8	35	41	0	61	4	
0	35	30	28	48	18	17	23	44	0	27	
0	21	3	29	36	4	31	37	30	57	0	
M1
0	0	0	0	0	0	0	0	0	0	0	
0	0	52	37	33	23	39	52	51	49	16	
0	36	0	70	63	53	72	82	83	59	46	
0	53	53	0	59	49	90	37	54	37	42	
0	34	52	33	0	48	73	19	36	36	41	
0	4	29	41	37	0	43	56	40	53	20	
0	32	49	35	2	28	0	21	12	38	21	
0	33	33	14	39	29	70	0	17	17	22	
0	20	37	52	26	16	57	45	0	62	9	
0	16	16	37	22	12	53	35	52	0	5	
0	11	36	48	17	7	48	36	47	53	0	
M2
0	0	0	0	0	0	0	0	0	0	0	
0	0	32	15	13	21	28	5	23	9	14	
0	7	0	22	12	5	4	12	30	16	21	
0	26	40	0	39	27	34	31	19	35	29	
0	10	33	24	0	8	15	14	33	18	15	
0	2	28	17	15	0	7	7	25	11	16	
0	3	29	18	8	1	0	8	26	12	17	
0	18	41	10	8	16	23	0	23	4	23	
0	10	21	25	23	8	15	15	0	19	10	
0	14	37	28	4	12	19	18	37	0	19	
0	25	18	40	30	23	22	30	21	34	0	
M3
0	0	0	0	0	0	0	0	0	0	0	
0	0	25	27	25	32	33	30	22	16	23	
0	27	0	22	20	7	14	5	38	32	36	
0	5	16	0	27	23	25	21	26	21	28	
0	7	18	2	0	22	27	23	28	23	30	
0	20	31	15	13	0	40	36	31	25	29	
0	34	40	29	40	47	0	45	37	31	38	
0	22	28	17	15	35	9	0	43	38	45	
0	10	16	5	3	23	11	21	0	7	5	
0	16	18	11	9	25	17	23	6	0	7	
0	18	11	13	11	18	19	16	8	2	0	
Tamanho_Tarefas
0	6	14	3	12	25	25	17	29	12	5	
Data_Entrega
0	44	55	50	46	49	51	47	43	48	41	
Penalidade_Atraso
0	10	3	8	2	2	11	17	17	17	17	
Capacidade_Veiculo
76	37	31	59	55	
Custo_Fixo_Veiculo
760	370	310	590	550	
Coordenadas_Clientes
x	0	y	0
x	21	y	0
x	20	y	14
x	6	y	18
x	-5	y	15
x	-15	y	11
x	-24	y	0
x	-19	y	-14
x	-7	y	-21
x	4	y	-14
x	19	y	-14
Tempo_Viagem
0	21	24	18	15	18	24	23	22	14	23	
21	0	14	23	30	37	45	42	35	22	14	
24	14	0	14	25	35	46	47	44	32	28	
18	23	14	0	11	21	34	40	40	32	34	
15	30	25	11	0	10	24	32	36	29	37	
18	37	35	21	10	0	14	25	32	31	41	
24	45	46	34	24	14	0	14	27	31	45	
23	42	47	40	32	25	14	0	13	23	38	
22	35	44	40	36	32	27	13	0	13	26	
14	22	32	32	29	31	31	23	13	0	15	
23	14	28	34	37	41	45	38	26	15	0	
Custo_Viagem
V0
0	319	364	273	228	273	364	349	334	212	349	
319	0	212	349	456	562	684	638	532	334	212	
364	212	0	212	380	532	699	729	668	486	425	
273	349	212	0	167	334	516	608	623	486	516	
228	456	380	167	0	152	364	486	547	456	562	
273	562	532	334	152	0	212	380	486	471	638	
364	684	699	516	364	212	0	212	410	471	684	
349	638	729	608	486	380	212	0	197	349	577	
334	532	668	623	547	486	410	197	0	197	395	
212	334	486	486	456	471	471	349	197	0	228	
349	212	425	516	562	638	684	577	395	228	0	
V1
0	155	177	133	111	133	177	170	162	103	170	
155	0	103	170	222	273	333	310	259	162	103	
177	103	0	103	185	259	340	355	325	236	207	
133	170	103	0	81	162	251	296	303	236	251	
111	222	185	81	0	74	177	236	266	222	273	
133	273	259	162	74	0	103	185	236	229	310	
177	333	340	251	177	103	0	103	199	229	333	
170	310	355	296	236	185	103	0	96	170	281	
162	259	325	303	266	236	199	96	0	96	192	
103	162	236	236	222	229	229	170	96	0	111	
170	103	207	251	273	310	333	281	192	111	0	
V2
0	130	148	111	93	111	148	142	136	86	142	
130	0	86	142	186	229	279	260	217	136	86	
148	86	0	86	155	217	285	297	272	198	173	
111	142	86	0	68	136	210	248	254	198	210	
93	186	155	68	0	62	148	198	223	186	229	
111	229	217	136	62	0	86	155	198	192	260	
148	279	285	210	148	86	0	86	167	192	279	
142	260	297	248	198	155	86	0	80	142	235	
136	217	272	254	223	198	167	80	0	80	161	
86	136	198	198	186	192	192	142	80	0	93	
142	86	173	210	229	260	279	235	161	93	0	
V3
0	247	283	212	177	212	283	271	259	165	271	
247	0	165	271	354	436	531	495	413	259	165	
283	165	0	165	295	413	542	566	519	377	330	
212	271	165	0	129	259	401	472	483	377	401	
177	354	295	129	0	118	283	377	424	354	436	
212	436	413	259	118	0	165	295	377	365	495	
283	531	542	401	283	165	0	165	318	365	531	
271	495	566	472	377	295	165	0	153	271	448	
259	413	519	483	424	377	318	153	0	153	306	
165	259	377	377	354	365	365	271	153	0	177	
271	165	330	401	436	495	531	448	306	177	0	
V4
0	231	264	198	165	198	264	253	242	154	253	
231	0	154	253	330	407	495	462	385	242	154	
264	154	0	154	275	385	506	528	484	352	308	
198	253	154	0	121	242	374	440	451	352	374	
165	330	275	121	0	110	264	352	396	330	407	
198	407	385	242	110	0	154	275	352	341	462	
264	495	506	374	264	154	0	154	297	341	495	
253	462	528	440	352	275	154	0	143	253	418	
242	385	484	451	396	352	297	143	0	143	286	
154	242	352	352	330	341	341	253	143	0	165	
253	154	308	374	407	462	495	418	286	165	0	
Velocidade_Veiculos
1	1	1	1	1	