M: 4
N: 10
Nun_Veiculos: 4
Capacidade_Total: 215
Demanda_Total: 141
Setup_Min: 1
Setup_Max: 9
Raio: 20
Circulos: 1
Tempo_Processamento_Min: 1
Tempo_Processamento_Max: 49
Demanda_Min: 10
Demanda_Max: 30
Priority_Factor: 0.2
Range_Factor_R: 0.8
U_factor: 2
ALpha: 0.2Replicao: 2
Tempos_Processamentos
0	0	1	0	2	0	3	0	
0	10	1	28	2	9	3	11	
0	25	1	23	2	44	3	43	
0	27	1	30	2	2	3	5	
0	36	1	37	2	7	3	26	
0	15	1	5	2	10	3	27	
0	25	1	12	2	24	3	18	
0	16	1	32	2	2	3	2	
0	28	1	30	2	10	3	2	
0	44	1	36	2	49	3	19	
0	39	1	18	2	46	3	12	

Tempos_setup
M0
0	0	0	0	0	0	0	0	0	0	0	
0	0	5	5	3	4	2	3	5	1	6	
0	3	0	2	2	3	2	2	1	2	1	
0	1	1	0	2	4	3	3	2	2	2	
0	5	5	4	0	4	6	3	5	4	6	
0	1	3	2	3	0	2	3	1	2	2	
0	4	7	6	7	7	0	6	6	3	6	
0	2	4	3	1	1	3	0	2	1	3	
0	2	2	1	2	3	1	2	0	1	1	
0	5	5	4	4	4	2	3	5	0	6	
0	3	4	3	1	2	3	1	2	2	0	
M1
0	0	0	0	0	0	0	0	0	0	0	
0	0	3	2	2	4	4	5	2	4	2	
0	6	0	4	1	3	3	3	2	3	1	
0	5	3	0	3	3	3	4	5	2	2	
0	6	3	3	0	2	3	3	5	2	4	
0	6	1	3	1	0	1	1	3	2	2	
0	7	1	2	2	3	0	4	3	1	1	
0	5	3	2	4	3	3	0	2	4	2	
0	7	2	4	3	5	2	3	0	3	3	
0	6	3	1	2	4	4	4	5	0	2	
0	6	1	4	2	4	2	4	3	3	0	
M2
0	0	0	0	0	0	0	0	0	0	0	
0	0	4	5	5	4	3	3	2	5	4	
0	7	0	2	5	5	5	4	4	1	3	
0	5	3	0	3	3	3	2	2	3	1	
0	2	3	4	0	4	3	2	2	2	1	
0	7	5	4	5	0	5	4	4	4	3	
0	6	3	2	4	1	0	2	3	3	3	
0	4	1	2	2	3	2	0	1	2	3	
0	5	2	3	5	2	1	3	0	3	4	
0	6	4	5	4	5	4	3	3	0	2	
0	4	2	3	2	3	2	1	1	3	0	
M3
0	0	0	0	0	0	0	0	0	0	0	
0	0	4	6	5	3	3	2	3	3	4	
0	3	0	5	5	6	3	2	3	4	4	
0	4	4	0	3	1	3	2	5	3	3	
0	3	7	8	0	6	6	5	4	6	6	
0	4	3	3	6	0	2	1	4	3	3	
0	3	1	3	4	4	0	3	3	2	1	
0	3	2	4	5	5	1	0	4	2	2	
0	2	4	5	2	5	3	2	0	3	2	
0	1	3	5	4	3	4	3	2	0	4	
0	2	2	4	5	3	1	2	3	1	0	
Tamanho_Tarefas
0	11	26	2	20	5	14	3	12	31	17	
Data_Entrega
0	51	50	48	47	53	41	42	49	41	51	
Penalidade_Atraso
0	12	7	11	10	1	12	14	16	17	3	
Capacidade_Veiculo
34	52	93	36	
Custo_Fixo_Veiculo
340	520	930	360	
Coordenadas_Clientes
x	0	y	0
x	15	y	0
x	12	y	8
x	6	y	19
x	-4	y	15
x	-13	y	9
x	-18	y	0
x	-18	y	-13
x	-6	y	-20
x	5	y	-16
x	15	y	-11
Tempo_Viagem
0	15	14	19	15	15	18	22	20	16	18	
15	0	8	20	24	29	33	35	29	18	11	
14	8	0	12	17	25	31	36	33	25	19	
19	20	12	0	10	20	30	40	39	35	31	
15	24	17	10	0	10	20	31	35	31	32	
15	29	25	20	10	0	10	22	29	30	33	
18	33	31	30	20	10	0	13	23	28	34	
22	35	36	40	31	22	13	0	13	23	33	
20	29	33	39	35	29	23	13	0	11	22	
16	18	25	35	31	30	28	23	11	0	11	
18	11	19	31	32	33	34	33	22	11	0	
Custo_Viagem
V0
0	102	95	129	102	102	122	149	136	108	122	
102	0	54	142	163	197	224	238	197	122	74	
95	54	0	81	115	170	210	244	224	170	129	
129	142	81	0	68	142	204	272	272	238	210	
102	163	115	68	0	68	136	210	238	217	217	
102	197	170	142	68	0	68	149	197	204	231	
122	224	210	204	136	68	0	88	156	190	231	
149	238	244	272	210	149	88	0	88	156	224	
136	197	224	272	238	197	156	88	0	74	149	
108	122	170	238	217	204	190	156	74	0	74	
122	74	129	210	217	231	231	224	149	74	0	
V1
0	156	145	197	156	156	187	228	208	166	187	
156	0	83	218	249	301	343	364	301	187	114	
145	83	0	124	176	260	322	374	343	260	197	
197	218	124	0	104	218	312	416	416	364	322	
156	249	176	104	0	104	208	322	364	332	332	
156	301	260	218	104	0	104	228	301	312	353	
187	343	322	312	208	104	0	135	239	291	353	
228	364	374	416	322	228	135	0	135	239	343	
208	301	343	416	364	301	239	135	0	114	228	
166	187	260	364	332	312	291	239	114	0	114	
187	114	197	322	332	353	353	343	228	114	0	
V2
0	279	260	353	279	279	334	409	372	297	334	
279	0	148	390	446	539	613	651	539	334	204	
260	148	0	223	316	465	576	669	613	465	353	
353	390	223	0	186	390	558	744	744	651	576	
279	446	316	186	0	186	372	576	651	595	595	
279	539	465	390	186	0	186	409	539	558	632	
334	613	576	558	372	186	0	241	427	520	632	
409	651	669	744	576	409	241	0	241	427	613	
372	539	613	744	651	539	427	241	0	204	409	
297	334	465	651	595	558	520	427	204	0	204	
334	204	353	576	595	632	632	613	409	204	0	
V3
0	108	100	136	108	108	129	158	144	115	129	
108	0	57	151	172	208	237	252	208	129	79	
100	57	0	86	122	180	223	259	237	180	136	
136	151	86	0	72	151	216	288	288	252	223	
108	172	122	72	0	72	144	223	252	230	230	
108	208	180	151	72	0	72	158	208	216	244	
129	237	223	216	144	72	0	93	165	201	244	
158	252	259	288	223	158	93	0	93	165	237	
144	208	237	288	252	208	165	93	0	79	158	
115	129	180	252	230	216	201	165	79	0	79	
129	79	136	223	230	244	244	237	158	79	0	
Velocidade_Veiculos
1	1	1	1	