M: 4
N: 10
Nun_Veiculos: 6
Capacidade_Total: 461
Demanda_Total: 192
Setup_Min: 1
Setup_Max: 9
Raio: 100
Circulos: 1
Tempo_Processamento_Min: 1
Tempo_Processamento_Max: 49
Demanda_Min: 10
Demanda_Max: 30
Priority_Factor: 0.2
Range_Factor_R: 0.8
U_factor: 2
ALpha: 0.2Replicao: 0
Tempos_Processamentos
0	0	1	0	2	0	3	0	
0	15	1	28	2	10	3	38	
0	49	1	48	2	38	3	44	
0	29	1	27	2	22	3	7	
0	21	1	14	2	6	3	1	
0	6	1	8	2	44	3	13	
0	26	1	9	2	33	3	23	
0	2	1	38	2	47	3	14	
0	31	1	39	2	27	3	39	
0	40	1	15	2	19	3	44	
0	49	1	23	2	44	3	39	

Tempos_setup
M0
0	0	0	0	0	0	0	0	0	0	0	
0	0	4	3	6	2	5	2	6	4	1	
0	4	0	1	4	2	2	4	4	3	5	
0	3	3	0	3	5	2	4	3	4	4	
0	4	3	1	0	4	3	4	4	5	3	
0	5	2	2	5	0	3	5	5	5	4	
0	6	4	3	4	5	0	2	6	2	7	
0	4	2	1	4	3	3	0	4	5	5	
0	3	5	4	4	4	6	3	0	2	4	
0	5	3	2	2	3	4	1	5	0	5	
0	5	3	2	5	4	4	1	5	6	0	
M1
0	0	0	0	0	0	0	0	0	0	0	
0	0	3	1	1	3	4	3	4	3	2	
0	5	0	5	4	5	1	6	4	5	4	
0	5	3	0	1	4	4	3	3	2	4	
0	4	4	4	0	4	5	5	4	3	3	
0	3	2	4	4	0	1	6	3	5	5	
0	5	1	4	5	6	0	7	5	4	5	
0	2	2	3	1	2	3	0	4	4	1	
0	5	4	3	2	2	3	6	0	2	4	
0	6	4	1	2	3	4	4	1	0	5	
0	1	1	2	2	1	2	2	3	4	0	
M2
0	0	0	0	0	0	0	0	0	0	0	
0	0	4	1	2	1	2	4	1	1	2	
0	3	0	2	3	3	4	3	2	3	4	
0	1	5	0	3	2	3	5	2	2	3	
0	5	5	5	0	5	1	5	5	5	4	
0	3	6	4	2	0	3	4	3	4	5	
0	5	4	4	5	4	0	6	4	5	4	
0	6	6	5	2	5	2	0	4	5	6	
0	2	3	3	1	1	2	5	0	1	2	
0	1	3	2	3	2	1	5	2	0	1	
0	2	2	3	3	1	2	5	3	1	0	
M3
0	0	0	0	0	0	0	0	0	0	0	
0	0	2	4	4	7	2	2	5	6	5	
0	2	0	6	2	7	1	3	6	6	3	
0	3	1	0	3	6	2	4	7	6	3	
0	6	5	6	0	8	6	3	6	7	5	
0	2	2	3	3	0	1	4	7	5	2	
0	1	3	5	5	7	0	3	6	6	3	
0	4	2	3	4	5	3	0	3	4	3	
0	3	1	5	3	2	2	4	0	2	4	
0	3	2	5	2	8	3	5	7	0	2	
0	4	2	6	4	7	3	5	6	3	0	
Tamanho_Tarefas
0	14	38	19	10	11	12	17	27	21	23	
Data_Entrega
0	171	188	177	190	176	175	164	174	182	168	
Penalidade_Atraso
0	7	16	15	5	11	16	3	18	8	3	
Capacidade_Veiculo
42	73	84	56	93	113	
Custo_Fixo_Veiculo
420	730	840	560	930	1130	
Coordenadas_Clientes
x	0	y	0
x	114	y	0
x	62	y	45
x	26	y	82
x	-25	y	78
x	-75	y	54
x	-98	y	0
x	-64	y	-47
x	-36	y	-113
x	24	y	-76
x	84	y	-61
Tempo_Viagem
0	114	76	86	81	92	98	79	118	79	103	
114	0	68	119	159	196	212	184	187	117	67	
76	68	0	51	93	137	166	155	185	126	108	
86	119	51	0	51	104	148	157	204	158	154	
81	159	93	51	0	55	106	130	191	160	176	
92	196	137	104	55	0	58	101	171	163	195	
98	212	166	148	106	58	0	58	128	143	191	
79	184	155	157	130	101	58	0	71	92	148	
118	187	185	204	191	171	128	71	0	70	130	
79	117	126	158	160	163	143	92	70	0	61	
103	67	108	154	176	195	191	148	130	61	0	
Custo_Viagem
V0
0	957	638	722	680	772	823	663	991	663	865	
957	0	571	1008	1335	1646	1780	1545	1570	982	562	
638	571	0	428	781	1150	1394	1310	1554	1058	907	
722	1008	428	0	428	873	1243	1318	1713	1327	1293	
680	1335	781	428	0	462	890	1092	1604	1352	1478	
772	1646	1150	873	462	0	487	848	1436	1369	1646	
823	1780	1394	1243	890	487	0	487	1075	1201	1604	
663	1545	1310	1318	1092	848	487	0	596	772	1243	
991	1570	1554	1713	1604	1436	1075	596	0	588	1092	
663	982	1058	1327	1352	1369	1201	772	588	0	512	
865	562	907	1293	1478	1646	1604	1243	1092	512	0	
V1
0	1664	1109	1255	1182	1343	1430	1153	1722	1153	1503	
1664	0	992	1752	2321	2861	3095	2686	2730	1708	978	
1109	992	0	744	1357	2000	2423	2277	2701	1839	1576	
1255	1752	744	0	744	1518	2160	2292	2978	2306	2248	
1182	2321	1357	744	0	803	1547	1898	2788	2350	2569	
1343	2861	2000	1518	803	0	846	1474	2496	2379	2861	
1430	3095	2423	2160	1547	846	0	846	1868	2087	2788	
1153	2686	2277	2292	1898	1474	846	0	1036	1343	2160	
1722	2730	2701	2978	2788	2496	1868	1036	0	1022	1898	
1153	1708	1839	2306	2350	2379	2087	1343	1022	0	890	
1503	978	1576	2248	2569	2861	2788	2160	1898	890	0	
V2
0	1915	1276	1444	1360	1545	1646	1327	1982	1327	1730	
1915	0	1142	2016	2671	3292	3561	3091	3141	1965	1125	
1276	1142	0	856	1562	2301	2788	2620	3108	2116	1814	
1444	2016	856	0	856	1747	2486	2637	3427	2654	2587	
1360	2671	1562	856	0	924	1780	2184	3208	2704	2956	
1545	3292	2301	1747	924	0	974	1696	2872	2738	3292	
1646	3561	2788	2486	1780	974	0	974	2150	2402	3208	
1327	3091	2620	2637	2184	1696	974	0	1192	1545	2486	
1982	3141	3108	3427	3208	2872	2150	1192	0	1176	2184	
1327	1965	2116	2654	2704	2738	2402	1545	1176	0	1024	
1730	1125	1814	2587	2956	3292	3208	2486	2184	1024	0	
V3
0	1276	851	963	907	1030	1097	884	1321	884	1153	
1276	0	761	1344	1780	2195	2374	2060	2094	1310	750	
851	761	0	571	1041	1534	1859	1747	2072	1411	1209	
963	1344	571	0	571	1164	1657	1758	2284	1769	1724	
907	1780	1041	571	0	616	1187	1456	2139	1803	1971	
1030	2195	1534	1164	616	0	649	1131	1915	1825	2195	
1097	2374	1859	1657	1187	649	0	649	1433	1601	2139	
884	2060	1747	1758	1456	1131	649	0	795	1030	1657	
1321	2094	2072	2284	2139	1915	1433	795	0	784	1456	
884	1310	1411	1769	1803	1825	1601	1030	784	0	683	
1153	750	1209	1724	1971	2195	2139	1657	1456	683	0	
V4
0	2120	1413	1599	1506	1711	1822	1469	2194	1469	1915	
2120	0	1264	2232	2957	3645	3943	3422	3478	2176	1246	
1413	1264	0	948	1729	2548	3087	2901	3441	2343	2008	
1599	2232	948	0	948	1934	2752	2920	3794	2938	2864	
1506	2957	1729	948	0	1023	1971	2418	3552	2994	3273	
1711	3645	2548	1934	1023	0	1078	1878	3180	3031	3645	
1822	3943	3087	2752	1971	1078	0	1078	2380	2659	3552	
1469	3422	2901	2920	2418	1878	1078	0	1320	1711	2752	
2194	3478	3441	3794	3552	3180	2380	1320	0	1302	2418	
1469	2176	2343	2938	2994	3031	2659	1711	1302	0	1134	
1915	1246	2008	2864	3273	3645	3552	2752	2418	1134	0	
V5
0	2576	1717	1943	1830	2079	2214	1785	2666	1785	2327	
2576	0	1536	2712	3593	4429	4791	4158	4226	2644	1514	
1717	1536	0	1152	2101	3096	3751	3525	4181	2847	2440	
1943	2712	1152	0	1152	2350	3344	3548	4610	3570	3480	
1830	3593	2101	1152	0	1243	2395	2938	4316	3638	3977	
2079	4429	3096	2350	1243	0	1310	2282	3864	3683	4429	
2214	4791	3751	3344	2395	1310	0	1310	2892	3231	4316	
1785	4158	3525	3548	2938	2282	1310	0	1604	2079	3344	
2666	4226	4181	4610	4316	3864	2892	1604	0	1582	2938	
1785	2644	2847	3570	3638	3683	3231	2079	1582	0	1378	
2327	1514	2440	3480	3977	4429	4316	3344	2938	1378	0	
Velocidade_Veiculos
1	1	1	1	1	1	