M: 4
N: 10
Nun_Veiculos: 6
Capacidade_Total: 379
Demanda_Total: 165
Setup_Min: 1
Setup_Max: 99
Raio: 100
Circulos: 1
Tempo_Processamento_Min: 1
Tempo_Processamento_Max: 49
Demanda_Min: 10
Demanda_Max: 30
Priority_Factor: 0.2
Range_Factor_R: 0.8
U_factor: 2
ALpha: 0.2Replicao: 2
Tempos_Processamentos
0	0	1	0	2	0	3	0	
0	32	1	17	2	34	3	28	
0	26	1	1	2	14	3	21	
0	12	1	15	2	15	3	36	
0	30	1	42	2	11	3	23	
0	39	1	17	2	4	3	5	
0	4	1	6	2	46	3	46	
0	17	1	8	2	5	3	17	
0	37	1	18	2	38	3	9	
0	43	1	41	2	39	3	24	
0	9	1	21	2	12	3	19	

Tempos_setup
M0
0	0	0	0	0	0	0	0	0	0	0	
0	0	45	37	79	43	50	84	30	49	45	
0	43	0	14	57	20	28	51	36	35	12	
0	34	17	0	58	6	33	48	22	21	8	
0	6	19	23	0	29	15	63	22	21	7	
0	30	18	27	56	0	41	62	21	20	6	
0	35	25	8	29	14	0	56	30	29	16	
0	48	30	44	64	50	42	0	36	35	34	
0	12	18	20	49	20	20	56	0	40	26	
0	13	19	21	50	21	21	42	1	0	25	
0	31	12	21	50	27	40	63	26	42	0	
M1
0	0	0	0	0	0	0	0	0	0	0	
0	0	6	3	21	25	37	4	35	46	42	
0	55	0	58	42	35	52	37	45	68	53	
0	35	3	0	18	22	34	1	32	43	39	
0	23	1	26	0	4	21	2	14	37	21	
0	20	22	23	28	0	17	20	10	33	18	
0	25	5	16	23	27	0	3	24	16	44	
0	34	2	37	42	37	33	0	40	49	41	
0	32	12	23	30	34	7	10	0	23	51	
0	9	14	12	30	34	9	12	33	0	51	
0	2	8	5	10	14	31	6	24	47	0	
M2
0	0	0	0	0	0	0	0	0	0	0	
0	0	39	39	46	88	54	38	48	44	34	
0	12	0	24	33	49	15	43	42	5	21	
0	28	16	0	15	65	31	59	19	21	36	
0	44	45	44	0	61	60	82	10	50	40	
0	29	19	43	2	0	34	62	12	24	14	
0	54	45	62	18	34	0	86	28	47	48	
0	22	10	1	16	56	22	0	18	15	5	
0	47	35	34	42	64	50	78	0	40	30	
0	7	21	45	28	70	36	45	37	0	16	
0	17	5	29	12	54	20	48	22	10	0	
M3
0	0	0	0	0	0	0	0	0	0	0	
0	0	18	17	55	20	12	35	69	49	48	
0	21	0	38	72	41	33	56	78	60	69	
0	24	23	0	44	3	36	18	58	32	31	
0	29	8	36	0	32	35	42	14	52	39	
0	25	20	42	55	0	37	60	60	74	73	
0	27	28	5	43	8	0	23	57	37	36	
0	6	24	8	26	11	18	0	40	14	31	
0	30	9	22	1	18	36	40	0	53	40	
0	35	14	32	12	34	27	50	26	0	49	
0	50	49	28	41	30	23	46	42	43	0	
Tamanho_Tarefas
0	20	3	13	21	16	15	10	25	31	11	
Data_Entrega
0	180	168	182	164	182	170	181	174	181	183	
Penalidade_Atraso
0	14	19	19	9	14	8	5	7	11	19	
Capacidade_Veiculo
75	56	53	88	33	74	
Custo_Fixo_Veiculo
750	560	530	880	330	740	
Coordenadas_Clientes
x	0	y	0
x	125	y	0
x	74	y	54
x	30	y	93
x	-30	y	94
x	-66	y	48
x	-97	y	0
x	-60	y	-44
x	-24	y	-76
x	27	y	-85
x	80	y	-58
Tempo_Viagem
0	125	91	97	98	81	97	74	79	89	98	
125	0	74	132	181	196	222	190	167	129	73	
91	74	0	58	111	140	179	165	162	146	112	
97	132	58	0	60	106	157	163	176	178	159	
98	181	111	60	0	58	115	141	170	187	187	
81	196	140	106	58	0	57	92	130	162	179	
97	222	179	157	115	57	0	57	105	150	186	
74	190	165	163	141	92	57	0	48	96	140	
79	167	162	176	170	130	105	48	0	51	105	
89	129	146	178	187	162	150	96	51	0	59	
98	73	112	159	187	179	186	140	105	59	0	
Custo_Viagem
V0
0	1875	1365	1455	1470	1215	1455	1110	1185	1335	1470	
1875	0	1110	1980	2715	2940	3330	2850	2505	1935	1095	
1365	1110	0	870	1665	2100	2685	2490	2430	2190	1680	
1455	1980	870	0	900	1590	2355	2445	2655	2670	2385	
1470	2715	1665	900	0	870	1725	2115	2550	2805	2805	
1215	2940	2100	1590	870	0	855	1380	1950	2430	2700	
1455	3330	2685	2355	1725	855	0	855	1575	2250	2790	
1110	2850	2490	2445	2115	1380	855	0	720	1440	2100	
1185	2505	2430	2655	2550	1950	1575	720	0	765	1575	
1335	1935	2190	2670	2805	2430	2250	1440	765	0	885	
1470	1095	1680	2385	2805	2700	2790	2100	1575	885	0	
V1
0	1400	1019	1086	1097	907	1086	828	884	996	1097	
1400	0	828	1478	2027	2195	2486	2128	1870	1444	817	
1019	828	0	649	1243	1568	2004	1859	1814	1635	1254	
1086	1478	649	0	672	1187	1758	1825	1982	1993	1780	
1097	2027	1243	672	0	649	1288	1579	1904	2094	2094	
907	2195	1568	1187	649	0	638	1030	1456	1814	2016	
1086	2486	2004	1758	1288	638	0	638	1176	1680	2083	
828	2128	1859	1825	1579	1030	638	0	537	1075	1568	
884	1870	1814	1982	1904	1456	1176	537	0	571	1176	
996	1444	1635	1993	2094	1814	1680	1075	571	0	660	
1097	817	1254	1780	2094	2016	2083	1568	1176	660	0	
V2
0	1325	964	1028	1038	858	1028	784	837	943	1038	
1325	0	784	1399	1918	2077	2353	2014	1770	1367	773	
964	784	0	614	1176	1484	1897	1759	1717	1547	1187	
1028	1399	614	0	636	1123	1664	1727	1876	1886	1685	
1038	1918	1176	636	0	614	1219	1494	1802	1982	1982	
858	2077	1484	1123	614	0	604	975	1378	1717	1908	
1028	2353	1897	1664	1219	604	0	604	1113	1590	1971	
784	2014	1759	1727	1494	975	604	0	508	1017	1484	
837	1770	1717	1876	1802	1378	1113	508	0	540	1113	
943	1367	1547	1886	1982	1717	1590	1017	540	0	625	
1038	773	1187	1685	1982	1908	1971	1484	1113	625	0	
V3
0	2200	1601	1707	1724	1425	1707	1302	1390	1566	1724	
2200	0	1302	2323	3185	3449	3907	3344	2939	2270	1284	
1601	1302	0	1020	1953	2464	3150	2921	2851	2569	1971	
1707	2323	1020	0	1056	1865	2763	2868	3115	3132	2798	
1724	3185	1953	1056	0	1020	2024	2481	2992	3291	3291	
1425	3449	2464	1865	1020	0	1003	1619	2288	2851	3168	
1707	3907	3150	2763	2024	1003	0	1003	1848	2640	3273	
1302	3344	2921	2868	2481	1619	1003	0	844	1689	2464	
1390	2939	2851	3115	2992	2288	1848	844	0	897	1848	
1566	2270	2569	3132	3291	2851	2640	1689	897	0	1038	
1724	1284	1971	2798	3291	3168	3273	2464	1848	1038	0	
V4
0	825	600	640	646	534	640	488	521	587	646	
825	0	488	871	1194	1293	1465	1254	1102	851	481	
600	488	0	382	732	924	1181	1095	1069	963	739	
640	871	382	0	396	699	1036	1075	1168	1174	1049	
646	1194	732	396	0	382	759	930	1122	1234	1234	
534	1293	924	699	382	0	376	607	858	1069	1188	
640	1465	1181	1036	759	376	0	376	693	990	1227	
488	1254	1095	1075	930	607	376	0	316	633	924	
521	1102	1069	1168	1122	858	693	316	0	336	693	
587	851	963	1174	1234	1069	990	633	336	0	389	
646	481	739	1049	1234	1188	1227	924	693	389	0	
V5
0	1850	1346	1435	1450	1198	1435	1095	1169	1317	1450	
1850	0	1095	1953	2678	2900	3285	2812	2471	1909	1080	
1346	1095	0	858	1642	2072	2649	2456	2397	2160	1657	
1435	1953	858	0	888	1568	2323	2412	2619	2634	2353	
1450	2678	1642	888	0	858	1702	2086	2516	2767	2767	
1198	2900	2072	1568	858	0	843	1361	1924	2397	2664	
1435	3285	2649	2323	1702	843	0	843	1554	2220	2752	
1095	2812	2456	2412	2086	1361	843	0	710	1420	2072	
1169	2471	2397	2619	2516	1924	1554	710	0	754	1554	
1317	1909	2160	2634	2767	2397	2220	1420	754	0	873	
1450	1080	1657	2353	2767	2664	2752	2072	1554	873	0	
Velocidade_Veiculos
1	1	1	1	1	1	