M: 4
N: 10
Nun_Veiculos: 4
Capacidade_Total: 215
Demanda_Total: 139
Setup_Min: 1
Setup_Max: 9
Raio: 20
Circulos: 1
Tempo_Processamento_Min: 1
Tempo_Processamento_Max: 49
Demanda_Min: 10
Demanda_Max: 30
Priority_Factor: 0.2
Range_Factor_R: 0.8
U_factor: 2
ALpha: 0.2Replicao: 4
Tempos_Processamentos
0	0	1	0	2	0	3	0	
0	19	1	28	2	27	3	30	
0	5	1	40	2	5	3	38	
0	31	1	18	2	15	3	12	
0	18	1	6	2	20	3	29	
0	40	1	35	2	17	3	18	
0	29	1	26	2	10	3	21	
0	18	1	7	2	22	3	27	
0	24	1	4	2	37	3	15	
0	2	1	4	2	45	3	11	
0	30	1	9	2	32	3	5	

Tempos_setup
M0
0	0	0	0	0	0	0	0	0	0	0	
0	0	5	5	1	4	2	6	3	4	2	
0	3	0	5	3	3	1	5	3	3	2	
0	1	4	0	2	5	3	5	2	5	1	
0	5	6	6	0	3	1	5	4	3	4	
0	4	6	3	3	0	1	2	4	3	4	
0	5	5	5	2	5	0	7	3	2	3	
0	2	5	1	3	2	3	0	3	5	2	
0	2	2	2	3	5	3	4	0	5	3	
0	3	3	3	2	5	3	5	1	0	1	
0	3	3	3	1	4	2	4	1	4	0	
M1
0	0	0	0	0	0	0	0	0	0	0	
0	0	6	4	5	4	4	5	4	3	1	
0	1	0	3	3	2	4	3	3	1	2	
0	4	6	0	6	4	3	5	4	4	5	
0	5	7	5	0	6	5	7	4	4	5	
0	3	3	3	5	0	3	1	2	4	3	
0	4	3	4	3	3	0	4	3	1	3	
0	2	2	2	4	3	2	0	1	3	2	
0	1	4	1	3	2	1	3	0	2	1	
0	3	3	3	2	4	3	4	2	0	2	
0	1	5	4	4	5	3	6	3	2	0	
M2
0	0	0	0	0	0	0	0	0	0	0	
0	0	6	2	5	2	4	5	4	3	2	
0	3	0	1	3	2	1	4	3	5	3	
0	3	4	0	4	1	4	4	2	5	2	
0	4	2	3	0	2	3	1	5	2	3	
0	2	5	4	3	0	5	3	4	4	4	
0	2	4	3	6	4	0	7	4	5	2	
0	3	4	4	4	1	2	0	5	5	4	
0	1	3	3	2	2	4	3	0	4	3	
0	3	5	3	5	3	3	2	4	0	1	
0	2	4	2	6	3	2	6	4	5	0	
M3
0	0	0	0	0	0	0	0	0	0	0	
0	0	1	2	4	2	4	3	2	3	2	
0	4	0	4	3	3	3	2	2	3	1	
0	1	2	0	3	3	3	4	1	2	1	
0	4	4	3	0	4	4	1	2	2	2	
0	1	2	1	4	0	4	2	2	2	2	
0	6	5	5	4	6	0	2	2	3	3	
0	4	4	4	4	4	3	0	1	2	1	
0	4	3	3	3	6	2	4	0	1	4	
0	3	2	2	2	5	5	3	3	0	3	
0	4	3	4	4	3	2	4	1	2	0	
Tamanho_Tarefas
0	25	5	17	17	24	19	9	8	4	11	
Data_Entrega
0	50	41	45	42	52	53	49	46	39	47	
Penalidade_Atraso
0	7	16	1	7	16	10	13	19	16	9	
Capacidade_Veiculo
47	55	60	53	
Custo_Fixo_Veiculo
470	550	600	530	
Coordenadas_Clientes
x	0	y	0
x	16	y	0
x	18	y	13
x	6	y	20
x	-5	y	17
x	-14	y	10
x	-22	y	0
x	-13	y	-10
x	-5	y	-16
x	6	y	-21
x	18	y	-13
Tempo_Viagem
0	16	22	20	17	17	22	16	16	21	22	
16	0	13	22	27	31	38	30	26	23	13	
22	13	0	13	23	32	42	38	37	36	26	
20	22	13	0	11	22	34	35	36	41	35	
17	27	23	11	0	11	23	28	33	38	37	
17	31	32	22	11	0	12	20	27	36	39	
22	38	42	34	23	12	0	13	23	34	42	
16	30	38	35	28	20	13	0	10	21	31	
16	26	37	36	33	27	23	10	0	12	23	
21	23	36	41	38	36	34	21	12	0	14	
22	13	26	35	37	39	42	31	23	14	0	
Custo_Viagem
V0
0	150	206	188	159	159	206	150	150	197	206	
150	0	122	206	253	291	357	282	244	216	122	
206	122	0	122	216	300	394	357	347	338	244	
188	206	122	0	103	206	319	329	347	385	329	
159	253	216	103	0	103	225	263	310	366	347	
159	291	300	206	103	0	112	188	253	338	366	
206	357	394	319	225	112	0	122	216	329	394	
150	282	357	329	263	188	122	0	94	197	291	
150	244	347	347	310	253	216	94	0	112	216	
197	216	338	385	366	338	329	197	112	0	131	
206	122	244	329	347	366	394	291	216	131	0	
V1
0	176	242	220	187	187	242	176	176	231	242	
176	0	143	242	297	341	418	330	286	253	143	
242	143	0	143	253	352	462	418	407	396	286	
220	242	143	0	121	242	374	385	407	451	385	
187	297	253	121	0	121	264	308	363	429	407	
187	341	352	242	121	0	132	220	297	396	429	
242	418	462	374	264	132	0	143	253	385	462	
176	330	418	385	308	220	143	0	110	231	341	
176	286	407	407	363	297	253	110	0	132	253	
231	253	396	451	429	396	385	231	132	0	154	
242	143	286	385	407	429	462	341	253	154	0	
V2
0	192	264	240	204	204	264	192	192	252	264	
192	0	156	264	324	372	456	360	312	276	156	
264	156	0	156	276	384	504	456	444	432	312	
240	264	156	0	132	264	408	420	444	492	420	
204	324	276	132	0	132	288	336	396	468	444	
204	372	384	264	132	0	144	240	324	432	468	
264	456	504	408	288	144	0	156	276	420	504	
192	360	456	420	336	240	156	0	120	252	372	
192	312	444	444	396	324	276	120	0	144	276	
252	276	432	492	468	432	420	252	144	0	168	
264	156	312	420	444	468	504	372	276	168	0	
V3
0	169	233	212	180	180	233	169	169	222	233	
169	0	137	233	286	328	402	318	275	243	137	
233	137	0	137	243	339	445	402	392	381	275	
212	233	137	0	116	233	360	371	392	434	371	
180	286	243	116	0	116	254	296	349	413	392	
180	328	339	233	116	0	127	212	286	381	413	
233	402	445	360	254	127	0	137	243	371	445	
169	318	402	371	296	212	137	0	106	222	328	
169	275	392	392	349	286	243	106	0	127	243	
222	243	381	434	413	381	371	222	127	0	148	
233	137	275	371	392	413	445	328	243	148	0	
Velocidade_Veiculos
1	1	1	1	