M: 4
N: 10
Nun_Veiculos: 4
Capacidade_Total: 343
Demanda_Total: 164
Setup_Min: 1
Setup_Max: 99
Raio: 20
Circulos: 1
Tempo_Processamento_Min: 1
Tempo_Processamento_Max: 49
Demanda_Min: 10
Demanda_Max: 30
Priority_Factor: 0.2
Range_Factor_R: 0.8
U_factor: 2
ALpha: 0.2Replicao: 0
Tempos_Processamentos
0	0	1	0	2	0	3	0	
0	12	1	13	2	10	3	37	
0	12	1	18	2	40	3	46	
0	29	1	34	2	18	3	6	
0	29	1	23	2	49	3	7	
0	37	1	29	2	37	3	3	
0	41	1	7	2	20	3	42	
0	42	1	34	2	31	3	35	
0	9	1	38	2	12	3	26	
0	17	1	40	2	4	3	32	
0	29	1	1	2	39	3	48	

Tempos_setup
M0
0	0	0	0	0	0	0	0	0	0	0	
0	0	17	9	45	43	30	34	1	9	27	
0	34	0	31	34	32	13	17	35	14	10	
0	4	21	0	49	47	34	38	5	13	23	
0	13	4	22	0	11	15	21	14	18	14	
0	2	19	11	47	0	32	36	3	11	29	
0	21	38	18	66	19	0	52	22	30	10	
0	43	60	52	77	77	73	0	44	52	26	
0	10	16	19	50	42	29	33	0	19	26	
0	27	22	36	56	54	35	39	28	0	30	
0	29	46	38	74	72	59	62	30	38	0	
M1
0	0	0	0	0	0	0	0	0	0	0	
0	0	28	42	18	37	59	22	37	35	12	
0	3	0	31	11	37	33	15	30	28	5	
0	22	39	0	39	47	71	33	49	56	33	
0	3	31	45	0	26	50	25	19	17	15	
0	33	30	28	36	0	24	24	2	28	35	
0	10	7	4	12	19	0	22	12	29	12	
0	9	6	30	17	37	39	0	33	34	11	
0	31	28	35	37	7	31	22	0	35	33	
0	23	30	37	20	9	33	24	2	0	14	
0	9	16	40	6	32	47	10	25	23	0	
M2
0	0	0	0	0	0	0	0	0	0	0	
0	0	27	26	9	12	41	29	18	17	30	
0	27	0	43	36	37	45	28	22	21	15	
0	54	27	0	47	50	63	38	40	22	42	
0	38	18	54	0	3	32	20	9	8	21	
0	35	15	51	10	0	29	28	6	12	18	
0	28	1	29	3	6	0	21	12	11	16	
0	43	27	57	9	12	28	0	14	17	26	
0	29	24	52	26	29	23	34	0	18	12	
0	59	43	73	25	28	44	16	30	0	27	
0	44	37	67	31	22	38	22	15	6	0	
M3
0	0	0	0	0	0	0	0	0	0	0	
0	0	24	20	14	18	5	18	37	42	24	
0	9	0	29	10	4	14	27	17	18	26	
0	21	14	0	24	18	26	33	18	32	27	
0	51	60	62	0	46	47	61	77	55	75	
0	5	29	25	19	0	10	23	34	47	29	
0	14	19	15	9	13	0	32	32	37	38	
0	24	47	33	38	30	29	0	21	40	30	
0	3	26	12	17	9	8	21	0	33	9	
0	6	9	16	19	1	11	24	26	0	30	
0	28	19	23	29	23	33	38	36	24	0	
Tamanho_Tarefas
0	16	14	14	13	7	12	33	20	8	27	
Data_Entrega
0	56	54	59	56	54	61	45	48	51	58	
Penalidade_Atraso
0	12	16	4	18	9	2	2	8	18	20	
Capacidade_Veiculo
93	92	66	92	
Custo_Fixo_Veiculo
930	920	660	920	
Coordenadas_Clientes
x	0	y	0
x	17	y	0
x	12	y	9
x	5	y	16
x	-4	y	14
x	-17	y	12
x	-20	y	0
x	-17	y	-12
x	-6	y	-19
x	6	y	-20
x	14	y	-10
Tempo_Viagem
0	17	15	16	14	20	20	20	19	20	17	
17	0	10	19	25	36	37	36	29	22	10	
15	10	0	9	16	29	33	35	33	29	19	
16	19	9	0	9	22	29	35	35	36	27	
14	25	16	9	0	13	21	29	33	34	30	
20	36	29	22	13	0	12	24	32	39	37	
20	37	33	29	21	12	0	12	23	32	35	
20	36	35	35	29	24	12	0	13	24	31	
19	29	33	35	33	32	23	13	0	12	21	
20	22	29	36	34	39	32	24	12	0	12	
17	10	19	27	30	37	35	31	21	12	0	
Custo_Viagem
V0
0	316	279	297	260	372	372	372	353	372	316	
316	0	186	372	465	669	688	669	539	409	186	
279	186	0	167	297	539	613	651	613	539	353	
297	372	167	0	167	409	539	651	669	669	502	
260	465	297	167	0	241	390	539	613	651	558	
372	669	539	409	241	0	223	446	595	725	706	
372	688	613	539	390	223	0	223	427	595	651	
372	669	651	651	539	446	223	0	241	446	576	
353	539	613	669	613	595	427	241	0	223	390	
372	409	539	669	651	725	595	446	223	0	223	
316	186	353	502	558	706	651	576	390	223	0	
V1
0	312	276	294	257	368	368	368	349	368	312	
312	0	184	368	460	662	680	662	533	404	184	
276	184	0	165	294	533	607	644	607	533	349	
294	368	165	0	165	404	533	644	662	662	496	
257	460	294	165	0	239	386	533	607	644	552	
368	662	533	404	239	0	220	441	588	717	699	
368	680	607	533	386	220	0	220	423	588	644	
368	662	644	644	533	441	220	0	239	441	570	
349	533	607	662	607	588	423	239	0	220	386	
368	404	533	662	644	717	588	441	220	0	220	
312	184	349	496	552	699	644	570	386	220	0	
V2
0	224	198	211	184	264	264	264	250	264	224	
224	0	132	264	330	475	488	475	382	290	132	
198	132	0	118	211	382	435	462	435	382	250	
211	264	118	0	118	290	382	462	475	475	356	
184	330	211	118	0	171	277	382	435	462	396	
264	475	382	290	171	0	158	316	422	514	501	
264	488	435	382	277	158	0	158	303	422	462	
264	475	462	462	382	316	158	0	171	316	409	
250	382	435	475	435	422	303	171	0	158	277	
264	290	382	475	462	514	422	316	158	0	158	
224	132	250	356	396	501	462	409	277	158	0	
V3
0	312	276	294	257	368	368	368	349	368	312	
312	0	184	368	460	662	680	662	533	404	184	
276	184	0	165	294	533	607	644	607	533	349	
294	368	165	0	165	404	533	644	662	662	496	
257	460	294	165	0	239	386	533	607	644	552	
368	662	533	404	239	0	220	441	588	717	699	
368	680	607	533	386	220	0	220	423	588	644	
368	662	644	644	533	441	220	0	239	441	570	
349	533	607	662	607	588	423	239	0	220	386	
368	404	533	662	644	717	588	441	220	0	220	
312	184	349	496	552	699	644	570	386	220	0	
Velocidade_Veiculos
1	1	1	1	