M: 4
N: 10
Nun_Veiculos: 6
Capacidade_Total: 281
Demanda_Total: 164
Setup_Min: 1
Setup_Max: 99
Raio: 100
Circulos: 1
Tempo_Processamento_Min: 1
Tempo_Processamento_Max: 49
Demanda_Min: 10
Demanda_Max: 30
Priority_Factor: 0.2
Range_Factor_R: 0.8
U_factor: 2
ALpha: 0.2Replicao: 1
Tempos_Processamentos
0	0	1	0	2	0	3	0	
0	25	1	33	2	10	3	19	
0	39	1	30	2	21	3	1	
0	17	1	2	2	44	3	9	
0	23	1	39	2	38	3	19	
0	3	1	32	2	2	3	19	
0	21	1	3	2	19	3	18	
0	39	1	11	2	6	3	44	
0	20	1	19	2	26	3	16	
0	19	1	23	2	28	3	35	
0	23	1	32	2	47	3	30	

Tempos_setup
M0
0	0	0	0	0	0	0	0	0	0	0	
0	0	25	3	21	6	32	27	26	25	21	
0	12	0	15	9	6	7	39	37	24	33	
0	4	27	0	18	3	31	31	23	29	25	
0	21	9	24	0	15	13	40	46	30	42	
0	6	25	9	16	0	29	33	32	31	27	
0	27	33	30	37	21	0	54	34	17	48	
0	13	1	16	10	7	8	0	38	25	34	
0	6	28	2	20	5	33	27	0	31	27	
0	14	33	17	24	8	37	41	40	0	35	
0	18	6	21	15	12	13	45	32	4	0	
M1
0	0	0	0	0	0	0	0	0	0	0	
0	0	11	35	6	32	5	32	25	14	10	
0	44	0	42	23	35	22	39	43	17	9	
0	16	5	0	22	40	21	44	41	22	14	
0	41	14	38	0	26	26	35	47	8	13	
0	15	17	12	21	0	20	9	29	13	18	
0	34	15	31	1	27	0	28	21	9	14	
0	6	8	3	12	25	11	0	20	20	16	
0	13	15	10	19	32	18	7	0	27	23	
0	33	6	30	19	18	18	27	39	0	5	
0	35	1	33	14	26	13	30	34	8	0	
M2
0	0	0	0	0	0	0	0	0	0	0	
0	0	19	33	44	27	37	21	34	61	37	
0	17	0	14	39	31	18	2	15	46	22	
0	12	31	0	37	17	4	21	1	32	8	
0	10	29	4	0	21	8	25	5	36	12	
0	26	45	48	50	0	17	47	49	49	21	
0	9	28	37	33	34	0	30	38	45	4	
0	24	43	12	49	29	16	0	13	44	20	
0	11	30	32	55	38	36	20	0	64	40	
0	2	21	28	35	6	2	23	24	0	6	
0	49	49	37	74	54	41	51	38	69	0	
M3
0	0	0	0	0	0	0	0	0	0	0	
0	0	18	37	18	29	10	3	33	35	6	
0	30	0	42	23	34	15	8	41	40	36	
0	18	35	0	27	46	19	20	7	44	24	
0	31	45	19	0	58	12	32	26	17	31	
0	27	45	27	16	0	8	30	34	33	33	
0	19	37	27	8	48	0	22	34	25	25	
0	22	15	34	15	26	7	0	33	32	28	
0	11	28	47	28	39	20	13	0	45	17	
0	15	28	11	28	41	20	15	18	0	21	
0	1	19	38	19	30	11	4	34	36	0	
Tamanho_Tarefas
0	12	14	15	27	9	7	10	19	25	26	
Data_Entrega
0	167	187	167	182	175	173	177	175	179	172	
Penalidade_Atraso
0	18	16	2	12	20	1	4	1	11	15	
Capacidade_Veiculo
34	35	52	40	39	81	
Custo_Fixo_Veiculo
340	350	520	400	390	810	
Coordenadas_Clientes
x	0	y	0
x	87	y	0
x	94	y	68
x	24	y	76
x	-37	y	115
x	-79	y	57
x	-90	y	0
x	-97	y	-70
x	-27	y	-84
x	25	y	-79
x	60	y	-44
Tempo_Viagem
0	87	116	79	120	97	90	119	88	82	74	
87	0	68	98	169	175	177	196	141	100	51	
116	68	0	70	139	173	196	235	194	162	117	
79	98	70	0	72	104	137	189	167	155	125	
120	169	139	72	0	71	126	194	199	202	186	
97	175	173	104	71	0	58	128	150	171	171	
90	177	196	137	126	58	0	70	105	139	156	
119	196	235	189	194	128	70	0	71	122	159	
88	141	194	167	199	150	105	71	0	52	95	
82	100	162	155	202	171	139	122	52	0	49	
74	51	117	125	186	171	156	159	95	49	0	
Custo_Viagem
V0
0	591	788	537	816	659	612	809	598	557	503	
591	0	462	666	1149	1190	1203	1332	958	680	346	
788	462	0	476	945	1176	1332	1598	1319	1101	795	
537	666	476	0	489	707	931	1285	1135	1054	850	
816	1149	945	489	0	482	856	1319	1353	1380	1264	
659	1190	1176	707	482	0	394	870	1020	1162	1162	
612	1203	1332	931	856	394	0	476	714	945	1060	
809	1332	1598	1285	1319	870	476	0	482	829	1081	
598	958	1319	1135	1353	1020	714	482	0	353	646	
557	680	1101	1054	1380	1162	945	829	353	0	333	
503	346	795	850	1264	1162	1060	1081	646	333	0	
V1
0	609	812	553	840	679	630	833	616	574	518	
609	0	476	686	1183	1225	1239	1372	987	700	357	
812	476	0	490	973	1211	1372	1645	1358	1134	819	
553	686	490	0	504	728	959	1323	1169	1085	875	
840	1183	973	504	0	497	882	1358	1393	1421	1302	
679	1225	1211	728	497	0	406	896	1050	1197	1197	
630	1239	1372	959	882	406	0	490	735	973	1092	
833	1372	1645	1323	1358	896	490	0	497	854	1113	
616	987	1358	1169	1393	1050	735	497	0	364	665	
574	700	1134	1085	1421	1197	973	854	364	0	343	
518	357	819	875	1302	1197	1092	1113	665	343	0	
V2
0	904	1206	821	1248	1008	936	1237	915	852	769	
904	0	707	1019	1757	1820	1840	2038	1466	1040	530	
1206	707	0	728	1445	1799	2038	2444	2017	1684	1216	
821	1019	728	0	748	1081	1424	1965	1736	1612	1300	
1248	1757	1445	748	0	738	1310	2017	2069	2111	1934	
1008	1820	1799	1081	738	0	603	1331	1560	1778	1778	
936	1840	2038	1424	1310	603	0	728	1092	1445	1622	
1237	2038	2444	1965	2017	1331	728	0	738	1268	1653	
915	1466	2017	1736	2069	1560	1092	738	0	540	988	
852	1040	1684	1612	2111	1778	1445	1268	540	0	509	
769	530	1216	1300	1934	1778	1622	1653	988	509	0	
V3
0	696	928	632	960	776	720	952	704	656	592	
696	0	544	784	1352	1400	1416	1568	1128	800	408	
928	544	0	560	1112	1384	1568	1880	1552	1296	936	
632	784	560	0	576	832	1096	1512	1336	1240	1000	
960	1352	1112	576	0	568	1008	1552	1592	1624	1488	
776	1400	1384	832	568	0	464	1024	1200	1368	1368	
720	1416	1568	1096	1008	464	0	560	840	1112	1248	
952	1568	1880	1512	1552	1024	560	0	568	976	1272	
704	1128	1552	1336	1592	1200	840	568	0	416	760	
656	800	1296	1240	1624	1368	1112	976	416	0	392	
592	408	936	1000	1488	1368	1248	1272	760	392	0	
V4
0	678	904	616	936	756	702	928	686	639	577	
678	0	530	764	1318	1365	1380	1528	1099	780	397	
904	530	0	546	1084	1349	1528	1833	1513	1263	912	
616	764	546	0	561	811	1068	1474	1302	1209	975	
936	1318	1084	561	0	553	982	1513	1552	1583	1450	
756	1365	1349	811	553	0	452	998	1170	1333	1333	
702	1380	1528	1068	982	452	0	546	819	1084	1216	
928	1528	1833	1474	1513	998	546	0	553	951	1240	
686	1099	1513	1302	1552	1170	819	553	0	405	741	
639	780	1263	1209	1583	1333	1084	951	405	0	382	
577	397	912	975	1450	1333	1216	1240	741	382	0	
V5
0	1409	1879	1279	1944	1571	1458	1927	1425	1328	1198	
1409	0	1101	1587	2737	2835	2867	3175	2284	1620	826	
1879	1101	0	1134	2251	2802	3175	3807	3142	2624	1895	
1279	1587	1134	0	1166	1684	2219	3061	2705	2511	2025	
1944	2737	2251	1166	0	1150	2041	3142	3223	3288	3013	
1571	2835	2802	1684	1150	0	939	2073	2430	2770	2770	
1458	2867	3175	2219	2041	939	0	1134	1701	2251	2527	
1927	3175	3807	3061	3142	2073	1134	0	1150	1976	2575	
1425	2284	3142	2705	3223	2430	1701	1150	0	842	1539	
1328	1620	2624	2511	3288	2770	2251	1976	842	0	793	
1198	826	1895	2025	3013	2770	2527	2575	1539	793	0	
Velocidade_Veiculos
1	1	1	1	1	1	