M: 4
N: 10
Nun_Veiculos: 6
Capacidade_Total: 243
Demanda_Total: 143
Setup_Min: 1
Setup_Max: 9
Raio: 20
Circulos: 1
Tempo_Processamento_Min: 1
Tempo_Processamento_Max: 49
Demanda_Min: 10
Demanda_Max: 30
Priority_Factor: 0.2
Range_Factor_R: 0.8
U_factor: 2
ALpha: 0.2Replicao: 1
Tempos_Processamentos
0	0	1	0	2	0	3	0	
0	25	1	11	2	36	3	12	
0	29	1	6	2	15	3	21	
0	2	1	12	2	16	3	15	
0	19	1	20	2	3	3	48	
0	10	1	21	2	16	3	21	
0	5	1	1	2	31	3	29	
0	49	1	10	2	42	3	7	
0	14	1	19	2	8	3	2	
0	19	1	16	2	20	3	18	
0	29	1	34	2	7	3	11	

Tempos_setup
M0
0	0	0	0	0	0	0	0	0	0	0	
0	0	3	2	1	1	2	3	4	3	3	
0	3	0	4	4	3	2	5	5	4	2	
0	4	3	0	1	1	2	3	4	5	3	
0	4	2	1	0	1	1	3	4	5	3	
0	3	4	1	2	0	3	2	3	4	2	
0	4	1	4	5	3	0	4	3	5	3	
0	6	4	7	6	7	4	0	1	7	5	
0	5	3	6	5	6	3	3	0	7	4	
0	2	3	3	3	3	2	1	2	0	1	
0	1	2	2	2	2	1	4	4	4	0	
M1
0	0	0	0	0	0	0	0	0	0	0	
0	0	1	4	1	2	1	4	4	3	2	
0	4	0	4	5	1	3	6	3	4	6	
0	4	5	0	2	3	5	5	3	1	3	
0	3	4	3	0	4	4	6	4	2	1	
0	3	3	4	4	0	2	5	4	3	5	
0	2	1	5	3	2	0	3	4	5	4	
0	1	2	4	1	3	2	0	2	3	1	
0	5	6	5	4	7	6	4	0	6	5	
0	3	4	1	1	2	4	6	2	0	2	
0	4	5	3	3	4	5	7	4	2	0	
M2
0	0	0	0	0	0	0	0	0	0	0	
0	0	1	2	2	3	4	3	4	1	4	
0	1	0	1	1	2	3	2	3	2	4	
0	3	4	0	3	1	2	3	2	3	3	
0	2	3	2	0	2	3	1	3	3	5	
0	2	3	4	4	0	6	2	1	2	4	
0	3	4	4	3	1	0	3	2	3	5	
0	1	2	3	2	4	5	0	5	2	5	
0	1	2	3	3	4	5	1	0	2	3	
0	1	2	3	3	4	5	4	5	0	5	
0	2	2	3	3	3	5	2	1	2	0	
M3
0	0	0	0	0	0	0	0	0	0	0	
0	0	4	4	2	5	3	3	4	5	4	
0	3	0	4	2	5	3	6	4	2	4	
0	3	5	0	5	4	1	4	4	1	5	
0	1	4	2	0	5	1	4	2	3	2	
0	4	5	3	3	0	4	4	5	4	5	
0	7	4	4	6	5	0	5	8	2	5	
0	4	1	4	3	5	3	0	5	2	5	
0	4	5	3	3	3	3	7	0	2	2	
0	5	5	5	5	3	1	6	7	0	4	
0	2	3	3	1	5	2	5	3	2	0	
Tamanho_Tarefas
0	17	12	10	17	13	13	19	10	16	16	
Data_Entrega
0	45	39	40	38	37	39	36	38	41	35	
Penalidade_Atraso
0	14	1	11	8	15	8	12	1	16	9	
Capacidade_Veiculo
34	38	50	45	31	45	
Custo_Fixo_Veiculo
340	380	500	450	310	450	
Coordenadas_Clientes
x	0	y	0
x	16	y	0
x	15	y	11
x	5	y	16
x	-5	y	16
x	-18	y	13
x	-17	y	0
x	-12	y	-9
x	-5	y	-18
x	5	y	-18
x	17	y	-12
Tempo_Viagem
0	16	18	16	16	22	17	15	18	18	20	
16	0	11	19	26	36	33	29	27	21	12	
18	11	0	11	20	33	33	33	35	30	23	
16	19	11	0	10	23	27	30	34	34	30	
16	26	20	10	0	13	20	25	34	34	35	
22	36	33	23	13	0	13	22	33	38	42	
17	33	33	27	20	13	0	10	21	28	36	
15	29	33	30	25	22	10	0	11	19	29	
18	27	35	34	34	33	21	11	0	10	22	
18	21	30	34	34	38	28	19	10	0	13	
20	12	23	30	35	42	36	29	22	13	0	
Custo_Viagem
V0
0	108	122	108	108	149	115	102	122	122	136	
108	0	74	129	176	244	224	197	183	142	81	
122	74	0	74	136	224	224	224	238	204	156	
108	129	74	0	68	156	183	204	238	231	204	
108	176	136	68	0	88	136	170	231	238	238	
149	244	224	156	88	0	88	149	224	258	292	
115	224	224	183	136	88	0	68	142	190	244	
102	197	224	204	170	149	68	0	74	129	197	
122	183	238	238	231	224	142	74	0	68	149	
122	142	204	231	238	258	190	129	68	0	88	
136	81	156	204	238	292	244	197	149	88	0	
V1
0	121	136	121	121	167	129	114	136	136	152	
121	0	83	144	197	273	250	220	205	159	91	
136	83	0	83	152	250	250	250	266	228	174	
121	144	83	0	76	174	205	228	266	258	228	
121	197	152	76	0	98	152	190	258	266	266	
167	273	250	174	98	0	98	167	250	288	326	
129	250	250	205	152	98	0	76	159	212	273	
114	220	250	228	190	167	76	0	83	144	220	
136	205	266	266	258	250	159	83	0	76	167	
136	159	228	258	266	288	212	144	76	0	98	
152	91	174	228	266	326	273	220	167	98	0	
V2
0	160	180	160	160	220	170	150	180	180	200	
160	0	110	190	260	360	330	290	270	210	120	
180	110	0	110	200	330	330	330	350	300	230	
160	190	110	0	100	230	270	300	350	340	300	
160	260	200	100	0	130	200	250	340	350	350	
220	360	330	230	130	0	130	220	330	380	430	
170	330	330	270	200	130	0	100	210	280	360	
150	290	330	300	250	220	100	0	110	190	290	
180	270	350	350	340	330	210	110	0	100	220	
180	210	300	340	350	380	280	190	100	0	130	
200	120	230	300	350	430	360	290	220	130	0	
V3
0	144	162	144	144	198	153	135	162	162	180	
144	0	99	171	234	324	297	261	243	189	108	
162	99	0	99	180	297	297	297	315	270	207	
144	171	99	0	90	207	243	270	315	306	270	
144	234	180	90	0	117	180	225	306	315	315	
198	324	297	207	117	0	117	198	297	342	387	
153	297	297	243	180	117	0	90	189	252	324	
135	261	297	270	225	198	90	0	99	171	261	
162	243	315	315	306	297	189	99	0	90	198	
162	189	270	306	315	342	252	171	90	0	117	
180	108	207	270	315	387	324	261	198	117	0	
V4
0	99	111	99	99	136	105	93	111	111	124	
99	0	68	117	161	223	204	179	167	130	74	
111	68	0	68	124	204	204	204	217	186	142	
99	117	68	0	62	142	167	186	217	210	186	
99	161	124	62	0	80	124	155	210	217	217	
136	223	204	142	80	0	80	136	204	235	266	
105	204	204	167	124	80	0	62	130	173	223	
93	179	204	186	155	136	62	0	68	117	179	
111	167	217	217	210	204	130	68	0	62	136	
111	130	186	210	217	235	173	117	62	0	80	
124	74	142	186	217	266	223	179	136	80	0	
V5
0	144	162	144	144	198	153	135	162	162	180	
144	0	99	171	234	324	297	261	243	189	108	
162	99	0	99	180	297	297	297	315	270	207	
144	171	99	0	90	207	243	270	315	306	270	
144	234	180	90	0	117	180	225	306	315	315	
198	324	297	207	117	0	117	198	297	342	387	
153	297	297	243	180	117	0	90	189	252	324	
135	261	297	270	225	198	90	0	99	171	261	
162	243	315	315	306	297	189	99	0	90	198	
162	189	270	306	315	342	252	171	90	0	117	
180	108	207	270	315	387	324	261	198	117	0	
Velocidade_Veiculos
1	1	1	1	1	1	