M: 4
N: 10
Nun_Veiculos: 5
Capacidade_Total: 331
Demanda_Total: 174
Setup_Min: 1
Setup_Max: 9
Raio: 20
Circulos: 1
Tempo_Processamento_Min: 1
Tempo_Processamento_Max: 49
Demanda_Min: 10
Demanda_Max: 30
Priority_Factor: 0.2
Range_Factor_R: 0.8
U_factor: 2
ALpha: 0.2Replicao: 4
Tempos_Processamentos
0	0	1	0	2	0	3	0	
0	45	1	37	2	48	3	31	
0	10	1	19	2	34	3	23	
0	27	1	19	2	1	3	47	
0	32	1	10	2	45	3	19	
0	30	1	20	2	20	3	32	
0	15	1	19	2	27	3	1	
0	19	1	38	2	41	3	7	
0	25	1	28	2	26	3	43	
0	15	1	48	2	35	3	48	
0	25	1	43	2	20	3	4	

Tempos_setup
M0
0	0	0	0	0	0	0	0	0	0	0	
0	0	3	2	4	6	2	4	1	4	4	
0	3	0	3	2	4	5	1	2	5	3	
0	4	1	0	3	5	6	2	3	6	4	
0	2	4	3	0	5	4	5	2	4	1	
0	2	3	2	1	0	4	2	1	4	2	
0	4	5	4	4	6	0	2	3	5	2	
0	2	4	3	2	6	4	0	3	6	3	
0	1	2	1	4	6	3	3	0	3	3	
0	4	3	2	2	3	5	4	4	0	3	
0	2	3	2	5	4	4	4	1	3	0	
M1
0	0	0	0	0	0	0	0	0	0	0	
0	0	5	3	4	1	4	4	3	5	2	
0	4	0	5	2	5	3	3	2	1	5	
0	3	3	0	3	4	1	1	1	2	1	
0	4	2	4	0	3	2	3	1	1	3	
0	3	6	3	4	0	4	4	3	5	2	
0	2	4	3	4	3	0	4	3	3	2	
0	5	5	4	7	6	3	0	5	4	5	
0	3	5	4	5	4	1	2	0	4	3	
0	3	1	5	3	4	2	3	1	0	4	
0	4	4	1	2	5	2	2	1	3	0	
M2
0	0	0	0	0	0	0	0	0	0	0	
0	0	5	3	3	3	4	4	2	4	4	
0	3	0	1	2	3	2	1	3	3	2	
0	2	4	0	3	3	1	1	2	3	1	
0	5	3	4	0	2	4	4	5	1	5	
0	4	2	3	4	0	2	3	3	3	3	
0	3	3	3	3	2	0	2	2	2	2	
0	6	4	5	5	2	4	0	4	5	5	
0	5	4	5	1	3	2	4	0	2	4	
0	4	8	7	7	7	5	7	6	0	7	
0	1	4	2	2	4	2	3	1	3	0	
M3
0	0	0	0	0	0	0	0	0	0	0	
0	0	4	5	1	4	2	4	1	5	1	
0	3	0	3	2	5	4	4	2	1	2	
0	1	3	0	2	5	3	5	1	4	2	
0	7	6	8	0	3	3	5	1	6	6	
0	5	5	8	3	0	3	5	1	6	6	
0	4	4	6	5	2	0	2	3	4	5	
0	2	3	5	3	3	4	0	2	4	3	
0	6	6	8	7	4	2	4	0	6	7	
0	2	5	2	1	4	3	3	1	0	1	
0	8	6	8	3	6	6	6	4	7	0	
Tamanho_Tarefas
0	38	12	4	12	25	15	10	29	21	8	
Data_Entrega
0	56	53	59	47	63	63	53	63	53	43	
Penalidade_Atraso
0	19	16	6	15	1	8	20	5	8	20	
Capacidade_Veiculo
71	45	89	40	86	
Custo_Fixo_Veiculo
710	450	890	400	860	
Coordenadas_Clientes
x	0	y	0
x	17	y	0
x	15	y	11
x	7	y	22
x	-6	y	18
x	-14	y	10
x	-21	y	0
x	-14	y	-10
x	-4	y	-14
x	5	y	-16
x	14	y	-10
Tempo_Viagem
0	17	18	23	18	17	21	17	14	16	17	
17	0	11	24	29	32	38	32	25	20	10	
18	11	0	13	22	29	37	35	31	28	21	
23	24	13	0	13	24	35	38	37	38	32	
18	29	22	13	0	11	23	29	32	34	34	
17	32	29	24	11	0	12	20	26	32	34	
21	38	37	35	23	12	0	12	22	30	36	
17	32	35	38	29	20	12	0	10	19	28	
14	25	31	37	32	26	22	10	0	9	18	
16	20	28	38	34	32	30	19	9	0	10	
17	10	21	32	34	34	36	28	18	10	0	
Custo_Viagem
V0
0	241	255	326	255	241	298	241	198	227	241	
241	0	156	340	411	454	539	454	355	284	142	
255	156	0	184	312	411	525	497	440	397	298	
326	340	184	0	184	340	497	539	525	539	454	
255	411	312	184	0	156	326	411	454	497	482	
241	454	411	340	156	0	170	284	369	454	482	
298	539	525	497	326	170	0	170	312	426	511	
241	454	497	539	411	284	170	0	142	269	397	
198	355	440	525	454	369	312	142	0	127	255	
227	284	397	539	497	454	426	269	127	0	142	
241	142	298	454	482	482	511	397	255	142	0	
V1
0	153	162	207	162	153	189	153	126	144	153	
153	0	99	216	261	288	342	288	225	180	90	
162	99	0	117	198	261	333	315	279	252	189	
207	216	117	0	117	216	315	342	333	342	288	
162	261	198	117	0	99	207	261	288	315	306	
153	288	261	216	99	0	108	180	234	288	306	
189	342	333	315	207	108	0	108	198	270	324	
153	288	315	342	261	180	108	0	90	171	252	
126	225	279	333	288	234	198	90	0	81	162	
144	180	252	342	315	288	270	171	81	0	90	
153	90	189	288	306	306	324	252	162	90	0	
V2
0	302	320	409	320	302	373	302	249	284	302	
302	0	195	427	516	569	676	569	445	356	178	
320	195	0	231	391	516	658	623	551	498	373	
409	427	231	0	231	427	623	676	658	676	569	
320	516	391	231	0	195	409	516	569	623	605	
302	569	516	427	195	0	213	356	462	569	605	
373	676	658	623	409	213	0	213	391	534	640	
302	569	623	676	516	356	213	0	178	338	498	
249	445	551	658	569	462	391	178	0	160	320	
284	356	498	676	623	569	534	338	160	0	178	
302	178	373	569	605	605	640	498	320	178	0	
V3
0	136	144	184	144	136	168	136	112	128	136	
136	0	88	192	232	256	304	256	200	160	80	
144	88	0	104	176	232	296	280	248	224	168	
184	192	104	0	104	192	280	304	296	304	256	
144	232	176	104	0	88	184	232	256	280	272	
136	256	232	192	88	0	96	160	208	256	272	
168	304	296	280	184	96	0	96	176	240	288	
136	256	280	304	232	160	96	0	80	152	224	
112	200	248	296	256	208	176	80	0	72	144	
128	160	224	304	280	256	240	152	72	0	80	
136	80	168	256	272	272	288	224	144	80	0	
V4
0	292	309	395	309	292	361	292	240	275	292	
292	0	189	412	498	550	653	550	430	344	172	
309	189	0	223	378	498	636	602	533	481	361	
395	412	223	0	223	412	602	653	636	653	550	
309	498	378	223	0	189	395	498	550	602	584	
292	550	498	412	189	0	206	344	447	550	584	
361	653	636	602	395	206	0	206	378	516	619	
292	550	602	653	498	344	206	0	172	326	481	
240	430	533	636	550	447	378	172	0	154	309	
275	344	481	653	602	550	516	326	154	0	172	
292	172	361	550	584	584	619	481	309	172	0	
Velocidade_Veiculos
1	1	1	1	1	