M: 4
N: 10
Nun_Veiculos: 6
Capacidade_Total: 277
Demanda_Total: 166
Setup_Min: 1
Setup_Max: 99
Raio: 100
Circulos: 1
Tempo_Processamento_Min: 1
Tempo_Processamento_Max: 49
Demanda_Min: 10
Demanda_Max: 30
Priority_Factor: 0.2
Range_Factor_R: 0.8
U_factor: 2
ALpha: 0.2Replicao: 3
Tempos_Processamentos
0	0	1	0	2	0	3	0	
0	43	1	31	2	25	3	45	
0	19	1	15	2	20	3	17	
0	6	1	39	2	1	3	35	
0	15	1	33	2	30	3	35	
0	3	1	42	2	9	3	17	
0	6	1	27	2	15	3	47	
0	21	1	31	2	6	3	37	
0	44	1	38	2	26	3	47	
0	13	1	45	2	33	3	13	
0	7	1	23	2	31	3	46	

Tempos_setup
M0
0	0	0	0	0	0	0	0	0	0	0	
0	0	28	28	24	29	37	48	28	24	33	
0	16	0	20	19	21	9	20	10	16	32	
0	26	50	0	40	1	30	32	3	23	12	
0	30	51	21	0	22	34	45	7	19	33	
0	25	49	16	39	0	29	40	2	22	17	
0	7	20	11	10	12	0	11	1	7	23	
0	37	22	18	41	19	31	0	18	14	20	
0	23	47	14	37	15	27	38	0	20	26	
0	27	38	4	41	5	31	36	4	0	16	
0	35	48	23	29	24	28	39	26	35	0	
M1
0	0	0	0	0	0	0	0	0	0	0	
0	0	33	12	24	8	17	8	14	21	31	
0	3	0	15	27	11	12	4	17	24	2	
0	13	46	0	12	21	30	12	2	34	21	
0	29	60	16	0	37	40	28	18	50	34	
0	17	50	4	16	0	9	16	6	38	25	
0	17	41	29	41	25	0	22	31	29	43	
0	56	63	44	28	52	39	0	46	68	23	
0	11	44	3	15	19	28	15	0	32	24	
0	15	12	26	28	22	24	16	28	0	14	
0	33	57	42	30	38	16	2	44	45	0	
M2
0	0	0	0	0	0	0	0	0	0	0	
0	0	57	37	49	46	47	19	36	31	27	
0	14	0	51	59	60	51	33	50	45	41	
0	16	39	0	18	9	10	22	39	21	43	
0	5	21	22	0	31	21	4	21	3	32	
0	28	44	45	23	0	44	27	44	26	39	
0	13	29	30	8	22	0	12	29	11	40	
0	4	46	18	33	27	28	0	25	12	31	
0	35	21	58	47	61	39	44	0	50	43	
0	5	47	19	34	28	29	1	26	0	32	
0	5	30	15	33	24	25	1	9	13	0	
M3
0	0	0	0	0	0	0	0	0	0	0	
0	0	17	45	8	49	49	43	56	29	17	
0	36	0	63	44	36	38	70	74	65	53	
0	14	20	0	22	8	40	42	55	43	31	
0	54	18	81	0	54	56	88	73	82	56	
0	48	12	57	35	0	32	82	72	71	65	
0	28	45	25	31	33	0	66	52	57	45	
0	29	12	31	37	39	6	0	13	33	44	
0	16	33	61	24	27	39	46	0	45	31	
0	43	9	45	51	45	20	14	27	0	58	
0	49	39	57	57	32	32	40	53	30	0	
Tamanho_Tarefas
0	25	16	7	19	8	16	16	27	18	14	
Data_Entrega
0	201	200	195	204	195	181	180	181	189	185	
Penalidade_Atraso
0	2	10	19	8	9	6	14	11	19	14	
Capacidade_Veiculo
53	44	47	43	41	49	
Custo_Fixo_Veiculo
530	440	470	430	410	490	
Coordenadas_Clientes
x	0	y	0
x	95	y	0
x	88	y	64
x	33	y	101
x	-25	y	79
x	-64	y	47
x	-98	y	0
x	-97	y	-70
x	-30	y	-94
x	29	y	-92
x	93	y	-67
Tempo_Viagem
0	95	108	106	82	79	98	119	98	96	114	
95	0	64	118	143	165	193	204	156	113	67	
108	64	0	66	113	152	196	227	197	166	131	
106	118	66	0	62	111	165	214	204	193	178	
82	143	113	62	0	50	107	165	173	178	187	
79	165	152	111	50	0	58	121	145	167	193	
98	193	196	165	107	58	0	70	116	156	202	
119	204	227	214	165	121	70	0	71	127	190	
98	156	197	204	173	145	116	71	0	59	125	
96	113	166	193	178	167	156	127	59	0	68	
114	67	131	178	187	193	202	190	125	68	0	
Custo_Viagem
V0
0	1007	1144	1123	869	837	1038	1261	1038	1017	1208	
1007	0	678	1250	1515	1749	2045	2162	1653	1197	710	
1144	678	0	699	1197	1611	2077	2416	2088	1759	1388	
1123	1250	699	0	657	1176	1749	2268	2162	2045	1886	
869	1515	1197	657	0	530	1134	1749	1833	1897	1982	
837	1749	1611	1176	530	0	614	1282	1537	1770	2056	
1038	2045	2077	1749	1134	614	0	742	1229	1653	2141	
1261	2162	2416	2268	1749	1282	742	0	752	1346	2014	
1038	1653	2088	2162	1833	1537	1229	752	0	625	1325	
1017	1197	1759	2045	1897	1770	1653	1346	625	0	720	
1208	710	1388	1886	1982	2056	2141	2014	1325	720	0	
V1
0	836	950	932	721	695	862	1047	862	844	1003	
836	0	563	1038	1258	1452	1698	1795	1372	994	589	
950	563	0	580	994	1337	1724	2006	1733	1460	1152	
932	1038	580	0	545	976	1452	1883	1795	1698	1566	
721	1258	994	545	0	440	941	1452	1522	1575	1645	
695	1452	1337	976	440	0	510	1064	1276	1469	1707	
862	1698	1724	1452	941	510	0	616	1020	1372	1777	
1047	1795	2006	1883	1452	1064	616	0	624	1117	1672	
862	1372	1733	1795	1522	1276	1020	624	0	519	1100	
844	994	1460	1698	1575	1469	1372	1117	519	0	598	
1003	589	1152	1566	1645	1707	1777	1672	1100	598	0	
V2
0	893	1015	996	770	742	921	1118	921	902	1071	
893	0	601	1109	1344	1551	1814	1917	1466	1062	629	
1015	601	0	620	1062	1428	1842	2143	1851	1560	1231	
996	1109	620	0	582	1043	1551	2011	1917	1814	1673	
770	1344	1062	582	0	470	1005	1551	1626	1682	1757	
742	1551	1428	1043	470	0	545	1137	1363	1569	1823	
921	1814	1842	1551	1005	545	0	658	1090	1466	1898	
1118	1917	2143	2011	1551	1137	658	0	667	1193	1786	
921	1466	1851	1917	1626	1363	1090	667	0	554	1175	
902	1062	1560	1814	1682	1569	1466	1193	554	0	639	
1071	629	1231	1673	1757	1823	1898	1786	1175	639	0	
V3
0	817	928	911	705	679	842	1023	842	825	980	
817	0	550	1014	1229	1419	1659	1754	1341	971	576	
928	550	0	567	971	1307	1685	1960	1694	1427	1126	
911	1014	567	0	533	954	1419	1840	1754	1659	1530	
705	1229	971	533	0	430	920	1419	1487	1539	1608	
679	1419	1307	954	430	0	498	1040	1247	1436	1668	
842	1659	1685	1419	920	498	0	602	997	1341	1737	
1023	1754	1960	1840	1419	1040	602	0	610	1092	1634	
842	1341	1694	1754	1487	1247	997	610	0	507	1075	
825	971	1427	1659	1539	1436	1341	1092	507	0	584	
980	576	1126	1530	1608	1668	1737	1634	1075	584	0	
V4
0	779	885	869	672	647	803	975	803	787	934	
779	0	524	967	1172	1353	1582	1672	1279	926	549	
885	524	0	541	926	1246	1607	1869	1615	1361	1074	
869	967	541	0	508	910	1353	1754	1672	1582	1459	
672	1172	926	508	0	410	877	1353	1418	1467	1533	
647	1353	1246	910	410	0	475	992	1189	1369	1590	
803	1582	1607	1353	877	475	0	574	951	1279	1656	
975	1672	1869	1754	1353	992	574	0	582	1041	1558	
803	1279	1615	1672	1418	1189	951	582	0	483	1025	
787	926	1361	1582	1467	1369	1279	1041	483	0	557	
934	549	1074	1459	1533	1590	1656	1558	1025	557	0	
V5
0	931	1058	1038	803	774	960	1166	960	940	1117	
931	0	627	1156	1401	1617	1891	1999	1528	1107	656	
1058	627	0	646	1107	1489	1920	2234	1930	1626	1283	
1038	1156	646	0	607	1087	1617	2097	1999	1891	1744	
803	1401	1107	607	0	490	1048	1617	1695	1754	1832	
774	1617	1489	1087	490	0	568	1185	1421	1636	1901	
960	1891	1920	1617	1048	568	0	686	1136	1528	1979	
1166	1999	2234	2097	1617	1185	686	0	695	1244	1862	
960	1528	1930	1999	1695	1421	1136	695	0	578	1225	
940	1107	1626	1891	1754	1636	1528	1244	578	0	666	
1117	656	1283	1744	1832	1901	1979	1862	1225	666	0	
Velocidade_Veiculos
1	1	1	1	1	1	