M: 4
N: 10
Nun_Veiculos: 6
Capacidade_Total: 449
Demanda_Total: 213
Setup_Min: 1
Setup_Max: 99
Raio: 20
Circulos: 1
Tempo_Processamento_Min: 1
Tempo_Processamento_Max: 49
Demanda_Min: 10
Demanda_Max: 30
Priority_Factor: 0.2
Range_Factor_R: 0.8
U_factor: 2
ALpha: 0.2Replicao: 3
Tempos_Processamentos
0	0	1	0	2	0	3	0	
0	5	1	38	2	31	3	36	
0	26	1	8	2	44	3	24	
0	23	1	28	2	39	3	11	
0	25	1	27	2	24	3	45	
0	47	1	13	2	35	3	9	
0	14	1	10	2	32	3	31	
0	31	1	35	2	8	3	31	
0	22	1	45	2	15	3	25	
0	45	1	28	2	33	3	35	
0	42	1	49	2	32	3	26	

Tempos_setup
M0
0	0	0	0	0	0	0	0	0	0	0	
0	0	14	41	17	8	41	23	7	26	32	
0	13	0	40	3	7	40	22	20	39	18	
0	15	29	0	29	17	29	25	22	17	39	
0	10	24	51	0	18	51	33	17	36	15	
0	22	29	33	12	0	33	15	29	48	27	
0	46	50	31	51	39	0	53	38	48	61	
0	19	14	49	17	21	18	0	26	45	14	
0	23	30	34	13	1	34	16	0	19	28	
0	25	22	36	15	3	26	8	32	0	22	
0	36	23	40	26	24	57	39	23	42	0	
M1
0	0	0	0	0	0	0	0	0	0	0	
0	0	52	71	58	8	11	53	32	67	41	
0	34	0	49	26	39	45	11	57	28	44	
0	43	44	0	23	28	22	55	52	17	33	
0	20	33	23	0	28	31	44	50	40	22	
0	36	44	75	54	0	22	55	24	59	33	
0	49	66	68	54	48	0	42	72	59	55	
0	23	38	38	15	28	34	0	52	17	33	
0	41	35	61	57	5	27	42	0	59	38	
0	26	27	29	6	11	33	38	35	0	16	
0	41	11	42	21	33	45	22	28	39	0	
M2
0	0	0	0	0	0	0	0	0	0	0	
0	0	32	29	18	7	4	32	18	52	19	
0	25	0	22	21	25	22	50	11	40	37	
0	38	55	0	41	45	42	70	31	70	57	
0	5	14	34	0	10	9	35	23	54	22	
0	31	41	42	27	0	35	25	31	45	12	
0	19	28	25	14	3	0	28	14	48	15	
0	7	16	24	2	12	11	0	13	54	24	
0	15	24	11	10	14	11	39	0	59	26	
0	10	18	37	28	17	14	42	28	0	29	
0	19	49	37	35	8	23	33	26	33	0	
M3
0	0	0	0	0	0	0	0	0	0	0	
0	0	35	37	44	21	33	27	43	45	15	
0	36	0	22	9	37	45	34	79	25	34	
0	46	39	0	48	43	62	12	84	24	44	
0	27	42	13	0	28	36	25	70	37	25	
0	5	14	36	23	0	21	32	43	33	3	
0	9	27	46	36	30	0	36	52	12	24	
0	34	37	10	46	31	50	0	74	22	32	
0	37	9	31	18	46	53	34	0	34	35	
0	45	15	37	24	40	60	49	60	0	43	
0	2	36	39	45	23	18	29	45	30	0	
Tamanho_Tarefas
0	8	19	17	30	14	21	22	20	35	27	
Data_Entrega
0	47	78	60	51	52	66	60	73	85	50	
Penalidade_Atraso
0	7	4	14	20	6	8	20	8	1	20	
Capacidade_Veiculo
67	38	67	99	97	81	
Custo_Fixo_Veiculo
670	380	670	990	970	810	
Coordenadas_Clientes
x	0	y	0
x	22	y	0
x	15	y	11
x	7	y	21
x	-5	y	18
x	-16	y	11
x	-17	y	0
x	-13	y	-9
x	-5	y	-17
x	4	y	-15
x	13	y	-9
Tempo_Viagem
0	22	18	22	18	19	17	15	17	15	15	
22	0	13	25	32	39	39	36	31	22	12	
18	13	0	12	21	31	33	33	34	28	20	
22	25	12	0	12	25	31	36	39	36	30	
18	32	21	12	0	13	21	28	35	33	32	
19	39	31	25	13	0	11	20	30	32	34	
17	39	33	31	21	11	0	9	20	25	31	
15	36	33	36	28	20	9	0	11	18	26	
17	31	34	39	35	30	20	11	0	9	19	
15	22	28	36	33	32	25	18	9	0	10	
15	12	20	30	32	34	31	26	19	10	0	
Custo_Viagem
V0
0	294	241	294	241	254	227	201	227	201	201	
294	0	174	335	428	522	522	482	415	308	160	
241	174	0	160	281	415	442	455	455	375	268	
294	335	160	0	160	335	415	482	522	482	402	
241	428	281	160	0	174	281	375	469	455	428	
254	522	415	335	174	0	147	268	402	428	469	
227	522	442	415	281	147	0	120	268	335	415	
201	482	455	482	375	268	120	0	147	241	348	
227	415	455	522	469	402	268	147	0	120	254	
201	308	375	482	455	428	335	241	120	0	134	
201	160	268	402	428	469	415	348	254	134	0	
V1
0	167	136	167	136	144	129	114	129	114	114	
167	0	98	190	243	296	296	273	235	174	91	
136	98	0	91	159	235	250	258	258	212	152	
167	190	91	0	91	190	235	273	296	273	228	
136	243	159	91	0	98	159	212	266	258	243	
144	296	235	190	98	0	83	152	228	243	266	
129	296	250	235	159	83	0	68	152	190	235	
114	273	258	273	212	152	68	0	83	136	197	
129	235	258	296	266	228	152	83	0	68	144	
114	174	212	273	258	243	190	136	68	0	76	
114	91	152	228	243	266	235	197	144	76	0	
V2
0	294	241	294	241	254	227	201	227	201	201	
294	0	174	335	428	522	522	482	415	308	160	
241	174	0	160	281	415	442	455	455	375	268	
294	335	160	0	160	335	415	482	522	482	402	
241	428	281	160	0	174	281	375	469	455	428	
254	522	415	335	174	0	147	268	402	428	469	
227	522	442	415	281	147	0	120	268	335	415	
201	482	455	482	375	268	120	0	147	241	348	
227	415	455	522	469	402	268	147	0	120	254	
201	308	375	482	455	428	335	241	120	0	134	
201	160	268	402	428	469	415	348	254	134	0	
V3
0	435	356	435	356	376	336	297	336	297	297	
435	0	257	495	633	772	772	712	613	455	237	
356	257	0	237	415	613	653	673	673	554	396	
435	495	237	0	237	495	613	712	772	712	594	
356	633	415	237	0	257	415	554	693	673	633	
376	772	613	495	257	0	217	396	594	633	693	
336	772	653	613	415	217	0	178	396	495	613	
297	712	673	712	554	396	178	0	217	356	514	
336	613	673	772	693	594	396	217	0	178	376	
297	455	554	712	673	633	495	356	178	0	198	
297	237	396	594	633	693	613	514	376	198	0	
V4
0	426	349	426	349	368	329	291	329	291	291	
426	0	252	485	620	756	756	698	601	446	232	
349	252	0	232	407	601	640	659	659	543	388	
426	485	232	0	232	485	601	698	756	698	582	
349	620	407	232	0	252	407	543	679	659	620	
368	756	601	485	252	0	213	388	582	620	679	
329	756	640	601	407	213	0	174	388	485	601	
291	698	659	698	543	388	174	0	213	349	504	
329	601	659	756	679	582	388	213	0	174	368	
291	446	543	698	659	620	485	349	174	0	194	
291	232	388	582	620	679	601	504	368	194	0	
V5
0	356	291	356	291	307	275	243	275	243	243	
356	0	210	405	518	631	631	583	502	372	194	
291	210	0	194	340	502	534	550	550	453	324	
356	405	194	0	194	405	502	583	631	583	486	
291	518	340	194	0	210	340	453	567	550	518	
307	631	502	405	210	0	178	324	486	518	567	
275	631	534	502	340	178	0	145	324	405	502	
243	583	550	583	453	324	145	0	178	291	421	
275	502	550	631	567	486	324	178	0	145	307	
243	372	453	583	550	518	405	291	145	0	162	
243	194	324	486	518	567	502	421	307	162	0	
Velocidade_Veiculos
1	1	1	1	1	1	