M: 4
N: 10
Nun_Veiculos: 4
Capacidade_Total: 216
Demanda_Total: 171
Setup_Min: 1
Setup_Max: 9
Raio: 100
Circulos: 1
Tempo_Processamento_Min: 1
Tempo_Processamento_Max: 49
Demanda_Min: 10
Demanda_Max: 30
Priority_Factor: 0.2
Range_Factor_R: 0.8
U_factor: 2
ALpha: 0.2Replicao: 0
Tempos_Processamentos
0	0	1	0	2	0	3	0	
0	4	1	38	2	20	3	39	
0	49	1	18	2	7	3	42	
0	23	1	19	2	19	3	29	
0	2	1	7	2	45	3	13	
0	49	1	8	2	37	3	6	
0	22	1	19	2	5	3	40	
0	30	1	6	2	18	3	5	
0	44	1	41	2	26	3	22	
0	39	1	28	2	10	3	42	
0	35	1	36	2	9	3	2	

Tempos_setup
M0
0	0	0	0	0	0	0	0	0	0	0	
0	0	4	3	6	4	5	3	4	2	6	
0	7	0	5	2	4	6	6	7	6	3	
0	5	1	0	3	5	4	1	3	5	3	
0	7	3	7	0	2	4	6	7	5	5	
0	6	1	5	3	0	4	5	8	7	4	
0	5	1	3	2	4	0	4	6	7	1	
0	6	4	6	5	5	3	0	5	7	4	
0	2	6	5	3	5	5	3	0	2	6	
0	4	4	6	4	6	3	1	2	0	4	
0	4	6	7	6	5	7	4	8	6	0	
M1
0	0	0	0	0	0	0	0	0	0	0	
0	0	5	3	1	2	3	3	1	4	5	
0	4	0	2	3	3	4	3	3	3	1	
0	2	4	0	1	1	2	1	2	2	4	
0	1	4	3	0	2	2	2	1	4	4	
0	4	5	4	3	0	1	3	2	2	3	
0	3	4	3	2	4	0	4	3	5	2	
0	2	3	3	3	4	5	0	3	4	4	
0	3	6	2	2	1	2	3	0	3	4	
0	3	6	3	4	4	5	4	4	0	7	
0	3	2	1	2	2	3	2	2	3	0	
M2
0	0	0	0	0	0	0	0	0	0	0	
0	0	6	3	3	5	5	3	4	4	4	
0	3	0	3	4	3	4	3	2	2	2	
0	2	5	0	4	2	2	2	3	2	1	
0	3	3	3	0	2	3	4	1	2	3	
0	3	4	2	3	0	1	3	2	1	3	
0	4	4	2	3	1	0	4	2	1	3	
0	4	4	2	3	3	4	0	2	1	3	
0	3	2	3	4	1	2	3	0	2	2	
0	3	3	1	2	2	3	3	1	0	2	
0	1	5	3	4	1	2	1	3	2	0	
M3
0	0	0	0	0	0	0	0	0	0	0	
0	0	2	1	5	7	1	5	4	3	3	
0	2	0	3	7	6	1	4	3	5	2	
0	3	1	0	4	6	2	4	3	2	3	
0	3	3	4	0	2	2	4	4	6	5	
0	4	3	2	1	0	3	3	2	4	3	
0	1	3	2	6	8	0	6	5	4	4	
0	3	4	3	6	5	4	0	1	5	5	
0	5	3	2	5	4	4	4	0	4	5	
0	3	1	4	2	4	2	5	3	0	3	
0	3	3	2	5	4	4	2	1	4	0	
Tamanho_Tarefas
0	22	17	19	15	19	12	13	29	17	8	
Data_Entrega
0	175	183	179	183	182	182	184	178	180	184	
Penalidade_Atraso
0	17	9	1	3	2	2	17	1	19	17	
Capacidade_Veiculo
69	32	64	51	
Custo_Fixo_Veiculo
690	320	640	510	
Coordenadas_Clientes
x	0	y	0
x	124	y	0
x	83	y	60
x	25	y	78
x	-35	y	109
x	-85	y	62
x	-75	y	0
x	-61	y	-44
x	-37	y	-116
x	33	y	-102
x	80	y	-58
Tempo_Viagem
0	124	102	81	114	105	75	75	121	107	98	
124	0	72	126	192	218	199	190	198	136	72	
102	72	0	60	127	168	169	177	213	169	118	
81	126	60	0	67	111	126	149	202	180	146	
114	192	127	67	0	68	116	155	225	221	202	
105	218	168	111	68	0	62	108	183	202	203	
75	199	169	126	116	62	0	46	121	148	165	
75	190	177	149	155	108	46	0	75	110	141	
121	198	213	202	225	183	121	75	0	71	130	
107	136	169	180	221	202	148	110	71	0	64	
98	72	118	146	202	203	165	141	130	64	0	
Custo_Viagem
V0
0	1711	1407	1117	1573	1449	1035	1035	1669	1476	1352	
1711	0	993	1738	2649	3008	2746	2622	2732	1876	993	
1407	993	0	828	1752	2318	2332	2442	2939	2332	1628	
1117	1738	828	0	924	1531	1738	2056	2801	2484	2014	
1573	2649	1752	924	0	938	1600	2139	3105	3049	2787	
1449	3008	2318	1531	938	0	855	1490	2539	2787	2815	
1035	2746	2332	1738	1600	855	0	634	1683	2042	2277	
1035	2622	2442	2056	2139	1490	634	0	1035	1518	1945	
1669	2732	2939	2801	3105	2539	1683	1035	0	979	1794	
1476	1876	2332	2484	3049	2787	2042	1518	979	0	883	
1352	993	1628	2014	2787	2815	2277	1945	1794	883	0	
V1
0	793	652	518	729	672	480	480	774	684	627	
793	0	460	806	1228	1395	1273	1216	1267	870	460	
652	460	0	384	812	1075	1081	1132	1363	1081	755	
518	806	384	0	428	710	806	953	1299	1152	934	
729	1228	812	428	0	435	742	992	1440	1414	1292	
672	1395	1075	710	435	0	396	691	1177	1292	1305	
480	1273	1081	806	742	396	0	294	780	947	1056	
480	1216	1132	953	992	691	294	0	480	704	902	
774	1267	1363	1299	1440	1177	780	480	0	454	832	
684	870	1081	1152	1414	1292	947	704	454	0	409	
627	460	755	934	1292	1305	1056	902	832	409	0	
V2
0	1587	1305	1036	1459	1344	960	960	1548	1369	1254	
1587	0	921	1612	2457	2790	2547	2432	2534	1740	921	
1305	921	0	768	1625	2150	2163	2265	2726	2163	1510	
1036	1612	768	0	857	1420	1612	1907	2598	2304	1868	
1459	2457	1625	857	0	870	1484	1984	2880	2828	2585	
1344	2790	2150	1420	870	0	793	1382	2355	2585	2611	
960	2547	2163	1612	1484	793	0	588	1561	1894	2112	
960	2432	2265	1907	1984	1382	588	0	960	1408	1804	
1548	2534	2726	2598	2880	2355	1561	960	0	908	1664	
1369	1740	2163	2304	2828	2585	1894	1408	908	0	819	
1254	921	1510	1868	2585	2611	2112	1804	1664	819	0	
V3
0	1264	1040	826	1162	1071	765	765	1234	1091	999	
1264	0	734	1285	1958	2223	2029	1938	2019	1387	734	
1040	734	0	612	1295	1713	1723	1805	2172	1723	1203	
826	1285	612	0	683	1132	1285	1519	2070	1836	1489	
1162	1958	1295	683	0	693	1183	1581	2295	2254	2060	
1071	2223	1713	1132	693	0	632	1101	1876	2060	2080	
765	2029	1723	1285	1183	632	0	469	1244	1509	1683	
765	1938	1805	1519	1581	1101	469	0	765	1122	1438	
1234	2019	2172	2070	2295	1876	1244	765	0	724	1326	
1091	1387	1723	1836	2254	2060	1509	1122	724	0	652	
999	734	1203	1489	2060	2080	1683	1438	1326	652	0	
Velocidade_Veiculos
1	1	1	1	