M: 4
N: 10
Nun_Veiculos: 6
Capacidade_Total: 382
Demanda_Total: 231
Setup_Min: 1
Setup_Max: 9
Raio: 20
Circulos: 1
Tempo_Processamento_Min: 1
Tempo_Processamento_Max: 49
Demanda_Min: 10
Demanda_Max: 30
Priority_Factor: 0.2
Range_Factor_R: 0.8
U_factor: 2
ALpha: 0.2Replicao: 4
Tempos_Processamentos
0	0	1	0	2	0	3	0	
0	32	1	19	2	15	3	43	
0	31	1	48	2	21	3	27	
0	38	1	13	2	29	3	16	
0	34	1	19	2	35	3	1	
0	42	1	7	2	42	3	42	
0	13	1	29	2	24	3	4	
0	26	1	24	2	48	3	29	
0	22	1	39	2	10	3	44	
0	46	1	23	2	47	3	30	
0	6	1	33	2	43	3	6	

Tempos_setup
M0
0	0	0	0	0	0	0	0	0	0	0	
0	0	4	5	2	3	1	3	2	1	5	
0	3	0	4	4	2	4	3	4	3	3	
0	4	1	0	5	3	5	4	5	4	4	
0	5	7	6	0	6	6	7	4	6	9	
0	3	6	5	2	0	3	5	2	4	5	
0	4	7	8	3	5	0	4	1	5	7	
0	2	5	4	3	5	3	0	1	3	3	
0	3	7	7	2	6	4	3	0	4	6	
0	4	5	4	1	2	3	4	4	0	4	
0	5	2	1	4	2	5	5	4	5	0	
M1
0	0	0	0	0	0	0	0	0	0	0	
0	0	3	2	6	3	6	7	5	5	2	
0	4	0	2	5	3	4	4	3	5	5	
0	4	2	0	4	1	5	5	5	3	4	
0	3	3	3	0	4	4	4	5	2	3	
0	4	3	5	3	0	4	4	6	2	3	
0	2	2	3	6	4	0	6	5	5	1	
0	3	3	4	6	3	1	0	6	5	2	
0	1	2	3	3	4	1	6	0	5	2	
0	2	1	3	1	2	2	2	4	0	1	
0	1	1	3	6	4	5	5	4	6	0	
M2
0	0	0	0	0	0	0	0	0	0	0	
0	0	1	2	1	3	2	3	2	2	3	
0	3	0	3	3	3	1	2	2	3	4	
0	5	3	0	4	6	2	5	5	3	5	
0	1	2	1	0	2	3	2	1	1	4	
0	4	5	6	5	0	6	7	6	6	4	
0	3	1	3	2	4	0	3	3	2	3	
0	1	2	1	2	3	1	0	3	3	4	
0	2	3	2	3	1	2	1	0	4	5	
0	3	4	4	4	6	5	6	5	0	6	
0	3	2	3	2	4	3	4	3	3	0	
M3
0	0	0	0	0	0	0	0	0	0	0	
0	0	7	7	3	8	2	6	6	5	4	
0	5	0	3	2	4	1	2	4	4	2	
0	4	4	0	2	4	3	2	4	1	2	
0	6	6	4	0	5	1	5	4	5	6	
0	4	4	4	2	0	1	3	3	4	1	
0	7	5	5	1	6	0	5	5	4	6	
0	4	6	5	2	7	1	0	3	4	1	
0	3	6	6	2	7	1	6	0	5	3	
0	5	3	6	3	7	2	1	4	0	2	
0	3	6	5	4	7	3	4	2	3	0	
Tamanho_Tarefas
0	18	31	17	20	30	15	27	25	27	21	
Data_Entrega
0	47	62	61	46	52	58	58	55	47	52	
Penalidade_Atraso
0	18	20	20	1	18	13	3	19	15	12	
Capacidade_Veiculo
75	91	45	49	33	89	
Custo_Fixo_Veiculo
750	910	450	490	330	890	
Coordenadas_Clientes
x	0	y	0
x	15	y	0
x	14	y	10
x	7	y	23
x	-5	y	18
x	-18	y	13
x	-24	y	0
x	-17	y	-12
x	-5	y	-16
x	5	y	-17
x	20	y	-14
Tempo_Viagem
0	15	17	24	18	22	24	20	16	17	24	
15	0	10	24	26	35	39	34	25	19	14	
17	10	0	14	20	32	39	37	32	28	24	
24	24	14	0	13	26	38	42	40	40	38	
18	26	20	13	0	13	26	32	34	35	40	
22	35	32	26	13	0	14	25	31	37	46	
24	39	39	38	26	14	0	13	24	33	46	
20	34	37	42	32	25	13	0	12	22	37	
16	25	32	40	34	31	24	12	0	10	25	
17	19	28	40	35	37	33	22	10	0	15	
24	14	24	38	40	46	46	37	25	15	0	
Custo_Viagem
V0
0	225	255	360	270	330	360	300	240	255	360	
225	0	150	360	390	525	585	510	375	285	210	
255	150	0	210	300	480	585	570	480	420	360	
360	360	210	0	195	390	570	630	600	600	585	
270	390	300	195	0	195	390	480	510	540	600	
330	525	480	390	195	0	210	375	465	555	690	
360	585	585	570	390	210	0	195	360	495	690	
300	510	570	630	480	375	195	0	180	330	555	
240	375	480	600	510	465	360	180	0	150	375	
255	285	420	600	540	555	495	330	150	0	225	
360	210	360	585	600	690	690	555	375	225	0	
V1
0	273	309	436	327	400	436	364	291	309	436	
273	0	182	436	473	637	709	618	455	345	254	
309	182	0	254	364	582	709	691	582	509	436	
436	436	254	0	236	473	691	764	728	728	709	
327	473	364	236	0	236	473	582	618	655	728	
400	637	582	473	236	0	254	455	564	673	837	
436	709	709	691	473	254	0	236	436	600	837	
364	618	691	764	582	455	236	0	218	400	673	
291	455	582	728	618	564	436	218	0	182	455	
309	345	509	728	655	673	600	400	182	0	273	
436	254	436	709	728	837	837	673	455	273	0	
V2
0	135	153	216	162	198	216	180	144	153	216	
135	0	90	216	234	315	351	306	225	171	126	
153	90	0	126	180	288	351	342	288	252	216	
216	216	126	0	117	234	342	378	360	360	351	
162	234	180	117	0	117	234	288	306	324	360	
198	315	288	234	117	0	126	225	279	333	414	
216	351	351	342	234	126	0	117	216	297	414	
180	306	342	378	288	225	117	0	108	198	333	
144	225	288	360	306	279	216	108	0	90	225	
153	171	252	360	324	333	297	198	90	0	135	
216	126	216	351	360	414	414	333	225	135	0	
V3
0	147	166	235	176	215	235	196	156	166	235	
147	0	98	235	254	343	382	333	245	186	137	
166	98	0	137	196	313	382	372	313	274	235	
235	235	137	0	127	254	372	411	392	392	382	
176	254	196	127	0	127	254	313	333	352	392	
215	343	313	254	127	0	137	245	303	362	450	
235	382	382	372	254	137	0	127	235	323	450	
196	333	372	411	313	245	127	0	117	215	362	
156	245	313	392	333	303	235	117	0	98	245	
166	186	274	392	352	362	323	215	98	0	147	
235	137	235	382	392	450	450	362	245	147	0	
V4
0	99	112	158	118	145	158	132	105	112	158	
99	0	66	158	171	231	257	224	165	125	92	
112	66	0	92	132	211	257	250	211	184	158	
158	158	92	0	85	171	250	277	264	264	257	
118	171	132	85	0	85	171	211	224	237	264	
145	231	211	171	85	0	92	165	204	244	303	
158	257	257	250	171	92	0	85	158	217	303	
132	224	250	277	211	165	85	0	79	145	244	
105	165	211	264	224	204	158	79	0	66	165	
112	125	184	264	237	244	217	145	66	0	99	
158	92	158	257	264	303	303	244	165	99	0	
V5
0	267	302	427	320	391	427	356	284	302	427	
267	0	178	427	462	623	694	605	445	338	249	
302	178	0	249	356	569	694	676	569	498	427	
427	427	249	0	231	462	676	747	712	712	694	
320	462	356	231	0	231	462	569	605	640	712	
391	623	569	462	231	0	249	445	551	658	818	
427	694	694	676	462	249	0	231	427	587	818	
356	605	676	747	569	445	231	0	213	391	658	
284	445	569	712	605	551	427	213	0	178	445	
302	338	498	712	640	658	587	391	178	0	267	
427	249	427	694	712	818	818	658	445	267	0	
Velocidade_Veiculos
1	1	1	1	1	1	