M: 4
N: 10
Nun_Veiculos: 7
Capacidade_Total: 356
Demanda_Total: 175
Setup_Min: 1
Setup_Max: 99
Raio: 20
Circulos: 1
Tempo_Processamento_Min: 1
Tempo_Processamento_Max: 49
Demanda_Min: 10
Demanda_Max: 30
Priority_Factor: 0.2
Range_Factor_R: 0.8
U_factor: 2
ALpha: 0.2Replicao: 4
Tempos_Processamentos
0	0	1	0	2	0	3	0	
0	42	1	39	2	10	3	29	
0	43	1	45	2	20	3	25	
0	35	1	16	2	24	3	49	
0	8	1	4	2	47	3	31	
0	19	1	48	2	33	3	10	
0	18	1	49	2	9	3	18	
0	35	1	33	2	14	3	47	
0	20	1	16	2	32	3	48	
0	36	1	35	2	7	3	11	
0	40	1	6	2	22	3	28	

Tempos_setup
M0
0	0	0	0	0	0	0	0	0	0	0	
0	0	17	40	22	17	36	26	28	30	37	
0	52	0	24	6	1	20	10	12	14	23	
0	66	16	0	22	17	34	20	24	24	7	
0	56	44	28	0	5	24	14	16	18	27	
0	51	39	23	5	0	19	9	11	13	22	
0	32	45	33	38	43	0	28	30	1	22	
0	46	45	29	41	44	14	0	34	4	36	
0	56	28	12	29	29	43	32	0	36	11	
0	42	44	43	37	42	10	27	40	0	32	
0	72	27	11	33	28	43	29	30	33	0	
M1
0	0	0	0	0	0	0	0	0	0	0	
0	0	52	64	47	38	51	57	46	44	64	
0	9	0	27	10	1	14	20	9	7	17	
0	40	47	0	42	46	49	57	44	48	62	
0	4	18	22	0	4	7	15	2	6	20	
0	10	14	26	9	0	13	19	8	6	26	
0	6	20	24	15	6	0	17	4	8	22	
0	16	23	7	22	13	26	0	21	19	14	
0	2	16	20	11	2	5	13	0	4	18	
0	29	35	20	30	21	34	13	29	0	27	
0	18	9	36	19	10	23	29	18	16	0	
M2
0	0	0	0	0	0	0	0	0	0	0	
0	0	56	39	7	44	35	15	67	48	63	
0	11	0	19	9	24	30	17	32	27	50	
0	23	17	0	21	5	23	29	49	20	31	
0	2	49	32	0	37	28	8	60	50	56	
0	23	12	22	21	0	18	29	44	15	53	
0	27	21	4	25	9	0	33	53	24	35	
0	57	51	34	55	39	30	0	58	54	65	
0	35	24	23	33	12	19	6	0	16	39	
0	30	20	7	28	8	3	36	52	0	38	
0	28	21	5	26	9	1	16	37	1	0	
M3
0	0	0	0	0	0	0	0	0	0	0	
0	0	54	16	16	24	10	35	16	18	28	
0	12	0	23	13	21	7	23	13	25	35	
0	6	38	0	22	30	16	28	13	2	12	
0	16	48	10	0	31	15	38	21	12	22	
0	24	56	18	40	0	34	46	10	20	30	
0	5	45	16	6	29	0	25	6	18	28	
0	11	20	5	27	35	21	0	18	7	17	
0	16	60	32	32	40	26	51	0	24	44	
0	4	36	20	20	28	14	39	11	0	32	
0	19	51	23	13	43	28	51	10	15	0	
Tamanho_Tarefas
0	10	21	21	18	11	17	27	26	17	7	
Data_Entrega
0	56	54	54	69	65	53	62	60	60	68	
Penalidade_Atraso
0	15	7	4	16	17	15	5	2	1	8	
Capacidade_Veiculo
41	61	76	62	31	35	50	
Custo_Fixo_Veiculo
410	610	760	620	310	350	500	
Coordenadas_Clientes
x	0	y	0
x	24	y	0
x	19	y	14
x	4	y	14
x	-7	y	23
x	-12	y	9
x	-19	y	0
x	-20	y	-14
x	-4	y	-14
x	5	y	-15
x	12	y	-9
Tempo_Viagem
0	24	23	14	24	15	19	24	14	15	15	
24	0	14	24	38	37	43	46	31	24	15	
23	14	0	15	27	31	40	47	36	32	24	
14	24	15	0	14	16	26	36	28	29	24	
24	38	27	14	0	14	25	38	37	39	37	
15	37	31	16	14	0	11	24	24	29	30	
19	43	40	26	25	11	0	14	20	28	32	
24	46	47	36	38	24	14	0	16	25	32	
14	31	36	28	37	24	20	16	0	9	16	
15	24	32	29	39	29	28	25	9	0	9	
15	15	24	24	37	30	32	32	16	9	0	
Custo_Viagem
V0
0	196	188	114	196	123	155	196	114	123	123	
196	0	114	196	311	303	352	377	254	196	123	
188	114	0	123	221	254	328	393	295	262	196	
114	196	123	0	114	131	213	295	237	237	196	
196	311	221	114	0	114	205	319	303	319	303	
123	303	254	131	114	0	90	196	196	237	246	
155	352	328	213	205	90	0	114	164	229	262	
196	377	393	295	319	196	114	0	131	205	262	
114	254	295	237	303	196	164	131	0	73	131	
123	196	262	237	319	237	229	205	73	0	73	
123	123	196	196	303	246	262	262	131	73	0	
V1
0	292	280	170	292	183	231	292	170	183	183	
292	0	170	292	463	451	524	561	378	292	183	
280	170	0	183	329	378	488	585	439	390	292	
170	292	183	0	170	195	317	439	353	353	292	
292	463	329	170	0	170	305	475	451	475	451	
183	451	378	195	170	0	134	292	292	353	366	
231	524	488	317	305	134	0	170	244	341	390	
292	561	585	439	475	292	170	0	195	305	390	
170	378	439	353	451	292	244	195	0	109	195	
183	292	390	353	475	353	341	305	109	0	109	
183	183	292	292	451	366	390	390	195	109	0	
V2
0	364	349	212	364	228	288	364	212	228	228	
364	0	212	364	577	562	653	699	471	364	228	
349	212	0	228	410	471	608	729	547	486	364	
212	364	228	0	212	243	395	547	440	440	364	
364	577	410	212	0	212	380	592	562	592	562	
228	562	471	243	212	0	167	364	364	440	456	
288	653	608	395	380	167	0	212	304	425	486	
364	699	729	547	592	364	212	0	243	380	486	
212	471	547	440	562	364	304	243	0	136	243	
228	364	486	440	592	440	425	380	136	0	136	
228	228	364	364	562	456	486	486	243	136	0	
V3
0	297	285	173	297	186	235	297	173	186	186	
297	0	173	297	471	458	533	570	384	297	186	
285	173	0	186	334	384	496	595	446	396	297	
173	297	186	0	173	198	322	446	359	359	297	
297	471	334	173	0	173	310	483	458	483	458	
186	458	384	198	173	0	136	297	297	359	372	
235	533	496	322	310	136	0	173	248	347	396	
297	570	595	446	483	297	173	0	198	310	396	
173	384	446	359	458	297	248	198	0	111	198	
186	297	396	359	483	359	347	310	111	0	111	
186	186	297	297	458	372	396	396	198	111	0	
V4
0	148	142	86	148	93	117	148	86	93	93	
148	0	86	148	235	229	266	285	192	148	93	
142	86	0	93	167	192	248	297	223	198	148	
86	148	93	0	86	99	161	223	179	179	148	
148	235	167	86	0	86	155	241	229	241	229	
93	229	192	99	86	0	68	148	148	179	186	
117	266	248	161	155	68	0	86	124	173	198	
148	285	297	223	241	148	86	0	99	155	198	
86	192	223	179	229	148	124	99	0	55	99	
93	148	198	179	241	179	173	155	55	0	55	
93	93	148	148	229	186	198	198	99	55	0	
V5
0	168	161	98	168	105	133	168	98	105	105	
168	0	98	168	266	259	301	322	217	168	105	
161	98	0	105	189	217	280	336	252	224	168	
98	168	105	0	98	112	182	252	203	203	168	
168	266	189	98	0	98	175	273	259	273	259	
105	259	217	112	98	0	77	168	168	203	210	
133	301	280	182	175	77	0	98	140	196	224	
168	322	336	252	273	168	98	0	112	175	224	
98	217	252	203	259	168	140	112	0	63	112	
105	168	224	203	273	203	196	175	63	0	63	
105	105	168	168	259	210	224	224	112	63	0	
V6
0	240	230	140	240	150	190	240	140	150	150	
240	0	140	240	380	370	430	460	310	240	150	
230	140	0	150	270	310	400	480	360	320	240	
140	240	150	0	140	160	260	360	290	290	240	
240	380	270	140	0	140	250	390	370	390	370	
150	370	310	160	140	0	110	240	240	290	300	
190	430	400	260	250	110	0	140	200	280	320	
240	460	480	360	390	240	140	0	160	250	320	
140	310	360	290	370	240	200	160	0	90	160	
150	240	320	290	390	290	280	250	90	0	90	
150	150	240	240	370	300	320	320	160	90	0	
Velocidade_Veiculos
1	1	1	1	1	1	1	