M: 4
N: 10
Nun_Veiculos: 5
Capacidade_Total: 307
Demanda_Total: 197
Setup_Min: 1
Setup_Max: 99
Raio: 100
Circulos: 1
Tempo_Processamento_Min: 1
Tempo_Processamento_Max: 49
Demanda_Min: 10
Demanda_Max: 30
Priority_Factor: 0.2
Range_Factor_R: 0.8
U_factor: 2
ALpha: 0.2Replicao: 0
Tempos_Processamentos
0	0	1	0	2	0	3	0	
0	24	1	24	2	8	3	19	
0	22	1	43	2	8	3	27	
0	27	1	8	2	5	3	42	
0	41	1	34	2	1	3	29	
0	10	1	10	2	44	3	16	
0	1	1	48	2	48	3	15	
0	14	1	40	2	34	3	44	
0	41	1	20	2	37	3	48	
0	2	1	25	2	44	3	41	
0	17	1	45	2	39	3	23	

Tempos_setup
M0
0	0	0	0	0	0	0	0	0	0	0	
0	0	42	23	10	11	30	27	24	28	45	
0	33	0	22	26	44	21	18	40	19	44	
0	29	29	0	17	28	29	26	31	15	22	
0	36	36	13	0	26	20	21	14	22	35	
0	35	35	26	43	0	29	30	23	21	48	
0	16	16	5	22	27	0	1	36	2	27	
0	15	15	4	21	26	3	0	35	1	26	
0	22	22	11	28	33	6	7	0	8	33	
0	14	14	5	22	25	34	31	36	0	27	
0	30	30	21	38	36	29	26	52	16	0	
M1
0	0	0	0	0	0	0	0	0	0	0	
0	0	27	2	25	17	49	8	16	37	10	
0	21	0	23	19	27	22	24	34	10	23	
0	31	40	0	44	32	62	6	35	50	8	
0	39	26	17	0	46	48	23	15	36	4	
0	35	27	37	27	0	43	43	42	31	31	
0	45	24	39	22	51	0	30	13	15	26	
0	25	34	15	38	26	56	0	29	44	2	
0	32	11	26	9	38	33	32	0	21	13	
0	57	36	26	34	58	12	32	25	0	32	
0	35	38	13	36	45	60	19	27	48	0	
M2
0	0	0	0	0	0	0	0	0	0	0	
0	0	23	42	36	36	57	26	47	26	47	
0	15	0	19	13	13	34	37	24	3	24	
0	33	18	0	31	18	41	44	30	21	9	
0	19	4	6	0	17	25	28	11	7	15	
0	21	6	20	14	0	23	26	16	9	25	
0	17	7	13	20	20	0	3	23	10	22	
0	17	4	23	17	17	38	0	28	7	28	
0	33	39	24	39	42	64	35	0	42	33	
0	27	12	16	10	25	35	38	21	0	21	
0	30	15	19	23	9	32	35	25	18	0	
M3
0	0	0	0	0	0	0	0	0	0	0	
0	0	47	41	47	44	40	29	53	34	35	
0	20	0	51	37	35	38	35	34	15	55	
0	20	28	0	46	43	39	30	31	35	16	
0	21	42	60	0	48	40	45	49	30	43	
0	21	41	18	42	0	57	40	14	20	34	
0	16	31	20	7	20	0	5	29	10	36	
0	36	26	33	27	15	47	0	24	5	48	
0	28	27	44	28	26	47	26	0	6	24	
0	32	21	38	22	20	59	20	19	0	43	
0	4	12	43	30	27	23	21	28	26	0	
Tamanho_Tarefas
0	17	20	18	15	19	8	31	36	15	18	
Data_Entrega
0	183	193	179	172	184	172	182	193	190	189	
Penalidade_Atraso
0	4	1	2	20	1	4	5	8	3	5	
Capacidade_Veiculo
64	56	52	48	87	
Custo_Fixo_Veiculo
640	560	520	480	870	
Coordenadas_Clientes
x	0	y	0
x	89	y	0
x	72	y	52
x	34	y	107
x	-24	y	74
x	-98	y	71
x	-97	y	0
x	-81	y	-59
x	-34	y	-107
x	31	y	-97
x	80	y	-58
Tempo_Viagem
0	89	88	112	77	121	97	100	112	101	98	
89	0	54	120	135	200	186	179	163	113	58	
88	54	0	66	98	171	176	188	191	154	110	
112	120	66	0	66	136	169	201	224	204	171	
77	135	98	66	0	74	103	144	181	178	168	
121	200	171	136	74	0	71	131	189	211	219	
97	186	176	169	103	71	0	61	124	160	186	
100	179	188	201	144	131	61	0	67	118	161	
112	163	191	224	181	189	124	67	0	65	124	
101	113	154	204	178	211	160	118	65	0	62	
98	58	110	171	168	219	186	161	124	62	0	
Custo_Viagem
V0
0	1139	1126	1433	985	1548	1241	1280	1433	1292	1254	
1139	0	691	1536	1728	2560	2380	2291	2086	1446	742	
1126	691	0	844	1254	2188	2252	2419	2444	1971	1408	
1433	1536	844	0	844	1740	2163	2572	2867	2611	2188	
985	1728	1254	844	0	947	1318	1843	2316	2291	2150	
1548	2560	2188	1740	947	0	908	1676	2419	2700	2803	
1241	2380	2252	2163	1318	908	0	780	1587	2048	2380	
1280	2291	2419	2572	1843	1676	780	0	857	1510	2060	
1433	2086	2444	2867	2316	2419	1587	857	0	832	1587	
1292	1446	1971	2611	2291	2700	2048	1510	832	0	793	
1254	742	1408	2188	2150	2803	2380	2060	1587	793	0	
V1
0	996	985	1254	862	1355	1086	1120	1254	1131	1097	
996	0	604	1344	1512	2240	2083	2004	1825	1265	649	
985	604	0	739	1097	1915	1971	2116	2139	1724	1232	
1254	1344	739	0	739	1523	1892	2251	2508	2284	1915	
862	1512	1097	739	0	828	1153	1612	2027	2004	1881	
1355	2240	1915	1523	828	0	795	1467	2116	2363	2452	
1086	2083	1971	1892	1153	795	0	683	1388	1792	2083	
1120	2004	2116	2251	1612	1467	683	0	750	1321	1803	
1254	1825	2139	2508	2027	2116	1388	750	0	728	1388	
1131	1265	1724	2284	2004	2363	1792	1321	728	0	694	
1097	649	1232	1915	1881	2452	2083	1803	1388	694	0	
V2
0	925	915	1164	800	1258	1008	1040	1164	1050	1019	
925	0	561	1248	1404	2080	1934	1861	1695	1175	603	
915	561	0	686	1019	1778	1830	1965	1986	1601	1144	
1164	1248	686	0	686	1414	1757	2090	2329	2121	1778	
800	1404	1019	686	0	769	1071	1497	1882	1861	1747	
1258	2080	1778	1414	769	0	738	1362	1965	2194	2277	
1008	1934	1830	1757	1071	738	0	634	1289	1664	1934	
1040	1861	1965	2090	1497	1362	634	0	696	1227	1674	
1164	1695	1986	2329	1882	1965	1289	696	0	676	1289	
1050	1175	1601	2121	1861	2194	1664	1227	676	0	644	
1019	603	1144	1778	1747	2277	1934	1674	1289	644	0	
V3
0	854	844	1075	739	1161	931	960	1075	969	940	
854	0	518	1152	1296	1920	1785	1718	1564	1084	556	
844	518	0	633	940	1641	1689	1814	1833	1478	1056	
1075	1152	633	0	633	1305	1622	1929	2150	1958	1641	
739	1296	940	633	0	710	988	1382	1737	1718	1612	
1161	1920	1641	1305	710	0	681	1257	1814	2025	2102	
931	1785	1689	1622	988	681	0	585	1190	1536	1785	
960	1718	1814	1929	1382	1257	585	0	643	1132	1545	
1075	1564	1833	2150	1737	1814	1190	643	0	624	1190	
969	1084	1478	1958	1718	2025	1536	1132	624	0	595	
940	556	1056	1641	1612	2102	1785	1545	1190	595	0	
V4
0	1548	1531	1948	1339	2105	1687	1740	1948	1757	1705	
1548	0	939	2088	2349	3480	3236	3114	2836	1966	1009	
1531	939	0	1148	1705	2975	3062	3288	3323	2679	1914	
1948	2088	1148	0	1148	2366	2940	3497	3897	3549	2975	
1339	2349	1705	1148	0	1287	1792	2505	3149	3114	2923	
2105	3480	2975	2366	1287	0	1235	2279	3288	3671	3810	
1687	3236	3062	2940	1792	1235	0	1061	2157	2784	3236	
1740	3114	3288	3497	2505	2279	1061	0	1165	2053	2801	
1948	2836	3323	3897	3149	3288	2157	1165	0	1131	2157	
1757	1966	2679	3549	3114	3671	2784	2053	1131	0	1078	
1705	1009	1914	2975	2923	3810	3236	2801	2157	1078	0	
Velocidade_Veiculos
1	1	1	1	1	