M: 4
N: 10
Nun_Veiculos: 5
Capacidade_Total: 323
Demanda_Total: 179
Setup_Min: 1
Setup_Max: 99
Raio: 20
Circulos: 1
Tempo_Processamento_Min: 1
Tempo_Processamento_Max: 49
Demanda_Min: 10
Demanda_Max: 30
Priority_Factor: 0.2
Range_Factor_R: 0.8
U_factor: 2
ALpha: 0.2Replicao: 4
Tempos_Processamentos
0	0	1	0	2	0	3	0	
0	5	1	1	2	33	3	7	
0	31	1	30	2	2	3	9	
0	1	1	4	2	3	3	11	
0	22	1	26	2	28	3	24	
0	41	1	45	2	26	3	11	
0	16	1	13	2	11	3	25	
0	7	1	30	2	20	3	44	
0	24	1	49	2	36	3	21	
0	30	1	48	2	28	3	30	
0	26	1	30	2	25	3	47	

Tempos_setup
M0
0	0	0	0	0	0	0	0	0	0	0	
0	0	17	28	9	53	18	14	21	7	13	
0	28	0	29	28	45	37	29	27	35	41	
0	33	20	0	20	62	29	17	32	16	46	
0	13	20	19	0	65	9	14	12	20	26	
0	20	26	6	26	0	27	23	28	22	6	
0	34	21	10	30	66	0	27	42	26	33	
0	35	18	38	22	63	31	0	34	42	48	
0	1	18	20	1	54	10	2	0	8	14	
0	17	24	23	4	46	13	18	16	0	30	
0	14	31	38	23	67	32	24	22	21	0	
M1
0	0	0	0	0	0	0	0	0	0	0	
0	0	38	20	19	30	17	15	42	29	16	
0	8	0	7	12	17	6	2	29	25	3	
0	9	32	0	5	11	7	3	30	26	4	
0	12	48	16	0	27	23	19	46	41	20	
0	17	21	16	21	0	15	11	32	34	12	
0	2	40	22	21	32	0	17	37	31	18	
0	6	35	5	10	15	4	0	27	23	1	
0	13	51	20	25	31	21	23	0	8	16	
0	5	43	25	24	35	13	20	47	0	21	
0	13	36	4	9	15	11	7	34	22	0	
M2
0	0	0	0	0	0	0	0	0	0	0	
0	0	29	40	64	32	30	43	21	35	37	
0	58	0	30	35	3	17	30	18	6	8	
0	66	42	0	49	6	55	53	41	17	50	
0	65	38	54	0	28	55	68	47	13	46	
0	60	58	28	49	0	64	66	35	33	55	
0	46	44	38	41	40	0	13	51	25	30	
0	52	31	39	63	27	22	0	38	12	17	
0	75	34	42	57	37	29	31	0	40	20	
0	52	25	43	60	15	42	55	43	0	33	
0	55	14	22	49	17	9	22	21	20	0	
M3
0	0	0	0	0	0	0	0	0	0	0	
0	0	35	29	3	7	17	12	9	18	9	
0	27	0	48	22	26	36	25	28	35	28	
0	8	40	0	11	15	25	20	17	26	17	
0	11	32	26	0	4	14	9	6	15	6	
0	7	30	22	10	0	10	5	16	11	2	
0	10	20	25	4	3	0	8	10	1	5	
0	2	37	23	5	9	19	0	11	10	7	
0	17	26	37	20	15	25	15	0	25	12	
0	14	35	29	3	7	17	12	9	0	9	
0	5	33	25	8	3	13	3	14	13	0	
Tamanho_Tarefas
0	9	13	4	23	15	14	11	32	32	26	
Data_Entrega
0	45	60	50	59	58	64	72	62	65	54	
Penalidade_Atraso
0	7	15	17	14	1	12	7	8	13	5	
Capacidade_Veiculo
78	39	48	72	86	
Custo_Fixo_Veiculo
780	390	480	720	860	
Coordenadas_Clientes
x	0	y	0
x	17	y	0
x	13	y	10
x	5	y	17
x	-7	y	22
x	-12	y	9
x	-17	y	0
x	-15	y	-11
x	-5	y	-18
x	7	y	-22
x	20	y	-14
Tempo_Viagem
0	17	16	17	23	15	17	18	18	23	24	
17	0	10	20	32	30	34	33	28	24	14	
16	10	0	10	23	25	31	34	33	32	24	
17	20	10	0	13	18	27	34	35	39	34	
23	32	23	13	0	13	23	33	40	46	45	
15	30	25	18	13	0	10	20	27	36	39	
17	34	31	27	23	10	0	11	21	32	39	
18	33	34	34	33	20	11	0	12	24	35	
18	28	33	35	40	27	21	12	0	12	25	
23	24	32	39	46	36	32	24	12	0	15	
24	14	24	34	45	39	39	35	25	15	0	
Custo_Viagem
V0
0	265	249	265	358	234	265	280	280	358	374	
265	0	156	312	499	468	530	514	436	374	218	
249	156	0	156	358	390	483	546	514	499	390	
265	312	156	0	202	280	421	530	561	608	530	
358	499	358	202	0	202	374	514	624	717	702	
234	468	390	280	202	0	156	312	421	561	608	
265	530	483	421	374	156	0	171	327	499	608	
280	514	546	530	514	312	171	0	187	374	546	
280	436	514	561	624	421	327	187	0	187	390	
358	374	499	608	717	561	499	374	187	0	234	
374	218	390	530	702	608	608	546	390	234	0	
V1
0	132	124	132	179	117	132	140	140	179	187	
132	0	78	156	249	234	265	257	218	187	109	
124	78	0	78	179	195	241	273	257	249	195	
132	156	78	0	101	140	210	265	280	304	265	
179	249	179	101	0	101	187	257	312	358	351	
117	234	195	140	101	0	78	156	210	280	304	
132	265	241	210	187	78	0	85	163	249	304	
140	257	273	265	257	156	85	0	93	187	273	
140	218	257	280	312	210	163	93	0	93	195	
179	187	249	304	358	280	249	187	93	0	117	
187	109	195	265	351	304	304	273	195	117	0	
V2
0	163	153	163	220	144	163	172	172	220	230	
163	0	96	192	307	288	326	316	268	230	134	
153	96	0	96	220	240	297	336	316	307	240	
163	192	96	0	124	172	259	326	345	374	326	
220	307	220	124	0	124	230	316	384	441	432	
144	288	240	172	124	0	96	192	259	345	374	
163	326	297	259	230	96	0	105	201	307	374	
172	316	336	326	316	192	105	0	115	230	336	
172	268	316	345	384	259	201	115	0	115	240	
220	230	307	374	441	345	307	230	115	0	144	
230	134	240	326	432	374	374	336	240	144	0	
V3
0	244	230	244	331	216	244	259	259	331	345	
244	0	144	288	460	432	489	475	403	345	201	
230	144	0	144	331	360	446	504	475	460	360	
244	288	144	0	187	259	388	489	518	561	489	
331	460	331	187	0	187	345	475	576	662	648	
216	432	360	259	187	0	144	288	388	518	561	
244	489	446	388	345	144	0	158	302	460	561	
259	475	504	489	475	288	158	0	172	345	504	
259	403	475	518	576	388	302	172	0	172	360	
331	345	460	561	662	518	460	345	172	0	216	
345	201	360	489	648	561	561	504	360	216	0	
V4
0	292	275	292	395	258	292	309	309	395	412	
292	0	172	344	550	516	584	567	481	412	240	
275	172	0	172	395	430	533	602	567	550	430	
292	344	172	0	223	309	464	584	619	670	584	
395	550	395	223	0	223	412	567	688	791	774	
258	516	430	309	223	0	172	344	464	619	670	
292	584	533	464	412	172	0	189	361	550	670	
309	567	602	584	567	344	189	0	206	412	602	
309	481	567	619	688	464	361	206	0	206	430	
395	412	550	670	791	619	550	412	206	0	258	
412	240	430	584	774	670	670	602	430	258	0	
Velocidade_Veiculos
1	1	1	1	1	