M: 4
N: 10
Nun_Veiculos: 5
Capacidade_Total: 269
Demanda_Total: 171
Setup_Min: 1
Setup_Max: 99
Raio: 20
Circulos: 1
Tempo_Processamento_Min: 1
Tempo_Processamento_Max: 49
Demanda_Min: 10
Demanda_Max: 30
Priority_Factor: 0.2
Range_Factor_R: 0.8
U_factor: 2
ALpha: 0.2Replicao: 2
Tempos_Processamentos
0	0	1	0	2	0	3	0	
0	16	1	22	2	4	3	2	
0	42	1	14	2	26	3	28	
0	1	1	11	2	1	3	11	
0	19	1	40	2	42	3	25	
0	28	1	29	2	25	3	33	
0	19	1	42	2	1	3	4	
0	12	1	35	2	22	3	19	
0	46	1	4	2	30	3	44	
0	11	1	49	2	1	3	43	
0	12	1	36	2	25	3	8	

Tempos_setup
M0
0	0	0	0	0	0	0	0	0	0	0	
0	0	1	41	24	39	57	28	41	21	22	
0	69	0	62	62	38	85	68	62	76	74	
0	57	26	0	23	4	35	41	19	37	35	
0	46	17	40	0	44	47	18	31	14	12	
0	67	26	72	38	0	47	53	24	46	47	
0	74	5	67	55	43	0	59	67	52	53	
0	56	11	50	27	49	53	0	13	24	25	
0	43	38	48	25	52	40	29	0	22	23	
0	32	16	26	3	30	36	7	20	0	1	
0	34	17	28	5	32	35	6	19	2	0	
M1
0	0	0	0	0	0	0	0	0	0	0	
0	0	16	27	25	34	24	7	39	30	42	
0	13	0	11	38	18	24	20	40	41	26	
0	2	18	0	27	7	13	9	29	30	15	
0	16	32	14	0	11	27	13	33	5	19	
0	5	21	3	20	0	16	2	22	23	8	
0	16	32	14	19	21	0	23	42	24	29	
0	5	21	27	18	28	29	0	32	23	36	
0	4	20	2	29	9	15	11	0	14	17	
0	30	46	28	45	25	41	27	47	0	33	
0	16	25	16	29	23	29	11	14	15	0	
M2
0	0	0	0	0	0	0	0	0	0	0	
0	0	29	14	41	19	31	18	33	30	33	
0	39	0	3	29	9	20	9	22	1	22	
0	37	17	0	29	7	17	6	19	18	19	
0	55	35	18	0	25	35	24	37	25	37	
0	30	10	13	39	0	18	19	18	11	20	
0	44	5	8	34	14	0	14	2	6	2	
0	31	11	14	23	1	19	0	16	12	21	
0	42	3	6	32	12	23	12	0	4	10	
0	39	19	2	31	9	19	8	21	0	21	
0	49	19	13	42	19	30	19	16	11	0	
M3
0	0	0	0	0	0	0	0	0	0	0	
0	0	51	50	32	22	43	24	17	48	36	
0	51	0	21	58	25	19	34	21	52	19	
0	56	33	0	37	4	42	37	44	50	49	
0	43	22	29	0	9	11	1	13	44	13	
0	52	29	28	65	0	43	33	44	46	45	
0	32	23	44	45	39	0	46	2	33	42	
0	59	37	36	39	8	27	0	29	54	12	
0	30	48	51	55	52	66	48	0	31	60	
0	61	17	38	24	33	35	25	37	0	36	
0	68	38	49	63	32	51	24	38	57	0	
Tamanho_Tarefas
0	11	16	5	31	28	4	19	23	26	8	
Data_Entrega
0	51	45	56	40	50	49	43	48	41	53	
Penalidade_Atraso
0	4	6	8	11	9	2	20	6	8	16	
Capacidade_Veiculo
54	72	40	34	69	
Custo_Fixo_Veiculo
540	720	400	340	690	
Coordenadas_Clientes
x	0	y	0
x	23	y	0
x	18	y	13
x	7	y	22
x	-6	y	20
x	-13	y	9
x	-20	y	0
x	-18	y	-13
x	-4	y	-14
x	5	y	-16
x	12	y	-8
Tempo_Viagem
0	23	22	23	20	15	20	22	14	16	14	
23	0	13	27	35	37	43	43	30	23	13	
22	13	0	14	25	31	40	44	34	31	21	
23	27	14	0	13	23	34	43	37	38	30	
20	35	25	13	0	13	24	35	34	36	33	
15	37	31	23	13	0	11	22	24	30	29	
20	43	40	34	24	11	0	13	21	29	32	
22	43	44	43	35	22	13	0	14	23	30	
14	30	34	37	34	24	21	14	0	9	17	
16	23	31	38	36	30	29	23	9	0	10	
14	13	21	30	33	29	32	30	17	10	0	
Custo_Viagem
V0
0	248	237	248	216	162	216	237	151	172	151	
248	0	140	291	378	399	464	464	324	259	140	
237	140	0	151	270	334	432	475	367	334	226	
248	291	151	0	140	248	367	464	399	410	324	
216	378	270	140	0	140	259	378	367	399	356	
162	399	334	248	140	0	118	237	259	324	324	
216	464	432	367	259	118	0	140	226	313	345	
237	464	475	464	378	237	140	0	151	248	324	
151	324	367	399	367	259	226	151	0	97	183	
172	259	334	410	399	324	313	248	97	0	108	
151	140	226	324	356	324	345	324	183	108	0	
V1
0	331	316	331	288	216	288	316	201	230	201	
331	0	187	388	504	532	619	619	432	345	187	
316	187	0	201	360	446	576	633	489	446	302	
331	388	201	0	187	331	489	619	532	547	432	
288	504	360	187	0	187	345	504	489	532	475	
216	532	446	331	187	0	158	316	345	432	432	
288	619	576	489	345	158	0	187	302	417	460	
316	619	633	619	504	316	187	0	201	331	432	
201	432	489	532	489	345	302	201	0	129	244	
230	345	446	547	532	432	417	331	129	0	144	
201	187	302	432	475	432	460	432	244	144	0	
V2
0	184	176	184	160	120	160	176	112	128	112	
184	0	104	216	280	296	344	344	240	192	104	
176	104	0	112	200	248	320	352	272	248	168	
184	216	112	0	104	184	272	344	296	304	240	
160	280	200	104	0	104	192	280	272	296	264	
120	296	248	184	104	0	88	176	192	240	240	
160	344	320	272	192	88	0	104	168	232	256	
176	344	352	344	280	176	104	0	112	184	240	
112	240	272	296	272	192	168	112	0	72	136	
128	192	248	304	296	240	232	184	72	0	80	
112	104	168	240	264	240	256	240	136	80	0	
V3
0	156	149	156	136	102	136	149	95	108	95	
156	0	88	183	238	251	292	292	204	163	88	
149	88	0	95	170	210	272	299	231	210	142	
156	183	95	0	88	156	231	292	251	258	204	
136	238	170	88	0	88	163	238	231	251	224	
102	251	210	156	88	0	74	149	163	204	204	
136	292	272	231	163	74	0	88	142	197	217	
149	292	299	292	238	149	88	0	95	156	204	
95	204	231	251	231	163	142	95	0	61	115	
108	163	210	258	251	204	197	156	61	0	68	
95	88	142	204	224	204	217	204	115	68	0	
V4
0	317	303	317	276	207	276	303	193	220	193	
317	0	179	372	483	510	593	593	414	331	179	
303	179	0	193	345	427	552	607	469	427	289	
317	372	193	0	179	317	469	593	510	524	414	
276	483	345	179	0	179	331	483	469	510	455	
207	510	427	317	179	0	151	303	331	414	414	
276	593	552	469	331	151	0	179	289	400	441	
303	593	607	593	483	303	179	0	193	317	414	
193	414	469	510	469	331	289	193	0	124	234	
220	331	427	524	510	414	400	317	124	0	138	
193	179	289	414	455	414	441	414	234	138	0	
Velocidade_Veiculos
1	1	1	1	1	