M: 4
N: 10
Nun_Veiculos: 3
Capacidade_Total: 160
Demanda_Total: 134
Setup_Min: 1
Setup_Max: 99
Raio: 20
Circulos: 1
Tempo_Processamento_Min: 1
Tempo_Processamento_Max: 49
Demanda_Min: 10
Demanda_Max: 30
Priority_Factor: 0.2
Range_Factor_R: 0.8
U_factor: 2
ALpha: 0.2Replicao: 0
Tempos_Processamentos
0	0	1	0	2	0	3	0	
0	21	1	29	2	25	3	4	
0	9	1	1	2	18	3	9	
0	22	1	17	2	44	3	32	
0	17	1	2	2	1	3	4	
0	11	1	33	2	9	3	16	
0	14	1	16	2	14	3	9	
0	48	1	15	2	29	3	14	
0	33	1	9	2	17	3	49	
0	5	1	44	2	38	3	37	
0	23	1	24	2	14	3	10	

Tempos_setup
M0
0	0	0	0	0	0	0	0	0	0	0	
0	0	30	33	13	4	31	6	31	55	48	
0	16	0	13	28	20	47	22	47	38	64	
0	21	39	0	15	25	40	15	45	25	52	
0	6	36	20	0	10	37	12	37	45	37	
0	47	48	46	41	0	59	34	37	64	62	
0	21	22	13	27	25	0	27	52	33	17	
0	13	24	27	7	17	25	0	30	49	42	
0	30	48	9	24	34	49	24	0	27	61	
0	53	58	52	47	57	39	54	81	0	56	
0	4	34	35	15	8	35	10	35	51	0	
M1
0	0	0	0	0	0	0	0	0	0	0	
0	0	30	10	31	28	26	25	18	27	32	
0	34	0	4	1	17	8	19	12	8	26	
0	30	20	0	21	24	16	15	8	17	22	
0	35	32	36	0	17	23	27	31	7	36	
0	35	23	27	24	0	6	18	31	7	33	
0	29	26	30	27	9	0	21	25	1	39	
0	39	5	9	6	22	13	0	17	13	31	
0	22	12	16	13	16	20	7	0	20	14	
0	28	25	29	26	40	33	20	24	0	38	
0	40	6	10	7	23	14	1	18	14	0	
M2
0	0	0	0	0	0	0	0	0	0	0	
0	0	50	50	34	49	36	33	32	28	38	
0	12	0	30	46	9	20	5	15	11	26	
0	22	52	0	56	41	29	25	24	20	38	
0	30	46	27	0	31	13	15	25	21	32	
0	3	16	21	37	0	15	17	27	23	38	
0	17	34	14	48	18	0	2	12	8	23	
0	15	32	29	48	16	15	0	10	6	21	
0	16	33	19	49	17	5	1	0	7	22	
0	9	37	23	43	21	9	5	4	0	26	
0	21	14	37	41	23	23	8	18	14	0	
M3
0	0	0	0	0	0	0	0	0	0	0	
0	0	5	50	15	11	25	16	23	54	2	
0	46	0	86	55	41	32	35	41	70	48	
0	43	10	0	53	34	32	35	51	75	45	
0	24	2	74	0	25	10	13	43	43	26	
0	39	21	72	19	0	25	28	62	60	41	
0	14	11	64	29	25	0	3	37	68	16	
0	51	8	82	27	35	37	0	49	70	30	
0	20	16	70	14	31	24	27	0	52	13	
0	55	51	47	49	49	41	44	59	0	57	
0	49	3	74	38	25	35	38	44	52	0	
Tamanho_Tarefas
0	7	8	27	3	13	13	18	14	20	11	
Data_Entrega
0	54	44	47	52	41	47	51	50	42	46	
Penalidade_Atraso
0	3	1	19	18	14	4	9	18	20	18	
Capacidade_Veiculo
42	59	59	
Custo_Fixo_Veiculo
420	590	590	
Coordenadas_Clientes
x	0	y	0
x	18	y	0
x	15	y	11
x	7	y	22
x	-4	y	14
x	-13	y	9
x	-17	y	0
x	-13	y	-9
x	-5	y	-16
x	7	y	-23
x	17	y	-12
Tempo_Viagem
0	18	18	23	14	15	17	15	16	24	20	
18	0	11	24	26	32	35	32	28	25	12	
18	11	0	13	19	28	33	33	33	34	23	
23	24	13	0	13	23	32	36	39	45	35	
14	26	19	13	0	10	19	24	30	38	33	
15	32	28	23	10	0	9	18	26	37	35	
17	35	33	32	19	9	0	9	19	32	36	
15	32	33	36	24	18	9	0	10	23	30	
16	28	33	39	30	26	19	10	0	13	22	
24	25	34	45	38	37	32	23	13	0	14	
20	12	23	35	33	35	36	30	22	14	0	
Custo_Viagem
V0
0	151	151	193	117	126	142	126	134	201	168	
151	0	92	201	218	268	294	268	235	210	100	
151	92	0	109	159	235	277	285	277	285	193	
193	201	109	0	109	193	268	302	327	378	294	
117	218	159	109	0	84	159	201	252	319	277	
126	268	235	193	84	0	75	151	218	310	302	
142	294	277	268	159	75	0	75	168	277	302	
126	268	285	302	201	151	75	0	84	201	252	
134	235	277	327	252	218	168	84	0	109	184	
201	210	285	378	319	310	277	201	109	0	117	
168	100	193	294	277	302	302	252	184	117	0	
V1
0	212	212	271	165	177	200	177	188	283	236	
212	0	129	283	306	377	413	377	330	295	141	
212	129	0	153	224	330	389	401	389	401	271	
271	283	153	0	153	271	377	424	460	531	413	
165	306	224	153	0	118	224	283	354	448	389	
177	377	330	271	118	0	106	212	306	436	424	
200	413	389	377	224	106	0	106	236	389	424	
177	377	401	424	283	212	106	0	118	283	354	
188	330	389	460	354	306	236	118	0	153	259	
283	295	401	531	448	436	389	283	153	0	165	
236	141	271	413	389	424	424	354	259	165	0	
V2
0	212	212	271	165	177	200	177	188	283	236	
212	0	129	283	306	377	413	377	330	295	141	
212	129	0	153	224	330	389	401	389	401	271	
271	283	153	0	153	271	377	424	460	531	413	
165	306	224	153	0	118	224	283	354	448	389	
177	377	330	271	118	0	106	212	306	436	424	
200	413	389	377	224	106	0	106	236	389	424	
177	377	401	424	283	212	106	0	118	283	354	
188	330	389	460	354	306	236	118	0	153	259	
283	295	401	531	448	436	389	283	153	0	165	
236	141	271	413	389	424	424	354	259	165	0	
Velocidade_Veiculos
1	1	1	