M: 4
N: 10
Nun_Veiculos: 7
Capacidade_Total: 356
Demanda_Total: 179
Setup_Min: 1
Setup_Max: 9
Raio: 20
Circulos: 1
Tempo_Processamento_Min: 1
Tempo_Processamento_Max: 49
Demanda_Min: 10
Demanda_Max: 30
Priority_Factor: 0.2
Range_Factor_R: 0.8
U_factor: 2
ALpha: 0.2Replicao: 1
Tempos_Processamentos
0	0	1	0	2	0	3	0	
0	21	1	19	2	38	3	36	
0	20	1	40	2	25	3	8	
0	3	1	39	2	46	3	10	
0	49	1	28	2	39	3	28	
0	36	1	34	2	6	3	37	
0	40	1	6	2	4	3	9	
0	5	1	4	2	25	3	45	
0	21	1	20	2	11	3	12	
0	35	1	26	2	4	3	35	
0	35	1	17	2	29	3	47	

Tempos_setup
M0
0	0	0	0	0	0	0	0	0	0	0	
0	0	3	1	3	4	2	4	3	2	3	
0	6	0	2	4	5	4	1	2	3	4	
0	4	2	0	2	3	5	3	3	1	2	
0	5	3	5	0	4	5	4	3	2	3	
0	5	3	1	3	0	4	4	3	2	3	
0	2	2	3	5	4	0	3	1	4	5	
0	6	3	5	5	5	7	0	5	3	4	
0	6	6	4	6	7	5	7	0	5	6	
0	3	1	3	2	2	4	2	2	0	1	
0	2	2	3	1	2	3	3	1	1	0	
M1
0	0	0	0	0	0	0	0	0	0	0	
0	0	5	5	6	5	5	4	4	4	5	
0	3	0	4	3	1	2	3	5	4	1	
0	3	1	0	4	1	3	3	3	5	2	
0	2	2	6	0	3	3	5	5	5	3	
0	2	1	4	3	0	2	2	6	4	2	
0	3	3	5	1	3	0	3	6	2	4	
0	3	2	4	3	3	2	0	4	4	1	
0	3	1	4	4	1	3	3	0	5	2	
0	2	2	3	4	3	3	1	5	0	2	
0	2	1	3	4	2	3	4	6	5	0	
M2
0	0	0	0	0	0	0	0	0	0	0	
0	0	4	2	3	3	1	6	6	2	2	
0	8	0	7	7	6	6	6	5	4	4	
0	6	3	0	4	1	3	5	4	7	4	
0	3	4	4	0	2	1	6	4	5	3	
0	7	2	2	4	0	2	4	6	6	6	
0	5	4	4	2	2	0	6	6	7	5	
0	6	1	4	3	5	4	0	6	5	4	
0	3	3	3	2	1	3	5	0	5	2	
0	7	2	4	6	5	4	6	6	0	6	
0	7	3	6	4	4	2	6	7	3	0	
M3
0	0	0	0	0	0	0	0	0	0	0	
0	0	2	4	4	1	3	4	5	5	3	
0	1	0	2	2	2	1	2	3	3	1	
0	2	4	0	4	3	3	1	1	2	5	
0	4	3	5	0	1	4	4	3	2	3	
0	5	6	5	3	0	4	4	4	5	2	
0	2	4	2	3	2	0	1	2	2	4	
0	1	3	5	3	2	3	0	5	1	4	
0	5	7	4	5	4	5	5	0	6	5	
0	5	4	6	6	6	5	6	4	0	5	
0	3	4	4	1	2	2	2	4	3	0	
Tamanho_Tarefas
0	23	11	7	34	16	7	9	16	25	31	
Data_Entrega
0	59	45	45	45	42	57	53	47	45	48	
Penalidade_Atraso
0	4	5	13	15	19	14	12	19	3	17	
Capacidade_Veiculo
46	50	76	52	50	42	40	
Custo_Fixo_Veiculo
460	500	760	520	500	420	400	
Coordenadas_Clientes
x	0	y	0
x	23	y	0
x	12	y	9
x	5	y	16
x	-7	y	23
x	-18	y	13
x	-18	y	0
x	-16	y	-12
x	-7	y	-22
x	5	y	-16
x	19	y	-13
Tempo_Viagem
0	23	15	16	24	22	18	20	23	16	23	
23	0	14	23	36	43	41	40	37	24	13	
15	14	0	9	22	30	31	35	36	25	23	
16	23	9	0	13	23	28	35	39	32	32	
24	36	22	13	0	14	25	36	45	40	44	
22	43	30	23	14	0	13	25	36	37	45	
18	41	31	28	25	13	0	12	24	28	39	
20	40	35	35	36	25	12	0	13	21	35	
23	37	36	39	45	36	24	13	0	13	27	
16	24	25	32	40	37	28	21	13	0	14	
23	13	23	32	44	45	39	35	27	14	0	
Custo_Viagem
V0
0	211	138	147	220	202	165	184	211	147	211	
211	0	128	220	340	395	377	368	340	220	119	
138	128	0	82	211	276	285	322	331	230	211	
147	220	82	0	119	211	257	322	358	294	294	
220	340	211	119	0	128	230	331	414	368	404	
202	395	276	211	128	0	119	230	331	340	414	
165	377	285	257	230	119	0	110	220	257	358	
184	368	322	322	331	230	110	0	119	193	322	
211	340	331	358	414	331	220	119	0	119	248	
147	220	230	294	368	340	257	193	119	0	128	
211	119	211	294	404	414	358	322	248	128	0	
V1
0	230	150	160	240	220	180	200	230	160	230	
230	0	140	240	370	430	410	400	370	240	130	
150	140	0	90	230	300	310	350	360	250	230	
160	240	90	0	130	230	280	350	390	320	320	
240	370	230	130	0	140	250	360	450	400	440	
220	430	300	230	140	0	130	250	360	370	450	
180	410	310	280	250	130	0	120	240	280	390	
200	400	350	350	360	250	120	0	130	210	350	
230	370	360	390	450	360	240	130	0	130	270	
160	240	250	320	400	370	280	210	130	0	140	
230	130	230	320	440	450	390	350	270	140	0	
V2
0	349	228	243	364	334	273	304	349	243	349	
349	0	212	364	562	653	623	608	562	364	197	
228	212	0	136	349	456	471	532	547	380	349	
243	364	136	0	197	349	425	532	592	486	486	
364	562	349	197	0	212	380	547	684	608	668	
334	653	456	349	212	0	197	380	547	562	684	
273	623	471	425	380	197	0	182	364	425	592	
304	608	532	532	547	380	182	0	197	319	532	
349	562	547	592	684	547	364	197	0	197	410	
243	364	380	486	608	562	425	319	197	0	212	
349	197	349	486	668	684	592	532	410	212	0	
V3
0	239	156	166	249	228	187	208	239	166	239	
239	0	145	249	384	447	426	416	384	249	135	
156	145	0	93	239	312	322	364	374	260	239	
166	249	93	0	135	239	291	364	405	332	332	
249	384	239	135	0	145	260	374	468	416	457	
228	447	312	239	145	0	135	260	374	384	468	
187	426	322	291	260	135	0	124	249	291	405	
208	416	364	364	374	260	124	0	135	218	364	
239	384	374	405	468	374	249	135	0	135	280	
166	249	260	332	416	384	291	218	135	0	145	
239	135	239	332	457	468	405	364	280	145	0	
V4
0	230	150	160	240	220	180	200	230	160	230	
230	0	140	240	370	430	410	400	370	240	130	
150	140	0	90	230	300	310	350	360	250	230	
160	240	90	0	130	230	280	350	390	320	320	
240	370	230	130	0	140	250	360	450	400	440	
220	430	300	230	140	0	130	250	360	370	450	
180	410	310	280	250	130	0	120	240	280	390	
200	400	350	350	360	250	120	0	130	210	350	
230	370	360	390	450	360	240	130	0	130	270	
160	240	250	320	400	370	280	210	130	0	140	
230	130	230	320	440	450	390	350	270	140	0	
V5
0	193	126	134	201	184	151	168	193	134	193	
193	0	117	201	310	361	344	336	310	201	109	
126	117	0	75	193	252	260	294	302	210	193	
134	201	75	0	109	193	235	294	327	268	268	
201	310	193	109	0	117	210	302	378	336	369	
184	361	252	193	117	0	109	210	302	310	378	
151	344	260	235	210	109	0	100	201	235	327	
168	336	294	294	302	210	100	0	109	176	294	
193	310	302	327	378	302	201	109	0	109	226	
134	201	210	268	336	310	235	176	109	0	117	
193	109	193	268	369	378	327	294	226	117	0	
V6
0	184	120	128	192	176	144	160	184	128	184	
184	0	112	192	296	344	328	320	296	192	104	
120	112	0	72	184	240	248	280	288	200	184	
128	192	72	0	104	184	224	280	312	256	256	
192	296	184	104	0	112	200	288	360	320	352	
176	344	240	184	112	0	104	200	288	296	360	
144	328	248	224	200	104	0	96	192	224	312	
160	320	280	280	288	200	96	0	104	168	280	
184	296	288	312	360	288	192	104	0	104	216	
128	192	200	256	320	296	224	168	104	0	112	
184	104	184	256	352	360	312	280	216	112	0	
Velocidade_Veiculos
1	1	1	1	1	1	1	