M: 4
N: 10
Nun_Veiculos: 3
Capacidade_Total: 203
Demanda_Total: 167
Setup_Min: 1
Setup_Max: 9
Raio: 20
Circulos: 1
Tempo_Processamento_Min: 1
Tempo_Processamento_Max: 49
Demanda_Min: 10
Demanda_Max: 30
Priority_Factor: 0.2
Range_Factor_R: 0.8
U_factor: 2
ALpha: 0.2Replicao: 2
Tempos_Processamentos
0	0	1	0	2	0	3	0	
0	20	1	48	2	28	3	21	
0	21	1	21	2	13	3	23	
0	6	1	4	2	16	3	38	
0	7	1	7	2	36	3	8	
0	37	1	31	2	47	3	31	
0	39	1	6	2	25	3	7	
0	45	1	8	2	24	3	24	
0	18	1	26	2	27	3	33	
0	49	1	5	2	47	3	16	
0	40	1	15	2	24	3	23	

Tempos_setup
M0
0	0	0	0	0	0	0	0	0	0	0	
0	0	3	4	2	1	3	3	4	5	7	
0	5	0	1	5	1	6	1	5	2	5	
0	7	2	0	7	1	6	3	7	1	7	
0	6	1	2	0	2	5	2	4	3	6	
0	6	6	5	7	0	5	2	6	6	7	
0	1	1	2	3	2	0	2	1	3	4	
0	4	5	3	6	4	6	0	7	4	5	
0	2	1	2	4	2	1	2	0	3	3	
0	6	1	2	6	2	6	2	6	0	6	
0	1	4	5	3	2	4	4	5	6	0	
M1
0	0	0	0	0	0	0	0	0	0	0	
0	0	3	4	4	3	2	5	4	3	1	
0	1	0	4	4	3	2	4	4	4	2	
0	3	6	0	4	3	5	2	4	4	4	
0	2	4	4	0	2	3	1	3	2	3	
0	3	3	4	1	0	3	2	1	3	1	
0	2	1	2	5	4	0	4	5	5	3	
0	1	4	3	2	1	3	0	2	4	2	
0	3	2	5	5	4	3	6	0	2	4	
0	3	2	3	3	2	1	4	1	0	3	
0	4	3	4	6	5	2	5	4	3	0	
M2
0	0	0	0	0	0	0	0	0	0	0	
0	0	4	4	4	4	5	1	3	3	5	
0	3	0	5	5	3	1	1	5	4	2	
0	1	3	0	4	1	2	2	4	3	5	
0	5	2	7	0	5	3	3	4	2	4	
0	5	6	6	7	0	5	2	5	6	4	
0	5	6	7	4	2	0	4	5	3	4	
0	3	6	6	6	5	6	0	4	5	8	
0	5	2	7	4	1	2	3	0	5	4	
0	4	3	8	1	3	4	4	2	0	5	
0	1	5	5	3	2	1	2	4	2	0	
M3
0	0	0	0	0	0	0	0	0	0	0	
0	0	4	4	2	2	4	2	6	3	3	
0	3	0	4	4	5	2	3	5	2	6	
0	5	2	0	4	6	3	4	5	4	2	
0	4	2	2	0	6	3	4	6	4	4	
0	6	6	4	5	0	4	5	5	5	3	
0	3	4	4	2	3	0	1	3	2	4	
0	4	3	3	1	4	4	0	4	5	3	
0	4	6	7	6	6	4	5	0	3	7	
0	1	5	5	3	3	5	3	7	0	4	
0	3	4	4	2	4	1	2	4	2	0	
Tamanho_Tarefas
0	21	15	10	11	34	6	13	20	12	25	
Data_Entrega
0	68	58	43	63	45	46	54	54	63	57	
Penalidade_Atraso
0	1	16	5	2	9	16	2	15	4	17	
Capacidade_Veiculo
54	83	66	
Custo_Fixo_Veiculo
540	830	660	
Coordenadas_Clientes
x	0	y	0
x	18	y	0
x	14	y	10
x	6	y	18
x	-6	y	19
x	-16	y	12
x	-19	y	0
x	-17	y	-12
x	-5	y	-18
x	6	y	-21
x	16	y	-11
Tempo_Viagem
0	18	17	18	19	20	19	20	18	21	19	
18	0	10	21	30	36	37	37	29	24	11	
17	10	0	11	21	30	34	37	33	32	21	
18	21	11	0	12	22	30	37	36	39	30	
19	30	21	12	0	12	23	32	37	40	37	
20	36	30	22	12	0	12	24	31	39	39	
19	37	34	30	23	12	0	12	22	32	36	
20	37	37	37	32	24	12	0	13	24	33	
18	29	33	36	37	31	22	13	0	11	22	
21	24	32	39	40	39	32	24	11	0	14	
19	11	21	30	37	39	36	33	22	14	0	
Custo_Viagem
V0
0	194	183	194	205	216	205	216	194	226	205	
194	0	108	226	324	388	399	399	313	259	118	
183	108	0	118	226	324	367	410	356	345	226	
194	226	118	0	129	237	324	399	399	421	324	
205	324	226	129	0	129	248	345	399	442	399	
216	388	324	237	129	0	129	259	334	421	421	
205	399	367	324	248	129	0	129	237	345	388	
216	399	410	399	345	259	129	0	140	259	356	
194	313	356	399	399	334	237	140	0	118	237	
226	259	345	421	442	421	345	259	118	0	151	
205	118	226	324	399	421	388	356	237	151	0	
V1
0	298	282	298	315	332	315	332	298	348	315	
298	0	166	348	498	597	614	614	481	398	182	
282	166	0	182	348	498	564	630	547	531	348	
298	348	182	0	199	365	498	614	614	647	498	
315	498	348	199	0	199	381	531	614	680	614	
332	597	498	365	199	0	199	398	514	647	647	
315	614	564	498	381	199	0	199	365	531	597	
332	614	630	614	531	398	199	0	215	398	547	
298	481	547	614	614	514	365	215	0	182	365	
348	398	531	647	680	647	531	398	182	0	232	
315	182	348	498	614	647	597	547	365	232	0	
V2
0	237	224	237	250	264	250	264	237	277	250	
237	0	132	277	396	475	488	488	382	316	145	
224	132	0	145	277	396	448	501	435	422	277	
237	277	145	0	158	290	396	488	488	514	396	
250	396	277	158	0	158	303	422	488	541	488	
264	475	396	290	158	0	158	316	409	514	514	
250	488	448	396	303	158	0	158	290	422	475	
264	488	501	488	422	316	158	0	171	316	435	
237	382	435	488	488	409	290	171	0	145	290	
277	316	422	514	541	514	422	316	145	0	184	
250	145	277	396	488	514	475	435	290	184	0	
Velocidade_Veiculos
1	1	1	