M: 4
N: 10
Nun_Veiculos: 4
Capacidade_Total: 245
Demanda_Total: 177
Setup_Min: 1
Setup_Max: 99
Raio: 20
Circulos: 1
Tempo_Processamento_Min: 1
Tempo_Processamento_Max: 49
Demanda_Min: 10
Demanda_Max: 30
Priority_Factor: 0.2
Range_Factor_R: 0.8
U_factor: 2
ALpha: 0.2Replicao: 4
Tempos_Processamentos
0	0	1	0	2	0	3	0	
0	17	1	9	2	46	3	43	
0	7	1	6	2	41	3	48	
0	2	1	34	2	47	3	25	
0	20	1	22	2	6	3	31	
0	44	1	9	2	8	3	25	
0	38	1	48	2	31	3	8	
0	28	1	34	2	31	3	35	
0	35	1	30	2	31	3	7	
0	30	1	44	2	36	3	49	
0	12	1	2	2	43	3	3	

Tempos_setup
M0
0	0	0	0	0	0	0	0	0	0	0	
0	0	33	1	42	28	12	47	29	18	20	
0	11	0	12	53	29	1	27	4	20	15	
0	22	32	0	62	36	11	52	36	17	42	
0	18	14	19	0	29	15	27	4	27	22	
0	22	11	23	63	0	12	24	1	31	26	
0	44	33	37	80	62	0	60	37	53	48	
0	58	51	59	66	40	52	0	41	26	66	
0	21	10	22	62	25	11	23	0	30	25	
0	41	30	42	45	19	31	43	20	0	45	
0	30	25	31	50	24	26	30	25	5	0	
M1
0	0	0	0	0	0	0	0	0	0	0	
0	0	33	32	26	54	16	33	13	34	28	
0	5	0	13	9	35	21	14	11	1	9	
0	17	12	0	12	22	33	1	20	4	4	
0	23	18	6	0	28	39	7	26	10	10	
0	1	21	22	16	0	17	23	3	22	26	
0	35	30	29	23	41	0	30	19	18	12	
0	17	21	17	11	39	33	0	19	3	11	
0	25	20	19	13	41	23	20	0	21	23	
0	31	26	14	8	36	46	15	34	0	8	
0	30	29	17	11	29	46	18	32	6	0	
M2
0	0	0	0	0	0	0	0	0	0	0	
0	0	7	26	12	17	31	26	6	25	13	
0	24	0	20	28	29	24	19	22	19	29	
0	23	21	0	26	17	36	40	20	21	27	
0	30	9	21	0	5	33	28	8	26	15	
0	25	4	16	9	0	28	23	3	22	10	
0	22	9	21	14	5	0	28	8	27	15	
0	25	4	23	9	14	28	0	3	22	10	
0	22	1	20	6	11	25	20	0	19	7	
0	24	9	1	27	18	15	28	21	0	28	
0	32	8	28	36	28	23	27	30	27	0	
M3
0	0	0	0	0	0	0	0	0	0	0	
0	0	21	32	28	16	23	21	34	39	10	
0	40	0	11	16	4	11	9	22	18	14	
0	49	14	0	25	18	25	23	36	32	3	
0	24	7	18	0	11	15	16	29	25	21	
0	36	19	18	12	0	7	5	18	29	16	
0	29	12	20	5	16	0	21	34	30	9	
0	31	14	13	7	18	2	0	36	32	11	
0	49	32	31	25	13	20	18	0	11	29	
0	38	21	20	14	2	9	7	20	0	18	
0	51	11	22	27	15	22	20	33	29	0	
Tamanho_Tarefas
0	22	6	21	19	18	9	30	12	34	6	
Data_Entrega
0	60	52	45	64	57	46	53	46	60	62	
Penalidade_Atraso
0	16	4	20	2	13	14	17	8	20	4	
Capacidade_Veiculo
55	54	56	80	
Custo_Fixo_Veiculo
550	540	560	800	
Coordenadas_Clientes
x	0	y	0
x	23	y	0
x	16	y	11
x	7	y	23
x	-7	y	22
x	-19	y	14
x	-19	y	0
x	-18	y	-13
x	-5	y	-16
x	5	y	-15
x	16	y	-12
Tempo_Viagem
0	23	19	24	23	23	19	22	16	15	20	
23	0	13	28	37	44	42	43	32	23	13	
19	13	0	15	25	35	36	41	34	28	23	
24	28	15	0	14	27	34	43	40	38	36	
23	37	25	14	0	14	25	36	38	38	41	
23	44	35	27	14	0	14	27	33	37	43	
19	42	36	34	25	14	0	13	21	28	37	
22	43	41	43	36	27	13	0	13	23	34	
16	32	34	40	38	33	21	13	0	10	21	
15	23	28	38	38	37	28	23	10	0	11	
20	13	23	36	41	43	37	34	21	11	0	
Custo_Viagem
V0
0	253	209	264	253	253	209	242	176	165	220	
253	0	143	308	407	484	462	473	352	253	143	
209	143	0	165	275	385	396	451	374	308	253	
264	308	165	0	154	297	374	473	440	418	396	
253	407	275	154	0	154	275	396	418	418	451	
253	484	385	297	154	0	154	297	363	407	473	
209	462	396	374	275	154	0	143	231	308	407	
242	473	451	473	396	297	143	0	143	253	374	
176	352	374	440	418	363	231	143	0	110	231	
165	253	308	418	418	407	308	253	110	0	121	
220	143	253	396	451	473	407	374	231	121	0	
V1
0	248	205	259	248	248	205	237	172	162	216	
248	0	140	302	399	475	453	464	345	248	140	
205	140	0	162	270	378	388	442	367	302	248	
259	302	162	0	151	291	367	464	432	410	388	
248	399	270	151	0	151	270	388	410	410	442	
248	475	378	291	151	0	151	291	356	399	464	
205	453	388	367	270	151	0	140	226	302	399	
237	464	442	464	388	291	140	0	140	248	367	
172	345	367	432	410	356	226	140	0	108	226	
162	248	302	410	410	399	302	248	108	0	118	
216	140	248	388	442	464	399	367	226	118	0	
V2
0	257	212	268	257	257	212	246	179	168	224	
257	0	145	313	414	492	470	481	358	257	145	
212	145	0	168	280	392	403	459	380	313	257	
268	313	168	0	156	302	380	481	448	425	403	
257	414	280	156	0	156	280	403	425	425	459	
257	492	392	302	156	0	156	302	369	414	481	
212	470	403	380	280	156	0	145	235	313	414	
246	481	459	481	403	302	145	0	145	257	380	
179	358	380	448	425	369	235	145	0	112	235	
168	257	313	425	425	414	313	257	112	0	123	
224	145	257	403	459	481	414	380	235	123	0	
V3
0	368	304	384	368	368	304	352	256	240	320	
368	0	208	448	592	704	672	688	512	368	208	
304	208	0	240	400	560	576	656	544	448	368	
384	448	240	0	224	432	544	688	640	608	576	
368	592	400	224	0	224	400	576	608	608	656	
368	704	560	432	224	0	224	432	528	592	688	
304	672	576	544	400	224	0	208	336	448	592	
352	688	656	688	576	432	208	0	208	368	544	
256	512	544	640	608	528	336	208	0	160	336	
240	368	448	608	608	592	448	368	160	0	176	
320	208	368	576	656	688	592	544	336	176	0	
Velocidade_Veiculos
1	1	1	1	