M: 4
N: 10
Nun_Veiculos: 4
Capacidade_Total: 255
Demanda_Total: 180
Setup_Min: 1
Setup_Max: 99
Raio: 20
Circulos: 1
Tempo_Processamento_Min: 1
Tempo_Processamento_Max: 49
Demanda_Min: 10
Demanda_Max: 30
Priority_Factor: 0.2
Range_Factor_R: 0.8
U_factor: 2
ALpha: 0.2Replicao: 3
Tempos_Processamentos
0	0	1	0	2	0	3	0	
0	47	1	16	2	5	3	40	
0	28	1	46	2	35	3	47	
0	1	1	5	2	25	3	24	
0	20	1	27	2	32	3	37	
0	25	1	48	2	32	3	42	
0	7	1	30	2	22	3	16	
0	7	1	4	2	1	3	2	
0	32	1	49	2	26	3	44	
0	9	1	4	2	28	3	45	
0	10	1	29	2	13	3	42	

Tempos_setup
M0
0	0	0	0	0	0	0	0	0	0	0	
0	0	32	28	24	23	37	37	16	11	1	
0	20	0	48	27	26	40	53	36	14	21	
0	39	54	0	46	45	59	38	55	33	40	
0	22	45	39	0	36	34	59	27	29	12	
0	19	9	36	1	0	35	27	28	23	13	
0	14	32	42	32	37	0	46	30	25	15	
0	26	32	9	33	32	46	0	18	20	3	
0	8	23	14	15	14	28	41	0	2	9	
0	6	21	34	13	12	26	39	22	0	7	
0	23	38	27	30	29	43	56	15	17	0	
M1
0	0	0	0	0	0	0	0	0	0	0	
0	0	11	10	29	9	30	17	20	6	20	
0	32	0	28	47	27	48	44	38	24	9	
0	39	36	0	54	34	55	51	45	31	45	
0	34	31	20	0	17	38	46	40	26	11	
0	28	33	3	51	0	21	45	42	28	38	
0	15	12	11	30	10	0	27	21	7	21	
0	46	43	42	61	41	62	0	52	38	52	
0	14	25	24	43	23	44	31	0	20	34	
0	8	5	4	23	3	24	20	14	0	14	
0	23	20	19	38	18	39	35	29	15	0	
M2
0	0	0	0	0	0	0	0	0	0	0	
0	0	38	41	15	2	32	59	23	60	35	
0	23	0	14	19	22	11	38	18	72	14	
0	9	22	0	8	11	33	24	7	61	36	
0	30	23	37	0	3	26	44	8	53	29	
0	43	36	50	13	0	39	57	21	66	42	
0	29	22	36	8	11	0	43	7	61	3	
0	35	12	26	31	34	23	0	30	38	26	
0	22	15	29	1	4	26	36	0	54	29	
0	34	27	41	13	16	5	48	12	0	8	
0	26	19	33	5	8	30	40	4	58	0	
M3
0	0	0	0	0	0	0	0	0	0	0	
0	0	36	31	42	43	42	37	9	34	30	
0	30	0	33	44	30	44	39	11	44	44	
0	39	39	0	46	43	38	63	48	27	30	
0	32	13	35	0	7	2	52	24	25	21	
0	25	21	28	21	0	23	60	32	18	14	
0	40	21	40	8	15	0	60	32	33	29	
0	14	39	45	39	33	31	0	23	20	23	
0	19	27	22	33	40	33	28	0	33	36	
0	12	19	43	19	16	11	49	21	0	3	
0	16	21	41	23	13	15	53	25	4	0	
Tamanho_Tarefas
0	16	31	8	21	34	9	3	33	9	16	
Data_Entrega
0	53	72	71	70	65	54	51	59	53	46	
Penalidade_Atraso
0	8	4	4	18	20	18	3	12	18	5	
Capacidade_Veiculo
52	77	86	40	
Custo_Fixo_Veiculo
520	770	860	400	
Coordenadas_Clientes
x	0	y	0
x	16	y	0
x	15	y	10
x	6	y	19
x	-6	y	18
x	-16	y	11
x	-19	y	0
x	-16	y	-11
x	-7	y	-22
x	5	y	-18
x	15	y	-11
Tempo_Viagem
0	16	18	19	18	19	19	19	23	18	18	
16	0	10	21	28	33	35	33	31	21	11	
18	10	0	12	22	31	35	37	38	29	21	
19	21	12	0	12	23	31	37	42	37	31	
18	28	22	12	0	12	22	30	40	36	35	
19	33	31	23	12	0	11	22	34	35	37	
19	35	35	31	22	11	0	11	25	30	35	
19	33	37	37	30	22	11	0	14	22	31	
23	31	38	42	40	34	25	14	0	12	24	
18	21	29	37	36	35	30	22	12	0	12	
18	11	21	31	35	37	35	31	24	12	0	
Custo_Viagem
V0
0	166	187	197	187	197	197	197	239	187	187	
166	0	104	218	291	343	364	343	322	218	114	
187	104	0	124	228	322	364	384	395	301	218	
197	218	124	0	124	239	322	384	447	384	322	
187	291	228	124	0	124	228	312	416	384	364	
197	343	322	239	124	0	114	228	353	364	395	
197	364	364	322	228	114	0	114	260	312	364	
197	343	384	384	312	228	114	0	145	228	322	
239	322	395	447	416	353	260	145	0	124	249	
187	218	301	384	384	364	312	228	124	0	124	
187	114	218	322	364	395	364	322	249	124	0	
V1
0	246	277	292	277	292	292	292	354	277	277	
246	0	154	323	431	508	539	508	477	323	169	
277	154	0	184	338	477	539	569	585	446	323	
292	323	184	0	184	354	477	569	662	569	477	
277	431	338	184	0	184	338	462	616	569	539	
292	508	477	354	184	0	169	338	523	539	585	
292	539	539	477	338	169	0	169	385	462	539	
292	508	569	569	462	338	169	0	215	338	477	
354	477	585	662	616	523	385	215	0	184	369	
277	323	446	569	569	539	462	338	184	0	184	
277	169	323	477	539	585	539	477	369	184	0	
V2
0	275	309	326	309	326	326	326	395	309	309	
275	0	172	361	481	567	602	567	533	361	189	
309	172	0	206	378	533	602	636	653	498	361	
326	361	206	0	206	395	533	636	739	636	533	
309	481	378	206	0	206	378	516	688	636	602	
326	567	533	395	206	0	189	378	584	602	653	
326	602	602	533	378	189	0	189	430	516	602	
326	567	636	636	516	378	189	0	240	378	533	
395	533	653	739	688	584	430	240	0	206	412	
309	361	498	636	636	602	516	378	206	0	206	
309	189	361	533	602	653	602	533	412	206	0	
V3
0	128	144	152	144	152	152	152	184	144	144	
128	0	80	168	224	264	280	264	248	168	88	
144	80	0	96	176	248	280	296	304	232	168	
152	168	96	0	96	184	248	296	344	296	248	
144	224	176	96	0	96	176	240	320	296	280	
152	264	248	184	96	0	88	176	272	280	304	
152	280	280	248	176	88	0	88	200	240	280	
152	264	296	296	240	176	88	0	112	176	248	
184	248	304	344	320	272	200	112	0	96	192	
144	168	232	296	296	280	240	176	96	0	96	
144	88	168	248	280	304	280	248	192	96	0	
Velocidade_Veiculos
1	1	1	1	