M: 4
N: 10
Nun_Veiculos: 4
Capacidade_Total: 251
Demanda_Total: 183
Setup_Min: 1
Setup_Max: 9
Raio: 20
Circulos: 1
Tempo_Processamento_Min: 1
Tempo_Processamento_Max: 49
Demanda_Min: 10
Demanda_Max: 30
Priority_Factor: 0.2
Range_Factor_R: 0.8
U_factor: 2
ALpha: 0.2Replicao: 0
Tempos_Processamentos
0	0	1	0	2	0	3	0	
0	5	1	18	2	30	3	4	
0	44	1	21	2	32	3	9	
0	33	1	36	2	10	3	29	
0	15	1	9	2	7	3	36	
0	32	1	46	2	11	3	25	
0	23	1	43	2	34	3	44	
0	37	1	38	2	13	3	2	
0	43	1	28	2	9	3	8	
0	31	1	46	2	11	3	45	
0	40	1	48	2	19	3	24	

Tempos_setup
M0
0	0	0	0	0	0	0	0	0	0	0	
0	0	1	5	6	3	2	3	5	7	1	
0	6	0	4	5	5	5	5	6	7	7	
0	3	3	0	1	5	1	3	2	5	4	
0	5	4	5	0	4	3	2	3	4	5	
0	5	3	5	3	0	3	3	2	6	5	
0	2	3	7	7	5	0	5	5	7	3	
0	3	3	7	4	2	1	0	4	8	4	
0	4	1	3	2	3	2	1	0	6	3	
0	3	1	5	4	2	1	3	2	0	4	
0	5	4	7	5	2	3	2	4	6	0	
M1
0	0	0	0	0	0	0	0	0	0	0	
0	0	2	1	1	4	3	3	5	2	3	
0	1	0	2	2	2	3	4	4	2	1	
0	6	6	0	5	4	5	3	6	4	4	
0	2	1	2	0	3	4	4	4	3	2	
0	3	2	3	1	0	2	3	2	4	3	
0	5	5	5	4	5	0	5	4	3	2	
0	3	3	4	2	1	3	0	3	2	2	
0	3	2	4	2	4	4	4	0	3	3	
0	5	4	2	3	2	1	5	4	0	2	
0	3	4	3	4	3	2	3	5	1	0	
M2
0	0	0	0	0	0	0	0	0	0	0	
0	0	2	3	2	3	4	4	4	5	4	
0	1	0	1	3	3	2	4	4	3	2	
0	3	4	0	3	3	1	3	4	2	2	
0	2	1	2	0	1	3	5	5	4	3	
0	2	4	5	4	0	6	5	5	7	3	
0	4	3	3	2	3	0	3	3	1	4	
0	2	4	2	4	2	3	0	6	4	1	
0	2	3	4	2	3	5	6	0	6	5	
0	3	2	3	1	2	3	6	6	0	4	
0	1	3	4	3	1	4	2	5	5	0	
M3
0	0	0	0	0	0	0	0	0	0	0	
0	0	3	3	2	4	3	1	4	6	3	
0	2	0	2	4	2	3	3	3	4	2	
0	3	3	0	4	1	5	3	1	3	5	
0	3	1	2	0	3	4	4	3	5	3	
0	2	3	5	4	0	4	3	5	2	5	
0	2	3	4	2	5	0	1	4	4	3	
0	4	2	3	1	4	3	0	3	6	2	
0	4	2	2	3	3	5	5	0	5	4	
0	1	1	3	3	1	4	2	4	0	3	
0	3	1	3	3	3	1	2	4	4	0	
Tamanho_Tarefas
0	13	22	18	15	23	26	19	8	12	27	
Data_Entrega
0	45	58	53	63	42	43	57	42	56	44	
Penalidade_Atraso
0	18	6	12	18	19	5	9	15	16	6	
Capacidade_Veiculo
56	79	64	52	
Custo_Fixo_Veiculo
560	790	640	520	
Coordenadas_Clientes
x	0	y	0
x	23	y	0
x	12	y	9
x	7	y	23
x	-7	y	22
x	-19	y	14
x	-17	y	0
x	-12	y	-8
x	-6	y	-19
x	7	y	-22
x	15	y	-10
Tempo_Viagem
0	23	15	24	23	23	17	14	19	23	18	
23	0	14	28	37	44	40	35	34	26	12	
15	14	0	14	23	31	30	29	33	31	19	
24	28	14	0	14	27	33	36	43	45	33	
23	37	23	14	0	14	24	30	41	46	38	
23	44	31	27	14	0	14	23	35	44	41	
17	40	30	33	24	14	0	9	21	32	33	
14	35	29	36	30	23	9	0	12	23	27	
19	34	33	43	41	35	21	12	0	13	22	
23	26	31	45	46	44	32	23	13	0	14	
18	12	19	33	38	41	33	27	22	14	0	
Custo_Viagem
V0
0	257	168	268	257	257	190	156	212	257	201	
257	0	156	313	414	492	448	392	380	302	134	
168	156	0	156	257	347	336	324	369	347	212	
268	313	156	0	156	302	369	403	481	504	369	
257	414	257	156	0	156	268	336	459	515	425	
257	492	347	302	156	0	156	257	392	492	459	
190	448	336	369	268	156	0	100	235	358	369	
156	392	324	403	336	257	100	0	134	257	302	
212	380	369	481	459	392	235	134	0	145	246	
257	302	347	504	515	492	358	257	145	0	156	
201	134	212	369	425	459	369	302	246	156	0	
V1
0	363	237	379	363	363	268	221	300	363	284	
363	0	221	442	584	695	632	553	537	426	189	
237	221	0	221	363	489	474	458	521	489	300	
379	442	221	0	221	426	521	568	679	711	521	
363	584	363	221	0	221	379	474	647	726	600	
363	695	489	426	221	0	221	363	553	695	647	
268	632	474	521	379	221	0	142	331	505	521	
221	553	458	568	474	363	142	0	189	363	426	
300	537	521	679	647	553	331	189	0	205	347	
363	426	489	711	726	695	505	363	205	0	221	
284	189	300	521	600	647	521	426	347	221	0	
V2
0	294	192	307	294	294	217	179	243	294	230	
294	0	179	358	473	563	512	448	435	345	153	
192	179	0	179	294	396	384	371	422	396	243	
307	358	179	0	179	345	422	460	550	576	422	
294	473	294	179	0	179	307	384	524	588	486	
294	563	396	345	179	0	179	294	448	563	524	
217	512	384	422	307	179	0	115	268	409	422	
179	448	371	460	384	294	115	0	153	294	345	
243	435	422	550	524	448	268	153	0	166	281	
294	345	396	576	588	563	409	294	166	0	179	
230	153	243	422	486	524	422	345	281	179	0	
V3
0	239	156	249	239	239	176	145	197	239	187	
239	0	145	291	384	457	416	364	353	280	124	
156	145	0	145	239	322	312	301	343	322	197	
249	291	145	0	145	280	343	374	447	468	343	
239	384	239	145	0	145	249	312	426	478	395	
239	457	322	280	145	0	145	239	364	457	426	
176	416	312	343	249	145	0	93	218	332	343	
145	364	301	374	312	239	93	0	124	239	280	
197	353	343	447	426	364	218	124	0	135	228	
239	280	322	468	478	457	332	239	135	0	145	
187	124	197	343	395	426	343	280	228	145	0	
Velocidade_Veiculos
1	1	1	1	