M: 4
N: 10
Nun_Veiculos: 6
Capacidade_Total: 262
Demanda_Total: 131
Setup_Min: 1
Setup_Max: 9
Raio: 100
Circulos: 1
Tempo_Processamento_Min: 1
Tempo_Processamento_Max: 49
Demanda_Min: 10
Demanda_Max: 30
Priority_Factor: 0.2
Range_Factor_R: 0.8
U_factor: 2
ALpha: 0.2Replicao: 1
Tempos_Processamentos
0	0	1	0	2	0	3	0	
0	20	1	35	2	34	3	1	
0	30	1	28	2	19	3	17	
0	20	1	20	2	14	3	8	
0	23	1	3	2	10	3	4	
0	4	1	18	2	46	3	33	
0	17	1	11	2	13	3	27	
0	15	1	10	2	48	3	1	
0	39	1	16	2	15	3	8	
0	39	1	25	2	14	3	19	
0	15	1	8	2	5	3	1	

Tempos_setup
M0
0	0	0	0	0	0	0	0	0	0	0	
0	0	1	3	4	3	5	2	1	4	2	
0	3	0	4	3	2	4	1	3	3	1	
0	4	5	0	3	2	4	5	5	3	2	
0	5	4	6	0	3	5	4	4	2	3	
0	3	4	3	1	0	2	3	4	1	1	
0	5	6	5	3	2	0	5	6	3	3	
0	6	3	3	6	5	7	0	2	6	4	
0	5	5	5	4	6	7	2	0	6	4	
0	4	3	4	2	1	3	2	4	0	2	
0	2	3	5	2	5	5	3	3	4	0	
M1
0	0	0	0	0	0	0	0	0	0	0	
0	0	6	4	4	5	3	2	4	4	1	
0	5	0	2	5	2	3	3	4	3	3	
0	4	3	0	4	2	4	2	2	1	1	
0	3	4	4	0	4	4	2	1	4	1	
0	3	1	3	3	0	3	1	4	4	4	
0	5	3	5	4	2	0	3	5	4	3	
0	2	6	4	2	6	5	0	3	5	3	
0	2	3	3	4	3	5	2	0	4	3	
0	7	6	3	7	5	4	5	5	0	4	
0	3	6	5	3	5	3	1	4	3	0	
M2
0	0	0	0	0	0	0	0	0	0	0	
0	0	2	8	3	4	3	1	5	6	4	
0	6	0	7	5	5	4	7	4	5	7	
0	6	5	0	4	4	3	5	5	6	4	
0	6	1	8	0	4	3	5	5	6	6	
0	4	3	6	2	0	1	3	4	4	3	
0	3	2	5	1	1	0	4	4	4	4	
0	3	1	7	2	3	2	0	5	6	4	
0	2	3	6	5	6	5	3	0	1	3	
0	3	2	8	6	6	6	4	6	0	7	
0	3	2	6	4	5	4	3	1	2	0	
M3
0	0	0	0	0	0	0	0	0	0	0	
0	0	3	2	3	1	2	3	6	1	5	
0	5	0	5	4	6	5	5	4	4	6	
0	3	2	0	1	4	2	2	6	1	7	
0	2	5	4	0	3	4	1	5	3	7	
0	4	4	2	2	0	4	3	7	3	4	
0	2	5	3	4	2	0	1	5	3	6	
0	1	4	3	4	2	3	0	4	2	6	
0	1	4	3	4	2	3	4	0	2	4	
0	3	2	1	2	3	1	2	5	0	7	
0	2	3	2	1	3	2	2	6	1	0	
Tamanho_Tarefas
0	20	17	14	9	20	15	10	8	16	2	
Data_Entrega
0	162	171	161	166	168	164	161	171	163	165	
Penalidade_Atraso
0	19	17	5	2	1	12	3	9	15	15	
Capacidade_Veiculo
52	50	46	47	43	24	
Custo_Fixo_Veiculo
520	500	460	470	430	240	
Coordenadas_Clientes
x	0	y	0
x	102	y	0
x	76	y	55
x	24	y	75
x	-32	y	100
x	-82	y	59
x	-87	y	0
x	-77	y	-56
x	-23	y	-71
x	36	y	-112
x	78	y	-57
Tempo_Viagem
0	102	93	78	104	101	87	95	74	117	96	
102	0	60	108	167	193	189	187	143	130	61	
93	60	0	55	116	158	172	188	160	171	112	
78	108	55	0	61	107	133	165	152	187	142	
104	167	116	61	0	64	114	162	171	221	191	
101	193	158	107	64	0	59	115	142	207	197	
87	189	172	133	114	59	0	56	95	166	174	
95	187	188	165	162	115	56	0	56	126	155	
74	143	160	152	171	142	95	56	0	71	101	
117	130	171	187	221	207	166	126	71	0	69	
96	61	112	142	191	197	174	155	101	69	0	
Custo_Viagem
V0
0	1060	967	811	1081	1050	904	988	769	1216	998	
1060	0	624	1123	1736	2007	1965	1944	1487	1352	634	
967	624	0	572	1216	1643	1788	1965	1664	1778	1164	
811	1123	572	0	634	1112	1383	1716	1591	1944	1476	
1081	1736	1216	634	0	665	1185	1684	1778	2308	1986	
1050	2007	1643	1112	665	0	613	1196	1476	2152	2048	
904	1965	1788	1383	1185	613	0	582	988	1726	1809	
988	1944	1965	1716	1684	1196	582	0	582	1310	1612	
769	1487	1664	1591	1778	1476	988	582	0	738	1050	
1216	1352	1778	1944	2308	2152	1726	1310	738	0	717	
998	634	1164	1476	1986	2048	1809	1612	1050	717	0	
V1
0	1020	930	780	1040	1010	870	950	740	1170	960	
1020	0	600	1080	1670	1930	1890	1870	1430	1300	610	
930	600	0	550	1170	1580	1720	1890	1600	1710	1120	
780	1080	550	0	610	1070	1330	1650	1530	1870	1420	
1040	1670	1170	610	0	640	1140	1620	1710	2220	1910	
1010	1930	1580	1070	640	0	590	1150	1420	2070	1970	
870	1890	1720	1330	1140	590	0	560	950	1660	1740	
950	1870	1890	1650	1620	1150	560	0	560	1260	1550	
740	1430	1600	1530	1710	1420	950	560	0	710	1010	
1170	1300	1710	1870	2220	2070	1660	1260	710	0	690	
960	610	1120	1420	1910	1970	1740	1550	1010	690	0	
V2
0	938	855	717	956	929	800	874	680	1076	883	
938	0	552	993	1536	1775	1738	1720	1315	1196	561	
855	552	0	506	1076	1453	1582	1738	1472	1573	1030	
717	993	506	0	561	984	1223	1518	1407	1720	1306	
956	1536	1076	561	0	588	1048	1490	1573	2042	1757	
929	1775	1453	984	588	0	542	1058	1306	1904	1812	
800	1738	1582	1223	1048	542	0	515	874	1527	1600	
874	1720	1738	1518	1490	1058	515	0	515	1159	1426	
680	1315	1472	1407	1573	1306	874	515	0	653	929	
1076	1196	1573	1720	2042	1904	1527	1159	653	0	634	
883	561	1030	1306	1757	1812	1600	1426	929	634	0	
V3
0	958	874	733	977	949	817	893	695	1099	902	
958	0	564	1015	1569	1814	1776	1757	1344	1222	573	
874	564	0	517	1099	1485	1616	1776	1504	1607	1052	
733	1015	517	0	573	1005	1250	1551	1438	1757	1334	
977	1569	1099	573	0	601	1071	1522	1607	2086	1795	
949	1814	1485	1005	601	0	554	1081	1334	1945	1851	
817	1776	1616	1250	1071	554	0	526	893	1560	1635	
893	1757	1776	1551	1522	1081	526	0	526	1184	1457	
695	1344	1504	1438	1607	1334	893	526	0	667	949	
1099	1222	1607	1757	2086	1945	1560	1184	667	0	648	
902	573	1052	1334	1795	1851	1635	1457	949	648	0	
V4
0	877	799	670	894	868	748	817	636	1006	825	
877	0	516	928	1436	1659	1625	1608	1229	1118	524	
799	516	0	473	1006	1358	1479	1625	1376	1470	963	
670	928	473	0	524	920	1143	1419	1315	1608	1221	
894	1436	1006	524	0	550	980	1393	1470	1909	1642	
868	1659	1358	920	550	0	507	989	1221	1780	1694	
748	1625	1479	1143	980	507	0	481	817	1427	1496	
817	1608	1625	1419	1393	989	481	0	481	1083	1333	
636	1229	1376	1315	1470	1221	817	481	0	610	868	
1006	1118	1470	1608	1909	1780	1427	1083	610	0	593	
825	524	963	1221	1642	1694	1496	1333	868	593	0	
V5
0	489	446	374	499	484	417	456	355	561	460	
489	0	288	518	801	926	907	897	686	624	292	
446	288	0	264	561	758	825	907	768	820	537	
374	518	264	0	292	513	638	792	734	897	681	
499	801	561	292	0	307	547	777	820	1065	916	
484	926	758	513	307	0	283	552	681	993	945	
417	907	825	638	547	283	0	268	456	796	835	
456	897	907	792	777	552	268	0	268	604	744	
355	686	768	734	820	681	456	268	0	340	484	
561	624	820	897	1065	993	796	604	340	0	331	
460	292	537	681	916	945	835	744	484	331	0	
Velocidade_Veiculos
1	1	1	1	1	1	