M: 4
N: 10
Nun_Veiculos: 4
Capacidade_Total: 314
Demanda_Total: 208
Setup_Min: 1
Setup_Max: 99
Raio: 20
Circulos: 1
Tempo_Processamento_Min: 1
Tempo_Processamento_Max: 49
Demanda_Min: 10
Demanda_Max: 30
Priority_Factor: 0.2
Range_Factor_R: 0.8
U_factor: 2
ALpha: 0.2Replicao: 3
Tempos_Processamentos
0	0	1	0	2	0	3	0	
0	28	1	30	2	21	3	17	
0	40	1	41	2	15	3	6	
0	41	1	27	2	21	3	14	
0	4	1	7	2	1	3	21	
0	32	1	21	2	19	3	4	
0	46	1	17	2	31	3	48	
0	18	1	23	2	7	3	12	
0	2	1	9	2	41	3	45	
0	34	1	36	2	38	3	26	
0	28	1	20	2	25	3	36	

Tempos_setup
M0
0	0	0	0	0	0	0	0	0	0	0	
0	0	24	31	45	30	41	43	24	1	52	
0	23	0	34	51	53	55	41	27	24	28	
0	33	39	0	17	29	21	43	15	25	35	
0	20	26	24	0	12	45	40	17	21	50	
0	8	32	39	53	0	49	28	32	9	53	
0	24	27	28	4	16	0	44	21	4	45	
0	52	29	45	50	53	46	0	52	50	57	
0	18	24	7	24	36	28	28	0	19	33	
0	46	23	57	44	56	40	49	50	0	51	
0	44	42	11	28	40	32	13	26	36	0	
M1
0	0	0	0	0	0	0	0	0	0	0	
0	0	29	48	33	37	27	38	43	43	56	
0	26	0	19	4	8	10	20	19	14	31	
0	27	9	0	13	14	16	11	7	15	12	
0	22	24	15	0	29	25	16	22	10	27	
0	44	34	26	35	0	2	18	32	32	34	
0	42	32	35	33	40	0	34	30	30	32	
0	53	44	59	44	52	54	0	42	54	54	
0	28	2	21	6	10	12	4	0	16	15	
0	12	14	5	3	19	21	16	12	0	17	
0	15	17	8	6	22	24	19	15	3	0	
M2
0	0	0	0	0	0	0	0	0	0	0	
0	0	12	15	26	38	23	33	8	17	14	
0	22	0	3	20	32	17	28	2	8	8	
0	19	31	0	35	53	32	30	27	5	33	
0	25	6	9	0	18	17	34	2	14	6	
0	26	10	13	4	0	1	30	6	12	10	
0	28	9	12	3	21	0	33	5	17	9	
0	45	24	27	44	56	41	0	26	32	32	
0	23	4	7	18	30	15	32	0	12	6	
0	14	26	22	30	48	27	25	22	0	28	
0	23	20	23	14	24	11	44	16	28	0	
M3
0	0	0	0	0	0	0	0	0	0	0	
0	0	10	15	30	21	23	48	8	13	19	
0	21	0	36	27	24	13	38	14	25	24	
0	9	12	0	33	15	9	50	2	3	13	
0	11	21	21	0	11	3	40	4	13	9	
0	29	36	39	18	0	21	57	22	30	27	
0	8	18	23	29	11	0	42	1	15	11	
0	24	34	35	14	25	17	0	18	27	23	
0	7	17	22	31	13	30	55	0	14	11	
0	40	19	48	46	32	32	57	33	0	36	
0	21	24	12	20	2	21	59	14	10	0	
Tamanho_Tarefas
0	18	21	23	7	18	34	13	23	29	22	
Data_Entrega
0	64	52	49	66	59	59	58	57	50	61	
Penalidade_Atraso
0	8	7	2	16	13	17	20	2	14	19	
Capacidade_Veiculo
67	98	66	83	
Custo_Fixo_Veiculo
670	980	660	830	
Coordenadas_Clientes
x	0	y	0
x	21	y	0
x	18	y	13
x	6	y	21
x	-6	y	21
x	-18	y	13
x	-20	y	0
x	-19	y	-14
x	-5	y	-15
x	7	y	-23
x	15	y	-11
Tempo_Viagem
0	21	22	21	21	22	20	23	15	24	18	
21	0	13	25	34	41	41	42	30	26	12	
22	13	0	14	25	36	40	45	36	37	24	
21	25	14	0	12	25	33	43	36	44	33	
21	34	25	12	0	14	25	37	36	45	38	
22	41	36	25	14	0	13	27	30	43	40	
20	41	40	33	25	13	0	14	21	35	36	
23	42	45	43	37	27	14	0	14	27	34	
15	30	36	36	36	30	21	14	0	14	20	
24	26	37	44	45	43	35	27	14	0	14	
18	12	24	33	38	40	36	34	20	14	0	
Custo_Viagem
V0
0	281	294	281	281	294	268	308	201	321	241	
281	0	174	335	455	549	549	562	402	348	160	
294	174	0	187	335	482	536	603	482	495	321	
281	335	187	0	160	335	442	576	495	589	442	
281	455	335	160	0	187	335	495	482	603	509	
294	549	482	335	187	0	174	361	402	576	536	
268	549	536	442	335	174	0	187	281	469	482	
308	562	603	576	495	361	187	0	187	361	455	
201	402	482	495	482	402	281	187	0	187	268	
321	348	495	589	603	576	469	361	187	0	187	
241	160	321	442	509	536	482	455	268	187	0	
V1
0	411	431	411	411	431	392	450	294	470	352	
411	0	254	490	666	803	803	823	588	509	235	
431	254	0	274	490	705	784	882	705	725	470	
411	490	274	0	235	490	646	842	725	862	646	
411	666	490	235	0	274	490	725	705	882	744	
431	803	705	490	274	0	254	529	588	842	784	
392	803	784	646	490	254	0	274	411	686	705	
450	823	882	842	725	529	274	0	274	529	666	
294	588	705	725	705	588	411	274	0	274	392	
470	509	725	862	882	842	686	529	274	0	274	
352	235	470	646	744	784	705	666	392	274	0	
V2
0	277	290	277	277	290	264	303	198	316	237	
277	0	171	330	448	541	541	554	396	343	158	
290	171	0	184	330	475	528	594	475	488	316	
277	330	184	0	158	330	435	567	488	580	435	
277	448	330	158	0	184	330	488	475	594	501	
290	541	475	330	184	0	171	356	396	567	528	
264	541	528	435	330	171	0	184	277	462	475	
303	554	594	567	488	356	184	0	184	356	448	
198	396	475	488	475	396	277	184	0	184	264	
316	343	488	580	594	567	462	356	184	0	184	
237	158	316	435	501	528	475	448	264	184	0	
V3
0	348	365	348	348	365	332	381	249	398	298	
348	0	215	415	564	680	680	697	498	431	199	
365	215	0	232	415	597	664	747	597	614	398	
348	415	232	0	199	415	547	713	614	730	547	
348	564	415	199	0	232	415	614	597	747	630	
365	680	597	415	232	0	215	448	498	713	664	
332	680	664	547	415	215	0	232	348	581	597	
381	697	747	713	614	448	232	0	232	448	564	
249	498	597	614	597	498	348	232	0	232	332	
398	431	614	730	747	713	581	448	232	0	232	
298	199	398	547	630	664	597	564	332	232	0	
Velocidade_Veiculos
1	1	1	1	