M: 4
N: 10
Nun_Veiculos: 4
Capacidade_Total: 278
Demanda_Total: 143
Setup_Min: 1
Setup_Max: 99
Raio: 100
Circulos: 1
Tempo_Processamento_Min: 1
Tempo_Processamento_Max: 49
Demanda_Min: 10
Demanda_Max: 30
Priority_Factor: 0.2
Range_Factor_R: 0.8
U_factor: 2
ALpha: 0.2Replicao: 2
Tempos_Processamentos
0	0	1	0	2	0	3	0	
0	5	1	15	2	39	3	22	
0	41	1	31	2	2	3	3	
0	14	1	3	2	10	3	21	
0	33	1	49	2	34	3	43	
0	25	1	43	2	34	3	23	
0	45	1	12	2	26	3	44	
0	12	1	3	2	36	3	37	
0	5	1	26	2	3	3	5	
0	45	1	3	2	12	3	5	
0	48	1	36	2	17	3	2	

Tempos_setup
M0
0	0	0	0	0	0	0	0	0	0	0	
0	0	29	17	2	25	14	37	44	45	24	
0	46	0	41	24	31	44	29	15	69	30	
0	51	36	0	16	39	36	51	51	79	38	
0	35	35	17	0	23	20	35	50	65	22	
0	59	38	37	41	0	61	25	30	69	26	
0	51	15	51	34	23	0	44	30	84	45	
0	35	40	12	28	2	38	0	32	44	1	
0	31	8	26	11	16	31	14	0	58	15	
0	42	19	28	22	27	42	25	11	0	26	
0	34	39	38	34	1	37	26	31	43	0	
M1
0	0	0	0	0	0	0	0	0	0	0	
0	0	25	3	37	34	30	27	35	28	39	
0	2	0	5	39	36	32	29	37	30	41	
0	33	31	0	37	31	29	26	35	25	39	
0	11	18	14	0	1	10	38	5	18	2	
0	17	17	20	6	0	9	44	4	20	8	
0	8	8	11	23	17	0	35	21	11	25	
0	11	11	14	17	11	3	0	15	14	19	
0	13	20	16	2	3	12	40	0	20	4	
0	8	23	11	12	6	15	35	10	0	14	
0	32	39	35	21	22	31	40	26	34	0	
M2
0	0	0	0	0	0	0	0	0	0	0	
0	0	4	32	47	28	69	40	47	27	60	
0	1	0	28	48	29	65	36	48	23	57	
0	4	3	0	51	25	37	39	51	26	60	
0	12	11	21	0	9	29	39	59	34	13	
0	16	15	43	26	0	55	51	63	38	39	
0	35	34	37	23	32	0	56	76	57	36	
0	29	28	25	59	33	62	0	31	51	45	
0	5	4	1	28	2	38	32	0	23	41	
0	12	11	18	59	40	42	13	44	0	34	
0	26	25	50	36	10	53	26	57	32	0	
M3
0	0	0	0	0	0	0	0	0	0	0	
0	0	15	43	13	5	7	9	7	26	33	
0	10	0	43	15	14	16	9	7	36	33	
0	7	12	0	12	11	13	6	4	33	30	
0	23	26	42	0	8	2	31	29	42	55	
0	15	18	42	8	0	2	24	22	34	48	
0	47	52	40	52	51	0	46	44	67	55	
0	29	32	48	6	14	8	0	35	48	61	
0	3	8	36	8	7	9	2	0	29	26	
0	12	14	45	17	16	18	11	9	0	35	
0	49	54	42	54	47	2	48	46	51	0	
Tamanho_Tarefas
0	20	2	4	33	25	21	3	8	4	23	
Data_Entrega
0	186	200	186	204	206	186	204	198	188	186	
Penalidade_Atraso
0	4	6	13	19	4	10	9	20	9	13	
Capacidade_Veiculo
79	71	39	89	
Custo_Fixo_Veiculo
790	710	390	890	
Coordenadas_Clientes
x	0	y	0
x	112	y	0
x	101	y	73
x	33	y	101
x	-35	y	109
x	-91	y	66
x	-125	y	0
x	-78	y	-57
x	-29	y	-92
x	37	y	-114
x	62	y	-45
Tempo_Viagem
0	112	124	106	114	112	125	96	96	119	76	
112	0	73	128	183	213	237	198	168	136	67	
124	73	0	73	140	192	237	220	210	197	124	
106	128	73	0	68	128	187	193	202	215	148	
114	183	140	68	0	70	141	171	201	233	182	
112	213	192	128	70	0	74	123	169	220	188	
125	237	237	187	141	74	0	73	132	198	192	
96	198	220	193	171	123	73	0	60	128	140	
96	168	210	202	201	169	132	60	0	69	102	
119	136	197	215	233	220	198	128	69	0	73	
76	67	124	148	182	188	192	140	102	73	0	
Custo_Viagem
V0
0	1769	1959	1674	1801	1769	1975	1516	1516	1880	1200	
1769	0	1153	2022	2891	3365	3744	3128	2654	2148	1058	
1959	1153	0	1153	2212	3033	3744	3491	3318	3112	1959	
1674	2022	1153	0	1074	2022	2954	3049	3191	3397	2338	
1801	2891	2212	1074	0	1106	2227	2701	3175	3697	2875	
1769	3365	3033	2022	1106	0	1169	1943	2670	3476	2986	
1975	3744	3744	2954	2227	1169	0	1153	2085	3128	3033	
1516	3128	3491	3049	2701	1943	1153	0	948	2022	2212	
1516	2654	3318	3191	3175	2670	2085	948	0	1090	1611	
1880	2148	3112	3397	3697	3476	3128	2022	1090	0	1153	
1200	1058	1959	2338	2875	2986	3033	2212	1611	1153	0	
V1
0	1590	1760	1505	1618	1590	1775	1363	1363	1689	1079	
1590	0	1036	1817	2598	3024	3365	2811	2385	1931	951	
1760	1036	0	1036	1988	2726	3365	3138	2982	2797	1760	
1505	1817	1036	0	965	1817	2655	2740	2868	3053	2101	
1618	2598	1988	965	0	994	2002	2428	2854	3322	2584	
1590	3024	2726	1817	994	0	1050	1746	2399	3124	2683	
1775	3365	3365	2655	2002	1050	0	1036	1874	2811	2726	
1363	2811	3138	2740	2428	1746	1036	0	852	1817	1988	
1363	2385	2982	2868	2854	2399	1874	852	0	979	1448	
1689	1931	2797	3053	3322	3124	2811	1817	979	0	1036	
1079	951	1760	2101	2584	2683	2726	1988	1448	1036	0	
V2
0	873	967	826	889	873	975	748	748	928	592	
873	0	569	998	1427	1661	1848	1544	1310	1060	522	
967	569	0	569	1092	1497	1848	1723	1638	1536	967	
826	998	569	0	530	998	1458	1505	1575	1677	1154	
889	1427	1092	530	0	546	1099	1333	1567	1825	1419	
873	1661	1497	998	546	0	577	959	1318	1716	1474	
975	1848	1848	1458	1099	577	0	569	1029	1544	1497	
748	1544	1723	1505	1333	959	569	0	468	998	1092	
748	1310	1638	1575	1567	1318	1029	468	0	538	795	
928	1060	1536	1677	1825	1716	1544	998	538	0	569	
592	522	967	1154	1419	1474	1497	1092	795	569	0	
V3
0	1993	2207	1886	2029	1993	2225	1708	1708	2118	1352	
1993	0	1299	2278	3257	3791	4218	3524	2990	2420	1192	
2207	1299	0	1299	2492	3417	4218	3933	3738	3506	2207	
1886	2278	1299	0	1210	2278	3328	3435	3595	3827	2634	
2029	3257	2492	1210	0	1246	2509	3043	3577	4165	3239	
1993	3791	3417	2278	1246	0	1317	2189	3008	3916	3364	
2225	4218	4218	3328	2509	1317	0	1299	2349	3524	3417	
1708	3524	3933	3435	3043	2189	1299	0	1068	2278	2492	
1708	2990	3738	3595	3577	3008	2349	1068	0	1228	1815	
2118	2420	3506	3827	4165	3916	3524	2278	1228	0	1299	
1352	1192	2207	2634	3239	3364	3417	2492	1815	1299	0	
Velocidade_Veiculos
1	1	1	1	