M: 4
N: 10
Nun_Veiculos: 7
Capacidade_Total: 481
Demanda_Total: 213
Setup_Min: 1
Setup_Max: 9
Raio: 100
Circulos: 1
Tempo_Processamento_Min: 1
Tempo_Processamento_Max: 49
Demanda_Min: 10
Demanda_Max: 30
Priority_Factor: 0.2
Range_Factor_R: 0.8
U_factor: 2
ALpha: 0.2Replicao: 3
Tempos_Processamentos
0	0	1	0	2	0	3	0	
0	24	1	24	2	23	3	9	
0	19	1	25	2	42	3	39	
0	11	1	30	2	12	3	15	
0	22	1	46	2	39	3	43	
0	17	1	32	2	48	3	9	
0	38	1	43	2	40	3	31	
0	2	1	34	2	43	3	29	
0	45	1	9	2	39	3	47	
0	40	1	48	2	36	3	8	
0	48	1	15	2	4	3	14	

Tempos_setup
M0
0	0	0	0	0	0	0	0	0	0	0	
0	0	4	3	5	3	5	4	1	4	5	
0	3	0	5	2	4	2	1	3	1	4	
0	1	1	0	3	3	3	1	1	2	2	
0	2	4	3	0	3	1	4	1	5	5	
0	3	3	2	4	0	4	1	3	3	4	
0	1	4	3	1	4	0	4	2	5	4	
0	5	2	4	4	6	4	0	5	3	3	
0	3	3	2	5	2	5	3	0	4	4	
0	2	5	4	1	3	1	4	2	0	5	
0	2	2	1	2	4	1	2	2	1	0	
M1
0	0	0	0	0	0	0	0	0	0	0	
0	0	1	5	2	3	3	1	3	4	1	
0	4	0	6	4	5	3	4	7	3	4	
0	1	2	0	3	4	3	2	4	1	2	
0	5	2	5	0	1	3	1	6	5	2	
0	5	1	7	4	0	4	3	7	4	1	
0	5	4	5	4	3	0	3	6	6	1	
0	5	3	4	1	2	4	0	5	4	3	
0	5	4	5	5	3	5	4	0	6	2	
0	5	4	7	2	3	4	3	5	0	1	
0	4	3	6	3	2	3	2	7	6	0	
M2
0	0	0	0	0	0	0	0	0	0	0	
0	0	8	4	4	2	7	8	4	5	5	
0	3	0	3	1	2	5	3	3	4	2	
0	4	4	0	2	3	4	4	2	1	3	
0	2	5	6	0	4	6	6	2	3	1	
0	4	6	2	3	0	6	6	2	3	4	
0	3	3	2	3	2	0	5	4	3	4	
0	1	5	5	4	3	5	0	3	6	2	
0	2	6	4	3	4	8	4	0	5	4	
0	6	3	4	4	2	5	6	4	0	5	
0	1	4	5	2	3	7	5	1	5	0	
M3
0	0	0	0	0	0	0	0	0	0	0	
0	0	6	6	2	4	3	5	5	3	4	
0	3	0	1	3	2	3	2	3	1	2	
0	2	2	0	4	2	4	1	2	2	2	
0	3	4	5	0	2	3	4	5	1	2	
0	6	4	4	4	0	7	5	6	5	2	
0	4	4	3	4	5	0	3	2	5	3	
0	1	1	2	3	3	3	0	4	2	2	
0	3	3	1	2	3	5	2	0	3	3	
0	2	3	4	3	1	2	3	4	0	1	
0	5	2	3	2	4	5	4	4	3	0	
Tamanho_Tarefas
0	19	29	15	31	12	38	23	25	15	6	
Data_Entrega
0	190	194	183	196	194	184	195	180	201	201	
Penalidade_Atraso
0	8	7	1	6	15	3	1	19	4	20	
Capacidade_Veiculo
69	72	51	62	81	50	96	
Custo_Fixo_Veiculo
690	720	510	620	810	500	960	
Coordenadas_Clientes
x	0	y	0
x	87	y	0
x	91	y	66
x	37	y	114
x	-34	y	107
x	-76	y	55
x	-92	y	0
x	-69	y	-50
x	-27	y	-83
x	38	y	-118
x	93	y	-67
Tempo_Viagem
0	87	112	119	112	93	92	85	87	123	114	
87	0	66	124	161	172	179	163	141	127	67	
112	66	0	72	131	167	194	197	190	191	133	
119	124	72	0	71	127	172	195	206	232	189	
112	161	131	71	0	66	121	160	190	235	215	
93	172	167	127	66	0	57	105	146	207	207	
92	179	194	172	121	57	0	55	105	175	196	
85	163	197	195	160	105	55	0	53	126	162	
87	141	190	206	190	146	105	53	0	73	121	
123	127	191	232	235	207	175	126	73	0	75	
114	67	133	189	215	207	196	162	121	75	0	
Custo_Viagem
V0
0	1200	1545	1642	1545	1283	1269	1173	1200	1697	1573	
1200	0	910	1711	2221	2373	2470	2249	1945	1752	924	
1545	910	0	993	1807	2304	2677	2718	2622	2635	1835	
1642	1711	993	0	979	1752	2373	2691	2856	3201	2608	
1545	2221	1807	979	0	910	1669	2208	2622	3256	2967	
1283	2373	2304	1752	910	0	786	1449	2014	2856	2870	
1269	2470	2677	2373	1669	786	0	759	1449	2415	2704	
1173	2249	2718	2691	2208	1449	759	0	731	1738	2235	
1200	1945	2622	2856	2622	2014	1449	731	0	1007	1669	
1697	1752	2635	3201	3256	2856	2415	1738	1007	0	1035	
1573	924	1835	2608	2967	2870	2704	2235	1669	1035	0	
V1
0	1252	1612	1713	1612	1339	1324	1224	1252	1771	1641	
1252	0	950	1785	2318	2476	2577	2347	2030	1828	964	
1612	950	0	1036	1886	2404	2793	2836	2736	2750	1915	
1713	1785	1036	0	1022	1828	2476	2808	2980	3340	2721	
1612	2318	1886	1022	0	950	1742	2304	2736	3398	3096	
1339	2476	2404	1828	950	0	820	1512	2102	2980	2995	
1324	2577	2793	2476	1742	820	0	792	1512	2520	2822	
1224	2347	2836	2808	2304	1512	792	0	763	1814	2332	
1252	2030	2736	2980	2736	2102	1512	763	0	1051	1742	
1771	1828	2750	3340	3398	2980	2520	1814	1051	0	1080	
1641	964	1915	2721	3096	2995	2822	2332	1742	1080	0	
V2
0	887	1142	1213	1142	948	938	867	887	1254	1162	
887	0	673	1264	1642	1754	1825	1662	1438	1295	683	
1142	673	0	734	1336	1703	1978	2009	1938	1948	1356	
1213	1264	734	0	724	1295	1754	1989	2111	2366	1927	
1142	1642	1336	724	0	673	1234	1632	1938	2407	2193	
948	1754	1703	1295	673	0	581	1071	1489	2111	2121	
938	1825	1978	1754	1234	581	0	561	1071	1785	1999	
867	1662	2009	1989	1632	1071	561	0	540	1285	1652	
887	1438	1938	2111	1938	1489	1071	540	0	744	1234	
1254	1295	1948	2366	2407	2111	1785	1285	744	0	765	
1162	683	1356	1927	2193	2121	1999	1652	1234	765	0	
V3
0	1078	1388	1475	1388	1153	1140	1054	1078	1525	1413	
1078	0	818	1537	1996	2132	2219	2021	1748	1574	830	
1388	818	0	892	1624	2070	2405	2442	2356	2368	1649	
1475	1537	892	0	880	1574	2132	2418	2566	2876	2343	
1388	1996	1624	880	0	818	1500	1984	2356	2926	2666	
1153	2132	2070	1574	818	0	706	1302	1810	2566	2579	
1140	2219	2405	2132	1500	706	0	682	1302	2170	2430	
1054	2021	2442	2418	1984	1302	682	0	657	1562	2008	
1078	1748	2356	2566	2356	1810	1302	657	0	905	1500	
1525	1574	2368	2876	2926	2566	2170	1562	905	0	930	
1413	830	1649	2343	2666	2579	2430	2008	1500	930	0	
V4
0	1409	1814	1927	1814	1506	1490	1377	1409	1992	1846	
1409	0	1069	2008	2608	2786	2899	2640	2284	2057	1085	
1814	1069	0	1166	2122	2705	3142	3191	3078	3094	2154	
1927	2008	1166	0	1150	2057	2786	3159	3353	3758	3061	
1814	2608	2122	1150	0	1069	1960	2592	3078	3823	3483	
1506	2786	2705	2057	1069	0	923	1701	2365	3353	3369	
1490	2899	3142	2786	1960	923	0	891	1701	2835	3175	
1377	2640	3191	3159	2592	1701	891	0	858	2041	2624	
1409	2284	3078	3353	3078	2365	1701	858	0	1182	1960	
1992	2057	3094	3758	3823	3353	2835	2041	1182	0	1215	
1846	1085	2154	3061	3483	3369	3175	2624	1960	1215	0	
V5
0	870	1120	1190	1120	930	920	850	870	1230	1140	
870	0	660	1240	1610	1720	1790	1630	1410	1270	670	
1120	660	0	720	1310	1670	1940	1970	1900	1910	1330	
1190	1240	720	0	710	1270	1720	1950	2070	2320	1890	
1120	1610	1310	710	0	660	1210	1600	1900	2360	2150	
930	1720	1670	1270	660	0	570	1050	1460	2070	2080	
920	1790	1940	1720	1210	570	0	550	1050	1750	1960	
850	1630	1970	1950	1600	1050	550	0	530	1260	1620	
870	1410	1900	2070	1900	1460	1050	530	0	730	1210	
1230	1270	1910	2320	2360	2070	1750	1260	730	0	750	
1140	670	1330	1890	2150	2080	1960	1620	1210	750	0	
V6
0	1670	2150	2284	2150	1785	1766	1632	1670	2361	2188	
1670	0	1267	2380	3091	3302	3436	3129	2707	2438	1286	
2150	1267	0	1382	2515	3206	3724	3782	3648	3667	2553	
2284	2380	1382	0	1363	2438	3302	3744	3974	4454	3628	
2150	3091	2515	1363	0	1267	2323	3072	3648	4531	4128	
1785	3302	3206	2438	1267	0	1094	2016	2803	3974	3993	
1766	3436	3724	3302	2323	1094	0	1056	2016	3360	3763	
1632	3129	3782	3744	3072	2016	1056	0	1017	2419	3110	
1670	2707	3648	3974	3648	2803	2016	1017	0	1401	2323	
2361	2438	3667	4454	4531	3974	3360	2419	1401	0	1440	
2188	1286	2553	3628	4128	3993	3763	3110	2323	1440	0	
Velocidade_Veiculos
1	1	1	1	1	1	1	