M: 4
N: 10
Nun_Veiculos: 4
Capacidade_Total: 251
Demanda_Total: 148
Setup_Min: 1
Setup_Max: 99
Raio: 20
Circulos: 1
Tempo_Processamento_Min: 1
Tempo_Processamento_Max: 49
Demanda_Min: 10
Demanda_Max: 30
Priority_Factor: 0.2
Range_Factor_R: 0.8
U_factor: 2
ALpha: 0.2Replicao: 0
Tempos_Processamentos
0	0	1	0	2	0	3	0	
0	41	1	12	2	18	3	39	
0	24	1	33	2	22	3	13	
0	37	1	26	2	16	3	27	
0	49	1	27	2	24	3	17	
0	10	1	20	2	15	3	15	
0	35	1	7	2	37	3	41	
0	33	1	11	2	11	3	39	
0	33	1	2	2	11	3	6	
0	43	1	29	2	6	3	41	
0	10	1	17	2	25	3	4	

Tempos_setup
M0
0	0	0	0	0	0	0	0	0	0	0	
0	0	8	17	33	36	27	43	18	28	48	
0	17	0	9	25	28	19	44	10	21	40	
0	48	31	0	41	44	28	75	41	30	49	
0	18	11	20	0	3	30	55	21	32	51	
0	15	8	17	7	0	27	52	18	29	48	
0	22	24	12	13	16	0	49	15	6	21	
0	23	6	15	31	34	24	0	16	12	45	
0	7	15	21	22	25	9	34	0	11	30	
0	45	28	37	53	56	47	72	38	0	57	
0	34	28	37	17	20	28	61	27	28	0	
M1
0	0	0	0	0	0	0	0	0	0	0	
0	0	10	14	59	18	50	21	4	17	19	
0	25	0	16	52	8	51	15	14	19	9	
0	17	24	0	45	15	36	7	21	3	24	
0	13	20	27	0	11	54	3	17	30	20	
0	17	24	16	52	0	43	7	21	19	9	
0	5	2	18	54	10	0	17	9	18	11	
0	10	17	24	54	8	51	0	14	27	17	
0	27	6	10	55	14	46	17	0	13	15	
0	38	35	40	48	43	33	47	30	0	44	
0	22	31	7	43	22	43	14	26	10	0	
M2
0	0	0	0	0	0	0	0	0	0	0	
0	0	21	25	30	30	14	25	29	24	18	
0	30	0	4	14	26	13	21	12	23	17	
0	26	33	0	31	43	35	37	29	39	30	
0	35	23	25	0	12	16	27	1	26	20	
0	23	11	15	15	0	4	15	16	14	8	
0	19	7	11	16	28	0	11	17	10	4	
0	24	2	6	5	17	5	0	6	15	9	
0	37	25	24	2	14	18	29	0	28	22	
0	39	9	13	23	35	22	30	21	0	26	
0	24	3	7	12	24	5	7	13	15	0	
M3
0	0	0	0	0	0	0	0	0	0	0	
0	0	31	43	17	16	12	24	34	42	9	
0	22	0	55	18	4	23	39	39	43	10	
0	58	46	0	44	50	35	40	24	9	36	
0	40	37	41	0	22	9	37	40	25	28	
0	18	15	55	14	0	23	35	35	39	6	
0	59	56	32	55	41	0	28	39	33	47	
0	31	28	26	27	13	36	0	48	35	19	
0	54	55	43	55	52	11	39	0	35	47	
0	49	48	22	39	52	26	45	15	0	31	
0	48	45	49	8	30	17	29	34	33	0	
Tamanho_Tarefas
0	12	19	16	22	12	29	11	9	13	5	
Data_Entrega
0	64	45	51	46	49	57	53	47	59	46	
Penalidade_Atraso
0	10	12	20	7	20	14	4	13	4	5	
Capacidade_Veiculo
38	79	49	85	
Custo_Fixo_Veiculo
380	790	490	850	
Coordenadas_Clientes
x	0	y	0
x	16	y	0
x	18	y	13
x	6	y	20
x	-6	y	20
x	-17	y	12
x	-18	y	0
x	-17	y	-12
x	-7	y	-21
x	6	y	-20
x	19	y	-14
Tempo_Viagem
0	16	22	20	20	20	18	20	22	20	23	
16	0	13	22	29	35	34	35	31	22	14	
22	13	0	13	25	35	38	42	42	35	27	
20	22	13	0	12	24	31	39	42	40	36	
20	29	25	12	0	13	23	33	41	40	42	
20	35	35	24	13	0	12	24	34	39	43	
18	34	38	31	23	12	0	12	23	31	39	
20	35	42	39	33	24	12	0	13	24	36	
22	31	42	42	41	34	23	13	0	13	26	
20	22	35	40	40	39	31	24	13	0	14	
23	14	27	36	42	43	39	36	26	14	0	
Custo_Viagem
V0
0	121	167	152	152	152	136	152	167	152	174	
121	0	98	167	220	266	258	266	235	167	106	
167	98	0	98	190	266	288	326	319	266	205	
152	167	98	0	91	182	235	296	326	304	273	
152	220	190	91	0	98	174	250	311	311	319	
152	266	266	182	98	0	91	182	258	296	334	
136	258	288	235	174	91	0	91	174	235	296	
152	266	326	296	250	182	91	0	98	182	273	
167	235	319	326	311	258	174	98	0	98	197	
152	167	266	304	311	296	235	182	98	0	106	
174	106	205	273	319	334	296	273	197	106	0	
V1
0	252	347	316	316	316	284	316	347	316	363	
252	0	205	347	458	553	537	553	489	347	221	
347	205	0	205	395	553	600	679	663	553	426	
316	347	205	0	189	379	489	616	679	632	568	
316	458	395	189	0	205	363	521	647	647	663	
316	553	553	379	205	0	189	379	537	616	695	
284	537	600	489	363	189	0	189	363	489	616	
316	553	679	616	521	379	189	0	205	379	568	
347	489	663	679	647	537	363	205	0	205	410	
316	347	553	632	647	616	489	379	205	0	221	
363	221	426	568	663	695	616	568	410	221	0	
V2
0	156	215	196	196	196	176	196	215	196	225	
156	0	127	215	284	343	333	343	303	215	137	
215	127	0	127	245	343	372	421	411	343	264	
196	215	127	0	117	235	303	382	421	392	352	
196	284	245	117	0	127	225	323	401	401	411	
196	343	343	235	127	0	117	235	333	382	431	
176	333	372	303	225	117	0	117	225	303	382	
196	343	421	382	323	235	117	0	127	235	352	
215	303	411	421	401	333	225	127	0	127	254	
196	215	343	392	401	382	303	235	127	0	137	
225	137	264	352	411	431	382	352	254	137	0	
V3
0	272	374	340	340	340	306	340	374	340	391	
272	0	221	374	493	595	578	595	527	374	238	
374	221	0	221	425	595	646	731	714	595	459	
340	374	221	0	204	408	527	663	731	680	612	
340	493	425	204	0	221	391	561	697	697	714	
340	595	595	408	221	0	204	408	578	663	748	
306	578	646	527	391	204	0	204	391	527	663	
340	595	731	663	561	408	204	0	221	408	612	
374	527	714	731	697	578	391	221	0	221	442	
340	374	595	680	697	663	527	408	221	0	238	
391	238	459	612	714	748	663	612	442	238	0	
Velocidade_Veiculos
1	1	1	1	