M: 4
N: 10
Nun_Veiculos: 6
Capacidade_Total: 266
Demanda_Total: 168
Setup_Min: 1
Setup_Max: 99
Raio: 100
Circulos: 1
Tempo_Processamento_Min: 1
Tempo_Processamento_Max: 49
Demanda_Min: 10
Demanda_Max: 30
Priority_Factor: 0.2
Range_Factor_R: 0.8
U_factor: 2
ALpha: 0.2Replicao: 0
Tempos_Processamentos
0	0	1	0	2	0	3	0	
0	24	1	31	2	49	3	20	
0	14	1	5	2	7	3	26	
0	23	1	35	2	4	3	30	
0	1	1	15	2	33	3	38	
0	12	1	29	2	19	3	47	
0	14	1	44	2	31	3	29	
0	17	1	24	2	45	3	40	
0	39	1	15	2	29	3	43	
0	43	1	6	2	37	3	3	
0	49	1	26	2	20	3	28	

Tempos_setup
M0
0	0	0	0	0	0	0	0	0	0	0	
0	0	41	63	52	59	23	48	19	1	14	
0	27	0	39	17	52	50	46	14	28	31	
0	15	26	0	43	46	38	41	4	16	7	
0	44	55	74	0	35	40	29	51	45	25	
0	45	57	50	63	0	5	76	35	12	44	
0	40	52	56	58	36	0	72	30	7	39	
0	56	66	61	74	11	16	0	46	23	55	
0	13	22	49	39	42	36	61	0	14	27	
0	33	74	88	51	79	56	73	52	0	39	
0	19	60	49	54	45	42	34	38	20	0	
M1
0	0	0	0	0	0	0	0	0	0	0	
0	0	38	28	38	39	24	37	41	30	56	
0	23	0	30	32	25	33	39	12	1	38	
0	34	20	0	20	20	6	9	13	2	41	
0	29	15	5	0	25	1	7	18	7	27	
0	36	22	12	7	0	8	14	25	14	34	
0	32	14	4	14	24	0	13	17	6	41	
0	25	41	33	28	22	29	0	15	4	39	
0	21	36	26	21	46	22	28	0	12	42	
0	32	46	36	31	48	32	38	11	0	47	
0	25	2	8	18	27	4	17	13	2	0	
M2
0	0	0	0	0	0	0	0	0	0	0	
0	0	20	40	46	30	18	28	15	30	26	
0	49	0	36	26	32	46	56	43	26	54	
0	55	12	0	38	22	10	20	7	22	18	
0	23	2	38	0	10	34	51	38	28	42	
0	33	39	39	49	0	49	59	46	43	40	
0	45	24	22	50	12	0	32	19	12	8	
0	42	21	34	19	29	24	0	21	24	20	
0	48	5	25	31	15	3	13	0	15	11	
0	45	18	10	44	12	20	30	17	0	28	
0	49	16	14	42	16	14	24	11	4	0	
M3
0	0	0	0	0	0	0	0	0	0	0	
0	0	9	12	11	7	44	21	23	32	11	
0	28	0	3	13	25	55	23	44	23	29	
0	30	20	0	23	27	56	25	41	20	31	
0	15	20	23	0	12	42	10	38	40	16	
0	38	43	44	31	0	51	33	30	28	4	
0	47	36	39	40	9	0	42	39	37	13	
0	5	10	13	16	2	32	0	28	30	6	
0	13	22	14	24	20	21	29	0	24	24	
0	10	15	18	3	7	37	5	33	0	11	
0	51	60	63	42	54	63	52	74	48	0	
Tamanho_Tarefas
0	23	11	5	6	21	22	27	22	11	20	
Data_Entrega
0	182	189	181	179	187	195	178	190	197	185	
Penalidade_Atraso
0	9	9	11	13	3	17	5	2	11	15	
Capacidade_Veiculo
56	47	37	53	39	34	
Custo_Fixo_Veiculo
560	470	370	530	390	340	
Coordenadas_Clientes
x	0	y	0
x	100	y	0
x	60	y	44
x	25	y	77
x	-29	y	91
x	-72	y	52
x	-109	y	0
x	-93	y	-67
x	-37	y	-114
x	35	y	-108
x	99	y	-72
Tempo_Viagem
0	100	74	80	95	88	109	114	119	113	122	
100	0	59	107	157	179	209	204	178	126	72	
74	59	0	48	100	132	174	188	185	154	122	
80	107	48	0	55	100	154	186	199	185	166	
95	157	100	55	0	58	121	170	205	208	207	
88	179	132	100	58	0	63	120	169	192	210	
109	209	174	154	121	63	0	68	134	180	220	
114	204	188	186	170	120	68	0	73	134	192	
119	178	185	199	205	169	134	73	0	72	142	
113	126	154	185	208	192	180	134	72	0	73	
122	72	122	166	207	210	220	192	142	73	0	
Custo_Viagem
V0
0	1120	828	896	1064	985	1220	1276	1332	1265	1366	
1120	0	660	1198	1758	2004	2340	2284	1993	1411	806	
828	660	0	537	1120	1478	1948	2116	2072	1724	1366	
896	1198	537	0	616	1120	1724	2083	2240	2072	1859	
1064	1758	1120	616	0	649	1355	1904	2296	2340	2318	
985	2004	1478	1120	649	0	705	1344	1892	2150	2363	
1220	2340	1948	1724	1355	705	0	761	1500	2016	2464	
1276	2284	2116	2083	1904	1344	761	0	817	1500	2150	
1332	1993	2072	2240	2296	1892	1500	817	0	806	1590	
1265	1411	1724	2072	2340	2150	2016	1500	806	0	817	
1366	806	1366	1859	2318	2363	2464	2150	1590	817	0	
V1
0	940	695	752	893	827	1024	1071	1118	1062	1146	
940	0	554	1005	1475	1682	1964	1917	1673	1184	676	
695	554	0	451	940	1240	1635	1776	1739	1447	1146	
752	1005	451	0	517	940	1447	1748	1880	1739	1560	
893	1475	940	517	0	545	1137	1598	1927	1964	1945	
827	1682	1240	940	545	0	592	1128	1588	1804	1983	
1024	1964	1635	1447	1137	592	0	639	1259	1692	2068	
1071	1917	1776	1748	1598	1128	639	0	686	1259	1804	
1118	1673	1739	1880	1927	1588	1259	686	0	676	1334	
1062	1184	1447	1739	1964	1804	1692	1259	676	0	686	
1146	676	1146	1560	1945	1983	2068	1804	1334	686	0	
V2
0	740	547	592	703	651	806	843	880	836	902	
740	0	436	791	1161	1324	1546	1509	1317	932	532	
547	436	0	355	740	976	1287	1398	1369	1139	902	
592	791	355	0	407	740	1139	1376	1480	1369	1228	
703	1161	740	407	0	429	895	1258	1517	1546	1531	
651	1324	976	740	429	0	466	888	1250	1420	1561	
806	1546	1287	1139	895	466	0	503	991	1332	1628	
843	1509	1398	1376	1258	888	503	0	540	991	1420	
880	1317	1369	1480	1517	1250	991	540	0	532	1050	
836	932	1139	1369	1546	1420	1332	991	532	0	540	
902	532	902	1228	1531	1561	1628	1420	1050	540	0	
V3
0	1060	784	848	1007	932	1155	1208	1261	1197	1293	
1060	0	625	1134	1664	1897	2215	2162	1886	1335	763	
784	625	0	508	1060	1399	1844	2003	1961	1632	1293	
848	1134	508	0	583	1060	1632	1971	2120	1961	1759	
1007	1664	1060	583	0	614	1282	1802	2173	2215	2194	
932	1897	1399	1060	614	0	667	1272	1791	2035	2236	
1155	2215	1844	1632	1282	667	0	720	1420	1908	2332	
1208	2162	2003	1971	1802	1272	720	0	773	1420	2035	
1261	1886	1961	2120	2173	1791	1420	773	0	763	1505	
1197	1335	1632	1961	2215	2035	1908	1420	763	0	773	
1293	763	1293	1759	2194	2236	2332	2035	1505	773	0	
V4
0	780	577	624	741	686	850	889	928	881	951	
780	0	460	834	1224	1396	1630	1591	1388	982	561	
577	460	0	374	780	1029	1357	1474	1443	1201	951	
624	834	374	0	429	780	1201	1450	1560	1443	1294	
741	1224	780	429	0	452	943	1326	1599	1630	1614	
686	1396	1029	780	452	0	491	936	1318	1497	1645	
850	1630	1357	1201	943	491	0	530	1045	1404	1716	
889	1591	1474	1450	1326	936	530	0	569	1045	1497	
928	1388	1443	1560	1599	1318	1045	569	0	561	1107	
881	982	1201	1443	1630	1497	1404	1045	561	0	569	
951	561	951	1294	1614	1645	1716	1497	1107	569	0	
V5
0	680	503	544	646	598	741	775	809	768	829	
680	0	401	727	1067	1217	1421	1387	1210	856	489	
503	401	0	326	680	897	1183	1285	1258	1047	829	
544	727	326	0	374	680	1047	1264	1360	1258	1128	
646	1067	680	374	0	394	822	1156	1394	1421	1407	
598	1217	897	680	394	0	428	816	1149	1305	1434	
741	1421	1183	1047	822	428	0	462	911	1224	1496	
775	1387	1285	1264	1156	816	462	0	496	911	1305	
809	1210	1258	1360	1394	1149	911	496	0	489	965	
768	856	1047	1258	1421	1305	1224	911	489	0	496	
829	489	829	1128	1407	1434	1496	1305	965	496	0	
Velocidade_Veiculos
1	1	1	1	1	1	