M: 4
N: 10
Nun_Veiculos: 3
Capacidade_Total: 263
Demanda_Total: 187
Setup_Min: 1
Setup_Max: 99
Raio: 100
Circulos: 1
Tempo_Processamento_Min: 1
Tempo_Processamento_Max: 49
Demanda_Min: 10
Demanda_Max: 30
Priority_Factor: 0.2
Range_Factor_R: 0.8
U_factor: 2
ALpha: 0.2Replicao: 1
Tempos_Processamentos
0	0	1	0	2	0	3	0	
0	29	1	20	2	40	3	1	
0	17	1	41	2	41	3	2	
0	14	1	24	2	27	3	43	
0	47	1	45	2	44	3	20	
0	49	1	19	2	26	3	7	
0	29	1	20	2	46	3	29	
0	16	1	6	2	44	3	4	
0	41	1	37	2	10	3	7	
0	48	1	39	2	33	3	26	
0	46	1	30	2	45	3	4	

Tempos_setup
M0
0	0	0	0	0	0	0	0	0	0	0	
0	0	25	8	30	37	14	36	31	24	39	
0	24	0	30	39	38	8	30	21	43	14	
0	9	23	0	22	36	6	28	23	22	37	
0	28	48	34	0	42	12	33	29	47	62	
0	29	6	24	1	0	13	2	6	5	20	
0	16	36	22	31	30	0	22	17	35	50	
0	42	18	48	57	56	26	0	16	61	32	
0	47	47	38	42	41	35	43	0	46	61	
0	25	1	31	40	39	9	31	22	0	15	
0	34	41	28	36	35	34	37	31	40	0	
M1
0	0	0	0	0	0	0	0	0	0	0	
0	0	8	18	14	6	21	15	22	8	10	
0	27	0	45	35	33	25	32	47	35	37	
0	16	24	0	6	22	26	31	38	24	26	
0	54	55	51	0	51	66	58	46	62	64	
0	17	4	13	11	0	15	26	37	25	27	
0	2	10	20	14	8	0	11	22	10	12	
0	42	37	28	3	36	50	0	48	34	36	
0	8	16	5	11	14	29	12	0	16	18	
0	22	3	10	10	13	28	7	14	0	2	
0	28	15	23	8	11	26	5	27	13	0	
M2
0	0	0	0	0	0	0	0	0	0	0	
0	0	50	16	21	23	26	35	30	31	28	
0	1	0	17	6	24	11	20	15	5	13	
0	21	54	0	35	7	40	43	14	15	12	
0	16	29	15	0	22	5	14	9	10	7	
0	66	83	52	54	0	59	68	59	21	61	
0	11	24	10	22	17	0	14	4	5	2	
0	24	37	23	8	23	13	0	17	18	15	
0	7	40	23	21	30	26	32	0	1	15	
0	46	74	31	65	38	55	69	45	0	43	
0	9	42	8	23	15	28	34	2	3	0	
M3
0	0	0	0	0	0	0	0	0	0	0	
0	0	21	50	8	32	34	27	59	58	6	
0	16	0	29	24	30	32	6	61	54	18	
0	50	62	0	58	64	42	40	82	70	18	
0	28	13	42	0	41	43	19	51	67	31	
0	37	28	26	28	0	2	1	61	49	31	
0	45	53	59	40	33	0	34	87	82	51	
0	43	27	25	27	24	26	0	60	48	43	
0	36	57	72	44	53	42	54	0	84	42	
0	12	33	49	20	44	16	24	12	0	2	
0	32	49	47	40	46	29	22	64	52	0	
Tamanho_Tarefas
0	6	5	22	37	12	31	9	8	34	23	
Data_Entrega
0	171	181	192	179	191	191	181	171	192	181	
Penalidade_Atraso
0	3	6	13	16	2	5	1	12	8	17	
Capacidade_Veiculo
104	49	110	
Custo_Fixo_Veiculo
1040	490	1100	
Coordenadas_Clientes
x	0	y	0
x	107	y	0
x	62	y	45
x	32	y	100
x	-25	y	78
x	-99	y	72
x	-75	y	0
x	-82	y	-59
x	-33	y	-103
x	28	y	-87
x	93	y	-67
Tempo_Viagem
0	107	76	104	81	122	75	101	108	91	114	
107	0	63	125	153	218	182	197	173	117	68	
76	63	0	62	93	163	144	177	175	136	116	
104	125	62	0	61	133	146	195	212	187	177	
81	153	93	61	0	74	92	148	181	172	186	
122	218	163	133	74	0	75	132	186	203	236	
75	182	144	146	92	75	0	59	111	134	180	
101	197	177	195	148	132	59	0	65	113	175	
108	173	175	212	181	186	111	65	0	63	131	
91	117	136	187	172	203	134	113	63	0	68	
114	68	116	177	186	236	180	175	131	68	0	
Custo_Viagem
V0
0	2225	1580	2163	1684	2537	1560	2100	2246	1892	2371	
2225	0	1310	2600	3182	4534	3785	4097	3598	2433	1414	
1580	1310	0	1289	1934	3390	2995	3681	3640	2828	2412	
2163	2600	1289	0	1268	2766	3036	4056	4430	3889	3681	
1684	3182	1934	1268	0	1539	1913	3078	3764	3598	3868	
2537	4534	3390	2766	1539	0	1560	2745	3889	4222	4929	
1560	3785	2995	3036	1913	1560	0	1227	2308	2787	3744	
2100	4097	3681	4056	3078	2745	1227	0	1352	2350	3640	
2246	3598	3640	4430	3764	3889	2308	1352	0	1310	2724	
1892	2433	2828	3889	3598	4222	2787	2350	1310	0	1414	
2371	1414	2412	3681	3868	4929	3744	3640	2724	1414	0	
V1
0	1048	744	1019	793	1195	735	989	1058	891	1117	
1048	0	617	1225	1499	2136	1783	1930	1695	1146	666	
744	617	0	607	911	1597	1411	1734	1715	1332	1136	
1019	1225	607	0	597	1303	1430	1911	2087	1832	1734	
793	1499	911	597	0	725	901	1450	1773	1695	1822	
1195	2136	1597	1303	725	0	735	1293	1832	1989	2322	
735	1783	1411	1430	901	735	0	578	1087	1313	1764	
989	1930	1734	1911	1450	1293	578	0	637	1107	1715	
1058	1695	1715	2087	1773	1832	1087	637	0	617	1283	
891	1146	1332	1832	1695	1989	1313	1107	617	0	666	
1117	666	1136	1734	1822	2322	1764	1715	1283	666	0	
V2
0	2354	1672	2288	1782	2684	1650	2222	2376	2002	2508	
2354	0	1386	2750	3366	4796	4004	4334	3806	2574	1496	
1672	1386	0	1364	2046	3586	3168	3894	3850	2992	2552	
2288	2750	1364	0	1342	2926	3212	4290	4686	4114	3894	
1782	3366	2046	1342	0	1628	2024	3256	3982	3806	4092	
2684	4796	3586	2926	1628	0	1650	2904	4114	4466	5214	
1650	4004	3168	3212	2024	1650	0	1298	2442	2948	3960	
2222	4334	3894	4290	3256	2904	1298	0	1430	2486	3850	
2376	3806	3850	4686	3982	4114	2442	1430	0	1386	2882	
2002	2574	2992	4114	3806	4466	2948	2486	1386	0	1496	
2508	1496	2552	3894	4092	5214	3960	3850	2882	1496	0	
Velocidade_Veiculos
1	1	1	