M: 4
N: 10
Nun_Veiculos: 5
Capacidade_Total: 165
Demanda_Total: 128
Setup_Min: 1
Setup_Max: 9
Raio: 100
Circulos: 1
Tempo_Processamento_Min: 1
Tempo_Processamento_Max: 49
Demanda_Min: 10
Demanda_Max: 30
Priority_Factor: 0.2
Range_Factor_R: 0.8
U_factor: 2
ALpha: 0.2Replicao: 3
Tempos_Processamentos
0	0	1	0	2	0	3	0	
0	7	1	14	2	35	3	45	
0	45	1	8	2	10	3	25	
0	47	1	22	2	13	3	7	
0	7	1	28	2	35	3	23	
0	29	1	30	2	46	3	13	
0	33	1	6	2	7	3	42	
0	1	1	10	2	20	3	45	
0	5	1	43	2	43	3	31	
0	35	1	20	2	24	3	13	
0	13	1	12	2	25	3	38	

Tempos_setup
M0
0	0	0	0	0	0	0	0	0	0	0	
0	0	5	3	2	2	1	2	3	2	3	
0	2	0	2	1	3	2	3	3	1	2	
0	4	5	0	2	3	2	3	3	1	2	
0	5	6	1	0	3	3	4	4	2	3	
0	3	6	3	2	0	1	2	3	3	4	
0	3	5	2	1	1	0	1	2	2	3	
0	2	6	1	1	4	3	0	4	2	3	
0	2	7	4	4	4	3	3	0	4	5	
0	4	4	2	1	2	1	2	2	0	1	
0	3	3	1	3	2	3	4	1	2	0	
M1
0	0	0	0	0	0	0	0	0	0	0	
0	0	5	2	4	4	4	3	4	4	3	
0	3	0	5	3	3	5	5	4	5	1	
0	2	5	0	2	6	2	1	2	2	4	
0	1	6	3	0	4	3	4	1	2	2	
0	3	2	4	2	0	3	5	3	3	2	
0	1	6	1	3	4	0	2	1	2	4	
0	1	6	3	5	5	2	0	1	1	3	
0	4	6	3	5	7	3	4	0	5	7	
0	2	7	2	4	5	1	3	2	0	5	
0	2	4	4	3	2	4	4	3	5	0	
M2
0	0	0	0	0	0	0	0	0	0	0	
0	0	5	3	4	4	4	4	4	1	2	
0	4	0	2	1	3	3	2	1	1	3	
0	4	3	0	4	1	1	2	1	1	3	
0	3	5	3	0	3	2	5	4	3	5	
0	4	2	2	3	0	3	2	1	3	4	
0	4	4	1	5	2	0	3	2	1	3	
0	2	6	3	6	4	2	0	4	3	4	
0	3	3	1	4	2	2	1	0	2	3	
0	4	4	2	4	3	3	3	3	0	2	
0	2	3	3	2	4	4	3	2	2	0	
M3
0	0	0	0	0	0	0	0	0	0	0	
0	0	3	4	2	3	5	5	6	5	4	
0	2	0	4	4	5	4	5	4	3	2	
0	2	2	0	3	3	1	1	2	2	1	
0	5	5	3	0	6	4	4	5	4	4	
0	4	4	3	3	0	3	3	3	2	1	
0	1	1	5	3	4	0	5	4	3	2	
0	1	3	1	3	4	2	0	1	3	2	
0	1	4	5	3	4	3	4	0	2	1	
0	2	2	5	2	5	1	5	4	0	2	
0	3	3	4	3	3	2	3	2	1	0	
Tamanho_Tarefas
0	16	15	8	9	18	10	10	9	14	19	
Data_Entrega
0	165	177	169	165	175	172	167	175	165	176	
Penalidade_Atraso
0	8	16	3	10	12	11	15	10	4	18	
Capacidade_Veiculo
26	36	55	23	25	
Custo_Fixo_Veiculo
260	360	550	230	250	
Coordenadas_Clientes
x	0	y	0
x	99	y	0
x	80	y	58
x	38	y	117
x	-25	y	77
x	-65	y	47
x	-96	y	0
x	-73	y	-53
x	-30	y	-94
x	38	y	-116
x	63	y	-45
Tempo_Viagem
0	99	98	123	80	80	96	90	98	122	77	
99	0	61	131	145	170	195	179	159	131	57	
98	61	0	72	106	145	185	188	187	178	104	
123	131	72	0	74	124	177	203	221	233	163	
80	145	106	74	0	50	104	138	171	202	150	
80	170	145	124	50	0	56	100	145	192	157	
96	195	185	177	104	56	0	57	114	177	165	
90	179	188	203	138	100	57	0	59	127	136	
98	159	187	221	171	145	114	59	0	71	105	
122	131	178	233	202	192	177	127	71	0	75	
77	57	104	163	150	157	165	136	105	75	0	
Custo_Viagem
V0
0	514	509	639	416	416	499	468	509	634	400	
514	0	317	681	754	884	1014	930	826	681	296	
509	317	0	374	551	754	962	982	972	925	540	
639	681	374	0	384	644	920	1055	1149	1211	847	
416	754	551	384	0	260	540	717	889	1055	780	
416	884	754	644	260	0	291	520	754	998	816	
499	1014	962	920	540	291	0	296	592	920	858	
468	930	982	1055	717	520	296	0	306	660	707	
509	826	972	1149	889	754	592	306	0	369	546	
634	681	925	1211	1055	998	920	660	369	0	390	
400	296	540	847	780	816	858	707	546	390	0	
V1
0	712	705	885	576	576	691	648	705	878	554	
712	0	439	943	1044	1224	1404	1288	1144	943	410	
705	439	0	518	763	1044	1332	1360	1346	1281	748	
885	943	518	0	532	892	1274	1461	1591	1677	1173	
576	1044	763	532	0	360	748	993	1231	1461	1080	
576	1224	1044	892	360	0	403	720	1044	1382	1130	
691	1404	1332	1274	748	403	0	410	820	1274	1188	
648	1288	1360	1461	993	720	410	0	424	914	979	
705	1144	1346	1591	1231	1044	820	424	0	511	756	
878	943	1281	1677	1461	1382	1274	914	511	0	540	
554	410	748	1173	1080	1130	1188	979	756	540	0	
V2
0	1089	1078	1353	880	880	1056	990	1078	1342	847	
1089	0	671	1441	1595	1870	2145	1969	1749	1441	627	
1078	671	0	792	1166	1595	2035	2079	2057	1958	1144	
1353	1441	792	0	814	1364	1947	2233	2431	2563	1793	
880	1595	1166	814	0	550	1144	1518	1881	2233	1650	
880	1870	1595	1364	550	0	616	1100	1595	2112	1727	
1056	2145	2035	1947	1144	616	0	627	1254	1947	1815	
990	1969	2079	2233	1518	1100	627	0	649	1397	1496	
1078	1749	2057	2431	1881	1595	1254	649	0	781	1155	
1342	1441	1958	2563	2233	2112	1947	1397	781	0	825	
847	627	1144	1793	1650	1727	1815	1496	1155	825	0	
V3
0	455	450	565	368	368	441	414	450	561	354	
455	0	280	602	667	782	897	823	731	602	262	
450	280	0	331	487	667	851	869	860	818	478	
565	602	331	0	340	570	814	933	1016	1071	749	
368	667	487	340	0	230	478	634	786	933	690	
368	782	667	570	230	0	257	460	667	883	722	
441	897	851	814	478	257	0	262	524	814	759	
414	823	869	933	634	460	262	0	271	584	625	
450	731	860	1016	786	667	524	271	0	326	483	
561	602	818	1071	933	883	814	584	326	0	345	
354	262	478	749	690	722	759	625	483	345	0	
V4
0	495	490	615	400	400	480	450	490	610	385	
495	0	305	655	725	850	975	895	795	655	285	
490	305	0	360	530	725	925	945	935	890	520	
615	655	360	0	370	620	885	1015	1105	1165	815	
400	725	530	370	0	250	520	690	855	1015	750	
400	850	725	620	250	0	280	500	725	960	785	
480	975	925	885	520	280	0	285	570	885	825	
450	895	945	1015	690	500	285	0	295	635	680	
490	795	935	1105	855	725	570	295	0	355	525	
610	655	890	1165	1015	960	885	635	355	0	375	
385	285	520	815	750	785	825	680	525	375	0	
Velocidade_Veiculos
1	1	1	1	1	