M: 4
N: 10
Nun_Veiculos: 4
Capacidade_Total: 268
Demanda_Total: 203
Setup_Min: 1
Setup_Max: 9
Raio: 100
Circulos: 1
Tempo_Processamento_Min: 1
Tempo_Processamento_Max: 49
Demanda_Min: 10
Demanda_Max: 30
Priority_Factor: 0.2
Range_Factor_R: 0.8
U_factor: 2
ALpha: 0.2Replicao: 4
Tempos_Processamentos
0	0	1	0	2	0	3	0	
0	36	1	12	2	34	3	21	
0	39	1	32	2	28	3	31	
0	11	1	19	2	13	3	37	
0	1	1	5	2	32	3	41	
0	15	1	35	2	47	3	12	
0	18	1	44	2	49	3	27	
0	8	1	4	2	21	3	27	
0	25	1	10	2	31	3	38	
0	47	1	39	2	14	3	37	
0	36	1	42	2	7	3	33	

Tempos_setup
M0
0	0	0	0	0	0	0	0	0	0	0	
0	0	3	1	4	2	2	2	1	1	1	
0	4	0	2	1	4	4	1	2	5	3	
0	4	7	0	7	5	4	3	2	5	3	
0	3	6	1	0	3	3	3	1	4	2	
0	1	4	2	5	0	3	3	2	2	2	
0	7	8	7	7	8	0	7	5	5	6	
0	5	7	5	4	5	5	0	5	6	4	
0	2	5	3	6	3	2	2	0	3	1	
0	4	3	2	4	3	5	4	4	0	4	
0	1	4	2	5	2	1	1	2	2	0	
M1
0	0	0	0	0	0	0	0	0	0	0	
0	0	5	2	5	3	5	5	5	5	3	
0	1	0	3	5	4	4	3	5	2	4	
0	4	5	0	3	1	3	3	4	3	1	
0	4	3	2	0	3	4	5	5	5	3	
0	4	4	2	5	0	3	2	3	4	3	
0	2	4	3	3	4	0	3	1	2	1	
0	2	5	4	3	5	1	0	2	3	2	
0	1	4	3	4	4	3	2	0	1	4	
0	1	3	3	3	4	4	3	3	0	3	
0	4	4	4	2	4	3	5	4	5	0	
M2
0	0	0	0	0	0	0	0	0	0	0	
0	0	3	2	4	1	3	3	4	2	4	
0	3	0	3	1	2	4	3	3	1	4	
0	6	3	0	4	4	1	3	5	4	3	
0	2	4	3	0	3	4	2	2	4	3	
0	5	2	1	3	0	2	4	3	1	3	
0	5	5	4	5	3	0	6	6	4	2	
0	5	2	3	3	2	4	0	2	3	5	
0	5	3	3	3	5	4	3	0	4	4	
0	6	3	2	4	1	3	5	2	0	4	
0	5	4	3	3	2	4	4	4	2	0	
M3
0	0	0	0	0	0	0	0	0	0	0	
0	0	6	5	1	3	4	5	4	5	7	
0	5	0	3	3	3	2	4	2	6	1	
0	7	7	0	3	6	6	7	6	6	8	
0	4	6	4	0	3	7	4	3	6	7	
0	5	3	5	6	0	5	7	5	9	4	
0	5	4	4	1	1	0	5	3	4	5	
0	3	2	4	4	4	4	0	4	2	3	
0	3	4	1	4	5	4	2	0	4	5	
0	1	1	2	2	4	3	5	3	0	2	
0	4	1	2	4	4	3	3	1	5	0	
Tamanho_Tarefas
0	25	32	11	10	20	31	14	26	24	10	
Data_Entrega
0	180	183	194	201	188	195	199	186	199	179	
Penalidade_Atraso
0	20	7	16	6	14	20	1	8	9	18	
Capacidade_Veiculo
60	69	45	94	
Custo_Fixo_Veiculo
600	690	450	940	
Coordenadas_Clientes
x	0	y	0
x	97	y	0
x	75	y	54
x	29	y	89
x	-36	y	113
x	-80	y	58
x	-116	y	0
x	-92	y	-67
x	-35	y	-109
x	32	y	-100
x	71	y	-51
Tempo_Viagem
0	97	92	93	118	98	116	113	114	104	87	
97	0	58	112	174	186	213	200	171	119	57	
92	58	0	57	125	155	198	205	196	159	105	
93	112	57	0	69	113	170	197	207	189	146	
118	174	125	69	0	70	138	188	222	222	195	
98	186	155	113	70	0	68	125	172	193	185	
116	213	198	170	138	68	0	71	135	178	193	
113	200	205	197	188	125	71	0	70	128	163	
114	171	196	207	222	172	135	70	0	67	120	
104	119	159	189	222	193	178	128	67	0	62	
87	57	105	146	195	185	193	163	120	62	0	
Custo_Viagem
V0
0	1164	1104	1116	1416	1176	1392	1356	1368	1248	1044	
1164	0	696	1344	2088	2232	2556	2400	2052	1428	684	
1104	696	0	684	1500	1860	2376	2472	2352	1908	1260	
1116	1344	684	0	828	1356	2040	2364	2496	2268	1752	
1416	2088	1500	828	0	840	1656	2256	2664	2676	2340	
1176	2232	1860	1356	840	0	816	1500	2064	2316	2232	
1392	2556	2376	2040	1656	816	0	852	1620	2136	2316	
1356	2400	2472	2364	2256	1500	852	0	840	1536	1956	
1368	2052	2352	2496	2664	2064	1620	840	0	804	1440	
1248	1428	1908	2268	2676	2316	2136	1536	804	0	744	
1044	684	1260	1752	2340	2232	2316	1956	1440	744	0	
V1
0	1338	1269	1283	1628	1352	1600	1559	1573	1435	1200	
1338	0	800	1545	2401	2566	2939	2760	2359	1642	786	
1269	800	0	786	1725	2139	2732	2842	2704	2194	1449	
1283	1545	786	0	952	1559	2346	2718	2870	2608	2014	
1628	2401	1725	952	0	966	1904	2594	3063	3077	2691	
1352	2566	2139	1559	966	0	938	1725	2373	2663	2566	
1600	2939	2732	2346	1904	938	0	979	1863	2456	2663	
1559	2760	2842	2718	2594	1725	979	0	966	1766	2249	
1573	2359	2704	2870	3063	2373	1863	966	0	924	1656	
1435	1642	2194	2608	3077	2663	2456	1766	924	0	855	
1200	786	1449	2014	2691	2566	2663	2249	1656	855	0	
V2
0	873	828	837	1062	882	1044	1017	1026	936	783	
873	0	522	1008	1566	1674	1917	1800	1539	1071	513	
828	522	0	513	1125	1395	1782	1854	1764	1431	945	
837	1008	513	0	621	1017	1530	1773	1872	1701	1314	
1062	1566	1125	621	0	630	1242	1692	1998	2007	1755	
882	1674	1395	1017	630	0	612	1125	1548	1737	1674	
1044	1917	1782	1530	1242	612	0	639	1215	1602	1737	
1017	1800	1854	1773	1692	1125	639	0	630	1152	1467	
1026	1539	1764	1872	1998	1548	1215	630	0	603	1080	
936	1071	1431	1701	2007	1737	1602	1152	603	0	558	
783	513	945	1314	1755	1674	1737	1467	1080	558	0	
V3
0	1823	1729	1748	2218	1842	2180	2124	2143	1955	1635	
1823	0	1090	2105	3271	3496	4004	3760	3214	2237	1071	
1729	1090	0	1071	2350	2914	3722	3872	3684	2989	1974	
1748	2105	1071	0	1297	2124	3196	3703	3910	3553	2744	
2218	3271	2350	1297	0	1316	2594	3534	4173	4192	3666	
1842	3496	2914	2124	1316	0	1278	2350	3233	3628	3496	
2180	4004	3722	3196	2594	1278	0	1334	2538	3346	3628	
2124	3760	3872	3703	3534	2350	1334	0	1316	2406	3064	
2143	3214	3684	3910	4173	3233	2538	1316	0	1259	2256	
1955	2237	2989	3553	4192	3628	3346	2406	1259	0	1165	
1635	1071	1974	2744	3666	3496	3628	3064	2256	1165	0	
Velocidade_Veiculos
1	1	1	1	