M: 4
N: 10
Nun_Veiculos: 5
Capacidade_Total: 326
Demanda_Total: 161
Setup_Min: 1
Setup_Max: 9
Raio: 20
Circulos: 1
Tempo_Processamento_Min: 1
Tempo_Processamento_Max: 49
Demanda_Min: 10
Demanda_Max: 30
Priority_Factor: 0.2
Range_Factor_R: 0.8
U_factor: 2
ALpha: 0.2Replicao: 0
Tempos_Processamentos
0	0	1	0	2	0	3	0	
0	35	1	21	2	5	3	26	
0	35	1	47	2	32	3	7	
0	9	1	42	2	31	3	38	
0	46	1	29	2	44	3	23	
0	43	1	47	2	10	3	27	
0	42	1	34	2	28	3	29	
0	16	1	9	2	9	3	11	
0	47	1	15	2	10	3	8	
0	35	1	32	2	21	3	2	
0	16	1	25	2	1	3	9	

Tempos_setup
M0
0	0	0	0	0	0	0	0	0	0	0	
0	0	2	5	3	1	3	2	3	4	3	
0	4	0	5	3	3	2	3	4	2	5	
0	5	2	0	2	5	4	5	6	4	4	
0	3	1	2	0	4	3	3	4	3	2	
0	1	1	5	3	0	2	1	2	3	2	
0	4	3	4	2	3	0	4	3	5	3	
0	2	2	5	3	1	1	0	1	4	3	
0	4	4	5	3	5	6	6	0	3	5	
0	5	6	9	7	5	5	6	6	0	4	
0	1	3	6	4	2	2	3	2	5	0	
M1
0	0	0	0	0	0	0	0	0	0	0	
0	0	1	2	2	4	2	3	4	6	1	
0	4	0	2	1	4	3	3	6	5	1	
0	2	2	0	3	4	1	1	4	5	2	
0	3	3	1	0	5	2	2	5	6	2	
0	2	3	4	4	0	4	1	5	2	3	
0	4	5	3	2	4	0	4	3	6	4	
0	1	2	3	3	3	3	0	4	4	2	
0	2	3	3	2	1	4	2	0	3	3	
0	4	4	2	5	4	3	3	3	0	4	
0	5	6	4	3	3	3	4	6	5	0	
M2
0	0	0	0	0	0	0	0	0	0	0	
0	0	3	2	2	3	1	5	4	5	1	
0	6	0	6	7	1	6	6	6	5	6	
0	4	5	0	5	3	5	3	2	3	3	
0	4	3	2	0	2	1	4	4	3	2	
0	5	6	7	6	0	6	5	5	4	5	
0	5	2	1	1	2	0	4	3	4	1	
0	4	2	6	6	3	5	0	8	7	4	
0	2	3	2	3	1	3	1	0	1	3	
0	1	2	3	3	2	2	1	1	0	2	
0	6	3	4	4	3	3	5	6	5	0	
M3
0	0	0	0	0	0	0	0	0	0	0	
0	0	4	6	7	3	5	6	3	5	8	
0	3	0	7	3	4	2	4	4	5	5	
0	3	3	0	6	1	2	5	2	4	4	
0	3	2	4	0	5	3	1	5	2	2	
0	3	4	5	6	0	2	4	1	3	5	
0	1	2	5	4	2	0	5	3	5	3	
0	3	4	3	6	4	2	0	4	3	5	
0	4	5	6	7	5	3	3	0	5	5	
0	1	1	4	4	4	3	5	4	0	6	
0	6	6	6	4	5	5	3	3	5	0	
Tamanho_Tarefas
0	6	12	13	31	17	28	10	16	16	12	
Data_Entrega
0	52	40	45	42	50	57	52	51	52	48	
Penalidade_Atraso
0	1	17	17	14	20	20	13	20	15	7	
Capacidade_Veiculo
74	54	82	79	37	
Custo_Fixo_Veiculo
740	540	820	790	370	
Coordenadas_Clientes
x	0	y	0
x	19	y	0
x	16	y	12
x	6	y	19
x	-4	y	14
x	-13	y	10
x	-20	y	0
x	-16	y	-12
x	-5	y	-18
x	7	y	-23
x	19	y	-13
Tempo_Viagem
0	19	20	19	14	16	20	20	18	24	23	
19	0	12	23	26	33	39	37	30	25	13	
20	12	0	12	20	29	37	40	36	36	25	
19	23	12	0	11	20	32	38	37	42	34	
14	26	20	11	0	9	21	28	32	38	35	
16	33	29	20	9	0	12	22	29	38	39	
20	39	37	32	21	12	0	12	23	35	41	
20	37	40	38	28	22	12	0	12	25	35	
18	30	36	37	32	29	23	12	0	13	24	
24	25	36	42	38	38	35	25	13	0	15	
23	13	25	34	35	39	41	35	24	15	0	
Custo_Viagem
V0
0	281	296	281	207	236	296	296	266	355	340	
281	0	177	340	384	488	577	547	444	370	192	
296	177	0	177	296	429	547	592	532	532	370	
281	340	177	0	162	310	473	562	562	621	503	
207	384	296	162	0	133	310	414	473	562	518	
236	488	429	310	133	0	177	325	429	562	577	
296	577	547	473	310	177	0	177	340	518	606	
296	547	592	562	414	325	177	0	177	370	518	
266	444	532	562	473	429	340	177	0	192	355	
355	370	532	621	562	562	518	370	192	0	222	
340	192	370	503	518	577	606	518	355	222	0	
V1
0	205	216	205	151	172	216	216	194	259	248	
205	0	129	248	280	356	421	399	324	270	140	
216	129	0	129	216	313	399	432	388	388	270	
205	248	129	0	118	226	345	410	410	453	367	
151	280	216	118	0	97	226	302	345	410	378	
172	356	313	226	97	0	129	237	313	410	421	
216	421	399	345	226	129	0	129	248	378	442	
216	399	432	410	302	237	129	0	129	270	378	
194	324	388	410	345	313	248	129	0	140	259	
259	270	388	453	410	410	378	270	140	0	162	
248	140	270	367	378	421	442	378	259	162	0	
V2
0	311	328	311	229	262	328	328	295	393	377	
311	0	196	377	426	541	639	606	492	410	213	
328	196	0	196	328	475	606	656	590	590	410	
311	377	196	0	180	344	524	623	623	688	557	
229	426	328	180	0	147	344	459	524	623	574	
262	541	475	344	147	0	196	360	475	623	639	
328	639	606	524	344	196	0	196	377	574	672	
328	606	656	623	459	360	196	0	196	410	574	
295	492	590	623	524	475	377	196	0	213	393	
393	410	590	688	623	623	574	410	213	0	246	
377	213	410	557	574	639	672	574	393	246	0	
V3
0	300	316	300	221	252	316	316	284	379	363	
300	0	189	363	410	521	616	584	474	395	205	
316	189	0	189	316	458	584	632	568	568	395	
300	363	189	0	173	331	505	600	600	663	537	
221	410	316	173	0	142	331	442	505	600	553	
252	521	458	331	142	0	189	347	458	600	616	
316	616	584	505	331	189	0	189	363	553	647	
316	584	632	600	442	347	189	0	189	395	553	
284	474	568	600	505	458	363	189	0	205	379	
379	395	568	663	600	600	553	395	205	0	237	
363	205	395	537	553	616	647	553	379	237	0	
V4
0	140	148	140	103	118	148	148	133	177	170	
140	0	88	170	192	244	288	273	222	185	96	
148	88	0	88	148	214	273	296	266	266	185	
140	170	88	0	81	155	236	281	281	310	251	
103	192	148	81	0	66	155	207	236	281	259	
118	244	214	155	66	0	88	162	214	281	288	
148	288	273	236	155	88	0	88	170	259	303	
148	273	296	281	207	162	88	0	88	185	259	
133	222	266	281	236	214	170	88	0	96	177	
177	185	266	310	281	281	259	185	96	0	111	
170	96	185	251	259	288	303	259	177	111	0	
Velocidade_Veiculos
1	1	1	1	1	