M: 4
N: 10
Nun_Veiculos: 5
Capacidade_Total: 304
Demanda_Total: 195
Setup_Min: 1
Setup_Max: 99
Raio: 100
Circulos: 1
Tempo_Processamento_Min: 1
Tempo_Processamento_Max: 49
Demanda_Min: 10
Demanda_Max: 30
Priority_Factor: 0.2
Range_Factor_R: 0.8
U_factor: 2
ALpha: 0.2Replicao: 4
Tempos_Processamentos
0	0	1	0	2	0	3	0	
0	14	1	32	2	21	3	49	
0	7	1	49	2	4	3	38	
0	34	1	33	2	3	3	35	
0	20	1	49	2	48	3	1	
0	23	1	48	2	40	3	25	
0	42	1	16	2	12	3	15	
0	23	1	49	2	20	3	47	
0	13	1	27	2	11	3	15	
0	45	1	17	2	49	3	37	
0	15	1	34	2	34	3	35	

Tempos_setup
M0
0	0	0	0	0	0	0	0	0	0	0	
0	0	14	8	6	33	3	30	23	9	16	
0	41	0	28	26	62	23	45	43	13	36	
0	47	19	0	20	34	17	44	37	14	8	
0	49	21	2	0	36	19	24	17	16	10	
0	23	37	31	29	0	26	53	32	32	39	
0	52	11	5	3	39	0	27	20	6	13	
0	28	12	6	4	40	1	0	21	7	14	
0	43	40	34	32	20	29	28	0	35	42	
0	46	5	15	13	49	10	37	30	0	23	
0	39	11	14	12	26	9	36	29	6	0	
M1
0	0	0	0	0	0	0	0	0	0	0	
0	0	62	63	41	67	49	64	51	59	75	
0	15	0	8	9	20	30	9	19	44	28	
0	7	38	0	11	12	25	1	14	43	20	
0	29	44	22	0	34	31	23	20	35	42	
0	15	26	8	19	0	13	9	2	31	8	
0	5	13	21	22	23	0	22	19	18	31	
0	6	45	27	10	19	32	0	21	42	27	
0	16	24	32	33	34	11	33	0	29	42	
0	20	15	13	24	8	21	14	10	0	16	
0	17	25	33	34	35	12	34	1	30	0	
M2
0	0	0	0	0	0	0	0	0	0	0	
0	0	43	27	31	28	39	30	12	11	5	
0	24	0	44	23	24	35	16	8	7	29	
0	44	35	0	8	20	31	22	28	27	3	
0	51	27	21	0	12	23	14	35	34	24	
0	39	15	35	15	0	11	2	23	22	38	
0	28	4	25	4	16	0	18	12	11	28	
0	46	23	43	22	34	35	0	31	30	46	
0	54	38	59	38	45	34	47	0	45	59	
0	17	32	44	32	17	28	19	1	0	22	
0	41	53	22	26	38	49	40	25	24	0	
M3
0	0	0	0	0	0	0	0	0	0	0	
0	0	6	4	11	17	61	39	7	3	6	
0	2	0	6	13	12	61	36	9	5	8	
0	17	22	0	7	20	57	48	3	20	2	
0	17	15	21	0	25	62	51	8	20	7	
0	15	13	11	18	0	68	49	14	10	13	
0	9	7	5	12	14	0	23	8	4	7	
0	25	30	8	15	28	65	0	11	28	10	
0	14	20	18	10	25	71	51	0	17	17	
0	5	3	1	8	15	58	39	4	0	3	
0	15	21	19	11	18	55	46	1	18	0	
Tamanho_Tarefas
0	25	18	5	24	28	14	22	13	26	20	
Data_Entrega
0	201	182	199	186	186	195	185	188	181	193	
Penalidade_Atraso
0	13	18	8	9	14	14	19	2	20	20	
Capacidade_Veiculo
43	53	84	49	75	
Custo_Fixo_Veiculo
430	530	840	490	750	
Coordenadas_Clientes
x	0	y	0
x	109	y	0
x	82	y	59
x	23	y	71
x	-30	y	94
x	-76	y	55
x	-124	y	0
x	-67	y	-48
x	-37	y	-116
x	33	y	-104
x	78	y	-57
Tempo_Viagem
0	109	101	74	98	93	124	82	121	109	96	
109	0	64	111	167	193	233	182	186	128	64	
101	64	0	60	117	158	214	183	211	170	116	
74	111	60	0	57	100	163	149	195	175	139	
98	167	117	57	0	60	132	146	210	207	185	
93	193	158	100	60	0	73	103	175	192	189	
124	233	214	163	132	73	0	74	145	188	209	
82	182	183	149	146	103	74	0	74	114	145	
121	186	211	195	210	175	145	74	0	71	129	
109	128	170	175	207	192	188	114	71	0	65	
96	64	116	139	185	189	209	145	129	65	0	
Custo_Viagem
V0
0	937	868	636	842	799	1066	705	1040	937	825	
937	0	550	954	1436	1659	2003	1565	1599	1100	550	
868	550	0	516	1006	1358	1840	1573	1814	1462	997	
636	954	516	0	490	860	1401	1281	1685	1505	1195	
842	1436	1006	490	0	516	1135	1255	1806	1780	1591	
799	1659	1358	860	516	0	627	885	1505	1651	1634	
1066	2003	1840	1401	1135	627	0	636	1247	1616	1797	
705	1565	1573	1281	1255	885	636	0	636	980	1247	
1040	1599	1814	1685	1806	1505	1247	636	0	610	1109	
937	1100	1462	1505	1780	1651	1616	980	610	0	559	
825	550	997	1195	1591	1634	1797	1247	1109	559	0	
V1
0	1155	1070	784	1038	985	1314	869	1282	1155	1017	
1155	0	678	1176	1770	2045	2469	1929	1971	1356	678	
1070	678	0	636	1240	1674	2268	1939	2236	1802	1229	
784	1176	636	0	604	1060	1727	1579	2077	1855	1473	
1038	1770	1240	604	0	636	1399	1547	2226	2194	1961	
985	2045	1674	1060	636	0	773	1091	1855	2035	2014	
1314	2469	2268	1727	1399	773	0	784	1537	1992	2215	
869	1929	1939	1579	1547	1091	784	0	784	1208	1537	
1282	1971	2236	2077	2226	1855	1537	784	0	752	1367	
1155	1356	1802	1855	2194	2035	1992	1208	752	0	689	
1017	678	1229	1473	1961	2014	2215	1537	1367	689	0	
V2
0	1831	1696	1243	1646	1562	2083	1377	2032	1831	1612	
1831	0	1075	1864	2805	3242	3914	3057	3124	2150	1075	
1696	1075	0	1008	1965	2654	3595	3074	3544	2856	1948	
1243	1864	1008	0	957	1680	2738	2503	3292	2940	2335	
1646	2805	1965	957	0	1008	2217	2452	3528	3477	3108	
1562	3242	2654	1680	1008	0	1226	1730	2940	3225	3192	
2083	3914	3595	2738	2217	1226	0	1243	2436	3158	3511	
1377	3057	3074	2503	2452	1730	1243	0	1243	1915	2436	
2032	3124	3544	3292	3528	2940	2436	1243	0	1192	2167	
1831	2150	2856	2940	3477	3225	3158	1915	1192	0	1092	
1612	1075	1948	2335	3108	3192	3511	2436	2167	1092	0	
V3
0	1068	989	725	960	911	1215	803	1185	1068	940	
1068	0	627	1087	1636	1891	2283	1783	1822	1254	627	
989	627	0	588	1146	1548	2097	1793	2067	1666	1136	
725	1087	588	0	558	980	1597	1460	1920	1715	1362	
960	1636	1146	558	0	588	1293	1430	2058	2028	1813	
911	1891	1548	980	588	0	715	1009	1715	1881	1862	
1215	2283	2097	1597	1293	715	0	725	1421	1842	2048	
803	1783	1793	1460	1430	1009	725	0	725	1117	1421	
1185	1822	2067	1920	2058	1715	1421	725	0	695	1264	
1068	1254	1666	1715	2028	1881	1842	1117	695	0	637	
940	627	1136	1362	1813	1862	2048	1421	1264	637	0	
V4
0	1635	1515	1110	1470	1395	1860	1230	1815	1635	1440	
1635	0	960	1665	2505	2895	3495	2730	2790	1920	960	
1515	960	0	900	1755	2370	3210	2745	3165	2550	1740	
1110	1665	900	0	855	1500	2445	2235	2940	2625	2085	
1470	2505	1755	855	0	900	1980	2190	3150	3105	2775	
1395	2895	2370	1500	900	0	1095	1545	2625	2880	2850	
1860	3495	3210	2445	1980	1095	0	1110	2175	2820	3135	
1230	2730	2745	2235	2190	1545	1110	0	1110	1710	2175	
1815	2790	3165	2940	3150	2625	2175	1110	0	1065	1935	
1635	1920	2550	2625	3105	2880	2820	1710	1065	0	975	
1440	960	1740	2085	2775	2850	3135	2175	1935	975	0	
Velocidade_Veiculos
1	1	1	1	1	