M: 4
N: 10
Nun_Veiculos: 5
Capacidade_Total: 229
Demanda_Total: 125
Setup_Min: 1
Setup_Max: 99
Raio: 20
Circulos: 1
Tempo_Processamento_Min: 1
Tempo_Processamento_Max: 49
Demanda_Min: 10
Demanda_Max: 30
Priority_Factor: 0.2
Range_Factor_R: 0.8
U_factor: 2
ALpha: 0.2Replicao: 1
Tempos_Processamentos
0	0	1	0	2	0	3	0	
0	33	1	19	2	16	3	4	
0	18	1	18	2	42	3	18	
0	20	1	5	2	28	3	1	
0	9	1	20	2	43	3	28	
0	4	1	8	2	42	3	33	
0	36	1	37	2	5	3	7	
0	6	1	19	2	32	3	11	
0	18	1	11	2	22	3	14	
0	35	1	6	2	10	3	35	
0	38	1	31	2	39	3	2	

Tempos_setup
M0
0	0	0	0	0	0	0	0	0	0	0	
0	0	33	30	22	34	15	32	24	27	5	
0	61	0	53	49	36	42	26	34	15	51	
0	30	15	0	4	4	18	2	10	5	28	
0	38	18	29	0	12	27	17	25	5	42	
0	26	11	17	21	0	15	5	13	1	31	
0	19	18	36	7	19	0	19	9	12	24	
0	35	34	44	23	35	16	0	8	28	40	
0	60	68	58	57	62	50	34	0	62	62	
0	47	13	38	36	21	36	26	34	0	52	
0	34	55	40	44	44	49	42	50	45	0	
M1
0	0	0	0	0	0	0	0	0	0	0	
0	0	38	27	18	41	19	8	27	26	43	
0	37	0	46	37	20	53	45	55	33	62	
0	21	34	0	39	34	40	29	48	47	16	
0	21	36	9	0	43	40	29	29	43	25	
0	17	33	26	17	0	36	25	44	43	42	
0	28	34	20	29	22	0	36	8	46	36	
0	43	30	22	43	46	24	0	30	47	38	
0	52	26	63	54	46	58	60	0	38	63	
0	37	48	25	16	42	20	45	22	0	41	
0	5	18	32	23	38	24	13	32	31	0	
M2
0	0	0	0	0	0	0	0	0	0	0	
0	0	43	37	38	51	36	55	49	55	11	
0	18	0	19	20	16	18	12	6	12	16	
0	21	50	0	1	14	6	33	26	32	32	
0	20	50	6	0	20	5	32	32	38	31	
0	22	36	14	15	0	20	47	12	18	33	
0	15	51	1	2	15	0	34	27	33	26	
0	21	18	7	8	11	6	0	1	7	32	
0	32	46	24	20	10	25	40	0	6	43	
0	26	40	18	14	4	19	34	16	0	37	
0	5	32	26	27	40	25	44	38	44	0	
M3
0	0	0	0	0	0	0	0	0	0	0	
0	0	6	49	6	27	32	38	31	29	8	
0	33	0	43	29	21	34	32	25	23	2	
0	33	18	0	22	10	23	21	14	4	20	
0	45	27	44	0	22	35	33	26	24	3	
0	23	8	22	29	0	13	11	4	26	10	
0	28	23	28	34	15	0	26	2	32	22	
0	38	29	11	20	21	34	0	12	15	23	
0	26	21	35	32	13	26	24	0	39	23	
0	36	21	35	18	13	26	24	17	0	21	
0	42	24	41	27	19	32	30	23	21	0	
Tamanho_Tarefas
0	14	21	11	12	6	10	9	16	6	20	
Data_Entrega
0	50	45	47	59	53	58	56	50	53	55	
Penalidade_Atraso
0	13	12	13	1	8	15	6	18	1	18	
Capacidade_Veiculo
37	42	62	38	50	
Custo_Fixo_Veiculo
370	420	620	380	500	
Coordenadas_Clientes
x	0	y	0
x	19	y	0
x	18	y	13
x	7	y	22
x	-7	y	23
x	-19	y	13
x	-16	y	0
x	-18	y	-13
x	-7	y	-22
x	7	y	-23
x	16	y	-12
Tempo_Viagem
0	19	22	23	24	23	16	22	23	24	20	
19	0	13	25	34	40	35	39	34	25	12	
22	13	0	14	26	37	36	44	43	37	25	
23	25	14	0	14	27	31	43	46	45	35	
24	34	26	14	0	15	24	37	45	48	41	
23	40	37	27	15	0	13	26	36	44	43	
16	35	36	31	24	13	0	13	23	32	34	
22	39	44	43	37	26	13	0	14	26	34	
23	34	43	46	45	36	23	14	0	14	25	
24	25	37	45	48	44	32	26	14	0	14	
20	12	25	35	41	43	34	34	25	14	0	
Custo_Viagem
V0
0	140	162	170	177	170	118	162	170	177	148	
140	0	96	185	251	296	259	288	251	185	88	
162	96	0	103	192	273	266	325	318	273	185	
170	185	103	0	103	199	229	318	340	333	259	
177	251	192	103	0	111	177	273	333	355	303	
170	296	273	199	111	0	96	192	273	325	318	
118	259	266	229	177	96	0	96	170	236	251	
162	288	325	318	273	192	96	0	103	192	251	
170	251	318	340	333	273	170	103	0	103	185	
177	185	273	333	355	325	236	192	103	0	103	
148	88	185	259	303	318	251	251	185	103	0	
V1
0	159	184	193	201	193	134	184	193	201	168	
159	0	109	210	285	336	294	327	285	210	100	
184	109	0	117	218	310	302	369	361	310	210	
193	210	117	0	117	226	260	361	386	378	294	
201	285	218	117	0	126	201	310	378	403	344	
193	336	310	226	126	0	109	218	310	369	361	
134	294	302	260	201	109	0	109	193	268	285	
184	327	369	361	310	218	109	0	117	218	285	
193	285	361	386	378	310	193	117	0	117	210	
201	210	310	378	403	369	268	218	117	0	117	
168	100	210	294	344	361	285	285	210	117	0	
V2
0	235	272	285	297	285	198	272	285	297	248	
235	0	161	310	421	496	434	483	421	310	148	
272	161	0	173	322	458	446	545	533	458	310	
285	310	173	0	173	334	384	533	570	558	434	
297	421	322	173	0	186	297	458	558	595	508	
285	496	458	334	186	0	161	322	458	545	533	
198	434	446	384	297	161	0	161	285	396	421	
272	483	545	533	458	322	161	0	173	322	421	
285	421	533	570	558	458	285	173	0	173	310	
297	310	458	558	595	545	396	322	173	0	173	
248	148	310	434	508	533	421	421	310	173	0	
V3
0	144	167	174	182	174	121	167	174	182	152	
144	0	98	190	258	304	266	296	258	190	91	
167	98	0	106	197	281	273	334	326	281	190	
174	190	106	0	106	205	235	326	349	342	266	
182	258	197	106	0	114	182	281	342	364	311	
174	304	281	205	114	0	98	197	281	334	326	
121	266	273	235	182	98	0	98	174	243	258	
167	296	334	326	281	197	98	0	106	197	258	
174	258	326	349	342	281	174	106	0	106	190	
182	190	281	342	364	334	243	197	106	0	106	
152	91	190	266	311	326	258	258	190	106	0	
V4
0	190	220	230	240	230	160	220	230	240	200	
190	0	130	250	340	400	350	390	340	250	120	
220	130	0	140	260	370	360	440	430	370	250	
230	250	140	0	140	270	310	430	460	450	350	
240	340	260	140	0	150	240	370	450	480	410	
230	400	370	270	150	0	130	260	370	440	430	
160	350	360	310	240	130	0	130	230	320	340	
220	390	440	430	370	260	130	0	140	260	340	
230	340	430	460	450	370	230	140	0	140	250	
240	250	370	450	480	440	320	260	140	0	140	
200	120	250	350	410	430	340	340	250	140	0	
Velocidade_Veiculos
1	1	1	1	1	