M: 4
N: 10
Nun_Veiculos: 7
Capacidade_Total: 302
Demanda_Total: 147
Setup_Min: 1
Setup_Max: 99
Raio: 20
Circulos: 1
Tempo_Processamento_Min: 1
Tempo_Processamento_Max: 49
Demanda_Min: 10
Demanda_Max: 30
Priority_Factor: 0.2
Range_Factor_R: 0.8
U_factor: 2
ALpha: 0.2Replicao: 1
Tempos_Processamentos
0	0	1	0	2	0	3	0	
0	44	1	3	2	25	3	16	
0	25	1	13	2	16	3	43	
0	9	1	9	2	30	3	44	
0	46	1	3	2	18	3	22	
0	8	1	9	2	36	3	20	
0	14	1	46	2	14	3	42	
0	28	1	12	2	13	3	17	
0	16	1	11	2	41	3	41	
0	30	1	1	2	42	3	18	
0	7	1	11	2	23	3	48	

Tempos_setup
M0
0	0	0	0	0	0	0	0	0	0	0	
0	0	19	39	39	13	24	28	23	23	43	
0	26	0	49	23	9	5	27	33	7	24	
0	19	38	0	46	32	43	47	42	6	31	
0	7	11	46	0	5	16	35	30	18	35	
0	32	6	55	29	0	11	33	39	13	30	
0	25	5	44	18	14	0	22	28	12	29	
0	29	15	22	22	24	10	0	6	4	39	
0	23	9	16	16	18	4	5	0	9	33	
0	47	51	47	40	45	46	47	42	0	75	
0	2	21	41	41	15	26	30	25	25	0	
M1
0	0	0	0	0	0	0	0	0	0	0	
0	0	41	28	58	38	63	41	53	49	27	
0	37	0	38	27	61	22	26	44	47	51	
0	31	39	0	50	53	58	64	25	60	32	
0	38	21	11	0	45	43	47	17	20	24	
0	28	3	39	30	0	25	29	47	50	38	
0	31	33	36	60	69	0	59	43	35	35	
0	11	38	24	47	35	60	0	44	60	26	
0	21	31	8	42	28	53	40	0	62	7	
0	21	58	19	69	59	74	32	44	0	18	
0	32	40	1	51	54	56	39	26	61	0	
M2
0	0	0	0	0	0	0	0	0	0	0	
0	0	2	6	32	1	7	7	3	17	11	
0	27	0	29	36	15	5	32	30	44	13	
0	24	1	0	26	16	6	5	27	41	10	
0	10	12	16	0	11	17	17	13	27	21	
0	24	1	30	37	0	6	31	27	41	10	
0	22	21	28	37	23	0	29	25	39	8	
0	19	21	25	51	20	26	0	22	36	5	
0	11	4	3	29	11	9	8	0	28	13	
0	40	20	19	38	35	25	24	43	0	29	
0	14	16	20	46	15	21	21	17	31	0	
M3
0	0	0	0	0	0	0	0	0	0	0	
0	0	4	12	62	29	36	22	27	24	22	
0	30	0	8	58	27	61	52	30	36	18	
0	23	27	0	69	34	55	45	37	28	32	
0	26	30	38	0	16	34	46	19	34	7	
0	30	20	28	35	0	34	52	3	54	38	
0	31	21	29	36	1	0	40	4	55	19	
0	39	30	16	47	16	50	0	19	24	7	
0	45	17	25	42	30	64	67	0	53	35	
0	36	6	14	44	13	27	43	16	0	4	
0	39	23	31	40	9	43	39	12	59	0	
Tamanho_Tarefas
0	17	13	11	10	15	22	15	14	9	21	
Data_Entrega
0	56	57	59	40	60	42	52	56	53	54	
Penalidade_Atraso
0	17	7	19	17	7	17	7	13	5	11	
Capacidade_Veiculo
27	63	46	39	55	30	42	
Custo_Fixo_Veiculo
270	630	460	390	550	300	420	
Coordenadas_Clientes
x	0	y	0
x	16	y	0
x	19	y	13
x	5	y	17
x	-6	y	20
x	-18	y	13
x	-16	y	0
x	-13	y	-9
x	-6	y	-18
x	5	y	-15
x	17	y	-12
Tempo_Viagem
0	16	23	17	20	22	16	15	18	15	20	
16	0	13	20	29	36	32	30	28	18	12	
23	13	0	14	25	37	37	38	39	31	25	
17	20	14	0	11	23	27	31	35	32	31	
20	29	25	11	0	13	22	29	38	35	39	
22	36	37	23	13	0	13	22	33	36	42	
16	32	37	27	22	13	0	9	20	25	35	
15	30	38	31	29	22	9	0	11	18	30	
18	28	39	35	38	33	20	11	0	11	23	
15	18	31	32	35	36	25	18	11	0	12	
20	12	25	31	39	42	35	30	23	12	0	
Custo_Viagem
V0
0	86	124	91	108	118	86	81	97	81	108	
86	0	70	108	156	194	172	162	151	97	64	
124	70	0	75	135	199	199	205	210	167	135	
91	108	75	0	59	124	145	167	194	172	167	
108	156	135	59	0	70	118	156	205	194	210	
118	194	199	124	70	0	70	118	178	194	232	
86	172	199	145	118	70	0	48	108	135	189	
81	162	205	167	156	118	48	0	59	97	162	
97	151	210	194	205	178	108	59	0	59	124	
81	97	167	172	194	194	135	97	59	0	64	
108	64	135	167	210	232	189	162	124	64	0	
V1
0	201	289	214	252	277	201	189	226	189	252	
201	0	163	252	365	453	403	378	352	226	151	
289	163	0	176	315	466	466	478	491	390	315	
214	252	176	0	138	289	340	390	453	403	390	
252	365	315	138	0	163	277	365	478	453	491	
277	453	466	289	163	0	163	277	415	453	541	
201	403	466	340	277	163	0	113	252	315	441	
189	378	478	390	365	277	113	0	138	226	378	
226	352	491	453	478	415	252	138	0	138	289	
189	226	390	403	453	453	315	226	138	0	151	
252	151	315	390	491	541	441	378	289	151	0	
V2
0	147	211	156	184	202	147	138	165	138	184	
147	0	119	184	266	331	294	276	257	165	110	
211	119	0	128	230	340	340	349	358	285	230	
156	184	128	0	101	211	248	285	331	294	285	
184	266	230	101	0	119	202	266	349	331	358	
202	331	340	211	119	0	119	202	303	331	395	
147	294	340	248	202	119	0	82	184	230	322	
138	276	349	285	266	202	82	0	101	165	276	
165	257	358	331	349	303	184	101	0	101	211	
138	165	285	294	331	331	230	165	101	0	110	
184	110	230	285	358	395	322	276	211	110	0	
V3
0	124	179	132	156	171	124	117	140	117	156	
124	0	101	156	226	280	249	234	218	140	93	
179	101	0	109	195	288	288	296	304	241	195	
132	156	109	0	85	179	210	241	280	249	241	
156	226	195	85	0	101	171	226	296	280	304	
171	280	288	179	101	0	101	171	257	280	335	
124	249	288	210	171	101	0	70	156	195	273	
117	234	296	241	226	171	70	0	85	140	234	
140	218	304	280	296	257	156	85	0	85	179	
117	140	241	249	280	280	195	140	85	0	93	
156	93	195	241	304	335	273	234	179	93	0	
V4
0	176	253	187	220	242	176	165	198	165	220	
176	0	143	220	319	396	352	330	308	198	132	
253	143	0	154	275	407	407	418	429	341	275	
187	220	154	0	121	253	297	341	396	352	341	
220	319	275	121	0	143	242	319	418	396	429	
242	396	407	253	143	0	143	242	363	396	473	
176	352	407	297	242	143	0	99	220	275	385	
165	330	418	341	319	242	99	0	121	198	330	
198	308	429	396	418	363	220	121	0	121	253	
165	198	341	352	396	396	275	198	121	0	132	
220	132	275	341	429	473	385	330	253	132	0	
V5
0	96	138	102	120	132	96	90	108	90	120	
96	0	78	120	174	216	192	180	168	108	72	
138	78	0	84	150	222	222	228	234	186	150	
102	120	84	0	66	138	162	186	216	192	186	
120	174	150	66	0	78	132	174	228	216	234	
132	216	222	138	78	0	78	132	198	216	258	
96	192	222	162	132	78	0	54	120	150	210	
90	180	228	186	174	132	54	0	66	108	180	
108	168	234	216	228	198	120	66	0	66	138	
90	108	186	192	216	216	150	108	66	0	72	
120	72	150	186	234	258	210	180	138	72	0	
V6
0	134	193	142	168	184	134	126	151	126	168	
134	0	109	168	243	302	268	252	235	151	100	
193	109	0	117	210	310	310	319	327	260	210	
142	168	117	0	92	193	226	260	302	268	260	
168	243	210	92	0	109	184	243	319	302	327	
184	302	310	193	109	0	109	184	277	302	361	
134	268	310	226	184	109	0	75	168	210	294	
126	252	319	260	243	184	75	0	92	151	252	
151	235	327	302	319	277	168	92	0	92	193	
126	151	260	268	302	302	210	151	92	0	100	
168	100	210	260	327	361	294	252	193	100	0	
Velocidade_Veiculos
1	1	1	1	1	1	1	