M: 4
N: 10
Nun_Veiculos: 4
Capacidade_Total: 267
Demanda_Total: 209
Setup_Min: 1
Setup_Max: 99
Raio: 100
Circulos: 1
Tempo_Processamento_Min: 1
Tempo_Processamento_Max: 49
Demanda_Min: 10
Demanda_Max: 30
Priority_Factor: 0.2
Range_Factor_R: 0.8
U_factor: 2
ALpha: 0.2Replicao: 2
Tempos_Processamentos
0	0	1	0	2	0	3	0	
0	49	1	41	2	8	3	10	
0	21	1	20	2	43	3	9	
0	36	1	14	2	15	3	9	
0	35	1	15	2	18	3	36	
0	28	1	30	2	9	3	15	
0	6	1	36	2	22	3	27	
0	23	1	14	2	32	3	32	
0	25	1	48	2	44	3	9	
0	29	1	26	2	39	3	44	
0	14	1	27	2	40	3	46	

Tempos_setup
M0
0	0	0	0	0	0	0	0	0	0	0	
0	0	46	7	2	38	16	28	24	35	5	
0	49	0	41	1	37	15	35	19	40	39	
0	37	50	0	6	42	20	30	28	28	42	
0	48	44	41	0	36	14	34	22	39	46	
0	36	35	31	29	0	8	25	16	27	41	
0	45	57	27	33	22	0	20	8	36	50	
0	25	57	7	13	45	23	0	19	16	30	
0	58	90	40	46	69	47	33	0	49	63	
0	9	54	4	10	46	24	34	3	0	14	
0	39	52	2	8	44	22	23	21	30	0	
M1
0	0	0	0	0	0	0	0	0	0	0	
0	0	10	14	28	12	30	22	37	23	30	
0	55	0	17	53	15	30	12	37	26	23	
0	49	39	0	41	13	54	10	25	9	47	
0	52	42	3	0	1	57	13	28	12	50	
0	51	41	2	43	0	56	12	27	11	49	
0	60	21	15	23	13	0	10	7	24	44	
0	54	44	5	46	3	57	0	30	14	50	
0	57	14	8	16	6	44	3	0	17	37	
0	40	45	6	47	4	58	1	31	0	51	
0	49	28	22	30	20	7	17	14	31	0	
M2
0	0	0	0	0	0	0	0	0	0	0	
0	0	26	37	5	43	7	25	46	48	24	
0	45	0	29	27	62	48	38	24	40	52	
0	28	27	0	24	34	26	9	51	11	34	
0	27	40	51	0	38	21	39	62	53	38	
0	29	8	36	2	0	23	41	24	47	19	
0	6	19	43	11	49	0	31	43	54	17	
0	40	33	12	15	25	36	0	49	23	44	
0	30	43	54	3	41	24	42	0	56	41	
0	34	34	63	39	61	28	59	58	0	23	
0	20	46	51	25	38	27	41	62	62	0	
M3
0	0	0	0	0	0	0	0	0	0	0	
0	0	15	38	51	1	27	57	56	20	31	
0	52	0	23	44	27	12	47	66	30	16	
0	50	18	0	52	4	30	58	65	29	15	
0	69	23	19	0	23	21	6	46	21	7	
0	47	14	37	58	0	26	61	80	44	30	
0	55	24	39	41	23	0	35	54	18	4	
0	69	17	40	49	31	29	0	55	26	12	
0	58	28	51	41	18	40	11	0	37	23	
0	52	19	42	63	5	29	41	36	0	33	
0	66	33	56	37	19	43	43	50	14	0	
Tamanho_Tarefas
0	21	14	15	22	19	16	20	28	31	23	
Data_Entrega
0	192	206	191	212	198	189	209	185	185	205	
Penalidade_Atraso
0	20	3	3	10	16	4	2	18	9	1	
Capacidade_Veiculo
86	63	41	77	
Custo_Fixo_Veiculo
860	630	410	770	
Coordenadas_Clientes
x	0	y	0
x	120	y	0
x	83	y	60
x	32	y	98
x	-26	y	80
x	-65	y	47
x	-100	y	0
x	-98	y	-71
x	-35	y	-108
x	38	y	-116
x	86	y	-62
Tempo_Viagem
0	120	102	103	84	80	100	121	113	122	106	
120	0	70	131	166	190	220	229	188	142	70	
102	70	0	63	110	148	192	223	205	181	122	
103	131	63	0	60	109	164	213	216	214	168	
84	166	110	60	0	51	108	167	188	206	180	
80	190	148	109	51	0	58	122	157	192	186	
100	220	192	164	108	58	0	71	126	180	196	
121	229	223	213	167	122	71	0	73	143	184	
113	188	205	216	188	157	126	73	0	73	129	
122	142	181	214	206	192	180	143	73	0	72	
106	70	122	168	180	186	196	184	129	72	0	
Custo_Viagem
V0
0	2064	1754	1771	1444	1376	1720	2081	1943	2098	1823	
2064	0	1204	2253	2855	3268	3784	3938	3233	2442	1204	
1754	1204	0	1083	1892	2545	3302	3835	3526	3113	2098	
1771	2253	1083	0	1032	1874	2820	3663	3715	3680	2889	
1444	2855	1892	1032	0	877	1857	2872	3233	3543	3096	
1376	3268	2545	1874	877	0	997	2098	2700	3302	3199	
1720	3784	3302	2820	1857	997	0	1221	2167	3096	3371	
2081	3938	3835	3663	2872	2098	1221	0	1255	2459	3164	
1943	3233	3526	3715	3233	2700	2167	1255	0	1255	2218	
2098	2442	3113	3680	3543	3302	3096	2459	1255	0	1238	
1823	1204	2098	2889	3096	3199	3371	3164	2218	1238	0	
V1
0	1512	1285	1297	1058	1008	1260	1524	1423	1537	1335	
1512	0	882	1650	2091	2394	2772	2885	2368	1789	882	
1285	882	0	793	1386	1864	2419	2809	2583	2280	1537	
1297	1650	793	0	756	1373	2066	2683	2721	2696	2116	
1058	2091	1386	756	0	642	1360	2104	2368	2595	2268	
1008	2394	1864	1373	642	0	730	1537	1978	2419	2343	
1260	2772	2419	2066	1360	730	0	894	1587	2268	2469	
1524	2885	2809	2683	2104	1537	894	0	919	1801	2318	
1423	2368	2583	2721	2368	1978	1587	919	0	919	1625	
1537	1789	2280	2696	2595	2419	2268	1801	919	0	907	
1335	882	1537	2116	2268	2343	2469	2318	1625	907	0	
V2
0	984	836	844	688	656	820	992	926	1000	869	
984	0	574	1074	1361	1558	1804	1877	1541	1164	574	
836	574	0	516	902	1213	1574	1828	1681	1484	1000	
844	1074	516	0	492	893	1344	1746	1771	1754	1377	
688	1361	902	492	0	418	885	1369	1541	1689	1476	
656	1558	1213	893	418	0	475	1000	1287	1574	1525	
820	1804	1574	1344	885	475	0	582	1033	1476	1607	
992	1877	1828	1746	1369	1000	582	0	598	1172	1508	
926	1541	1681	1771	1541	1287	1033	598	0	598	1057	
1000	1164	1484	1754	1689	1574	1476	1172	598	0	590	
869	574	1000	1377	1476	1525	1607	1508	1057	590	0	
V3
0	1848	1570	1586	1293	1232	1540	1863	1740	1878	1632	
1848	0	1078	2017	2556	2926	3388	3526	2895	2186	1078	
1570	1078	0	970	1694	2279	2956	3434	3157	2787	1878	
1586	2017	970	0	924	1678	2525	3280	3326	3295	2587	
1293	2556	1694	924	0	785	1663	2571	2895	3172	2772	
1232	2926	2279	1678	785	0	893	1878	2417	2956	2864	
1540	3388	2956	2525	1663	893	0	1093	1940	2772	3018	
1863	3526	3434	3280	2571	1878	1093	0	1124	2202	2833	
1740	2895	3157	3326	2895	2417	1940	1124	0	1124	1986	
1878	2186	2787	3295	3172	2956	2772	2202	1124	0	1108	
1632	1078	1878	2587	2772	2864	3018	2833	1986	1108	0	
Velocidade_Veiculos
1	1	1	1	