M: 8
N: 10
Nun_Veiculos: 2
Capacidade_Total: 210
Demanda_Total: 124
Setup_Min: 1
Setup_Max: 9
Raio: 20
Circulos: 1
Tempo_Processamento_Min: 1
Tempo_Processamento_Max: 49
Demanda_Min: 10
Demanda_Max: 30
Priority_Factor: 0.2
Range_Factor_R: 0.8
U_factor: 2
ALpha: 0.2Replicao: 2
Tempos_Processamentos
0	0	1	0	2	0	3	0	4	0	5	0	6	0	7	0	
0	9	1	20	2	42	3	38	4	2	5	33	6	33	7	16	
0	2	1	42	2	46	3	44	4	4	5	29	6	8	7	32	
0	33	1	1	2	12	3	6	4	18	5	16	6	24	7	3	
0	35	1	3	2	47	3	42	4	30	5	1	6	31	7	16	
0	13	1	42	2	8	3	31	4	7	5	14	6	49	7	14	
0	43	1	23	2	27	3	21	4	29	5	24	6	16	7	28	
0	43	1	33	2	32	3	38	4	39	5	45	6	41	7	43	
0	1	1	20	2	37	3	49	4	22	5	15	6	7	7	31	
0	13	1	12	2	31	3	9	4	45	5	31	6	10	7	18	
0	10	1	22	2	35	3	14	4	1	5	12	6	44	7	8	

Tempos_setup
M0
0	0	0	0	0	0	0	0	0	0	0	
0	0	2	4	2	3	2	3	3	1	2	
0	3	0	2	3	4	3	3	2	2	1	
0	6	6	0	6	7	1	8	4	5	4	
0	2	4	2	0	1	3	3	2	3	2	
0	1	3	1	3	0	2	4	1	2	1	
0	5	5	4	5	6	0	8	4	4	3	
0	2	1	1	2	1	2	0	2	3	2	
0	3	2	4	2	3	1	5	0	1	2	
0	3	1	3	1	2	3	4	2	0	1	
0	4	3	3	3	3	2	6	1	2	0	
M1
0	0	0	0	0	0	0	0	0	0	0	
0	0	2	4	3	4	1	3	3	4	5	
0	3	0	3	2	3	4	1	5	3	5	
0	1	2	0	4	3	2	3	4	5	6	
0	1	3	1	0	3	2	4	4	5	3	
0	2	2	1	4	0	3	3	5	5	5	
0	3	1	3	2	3	0	2	2	4	4	
0	2	4	2	1	2	3	0	5	4	4	
0	3	3	6	5	5	4	4	0	5	7	
0	2	4	2	1	4	3	5	4	0	2	
0	3	4	2	4	4	4	5	4	3	0	
M2
0	0	0	0	0	0	0	0	0	0	0	
0	0	5	3	4	3	2	4	1	2	2	
0	1	0	3	2	4	3	2	2	3	3	
0	4	4	0	3	1	4	6	5	5	4	
0	1	5	4	0	3	2	4	2	3	3	
0	3	6	4	2	0	3	5	4	4	3	
0	3	3	4	2	4	0	2	4	3	3	
0	1	5	2	1	2	2	0	2	1	1	
0	3	4	2	3	3	1	3	0	1	1	
0	2	5	1	4	2	4	6	3	0	4	
0	3	5	1	3	2	4	2	3	3	0	
M3
0	0	0	0	0	0	0	0	0	0	0	
0	0	6	3	3	5	2	2	1	3	3	
0	5	0	3	3	2	5	2	5	3	4	
0	5	5	0	2	7	4	5	4	3	3	
0	3	5	5	0	7	4	5	4	1	5	
0	4	2	4	4	0	3	4	5	4	4	
0	1	4	1	1	3	0	3	2	2	1	
0	4	5	4	1	6	3	0	3	1	2	
0	2	5	2	2	4	1	1	0	2	2	
0	4	6	4	2	6	3	6	5	0	4	
0	2	3	2	2	4	1	2	1	3	0	
M4
0	0	0	0	0	0	0	0	0	0	0	
0	0	1	3	4	2	7	7	2	4	6	
0	5	0	5	3	1	6	7	1	3	5	
0	4	4	0	5	3	5	4	5	2	3	
0	3	4	3	0	5	3	4	2	1	3	
0	4	5	4	2	0	5	6	2	2	4	
0	5	5	1	6	4	0	5	6	3	4	
0	4	1	4	4	2	3	0	2	4	3	
0	7	5	6	8	6	8	8	0	8	7	
0	2	3	2	3	4	4	6	4	0	3	
0	7	8	5	4	5	7	7	6	5	0	
M5
0	0	0	0	0	0	0	0	0	0	0	
0	0	3	1	3	4	6	3	2	4	3	
0	2	0	3	2	4	6	5	4	4	3	
0	4	2	0	3	5	5	6	2	6	5	
0	2	3	3	0	2	4	3	4	4	3	
0	3	1	2	3	0	6	4	4	5	4	
0	5	6	6	5	7	0	6	7	6	5	
0	2	2	3	4	1	7	0	4	6	5	
0	3	4	4	1	3	5	4	0	5	4	
0	4	4	5	2	3	6	2	1	0	5	
0	2	5	3	3	4	3	3	2	1	0	
M6
0	0	0	0	0	0	0	0	0	0	0	
0	0	2	3	3	3	5	5	4	3	5	
0	6	0	3	5	4	5	4	3	1	4	
0	7	1	0	4	4	4	2	3	2	2	
0	7	5	5	0	3	2	3	4	3	5	
0	4	5	4	3	0	5	6	1	6	6	
0	5	6	5	4	1	0	1	2	1	3	
0	7	5	4	6	3	2	0	4	3	3	
0	8	7	7	2	5	4	5	0	5	7	
0	5	6	5	4	3	4	4	2	0	3	
0	6	3	5	3	2	4	2	1	3	0	
M7
0	0	0	0	0	0	0	0	0	0	0	
0	0	1	4	3	4	4	2	3	5	2	
0	4	0	3	4	3	4	1	2	4	2	
0	2	1	0	4	1	4	2	3	3	3	
0	5	2	5	0	4	2	2	1	4	3	
0	3	4	5	3	0	4	4	4	2	3	
0	3	3	3	1	3	0	3	2	2	1	
0	3	4	3	3	2	3	0	1	3	1	
0	5	5	5	3	5	2	5	0	4	3	
0	3	3	3	1	4	3	3	2	0	1	
0	2	3	2	5	3	6	4	5	5	0	
Tamanho_Tarefas
0	3	23	2	5	13	17	39	6	9	7	
Data_Entrega
0	37	34	36	35	33	33	37	36	34	33	
Penalidade_Atraso
0	19	15	6	3	20	19	15	15	1	17	
Capacidade_Veiculo
103	107	
Custo_Fixo_Veiculo
1030	1070	
Coordenadas_Clientes
x	0	y	0
x	17	y	0
x	14	y	10
x	5	y	15
x	-5	y	18
x	-16	y	11
x	-16	y	0
x	-19	y	-14
x	-6	y	-18
x	5	y	-16
x	14	y	-10
Tempo_Viagem
0	17	17	15	18	19	16	23	18	16	17	
17	0	10	19	28	34	33	38	29	20	10	
17	10	0	10	20	30	31	40	34	27	20	
15	19	10	0	10	21	25	37	33	31	26	
18	28	20	10	0	13	21	34	36	34	33	
19	34	30	21	13	0	11	25	30	34	36	
16	33	31	25	21	11	0	14	20	26	31	
23	38	40	37	34	25	14	0	13	24	33	
18	29	34	33	36	30	20	13	0	11	21	
16	20	27	31	34	34	26	24	11	0	10	
17	10	20	26	33	36	31	33	21	10	0	
Custo_Viagem
V0
0	350	350	309	370	391	329	473	370	329	350	
350	0	206	391	576	700	679	782	597	412	206	
350	206	0	206	412	618	638	824	700	556	412	
309	391	206	0	206	432	515	762	700	638	535	
370	576	412	206	0	267	432	700	741	721	679	
391	700	618	432	267	0	226	515	618	700	741	
329	679	638	515	432	226	0	288	412	535	638	
473	782	824	762	700	515	288	0	267	494	679	
370	597	700	700	741	618	412	267	0	226	432	
329	412	556	638	721	700	535	494	226	0	206	
350	206	412	535	679	741	638	679	432	206	0	
V1
0	363	363	321	385	406	342	492	385	342	363	
363	0	214	406	599	727	706	813	620	428	214	
363	214	0	214	428	642	663	856	727	577	428	
321	406	214	0	214	449	535	791	727	663	556	
385	599	428	214	0	278	449	727	770	749	706	
406	727	642	449	278	0	235	535	642	727	770	
342	706	663	535	449	235	0	299	428	556	663	
492	813	856	791	727	535	299	0	278	513	706	
385	620	727	727	770	642	428	278	0	235	449	
342	428	577	663	749	727	556	513	235	0	214	
363	214	428	556	706	770	663	706	449	214	0	
Velocidade_Veiculos
1	1	