M: 8
N: 10
Nun_Veiculos: 7
Capacidade_Total: 287
Demanda_Total: 137
Setup_Min: 1
Setup_Max: 9
Raio: 20
Circulos: 1
Tempo_Processamento_Min: 1
Tempo_Processamento_Max: 49
Demanda_Min: 10
Demanda_Max: 30
Priority_Factor: 0.2
Range_Factor_R: 0.8
U_factor: 2
ALpha: 0.2Replicao: 1
Tempos_Processamentos
0	0	1	0	2	0	3	0	4	0	5	0	6	0	7	0	
0	46	1	9	2	7	3	6	4	14	5	27	6	16	7	38	
0	4	1	48	2	46	3	43	4	25	5	27	6	44	7	9	
0	21	1	39	2	3	3	44	4	8	5	49	6	46	7	8	
0	41	1	16	2	28	3	23	4	41	5	16	6	38	7	48	
0	40	1	49	2	11	3	10	4	27	5	21	6	29	7	41	
0	27	1	27	2	49	3	1	4	27	5	21	6	41	7	43	
0	3	1	11	2	16	3	36	4	38	5	15	6	16	7	35	
0	38	1	40	2	4	3	4	4	38	5	4	6	48	7	34	
0	32	1	31	2	21	3	17	4	5	5	24	6	25	7	33	
0	9	1	25	2	41	3	44	4	31	5	8	6	22	7	24	

Tempos_setup
M0
0	0	0	0	0	0	0	0	0	0	0	
0	0	2	2	3	4	3	1	2	1	2	
0	1	0	2	2	4	2	2	1	2	1	
0	1	3	0	4	5	4	2	3	2	3	
0	5	4	4	0	2	4	2	3	6	2	
0	4	3	4	3	0	3	1	4	5	2	
0	6	5	6	2	2	0	3	5	7	4	
0	4	5	3	2	4	2	0	4	5	1	
0	2	1	3	3	5	3	1	0	3	2	
0	3	2	4	2	4	3	1	1	0	2	
0	3	4	2	1	3	3	1	3	4	0	
M1
0	0	0	0	0	0	0	0	0	0	0	
0	0	4	1	2	1	2	3	5	2	3	
0	2	0	3	4	1	3	4	5	3	3	
0	6	4	0	6	4	1	2	6	5	4	
0	3	2	1	0	3	2	2	7	3	5	
0	2	6	3	4	0	4	5	6	4	2	
0	5	3	3	5	3	0	1	8	6	4	
0	4	2	5	4	3	3	0	7	5	3	
0	5	5	5	6	3	2	3	0	5	5	
0	4	4	4	6	4	1	2	6	0	5	
0	6	5	7	7	4	5	3	8	8	0	
M2
0	0	0	0	0	0	0	0	0	0	0	
0	0	2	4	4	2	3	2	1	3	3	
0	3	0	6	7	5	5	4	1	3	3	
0	3	3	0	3	2	3	1	3	2	2	
0	1	3	5	0	3	4	3	2	4	4	
0	3	2	2	2	0	1	3	3	4	4	
0	4	1	1	4	2	0	2	2	3	3	
0	4	3	2	3	1	2	0	4	1	4	
0	3	5	5	6	4	4	5	0	4	2	
0	6	3	4	6	4	3	5	3	0	5	
0	1	3	5	5	3	4	3	2	4	0	
M3
0	0	0	0	0	0	0	0	0	0	0	
0	0	6	3	2	4	1	4	6	4	1	
0	5	0	4	3	3	4	2	8	3	4	
0	4	5	0	5	2	4	6	4	7	4	
0	5	4	6	0	3	1	4	6	2	4	
0	2	3	4	3	0	2	5	6	5	2	
0	6	7	5	4	4	0	3	8	6	3	
0	3	4	2	1	1	2	0	6	3	3	
0	1	5	4	1	3	2	2	0	3	2	
0	3	2	5	4	1	3	4	7	0	3	
0	5	5	6	1	4	1	4	6	3	0	
M4
0	0	0	0	0	0	0	0	0	0	0	
0	0	3	3	4	3	2	1	2	4	5	
0	3	0	2	3	3	3	4	1	2	4	
0	4	3	0	1	3	3	5	2	2	3	
0	4	2	3	0	2	2	5	3	1	2	
0	4	2	3	4	0	2	5	3	1	6	
0	2	1	3	4	4	0	3	2	3	5	
0	3	2	3	4	2	1	0	2	3	4	
0	2	4	1	2	4	4	3	0	3	3	
0	3	1	3	3	1	1	4	2	0	5	
0	3	2	1	1	1	1	4	3	2	0	
M5
0	0	0	0	0	0	0	0	0	0	0	
0	0	3	3	4	2	2	4	1	2	1	
0	8	0	1	4	2	4	4	4	2	3	
0	7	2	0	3	1	3	4	3	3	4	
0	4	4	3	0	1	3	4	2	6	3	
0	7	4	2	4	0	2	3	2	5	3	
0	6	3	1	2	1	0	4	3	4	1	
0	4	1	2	5	1	3	0	2	3	2	
0	8	2	3	4	3	2	6	0	4	3	
0	6	3	3	6	3	5	2	4	0	1	
0	9	3	3	5	2	4	5	3	5	0	
M6
0	0	0	0	0	0	0	0	0	0	0	
0	0	6	4	4	3	1	6	4	5	4	
0	1	0	5	3	3	2	2	1	1	4	
0	1	4	0	4	4	2	3	5	2	5	
0	3	2	3	0	4	4	4	1	3	5	
0	4	3	4	1	0	3	5	2	4	1	
0	4	7	3	5	4	0	6	6	5	5	
0	3	7	5	6	6	2	0	3	5	3	
0	4	6	7	4	4	4	3	0	2	5	
0	2	4	5	2	5	3	1	3	0	4	
0	3	4	6	3	4	4	4	4	3	0	
M7
0	0	0	0	0	0	0	0	0	0	0	
0	0	2	4	3	5	3	4	3	4	3	
0	3	0	2	6	4	1	3	1	3	4	
0	3	5	0	4	3	3	1	6	2	3	
0	3	5	3	0	3	3	1	4	2	3	
0	1	3	5	3	0	4	4	4	5	4	
0	2	4	2	5	5	0	3	4	4	5	
0	2	4	2	4	2	2	0	5	1	2	
0	4	6	3	5	3	3	4	0	2	6	
0	2	4	1	3	1	1	2	5	0	4	
0	3	5	2	4	2	2	1	6	1	0	
Tamanho_Tarefas
0	9	22	7	23	10	20	8	10	5	23	
Data_Entrega
0	34	35	34	35	35	33	36	33	35	36	
Penalidade_Atraso
0	12	1	20	7	13	1	11	6	18	11	
Capacidade_Veiculo
36	52	32	29	27	66	45	
Custo_Fixo_Veiculo
360	520	320	290	270	660	450	
Coordenadas_Clientes
x	0	y	0
x	22	y	0
x	16	y	12
x	7	y	22
x	-7	y	22
x	-12	y	8
x	-23	y	0
x	-18	y	-13
x	-4	y	-14
x	6	y	-20
x	15	y	-11
Tempo_Viagem
0	22	20	23	23	14	23	22	14	20	18	
22	0	13	26	36	34	45	42	29	25	13	
20	13	0	13	25	28	40	42	32	33	23	
23	26	13	0	14	23	36	43	37	42	33	
23	36	25	14	0	14	27	35	36	43	39	
14	34	28	23	14	0	13	21	23	33	32	
23	45	40	36	27	13	0	13	23	34	39	
22	42	42	43	35	21	13	0	14	25	33	
14	29	32	37	36	23	23	14	0	11	19	
20	25	33	42	43	33	34	25	11	0	12	
18	13	23	33	39	32	39	33	19	12	0	
Custo_Viagem
V0
0	158	144	165	165	100	165	158	100	144	129	
158	0	93	187	259	244	324	302	208	180	93	
144	93	0	93	180	201	288	302	230	237	165	
165	187	93	0	100	165	266	309	266	302	237	
165	259	180	100	0	100	194	259	259	309	280	
100	244	201	165	100	0	93	151	165	237	237	
165	324	288	266	194	93	0	93	165	252	280	
158	302	302	309	259	151	93	0	100	180	237	
100	208	230	266	259	165	165	100	0	79	136	
144	180	237	302	309	237	252	180	79	0	86	
129	93	165	237	280	237	280	237	136	86	0	
V1
0	228	208	239	239	145	239	228	145	208	187	
228	0	135	270	374	353	468	436	301	260	135	
208	135	0	135	260	291	416	436	332	343	239	
239	270	135	0	145	239	384	447	384	436	343	
239	374	260	145	0	145	280	374	374	447	405	
145	353	291	239	145	0	135	218	239	343	343	
239	468	416	384	280	135	0	135	239	364	405	
228	436	436	447	374	218	135	0	145	260	343	
145	301	332	384	374	239	239	145	0	114	197	
208	260	343	436	447	343	364	260	114	0	124	
187	135	239	343	405	343	405	343	197	124	0	
V2
0	140	128	147	147	89	147	140	89	128	115	
140	0	83	166	230	217	288	268	185	160	83	
128	83	0	83	160	179	256	268	204	211	147	
147	166	83	0	89	147	236	275	236	268	211	
147	230	160	89	0	89	172	230	230	275	249	
89	217	179	147	89	0	83	134	147	211	211	
147	288	256	236	172	83	0	83	147	224	249	
140	268	268	275	230	134	83	0	89	160	211	
89	185	204	236	230	147	147	89	0	70	121	
128	160	211	268	275	211	224	160	70	0	76	
115	83	147	211	249	211	249	211	121	76	0	
V3
0	127	116	133	133	81	133	127	81	116	104	
127	0	75	150	208	197	261	243	168	145	75	
116	75	0	75	145	162	232	243	185	191	133	
133	150	75	0	81	133	214	249	214	243	191	
133	208	145	81	0	81	156	208	208	249	226	
81	197	162	133	81	0	75	121	133	191	191	
133	261	232	214	156	75	0	75	133	203	226	
127	243	243	249	208	121	75	0	81	145	191	
81	168	185	214	208	133	133	81	0	63	110	
116	145	191	243	249	191	203	145	63	0	69	
104	75	133	191	226	191	226	191	110	69	0	
V4
0	118	108	124	124	75	124	118	75	108	97	
118	0	70	140	194	183	243	226	156	135	70	
108	70	0	70	135	151	216	226	172	178	124	
124	140	70	0	75	124	199	232	199	226	178	
124	194	135	75	0	75	145	194	194	232	210	
75	183	151	124	75	0	70	113	124	178	178	
124	243	216	199	145	70	0	70	124	189	210	
118	226	226	232	194	113	70	0	75	135	178	
75	156	172	199	194	124	124	75	0	59	102	
108	135	178	226	232	178	189	135	59	0	64	
97	70	124	178	210	178	210	178	102	64	0	
V5
0	290	264	303	303	184	303	290	184	264	237	
290	0	171	343	475	448	594	554	382	330	171	
264	171	0	171	330	369	528	554	422	435	303	
303	343	171	0	184	303	488	567	488	554	435	
303	475	330	184	0	184	356	475	475	567	514	
184	448	369	303	184	0	171	277	303	435	435	
303	594	528	488	356	171	0	171	303	462	514	
290	554	554	567	475	277	171	0	184	330	435	
184	382	422	488	475	303	303	184	0	145	250	
264	330	435	554	567	435	462	330	145	0	158	
237	171	303	435	514	435	514	435	250	158	0	
V6
0	198	180	207	207	126	207	198	126	180	162	
198	0	117	234	324	306	405	378	261	225	117	
180	117	0	117	225	252	360	378	288	297	207	
207	234	117	0	126	207	333	387	333	378	297	
207	324	225	126	0	126	243	324	324	387	351	
126	306	252	207	126	0	117	189	207	297	297	
207	405	360	333	243	117	0	117	207	315	351	
198	378	378	387	324	189	117	0	126	225	297	
126	261	288	333	324	207	207	126	0	99	171	
180	225	297	378	387	297	315	225	99	0	108	
162	117	207	297	351	297	351	297	171	108	0	
Velocidade_Veiculos
1	1	1	1	1	1	1	