M: 8
N: 10
Nun_Veiculos: 5
Capacidade_Total: 301
Demanda_Total: 188
Setup_Min: 1
Setup_Max: 9
Raio: 100
Circulos: 1
Tempo_Processamento_Min: 1
Tempo_Processamento_Max: 49
Demanda_Min: 10
Demanda_Max: 30
Priority_Factor: 0.2
Range_Factor_R: 0.8
U_factor: 2
ALpha: 0.2Replicao: 0
Tempos_Processamentos
0	0	1	0	2	0	3	0	4	0	5	0	6	0	7	0	
0	31	1	9	2	32	3	5	4	30	5	13	6	31	7	20	
0	19	1	32	2	43	3	39	4	15	5	23	6	39	7	49	
0	44	1	8	2	23	3	1	4	4	5	6	6	49	7	28	
0	41	1	16	2	27	3	33	4	47	5	41	6	39	7	43	
0	23	1	30	2	5	3	29	4	5	5	42	6	46	7	45	
0	14	1	5	2	9	3	6	4	27	5	7	6	34	7	44	
0	5	1	44	2	15	3	6	4	4	5	17	6	38	7	33	
0	39	1	45	2	6	3	38	4	6	5	15	6	36	7	31	
0	47	1	15	2	43	3	27	4	13	5	20	6	35	7	42	
0	23	1	23	2	15	3	42	4	25	5	40	6	9	7	40	

Tempos_setup
M0
0	0	0	0	0	0	0	0	0	0	0	
0	0	2	3	2	7	3	7	3	2	4	
0	4	0	2	6	5	3	6	1	4	3	
0	4	6	0	6	5	7	6	7	6	1	
0	4	5	2	0	6	4	7	2	1	3	
0	4	1	2	6	0	3	6	2	1	3	
0	4	5	2	6	7	0	7	6	1	3	
0	1	2	1	3	1	4	0	3	2	1	
0	4	5	1	6	4	2	6	0	3	2	
0	3	5	1	5	6	6	6	6	0	2	
0	5	6	7	6	5	7	7	7	6	0	
M1
0	0	0	0	0	0	0	0	0	0	0	
0	0	2	3	1	5	2	2	3	2	2	
0	1	0	2	2	6	3	1	4	3	3	
0	3	2	0	3	5	2	3	4	5	5	
0	2	1	2	0	4	1	1	3	4	3	
0	6	5	4	4	0	4	5	6	5	5	
0	3	2	3	1	3	0	2	2	5	4	
0	4	3	1	3	5	3	0	3	3	2	
0	5	4	5	3	2	2	4	0	7	6	
0	6	5	5	4	3	3	4	1	0	6	
0	2	1	3	1	3	2	2	1	1	0	
M2
0	0	0	0	0	0	0	0	0	0	0	
0	0	1	4	3	1	2	3	3	5	2	
0	4	0	3	5	3	1	2	3	4	4	
0	1	2	0	4	2	3	4	4	6	3	
0	2	1	1	0	2	2	3	4	5	1	
0	4	1	3	2	0	2	3	2	5	1	
0	5	5	4	6	6	0	7	2	8	7	
0	6	5	6	5	5	2	0	4	9	4	
0	6	3	5	7	6	4	5	0	7	6	
0	4	3	3	4	2	3	1	4	0	3	
0	3	2	2	1	1	3	4	3	6	0	
M3
0	0	0	0	0	0	0	0	0	0	0	
0	0	4	3	3	2	5	2	1	3	2	
0	3	0	4	2	2	4	3	4	4	3	
0	2	5	0	3	1	4	2	2	3	4	
0	1	3	4	0	3	2	3	2	4	2	
0	1	5	2	2	0	3	1	2	2	3	
0	2	3	3	2	1	0	2	3	3	4	
0	2	4	1	1	2	3	0	1	1	2	
0	3	3	3	3	4	4	2	0	3	2	
0	3	5	1	4	2	5	3	2	0	4	
0	4	5	5	5	5	4	4	2	5	0	
M4
0	0	0	0	0	0	0	0	0	0	0	
0	0	2	3	4	3	2	1	3	2	4	
0	3	0	3	4	3	2	4	6	2	3	
0	1	2	0	3	4	3	2	4	3	5	
0	5	5	4	0	3	3	4	6	2	3	
0	3	4	2	3	0	1	1	4	5	4	
0	2	3	1	4	1	0	2	5	4	3	
0	3	5	4	6	4	3	0	3	5	4	
0	3	4	2	4	5	5	4	0	5	7	
0	4	3	3	2	1	2	2	5	0	5	
0	3	4	2	2	2	1	3	5	1	0	
M5
0	0	0	0	0	0	0	0	0	0	0	
0	0	4	3	7	3	2	4	1	4	2	
0	6	0	4	8	4	5	6	3	6	4	
0	7	5	0	4	6	7	5	7	5	6	
0	4	1	5	0	5	3	2	3	6	2	
0	4	1	5	6	0	3	3	3	6	2	
0	1	5	3	7	4	0	4	1	3	2	
0	4	4	4	3	3	3	0	2	5	2	
0	3	5	2	6	4	2	3	0	3	1	
0	5	2	6	7	1	4	4	4	0	3	
0	2	6	4	6	5	1	5	2	4	0	
M6
0	0	0	0	0	0	0	0	0	0	0	
0	0	4	3	4	4	6	4	3	4	2	
0	5	0	5	2	5	4	4	5	4	4	
0	2	5	0	6	4	3	5	3	6	4	
0	3	4	3	0	3	2	2	3	2	2	
0	4	4	3	4	0	3	1	3	3	2	
0	5	5	3	5	1	0	2	2	4	3	
0	3	3	2	3	3	5	0	2	2	1	
0	3	5	1	3	1	4	2	0	4	3	
0	1	3	4	1	1	3	2	4	0	3	
0	3	2	1	3	2	4	3	1	2	0	
M7
0	0	0	0	0	0	0	0	0	0	0	
0	0	2	3	3	2	1	1	1	2	1	
0	3	0	2	3	4	3	4	4	4	4	
0	1	3	0	1	3	2	2	2	3	2	
0	3	2	4	0	3	1	1	2	2	3	
0	5	3	5	3	0	2	4	2	3	4	
0	4	1	3	3	5	0	2	4	1	2	
0	2	2	4	3	4	1	0	3	2	3	
0	5	4	6	2	1	3	3	0	4	4	
0	3	2	2	2	5	2	1	4	0	3	
0	2	4	5	5	4	3	3	3	4	0	
Tamanho_Tarefas
0	13	30	14	24	25	13	18	8	16	27	
Data_Entrega
0	168	167	164	164	166	165	166	167	167	167	
Penalidade_Atraso
0	12	6	19	20	18	16	20	11	19	4	
Capacidade_Veiculo
42	63	86	77	33	
Custo_Fixo_Veiculo
420	630	860	770	330	
Coordenadas_Clientes
x	0	y	0
x	86	y	0
x	69	y	50
x	38	y	117
x	-28	y	87
x	-89	y	65
x	-92	y	0
x	-88	y	-64
x	-25	y	-78
x	28	y	-88
x	96	y	-69
Tempo_Viagem
0	86	85	123	91	110	92	108	81	92	118	
86	0	52	125	143	186	178	185	135	105	69	
85	52	0	73	103	158	168	193	158	143	121	
123	125	73	0	72	136	174	220	204	205	194	
91	143	103	72	0	64	108	162	165	183	199	
110	186	158	136	64	0	65	129	156	192	228	
92	178	168	174	108	65	0	64	102	148	200	
108	185	193	220	162	129	64	0	64	117	184	
81	135	158	204	165	156	102	64	0	53	121	
92	105	143	205	183	192	148	117	53	0	70	
118	69	121	194	199	228	200	184	121	70	0	
Custo_Viagem
V0
0	722	714	1033	764	924	772	907	680	772	991	
722	0	436	1058	1201	1562	1495	1554	1134	882	579	
714	436	0	613	865	1327	1411	1629	1327	1201	1024	
1033	1058	613	0	604	1150	1461	1848	1713	1722	1629	
764	1201	865	604	0	537	907	1360	1386	1537	1671	
924	1562	1327	1150	537	0	546	1083	1310	1612	1915	
772	1495	1411	1461	907	546	0	537	856	1243	1680	
907	1554	1629	1848	1360	1083	537	0	537	991	1545	
680	1134	1327	1713	1386	1310	856	537	0	445	1016	
772	882	1201	1722	1537	1612	1243	991	445	0	588	
991	579	1024	1629	1671	1915	1680	1545	1016	588	0	
V1
0	1083	1071	1549	1146	1386	1159	1360	1020	1159	1486	
1083	0	655	1587	1801	2343	2242	2331	1701	1323	869	
1071	655	0	919	1297	1990	2116	2444	1990	1801	1537	
1549	1587	919	0	907	1726	2192	2772	2570	2583	2444	
1146	1801	1297	907	0	806	1360	2041	2079	2305	2507	
1386	2343	1990	1726	806	0	819	1625	1965	2419	2872	
1159	2242	2116	2192	1360	819	0	806	1285	1864	2520	
1360	2331	2444	2772	2041	1625	806	0	806	1486	2318	
1020	1701	1990	2570	2079	1965	1285	806	0	667	1524	
1159	1323	1801	2583	2305	2419	1864	1486	667	0	882	
1486	869	1537	2444	2507	2872	2520	2318	1524	882	0	
V2
0	1479	1462	2115	1565	1892	1582	1857	1393	1582	2029	
1479	0	894	2167	2459	3199	3061	3182	2322	1806	1186	
1462	894	0	1255	1771	2717	2889	3336	2717	2459	2098	
2115	2167	1255	0	1238	2356	2992	3784	3508	3526	3336	
1565	2459	1771	1238	0	1100	1857	2786	2838	3147	3422	
1892	3199	2717	2356	1100	0	1118	2218	2683	3302	3921	
1582	3061	2889	2992	1857	1118	0	1100	1754	2545	3440	
1857	3182	3336	3784	2786	2218	1100	0	1100	2029	3164	
1393	2322	2717	3508	2838	2683	1754	1100	0	911	2081	
1582	1806	2459	3526	3147	3302	2545	2029	911	0	1204	
2029	1186	2098	3336	3422	3921	3440	3164	2081	1204	0	
V3
0	1324	1309	1894	1401	1694	1416	1663	1247	1416	1817	
1324	0	800	1940	2202	2864	2741	2849	2079	1617	1062	
1309	800	0	1124	1586	2433	2587	2987	2433	2202	1878	
1894	1940	1124	0	1108	2109	2679	3388	3141	3157	2987	
1401	2202	1586	1108	0	985	1663	2494	2541	2818	3064	
1694	2864	2433	2109	985	0	1001	1986	2402	2956	3511	
1416	2741	2587	2679	1663	1001	0	985	1570	2279	3080	
1663	2849	2987	3388	2494	1986	985	0	985	1817	2833	
1247	2079	2433	3141	2541	2402	1570	985	0	816	1863	
1416	1617	2202	3157	2818	2956	2279	1817	816	0	1078	
1817	1062	1878	2987	3064	3511	3080	2833	1863	1078	0	
V4
0	567	561	811	600	726	607	712	534	607	778	
567	0	343	831	943	1227	1174	1221	891	693	455	
561	343	0	481	679	1042	1108	1280	1042	943	805	
811	831	481	0	475	904	1148	1452	1346	1353	1280	
600	943	679	475	0	422	712	1069	1089	1207	1313	
726	1227	1042	904	422	0	429	851	1029	1267	1504	
607	1174	1108	1148	712	429	0	422	673	976	1320	
712	1221	1280	1452	1069	851	422	0	422	778	1214	
534	891	1042	1346	1089	1029	673	422	0	349	798	
607	693	943	1353	1207	1267	976	778	349	0	462	
778	455	805	1280	1313	1504	1320	1214	798	462	0	
Velocidade_Veiculos
1	1	1	1	1	