M: 8
N: 10
Nun_Veiculos: 5
Capacidade_Total: 225
Demanda_Total: 144
Setup_Min: 1
Setup_Max: 9
Raio: 100
Circulos: 1
Tempo_Processamento_Min: 1
Tempo_Processamento_Max: 49
Demanda_Min: 10
Demanda_Max: 30
Priority_Factor: 0.2
Range_Factor_R: 0.8
U_factor: 2
ALpha: 0.2Replicao: 3
Tempos_Processamentos
0	0	1	0	2	0	3	0	4	0	5	0	6	0	7	0	
0	28	1	48	2	31	3	23	4	35	5	7	6	27	7	22	
0	33	1	26	2	42	3	4	4	33	5	8	6	21	7	14	
0	12	1	2	2	45	3	13	4	46	5	36	6	8	7	5	
0	41	1	13	2	45	3	14	4	45	5	4	6	49	7	13	
0	2	1	20	2	36	3	34	4	28	5	18	6	10	7	36	
0	49	1	21	2	10	3	13	4	19	5	34	6	19	7	26	
0	40	1	39	2	44	3	47	4	22	5	31	6	6	7	3	
0	18	1	11	2	46	3	49	4	28	5	18	6	9	7	7	
0	43	1	21	2	35	3	23	4	37	5	3	6	3	7	15	
0	16	1	43	2	16	3	25	4	24	5	34	6	34	7	28	

Tempos_setup
M0
0	0	0	0	0	0	0	0	0	0	0	
0	0	1	2	3	4	1	4	2	2	3	
0	2	0	1	3	3	3	5	1	2	5	
0	5	6	0	2	5	3	5	3	4	5	
0	6	4	3	0	3	4	3	1	2	6	
0	6	4	3	3	0	4	5	1	2	6	
0	2	3	1	2	5	0	3	3	1	2	
0	3	2	2	3	3	1	0	1	2	3	
0	5	3	2	2	2	3	5	0	1	5	
0	4	5	3	1	4	2	4	2	0	4	
0	4	3	3	4	4	2	1	2	3	0	
M1
0	0	0	0	0	0	0	0	0	0	0	
0	0	4	5	3	6	3	4	6	2	5	
0	5	0	2	5	5	5	2	4	4	4	
0	4	4	0	7	8	3	6	7	6	8	
0	3	1	3	0	4	4	3	5	3	2	
0	3	4	5	3	0	2	4	3	2	5	
0	1	5	5	4	6	0	5	4	3	5	
0	3	2	1	3	3	3	0	4	2	4	
0	1	2	3	4	7	4	4	0	3	6	
0	2	2	4	1	5	1	4	5	0	3	
0	3	2	2	1	2	2	1	5	1	0	
M2
0	0	0	0	0	0	0	0	0	0	0	
0	0	4	7	3	5	1	1	3	3	2	
0	5	0	6	8	7	6	4	7	6	5	
0	1	2	0	4	3	2	2	4	4	3	
0	4	6	9	0	7	5	5	7	5	6	
0	6	6	5	5	0	7	7	1	4	3	
0	2	3	6	2	5	0	1	2	3	2	
0	1	5	6	4	4	2	0	3	2	1	
0	5	5	4	4	5	6	6	0	3	2	
0	6	4	5	4	2	6	5	3	0	5	
0	3	4	7	4	4	4	4	5	2	0	
M3
0	0	0	0	0	0	0	0	0	0	0	
0	0	2	2	3	1	1	1	3	2	2	
0	3	0	3	4	4	4	4	3	4	5	
0	5	3	0	1	2	3	3	2	2	2	
0	5	3	3	0	3	2	2	1	1	3	
0	4	3	3	4	0	2	4	4	1	3	
0	5	2	1	2	3	0	2	2	3	1	
0	4	1	2	3	4	1	0	3	3	2	
0	5	2	2	3	3	2	1	0	1	3	
0	4	3	2	3	3	1	3	3	0	2	
0	4	1	1	2	3	2	1	1	2	0	
M4
0	0	0	0	0	0	0	0	0	0	0	
0	0	1	4	4	1	4	2	4	2	3	
0	5	0	5	7	4	3	5	3	5	5	
0	4	4	0	5	3	3	4	4	4	3	
0	1	1	3	0	2	4	1	2	3	2	
0	2	1	3	3	0	4	1	4	1	2	
0	3	3	5	5	2	0	3	1	3	3	
0	2	2	2	2	3	5	0	4	2	1	
0	2	2	4	4	1	5	2	0	2	2	
0	3	4	4	6	4	3	5	4	0	5	
0	1	1	3	2	2	4	3	4	1	0	
M5
0	0	0	0	0	0	0	0	0	0	0	
0	0	2	6	3	2	1	3	5	4	2	
0	4	0	4	1	3	3	2	3	3	1	
0	4	2	0	3	4	3	4	5	3	2	
0	5	6	4	0	5	4	4	3	5	6	
0	2	4	8	4	0	3	5	7	5	3	
0	1	3	7	4	1	0	2	6	3	3	
0	3	5	5	2	1	4	0	4	1	2	
0	2	3	1	3	2	1	1	0	2	3	
0	4	4	4	1	5	4	4	3	0	5	
0	3	5	5	1	3	2	4	4	2	0	
M6
0	0	0	0	0	0	0	0	0	0	0	
0	0	1	3	6	1	5	3	1	3	3	
0	3	0	3	6	3	4	2	1	3	2	
0	2	3	0	3	1	4	3	3	4	1	
0	4	5	4	0	2	1	3	5	5	5	
0	4	5	2	5	0	4	2	5	3	3	
0	5	5	5	8	5	0	2	5	4	4	
0	3	4	3	6	3	3	0	3	2	2	
0	3	2	3	6	3	5	4	0	2	2	
0	2	3	5	8	3	7	5	3	0	4	
0	1	2	1	4	1	3	3	2	4	0	
M7
0	0	0	0	0	0	0	0	0	0	0	
0	0	2	3	3	3	2	4	4	3	6	
0	5	0	1	2	2	5	4	3	3	4	
0	4	2	0	1	1	4	3	2	2	6	
0	5	3	4	0	3	3	2	1	3	7	
0	5	1	2	1	0	3	3	2	4	5	
0	6	2	3	1	1	0	3	2	4	6	
0	3	1	2	2	1	4	0	2	4	5	
0	4	2	3	1	2	2	1	0	4	6	
0	5	4	5	4	5	5	4	3	0	8	
0	6	4	5	1	4	4	3	2	4	0	
Tamanho_Tarefas
0	8	21	7	11	16	10	16	22	9	24	
Data_Entrega
0	154	156	156	153	155	153	156	156	154	153	
Penalidade_Atraso
0	3	13	19	12	16	7	4	18	16	4	
Capacidade_Veiculo
72	32	32	51	38	
Custo_Fixo_Veiculo
720	320	320	510	380	
Coordenadas_Clientes
x	0	y	0
x	119	y	0
x	88	y	64
x	26	y	80
x	-24	y	76
x	-76	y	55
x	-92	y	0
x	-91	y	-66
x	-25	y	-77
x	27	y	-83
x	63	y	-45
Tempo_Viagem
0	119	108	84	79	93	92	112	80	87	77	
119	0	71	122	161	202	211	220	163	123	71	
108	71	0	64	112	164	191	220	180	159	111	
84	122	64	0	50	105	142	187	164	163	130	
79	161	112	50	0	56	101	157	153	166	149	
93	202	164	105	56	0	57	121	141	172	170	
92	211	191	142	101	57	0	66	102	145	161	
112	220	220	187	157	121	66	0	66	118	155	
80	163	180	164	153	141	102	66	0	52	93	
87	123	159	163	166	172	145	118	52	0	52	
77	71	111	130	149	170	161	155	93	52	0	
Custo_Viagem
V0
0	1713	1555	1209	1137	1339	1324	1612	1152	1252	1108	
1713	0	1022	1756	2318	2908	3038	3168	2347	1771	1022	
1555	1022	0	921	1612	2361	2750	3182	2592	2289	1598	
1209	1756	921	0	720	1512	2044	2692	2376	2347	1872	
1137	2318	1612	720	0	806	1454	2260	2203	2390	2145	
1339	2908	2361	1512	806	0	820	1742	2030	2476	2462	
1324	3038	2750	2044	1454	820	0	950	1468	2088	2318	
1612	3168	3182	2692	2260	1742	950	0	950	1713	2232	
1152	2347	2592	2376	2203	2030	1468	950	0	748	1339	
1252	1771	2289	2347	2390	2476	2088	1713	748	0	748	
1108	1022	1598	1872	2145	2462	2318	2232	1339	748	0	
V1
0	761	691	537	505	595	588	716	512	556	492	
761	0	454	780	1030	1292	1350	1408	1043	787	454	
691	454	0	409	716	1049	1222	1414	1152	1017	710	
537	780	409	0	320	672	908	1196	1056	1043	832	
505	1030	716	320	0	358	646	1004	979	1062	953	
595	1292	1049	672	358	0	364	774	902	1100	1094	
588	1350	1222	908	646	364	0	422	652	928	1030	
716	1408	1414	1196	1004	774	422	0	422	761	992	
512	1043	1152	1056	979	902	652	422	0	332	595	
556	787	1017	1043	1062	1100	928	761	332	0	332	
492	454	710	832	953	1094	1030	992	595	332	0	
V2
0	761	691	537	505	595	588	716	512	556	492	
761	0	454	780	1030	1292	1350	1408	1043	787	454	
691	454	0	409	716	1049	1222	1414	1152	1017	710	
537	780	409	0	320	672	908	1196	1056	1043	832	
505	1030	716	320	0	358	646	1004	979	1062	953	
595	1292	1049	672	358	0	364	774	902	1100	1094	
588	1350	1222	908	646	364	0	422	652	928	1030	
716	1408	1414	1196	1004	774	422	0	422	761	992	
512	1043	1152	1056	979	902	652	422	0	332	595	
556	787	1017	1043	1062	1100	928	761	332	0	332	
492	454	710	832	953	1094	1030	992	595	332	0	
V3
0	1213	1101	856	805	948	938	1142	816	887	785	
1213	0	724	1244	1642	2060	2152	2244	1662	1254	724	
1101	724	0	652	1142	1672	1948	2254	1836	1621	1132	
856	1244	652	0	510	1071	1448	1907	1683	1662	1326	
805	1642	1142	510	0	571	1030	1601	1560	1693	1519	
948	2060	1672	1071	571	0	581	1234	1438	1754	1744	
938	2152	1948	1448	1030	581	0	673	1040	1479	1642	
1142	2244	2254	1907	1601	1234	673	0	673	1213	1581	
816	1662	1836	1683	1560	1438	1040	673	0	530	948	
887	1254	1621	1662	1693	1754	1479	1213	530	0	530	
785	724	1132	1326	1519	1744	1642	1581	948	530	0	
V4
0	904	820	638	600	706	699	851	608	661	585	
904	0	539	927	1223	1535	1603	1672	1238	934	539	
820	539	0	486	851	1246	1451	1679	1368	1208	843	
638	927	486	0	380	798	1079	1421	1254	1238	988	
600	1223	851	380	0	425	767	1193	1162	1261	1132	
706	1535	1246	798	425	0	433	919	1071	1307	1299	
699	1603	1451	1079	767	433	0	501	775	1102	1223	
851	1672	1679	1421	1193	919	501	0	501	904	1178	
608	1238	1368	1254	1162	1071	775	501	0	395	706	
661	934	1208	1238	1261	1307	1102	904	395	0	395	
585	539	843	988	1132	1299	1223	1178	706	395	0	
Velocidade_Veiculos
1	1	1	1	1	