M: 8
N: 10
Nun_Veiculos: 7
Capacidade_Total: 337
Demanda_Total: 163
Setup_Min: 1
Setup_Max: 9
Raio: 100
Circulos: 1
Tempo_Processamento_Min: 1
Tempo_Processamento_Max: 49
Demanda_Min: 10
Demanda_Max: 30
Priority_Factor: 0.2
Range_Factor_R: 0.8
U_factor: 2
ALpha: 0.2Replicao: 2
Tempos_Processamentos
0	0	1	0	2	0	3	0	4	0	5	0	6	0	7	0	
0	46	1	40	2	48	3	25	4	24	5	13	6	11	7	41	
0	8	1	49	2	26	3	5	4	29	5	37	6	8	7	37	
0	16	1	14	2	41	3	19	4	42	5	40	6	3	7	43	
0	49	1	49	2	20	3	22	4	17	5	40	6	44	7	6	
0	18	1	10	2	36	3	11	4	34	5	17	6	39	7	16	
0	46	1	9	2	46	3	36	4	42	5	14	6	12	7	36	
0	2	1	12	2	3	3	12	4	28	5	33	6	43	7	2	
0	20	1	16	2	37	3	20	4	37	5	36	6	13	7	20	
0	15	1	20	2	46	3	45	4	42	5	7	6	33	7	15	
0	46	1	16	2	40	3	49	4	10	5	10	6	8	7	21	

Tempos_setup
M0
0	0	0	0	0	0	0	0	0	0	0	
0	0	2	3	2	1	3	3	4	4	1	
0	2	0	5	4	3	5	4	6	2	3	
0	3	3	0	3	2	3	5	5	5	2	
0	2	4	2	0	3	3	5	3	6	1	
0	2	1	3	1	0	2	5	3	3	2	
0	3	2	1	2	1	0	6	4	4	3	
0	3	2	3	1	1	2	0	4	4	2	
0	4	2	3	4	4	5	3	0	3	5	
0	3	5	4	5	4	6	5	6	0	2	
0	1	3	2	3	2	4	4	5	5	0	
M1
0	0	0	0	0	0	0	0	0	0	0	
0	0	1	2	4	2	1	4	5	5	2	
0	4	0	1	5	6	5	5	7	5	5	
0	3	4	0	7	5	4	4	8	8	4	
0	5	2	3	0	5	4	4	2	6	7	
0	3	4	4	2	0	3	3	3	3	5	
0	5	6	4	4	2	0	5	5	5	6	
0	5	6	2	5	7	6	0	5	8	6	
0	3	4	5	5	3	2	5	0	6	5	
0	1	2	1	3	3	2	5	2	0	3	
0	4	3	4	3	1	2	2	4	4	0	
M2
0	0	0	0	0	0	0	0	0	0	0	
0	0	3	2	4	3	2	4	4	4	3	
0	2	0	3	1	4	4	4	2	2	4	
0	1	4	0	2	1	3	2	3	2	1	
0	3	3	2	0	3	5	3	2	1	3	
0	2	3	2	3	0	4	4	2	1	3	
0	3	4	2	3	1	0	4	3	2	3	
0	6	5	5	5	6	8	0	5	4	4	
0	5	5	4	2	5	7	4	0	3	5	
0	2	5	1	2	2	4	3	1	0	2	
0	4	4	3	1	4	6	1	3	2	0	
M3
0	0	0	0	0	0	0	0	0	0	0	
0	0	6	5	2	4	5	4	4	3	5	
0	2	0	3	3	3	1	1	2	5	1	
0	3	4	0	4	4	3	4	2	3	5	
0	4	5	4	0	3	4	2	3	7	3	
0	2	2	5	1	0	2	3	4	5	2	
0	4	5	6	2	3	0	4	5	4	3	
0	2	3	2	2	3	2	0	1	5	1	
0	2	2	1	3	4	1	2	0	4	3	
0	3	3	2	2	1	3	4	4	0	3	
0	1	3	3	3	2	4	2	3	4	0	
M4
0	0	0	0	0	0	0	0	0	0	0	
0	0	5	4	5	6	4	3	3	3	2	
0	4	0	4	4	3	3	2	3	4	4	
0	4	4	0	2	4	1	2	1	3	2	
0	2	5	5	0	6	4	3	3	3	2	
0	5	5	3	3	0	2	1	1	3	3	
0	3	4	1	1	3	0	2	2	2	1	
0	4	4	2	2	4	1	0	3	2	2	
0	6	4	4	4	3	3	2	0	4	3	
0	2	5	6	6	8	5	4	5	0	4	
0	3	3	3	3	4	2	1	1	1	0	
M5
0	0	0	0	0	0	0	0	0	0	0	
0	0	4	4	1	2	4	2	4	3	1	
0	5	0	3	4	3	3	1	1	2	4	
0	3	5	0	4	3	7	3	5	4	2	
0	5	3	4	0	2	3	2	4	3	1	
0	3	2	5	4	0	5	3	3	2	4	
0	5	2	5	6	2	0	3	1	4	4	
0	5	3	2	5	4	4	0	2	1	3	
0	5	4	5	5	2	2	4	0	4	3	
0	6	2	5	4	3	5	3	3	0	2	
0	4	3	3	2	1	5	1	3	2	0	
M6
0	0	0	0	0	0	0	0	0	0	0	
0	0	3	3	2	1	3	1	4	2	2	
0	5	0	3	2	3	3	1	4	4	2	
0	7	7	0	8	7	6	8	5	3	7	
0	5	3	3	0	3	2	1	2	3	2	
0	2	3	2	3	0	3	3	5	1	2	
0	6	2	4	4	4	0	3	6	5	4	
0	4	2	2	1	2	2	0	3	3	1	
0	4	3	4	5	2	1	4	0	3	4	
0	4	4	1	6	5	7	5	6	0	6	
0	3	1	1	1	1	1	2	3	2	0	
M7
0	0	0	0	0	0	0	0	0	0	0	
0	0	3	2	1	4	2	3	6	3	1	
0	5	0	7	4	4	5	6	7	6	5	
0	1	3	0	2	2	3	4	6	4	2	
0	3	3	4	0	4	1	6	6	2	4	
0	2	3	4	2	0	3	3	6	4	1	
0	2	4	4	3	3	0	5	5	5	3	
0	2	5	4	3	4	4	0	3	4	3	
0	1	4	3	2	2	1	4	0	3	2	
0	3	1	2	3	4	4	4	6	0	2	
0	4	2	6	5	5	5	2	5	4	0	
Tamanho_Tarefas
0	23	10	19	20	15	13	6	15	21	21	
Data_Entrega
0	172	173	171	175	175	170	174	175	173	173	
Penalidade_Atraso
0	6	7	11	9	8	14	11	15	10	11	
Capacidade_Veiculo
50	26	59	65	69	37	31	
Custo_Fixo_Veiculo
500	260	590	650	690	370	310	
Coordenadas_Clientes
x	0	y	0
x	116	y	0
x	93	y	67
x	31	y	97
x	-31	y	97
x	-80	y	58
x	-111	y	0
x	-100	y	-72
x	-28	y	-87
x	23	y	-73
x	82	y	-59
Tempo_Viagem
0	116	114	101	101	98	111	123	91	76	101	
116	0	70	128	176	204	227	227	168	118	68	
114	70	0	68	127	173	214	237	195	156	126	
101	128	68	0	62	117	171	213	192	170	164	
101	176	127	62	0	62	125	182	184	177	192	
98	204	173	117	62	0	65	131	154	166	199	
111	227	214	171	125	65	0	72	120	152	201	
123	227	237	213	182	131	72	0	73	123	182	
91	168	195	192	184	154	120	73	0	52	112	
76	118	156	170	177	166	152	123	52	0	60	
101	68	126	164	192	199	201	182	112	60	0	
Custo_Viagem
V0
0	1160	1140	1010	1010	980	1110	1230	910	760	1010	
1160	0	700	1280	1760	2040	2270	2270	1680	1180	680	
1140	700	0	680	1270	1730	2140	2370	1950	1560	1260	
1010	1280	680	0	620	1170	1710	2130	1930	1700	1640	
1010	1760	1270	620	0	620	1250	1820	1840	1780	1920	
980	2040	1730	1170	620	0	650	1310	1540	1660	1990	
1110	2270	2140	1710	1250	650	0	720	1200	1520	2010	
1230	2270	2370	2130	1820	1310	720	0	730	1230	1820	
910	1680	1950	1930	1840	1540	1200	730	0	520	1130	
760	1180	1560	1700	1780	1660	1520	1230	520	0	600	
1010	680	1260	1640	1920	1990	2010	1820	1130	600	0	
V1
0	603	592	525	525	509	577	639	473	395	525	
603	0	364	665	915	1060	1180	1180	873	613	353	
592	364	0	353	660	899	1112	1232	1014	811	655	
525	665	353	0	322	608	889	1107	1003	884	852	
525	915	660	322	0	322	650	946	956	925	998	
509	1060	899	608	322	0	338	681	800	863	1034	
577	1180	1112	889	650	338	0	374	624	790	1045	
639	1180	1232	1107	946	681	374	0	379	639	946	
473	873	1014	1003	956	800	624	379	0	270	587	
395	613	811	884	925	863	790	639	270	0	312	
525	353	655	852	998	1034	1045	946	587	312	0	
V2
0	1368	1345	1191	1191	1156	1309	1451	1073	896	1191	
1368	0	826	1510	2076	2407	2678	2678	1982	1392	802	
1345	826	0	802	1498	2041	2525	2796	2301	1840	1486	
1191	1510	802	0	731	1380	2017	2513	2277	2006	1935	
1191	2076	1498	731	0	731	1475	2147	2171	2100	2265	
1156	2407	2041	1380	731	0	767	1545	1817	1958	2348	
1309	2678	2525	2017	1475	767	0	849	1416	1793	2371	
1451	2678	2796	2513	2147	1545	849	0	861	1451	2147	
1073	1982	2301	2277	2171	1817	1416	861	0	613	1333	
896	1392	1840	2006	2100	1958	1793	1451	613	0	708	
1191	802	1486	1935	2265	2348	2371	2147	1333	708	0	
V3
0	1508	1482	1313	1313	1274	1443	1599	1183	988	1313	
1508	0	910	1664	2288	2652	2951	2951	2184	1534	884	
1482	910	0	884	1651	2249	2782	3081	2535	2028	1638	
1313	1664	884	0	806	1521	2223	2769	2509	2210	2132	
1313	2288	1651	806	0	806	1625	2366	2392	2314	2496	
1274	2652	2249	1521	806	0	845	1703	2002	2158	2587	
1443	2951	2782	2223	1625	845	0	936	1560	1976	2613	
1599	2951	3081	2769	2366	1703	936	0	949	1599	2366	
1183	2184	2535	2509	2392	2002	1560	949	0	676	1469	
988	1534	2028	2210	2314	2158	1976	1599	676	0	780	
1313	884	1638	2132	2496	2587	2613	2366	1469	780	0	
V4
0	1600	1573	1393	1393	1352	1531	1697	1255	1048	1393	
1600	0	966	1766	2428	2815	3132	3132	2318	1628	938	
1573	966	0	938	1752	2387	2953	3270	2691	2152	1738	
1393	1766	938	0	855	1614	2359	2939	2663	2346	2263	
1393	2428	1752	855	0	855	1725	2511	2539	2456	2649	
1352	2815	2387	1614	855	0	897	1807	2125	2290	2746	
1531	3132	2953	2359	1725	897	0	993	1656	2097	2773	
1697	3132	3270	2939	2511	1807	993	0	1007	1697	2511	
1255	2318	2691	2663	2539	2125	1656	1007	0	717	1559	
1048	1628	2152	2346	2456	2290	2097	1697	717	0	828	
1393	938	1738	2263	2649	2746	2773	2511	1559	828	0	
V5
0	858	843	747	747	725	821	910	673	562	747	
858	0	518	947	1302	1509	1679	1679	1243	873	503	
843	518	0	503	939	1280	1583	1753	1443	1154	932	
747	947	503	0	458	865	1265	1576	1428	1258	1213	
747	1302	939	458	0	458	925	1346	1361	1317	1420	
725	1509	1280	865	458	0	481	969	1139	1228	1472	
821	1679	1583	1265	925	481	0	532	888	1124	1487	
910	1679	1753	1576	1346	969	532	0	540	910	1346	
673	1243	1443	1428	1361	1139	888	540	0	384	836	
562	873	1154	1258	1317	1228	1124	910	384	0	444	
747	503	932	1213	1420	1472	1487	1346	836	444	0	
V6
0	719	706	626	626	607	688	762	564	471	626	
719	0	434	793	1091	1264	1407	1407	1041	731	421	
706	434	0	421	787	1072	1326	1469	1209	967	781	
626	793	421	0	384	725	1060	1320	1196	1054	1016	
626	1091	787	384	0	384	775	1128	1140	1103	1190	
607	1264	1072	725	384	0	403	812	954	1029	1233	
688	1407	1326	1060	775	403	0	446	744	942	1246	
762	1407	1469	1320	1128	812	446	0	452	762	1128	
564	1041	1209	1196	1140	954	744	452	0	322	700	
471	731	967	1054	1103	1029	942	762	322	0	372	
626	421	781	1016	1190	1233	1246	1128	700	372	0	
Velocidade_Veiculos
1	1	1	1	1	1	1	