M: 8
N: 10
Nun_Veiculos: 7
Capacidade_Total: 322
Demanda_Total: 147
Setup_Min: 1
Setup_Max: 99
Raio: 20
Circulos: 1
Tempo_Processamento_Min: 1
Tempo_Processamento_Max: 49
Demanda_Min: 10
Demanda_Max: 30
Priority_Factor: 0.2
Range_Factor_R: 0.8
U_factor: 2
ALpha: 0.2Replicao: 1
Tempos_Processamentos
0	0	1	0	2	0	3	0	4	0	5	0	6	0	7	0	
0	31	1	26	2	12	3	22	4	9	5	3	6	31	7	15	
0	22	1	19	2	17	3	11	4	15	5	20	6	29	7	10	
0	35	1	25	2	25	3	17	4	33	5	23	6	8	7	18	
0	47	1	25	2	7	3	23	4	48	5	16	6	46	7	16	
0	21	1	22	2	35	3	2	4	1	5	36	6	48	7	34	
0	11	1	5	2	37	3	33	4	19	5	37	6	33	7	16	
0	27	1	39	2	46	3	41	4	17	5	19	6	28	7	8	
0	31	1	21	2	42	3	36	4	25	5	9	6	40	7	13	
0	10	1	36	2	38	3	41	4	6	5	33	6	46	7	18	
0	15	1	36	2	26	3	16	4	43	5	16	6	44	7	18	

Tempos_setup
M0
0	0	0	0	0	0	0	0	0	0	0	
0	0	45	83	41	54	25	48	48	32	50	
0	16	0	54	34	40	11	19	4	12	7	
0	7	51	0	7	20	5	26	40	12	16	
0	37	44	42	0	13	23	19	33	11	9	
0	30	40	29	29	0	34	6	22	30	38	
0	45	58	60	26	39	0	23	39	7	35	
0	24	35	37	41	52	33	0	16	24	42	
0	12	19	50	30	36	17	38	0	8	26	
0	38	66	64	22	35	45	34	50	0	31	
0	36	35	74	54	57	41	54	24	32	0	
M1
0	0	0	0	0	0	0	0	0	0	0	
0	0	13	13	26	10	25	6	28	17	15	
0	7	0	11	13	12	12	13	18	16	13	
0	18	12	0	18	1	20	21	19	5	2	
0	13	6	17	0	17	18	19	24	22	19	
0	28	22	10	28	0	30	31	18	15	12	
0	15	8	8	21	5	0	1	23	12	10	
0	14	7	7	20	4	19	0	22	11	9	
0	20	29	27	42	17	21	22	0	32	29	
0	13	12	13	25	14	24	19	20	0	15	
0	17	10	21	16	22	18	19	28	25	0	
M2
0	0	0	0	0	0	0	0	0	0	0	
0	0	13	2	31	43	17	1	31	16	18	
0	23	0	25	18	30	4	24	18	39	5	
0	22	34	0	46	58	15	23	33	14	39	
0	5	15	7	0	12	19	6	33	21	20	
0	26	3	28	21	0	7	27	21	29	8	
0	31	44	33	31	43	0	32	55	36	49	
0	13	12	5	30	42	16	0	30	19	17	
0	38	51	40	47	59	44	39	0	54	56	
0	8	21	10	39	51	20	9	19	0	26	
0	24	37	26	48	46	17	25	13	40	0	
M3
0	0	0	0	0	0	0	0	0	0	0	
0	0	52	42	61	51	54	46	53	49	46	
0	10	0	2	21	20	14	6	1	13	26	
0	8	55	0	54	59	12	4	56	55	54	
0	11	15	3	0	14	15	7	13	7	5	
0	8	1	3	13	0	15	4	2	14	8	
0	49	46	43	55	50	0	45	47	43	58	
0	4	56	46	65	55	11	0	57	53	50	
0	9	18	1	24	19	13	5	0	12	27	
0	6	8	9	12	7	13	2	8	0	15	
0	18	11	12	23	10	24	14	11	23	0	
M4
0	0	0	0	0	0	0	0	0	0	0	
0	0	16	15	10	1	15	30	30	43	20	
0	54	0	19	15	37	53	34	14	74	29	
0	40	39	0	22	23	46	15	49	68	30	
0	45	26	5	0	28	47	20	37	65	14	
0	17	33	32	27	0	32	47	47	60	35	
0	7	7	21	16	8	0	36	21	28	5	
0	38	38	44	39	39	31	0	52	53	36	
0	45	13	5	26	28	51	20	0	73	15	
0	15	15	29	24	16	8	44	29	0	13	
0	37	37	16	11	38	44	31	48	65	0	
M5
0	0	0	0	0	0	0	0	0	0	0	
0	0	39	51	51	56	49	36	36	30	53	
0	3	0	34	49	59	18	35	39	33	32	
0	8	5	0	31	51	15	20	34	38	29	
0	21	18	13	0	39	28	24	3	18	36	
0	12	9	4	2	0	19	14	5	8	2	
0	24	21	16	31	65	0	36	30	49	14	
0	19	16	21	42	40	34	0	45	46	42	
0	28	25	26	38	36	41	23	0	44	38	
0	25	22	21	24	26	19	6	10	0	28	
0	10	7	2	17	51	17	22	20	35	0	
M6
0	0	0	0	0	0	0	0	0	0	0	
0	0	28	13	25	26	45	1	23	29	46	
0	43	0	35	45	25	67	17	61	1	31	
0	8	36	0	33	31	53	9	31	24	54	
0	33	32	36	0	25	68	34	56	33	63	
0	27	55	40	44	0	43	28	50	26	56	
0	63	62	66	30	48	0	36	28	38	51	
0	46	74	59	65	25	68	0	63	38	68	
0	35	34	38	2	21	22	26	0	10	23	
0	42	50	34	44	41	66	16	61	0	30	
0	46	46	38	14	39	53	47	31	41	0	
M7
0	0	0	0	0	0	0	0	0	0	0	
0	0	31	4	15	11	18	11	26	13	24	
0	5	0	9	20	16	23	16	27	18	25	
0	24	35	0	20	23	28	7	30	18	28	
0	37	32	41	0	30	34	34	27	32	29	
0	8	27	12	4	0	26	4	27	2	25	
0	48	43	52	28	41	0	45	38	43	56	
0	17	28	21	13	16	30	0	23	11	21	
0	10	5	14	7	3	7	7	0	5	28	
0	6	25	10	2	5	24	9	29	0	30	
0	12	7	16	9	5	9	7	2	7	0	
Tamanho_Tarefas
0	17	13	15	17	2	23	14	9	14	23	
Data_Entrega
0	35	38	35	35	35	32	37	34	32	33	
Penalidade_Atraso
0	2	17	15	13	12	17	16	8	6	2	
Capacidade_Veiculo
52	44	36	29	43	63	55	
Custo_Fixo_Veiculo
520	440	360	290	430	630	550	
Coordenadas_Clientes
x	0	y	0
x	21	y	0
x	14	y	10
x	5	y	15
x	-5	y	17
x	-13	y	9
x	-21	y	0
x	-13	y	-9
x	-5	y	-17
x	6	y	-20
x	18	y	-13
Tempo_Viagem
0	21	17	15	17	15	21	15	17	20	22	
21	0	12	21	31	35	42	35	31	25	13	
17	12	0	10	20	27	36	32	33	31	23	
15	21	10	0	10	18	30	30	32	35	30	
17	31	20	10	0	11	23	27	34	37	37	
15	35	27	18	11	0	12	18	27	34	37	
21	42	36	30	23	12	0	12	23	33	41	
15	35	32	30	27	18	12	0	11	21	31	
17	31	33	32	34	27	23	11	0	11	23	
20	25	31	35	37	34	33	21	11	0	13	
22	13	23	30	37	37	41	31	23	13	0	
Custo_Viagem
V0
0	218	176	156	176	156	218	156	176	208	228	
218	0	124	218	322	364	436	364	322	260	135	
176	124	0	104	208	280	374	343	343	322	239	
156	218	104	0	104	187	312	312	343	364	312	
176	322	208	104	0	114	239	280	353	395	384	
156	364	280	187	114	0	124	187	280	353	395	
218	436	374	312	239	124	0	124	239	343	426	
156	364	343	312	280	187	124	0	114	218	322	
176	322	343	343	353	280	239	114	0	114	239	
208	260	322	364	395	353	343	218	114	0	135	
228	135	239	312	384	395	426	322	239	135	0	
V1
0	184	149	132	149	132	184	132	149	176	193	
184	0	105	184	272	308	369	308	272	220	114	
149	105	0	88	176	237	316	290	290	272	202	
132	184	88	0	88	158	264	264	290	308	264	
149	272	176	88	0	96	202	237	299	334	325	
132	308	237	158	96	0	105	158	237	299	334	
184	369	316	264	202	105	0	105	202	290	360	
132	308	290	264	237	158	105	0	96	184	272	
149	272	290	290	299	237	202	96	0	96	202	
176	220	272	308	334	299	290	184	96	0	114	
193	114	202	264	325	334	360	272	202	114	0	
V2
0	151	122	108	122	108	151	108	122	144	158	
151	0	86	151	223	252	302	252	223	180	93	
122	86	0	72	144	194	259	237	237	223	165	
108	151	72	0	72	129	216	216	237	252	216	
122	223	144	72	0	79	165	194	244	273	266	
108	252	194	129	79	0	86	129	194	244	273	
151	302	259	216	165	86	0	86	165	237	295	
108	252	237	216	194	129	86	0	79	151	223	
122	223	237	237	244	194	165	79	0	79	165	
144	180	223	252	273	244	237	151	79	0	93	
158	93	165	216	266	273	295	223	165	93	0	
V3
0	121	98	87	98	87	121	87	98	116	127	
121	0	69	121	179	203	243	203	179	145	75	
98	69	0	58	116	156	208	191	191	179	133	
87	121	58	0	58	104	174	174	191	203	174	
98	179	116	58	0	63	133	156	197	220	214	
87	203	156	104	63	0	69	104	156	197	220	
121	243	208	174	133	69	0	69	133	191	237	
87	203	191	174	156	104	69	0	63	121	179	
98	179	191	191	197	156	133	63	0	63	133	
116	145	179	203	220	197	191	121	63	0	75	
127	75	133	174	214	220	237	179	133	75	0	
V4
0	180	146	129	146	129	180	129	146	172	189	
180	0	103	180	266	301	361	301	266	215	111	
146	103	0	86	172	232	309	283	283	266	197	
129	180	86	0	86	154	258	258	283	301	258	
146	266	172	86	0	94	197	232	292	326	318	
129	301	232	154	94	0	103	154	232	292	326	
180	361	309	258	197	103	0	103	197	283	352	
129	301	283	258	232	154	103	0	94	180	266	
146	266	283	283	292	232	197	94	0	94	197	
172	215	266	301	326	292	283	180	94	0	111	
189	111	197	258	318	326	352	266	197	111	0	
V5
0	264	214	189	214	189	264	189	214	252	277	
264	0	151	264	390	441	529	441	390	315	163	
214	151	0	126	252	340	453	415	415	390	289	
189	264	126	0	126	226	378	378	415	441	378	
214	390	252	126	0	138	289	340	428	478	466	
189	441	340	226	138	0	151	226	340	428	478	
264	529	453	378	289	151	0	151	289	415	516	
189	441	415	378	340	226	151	0	138	264	390	
214	390	415	415	428	340	289	138	0	138	289	
252	315	390	441	478	428	415	264	138	0	163	
277	163	289	378	466	478	516	390	289	163	0	
V6
0	231	187	165	187	165	231	165	187	220	242	
231	0	132	231	341	385	462	385	341	275	143	
187	132	0	110	220	297	396	363	363	341	253	
165	231	110	0	110	198	330	330	363	385	330	
187	341	220	110	0	121	253	297	374	418	407	
165	385	297	198	121	0	132	198	297	374	418	
231	462	396	330	253	132	0	132	253	363	451	
165	385	363	330	297	198	132	0	121	231	341	
187	341	363	363	374	297	253	121	0	121	253	
220	275	341	385	418	374	363	231	121	0	143	
242	143	253	330	407	418	451	341	253	143	0	
Velocidade_Veiculos
1	1	1	1	1	1	1	