M: 8
N: 10
Nun_Veiculos: 3
Capacidade_Total: 241
Demanda_Total: 145
Setup_Min: 1
Setup_Max: 99
Raio: 20
Circulos: 1
Tempo_Processamento_Min: 1
Tempo_Processamento_Max: 49
Demanda_Min: 10
Demanda_Max: 30
Priority_Factor: 0.2
Range_Factor_R: 0.8
U_factor: 2
ALpha: 0.2Replicao: 1
Tempos_Processamentos
0	0	1	0	2	0	3	0	4	0	5	0	6	0	7	0	
0	3	1	48	2	38	3	38	4	13	5	10	6	28	7	46	
0	23	1	18	2	20	3	20	4	32	5	34	6	15	7	7	
0	8	1	28	2	30	3	10	4	16	5	48	6	37	7	2	
0	2	1	23	2	41	3	7	4	38	5	1	6	43	7	29	
0	36	1	11	2	19	3	2	4	45	5	10	6	23	7	28	
0	39	1	33	2	36	3	21	4	20	5	38	6	40	7	39	
0	6	1	23	2	29	3	5	4	11	5	17	6	49	7	42	
0	28	1	4	2	36	3	32	4	40	5	43	6	8	7	35	
0	42	1	26	2	32	3	36	4	47	5	7	6	2	7	21	
0	9	1	20	2	9	3	12	4	2	5	43	6	47	7	32	

Tempos_setup
M0
0	0	0	0	0	0	0	0	0	0	0	
0	0	18	20	38	41	25	49	32	28	7	
0	20	0	35	53	23	24	51	14	10	4	
0	33	51	0	18	26	27	29	50	23	40	
0	15	33	24	0	10	11	14	41	5	22	
0	17	31	14	32	0	1	43	31	7	23	
0	16	30	31	49	20	0	60	30	6	22	
0	43	57	40	58	26	27	0	57	33	37	
0	30	24	45	58	34	14	37	0	20	28	
0	10	28	25	43	14	15	54	42	0	17	
0	73	56	80	90	70	71	64	63	66	0	
M1
0	0	0	0	0	0	0	0	0	0	0	
0	0	39	56	68	28	36	32	48	36	18	
0	47	0	53	63	9	41	13	29	33	15	
0	9	11	0	30	14	40	4	34	38	20	
0	24	26	15	0	29	55	19	49	45	27	
0	45	11	44	54	0	32	4	20	24	6	
0	38	17	29	52	26	0	30	34	9	22	
0	54	7	54	64	10	36	0	30	34	16	
0	25	29	41	39	29	12	33	0	21	19	
0	29	31	20	50	28	28	24	39	0	18	
0	47	21	38	57	10	42	14	30	18	0	
M2
0	0	0	0	0	0	0	0	0	0	0	
0	0	25	17	13	10	20	7	41	15	27	
0	19	0	27	24	23	17	20	39	18	8	
0	49	56	0	35	48	42	56	76	64	58	
0	34	21	20	0	13	7	21	44	33	23	
0	27	24	7	3	0	10	24	31	36	26	
0	33	14	13	9	6	0	30	37	32	22	
0	15	18	23	28	25	29	0	43	14	26	
0	16	41	14	29	26	36	23	0	31	34	
0	1	26	9	14	11	21	8	42	0	28	
0	11	30	19	16	18	23	12	49	10	0	
M3
0	0	0	0	0	0	0	0	0	0	0	
0	0	9	13	18	28	5	17	18	39	15	
0	3	0	11	21	31	8	20	21	35	16	
0	42	39	0	56	48	35	59	38	29	5	
0	31	28	33	0	24	24	44	14	58	34	
0	67	65	36	76	0	61	84	61	55	41	
0	7	4	10	25	35	0	24	25	34	10	
0	26	23	34	44	54	26	0	44	58	34	
0	17	14	20	35	10	10	30	0	44	20	
0	13	10	16	27	24	6	30	15	0	16	
0	37	34	40	51	43	30	54	33	24	0	
M4
0	0	0	0	0	0	0	0	0	0	0	
0	0	23	9	59	25	24	17	27	24	7	
0	25	0	20	36	17	1	42	42	22	5	
0	7	30	0	66	29	31	24	34	31	14	
0	21	44	14	0	28	3	33	22	45	26	
0	10	33	3	60	0	34	27	37	19	17	
0	35	52	28	37	25	0	52	59	44	42	
0	22	45	31	71	42	34	0	10	41	9	
0	22	45	22	72	47	46	39	0	46	29	
0	11	18	4	54	1	19	28	38	0	18	
0	57	37	53	62	50	25	74	37	59	0	
M5
0	0	0	0	0	0	0	0	0	0	0	
0	0	25	41	19	18	24	31	26	48	48	
0	9	0	37	8	14	8	15	20	32	32	
0	14	14	0	22	22	10	7	8	27	13	
0	1	26	42	0	19	15	22	13	39	39	
0	37	37	23	45	0	33	30	31	33	36	
0	4	19	35	23	22	0	7	12	24	24	
0	8	12	42	20	19	7	0	5	20	31	
0	6	21	37	25	14	2	9	0	26	26	
0	20	45	48	19	25	34	41	32	0	58	
0	10	1	11	9	15	9	16	19	18	0	
M6
0	0	0	0	0	0	0	0	0	0	0	
0	0	27	25	13	28	8	28	26	20	41	
0	27	0	42	40	12	35	26	32	47	20	
0	27	34	0	40	27	23	55	4	10	20	
0	36	14	23	0	19	26	15	13	33	29	
0	39	12	54	52	0	40	29	44	52	32	
0	40	36	17	49	29	0	42	21	12	33	
0	31	47	28	44	40	11	0	32	23	26	
0	23	49	15	36	42	31	51	0	25	16	
0	50	24	23	63	17	28	46	27	0	43	
0	7	34	27	20	35	15	35	12	27	0	
M7
0	0	0	0	0	0	0	0	0	0	0	
0	0	23	18	36	41	12	24	7	28	30	
0	12	0	23	48	36	24	36	19	23	42	
0	17	5	0	36	25	1	23	21	12	44	
0	13	21	16	0	39	17	22	5	26	28	
0	19	33	28	27	0	29	34	17	38	40	
0	39	47	42	61	54	0	48	31	52	54	
0	20	8	6	13	17	7	0	13	4	36	
0	8	16	11	30	34	12	17	0	21	23	
0	16	4	27	40	13	28	40	23	0	41	
0	41	55	50	49	22	18	56	39	60	0	
Tamanho_Tarefas
0	23	21	15	4	4	32	9	11	21	5	
Data_Entrega
0	36	37	34	34	34	37	35	34	34	37	
Penalidade_Atraso
0	8	9	12	14	19	14	8	3	15	11	
Capacidade_Veiculo
89	57	95	
Custo_Fixo_Veiculo
890	570	950	
Coordenadas_Clientes
x	0	y	0
x	17	y	0
x	17	y	12
x	6	y	21
x	-7	y	21
x	-15	y	11
x	-19	y	0
x	-17	y	-12
x	-6	y	-20
x	5	y	-16
x	16	y	-11
Tempo_Viagem
0	17	20	21	22	18	19	20	20	16	19	
17	0	12	23	31	33	36	36	30	20	11	
20	12	0	14	25	32	37	40	39	30	23	
21	23	14	0	13	23	32	40	41	37	33	
22	31	25	13	0	12	23	34	41	38	39	
18	33	32	23	12	0	11	23	32	33	37	
19	36	37	32	23	11	0	12	23	28	36	
20	36	40	40	34	23	12	0	13	22	33	
20	30	39	41	41	32	23	13	0	11	23	
16	20	30	37	38	33	28	22	11	0	12	
19	11	23	33	39	37	36	33	23	12	0	
Custo_Viagem
V0
0	302	356	373	391	320	338	356	356	284	338	
302	0	213	409	551	587	640	640	534	356	195	
356	213	0	249	445	569	658	729	694	534	409	
373	409	249	0	231	409	569	712	747	658	587	
391	551	445	231	0	213	427	605	729	676	694	
320	587	569	409	213	0	195	409	569	587	676	
338	640	658	569	427	195	0	213	409	498	640	
356	640	729	712	605	409	213	0	231	391	587	
356	534	694	747	729	569	409	231	0	195	409	
284	356	534	658	676	587	498	391	195	0	213	
338	195	409	587	694	676	640	587	409	213	0	
V1
0	193	228	239	250	205	216	228	228	182	216	
193	0	136	262	353	376	410	410	342	228	125	
228	136	0	159	285	364	421	467	444	342	262	
239	262	159	0	148	262	364	456	478	421	376	
250	353	285	148	0	136	273	387	467	433	444	
205	376	364	262	136	0	125	262	364	376	433	
216	410	421	364	273	125	0	136	262	319	410	
228	410	467	456	387	262	136	0	148	250	376	
228	342	444	478	467	364	262	148	0	125	262	
182	228	342	421	433	376	319	250	125	0	136	
216	125	262	376	444	433	410	376	262	136	0	
V2
0	323	380	399	418	342	361	380	380	304	361	
323	0	228	437	589	627	684	684	570	380	209	
380	228	0	266	475	608	703	779	741	570	437	
399	437	266	0	247	437	608	760	798	703	627	
418	589	475	247	0	228	456	646	779	722	741	
342	627	608	437	228	0	209	437	608	627	722	
361	684	703	608	456	209	0	228	437	532	684	
380	684	779	760	646	437	228	0	247	418	627	
380	570	741	798	779	608	437	247	0	209	437	
304	380	570	703	722	627	532	418	209	0	228	
361	209	437	627	741	722	684	627	437	228	0	
Velocidade_Veiculos
1	1	1	