M: 8
N: 10
Nun_Veiculos: 6
Capacidade_Total: 328
Demanda_Total: 157
Setup_Min: 1
Setup_Max: 99
Raio: 20
Circulos: 1
Tempo_Processamento_Min: 1
Tempo_Processamento_Max: 49
Demanda_Min: 10
Demanda_Max: 30
Priority_Factor: 0.2
Range_Factor_R: 0.8
U_factor: 2
ALpha: 0.2Replicao: 0
Tempos_Processamentos
0	0	1	0	2	0	3	0	4	0	5	0	6	0	7	0	
0	22	1	42	2	38	3	31	4	30	5	20	6	18	7	39	
0	26	1	26	2	18	3	29	4	14	5	15	6	20	7	11	
0	33	1	42	2	2	3	34	4	44	5	19	6	24	7	44	
0	45	1	49	2	1	3	46	4	32	5	4	6	40	7	16	
0	46	1	9	2	41	3	33	4	47	5	36	6	35	7	21	
0	1	1	32	2	10	3	8	4	10	5	34	6	33	7	18	
0	49	1	6	2	11	3	2	4	15	5	29	6	23	7	28	
0	12	1	6	2	3	3	41	4	23	5	39	6	16	7	12	
0	23	1	40	2	1	3	14	4	11	5	25	6	23	7	3	
0	28	1	32	2	4	3	45	4	16	5	10	6	26	7	5	

Tempos_setup
M0
0	0	0	0	0	0	0	0	0	0	0	
0	0	19	12	37	33	22	18	30	13	32	
0	43	0	32	43	26	8	49	50	33	42	
0	35	7	0	25	21	15	32	18	1	20	
0	50	49	42	0	36	50	47	41	43	35	
0	41	13	6	17	0	21	38	24	7	26	
0	59	31	24	35	18	0	56	42	25	44	
0	3	22	15	39	22	4	0	14	16	35	
0	36	19	28	39	22	9	33	0	29	21	
0	37	6	29	31	23	14	34	47	0	22	
0	15	14	7	18	1	16	12	25	8	0	
M1
0	0	0	0	0	0	0	0	0	0	0	
0	0	40	45	55	29	48	55	22	55	52	
0	41	0	35	32	42	43	29	40	15	41	
0	47	13	0	27	7	8	41	52	28	36	
0	26	16	3	0	10	11	14	25	31	9	
0	40	46	33	30	0	41	38	49	61	39	
0	45	16	22	19	29	0	33	44	31	28	
0	12	19	6	3	13	14	0	11	34	12	
0	45	36	23	36	30	31	33	0	51	44	
0	26	33	20	17	27	28	14	25	0	26	
0	26	19	6	3	13	14	14	25	34	0	
M2
0	0	0	0	0	0	0	0	0	0	0	
0	0	14	21	15	33	22	8	31	16	13	
0	12	0	7	1	19	11	4	21	2	13	
0	28	16	0	17	35	15	20	33	18	6	
0	29	22	6	0	18	10	3	20	1	12	
0	20	27	17	18	0	21	9	3	12	13	
0	19	33	26	20	38	0	23	27	21	32	
0	31	31	15	9	27	19	0	29	10	21	
0	37	30	14	15	26	18	6	0	9	20	
0	28	21	5	11	17	9	2	19	0	11	
0	26	14	21	15	33	9	18	27	16	0	
M3
0	0	0	0	0	0	0	0	0	0	0	
0	0	50	37	58	31	23	13	17	9	20	
0	41	0	43	78	43	37	54	23	50	22	
0	54	13	0	45	45	3	56	7	15	26	
0	38	40	27	0	51	21	51	7	42	6	
0	33	52	70	83	0	18	46	50	42	53	
0	53	34	58	65	42	0	53	38	42	53	
0	37	62	49	73	18	36	0	29	46	28	
0	57	33	20	65	56	14	49	0	35	26	
0	57	45	32	62	63	26	48	12	0	11	
0	58	34	21	56	52	15	50	1	36	0	
M4
0	0	0	0	0	0	0	0	0	0	0	
0	0	5	41	19	28	26	22	25	44	27	
0	38	0	36	18	44	58	42	26	60	26	
0	44	34	0	26	31	35	6	17	35	13	
0	65	34	60	0	26	40	44	53	42	8	
0	46	8	43	26	0	47	18	34	16	25	
0	40	10	45	28	2	0	20	36	18	27	
0	44	28	34	46	25	29	0	51	29	7	
0	62	36	69	9	28	49	46	0	44	17	
0	46	14	27	32	9	31	2	40	0	9	
0	64	26	61	44	18	65	36	52	34	0	
M5
0	0	0	0	0	0	0	0	0	0	0	
0	0	20	19	40	35	45	22	43	50	14	
0	45	0	10	31	26	36	13	30	41	5	
0	39	1	0	21	20	26	14	30	31	6	
0	46	8	7	0	27	33	11	37	38	13	
0	19	3	2	23	0	28	16	10	33	8	
0	15	11	10	15	26	0	24	24	5	5	
0	46	21	20	41	40	46	0	50	51	26	
0	15	12	22	35	38	20	21	0	25	17	
0	29	18	17	10	37	43	21	47	0	23	
0	40	6	5	26	21	31	19	29	36	0	
M6
0	0	0	0	0	0	0	0	0	0	0	
0	0	40	19	16	26	17	11	16	30	44	
0	38	0	21	8	18	19	3	18	17	31	
0	28	52	0	44	54	45	39	44	58	36	
0	51	44	23	0	43	21	47	20	49	43	
0	20	56	34	36	0	32	31	36	50	40	
0	30	43	2	18	22	0	32	29	28	32	
0	35	37	23	5	15	21	0	20	19	33	
0	31	24	3	19	23	1	27	0	29	33	
0	32	18	4	12	22	2	7	1	0	14	
0	42	16	14	24	34	12	19	23	22	0	
M7
0	0	0	0	0	0	0	0	0	0	0	
0	0	23	26	33	27	29	40	11	33	15	
0	22	0	48	41	49	51	30	33	10	35	
0	32	26	0	51	33	29	40	43	20	45	
0	44	38	12	0	45	41	23	55	32	57	
0	24	20	5	30	0	2	13	35	25	12	
0	28	18	3	28	4	0	17	39	23	16	
0	57	44	40	56	48	44	0	68	45	60	
0	40	36	15	46	16	18	29	0	35	28	
0	12	35	38	31	39	41	20	23	0	25	
0	12	35	30	18	39	41	41	23	45	0	
Tamanho_Tarefas
0	30	17	19	25	30	1	8	11	6	10	
Data_Entrega
0	35	38	36	38	38	38	35	35	35	36	
Penalidade_Atraso
0	7	11	11	5	17	4	2	4	17	5	
Capacidade_Veiculo
37	47	35	77	52	80	
Custo_Fixo_Veiculo
370	470	350	770	520	800	
Coordenadas_Clientes
x	0	y	0
x	22	y	0
x	16	y	11
x	7	y	23
x	-7	y	22
x	-12	y	8
x	-21	y	0
x	-16	y	-11
x	-4	y	-14
x	6	y	-20
x	20	y	-14
Tempo_Viagem
0	22	19	24	23	14	21	19	14	20	24	
22	0	12	27	36	34	43	39	29	25	14	
19	12	0	15	25	28	38	38	32	32	25	
24	27	15	0	14	24	36	41	38	43	39	
23	36	25	14	0	14	26	33	36	43	45	
14	34	28	24	14	0	12	19	23	33	38	
21	43	38	36	26	12	0	12	22	33	43	
19	39	38	41	33	19	12	0	12	23	36	
14	29	32	38	36	23	22	12	0	11	24	
20	25	32	43	43	33	33	23	11	0	15	
24	14	25	39	45	38	43	36	24	15	0	
Custo_Viagem
V0
0	162	140	177	170	103	155	140	103	148	177	
162	0	88	199	266	251	318	288	214	185	103	
140	88	0	111	185	207	281	281	236	236	185	
177	199	111	0	103	177	266	303	281	318	288	
170	266	185	103	0	103	192	251	266	318	333	
103	251	207	177	103	0	88	140	170	244	281	
155	318	281	266	192	88	0	88	162	244	318	
140	288	281	303	251	140	88	0	88	170	266	
103	214	236	281	266	170	162	88	0	81	177	
148	185	236	318	318	244	244	170	81	0	111	
177	103	185	288	333	281	318	266	177	111	0	
V1
0	206	178	225	216	131	197	178	131	188	225	
206	0	112	253	338	319	404	366	272	235	131	
178	112	0	141	235	263	357	357	300	300	235	
225	253	141	0	131	225	338	385	357	404	366	
216	338	235	131	0	131	244	319	338	404	423	
131	319	263	225	131	0	112	178	216	310	357	
197	404	357	338	244	112	0	112	206	310	404	
178	366	357	385	319	178	112	0	112	216	338	
131	272	300	357	338	216	206	112	0	103	225	
188	235	300	404	404	310	310	216	103	0	141	
225	131	235	366	423	357	404	338	225	141	0	
V2
0	154	133	168	161	98	147	133	98	140	168	
154	0	84	189	252	238	301	273	203	175	98	
133	84	0	105	175	196	266	266	224	224	175	
168	189	105	0	98	168	252	287	266	301	273	
161	252	175	98	0	98	182	238	252	301	315	
98	238	196	168	98	0	84	133	161	231	266	
147	301	266	252	182	84	0	84	154	231	301	
133	273	266	287	238	133	84	0	84	161	252	
98	203	224	266	252	161	154	84	0	77	168	
140	175	224	301	301	231	231	161	77	0	105	
168	98	175	273	315	266	301	252	168	105	0	
V3
0	338	292	369	354	215	323	292	215	308	369	
338	0	184	415	554	523	662	600	446	385	215	
292	184	0	231	385	431	585	585	492	492	385	
369	415	231	0	215	369	554	631	585	662	600	
354	554	385	215	0	215	400	523	554	662	693	
215	523	431	369	215	0	184	292	354	508	585	
323	662	585	554	400	184	0	184	338	508	662	
292	600	585	631	523	292	184	0	184	354	554	
215	446	492	585	554	354	338	184	0	169	369	
308	385	492	662	662	508	508	354	169	0	231	
369	215	385	600	693	585	662	554	369	231	0	
V4
0	228	197	249	239	145	218	197	145	208	249	
228	0	124	280	374	353	447	405	301	260	145	
197	124	0	156	260	291	395	395	332	332	260	
249	280	156	0	145	249	374	426	395	447	405	
239	374	260	145	0	145	270	353	374	447	468	
145	353	291	249	145	0	124	197	239	343	395	
218	447	395	374	270	124	0	124	228	343	447	
197	405	395	426	353	197	124	0	124	239	374	
145	301	332	395	374	239	228	124	0	114	249	
208	260	332	447	447	343	343	239	114	0	156	
249	145	260	405	468	395	447	374	249	156	0	
V5
0	352	304	384	368	224	336	304	224	320	384	
352	0	192	432	576	544	688	624	464	400	224	
304	192	0	240	400	448	608	608	512	512	400	
384	432	240	0	224	384	576	656	608	688	624	
368	576	400	224	0	224	416	544	576	688	720	
224	544	448	384	224	0	192	304	368	528	608	
336	688	608	576	416	192	0	192	352	528	688	
304	624	608	656	544	304	192	0	192	368	576	
224	464	512	608	576	368	352	192	0	176	384	
320	400	512	688	688	528	528	368	176	0	240	
384	224	400	624	720	608	688	576	384	240	0	
Velocidade_Veiculos
1	1	1	1	1	1	