M: 8
N: 10
Nun_Veiculos: 5
Capacidade_Total: 346
Demanda_Total: 160
Setup_Min: 1
Setup_Max: 99
Raio: 100
Circulos: 1
Tempo_Processamento_Min: 1
Tempo_Processamento_Max: 49
Demanda_Min: 10
Demanda_Max: 30
Priority_Factor: 0.2
Range_Factor_R: 0.8
U_factor: 2
ALpha: 0.2Replicao: 2
Tempos_Processamentos
0	0	1	0	2	0	3	0	4	0	5	0	6	0	7	0	
0	21	1	27	2	36	3	46	4	16	5	34	6	27	7	42	
0	25	1	42	2	8	3	42	4	25	5	37	6	3	7	10	
0	43	1	7	2	43	3	9	4	4	5	7	6	48	7	9	
0	8	1	22	2	35	3	8	4	16	5	42	6	25	7	20	
0	8	1	20	2	12	3	19	4	11	5	5	6	13	7	34	
0	2	1	1	2	36	3	1	4	8	5	1	6	17	7	6	
0	36	1	48	2	23	3	49	4	1	5	28	6	3	7	18	
0	6	1	10	2	34	3	41	4	48	5	9	6	11	7	38	
0	17	1	33	2	14	3	20	4	37	5	5	6	34	7	9	
0	31	1	36	2	4	3	34	4	3	5	36	6	24	7	40	

Tempos_setup
M0
0	0	0	0	0	0	0	0	0	0	0	
0	0	26	13	15	25	12	21	18	8	4	
0	26	0	39	41	23	38	47	44	34	30	
0	47	51	0	40	44	37	38	47	18	29	
0	24	28	37	0	21	14	36	14	32	6	
0	3	29	16	18	0	15	24	21	11	7	
0	20	31	28	3	17	0	22	10	28	9	
0	9	35	6	24	6	21	0	27	17	13	
0	10	36	23	25	7	22	31	0	18	14	
0	29	55	5	27	26	24	20	34	0	33	
0	27	22	36	11	24	8	30	18	35	0	
M1
0	0	0	0	0	0	0	0	0	0	0	
0	0	28	6	8	22	39	18	23	8	11	
0	31	0	19	22	12	50	31	23	21	24	
0	12	28	0	8	22	33	12	33	2	5	
0	13	20	14	0	14	47	26	25	16	19	
0	37	6	25	28	0	50	36	11	27	30	
0	4	2	10	12	14	0	22	8	12	15	
0	5	33	11	13	27	44	0	21	13	16	
0	50	19	38	41	31	69	50	0	40	37	
0	19	26	15	6	20	31	27	31	0	20	
0	28	56	34	36	50	67	23	44	36	0	
M2
0	0	0	0	0	0	0	0	0	0	0	
0	0	32	9	27	37	47	20	34	22	23	
0	21	0	28	15	34	35	39	37	25	11	
0	30	23	0	18	40	38	11	25	13	14	
0	12	16	21	0	37	20	32	22	10	27	
0	30	54	39	39	0	51	24	37	49	53	
0	9	35	18	28	46	0	29	38	31	24	
0	27	30	36	15	39	28	0	24	25	41	
0	21	36	30	48	15	55	39	0	26	44	
0	22	10	31	25	27	34	26	12	0	21	
0	16	20	25	4	41	24	36	26	14	0	
M3
0	0	0	0	0	0	0	0	0	0	0	
0	0	48	12	34	20	15	15	45	14	19	
0	18	0	30	38	22	32	33	51	17	30	
0	5	36	0	22	8	20	3	33	19	7	
0	31	44	26	0	25	46	29	59	39	4	
0	46	28	55	66	0	46	47	40	45	43	
0	35	68	45	67	44	0	48	70	49	14	
0	2	50	14	36	22	17	0	30	16	4	
0	14	55	26	41	27	29	14	0	28	14	
0	5	38	17	21	10	15	20	50	0	24	
0	36	54	31	53	30	50	34	56	35	0	
M4
0	0	0	0	0	0	0	0	0	0	0	
0	0	31	16	12	13	6	26	29	7	26	
0	19	0	10	6	1	25	14	38	17	42	
0	34	15	0	21	16	15	12	37	15	32	
0	13	19	4	0	20	19	14	35	13	36	
0	38	41	51	47	0	44	55	37	41	64	
0	19	25	10	6	26	0	20	23	1	42	
0	26	12	20	16	13	32	0	25	3	38	
0	1	4	14	10	5	7	18	0	8	27	
0	23	26	23	19	26	29	33	22	0	49	
0	34	27	35	31	15	40	15	40	18	0	
M5
0	0	0	0	0	0	0	0	0	0	0	
0	0	15	13	26	10	29	41	21	41	27	
0	59	0	12	40	42	28	58	20	40	26	
0	47	27	0	28	57	16	46	8	28	14	
0	43	46	19	0	47	35	33	27	47	1	
0	26	41	26	18	0	41	51	34	54	19	
0	31	21	31	27	41	0	45	39	59	13	
0	10	22	2	1	20	9	0	1	30	2	
0	39	29	39	35	49	8	47	0	37	21	
0	32	42	24	23	42	21	22	23	0	24	
0	42	45	18	14	52	34	32	26	46	0	
M6
0	0	0	0	0	0	0	0	0	0	0	
0	0	57	71	25	60	49	33	71	36	57	
0	16	0	47	20	51	44	28	33	19	17	
0	51	35	0	51	58	61	59	68	54	52	
0	33	32	46	0	40	24	8	53	51	32	
0	12	11	29	18	0	3	17	37	29	21	
0	9	8	26	15	52	0	14	41	27	18	
0	25	24	38	1	41	16	0	54	43	24	
0	10	44	14	21	61	36	20	0	46	44	
0	52	48	52	51	46	43	57	49	0	47	
0	35	19	63	39	34	37	47	52	38	0	
M7
0	0	0	0	0	0	0	0	0	0	0	
0	0	13	6	27	18	14	7	29	17	28	
0	23	0	29	33	12	31	24	16	23	22	
0	12	7	0	32	12	8	1	23	23	22	
0	4	17	10	0	22	15	11	33	1	32	
0	21	7	27	21	0	25	22	14	11	10	
0	27	15	33	32	27	0	20	20	31	37	
0	11	9	17	32	11	7	0	23	22	21	
0	7	17	13	21	19	15	8	0	11	29	
0	14	27	20	10	32	14	21	34	0	42	
0	18	28	24	32	30	26	19	11	22	0	
Tamanho_Tarefas
0	31	16	13	11	8	3	25	16	11	26	
Data_Entrega
0	160	159	158	158	160	159	158	158	158	158	
Penalidade_Atraso
0	18	11	17	9	5	20	20	9	10	13	
Capacidade_Veiculo
51	90	61	59	85	
Custo_Fixo_Veiculo
510	900	610	590	850	
Coordenadas_Clientes
x	0	y	0
x	103	y	0
x	86	y	62
x	29	y	92
x	-26	y	80
x	-64	y	47
x	-86	y	0
x	-62	y	-45
x	-35	y	-110
x	38	y	-116
x	81	y	-59
Tempo_Viagem
0	103	106	96	84	79	86	76	115	122	100	
103	0	64	118	151	173	189	171	176	132	62	
106	64	0	64	113	150	182	182	210	184	121	
96	118	64	0	56	103	147	164	211	208	159	
84	151	113	56	0	50	100	130	190	206	175	
79	173	150	103	50	0	51	92	159	192	179	
86	189	182	147	100	51	0	51	121	169	177	
76	171	182	164	130	92	51	0	70	122	143	
115	176	210	211	190	159	121	70	0	73	126	
122	132	184	208	206	192	169	122	73	0	71	
100	62	121	159	175	179	177	143	126	71	0	
Custo_Viagem
V0
0	1050	1081	979	856	805	877	775	1173	1244	1020	
1050	0	652	1203	1540	1764	1927	1744	1795	1346	632	
1081	652	0	652	1152	1530	1856	1856	2142	1876	1234	
979	1203	652	0	571	1050	1499	1672	2152	2121	1621	
856	1540	1152	571	0	510	1020	1326	1938	2101	1785	
805	1764	1530	1050	510	0	520	938	1621	1958	1825	
877	1927	1856	1499	1020	520	0	520	1234	1723	1805	
775	1744	1856	1672	1326	938	520	0	714	1244	1458	
1173	1795	2142	2152	1938	1621	1234	714	0	744	1285	
1244	1346	1876	2121	2101	1958	1723	1244	744	0	724	
1020	632	1234	1621	1785	1825	1805	1458	1285	724	0	
V1
0	1854	1908	1728	1512	1422	1548	1368	2070	2196	1800	
1854	0	1152	2124	2718	3114	3402	3078	3168	2376	1116	
1908	1152	0	1152	2034	2700	3276	3276	3780	3312	2178	
1728	2124	1152	0	1008	1854	2646	2952	3798	3744	2862	
1512	2718	2034	1008	0	900	1800	2340	3420	3708	3150	
1422	3114	2700	1854	900	0	918	1656	2862	3456	3222	
1548	3402	3276	2646	1800	918	0	918	2178	3042	3186	
1368	3078	3276	2952	2340	1656	918	0	1260	2196	2574	
2070	3168	3780	3798	3420	2862	2178	1260	0	1314	2268	
2196	2376	3312	3744	3708	3456	3042	2196	1314	0	1278	
1800	1116	2178	2862	3150	3222	3186	2574	2268	1278	0	
V2
0	1256	1293	1171	1024	963	1049	927	1403	1488	1220	
1256	0	780	1439	1842	2110	2305	2086	2147	1610	756	
1293	780	0	780	1378	1830	2220	2220	2562	2244	1476	
1171	1439	780	0	683	1256	1793	2000	2574	2537	1939	
1024	1842	1378	683	0	610	1220	1586	2318	2513	2135	
963	2110	1830	1256	610	0	622	1122	1939	2342	2183	
1049	2305	2220	1793	1220	622	0	622	1476	2061	2159	
927	2086	2220	2000	1586	1122	622	0	854	1488	1744	
1403	2147	2562	2574	2318	1939	1476	854	0	890	1537	
1488	1610	2244	2537	2513	2342	2061	1488	890	0	866	
1220	756	1476	1939	2135	2183	2159	1744	1537	866	0	
V3
0	1215	1250	1132	991	932	1014	896	1357	1439	1180	
1215	0	755	1392	1781	2041	2230	2017	2076	1557	731	
1250	755	0	755	1333	1770	2147	2147	2478	2171	1427	
1132	1392	755	0	660	1215	1734	1935	2489	2454	1876	
991	1781	1333	660	0	590	1180	1534	2242	2430	2065	
932	2041	1770	1215	590	0	601	1085	1876	2265	2112	
1014	2230	2147	1734	1180	601	0	601	1427	1994	2088	
896	2017	2147	1935	1534	1085	601	0	826	1439	1687	
1357	2076	2478	2489	2242	1876	1427	826	0	861	1486	
1439	1557	2171	2454	2430	2265	1994	1439	861	0	837	
1180	731	1427	1876	2065	2112	2088	1687	1486	837	0	
V4
0	1751	1802	1632	1428	1343	1462	1292	1955	2074	1700	
1751	0	1088	2006	2567	2941	3213	2907	2992	2244	1054	
1802	1088	0	1088	1921	2550	3094	3094	3570	3128	2057	
1632	2006	1088	0	952	1751	2499	2788	3587	3536	2703	
1428	2567	1921	952	0	850	1700	2210	3230	3502	2975	
1343	2941	2550	1751	850	0	867	1564	2703	3264	3043	
1462	3213	3094	2499	1700	867	0	867	2057	2873	3009	
1292	2907	3094	2788	2210	1564	867	0	1190	2074	2431	
1955	2992	3570	3587	3230	2703	2057	1190	0	1241	2142	
2074	2244	3128	3536	3502	3264	2873	2074	1241	0	1207	
1700	1054	2057	2703	2975	3043	3009	2431	2142	1207	0	
Velocidade_Veiculos
1	1	1	1	1	