M: 8
N: 10
Nun_Veiculos: 5
Capacidade_Total: 313
Demanda_Total: 137
Setup_Min: 1
Setup_Max: 99
Raio: 100
Circulos: 1
Tempo_Processamento_Min: 1
Tempo_Processamento_Max: 49
Demanda_Min: 10
Demanda_Max: 30
Priority_Factor: 0.2
Range_Factor_R: 0.8
U_factor: 2
ALpha: 0.2Replicao: 1
Tempos_Processamentos
0	0	1	0	2	0	3	0	4	0	5	0	6	0	7	0	
0	37	1	12	2	34	3	5	4	46	5	32	6	1	7	12	
0	13	1	33	2	5	3	40	4	41	5	15	6	1	7	33	
0	37	1	19	2	39	3	40	4	5	5	17	6	18	7	25	
0	14	1	45	2	38	3	39	4	5	5	3	6	12	7	22	
0	23	1	16	2	12	3	3	4	23	5	32	6	17	7	35	
0	18	1	27	2	19	3	26	4	48	5	43	6	33	7	35	
0	2	1	8	2	48	3	34	4	41	5	25	6	3	7	49	
0	8	1	21	2	32	3	45	4	3	5	39	6	39	7	10	
0	33	1	41	2	12	3	43	4	10	5	16	6	1	7	45	
0	17	1	7	2	9	3	9	4	19	5	35	6	33	7	14	

Tempos_setup
M0
0	0	0	0	0	0	0	0	0	0	0	
0	0	29	18	24	41	25	34	43	40	54	
0	42	0	28	25	12	41	44	31	41	55	
0	14	21	0	22	33	17	16	25	38	52	
0	24	20	32	0	24	16	29	30	16	30	
0	30	37	16	38	0	33	32	35	54	68	
0	8	4	23	29	16	0	33	35	39	59	
0	17	24	3	25	36	20	0	28	38	53	
0	39	46	25	47	9	42	41	0	30	51	
0	30	29	16	24	8	26	13	14	0	21	
0	13	9	7	23	19	5	4	32	31	0	
M1
0	0	0	0	0	0	0	0	0	0	0	
0	0	27	34	38	33	38	32	11	34	29	
0	31	0	41	36	16	38	34	22	32	31	
0	17	19	0	17	27	19	19	7	13	23	
0	8	23	12	0	10	2	2	6	4	6	
0	15	35	32	20	0	22	22	26	16	26	
0	15	30	19	15	17	0	9	4	11	13	
0	6	21	10	6	8	8	0	12	2	4	
0	26	39	23	40	50	42	42	0	36	46	
0	4	19	16	4	14	6	6	10	0	10	
0	9	24	10	9	4	11	3	15	5	0	
M2
0	0	0	0	0	0	0	0	0	0	0	
0	0	30	27	29	44	69	48	30	13	49	
0	12	0	23	3	26	39	22	4	8	23	
0	18	48	0	20	17	47	39	19	31	27	
0	26	53	25	0	23	40	19	1	24	20	
0	3	33	15	15	0	30	34	16	16	10	
0	42	69	41	16	39	0	35	17	40	36	
0	23	34	29	14	20	25	0	13	5	24	
0	25	54	26	1	22	41	20	0	25	21	
0	41	29	49	32	55	64	51	33	0	44	
0	23	35	5	25	22	20	44	24	36	0	
M3
0	0	0	0	0	0	0	0	0	0	0	
0	0	17	20	18	42	32	25	34	11	27	
0	20	0	40	38	56	52	45	44	31	45	
0	19	29	0	6	42	28	13	30	18	31	
0	13	23	21	0	36	22	7	24	12	25	
0	14	6	5	1	0	23	8	25	13	26	
0	14	17	19	3	14	0	10	2	15	3	
0	25	16	14	12	29	15	0	17	5	18	
0	14	15	18	1	37	23	8	0	13	1	
0	20	11	9	7	31	29	14	31	0	32	
0	34	14	50	35	46	32	36	34	41	0	
M4
0	0	0	0	0	0	0	0	0	0	0	
0	0	14	17	9	22	18	31	31	41	19	
0	19	0	36	24	32	23	20	19	30	7	
0	10	7	0	2	5	1	14	18	24	2	
0	8	5	25	0	30	26	25	24	35	12	
0	18	28	35	23	0	36	27	13	37	35	
0	9	6	26	1	31	0	13	25	23	13	
0	34	48	51	43	40	52	0	53	10	53	
0	5	19	22	14	19	23	36	0	41	24	
0	48	49	65	44	30	66	57	43	0	56	
0	24	22	41	17	25	16	13	38	23	0	
M5
0	0	0	0	0	0	0	0	0	0	0	
0	0	22	45	20	33	38	12	18	27	38	
0	49	0	23	39	53	47	54	34	43	43	
0	26	20	0	44	30	24	36	11	20	20	
0	16	38	40	0	19	21	28	34	31	44	
0	22	44	39	33	0	20	25	27	12	28	
0	2	24	19	22	35	0	14	20	29	23	
0	24	46	47	8	27	29	0	42	39	52	
0	26	33	43	46	19	24	38	0	9	20	
0	35	48	52	42	34	39	47	15	0	35	
0	6	28	23	26	39	4	18	24	33	0	
M6
0	0	0	0	0	0	0	0	0	0	0	
0	0	23	37	35	26	24	32	56	9	6	
0	42	0	52	19	56	29	42	61	14	48	
0	33	19	0	23	15	20	31	52	5	18	
0	30	33	37	0	52	14	23	62	19	33	
0	23	12	11	31	0	31	16	63	16	29	
0	31	19	23	38	38	0	47	52	5	28	
0	7	12	44	31	33	31	0	63	16	13	
0	16	21	23	34	38	14	9	0	19	22	
0	28	14	38	33	53	15	56	47	0	34	
0	31	17	38	36	27	18	43	50	3	0	
M7
0	0	0	0	0	0	0	0	0	0	0	
0	0	35	20	44	25	48	25	19	39	29	
0	19	0	3	27	44	38	15	38	22	19	
0	16	32	0	24	41	35	12	35	19	16	
0	29	35	13	0	33	48	25	19	32	29	
0	24	29	17	21	0	27	29	33	16	30	
0	26	22	10	34	20	0	22	6	29	26	
0	30	35	23	27	40	23	0	29	22	4	
0	31	16	19	35	14	41	31	0	30	35	
0	8	13	1	5	31	33	13	24	0	14	
0	45	41	29	43	36	19	16	25	38	0	
Tamanho_Tarefas
0	9	12	7	6	7	28	22	17	21	8	
Data_Entrega
0	172	172	171	172	173	172	171	173	172	171	
Penalidade_Atraso
0	1	9	2	3	7	11	12	9	20	6	
Capacidade_Veiculo
73	69	45	56	70	
Custo_Fixo_Veiculo
730	690	450	560	700	
Coordenadas_Clientes
x	0	y	0
x	123	y	0
x	68	y	49
x	30	y	95
x	-38	y	118
x	-86	y	62
x	-103	y	0
x	-66	y	-48
x	-31	y	-97
x	38	y	-118
x	77	y	-56
Tempo_Viagem
0	123	83	99	123	106	103	81	101	123	95	
123	0	73	132	199	218	226	195	182	145	72	
83	73	0	59	126	154	177	164	176	169	105	
99	132	59	0	71	120	163	172	200	213	158	
123	199	126	71	0	73	134	168	215	246	208	
106	218	154	120	73	0	64	111	168	218	201	
103	226	177	163	134	64	0	60	120	183	188	
81	195	164	172	168	111	60	0	60	125	143	
101	182	176	200	215	168	120	60	0	72	115	
123	145	169	213	246	218	183	125	72	0	73	
95	72	105	158	208	201	188	143	115	73	0	
Custo_Viagem
V0
0	1795	1211	1445	1795	1547	1503	1182	1474	1795	1387	
1795	0	1065	1927	2905	3182	3299	2847	2657	2117	1051	
1211	1065	0	861	1839	2248	2584	2409	2569	2467	1533	
1445	1927	861	0	1036	1752	2379	2511	2934	3109	2306	
1795	2905	1839	1036	0	1065	1956	2452	3139	3606	3036	
1547	3182	2248	1752	1065	0	934	1620	2452	3182	2934	
1503	3299	2584	2379	1956	934	0	876	1752	2671	2744	
1182	2847	2409	2511	2452	1620	876	0	876	1825	2087	
1474	2657	2569	2934	3139	2452	1752	876	0	1051	1679	
1795	2117	2467	3109	3606	3182	2671	1825	1051	0	1065	
1387	1051	1533	2306	3036	2934	2744	2087	1679	1065	0	
V1
0	1697	1145	1366	1697	1462	1421	1117	1393	1697	1311	
1697	0	1007	1821	2746	3008	3118	2691	2511	2001	993	
1145	1007	0	814	1738	2125	2442	2277	2428	2332	1449	
1366	1821	814	0	979	1656	2249	2373	2773	2939	2180	
1697	2746	1738	979	0	1007	1849	2318	2967	3408	2870	
1462	3008	2125	1656	1007	0	883	1531	2318	3008	2773	
1421	3118	2442	2249	1849	883	0	828	1656	2525	2594	
1117	2691	2277	2373	2318	1531	828	0	828	1725	1973	
1393	2511	2428	2773	2967	2318	1656	828	0	993	1587	
1697	2001	2332	2939	3408	3008	2525	1725	993	0	1007	
1311	993	1449	2180	2870	2773	2594	1973	1587	1007	0	
V2
0	1107	747	891	1107	954	927	729	909	1107	855	
1107	0	657	1188	1791	1962	2034	1755	1638	1305	648	
747	657	0	531	1134	1386	1593	1485	1584	1521	945	
891	1188	531	0	639	1080	1467	1548	1809	1917	1422	
1107	1791	1134	639	0	657	1206	1512	1935	2223	1872	
954	1962	1386	1080	657	0	576	999	1512	1962	1809	
927	2034	1593	1467	1206	576	0	540	1080	1647	1692	
729	1755	1485	1548	1512	999	540	0	540	1125	1287	
909	1638	1584	1809	1935	1512	1080	540	0	648	1035	
1107	1305	1521	1917	2223	1962	1647	1125	648	0	657	
855	648	945	1422	1872	1809	1692	1287	1035	657	0	
V3
0	1377	929	1108	1377	1187	1153	907	1131	1377	1064	
1377	0	817	1478	2228	2441	2531	2184	2038	1624	806	
929	817	0	660	1411	1724	1982	1848	1971	1892	1176	
1108	1478	660	0	795	1344	1825	1926	2251	2385	1769	
1377	2228	1411	795	0	817	1500	1881	2408	2766	2329	
1187	2441	1724	1344	817	0	716	1243	1881	2441	2251	
1153	2531	1982	1825	1500	716	0	672	1344	2049	2105	
907	2184	1848	1926	1881	1243	672	0	672	1400	1601	
1131	2038	1971	2251	2408	1881	1344	672	0	806	1288	
1377	1624	1892	2385	2766	2441	2049	1400	806	0	817	
1064	806	1176	1769	2329	2251	2105	1601	1288	817	0	
V4
0	1722	1162	1386	1722	1484	1442	1134	1414	1722	1330	
1722	0	1022	1848	2786	3052	3164	2730	2548	2030	1008	
1162	1022	0	826	1764	2156	2478	2310	2464	2366	1470	
1386	1848	826	0	994	1680	2282	2408	2814	2982	2212	
1722	2786	1764	994	0	1022	1876	2352	3010	3458	2912	
1484	3052	2156	1680	1022	0	896	1554	2352	3052	2814	
1442	3164	2478	2282	1876	896	0	840	1680	2562	2632	
1134	2730	2310	2408	2352	1554	840	0	840	1750	2002	
1414	2548	2464	2814	3010	2352	1680	840	0	1008	1610	
1722	2030	2366	2982	3458	3052	2562	1750	1008	0	1022	
1330	1008	1470	2212	2912	2814	2632	2002	1610	1022	0	
Velocidade_Veiculos
1	1	1	1	1	