M: 8
N: 10
Nun_Veiculos: 4
Capacidade_Total: 245
Demanda_Total: 176
Setup_Min: 1
Setup_Max: 9
Raio: 20
Circulos: 1
Tempo_Processamento_Min: 1
Tempo_Processamento_Max: 49
Demanda_Min: 10
Demanda_Max: 30
Priority_Factor: 0.2
Range_Factor_R: 0.8
U_factor: 2
ALpha: 0.2Replicao: 3
Tempos_Processamentos
0	0	1	0	2	0	3	0	4	0	5	0	6	0	7	0	
0	30	1	39	2	7	3	32	4	9	5	38	6	46	7	39	
0	15	1	11	2	32	3	34	4	42	5	20	6	19	7	12	
0	22	1	9	2	25	3	8	4	21	5	46	6	39	7	8	
0	37	1	26	2	11	3	36	4	25	5	22	6	21	7	8	
0	1	1	32	2	28	3	6	4	39	5	46	6	27	7	26	
0	6	1	27	2	17	3	31	4	15	5	34	6	30	7	32	
0	12	1	30	2	18	3	15	4	15	5	41	6	15	7	46	
0	10	1	30	2	49	3	16	4	47	5	35	6	47	7	24	
0	4	1	28	2	33	3	40	4	35	5	35	6	33	7	49	
0	11	1	48	2	26	3	49	4	28	5	24	6	45	7	45	

Tempos_setup
M0
0	0	0	0	0	0	0	0	0	0	0	
0	0	6	3	2	3	6	5	4	2	4	
0	5	0	4	4	3	7	5	5	6	6	
0	3	4	0	2	3	3	5	1	2	3	
0	1	6	3	0	2	6	3	4	3	4	
0	2	4	1	1	0	4	4	2	3	4	
0	6	6	5	5	6	0	7	4	5	5	
0	2	3	2	1	3	4	0	3	4	1	
0	2	5	1	1	2	2	4	0	1	3	
0	3	4	2	2	1	5	5	3	0	2	
0	2	2	1	3	4	4	6	2	3	0	
M1
0	0	0	0	0	0	0	0	0	0	0	
0	0	5	2	2	3	3	2	2	1	2	
0	5	0	6	6	7	6	7	6	6	7	
0	6	4	0	4	3	4	4	4	3	5	
0	4	3	6	0	4	2	4	4	5	3	
0	7	7	3	4	0	5	1	4	3	6	
0	2	7	4	4	2	0	3	2	3	1	
0	6	6	2	3	4	4	0	3	2	5	
0	3	6	5	5	5	3	5	0	4	4	
0	4	4	1	1	4	3	1	1	0	4	
0	3	6	4	3	1	1	2	3	4	0	
M2
0	0	0	0	0	0	0	0	0	0	0	
0	0	6	1	3	3	2	2	3	4	2	
0	5	0	2	4	2	4	1	3	2	3	
0	4	5	0	4	2	3	1	2	3	1	
0	3	7	4	0	6	5	5	4	4	5	
0	5	5	3	2	0	3	1	2	3	3	
0	5	6	6	3	6	0	5	5	2	4	
0	4	5	3	3	1	3	0	2	4	2	
0	5	3	1	4	3	1	2	0	3	2	
0	3	6	4	4	5	3	5	3	0	5	
0	5	6	4	4	2	4	1	3	4	0	
M3
0	0	0	0	0	0	0	0	0	0	0	
0	0	4	4	3	4	4	3	1	6	2	
0	4	0	2	2	1	3	1	2	8	3	
0	6	4	0	5	4	6	3	5	7	6	
0	4	3	3	0	2	1	4	3	7	2	
0	3	4	1	1	0	2	2	4	8	3	
0	4	5	2	2	1	0	3	3	6	1	
0	4	3	2	2	1	3	0	5	9	4	
0	2	3	3	3	3	4	2	0	6	1	
0	5	1	1	1	2	1	2	3	0	2	
0	6	5	4	4	3	5	4	6	5	0	
M4
0	0	0	0	0	0	0	0	0	0	0	
0	0	4	3	5	3	2	6	2	2	3	
0	3	0	5	4	2	1	5	1	4	3	
0	2	1	0	5	3	2	6	2	2	1	
0	3	4	5	0	2	5	6	1	4	3	
0	1	4	4	6	0	3	7	3	3	4	
0	2	5	4	5	1	0	5	3	4	2	
0	2	4	3	3	1	4	0	1	4	3	
0	6	3	4	3	5	4	5	0	3	2	
0	4	4	4	6	3	2	4	4	0	2	
0	4	3	2	4	5	4	7	4	3	0	
M5
0	0	0	0	0	0	0	0	0	0	0	
0	0	3	4	2	5	8	3	2	5	3	
0	2	0	2	4	6	6	4	4	6	5	
0	5	4	0	2	4	7	2	5	4	3	
0	4	6	4	0	3	6	4	3	4	1	
0	4	6	4	5	0	6	4	3	4	1	
0	3	4	4	5	3	0	3	5	4	3	
0	3	2	1	3	5	5	0	3	4	1	
0	1	3	2	3	6	6	1	0	3	2	
0	2	2	3	1	4	3	2	1	0	2	
0	3	5	3	4	7	6	3	2	3	0	
M6
0	0	0	0	0	0	0	0	0	0	0	
0	0	6	3	1	6	5	3	7	5	5	
0	2	0	2	3	1	5	3	1	2	2	
0	4	5	0	5	3	8	6	4	5	2	
0	6	5	2	0	5	4	2	6	4	4	
0	1	7	4	2	0	6	4	5	3	6	
0	5	4	4	2	4	0	4	3	4	6	
0	5	6	4	4	5	2	0	4	2	6	
0	2	2	1	3	1	4	2	0	1	3	
0	3	4	2	4	3	6	4	2	0	4	
0	4	3	3	5	3	6	4	2	3	0	
M7
0	0	0	0	0	0	0	0	0	0	0	
0	0	2	3	1	5	3	3	2	3	1	
0	3	0	5	4	6	1	6	3	5	4	
0	4	2	0	2	6	2	3	2	4	5	
0	3	1	2	0	4	2	2	4	2	4	
0	1	3	4	2	0	2	4	3	4	2	
0	2	1	5	3	7	0	5	4	4	3	
0	4	2	3	1	4	3	0	3	1	5	
0	3	2	5	3	6	1	5	0	5	4	
0	3	3	6	4	8	4	6	5	0	4	
0	4	3	5	3	4	2	5	1	5	0	
Tamanho_Tarefas
0	12	21	8	15	11	23	15	27	10	34	
Data_Entrega
0	33	38	36	33	35	38	33	36	34	38	
Penalidade_Atraso
0	15	5	9	2	15	2	19	2	15	14	
Capacidade_Veiculo
59	39	69	78	
Custo_Fixo_Veiculo
590	390	690	780	
Coordenadas_Clientes
x	0	y	0
x	18	y	0
x	13	y	9
x	6	y	20
x	-5	y	17
x	-20	y	14
x	-23	y	0
x	-18	y	-13
x	-5	y	-15
x	6	y	-21
x	12	y	-8
Tempo_Viagem
0	18	15	20	17	24	23	22	15	21	14	
18	0	10	23	28	40	41	38	27	24	10	
15	10	0	13	19	33	37	37	30	30	17	
20	23	13	0	11	26	35	40	35	41	28	
17	28	19	11	0	15	24	32	32	38	30	
24	40	33	26	15	0	14	27	32	43	38	
23	41	37	35	24	14	0	13	23	35	35	
22	38	37	40	32	27	13	0	13	25	30	
15	27	30	35	32	32	23	13	0	12	18	
21	24	30	41	38	43	35	25	12	0	14	
14	10	17	28	30	38	35	30	18	14	0	
Custo_Viagem
V0
0	212	177	236	200	283	271	259	177	247	165	
212	0	118	271	330	472	483	448	318	283	118	
177	118	0	153	224	389	436	448	354	354	200	
236	271	153	0	129	306	413	472	424	483	330	
200	330	224	129	0	177	283	377	377	460	354	
283	472	389	306	177	0	165	318	377	507	448	
271	483	436	413	283	165	0	153	271	413	413	
259	448	448	472	377	318	153	0	153	295	354	
177	318	354	424	377	377	271	153	0	141	212	
247	283	354	483	460	507	413	295	141	0	165	
165	118	200	330	354	448	413	354	212	165	0	
V1
0	140	117	156	132	187	179	171	117	163	109	
140	0	78	179	218	312	319	296	210	187	78	
117	78	0	101	148	257	288	296	234	234	132	
156	179	101	0	85	202	273	312	280	319	218	
132	218	148	85	0	117	187	249	249	304	234	
187	312	257	202	117	0	109	210	249	335	296	
179	319	288	273	187	109	0	101	179	273	273	
171	296	296	312	249	210	101	0	101	195	234	
117	210	234	280	249	249	179	101	0	93	140	
163	187	234	319	304	335	273	195	93	0	109	
109	78	132	218	234	296	273	234	140	109	0	
V2
0	248	207	276	234	331	317	303	207	289	193	
248	0	138	317	386	552	565	524	372	331	138	
207	138	0	179	262	455	510	524	414	414	234	
276	317	179	0	151	358	483	552	496	565	386	
234	386	262	151	0	207	331	441	441	538	414	
331	552	455	358	207	0	193	372	441	593	524	
317	565	510	483	331	193	0	179	317	483	483	
303	524	524	552	441	372	179	0	179	345	414	
207	372	414	496	441	441	317	179	0	165	248	
289	331	414	565	538	593	483	345	165	0	193	
193	138	234	386	414	524	483	414	248	193	0	
V3
0	280	234	312	265	374	358	343	234	327	218	
280	0	156	358	436	624	639	592	421	374	156	
234	156	0	202	296	514	577	592	468	468	265	
312	358	202	0	171	405	546	624	561	639	436	
265	436	296	171	0	234	374	499	499	608	468	
374	624	514	405	234	0	218	421	499	670	592	
358	639	577	546	374	218	0	202	358	546	546	
343	592	592	624	499	421	202	0	202	390	468	
234	421	468	561	499	499	358	202	0	187	280	
327	374	468	639	608	670	546	390	187	0	218	
218	156	265	436	468	592	546	468	280	218	0	
Velocidade_Veiculos
1	1	1	1	