M: 8
N: 10
Nun_Veiculos: 4
Capacidade_Total: 255
Demanda_Total: 166
Setup_Min: 1
Setup_Max: 9
Raio: 100
Circulos: 1
Tempo_Processamento_Min: 1
Tempo_Processamento_Max: 49
Demanda_Min: 10
Demanda_Max: 30
Priority_Factor: 0.2
Range_Factor_R: 0.8
U_factor: 2
ALpha: 0.2Replicao: 1
Tempos_Processamentos
0	0	1	0	2	0	3	0	4	0	5	0	6	0	7	0	
0	23	1	5	2	17	3	6	4	48	5	18	6	41	7	30	
0	13	1	40	2	16	3	10	4	33	5	36	6	37	7	49	
0	48	1	16	2	11	3	39	4	45	5	26	6	2	7	21	
0	36	1	16	2	43	3	24	4	35	5	7	6	20	7	11	
0	5	1	7	2	19	3	2	4	49	5	20	6	42	7	26	
0	15	1	44	2	39	3	29	4	41	5	7	6	34	7	19	
0	31	1	34	2	10	3	6	4	48	5	44	6	43	7	23	
0	16	1	44	2	21	3	44	4	46	5	6	6	42	7	35	
0	47	1	29	2	31	3	30	4	5	5	4	6	4	7	2	
0	25	1	11	2	48	3	40	4	12	5	20	6	20	7	18	

Tempos_setup
M0
0	0	0	0	0	0	0	0	0	0	0	
0	0	4	3	6	4	4	5	4	1	3	
0	5	0	5	6	3	4	4	3	4	6	
0	5	3	0	5	3	4	2	4	4	6	
0	2	4	4	0	4	2	3	2	2	1	
0	2	2	3	3	0	1	2	1	3	4	
0	1	2	3	2	3	0	2	3	2	3	
0	3	3	1	4	1	2	0	2	4	5	
0	2	3	2	3	2	1	1	0	3	4	
0	4	5	2	5	3	3	4	3	0	2	
0	2	3	3	3	3	1	2	1	3	0	
M1
0	0	0	0	0	0	0	0	0	0	0	
0	0	1	5	2	4	2	3	2	2	5	
0	1	0	6	1	3	1	4	1	2	4	
0	2	3	0	3	6	4	5	4	3	2	
0	5	4	6	0	3	5	4	2	4	5	
0	4	5	6	5	0	3	7	5	4	8	
0	7	6	6	4	4	0	4	3	1	5	
0	3	2	2	1	4	3	0	3	4	4	
0	4	5	9	6	6	4	7	0	5	5	
0	6	5	5	3	6	6	3	2	0	4	
0	3	4	4	1	4	5	4	2	1	0	
M2
0	0	0	0	0	0	0	0	0	0	0	
0	0	1	4	3	2	2	1	4	2	2	
0	6	0	4	2	1	2	5	5	4	3	
0	4	1	0	3	1	3	5	3	4	4	
0	6	4	3	0	3	1	4	6	2	2	
0	5	4	5	2	0	3	6	4	4	4	
0	6	3	2	3	2	0	6	5	3	1	
0	4	4	6	4	5	5	0	3	2	1	
0	1	2	3	4	3	3	2	0	3	3	
0	8	2	6	4	3	4	5	7	0	5	
0	9	7	6	7	5	8	9	8	7	0	
M3
0	0	0	0	0	0	0	0	0	0	0	
0	0	2	2	1	5	3	1	2	3	1	
0	7	0	3	5	4	6	4	5	5	5	
0	4	3	0	5	7	4	4	5	6	5	
0	4	1	4	0	5	6	3	4	2	4	
0	3	2	2	1	0	4	2	1	3	1	
0	6	4	2	4	3	0	4	1	3	3	
0	3	5	4	4	4	5	0	3	5	3	
0	5	3	1	6	5	3	3	0	2	2	
0	6	1	3	5	5	7	3	6	0	6	
0	4	4	1	4	4	5	1	4	5	0	
M4
0	0	0	0	0	0	0	0	0	0	0	
0	0	4	2	2	3	5	4	3	2	5	
0	2	0	3	3	3	2	1	2	1	1	
0	3	3	0	1	6	4	4	5	2	4	
0	4	2	1	0	5	4	3	4	3	3	
0	2	3	2	1	0	3	1	2	2	2	
0	3	4	1	2	2	0	2	3	3	3	
0	2	2	3	3	2	2	0	1	1	1	
0	1	3	3	3	2	2	2	0	3	3	
0	1	4	3	2	4	5	3	4	0	4	
0	3	1	2	3	3	1	1	2	2	0	
M5
0	0	0	0	0	0	0	0	0	0	0	
0	0	3	5	4	1	5	4	6	7	4	
0	3	0	3	1	2	3	5	3	5	1	
0	4	5	0	6	3	6	5	5	6	4	
0	2	3	5	0	1	2	4	3	4	4	
0	7	5	4	6	0	4	6	8	9	6	
0	4	1	4	2	3	0	2	4	5	2	
0	4	2	4	3	3	1	0	4	3	3	
0	3	3	4	2	1	4	6	0	4	2	
0	1	4	1	3	2	3	5	1	0	3	
0	3	2	2	3	4	5	4	5	7	0	
M6
0	0	0	0	0	0	0	0	0	0	0	
0	0	2	1	5	3	2	3	4	1	5	
0	3	0	3	3	1	2	1	3	1	3	
0	4	1	0	4	2	1	2	3	2	4	
0	3	4	4	0	5	5	4	3	3	2	
0	5	2	3	2	0	4	1	3	3	3	
0	5	4	3	4	3	0	1	3	4	3	
0	4	3	2	4	2	3	0	2	3	2	
0	4	1	4	4	2	3	2	0	2	4	
0	2	4	3	6	5	4	3	4	0	5	
0	5	2	5	2	3	4	3	1	3	0	
M7
0	0	0	0	0	0	0	0	0	0	0	
0	0	3	3	3	1	2	3	4	6	4	
0	4	0	4	2	3	1	2	4	5	2	
0	3	3	0	4	3	4	3	1	3	1	
0	3	5	3	0	2	2	1	2	6	4	
0	4	5	4	2	0	1	2	4	5	5	
0	3	4	3	1	2	0	1	3	4	4	
0	2	5	2	5	3	4	0	3	5	3	
0	2	4	4	4	3	4	2	0	5	2	
0	1	2	4	3	2	3	4	5	0	4	
0	3	6	3	6	4	5	5	3	5	0	
Tamanho_Tarefas
0	11	27	15	24	4	16	11	28	9	21	
Data_Entrega
0	184	183	182	183	181	181	184	183	183	181	
Penalidade_Atraso
0	17	15	15	7	8	20	11	20	13	17	
Capacidade_Veiculo
76	74	34	71	
Custo_Fixo_Veiculo
760	740	340	710	
Coordenadas_Clientes
x	0	y	0
x	107	y	0
x	92	y	67
x	38	y	116
x	-27	y	84
x	-84	y	61
x	-123	y	0
x	-101	y	-73
x	-28	y	-87
x	35	y	-110
x	94	y	-68
Tempo_Viagem
0	107	113	122	88	103	123	124	91	115	116	
107	0	68	134	158	200	230	220	160	131	69	
113	68	0	72	120	176	225	237	195	185	135	
122	134	72	0	72	133	198	234	213	226	192	
88	158	120	72	0	61	127	173	171	203	194	
103	200	176	133	61	0	72	135	158	208	219	
123	230	225	198	127	72	0	76	128	192	227	
124	220	237	234	173	135	76	0	74	140	195	
91	160	195	213	171	158	128	74	0	67	123	
115	131	185	226	203	208	192	140	67	0	72	
116	69	135	192	194	219	227	195	123	72	0	
Custo_Viagem
V0
0	1626	1717	1854	1337	1565	1869	1884	1383	1748	1763	
1626	0	1033	2036	2401	3040	3496	3344	2432	1991	1048	
1717	1033	0	1094	1824	2675	3420	3617	2964	2812	2052	
1854	2036	1094	0	1094	2021	3009	3556	3237	3435	2918	
1337	2401	1824	1094	0	927	1930	2629	2599	3085	2948	
1565	3040	2675	2021	927	0	1094	2052	2401	3161	3328	
1869	3496	3420	3009	1930	1094	0	1155	1945	2918	3450	
1884	3344	3617	3556	2629	2052	1155	0	1124	2128	2964	
1383	2432	2964	3237	2599	2401	1945	1124	0	1018	1869	
1748	1991	2812	3435	3085	3161	2918	2128	1018	0	1094	
1763	1048	2052	2918	2948	3328	3450	2964	1869	1094	0	
V1
0	1583	1672	1805	1302	1524	1820	1835	1346	1702	1716	
1583	0	1006	1983	2338	2960	3404	3256	2368	1938	1021	
1672	1006	0	1065	1776	2604	3330	3522	2886	2738	1998	
1805	1983	1065	0	1065	1968	2930	3463	3152	3344	2841	
1302	2338	1776	1065	0	902	1879	2560	2530	3004	2871	
1524	2960	2604	1968	902	0	1065	1998	2338	3078	3241	
1820	3404	3330	2930	1879	1065	0	1124	1894	2841	3359	
1835	3256	3522	3463	2560	1998	1124	0	1095	2072	2886	
1346	2368	2886	3152	2530	2338	1894	1095	0	991	1820	
1702	1938	2738	3344	3004	3078	2841	2072	991	0	1065	
1716	1021	1998	2841	2871	3241	3359	2886	1820	1065	0	
V2
0	727	768	829	598	700	836	843	618	782	788	
727	0	462	911	1074	1360	1564	1496	1088	890	469	
768	462	0	489	816	1196	1530	1618	1326	1258	918	
829	911	489	0	489	904	1346	1591	1448	1536	1305	
598	1074	816	489	0	414	863	1176	1162	1380	1319	
700	1360	1196	904	414	0	489	918	1074	1414	1489	
836	1564	1530	1346	863	489	0	516	870	1305	1543	
843	1496	1618	1591	1176	918	516	0	503	952	1326	
618	1088	1326	1448	1162	1074	870	503	0	455	836	
782	890	1258	1536	1380	1414	1305	952	455	0	489	
788	469	918	1305	1319	1489	1543	1326	836	489	0	
V3
0	1519	1604	1732	1249	1462	1746	1760	1292	1633	1647	
1519	0	965	1902	2243	2840	3266	3124	2272	1860	979	
1604	965	0	1022	1704	2499	3195	3379	2769	2627	1917	
1732	1902	1022	0	1022	1888	2811	3322	3024	3209	2726	
1249	2243	1704	1022	0	866	1803	2456	2428	2882	2754	
1462	2840	2499	1888	866	0	1022	1917	2243	2953	3109	
1746	3266	3195	2811	1803	1022	0	1079	1817	2726	3223	
1760	3124	3379	3322	2456	1917	1079	0	1050	1988	2769	
1292	2272	2769	3024	2428	2243	1817	1050	0	951	1746	
1633	1860	2627	3209	2882	2953	2726	1988	951	0	1022	
1647	979	1917	2726	2754	3109	3223	2769	1746	1022	0	
Velocidade_Veiculos
1	1	1	1	