M: 8
N: 10
Nun_Veiculos: 4
Capacidade_Total: 199
Demanda_Total: 117
Setup_Min: 1
Setup_Max: 9
Raio: 20
Circulos: 1
Tempo_Processamento_Min: 1
Tempo_Processamento_Max: 49
Demanda_Min: 10
Demanda_Max: 30
Priority_Factor: 0.2
Range_Factor_R: 0.8
U_factor: 2
ALpha: 0.2Replicao: 1
Tempos_Processamentos
0	0	1	0	2	0	3	0	4	0	5	0	6	0	7	0	
0	32	1	33	2	44	3	19	4	16	5	1	6	6	7	11	
0	32	1	3	2	28	3	37	4	42	5	7	6	46	7	28	
0	42	1	22	2	13	3	6	4	28	5	6	6	24	7	4	
0	14	1	42	2	2	3	26	4	46	5	15	6	42	7	47	
0	37	1	29	2	7	3	3	4	3	5	24	6	44	7	13	
0	33	1	23	2	15	3	42	4	29	5	28	6	20	7	41	
0	13	1	11	2	11	3	3	4	25	5	33	6	3	7	48	
0	16	1	2	2	6	3	39	4	44	5	1	6	28	7	43	
0	22	1	7	2	45	3	44	4	47	5	6	6	25	7	42	
0	6	1	42	2	25	3	25	4	26	5	30	6	36	7	23	

Tempos_setup
M0
0	0	0	0	0	0	0	0	0	0	0	
0	0	2	6	1	5	2	3	3	4	6	
0	2	0	4	3	3	2	4	5	6	6	
0	5	3	0	2	1	3	3	3	4	3	
0	4	5	5	0	4	1	2	2	3	5	
0	4	2	3	1	0	2	3	2	3	6	
0	3	5	5	1	5	0	2	3	4	4	
0	4	5	4	4	3	5	0	5	2	3	
0	2	3	3	3	2	4	3	0	1	6	
0	2	3	2	2	1	3	2	3	0	5	
0	4	2	3	3	2	2	4	4	5	0	
M1
0	0	0	0	0	0	0	0	0	0	0	
0	0	4	4	5	4	3	4	6	3	3	
0	3	0	2	4	2	2	3	4	4	1	
0	3	1	0	2	3	3	2	5	5	2	
0	1	3	2	0	2	3	1	3	4	3	
0	2	2	3	3	0	1	2	2	4	2	
0	1	1	2	2	3	0	1	4	3	2	
0	2	2	1	3	4	3	0	6	4	2	
0	2	1	3	3	3	3	2	0	5	2	
0	3	2	1	3	1	2	3	3	0	3	
0	4	3	5	7	5	5	6	4	7	0	
M2
0	0	0	0	0	0	0	0	0	0	0	
0	0	5	5	4	3	3	1	4	4	5	
0	3	0	3	1	2	1	2	4	4	6	
0	1	5	0	3	4	3	2	5	5	6	
0	2	2	2	0	1	2	1	4	3	5	
0	3	3	2	1	0	1	2	4	2	4	
0	2	5	6	6	5	0	3	3	3	6	
0	4	4	5	5	6	5	0	3	7	6	
0	5	6	5	5	4	5	2	0	6	3	
0	3	4	5	5	4	1	2	3	0	3	
0	3	6	2	4	5	4	3	1	3	0	
M3
0	0	0	0	0	0	0	0	0	0	0	
0	0	5	4	6	3	2	4	2	3	4	
0	4	0	6	2	7	4	6	6	5	4	
0	3	1	0	3	2	3	4	3	6	2	
0	4	6	6	0	6	6	6	4	7	4	
0	1	3	3	5	0	1	2	3	4	3	
0	3	3	2	5	4	0	2	4	3	2	
0	3	5	4	6	2	3	0	2	4	2	
0	4	3	2	5	4	5	2	0	6	4	
0	5	7	7	8	4	5	4	6	0	6	
0	4	3	2	4	4	5	5	5	7	0	
M4
0	0	0	0	0	0	0	0	0	0	0	
0	0	2	5	3	4	3	3	2	3	2	
0	5	0	3	3	4	4	5	4	3	4	
0	2	4	0	4	1	4	5	3	2	4	
0	5	5	3	0	4	2	2	3	5	7	
0	1	3	6	3	0	4	4	2	1	3	
0	5	6	9	7	4	0	6	4	5	7	
0	5	3	3	3	4	2	0	1	4	5	
0	4	2	5	5	5	4	5	0	3	4	
0	3	3	5	2	2	3	3	1	0	2	
0	2	4	4	3	3	3	1	2	1	0	
M5
0	0	0	0	0	0	0	0	0	0	0	
0	0	5	7	4	5	6	5	4	5	5	
0	3	0	4	3	4	2	3	3	2	2	
0	4	5	0	4	5	3	3	4	4	7	
0	4	1	3	0	1	3	1	3	2	3	
0	5	2	2	5	0	4	5	2	1	4	
0	1	2	2	1	2	0	1	3	3	4	
0	6	4	2	4	2	5	0	4	3	6	
0	4	6	6	5	6	7	6	0	2	6	
0	5	4	7	6	6	6	5	1	0	4	
0	4	1	4	4	4	3	2	4	3	0	
M6
0	0	0	0	0	0	0	0	0	0	0	
0	0	1	2	3	3	2	4	3	4	3	
0	3	0	2	2	3	1	3	2	3	2	
0	4	4	0	3	1	3	3	5	2	4	
0	1	2	2	0	1	1	1	4	2	1	
0	3	4	4	2	0	3	3	6	4	3	
0	2	3	1	1	2	0	2	4	2	1	
0	4	4	1	3	2	4	0	5	3	4	
0	2	3	3	1	2	2	2	0	3	2	
0	5	2	2	4	3	3	1	3	0	4	
0	2	3	3	4	2	4	2	4	1	0	
M7
0	0	0	0	0	0	0	0	0	0	0	
0	0	4	3	4	1	4	2	2	2	1	
0	3	0	4	3	1	5	2	3	2	1	
0	4	4	0	5	2	6	3	1	4	1	
0	2	1	3	0	2	2	3	2	1	2	
0	2	4	4	3	0	4	1	3	2	1	
0	3	2	6	4	2	0	2	5	4	3	
0	1	3	4	2	2	3	0	3	2	2	
0	3	5	1	4	1	5	2	0	3	2	
0	4	4	2	3	2	5	3	1	0	3	
0	4	3	4	6	4	6	5	5	5	0	
Tamanho_Tarefas
0	7	16	12	3	8	23	11	1	15	21	
Data_Entrega
0	35	34	35	34	34	34	33	35	33	35	
Penalidade_Atraso
0	15	5	7	9	19	2	12	10	3	17	
Capacidade_Veiculo
40	63	38	58	
Custo_Fixo_Veiculo
400	630	380	580	
Coordenadas_Clientes
x	0	y	0
x	24	y	0
x	14	y	10
x	7	y	23
x	-6	y	20
x	-14	y	10
x	-23	y	0
x	-17	y	-12
x	-5	y	-15
x	7	y	-23
x	16	y	-11
Tempo_Viagem
0	24	17	24	20	17	23	20	15	24	19	
24	0	14	28	36	39	47	42	32	28	13	
17	14	0	14	22	28	38	37	31	33	21	
24	28	14	0	13	24	37	42	39	46	35	
20	36	22	13	0	12	25	33	35	44	38	
17	39	28	24	12	0	13	22	26	39	36	
23	47	38	37	25	13	0	13	23	37	40	
20	42	37	42	33	22	13	0	12	26	33	
15	32	31	39	35	26	23	12	0	14	21	
24	28	33	46	44	39	37	26	14	0	15	
19	13	21	35	38	36	40	33	21	15	0	
Custo_Viagem
V0
0	192	136	192	160	136	184	160	120	192	152	
192	0	112	224	288	312	376	336	256	224	104	
136	112	0	112	176	224	304	304	248	264	168	
192	224	112	0	104	192	296	336	312	368	280	
160	288	176	104	0	96	208	264	280	352	304	
136	312	224	192	96	0	104	176	208	312	288	
184	376	304	296	208	104	0	104	184	296	320	
160	336	304	336	264	176	104	0	96	208	264	
120	256	248	312	280	208	184	96	0	112	168	
192	224	264	368	352	312	296	208	112	0	120	
152	104	168	280	304	288	320	264	168	120	0	
V1
0	302	214	302	252	214	289	252	189	302	239	
302	0	176	352	453	491	592	529	403	352	163	
214	176	0	176	277	352	478	478	390	415	264	
302	352	176	0	163	302	466	529	491	579	441	
252	453	277	163	0	151	327	415	441	554	478	
214	491	352	302	151	0	163	277	327	491	453	
289	592	478	466	327	163	0	163	289	466	504	
252	529	478	529	415	277	163	0	151	327	415	
189	403	390	491	441	327	289	151	0	176	264	
302	352	415	579	554	491	466	327	176	0	189	
239	163	264	441	478	453	504	415	264	189	0	
V2
0	182	129	182	152	129	174	152	114	182	144	
182	0	106	212	273	296	357	319	243	212	98	
129	106	0	106	167	212	288	288	235	250	159	
182	212	106	0	98	182	281	319	296	349	266	
152	273	167	98	0	91	197	250	266	334	288	
129	296	212	182	91	0	98	167	197	296	273	
174	357	288	281	197	98	0	98	174	281	304	
152	319	288	319	250	167	98	0	91	197	250	
114	243	235	296	266	197	174	91	0	106	159	
182	212	250	349	334	296	281	197	106	0	114	
144	98	159	266	288	273	304	250	159	114	0	
V3
0	278	197	278	232	197	266	232	174	278	220	
278	0	162	324	417	452	545	487	371	324	150	
197	162	0	162	255	324	440	440	359	382	243	
278	324	162	0	150	278	429	487	452	533	406	
232	417	255	150	0	139	301	382	406	510	440	
197	452	324	278	139	0	150	255	301	452	417	
266	545	440	429	301	150	0	150	266	429	464	
232	487	440	487	382	255	150	0	139	301	382	
174	371	359	452	406	301	266	139	0	162	243	
278	324	382	533	510	452	429	301	162	0	174	
220	150	243	406	440	417	464	382	243	174	0	
Velocidade_Veiculos
1	1	1	1	