M: 8
N: 10
Nun_Veiculos: 4
Capacidade_Total: 228
Demanda_Total: 136
Setup_Min: 1
Setup_Max: 99
Raio: 100
Circulos: 1
Tempo_Processamento_Min: 1
Tempo_Processamento_Max: 49
Demanda_Min: 10
Demanda_Max: 30
Priority_Factor: 0.2
Range_Factor_R: 0.8
U_factor: 2
ALpha: 0.2Replicao: 4
Tempos_Processamentos
0	0	1	0	2	0	3	0	4	0	5	0	6	0	7	0	
0	49	1	15	2	38	3	44	4	8	5	2	6	30	7	1	
0	4	1	14	2	19	3	46	4	4	5	18	6	16	7	30	
0	3	1	26	2	8	3	39	4	48	5	21	6	34	7	14	
0	42	1	40	2	17	3	36	4	24	5	44	6	44	7	39	
0	37	1	4	2	7	3	21	4	3	5	34	6	11	7	7	
0	16	1	27	2	9	3	33	4	11	5	2	6	22	7	15	
0	42	1	13	2	49	3	2	4	19	5	31	6	10	7	3	
0	33	1	32	2	10	3	44	4	29	5	10	6	13	7	49	
0	3	1	16	2	9	3	33	4	1	5	14	6	16	7	13	
0	12	1	16	2	25	3	47	4	40	5	15	6	46	7	25	

Tempos_setup
M0
0	0	0	0	0	0	0	0	0	0	0	
0	0	51	33	35	24	39	20	37	29	18	
0	15	0	19	2	11	25	17	22	26	3	
0	16	49	0	21	18	6	36	20	15	1	
0	13	28	17	0	18	23	33	20	32	1	
0	11	60	12	33	0	18	31	21	27	2	
0	16	43	13	15	22	0	36	33	9	14	
0	16	31	13	15	22	19	0	33	9	14	
0	14	63	15	36	3	21	34	0	30	5	
0	7	34	4	6	13	10	27	24	0	5	
0	28	66	29	38	17	35	48	19	32	0	
M1
0	0	0	0	0	0	0	0	0	0	0	
0	0	16	15	28	59	12	48	27	6	14	
0	32	0	14	36	43	24	58	27	38	22	
0	29	32	0	22	44	16	59	21	28	8	
0	19	28	21	0	34	12	49	17	12	4	
0	17	24	32	27	0	2	15	13	23	13	
0	15	31	30	25	50	0	63	24	21	11	
0	35	38	43	28	34	22	0	27	34	14	
0	42	11	25	31	38	29	53	0	41	21	
0	21	37	9	31	53	6	68	28	0	17	
0	21	24	29	14	48	8	63	13	20	0	
M2
0	0	0	0	0	0	0	0	0	0	0	
0	0	14	11	11	20	9	1	8	16	20	
0	36	0	9	46	29	19	11	18	26	30	
0	27	3	0	38	20	22	14	21	29	33	
0	21	20	18	0	14	7	13	6	10	31	
0	7	21	18	18	0	13	8	12	20	23	
0	18	19	16	27	11	0	6	13	7	25	
0	26	13	10	35	19	8	0	7	15	19	
0	19	14	17	28	12	1	7	0	8	26	
0	11	12	9	20	4	17	12	16	0	21	
0	43	34	40	22	36	27	33	28	32	0	
M3
0	0	0	0	0	0	0	0	0	0	0	
0	0	39	40	34	21	1	39	28	42	25	
0	34	0	21	29	32	35	29	34	17	48	
0	26	12	0	30	35	21	10	13	26	27	
0	35	13	9	0	34	30	11	22	8	27	
0	61	29	46	58	0	48	56	52	46	49	
0	57	38	39	61	20	0	48	27	49	24	
0	36	2	23	28	34	36	0	36	16	50	
0	35	16	12	42	22	19	21	0	33	14	
0	47	25	21	12	26	42	23	30	0	39	
0	38	14	15	37	25	22	24	3	25	0	
M4
0	0	0	0	0	0	0	0	0	0	0	
0	0	24	55	49	32	30	41	35	37	26	
0	28	0	31	25	8	6	19	11	13	2	
0	42	17	0	27	25	23	29	28	30	19	
0	51	54	42	0	31	10	2	34	47	41	
0	20	40	23	17	0	27	19	3	42	36	
0	53	51	34	54	39	0	38	42	64	53	
0	61	53	42	62	45	8	0	48	50	39	
0	38	46	41	14	18	24	16	0	39	33	
0	35	7	38	13	15	13	15	15	0	9	
0	26	14	29	23	6	20	25	9	11	0	
M5
0	0	0	0	0	0	0	0	0	0	0	
0	0	37	28	15	1	23	13	24	13	22	
0	30	0	57	32	31	29	43	30	43	28	
0	11	9	0	9	12	17	24	18	2	16	
0	10	24	36	0	11	8	23	9	23	7	
0	23	36	27	14	0	22	12	23	12	21	
0	9	27	35	3	10	0	22	8	22	10	
0	12	26	38	2	13	10	0	11	25	9	
0	1	36	27	13	2	10	14	0	14	20	
0	11	31	31	7	12	15	24	16	0	14	
0	3	17	29	4	4	1	16	2	16	0	
M6
0	0	0	0	0	0	0	0	0	0	0	
0	0	33	23	35	26	39	26	26	36	39	
0	4	0	11	2	6	19	3	21	3	25	
0	22	26	0	28	3	32	3	19	26	25	
0	2	27	9	0	4	33	12	20	1	34	
0	19	23	34	25	0	29	14	16	23	36	
0	23	19	30	21	16	0	22	32	22	36	
0	27	25	36	27	29	31	0	18	26	22	
0	11	7	18	9	13	13	10	0	10	32	
0	1	26	24	28	3	32	17	19	0	39	
0	5	30	28	32	7	36	21	23	4	0	
M7
0	0	0	0	0	0	0	0	0	0	0	
0	0	17	13	45	20	10	5	16	7	9	
0	56	0	31	44	35	9	10	29	36	30	
0	48	4	0	48	8	13	14	18	40	12	
0	27	17	13	0	12	16	17	22	34	16	
0	49	5	1	49	0	14	15	10	41	4	
0	62	26	22	35	26	0	1	20	27	21	
0	67	30	26	40	25	5	0	19	26	26	
0	65	44	40	40	44	18	19	0	45	20	
0	73	19	33	47	32	27	28	9	0	2	
0	72	53	49	45	51	27	26	45	52	0	
Tamanho_Tarefas
0	4	18	20	22	12	6	5	20	3	26	
Data_Entrega
0	170	169	170	169	168	167	168	167	170	168	
Penalidade_Atraso
0	9	6	20	15	8	19	7	10	15	18	
Capacidade_Veiculo
73	52	58	45	
Custo_Fixo_Veiculo
730	520	580	450	
Coordenadas_Clientes
x	0	y	0
x	87	y	0
x	87	y	63
x	30	y	93
x	-25	y	77
x	-93	y	68
x	-95	y	0
x	-72	y	-52
x	-36	y	-113
x	33	y	-104
x	97	y	-70
Tempo_Viagem
0	87	107	97	80	115	95	88	118	109	119	
87	0	63	109	135	192	182	167	167	117	70	
107	63	0	64	112	180	192	195	214	175	133	
97	109	64	0	57	125	155	177	215	197	176	
80	135	112	57	0	68	104	137	190	189	191	
115	192	180	125	68	0	68	121	189	213	234	
95	182	192	155	104	68	0	56	126	164	204	
88	167	195	177	137	121	56	0	70	117	169	
118	167	214	215	190	189	126	70	0	69	139	
109	117	175	197	189	213	164	117	69	0	72	
119	70	133	176	191	234	204	169	139	72	0	
Custo_Viagem
V0
0	1270	1562	1416	1168	1679	1387	1284	1722	1591	1737	
1270	0	919	1591	1971	2803	2657	2438	2438	1708	1022	
1562	919	0	934	1635	2628	2803	2861	3124	2555	1941	
1416	1591	934	0	832	1825	2263	2584	3153	2876	2569	
1168	1971	1635	832	0	992	1518	2000	2774	2774	2788	
1679	2803	2628	1825	992	0	992	1766	2759	3109	3416	
1387	2657	2803	2263	1518	992	0	817	1854	2394	2978	
1284	2438	2861	2584	2000	1766	817	0	1022	1708	2467	
1722	2438	3124	3153	2774	2759	1854	1022	0	1007	2029	
1591	1708	2555	2876	2774	3109	2394	1708	1007	0	1051	
1737	1022	1941	2569	2788	3416	2978	2467	2029	1051	0	
V1
0	904	1112	1008	832	1196	988	915	1227	1133	1237	
904	0	655	1133	1404	1996	1892	1736	1736	1216	728	
1112	655	0	665	1164	1872	1996	2038	2225	1820	1383	
1008	1133	665	0	592	1300	1612	1840	2246	2048	1830	
832	1404	1164	592	0	707	1081	1424	1976	1976	1986	
1196	1996	1872	1300	707	0	707	1258	1965	2215	2433	
988	1892	1996	1612	1081	707	0	582	1320	1705	2121	
915	1736	2038	1840	1424	1258	582	0	728	1216	1757	
1227	1736	2225	2246	1976	1965	1320	728	0	717	1445	
1133	1216	1820	2048	1976	2215	1705	1216	717	0	748	
1237	728	1383	1830	1986	2433	2121	1757	1445	748	0	
V2
0	1009	1241	1125	928	1334	1102	1020	1368	1264	1380	
1009	0	730	1264	1566	2227	2111	1937	1937	1357	812	
1241	730	0	742	1299	2088	2227	2273	2482	2030	1542	
1125	1264	742	0	661	1450	1798	2053	2505	2285	2041	
928	1566	1299	661	0	788	1206	1589	2204	2204	2215	
1334	2227	2088	1450	788	0	788	1403	2192	2470	2714	
1102	2111	2227	1798	1206	788	0	649	1473	1902	2366	
1020	1937	2273	2053	1589	1403	649	0	812	1357	1960	
1368	1937	2482	2505	2204	2192	1473	812	0	800	1612	
1264	1357	2030	2285	2204	2470	1902	1357	800	0	835	
1380	812	1542	2041	2215	2714	2366	1960	1612	835	0	
V3
0	783	963	873	720	1035	855	792	1062	981	1071	
783	0	567	981	1215	1728	1638	1503	1503	1053	630	
963	567	0	576	1008	1620	1728	1764	1926	1575	1197	
873	981	576	0	513	1125	1395	1593	1944	1773	1584	
720	1215	1008	513	0	612	936	1233	1710	1710	1719	
1035	1728	1620	1125	612	0	612	1089	1701	1917	2106	
855	1638	1728	1395	936	612	0	504	1143	1476	1836	
792	1503	1764	1593	1233	1089	504	0	630	1053	1521	
1062	1503	1926	1944	1710	1701	1143	630	0	621	1251	
981	1053	1575	1773	1710	1917	1476	1053	621	0	648	
1071	630	1197	1584	1719	2106	1836	1521	1251	648	0	
Velocidade_Veiculos
1	1	1	1	