M: 8
N: 10
Nun_Veiculos: 4
Capacidade_Total: 237
Demanda_Total: 170
Setup_Min: 1
Setup_Max: 99
Raio: 100
Circulos: 1
Tempo_Processamento_Min: 1
Tempo_Processamento_Max: 49
Demanda_Min: 10
Demanda_Max: 30
Priority_Factor: 0.2
Range_Factor_R: 0.8
U_factor: 2
ALpha: 0.2Replicao: 1
Tempos_Processamentos
0	0	1	0	2	0	3	0	4	0	5	0	6	0	7	0	
0	2	1	10	2	8	3	15	4	24	5	16	6	14	7	20	
0	15	1	43	2	49	3	48	4	23	5	39	6	31	7	15	
0	25	1	43	2	39	3	23	4	4	5	21	6	16	7	23	
0	45	1	40	2	47	3	21	4	36	5	14	6	32	7	36	
0	33	1	27	2	24	3	16	4	26	5	26	6	12	7	9	
0	19	1	35	2	36	3	11	4	10	5	3	6	5	7	47	
0	28	1	5	2	13	3	12	4	3	5	30	6	6	7	21	
0	12	1	42	2	37	3	36	4	39	5	18	6	30	7	29	
0	15	1	49	2	3	3	44	4	41	5	15	6	22	7	2	
0	14	1	26	2	44	3	7	4	45	5	37	6	15	7	25	

Tempos_setup
M0
0	0	0	0	0	0	0	0	0	0	0	
0	0	39	53	41	33	53	53	41	68	19	
0	33	0	19	21	29	39	37	5	39	43	
0	14	51	0	2	10	20	32	55	20	31	
0	30	49	66	0	52	63	63	54	83	29	
0	4	43	20	22	0	40	33	45	40	23	
0	23	62	52	41	32	0	21	55	36	42	
0	15	49	31	33	11	51	0	34	20	34	
0	29	58	37	39	47	57	60	0	57	38	
0	27	61	43	45	23	42	12	46	0	45	
0	27	20	37	39	23	34	55	25	57	0	
M1
0	0	0	0	0	0	0	0	0	0	0	
0	0	58	55	28	61	46	35	60	67	51	
0	24	0	22	32	15	6	20	37	43	49	
0	62	39	0	58	54	32	59	55	75	59	
0	11	30	40	0	33	18	7	37	40	36	
0	11	23	39	39	0	15	22	44	51	35	
0	34	36	58	26	23	0	33	31	66	58	
0	4	37	33	32	26	11	0	38	45	29	
0	37	43	65	57	26	31	48	0	77	61	
0	12	6	12	38	21	12	8	43	0	37	
0	18	22	4	34	26	20	14	9	16	0	
M2
0	0	0	0	0	0	0	0	0	0	0	
0	0	20	44	19	43	40	16	16	11	12	
0	55	0	27	29	41	24	27	18	22	11	
0	45	1	0	2	35	25	23	19	18	12	
0	43	1	25	0	42	25	28	19	23	12	
0	42	7	31	6	0	6	34	25	29	18	
0	36	45	44	46	78	0	51	46	46	47	
0	34	4	28	3	35	28	0	22	6	7	
0	43	13	32	12	36	37	9	0	4	4	
0	39	9	33	8	32	33	5	27	0	1	
0	44	22	49	27	59	46	32	40	38	0	
M3
0	0	0	0	0	0	0	0	0	0	0	
0	0	14	38	34	15	24	23	51	56	42	
0	12	0	50	46	27	36	35	41	66	28	
0	37	41	0	5	47	32	55	40	18	40	
0	48	36	55	0	42	41	50	35	23	35	
0	6	20	23	28	0	9	8	36	41	33	
0	37	25	14	19	31	0	30	27	32	24	
0	30	25	61	42	38	47	0	66	53	53	
0	43	31	20	25	37	6	18	0	28	30	
0	36	34	38	43	40	24	48	51	0	33	
0	13	1	30	35	7	16	15	24	38	0	
M4
0	0	0	0	0	0	0	0	0	0	0	
0	0	39	30	22	60	42	14	15	30	31	
0	26	0	46	32	40	54	37	41	3	16	
0	17	29	0	39	69	12	31	32	32	45	
0	48	42	31	0	38	22	15	28	32	30	
0	26	38	46	32	0	43	37	41	3	16	
0	44	56	64	50	58	0	55	23	21	34	
0	33	27	16	15	53	28	0	13	17	30	
0	38	49	58	36	52	58	49	0	15	28	
0	23	35	43	29	37	51	34	38	0	13	
0	47	22	30	54	62	42	59	32	25	0	
M5
0	0	0	0	0	0	0	0	0	0	0	
0	0	1	13	12	39	29	17	36	48	23	
0	6	0	19	18	38	35	23	42	47	29	
0	30	24	0	15	54	39	4	23	48	10	
0	33	34	46	0	46	62	46	69	40	52	
0	43	37	23	38	0	17	27	46	71	33	
0	26	20	39	38	58	0	43	62	67	33	
0	26	20	39	11	52	55	0	53	48	6	
0	42	36	54	28	31	16	17	0	25	23	
0	32	26	29	17	6	23	6	43	0	12	
0	20	14	33	5	46	49	37	47	45	0	
M6
0	0	0	0	0	0	0	0	0	0	0	
0	0	4	3	4	2	8	16	10	4	1	
0	12	0	13	14	12	4	28	8	14	13	
0	15	19	0	19	17	23	31	14	1	16	
0	23	27	26	0	25	31	39	30	9	24	
0	14	2	1	2	0	6	30	10	2	15	
0	30	34	31	10	32	0	30	4	16	31	
0	16	13	1	20	18	17	0	15	2	17	
0	29	33	32	6	31	37	45	0	15	30	
0	14	18	17	18	16	22	30	24	0	15	
0	31	28	16	15	26	23	15	9	17	0	
M7
0	0	0	0	0	0	0	0	0	0	0	
0	0	22	37	27	28	22	20	45	31	3	
0	33	0	39	5	61	21	53	51	59	36	
0	35	2	0	7	45	23	49	23	20	32	
0	54	49	88	0	58	70	50	46	61	55	
0	17	34	32	39	0	39	37	27	48	20	
0	49	20	18	25	47	0	67	41	38	50	
0	25	13	38	18	8	20	0	35	11	28	
0	15	37	46	42	22	28	26	0	37	9	
0	49	29	27	32	32	9	34	50	0	22	
0	42	30	37	35	25	19	17	42	28	0	
Tamanho_Tarefas
0	13	31	4	18	13	14	3	30	23	21	
Data_Entrega
0	160	161	160	163	165	162	164	163	164	163	
Penalidade_Atraso
0	8	14	19	18	14	18	16	10	10	10	
Capacidade_Veiculo
50	63	39	85	
Custo_Fixo_Veiculo
500	630	390	850	
Coordenadas_Clientes
x	0	y	0
x	81	y	0
x	74	y	54
x	32	y	100
x	-26	y	82
x	-76	y	55
x	-91	y	0
x	-76	y	-55
x	-31	y	-97
x	35	y	-110
x	84	y	-61
Tempo_Viagem
0	81	91	104	86	93	91	93	101	115	103	
81	0	54	111	134	166	172	166	148	119	61	
91	54	0	62	103	150	173	184	183	168	115	
104	111	62	0	60	116	158	188	205	210	169	
86	134	103	60	0	56	104	145	179	201	180	
93	166	150	116	56	0	57	110	158	198	196	
91	172	173	158	104	57	0	57	114	167	185	
93	166	184	188	145	110	57	0	61	123	160	
101	148	183	205	179	158	114	61	0	67	120	
115	119	168	210	201	198	167	123	67	0	69	
103	61	115	169	180	196	185	160	120	69	0	
Custo_Viagem
V0
0	810	910	1040	860	930	910	930	1010	1150	1030	
810	0	540	1110	1340	1660	1720	1660	1480	1190	610	
910	540	0	620	1030	1500	1730	1850	1830	1680	1150	
1040	1110	620	0	600	1170	1580	1880	2060	2100	1690	
860	1340	1030	600	0	560	1040	1450	1790	2010	1800	
930	1660	1500	1170	560	0	570	1100	1580	1980	1970	
910	1720	1730	1580	1040	570	0	570	1140	1670	1850	
930	1660	1850	1880	1450	1100	570	0	610	1230	1600	
1010	1480	1830	2060	1790	1580	1140	610	0	670	1200	
1150	1190	1680	2100	2010	1980	1670	1230	670	0	690	
1030	610	1150	1690	1800	1970	1850	1600	1200	690	0	
V1
0	1020	1146	1310	1083	1171	1146	1171	1272	1449	1297	
1020	0	680	1398	1688	2091	2167	2091	1864	1499	768	
1146	680	0	781	1297	1890	2179	2331	2305	2116	1449	
1310	1398	781	0	756	1474	1990	2368	2595	2646	2129	
1083	1688	1297	756	0	705	1310	1827	2255	2532	2268	
1171	2091	1890	1474	705	0	718	1386	1990	2494	2482	
1146	2167	2179	1990	1310	718	0	718	1436	2104	2331	
1171	2091	2331	2368	1827	1386	718	0	768	1549	2016	
1272	1864	2305	2595	2255	1990	1436	768	0	844	1512	
1449	1499	2116	2646	2532	2494	2104	1549	844	0	869	
1297	768	1449	2129	2268	2482	2331	2016	1512	869	0	
V2
0	631	709	811	670	725	709	725	787	897	803	
631	0	421	865	1045	1294	1341	1294	1154	928	475	
709	421	0	483	803	1170	1349	1443	1427	1310	897	
811	865	483	0	468	912	1232	1466	1606	1638	1318	
670	1045	803	468	0	436	811	1131	1396	1567	1404	
725	1294	1170	912	436	0	444	858	1232	1544	1536	
709	1341	1349	1232	811	444	0	444	889	1302	1443	
725	1294	1443	1466	1131	858	444	0	475	959	1248	
787	1154	1427	1606	1396	1232	889	475	0	522	936	
897	928	1310	1638	1567	1544	1302	959	522	0	538	
803	475	897	1318	1404	1536	1443	1248	936	538	0	
V3
0	1377	1547	1768	1462	1581	1547	1581	1717	1955	1751	
1377	0	918	1887	2278	2822	2924	2822	2516	2023	1037	
1547	918	0	1054	1751	2550	2941	3145	3111	2856	1955	
1768	1887	1054	0	1020	1989	2686	3196	3502	3570	2873	
1462	2278	1751	1020	0	952	1768	2465	3043	3417	3060	
1581	2822	2550	1989	952	0	969	1870	2686	3366	3349	
1547	2924	2941	2686	1768	969	0	969	1938	2839	3145	
1581	2822	3145	3196	2465	1870	969	0	1037	2091	2720	
1717	2516	3111	3502	3043	2686	1938	1037	0	1139	2040	
1955	2023	2856	3570	3417	3366	2839	2091	1139	0	1173	
1751	1037	1955	2873	3060	3349	3145	2720	2040	1173	0	
Velocidade_Veiculos
1	1	1	1	