M: 8
N: 10
Nun_Veiculos: 4
Capacidade_Total: 216
Demanda_Total: 144
Setup_Min: 1
Setup_Max: 99
Raio: 100
Circulos: 1
Tempo_Processamento_Min: 1
Tempo_Processamento_Max: 49
Demanda_Min: 10
Demanda_Max: 30
Priority_Factor: 0.2
Range_Factor_R: 0.8
U_factor: 2
ALpha: 0.2Replicao: 4
Tempos_Processamentos
0	0	1	0	2	0	3	0	4	0	5	0	6	0	7	0	
0	21	1	24	2	23	3	23	4	14	5	13	6	23	7	47	
0	7	1	5	2	18	3	8	4	37	5	29	6	19	7	43	
0	38	1	42	2	4	3	13	4	44	5	29	6	14	7	39	
0	33	1	15	2	25	3	25	4	30	5	4	6	14	7	31	
0	20	1	38	2	43	3	42	4	24	5	16	6	2	7	27	
0	14	1	15	2	31	3	42	4	33	5	41	6	25	7	20	
0	37	1	6	2	49	3	47	4	35	5	41	6	13	7	2	
0	26	1	32	2	41	3	22	4	2	5	46	6	5	7	43	
0	21	1	9	2	44	3	23	4	26	5	13	6	10	7	15	
0	17	1	45	2	8	3	38	4	35	5	46	6	43	7	12	

Tempos_setup
M0
0	0	0	0	0	0	0	0	0	0	0	
0	0	51	44	28	41	49	54	38	37	96	
0	10	0	7	17	15	2	17	1	26	83	
0	40	30	0	36	45	32	33	31	45	82	
0	27	33	23	0	13	21	33	17	9	86	
0	14	40	10	42	0	37	20	4	51	74	
0	33	23	8	40	38	0	18	24	49	82	
0	48	45	30	29	42	22	0	33	38	92	
0	46	36	6	42	51	33	16	0	51	82	
0	23	24	31	41	39	26	41	25	0	95	
0	17	7	14	24	22	9	24	8	17	0	
M1
0	0	0	0	0	0	0	0	0	0	0	
0	0	29	35	10	43	25	4	48	69	22	
0	12	0	41	16	49	31	10	54	54	34	
0	8	37	0	18	10	33	12	15	51	30	
0	20	31	25	0	33	15	24	38	74	23	
0	24	37	38	29	0	44	23	5	41	25	
0	18	47	10	28	20	0	22	25	61	18	
0	26	37	31	6	39	21	0	44	80	29	
0	34	47	49	24	42	39	18	0	46	20	
0	17	5	16	21	26	6	15	31	0	19	
0	14	43	32	15	22	22	9	27	63	0	
M2
0	0	0	0	0	0	0	0	0	0	0	
0	0	63	48	49	67	27	52	73	78	61	
0	4	0	52	22	49	31	56	57	80	50	
0	5	15	0	1	64	16	5	25	34	38	
0	4	14	41	0	63	31	40	58	59	64	
0	75	74	70	71	0	73	54	81	34	62	
0	5	36	21	22	72	0	25	46	51	34	
0	21	31	16	17	63	32	0	29	29	54	
0	12	22	7	8	57	23	12	0	35	45	
0	47	63	57	49	80	73	51	50	0	82	
0	25	41	26	27	76	20	31	19	30	0	
M3
0	0	0	0	0	0	0	0	0	0	0	
0	0	28	17	46	16	63	9	2	1	24	
0	69	0	52	58	60	69	61	19	27	59	
0	54	36	0	43	30	63	9	10	25	7	
0	11	16	28	0	9	35	20	13	12	27	
0	45	50	34	34	0	69	26	43	42	41	
0	26	31	35	15	11	0	27	12	27	25	
0	62	43	8	51	21	54	0	17	16	15	
0	57	26	33	53	62	88	42	0	53	40	
0	58	27	34	54	33	73	43	1	0	41	
0	47	41	10	36	23	56	2	15	18	0	
M4
0	0	0	0	0	0	0	0	0	0	0	
0	0	43	49	42	49	51	18	50	34	57	
0	29	0	20	20	21	23	23	22	34	19	
0	11	28	0	2	1	3	3	2	27	14	
0	9	52	40	0	40	35	27	34	25	37	
0	33	27	22	24	0	2	2	1	35	13	
0	44	61	33	35	34	0	36	35	47	47	
0	50	25	45	41	46	48	0	47	33	44	
0	44	26	34	35	35	1	1	0	34	45	
0	17	31	15	8	15	17	17	16	0	28	
0	20	16	9	11	10	12	12	11	22	0	
M5
0	0	0	0	0	0	0	0	0	0	0	
0	0	16	25	19	9	26	43	22	37	15	
0	40	0	12	34	21	36	53	32	37	51	
0	28	16	0	39	9	26	48	27	25	43	
0	14	20	29	0	13	7	24	3	41	29	
0	19	7	16	30	0	17	39	18	28	34	
0	7	23	32	26	16	0	50	29	44	22	
0	35	29	41	54	26	28	0	24	54	50	
0	11	17	26	30	10	4	21	0	38	26	
0	28	16	25	39	9	26	40	27	0	43	
0	24	12	21	35	5	22	44	23	33	0	
M6
0	0	0	0	0	0	0	0	0	0	0	
0	0	50	45	41	31	32	40	3	46	28	
0	12	0	9	23	42	44	20	15	48	26	
0	41	60	0	14	33	35	15	37	49	17	
0	27	68	35	0	19	23	1	23	37	18	
0	39	49	20	16	0	21	17	39	35	3	
0	18	57	18	32	49	0	33	21	14	35	
0	33	69	34	14	33	35	0	22	49	17	
0	11	47	42	38	42	29	39	0	43	25	
0	45	62	4	18	37	39	19	41	0	21	
0	36	75	17	13	32	18	14	36	32	0	
M7
0	0	0	0	0	0	0	0	0	0	0	
0	0	51	27	30	29	7	30	40	19	45	
0	18	0	30	24	26	10	28	34	22	7	
0	34	52	0	31	30	8	3	41	20	39	
0	26	62	10	0	40	18	12	10	30	15	
0	37	71	40	30	0	29	39	40	41	26	
0	49	44	20	23	22	0	23	33	12	38	
0	31	80	43	33	31	36	0	43	48	36	
0	33	53	45	36	34	25	3	0	37	22	
0	42	60	8	33	14	16	11	26	0	40	
0	11	47	23	17	25	3	26	27	15	0	
Tamanho_Tarefas
0	23	11	19	8	4	19	11	18	15	16	
Data_Entrega
0	167	165	167	166	164	165	165	167	164	163	
Penalidade_Atraso
0	12	9	7	13	11	13	6	12	14	15	
Capacidade_Veiculo
40	53	59	64	
Custo_Fixo_Veiculo
400	530	590	640	
Coordenadas_Clientes
x	0	y	0
x	104	y	0
x	72	y	52
x	32	y	98
x	-24	y	76
x	-96	y	69
x	-88	y	0
x	-86	y	-62
x	-33	y	-102
x	32	y	-98
x	77	y	-56
Tempo_Viagem
0	104	88	103	79	118	88	106	107	103	95	
104	0	61	121	148	211	192	199	170	121	62	
88	61	0	60	98	168	168	194	186	155	108	
103	121	60	0	60	131	154	198	210	196	160	
79	148	98	60	0	72	99	151	178	182	166	
118	211	168	131	72	0	69	131	182	210	213	
88	192	168	154	99	69	0	62	115	154	174	
106	199	194	198	151	131	62	0	66	123	163	
107	170	186	210	178	182	115	66	0	65	119	
103	121	155	196	182	210	154	123	65	0	61	
95	62	108	160	166	213	174	163	119	61	0	
Custo_Viagem
V0
0	832	704	824	632	944	704	848	856	824	760	
832	0	488	968	1184	1688	1536	1592	1360	968	496	
704	488	0	480	784	1344	1344	1552	1488	1240	864	
824	968	480	0	480	1048	1232	1584	1680	1568	1280	
632	1184	784	480	0	576	792	1208	1424	1456	1328	
944	1688	1344	1048	576	0	552	1048	1456	1680	1704	
704	1536	1344	1232	792	552	0	496	920	1232	1392	
848	1592	1552	1584	1208	1048	496	0	528	984	1304	
856	1360	1488	1680	1424	1456	920	528	0	520	952	
824	968	1240	1568	1456	1680	1232	984	520	0	488	
760	496	864	1280	1328	1704	1392	1304	952	488	0	
V1
0	1102	932	1091	837	1250	932	1123	1134	1091	1007	
1102	0	646	1282	1568	2236	2035	2109	1802	1282	657	
932	646	0	636	1038	1780	1780	2056	1971	1643	1144	
1091	1282	636	0	636	1388	1632	2098	2226	2077	1696	
837	1568	1038	636	0	763	1049	1600	1886	1929	1759	
1250	2236	1780	1388	763	0	731	1388	1929	2226	2257	
932	2035	1780	1632	1049	731	0	657	1219	1632	1844	
1123	2109	2056	2098	1600	1388	657	0	699	1303	1727	
1134	1802	1971	2226	1886	1929	1219	699	0	689	1261	
1091	1282	1643	2077	1929	2226	1632	1303	689	0	646	
1007	657	1144	1696	1759	2257	1844	1727	1261	646	0	
V2
0	1227	1038	1215	932	1392	1038	1250	1262	1215	1121	
1227	0	719	1427	1746	2489	2265	2348	2006	1427	731	
1038	719	0	708	1156	1982	1982	2289	2194	1829	1274	
1215	1427	708	0	708	1545	1817	2336	2478	2312	1888	
932	1746	1156	708	0	849	1168	1781	2100	2147	1958	
1392	2489	1982	1545	849	0	814	1545	2147	2478	2513	
1038	2265	1982	1817	1168	814	0	731	1357	1817	2053	
1250	2348	2289	2336	1781	1545	731	0	778	1451	1923	
1262	2006	2194	2478	2100	2147	1357	778	0	767	1404	
1215	1427	1829	2312	2147	2478	1817	1451	767	0	719	
1121	731	1274	1888	1958	2513	2053	1923	1404	719	0	
V3
0	1331	1126	1318	1011	1510	1126	1356	1369	1318	1216	
1331	0	780	1548	1894	2700	2457	2547	2176	1548	793	
1126	780	0	768	1254	2150	2150	2483	2380	1984	1382	
1318	1548	768	0	768	1676	1971	2534	2688	2508	2048	
1011	1894	1254	768	0	921	1267	1932	2278	2329	2124	
1510	2700	2150	1676	921	0	883	1676	2329	2688	2726	
1126	2457	2150	1971	1267	883	0	793	1472	1971	2227	
1356	2547	2483	2534	1932	1676	793	0	844	1574	2086	
1369	2176	2380	2688	2278	2329	1472	844	0	832	1523	
1318	1548	1984	2508	2329	2688	1971	1574	832	0	780	
1216	793	1382	2048	2124	2726	2227	2086	1523	780	0	
Velocidade_Veiculos
1	1	1	1	