M: 8
N: 10
Nun_Veiculos: 6
Capacidade_Total: 326
Demanda_Total: 168
Setup_Min: 1
Setup_Max: 9
Raio: 100
Circulos: 1
Tempo_Processamento_Min: 1
Tempo_Processamento_Max: 49
Demanda_Min: 10
Demanda_Max: 30
Priority_Factor: 0.2
Range_Factor_R: 0.8
U_factor: 2
ALpha: 0.2Replicao: 4
Tempos_Processamentos
0	0	1	0	2	0	3	0	4	0	5	0	6	0	7	0	
0	15	1	49	2	42	3	45	4	32	5	35	6	24	7	22	
0	14	1	13	2	45	3	39	4	39	5	45	6	16	7	19	
0	45	1	32	2	45	3	1	4	44	5	8	6	44	7	25	
0	17	1	26	2	46	3	42	4	13	5	17	6	13	7	42	
0	11	1	25	2	12	3	32	4	46	5	26	6	22	7	41	
0	46	1	3	2	39	3	22	4	9	5	24	6	34	7	38	
0	25	1	11	2	42	3	9	4	35	5	17	6	33	7	49	
0	22	1	16	2	37	3	26	4	46	5	3	6	13	7	45	
0	42	1	3	2	16	3	44	4	4	5	24	6	15	7	39	
0	4	1	7	2	48	3	30	4	3	5	46	6	12	7	45	

Tempos_setup
M0
0	0	0	0	0	0	0	0	0	0	0	
0	0	5	5	6	2	3	4	3	4	1	
0	2	0	6	8	4	5	5	5	3	3	
0	3	4	0	4	3	1	2	2	3	3	
0	2	3	3	0	1	2	2	1	2	3	
0	2	3	3	4	0	1	2	1	2	3	
0	2	3	2	3	2	0	1	3	4	2	
0	2	5	1	5	4	2	0	3	4	1	
0	1	2	3	3	3	1	2	0	1	2	
0	2	5	4	5	4	2	3	5	0	3	
0	1	5	6	6	3	4	5	3	4	0	
M1
0	0	0	0	0	0	0	0	0	0	0	
0	0	4	2	2	1	3	4	3	1	5	
0	4	0	5	4	5	5	4	2	3	2	
0	3	3	0	2	2	3	3	2	1	5	
0	1	2	3	0	2	1	4	1	2	4	
0	4	4	6	5	0	5	3	6	5	6	
0	1	4	3	3	2	0	3	4	2	3	
0	1	1	3	2	2	3	0	3	2	3	
0	4	1	3	3	5	3	5	0	2	3	
0	2	3	3	1	3	2	5	2	0	4	
0	5	5	5	4	6	5	8	5	4	0	
M2
0	0	0	0	0	0	0	0	0	0	0	
0	0	1	1	2	5	3	3	2	2	4	
0	3	0	4	1	4	5	2	3	4	6	
0	4	5	0	6	8	5	6	6	4	8	
0	2	3	3	0	3	4	1	2	3	5	
0	3	4	3	2	0	1	2	3	3	2	
0	3	4	2	5	7	0	2	3	2	6	
0	1	2	2	3	5	3	0	2	2	4	
0	1	2	2	2	5	2	2	0	3	5	
0	2	3	2	4	7	1	3	4	0	6	
0	2	3	3	3	2	3	3	1	4	0	
M3
0	0	0	0	0	0	0	0	0	0	0	
0	0	2	3	3	5	4	4	6	1	3	
0	3	0	1	3	5	3	4	6	4	1	
0	2	4	0	3	5	2	5	6	3	5	
0	5	3	3	0	2	5	3	4	5	4	
0	5	4	5	5	0	7	3	2	3	5	
0	2	4	2	5	5	0	3	5	3	5	
0	3	5	5	4	5	6	0	2	4	4	
0	4	6	3	5	6	5	1	0	5	5	
0	4	1	2	2	4	4	5	6	0	2	
0	3	5	3	2	4	5	3	5	4	0	
M4
0	0	0	0	0	0	0	0	0	0	0	
0	0	3	1	5	4	6	3	5	2	7	
0	4	0	4	4	4	5	3	5	1	4	
0	3	2	0	4	3	5	2	4	1	6	
0	3	4	4	0	1	4	4	4	5	3	
0	6	6	5	6	0	4	7	5	5	4	
0	4	3	2	4	2	0	3	2	1	1	
0	1	2	1	2	3	3	0	5	2	4	
0	5	3	6	5	6	8	6	0	4	7	
0	3	4	3	4	5	5	2	7	0	6	
0	4	3	1	5	3	1	3	1	2	0	
M5
0	0	0	0	0	0	0	0	0	0	0	
0	0	5	2	4	3	4	3	5	4	5	
0	4	0	2	6	5	4	2	6	5	5	
0	7	3	0	5	3	2	5	5	5	3	
0	5	1	3	0	2	1	3	4	2	4	
0	7	4	1	4	0	3	3	2	6	4	
0	8	4	2	3	1	0	4	3	5	5	
0	6	6	4	5	4	3	0	4	6	7	
0	5	3	4	2	3	2	1	0	4	6	
0	5	2	3	1	3	2	4	4	0	2	
0	7	4	1	3	4	3	3	2	2	0	
M6
0	0	0	0	0	0	0	0	0	0	0	
0	0	4	2	2	5	3	4	3	5	3	
0	3	0	5	2	1	4	3	3	2	6	
0	3	5	0	2	3	1	4	2	4	1	
0	2	4	4	0	5	5	2	4	4	4	
0	5	3	7	3	0	6	2	6	1	7	
0	6	4	6	5	2	0	3	1	3	4	
0	6	4	7	4	5	7	0	7	2	7	
0	7	6	8	6	7	7	2	0	4	5	
0	4	2	6	2	3	5	1	5	0	6	
0	2	6	3	4	6	4	5	5	7	0	
M7
0	0	0	0	0	0	0	0	0	0	0	
0	0	2	3	5	1	3	3	5	6	3	
0	4	0	2	5	3	3	4	3	5	1	
0	2	2	0	3	1	3	3	2	3	3	
0	6	4	4	0	5	2	2	6	2	5	
0	1	1	3	4	0	2	2	4	6	2	
0	6	5	6	6	5	0	7	7	5	3	
0	6	2	4	4	5	5	0	5	6	3	
0	3	1	3	4	4	4	5	0	6	2	
0	4	4	2	5	3	5	5	4	0	5	
0	3	3	5	6	2	2	4	5	4	0	
Tamanho_Tarefas
0	23	22	11	14	18	16	13	17	20	14	
Data_Entrega
0	173	172	174	170	173	171	174	172	172	173	
Penalidade_Atraso
0	19	16	1	10	8	3	5	19	6	16	
Capacidade_Veiculo
60	54	58	32	53	69	
Custo_Fixo_Veiculo
600	540	580	320	530	690	
Coordenadas_Clientes
x	0	y	0
x	112	y	0
x	67	y	48
x	33	y	103
x	-34	y	105
x	-76	y	55
x	-108	y	0
x	-76	y	-55
x	-27	y	-83
x	37	y	-116
x	96	y	-69
Tempo_Viagem
0	112	82	108	110	93	108	93	87	121	118	
112	0	65	129	179	195	220	195	161	138	70	
82	65	0	64	115	143	181	175	161	166	120	
108	129	64	0	67	119	174	191	195	219	183	
110	179	115	67	0	65	128	165	188	231	217	
93	195	143	119	65	0	63	110	146	204	211	
108	220	181	174	128	63	0	63	115	185	215	
93	195	175	191	165	110	63	0	56	128	172	
87	161	161	195	188	146	115	56	0	72	123	
121	138	166	219	231	204	185	128	72	0	75	
118	70	120	183	217	211	215	172	123	75	0	
Custo_Viagem
V0
0	1344	984	1296	1320	1116	1296	1116	1044	1452	1416	
1344	0	780	1548	2148	2340	2640	2340	1932	1656	840	
984	780	0	768	1380	1716	2172	2112	1932	1992	1440	
1296	1548	768	0	804	1428	2088	2292	2340	2628	2196	
1320	2148	1380	804	0	780	1536	1980	2256	2784	2604	
1116	2340	1716	1428	780	0	756	1320	1752	2448	2544	
1296	2640	2172	2088	1536	756	0	756	1380	2220	2580	
1116	2340	2112	2292	1980	1320	756	0	672	1536	2064	
1044	1932	1932	2340	2256	1752	1380	672	0	864	1476	
1452	1656	1992	2628	2784	2448	2220	1536	864	0	900	
1416	840	1440	2196	2604	2544	2580	2064	1476	900	0	
V1
0	1209	885	1166	1188	1004	1166	1004	939	1306	1274	
1209	0	702	1393	1933	2106	2376	2106	1738	1490	756	
885	702	0	691	1242	1544	1954	1900	1738	1792	1296	
1166	1393	691	0	723	1285	1879	2062	2106	2365	1976	
1188	1933	1242	723	0	702	1382	1782	2030	2505	2343	
1004	2106	1544	1285	702	0	680	1188	1576	2203	2289	
1166	2376	1954	1879	1382	680	0	680	1242	1998	2322	
1004	2106	1900	2062	1782	1188	680	0	604	1382	1857	
939	1738	1738	2106	2030	1576	1242	604	0	777	1328	
1306	1490	1792	2365	2505	2203	1998	1382	777	0	810	
1274	756	1296	1976	2343	2289	2322	1857	1328	810	0	
V2
0	1299	951	1252	1276	1078	1252	1078	1009	1403	1368	
1299	0	754	1496	2076	2262	2552	2262	1867	1600	812	
951	754	0	742	1334	1658	2099	2041	1867	1925	1392	
1252	1496	742	0	777	1380	2018	2215	2262	2540	2122	
1276	2076	1334	777	0	754	1484	1914	2180	2691	2517	
1078	2262	1658	1380	754	0	730	1276	1693	2366	2459	
1252	2552	2099	2018	1484	730	0	730	1334	2146	2494	
1078	2262	2041	2215	1914	1276	730	0	649	1484	1995	
1009	1867	1867	2262	2180	1693	1334	649	0	835	1426	
1403	1600	1925	2540	2691	2366	2146	1484	835	0	870	
1368	812	1392	2122	2517	2459	2494	1995	1426	870	0	
V3
0	716	524	691	704	595	691	595	556	774	755	
716	0	416	825	1145	1248	1408	1248	1030	883	448	
524	416	0	409	736	915	1158	1126	1030	1062	768	
691	825	409	0	428	761	1113	1222	1248	1401	1171	
704	1145	736	428	0	416	819	1056	1203	1484	1388	
595	1248	915	761	416	0	403	704	934	1305	1356	
691	1408	1158	1113	819	403	0	403	736	1184	1376	
595	1248	1126	1222	1056	704	403	0	358	819	1100	
556	1030	1030	1248	1203	934	736	358	0	460	787	
774	883	1062	1401	1484	1305	1184	819	460	0	480	
755	448	768	1171	1388	1356	1376	1100	787	480	0	
V4
0	1187	869	1144	1166	985	1144	985	922	1282	1250	
1187	0	689	1367	1897	2067	2332	2067	1706	1462	742	
869	689	0	678	1219	1515	1918	1865	1706	1759	1272	
1144	1367	678	0	710	1261	1844	2024	2067	2321	1939	
1166	1897	1219	710	0	689	1356	1749	1992	2459	2300	
985	2067	1515	1261	689	0	667	1166	1547	2162	2247	
1144	2332	1918	1844	1356	667	0	667	1219	1961	2279	
985	2067	1865	2024	1749	1166	667	0	593	1356	1823	
922	1706	1706	2067	1992	1547	1219	593	0	763	1303	
1282	1462	1759	2321	2459	2162	1961	1356	763	0	795	
1250	742	1272	1939	2300	2247	2279	1823	1303	795	0	
V5
0	1545	1131	1490	1518	1283	1490	1283	1200	1669	1628	
1545	0	897	1780	2470	2691	3036	2691	2221	1904	966	
1131	897	0	883	1587	1973	2497	2428	2221	2290	1656	
1490	1780	883	0	924	1642	2401	2635	2691	3022	2525	
1518	2470	1587	924	0	897	1766	2277	2594	3201	2994	
1283	2691	1973	1642	897	0	869	1518	2014	2815	2925	
1490	3036	2497	2401	1766	869	0	869	1587	2553	2967	
1283	2691	2428	2635	2277	1518	869	0	772	1766	2373	
1200	2221	2221	2691	2594	2014	1587	772	0	993	1697	
1669	1904	2290	3022	3201	2815	2553	1766	993	0	1035	
1628	966	1656	2525	2994	2925	2967	2373	1697	1035	0	
Velocidade_Veiculos
1	1	1	1	1	1	