M: 8
N: 10
Nun_Veiculos: 4
Capacidade_Total: 191
Demanda_Total: 154
Setup_Min: 1
Setup_Max: 99
Raio: 20
Circulos: 1
Tempo_Processamento_Min: 1
Tempo_Processamento_Max: 49
Demanda_Min: 10
Demanda_Max: 30
Priority_Factor: 0.2
Range_Factor_R: 0.8
U_factor: 2
ALpha: 0.2Replicao: 0
Tempos_Processamentos
0	0	1	0	2	0	3	0	4	0	5	0	6	0	7	0	
0	7	1	36	2	20	3	28	4	14	5	28	6	42	7	47	
0	49	1	29	2	33	3	2	4	35	5	25	6	39	7	8	
0	41	1	11	2	12	3	10	4	42	5	34	6	19	7	24	
0	47	1	16	2	44	3	49	4	27	5	23	6	17	7	12	
0	42	1	17	2	36	3	31	4	22	5	34	6	48	7	27	
0	45	1	2	2	26	3	29	4	2	5	40	6	10	7	17	
0	4	1	48	2	34	3	46	4	11	5	40	6	28	7	43	
0	2	1	17	2	42	3	24	4	19	5	24	6	25	7	25	
0	47	1	28	2	26	3	21	4	42	5	6	6	43	7	22	
0	2	1	43	2	41	3	17	4	6	5	5	6	13	7	47	

Tempos_setup
M0
0	0	0	0	0	0	0	0	0	0	0	
0	0	16	17	24	3	36	31	32	15	8	
0	32	0	34	27	35	53	26	49	22	38	
0	40	42	0	35	35	19	42	33	47	34	
0	5	17	22	0	8	41	25	37	12	13	
0	45	13	20	40	0	39	39	39	13	5	
0	21	23	36	16	16	0	41	14	28	15	
0	27	4	38	23	24	31	0	23	26	24	
0	10	9	22	17	2	41	35	0	15	1	
0	52	46	12	47	47	31	42	45	0	46	
0	40	8	21	35	1	40	34	40	14	0	
M1
0	0	0	0	0	0	0	0	0	0	0	
0	0	33	37	37	30	24	34	9	16	49	
0	69	0	63	61	64	67	60	62	59	43	
0	32	14	0	19	13	56	39	38	48	57	
0	37	3	13	0	26	39	52	34	53	46	
0	19	3	38	30	0	43	35	28	35	46	
0	51	52	49	49	53	0	46	32	41	25	
0	25	6	3	3	16	21	0	34	20	36	
0	40	24	36	51	21	47	56	0	56	56	
0	55	39	28	47	36	8	54	40	0	33	
0	26	47	36	52	49	24	60	35	16	0	
M2
0	0	0	0	0	0	0	0	0	0	0	
0	0	8	23	4	12	11	28	1	18	10	
0	24	0	15	28	4	3	20	25	10	2	
0	29	5	0	33	9	8	25	30	15	7	
0	28	4	19	0	8	7	24	29	14	6	
0	36	12	26	40	0	15	21	37	11	14	
0	21	13	27	25	1	0	22	22	12	15	
0	41	31	46	45	21	20	0	42	32	33	
0	42	34	41	46	22	21	27	0	33	36	
0	26	20	15	30	24	23	10	27	0	22	
0	22	14	13	26	2	1	23	23	13	0	
M3
0	0	0	0	0	0	0	0	0	0	0	
0	0	41	7	12	16	3	12	5	12	4	
0	35	0	42	47	51	38	47	40	31	39	
0	40	45	0	5	9	43	22	19	49	44	
0	58	40	39	0	4	61	61	37	44	44	
0	82	77	60	65	0	67	57	79	51	40	
0	15	38	19	24	16	0	9	17	17	1	
0	44	35	25	30	34	45	0	44	56	44	
0	21	47	2	7	11	24	24	0	33	25	
0	50	44	38	43	47	53	44	36	0	52	
0	42	37	42	47	15	27	17	44	16	0	
M4
0	0	0	0	0	0	0	0	0	0	0	
0	0	39	14	31	18	48	27	15	25	45	
0	25	0	39	9	11	50	5	8	27	47	
0	18	25	0	17	4	49	13	1	11	31	
0	25	8	39	0	10	48	13	7	18	38	
0	26	21	40	30	0	68	26	29	48	45	
0	23	27	22	19	7	0	17	4	16	13	
0	20	12	34	4	6	45	0	3	22	42	
0	29	24	35	33	3	48	29	0	46	45	
0	7	14	21	6	8	43	2	5	0	20	
0	10	16	9	8	10	23	4	7	3	0	
M5
0	0	0	0	0	0	0	0	0	0	0	
0	0	54	75	61	68	39	63	26	57	59	
0	12	0	38	7	26	2	18	10	12	5	
0	31	36	0	26	45	20	37	7	31	40	
0	5	10	33	0	19	12	11	19	5	14	
0	9	21	49	16	0	14	27	1	21	14	
0	33	23	36	28	32	0	24	9	18	27	
0	10	1	38	5	24	3	0	11	10	3	
0	44	32	49	39	45	13	37	0	31	37	
0	15	5	43	10	14	7	6	15	0	9	
0	7	7	35	2	21	6	13	15	7	0	
M6
0	0	0	0	0	0	0	0	0	0	0	
0	0	11	36	35	42	43	27	38	30	32	
0	31	0	25	24	31	32	16	27	19	21	
0	6	17	0	41	25	33	33	43	36	38	
0	8	19	39	0	26	27	11	22	14	16	
0	40	9	34	33	0	41	25	26	28	30	
0	30	26	51	22	20	0	33	27	36	14	
0	16	17	28	8	15	16	0	11	3	5	
0	41	23	48	47	14	39	39	0	42	41	
0	13	14	29	5	12	13	6	8	0	2	
0	43	12	37	36	27	44	28	13	31	0	
M7
0	0	0	0	0	0	0	0	0	0	0	
0	0	17	40	34	46	45	12	29	37	42	
0	35	0	24	42	54	32	20	12	38	25	
0	54	47	0	48	60	32	26	29	14	24	
0	53	18	39	0	12	50	35	27	53	43	
0	63	44	27	45	0	56	23	15	41	51	
0	87	81	64	70	42	0	59	52	60	60	
0	65	30	51	22	34	33	0	42	51	55	
0	48	29	12	30	42	41	8	0	26	36	
0	40	33	25	34	46	18	12	42	0	10	
0	78	43	67	31	43	53	63	55	71	0	
Tamanho_Tarefas
0	7	3	19	27	18	17	27	3	28	5	
Data_Entrega
0	39	35	35	38	36	39	36	39	38	37	
Penalidade_Atraso
0	15	17	11	13	17	6	11	11	14	1	
Capacidade_Veiculo
50	37	67	37	
Custo_Fixo_Veiculo
500	370	670	370	
Coordenadas_Clientes
x	0	y	0
x	23	y	0
x	19	y	14
x	7	y	22
x	-5	y	16
x	-15	y	11
x	-16	y	0
x	-12	y	-8
x	-7	y	-23
x	7	y	-22
x	19	y	-13
Tempo_Viagem
0	23	23	23	16	18	16	14	24	23	23	
23	0	14	27	32	39	39	35	37	27	13	
23	14	0	14	24	34	37	37	45	37	27	
23	27	14	0	13	24	31	35	47	44	37	
16	32	24	13	0	11	19	25	39	39	37	
18	39	34	24	11	0	11	19	34	39	41	
16	39	37	31	19	11	0	8	23	31	37	
14	35	37	35	25	19	8	0	15	23	31	
24	37	45	47	39	34	23	15	0	14	27	
23	27	37	44	39	39	31	23	14	0	15	
23	13	27	37	37	41	37	31	27	15	0	
Custo_Viagem
V0
0	230	230	230	160	180	160	140	240	230	230	
230	0	140	270	320	390	390	350	370	270	130	
230	140	0	140	240	340	370	380	450	370	270	
230	270	140	0	130	240	310	350	470	440	370	
160	320	240	130	0	110	190	250	390	390	370	
180	390	340	240	110	0	110	190	340	390	410	
160	390	370	310	190	110	0	80	240	310	370	
140	350	380	350	250	190	80	0	150	230	310	
240	370	450	470	390	340	240	150	0	140	270	
230	270	370	440	390	390	310	230	140	0	150	
230	130	270	370	370	410	370	310	270	150	0	
V1
0	170	170	170	118	133	118	103	177	170	170	
170	0	103	199	236	288	288	259	273	199	96	
170	103	0	103	177	251	273	281	333	273	199	
170	199	103	0	96	177	229	259	347	325	273	
118	236	177	96	0	81	140	185	288	288	273	
133	288	251	177	81	0	81	140	251	288	303	
118	288	273	229	140	81	0	59	177	229	273	
103	259	281	259	185	140	59	0	111	170	229	
177	273	333	347	288	251	177	111	0	103	199	
170	199	273	325	288	288	229	170	103	0	111	
170	96	199	273	273	303	273	229	199	111	0	
V2
0	308	308	308	214	241	214	187	321	308	308	
308	0	187	361	428	522	522	469	495	361	174	
308	187	0	187	321	455	495	509	603	495	361	
308	361	187	0	174	321	415	469	629	589	495	
214	428	321	174	0	147	254	335	522	522	495	
241	522	455	321	147	0	147	254	455	522	549	
214	522	495	415	254	147	0	107	321	415	495	
187	469	509	469	335	254	107	0	201	308	415	
321	495	603	629	522	455	321	201	0	187	361	
308	361	495	589	522	522	415	308	187	0	201	
308	174	361	495	495	549	495	415	361	201	0	
V3
0	170	170	170	118	133	118	103	177	170	170	
170	0	103	199	236	288	288	259	273	199	96	
170	103	0	103	177	251	273	281	333	273	199	
170	199	103	0	96	177	229	259	347	325	273	
118	236	177	96	0	81	140	185	288	288	273	
133	288	251	177	81	0	81	140	251	288	303	
118	288	273	229	140	81	0	59	177	229	273	
103	259	281	259	185	140	59	0	111	170	229	
177	273	333	347	288	251	177	111	0	103	199	
170	199	273	325	288	288	229	170	103	0	111	
170	96	199	273	273	303	273	229	199	111	0	
Velocidade_Veiculos
1	1	1	1	