M: 8
N: 10
Nun_Veiculos: 5
Capacidade_Total: 280
Demanda_Total: 170
Setup_Min: 1
Setup_Max: 99
Raio: 20
Circulos: 1
Tempo_Processamento_Min: 1
Tempo_Processamento_Max: 49
Demanda_Min: 10
Demanda_Max: 30
Priority_Factor: 0.2
Range_Factor_R: 0.8
U_factor: 2
ALpha: 0.2Replicao: 0
Tempos_Processamentos
0	0	1	0	2	0	3	0	4	0	5	0	6	0	7	0	
0	16	1	18	2	24	3	20	4	8	5	30	6	17	7	45	
0	26	1	43	2	35	3	25	4	40	5	44	6	19	7	20	
0	46	1	47	2	3	3	16	4	21	5	1	6	24	7	39	
0	19	1	32	2	15	3	22	4	1	5	21	6	39	7	19	
0	41	1	41	2	1	3	29	4	31	5	44	6	27	7	15	
0	48	1	1	2	19	3	33	4	31	5	30	6	25	7	20	
0	22	1	16	2	25	3	24	4	39	5	13	6	27	7	26	
0	30	1	44	2	44	3	2	4	20	5	26	6	45	7	40	
0	29	1	13	2	23	3	8	4	32	5	48	6	10	7	9	
0	16	1	22	2	27	3	49	4	31	5	44	6	34	7	3	

Tempos_setup
M0
0	0	0	0	0	0	0	0	0	0	0	
0	0	26	21	33	12	28	22	32	17	24	
0	26	0	17	29	38	24	15	28	30	20	
0	9	5	0	12	21	7	20	11	13	3	
0	28	24	19	0	21	26	17	5	8	22	
0	41	15	32	44	0	39	30	43	45	35	
0	40	36	31	36	43	0	29	41	20	34	
0	11	7	2	14	23	9	0	13	15	5	
0	23	19	14	19	16	21	12	0	3	17	
0	20	16	11	16	32	18	9	21	0	14	
0	6	8	21	9	18	4	19	14	10	0	
M1
0	0	0	0	0	0	0	0	0	0	0	
0	0	12	12	8	13	6	13	8	6	1	
0	34	0	41	21	20	31	25	33	31	35	
0	30	7	0	23	20	36	21	15	16	31	
0	23	29	30	0	9	29	14	12	10	24	
0	14	20	21	22	0	20	5	22	20	15	
0	16	6	28	18	22	0	7	10	22	17	
0	9	15	21	17	22	15	0	17	15	10	
0	18	24	30	8	12	24	9	0	18	19	
0	20	26	32	10	14	26	11	2	0	21	
0	4	16	16	12	12	10	16	7	5	0	
M2
0	0	0	0	0	0	0	0	0	0	0	
0	0	18	47	49	21	7	14	28	3	15	
0	30	0	44	31	27	37	44	40	33	45	
0	32	37	0	38	40	22	33	36	22	1	
0	30	17	61	0	2	34	42	9	33	45	
0	28	46	75	43	0	35	42	52	31	43	
0	32	37	40	64	53	0	11	47	22	41	
0	21	26	68	57	42	28	0	36	11	31	
0	36	42	65	51	8	25	36	0	39	51	
0	10	15	57	46	31	17	24	25	0	20	
0	67	54	69	37	39	71	55	46	66	0	
M3
0	0	0	0	0	0	0	0	0	0	0	
0	0	34	29	19	40	34	11	21	4	8	
0	40	0	47	55	55	74	29	35	22	26	
0	30	33	0	31	11	38	37	24	34	2	
0	43	18	40	0	51	47	47	35	40	42	
0	19	49	48	38	0	47	26	36	23	27	
0	22	22	29	37	40	0	11	21	4	8	
0	11	23	27	30	30	45	0	10	2	6	
0	8	21	37	26	20	42	19	0	12	16	
0	18	30	25	33	36	52	7	17	0	4	
0	30	43	21	29	32	50	41	22	34	0	
M4
0	0	0	0	0	0	0	0	0	0	0	
0	0	36	22	6	3	4	33	18	13	31	
0	13	0	26	16	16	17	11	28	5	8	
0	55	50	0	29	42	5	34	41	52	57	
0	47	49	47	0	28	29	32	12	34	57	
0	46	33	19	3	0	1	30	15	10	41	
0	50	60	18	34	53	0	29	46	51	52	
0	51	54	25	5	33	7	0	17	39	46	
0	42	37	46	47	45	46	48	0	42	45	
0	70	64	21	50	63	26	55	28	0	72	
0	5	41	27	8	8	9	3	20	18	0	
M5
0	0	0	0	0	0	0	0	0	0	0	
0	0	30	45	22	6	28	6	46	18	63	
0	45	0	41	40	36	64	42	41	36	33	
0	33	63	0	55	39	52	30	42	51	65	
0	25	9	50	0	20	51	31	50	28	42	
0	41	25	58	16	0	31	47	44	12	58	
0	23	19	59	10	29	0	20	60	38	52	
0	3	33	39	25	9	22	0	49	21	66	
0	18	48	42	40	24	37	15	0	36	63	
0	29	13	54	4	13	44	35	54	0	46	
0	12	24	48	15	12	31	9	51	11	0	
M6
0	0	0	0	0	0	0	0	0	0	0	
0	0	4	23	38	10	52	42	24	19	14	
0	53	0	21	36	29	68	40	45	35	12	
0	41	26	0	30	23	62	34	39	29	6	
0	36	6	16	0	3	63	35	36	30	7	
0	33	3	13	28	0	60	32	37	27	4	
0	37	7	17	32	4	0	14	19	23	8	
0	34	38	55	46	44	74	0	5	41	48	
0	29	33	52	41	39	71	49	0	48	43	
0	70	40	42	57	37	33	47	52	0	33	
0	50	20	9	24	17	56	28	33	23	0	
M7
0	0	0	0	0	0	0	0	0	0	0	
0	0	1	34	24	49	38	51	39	28	21	
0	19	0	33	23	63	37	50	38	27	20	
0	28	17	0	21	47	4	17	25	11	4	
0	15	16	11	0	47	15	28	15	12	6	
0	30	24	16	15	0	20	26	22	18	11	
0	24	24	43	35	70	0	13	50	34	41	
0	30	11	30	22	57	34	0	37	21	28	
0	34	15	19	36	32	23	29	0	30	23	
0	25	26	9	10	36	13	26	18	0	13	
0	32	13	16	17	43	20	33	21	7	0	
Tamanho_Tarefas
0	16	25	9	14	3	17	20	27	20	19	
Data_Entrega
0	38	40	40	35	38	40	40	37	38	39	
Penalidade_Atraso
0	10	7	19	1	10	13	20	8	5	4	
Capacidade_Veiculo
56	80	55	43	46	
Custo_Fixo_Veiculo
560	800	550	430	460	
Coordenadas_Clientes
x	0	y	0
x	20	y	0
x	16	y	11
x	7	y	22
x	-7	y	23
x	-13	y	9
x	-23	y	0
x	-20	y	-14
x	-5	y	-18
x	5	y	-16
x	17	y	-13
Tempo_Viagem
0	20	19	23	24	15	23	24	18	16	21	
20	0	11	25	35	34	43	42	30	21	13	
19	11	0	14	25	29	40	43	35	29	24	
23	25	14	0	14	23	36	45	41	38	36	
24	35	25	14	0	15	28	39	41	40	43	
15	34	29	23	15	0	13	24	28	30	36	
23	43	40	36	28	13	0	14	25	32	42	
24	42	43	45	39	24	14	0	15	25	37	
18	30	35	41	41	28	25	15	0	10	22	
16	21	29	38	40	30	32	25	10	0	12	
21	13	24	36	43	36	42	37	22	12	0	
Custo_Viagem
V0
0	224	212	257	268	168	257	268	201	179	235	
224	0	123	280	392	380	481	470	336	235	145	
212	123	0	156	280	324	448	481	392	324	268	
257	280	156	0	156	257	414	504	459	425	403	
268	392	280	156	0	168	313	436	459	448	481	
168	380	324	257	168	0	145	268	313	336	414	
257	481	448	414	313	145	0	156	280	358	470	
268	470	481	504	436	268	156	0	168	280	414	
201	336	392	459	459	313	280	168	0	112	246	
179	235	324	425	448	336	358	280	112	0	134	
235	145	268	403	481	414	470	414	246	134	0	
V1
0	320	304	368	384	240	368	384	288	256	336	
320	0	176	400	560	544	688	672	480	336	208	
304	176	0	224	400	464	640	688	560	464	384	
368	400	224	0	224	368	592	720	656	608	576	
384	560	400	224	0	240	448	624	656	640	688	
240	544	464	368	240	0	208	384	448	480	592	
368	688	640	592	448	208	0	224	400	512	672	
384	672	688	720	624	384	224	0	240	400	592	
288	480	560	656	656	448	400	240	0	160	352	
256	336	464	608	640	480	512	400	160	0	192	
336	208	384	576	688	592	672	592	352	192	0	
V2
0	220	209	253	264	165	253	264	198	176	231	
220	0	121	275	385	374	473	462	330	231	143	
209	121	0	154	275	319	440	473	385	319	264	
253	275	154	0	154	253	407	495	451	418	396	
264	385	275	154	0	165	308	429	451	440	473	
165	374	319	253	165	0	143	264	308	330	407	
253	473	440	407	308	143	0	154	275	352	462	
264	462	473	495	429	264	154	0	165	275	407	
198	330	385	451	451	308	275	165	0	110	242	
176	231	319	418	440	330	352	275	110	0	132	
231	143	264	396	473	407	462	407	242	132	0	
V3
0	172	163	197	206	129	197	206	154	137	180	
172	0	94	215	301	292	369	361	258	180	111	
163	94	0	120	215	249	344	369	301	249	206	
197	215	120	0	120	197	318	387	352	326	309	
206	301	215	120	0	129	240	335	352	344	369	
129	292	249	197	129	0	111	206	240	258	318	
197	369	344	318	240	111	0	120	215	275	361	
206	361	369	387	335	206	120	0	129	215	318	
154	258	301	352	352	240	215	129	0	86	189	
137	180	249	326	344	258	275	215	86	0	103	
180	111	206	309	369	318	361	318	189	103	0	
V4
0	184	174	211	220	138	211	220	165	147	193	
184	0	101	230	322	312	395	386	276	193	119	
174	101	0	128	230	266	368	395	322	266	220	
211	230	128	0	128	211	340	414	377	349	331	
220	322	230	128	0	138	257	358	377	368	395	
138	312	266	211	138	0	119	220	257	276	340	
211	395	368	340	257	119	0	128	230	294	386	
220	386	395	414	358	220	128	0	138	230	340	
165	276	322	377	377	257	230	138	0	92	202	
147	193	266	349	368	276	294	230	92	0	110	
193	119	220	331	395	340	386	340	202	110	0	
Velocidade_Veiculos
1	1	1	1	1	