M: 8
N: 10
Nun_Veiculos: 5
Capacidade_Total: 237
Demanda_Total: 152
Setup_Min: 1
Setup_Max: 9
Raio: 100
Circulos: 1
Tempo_Processamento_Min: 1
Tempo_Processamento_Max: 49
Demanda_Min: 10
Demanda_Max: 30
Priority_Factor: 0.2
Range_Factor_R: 0.8
U_factor: 2
ALpha: 0.2Replicao: 2
Tempos_Processamentos
0	0	1	0	2	0	3	0	4	0	5	0	6	0	7	0	
0	41	1	4	2	10	3	1	4	43	5	49	6	28	7	10	
0	47	1	34	2	12	3	21	4	33	5	15	6	26	7	24	
0	27	1	15	2	21	3	24	4	6	5	26	6	17	7	49	
0	3	1	22	2	5	3	28	4	2	5	14	6	11	7	29	
0	41	1	35	2	15	3	39	4	37	5	17	6	27	7	45	
0	37	1	7	2	21	3	22	4	12	5	36	6	7	7	30	
0	16	1	28	2	3	3	24	4	15	5	16	6	1	7	46	
0	6	1	5	2	22	3	38	4	3	5	22	6	14	7	7	
0	38	1	21	2	24	3	38	4	11	5	37	6	28	7	37	
0	27	1	25	2	40	3	31	4	9	5	32	6	44	7	4	

Tempos_setup
M0
0	0	0	0	0	0	0	0	0	0	0	
0	0	6	5	1	6	2	5	6	1	2	
0	2	0	3	3	2	3	1	1	3	4	
0	3	1	0	3	3	4	2	2	2	4	
0	6	5	6	0	5	4	4	5	7	2	
0	4	2	1	4	0	4	1	3	3	4	
0	3	6	6	4	5	0	6	7	4	1	
0	3	1	2	4	1	3	0	2	4	4	
0	1	5	5	2	4	2	5	0	2	3	
0	5	5	6	1	5	2	5	6	0	3	
0	7	5	6	4	6	6	6	6	5	0	
M1
0	0	0	0	0	0	0	0	0	0	0	
0	0	3	3	3	2	2	5	5	6	4	
0	4	0	3	6	4	6	5	8	6	1	
0	3	1	0	6	2	4	2	6	3	2	
0	4	2	1	0	3	5	2	2	3	3	
0	8	5	5	8	0	8	7	7	7	6	
0	4	1	4	7	5	0	5	9	6	2	
0	4	5	4	6	1	4	0	7	4	1	
0	5	3	2	1	4	6	3	0	4	4	
0	5	6	5	4	4	7	6	3	0	5	
0	3	6	6	5	3	5	7	7	6	0	
M2
0	0	0	0	0	0	0	0	0	0	0	
0	0	4	1	3	1	4	4	2	2	5	
0	2	0	1	2	3	5	4	2	3	5	
0	1	5	0	4	2	4	3	1	2	4	
0	1	5	2	0	2	3	4	3	2	4	
0	4	4	5	6	0	7	4	5	4	9	
0	4	6	5	3	4	0	6	3	5	7	
0	4	6	5	6	5	3	0	6	5	9	
0	5	6	5	4	6	4	6	0	4	6	
0	2	5	3	5	2	5	2	4	0	7	
0	3	6	4	2	2	5	3	5	2	0	
M3
0	0	0	0	0	0	0	0	0	0	0	
0	0	2	1	2	2	2	3	3	1	2	
0	5	0	6	5	1	3	2	4	3	3	
0	5	3	0	5	4	3	3	3	4	1	
0	1	3	2	0	3	3	4	4	2	3	
0	4	3	5	4	0	2	3	3	2	3	
0	2	2	3	2	2	0	1	1	1	2	
0	4	3	5	3	4	2	0	3	3	1	
0	5	5	6	6	4	5	3	0	4	4	
0	5	1	5	5	1	3	3	3	0	1	
0	6	2	7	5	3	4	2	5	5	0	
M4
0	0	0	0	0	0	0	0	0	0	0	
0	0	2	4	4	1	5	5	3	4	4	
0	5	0	2	2	5	5	3	5	3	5	
0	4	5	0	4	4	3	2	4	5	3	
0	3	3	4	0	4	3	2	3	1	5	
0	3	3	3	4	0	4	5	2	5	3	
0	1	2	2	4	2	0	4	1	5	3	
0	5	5	5	2	2	4	0	4	3	3	
0	4	4	1	3	1	4	3	0	4	4	
0	3	4	3	5	3	2	5	2	0	5	
0	2	2	3	4	3	1	5	2	3	0	
M5
0	0	0	0	0	0	0	0	0	0	0	
0	0	4	2	4	5	3	5	2	4	5	
0	3	0	2	2	4	2	3	5	4	1	
0	1	3	0	5	5	4	5	3	2	4	
0	2	2	2	0	5	4	1	3	2	3	
0	3	3	2	5	0	2	6	4	4	4	
0	3	1	3	3	2	0	4	5	5	2	
0	2	1	1	3	5	3	0	4	1	2	
0	1	4	2	2	6	4	3	0	4	4	
0	5	3	4	5	7	5	3	7	0	4	
0	2	2	1	1	3	1	2	4	3	0	
M6
0	0	0	0	0	0	0	0	0	0	0	
0	0	2	4	3	6	2	5	3	1	3	
0	6	0	3	4	4	6	5	6	7	1	
0	4	6	0	6	3	6	5	7	5	2	
0	2	4	4	0	7	2	6	4	3	5	
0	4	6	1	3	0	3	2	5	5	3	
0	5	3	5	5	7	0	5	2	2	3	
0	3	4	2	1	5	1	0	3	3	4	
0	3	1	4	4	5	4	3	0	4	2	
0	5	3	4	6	5	1	5	2	0	2	
0	5	7	2	5	5	7	7	8	6	0	
M7
0	0	0	0	0	0	0	0	0	0	0	
0	0	4	1	2	2	5	5	2	3	4	
0	4	0	2	2	1	5	2	2	3	2	
0	6	3	0	3	3	6	4	1	2	5	
0	3	3	4	0	1	3	4	4	3	2	
0	4	4	5	1	0	4	4	4	2	3	
0	6	3	2	4	4	0	5	2	3	3	
0	2	3	3	2	3	5	0	3	1	4	
0	5	3	4	2	2	5	3	0	1	4	
0	4	5	5	3	2	5	2	2	0	4	
0	5	1	3	3	2	5	3	2	2	0	
Tamanho_Tarefas
0	13	25	14	10	23	15	17	5	24	6	
Data_Entrega
0	169	169	169	167	168	169	169	167	169	170	
Penalidade_Atraso
0	10	5	3	18	7	16	7	9	14	13	
Capacidade_Veiculo
36	60	46	31	64	
Custo_Fixo_Veiculo
360	600	460	310	640	
Coordenadas_Clientes
x	0	y	0
x	119	y	0
x	72	y	52
x	29	y	92
x	-28	y	87
x	-71	y	51
x	-104	y	0
x	-99	y	-72
x	-35	y	-110
x	25	y	-77
x	83	y	-60
Tempo_Viagem
0	119	88	96	91	87	104	122	115	80	102	
119	0	70	128	170	196	223	229	189	121	69	
88	70	0	58	105	143	183	210	194	137	112	
96	128	58	0	57	108	161	208	211	169	161	
91	170	105	57	0	56	115	174	197	171	184	
87	196	143	108	56	0	60	126	164	160	189	
104	223	183	161	115	60	0	72	129	150	196	
122	229	210	208	174	126	72	0	74	124	182	
115	189	194	211	197	164	129	74	0	68	128	
80	121	137	169	171	160	150	124	68	0	60	
102	69	112	161	184	189	196	182	128	60	0	
Custo_Viagem
V0
0	856	633	691	655	626	748	878	828	576	734	
856	0	504	921	1224	1411	1605	1648	1360	871	496	
633	504	0	417	756	1029	1317	1519	1396	986	806	
691	921	417	0	410	777	1159	1497	1519	1216	1159	
655	1224	756	410	0	403	828	1252	1418	1238	1324	
626	1411	1029	777	403	0	432	907	1180	1152	1360	
748	1605	1317	1159	828	432	0	518	928	1080	1411	
878	1648	1519	1497	1252	907	518	0	532	892	1310	
828	1360	1396	1519	1418	1180	928	532	0	489	921	
576	871	986	1216	1238	1152	1080	892	489	0	432	
734	496	806	1159	1324	1360	1411	1310	921	432	0	
V1
0	1428	1056	1152	1092	1044	1248	1464	1380	960	1224	
1428	0	840	1536	2040	2352	2676	2748	2268	1452	828	
1056	840	0	696	1260	1716	2196	2532	2328	1644	1344	
1152	1536	696	0	684	1296	1932	2496	2532	2028	1932	
1092	2040	1260	684	0	672	1380	2088	2364	2064	2208	
1044	2352	1716	1296	672	0	720	1512	1968	1920	2268	
1248	2676	2196	1932	1380	720	0	864	1548	1800	2352	
1464	2748	2532	2496	2088	1512	864	0	888	1488	2184	
1380	2268	2328	2532	2364	1968	1548	888	0	816	1536	
960	1452	1644	2028	2064	1920	1800	1488	816	0	720	
1224	828	1344	1932	2208	2268	2352	2184	1536	720	0	
V2
0	1094	809	883	837	800	956	1122	1058	736	938	
1094	0	644	1177	1564	1803	2051	2106	1738	1113	634	
809	644	0	533	966	1315	1683	1941	1784	1260	1030	
883	1177	533	0	524	993	1481	1913	1941	1554	1481	
837	1564	966	524	0	515	1058	1600	1812	1582	1692	
800	1803	1315	993	515	0	552	1159	1508	1472	1738	
956	2051	1683	1481	1058	552	0	662	1186	1380	1803	
1122	2106	1941	1913	1600	1159	662	0	680	1140	1674	
1058	1738	1784	1941	1812	1508	1186	680	0	625	1177	
736	1113	1260	1554	1582	1472	1380	1140	625	0	552	
938	634	1030	1481	1692	1738	1803	1674	1177	552	0	
V3
0	737	545	595	564	539	644	756	713	496	632	
737	0	434	793	1054	1215	1382	1419	1171	750	427	
545	434	0	359	651	886	1134	1308	1202	849	694	
595	793	359	0	353	669	998	1289	1308	1047	998	
564	1054	651	353	0	347	713	1078	1221	1066	1140	
539	1215	886	669	347	0	372	781	1016	992	1171	
644	1382	1134	998	713	372	0	446	799	930	1215	
756	1419	1308	1289	1078	781	446	0	458	768	1128	
713	1171	1202	1308	1221	1016	799	458	0	421	793	
496	750	849	1047	1066	992	930	768	421	0	372	
632	427	694	998	1140	1171	1215	1128	793	372	0	
V4
0	1523	1126	1228	1164	1113	1331	1561	1472	1024	1305	
1523	0	896	1638	2176	2508	2854	2931	2419	1548	883	
1126	896	0	742	1344	1830	2342	2700	2483	1753	1433	
1228	1638	742	0	729	1382	2060	2662	2700	2163	2060	
1164	2176	1344	729	0	716	1472	2227	2521	2201	2355	
1113	2508	1830	1382	716	0	768	1612	2099	2048	2419	
1331	2854	2342	2060	1472	768	0	921	1651	1920	2508	
1561	2931	2700	2662	2227	1612	921	0	947	1587	2329	
1472	2419	2483	2700	2521	2099	1651	947	0	870	1638	
1024	1548	1753	2163	2201	2048	1920	1587	870	0	768	
1305	883	1433	2060	2355	2419	2508	2329	1638	768	0	
Velocidade_Veiculos
1	1	1	1	1	