M: 8
N: 10
Nun_Veiculos: 5
Capacidade_Total: 293
Demanda_Total: 185
Setup_Min: 1
Setup_Max: 99
Raio: 100
Circulos: 1
Tempo_Processamento_Min: 1
Tempo_Processamento_Max: 49
Demanda_Min: 10
Demanda_Max: 30
Priority_Factor: 0.2
Range_Factor_R: 0.8
U_factor: 2
ALpha: 0.2Replicao: 3
Tempos_Processamentos
0	0	1	0	2	0	3	0	4	0	5	0	6	0	7	0	
0	25	1	1	2	3	3	49	4	23	5	32	6	19	7	13	
0	7	1	20	2	29	3	5	4	2	5	37	6	46	7	45	
0	26	1	41	2	37	3	11	4	10	5	39	6	24	7	19	
0	32	1	17	2	5	3	37	4	49	5	44	6	34	7	22	
0	34	1	37	2	32	3	16	4	48	5	33	6	26	7	30	
0	30	1	44	2	17	3	9	4	6	5	11	6	34	7	45	
0	48	1	25	2	4	3	33	4	4	5	31	6	30	7	12	
0	36	1	32	2	24	3	23	4	49	5	38	6	28	7	42	
0	38	1	14	2	15	3	8	4	48	5	18	6	9	7	24	
0	47	1	35	2	31	3	20	4	38	5	44	6	17	7	39	

Tempos_setup
M0
0	0	0	0	0	0	0	0	0	0	0	
0	0	44	32	43	40	28	28	10	38	49	
0	26	0	16	21	13	39	18	21	36	5	
0	38	12	0	13	25	33	4	15	34	17	
0	46	20	8	0	33	41	12	23	42	25	
0	13	28	16	8	0	26	20	8	23	33	
0	25	44	32	35	36	0	36	27	55	28	
0	43	27	23	15	30	29	0	11	30	27	
0	43	34	22	33	30	18	18	0	28	39	
0	15	13	18	10	2	20	20	2	0	18	
0	21	23	11	16	8	34	15	16	31	0	
M1
0	0	0	0	0	0	0	0	0	0	0	
0	0	22	11	26	43	45	10	16	29	8	
0	19	0	30	45	41	52	29	1	48	27	
0	23	24	0	21	45	47	12	5	30	10	
0	33	19	10	0	39	39	6	15	25	11	
0	34	21	19	36	0	11	20	17	39	18	
0	33	21	10	25	42	0	9	15	28	7	
0	31	13	8	23	33	35	0	13	19	5	
0	18	36	29	44	40	51	28	0	47	26	
0	36	24	13	24	32	43	12	18	0	10	
0	26	14	3	18	35	37	2	8	21	0	
M2
0	0	0	0	0	0	0	0	0	0	0	
0	0	37	51	35	32	49	36	36	45	24	
0	33	0	16	28	25	23	21	10	10	27	
0	52	19	0	22	44	42	40	29	29	46	
0	53	30	43	0	54	24	51	25	37	46	
0	26	5	21	23	0	17	4	4	15	23	
0	29	6	22	34	31	0	27	16	16	33	
0	22	9	24	27	4	19	0	6	18	27	
0	42	19	18	40	43	13	40	0	12	35	
0	45	22	6	28	31	16	35	12	0	23	
0	34	13	29	31	8	25	12	12	23	0	
M3
0	0	0	0	0	0	0	0	0	0	0	
0	0	44	52	79	69	75	62	49	82	87	
0	25	0	29	56	46	52	39	26	51	43	
0	24	68	0	73	62	47	55	58	52	69	
0	10	54	32	0	34	40	49	49	47	64	
0	9	39	20	18	0	6	16	17	13	30	
0	7	51	14	30	18	0	24	11	31	48	
0	16	42	22	18	7	13	0	19	20	37	
0	27	52	3	30	20	26	13	0	33	50	
0	15	26	14	21	10	16	3	11	0	17	
0	11	10	24	20	9	15	2	21	22	0	
M4
0	0	0	0	0	0	0	0	0	0	0	
0	0	57	68	59	72	67	64	68	42	36	
0	29	0	22	43	51	34	25	41	44	32	
0	7	60	0	66	58	41	23	39	42	10	
0	16	51	9	0	48	32	5	21	41	19	
0	8	26	1	43	0	42	15	31	43	11	
0	25	19	18	35	17	0	30	46	10	17	
0	24	46	44	58	43	27	0	16	37	40	
0	8	65	57	50	56	55	49	0	31	24	
0	38	56	31	25	30	57	30	46	0	36	
0	35	50	49	66	48	31	32	48	41	0	
M5
0	0	0	0	0	0	0	0	0	0	0	
0	0	13	2	11	12	36	22	1	6	9	
0	31	0	32	42	30	53	15	32	37	40	
0	11	11	0	17	10	41	26	12	17	20	
0	49	52	41	0	48	52	31	28	33	36	
0	1	13	2	12	0	37	23	2	7	10	
0	30	30	19	21	29	0	40	21	11	14	
0	48	43	37	51	47	63	0	49	54	32	
0	24	24	13	10	23	35	39	0	5	8	
0	19	19	8	10	18	49	34	20	0	3	
0	16	16	5	22	15	46	31	17	22	0	
M6
0	0	0	0	0	0	0	0	0	0	0	
0	0	53	32	44	24	51	28	36	48	78	
0	10	0	1	13	24	8	9	17	19	25	
0	14	23	0	12	27	21	31	17	18	48	
0	2	44	23	0	15	42	19	5	41	65	
0	22	31	8	20	0	29	4	12	26	56	
0	12	2	3	15	16	0	11	19	21	27	
0	27	41	42	25	40	39	0	8	60	66	
0	19	44	40	17	32	52	36	0	58	69	
0	15	5	6	18	19	3	14	22	0	30	
0	21	24	25	19	34	22	33	2	19	0	
M7
0	0	0	0	0	0	0	0	0	0	0	
0	0	14	31	6	25	13	3	16	23	24	
0	11	0	32	17	23	24	14	27	34	35	
0	21	33	0	27	31	34	24	37	44	30	
0	20	19	51	0	35	33	23	10	43	44	
0	42	36	29	36	0	22	13	46	32	33	
0	20	14	18	14	12	0	23	24	10	11	
0	53	42	51	47	45	33	0	57	43	44	
0	10	24	41	16	25	23	13	0	33	34	
0	10	4	15	16	2	23	13	26	0	1	
0	14	3	14	20	1	23	14	30	15	0	
Tamanho_Tarefas
0	13	22	16	11	22	8	18	31	19	25	
Data_Entrega
0	168	170	171	169	170	173	170	170	175	167	
Penalidade_Atraso
0	18	12	11	14	15	1	10	20	12	2	
Capacidade_Veiculo
74	44	46	68	61	
Custo_Fixo_Veiculo
740	440	460	680	610	
Coordenadas_Clientes
x	0	y	0
x	113	y	0
x	76	y	55
x	27	y	85
x	-35	y	109
x	-91	y	66
x	-108	y	0
x	-74	y	-54
x	-27	y	-84
x	34	y	-106
x	63	y	-46
Tempo_Viagem
0	113	93	89	114	112	108	91	88	111	78	
113	0	66	120	183	214	221	194	163	132	67	
93	66	0	57	123	167	192	184	173	166	101	
89	120	57	0	66	119	159	171	177	191	135	
114	183	123	66	0	70	131	167	193	225	183	
112	214	167	119	70	0	68	121	163	212	190	
108	221	192	159	131	68	0	63	116	177	177	
91	194	184	171	167	121	63	0	55	119	137	
88	163	173	177	193	163	116	55	0	64	97	
111	132	166	191	225	212	177	119	64	0	66	
78	67	101	135	183	190	177	137	97	66	0	
Custo_Viagem
V0
0	1672	1376	1317	1687	1657	1598	1346	1302	1642	1154	
1672	0	976	1776	2708	3167	3270	2871	2412	1953	991	
1376	976	0	843	1820	2471	2841	2738	2560	2456	1494	
1317	1776	843	0	976	1761	2353	2530	2619	2826	1998	
1687	2708	1820	976	0	1036	1938	2471	2856	3330	2708	
1657	3167	2471	1761	1036	0	1006	1790	2412	3137	2812	
1598	3270	2841	2353	1938	1006	0	932	1716	2619	2619	
1346	2871	2738	2530	2471	1790	932	0	814	1761	2027	
1302	2412	2560	2619	2856	2412	1716	814	0	947	1435	
1642	1953	2456	2826	3330	3137	2619	1761	947	0	976	
1154	991	1494	1998	2708	2812	2619	2027	1435	976	0	
V1
0	994	818	783	1003	985	950	800	774	976	686	
994	0	580	1056	1610	1883	1944	1707	1434	1161	589	
818	580	0	501	1082	1469	1689	1628	1522	1460	888	
783	1056	501	0	580	1047	1399	1504	1557	1680	1188	
1003	1610	1082	580	0	616	1152	1469	1698	1980	1610	
985	1883	1469	1047	616	0	598	1064	1434	1865	1672	
950	1944	1689	1399	1152	598	0	554	1020	1557	1557	
800	1707	1628	1504	1469	1064	554	0	484	1047	1205	
774	1434	1522	1557	1698	1434	1020	484	0	563	853	
976	1161	1460	1680	1980	1865	1557	1047	563	0	580	
686	589	888	1188	1610	1672	1557	1205	853	580	0	
V2
0	1039	855	818	1048	1030	993	837	809	1021	717	
1039	0	607	1104	1683	1968	2033	1784	1499	1214	616	
855	607	0	524	1131	1536	1766	1702	1591	1527	929	
818	1104	524	0	607	1094	1462	1573	1628	1757	1242	
1048	1683	1131	607	0	644	1205	1536	1775	2070	1683	
1030	1968	1536	1094	644	0	625	1113	1499	1950	1748	
993	2033	1766	1462	1205	625	0	579	1067	1628	1628	
837	1784	1702	1573	1536	1113	579	0	506	1094	1260	
809	1499	1591	1628	1775	1499	1067	506	0	588	892	
1021	1214	1527	1757	2070	1950	1628	1094	588	0	607	
717	616	929	1242	1683	1748	1628	1260	892	607	0	
V3
0	1536	1264	1210	1550	1523	1468	1237	1196	1509	1060	
1536	0	897	1632	2488	2910	3005	2638	2216	1795	911	
1264	897	0	775	1672	2271	2611	2516	2352	2257	1373	
1210	1632	775	0	897	1618	2162	2325	2407	2597	1836	
1550	2488	1672	897	0	952	1781	2271	2624	3060	2488	
1523	2910	2271	1618	952	0	924	1645	2216	2883	2584	
1468	3005	2611	2162	1781	924	0	856	1577	2407	2407	
1237	2638	2516	2325	2271	1645	856	0	748	1618	1863	
1196	2216	2352	2407	2624	2216	1577	748	0	870	1319	
1509	1795	2257	2597	3060	2883	2407	1618	870	0	897	
1060	911	1373	1836	2488	2584	2407	1863	1319	897	0	
V4
0	1378	1134	1085	1390	1366	1317	1110	1073	1354	951	
1378	0	805	1464	2232	2610	2696	2366	1988	1610	817	
1134	805	0	695	1500	2037	2342	2257	2110	2025	1232	
1085	1464	695	0	805	1451	1939	2086	2159	2330	1647	
1390	2232	1500	805	0	854	1598	2037	2354	2745	2232	
1366	2610	2037	1451	854	0	829	1476	1988	2586	2318	
1317	2696	2342	1939	1598	829	0	768	1415	2159	2159	
1110	2366	2257	2086	2037	1476	768	0	671	1451	1671	
1073	1988	2110	2159	2354	1988	1415	671	0	780	1183	
1354	1610	2025	2330	2745	2586	2159	1451	780	0	805	
951	817	1232	1647	2232	2318	2159	1671	1183	805	0	
Velocidade_Veiculos
1	1	1	1	1	