M: 8
N: 10
Nun_Veiculos: 6
Capacidade_Total: 278
Demanda_Total: 172
Setup_Min: 1
Setup_Max: 9
Raio: 100
Circulos: 1
Tempo_Processamento_Min: 1
Tempo_Processamento_Max: 49
Demanda_Min: 10
Demanda_Max: 30
Priority_Factor: 0.2
Range_Factor_R: 0.8
U_factor: 2
ALpha: 0.2Replicao: 4
Tempos_Processamentos
0	0	1	0	2	0	3	0	4	0	5	0	6	0	7	0	
0	17	1	23	2	13	3	40	4	16	5	26	6	32	7	47	
0	15	1	43	2	24	3	3	4	11	5	13	6	9	7	26	
0	38	1	32	2	17	3	43	4	7	5	20	6	13	7	48	
0	17	1	17	2	7	3	23	4	6	5	23	6	30	7	13	
0	23	1	26	2	48	3	13	4	20	5	19	6	26	7	21	
0	20	1	29	2	4	3	10	4	49	5	49	6	18	7	18	
0	32	1	16	2	43	3	46	4	19	5	33	6	3	7	1	
0	13	1	7	2	32	3	7	4	12	5	29	6	30	7	46	
0	40	1	24	2	44	3	33	4	13	5	41	6	21	7	28	
0	43	1	47	2	1	3	23	4	18	5	25	6	5	7	48	

Tempos_setup
M0
0	0	0	0	0	0	0	0	0	0	0	
0	0	5	2	4	4	3	3	3	2	4	
0	3	0	2	1	2	5	2	3	5	4	
0	4	4	0	2	2	3	1	4	5	5	
0	2	4	4	0	5	5	5	2	4	3	
0	2	6	4	2	0	5	5	4	3	5	
0	1	6	3	2	2	0	4	4	2	4	
0	3	3	5	3	1	5	0	3	4	6	
0	3	2	4	3	4	4	4	0	5	3	
0	1	6	3	3	5	4	4	4	0	3	
0	3	5	2	1	2	5	3	3	5	0	
M1
0	0	0	0	0	0	0	0	0	0	0	
0	0	6	5	5	2	4	6	2	3	6	
0	1	0	2	2	3	5	3	3	1	3	
0	1	4	0	2	2	3	5	3	3	1	
0	5	6	4	0	6	7	6	7	5	5	
0	4	5	3	3	0	3	5	1	1	4	
0	4	3	5	5	3	0	2	2	4	6	
0	2	1	3	3	4	4	0	4	2	4	
0	5	5	7	5	5	2	4	0	6	4	
0	4	6	6	2	3	6	5	4	0	5	
0	5	4	4	1	1	2	4	2	2	0	
M2
0	0	0	0	0	0	0	0	0	0	0	
0	0	1	7	6	5	6	4	3	4	4	
0	4	0	7	8	5	5	6	4	6	3	
0	2	3	0	3	2	2	2	3	1	1	
0	2	2	2	0	2	4	3	1	2	2	
0	2	1	4	3	0	3	1	1	1	2	
0	4	5	7	7	8	0	6	7	5	4	
0	3	3	4	2	2	2	0	3	3	2	
0	1	1	4	5	2	4	3	0	3	1	
0	4	3	3	2	4	5	4	3	0	4	
0	1	2	4	7	6	3	5	4	5	0	
M3
0	0	0	0	0	0	0	0	0	0	0	
0	0	2	4	5	3	2	2	1	5	3	
0	3	0	5	5	1	4	4	3	4	3	
0	6	6	0	4	6	8	5	7	4	5	
0	3	2	4	0	2	5	2	4	5	4	
0	2	4	4	5	0	4	4	3	3	3	
0	3	4	4	3	3	0	2	3	3	4	
0	1	3	2	3	3	3	0	2	5	2	
0	3	1	5	4	2	1	3	0	4	2	
0	4	2	1	2	3	6	4	5	0	3	
0	1	3	3	2	4	3	1	2	3	0	
M4
0	0	0	0	0	0	0	0	0	0	0	
0	0	3	6	4	7	4	4	5	6	6	
0	1	0	4	1	5	1	1	2	3	3	
0	5	5	0	3	3	3	2	4	4	4	
0	3	2	6	0	4	3	3	1	2	5	
0	3	2	4	3	0	1	3	2	1	3	
0	3	2	3	2	4	0	3	1	2	2	
0	4	3	4	1	5	1	0	2	3	3	
0	2	1	5	1	3	2	2	0	1	4	
0	4	4	6	3	2	3	4	4	0	3	
0	1	2	6	2	2	3	3	1	2	0	
M5
0	0	0	0	0	0	0	0	0	0	0	
0	0	4	2	2	3	3	3	5	2	3	
0	6	0	4	4	4	4	2	1	3	3	
0	4	3	0	4	1	2	2	4	3	1	
0	7	2	6	0	4	3	4	3	4	4	
0	3	4	5	3	0	3	3	5	2	3	
0	6	1	5	5	5	0	3	2	2	3	
0	4	1	5	5	3	2	0	2	1	1	
0	5	2	6	3	3	3	1	0	2	2	
0	4	2	6	6	4	2	1	3	0	1	
0	3	2	5	5	3	1	2	3	2	0	
M6
0	0	0	0	0	0	0	0	0	0	0	
0	0	1	5	3	4	3	2	3	1	2	
0	3	0	7	3	5	5	4	2	4	4	
0	2	3	0	2	3	4	3	5	3	4	
0	6	3	5	0	4	2	1	5	4	3	
0	8	5	7	2	0	4	3	7	6	4	
0	5	2	3	3	3	0	4	4	6	1	
0	6	3	4	4	4	3	0	5	3	2	
0	1	2	5	4	3	3	3	0	2	2	
0	4	3	4	6	6	3	6	5	0	4	
0	4	1	3	3	2	1	4	3	5	0	
M7
0	0	0	0	0	0	0	0	0	0	0	
0	0	2	6	4	5	1	3	4	3	2	
0	4	0	4	2	5	4	6	6	3	5	
0	5	6	0	5	4	3	5	5	5	4	
0	2	1	5	0	3	3	4	4	1	3	
0	2	2	2	1	0	3	3	1	2	2	
0	4	4	6	3	5	0	2	3	3	1	
0	3	4	5	3	6	1	0	2	4	2	
0	1	2	3	1	4	2	2	0	2	1	
0	3	2	4	1	2	3	3	3	0	2	
0	3	3	5	2	4	2	1	3	2	0	
Tamanho_Tarefas
0	21	10	21	8	24	18	20	22	19	9	
Data_Entrega
0	163	165	162	163	165	165	166	166	164	162	
Penalidade_Atraso
0	15	5	14	12	13	18	4	14	17	2	
Capacidade_Veiculo
52	42	38	40	62	44	
Custo_Fixo_Veiculo
520	420	380	400	620	440	
Coordenadas_Clientes
x	0	y	0
x	78	y	0
x	89	y	65
x	25	y	78
x	-29	y	91
x	-96	y	69
x	-89	y	0
x	-87	y	-63
x	-37	y	-114
x	27	y	-85
x	78	y	-57
Tempo_Viagem
0	78	110	81	95	118	89	107	119	89	96	
78	0	65	94	140	187	167	176	161	99	57	
110	65	0	65	120	185	189	217	218	162	122	
81	94	65	0	55	121	138	180	200	163	145	
95	140	120	55	0	70	109	164	205	184	182	
118	187	185	121	70	0	69	132	192	197	214	
89	167	189	138	109	69	0	63	125	143	176	
107	176	217	180	164	132	63	0	71	116	165	
119	161	218	200	205	192	125	71	0	70	128	
89	99	162	163	184	197	143	116	70	0	58	
96	57	122	145	182	214	176	165	128	58	0	
Custo_Viagem
V0
0	811	1144	842	988	1227	925	1112	1237	925	998	
811	0	676	977	1456	1944	1736	1830	1674	1029	592	
1144	676	0	676	1248	1924	1965	2256	2267	1684	1268	
842	977	676	0	572	1258	1435	1872	2090	1695	1508	
988	1456	1248	572	0	728	1133	1705	2132	1913	1892	
1227	1944	1924	1258	728	0	717	1372	1996	2048	2225	
925	1736	1965	1435	1133	717	0	655	1300	1487	1830	
1112	1830	2256	1872	1705	1372	655	0	738	1206	1716	
1237	1674	2267	2090	2132	1996	1300	738	0	728	1331	
925	1029	1684	1695	1913	2048	1487	1206	728	0	603	
998	592	1268	1508	1892	2225	1830	1716	1331	603	0	
V1
0	655	924	680	798	991	747	898	999	747	806	
655	0	546	789	1176	1570	1402	1478	1352	831	478	
924	546	0	546	1008	1554	1587	1822	1831	1360	1024	
680	789	546	0	462	1016	1159	1512	1688	1369	1218	
798	1176	1008	462	0	588	915	1377	1722	1545	1528	
991	1570	1554	1016	588	0	579	1108	1612	1654	1797	
747	1402	1587	1159	915	579	0	529	1050	1201	1478	
898	1478	1822	1512	1377	1108	529	0	596	974	1386	
999	1352	1831	1688	1722	1612	1050	596	0	588	1075	
747	831	1360	1369	1545	1654	1201	974	588	0	487	
806	478	1024	1218	1528	1797	1478	1386	1075	487	0	
V2
0	592	836	615	722	896	676	813	904	676	729	
592	0	494	714	1064	1421	1269	1337	1223	752	433	
836	494	0	494	912	1406	1436	1649	1656	1231	927	
615	714	494	0	418	919	1048	1368	1527	1238	1102	
722	1064	912	418	0	532	828	1246	1558	1398	1383	
896	1421	1406	919	532	0	524	1003	1459	1497	1626	
676	1269	1436	1048	828	524	0	478	950	1086	1337	
813	1337	1649	1368	1246	1003	478	0	539	881	1254	
904	1223	1656	1527	1558	1459	950	539	0	532	972	
676	752	1231	1238	1398	1497	1086	881	532	0	440	
729	433	927	1102	1383	1626	1337	1254	972	440	0	
V3
0	624	880	648	760	944	712	856	952	712	768	
624	0	520	752	1120	1496	1336	1408	1288	792	456	
880	520	0	520	960	1480	1512	1736	1744	1296	976	
648	752	520	0	440	968	1104	1440	1608	1304	1160	
760	1120	960	440	0	560	872	1312	1640	1472	1456	
944	1496	1480	968	560	0	552	1056	1536	1576	1712	
712	1336	1512	1104	872	552	0	504	1000	1144	1408	
856	1408	1736	1440	1312	1056	504	0	568	928	1320	
952	1288	1744	1608	1640	1536	1000	568	0	560	1024	
712	792	1296	1304	1472	1576	1144	928	560	0	464	
768	456	976	1160	1456	1712	1408	1320	1024	464	0	
V4
0	967	1364	1004	1178	1463	1103	1326	1475	1103	1190	
967	0	806	1165	1736	2318	2070	2182	1996	1227	706	
1364	806	0	806	1488	2294	2343	2690	2703	2008	1512	
1004	1165	806	0	682	1500	1711	2232	2492	2021	1798	
1178	1736	1488	682	0	868	1351	2033	2542	2281	2256	
1463	2318	2294	1500	868	0	855	1636	2380	2442	2653	
1103	2070	2343	1711	1351	855	0	781	1550	1773	2182	
1326	2182	2690	2232	2033	1636	781	0	880	1438	2046	
1475	1996	2703	2492	2542	2380	1550	880	0	868	1587	
1103	1227	2008	2021	2281	2442	1773	1438	868	0	719	
1190	706	1512	1798	2256	2653	2182	2046	1587	719	0	
V5
0	686	968	712	836	1038	783	941	1047	783	844	
686	0	572	827	1232	1645	1469	1548	1416	871	501	
968	572	0	572	1056	1628	1663	1909	1918	1425	1073	
712	827	572	0	484	1064	1214	1584	1768	1434	1276	
836	1232	1056	484	0	616	959	1443	1804	1619	1601	
1038	1645	1628	1064	616	0	607	1161	1689	1733	1883	
783	1469	1663	1214	959	607	0	554	1100	1258	1548	
941	1548	1909	1584	1443	1161	554	0	624	1020	1452	
1047	1416	1918	1768	1804	1689	1100	624	0	616	1126	
783	871	1425	1434	1619	1733	1258	1020	616	0	510	
844	501	1073	1276	1601	1883	1548	1452	1126	510	0	
Velocidade_Veiculos
1	1	1	1	1	1	