M: 8
N: 10
Nun_Veiculos: 5
Capacidade_Total: 357
Demanda_Total: 166
Setup_Min: 1
Setup_Max: 9
Raio: 100
Circulos: 1
Tempo_Processamento_Min: 1
Tempo_Processamento_Max: 49
Demanda_Min: 10
Demanda_Max: 30
Priority_Factor: 0.2
Range_Factor_R: 0.8
U_factor: 2
ALpha: 0.2Replicao: 3
Tempos_Processamentos
0	0	1	0	2	0	3	0	4	0	5	0	6	0	7	0	
0	36	1	18	2	2	3	15	4	13	5	45	6	38	7	37	
0	5	1	9	2	8	3	40	4	20	5	39	6	33	7	10	
0	4	1	21	2	35	3	42	4	24	5	11	6	8	7	8	
0	43	1	11	2	44	3	35	4	44	5	7	6	44	7	44	
0	48	1	44	2	35	3	19	4	7	5	22	6	48	7	6	
0	48	1	48	2	8	3	42	4	7	5	26	6	49	7	48	
0	21	1	31	2	35	3	21	4	49	5	21	6	25	7	46	
0	23	1	2	2	22	3	25	4	13	5	11	6	48	7	25	
0	8	1	20	2	48	3	8	4	20	5	35	6	6	7	36	
0	49	1	15	2	13	3	2	4	34	5	25	6	36	7	15	

Tempos_setup
M0
0	0	0	0	0	0	0	0	0	0	0	
0	0	4	1	4	3	2	1	4	6	4	
0	2	0	3	6	5	4	3	6	5	6	
0	3	3	0	3	2	5	4	7	6	3	
0	3	1	2	0	4	5	4	7	3	4	
0	3	1	1	3	0	3	4	5	6	1	
0	3	2	2	4	1	0	2	6	7	2	
0	4	4	5	3	5	6	0	8	5	4	
0	5	4	2	4	4	3	1	0	4	5	
0	5	3	3	5	2	3	4	7	0	1	
0	4	2	2	4	1	4	3	6	7	0	
M1
0	0	0	0	0	0	0	0	0	0	0	
0	0	1	6	3	3	3	4	2	3	1	
0	1	0	6	2	3	4	4	2	3	1	
0	2	1	0	3	2	5	2	3	4	2	
0	5	5	6	0	4	6	5	3	5	6	
0	5	4	4	4	0	8	6	5	3	5	
0	4	3	5	3	2	0	3	1	2	4	
0	3	4	4	4	3	5	0	2	3	1	
0	3	2	4	4	1	3	2	0	3	3	
0	4	5	5	1	4	6	5	3	0	2	
0	2	3	5	3	2	4	3	1	2	0	
M2
0	0	0	0	0	0	0	0	0	0	0	
0	0	6	4	2	6	3	4	5	5	3	
0	1	0	1	3	3	4	3	4	2	4	
0	3	2	0	3	2	4	2	3	2	4	
0	1	7	5	0	7	1	5	6	3	4	
0	5	6	5	4	0	3	3	2	4	4	
0	6	7	5	7	7	0	5	6	6	4	
0	3	3	4	3	3	2	0	1	3	6	
0	3	4	5	2	2	1	1	0	2	5	
0	2	7	5	1	5	2	4	3	0	4	
0	2	3	1	3	3	3	1	2	2	0	
M3
0	0	0	0	0	0	0	0	0	0	0	
0	0	2	4	5	5	5	4	2	3	2	
0	3	0	2	3	3	6	4	4	6	5	
0	3	2	0	2	1	4	4	2	4	4	
0	1	3	5	0	6	6	5	3	4	2	
0	2	1	3	1	0	7	3	1	5	3	
0	2	2	4	5	5	0	6	4	4	4	
0	4	3	5	5	4	6	0	3	7	2	
0	4	5	7	3	5	7	2	0	7	4	
0	2	3	5	4	4	7	3	3	0	2	
0	4	1	3	4	4	7	3	1	7	0	
M4
0	0	0	0	0	0	0	0	0	0	0	
0	0	5	6	1	5	5	6	3	4	2	
0	1	0	7	2	4	1	2	3	2	3	
0	2	7	0	3	2	5	5	5	3	4	
0	5	4	5	0	4	4	5	2	3	1	
0	3	5	3	4	0	3	3	4	1	4	
0	3	5	6	1	3	0	1	2	2	2	
0	3	7	6	4	3	3	0	1	1	5	
0	5	6	5	3	2	2	3	0	3	4	
0	2	6	7	3	4	5	6	5	0	4	
0	6	8	4	7	6	9	6	7	6	0	
M5
0	0	0	0	0	0	0	0	0	0	0	
0	0	5	5	6	3	3	4	3	7	6	
0	5	0	3	2	4	6	1	5	5	3	
0	6	5	0	1	4	5	5	4	3	1	
0	6	4	1	0	4	6	4	5	3	2	
0	5	7	4	3	0	5	2	2	6	4	
0	1	6	4	5	4	0	1	2	4	3	
0	4	6	3	4	3	5	0	4	4	2	
0	3	7	3	3	5	6	3	0	6	4	
0	5	7	5	4	4	4	5	6	0	6	
0	7	6	1	2	3	6	4	5	2	0	
M6
0	0	0	0	0	0	0	0	0	0	0	
0	0	2	3	1	2	1	1	2	4	3	
0	3	0	5	3	1	4	3	3	2	1	
0	2	2	0	3	3	3	1	4	4	3	
0	2	4	3	0	3	3	3	2	6	5	
0	6	4	4	4	0	5	3	2	6	5	
0	3	3	3	1	1	0	2	1	5	4	
0	4	1	2	3	2	5	0	4	3	2	
0	5	2	3	3	1	6	1	0	4	3	
0	3	1	5	4	1	4	4	3	0	2	
0	2	2	5	2	2	3	3	4	1	0	
M7
0	0	0	0	0	0	0	0	0	0	0	
0	0	5	4	6	5	7	3	5	6	3	
0	3	0	4	2	4	2	5	3	1	2	
0	1	1	0	3	3	3	4	1	2	3	
0	2	3	5	0	5	3	3	4	2	5	
0	1	2	3	3	0	4	1	4	3	4	
0	3	3	4	1	3	0	4	1	3	5	
0	3	4	5	3	2	6	0	5	5	3	
0	3	2	5	4	2	4	3	0	3	4	
0	4	4	3	2	3	1	4	2	0	6	
0	1	4	5	3	4	5	4	2	4	0	
Tamanho_Tarefas
0	17	8	12	34	8	17	23	20	10	17	
Data_Entrega
0	164	165	164	166	163	165	166	165	166	165	
Penalidade_Atraso
0	7	5	10	8	10	2	11	3	5	17	
Capacidade_Veiculo
92	89	63	58	55	
Custo_Fixo_Veiculo
920	890	630	580	550	
Coordenadas_Clientes
x	0	y	0
x	75	y	0
x	97	y	70
x	33	y	104
x	-25	y	77
x	-68	y	49
x	-105	y	0
x	-101	y	-73
x	-26	y	-82
x	32	y	-99
x	83	y	-60
Tempo_Viagem
0	75	119	109	80	83	105	124	86	104	102	
75	0	73	112	126	151	180	190	130	107	60	
119	73	0	72	122	166	213	243	195	180	130	
109	112	72	0	63	114	172	222	195	203	171	
80	126	122	63	0	51	111	168	159	184	174	
83	151	166	114	51	0	61	126	137	178	185	
105	180	213	172	111	61	0	73	113	169	197	
124	190	243	222	168	126	73	0	75	135	184	
86	130	195	195	159	137	113	75	0	60	111	
104	107	180	203	184	178	169	135	60	0	64	
102	60	130	171	174	185	197	184	111	64	0	
Custo_Viagem
V0
0	1380	2189	2005	1472	1527	1932	2281	1582	1913	1876	
1380	0	1343	2060	2318	2778	3312	3496	2392	1968	1104	
2189	1343	0	1324	2244	3054	3919	4489	3588	3330	2392	
2005	2060	1324	0	1159	2116	3164	4084	3588	3735	3146	
1472	2318	2244	1159	0	938	2042	3091	2925	3404	3201	
1527	2778	3054	2116	938	0	1122	2318	2520	3275	3422	
1932	3312	3919	3164	2042	1122	0	1343	2079	3109	3624	
2281	3496	4489	4084	3091	2318	1343	0	1380	2484	3385	
1582	2392	3588	3588	2925	2520	2079	1380	0	1104	2042	
1913	1968	3330	3735	3404	3275	3109	2484	1104	0	1177	
1876	1104	2392	3146	3201	3422	3624	3385	2042	1177	0	
V1
0	1335	2118	1940	1424	1477	1869	2207	1530	1851	1815	
1335	0	1299	1993	2242	2687	3204	3382	2314	1904	1068	
2118	1299	0	1281	2171	2954	3791	4343	3471	3221	2314	
1940	1993	1281	0	1121	2047	3061	3951	3471	3613	3043	
1424	2242	2171	1121	0	907	1975	2990	2830	3293	3097	
1477	2687	2954	2047	907	0	1085	2242	2438	3168	3310	
1869	3204	3791	3061	1975	1085	0	1299	2011	3008	3506	
2207	3382	4343	3951	2990	2242	1299	0	1335	2403	3275	
1530	2314	3471	3471	2830	2438	2011	1335	0	1068	1975	
1851	1904	3221	3613	3293	3168	3008	2403	1068	0	1139	
1815	1068	2314	3043	3097	3310	3506	3275	1975	1139	0	
V2
0	945	1499	1373	1008	1045	1323	1562	1083	1310	1285	
945	0	919	1411	1587	1902	2268	2394	1638	1348	756	
1499	919	0	907	1537	2091	2683	3074	2457	2280	1638	
1373	1411	907	0	793	1449	2167	2797	2457	2557	2154	
1008	1587	1537	793	0	642	1398	2116	2003	2331	2192	
1045	1902	2091	1449	642	0	768	1587	1726	2242	2343	
1323	2268	2683	2167	1398	768	0	919	1423	2129	2482	
1562	2394	3074	2797	2116	1587	919	0	945	1701	2318	
1083	1638	2457	2457	2003	1726	1423	945	0	756	1398	
1310	1348	2280	2557	2331	2242	2129	1701	756	0	806	
1285	756	1638	2154	2192	2343	2482	2318	1398	806	0	
V3
0	870	1380	1264	928	962	1218	1438	997	1206	1183	
870	0	846	1299	1461	1751	2088	2204	1508	1241	696	
1380	846	0	835	1415	1925	2470	2830	2262	2099	1508	
1264	1299	835	0	730	1334	1995	2575	2262	2354	1983	
928	1461	1415	730	0	591	1287	1948	1844	2146	2018	
962	1751	1925	1334	591	0	707	1461	1589	2064	2157	
1218	2088	2470	1995	1287	707	0	846	1310	1960	2285	
1438	2204	2830	2575	1948	1461	846	0	870	1566	2134	
997	1508	2262	2262	1844	1589	1310	870	0	696	1287	
1206	1241	2099	2354	2146	2064	1960	1566	696	0	742	
1183	696	1508	1983	2018	2157	2285	2134	1287	742	0	
V4
0	825	1309	1199	880	913	1155	1364	946	1144	1122	
825	0	803	1232	1386	1661	1980	2090	1430	1177	660	
1309	803	0	792	1342	1826	2343	2684	2145	1991	1430	
1199	1232	792	0	693	1265	1892	2442	2145	2233	1881	
880	1386	1342	693	0	561	1221	1848	1749	2035	1914	
913	1661	1826	1265	561	0	671	1386	1507	1958	2046	
1155	1980	2343	1892	1221	671	0	803	1243	1859	2167	
1364	2090	2684	2442	1848	1386	803	0	825	1485	2024	
946	1430	2145	2145	1749	1507	1243	825	0	660	1221	
1144	1177	1991	2233	2035	1958	1859	1485	660	0	704	
1122	660	1430	1881	1914	2046	2167	2024	1221	704	0	
Velocidade_Veiculos
1	1	1	1	1	