M: 8
N: 10
Nun_Veiculos: 4
Capacidade_Total: 202
Demanda_Total: 134
Setup_Min: 1
Setup_Max: 99
Raio: 100
Circulos: 1
Tempo_Processamento_Min: 1
Tempo_Processamento_Max: 49
Demanda_Min: 10
Demanda_Max: 30
Priority_Factor: 0.2
Range_Factor_R: 0.8
U_factor: 2
ALpha: 0.2Replicao: 0
Tempos_Processamentos
0	0	1	0	2	0	3	0	4	0	5	0	6	0	7	0	
0	7	1	30	2	37	3	46	4	38	5	21	6	40	7	15	
0	20	1	11	2	17	3	46	4	19	5	3	6	7	7	29	
0	47	1	25	2	49	3	31	4	36	5	9	6	34	7	19	
0	6	1	31	2	27	3	25	4	2	5	26	6	49	7	15	
0	7	1	10	2	9	3	24	4	10	5	49	6	44	7	46	
0	14	1	41	2	7	3	10	4	5	5	20	6	14	7	14	
0	41	1	4	2	29	3	1	4	39	5	7	6	34	7	32	
0	46	1	44	2	29	3	42	4	35	5	46	6	10	7	10	
0	18	1	49	2	18	3	19	4	4	5	30	6	3	7	31	
0	23	1	8	2	34	3	27	4	34	5	21	6	12	7	3	

Tempos_setup
M0
0	0	0	0	0	0	0	0	0	0	0	
0	0	8	21	16	44	20	37	32	40	6	
0	17	0	38	33	46	37	54	43	51	23	
0	32	15	0	23	23	32	44	39	47	13	
0	17	20	21	0	33	27	21	16	24	23	
0	25	8	16	14	0	41	35	30	38	29	
0	4	11	24	19	47	0	40	35	43	9	
0	10	17	30	24	26	6	0	40	48	15	
0	1	4	5	15	17	21	21	0	8	7	
0	24	17	8	7	9	34	28	23	0	21	
0	19	2	15	10	38	19	31	26	34	0	
M1
0	0	0	0	0	0	0	0	0	0	0	
0	0	6	25	9	56	29	65	11	41	55	
0	12	0	19	3	59	23	59	22	53	49	
0	14	7	0	10	40	4	40	3	41	48	
0	53	41	59	0	58	52	59	62	64	46	
0	1	7	3	10	0	7	32	6	19	19	
0	15	3	22	6	45	0	36	25	37	47	
0	20	13	6	16	46	10	0	9	14	54	
0	11	17	36	20	45	40	58	0	52	45	
0	27	17	36	19	48	14	50	38	0	55	
0	27	16	13	4	49	13	13	16	18	0	
M2
0	0	0	0	0	0	0	0	0	0	0	
0	0	22	34	34	26	10	4	17	16	21	
0	52	0	17	22	4	25	19	16	28	33	
0	43	30	0	29	11	18	12	23	24	28	
0	84	40	41	0	36	44	38	35	34	52	
0	56	30	13	18	0	21	15	12	24	29	
0	47	44	24	51	33	0	26	37	38	11	
0	53	18	30	30	22	6	0	13	12	17	
0	56	18	30	30	22	9	3	0	12	17	
0	57	6	23	18	10	10	4	1	0	18	
0	56	43	13	40	22	31	25	32	37	0	
M3
0	0	0	0	0	0	0	0	0	0	0	
0	0	42	26	22	16	43	25	31	34	23	
0	42	0	27	23	34	41	6	20	20	9	
0	61	20	0	43	54	61	26	40	40	29	
0	22	24	4	0	38	21	30	35	27	33	
0	21	27	30	26	0	40	9	15	19	12	
0	1	14	26	23	17	0	20	14	6	23	
0	36	22	21	17	28	35	0	14	14	3	
0	26	12	24	25	36	25	8	0	4	11	
0	22	8	20	31	38	21	14	8	0	17	
0	33	19	18	14	38	32	19	11	11	0	
M4
0	0	0	0	0	0	0	0	0	0	0	
0	0	19	34	12	19	1	11	20	44	20	
0	4	0	15	7	23	5	6	24	46	1	
0	12	15	0	8	31	13	7	15	47	16	
0	11	7	22	0	30	12	13	22	49	8	
0	17	13	28	6	0	15	19	28	55	14	
0	22	18	33	11	22	0	10	19	50	19	
0	12	8	23	1	31	13	0	23	40	9	
0	28	24	39	17	47	29	16	0	56	25	
0	25	21	25	28	44	26	27	40	0	22	
0	3	22	37	15	22	4	14	23	47	0	
M5
0	0	0	0	0	0	0	0	0	0	0	
0	0	17	49	27	17	31	32	31	24	32	
0	13	0	32	10	30	14	15	14	7	15	
0	53	67	0	50	64	46	38	39	47	40	
0	15	21	22	0	32	14	5	13	28	8	
0	20	7	32	17	0	21	22	21	14	22	
0	29	39	55	38	32	0	30	13	35	14	
0	15	32	38	16	28	10	0	23	25	4	
0	17	32	47	25	25	7	28	0	22	1	
0	6	20	25	3	23	7	8	14	0	11	
0	27	31	46	24	24	6	27	19	21	0	
M6
0	0	0	0	0	0	0	0	0	0	0	
0	0	11	10	29	10	23	45	52	33	42	
0	23	0	33	18	33	26	41	54	29	52	
0	21	29	0	36	31	44	35	42	23	63	
0	34	43	43	0	42	55	39	42	27	76	
0	61	63	40	76	0	62	55	68	63	88	
0	37	14	47	32	41	0	47	60	43	26	
0	47	39	43	57	40	26	0	13	40	52	
0	49	26	30	44	54	13	60	0	53	39	
0	7	16	17	34	15	30	12	25	0	49	
0	50	27	31	45	60	47	21	34	54	0	
M7
0	0	0	0	0	0	0	0	0	0	0	
0	0	24	16	18	23	15	35	3	18	24	
0	22	0	9	11	16	16	27	21	10	5	
0	30	16	0	2	7	7	27	29	10	21	
0	32	18	13	0	5	9	29	31	12	23	
0	27	13	8	10	0	4	24	26	7	18	
0	23	9	18	20	25	0	20	22	3	14	
0	23	1	10	12	17	17	0	22	11	6	
0	1	21	13	15	20	12	32	0	15	21	
0	28	6	15	17	22	10	17	27	0	11	
0	25	20	4	6	11	11	31	24	14	0	
Tamanho_Tarefas
0	12	9	23	17	17	6	11	10	14	15	
Data_Entrega
0	157	157	158	158	158	158	156	157	156	158	
Penalidade_Atraso
0	13	13	16	3	2	8	14	12	2	14	
Capacidade_Veiculo
39	69	61	33	
Custo_Fixo_Veiculo
390	690	610	330	
Coordenadas_Clientes
x	0	y	0
x	90	y	0
x	77	y	56
x	35	y	110
x	-36	y	113
x	-89	y	65
x	-84	y	0
x	-88	y	-64
x	-24	y	-74
x	25	y	-77
x	61	y	-44
Tempo_Viagem
0	90	95	115	118	110	84	108	77	80	75	
90	0	57	122	169	190	174	189	135	100	52	
95	57	0	68	126	166	170	203	164	142	101	
115	122	68	0	71	131	162	213	192	187	156	
118	169	126	71	0	71	122	184	187	198	184	
110	190	166	131	71	0	65	129	153	182	185	
84	174	170	162	122	65	0	64	95	133	151	
108	189	203	213	184	129	64	0	64	113	150	
77	135	164	192	187	153	95	64	0	49	90	
80	100	142	187	198	182	133	113	49	0	48	
75	52	101	156	184	185	151	150	90	48	0	
Custo_Viagem
V0
0	702	741	897	920	858	655	842	600	624	585	
702	0	444	951	1318	1482	1357	1474	1053	780	405	
741	444	0	530	982	1294	1326	1591	1279	1107	787	
897	951	530	0	553	1021	1263	1661	1505	1458	1216	
920	1318	982	553	0	553	951	1435	1458	1552	1435	
858	1482	1294	1021	553	0	507	1006	1193	1419	1443	
655	1357	1326	1263	951	507	0	499	741	1037	1177	
842	1474	1591	1661	1435	1006	499	0	499	881	1170	
600	1053	1279	1505	1458	1193	741	499	0	382	702	
624	780	1107	1458	1552	1419	1037	881	382	0	374	
585	405	787	1216	1435	1443	1177	1170	702	374	0	
V1
0	1242	1311	1587	1628	1518	1159	1490	1062	1104	1035	
1242	0	786	1683	2332	2622	2401	2608	1863	1380	717	
1311	786	0	938	1738	2290	2346	2815	2263	1959	1393	
1587	1683	938	0	979	1807	2235	2939	2663	2580	2152	
1628	2332	1738	979	0	979	1683	2539	2580	2746	2539	
1518	2622	2290	1807	979	0	897	1780	2111	2511	2553	
1159	2401	2346	2235	1683	897	0	883	1311	1835	2083	
1490	2608	2815	2939	2539	1780	883	0	883	1559	2070	
1062	1863	2263	2663	2580	2111	1311	883	0	676	1242	
1104	1380	1959	2580	2746	2511	1835	1559	676	0	662	
1035	717	1393	2152	2539	2553	2083	2070	1242	662	0	
V2
0	1098	1159	1403	1439	1342	1024	1317	939	976	915	
1098	0	695	1488	2061	2318	2122	2305	1647	1220	634	
1159	695	0	829	1537	2025	2074	2488	2000	1732	1232	
1403	1488	829	0	866	1598	1976	2598	2354	2281	1903	
1439	2061	1537	866	0	866	1488	2244	2281	2427	2244	
1342	2318	2025	1598	866	0	793	1573	1866	2220	2257	
1024	2122	2074	1976	1488	793	0	780	1159	1622	1842	
1317	2305	2488	2598	2244	1573	780	0	780	1378	1830	
939	1647	2000	2354	2281	1866	1159	780	0	597	1098	
976	1220	1732	2281	2427	2220	1622	1378	597	0	585	
915	634	1232	1903	2244	2257	1842	1830	1098	585	0	
V3
0	594	627	759	778	726	554	712	508	528	495	
594	0	376	805	1115	1254	1148	1247	891	660	343	
627	376	0	448	831	1095	1122	1346	1082	937	666	
759	805	448	0	468	864	1069	1405	1273	1234	1029	
778	1115	831	468	0	468	805	1214	1234	1313	1214	
726	1254	1095	864	468	0	429	851	1009	1201	1221	
554	1148	1122	1069	805	429	0	422	627	877	996	
712	1247	1346	1405	1214	851	422	0	422	745	990	
508	891	1082	1273	1234	1009	627	422	0	323	594	
528	660	937	1234	1313	1201	877	745	323	0	316	
495	343	666	1029	1214	1221	996	990	594	316	0	
Velocidade_Veiculos
1	1	1	1	