M: 8
N: 10
Nun_Veiculos: 5
Capacidade_Total: 248
Demanda_Total: 165
Setup_Min: 1
Setup_Max: 9
Raio: 100
Circulos: 1
Tempo_Processamento_Min: 1
Tempo_Processamento_Max: 49
Demanda_Min: 10
Demanda_Max: 30
Priority_Factor: 0.2
Range_Factor_R: 0.8
U_factor: 2
ALpha: 0.2Replicao: 3
Tempos_Processamentos
0	0	1	0	2	0	3	0	4	0	5	0	6	0	7	0	
0	14	1	30	2	9	3	3	4	38	5	11	6	28	7	5	
0	15	1	17	2	20	3	43	4	30	5	3	6	35	7	33	
0	16	1	27	2	20	3	6	4	17	5	13	6	10	7	32	
0	6	1	31	2	22	3	49	4	24	5	14	6	46	7	21	
0	38	1	10	2	36	3	42	4	47	5	11	6	6	7	41	
0	19	1	23	2	32	3	11	4	23	5	28	6	23	7	33	
0	39	1	28	2	31	3	8	4	45	5	17	6	4	7	5	
0	25	1	30	2	20	3	49	4	29	5	34	6	19	7	5	
0	20	1	40	2	43	3	34	4	34	5	33	6	21	7	41	
0	42	1	47	2	19	3	12	4	21	5	47	6	39	7	21	

Tempos_setup
M0
0	0	0	0	0	0	0	0	0	0	0	
0	0	4	6	4	3	4	2	3	4	2	
0	2	0	5	5	4	4	3	2	4	3	
0	4	6	0	5	4	5	3	6	5	5	
0	3	1	6	0	3	2	3	3	4	2	
0	4	2	4	1	0	3	4	4	2	3	
0	3	2	5	1	4	0	4	3	3	2	
0	5	3	4	2	1	3	0	5	2	4	
0	2	2	5	3	2	2	1	0	3	4	
0	3	1	2	2	5	1	4	3	0	3	
0	3	3	5	3	3	2	2	1	3	0	
M1
0	0	0	0	0	0	0	0	0	0	0	
0	0	6	1	4	3	5	3	3	4	3	
0	6	0	4	4	4	3	6	5	6	4	
0	8	6	0	3	2	4	4	2	3	2	
0	5	3	1	0	3	5	5	3	4	3	
0	7	5	3	2	0	2	2	5	5	1	
0	8	6	4	3	1	0	3	6	5	2	
0	5	3	5	4	2	4	0	5	3	3	
0	7	4	4	3	4	3	5	0	1	2	
0	6	5	3	2	3	2	5	4	0	1	
0	6	4	2	1	4	5	6	4	4	0	
M2
0	0	0	0	0	0	0	0	0	0	0	
0	0	3	1	4	1	1	4	3	1	3	
0	2	0	2	2	3	2	1	4	3	1	
0	3	3	0	4	2	4	4	2	4	4	
0	5	3	5	0	5	4	4	6	4	2	
0	4	2	4	3	0	3	3	6	3	3	
0	3	4	4	4	2	0	5	6	1	3	
0	1	1	2	2	2	2	0	4	2	2	
0	3	1	2	2	4	3	2	0	4	2	
0	5	3	4	3	1	4	4	5	0	2	
0	3	1	3	1	3	3	2	5	2	0	
M3
0	0	0	0	0	0	0	0	0	0	0	
0	0	4	6	6	5	5	7	6	5	4	
0	3	0	4	4	3	5	7	3	5	7	
0	3	2	0	5	5	6	8	3	7	7	
0	3	3	3	0	2	4	4	2	2	3	
0	4	1	4	1	0	2	5	3	3	4	
0	3	3	3	3	2	0	7	2	5	4	
0	3	3	4	5	5	5	0	3	7	6	
0	4	3	1	2	4	3	6	0	4	5	
0	4	1	2	3	4	2	2	1	0	6	
0	2	6	8	6	6	5	4	7	6	0	
M4
0	0	0	0	0	0	0	0	0	0	0	
0	0	5	3	6	3	4	2	3	2	1	
0	2	0	5	2	2	1	2	2	1	3	
0	4	4	0	3	2	1	5	3	5	4	
0	3	1	3	0	3	2	3	3	2	1	
0	5	4	4	3	0	1	3	5	4	2	
0	5	3	5	2	5	0	5	4	4	3	
0	2	4	5	5	5	3	0	2	1	3	
0	3	4	4	3	6	1	5	0	5	4	
0	1	3	4	4	4	2	3	1	0	2	
0	4	6	2	5	2	3	5	3	4	0	
M5
0	0	0	0	0	0	0	0	0	0	0	
0	0	2	4	3	5	3	4	1	4	3	
0	2	0	2	1	3	1	2	3	3	3	
0	4	2	0	3	5	3	4	4	4	1	
0	1	3	2	0	5	3	1	2	2	3	
0	6	6	4	5	0	6	6	7	5	2	
0	3	1	1	2	2	0	3	3	4	2	
0	4	2	4	3	4	3	0	1	1	3	
0	3	1	3	2	4	2	3	0	4	2	
0	5	3	3	4	4	4	5	6	0	4	
0	5	4	2	4	7	5	5	6	3	0	
M6
0	0	0	0	0	0	0	0	0	0	0	
0	0	5	3	5	1	5	4	3	4	6	
0	7	0	5	4	2	5	5	2	4	6	
0	5	2	0	3	4	2	3	4	1	3	
0	4	5	6	0	5	5	5	7	4	3	
0	5	5	4	4	0	4	3	2	5	7	
0	5	4	6	1	2	0	3	4	3	4	
0	2	4	5	4	3	4	0	5	3	7	
0	5	5	3	2	1	5	3	0	4	5	
0	6	1	3	2	3	1	4	3	0	5	
0	4	5	3	4	5	3	2	6	4	0	
M7
0	0	0	0	0	0	0	0	0	0	0	
0	0	5	6	4	3	2	6	6	6	3	
0	4	0	2	4	2	3	1	4	4	2	
0	5	6	0	3	3	7	2	4	5	1	
0	3	3	3	0	5	4	4	7	2	4	
0	2	6	4	3	0	4	4	8	5	5	
0	3	6	4	4	1	0	5	4	5	5	
0	3	4	1	3	1	5	0	4	3	1	
0	2	2	1	2	4	3	3	0	1	2	
0	1	1	3	1	3	2	2	5	0	3	
0	5	5	4	2	5	6	4	3	4	0	
Tamanho_Tarefas
0	4	23	6	19	7	21	15	25	26	19	
Data_Entrega
0	157	159	159	159	160	159	157	158	159	159	
Penalidade_Atraso
0	20	18	3	12	4	10	15	11	7	17	
Capacidade_Veiculo
63	43	28	36	78	
Custo_Fixo_Veiculo
630	430	280	360	780	
Coordenadas_Clientes
x	0	y	0
x	105	y	0
x	64	y	47
x	24	y	74
x	-23	y	71
x	-93	y	68
x	-75	y	0
x	-98	y	-71
x	-31	y	-97
x	25	y	-77
x	100	y	-72
Tempo_Viagem
0	105	79	77	74	115	75	121	101	80	123	
105	0	62	109	146	209	180	215	167	111	72	
79	62	0	48	90	158	146	200	172	129	124	
77	109	48	0	47	117	123	189	178	151	164	
74	146	90	47	0	70	88	160	168	154	188	
115	209	158	117	70	0	70	139	176	186	238	
75	180	146	123	88	70	0	74	106	126	189	
121	215	200	189	160	139	74	0	71	123	198	
101	167	172	178	168	176	106	71	0	59	133	
80	111	129	151	154	186	126	123	59	0	75	
123	72	124	164	188	238	189	198	133	75	0	
Custo_Viagem
V0
0	1323	995	970	932	1449	945	1524	1272	1008	1549	
1323	0	781	1373	1839	2633	2268	2709	2104	1398	907	
995	781	0	604	1134	1990	1839	2520	2167	1625	1562	
970	1373	604	0	592	1474	1549	2381	2255	1902	2066	
932	1839	1134	592	0	882	1108	2016	2116	1953	2368	
1449	2633	1990	1474	882	0	882	1751	2217	2343	2998	
945	2268	1839	1549	1108	882	0	932	1335	1587	2381	
1524	2709	2520	2381	2016	1751	932	0	894	1549	2494	
1272	2104	2167	2255	2116	2217	1335	894	0	743	1675	
1008	1398	1625	1902	1953	2343	1587	1549	743	0	945	
1549	907	1562	2066	2368	2998	2381	2494	1675	945	0	
V1
0	903	679	662	636	989	645	1040	868	688	1057	
903	0	533	937	1255	1797	1548	1849	1436	954	619	
679	533	0	412	774	1358	1255	1720	1479	1109	1066	
662	937	412	0	404	1006	1057	1625	1539	1298	1410	
636	1255	774	404	0	602	756	1376	1444	1333	1616	
989	1797	1358	1006	602	0	602	1195	1513	1599	2046	
645	1548	1255	1057	756	602	0	636	911	1083	1625	
1040	1849	1720	1625	1376	1195	636	0	610	1057	1702	
868	1436	1479	1539	1444	1513	911	610	0	507	1143	
688	954	1109	1298	1333	1599	1083	1057	507	0	645	
1057	619	1066	1410	1616	2046	1625	1702	1143	645	0	
V2
0	588	442	431	414	644	420	677	565	448	688	
588	0	347	610	817	1170	1008	1204	935	621	403	
442	347	0	268	504	884	817	1120	963	722	694	
431	610	268	0	263	655	688	1058	1002	845	918	
414	817	504	263	0	392	492	896	940	868	1052	
644	1170	884	655	392	0	392	778	985	1041	1332	
420	1008	817	688	492	392	0	414	593	705	1058	
677	1204	1120	1058	896	778	414	0	397	688	1108	
565	935	963	1002	940	985	593	397	0	330	744	
448	621	722	845	868	1041	705	688	330	0	420	
688	403	694	918	1052	1332	1058	1108	744	420	0	
V3
0	756	568	554	532	828	540	871	727	576	885	
756	0	446	784	1051	1504	1296	1548	1202	799	518	
568	446	0	345	648	1137	1051	1440	1238	928	892	
554	784	345	0	338	842	885	1360	1288	1087	1180	
532	1051	648	338	0	504	633	1152	1209	1116	1353	
828	1504	1137	842	504	0	504	1000	1267	1339	1713	
540	1296	1051	885	633	504	0	532	763	907	1360	
871	1548	1440	1360	1152	1000	532	0	511	885	1425	
727	1202	1238	1288	1209	1267	763	511	0	424	957	
576	799	928	1087	1116	1339	907	885	424	0	540	
885	518	892	1180	1353	1713	1360	1425	957	540	0	
V4
0	1638	1232	1201	1154	1794	1170	1887	1575	1248	1918	
1638	0	967	1700	2277	3260	2808	3354	2605	1731	1123	
1232	967	0	748	1404	2464	2277	3120	2683	2012	1934	
1201	1700	748	0	733	1825	1918	2948	2792	2355	2558	
1154	2277	1404	733	0	1092	1372	2496	2620	2418	2932	
1794	3260	2464	1825	1092	0	1092	2168	2745	2901	3712	
1170	2808	2277	1918	1372	1092	0	1154	1653	1965	2948	
1887	3354	3120	2948	2496	2168	1154	0	1107	1918	3088	
1575	2605	2683	2792	2620	2745	1653	1107	0	920	2074	
1248	1731	2012	2355	2418	2901	1965	1918	920	0	1170	
1918	1123	1934	2558	2932	3712	2948	3088	2074	1170	0	
Velocidade_Veiculos
1	1	1	1	1	