M: 8
N: 10
Nun_Veiculos: 4
Capacidade_Total: 221
Demanda_Total: 103
Setup_Min: 1
Setup_Max: 99
Raio: 20
Circulos: 1
Tempo_Processamento_Min: 1
Tempo_Processamento_Max: 49
Demanda_Min: 10
Demanda_Max: 30
Priority_Factor: 0.2
Range_Factor_R: 0.8
U_factor: 2
ALpha: 0.2Replicao: 3
Tempos_Processamentos
0	0	1	0	2	0	3	0	4	0	5	0	6	0	7	0	
0	11	1	37	2	32	3	30	4	8	5	5	6	12	7	11	
0	1	1	31	2	19	3	4	4	16	5	37	6	33	7	19	
0	6	1	47	2	1	3	17	4	8	5	8	6	11	7	37	
0	3	1	29	2	15	3	45	4	35	5	25	6	8	7	9	
0	43	1	19	2	8	3	6	4	16	5	24	6	23	7	18	
0	49	1	18	2	36	3	10	4	24	5	44	6	15	7	17	
0	29	1	29	2	34	3	19	4	1	5	15	6	20	7	3	
0	9	1	36	2	34	3	44	4	19	5	46	6	5	7	33	
0	14	1	1	2	46	3	17	4	11	5	1	6	22	7	35	
0	9	1	11	2	28	3	24	4	37	5	28	6	29	7	22	

Tempos_setup
M0
0	0	0	0	0	0	0	0	0	0	0	
0	0	48	17	59	60	39	50	45	52	61	
0	23	0	10	41	53	16	4	38	45	43	
0	36	40	0	42	43	22	33	28	35	44	
0	32	35	34	0	27	18	29	12	22	2	
0	25	37	7	31	0	20	31	14	24	4	
0	14	29	27	36	37	0	11	39	29	38	
0	19	36	16	48	49	12	0	44	41	43	
0	27	52	24	17	18	35	34	0	10	19	
0	33	42	14	7	8	25	24	17	0	9	
0	30	33	32	27	25	16	27	10	20	0	
M1
0	0	0	0	0	0	0	0	0	0	0	
0	0	15	37	43	38	29	7	25	24	44	
0	55	0	27	68	28	55	33	39	49	70	
0	68	14	0	42	1	28	6	29	39	43	
0	58	6	19	0	20	41	19	7	6	48	
0	67	13	40	41	0	27	5	28	38	42	
0	49	20	31	14	32	0	33	19	20	15	
0	63	8	35	36	36	22	0	25	42	37	
0	58	26	12	46	13	40	18	0	34	55	
0	59	9	13	19	14	35	13	1	0	50	
0	59	30	16	31	17	39	22	4	37	0	
M2
0	0	0	0	0	0	0	0	0	0	0	
0	0	19	41	43	37	20	22	33	47	41	
0	30	0	22	24	18	1	3	14	28	22	
0	38	18	0	29	25	9	11	7	6	30	
0	40	20	2	0	3	11	13	9	8	8	
0	37	32	33	31	0	31	23	29	24	5	
0	29	9	21	23	17	0	2	13	27	21	
0	27	11	23	21	20	12	0	25	29	19	
0	31	11	8	25	18	2	4	0	14	23	
0	39	19	16	23	26	10	12	8	0	31	
0	32	29	41	39	27	30	18	43	47	0	
M3
0	0	0	0	0	0	0	0	0	0	0	
0	0	14	39	28	35	9	11	2	6	7	
0	4	0	43	14	39	13	15	6	10	11	
0	17	31	0	45	37	26	28	19	7	24	
0	31	27	70	0	51	40	42	33	37	38	
0	19	33	58	47	0	28	30	21	25	26	
0	3	5	42	19	26	0	14	5	9	10	
0	26	23	52	37	25	35	0	28	19	13	
0	18	28	37	34	34	27	9	0	4	5	
0	38	48	33	54	32	47	29	20	0	25	
0	13	27	52	29	29	22	4	15	19	0	
M4
0	0	0	0	0	0	0	0	0	0	0	
0	0	56	27	44	9	33	36	39	48	37	
0	22	0	49	28	31	36	58	4	13	16	
0	20	46	0	17	21	6	51	40	42	27	
0	17	73	29	0	26	16	34	37	46	54	
0	49	51	38	50	0	44	32	34	43	32	
0	14	59	13	30	15	0	47	49	55	40	
0	17	52	6	23	26	12	0	3	12	33	
0	18	69	45	24	27	32	54	0	9	50	
0	9	65	36	48	18	23	45	24	0	46	
0	31	19	58	37	40	45	67	13	22	0	
M5
0	0	0	0	0	0	0	0	0	0	0	
0	0	40	40	49	35	8	27	46	53	39	
0	13	0	21	42	29	3	22	8	34	20	
0	17	57	0	45	43	16	10	11	34	29	
0	32	20	41	0	37	10	25	28	51	40	
0	51	70	39	50	0	55	49	45	64	38	
0	44	72	32	55	27	0	19	38	45	31	
0	32	57	20	60	33	6	0	26	26	19	
0	6	46	46	34	32	14	33	0	57	45	
0	16	31	51	62	12	24	43	39	0	50	
0	13	43	1	41	19	17	11	7	35	0	
M6
0	0	0	0	0	0	0	0	0	0	0	
0	0	42	7	4	6	38	4	2	11	11	
0	29	0	9	33	14	54	16	31	13	19	
0	20	55	0	24	5	45	7	22	4	10	
0	24	38	4	0	9	46	11	10	8	14	
0	24	50	31	28	0	40	2	26	20	5	
0	20	52	27	24	2	0	4	9	20	5	
0	31	56	38	35	37	40	0	33	42	42	
0	28	54	35	32	4	36	2	0	15	9	
0	16	58	23	20	22	42	20	18	0	27	
0	31	73	38	35	37	35	32	33	15	0	
M7
0	0	0	0	0	0	0	0	0	0	0	
0	0	5	21	12	27	12	20	2	19	25	
0	35	0	24	19	31	16	15	10	14	33	
0	48	13	0	5	44	29	28	23	27	45	
0	43	8	32	0	39	24	23	18	22	41	
0	44	31	55	30	0	27	26	19	25	20	
0	30	35	51	27	15	0	20	24	40	25	
0	31	21	45	28	16	1	0	25	35	23	
0	40	45	61	37	25	10	30	0	50	23	
0	32	6	30	5	17	2	1	16	0	24	
0	24	24	45	16	26	11	31	26	38	0	
Tamanho_Tarefas
0	17	5	5	7	6	24	4	5	13	17	
Data_Entrega
0	28	30	29	28	28	29	29	29	30	29	
Penalidade_Atraso
0	5	19	3	16	11	20	15	4	5	8	
Capacidade_Veiculo
49	57	56	59	
Custo_Fixo_Veiculo
490	570	560	590	
Coordenadas_Clientes
x	0	y	0
x	18	y	0
x	12	y	9
x	5	y	17
x	-5	y	18
x	-12	y	8
x	-19	y	0
x	-16	y	-11
x	-6	y	-20
x	5	y	-16
x	13	y	-9
Tempo_Viagem
0	18	15	17	18	14	19	19	20	16	15	
18	0	10	20	29	31	37	35	31	20	10	
15	10	0	10	19	24	32	34	34	25	18	
17	20	10	0	10	19	29	35	37	33	27	
18	29	19	10	0	12	22	31	38	34	32	
14	31	24	19	12	0	10	19	28	29	29	
19	37	32	29	22	10	0	11	23	28	33	
19	35	34	35	31	19	11	0	13	21	29	
20	31	34	37	38	28	23	13	0	11	21	
16	20	25	33	34	29	28	21	11	0	10	
15	10	18	27	32	29	33	29	21	10	0	
Custo_Viagem
V0
0	176	147	166	176	137	186	186	196	156	147	
176	0	98	205	284	303	362	343	303	196	98	
147	98	0	98	186	235	313	333	333	245	176	
166	205	98	0	98	186	284	343	372	323	264	
176	284	186	98	0	117	215	303	372	343	313	
137	303	235	186	117	0	98	186	274	284	294	
186	362	313	284	215	98	0	107	225	274	323	
186	343	333	343	303	186	107	0	127	205	284	
196	303	333	372	372	274	225	127	0	107	205	
156	196	245	323	343	284	274	205	107	0	98	
147	98	176	264	313	294	323	284	205	98	0	
V1
0	205	171	193	205	159	216	216	228	182	171	
205	0	114	239	330	353	421	399	353	228	114	
171	114	0	114	216	273	364	387	387	285	205	
193	239	114	0	114	216	330	399	433	376	307	
205	330	216	114	0	136	250	353	433	399	364	
159	353	273	216	136	0	114	216	319	330	342	
216	421	364	330	250	114	0	125	262	319	376	
216	399	387	399	353	216	125	0	148	239	330	
228	353	387	433	433	319	262	148	0	125	239	
182	228	285	376	399	330	319	239	125	0	114	
171	114	205	307	364	342	376	330	239	114	0	
V2
0	201	168	190	201	156	212	212	224	179	168	
201	0	112	235	324	347	414	392	347	224	112	
168	112	0	112	212	268	358	380	380	280	201	
190	235	112	0	112	212	324	392	425	369	302	
201	324	212	112	0	134	246	347	425	392	358	
156	347	268	212	134	0	112	212	313	324	336	
212	414	358	324	246	112	0	123	257	313	369	
212	392	380	392	347	212	123	0	145	235	324	
224	347	380	425	425	313	257	145	0	123	235	
179	224	280	369	392	324	313	235	123	0	112	
168	112	201	302	358	336	369	324	235	112	0	
V3
0	212	177	200	212	165	224	224	236	188	177	
212	0	118	247	342	365	436	413	365	236	118	
177	118	0	118	224	283	377	401	401	295	212	
200	247	118	0	118	224	342	413	448	389	318	
212	342	224	118	0	141	259	365	448	413	377	
165	365	283	224	141	0	118	224	330	342	354	
224	436	377	342	259	118	0	129	271	330	389	
224	413	401	413	365	224	129	0	153	247	342	
236	365	401	448	448	330	271	153	0	129	247	
188	236	295	389	413	342	330	247	129	0	118	
177	118	212	318	377	354	389	342	247	118	0	
Velocidade_Veiculos
1	1	1	1	