M: 8
N: 10
Nun_Veiculos: 3
Capacidade_Total: 179
Demanda_Total: 145
Setup_Min: 1
Setup_Max: 99
Raio: 20
Circulos: 1
Tempo_Processamento_Min: 1
Tempo_Processamento_Max: 49
Demanda_Min: 10
Demanda_Max: 30
Priority_Factor: 0.2
Range_Factor_R: 0.8
U_factor: 2
ALpha: 0.2Replicao: 2
Tempos_Processamentos
0	0	1	0	2	0	3	0	4	0	5	0	6	0	7	0	
0	12	1	22	2	9	3	8	4	22	5	29	6	8	7	35	
0	46	1	36	2	12	3	24	4	6	5	20	6	2	7	18	
0	41	1	49	2	27	3	3	4	22	5	36	6	3	7	16	
0	29	1	6	2	11	3	49	4	23	5	41	6	49	7	8	
0	38	1	18	2	45	3	2	4	32	5	26	6	6	7	33	
0	24	1	23	2	3	3	9	4	48	5	26	6	12	7	12	
0	28	1	36	2	3	3	16	4	23	5	49	6	40	7	38	
0	48	1	30	2	37	3	22	4	18	5	29	6	42	7	12	
0	27	1	12	2	18	3	15	4	41	5	37	6	27	7	35	
0	12	1	1	2	14	3	9	4	34	5	27	6	15	7	42	

Tempos_setup
M0
0	0	0	0	0	0	0	0	0	0	0	
0	0	35	29	32	20	18	3	23	27	34	
0	26	0	20	9	28	26	24	41	11	25	
0	6	29	0	7	26	24	9	29	9	5	
0	17	34	11	0	19	17	15	32	2	16	
0	29	15	23	12	0	9	27	44	14	25	
0	31	17	25	14	2	0	29	40	16	16	
0	14	32	26	29	17	15	0	20	24	31	
0	9	35	6	13	21	19	12	0	4	11	
0	15	32	9	13	17	15	18	30	0	14	
0	23	24	17	24	39	37	26	24	22	0	
M1
0	0	0	0	0	0	0	0	0	0	0	
0	0	12	6	18	21	13	2	11	38	20	
0	4	0	3	6	9	1	6	8	28	8	
0	17	29	0	31	38	30	19	5	32	18	
0	14	22	20	0	31	23	16	25	50	6	
0	22	18	21	15	0	11	24	26	36	2	
0	26	26	29	23	8	0	28	34	44	10	
0	14	10	13	16	19	11	0	11	38	18	
0	12	24	15	26	33	25	14	0	47	32	
0	28	37	30	15	46	38	30	16	0	21	
0	20	16	19	13	25	17	22	24	44	0	
M2
0	0	0	0	0	0	0	0	0	0	0	
0	0	5	25	11	2	34	10	26	24	11	
0	10	0	20	6	12	44	5	21	19	6	
0	32	26	0	22	34	53	21	37	45	32	
0	10	15	14	0	12	40	20	15	34	21	
0	27	32	39	38	0	61	37	53	32	19	
0	18	23	17	8	3	0	28	23	8	22	
0	11	16	15	1	13	41	0	16	35	22	
0	30	32	38	27	32	59	37	0	31	18	
0	38	28	32	34	32	72	33	49	0	19	
0	27	17	20	23	29	61	22	38	13	0	
M3
0	0	0	0	0	0	0	0	0	0	0	
0	0	31	30	9	7	2	32	27	28	22	
0	23	0	14	32	20	23	53	49	41	24	
0	9	40	0	18	13	11	40	35	34	10	
0	30	22	21	0	9	31	23	18	30	31	
0	21	35	48	30	0	22	33	45	21	22	
0	33	45	30	42	12	0	32	27	33	20	
0	35	13	27	44	14	36	0	25	35	36	
0	12	18	3	21	16	14	5	0	37	13	
0	34	46	31	43	13	1	33	28	0	21	
0	37	43	28	45	41	39	30	25	62	0	
M4
0	0	0	0	0	0	0	0	0	0	0	
0	0	14	54	46	66	44	41	74	35	38	
0	5	0	40	42	58	30	27	68	21	24	
0	8	3	0	45	18	31	30	42	24	27	
0	7	2	30	0	48	11	8	46	2	2	
0	7	2	36	44	0	32	29	24	23	26	
0	24	19	45	38	63	0	8	65	40	40	
0	16	11	48	41	66	3	0	57	32	35	
0	5	13	32	51	50	22	19	0	34	37	
0	22	17	28	47	46	9	6	63	0	41	
0	18	20	48	18	66	29	26	44	20	0	
M5
0	0	0	0	0	0	0	0	0	0	0	
0	0	55	47	45	53	62	47	23	50	19	
0	36	0	1	28	14	7	8	6	11	10	
0	42	50	0	27	35	40	41	5	32	41	
0	40	36	37	0	8	40	41	16	5	14	
0	55	28	29	15	0	35	36	10	20	6	
0	29	10	11	27	12	0	1	7	9	3	
0	28	9	10	26	11	16	0	6	8	2	
0	62	49	24	22	30	39	40	0	27	36	
0	52	31	32	18	3	38	39	13	0	9	
0	66	53	28	26	34	43	44	4	31	0	
M6
0	0	0	0	0	0	0	0	0	0	0	
0	0	17	5	29	3	21	21	11	33	7	
0	7	0	12	22	10	28	28	18	40	14	
0	19	12	0	24	22	35	16	6	28	26	
0	11	28	16	0	14	32	32	22	44	18	
0	21	14	2	26	0	37	18	8	30	4	
0	7	21	9	17	7	0	9	15	33	3	
0	19	34	22	8	20	40	0	28	50	16	
0	20	37	25	49	23	41	41	0	48	27	
0	17	32	20	6	20	27	36	26	0	24	
0	25	18	6	30	4	41	22	12	34	0	
M7
0	0	0	0	0	0	0	0	0	0	0	
0	0	56	54	32	35	50	39	32	39	25	
0	50	0	34	44	47	30	51	52	59	55	
0	18	12	0	12	15	15	19	41	48	23	
0	6	32	48	0	3	50	7	36	38	11	
0	3	54	55	35	0	51	9	33	40	13	
0	22	6	4	16	19	0	23	41	48	27	
0	13	49	47	40	10	43	0	43	45	4	
0	34	24	22	28	31	18	35	0	7	16	
0	27	34	53	21	24	49	28	31	0	9	
0	42	68	67	36	39	63	43	45	41	0	
Tamanho_Tarefas
0	13	6	22	25	10	10	9	20	21	9	
Data_Entrega
0	33	32	33	33	35	34	34	33	35	33	
Penalidade_Atraso
0	9	11	10	20	15	10	2	6	11	19	
Capacidade_Veiculo
68	75	36	
Custo_Fixo_Veiculo
680	750	360	
Coordenadas_Clientes
x	0	y	0
x	21	y	0
x	13	y	9
x	5	y	17
x	-5	y	17
x	-16	y	11
x	-23	y	0
x	-15	y	-10
x	-6	y	-20
x	6	y	-20
x	18	y	-13
Tempo_Viagem
0	21	15	17	17	19	23	18	20	20	22	
21	0	12	23	31	38	44	37	33	25	13	
15	12	0	11	19	29	37	33	34	29	22	
17	23	11	0	10	21	32	33	37	37	32	
17	31	19	10	0	12	24	28	37	37	37	
19	38	29	21	12	0	13	21	32	38	41	
23	44	37	32	24	13	0	12	25	35	43	
18	37	33	33	28	21	12	0	13	23	33	
20	33	34	37	37	32	25	13	0	12	25	
20	25	29	37	37	38	35	23	12	0	13	
22	13	22	32	37	41	43	33	25	13	0	
Custo_Viagem
V0
0	285	204	231	231	258	312	244	272	272	299	
285	0	163	312	421	516	598	503	448	340	176	
204	163	0	149	258	394	503	448	462	394	299	
231	312	149	0	136	285	435	448	516	503	435	
231	421	258	136	0	163	326	380	503	516	503	
258	516	394	285	163	0	176	285	435	516	557	
312	598	503	435	326	176	0	163	353	476	584	
244	503	448	448	380	285	163	0	176	312	448	
272	448	462	516	503	435	353	176	0	163	340	
272	340	394	503	516	516	476	312	163	0	176	
299	176	299	435	503	557	584	448	340	176	0	
V1
0	315	225	255	255	285	345	270	300	300	330	
315	0	180	345	465	570	660	555	495	375	195	
225	180	0	165	285	435	555	495	510	435	330	
255	345	165	0	150	315	480	495	570	555	480	
255	465	285	150	0	180	360	420	555	570	555	
285	570	435	315	180	0	195	315	480	570	615	
345	660	555	480	360	195	0	180	390	525	645	
270	555	495	495	420	315	180	0	195	345	495	
300	495	510	570	555	480	390	195	0	180	375	
300	375	435	555	570	570	525	345	180	0	195	
330	195	330	480	555	615	645	495	375	195	0	
V2
0	151	108	122	122	136	165	129	144	144	158	
151	0	86	165	223	273	316	266	237	180	93	
108	86	0	79	136	208	266	237	244	208	158	
122	165	79	0	72	151	230	237	273	266	230	
122	223	136	72	0	86	172	201	266	273	266	
136	273	208	151	86	0	93	151	230	273	295	
165	316	266	230	172	93	0	86	187	252	309	
129	266	237	237	201	151	86	0	93	165	237	
144	237	244	273	266	230	187	93	0	86	180	
144	180	208	266	273	273	252	165	86	0	93	
158	93	158	230	266	295	309	237	180	93	0	
Velocidade_Veiculos
1	1	1	