M: 8
N: 10
Nun_Veiculos: 7
Capacidade_Total: 253
Demanda_Total: 133
Setup_Min: 1
Setup_Max: 9
Raio: 20
Circulos: 1
Tempo_Processamento_Min: 1
Tempo_Processamento_Max: 49
Demanda_Min: 10
Demanda_Max: 30
Priority_Factor: 0.2
Range_Factor_R: 0.8
U_factor: 2
ALpha: 0.2Replicao: 4
Tempos_Processamentos
0	0	1	0	2	0	3	0	4	0	5	0	6	0	7	0	
0	2	1	25	2	19	3	39	4	1	5	39	6	32	7	34	
0	17	1	12	2	19	3	2	4	29	5	47	6	18	7	41	
0	23	1	29	2	25	3	19	4	33	5	21	6	41	7	40	
0	16	1	19	2	37	3	13	4	24	5	10	6	24	7	28	
0	9	1	24	2	35	3	39	4	26	5	19	6	49	7	12	
0	6	1	34	2	18	3	10	4	23	5	3	6	45	7	42	
0	26	1	11	2	49	3	9	4	38	5	43	6	5	7	38	
0	5	1	14	2	14	3	40	4	5	5	39	6	6	7	15	
0	33	1	14	2	5	3	47	4	15	5	15	6	10	7	1	
0	45	1	9	2	8	3	6	4	27	5	6	6	20	7	49	

Tempos_setup
M0
0	0	0	0	0	0	0	0	0	0	0	
0	0	3	3	3	1	5	5	4	2	3	
0	2	0	2	1	2	4	3	3	1	2	
0	4	2	0	2	2	4	2	3	1	3	
0	4	3	2	0	2	3	3	3	1	1	
0	3	3	2	2	0	4	4	3	1	3	
0	5	4	2	2	3	0	4	4	2	3	
0	3	1	3	2	1	5	0	4	2	3	
0	3	4	3	2	4	1	3	0	3	3	
0	3	2	1	1	1	3	3	2	0	2	
0	5	3	4	3	3	2	2	6	4	0	
M1
0	0	0	0	0	0	0	0	0	0	0	
0	0	5	3	5	5	2	4	2	3	5	
0	1	0	4	2	3	3	1	3	1	4	
0	3	2	0	2	5	2	3	2	3	5	
0	2	1	4	0	3	4	1	4	2	3	
0	2	2	2	1	0	1	1	3	1	4	
0	3	3	1	3	5	0	3	2	3	6	
0	3	2	4	1	2	3	0	5	3	3	
0	6	6	4	6	6	3	6	0	5	5	
0	4	3	3	2	3	2	1	2	0	4	
0	4	3	6	2	5	5	3	4	4	0	
M2
0	0	0	0	0	0	0	0	0	0	0	
0	0	5	4	5	5	3	4	3	2	3	
0	2	0	1	4	6	4	5	5	3	4	
0	1	3	0	3	6	3	4	4	3	4	
0	5	3	4	0	4	4	3	3	3	2	
0	3	2	2	5	0	3	1	4	2	3	
0	5	3	4	3	5	0	6	5	2	5	
0	2	1	2	5	7	2	0	4	1	5	
0	3	2	3	5	7	2	1	0	1	5	
0	6	4	5	4	6	1	4	3	0	6	
0	4	3	4	6	2	3	2	1	2	0	
M3
0	0	0	0	0	0	0	0	0	0	0	
0	0	2	1	1	3	3	3	2	3	1	
0	4	0	3	5	2	1	1	3	1	2	
0	1	3	0	2	4	2	3	1	4	2	
0	3	1	2	0	3	2	2	1	2	3	
0	6	4	5	5	0	5	1	4	2	2	
0	3	4	2	4	4	0	1	2	4	2	
0	5	3	6	4	3	4	0	5	3	1	
0	6	3	5	4	5	3	4	0	4	4	
0	6	5	5	4	1	6	2	5	0	3	
0	6	2	5	7	2	3	3	4	3	0	
M4
0	0	0	0	0	0	0	0	0	0	0	
0	0	5	4	5	9	6	7	3	6	6	
0	3	0	4	6	5	1	3	6	1	6	
0	4	1	0	4	6	2	3	4	2	3	
0	4	4	5	0	4	5	4	3	3	1	
0	4	1	5	6	0	2	4	4	2	5	
0	4	1	5	5	6	0	4	7	2	6	
0	5	2	1	5	6	3	0	5	2	4	
0	5	2	2	5	7	3	5	0	3	5	
0	4	1	3	7	4	2	4	6	0	6	
0	3	3	4	1	3	4	5	4	2	0	
M5
0	0	0	0	0	0	0	0	0	0	0	
0	0	7	2	3	2	3	3	2	4	4	
0	6	0	6	3	6	6	9	5	3	7	
0	5	8	0	6	2	2	5	4	3	6	
0	4	4	6	0	6	6	7	5	6	7	
0	5	9	4	6	0	5	5	4	2	6	
0	5	7	5	6	4	0	3	4	3	4	
0	2	4	4	3	1	2	0	1	3	1	
0	1	5	3	3	3	1	4	0	4	2	
0	3	7	5	4	5	3	6	2	0	4	
0	2	3	4	4	4	2	5	1	2	0	
M6
0	0	0	0	0	0	0	0	0	0	0	
0	0	8	5	2	3	4	3	4	3	5	
0	1	0	5	3	4	4	4	1	4	6	
0	1	6	0	3	2	3	3	3	4	6	
0	7	7	6	0	1	4	5	2	1	3	
0	6	7	5	3	0	7	4	1	4	6	
0	4	4	3	1	2	0	1	3	2	3	
0	3	6	2	1	2	5	0	3	2	4	
0	5	6	4	2	3	6	7	0	3	5	
0	6	7	5	4	1	3	4	2	0	3	
0	7	6	6	4	2	3	4	3	4	0	
M7
0	0	0	0	0	0	0	0	0	0	0	
0	0	3	3	2	3	4	2	4	1	2	
0	6	0	5	6	4	1	4	7	5	8	
0	2	3	0	2	3	2	2	3	1	4	
0	4	1	5	0	5	2	4	8	3	6	
0	2	3	2	2	0	4	2	3	1	4	
0	6	5	4	5	4	0	3	6	5	8	
0	3	2	1	2	1	3	0	4	2	5	
0	1	3	3	2	1	4	3	0	2	2	
0	1	2	2	1	2	3	1	5	0	3	
0	4	2	2	3	2	3	1	5	3	0	
Tamanho_Tarefas
0	16	3	23	14	11	3	16	15	13	19	
Data_Entrega
0	33	33	34	33	34	34	35	34	34	32	
Penalidade_Atraso
0	2	7	2	8	13	7	18	10	13	2	
Capacidade_Veiculo
30	25	52	48	37	30	31	
Custo_Fixo_Veiculo
300	250	520	480	370	300	310	
Coordenadas_Clientes
x	0	y	0
x	15	y	0
x	16	y	11
x	6	y	18
x	-7	y	23
x	-13	y	9
x	-22	y	0
x	-17	y	-12
x	-5	y	-17
x	7	y	-22
x	17	y	-12
Tempo_Viagem
0	15	19	18	24	15	22	20	17	23	20	
15	0	11	20	31	29	37	34	26	23	12	
19	11	0	12	25	29	39	39	35	34	23	
18	20	12	0	13	21	33	37	35	40	31	
24	31	25	13	0	15	27	36	40	47	42	
15	29	29	21	15	0	12	21	27	36	35	
22	37	39	33	27	12	0	13	24	36	40	
20	34	39	37	36	21	13	0	13	26	34	
17	26	35	35	40	27	24	13	0	13	22	
23	23	34	40	47	36	36	26	13	0	14	
20	12	23	31	42	35	40	34	22	14	0	
Custo_Viagem
V0
0	90	114	108	144	90	132	120	102	138	120	
90	0	66	120	186	174	222	204	156	138	72	
114	66	0	72	150	174	234	240	210	204	138	
108	120	72	0	78	126	198	222	216	240	186	
144	186	150	78	0	90	162	216	240	282	252	
90	174	174	126	90	0	72	126	162	216	216	
132	222	234	198	162	72	0	78	144	216	240	
120	204	240	222	216	126	78	0	78	156	204	
102	156	210	216	240	162	144	78	0	78	132	
138	138	204	240	282	216	216	156	78	0	84	
120	72	138	186	252	216	240	204	132	84	0	
V1
0	75	95	90	120	75	110	100	85	115	100	
75	0	55	100	155	145	185	170	130	115	60	
95	55	0	60	125	145	195	200	175	170	115	
90	100	60	0	65	105	165	185	180	200	155	
120	155	125	65	0	75	135	180	200	235	210	
75	145	145	105	75	0	60	105	135	180	180	
110	185	195	165	135	60	0	65	120	180	200	
100	170	200	185	180	105	65	0	65	130	170	
85	130	175	180	200	135	120	65	0	65	110	
115	115	170	200	235	180	180	130	65	0	70	
100	60	115	155	210	180	200	170	110	70	0	
V2
0	156	197	187	249	156	228	208	176	239	208	
156	0	114	208	322	301	384	353	270	239	124	
197	114	0	124	260	301	405	416	364	353	239	
187	208	124	0	135	218	343	384	374	416	322	
249	322	260	135	0	156	280	374	416	488	436	
156	301	301	218	156	0	124	218	280	374	374	
228	384	405	343	280	124	0	135	249	374	416	
208	353	416	384	374	218	135	0	135	270	353	
176	270	364	374	416	280	249	135	0	135	228	
239	239	353	416	488	374	374	270	135	0	145	
208	124	239	322	436	374	416	353	228	145	0	
V3
0	144	182	172	230	144	211	192	163	220	192	
144	0	105	192	297	278	355	326	249	220	115	
182	105	0	115	240	278	374	384	336	326	220	
172	192	115	0	124	201	316	355	345	384	297	
230	297	240	124	0	144	259	345	384	451	403	
144	278	278	201	144	0	115	201	259	345	345	
211	355	374	316	259	115	0	124	230	345	384	
192	326	384	355	345	201	124	0	124	249	326	
163	249	336	345	384	259	230	124	0	124	211	
220	220	326	384	451	345	345	249	124	0	134	
192	115	220	297	403	345	384	326	211	134	0	
V4
0	111	140	133	177	111	162	148	125	170	148	
111	0	81	148	229	214	273	251	192	170	88	
140	81	0	88	185	214	288	296	259	251	170	
133	148	88	0	96	155	244	273	266	296	229	
177	229	185	96	0	111	199	266	296	347	310	
111	214	214	155	111	0	88	155	199	266	266	
162	273	288	244	199	88	0	96	177	266	296	
148	251	296	273	266	155	96	0	96	192	251	
125	192	259	266	296	199	177	96	0	96	162	
170	170	251	296	347	266	266	192	96	0	103	
148	88	170	229	310	266	296	251	162	103	0	
V5
0	90	114	108	144	90	132	120	102	138	120	
90	0	66	120	186	174	222	204	156	138	72	
114	66	0	72	150	174	234	240	210	204	138	
108	120	72	0	78	126	198	222	216	240	186	
144	186	150	78	0	90	162	216	240	282	252	
90	174	174	126	90	0	72	126	162	216	216	
132	222	234	198	162	72	0	78	144	216	240	
120	204	240	222	216	126	78	0	78	156	204	
102	156	210	216	240	162	144	78	0	78	132	
138	138	204	240	282	216	216	156	78	0	84	
120	72	138	186	252	216	240	204	132	84	0	
V6
0	93	117	111	148	93	136	124	105	142	124	
93	0	68	124	192	179	229	210	161	142	74	
117	68	0	74	155	179	241	248	217	210	142	
111	124	74	0	80	130	204	229	223	248	192	
148	192	155	80	0	93	167	223	248	291	260	
93	179	179	130	93	0	74	130	167	223	223	
136	229	241	204	167	74	0	80	148	223	248	
124	210	248	229	223	130	80	0	80	161	210	
105	161	217	223	248	167	148	80	0	80	136	
142	142	210	248	291	223	223	161	80	0	86	
124	74	142	192	260	223	248	210	136	86	0	
Velocidade_Veiculos
1	1	1	1	1	1	1	