M: 8
N: 10
Nun_Veiculos: 6
Capacidade_Total: 216
Demanda_Total: 174
Setup_Min: 1
Setup_Max: 99
Raio: 20
Circulos: 1
Tempo_Processamento_Min: 1
Tempo_Processamento_Max: 49
Demanda_Min: 10
Demanda_Max: 30
Priority_Factor: 0.2
Range_Factor_R: 0.8
U_factor: 2
ALpha: 0.2Replicao: 4
Tempos_Processamentos
0	0	1	0	2	0	3	0	4	0	5	0	6	0	7	0	
0	41	1	36	2	47	3	2	4	38	5	14	6	18	7	11	
0	27	1	43	2	4	3	17	4	30	5	37	6	46	7	39	
0	49	1	9	2	35	3	43	4	21	5	2	6	40	7	4	
0	45	1	27	2	8	3	37	4	44	5	32	6	47	7	19	
0	41	1	40	2	6	3	46	4	9	5	40	6	4	7	5	
0	22	1	41	2	32	3	30	4	2	5	33	6	25	7	21	
0	46	1	30	2	5	3	36	4	16	5	15	6	6	7	2	
0	27	1	9	2	41	3	40	4	43	5	1	6	26	7	49	
0	7	1	3	2	43	3	8	4	17	5	21	6	44	7	20	
0	1	1	43	2	45	3	33	4	47	5	48	6	16	7	27	

Tempos_setup
M0
0	0	0	0	0	0	0	0	0	0	0	
0	0	37	64	71	35	69	40	33	34	19	
0	33	0	57	61	28	68	33	26	27	12	
0	64	34	0	37	46	64	28	60	42	46	
0	38	44	49	0	20	31	50	43	49	29	
0	55	56	56	83	0	90	55	25	54	34	
0	46	13	44	70	15	0	46	13	40	25	
0	50	47	71	60	47	66	0	58	14	44	
0	57	58	31	58	2	82	49	0	48	28	
0	36	73	57	46	33	77	51	44	0	30	
0	39	68	45	66	16	56	21	14	20	0	
M1
0	0	0	0	0	0	0	0	0	0	0	
0	0	34	15	64	28	30	24	33	25	25	
0	13	0	22	70	27	24	30	42	18	11	
0	12	19	0	69	26	28	29	41	37	10	
0	49	56	37	0	61	19	51	63	39	47	
0	42	38	30	55	0	2	51	24	22	40	
0	40	47	28	68	47	0	49	51	20	38	
0	16	23	25	40	10	12	0	12	21	14	
0	22	14	17	52	20	15	39	0	9	20	
0	20	27	8	53	27	29	34	46	0	18	
0	2	9	11	59	16	18	19	31	27	0	
M2
0	0	0	0	0	0	0	0	0	0	0	
0	0	4	7	6	22	19	26	16	8	10	
0	24	0	31	30	46	43	50	40	32	34	
0	21	6	0	16	30	12	19	33	29	3	
0	27	24	34	0	16	20	21	17	35	21	
0	11	15	18	17	0	30	33	27	19	21	
0	21	4	27	4	20	0	7	21	29	1	
0	35	11	20	36	29	32	0	17	43	8	
0	44	20	37	36	37	32	17	0	52	17	
0	30	28	37	36	45	40	25	8	0	25	
0	27	3	34	33	49	33	30	43	35	0	
M3
0	0	0	0	0	0	0	0	0	0	0	
0	0	53	49	42	33	41	35	26	35	16	
0	53	0	25	28	16	27	35	19	11	26	
0	29	47	0	4	22	17	11	3	38	25	
0	25	43	43	0	31	13	7	36	34	39	
0	41	46	43	25	0	25	19	6	29	10	
0	26	44	44	1	32	0	8	37	35	40	
0	32	36	50	7	38	6	0	29	41	32	
0	44	62	45	19	50	32	26	0	53	58	
0	43	59	14	18	36	31	25	17	0	39	
0	39	37	33	37	17	42	36	23	19	0	
M4
0	0	0	0	0	0	0	0	0	0	0	
0	0	23	11	23	10	22	21	49	20	45	
0	4	0	11	6	14	17	10	38	15	40	
0	53	49	0	47	50	38	47	55	62	81	
0	10	6	5	0	20	23	4	32	21	46	
0	17	13	1	13	0	30	11	39	28	51	
0	29	25	13	25	12	0	23	51	40	63	
0	6	2	1	2	16	19	0	28	17	42	
0	9	5	7	2	19	11	6	0	9	32	
0	31	27	15	24	14	2	25	47	0	25	
0	20	16	15	10	30	33	14	42	31	0	
M5
0	0	0	0	0	0	0	0	0	0	0	
0	0	21	16	32	4	14	59	29	41	26	
0	47	0	19	18	29	40	45	15	20	12	
0	54	14	0	18	43	43	45	15	34	26	
0	36	41	27	0	36	25	27	36	41	40	
0	22	27	13	28	0	11	55	25	37	22	
0	11	16	2	20	15	0	47	17	36	28	
0	31	36	22	12	9	20	0	9	32	27	
0	39	39	25	3	39	28	30	0	35	18	
0	31	36	22	19	9	20	46	16	0	31	
0	35	21	7	6	39	31	33	3	38	0	
M6
0	0	0	0	0	0	0	0	0	0	0	
0	0	41	26	20	34	53	45	52	27	29	
0	36	0	16	20	17	44	45	32	27	19	
0	20	61	0	36	48	28	56	60	43	36	
0	18	40	6	0	14	34	25	32	7	42	
0	21	26	9	3	0	37	28	35	10	45	
0	22	48	14	8	22	0	28	35	15	46	
0	34	60	26	20	34	12	0	7	18	36	
0	28	66	32	26	40	41	29	0	11	57	
0	52	62	44	38	52	30	18	25	0	54	
0	19	38	7	1	12	35	26	33	8	0	
M7
0	0	0	0	0	0	0	0	0	0	0	
0	0	6	16	1	5	12	14	2	24	5	
0	20	0	25	7	11	18	20	8	30	14	
0	4	10	0	5	9	16	18	6	28	9	
0	13	11	18	0	4	11	13	1	23	7	
0	22	7	18	14	0	11	13	1	23	7	
0	16	17	12	15	19	0	2	7	12	1	
0	26	24	22	17	21	15	0	5	27	11	
0	21	19	17	22	26	10	12	0	22	6	
0	7	10	3	3	7	12	14	4	0	6	
0	15	21	11	16	20	27	29	17	39	0	
Tamanho_Tarefas
0	19	16	23	18	14	13	11	22	20	18	
Data_Entrega
0	31	33	32	32	33	32	31	32	33	32	
Penalidade_Atraso
0	2	5	4	5	15	14	19	8	3	11	
Capacidade_Veiculo
33	31	55	25	25	47	
Custo_Fixo_Veiculo
330	310	550	250	250	470	
Coordenadas_Clientes
x	0	y	0
x	22	y	0
x	17	y	12
x	4	y	15
x	-6	y	19
x	-17	y	12
x	-15	y	0
x	-16	y	-12
x	-4	y	-15
x	7	y	-22
x	17	y	-12
Tempo_Viagem
0	22	20	15	19	20	15	20	15	23	20	
22	0	13	23	33	40	37	39	30	26	13	
20	13	0	13	23	34	34	40	34	35	24	
15	23	13	0	10	21	24	33	30	37	29	
19	33	23	10	0	13	21	32	34	42	38	
20	40	34	21	13	0	12	24	29	41	40	
15	37	34	24	21	12	0	12	18	31	34	
20	39	40	33	32	24	12	0	12	25	33	
15	30	34	30	34	29	18	12	0	13	21	
23	26	35	37	42	41	31	25	13	0	14	
20	13	24	29	38	40	34	33	21	14	0	
Custo_Viagem
V0
0	145	132	99	125	132	99	132	99	151	132	
145	0	85	151	217	264	244	257	198	171	85	
132	85	0	85	158	224	224	264	224	231	158	
99	151	85	0	66	138	158	217	204	244	191	
125	217	158	66	0	85	138	211	224	283	250	
132	264	224	138	85	0	79	158	191	270	270	
99	244	224	158	138	79	0	79	118	204	224	
132	257	264	217	211	158	79	0	79	165	217	
99	198	224	204	224	191	118	79	0	85	138	
151	171	231	244	283	270	204	165	85	0	92	
132	85	158	191	250	270	224	217	138	92	0	
V1
0	136	124	93	117	124	93	124	93	142	124	
136	0	80	142	204	248	229	241	186	161	80	
124	80	0	80	148	210	210	248	210	217	148	
93	142	80	0	62	130	148	204	192	229	179	
117	204	148	62	0	80	130	198	210	266	235	
124	248	210	130	80	0	74	148	179	254	254	
93	229	210	148	130	74	0	74	111	192	210	
124	241	248	204	198	148	74	0	74	155	204	
93	186	210	192	210	179	111	74	0	80	130	
142	161	217	229	266	254	192	155	80	0	86	
124	80	148	179	235	254	210	204	130	86	0	
V2
0	242	220	165	209	220	165	220	165	253	220	
242	0	143	253	363	440	407	429	330	286	143	
220	143	0	143	264	374	374	440	374	385	264	
165	253	143	0	110	231	264	363	341	407	319	
209	363	264	110	0	143	231	352	374	473	418	
220	440	374	231	143	0	132	264	319	451	451	
165	407	374	264	231	132	0	132	198	341	374	
220	429	440	363	352	264	132	0	132	275	363	
165	330	374	341	374	319	198	132	0	143	231	
253	286	385	407	473	451	341	275	143	0	154	
220	143	264	319	418	451	374	363	231	154	0	
V3
0	110	100	75	95	100	75	100	75	115	100	
110	0	65	115	165	200	185	195	150	130	65	
100	65	0	65	120	170	170	200	170	175	120	
75	115	65	0	50	105	120	165	155	185	145	
95	165	120	50	0	65	105	160	170	215	190	
100	200	170	105	65	0	60	120	145	205	205	
75	185	170	120	105	60	0	60	90	155	170	
100	195	200	165	160	120	60	0	60	125	165	
75	150	170	155	170	145	90	60	0	65	105	
115	130	175	185	215	205	155	125	65	0	70	
100	65	120	145	190	205	170	165	105	70	0	
V4
0	110	100	75	95	100	75	100	75	115	100	
110	0	65	115	165	200	185	195	150	130	65	
100	65	0	65	120	170	170	200	170	175	120	
75	115	65	0	50	105	120	165	155	185	145	
95	165	120	50	0	65	105	160	170	215	190	
100	200	170	105	65	0	60	120	145	205	205	
75	185	170	120	105	60	0	60	90	155	170	
100	195	200	165	160	120	60	0	60	125	165	
75	150	170	155	170	145	90	60	0	65	105	
115	130	175	185	215	205	155	125	65	0	70	
100	65	120	145	190	205	170	165	105	70	0	
V5
0	206	188	141	178	188	141	188	141	216	188	
206	0	122	216	310	376	347	366	282	244	122	
188	122	0	122	225	319	319	376	319	329	225	
141	216	122	0	94	197	225	310	291	347	272	
178	310	225	94	0	122	197	300	319	404	357	
188	376	319	197	122	0	112	225	272	385	385	
141	347	319	225	197	112	0	112	169	291	319	
188	366	376	310	300	225	112	0	112	235	310	
141	282	319	291	319	272	169	112	0	122	197	
216	244	329	347	404	385	291	235	122	0	131	
188	122	225	272	357	385	319	310	197	131	0	
Velocidade_Veiculos
1	1	1	1	1	1	