M: 8
N: 10
Nun_Veiculos: 5
Capacidade_Total: 188
Demanda_Total: 133
Setup_Min: 1
Setup_Max: 9
Raio: 20
Circulos: 1
Tempo_Processamento_Min: 1
Tempo_Processamento_Max: 49
Demanda_Min: 10
Demanda_Max: 30
Priority_Factor: 0.2
Range_Factor_R: 0.8
U_factor: 2
ALpha: 0.2Replicao: 0
Tempos_Processamentos
0	0	1	0	2	0	3	0	4	0	5	0	6	0	7	0	
0	12	1	26	2	3	3	22	4	26	5	9	6	22	7	36	
0	31	1	4	2	14	3	37	4	21	5	31	6	49	7	48	
0	13	1	16	2	26	3	6	4	44	5	34	6	4	7	4	
0	48	1	5	2	11	3	7	4	34	5	17	6	48	7	22	
0	46	1	19	2	26	3	32	4	38	5	48	6	11	7	32	
0	21	1	31	2	44	3	49	4	38	5	25	6	48	7	2	
0	18	1	36	2	21	3	7	4	6	5	12	6	49	7	47	
0	3	1	25	2	7	3	1	4	29	5	17	6	3	7	45	
0	48	1	23	2	8	3	2	4	36	5	13	6	25	7	46	
0	40	1	16	2	20	3	29	4	30	5	41	6	21	7	6	

Tempos_setup
M0
0	0	0	0	0	0	0	0	0	0	0	
0	0	7	7	4	5	7	6	5	6	5	
0	4	0	5	3	3	4	5	4	3	1	
0	3	5	0	4	3	1	3	2	5	3	
0	3	3	4	0	3	3	5	4	2	1	
0	1	4	3	1	0	4	3	5	3	2	
0	4	6	1	3	4	0	4	3	5	4	
0	5	5	3	5	4	4	0	2	5	3	
0	3	3	3	3	2	2	1	0	3	1	
0	5	6	6	4	4	5	5	4	0	4	
0	3	2	5	3	2	5	4	3	2	0	
M1
0	0	0	0	0	0	0	0	0	0	0	
0	0	3	2	5	4	2	4	3	5	1	
0	4	0	4	2	3	3	1	3	3	3	
0	5	8	0	6	7	4	9	2	8	3	
0	3	5	3	0	6	1	3	1	3	2	
0	3	4	4	6	0	5	4	3	2	4	
0	4	4	2	4	6	0	5	3	6	1	
0	4	7	3	6	4	3	0	2	5	2	
0	3	6	2	4	5	2	7	0	6	1	
0	1	4	3	5	3	3	5	1	0	2	
0	3	5	1	5	7	1	6	2	5	0	
M2
0	0	0	0	0	0	0	0	0	0	0	
0	0	3	2	4	1	1	3	2	5	3	
0	1	0	3	5	2	2	2	3	2	3	
0	2	5	0	3	1	3	1	1	3	2	
0	3	2	5	0	4	4	4	5	4	2	
0	3	6	5	4	0	4	5	2	4	6	
0	1	2	3	3	2	0	4	1	4	2	
0	3	5	5	3	3	4	0	5	4	1	
0	1	4	3	2	2	2	4	0	6	4	
0	4	5	4	6	5	3	5	4	0	5	
0	3	4	5	3	4	4	3	4	3	0	
M3
0	0	0	0	0	0	0	0	0	0	0	
0	0	2	2	4	3	4	7	5	4	5	
0	4	0	1	2	1	2	6	4	3	4	
0	3	4	0	3	5	6	5	3	2	4	
0	4	4	4	0	2	3	6	3	5	2	
0	4	2	3	4	0	1	5	5	5	5	
0	5	3	4	5	2	0	7	4	4	6	
0	1	1	2	3	2	2	0	5	4	5	
0	5	1	2	3	2	3	7	0	4	5	
0	1	3	2	1	3	4	6	4	0	2	
0	5	4	2	5	5	6	4	4	4	0	
M4
0	0	0	0	0	0	0	0	0	0	0	
0	0	2	4	3	3	3	4	3	1	4	
0	4	0	3	2	1	4	2	4	3	3	
0	3	4	0	2	1	1	2	4	4	2	
0	3	4	1	0	2	2	3	5	3	3	
0	3	4	2	1	0	3	1	5	4	2	
0	2	3	4	3	3	0	2	3	3	1	
0	2	3	2	1	3	3	0	5	3	1	
0	3	4	1	3	2	1	3	0	4	2	
0	3	1	3	3	2	3	3	2	0	3	
0	1	2	3	2	2	2	1	4	2	0	
M5
0	0	0	0	0	0	0	0	0	0	0	
0	0	5	2	3	4	3	2	3	2	5	
0	3	0	1	4	2	2	3	1	3	1	
0	4	4	0	4	4	2	3	4	4	3	
0	2	6	4	0	4	4	4	3	3	3	
0	4	4	1	4	0	2	3	3	4	4	
0	2	2	3	2	3	0	1	2	2	2	
0	1	3	2	1	4	1	0	1	2	3	
0	3	3	4	3	4	1	2	0	2	3	
0	5	6	4	5	5	5	4	5	0	4	
0	2	3	2	3	1	1	2	3	3	0	
M6
0	0	0	0	0	0	0	0	0	0	0	
0	0	3	2	2	1	4	2	3	2	2	
0	4	0	6	6	5	5	6	5	4	3	
0	6	6	0	6	6	5	5	4	6	6	
0	7	6	4	0	6	5	5	6	6	6	
0	3	2	4	2	0	4	1	3	1	2	
0	2	3	4	1	1	0	2	4	2	1	
0	3	1	4	4	2	4	0	4	1	2	
0	2	2	4	2	2	1	3	0	3	2	
0	2	5	3	4	3	3	4	5	0	1	
0	1	4	3	3	2	2	3	4	3	0	
M7
0	0	0	0	0	0	0	0	0	0	0	
0	0	4	1	3	2	4	3	2	1	5	
0	3	0	3	6	3	1	5	3	4	4	
0	5	5	0	5	3	3	6	1	6	5	
0	4	1	1	0	2	2	1	2	5	5	
0	8	5	5	4	0	6	3	4	5	8	
0	6	5	2	5	2	0	4	3	4	3	
0	5	2	2	1	1	3	0	3	4	5	
0	4	4	4	4	2	5	5	0	5	4	
0	5	4	4	3	3	5	2	2	0	6	
0	7	7	2	7	4	5	6	3	8	0	
Tamanho_Tarefas
0	17	6	11	11	16	22	18	9	13	10	
Data_Entrega
0	30	29	29	29	30	30	29	29	29	30	
Penalidade_Atraso
0	19	6	8	19	15	12	3	9	4	12	
Capacidade_Veiculo
28	25	62	36	37	
Custo_Fixo_Veiculo
280	250	620	360	370	
Coordenadas_Clientes
x	0	y	0
x	17	y	0
x	14	y	10
x	5	y	15
x	-6	y	18
x	-16	y	12
x	-21	y	0
x	-18	y	-13
x	-6	y	-19
x	5	y	-16
x	12	y	-9
Tempo_Viagem
0	17	17	15	18	20	21	22	19	16	15	
17	0	10	19	29	35	38	37	29	19	10	
17	10	0	10	21	30	36	39	35	27	19	
15	19	10	0	11	21	30	36	34	31	25	
18	29	21	11	0	11	23	33	37	34	32	
20	35	30	21	11	0	13	25	32	35	35	
21	38	36	30	23	13	0	13	24	30	34	
22	37	39	36	33	25	13	0	13	23	30	
19	29	35	34	37	32	24	13	0	11	20	
16	19	27	31	34	35	30	23	11	0	9	
15	10	19	25	32	35	34	30	20	9	0	
Custo_Viagem
V0
0	95	95	84	100	112	117	123	106	89	84	
95	0	56	106	162	196	212	207	162	112	56	
95	56	0	56	117	168	201	218	196	151	106	
84	106	56	0	61	117	168	201	196	173	140	
100	162	117	61	0	61	128	184	207	196	179	
112	196	168	117	61	0	72	140	179	196	196	
117	212	201	168	128	72	0	72	134	168	190	
123	207	218	201	184	140	72	0	72	128	168	
106	162	196	196	207	179	134	72	0	61	112	
89	112	151	173	196	196	168	128	61	0	50	
84	56	106	140	179	196	190	168	112	50	0	
V1
0	85	85	75	90	100	105	110	95	80	75	
85	0	50	95	145	175	190	185	145	100	50	
85	50	0	50	105	150	180	195	175	135	95	
75	95	50	0	55	105	150	180	175	155	125	
90	145	105	55	0	55	115	165	185	175	160	
100	175	150	105	55	0	65	125	160	175	175	
105	190	180	150	115	65	0	65	120	150	170	
110	185	195	180	165	125	65	0	65	115	150	
95	145	175	175	185	160	120	65	0	55	100	
80	100	135	155	175	175	150	115	55	0	45	
75	50	95	125	160	175	170	150	100	45	0	
V2
0	210	210	186	223	248	260	272	235	198	186	
210	0	124	235	359	434	471	458	359	248	124	
210	124	0	124	260	372	446	483	434	334	235	
186	235	124	0	136	260	372	446	434	384	310	
223	359	260	136	0	136	285	409	458	434	396	
248	434	372	260	136	0	161	310	396	434	434	
260	471	446	372	285	161	0	161	297	372	421	
272	458	483	446	409	310	161	0	161	285	372	
235	359	434	434	458	396	297	161	0	136	248	
198	248	334	384	434	434	372	285	136	0	111	
186	124	235	310	396	434	421	372	248	111	0	
V3
0	122	122	108	129	144	151	158	136	115	108	
122	0	72	136	208	252	273	266	208	144	72	
122	72	0	72	151	216	259	280	252	194	136	
108	136	72	0	79	151	216	259	252	223	180	
129	208	151	79	0	79	165	237	266	252	230	
144	252	216	151	79	0	93	180	230	252	252	
151	273	259	216	165	93	0	93	172	216	244	
158	266	280	259	237	180	93	0	93	165	216	
136	208	252	252	266	230	172	93	0	79	144	
115	144	194	223	252	252	216	165	79	0	64	
108	72	136	180	230	252	244	216	144	64	0	
V4
0	125	125	111	133	148	155	162	140	118	111	
125	0	74	140	214	259	281	273	214	148	74	
125	74	0	74	155	222	266	288	259	199	140	
111	140	74	0	81	155	222	266	259	229	185	
133	214	155	81	0	81	170	244	273	259	236	
148	259	222	155	81	0	96	185	236	259	259	
155	281	266	222	170	96	0	96	177	222	251	
162	273	288	266	244	185	96	0	96	170	222	
140	214	259	259	273	236	177	96	0	81	148	
118	148	199	229	259	259	222	170	81	0	66	
111	74	140	185	236	259	251	222	148	66	0	
Velocidade_Veiculos
1	1	1	1	1	