M: 8
N: 10
Nun_Veiculos: 4
Capacidade_Total: 226
Demanda_Total: 169
Setup_Min: 1
Setup_Max: 9
Raio: 20
Circulos: 1
Tempo_Processamento_Min: 1
Tempo_Processamento_Max: 49
Demanda_Min: 10
Demanda_Max: 30
Priority_Factor: 0.2
Range_Factor_R: 0.8
U_factor: 2
ALpha: 0.2Replicao: 4
Tempos_Processamentos
0	0	1	0	2	0	3	0	4	0	5	0	6	0	7	0	
0	2	1	5	2	18	3	10	4	9	5	43	6	37	7	41	
0	4	1	29	2	11	3	23	4	42	5	17	6	21	7	45	
0	3	1	20	2	25	3	26	4	41	5	30	6	23	7	4	
0	34	1	28	2	47	3	30	4	1	5	41	6	13	7	33	
0	4	1	16	2	14	3	47	4	10	5	32	6	46	7	40	
0	2	1	6	2	21	3	11	4	37	5	1	6	12	7	19	
0	43	1	27	2	27	3	28	4	24	5	17	6	43	7	9	
0	20	1	31	2	15	3	34	4	20	5	28	6	39	7	22	
0	24	1	30	2	43	3	22	4	33	5	41	6	8	7	13	
0	2	1	46	2	36	3	15	4	41	5	49	6	41	7	33	

Tempos_setup
M0
0	0	0	0	0	0	0	0	0	0	0	
0	0	4	5	4	4	1	1	3	3	2	
0	3	0	5	3	1	2	2	2	3	3	
0	4	2	0	1	2	1	4	2	5	2	
0	4	1	4	0	2	3	3	1	4	1	
0	2	3	6	4	0	1	2	3	4	2	
0	5	4	5	3	3	0	4	2	6	1	
0	4	5	6	4	4	1	0	3	2	2	
0	3	4	3	4	1	2	3	0	5	3	
0	2	3	5	3	3	3	3	2	0	1	
0	4	3	4	2	2	2	4	1	6	0	
M1
0	0	0	0	0	0	0	0	0	0	0	
0	0	4	1	2	2	4	3	1	3	3	
0	4	0	4	5	3	4	6	5	2	3	
0	5	4	0	1	7	5	3	3	4	2	
0	5	3	1	0	6	4	2	4	5	3	
0	1	3	2	2	0	5	4	2	1	4	
0	4	5	1	2	6	0	4	2	3	1	
0	5	1	2	3	4	2	0	3	3	1	
0	2	5	3	4	4	3	4	0	5	3	
0	3	2	4	3	5	5	5	3	0	5	
0	5	4	1	2	7	6	4	4	2	0	
M2
0	0	0	0	0	0	0	0	0	0	0	
0	0	5	7	5	4	7	6	6	6	4	
0	7	0	5	4	6	7	5	6	5	4	
0	3	2	0	2	4	2	3	4	2	1	
0	3	4	6	0	2	3	3	2	1	5	
0	6	2	7	3	0	6	5	5	4	6	
0	1	3	3	5	5	0	4	4	5	2	
0	5	3	7	4	6	5	0	4	5	7	
0	1	2	4	4	5	1	5	0	5	3	
0	4	5	7	6	3	4	2	5	0	6	
0	5	1	6	5	6	5	2	4	4	0	
M3
0	0	0	0	0	0	0	0	0	0	0	
0	0	3	3	4	3	1	2	2	1	1	
0	3	0	4	4	4	1	4	5	2	3	
0	2	1	0	4	5	2	2	1	3	3	
0	6	5	6	0	7	5	5	7	5	4	
0	3	2	1	5	0	3	3	2	2	3	
0	5	4	3	5	4	0	3	4	5	2	
0	4	1	5	2	4	2	0	3	2	4	
0	4	1	2	3	5	2	1	0	3	4	
0	5	3	3	7	2	4	5	4	0	4	
0	4	2	2	3	5	1	1	3	3	0	
M4
0	0	0	0	0	0	0	0	0	0	0	
0	0	8	7	3	6	4	3	6	5	6	
0	4	0	5	3	3	6	6	8	5	5	
0	3	4	0	5	4	2	3	6	4	4	
0	1	6	6	0	4	3	4	7	4	3	
0	4	3	5	3	0	3	3	6	2	2	
0	4	6	5	3	3	0	2	4	4	2	
0	4	6	4	3	3	1	0	5	2	3	
0	5	6	9	4	6	5	7	0	6	7	
0	2	4	3	1	1	1	3	5	0	3	
0	3	4	3	2	1	4	4	4	3	0	
M5
0	0	0	0	0	0	0	0	0	0	0	
0	0	5	4	6	6	3	3	4	6	4	
0	4	0	2	4	2	2	4	1	5	5	
0	6	6	0	7	5	5	7	6	7	5	
0	3	6	4	0	4	6	5	7	6	6	
0	4	4	3	2	0	3	5	5	5	3	
0	6	4	4	5	6	0	6	5	3	7	
0	6	2	4	3	4	4	0	2	3	1	
0	6	5	5	4	7	7	3	0	6	4	
0	3	4	1	2	5	6	6	5	0	6	
0	5	1	3	4	3	3	5	2	2	0	
M6
0	0	0	0	0	0	0	0	0	0	0	
0	0	4	7	5	5	6	6	7	6	6	
0	1	0	3	1	1	2	2	3	2	4	
0	3	5	0	4	1	4	3	2	2	3	
0	3	3	3	0	3	1	2	2	1	3	
0	6	6	6	3	0	4	5	5	4	4	
0	3	4	2	3	2	0	1	3	4	4	
0	2	5	1	2	1	2	0	3	3	3	
0	1	4	3	4	3	2	2	0	3	1	
0	3	6	2	3	3	4	3	4	0	5	
0	3	3	2	3	2	1	1	4	2	0	
M7
0	0	0	0	0	0	0	0	0	0	0	
0	0	5	7	2	3	1	4	3	3	4	
0	3	0	3	2	1	4	4	1	3	1	
0	1	4	0	2	2	2	1	1	2	3	
0	1	4	7	0	4	2	5	4	3	5	
0	2	5	8	1	0	3	4	5	2	6	
0	3	4	7	2	5	0	7	5	2	5	
0	1	4	7	2	1	2	0	4	1	2	
0	5	6	5	5	7	5	6	0	3	6	
0	3	3	6	5	4	4	6	4	0	4	
0	3	6	8	2	1	4	5	5	3	0	
Tamanho_Tarefas
0	4	18	21	21	22	5	27	25	20	6	
Data_Entrega
0	33	33	35	34	35	35	33	36	36	35	
Penalidade_Atraso
0	2	15	5	13	4	1	15	16	13	3	
Capacidade_Veiculo
69	64	58	35	
Custo_Fixo_Veiculo
690	640	580	350	
Coordenadas_Clientes
x	0	y	0
x	19	y	0
x	19	y	13
x	6	y	19
x	-7	y	23
x	-15	y	11
x	-19	y	0
x	-14	y	-10
x	-6	y	-20
x	7	y	-23
x	13	y	-9
Tempo_Viagem
0	19	23	19	24	18	19	17	20	24	15	
19	0	13	23	34	35	38	34	31	25	10	
23	13	0	14	27	34	40	40	41	37	22	
19	23	14	0	13	22	31	35	39	42	28	
24	34	27	13	0	14	25	33	43	48	37	
18	35	34	22	14	0	11	21	32	40	33	
19	38	40	31	25	11	0	11	23	34	33	
17	34	40	35	33	21	11	0	12	24	27	
20	31	41	39	43	32	23	12	0	13	21	
24	25	37	42	48	40	34	24	13	0	15	
15	10	22	28	37	33	33	27	21	15	0	
Custo_Viagem
V0
0	262	317	262	331	248	262	234	276	331	207	
262	0	179	317	469	483	524	469	441	345	138	
317	179	0	193	372	469	552	552	565	510	303	
262	317	193	0	179	303	427	483	552	579	386	
331	469	372	179	0	193	345	455	593	662	510	
248	483	469	303	193	0	151	289	441	552	469	
262	524	552	427	345	151	0	151	317	469	455	
234	469	552	483	455	289	151	0	165	331	372	
276	441	565	552	593	441	317	165	0	179	289	
331	345	510	579	662	552	469	331	179	0	207	
207	138	303	386	510	469	455	372	289	207	0	
V1
0	243	294	243	307	230	243	217	256	307	192	
243	0	166	294	435	448	486	435	409	320	128	
294	166	0	179	345	435	512	512	524	473	281	
243	294	179	0	166	281	396	448	512	537	358	
307	435	345	166	0	179	320	422	550	614	473	
230	448	435	281	179	0	140	268	409	512	435	
243	486	512	396	320	140	0	140	294	435	422	
217	435	512	448	422	268	140	0	153	307	345	
256	409	524	512	550	409	294	153	0	166	268	
307	320	473	537	614	512	435	307	166	0	192	
192	128	281	358	473	435	422	345	268	192	0	
V2
0	220	266	220	278	208	220	197	232	278	174	
220	0	150	266	394	406	440	394	371	290	116	
266	150	0	162	313	394	464	464	475	429	255	
220	266	162	0	150	255	359	406	464	487	324	
278	394	313	150	0	162	290	382	498	556	429	
208	406	394	255	162	0	127	243	371	464	394	
220	440	464	359	290	127	0	127	266	394	382	
197	394	464	406	382	243	127	0	139	278	313	
232	371	475	464	498	371	266	139	0	150	243	
278	290	429	487	556	464	394	278	150	0	174	
174	116	255	324	429	394	382	313	243	174	0	
V3
0	133	161	133	168	126	133	119	140	168	105	
133	0	91	161	238	245	266	238	224	175	70	
161	91	0	98	189	238	280	280	287	259	154	
133	161	98	0	91	154	217	245	280	294	196	
168	238	189	91	0	98	175	231	301	336	259	
126	245	238	154	98	0	77	147	224	280	238	
133	266	280	217	175	77	0	77	161	238	231	
119	238	280	245	231	147	77	0	84	168	189	
140	224	287	280	301	224	161	84	0	91	147	
168	175	259	294	336	280	238	168	91	0	105	
105	70	154	196	259	238	231	189	147	105	0	
Velocidade_Veiculos
1	1	1	1	