M: 8
N: 10
Nun_Veiculos: 5
Capacidade_Total: 303
Demanda_Total: 188
Setup_Min: 1
Setup_Max: 99
Raio: 20
Circulos: 1
Tempo_Processamento_Min: 1
Tempo_Processamento_Max: 49
Demanda_Min: 10
Demanda_Max: 30
Priority_Factor: 0.2
Range_Factor_R: 0.8
U_factor: 2
ALpha: 0.2Replicao: 4
Tempos_Processamentos
0	0	1	0	2	0	3	0	4	0	5	0	6	0	7	0	
0	5	1	29	2	39	3	4	4	5	5	21	6	27	7	18	
0	40	1	49	2	3	3	12	4	41	5	35	6	22	7	13	
0	49	1	9	2	35	3	40	4	45	5	49	6	33	7	48	
0	43	1	17	2	36	3	23	4	44	5	5	6	49	7	23	
0	35	1	32	2	2	3	42	4	17	5	44	6	21	7	46	
0	4	1	43	2	19	3	9	4	32	5	44	6	32	7	48	
0	12	1	21	2	46	3	43	4	31	5	5	6	3	7	32	
0	29	1	36	2	33	3	48	4	42	5	26	6	33	7	3	
0	47	1	46	2	22	3	18	4	43	5	38	6	20	7	27	
0	48	1	10	2	16	3	33	4	34	5	47	6	49	7	14	

Tempos_setup
M0
0	0	0	0	0	0	0	0	0	0	0	
0	0	66	10	1	39	19	34	24	44	46	
0	53	0	18	7	48	16	65	30	41	24	
0	75	76	0	21	31	38	47	44	63	36	
0	55	65	20	0	41	18	65	23	43	55	
0	51	60	16	17	0	14	57	15	39	52	
0	37	78	2	23	33	0	49	46	25	38	
0	56	65	21	15	5	19	0	20	44	43	
0	44	50	10	31	18	32	42	0	57	46	
0	12	78	4	13	34	2	46	36	0	40	
0	79	59	44	24	33	42	88	46	67	0	
M1
0	0	0	0	0	0	0	0	0	0	0	
0	0	3	20	27	51	15	13	69	39	20	
0	3	0	23	30	54	12	10	71	36	20	
0	33	30	0	7	56	9	9	54	37	19	
0	28	25	30	0	49	37	2	63	30	12	
0	9	12	29	36	0	11	16	38	44	26	
0	28	25	33	40	63	0	5	66	33	15	
0	26	23	28	35	67	35	0	61	28	10	
0	15	18	35	19	6	15	20	0	14	20	
0	22	19	24	31	58	31	29	52	0	6	
0	16	13	18	25	57	25	23	51	49	0	
M2
0	0	0	0	0	0	0	0	0	0	0	
0	0	12	31	6	37	21	11	19	16	18	
0	3	0	34	9	40	24	14	12	5	21	
0	25	22	0	31	27	46	21	17	27	34	
0	9	6	35	0	31	30	5	13	11	12	
0	10	7	30	16	0	31	6	19	12	7	
0	32	29	61	33	31	0	37	21	14	38	
0	4	1	35	10	26	25	0	13	6	18	
0	11	8	42	17	43	32	22	0	13	29	
0	18	15	49	19	50	39	24	7	0	31	
0	16	13	23	22	38	37	12	19	12	0	
M3
0	0	0	0	0	0	0	0	0	0	0	
0	0	60	60	44	80	47	48	37	34	55	
0	19	0	34	9	35	55	14	38	48	38	
0	25	42	0	43	41	21	38	42	14	44	
0	10	54	25	0	46	46	5	47	39	49	
0	9	8	26	17	0	36	6	3	40	3	
0	15	41	39	42	59	0	47	28	13	46	
0	45	54	20	63	61	41	0	62	34	49	
0	6	23	35	29	49	53	21	0	40	18	
0	11	28	26	29	46	23	34	45	0	49	
0	24	5	23	14	31	44	3	34	37	0	
M4
0	0	0	0	0	0	0	0	0	0	0	
0	0	15	32	16	13	35	23	18	44	12	
0	30	0	18	31	43	20	29	33	35	35	
0	12	13	0	14	25	3	12	16	42	18	
0	12	24	36	0	25	23	30	2	28	24	
0	29	9	19	33	0	22	10	19	44	37	
0	15	10	27	11	28	0	9	13	39	15	
0	19	19	18	32	32	21	0	9	53	31	
0	10	22	40	26	23	42	28	0	44	22	
0	20	21	8	22	33	11	20	19	0	24	
0	33	3	21	34	28	23	32	36	38	0	
M5
0	0	0	0	0	0	0	0	0	0	0	
0	0	39	60	23	43	46	53	9	30	17	
0	59	0	79	22	27	40	72	17	33	25	
0	48	17	0	33	44	22	15	19	15	27	
0	74	60	57	0	76	65	58	30	51	38	
0	54	15	58	24	0	54	56	10	6	18	
0	26	60	76	49	59	0	79	35	51	38	
0	33	35	47	19	51	7	0	5	26	13	
0	44	30	71	14	46	44	72	0	21	8	
0	48	9	52	18	36	48	65	4	0	12	
0	48	22	65	31	49	36	67	17	13	0	
M6
0	0	0	0	0	0	0	0	0	0	0	
0	0	49	1	3	11	30	25	48	41	13	
0	13	0	14	16	9	24	16	45	32	3	
0	13	48	0	2	10	29	24	53	40	12	
0	11	60	12	0	22	41	22	59	52	24	
0	28	38	21	21	0	19	31	43	30	2	
0	9	26	2	2	12	0	12	24	11	14	
0	18	65	19	21	29	48	0	47	58	29	
0	21	46	22	22	32	20	3	0	21	30	
0	19	34	20	9	25	30	1	13	0	9	
0	30	36	23	23	16	21	30	42	29	0	
M7
0	0	0	0	0	0	0	0	0	0	0	
0	0	7	17	14	32	13	20	29	9	11	
0	19	0	10	8	25	6	14	22	15	14	
0	15	22	0	29	15	23	35	44	24	4	
0	11	18	21	0	26	24	6	40	20	22	
0	45	52	47	40	0	26	41	73	35	45	
0	19	26	21	14	21	0	15	48	9	22	
0	5	12	19	19	20	18	0	34	14	16	
0	14	21	14	25	29	27	31	0	23	12	
0	10	17	12	5	25	4	11	39	0	13	
0	11	18	28	25	43	24	31	40	20	0	
Tamanho_Tarefas
0	14	13	29	18	18	23	12	3	29	29	
Data_Entrega
0	37	37	36	37	37	37	35	35	35	35	
Penalidade_Atraso
0	9	11	5	18	3	12	2	4	9	8	
Capacidade_Veiculo
59	76	70	37	61	
Custo_Fixo_Veiculo
590	760	700	370	610	
Coordenadas_Clientes
x	0	y	0
x	23	y	0
x	17	y	13
x	5	y	18
x	-5	y	18
x	-18	y	13
x	-20	y	0
x	-17	y	-12
x	-5	y	-16
x	7	y	-23
x	16	y	-12
Tempo_Viagem
0	23	21	18	18	22	20	20	16	24	20	
23	0	14	25	33	43	43	41	32	27	13	
21	14	0	13	22	35	39	41	36	37	25	
18	25	13	0	10	23	30	37	34	41	31	
18	33	22	10	0	13	23	32	34	42	36	
22	43	35	23	13	0	13	25	31	43	42	
20	43	39	30	23	13	0	12	21	34	37	
20	41	41	37	32	25	12	0	12	25	33	
16	32	36	34	34	31	21	12	0	13	21	
24	27	37	41	42	43	34	25	13	0	14	
20	13	25	31	36	42	37	33	21	14	0	
Custo_Viagem
V0
0	271	247	212	212	259	236	236	188	283	236	
271	0	165	295	389	507	507	483	377	330	153	
247	165	0	153	259	413	460	495	424	436	295	
212	295	153	0	118	271	354	436	413	483	365	
212	389	259	118	0	153	271	377	401	495	424	
259	507	413	271	153	0	153	295	365	507	495	
236	507	460	354	271	153	0	141	247	413	436	
236	483	495	436	377	295	141	0	141	306	389	
188	377	424	413	401	365	247	141	0	153	247	
283	330	436	483	495	507	413	306	153	0	165	
236	153	295	365	424	495	436	389	247	165	0	
V1
0	349	319	273	273	334	304	304	243	364	304	
349	0	212	380	501	653	653	623	486	425	197	
319	212	0	197	334	532	592	638	547	562	380	
273	380	197	0	152	349	456	562	532	623	471	
273	501	334	152	0	197	349	486	516	638	547	
334	653	532	349	197	0	197	380	471	653	638	
304	653	592	456	349	197	0	182	319	532	562	
304	623	638	562	486	380	182	0	182	395	501	
243	486	547	532	516	471	319	182	0	197	319	
364	425	562	623	638	653	532	395	197	0	212	
304	197	380	471	547	638	562	501	319	212	0	
V2
0	322	294	252	252	308	280	280	224	336	280	
322	0	196	350	462	602	602	574	448	392	182	
294	196	0	182	308	490	546	588	504	518	350	
252	350	182	0	140	322	420	518	490	574	434	
252	462	308	140	0	182	322	448	476	588	504	
308	602	490	322	182	0	182	350	434	602	588	
280	602	546	420	322	182	0	168	294	490	518	
280	574	588	518	448	350	168	0	168	364	462	
224	448	504	490	476	434	294	168	0	182	294	
336	392	518	574	588	602	490	364	182	0	196	
280	182	350	434	504	588	518	462	294	196	0	
V3
0	170	155	133	133	162	148	148	118	177	148	
170	0	103	185	244	318	318	303	236	207	96	
155	103	0	96	162	259	288	310	266	273	185	
133	185	96	0	74	170	222	273	259	303	229	
133	244	162	74	0	96	170	236	251	310	266	
162	318	259	170	96	0	96	185	229	318	310	
148	318	288	222	170	96	0	88	155	259	273	
148	303	310	273	236	185	88	0	88	192	244	
118	236	266	259	251	229	155	88	0	96	155	
177	207	273	303	310	318	259	192	96	0	103	
148	96	185	229	266	310	273	244	155	103	0	
V4
0	280	256	219	219	268	244	244	195	292	244	
280	0	170	305	402	524	524	500	390	341	158	
256	170	0	158	268	427	475	512	439	451	305	
219	305	158	0	122	280	366	451	427	500	378	
219	402	268	122	0	158	280	390	414	512	439	
268	524	427	280	158	0	158	305	378	524	512	
244	524	475	366	280	158	0	146	256	427	451	
244	500	512	451	390	305	146	0	146	317	402	
195	390	439	427	414	378	256	146	0	158	256	
292	341	451	500	512	524	427	317	158	0	170	
244	158	305	378	439	512	451	402	256	170	0	
Velocidade_Veiculos
1	1	1	1	1	