M: 8
N: 10
Nun_Veiculos: 6
Capacidade_Total: 323
Demanda_Total: 149
Setup_Min: 1
Setup_Max: 99
Raio: 20
Circulos: 1
Tempo_Processamento_Min: 1
Tempo_Processamento_Max: 49
Demanda_Min: 10
Demanda_Max: 30
Priority_Factor: 0.2
Range_Factor_R: 0.8
U_factor: 2
ALpha: 0.2Replicao: 4
Tempos_Processamentos
0	0	1	0	2	0	3	0	4	0	5	0	6	0	7	0	
0	42	1	16	2	44	3	31	4	15	5	19	6	44	7	47	
0	7	1	45	2	30	3	2	4	9	5	22	6	34	7	24	
0	8	1	48	2	10	3	48	4	1	5	40	6	36	7	28	
0	20	1	46	2	48	3	16	4	49	5	44	6	3	7	13	
0	9	1	17	2	36	3	20	4	48	5	37	6	22	7	19	
0	37	1	41	2	16	3	19	4	35	5	40	6	49	7	13	
0	8	1	33	2	39	3	19	4	3	5	2	6	42	7	25	
0	26	1	4	2	48	3	37	4	12	5	3	6	33	7	33	
0	19	1	7	2	19	3	18	4	43	5	8	6	4	7	3	
0	39	1	41	2	49	3	8	4	12	5	16	6	10	7	10	

Tempos_setup
M0
0	0	0	0	0	0	0	0	0	0	0	
0	0	47	19	12	24	15	8	22	11	44	
0	56	0	26	8	12	34	29	29	14	50	
0	37	28	0	10	5	52	13	3	7	28	
0	49	35	18	0	23	61	31	21	18	46	
0	47	23	23	5	0	55	36	26	2	51	
0	39	40	12	22	17	0	19	9	19	30	
0	45	39	22	4	27	60	0	25	3	36	
0	36	48	32	14	34	51	10	0	11	27	
0	45	59	38	24	43	60	51	41	0	66	
0	9	30	28	12	7	24	12	2	9	0	
M1
0	0	0	0	0	0	0	0	0	0	0	
0	0	68	38	41	61	36	41	31	17	56	
0	27	0	4	15	7	36	24	28	37	16	
0	29	73	0	31	23	33	40	24	39	18	
0	17	42	4	0	27	37	9	28	34	22	
0	20	50	8	8	0	29	17	30	30	9	
0	22	47	9	5	32	0	14	33	39	27	
0	25	50	12	8	35	41	0	36	39	30	
0	31	56	18	14	41	9	20	0	48	36	
0	44	51	31	27	54	23	24	14	0	49	
0	11	55	13	13	5	20	22	21	21	0	
M2
0	0	0	0	0	0	0	0	0	0	0	
0	0	21	57	38	15	34	43	14	40	35	
0	28	0	65	30	16	13	47	42	19	14	
0	1	22	0	33	16	28	11	15	34	36	
0	13	34	62	0	28	10	33	27	16	18	
0	35	50	77	42	0	52	35	49	31	33	
0	15	25	52	17	30	0	34	29	6	8	
0	32	31	69	22	20	17	0	46	23	25	
0	15	7	52	24	14	20	49	0	26	21	
0	9	19	46	11	24	21	28	23	0	2	
0	32	17	69	34	33	30	37	43	23	0	
M3
0	0	0	0	0	0	0	0	0	0	0	
0	0	11	43	58	30	28	12	36	59	42	
0	63	0	33	61	46	17	1	25	49	53	
0	30	33	0	28	35	18	20	34	16	20	
0	15	5	15	0	20	22	6	28	27	5	
0	50	15	48	55	0	32	16	40	42	46	
0	46	45	16	44	30	0	36	50	32	36	
0	62	57	32	60	46	16	0	66	48	52	
0	59	49	30	44	64	47	50	0	46	49	
0	14	25	9	29	19	27	20	27	0	4	
0	10	21	40	25	15	32	16	23	52	0	
M4
0	0	0	0	0	0	0	0	0	0	0	
0	0	23	4	9	28	17	20	29	2	49	
0	32	0	29	34	27	25	19	6	27	42	
0	20	19	0	5	24	13	16	25	22	45	
0	24	14	28	0	19	17	11	20	26	43	
0	29	18	17	22	0	27	33	24	15	24	
0	7	30	11	16	35	0	27	36	9	32	
0	13	3	17	22	8	6	0	9	15	32	
0	26	16	23	28	21	19	13	0	21	45	
0	22	21	2	7	26	15	18	27	0	47	
0	10	10	5	10	29	3	21	16	3	0	
M5
0	0	0	0	0	0	0	0	0	0	0	
0	0	15	11	41	31	35	37	39	31	21	
0	18	0	29	32	16	20	22	30	16	6	
0	1	15	0	42	31	35	34	40	31	21	
0	32	36	31	0	52	56	52	57	47	33	
0	17	32	17	37	0	52	51	56	15	38	
0	41	37	42	60	25	0	53	58	39	34	
0	3	4	14	27	11	24	0	25	1	1	
0	29	15	33	2	31	35	37	0	27	21	
0	2	17	13	35	10	37	39	41	0	23	
0	21	3	32	26	19	23	19	24	19	0	
M6
0	0	0	0	0	0	0	0	0	0	0	
0	0	29	41	17	34	18	27	33	11	9	
0	29	0	12	26	40	10	9	31	13	26	
0	35	43	0	52	46	39	52	47	25	23	
0	17	41	52	0	31	1	10	28	11	24	
0	26	13	25	9	0	10	19	29	7	5	
0	19	40	52	16	30	0	26	32	10	23	
0	20	33	45	17	31	1	0	31	11	24	
0	46	67	24	60	70	61	70	0	42	47	
0	32	30	42	45	59	29	39	22	0	13	
0	34	20	32	32	46	16	29	24	2	0	
M7
0	0	0	0	0	0	0	0	0	0	0	
0	0	33	24	39	20	41	20	9	35	36	
0	11	0	15	20	21	30	9	20	26	17	
0	17	46	0	26	27	36	15	22	11	23	
0	16	38	15	0	26	35	14	25	26	6	
0	24	53	44	38	0	43	22	29	18	35	
0	11	42	19	4	21	0	9	20	24	1	
0	2	35	26	19	12	21	0	11	30	16	
0	13	24	15	30	11	32	11	0	26	27	
0	6	35	26	20	16	25	4	11	0	17	
0	10	41	18	3	20	29	8	19	29	0	
Tamanho_Tarefas
0	30	9	26	8	20	24	2	13	9	8	
Data_Entrega
0	37	36	37	34	36	36	34	36	34	36	
Penalidade_Atraso
0	18	1	4	12	5	10	7	7	1	10	
Capacidade_Veiculo
83	36	71	31	35	67	
Custo_Fixo_Veiculo
830	360	710	310	350	670	
Coordenadas_Clientes
x	0	y	0
x	23	y	0
x	16	y	12
x	6	y	20
x	-4	y	14
x	-20	y	14
x	-20	y	0
x	-16	y	-11
x	-7	y	-23
x	6	y	-18
x	16	y	-11
Tempo_Viagem
0	23	20	20	14	24	20	19	24	18	19	
23	0	13	25	30	45	43	40	37	24	13	
20	13	0	12	20	36	37	39	41	31	23	
20	25	12	0	11	26	32	38	44	38	32	
14	30	20	11	0	16	21	27	37	32	32	
24	45	36	26	16	0	14	25	39	41	43	
20	43	37	32	21	14	0	11	26	31	37	
19	40	39	38	27	25	11	0	15	23	32	
24	37	41	44	37	39	26	15	0	13	25	
18	24	31	38	32	41	31	23	13	0	12	
19	13	23	32	32	43	37	32	25	12	0	
Custo_Viagem
V0
0	381	332	332	232	398	332	315	398	298	315	
381	0	215	431	498	747	713	664	614	398	215	
332	215	0	199	332	597	614	647	680	514	381	
332	431	199	0	182	431	531	630	730	630	531	
232	498	332	182	0	265	348	448	614	547	531	
398	747	597	431	265	0	232	415	647	680	713	
332	713	614	531	348	232	0	182	431	514	614	
315	664	647	630	448	415	182	0	249	381	531	
398	614	680	730	614	647	431	249	0	215	415	
298	398	514	630	547	680	514	381	215	0	199	
315	215	381	531	531	713	614	531	415	199	0	
V1
0	165	144	144	100	172	144	136	172	129	136	
165	0	93	187	216	324	309	288	266	172	93	
144	93	0	86	144	259	266	280	295	223	165	
144	187	86	0	79	187	230	273	316	273	230	
100	216	144	79	0	115	151	194	266	237	230	
172	324	259	187	115	0	100	180	280	295	309	
144	309	266	230	151	100	0	79	187	223	266	
136	288	280	273	194	180	79	0	108	165	230	
172	266	295	316	266	280	187	108	0	93	180	
129	172	223	273	237	295	223	165	93	0	86	
136	93	165	230	230	309	266	230	180	86	0	
V2
0	326	284	284	198	340	284	269	340	255	269	
326	0	184	369	426	639	610	568	525	340	184	
284	184	0	170	284	511	525	553	582	440	326	
284	369	170	0	156	369	454	539	624	539	454	
198	426	284	156	0	227	298	383	525	468	454	
340	639	511	369	227	0	198	355	553	582	610	
284	610	525	454	298	198	0	156	369	440	525	
269	568	553	539	383	355	156	0	213	326	454	
340	525	582	624	525	553	369	213	0	184	355	
255	340	440	539	468	582	440	326	184	0	170	
269	184	326	454	454	610	525	454	355	170	0	
V3
0	142	124	124	86	148	124	117	148	111	117	
142	0	80	161	186	279	266	248	229	148	80	
124	80	0	74	124	223	229	241	254	192	142	
124	161	74	0	68	161	198	235	272	235	198	
86	186	124	68	0	99	130	167	229	204	198	
148	279	223	161	99	0	86	155	241	254	266	
124	266	229	198	130	86	0	68	161	192	229	
117	248	241	235	167	155	68	0	93	142	198	
148	229	254	272	229	241	161	93	0	80	155	
111	148	192	235	204	254	192	142	80	0	74	
117	80	142	198	198	266	229	198	155	74	0	
V4
0	161	140	140	98	168	140	133	168	126	133	
161	0	91	182	210	315	301	280	259	168	91	
140	91	0	84	140	252	259	273	287	217	161	
140	182	84	0	77	182	224	266	308	266	224	
98	210	140	77	0	112	147	189	259	231	224	
168	315	252	182	112	0	98	175	273	287	301	
140	301	259	224	147	98	0	77	182	217	259	
133	280	273	266	189	175	77	0	105	161	224	
168	259	287	308	259	273	182	105	0	91	175	
126	168	217	266	231	287	217	161	91	0	84	
133	91	161	224	224	301	259	224	175	84	0	
V5
0	308	268	268	187	321	268	254	321	241	254	
308	0	174	348	402	603	576	536	495	321	174	
268	174	0	160	268	482	495	522	549	415	308	
268	348	160	0	147	348	428	509	589	509	428	
187	402	268	147	0	214	281	361	495	442	428	
321	603	482	348	214	0	187	335	522	549	576	
268	576	495	428	281	187	0	147	348	415	495	
254	536	522	509	361	335	147	0	201	308	428	
321	495	549	589	495	522	348	201	0	174	335	
241	321	415	509	442	549	415	308	174	0	160	
254	174	308	428	428	576	495	428	335	160	0	
Velocidade_Veiculos
1	1	1	1	1	1	