M: 8
N: 10
Nun_Veiculos: 4
Capacidade_Total: 260
Demanda_Total: 152
Setup_Min: 1
Setup_Max: 99
Raio: 100
Circulos: 1
Tempo_Processamento_Min: 1
Tempo_Processamento_Max: 49
Demanda_Min: 10
Demanda_Max: 30
Priority_Factor: 0.2
Range_Factor_R: 0.8
U_factor: 2
ALpha: 0.2Replicao: 1
Tempos_Processamentos
0	0	1	0	2	0	3	0	4	0	5	0	6	0	7	0	
0	34	1	8	2	44	3	3	4	24	5	24	6	47	7	46	
0	48	1	33	2	16	3	36	4	33	5	23	6	15	7	48	
0	46	1	47	2	28	3	42	4	30	5	46	6	17	7	42	
0	24	1	20	2	37	3	30	4	45	5	29	6	41	7	25	
0	3	1	31	2	45	3	26	4	6	5	10	6	36	7	18	
0	25	1	2	2	38	3	37	4	44	5	23	6	8	7	29	
0	31	1	12	2	12	3	1	4	47	5	6	6	9	7	43	
0	42	1	12	2	24	3	20	4	6	5	12	6	14	7	37	
0	42	1	12	2	48	3	28	4	46	5	30	6	3	7	44	
0	46	1	37	2	17	3	39	4	42	5	29	6	25	7	35	

Tempos_setup
M0
0	0	0	0	0	0	0	0	0	0	0	
0	0	28	4	24	8	34	25	18	18	12	
0	18	0	22	42	26	6	13	36	10	23	
0	23	32	0	20	4	38	21	14	41	8	
0	8	20	12	0	16	26	33	21	26	20	
0	46	28	45	61	0	34	17	59	38	51	
0	12	40	16	36	20	0	37	30	4	24	
0	43	71	47	67	51	77	0	61	45	55	
0	14	26	18	6	22	32	39	0	32	26	
0	8	36	12	32	16	42	33	26	0	20	
0	59	41	63	73	56	47	47	77	51	0	
M1
0	0	0	0	0	0	0	0	0	0	0	
0	0	9	53	42	40	14	42	35	38	46	
0	40	0	44	33	31	48	33	26	29	37	
0	10	19	0	42	28	24	50	45	45	56	
0	7	16	15	0	43	21	49	42	45	53	
0	21	30	29	14	0	35	42	56	33	52	
0	47	42	52	40	64	0	45	38	47	46	
0	21	30	11	33	19	35	0	56	41	48	
0	28	4	18	25	26	28	7	0	9	11	
0	26	35	16	58	44	19	33	35	0	22	
0	32	22	22	43	30	46	11	18	27	0	
M2
0	0	0	0	0	0	0	0	0	0	0	
0	0	28	11	19	22	22	16	9	11	24	
0	8	0	19	27	30	30	24	17	19	30	
0	17	21	0	8	11	11	23	9	11	31	
0	9	13	3	0	3	14	15	1	3	23	
0	33	61	44	52	0	55	49	42	44	54	
0	15	19	9	6	9	0	18	7	9	26	
0	20	12	10	18	16	21	0	8	10	8	
0	19	23	2	10	13	13	25	0	2	33	
0	19	23	13	10	13	24	25	11	0	33	
0	22	14	5	13	16	16	17	12	14	0	
M3
0	0	0	0	0	0	0	0	0	0	0	
0	0	24	19	41	37	22	42	42	21	27	
0	40	0	31	53	49	34	54	18	33	39	
0	9	33	0	22	18	3	23	40	2	8	
0	2	26	7	0	25	9	1	39	9	14	
0	20	39	25	18	0	27	19	57	27	32	
0	6	30	18	19	29	0	20	37	13	5	
0	14	38	6	13	24	8	0	45	8	13	
0	22	46	13	35	31	16	36	0	15	21	
0	26	50	41	34	16	43	35	57	0	25	
0	1	25	20	22	24	23	23	32	8	0	
M4
0	0	0	0	0	0	0	0	0	0	0	
0	0	1	19	19	4	30	17	27	11	20	
0	26	0	18	43	25	49	41	26	35	21	
0	10	11	0	25	7	33	23	16	17	23	
0	3	4	22	0	7	21	20	30	14	23	
0	21	22	29	18	0	26	16	45	10	16	
0	22	23	27	22	4	0	20	42	14	17	
0	44	45	42	47	30	56	0	58	40	39	
0	18	12	8	26	15	41	24	0	18	31	
0	11	12	30	8	15	29	6	38	0	31	
0	5	6	24	24	9	35	22	32	16	0	
M5
0	0	0	0	0	0	0	0	0	0	0	
0	0	27	24	41	25	6	21	29	26	34	
0	4	0	13	30	14	4	10	2	15	7	
0	7	3	0	30	10	7	13	5	18	10	
0	32	41	38	0	47	20	43	18	8	18	
0	22	24	21	27	0	24	34	22	12	22	
0	12	37	36	53	37	0	33	39	38	44	
0	10	6	3	20	4	10	0	8	5	13	
0	14	39	38	37	39	2	35	0	22	5	
0	24	33	30	15	39	12	35	10	0	10	
0	34	51	58	53	44	24	55	42	42	0	
M6
0	0	0	0	0	0	0	0	0	0	0	
0	0	44	45	48	47	17	48	36	30	42	
0	26	0	25	35	48	35	40	16	10	28	
0	1	5	0	29	42	18	22	21	15	3	
0	16	16	15	0	13	24	10	24	18	18	
0	17	17	16	1	0	25	11	25	19	19	
0	37	27	36	31	30	0	31	42	37	25	
0	6	6	5	33	44	14	0	14	8	8	
0	10	14	9	19	32	19	29	0	24	12	
0	16	20	15	25	38	25	30	6	0	18	
0	25	2	24	26	39	17	19	18	12	0	
M7
0	0	0	0	0	0	0	0	0	0	0	
0	0	20	19	8	29	3	10	13	25	21	
0	40	0	47	36	38	43	50	53	26	47	
0	16	23	0	3	21	6	13	16	28	2	
0	20	27	11	0	26	17	17	27	36	13	
0	23	30	20	9	0	13	20	23	10	9	
0	10	17	16	5	26	0	7	10	22	18	
0	3	10	22	11	19	6	0	16	28	24	
0	11	18	30	19	27	14	8	0	12	21	
0	50	62	53	42	60	45	52	52	0	41	
0	14	21	12	1	19	4	11	14	26	0	
Tamanho_Tarefas
0	3	21	23	20	6	18	19	9	4	29	
Data_Entrega
0	160	156	156	162	157	157	157	162	157	159	
Penalidade_Atraso
0	8	15	14	14	3	8	20	7	11	2	
Capacidade_Veiculo
73	51	82	54	
Custo_Fixo_Veiculo
730	510	820	540	
Coordenadas_Clientes
x	0	y	0
x	108	y	0
x	86	y	62
x	25	y	77
x	-23	y	72
x	-72	y	52
x	-101	y	0
x	-65	y	-47
x	-26	y	-80
x	37	y	-114
x	76	y	-55
Tempo_Viagem
0	108	106	80	75	88	101	80	84	119	93	
108	0	65	113	149	187	209	179	156	133	63	
106	65	0	62	109	158	197	186	180	182	117	
80	113	62	0	48	100	147	153	164	191	141	
75	149	109	48	0	52	106	126	152	194	161	
88	187	158	100	52	0	59	99	139	198	181	
101	209	197	147	106	59	0	59	109	178	185	
80	179	186	153	126	99	59	0	51	122	141	
84	156	180	164	152	139	109	51	0	71	105	
119	133	182	191	194	198	178	122	71	0	70	
93	63	117	141	161	181	185	141	105	70	0	
Custo_Viagem
V0
0	1576	1547	1168	1095	1284	1474	1168	1226	1737	1357	
1576	0	949	1649	2175	2730	3051	2613	2277	1956	919	
1547	949	0	905	1591	2306	2876	2715	2628	2657	1708	
1168	1649	905	0	700	1460	2146	2233	2409	2788	2058	
1095	2175	1591	700	0	759	1547	1839	2219	2847	2350	
1284	2730	2306	1460	759	0	861	1445	2029	2890	2657	
1474	3051	2876	2146	1547	861	0	861	1591	2598	2701	
1168	2613	2715	2233	1839	1445	861	0	744	1781	2058	
1226	2277	2628	2409	2219	2029	1591	744	0	1036	1533	
1737	1956	2657	2788	2847	2890	2598	1781	1036	0	1022	
1357	919	1708	2058	2350	2657	2701	2058	1533	1022	0	
V1
0	1101	1081	816	765	897	1030	816	856	1213	948	
1101	0	663	1152	1519	1907	2131	1825	1591	1366	642	
1081	663	0	632	1111	1611	2009	1897	1836	1856	1193	
816	1152	632	0	489	1020	1499	1560	1683	1948	1438	
765	1519	1111	489	0	530	1081	1285	1550	1989	1642	
897	1907	1611	1020	530	0	601	1009	1417	2019	1856	
1030	2131	2009	1499	1081	601	0	601	1111	1815	1887	
816	1825	1897	1560	1285	1009	601	0	520	1244	1438	
856	1591	1836	1683	1550	1417	1111	520	0	724	1071	
1213	1366	1856	1948	1989	2019	1815	1244	724	0	714	
948	642	1193	1438	1642	1856	1887	1438	1071	714	0	
V2
0	1771	1738	1312	1230	1443	1656	1312	1377	1951	1525	
1771	0	1066	1853	2443	3066	3427	2935	2558	2197	1033	
1738	1066	0	1016	1787	2591	3230	3050	2952	2984	1918	
1312	1853	1016	0	787	1640	2410	2509	2706	3132	2312	
1230	2443	1787	787	0	852	1738	2066	2492	3198	2640	
1443	3066	2591	1640	852	0	967	1623	2279	3247	2984	
1656	3427	3230	2410	1738	967	0	967	1787	2919	3034	
1312	2935	3050	2509	2066	1623	967	0	836	2000	2312	
1377	2558	2952	2706	2492	2279	1787	836	0	1164	1722	
1951	2197	2984	3132	3198	3247	2919	2000	1164	0	1148	
1525	1033	1918	2312	2640	2984	3034	2312	1722	1148	0	
V3
0	1166	1144	864	810	950	1090	864	907	1285	1004	
1166	0	702	1220	1609	2019	2257	1933	1684	1447	680	
1144	702	0	669	1177	1706	2127	2008	1944	1965	1263	
864	1220	669	0	518	1080	1587	1652	1782	2062	1522	
810	1609	1177	518	0	561	1144	1360	1641	2106	1738	
950	2019	1706	1080	561	0	637	1069	1501	2138	1965	
1090	2257	2127	1587	1144	637	0	637	1177	1922	1998	
864	1933	2008	1652	1360	1069	637	0	550	1317	1522	
907	1684	1944	1782	1641	1501	1177	550	0	766	1134	
1285	1447	1965	2062	2106	2138	1922	1317	766	0	756	
1004	680	1263	1522	1738	1965	1998	1522	1134	756	0	
Velocidade_Veiculos
1	1	1	1	