M: 8
N: 10
Nun_Veiculos: 5
Capacidade_Total: 256
Demanda_Total: 125
Setup_Min: 1
Setup_Max: 9
Raio: 100
Circulos: 1
Tempo_Processamento_Min: 1
Tempo_Processamento_Max: 49
Demanda_Min: 10
Demanda_Max: 30
Priority_Factor: 0.2
Range_Factor_R: 0.8
U_factor: 2
ALpha: 0.2Replicao: 0
Tempos_Processamentos
0	0	1	0	2	0	3	0	4	0	5	0	6	0	7	0	
0	48	1	44	2	38	3	8	4	30	5	42	6	33	7	10	
0	32	1	9	2	47	3	5	4	44	5	16	6	7	7	5	
0	15	1	32	2	29	3	38	4	9	5	24	6	10	7	27	
0	11	1	24	2	12	3	42	4	22	5	47	6	29	7	13	
0	11	1	10	2	40	3	31	4	11	5	4	6	35	7	35	
0	3	1	39	2	34	3	9	4	28	5	31	6	13	7	20	
0	31	1	34	2	39	3	8	4	46	5	4	6	25	7	2	
0	30	1	43	2	12	3	27	4	22	5	33	6	49	7	30	
0	31	1	13	2	29	3	9	4	23	5	34	6	13	7	1	
0	3	1	45	2	32	3	11	4	41	5	37	6	20	7	16	

Tempos_setup
M0
0	0	0	0	0	0	0	0	0	0	0	
0	0	4	1	1	4	3	3	3	3	4	
0	3	0	3	3	4	2	1	4	2	2	
0	2	3	0	3	5	5	4	2	2	5	
0	4	3	5	0	3	4	3	2	4	4	
0	5	4	4	1	0	4	4	3	5	4	
0	5	2	5	5	5	0	3	3	3	4	
0	2	3	2	2	4	1	0	3	1	1	
0	3	1	4	4	3	3	2	0	3	3	
0	5	6	5	5	8	4	7	6	0	7	
0	4	2	3	1	4	2	2	2	3	0	
M1
0	0	0	0	0	0	0	0	0	0	0	
0	0	3	3	4	1	4	5	4	2	7	
0	4	0	4	5	2	4	4	2	3	6	
0	5	4	0	8	5	7	3	6	6	6	
0	3	3	3	0	4	5	1	1	2	4	
0	2	2	2	3	0	4	4	3	1	7	
0	4	1	5	3	3	0	1	3	4	4	
0	4	4	4	6	4	4	0	5	3	3	
0	5	6	4	7	4	5	2	0	5	4	
0	1	1	1	5	2	5	3	3	0	6	
0	3	2	1	4	1	1	2	4	2	0	
M2
0	0	0	0	0	0	0	0	0	0	0	
0	0	4	3	3	2	4	1	2	2	3	
0	1	0	1	4	3	1	2	3	2	4	
0	4	4	0	3	2	2	1	4	1	3	
0	3	3	4	0	3	1	3	1	2	2	
0	4	4	5	5	0	2	5	4	1	4	
0	2	5	5	4	2	0	3	4	1	4	
0	3	3	2	2	1	3	0	3	1	3	
0	2	2	3	4	3	2	2	0	3	1	
0	4	5	6	4	1	2	5	5	0	3	
0	1	5	4	4	3	2	2	3	3	0	
M3
0	0	0	0	0	0	0	0	0	0	0	
0	0	1	5	1	6	5	4	2	3	5	
0	3	0	4	1	5	4	3	2	3	4	
0	5	4	0	3	4	3	2	4	1	2	
0	2	3	5	0	5	5	4	1	2	4	
0	4	5	3	4	0	3	2	5	4	3	
0	3	4	3	2	3	0	3	2	4	1	
0	4	5	1	3	4	1	0	3	2	2	
0	1	2	4	2	4	5	5	0	4	3	
0	5	4	7	5	6	4	6	5	0	5	
0	3	4	3	1	2	2	2	2	3	0	
M4
0	0	0	0	0	0	0	0	0	0	0	
0	0	4	2	3	4	1	4	5	5	3	
0	1	0	3	1	3	2	4	3	6	4	
0	4	4	0	2	5	1	2	4	3	3	
0	6	5	7	0	7	7	8	6	6	6	
0	4	4	1	3	0	2	1	3	4	4	
0	3	3	1	3	4	0	3	5	4	2	
0	6	5	5	6	7	4	0	6	6	4	
0	1	1	2	2	2	1	3	0	5	3	
0	2	2	3	3	3	2	4	1	0	1	
0	2	1	4	2	4	3	5	4	3	0	
M5
0	0	0	0	0	0	0	0	0	0	0	
0	0	3	1	4	2	2	4	3	4	4	
0	2	0	3	2	4	4	3	4	1	3	
0	5	4	0	5	6	1	3	3	4	4	
0	4	2	2	0	5	3	1	4	2	1	
0	6	4	4	2	0	5	3	5	2	3	
0	4	6	3	4	6	0	2	5	6	5	
0	6	4	1	3	4	2	0	3	5	4	
0	5	5	4	4	7	2	3	0	6	5	
0	8	6	3	4	6	4	2	3	0	5	
0	3	1	4	2	5	5	3	4	1	0	
M6
0	0	0	0	0	0	0	0	0	0	0	
0	0	6	2	4	3	3	5	3	5	1	
0	2	0	4	4	1	2	1	1	4	1	
0	2	4	0	4	4	1	3	4	3	1	
0	5	6	7	0	6	7	4	7	5	5	
0	3	6	5	3	0	2	3	4	4	4	
0	1	4	3	3	4	0	5	4	2	2	
0	1	7	3	4	4	3	0	4	5	1	
0	3	7	5	4	4	6	7	0	8	4	
0	5	5	4	1	2	4	5	6	0	5	
0	3	6	5	3	6	3	7	3	5	0	
M7
0	0	0	0	0	0	0	0	0	0	0	
0	0	1	2	3	6	5	3	2	3	4	
0	3	0	3	4	6	8	2	4	4	4	
0	2	3	0	1	4	5	5	4	1	3	
0	1	2	2	0	3	6	4	3	2	5	
0	1	2	3	4	0	6	3	3	4	4	
0	4	1	2	3	5	0	3	5	3	5	
0	3	1	1	2	5	6	0	5	2	4	
0	3	4	1	2	5	6	4	0	2	2	
0	4	2	2	3	6	4	4	5	0	4	
0	2	3	3	4	3	7	2	4	4	0	
Tamanho_Tarefas
0	27	12	9	16	15	4	21	14	1	6	
Data_Entrega
0	163	163	164	165	166	165	163	163	165	165	
Penalidade_Atraso
0	19	11	5	13	13	11	10	8	1	12	
Capacidade_Veiculo
54	64	28	44	66	
Custo_Fixo_Veiculo
540	640	280	440	660	
Coordenadas_Clientes
x	0	y	0
x	108	y	0
x	70	y	51
x	36	y	113
x	-38	y	117
x	-74	y	54
x	-102	y	0
x	-67	y	-49
x	-31	y	-97
x	23	y	-71
x	85	y	-62
Tempo_Viagem
0	108	86	118	123	91	102	83	101	74	105	
108	0	63	133	187	189	210	181	169	110	66	
86	63	0	70	126	144	179	169	179	130	113	
118	133	70	0	74	124	178	191	219	184	181	
123	187	126	74	0	72	132	168	214	197	217	
91	189	144	124	72	0	60	103	157	158	196	
102	210	179	178	132	60	0	60	120	143	197	
83	181	169	191	168	103	60	0	60	92	152	
101	169	179	219	214	157	120	60	0	59	121	
74	110	130	184	197	158	143	92	59	0	62	
105	66	113	181	217	196	197	152	121	62	0	
Custo_Viagem
V0
0	1166	928	1274	1328	982	1101	896	1090	799	1134	
1166	0	680	1436	2019	2041	2268	1954	1825	1188	712	
928	680	0	756	1360	1555	1933	1825	1933	1404	1220	
1274	1436	756	0	799	1339	1922	2062	2376	1987	1954	
1328	2019	1360	799	0	777	1436	1814	2311	2127	2343	
982	2041	1555	1339	777	0	648	1112	1695	1706	2116	
1101	2268	1933	1922	1436	648	0	648	1296	1544	2127	
896	1954	1825	2062	1814	1112	648	0	648	993	1641	
1090	1825	1933	2376	2311	1695	1296	648	0	637	1306	
799	1188	1404	1987	2127	1706	1544	993	637	0	669	
1134	712	1220	1954	2343	2116	2127	1641	1306	669	0	
V1
0	1382	1100	1510	1574	1164	1305	1062	1292	947	1344	
1382	0	806	1702	2393	2419	2688	2316	2163	1408	844	
1100	806	0	896	1612	1843	2291	2163	2291	1664	1446	
1510	1702	896	0	947	1587	2278	2444	2816	2355	2316	
1574	2393	1612	947	0	921	1702	2150	2739	2521	2777	
1164	2419	1843	1587	921	0	768	1318	2009	2022	2508	
1305	2688	2291	2278	1702	768	0	768	1536	1830	2521	
1062	2316	2163	2444	2150	1318	768	0	768	1177	1945	
1292	2163	2291	2816	2739	2009	1536	768	0	755	1548	
947	1408	1664	2355	2521	2022	1830	1177	755	0	793	
1344	844	1446	2316	2777	2508	2521	1945	1548	793	0	
V2
0	604	481	660	688	509	571	464	565	414	588	
604	0	352	744	1047	1058	1176	1013	946	616	369	
481	352	0	392	705	806	1002	946	1002	728	632	
660	744	392	0	414	694	996	1069	1232	1030	1013	
688	1047	705	414	0	403	744	940	1198	1103	1215	
509	1058	806	694	403	0	336	576	879	884	1097	
571	1176	1002	996	744	336	0	336	672	800	1103	
464	1013	946	1069	940	576	336	0	336	515	851	
565	946	1002	1232	1198	879	672	336	0	330	677	
414	616	728	1030	1103	884	800	515	330	0	347	
588	369	632	1013	1215	1097	1103	851	677	347	0	
V3
0	950	756	1038	1082	800	897	730	888	651	924	
950	0	554	1170	1645	1663	1848	1592	1487	968	580	
756	554	0	616	1108	1267	1575	1487	1575	1144	994	
1038	1170	616	0	651	1091	1566	1680	1936	1619	1592	
1082	1645	1108	651	0	633	1170	1478	1883	1733	1909	
800	1663	1267	1091	633	0	528	906	1381	1390	1724	
897	1848	1575	1566	1170	528	0	528	1056	1258	1733	
730	1592	1487	1680	1478	906	528	0	528	809	1337	
888	1487	1575	1936	1883	1381	1056	528	0	519	1064	
651	968	1144	1619	1733	1390	1258	809	519	0	545	
924	580	994	1592	1909	1724	1733	1337	1064	545	0	
V4
0	1425	1135	1557	1623	1201	1346	1095	1333	976	1386	
1425	0	831	1755	2468	2494	2772	2389	2230	1452	871	
1135	831	0	924	1663	1900	2362	2230	2362	1716	1491	
1557	1755	924	0	976	1636	2349	2521	2904	2428	2389	
1623	2468	1663	976	0	950	1755	2217	2824	2600	2864	
1201	2494	1900	1636	950	0	792	1359	2072	2085	2587	
1346	2772	2362	2349	1755	792	0	792	1584	1887	2600	
1095	2389	2230	2521	2217	1359	792	0	792	1214	2006	
1333	2230	2362	2904	2824	2072	1584	792	0	778	1597	
976	1452	1716	2428	2600	2085	1887	1214	778	0	818	
1386	871	1491	2389	2864	2587	2600	2006	1597	818	0	
Velocidade_Veiculos
1	1	1	1	1	