M: 8
N: 10
Nun_Veiculos: 5
Capacidade_Total: 244
Demanda_Total: 137
Setup_Min: 1
Setup_Max: 9
Raio: 100
Circulos: 1
Tempo_Processamento_Min: 1
Tempo_Processamento_Max: 49
Demanda_Min: 10
Demanda_Max: 30
Priority_Factor: 0.2
Range_Factor_R: 0.8
U_factor: 2
ALpha: 0.2Replicao: 1
Tempos_Processamentos
0	0	1	0	2	0	3	0	4	0	5	0	6	0	7	0	
0	23	1	3	2	11	3	19	4	9	5	42	6	4	7	43	
0	10	1	15	2	37	3	5	4	26	5	1	6	38	7	4	
0	43	1	6	2	46	3	1	4	23	5	14	6	9	7	10	
0	48	1	8	2	33	3	28	4	16	5	39	6	2	7	12	
0	19	1	16	2	18	3	7	4	12	5	40	6	16	7	48	
0	18	1	48	2	16	3	34	4	46	5	2	6	40	7	22	
0	35	1	29	2	2	3	10	4	25	5	19	6	6	7	8	
0	25	1	28	2	24	3	46	4	10	5	49	6	49	7	14	
0	6	1	32	2	2	3	39	4	48	5	29	6	37	7	22	
0	15	1	31	2	40	3	47	4	26	5	5	6	10	7	6	

Tempos_setup
M0
0	0	0	0	0	0	0	0	0	0	0	
0	0	6	3	3	3	5	2	7	4	3	
0	3	0	2	3	2	1	3	4	3	4	
0	3	5	0	6	3	4	3	4	3	4	
0	7	8	8	0	6	7	7	7	6	7	
0	3	3	2	4	0	4	1	6	3	2	
0	2	6	3	2	3	0	2	3	5	3	
0	2	4	1	4	1	4	0	5	3	1	
0	3	6	2	3	3	1	3	0	5	4	
0	3	5	2	3	2	1	3	4	0	1	
0	5	4	2	4	4	3	4	5	2	0	
M1
0	0	0	0	0	0	0	0	0	0	0	
0	0	5	3	3	2	3	4	2	4	4	
0	3	0	2	2	2	3	2	1	3	1	
0	4	5	0	5	4	2	3	5	1	2	
0	1	5	1	0	3	3	1	3	2	1	
0	3	3	1	3	0	1	2	4	2	3	
0	4	3	3	4	4	0	1	3	3	2	
0	3	5	2	4	4	3	0	5	3	1	
0	2	4	1	1	1	2	2	0	2	2	
0	3	7	4	6	5	5	2	5	0	3	
0	2	7	4	3	4	5	4	4	2	0	
M2
0	0	0	0	0	0	0	0	0	0	0	
0	0	4	5	3	2	5	3	5	1	1	
0	1	0	4	3	1	6	3	3	2	2	
0	2	1	0	4	2	6	4	4	3	3	
0	4	3	2	0	3	3	4	2	3	5	
0	6	5	4	4	0	7	8	6	7	2	
0	5	4	5	5	1	0	3	6	1	3	
0	5	4	3	5	2	5	0	4	6	4	
0	5	4	3	6	2	7	6	0	4	4	
0	4	3	5	6	4	5	2	6	0	5	
0	5	5	4	2	1	5	6	4	5	0	
M3
0	0	0	0	0	0	0	0	0	0	0	
0	0	3	4	2	2	3	3	1	3	1	
0	3	0	1	1	3	2	4	4	4	4	
0	2	3	0	4	2	1	3	3	3	3	
0	4	5	5	0	4	3	3	5	4	4	
0	2	4	2	2	0	3	1	1	3	2	
0	3	2	3	3	1	0	2	2	2	3	
0	1	3	3	3	2	4	0	2	3	1	
0	1	4	3	3	1	4	2	0	2	2	
0	3	4	5	5	3	6	4	2	0	2	
0	3	2	3	3	2	4	3	2	2	0	
M4
0	0	0	0	0	0	0	0	0	0	0	
0	0	2	4	4	4	1	2	3	2	5	
0	2	0	2	3	2	3	4	5	4	4	
0	5	3	0	2	2	3	3	4	5	2	
0	3	1	3	0	3	4	2	3	4	5	
0	5	3	3	5	0	2	5	3	6	3	
0	3	1	3	4	3	0	5	3	4	4	
0	6	4	2	4	4	5	0	1	2	3	
0	5	4	1	3	3	4	4	0	6	3	
0	8	6	6	7	3	5	8	6	0	5	
0	4	5	5	7	2	4	5	5	6	0	
M5
0	0	0	0	0	0	0	0	0	0	0	
0	0	5	5	5	5	4	4	6	5	5	
0	4	0	3	3	3	4	6	2	5	7	
0	1	5	0	4	4	4	4	5	2	5	
0	3	3	2	0	2	6	4	1	2	5	
0	5	1	4	4	0	5	6	3	6	4	
0	4	1	3	3	1	0	2	2	1	3	
0	2	2	1	3	2	4	0	3	1	1	
0	2	2	1	5	1	5	5	0	3	5	
0	4	3	3	2	4	6	2	3	0	3	
0	4	4	3	2	3	5	6	2	4	0	
M6
0	0	0	0	0	0	0	0	0	0	0	
0	0	5	5	5	1	3	6	2	1	6	
0	1	0	2	4	2	1	4	3	2	6	
0	3	5	0	4	1	1	4	2	1	6	
0	4	6	1	0	2	1	4	3	1	6	
0	2	4	5	4	0	2	5	1	3	5	
0	6	7	3	3	4	0	3	5	4	5	
0	4	8	3	2	4	3	0	5	3	8	
0	1	3	4	4	2	1	4	0	2	4	
0	3	5	6	5	4	3	6	2	0	6	
0	3	8	4	4	4	1	3	5	4	0	
M7
0	0	0	0	0	0	0	0	0	0	0	
0	0	3	3	1	2	2	3	5	3	4	
0	7	0	6	5	5	5	5	8	3	4	
0	7	3	0	7	1	4	4	5	2	3	
0	6	2	2	0	1	1	4	4	3	4	
0	8	4	1	8	0	4	3	6	3	4	
0	5	2	5	6	4	0	4	3	2	3	
0	7	3	3	5	2	2	0	5	4	1	
0	2	3	2	3	2	4	4	0	4	3	
0	5	2	3	5	2	2	2	5	0	1	
0	6	3	4	4	4	1	2	4	3	0	
Tamanho_Tarefas
0	13	4	11	21	19	24	7	28	3	7	
Data_Entrega
0	159	160	158	159	160	160	159	158	159	159	
Penalidade_Atraso
0	15	18	16	11	17	12	20	14	16	10	
Capacidade_Veiculo
55	43	42	48	56	
Custo_Fixo_Veiculo
550	430	420	480	560	
Coordenadas_Clientes
x	0	y	0
x	77	y	0
x	90	y	65
x	24	y	75
x	-25	y	79
x	-99	y	72
x	-116	y	0
x	-73	y	-53
x	-28	y	-86
x	28	y	-87
x	88	y	-64
Tempo_Viagem
0	77	111	78	82	122	116	90	90	91	108	
77	0	66	91	129	190	193	159	135	99	64	
111	66	0	66	115	189	216	201	191	164	129	
78	91	66	0	49	123	158	160	168	162	153	
82	129	115	49	0	74	120	140	165	173	182	
122	190	189	123	74	0	73	127	173	203	230	
116	193	216	158	120	73	0	68	123	168	213	
90	159	201	160	140	127	68	0	55	106	161	
90	135	191	168	165	173	123	55	0	56	118	
91	99	164	162	173	203	168	106	56	0	64	
108	64	129	153	182	230	213	161	118	64	0	
Custo_Viagem
V0
0	847	1221	858	902	1342	1276	990	990	1001	1188	
847	0	726	1001	1419	2090	2123	1749	1485	1089	704	
1221	726	0	726	1265	2079	2376	2211	2101	1804	1419	
858	1001	726	0	539	1353	1738	1760	1859	1782	1683	
902	1419	1265	539	0	814	1320	1540	1815	1914	2002	
1342	2090	2079	1353	814	0	803	1397	1903	2233	2541	
1276	2123	2376	1738	1320	803	0	748	1353	1848	2343	
990	1749	2211	1760	1540	1397	748	0	605	1166	1771	
990	1485	2101	1859	1815	1903	1353	605	0	616	1298	
1001	1089	1804	1782	1914	2233	1848	1166	616	0	704	
1188	704	1419	1683	2002	2541	2343	1771	1298	704	0	
V1
0	662	954	670	705	1049	997	774	774	782	928	
662	0	567	782	1109	1634	1659	1367	1161	851	550	
954	567	0	567	989	1625	1857	1728	1642	1410	1109	
670	782	567	0	421	1057	1358	1376	1453	1393	1315	
705	1109	989	421	0	636	1032	1204	1419	1496	1565	
1049	1634	1625	1057	636	0	627	1092	1487	1745	1986	
997	1659	1857	1358	1032	627	0	584	1057	1444	1831	
774	1367	1728	1376	1204	1092	584	0	473	911	1384	
774	1161	1642	1453	1419	1487	1057	473	0	481	1014	
782	851	1410	1393	1496	1745	1444	911	481	0	550	
928	550	1109	1315	1565	1986	1831	1384	1014	550	0	
V2
0	646	932	655	688	1024	974	756	756	764	907	
646	0	554	764	1083	1596	1621	1335	1134	831	537	
932	554	0	554	966	1587	1814	1688	1604	1377	1083	
655	764	554	0	411	1033	1327	1344	1419	1360	1285	
688	1083	966	411	0	621	1008	1176	1386	1461	1528	
1024	1596	1587	1033	621	0	613	1066	1453	1705	1940	
974	1621	1814	1327	1008	613	0	571	1033	1411	1789	
756	1335	1688	1344	1176	1066	571	0	462	890	1352	
756	1134	1604	1419	1386	1453	1033	462	0	470	991	
764	831	1377	1360	1461	1705	1411	890	470	0	537	
907	537	1083	1285	1528	1940	1789	1352	991	537	0	
V3
0	739	1065	748	787	1171	1113	864	864	873	1036	
739	0	633	873	1238	1824	1852	1526	1296	950	614	
1065	633	0	633	1104	1814	2073	1929	1833	1574	1238	
748	873	633	0	470	1180	1516	1536	1622	1555	1468	
787	1238	1104	470	0	710	1152	1344	1584	1670	1747	
1171	1824	1814	1180	710	0	700	1219	1660	1948	2217	
1113	1852	2073	1516	1152	700	0	652	1180	1612	2044	
864	1526	1929	1536	1344	1219	652	0	528	1017	1545	
864	1296	1833	1622	1584	1660	1180	528	0	537	1132	
873	950	1574	1555	1670	1948	1612	1017	537	0	614	
1036	614	1238	1468	1747	2217	2044	1545	1132	614	0	
V4
0	862	1243	873	918	1366	1299	1008	1008	1019	1209	
862	0	739	1019	1444	2128	2161	1780	1512	1108	716	
1243	739	0	739	1288	2116	2419	2251	2139	1836	1444	
873	1019	739	0	548	1377	1769	1792	1892	1814	1713	
918	1444	1288	548	0	828	1344	1568	1848	1948	2038	
1366	2128	2116	1377	828	0	817	1422	1937	2273	2587	
1299	2161	2419	1769	1344	817	0	761	1377	1881	2385	
1008	1780	2251	1792	1568	1422	761	0	616	1187	1803	
1008	1512	2139	1892	1848	1937	1377	616	0	627	1321	
1019	1108	1836	1814	1948	2273	1881	1187	627	0	716	
1209	716	1444	1713	2038	2587	2385	1803	1321	716	0	
Velocidade_Veiculos
1	1	1	1	1	