M: 8
N: 10
Nun_Veiculos: 5
Capacidade_Total: 292
Demanda_Total: 128
Setup_Min: 1
Setup_Max: 99
Raio: 100
Circulos: 1
Tempo_Processamento_Min: 1
Tempo_Processamento_Max: 49
Demanda_Min: 10
Demanda_Max: 30
Priority_Factor: 0.2
Range_Factor_R: 0.8
U_factor: 2
ALpha: 0.2Replicao: 3
Tempos_Processamentos
0	0	1	0	2	0	3	0	4	0	5	0	6	0	7	0	
0	43	1	7	2	22	3	17	4	22	5	35	6	48	7	3	
0	46	1	7	2	36	3	5	4	33	5	40	6	47	7	17	
0	6	1	10	2	48	3	46	4	35	5	8	6	3	7	13	
0	18	1	43	2	42	3	25	4	28	5	48	6	2	7	36	
0	18	1	4	2	28	3	48	4	15	5	13	6	19	7	31	
0	2	1	6	2	46	3	8	4	32	5	45	6	6	7	17	
0	17	1	21	2	49	3	9	4	8	5	37	6	26	7	6	
0	2	1	1	2	19	3	22	4	6	5	42	6	39	7	13	
0	26	1	7	2	35	3	2	4	37	5	28	6	38	7	41	
0	42	1	44	2	24	3	37	4	14	5	20	6	42	7	48	

Tempos_setup
M0
0	0	0	0	0	0	0	0	0	0	0	
0	0	13	1	2	7	6	24	6	7	17	
0	41	0	30	19	30	29	11	23	24	40	
0	39	24	0	25	6	5	35	15	30	16	
0	22	30	11	0	17	16	31	4	5	27	
0	38	18	4	21	0	9	29	14	26	20	
0	34	19	5	20	1	0	30	10	25	11	
0	30	35	19	8	25	24	0	12	13	35	
0	24	37	23	26	19	18	27	0	31	29	
0	17	30	6	19	12	11	41	21	0	22	
0	32	31	21	20	27	26	42	24	15	0	
M1
0	0	0	0	0	0	0	0	0	0	0	
0	0	15	5	31	41	12	17	20	8	11	
0	41	0	24	16	49	21	38	8	17	32	
0	27	10	0	26	50	7	32	15	3	28	
0	25	18	8	0	33	5	30	13	1	26	
0	31	29	36	29	0	10	35	18	22	42	
0	21	36	26	19	52	0	25	8	12	32	
0	42	26	37	29	62	25	0	33	30	50	
0	36	29	19	11	44	16	30	0	12	24	
0	24	39	29	23	56	4	29	12	0	25	
0	23	32	28	21	54	2	6	10	13	0	
M2
0	0	0	0	0	0	0	0	0	0	0	
0	0	21	19	20	8	36	39	53	43	23	
0	35	0	17	32	20	56	44	66	57	10	
0	43	16	0	15	3	64	46	58	40	18	
0	28	4	21	0	17	49	37	66	25	3	
0	40	13	30	12	0	61	43	63	37	15	
0	29	19	3	18	6	0	41	17	7	21	
0	33	9	8	5	11	54	0	66	30	8	
0	46	11	28	29	31	53	24	0	54	21	
0	22	19	15	15	18	24	52	41	0	18	
0	25	1	18	33	21	57	34	67	58	0	
M3
0	0	0	0	0	0	0	0	0	0	0	
0	0	20	18	31	18	15	42	9	35	2	
0	7	0	12	11	10	22	40	13	15	9	
0	3	3	0	14	13	18	43	1	18	5	
0	12	18	15	0	13	19	30	16	4	14	
0	5	5	2	16	0	20	45	3	20	7	
0	41	47	44	29	42	0	59	45	33	43	
0	50	60	59	59	68	30	0	59	63	52	
0	6	12	9	23	22	20	48	0	27	8	
0	8	23	24	9	22	23	39	17	0	10	
0	13	18	16	29	28	13	40	7	33	0	
M4
0	0	0	0	0	0	0	0	0	0	0	
0	0	39	11	40	47	42	38	28	34	37	
0	25	0	36	11	30	52	37	38	38	41	
0	7	46	0	47	47	45	45	17	41	44	
0	14	34	25	0	60	56	31	42	48	51	
0	17	10	28	14	0	32	7	39	8	24	
0	9	11	20	22	37	0	8	37	40	43	
0	10	3	21	14	29	25	0	32	32	44	
0	37	39	48	44	30	28	36	0	38	54	
0	20	30	31	6	20	49	27	48	0	44	
0	28	3	39	14	28	55	35	41	8	0	
M5
0	0	0	0	0	0	0	0	0	0	0	
0	0	9	6	16	3	11	5	3	6	3	
0	39	0	36	39	33	18	37	42	18	15	
0	34	12	0	13	22	19	2	20	9	27	
0	38	24	12	0	9	31	14	32	21	39	
0	37	15	3	16	0	22	5	23	12	30	
0	48	28	19	32	27	0	21	39	27	24	
0	32	35	23	11	20	17	0	18	7	29	
0	32	37	25	13	22	19	2	0	9	31	
0	52	30	18	31	15	37	20	38	0	45	
0	24	6	21	33	18	24	22	27	3	0	
M6
0	0	0	0	0	0	0	0	0	0	0	
0	0	2	37	21	63	26	36	24	38	71	
0	25	0	35	46	61	24	37	24	36	73	
0	29	31	0	40	72	9	55	31	18	84	
0	34	9	23	0	70	32	15	33	41	82	
0	27	29	29	36	0	36	51	43	11	21	
0	40	42	11	51	63	0	66	35	29	84	
0	30	5	40	51	66	29	0	27	41	78	
0	37	12	41	34	73	30	40	0	48	75	
0	16	18	18	25	65	25	40	32	0	68	
0	8	10	45	29	58	34	44	32	46	0	
M7
0	0	0	0	0	0	0	0	0	0	0	
0	0	41	4	26	38	33	30	22	36	36	
0	35	0	27	35	21	25	13	16	31	30	
0	58	48	0	34	34	38	26	29	47	43	
0	58	36	55	0	35	28	49	17	47	31	
0	47	19	20	14	0	42	31	31	50	45	
0	61	41	51	36	43	0	54	53	50	56	
0	32	22	28	22	8	12	0	3	21	17	
0	41	19	38	29	18	11	32	0	30	14	
0	11	20	15	24	10	44	33	33	0	6	
0	34	14	24	18	4	39	27	30	23	0	
Tamanho_Tarefas
0	4	8	12	19	8	2	21	11	25	18	
Data_Entrega
0	165	165	165	165	164	165	165	165	164	166	
Penalidade_Atraso
0	12	11	6	11	14	18	6	6	13	14	
Capacidade_Veiculo
27	55	67	70	73	
Custo_Fixo_Veiculo
270	550	670	700	730	
Coordenadas_Clientes
x	0	y	0
x	123	y	0
x	72	y	52
x	27	y	85
x	-30	y	95
x	-64	y	47
x	-87	y	0
x	-101	y	-73
x	-36	y	-112
x	33	y	-104
x	64	y	-47
Tempo_Viagem
0	123	88	89	99	79	87	124	117	109	79	
123	0	72	127	180	192	210	235	194	137	75	
88	72	0	55	110	136	167	212	196	160	99	
89	127	55	0	57	98	142	203	206	189	137	
99	180	110	57	0	58	110	182	207	208	170	
79	192	136	98	58	0	52	125	161	179	158	
87	210	167	142	110	52	0	74	123	158	158	
124	235	212	203	182	125	74	0	75	137	167	
117	194	196	206	207	161	123	75	0	69	119	
109	137	160	189	208	179	158	137	69	0	64	
79	75	99	137	170	158	158	167	119	64	0	
Custo_Viagem
V0
0	664	475	480	534	426	469	669	631	588	426	
664	0	388	691	972	1036	1134	1269	1047	739	405	
475	388	0	297	594	734	901	1150	1058	864	534	
480	691	297	0	307	529	766	1096	1112	1020	739	
534	972	594	307	0	313	594	982	1117	1123	918	
426	1036	734	529	313	0	280	675	869	966	853	
469	1134	901	766	594	280	0	399	664	853	853	
669	1269	1150	1096	982	675	399	0	405	739	901	
631	1047	1058	1112	1117	869	664	405	0	372	642	
588	739	864	1020	1123	966	853	739	372	0	345	
426	405	534	739	918	853	853	901	642	345	0	
V1
0	1353	968	979	1089	869	957	1364	1287	1199	869	
1353	0	792	1408	1980	2112	2310	2585	2134	1507	825	
968	792	0	605	1210	1496	1837	2343	2156	1760	1089	
979	1408	605	0	627	1078	1562	2233	2266	2079	1507	
1089	1980	1210	627	0	638	1210	2002	2277	2288	1870	
869	2112	1496	1078	638	0	572	1375	1771	1969	1738	
957	2310	1837	1562	1210	572	0	814	1353	1738	1738	
1364	2585	2343	2233	2002	1375	814	0	825	1507	1837	
1287	2134	2156	2266	2277	1771	1353	825	0	759	1309	
1199	1507	1760	2079	2288	1969	1738	1507	759	0	704	
869	825	1089	1507	1870	1738	1738	1837	1309	704	0	
V2
0	1648	1179	1192	1326	1058	1165	1661	1567	1460	1058	
1648	0	964	1715	2412	2572	2814	3149	2599	1835	1005	
1179	964	0	737	1474	1822	2237	2854	2626	2144	1326	
1192	1715	737	0	763	1313	1902	2720	2760	2532	1835	
1326	2412	1474	763	0	777	1474	2438	2773	2787	2278	
1058	2572	1822	1313	777	0	696	1675	2157	2398	2117	
1165	2814	2237	1902	1474	696	0	991	1648	2117	2117	
1661	3149	2854	2720	2438	1675	991	0	1005	1835	2237	
1567	2599	2626	2760	2773	2157	1648	1005	0	924	1594	
1460	1835	2144	2532	2787	2398	2117	1835	924	0	857	
1058	1005	1326	1835	2278	2117	2117	2237	1594	857	0	
V3
0	1722	1232	1246	1386	1106	1218	1736	1638	1526	1106	
1722	0	1008	1792	2520	2688	2940	3290	2716	1918	1050	
1232	1008	0	770	1540	1904	2338	2982	2744	2240	1386	
1246	1792	770	0	798	1372	1988	2842	2884	2646	1918	
1386	2520	1540	798	0	812	1540	2548	2898	2912	2380	
1106	2688	1904	1372	812	0	728	1750	2254	2506	2212	
1218	2940	2338	1988	1540	728	0	1036	1722	2212	2212	
1736	3290	2982	2842	2548	1750	1036	0	1050	1918	2338	
1638	2716	2744	2884	2898	2254	1722	1050	0	966	1666	
1526	1918	2240	2646	2912	2506	2212	1918	966	0	896	
1106	1050	1386	1918	2380	2212	2212	2338	1666	896	0	
V4
0	1795	1284	1299	1445	1153	1270	1810	1708	1591	1153	
1795	0	1051	1868	2628	2803	3066	3431	2832	2000	1095	
1284	1051	0	803	1606	1985	2438	3109	2861	2336	1445	
1299	1868	803	0	832	1430	2073	2963	3007	2759	2000	
1445	2628	1606	832	0	846	1606	2657	3022	3036	2482	
1153	2803	1985	1430	846	0	759	1825	2350	2613	2306	
1270	3066	2438	2073	1606	759	0	1080	1795	2306	2306	
1810	3431	3109	2963	2657	1825	1080	0	1095	2000	2438	
1708	2832	2861	3007	3022	2350	1795	1095	0	1007	1737	
1591	2000	2336	2759	3036	2613	2306	2000	1007	0	934	
1153	1095	1445	2000	2482	2306	2306	2438	1737	934	0	
Velocidade_Veiculos
1	1	1	1	1	