M: 8
N: 10
Nun_Veiculos: 4
Capacidade_Total: 285
Demanda_Total: 173
Setup_Min: 1
Setup_Max: 9
Raio: 20
Circulos: 1
Tempo_Processamento_Min: 1
Tempo_Processamento_Max: 49
Demanda_Min: 10
Demanda_Max: 30
Priority_Factor: 0.2
Range_Factor_R: 0.8
U_factor: 2
ALpha: 0.2Replicao: 0
Tempos_Processamentos
0	0	1	0	2	0	3	0	4	0	5	0	6	0	7	0	
0	3	1	23	2	40	3	16	4	26	5	27	6	22	7	44	
0	30	1	38	2	15	3	18	4	20	5	2	6	16	7	7	
0	48	1	14	2	39	3	14	4	8	5	24	6	39	7	23	
0	9	1	29	2	31	3	46	4	48	5	23	6	23	7	20	
0	7	1	41	2	12	3	8	4	7	5	45	6	38	7	13	
0	27	1	31	2	22	3	26	4	41	5	28	6	26	7	49	
0	48	1	22	2	43	3	27	4	41	5	46	6	33	7	42	
0	25	1	20	2	22	3	10	4	15	5	46	6	18	7	13	
0	43	1	8	2	41	3	49	4	48	5	14	6	47	7	29	
0	3	1	45	2	34	3	41	4	1	5	21	6	48	7	47	

Tempos_setup
M0
0	0	0	0	0	0	0	0	0	0	0	
0	0	2	2	1	2	2	3	1	6	1	
0	4	0	4	2	5	2	4	5	4	4	
0	1	3	0	2	3	3	4	2	4	2	
0	5	1	5	0	3	1	2	4	5	4	
0	4	4	4	3	0	3	5	1	8	3	
0	4	3	4	2	4	0	3	5	7	3	
0	4	6	3	5	4	6	0	3	5	3	
0	5	4	5	3	5	4	5	0	7	4	
0	3	3	5	4	4	3	5	4	0	4	
0	2	3	1	3	1	4	5	2	5	0	
M1
0	0	0	0	0	0	0	0	0	0	0	
0	0	2	1	3	3	1	2	3	4	2	
0	4	0	5	1	3	5	3	2	6	4	
0	2	4	0	3	2	3	4	2	5	1	
0	3	5	4	0	4	4	2	3	5	4	
0	3	2	4	1	0	2	3	3	3	2	
0	1	1	2	2	4	0	1	3	5	3	
0	3	3	4	4	3	2	0	3	4	2	
0	4	3	4	2	1	3	4	0	4	3	
0	2	4	3	4	3	3	2	4	0	3	
0	4	3	5	2	1	3	4	1	4	0	
M2
0	0	0	0	0	0	0	0	0	0	0	
0	0	6	6	4	3	3	4	6	5	6	
0	2	0	5	3	5	5	6	2	1	4	
0	4	5	0	6	7	2	2	6	4	1	
0	5	7	5	0	4	7	4	2	5	4	
0	2	8	6	5	0	3	6	4	5	6	
0	2	8	4	4	5	0	6	4	2	3	
0	4	3	4	4	7	4	0	4	4	3	
0	3	6	5	5	4	6	7	0	3	4	
0	3	8	4	2	4	5	6	4	0	3	
0	5	6	1	5	7	3	3	7	3	0	
M3
0	0	0	0	0	0	0	0	0	0	0	
0	0	3	2	4	3	1	3	4	4	2	
0	4	0	2	4	3	1	1	4	2	4	
0	2	3	0	4	2	3	1	4	2	2	
0	6	4	4	0	3	4	1	4	1	4	
0	4	1	2	2	0	2	2	5	3	1	
0	3	4	1	4	3	0	2	5	3	3	
0	5	3	3	3	2	4	0	3	1	3	
0	3	4	1	5	3	1	2	0	3	3	
0	5	6	3	7	5	6	4	7	0	5	
0	6	4	4	2	3	5	1	4	2	0	
M4
0	0	0	0	0	0	0	0	0	0	0	
0	0	2	3	6	5	3	4	3	6	5	
0	1	0	1	5	3	4	2	1	4	4	
0	2	1	0	5	3	5	3	2	4	5	
0	3	3	2	0	5	4	2	4	1	7	
0	1	2	1	6	0	2	4	3	5	6	
0	2	3	2	7	5	0	5	4	5	7	
0	1	2	3	7	5	4	0	3	6	6	
0	3	2	2	7	5	4	4	0	3	6	
0	2	3	4	7	4	5	1	3	0	6	
0	2	3	2	4	1	3	5	4	5	0	
M5
0	0	0	0	0	0	0	0	0	0	0	
0	0	5	4	4	6	4	5	3	5	3	
0	2	0	2	1	5	2	6	1	1	4	
0	4	4	0	2	7	4	7	3	5	5	
0	4	2	4	0	6	4	5	3	3	3	
0	6	6	6	7	0	6	6	6	7	7	
0	1	2	2	2	5	0	4	1	1	2	
0	2	5	2	3	1	5	0	5	5	1	
0	1	3	1	1	4	1	5	0	2	3	
0	3	1	3	2	6	2	6	2	0	4	
0	4	5	4	5	3	4	2	5	5	0	
M6
0	0	0	0	0	0	0	0	0	0	0	
0	0	4	5	3	5	5	4	1	3	4	
0	4	0	3	1	3	3	3	3	1	2	
0	3	1	0	2	4	1	4	3	2	3	
0	3	3	2	0	2	2	2	4	4	1	
0	2	3	5	4	0	3	5	3	2	2	
0	2	3	6	4	3	0	3	2	2	5	
0	3	2	5	3	4	2	0	4	3	2	
0	9	6	8	7	9	7	7	0	7	7	
0	4	1	4	2	4	2	4	2	0	3	
0	3	4	3	5	2	1	3	3	3	0	
M7
0	0	0	0	0	0	0	0	0	0	0	
0	0	4	2	3	4	5	1	2	2	3	
0	4	0	5	6	7	8	5	5	5	4	
0	3	2	0	3	2	7	3	4	5	1	
0	4	2	5	0	3	4	4	5	6	4	
0	1	1	2	2	0	5	1	2	3	3	
0	5	1	5	4	4	0	5	6	3	5	
0	4	3	1	4	3	7	0	1	4	2	
0	3	5	5	4	6	6	4	0	3	4	
0	5	3	6	1	4	3	5	6	0	5	
0	4	1	1	4	3	7	4	4	4	0	
Tamanho_Tarefas
0	9	9	21	25	17	23	33	19	12	5	
Data_Entrega
0	36	38	41	40	37	41	35	39	41	37	
Penalidade_Atraso
0	1	7	16	16	4	11	15	10	15	15	
Capacidade_Veiculo
45	59	94	87	
Custo_Fixo_Veiculo
450	590	940	870	
Coordenadas_Clientes
x	0	y	0
x	17	y	0
x	15	y	11
x	6	y	20
x	-5	y	15
x	-19	y	13
x	-22	y	0
x	-14	y	-10
x	-6	y	-20
x	5	y	-17
x	19	y	-14
Tempo_Viagem
0	17	18	20	15	23	22	17	20	17	23	
17	0	11	22	26	38	39	32	30	20	14	
18	11	0	12	20	34	38	35	37	29	25	
20	22	12	0	12	25	34	36	40	37	36	
15	26	20	12	0	14	22	26	35	32	37	
23	38	34	25	14	0	13	23	35	38	46	
22	39	38	34	22	13	0	12	24	31	43	
17	32	35	36	26	23	12	0	12	20	33	
20	30	37	40	35	35	24	12	0	11	25	
17	20	29	37	32	38	31	20	11	0	14	
23	14	25	36	37	46	43	33	25	14	0	
Custo_Viagem
V0
0	153	162	180	135	207	198	153	180	153	207	
153	0	99	198	234	342	351	288	270	180	126	
162	99	0	108	180	306	342	315	333	261	225	
180	198	108	0	108	225	306	324	369	333	324	
135	234	180	108	0	126	198	234	315	297	333	
207	342	306	225	126	0	117	207	315	342	414	
198	351	342	306	198	117	0	108	225	279	387	
153	288	315	324	234	207	108	0	108	180	297	
180	270	333	369	315	315	225	108	0	99	225	
153	180	261	333	297	342	279	180	99	0	126	
207	126	225	324	333	414	387	297	225	126	0	
V1
0	200	212	236	177	271	259	200	236	200	271	
200	0	129	259	306	448	460	377	354	236	165	
212	129	0	141	236	401	448	413	436	342	295	
236	259	141	0	141	295	401	424	483	436	424	
177	306	236	141	0	165	259	306	413	389	436	
271	448	401	295	165	0	153	271	413	448	542	
259	460	448	401	259	153	0	141	295	365	507	
200	377	413	424	306	271	141	0	141	236	389	
236	354	436	483	413	413	295	141	0	129	295	
200	236	342	436	389	448	365	236	129	0	165	
271	165	295	424	436	542	507	389	295	165	0	
V2
0	319	338	376	282	432	413	319	376	319	432	
319	0	206	413	488	714	733	601	564	376	263	
338	206	0	225	376	639	714	658	695	545	470	
376	413	225	0	225	470	639	676	770	695	676	
282	488	376	225	0	263	413	488	658	620	695	
432	714	639	470	263	0	244	432	658	714	864	
413	733	714	639	413	244	0	225	470	582	808	
319	601	658	676	488	432	225	0	225	376	620	
376	564	695	770	658	658	470	225	0	206	470	
319	376	545	695	620	714	582	376	206	0	263	
432	263	470	676	695	864	808	620	470	263	0	
V3
0	295	313	348	261	400	382	295	348	295	400	
295	0	191	382	452	661	678	556	522	348	243	
313	191	0	208	348	591	661	609	643	504	435	
348	382	208	0	208	435	591	626	713	643	626	
261	452	348	208	0	243	382	452	609	574	643	
400	661	591	435	243	0	226	400	609	661	800	
382	678	661	591	382	226	0	208	435	539	748	
295	556	609	626	452	400	208	0	208	348	574	
348	522	643	713	609	609	435	208	0	191	435	
295	348	504	643	574	661	539	348	191	0	243	
400	243	435	626	643	800	748	574	435	243	0	
Velocidade_Veiculos
1	1	1	1	