M: 8
N: 10
Nun_Veiculos: 6
Capacidade_Total: 304
Demanda_Total: 178
Setup_Min: 1
Setup_Max: 9
Raio: 20
Circulos: 1
Tempo_Processamento_Min: 1
Tempo_Processamento_Max: 49
Demanda_Min: 10
Demanda_Max: 30
Priority_Factor: 0.2
Range_Factor_R: 0.8
U_factor: 2
ALpha: 0.2Replicao: 4
Tempos_Processamentos
0	0	1	0	2	0	3	0	4	0	5	0	6	0	7	0	
0	20	1	14	2	4	3	41	4	22	5	39	6	28	7	2	
0	46	1	43	2	13	3	13	4	6	5	14	6	37	7	16	
0	31	1	26	2	16	3	11	4	36	5	17	6	42	7	20	
0	28	1	9	2	33	3	37	4	17	5	40	6	16	7	4	
0	9	1	22	2	33	3	25	4	17	5	8	6	36	7	1	
0	34	1	48	2	26	3	24	4	45	5	33	6	38	7	36	
0	48	1	13	2	39	3	47	4	23	5	43	6	39	7	7	
0	9	1	25	2	24	3	37	4	13	5	16	6	8	7	48	
0	11	1	28	2	40	3	7	4	9	5	45	6	45	7	27	
0	9	1	15	2	4	3	22	4	43	5	34	6	4	7	14	

Tempos_setup
M0
0	0	0	0	0	0	0	0	0	0	0	
0	0	5	2	3	2	2	4	1	4	4	
0	6	0	3	1	4	3	1	6	2	2	
0	4	4	0	4	1	1	3	5	3	3	
0	5	2	2	0	3	3	1	6	2	1	
0	5	3	3	3	0	4	2	5	2	2	
0	3	4	2	4	3	0	4	4	5	3	
0	5	3	3	2	4	2	0	5	1	3	
0	4	4	1	2	1	2	3	0	3	3	
0	6	3	3	1	4	4	2	7	0	2	
0	4	1	1	2	2	2	2	5	3	0	
M1
0	0	0	0	0	0	0	0	0	0	0	
0	0	5	6	4	3	5	5	7	6	2	
0	3	0	1	2	2	3	3	3	4	3	
0	5	7	0	4	5	5	5	7	6	5	
0	2	3	3	0	1	1	1	3	2	1	
0	1	4	4	1	0	2	2	4	3	2	
0	5	4	2	3	4	0	4	5	5	1	
0	5	4	2	5	4	2	0	5	7	3	
0	1	5	4	5	4	4	2	0	6	3	
0	2	5	3	2	1	3	1	1	0	3	
0	4	3	4	2	3	3	3	5	4	0	
M2
0	0	0	0	0	0	0	0	0	0	0	
0	0	3	3	3	2	2	5	1	3	5	
0	3	0	2	5	3	5	5	4	5	3	
0	7	5	0	3	1	7	7	2	5	4	
0	5	2	4	0	5	6	6	6	5	5	
0	7	7	4	5	0	6	6	6	6	3	
0	7	4	3	2	4	0	6	1	4	4	
0	2	5	1	3	2	1	0	2	5	2	
0	6	3	2	2	3	5	5	0	3	6	
0	4	4	1	3	2	2	2	1	0	4	
0	5	4	1	2	2	4	3	3	4	0	
M3
0	0	0	0	0	0	0	0	0	0	0	
0	0	2	3	2	2	4	2	4	1	4	
0	4	0	2	1	2	2	1	3	3	3	
0	2	4	0	4	3	6	1	6	3	5	
0	3	5	2	0	2	5	2	2	4	2	
0	4	5	2	6	0	3	3	4	5	6	
0	5	2	3	3	1	0	3	1	3	3	
0	3	3	1	4	3	5	0	6	4	6	
0	5	5	3	6	4	5	2	0	5	2	
0	5	1	3	2	3	3	2	4	0	3	
0	5	3	3	4	2	3	2	2	5	0	
M4
0	0	0	0	0	0	0	0	0	0	0	
0	0	2	6	5	2	3	3	1	3	4	
0	1	0	4	3	3	4	4	2	4	2	
0	2	3	0	1	4	5	5	3	1	1	
0	1	2	6	0	3	4	4	2	4	4	
0	3	5	4	3	0	6	6	4	2	5	
0	5	5	3	4	3	0	6	4	2	4	
0	3	4	7	2	3	5	0	4	5	6	
0	2	1	5	4	1	5	2	0	3	3	
0	5	4	7	5	5	6	4	4	0	5	
0	3	4	7	2	5	5	4	4	5	0	
M5
0	0	0	0	0	0	0	0	0	0	0	
0	0	1	4	2	3	4	2	3	4	3	
0	3	0	3	5	4	4	1	2	4	2	
0	4	5	0	6	5	6	6	4	3	6	
0	3	3	6	0	5	4	4	4	5	2	
0	5	4	4	2	0	1	5	2	3	4	
0	4	4	5	1	1	0	5	3	2	3	
0	2	3	6	4	4	3	0	5	5	5	
0	5	5	3	3	6	6	3	0	2	2	
0	5	3	4	4	4	5	3	1	0	3	
0	7	6	4	5	5	4	5	2	3	0	
M6
0	0	0	0	0	0	0	0	0	0	0	
0	0	5	4	6	4	5	3	5	5	2	
0	3	0	5	6	4	3	3	2	4	5	
0	2	3	0	3	4	4	4	3	5	4	
0	1	1	5	0	4	4	4	3	4	3	
0	1	4	3	4	0	4	2	4	1	1	
0	1	4	3	5	5	0	4	3	5	3	
0	2	5	4	5	1	2	0	2	2	2	
0	1	5	3	4	2	1	1	0	2	3	
0	2	3	4	5	1	5	3	5	0	2	
0	3	3	2	4	3	4	2	4	4	0	
M7
0	0	0	0	0	0	0	0	0	0	0	
0	0	2	4	3	4	5	3	1	3	4	
0	2	0	2	3	2	3	1	3	1	2	
0	3	5	0	4	2	1	3	4	3	4	
0	4	4	4	0	3	4	4	5	5	2	
0	1	3	1	3	0	2	1	2	4	2	
0	5	4	5	3	6	0	4	5	2	5	
0	1	3	1	2	2	2	0	2	4	1	
0	3	2	4	5	4	4	3	0	3	4	
0	3	5	3	4	4	4	2	3	0	3	
0	2	4	2	1	1	2	2	3	4	0	
Tamanho_Tarefas
0	19	22	19	20	18	24	20	13	14	9	
Data_Entrega
0	37	40	41	40	42	40	40	37	36	40	
Penalidade_Atraso
0	14	18	12	8	16	5	5	11	17	18	
Capacidade_Veiculo
51	44	66	34	60	49	
Custo_Fixo_Veiculo
510	440	660	340	600	490	
Coordenadas_Clientes
x	0	y	0
x	18	y	0
x	18	y	13
x	7	y	23
x	-6	y	21
x	-17	y	12
x	-24	y	0
x	-18	y	-13
x	-5	y	-15
x	7	y	-23
x	16	y	-11
Tempo_Viagem
0	18	22	24	21	20	24	22	15	24	19	
18	0	13	25	31	37	42	38	27	25	11	
22	13	0	14	25	35	43	44	36	37	24	
24	25	14	0	13	26	38	43	39	46	35	
21	31	25	13	0	14	27	36	36	45	38	
20	37	35	26	14	0	13	25	29	42	39	
24	42	43	38	27	13	0	14	24	38	41	
22	38	44	43	36	25	14	0	13	26	34	
15	27	36	39	36	29	24	13	0	14	21	
24	25	37	46	45	42	38	26	14	0	15	
19	11	24	35	38	39	41	34	21	15	0	
Custo_Viagem
V0
0	183	224	244	214	204	244	224	153	244	193	
183	0	132	255	316	377	428	387	275	255	112	
224	132	0	142	255	357	438	448	367	377	244	
244	255	142	0	132	265	387	438	397	469	357	
214	316	255	132	0	142	275	367	367	459	387	
204	377	357	265	142	0	132	255	295	428	408	
244	428	438	387	275	132	0	142	244	387	418	
224	387	448	438	367	255	142	0	132	265	346	
153	275	367	397	367	295	244	132	0	142	214	
244	255	377	469	459	428	387	265	142	0	153	
193	112	244	357	387	408	418	346	214	153	0	
V1
0	158	193	211	184	176	211	193	132	211	167	
158	0	114	220	272	325	369	334	237	220	96	
193	114	0	123	220	308	378	387	316	325	211	
211	220	123	0	114	228	334	378	343	404	308	
184	272	220	114	0	123	237	316	316	396	334	
176	325	308	228	123	0	114	220	255	369	352	
211	369	378	334	237	114	0	123	211	334	360	
193	334	387	378	316	220	123	0	114	228	299	
132	237	316	343	316	255	211	114	0	123	184	
211	220	325	404	396	369	334	228	123	0	132	
167	96	211	308	334	352	360	299	184	132	0	
V2
0	237	290	316	277	264	316	290	198	316	250	
237	0	171	330	409	488	554	501	356	330	145	
290	171	0	184	330	462	567	580	475	488	316	
316	330	184	0	171	343	501	567	514	607	462	
277	409	330	171	0	184	356	475	475	594	501	
264	488	462	343	184	0	171	330	382	554	528	
316	554	567	501	356	171	0	184	316	501	541	
290	501	580	567	475	330	184	0	171	343	448	
198	356	475	514	475	382	316	171	0	184	277	
316	330	488	607	594	554	501	343	184	0	198	
250	145	316	462	501	528	541	448	277	198	0	
V3
0	122	149	163	142	136	163	149	102	163	129	
122	0	88	170	210	251	285	258	183	170	74	
149	88	0	95	170	238	292	299	244	251	163	
163	170	95	0	88	176	258	292	265	312	238	
142	210	170	88	0	95	183	244	244	306	258	
136	251	238	176	95	0	88	170	197	285	272	
163	285	292	258	183	88	0	95	163	258	278	
149	258	299	292	244	170	95	0	88	176	231	
102	183	244	265	244	197	163	88	0	95	142	
163	170	251	312	306	285	258	176	95	0	102	
129	74	163	238	258	272	278	231	142	102	0	
V4
0	216	264	288	252	240	288	264	180	288	228	
216	0	156	300	372	444	504	456	324	300	132	
264	156	0	168	300	420	516	528	432	444	288	
288	300	168	0	156	312	456	516	468	552	420	
252	372	300	156	0	168	324	432	432	540	456	
240	444	420	312	168	0	156	300	348	504	480	
288	504	516	456	324	156	0	168	288	456	492	
264	456	528	516	432	300	168	0	156	312	408	
180	324	432	468	432	348	288	156	0	168	252	
288	300	444	552	540	504	456	312	168	0	180	
228	132	288	420	456	480	492	408	252	180	0	
V5
0	176	215	235	205	196	235	215	147	235	186	
176	0	127	245	303	362	411	372	264	245	107	
215	127	0	137	245	343	421	431	352	362	235	
235	245	137	0	127	254	372	421	382	450	343	
205	303	245	127	0	137	264	352	352	441	372	
196	362	343	254	137	0	127	245	284	411	392	
235	411	421	372	264	127	0	137	235	372	401	
215	372	431	421	352	245	137	0	127	254	333	
147	264	352	382	352	284	235	127	0	137	205	
235	245	362	450	441	411	372	254	137	0	147	
186	107	235	343	372	392	401	333	205	147	0	
Velocidade_Veiculos
1	1	1	1	1	1	