M: 8
N: 10
Nun_Veiculos: 3
Capacidade_Total: 186
Demanda_Total: 118
Setup_Min: 1
Setup_Max: 9
Raio: 100
Circulos: 1
Tempo_Processamento_Min: 1
Tempo_Processamento_Max: 49
Demanda_Min: 10
Demanda_Max: 30
Priority_Factor: 0.2
Range_Factor_R: 0.8
U_factor: 2
ALpha: 0.2Replicao: 2
Tempos_Processamentos
0	0	1	0	2	0	3	0	4	0	5	0	6	0	7	0	
0	15	1	37	2	16	3	22	4	26	5	34	6	46	7	24	
0	18	1	21	2	39	3	3	4	16	5	49	6	9	7	14	
0	4	1	32	2	33	3	15	4	8	5	31	6	11	7	35	
0	42	1	17	2	14	3	5	4	20	5	20	6	47	7	38	
0	21	1	24	2	19	3	46	4	40	5	46	6	19	7	30	
0	40	1	10	2	18	3	3	4	14	5	9	6	8	7	32	
0	4	1	32	2	24	3	42	4	13	5	14	6	2	7	25	
0	18	1	26	2	8	3	10	4	35	5	10	6	29	7	8	
0	34	1	25	2	16	3	45	4	42	5	47	6	48	7	14	
0	15	1	12	2	6	3	7	4	40	5	44	6	17	7	40	

Tempos_setup
M0
0	0	0	0	0	0	0	0	0	0	0	
0	0	6	2	4	3	5	4	5	4	6	
0	3	0	3	7	3	3	4	1	4	7	
0	4	4	0	7	2	3	7	5	2	4	
0	5	4	6	0	4	3	5	5	3	5	
0	5	5	7	8	0	4	9	6	3	5	
0	4	1	4	4	3	0	5	2	5	8	
0	4	4	4	6	4	3	0	2	5	8	
0	2	5	4	6	2	4	4	0	3	7	
0	2	2	4	5	1	1	6	3	0	6	
0	3	5	2	5	1	5	7	6	4	0	
M1
0	0	0	0	0	0	0	0	0	0	0	
0	0	7	3	8	5	2	4	3	7	1	
0	4	0	6	5	8	6	2	5	1	5	
0	2	7	0	9	2	4	5	5	6	3	
0	4	4	4	0	5	3	3	1	5	5	
0	1	5	3	8	0	3	3	3	4	2	
0	2	6	1	6	3	0	2	2	5	3	
0	3	5	6	5	8	5	0	6	4	4	
0	3	4	6	6	6	5	5	0	5	4	
0	3	2	6	5	8	5	1	4	0	4	
0	3	6	2	7	4	1	3	3	6	0	
M2
0	0	0	0	0	0	0	0	0	0	0	
0	0	2	6	1	2	5	4	3	4	2	
0	3	0	6	4	2	6	5	1	3	4	
0	3	2	0	4	2	6	5	1	3	5	
0	2	1	5	0	1	4	3	2	4	1	
0	1	3	4	2	0	6	3	4	5	3	
0	4	5	7	4	5	0	6	1	2	5	
0	4	4	3	4	5	3	0	4	2	5	
0	4	4	6	3	4	5	6	0	2	4	
0	2	4	6	3	4	6	5	5	0	3	
0	3	4	4	4	2	5	2	3	4	0	
M3
0	0	0	0	0	0	0	0	0	0	0	
0	0	4	6	6	4	3	4	6	6	6	
0	6	0	5	4	3	2	3	4	3	4	
0	1	2	0	1	2	1	4	4	4	3	
0	2	4	4	0	3	3	4	4	5	5	
0	4	2	3	4	0	1	3	2	2	5	
0	4	1	3	3	1	0	3	3	3	4	
0	4	1	4	2	4	3	0	3	2	3	
0	2	2	1	2	3	2	1	0	3	4	
0	3	3	2	3	4	3	2	1	0	5	
0	4	1	3	4	4	3	3	2	3	0	
M4
0	0	0	0	0	0	0	0	0	0	0	
0	0	3	2	3	3	1	4	2	5	2	
0	5	0	5	3	1	5	6	2	4	3	
0	3	1	0	4	2	4	3	3	5	4	
0	5	3	4	0	1	2	7	2	6	3	
0	4	2	6	2	0	4	8	1	6	2	
0	5	2	2	2	3	0	5	1	4	3	
0	2	1	1	4	2	3	0	3	5	3	
0	6	1	6	2	2	4	7	0	5	4	
0	2	3	3	5	4	3	2	4	0	4	
0	2	1	4	4	2	3	6	3	5	0	
M5
0	0	0	0	0	0	0	0	0	0	0	
0	0	4	6	7	5	4	6	6	5	4	
0	2	0	2	3	5	6	5	2	3	6	
0	4	2	0	1	3	4	3	3	5	6	
0	5	4	5	0	2	3	6	2	4	5	
0	3	2	4	5	0	1	4	4	2	6	
0	2	2	4	4	5	0	3	4	1	5	
0	1	3	5	6	3	4	0	1	5	4	
0	3	2	4	5	7	7	4	0	5	7	
0	2	1	3	4	4	5	5	3	0	5	
0	4	2	3	4	6	7	6	4	3	0	
M6
0	0	0	0	0	0	0	0	0	0	0	
0	0	5	1	1	3	2	3	2	4	3	
0	3	0	3	1	3	2	3	1	3	3	
0	5	4	0	5	5	4	6	5	6	3	
0	3	4	4	0	2	3	2	1	3	2	
0	1	4	2	2	0	3	4	3	3	3	
0	3	4	4	4	6	0	4	5	3	2	
0	3	2	3	3	5	2	0	3	1	1	
0	4	3	5	2	4	3	4	0	2	3	
0	3	1	3	2	4	1	4	2	0	1	
0	2	4	2	3	5	1	5	4	3	0	
M7
0	0	0	0	0	0	0	0	0	0	0	
0	0	4	2	4	7	5	5	3	5	3	
0	2	0	1	1	3	3	4	2	5	4	
0	1	3	0	2	6	3	3	1	6	4	
0	3	1	2	0	4	4	4	2	6	5	
0	5	6	4	6	0	5	5	5	9	3	
0	5	6	7	6	6	0	7	8	4	6	
0	2	3	4	2	6	2	0	4	5	5	
0	2	2	1	3	5	2	2	0	6	3	
0	1	3	3	2	6	3	5	4	0	4	
0	2	3	1	3	6	4	4	2	7	0	
Tamanho_Tarefas
0	21	9	6	10	28	3	2	9	18	12	
Data_Entrega
0	167	167	166	168	166	164	168	168	167	168	
Penalidade_Atraso
0	17	13	1	1	5	5	17	17	7	15	
Capacidade_Veiculo
68	54	64	
Custo_Fixo_Veiculo
680	540	640	
Coordenadas_Clientes
x	0	y	0
x	122	y	0
x	69	y	50
x	33	y	101
x	-28	y	88
x	-63	y	45
x	-121	y	0
x	-83	y	-60
x	-28	y	-86
x	26	y	-80
x	94	y	-68
Tempo_Viagem
0	122	85	106	92	77	121	102	90	84	116	
122	0	72	134	173	190	243	213	172	124	73	
85	72	0	62	104	132	196	187	167	136	120	
106	134	62	0	62	111	184	198	196	181	179	
92	173	104	62	0	55	128	157	174	176	198	
77	190	132	111	55	0	73	106	135	153	193	
121	243	196	184	128	73	0	71	126	167	225	
102	213	187	198	157	106	71	0	60	110	177	
90	172	167	196	174	135	126	60	0	54	123	
84	124	136	181	176	153	167	110	54	0	69	
116	73	120	179	198	193	225	177	123	69	0	
Custo_Viagem
V0
0	1659	1156	1441	1251	1047	1645	1387	1224	1142	1577	
1659	0	979	1822	2352	2584	3304	2896	2339	1686	992	
1156	979	0	843	1414	1795	2665	2543	2271	1849	1632	
1441	1822	843	0	843	1509	2502	2692	2665	2461	2434	
1251	2352	1414	843	0	748	1740	2135	2366	2393	2692	
1047	2584	1795	1509	748	0	992	1441	1836	2080	2624	
1645	3304	2665	2502	1740	992	0	965	1713	2271	3060	
1387	2896	2543	2692	2135	1441	965	0	816	1496	2407	
1224	2339	2271	2665	2366	1836	1713	816	0	734	1672	
1142	1686	1849	2461	2393	2080	2271	1496	734	0	938	
1577	992	1632	2434	2692	2624	3060	2407	1672	938	0	
V1
0	1317	918	1144	993	831	1306	1101	972	907	1252	
1317	0	777	1447	1868	2052	2624	2300	1857	1339	788	
918	777	0	669	1123	1425	2116	2019	1803	1468	1296	
1144	1447	669	0	669	1198	1987	2138	2116	1954	1933	
993	1868	1123	669	0	594	1382	1695	1879	1900	2138	
831	2052	1425	1198	594	0	788	1144	1458	1652	2084	
1306	2624	2116	1987	1382	788	0	766	1360	1803	2430	
1101	2300	2019	2138	1695	1144	766	0	648	1188	1911	
972	1857	1803	2116	1879	1458	1360	648	0	583	1328	
907	1339	1468	1954	1900	1652	1803	1188	583	0	745	
1252	788	1296	1933	2138	2084	2430	1911	1328	745	0	
V2
0	1561	1088	1356	1177	985	1548	1305	1152	1075	1484	
1561	0	921	1715	2214	2432	3110	2726	2201	1587	934	
1088	921	0	793	1331	1689	2508	2393	2137	1740	1536	
1356	1715	793	0	793	1420	2355	2534	2508	2316	2291	
1177	2214	1331	793	0	704	1638	2009	2227	2252	2534	
985	2432	1689	1420	704	0	934	1356	1728	1958	2470	
1548	3110	2508	2355	1638	934	0	908	1612	2137	2880	
1305	2726	2393	2534	2009	1356	908	0	768	1408	2265	
1152	2201	2137	2508	2227	1728	1612	768	0	691	1574	
1075	1587	1740	2316	2252	1958	2137	1408	691	0	883	
1484	934	1536	2291	2534	2470	2880	2265	1574	883	0	
Velocidade_Veiculos
1	1	1	