M: 8
N: 10
Nun_Veiculos: 6
Capacidade_Total: 294
Demanda_Total: 173
Setup_Min: 1
Setup_Max: 99
Raio: 20
Circulos: 1
Tempo_Processamento_Min: 1
Tempo_Processamento_Max: 49
Demanda_Min: 10
Demanda_Max: 30
Priority_Factor: 0.2
Range_Factor_R: 0.8
U_factor: 2
ALpha: 0.2Replicao: 3
Tempos_Processamentos
0	0	1	0	2	0	3	0	4	0	5	0	6	0	7	0	
0	45	1	21	2	19	3	35	4	49	5	31	6	28	7	19	
0	35	1	24	2	41	3	3	4	41	5	38	6	32	7	8	
0	31	1	9	2	39	3	14	4	22	5	9	6	6	7	8	
0	18	1	17	2	39	3	41	4	36	5	13	6	12	7	43	
0	31	1	46	2	18	3	28	4	21	5	40	6	36	7	33	
0	36	1	10	2	30	3	8	4	23	5	14	6	10	7	44	
0	15	1	33	2	41	3	45	4	29	5	38	6	19	7	37	
0	19	1	38	2	49	3	2	4	41	5	5	6	44	7	9	
0	12	1	18	2	45	3	32	4	12	5	32	6	15	7	8	
0	31	1	39	2	13	3	44	4	2	5	4	6	47	7	45	

Tempos_setup
M0
0	0	0	0	0	0	0	0	0	0	0	
0	0	1	53	19	18	14	16	40	23	46	
0	25	0	52	18	17	13	15	39	22	45	
0	23	24	0	42	41	37	39	26	44	69	
0	18	19	50	0	36	32	34	46	4	64	
0	36	31	35	44	0	24	25	50	41	36	
0	12	13	44	29	30	0	28	26	33	57	
0	38	33	37	30	2	26	0	43	34	30	
0	4	5	18	23	22	18	20	0	27	50	
0	14	15	46	13	32	28	30	45	0	60	
0	54	29	77	47	46	42	44	59	40	0	
M1
0	0	0	0	0	0	0	0	0	0	0	
0	0	9	10	14	13	25	9	5	15	13	
0	43	0	18	5	4	22	32	13	22	21	
0	25	27	0	15	26	15	34	30	5	33	
0	66	29	44	0	33	17	57	42	30	26	
0	46	31	46	2	0	19	55	44	18	28	
0	51	12	27	17	16	0	44	25	13	18	
0	65	37	40	24	22	41	0	50	40	46	
0	30	23	5	13	18	20	39	0	10	8	
0	38	22	37	27	26	10	37	35	0	28	
0	40	15	33	5	10	22	40	28	23	0	
M2
0	0	0	0	0	0	0	0	0	0	0	
0	0	49	37	54	16	11	24	10	37	32	
0	25	0	12	5	13	18	49	8	12	7	
0	13	42	0	34	29	24	37	23	27	23	
0	20	8	7	0	8	23	44	16	7	2	
0	43	33	30	38	0	51	37	12	36	31	
0	28	77	65	82	44	0	52	38	65	60	
0	25	55	13	47	41	29	0	35	13	8	
0	49	39	36	44	6	40	43	0	30	37	
0	80	76	67	68	64	83	55	58	0	62	
0	18	47	5	39	34	21	42	28	5	0	
M3
0	0	0	0	0	0	0	0	0	0	0	
0	0	31	36	39	30	37	65	29	52	12	
0	49	0	16	40	25	40	61	4	44	43	
0	37	25	0	24	9	24	50	29	28	27	
0	18	19	9	0	3	18	48	21	37	3	
0	28	16	6	29	0	15	56	20	34	32	
0	13	1	6	14	15	0	56	5	34	17	
0	56	33	31	55	40	55	0	19	35	41	
0	45	37	12	36	21	36	62	0	40	39	
0	48	52	27	39	36	51	22	15	0	42	
0	15	46	30	54	35	50	74	18	52	0	
M4
0	0	0	0	0	0	0	0	0	0	0	
0	0	6	21	18	17	12	15	15	11	20	
0	26	0	30	25	43	21	24	41	20	14	
0	17	7	0	32	34	28	30	32	27	21	
0	16	22	20	0	33	11	14	31	27	35	
0	17	23	21	1	0	12	15	32	28	36	
0	5	11	9	23	22	0	3	20	16	24	
0	2	8	6	20	19	14	0	17	13	21	
0	10	16	14	3	2	5	8	0	4	29	
0	6	12	10	9	23	1	4	21	0	25	
0	22	28	26	11	39	17	20	37	16	0	
M5
0	0	0	0	0	0	0	0	0	0	0	
0	0	21	24	26	14	24	35	34	36	9	
0	50	0	31	63	44	30	28	40	63	44	
0	19	20	0	36	13	33	31	37	32	28	
0	32	33	56	0	26	55	53	41	48	41	
0	6	7	30	32	0	30	35	40	22	15	
0	22	30	46	33	28	0	11	10	50	14	
0	24	32	48	35	30	2	0	12	52	16	
0	12	25	36	23	26	36	47	0	48	4	
0	38	44	62	11	37	16	27	26	0	30	
0	45	21	52	38	59	51	49	61	56	0	
M6
0	0	0	0	0	0	0	0	0	0	0	
0	0	43	31	10	50	34	50	35	25	50	
0	19	0	50	29	29	13	9	54	35	44	
0	26	12	0	36	41	25	20	25	47	40	
0	47	33	21	0	59	46	41	25	49	40	
0	51	59	55	36	0	72	68	61	35	61	
0	6	49	37	16	16	0	48	41	22	56	
0	29	56	60	39	32	61	0	64	54	79	
0	33	33	21	43	34	37	41	0	58	15	
0	46	32	20	28	55	42	40	45	0	60	
0	27	18	6	32	19	22	26	31	44	0	
M7
0	0	0	0	0	0	0	0	0	0	0	
0	0	45	24	64	30	45	20	44	44	49	
0	14	0	29	71	44	6	29	53	5	39	
0	40	26	0	78	67	30	55	44	29	25	
0	16	2	16	0	40	8	16	40	7	12	
0	35	21	50	36	0	26	50	59	26	48	
0	37	68	61	77	47	0	57	81	70	82	
0	39	25	48	62	56	25	0	24	24	45	
0	69	55	38	59	34	60	69	0	60	63	
0	23	40	24	66	48	1	43	67	0	39	
0	15	1	13	72	42	7	30	38	6	0	
Tamanho_Tarefas
0	27	9	11	21	28	15	17	23	12	10	
Data_Entrega
0	42	35	36	43	36	37	41	42	35	39	
Penalidade_Atraso
0	8	5	1	16	20	16	10	11	5	19	
Capacidade_Veiculo
50	63	42	40	46	53	
Custo_Fixo_Veiculo
500	630	420	400	460	530	
Coordenadas_Clientes
x	0	y	0
x	15	y	0
x	15	y	11
x	6	y	20
x	-4	y	14
x	-20	y	14
x	-23	y	0
x	-12	y	-9
x	-4	y	-14
x	7	y	-21
x	19	y	-13
Tempo_Viagem
0	15	18	20	14	24	23	15	14	22	23	
15	0	11	21	23	37	38	28	23	22	13	
18	11	0	12	19	35	39	33	31	32	24	
20	21	12	0	11	26	34	34	34	41	34	
14	23	19	11	0	16	23	24	28	36	35	
24	37	35	26	16	0	14	24	32	44	47	
23	38	39	34	23	14	0	14	23	36	43	
15	28	33	34	24	24	14	0	9	22	31	
14	23	31	34	28	32	23	9	0	13	23	
22	22	32	41	36	44	36	22	13	0	14	
23	13	24	34	35	47	43	31	23	14	0	
Custo_Viagem
V0
0	150	180	200	140	240	230	150	140	220	230	
150	0	110	210	230	370	380	280	230	220	130	
180	110	0	120	190	350	390	330	310	320	240	
200	210	120	0	110	260	350	340	350	410	350	
140	230	190	110	0	160	230	240	280	360	350	
240	370	350	260	160	0	140	240	320	440	470	
230	380	390	350	230	140	0	140	230	360	430	
150	280	330	340	240	240	140	0	90	220	310	
140	230	310	350	280	320	230	90	0	130	230	
220	220	320	410	360	440	360	220	130	0	140	
230	130	240	350	350	470	430	310	230	140	0	
V1
0	189	226	252	176	302	289	189	176	277	289	
189	0	138	264	289	466	478	352	289	277	163	
226	138	0	151	239	441	491	415	390	403	302	
252	264	151	0	138	327	441	428	441	516	441	
176	289	239	138	0	201	289	302	352	453	441	
302	466	441	327	201	0	176	302	403	554	592	
289	478	491	441	289	176	0	176	289	453	541	
189	352	415	428	302	302	176	0	113	277	390	
176	289	390	441	352	403	289	113	0	163	289	
277	277	403	516	453	554	453	277	163	0	176	
289	163	302	441	441	592	541	390	289	176	0	
V2
0	126	151	168	117	201	193	126	117	184	193	
126	0	92	176	193	310	319	235	193	184	109	
151	92	0	100	159	294	327	277	260	268	201	
168	176	100	0	92	218	294	285	294	344	294	
117	193	159	92	0	134	193	201	235	302	294	
201	310	294	218	134	0	117	201	268	369	394	
193	319	327	294	193	117	0	117	193	302	361	
126	235	277	285	201	201	117	0	75	184	260	
117	193	260	294	235	268	193	75	0	109	193	
184	184	268	344	302	369	302	184	109	0	117	
193	109	201	294	294	394	361	260	193	117	0	
V3
0	120	144	160	112	192	184	120	112	176	184	
120	0	88	168	184	296	304	224	184	176	104	
144	88	0	96	152	280	312	264	248	256	192	
160	168	96	0	88	208	280	272	280	328	280	
112	184	152	88	0	128	184	192	224	288	280	
192	296	280	208	128	0	112	192	256	352	376	
184	304	312	280	184	112	0	112	184	288	344	
120	224	264	272	192	192	112	0	72	176	248	
112	184	248	280	224	256	184	72	0	104	184	
176	176	256	328	288	352	288	176	104	0	112	
184	104	192	280	280	376	344	248	184	112	0	
V4
0	138	165	184	128	220	211	138	128	202	211	
138	0	101	193	211	340	349	257	211	202	119	
165	101	0	110	174	322	358	303	285	294	220	
184	193	110	0	101	239	322	312	322	377	322	
128	211	174	101	0	147	211	220	257	331	322	
220	340	322	239	147	0	128	220	294	404	432	
211	349	358	322	211	128	0	128	211	331	395	
138	257	303	312	220	220	128	0	82	202	285	
128	211	285	322	257	294	211	82	0	119	211	
202	202	294	377	331	404	331	202	119	0	128	
211	119	220	322	322	432	395	285	211	128	0	
V5
0	159	190	212	148	254	243	159	148	233	243	
159	0	116	222	243	392	402	296	243	233	137	
190	116	0	127	201	371	413	349	328	339	254	
212	222	127	0	116	275	371	360	371	434	371	
148	243	201	116	0	169	243	254	296	381	371	
254	392	371	275	169	0	148	254	339	466	498	
243	402	413	371	243	148	0	148	243	381	455	
159	296	349	360	254	254	148	0	95	233	328	
148	243	328	371	296	339	243	95	0	137	243	
233	233	339	434	381	466	381	233	137	0	148	
243	137	254	371	371	498	455	328	243	148	0	
Velocidade_Veiculos
1	1	1	1	1	1	