M: 8
N: 10
Nun_Veiculos: 8
Capacidade_Total: 284
Demanda_Total: 148
Setup_Min: 1
Setup_Max: 99
Raio: 100
Circulos: 1
Tempo_Processamento_Min: 1
Tempo_Processamento_Max: 49
Demanda_Min: 10
Demanda_Max: 30
Priority_Factor: 0.2
Range_Factor_R: 0.8
U_factor: 2
ALpha: 0.2Replicao: 0
Tempos_Processamentos
0	0	1	0	2	0	3	0	4	0	5	0	6	0	7	0	
0	21	1	12	2	24	3	12	4	21	5	40	6	29	7	21	
0	41	1	19	2	17	3	8	4	7	5	21	6	14	7	5	
0	21	1	3	2	49	3	24	4	10	5	3	6	43	7	16	
0	12	1	47	2	11	3	1	4	43	5	24	6	30	7	48	
0	10	1	48	2	47	3	11	4	40	5	20	6	21	7	8	
0	30	1	28	2	19	3	7	4	42	5	6	6	22	7	5	
0	45	1	12	2	33	3	3	4	27	5	31	6	3	7	16	
0	42	1	49	2	3	3	14	4	19	5	37	6	42	7	22	
0	14	1	33	2	42	3	10	4	13	5	35	6	26	7	46	
0	38	1	26	2	36	3	2	4	33	5	39	6	2	7	25	

Tempos_setup
M0
0	0	0	0	0	0	0	0	0	0	0	
0	0	25	15	59	21	15	18	11	2	21	
0	31	0	31	38	37	6	31	15	33	2	
0	35	19	0	51	15	10	28	19	25	6	
0	23	41	38	0	44	38	41	34	25	43	
0	24	4	3	42	0	10	13	19	26	6	
0	25	33	40	67	46	0	38	25	27	12	
0	75	59	56	60	71	65	0	74	69	61	
0	49	46	27	75	42	24	21	0	47	20	
0	38	31	53	69	59	13	51	38	0	25	
0	29	37	40	55	50	4	34	13	31	0	
M1
0	0	0	0	0	0	0	0	0	0	0	
0	0	15	34	39	36	24	6	17	24	32	
0	27	0	52	24	25	12	33	2	9	19	
0	55	42	0	45	53	40	43	44	51	26	
0	59	32	28	0	57	44	27	34	41	41	
0	2	17	36	41	0	26	8	19	26	34	
0	15	30	49	52	13	0	21	32	39	47	
0	32	47	28	65	30	18	0	37	44	46	
0	25	19	59	36	23	10	31	0	7	17	
0	25	12	57	29	23	10	31	14	0	10	
0	29	44	47	19	27	14	31	46	53	0	
M2
0	0	0	0	0	0	0	0	0	0	0	
0	0	28	55	5	19	42	19	28	30	29	
0	41	0	51	45	52	39	16	28	47	43	
0	37	28	0	30	25	51	28	13	26	30	
0	31	48	59	0	32	37	14	38	29	24	
0	22	24	50	26	0	50	27	9	11	15	
0	19	11	47	14	38	0	27	17	8	12	
0	42	34	60	37	40	23	0	40	31	35	
0	34	15	49	17	49	41	18	0	23	27	
0	11	20	39	16	30	49	27	9	0	4	
0	7	35	35	12	26	49	26	23	37	0	
M3
0	0	0	0	0	0	0	0	0	0	0	
0	0	14	18	18	34	21	24	36	31	17	
0	9	0	4	4	20	7	17	22	17	3	
0	5	19	0	23	16	3	29	36	36	22	
0	6	3	7	0	23	10	20	25	20	6	
0	36	33	37	30	0	40	26	20	21	36	
0	37	28	32	32	42	0	44	33	42	31	
0	25	22	26	19	28	29	0	15	10	25	
0	24	21	25	18	41	22	29	0	9	24	
0	15	12	16	9	32	19	20	5	0	15	
0	6	20	1	23	17	4	14	19	14	0	
M4
0	0	0	0	0	0	0	0	0	0	0	
0	0	54	61	76	46	76	68	20	60	52	
0	34	0	26	22	15	22	14	15	25	30	
0	51	64	0	76	44	70	43	44	18	48	
0	12	53	4	0	48	65	47	19	3	48	
0	57	65	72	77	0	57	30	31	71	50	
0	15	12	32	34	14	0	26	4	31	8	
0	40	35	42	57	1	27	0	1	41	33	
0	39	34	41	56	38	56	48	0	40	32	
0	52	65	1	67	45	68	44	45	0	45	
0	7	37	32	28	6	25	36	27	31	0	
M5
0	0	0	0	0	0	0	0	0	0	0	
0	0	34	16	46	60	28	33	39	49	53	
0	13	0	29	38	61	33	46	36	50	46	
0	31	18	0	30	55	42	17	23	44	52	
0	25	12	15	0	25	37	32	30	14	22	
0	8	31	24	21	0	36	41	14	35	39	
0	33	20	46	37	32	0	24	30	21	59	
0	14	1	28	13	38	25	0	6	27	35	
0	30	17	22	7	32	44	39	0	21	29	
0	19	27	25	23	11	47	26	16	0	40	
0	23	11	29	27	15	15	30	20	4	0	
M6
0	0	0	0	0	0	0	0	0	0	0	
0	0	69	46	53	47	58	62	42	49	51	
0	71	0	31	12	60	48	65	47	46	48	
0	40	79	0	35	29	17	34	19	31	33	
0	59	49	19	0	48	36	53	35	34	36	
0	37	50	10	6	0	27	38	13	2	4	
0	23	64	16	24	28	0	17	2	20	22	
0	7	72	32	28	22	49	0	21	24	26	
0	24	62	36	30	26	53	62	0	26	28	
0	43	48	15	4	44	32	36	33	0	2	
0	43	46	77	58	82	94	90	66	84	0	
M7
0	0	0	0	0	0	0	0	0	0	0	
0	0	35	38	32	44	40	21	32	55	49	
0	56	0	20	17	32	28	9	41	28	37	
0	83	89	0	50	25	58	74	73	71	65	
0	67	39	42	0	48	15	25	53	48	42	
0	58	64	67	25	0	40	50	51	46	40	
0	52	65	39	34	48	0	42	38	33	27	
0	53	47	17	38	23	19	0	34	34	28	
0	31	27	40	17	46	32	23	0	55	51	
0	44	33	26	25	32	28	9	13	0	25	
0	25	38	32	10	38	25	15	11	6	0	
Tamanho_Tarefas
0	18	16	14	18	18	5	18	14	20	7	
Data_Entrega
0	164	165	166	164	162	164	164	164	165	165	
Penalidade_Atraso
0	2	1	20	12	15	17	7	15	2	2	
Capacidade_Veiculo
44	34	39	27	21	22	47	50	
Custo_Fixo_Veiculo
440	340	390	270	210	220	470	500	
Coordenadas_Clientes
x	0	y	0
x	78	y	0
x	96	y	69
x	31	y	96
x	-25	y	78
x	-90	y	65
x	-77	y	0
x	-77	y	-56
x	-26	y	-81
x	34	y	-106
x	97	y	-70
Tempo_Viagem
0	78	118	100	81	111	77	95	85	111	119	
78	0	71	106	129	180	155	164	131	114	72	
118	71	0	70	121	186	186	213	193	185	139	
100	106	70	0	58	124	144	186	185	202	178	
81	129	121	58	0	66	93	143	159	192	191	
111	180	186	124	66	0	66	121	159	211	230	
77	155	186	144	93	66	0	56	95	153	187	
95	164	213	186	143	121	56	0	56	121	174	
85	131	193	185	159	159	95	56	0	65	123	
111	114	185	202	192	211	153	121	65	0	72	
119	72	139	178	191	230	187	174	123	72	0	
Custo_Viagem
V0
0	686	1038	880	712	976	677	836	748	976	1047	
686	0	624	932	1135	1584	1364	1443	1152	1003	633	
1038	624	0	616	1064	1636	1636	1874	1698	1628	1223	
880	932	616	0	510	1091	1267	1636	1628	1777	1566	
712	1135	1064	510	0	580	818	1258	1399	1698	1680	
976	1584	1636	1091	580	0	580	1064	1399	1856	2024	
677	1364	1636	1267	818	580	0	492	836	1346	1645	
836	1443	1874	1636	1258	1064	492	0	492	1064	1531	
748	1152	1698	1628	1399	1399	836	492	0	572	1082	
976	1003	1628	1777	1698	1856	1346	1064	572	0	633	
1047	633	1223	1566	1680	2024	1645	1531	1082	633	0	
V1
0	530	802	680	550	754	523	646	578	754	809	
530	0	482	720	877	1224	1054	1115	890	775	489	
802	482	0	476	822	1264	1264	1448	1312	1258	945	
680	720	476	0	394	843	979	1264	1258	1373	1210	
550	877	822	394	0	448	632	972	1081	1312	1298	
754	1224	1264	843	448	0	448	822	1081	1434	1564	
523	1054	1264	979	632	448	0	380	646	1040	1271	
646	1115	1448	1264	972	822	380	0	380	822	1183	
578	890	1312	1258	1081	1081	646	380	0	442	836	
754	775	1258	1373	1312	1434	1040	822	442	0	489	
809	489	945	1210	1298	1564	1271	1183	836	489	0	
V2
0	608	920	780	631	865	600	741	663	865	928	
608	0	553	826	1006	1404	1209	1279	1021	889	561	
920	553	0	546	943	1450	1450	1661	1505	1443	1084	
780	826	546	0	452	967	1123	1450	1443	1575	1388	
631	1006	943	452	0	514	725	1115	1240	1505	1489	
865	1404	1450	967	514	0	514	943	1240	1645	1794	
600	1209	1450	1123	725	514	0	436	741	1193	1458	
741	1279	1661	1450	1115	943	436	0	436	943	1357	
663	1021	1505	1443	1240	1240	741	436	0	507	959	
865	889	1443	1575	1505	1645	1193	943	507	0	561	
928	561	1084	1388	1489	1794	1458	1357	959	561	0	
V3
0	421	637	540	437	599	415	513	459	599	642	
421	0	383	572	696	972	837	885	707	615	388	
637	383	0	378	653	1004	1004	1150	1042	999	750	
540	572	378	0	313	669	777	1004	999	1090	961	
437	696	653	313	0	356	502	772	858	1042	1031	
599	972	1004	669	356	0	356	653	858	1139	1242	
415	837	1004	777	502	356	0	302	513	826	1009	
513	885	1150	1004	772	653	302	0	302	653	939	
459	707	1042	999	858	858	513	302	0	351	664	
599	615	999	1090	1042	1139	826	653	351	0	388	
642	388	750	961	1031	1242	1009	939	664	388	0	
V4
0	327	495	420	340	466	323	399	357	466	499	
327	0	298	445	541	756	651	688	550	478	302	
495	298	0	294	508	781	781	894	810	777	583	
420	445	294	0	243	520	604	781	777	848	747	
340	541	508	243	0	277	390	600	667	810	802	
466	756	781	520	277	0	277	508	667	886	966	
323	651	781	604	390	277	0	235	399	642	785	
399	688	894	781	600	508	235	0	235	508	730	
357	550	810	777	667	667	399	235	0	273	516	
466	478	777	848	810	886	642	508	273	0	302	
499	302	583	747	802	966	785	730	516	302	0	
V5
0	343	519	440	356	488	338	418	374	488	523	
343	0	312	466	567	792	682	721	576	501	316	
519	312	0	308	532	818	818	937	849	814	611	
440	466	308	0	255	545	633	818	814	888	783	
356	567	532	255	0	290	409	629	699	849	840	
488	792	818	545	290	0	290	532	699	928	1012	
338	682	818	633	409	290	0	246	418	673	822	
418	721	937	818	629	532	246	0	246	532	765	
374	576	849	814	699	699	418	246	0	286	541	
488	501	814	888	849	928	673	532	286	0	316	
523	316	611	783	840	1012	822	765	541	316	0	
V6
0	733	1109	940	761	1043	723	893	799	1043	1118	
733	0	667	996	1212	1692	1457	1541	1231	1071	676	
1109	667	0	658	1137	1748	1748	2002	1814	1739	1306	
940	996	658	0	545	1165	1353	1748	1739	1898	1673	
761	1212	1137	545	0	620	874	1344	1494	1814	1795	
1043	1692	1748	1165	620	0	620	1137	1494	1983	2162	
723	1457	1748	1353	874	620	0	526	893	1438	1757	
893	1541	2002	1748	1344	1137	526	0	526	1137	1635	
799	1231	1814	1739	1494	1494	893	526	0	611	1156	
1043	1071	1739	1898	1814	1983	1438	1137	611	0	676	
1118	676	1306	1673	1795	2162	1757	1635	1156	676	0	
V7
0	780	1180	1000	810	1110	770	950	850	1110	1190	
780	0	710	1060	1290	1800	1550	1640	1310	1140	720	
1180	710	0	700	1210	1860	1860	2130	1930	1850	1390	
1000	1060	700	0	580	1240	1440	1860	1850	2020	1780	
810	1290	1210	580	0	660	930	1430	1590	1930	1910	
1110	1800	1860	1240	660	0	660	1210	1590	2110	2300	
770	1550	1860	1440	930	660	0	560	950	1530	1870	
950	1640	2130	1860	1430	1210	560	0	560	1210	1740	
850	1310	1930	1850	1590	1590	950	560	0	650	1230	
1110	1140	1850	2020	1930	2110	1530	1210	650	0	720	
1190	720	1390	1780	1910	2300	1870	1740	1230	720	0	
Velocidade_Veiculos
1	1	1	1	1	1	1	1	