M: 8
N: 10
Nun_Veiculos: 5
Capacidade_Total: 238
Demanda_Total: 125
Setup_Min: 1
Setup_Max: 9
Raio: 20
Circulos: 1
Tempo_Processamento_Min: 1
Tempo_Processamento_Max: 49
Demanda_Min: 10
Demanda_Max: 30
Priority_Factor: 0.2
Range_Factor_R: 0.8
U_factor: 2
ALpha: 0.2Replicao: 0
Tempos_Processamentos
0	0	1	0	2	0	3	0	4	0	5	0	6	0	7	0	
0	10	1	11	2	38	3	27	4	40	5	17	6	31	7	43	
0	6	1	15	2	6	3	23	4	11	5	24	6	36	7	16	
0	16	1	30	2	22	3	34	4	41	5	12	6	45	7	10	
0	21	1	24	2	11	3	47	4	9	5	46	6	9	7	8	
0	8	1	38	2	34	3	39	4	2	5	14	6	46	7	32	
0	15	1	8	2	6	3	31	4	25	5	15	6	5	7	36	
0	34	1	47	2	26	3	20	4	26	5	30	6	44	7	3	
0	7	1	29	2	16	3	23	4	36	5	24	6	19	7	15	
0	2	1	49	2	28	3	9	4	2	5	47	6	23	7	44	
0	40	1	44	2	34	3	16	4	27	5	10	6	16	7	38	

Tempos_setup
M0
0	0	0	0	0	0	0	0	0	0	0	
0	0	3	2	3	1	3	3	1	1	2	
0	4	0	1	4	4	7	3	2	1	1	
0	3	1	0	3	4	6	3	1	2	2	
0	2	2	1	0	3	3	4	2	3	3	
0	4	2	3	2	0	4	2	3	1	3	
0	3	3	2	1	3	0	5	3	4	4	
0	3	3	2	4	2	6	0	3	2	4	
0	2	4	3	2	3	5	2	0	3	4	
0	3	4	4	5	4	6	5	4	0	3	
0	5	1	2	5	4	8	2	3	2	0	
M1
0	0	0	0	0	0	0	0	0	0	0	
0	0	7	4	4	1	3	5	3	5	3	
0	3	0	1	2	3	3	1	2	4	3	
0	2	4	0	3	3	4	5	1	5	3	
0	3	3	4	0	2	1	4	3	3	3	
0	3	7	3	5	0	4	5	4	4	2	
0	4	4	4	1	1	0	4	2	3	3	
0	4	4	4	1	3	2	0	3	3	4	
0	3	5	5	2	4	3	5	0	4	2	
0	3	4	1	2	2	2	1	2	0	4	
0	3	6	5	3	3	2	6	3	5	0	
M2
0	0	0	0	0	0	0	0	0	0	0	
0	0	6	4	5	5	5	6	1	5	4	
0	1	0	1	4	4	2	6	2	2	3	
0	4	4	0	3	5	1	6	2	1	4	
0	2	1	2	0	5	3	3	3	3	4	
0	2	1	2	5	0	3	2	3	3	4	
0	3	3	2	2	5	0	5	4	3	4	
0	5	5	6	5	7	4	0	4	7	8	
0	6	5	6	4	5	5	5	0	5	4	
0	4	5	6	6	4	4	6	5	0	3	
0	3	2	3	3	1	1	3	4	4	0	
M3
0	0	0	0	0	0	0	0	0	0	0	
0	0	3	2	2	5	3	3	2	1	3	
0	4	0	6	4	2	1	4	6	3	4	
0	2	4	0	2	5	4	1	4	1	3	
0	5	2	5	0	3	3	3	4	4	1	
0	4	2	5	2	0	1	5	6	1	3	
0	5	1	6	3	3	0	4	5	3	4	
0	2	5	4	4	5	5	0	4	3	5	
0	1	4	1	3	6	4	2	0	2	4	
0	3	3	4	1	4	4	4	5	0	2	
0	4	4	4	2	2	3	2	3	3	0	
M4
0	0	0	0	0	0	0	0	0	0	0	
0	0	6	6	3	4	5	5	2	5	6	
0	2	0	7	3	4	1	3	4	6	5	
0	3	4	0	1	3	2	4	3	1	4	
0	3	7	5	0	5	2	4	5	4	3	
0	4	6	4	4	0	4	4	3	3	2	
0	1	7	6	2	3	0	2	3	5	4	
0	4	6	4	5	1	3	0	4	3	2	
0	1	7	4	1	4	3	3	0	5	4	
0	2	3	1	2	4	1	3	4	0	5	
0	3	4	2	3	3	2	4	5	1	0	
M5
0	0	0	0	0	0	0	0	0	0	0	
0	0	3	6	5	6	4	7	5	2	4	
0	1	0	4	4	3	5	5	6	3	3	
0	1	4	0	1	2	3	1	3	2	1	
0	2	3	5	0	6	5	4	4	1	4	
0	4	5	5	4	0	2	2	4	3	6	
0	4	5	7	6	2	0	4	5	3	8	
0	5	4	6	5	6	4	0	2	4	4	
0	3	2	6	6	4	6	6	0	2	5	
0	1	2	4	5	5	5	5	6	0	5	
0	3	4	2	1	4	4	3	5	2	0	
M6
0	0	0	0	0	0	0	0	0	0	0	
0	0	7	6	6	6	6	1	5	6	6	
0	5	0	2	2	4	4	6	6	5	4	
0	4	4	0	1	3	6	5	4	5	3	
0	3	3	2	0	2	5	4	4	4	2	
0	1	1	2	3	0	5	2	5	2	5	
0	3	1	3	1	2	0	2	4	1	3	
0	3	7	6	5	6	9	0	6	8	7	
0	4	3	1	1	3	6	4	0	5	3	
0	2	5	4	4	4	7	3	3	0	6	
0	2	2	3	4	1	3	3	5	2	0	
M7
0	0	0	0	0	0	0	0	0	0	0	
0	0	3	4	1	3	2	2	2	2	1	
0	3	0	3	1	4	3	2	4	5	4	
0	4	2	0	2	6	4	3	4	5	4	
0	2	4	5	0	5	2	1	3	4	3	
0	2	2	1	1	0	2	2	1	4	3	
0	1	4	3	2	3	0	3	1	3	2	
0	3	3	5	4	5	4	0	4	4	3	
0	7	5	6	6	5	7	6	0	4	6	
0	4	1	4	2	5	4	3	4	0	3	
0	1	2	3	2	2	1	2	1	1	0	
Tamanho_Tarefas
0	19	7	17	13	16	15	8	11	4	15	
Data_Entrega
0	38	39	35	38	37	35	38	36	36	37	
Penalidade_Atraso
0	13	3	2	6	3	6	16	1	3	1	
Capacidade_Veiculo
48	44	54	46	46	
Custo_Fixo_Veiculo
480	440	540	460	460	
Coordenadas_Clientes
x	0	y	0
x	22	y	0
x	17	y	12
x	5	y	18
x	-7	y	22
x	-16	y	12
x	-17	y	0
x	-20	y	-14
x	-5	y	-16
x	6	y	-19
x	18	y	-13
Tempo_Viagem
0	22	20	18	23	20	17	24	16	19	22	
22	0	13	24	36	39	39	44	31	24	13	
20	13	0	13	25	33	36	44	35	32	25	
18	24	13	0	12	21	28	40	34	37	33	
23	36	25	12	0	13	24	38	38	42	43	
20	39	33	21	13	0	12	26	30	38	42	
17	39	36	28	24	12	0	14	20	29	37	
24	44	44	40	38	26	14	0	15	26	38	
16	31	35	34	38	30	20	15	0	11	23	
19	24	32	37	42	38	29	26	11	0	13	
22	13	25	33	43	42	37	38	23	13	0	
Custo_Viagem
V0
0	211	192	172	220	192	163	230	153	182	211	
211	0	124	230	345	374	374	422	297	230	124	
192	124	0	124	249	316	345	432	336	307	240	
172	230	124	0	115	201	268	384	336	355	316	
220	345	249	115	0	124	230	364	364	412	412	
192	374	316	201	124	0	115	249	288	364	403	
163	374	345	268	230	115	0	134	192	278	355	
230	422	432	384	364	249	134	0	144	249	364	
153	297	336	336	364	288	192	144	0	105	220	
182	230	307	355	412	364	278	249	105	0	124	
211	124	240	316	412	403	355	364	220	124	0	
V1
0	193	176	158	202	176	149	211	140	167	193	
193	0	114	211	316	343	343	387	272	211	114	
176	114	0	114	228	290	316	396	308	281	220	
158	211	114	0	105	184	246	352	308	325	290	
202	316	228	105	0	114	211	334	334	378	378	
176	343	290	184	114	0	105	228	264	334	369	
149	343	316	246	211	105	0	123	176	255	325	
211	387	396	352	334	228	123	0	132	228	334	
140	272	308	308	334	264	176	132	0	96	202	
167	211	281	325	378	334	255	228	96	0	114	
193	114	220	290	378	369	325	334	202	114	0	
V2
0	237	216	194	248	216	183	259	172	205	237	
237	0	140	259	388	421	421	475	334	259	140	
216	140	0	140	280	356	388	486	378	345	270	
194	259	140	0	129	226	302	432	378	399	356	
248	388	280	129	0	140	259	410	410	464	464	
216	421	356	226	140	0	129	280	324	410	453	
183	421	388	302	259	129	0	151	216	313	399	
259	475	486	432	410	280	151	0	162	280	410	
172	334	378	378	410	324	216	162	0	118	248	
205	259	345	399	464	410	313	280	118	0	140	
237	140	270	356	464	453	399	410	248	140	0	
V3
0	202	184	165	211	184	156	220	147	174	202	
202	0	119	220	331	358	358	404	285	220	119	
184	119	0	119	239	303	331	414	322	294	230	
165	220	119	0	110	193	257	368	322	340	303	
211	331	239	110	0	119	220	349	349	395	395	
184	358	303	193	119	0	110	239	276	349	386	
156	358	331	257	220	110	0	128	184	266	340	
220	404	414	368	349	239	128	0	138	239	349	
147	285	322	322	349	276	184	138	0	101	211	
174	220	294	340	395	349	266	239	101	0	119	
202	119	230	303	395	386	340	349	211	119	0	
V4
0	202	184	165	211	184	156	220	147	174	202	
202	0	119	220	331	358	358	404	285	220	119	
184	119	0	119	239	303	331	414	322	294	230	
165	220	119	0	110	193	257	368	322	340	303	
211	331	239	110	0	119	220	349	349	395	395	
184	358	303	193	119	0	110	239	276	349	386	
156	358	331	257	220	110	0	128	184	266	340	
220	404	414	368	349	239	128	0	138	239	349	
147	285	322	322	349	276	184	138	0	101	211	
174	220	294	340	395	349	266	239	101	0	119	
202	119	230	303	395	386	340	349	211	119	0	
Velocidade_Veiculos
1	1	1	1	1	