M: 8
N: 10
Nun_Veiculos: 6
Capacidade_Total: 366
Demanda_Total: 165
Setup_Min: 1
Setup_Max: 9
Raio: 20
Circulos: 1
Tempo_Processamento_Min: 1
Tempo_Processamento_Max: 49
Demanda_Min: 10
Demanda_Max: 30
Priority_Factor: 0.2
Range_Factor_R: 0.8
U_factor: 2
ALpha: 0.2Replicao: 3
Tempos_Processamentos
0	0	1	0	2	0	3	0	4	0	5	0	6	0	7	0	
0	36	1	44	2	30	3	32	4	16	5	48	6	20	7	34	
0	1	1	31	2	21	3	1	4	25	5	30	6	25	7	27	
0	5	1	14	2	48	3	49	4	19	5	49	6	6	7	40	
0	24	1	22	2	7	3	38	4	39	5	36	6	43	7	33	
0	21	1	46	2	31	3	32	4	2	5	11	6	48	7	2	
0	4	1	9	2	37	3	37	4	18	5	33	6	7	7	7	
0	24	1	25	2	16	3	7	4	30	5	30	6	32	7	29	
0	21	1	5	2	31	3	10	4	36	5	18	6	27	7	8	
0	45	1	4	2	2	3	13	4	29	5	30	6	14	7	10	
0	10	1	13	2	34	3	31	4	26	5	26	6	13	7	18	

Tempos_setup
M0
0	0	0	0	0	0	0	0	0	0	0	
0	0	1	4	5	3	6	3	4	3	4	
0	4	0	3	4	2	6	2	3	2	3	
0	1	2	0	2	1	3	4	3	2	1	
0	7	5	7	0	6	3	7	6	5	4	
0	2	3	1	3	0	4	4	2	1	1	
0	5	4	4	3	3	0	6	4	4	3	
0	3	4	2	2	2	5	0	4	3	3	
0	1	2	2	2	1	5	2	0	1	2	
0	2	3	3	3	2	6	3	1	0	1	
0	3	2	4	4	3	5	4	2	1	0	
M1
0	0	0	0	0	0	0	0	0	0	0	
0	0	2	2	3	3	5	2	1	3	2	
0	5	0	5	3	4	6	4	3	4	4	
0	2	3	0	3	3	3	2	3	1	2	
0	2	3	2	0	5	3	2	2	1	4	
0	1	3	3	4	0	6	3	2	4	3	
0	1	2	3	3	4	0	2	2	4	3	
0	1	1	2	4	4	5	0	2	3	3	
0	3	1	4	2	5	5	2	0	3	5	
0	1	2	3	4	4	2	1	2	0	3	
0	2	4	3	1	1	4	3	3	2	0	
M2
0	0	0	0	0	0	0	0	0	0	0	
0	0	5	6	4	5	5	3	6	4	4	
0	4	0	2	3	3	1	2	2	2	1	
0	2	5	0	6	4	6	5	4	4	6	
0	3	1	3	0	4	2	3	3	3	2	
0	1	4	3	5	0	5	4	6	4	5	
0	3	1	1	2	2	0	1	1	1	2	
0	3	2	3	3	2	2	0	3	1	1	
0	4	3	4	4	3	3	1	0	2	2	
0	2	1	3	4	1	2	3	3	0	2	
0	4	2	4	5	5	3	4	4	4	0	
M3
0	0	0	0	0	0	0	0	0	0	0	
0	0	1	5	5	6	3	3	6	4	6	
0	1	0	4	4	5	2	4	6	5	5	
0	2	3	0	2	6	4	5	4	3	3	
0	3	2	5	0	4	2	5	6	5	1	
0	2	3	2	3	0	1	3	5	3	2	
0	5	4	5	2	4	0	3	4	3	3	
0	4	5	2	4	5	6	0	3	1	5	
0	2	3	7	5	5	3	5	0	1	5	
0	3	4	6	7	4	5	6	2	0	6	
0	3	4	4	3	3	1	4	5	4	0	
M4
0	0	0	0	0	0	0	0	0	0	0	
0	0	2	4	1	2	4	2	3	2	2	
0	1	0	3	2	3	2	2	2	1	3	
0	3	3	0	2	1	5	3	3	4	5	
0	1	2	3	0	3	4	1	2	3	3	
0	2	3	3	1	0	5	2	2	4	4	
0	4	3	1	3	2	0	2	4	4	3	
0	2	1	2	3	3	3	0	3	2	4	
0	4	3	2	3	3	5	2	0	4	4	
0	3	2	3	4	4	4	1	4	0	5	
0	2	1	4	2	2	3	3	3	2	0	
M5
0	0	0	0	0	0	0	0	0	0	0	
0	0	6	2	5	5	1	7	2	5	3	
0	5	0	4	8	5	6	6	6	6	4	
0	6	6	0	8	7	7	5	6	5	6	
0	3	2	1	0	4	4	6	5	3	2	
0	3	3	3	3	0	3	3	1	2	3	
0	6	5	1	4	5	0	6	1	4	5	
0	3	3	3	3	4	3	0	1	4	2	
0	5	7	3	5	4	2	7	0	3	4	
0	2	4	4	5	3	3	6	4	0	1	
0	1	3	3	5	2	2	5	3	4	0	
M6
0	0	0	0	0	0	0	0	0	0	0	
0	0	4	4	3	2	6	3	5	3	3	
0	5	0	4	2	4	4	5	4	4	4	
0	2	2	0	2	4	2	4	6	4	2	
0	4	4	2	0	5	3	5	6	2	2	
0	3	4	2	3	0	4	4	3	1	1	
0	1	5	3	3	3	0	2	4	4	4	
0	5	5	3	1	2	4	0	5	3	3	
0	2	3	1	2	3	1	1	0	2	3	
0	3	4	3	5	5	5	6	5	0	4	
0	5	3	5	5	3	5	5	4	4	0	
M7
0	0	0	0	0	0	0	0	0	0	0	
0	0	3	1	2	1	3	3	3	1	6	
0	1	0	2	3	2	4	2	4	2	7	
0	3	4	0	5	4	4	4	6	2	6	
0	4	3	2	0	5	6	5	1	4	6	
0	2	2	3	4	0	3	3	4	1	5	
0	3	4	2	5	3	0	3	5	2	8	
0	2	3	3	2	3	2	0	3	1	7	
0	3	2	1	2	4	5	4	0	3	5	
0	1	2	2	3	2	2	2	4	0	7	
0	2	4	3	4	3	5	3	3	3	0	
Tamanho_Tarefas
0	30	3	23	28	4	18	20	9	12	18	
Data_Entrega
0	35	34	31	31	32	31	32	32	32	34	
Penalidade_Atraso
0	1	20	11	4	10	17	16	17	10	12	
Capacidade_Veiculo
86	52	59	42	71	56	
Custo_Fixo_Veiculo
860	520	590	420	710	560	
Coordenadas_Clientes
x	0	y	0
x	22	y	0
x	13	y	9
x	6	y	19
x	-6	y	20
x	-16	y	12
x	-18	y	0
x	-13	y	-9
x	-6	y	-20
x	4	y	-14
x	14	y	-10
Tempo_Viagem
0	22	15	19	20	20	18	15	20	14	17	
22	0	12	24	33	39	40	36	33	22	12	
15	12	0	12	21	29	32	30	34	24	19	
19	24	12	0	12	23	30	33	39	33	30	
20	33	21	12	0	12	23	29	40	34	36	
20	39	29	23	12	0	12	21	33	32	37	
18	40	32	30	23	12	0	10	23	26	33	
15	36	30	33	29	21	10	0	13	17	27	
20	33	34	39	40	33	23	13	0	11	21	
14	22	24	33	34	32	26	17	11	0	10	
17	12	19	30	36	37	33	27	21	10	0	
Custo_Viagem
V0
0	378	258	326	344	344	309	258	344	240	292	
378	0	206	412	584	670	688	619	584	378	206	
258	206	0	206	361	498	550	533	584	412	326	
326	412	206	0	206	395	516	567	688	567	516	
344	584	361	206	0	206	395	498	688	602	619	
344	670	498	395	206	0	206	361	567	550	636	
309	688	550	516	395	206	0	172	395	447	567	
258	619	533	567	498	361	172	0	223	292	464	
344	584	584	688	688	567	395	223	0	189	378	
240	378	412	567	602	550	447	292	189	0	172	
292	206	326	516	619	636	567	464	378	172	0	
V1
0	228	156	197	208	208	187	156	208	145	176	
228	0	124	249	353	405	416	374	353	228	124	
156	124	0	124	218	301	332	322	353	249	197	
197	249	124	0	124	239	312	343	416	343	312	
208	353	218	124	0	124	239	301	416	364	374	
208	405	301	239	124	0	124	218	343	332	384	
187	416	332	312	239	124	0	104	239	270	343	
156	374	322	343	301	218	104	0	135	176	280	
208	353	353	416	416	343	239	135	0	114	228	
145	228	249	343	364	332	270	176	114	0	104	
176	124	197	312	374	384	343	280	228	104	0	
V2
0	259	177	224	236	236	212	177	236	165	200	
259	0	141	283	401	460	472	424	401	259	141	
177	141	0	141	247	342	377	365	401	283	224	
224	283	141	0	141	271	354	389	472	389	354	
236	401	247	141	0	141	271	342	472	413	424	
236	460	342	271	141	0	141	247	389	377	436	
212	472	377	354	271	141	0	118	271	306	389	
177	424	365	389	342	247	118	0	153	200	318	
236	401	401	472	472	389	271	153	0	129	259	
165	259	283	389	413	377	306	200	129	0	118	
200	141	224	354	424	436	389	318	259	118	0	
V3
0	184	126	159	168	168	151	126	168	117	142	
184	0	100	201	285	327	336	302	285	184	100	
126	100	0	100	176	243	268	260	285	201	159	
159	201	100	0	100	193	252	277	336	277	252	
168	285	176	100	0	100	193	243	336	294	302	
168	327	243	193	100	0	100	176	277	268	310	
151	336	268	252	193	100	0	84	193	218	277	
126	302	260	277	243	176	84	0	109	142	226	
168	285	285	336	336	277	193	109	0	92	184	
117	184	201	277	294	268	218	142	92	0	84	
142	100	159	252	302	310	277	226	184	84	0	
V4
0	312	213	269	284	284	255	213	284	198	241	
312	0	170	340	482	553	568	511	482	312	170	
213	170	0	170	298	411	454	440	482	340	269	
269	340	170	0	170	326	426	468	568	468	426	
284	482	298	170	0	170	326	411	568	497	511	
284	553	411	326	170	0	170	298	468	454	525	
255	568	454	426	326	170	0	142	326	369	468	
213	511	440	468	411	298	142	0	184	241	383	
284	482	482	568	568	468	326	184	0	156	312	
198	312	340	468	497	454	369	241	156	0	142	
241	170	269	426	511	525	468	383	312	142	0	
V5
0	246	168	212	224	224	201	168	224	156	190	
246	0	134	268	380	436	448	403	380	246	134	
168	134	0	134	235	324	358	347	380	268	212	
212	268	134	0	134	257	336	369	448	369	336	
224	380	235	134	0	134	257	324	448	392	403	
224	436	324	257	134	0	134	235	369	358	414	
201	448	358	336	257	134	0	112	257	291	369	
168	403	347	369	324	235	112	0	145	190	302	
224	380	380	448	448	369	257	145	0	123	246	
156	246	268	369	392	358	291	190	123	0	112	
190	134	212	336	403	414	369	302	246	112	0	
Velocidade_Veiculos
1	1	1	1	1	1	