M: 8
N: 10
Nun_Veiculos: 5
Capacidade_Total: 239
Demanda_Total: 182
Setup_Min: 1
Setup_Max: 99
Raio: 20
Circulos: 1
Tempo_Processamento_Min: 1
Tempo_Processamento_Max: 49
Demanda_Min: 10
Demanda_Max: 30
Priority_Factor: 0.2
Range_Factor_R: 0.8
U_factor: 2
ALpha: 0.2Replicao: 3
Tempos_Processamentos
0	0	1	0	2	0	3	0	4	0	5	0	6	0	7	0	
0	31	1	48	2	12	3	3	4	12	5	20	6	37	7	18	
0	46	1	5	2	8	3	43	4	21	5	17	6	11	7	43	
0	43	1	30	2	3	3	9	4	1	5	12	6	7	7	7	
0	14	1	10	2	35	3	48	4	18	5	15	6	17	7	44	
0	28	1	28	2	49	3	11	4	9	5	20	6	12	7	28	
0	32	1	10	2	9	3	34	4	30	5	26	6	23	7	29	
0	18	1	25	2	19	3	32	4	5	5	36	6	7	7	38	
0	9	1	6	2	8	3	24	4	36	5	45	6	24	7	24	
0	40	1	18	2	39	3	28	4	29	5	26	6	35	7	28	
0	16	1	11	2	28	3	14	4	43	5	22	6	20	7	22	

Tempos_setup
M0
0	0	0	0	0	0	0	0	0	0	0	
0	0	51	56	65	35	5	40	29	2	41	
0	4	0	60	69	39	9	44	33	6	45	
0	46	42	0	39	26	36	57	59	48	7	
0	13	9	60	0	28	18	44	20	15	25	
0	20	16	37	30	0	10	60	49	22	6	
0	18	46	67	60	30	0	58	47	20	36	
0	29	26	16	39	30	11	0	50	31	7	
0	34	31	40	41	15	25	24	0	36	21	
0	21	49	54	63	33	3	38	27	0	39	
0	42	38	42	32	30	35	67	52	44	0	
M1
0	0	0	0	0	0	0	0	0	0	0	
0	0	38	27	34	15	44	18	42	15	47	
0	5	0	9	11	19	37	21	14	20	18	
0	18	49	0	7	32	62	35	27	33	65	
0	18	48	45	0	25	62	28	20	33	65	
0	21	33	21	28	0	47	3	27	27	50	
0	8	15	17	24	2	0	5	23	8	3	
0	18	47	18	25	33	62	0	45	24	54	
0	26	28	26	33	5	52	8	0	32	46	
0	28	23	32	25	42	60	41	37	0	38	
0	5	28	21	28	20	44	3	42	5	0	
M2
0	0	0	0	0	0	0	0	0	0	0	
0	0	45	40	44	49	43	45	30	38	38	
0	8	0	12	9	19	23	39	38	22	18	
0	14	19	0	4	9	42	58	31	12	37	
0	41	46	27	0	36	38	54	56	39	33	
0	14	10	5	9	0	33	49	22	3	28	
0	9	29	24	28	19	0	54	39	22	47	
0	15	35	22	12	31	15	0	36	34	10	
0	19	15	10	14	19	15	35	0	8	14	
0	11	7	2	6	11	30	46	19	0	25	
0	14	32	27	31	24	5	21	26	25	0	
M3
0	0	0	0	0	0	0	0	0	0	0	
0	0	14	58	17	46	21	41	7	18	2	
0	56	0	48	46	57	39	52	9	63	47	
0	36	24	0	43	9	45	4	32	22	38	
0	36	50	41	0	50	53	45	30	54	38	
0	42	15	59	34	0	54	14	23	13	44	
0	66	10	58	56	54	0	62	19	67	57	
0	47	20	56	39	5	41	0	28	18	41	
0	67	47	76	84	78	37	80	0	82	69	
0	40	2	46	21	34	41	48	11	0	42	
0	56	18	62	37	44	19	39	18	16	0	
M4
0	0	0	0	0	0	0	0	0	0	0	
0	0	6	23	2	3	28	17	23	33	27	
0	60	0	17	4	32	22	11	25	40	52	
0	43	48	0	45	15	5	44	45	44	35	
0	64	31	21	0	36	26	22	21	59	56	
0	43	38	30	42	0	31	29	30	30	65	
0	38	43	30	40	41	0	54	61	39	43	
0	69	9	26	13	41	31	0	34	37	61	
0	56	10	27	14	42	32	1	0	38	50	
0	39	12	18	16	33	1	23	37	0	44	
0	26	20	37	16	7	38	31	37	37	0	
M5
0	0	0	0	0	0	0	0	0	0	0	
0	0	4	18	11	22	34	22	33	19	18	
0	32	0	14	35	26	38	18	29	23	14	
0	37	39	0	44	25	33	4	31	22	35	
0	48	31	29	0	36	44	33	23	46	45	
0	16	20	20	27	0	12	24	14	17	17	
0	4	8	8	15	18	0	12	2	23	22	
0	33	37	37	44	47	29	0	31	52	31	
0	25	8	6	22	16	21	10	0	28	22	
0	19	21	23	30	3	15	27	17	0	20	
0	18	19	30	21	17	29	28	24	34	0	
M6
0	0	0	0	0	0	0	0	0	0	0	
0	0	30	24	24	7	27	2	21	27	30	
0	13	0	26	33	9	18	6	34	29	43	
0	37	26	0	33	35	32	30	26	55	25	
0	35	61	35	0	18	49	13	47	38	46	
0	36	43	17	33	0	31	37	39	20	38	
0	5	20	29	29	12	0	7	26	32	35	
0	41	48	22	38	5	36	0	44	25	43	
0	11	26	26	35	9	6	4	0	29	41	
0	49	62	49	14	32	58	27	52	0	51	
0	12	27	27	36	10	7	5	1	30	0	
M7
0	0	0	0	0	0	0	0	0	0	0	
0	0	45	46	27	43	51	40	13	45	17	
0	40	0	19	25	27	26	25	25	14	29	
0	21	12	0	24	11	10	31	21	13	25	
0	27	30	36	0	47	46	55	40	35	44	
0	24	15	3	13	0	13	34	10	2	14	
0	25	2	4	14	1	0	21	11	3	15	
0	34	37	38	19	35	48	0	5	37	9	
0	29	32	33	14	30	43	29	0	32	4	
0	37	14	16	11	13	12	33	11	0	15	
0	45	28	45	30	42	41	25	16	29	0	
Tamanho_Tarefas
0	22	12	8	20	22	22	15	17	22	22	
Data_Entrega
0	31	32	36	35	33	34	34	33	35	35	
Penalidade_Atraso
0	3	2	5	8	4	9	1	8	8	3	
Capacidade_Veiculo
53	43	32	62	49	
Custo_Fixo_Veiculo
530	430	320	620	490	
Coordenadas_Clientes
x	0	y	0
x	16	y	0
x	14	y	10
x	5	y	17
x	-6	y	21
x	-17	y	12
x	-21	y	0
x	-13	y	-9
x	-5	y	-18
x	5	y	-16
x	17	y	-12
Tempo_Viagem
0	16	17	17	21	20	21	15	18	16	20	
16	0	10	20	30	35	37	30	27	19	12	
17	10	0	11	22	31	36	32	33	27	22	
17	20	11	0	11	22	31	31	35	33	31	
21	30	22	11	0	14	25	30	39	37	40	
20	35	31	22	14	0	12	21	32	35	40	
21	37	36	31	25	12	0	12	24	30	39	
15	30	32	31	30	21	12	0	12	19	30	
18	27	33	35	39	32	24	12	0	10	22	
16	19	27	33	37	35	30	19	10	0	12	
20	12	22	31	40	40	39	30	22	12	0	
Custo_Viagem
V0
0	169	180	180	222	212	222	159	190	169	212	
169	0	106	212	318	371	392	318	286	201	127	
180	106	0	116	233	328	381	349	349	286	233	
180	212	116	0	116	233	328	328	381	349	328	
222	318	233	116	0	148	265	318	413	402	424	
212	371	328	233	148	0	127	222	339	371	434	
222	392	381	328	265	127	0	127	254	318	413	
159	318	349	328	318	222	127	0	127	201	318	
190	286	349	381	413	339	254	127	0	106	233	
169	201	286	349	402	371	318	201	106	0	127	
212	127	233	328	424	434	413	318	233	127	0	
V1
0	137	146	146	180	172	180	129	154	137	172	
137	0	86	172	258	301	318	258	232	163	103	
146	86	0	94	189	266	309	283	283	232	189	
146	172	94	0	94	189	266	266	309	283	266	
180	258	189	94	0	120	215	258	335	326	344	
172	301	266	189	120	0	103	180	275	301	352	
180	318	309	266	215	103	0	103	206	258	335	
129	258	283	266	258	180	103	0	103	163	258	
154	232	283	309	335	275	206	103	0	86	189	
137	163	232	283	326	301	258	163	86	0	103	
172	103	189	266	344	352	335	258	189	103	0	
V2
0	102	108	108	134	128	134	96	115	102	128	
102	0	64	128	192	224	236	192	172	121	76	
108	64	0	70	140	198	230	211	211	172	140	
108	128	70	0	70	140	198	198	230	211	198	
134	192	140	70	0	89	160	192	249	243	256	
128	224	198	140	89	0	76	134	204	224	262	
134	236	230	198	160	76	0	76	153	192	249	
96	192	211	198	192	134	76	0	76	121	192	
115	172	211	230	249	204	153	76	0	64	140	
102	121	172	211	243	224	192	121	64	0	76	
128	76	140	198	256	262	249	192	140	76	0	
V3
0	198	210	210	260	248	260	186	223	198	248	
198	0	124	248	372	434	458	372	334	235	148	
210	124	0	136	272	384	446	409	409	334	272	
210	248	136	0	136	272	384	384	446	409	384	
260	372	272	136	0	173	310	372	483	471	496	
248	434	384	272	173	0	148	260	396	434	508	
260	458	446	384	310	148	0	148	297	372	483	
186	372	409	384	372	260	148	0	148	235	372	
223	334	409	446	483	396	297	148	0	124	272	
198	235	334	409	471	434	372	235	124	0	148	
248	148	272	384	496	508	483	372	272	148	0	
V4
0	156	166	166	205	196	205	147	176	156	196	
156	0	98	196	294	343	362	294	264	186	117	
166	98	0	107	215	303	352	323	323	264	215	
166	196	107	0	107	215	303	303	352	323	303	
205	294	215	107	0	137	245	294	382	372	392	
196	343	303	215	137	0	117	205	313	343	401	
205	362	352	303	245	117	0	117	235	294	382	
147	294	323	303	294	205	117	0	117	186	294	
176	264	323	352	382	313	235	117	0	98	215	
156	186	264	323	372	343	294	186	98	0	117	
196	117	215	303	392	401	382	294	215	117	0	
Velocidade_Veiculos
1	1	1	1	1	