M: 2
N: 15
Nun_Veiculos: 7
Capacidade_Total: 489
Demanda_Total: 288
Setup_Min: 1
Setup_Max: 9
Raio: 100
Circulos: 1
Tempo_Processamento_Min: 1
Tempo_Processamento_Max: 49
Demanda_Min: 10
Demanda_Max: 30
Priority_Factor: 0.2
Range_Factor_R: 0.8
U_factor: 2
ALpha: 0.2Replicao: 4
Tempos_Processamentos
0	0	1	0	
0	24	1	32	
0	21	1	17	
0	6	1	20	
0	8	1	40	
0	19	1	5	
0	35	1	4	
0	4	1	5	
0	32	1	4	
0	13	1	34	
0	12	1	28	
0	48	1	27	
0	31	1	45	
0	17	1	39	
0	12	1	33	
0	26	1	44	

Tempos_setup
M0
0	0	0	0	0	0	0	0	0	0	0	0	0	0	0	0	
0	0	3	4	4	2	2	3	5	5	3	2	5	2	4	3	
0	2	0	3	3	3	2	4	2	5	4	1	4	4	3	2	
0	3	2	0	1	4	4	2	4	2	4	3	2	2	3	3	
0	4	2	2	0	4	4	1	3	3	3	3	1	3	2	2	
0	4	4	3	4	0	4	2	3	4	1	4	3	5	2	1	
0	5	3	4	2	2	0	3	5	5	3	4	3	5	3	2	
0	3	4	3	4	4	4	0	3	2	4	4	3	5	2	2	
0	4	3	2	1	3	1	2	0	3	3	1	2	4	1	2	
0	1	4	5	5	3	3	4	6	0	2	3	6	3	5	4	
0	3	6	4	5	5	5	2	5	4	0	4	5	4	4	3	
0	5	4	2	3	4	4	4	3	4	4	0	3	4	2	1	
0	3	1	3	4	3	3	3	3	4	3	2	0	2	2	1	
0	1	3	4	2	3	3	1	4	3	4	3	3	0	3	3	
0	4	2	1	2	2	4	3	3	3	2	3	1	3	0	2	
0	4	3	2	3	3	5	4	4	3	3	3	2	4	1	0	
M1
0	0	0	0	0	0	0	0	0	0	0	0	0	0	0	0	
0	0	3	3	3	4	3	2	3	2	4	4	5	2	1	2	
0	2	0	2	1	4	3	2	4	2	3	4	5	2	1	1	
0	1	1	0	2	4	3	2	4	2	4	4	5	2	1	2	
0	3	3	2	0	3	2	1	3	1	2	3	4	4	3	4	
0	2	3	3	3	0	2	4	4	2	4	3	1	2	3	2	
0	4	3	3	1	4	0	2	4	2	3	3	5	2	4	4	
0	4	5	5	5	2	4	0	6	4	6	2	3	4	5	4	
0	4	4	4	5	3	5	5	0	4	5	2	2	3	4	3	
0	2	2	1	1	4	1	2	4	0	3	4	5	3	2	3	
0	3	3	2	1	1	2	1	1	1	0	3	2	3	2	3	
0	2	4	3	4	1	3	4	5	3	5	0	2	3	3	3	
0	2	2	2	3	2	3	3	4	3	3	5	0	1	2	1	
0	4	4	4	3	2	3	3	3	3	2	5	3	0	2	3	
0	2	2	2	2	3	2	1	4	1	3	3	4	1	0	1	
0	1	1	1	2	4	2	2	4	2	4	4	5	2	1	0	
Tamanho_Tarefas
0	28	18	10	8	10	13	4	17	20	20	29	34	28	17	32	
Data_Entrega
0	256	281	261	241	223	240	200	249	247	245	198	280	226	272	253	
Penalidade_Atraso
0	10	16	19	5	15	7	1	9	8	4	20	13	20	14	18	
Capacidade_Veiculo
67	93	40	64	62	63	100	
Custo_Fixo_Veiculo
670	930	400	640	620	630	1000	
Coordenadas_Clientes
x	0	y	0
x	97	y	0
x	83	y	37
x	73	y	81
x	30	y	95
x	-12	y	115
x	-58	y	100
x	-93	y	68
x	-76	y	16
x	-97	y	-20
x	-68	y	-49
x	-50	y	-88
x	-12	y	-118
x	31	y	-97
x	78	y	-86
x	78	y	-34
Tempo_Viagem
0	97	90	109	99	115	115	115	77	99	83	101	118	101	116	85	
97	0	39	84	116	158	184	201	173	195	172	171	160	116	88	38	
90	39	0	45	78	122	154	178	160	188	173	182	181	143	123	71	
109	84	45	0	45	91	132	166	162	197	191	209	216	182	167	115	
99	116	78	45	0	46	88	125	132	171	174	199	217	192	187	137	
115	158	122	91	46	0	48	93	117	158	173	206	233	216	220	174	
115	184	154	132	88	48	0	47	85	126	149	188	222	216	230	190	
115	201	178	166	125	93	47	0	54	88	119	161	202	206	230	199	
77	173	160	162	132	117	85	54	0	41	65	107	148	155	184	161	
99	195	188	197	171	158	126	88	41	0	41	82	129	149	187	175	
83	172	173	191	174	173	149	119	65	41	0	42	88	110	150	146	
101	171	182	209	199	206	188	161	107	82	42	0	48	81	128	138	
118	160	181	216	217	233	222	202	148	129	88	48	0	47	95	123	
101	116	143	182	192	216	216	206	155	149	110	81	47	0	48	78	
116	88	123	167	187	220	230	230	184	187	150	128	95	48	0	52	
85	38	71	115	137	174	190	199	161	175	146	138	123	78	52	0	
Custo_Viagem
V0
0	1299	1206	1460	1326	1541	1541	1541	1031	1326	1112	1353	1581	1353	1554	1139	
1299	0	522	1125	1554	2117	2465	2693	2318	2613	2304	2291	2144	1567	1179	509	
1206	522	0	603	1045	1634	2063	2385	2144	2519	2318	2438	2425	1916	1648	951	
1460	1125	603	0	603	1219	1768	2224	2170	2639	2559	2800	2894	2438	2237	1541	
1326	1554	1045	603	0	616	1179	1675	1768	2291	2331	2666	2907	2572	2505	1835	
1541	2117	1634	1219	616	0	643	1246	1567	2130	2318	2760	3122	2894	2948	2331	
1541	2465	2063	1768	1179	643	0	629	1139	1688	1996	2519	2974	2894	3082	2546	
1541	2693	2385	2224	1675	1246	629	0	723	1179	1594	2157	2706	2760	3082	2666	
1031	2318	2144	2170	1768	1567	1139	723	0	549	871	1433	1983	2077	2465	2157	
1326	2613	2519	2639	2291	2130	1688	1179	549	0	549	1098	1728	1996	2505	2345	
1112	2304	2318	2559	2331	2318	1996	1594	871	549	0	562	1179	1474	2010	1956	
1353	2291	2438	2800	2666	2760	2519	2157	1433	1098	562	0	643	1085	1715	1849	
1581	2144	2425	2894	2907	3122	2974	2706	1983	1728	1179	643	0	629	1273	1648	
1353	1567	1916	2438	2572	2894	2894	2760	2077	1996	1474	1085	629	0	643	1045	
1554	1179	1648	2237	2505	2948	3082	3082	2465	2505	2010	1715	1273	643	0	696	
1139	509	951	1541	1835	2331	2546	2666	2157	2345	1956	1849	1648	1045	696	0	
V1
0	1804	1674	2027	1841	2139	2139	2139	1432	1841	1543	1878	2194	1878	2157	1581	
1804	0	725	1562	2157	2938	3422	3738	3217	3627	3199	3180	2976	2176	1636	706	
1674	725	0	837	1450	2269	2864	3310	2976	3496	3217	3385	3366	2659	2287	1320	
2027	1562	837	0	837	1692	2455	3087	3013	3664	3552	3887	4017	3385	3106	2139	
1841	2157	1450	837	0	855	1636	2325	2455	3180	3236	3701	4036	3571	3478	2548	
2139	2938	2269	1692	855	0	892	1729	2176	2957	3217	3831	4333	4017	4092	3236	
2139	3422	2864	2455	1636	892	0	874	1581	2343	2771	3496	4129	4017	4278	3534	
2139	3738	3310	3087	2325	1729	874	0	1004	1636	2213	2994	3757	3831	4278	3701	
1432	3217	2976	3013	2455	2176	1581	1004	0	762	1209	1990	2752	2883	3422	2994	
1841	3627	3496	3664	3180	2957	2343	1636	762	0	762	1525	2399	2771	3478	3255	
1543	3199	3217	3552	3236	3217	2771	2213	1209	762	0	781	1636	2046	2790	2715	
1878	3180	3385	3887	3701	3831	3496	2994	1990	1525	781	0	892	1506	2380	2566	
2194	2976	3366	4017	4036	4333	4129	3757	2752	2399	1636	892	0	874	1767	2287	
1878	2176	2659	3385	3571	4017	4017	3831	2883	2771	2046	1506	874	0	892	1450	
2157	1636	2287	3106	3478	4092	4278	4278	3422	3478	2790	2380	1767	892	0	967	
1581	706	1320	2139	2548	3236	3534	3701	2994	3255	2715	2566	2287	1450	967	0	
V2
0	776	720	872	792	920	920	920	616	792	664	808	944	808	928	680	
776	0	312	672	928	1264	1472	1608	1384	1560	1376	1368	1280	936	704	304	
720	312	0	360	624	976	1232	1424	1280	1504	1384	1456	1448	1144	984	568	
872	672	360	0	360	728	1056	1328	1296	1576	1528	1672	1728	1456	1336	920	
792	928	624	360	0	368	704	1000	1056	1368	1392	1592	1736	1536	1496	1096	
920	1264	976	728	368	0	384	744	936	1272	1384	1648	1864	1728	1760	1392	
920	1472	1232	1056	704	384	0	376	680	1008	1192	1504	1776	1728	1840	1520	
920	1608	1424	1328	1000	744	376	0	432	704	952	1288	1616	1648	1840	1592	
616	1384	1280	1296	1056	936	680	432	0	328	520	856	1184	1240	1472	1288	
792	1560	1504	1576	1368	1272	1008	704	328	0	328	656	1032	1192	1496	1400	
664	1376	1384	1528	1392	1384	1192	952	520	328	0	336	704	880	1200	1168	
808	1368	1456	1672	1592	1648	1504	1288	856	656	336	0	384	648	1024	1104	
944	1280	1448	1728	1736	1864	1776	1616	1184	1032	704	384	0	376	760	984	
808	936	1144	1456	1536	1728	1728	1648	1240	1192	880	648	376	0	384	624	
928	704	984	1336	1496	1760	1840	1840	1472	1496	1200	1024	760	384	0	416	
680	304	568	920	1096	1392	1520	1592	1288	1400	1168	1104	984	624	416	0	
V3
0	1241	1152	1395	1267	1472	1472	1472	985	1267	1062	1292	1510	1292	1484	1088	
1241	0	499	1075	1484	2022	2355	2572	2214	2496	2201	2188	2048	1497	1126	486	
1152	499	0	576	998	1561	1971	2278	2048	2406	2214	2329	2316	1830	1574	908	
1395	1075	576	0	576	1164	1689	2124	2073	2521	2444	2675	2764	2329	2137	1472	
1267	1484	998	576	0	588	1126	1600	1689	2188	2227	2547	2777	2457	2393	1753	
1472	2022	1561	1164	588	0	614	1190	1497	2035	2214	2636	2982	2764	2816	2227	
1472	2355	1971	1689	1126	614	0	601	1088	1612	1907	2406	2841	2764	2944	2432	
1472	2572	2278	2124	1600	1190	601	0	691	1126	1523	2060	2585	2636	2944	2547	
985	2214	2048	2073	1689	1497	1088	691	0	524	832	1369	1894	1984	2355	2060	
1267	2496	2406	2521	2188	2035	1612	1126	524	0	524	1049	1651	1907	2393	2240	
1062	2201	2214	2444	2227	2214	1907	1523	832	524	0	537	1126	1408	1920	1868	
1292	2188	2329	2675	2547	2636	2406	2060	1369	1049	537	0	614	1036	1638	1766	
1510	2048	2316	2764	2777	2982	2841	2585	1894	1651	1126	614	0	601	1216	1574	
1292	1497	1830	2329	2457	2764	2764	2636	1984	1907	1408	1036	601	0	614	998	
1484	1126	1574	2137	2393	2816	2944	2944	2355	2393	1920	1638	1216	614	0	665	
1088	486	908	1472	1753	2227	2432	2547	2060	2240	1868	1766	1574	998	665	0	
V4
0	1202	1116	1351	1227	1426	1426	1426	954	1227	1029	1252	1463	1252	1438	1054	
1202	0	483	1041	1438	1959	2281	2492	2145	2418	2132	2120	1984	1450	1091	471	
1116	483	0	558	967	1512	1909	2207	1984	2331	2145	2256	2244	1773	1525	880	
1351	1041	558	0	558	1128	1636	2058	2008	2442	2368	2591	2678	2256	2070	1426	
1227	1438	967	558	0	570	1091	1550	1636	2120	2157	2467	2690	2380	2318	1698	
1426	1959	1512	1128	570	0	595	1153	1450	1971	2145	2554	2889	2678	2728	2157	
1426	2281	1909	1636	1091	595	0	582	1054	1562	1847	2331	2752	2678	2852	2356	
1426	2492	2207	2058	1550	1153	582	0	669	1091	1475	1996	2504	2554	2852	2467	
954	2145	1984	2008	1636	1450	1054	669	0	508	806	1326	1835	1922	2281	1996	
1227	2418	2331	2442	2120	1971	1562	1091	508	0	508	1016	1599	1847	2318	2170	
1029	2132	2145	2368	2157	2145	1847	1475	806	508	0	520	1091	1364	1860	1810	
1252	2120	2256	2591	2467	2554	2331	1996	1326	1016	520	0	595	1004	1587	1711	
1463	1984	2244	2678	2690	2889	2752	2504	1835	1599	1091	595	0	582	1178	1525	
1252	1450	1773	2256	2380	2678	2678	2554	1922	1847	1364	1004	582	0	595	967	
1438	1091	1525	2070	2318	2728	2852	2852	2281	2318	1860	1587	1178	595	0	644	
1054	471	880	1426	1698	2157	2356	2467	1996	2170	1810	1711	1525	967	644	0	
V5
0	1222	1134	1373	1247	1449	1449	1449	970	1247	1045	1272	1486	1272	1461	1071	
1222	0	491	1058	1461	1990	2318	2532	2179	2457	2167	2154	2016	1474	1108	478	
1134	491	0	567	982	1537	1940	2242	2016	2368	2179	2293	2280	1801	1549	894	
1373	1058	567	0	567	1146	1663	2091	2041	2482	2406	2633	2721	2293	2104	1449	
1247	1461	982	567	0	579	1108	1575	1663	2154	2192	2507	2734	2419	2356	1726	
1449	1990	1537	1146	579	0	604	1171	1474	2003	2179	2595	2935	2721	2772	2192	
1449	2318	1940	1663	1108	604	0	592	1071	1587	1877	2368	2797	2721	2898	2394	
1449	2532	2242	2091	1575	1171	592	0	680	1108	1499	2028	2545	2595	2898	2507	
970	2179	2016	2041	1663	1474	1071	680	0	516	819	1348	1864	1953	2318	2028	
1247	2457	2368	2482	2154	2003	1587	1108	516	0	516	1033	1625	1877	2356	2205	
1045	2167	2179	2406	2192	2179	1877	1499	819	516	0	529	1108	1386	1890	1839	
1272	2154	2293	2633	2507	2595	2368	2028	1348	1033	529	0	604	1020	1612	1738	
1486	2016	2280	2721	2734	2935	2797	2545	1864	1625	1108	604	0	592	1197	1549	
1272	1474	1801	2293	2419	2721	2721	2595	1953	1877	1386	1020	592	0	604	982	
1461	1108	1549	2104	2356	2772	2898	2898	2318	2356	1890	1612	1197	604	0	655	
1071	478	894	1449	1726	2192	2394	2507	2028	2205	1839	1738	1549	982	655	0	
V6
0	1940	1800	2180	1980	2300	2300	2300	1540	1980	1660	2020	2360	2020	2320	1700	
1940	0	780	1680	2320	3160	3680	4020	3460	3900	3440	3420	3200	2340	1760	760	
1800	780	0	900	1560	2440	3080	3560	3200	3760	3460	3640	3620	2860	2460	1420	
2180	1680	900	0	900	1820	2640	3320	3240	3940	3820	4180	4320	3640	3340	2300	
1980	2320	1560	900	0	920	1760	2500	2640	3420	3480	3980	4340	3840	3740	2740	
2300	3160	2440	1820	920	0	960	1860	2340	3180	3460	4120	4660	4320	4400	3480	
2300	3680	3080	2640	1760	960	0	940	1700	2520	2980	3760	4440	4320	4600	3800	
2300	4020	3560	3320	2500	1860	940	0	1080	1760	2380	3220	4040	4120	4600	3980	
1540	3460	3200	3240	2640	2340	1700	1080	0	820	1300	2140	2960	3100	3680	3220	
1980	3900	3760	3940	3420	3180	2520	1760	820	0	820	1640	2580	2980	3740	3500	
1660	3440	3460	3820	3480	3460	2980	2380	1300	820	0	840	1760	2200	3000	2920	
2020	3420	3640	4180	3980	4120	3760	3220	2140	1640	840	0	960	1620	2560	2760	
2360	3200	3620	4320	4340	4660	4440	4040	2960	2580	1760	960	0	940	1900	2460	
2020	2340	2860	3640	3840	4320	4320	4120	3100	2980	2200	1620	940	0	960	1560	
2320	1760	2460	3340	3740	4400	4600	4600	3680	3740	3000	2560	1900	960	0	1040	
1700	760	1420	2300	2740	3480	3800	3980	3220	3500	2920	2760	2460	1560	1040	0	
Velocidade_Veiculos
1	1	1	1	1	1	1	