M: 2
N: 15
Nun_Veiculos: 6
Capacidade_Total: 573
Demanda_Total: 342
Setup_Min: 1
Setup_Max: 99
Raio: 100
Circulos: 1
Tempo_Processamento_Min: 1
Tempo_Processamento_Max: 49
Demanda_Min: 10
Demanda_Max: 30
Priority_Factor: 0.2
Range_Factor_R: 0.8
U_factor: 2
ALpha: 0.2Replicao: 0
Tempos_Processamentos
0	0	1	0	
0	23	1	16	
0	40	1	34	
0	36	1	32	
0	12	1	22	
0	1	1	23	
0	31	1	37	
0	24	1	26	
0	12	1	6	
0	28	1	15	
0	12	1	36	
0	39	1	16	
0	37	1	28	
0	43	1	45	
0	13	1	9	
0	2	1	48	

Tempos_setup
M0
0	0	0	0	0	0	0	0	0	0	0	0	0	0	0	0	
0	0	33	18	56	39	28	34	19	33	32	26	29	13	21	16	
0	15	0	13	29	35	23	29	14	28	5	28	24	8	16	11	
0	2	28	0	38	24	10	16	21	35	14	18	20	15	23	18	
0	21	32	19	0	34	29	10	31	15	20	17	14	25	33	17	
0	6	25	17	34	0	18	10	11	25	10	26	14	19	2	15	
0	12	18	10	40	14	0	6	25	39	16	8	10	25	14	13	
0	11	22	9	34	31	19	0	30	40	10	23	4	24	32	7	
0	20	14	18	40	27	13	19	0	14	16	16	23	22	27	25	
0	6	32	4	42	28	14	20	25	0	18	2	24	19	27	22	
0	39	56	43	24	33	51	34	44	39	0	41	38	49	35	41	
0	4	30	2	40	26	12	18	23	37	16	0	22	17	25	20	
0	8	34	6	30	30	16	22	27	37	6	19	0	21	29	24	
0	7	20	5	43	27	15	21	6	20	19	20	16	0	8	3	
0	4	34	22	48	26	16	22	23	37	24	24	18	17	0	20	
0	4	30	2	40	24	12	18	23	33	16	17	22	17	25	0	
M1
0	0	0	0	0	0	0	0	0	0	0	0	0	0	0	0	
0	0	18	28	21	42	15	13	30	25	7	10	48	21	22	31	
0	33	0	29	31	43	38	41	43	7	40	43	36	31	35	19	
0	4	13	0	24	14	10	16	14	20	11	14	32	20	18	27	
0	19	15	19	0	26	29	10	12	22	14	13	30	18	16	34	
0	28	36	56	49	0	34	41	49	35	35	38	31	7	50	44	
0	18	3	26	19	29	0	11	15	10	5	8	33	19	19	17	
0	19	5	15	8	29	25	0	20	12	4	7	35	18	19	24	
0	7	7	17	10	14	18	2	0	14	6	1	18	6	4	26	
0	26	1	22	24	36	31	34	36	0	33	36	29	24	31	12	
0	25	11	21	14	35	31	6	26	18	0	3	41	14	15	24	
0	39	30	40	28	38	45	25	36	37	24	0	54	18	12	34	
0	29	14	37	30	26	11	22	26	21	16	19	0	30	30	28	
0	21	30	49	42	37	27	34	42	37	28	31	58	0	43	37	
0	31	31	35	16	38	41	26	24	32	30	25	42	30	0	22	
0	31	22	31	12	38	19	22	24	29	24	25	42	30	28	0	
Tamanho_Tarefas
0	16	36	32	15	7	34	24	7	17	24	24	32	44	9	21	
Data_Entrega
0	246	302	324	268	228	352	230	255	232	224	235	252	237	306	292	
Penalidade_Atraso
0	10	3	14	2	11	14	5	4	10	11	10	18	18	8	6	
Capacidade_Veiculo
122	63	77	110	78	123	
Custo_Fixo_Veiculo
1220	630	770	1100	780	1230	
Coordenadas_Clientes
x	0	y	0
x	91	y	0
x	84	y	37
x	56	y	62
x	29	y	92
x	-12	y	118
x	-50	y	86
x	-98	y	71
x	-73	y	15
x	-109	y	-23
x	-92	y	-67
x	-47	y	-83
x	-8	y	-85
x	33	y	-102
x	75	y	-83
x	86	y	-38
Tempo_Viagem
0	91	91	83	96	118	99	121	74	111	113	95	85	107	111	94	
91	0	37	71	110	156	165	201	164	201	194	161	130	117	84	38	
91	37	0	37	77	125	142	185	158	202	204	177	152	148	120	75	
83	71	37	0	40	88	108	154	137	185	196	177	160	165	146	104	
96	110	77	40	0	48	79	128	127	179	199	190	180	194	180	141	
118	156	125	88	48	0	49	98	119	171	201	204	203	224	219	184	
99	165	142	108	79	49	0	50	74	123	158	169	176	205	210	184	
121	201	185	154	128	98	50	0	61	94	138	162	180	217	231	213	
74	164	158	137	127	119	74	61	0	52	84	101	119	157	177	167	
111	201	202	185	179	171	123	94	52	0	47	86	118	162	193	195	
113	194	204	196	199	201	158	138	84	47	0	47	85	129	167	180	
95	161	177	177	190	204	169	162	101	86	47	0	39	82	122	140	
85	130	152	160	180	203	176	180	119	118	85	39	0	44	83	105	
107	117	148	165	194	224	205	217	157	162	129	82	44	0	46	83	
111	84	120	146	180	219	210	231	177	193	167	122	83	46	0	46	
94	38	75	104	141	184	184	213	167	195	180	140	105	83	46	0	
Custo_Viagem
V0
0	2220	2220	2025	2342	2879	2415	2952	1805	2708	2757	2318	2074	2610	2708	2293	
2220	0	902	1732	2684	3806	4026	4904	4001	4904	4733	3928	3172	2854	2049	927	
2220	902	0	902	1878	3050	3464	4514	3855	4928	4977	4318	3708	3611	2928	1830	
2025	1732	902	0	976	2147	2635	3757	3342	4514	4782	4318	3904	4026	3562	2537	
2342	2684	1878	976	0	1171	1927	3123	3098	4367	4855	4636	4392	4733	4392	3440	
2879	3806	3050	2147	1171	0	1195	2391	2903	4172	4904	4977	4953	5465	5343	4489	
2415	4026	3464	2635	1927	1195	0	1220	1805	3001	3855	4123	4294	5002	5124	4489	
2952	4904	4514	3757	3123	2391	1220	0	1488	2293	3367	3952	4392	5294	5636	5197	
1805	4001	3855	3342	3098	2903	1805	1488	0	1268	2049	2464	2903	3830	4318	4074	
2708	4904	4928	4514	4367	4172	3001	2293	1268	0	1146	2098	2879	3952	4709	4758	
2757	4733	4977	4782	4855	4904	3855	3367	2049	1146	0	1146	2074	3147	4074	4392	
2318	3928	4318	4318	4636	4977	4123	3952	2464	2098	1146	0	951	2000	2976	3416	
2074	3172	3708	3904	4392	4953	4294	4392	2903	2879	2074	951	0	1073	2025	2562	
2610	2854	3611	4026	4733	5465	5002	5294	3830	3952	3147	2000	1073	0	1122	2025	
2708	2049	2928	3562	4392	5343	5124	5636	4318	4709	4074	2976	2025	1122	0	1122	
2293	927	1830	2537	3440	4489	4489	5197	4074	4758	4392	3416	2562	2025	1122	0	
V1
0	1146	1146	1045	1209	1486	1247	1524	932	1398	1423	1197	1071	1348	1398	1184	
1146	0	466	894	1386	1965	2079	2532	2066	2532	2444	2028	1638	1474	1058	478	
1146	466	0	466	970	1575	1789	2331	1990	2545	2570	2230	1915	1864	1512	945	
1045	894	466	0	504	1108	1360	1940	1726	2331	2469	2230	2016	2079	1839	1310	
1209	1386	970	504	0	604	995	1612	1600	2255	2507	2394	2268	2444	2268	1776	
1486	1965	1575	1108	604	0	617	1234	1499	2154	2532	2570	2557	2822	2759	2318	
1247	2079	1789	1360	995	617	0	630	932	1549	1990	2129	2217	2583	2646	2318	
1524	2532	2331	1940	1612	1234	630	0	768	1184	1738	2041	2268	2734	2910	2683	
932	2066	1990	1726	1600	1499	932	768	0	655	1058	1272	1499	1978	2230	2104	
1398	2532	2545	2331	2255	2154	1549	1184	655	0	592	1083	1486	2041	2431	2457	
1423	2444	2570	2469	2507	2532	1990	1738	1058	592	0	592	1071	1625	2104	2268	
1197	2028	2230	2230	2394	2570	2129	2041	1272	1083	592	0	491	1033	1537	1764	
1071	1638	1915	2016	2268	2557	2217	2268	1499	1486	1071	491	0	554	1045	1323	
1348	1474	1864	2079	2444	2822	2583	2734	1978	2041	1625	1033	554	0	579	1045	
1398	1058	1512	1839	2268	2759	2646	2910	2230	2431	2104	1537	1045	579	0	579	
1184	478	945	1310	1776	2318	2318	2683	2104	2457	2268	1764	1323	1045	579	0	
V2
0	1401	1401	1278	1478	1817	1524	1863	1139	1709	1740	1463	1309	1647	1709	1447	
1401	0	569	1093	1694	2402	2541	3095	2525	3095	2987	2479	2002	1801	1293	585	
1401	569	0	569	1185	1925	2186	2849	2433	3110	3141	2725	2340	2279	1848	1155	
1278	1093	569	0	616	1355	1663	2371	2109	2849	3018	2725	2464	2541	2248	1601	
1478	1694	1185	616	0	739	1216	1971	1955	2756	3064	2926	2772	2987	2772	2171	
1817	2402	1925	1355	739	0	754	1509	1832	2633	3095	3141	3126	3449	3372	2833	
1524	2541	2186	1663	1216	754	0	770	1139	1894	2433	2602	2710	3157	3234	2833	
1863	3095	2849	2371	1971	1509	770	0	939	1447	2125	2494	2772	3341	3557	3280	
1139	2525	2433	2109	1955	1832	1139	939	0	800	1293	1555	1832	2417	2725	2571	
1709	3095	3110	2849	2756	2633	1894	1447	800	0	723	1324	1817	2494	2972	3003	
1740	2987	3141	3018	3064	3095	2433	2125	1293	723	0	723	1309	1986	2571	2772	
1463	2479	2725	2725	2926	3141	2602	2494	1555	1324	723	0	600	1262	1878	2156	
1309	2002	2340	2464	2772	3126	2710	2772	1832	1817	1309	600	0	677	1278	1617	
1647	1801	2279	2541	2987	3449	3157	3341	2417	2494	1986	1262	677	0	708	1278	
1709	1293	1848	2248	2772	3372	3234	3557	2725	2972	2571	1878	1278	708	0	708	
1447	585	1155	1601	2171	2833	2833	3280	2571	3003	2772	2156	1617	1278	708	0	
V3
0	2002	2002	1826	2112	2596	2178	2662	1628	2442	2486	2090	1870	2354	2442	2068	
2002	0	814	1562	2420	3432	3630	4422	3608	4422	4268	3542	2860	2574	1848	836	
2002	814	0	814	1694	2750	3124	4070	3476	4444	4488	3894	3344	3256	2640	1650	
1826	1562	814	0	880	1936	2376	3388	3014	4070	4312	3894	3520	3630	3212	2288	
2112	2420	1694	880	0	1056	1738	2816	2794	3938	4378	4180	3960	4268	3960	3102	
2596	3432	2750	1936	1056	0	1078	2156	2618	3762	4422	4488	4466	4928	4818	4048	
2178	3630	3124	2376	1738	1078	0	1100	1628	2706	3476	3718	3872	4510	4620	4048	
2662	4422	4070	3388	2816	2156	1100	0	1342	2068	3036	3564	3960	4774	5082	4686	
1628	3608	3476	3014	2794	2618	1628	1342	0	1144	1848	2222	2618	3454	3894	3674	
2442	4422	4444	4070	3938	3762	2706	2068	1144	0	1034	1892	2596	3564	4246	4290	
2486	4268	4488	4312	4378	4422	3476	3036	1848	1034	0	1034	1870	2838	3674	3960	
2090	3542	3894	3894	4180	4488	3718	3564	2222	1892	1034	0	858	1804	2684	3080	
1870	2860	3344	3520	3960	4466	3872	3960	2618	2596	1870	858	0	968	1826	2310	
2354	2574	3256	3630	4268	4928	4510	4774	3454	3564	2838	1804	968	0	1012	1826	
2442	1848	2640	3212	3960	4818	4620	5082	3894	4246	3674	2684	1826	1012	0	1012	
2068	836	1650	2288	3102	4048	4048	4686	3674	4290	3960	3080	2310	1826	1012	0	
V4
0	1419	1419	1294	1497	1840	1544	1887	1154	1731	1762	1482	1326	1669	1731	1466	
1419	0	577	1107	1716	2433	2574	3135	2558	3135	3026	2511	2028	1825	1310	592	
1419	577	0	577	1201	1950	2215	2886	2464	3151	3182	2761	2371	2308	1872	1170	
1294	1107	577	0	624	1372	1684	2402	2137	2886	3057	2761	2496	2574	2277	1622	
1497	1716	1201	624	0	748	1232	1996	1981	2792	3104	2964	2808	3026	2808	2199	
1840	2433	1950	1372	748	0	764	1528	1856	2667	3135	3182	3166	3494	3416	2870	
1544	2574	2215	1684	1232	764	0	780	1154	1918	2464	2636	2745	3198	3276	2870	
1887	3135	2886	2402	1996	1528	780	0	951	1466	2152	2527	2808	3385	3603	3322	
1154	2558	2464	2137	1981	1856	1154	951	0	811	1310	1575	1856	2449	2761	2605	
1731	3135	3151	2886	2792	2667	1918	1466	811	0	733	1341	1840	2527	3010	3042	
1762	3026	3182	3057	3104	3135	2464	2152	1310	733	0	733	1326	2012	2605	2808	
1482	2511	2761	2761	2964	3182	2636	2527	1575	1341	733	0	608	1279	1903	2184	
1326	2028	2371	2496	2808	3166	2745	2808	1856	1840	1326	608	0	686	1294	1638	
1669	1825	2308	2574	3026	3494	3198	3385	2449	2527	2012	1279	686	0	717	1294	
1731	1310	1872	2277	2808	3416	3276	3603	2761	3010	2605	1903	1294	717	0	717	
1466	592	1170	1622	2199	2870	2870	3322	2605	3042	2808	2184	1638	1294	717	0	
V5
0	2238	2238	2041	2361	2902	2435	2976	1820	2730	2779	2337	2091	2632	2730	2312	
2238	0	910	1746	2706	3837	4059	4944	4034	4944	4772	3960	3198	2878	2066	934	
2238	910	0	910	1894	3075	3493	4551	3886	4969	5018	4354	3739	3640	2952	1845	
2041	1746	910	0	984	2164	2656	3788	3370	4551	4821	4354	3936	4059	3591	2558	
2361	2706	1894	984	0	1180	1943	3148	3124	4403	4895	4674	4428	4772	4428	3468	
2902	3837	3075	2164	1180	0	1205	2410	2927	4206	4944	5018	4993	5510	5387	4526	
2435	4059	3493	2656	1943	1205	0	1230	1820	3025	3886	4157	4329	5043	5166	4526	
2976	4944	4551	3788	3148	2410	1230	0	1500	2312	3394	3985	4428	5338	5682	5239	
1820	4034	3886	3370	3124	2927	1820	1500	0	1279	2066	2484	2927	3862	4354	4108	
2730	4944	4969	4551	4403	4206	3025	2312	1279	0	1156	2115	2902	3985	4747	4797	
2779	4772	5018	4821	4895	4944	3886	3394	2066	1156	0	1156	2091	3173	4108	4428	
2337	3960	4354	4354	4674	5018	4157	3985	2484	2115	1156	0	959	2017	3001	3444	
2091	3198	3739	3936	4428	4993	4329	4428	2927	2902	2091	959	0	1082	2041	2583	
2632	2878	3640	4059	4772	5510	5043	5338	3862	3985	3173	2017	1082	0	1131	2041	
2730	2066	2952	3591	4428	5387	5166	5682	4354	4747	4108	3001	2041	1131	0	1131	
2312	934	1845	2558	3468	4526	4526	5239	4108	4797	4428	3444	2583	2041	1131	0	
Velocidade_Veiculos
1	1	1	1	1	1	