M: 2
N: 15
Nun_Veiculos: 8
Capacidade_Total: 474
Demanda_Total: 294
Setup_Min: 1
Setup_Max: 9
Raio: 100
Circulos: 1
Tempo_Processamento_Min: 1
Tempo_Processamento_Max: 49
Demanda_Min: 10
Demanda_Max: 30
Priority_Factor: 0.2
Range_Factor_R: 0.8
U_factor: 2
ALpha: 0.2Replicao: 1
Tempos_Processamentos
0	0	1	0	
0	43	1	25	
0	35	1	17	
0	42	1	11	
0	17	1	34	
0	13	1	46	
0	24	1	24	
0	12	1	8	
0	8	1	4	
0	13	1	46	
0	5	1	3	
0	9	1	41	
0	20	1	25	
0	13	1	32	
0	18	1	48	
0	16	1	37	

Tempos_setup
M0
0	0	0	0	0	0	0	0	0	0	0	0	0	0	0	0	
0	0	4	3	4	2	4	1	2	3	3	3	2	3	1	1	
0	2	0	4	3	2	1	1	2	3	3	5	1	3	3	3	
0	4	5	0	3	4	4	5	3	6	3	5	3	4	5	2	
0	3	4	4	0	3	3	3	3	5	3	2	2	2	3	3	
0	2	3	3	4	0	2	3	3	3	2	5	1	4	3	3	
0	2	1	3	2	1	0	2	1	2	2	4	1	2	3	3	
0	6	6	6	3	6	5	0	5	4	5	5	5	4	5	5	
0	3	3	2	4	1	2	2	0	4	1	4	2	1	2	4	
0	4	5	5	5	4	5	2	3	0	4	3	3	3	4	2	
0	3	2	1	3	2	1	2	1	3	0	5	2	2	3	3	
0	1	3	4	4	1	2	2	2	4	3	0	2	1	2	2	
0	1	5	4	5	3	5	2	3	4	4	4	0	4	2	2	
0	3	2	3	4	2	3	3	1	3	2	5	2	0	1	4	
0	2	3	4	5	1	3	3	4	2	3	5	1	4	0	3	
0	3	4	3	5	2	3	3	1	4	2	5	3	2	3	0	
M1
0	0	0	0	0	0	0	0	0	0	0	0	0	0	0	0	
0	0	2	3	1	3	3	4	2	2	4	1	4	3	2	1	
0	4	0	4	5	3	6	5	5	6	6	5	5	6	6	5	
0	3	3	0	2	5	2	5	1	3	3	1	3	2	2	3	
0	4	1	2	0	4	4	6	3	5	3	3	4	2	4	4	
0	1	1	4	2	0	4	5	3	3	5	2	5	4	3	2	
0	1	2	2	1	3	0	3	3	1	2	2	3	3	3	2	
0	1	3	3	2	4	1	0	3	2	3	2	4	4	2	2	
0	2	2	3	2	4	1	4	0	2	2	3	3	1	3	2	
0	2	3	1	2	5	2	2	2	0	4	2	2	3	2	1	
0	4	2	3	4	5	4	4	3	2	0	4	1	1	3	3	
0	3	2	3	1	5	2	4	4	3	4	0	3	3	1	4	
0	3	4	2	3	6	3	3	3	1	5	3	0	4	3	2	
0	4	1	4	3	4	3	5	2	3	1	4	2	0	2	2	
0	5	1	4	4	4	5	4	5	3	4	3	5	3	0	4	
0	3	2	2	1	5	2	3	1	1	3	3	3	2	3	0	
Tamanho_Tarefas
0	28	25	24	22	29	24	8	5	29	3	24	20	16	20	17	
Data_Entrega
0	195	266	226	266	267	225	214	197	265	263	256	254	208	214	215	
Penalidade_Atraso
0	12	19	2	2	16	15	18	15	18	5	3	19	18	8	1	
Capacidade_Veiculo
64	69	34	65	43	46	83	70	
Custo_Fixo_Veiculo
640	690	340	650	430	460	830	700	
Coordenadas_Clientes
x	0	y	0
x	112	y	0
x	98	y	43
x	58	y	64
x	24	y	74
x	-11	y	106
x	-58	y	100
x	-93	y	67
x	-91	y	19
x	-85	y	-18
x	-63	y	-45
x	-53	y	-92
x	-9	y	-89
x	26	y	-81
x	81	y	-90
x	70	y	-31
Tempo_Viagem
0	112	107	86	77	106	115	114	92	86	77	106	89	85	121	76	
112	0	45	83	114	161	197	215	203	197	180	188	150	118	95	52	
107	45	0	45	80	125	166	192	190	192	183	202	169	143	134	79	
86	83	45	0	35	80	121	151	155	164	162	191	167	148	155	95	
77	114	80	35	0	47	86	117	127	142	147	182	166	155	173	114	
106	161	125	80	47	0	47	90	118	144	159	202	195	190	216	159	
115	197	166	121	86	47	0	48	87	121	145	192	195	199	235	183	
114	215	192	151	117	90	48	0	48	85	115	163	177	189	234	190	
92	203	190	155	127	118	87	48	0	37	69	117	135	153	203	168	
86	197	192	164	142	144	121	85	37	0	34	80	103	127	180	155	
77	180	183	162	147	159	145	115	69	34	0	48	69	96	150	133	
106	188	202	191	182	202	192	163	117	80	48	0	44	79	134	137	
89	150	169	167	166	195	195	177	135	103	69	44	0	35	90	98	
85	118	143	148	155	190	199	189	153	127	96	79	35	0	55	66	
121	95	134	155	173	216	235	234	203	180	150	134	90	55	0	60	
76	52	79	95	114	159	183	190	168	155	133	137	98	66	60	0	
Custo_Viagem
V0
0	1433	1369	1100	985	1356	1472	1459	1177	1100	985	1356	1139	1088	1548	972	
1433	0	576	1062	1459	2073	2521	2752	2598	2521	2304	2406	1920	1510	1216	665	
1369	576	0	576	1024	1600	2124	2457	2432	2457	2342	2585	2163	1830	1715	1011	
1100	1062	576	0	448	1024	1548	1932	1984	2099	2073	2444	2137	1894	1984	1216	
985	1459	1024	448	0	601	1100	1497	1625	1817	1881	2329	2124	1984	2214	1459	
1356	2073	1600	1024	601	0	601	1152	1510	1843	2035	2585	2496	2432	2764	2035	
1472	2521	2124	1548	1100	601	0	614	1113	1548	1856	2457	2496	2547	3008	2342	
1459	2752	2457	1932	1497	1152	614	0	614	1088	1472	2086	2265	2419	2995	2432	
1177	2598	2432	1984	1625	1510	1113	614	0	473	883	1497	1728	1958	2598	2150	
1100	2521	2457	2099	1817	1843	1548	1088	473	0	435	1024	1331	1625	2304	1984	
985	2304	2342	2073	1881	2035	1856	1472	883	435	0	614	883	1228	1920	1702	
1356	2406	2585	2444	2329	2585	2457	2086	1497	1024	614	0	563	1011	1715	1753	
1139	1920	2163	2137	2124	2496	2496	2265	1728	1331	883	563	0	448	1152	1254	
1088	1510	1830	1894	1984	2432	2547	2419	1958	1625	1228	1011	448	0	704	844	
1548	1216	1715	1984	2214	2764	3008	2995	2598	2304	1920	1715	1152	704	0	768	
972	665	1011	1216	1459	2035	2342	2432	2150	1984	1702	1753	1254	844	768	0	
V1
0	1545	1476	1186	1062	1462	1587	1573	1269	1186	1062	1462	1228	1173	1669	1048	
1545	0	621	1145	1573	2235	2718	2967	2801	2718	2484	2594	2070	1628	1311	717	
1476	621	0	621	1104	1725	2290	2649	2622	2649	2525	2787	2332	1973	1849	1090	
1186	1145	621	0	483	1104	1669	2083	2139	2263	2235	2635	2304	2042	2139	1311	
1062	1573	1104	483	0	648	1186	1614	1752	1959	2028	2511	2290	2139	2387	1573	
1462	2235	1725	1104	648	0	648	1242	1628	1987	2194	2787	2691	2622	2980	2194	
1587	2718	2290	1669	1186	648	0	662	1200	1669	2001	2649	2691	2746	3243	2525	
1573	2967	2649	2083	1614	1242	662	0	662	1173	1587	2249	2442	2608	3229	2622	
1269	2801	2622	2139	1752	1628	1200	662	0	510	952	1614	1863	2111	2801	2318	
1186	2718	2649	2263	1959	1987	1669	1173	510	0	469	1104	1435	1752	2484	2139	
1062	2484	2525	2235	2028	2194	2001	1587	952	469	0	662	952	1324	2070	1835	
1462	2594	2787	2635	2511	2787	2649	2249	1614	1104	662	0	607	1090	1849	1890	
1228	2070	2332	2304	2290	2691	2691	2442	1863	1435	952	607	0	483	1242	1352	
1173	1628	1973	2042	2139	2622	2746	2608	2111	1752	1324	1090	483	0	759	910	
1669	1311	1849	2139	2387	2980	3243	3229	2801	2484	2070	1849	1242	759	0	828	
1048	717	1090	1311	1573	2194	2525	2622	2318	2139	1835	1890	1352	910	828	0	
V2
0	761	727	584	523	720	782	775	625	584	523	720	605	578	822	516	
761	0	306	564	775	1101	1339	1462	1380	1339	1224	1278	1020	802	646	353	
727	306	0	306	544	850	1128	1305	1292	1305	1244	1373	1149	972	911	537	
584	564	306	0	238	544	822	1026	1054	1115	1101	1298	1135	1006	1054	646	
523	775	544	238	0	319	584	795	863	965	999	1237	1128	1054	1176	775	
720	1101	850	544	319	0	319	612	802	979	1081	1373	1326	1292	1468	1081	
782	1339	1128	822	584	319	0	326	591	822	986	1305	1326	1353	1598	1244	
775	1462	1305	1026	795	612	326	0	326	578	782	1108	1203	1285	1591	1292	
625	1380	1292	1054	863	802	591	326	0	251	469	795	918	1040	1380	1142	
584	1339	1305	1115	965	979	822	578	251	0	231	544	707	863	1224	1054	
523	1224	1244	1101	999	1081	986	782	469	231	0	326	469	652	1020	904	
720	1278	1373	1298	1237	1373	1305	1108	795	544	326	0	299	537	911	931	
605	1020	1149	1135	1128	1326	1326	1203	918	707	469	299	0	238	612	666	
578	802	972	1006	1054	1292	1353	1285	1040	863	652	537	238	0	374	448	
822	646	911	1054	1176	1468	1598	1591	1380	1224	1020	911	612	374	0	408	
516	353	537	646	775	1081	1244	1292	1142	1054	904	931	666	448	408	0	
V3
0	1456	1391	1118	1001	1378	1495	1482	1196	1118	1001	1378	1157	1105	1573	988	
1456	0	585	1079	1482	2106	2561	2795	2639	2561	2340	2444	1950	1534	1235	676	
1391	585	0	585	1040	1625	2158	2496	2470	2496	2379	2626	2197	1859	1742	1027	
1118	1079	585	0	455	1040	1573	1963	2015	2132	2106	2483	2171	1924	2015	1235	
1001	1482	1040	455	0	611	1118	1521	1651	1846	1911	2366	2158	2015	2249	1482	
1378	2106	1625	1040	611	0	611	1170	1534	1872	2067	2626	2535	2470	2808	2067	
1495	2561	2158	1573	1118	611	0	624	1131	1573	1885	2496	2535	2587	3055	2379	
1482	2795	2496	1963	1521	1170	624	0	624	1105	1495	2119	2301	2457	3042	2470	
1196	2639	2470	2015	1651	1534	1131	624	0	481	897	1521	1755	1989	2639	2184	
1118	2561	2496	2132	1846	1872	1573	1105	481	0	442	1040	1352	1651	2340	2015	
1001	2340	2379	2106	1911	2067	1885	1495	897	442	0	624	897	1248	1950	1729	
1378	2444	2626	2483	2366	2626	2496	2119	1521	1040	624	0	572	1027	1742	1781	
1157	1950	2197	2171	2158	2535	2535	2301	1755	1352	897	572	0	455	1170	1274	
1105	1534	1859	1924	2015	2470	2587	2457	1989	1651	1248	1027	455	0	715	858	
1573	1235	1742	2015	2249	2808	3055	3042	2639	2340	1950	1742	1170	715	0	780	
988	676	1027	1235	1482	2067	2379	2470	2184	2015	1729	1781	1274	858	780	0	
V4
0	963	920	739	662	911	989	980	791	739	662	911	765	731	1040	653	
963	0	387	713	980	1393	1694	1849	1745	1694	1548	1616	1290	1014	817	447	
920	387	0	387	688	1075	1427	1651	1634	1651	1573	1737	1453	1229	1152	679	
739	713	387	0	301	688	1040	1298	1333	1410	1393	1642	1436	1272	1333	817	
662	980	688	301	0	404	739	1006	1092	1221	1264	1565	1427	1333	1487	980	
911	1393	1075	688	404	0	404	774	1014	1238	1367	1737	1677	1634	1857	1367	
989	1694	1427	1040	739	404	0	412	748	1040	1247	1651	1677	1711	2021	1573	
980	1849	1651	1298	1006	774	412	0	412	731	989	1401	1522	1625	2012	1634	
791	1745	1634	1333	1092	1014	748	412	0	318	593	1006	1161	1315	1745	1444	
739	1694	1651	1410	1221	1238	1040	731	318	0	292	688	894	1092	1548	1333	
662	1548	1573	1393	1264	1367	1247	989	593	292	0	412	593	825	1290	1143	
911	1616	1737	1642	1565	1737	1651	1401	1006	688	412	0	378	679	1152	1178	
765	1290	1453	1436	1427	1677	1677	1522	1161	894	593	378	0	301	774	842	
731	1014	1229	1272	1333	1634	1711	1625	1315	1092	825	679	301	0	473	567	
1040	817	1152	1333	1487	1857	2021	2012	1745	1548	1290	1152	774	473	0	516	
653	447	679	817	980	1367	1573	1634	1444	1333	1143	1178	842	567	516	0	
V5
0	1030	984	791	708	975	1058	1048	846	791	708	975	818	782	1113	699	
1030	0	414	763	1048	1490	1812	1978	1867	1812	1656	1729	1380	1085	874	478	
984	414	0	414	736	1150	1527	1766	1748	1766	1683	1858	1554	1315	1232	726	
791	763	414	0	322	736	1113	1389	1426	1508	1490	1757	1536	1361	1426	874	
708	1048	736	322	0	432	791	1076	1168	1306	1352	1674	1527	1426	1591	1048	
975	1490	1150	736	432	0	432	828	1085	1324	1462	1858	1794	1748	1987	1462	
1058	1812	1527	1113	791	432	0	441	800	1113	1334	1766	1794	1830	2162	1683	
1048	1978	1766	1389	1076	828	441	0	441	782	1058	1499	1628	1738	2152	1748	
846	1867	1748	1426	1168	1085	800	441	0	340	634	1076	1242	1407	1867	1545	
791	1812	1766	1508	1306	1324	1113	782	340	0	312	736	956	1168	1656	1426	
708	1656	1683	1490	1352	1462	1334	1058	634	312	0	441	634	883	1380	1223	
975	1729	1858	1757	1674	1858	1766	1499	1076	736	441	0	404	726	1232	1260	
818	1380	1554	1536	1527	1794	1794	1628	1242	956	634	404	0	322	828	901	
782	1085	1315	1361	1426	1748	1830	1738	1407	1168	883	726	322	0	506	607	
1113	874	1232	1426	1591	1987	2162	2152	1867	1656	1380	1232	828	506	0	552	
699	478	726	874	1048	1462	1683	1748	1545	1426	1223	1260	901	607	552	0	
V6
0	1859	1776	1427	1278	1759	1909	1892	1527	1427	1278	1759	1477	1411	2008	1261	
1859	0	747	1377	1892	2689	3270	3569	3369	3270	2988	3120	2490	1958	1577	863	
1776	747	0	747	1328	2075	2755	3187	3154	3187	3037	3353	2805	2373	2224	1311	
1427	1377	747	0	581	1328	2008	2506	2573	2722	2689	3170	2772	2456	2573	1577	
1278	1892	1328	581	0	780	1427	1942	2108	2357	2440	3021	2755	2573	2871	1892	
1759	2689	2075	1328	780	0	780	1494	1958	2390	2639	3353	3237	3154	3585	2639	
1909	3270	2755	2008	1427	780	0	796	1444	2008	2407	3187	3237	3303	3901	3037	
1892	3569	3187	2506	1942	1494	796	0	796	1411	1909	2705	2938	3137	3884	3154	
1527	3369	3154	2573	2108	1958	1444	796	0	614	1145	1942	2241	2539	3369	2788	
1427	3270	3187	2722	2357	2390	2008	1411	614	0	564	1328	1726	2108	2988	2573	
1278	2988	3037	2689	2440	2639	2407	1909	1145	564	0	796	1145	1593	2490	2207	
1759	3120	3353	3170	3021	3353	3187	2705	1942	1328	796	0	730	1311	2224	2274	
1477	2490	2805	2772	2755	3237	3237	2938	2241	1726	1145	730	0	581	1494	1626	
1411	1958	2373	2456	2573	3154	3303	3137	2539	2108	1593	1311	581	0	913	1095	
2008	1577	2224	2573	2871	3585	3901	3884	3369	2988	2490	2224	1494	913	0	996	
1261	863	1311	1577	1892	2639	3037	3154	2788	2573	2207	2274	1626	1095	996	0	
V7
0	1568	1498	1204	1078	1484	1610	1596	1288	1204	1078	1484	1246	1190	1694	1064	
1568	0	630	1162	1596	2268	2758	3010	2842	2758	2520	2632	2100	1652	1330	728	
1498	630	0	630	1120	1750	2324	2688	2660	2688	2562	2828	2366	2002	1876	1106	
1204	1162	630	0	490	1120	1694	2114	2170	2296	2268	2674	2338	2072	2170	1330	
1078	1596	1120	490	0	658	1204	1638	1778	1988	2058	2548	2324	2170	2422	1596	
1484	2268	1750	1120	658	0	658	1260	1652	2016	2226	2828	2730	2660	3024	2226	
1610	2758	2324	1694	1204	658	0	672	1218	1694	2030	2688	2730	2786	3290	2562	
1596	3010	2688	2114	1638	1260	672	0	672	1190	1610	2282	2478	2646	3276	2660	
1288	2842	2660	2170	1778	1652	1218	672	0	518	966	1638	1890	2142	2842	2352	
1204	2758	2688	2296	1988	2016	1694	1190	518	0	476	1120	1456	1778	2520	2170	
1078	2520	2562	2268	2058	2226	2030	1610	966	476	0	672	966	1344	2100	1862	
1484	2632	2828	2674	2548	2828	2688	2282	1638	1120	672	0	616	1106	1876	1918	
1246	2100	2366	2338	2324	2730	2730	2478	1890	1456	966	616	0	490	1260	1372	
1190	1652	2002	2072	2170	2660	2786	2646	2142	1778	1344	1106	490	0	770	924	
1694	1330	1876	2170	2422	3024	3290	3276	2842	2520	2100	1876	1260	770	0	840	
1064	728	1106	1330	1596	2226	2562	2660	2352	2170	1862	1918	1372	924	840	0	
Velocidade_Veiculos
1	1	1	1	1	1	1	1	