M: 2
N: 15
Nun_Veiculos: 5
Capacidade_Total: 409
Demanda_Total: 266
Setup_Min: 1
Setup_Max: 9
Raio: 100
Circulos: 1
Tempo_Processamento_Min: 1
Tempo_Processamento_Max: 49
Demanda_Min: 10
Demanda_Max: 30
Priority_Factor: 0.2
Range_Factor_R: 0.8
U_factor: 2
ALpha: 0.2Replicao: 3
Tempos_Processamentos
0	0	1	0	
0	6	1	14	
0	34	1	5	
0	25	1	12	
0	14	1	30	
0	16	1	23	
0	39	1	4	
0	12	1	25	
0	42	1	46	
0	18	1	15	
0	33	1	41	
0	27	1	37	
0	14	1	2	
0	9	1	12	
0	7	1	41	
0	34	1	18	

Tempos_setup
M0
0	0	0	0	0	0	0	0	0	0	0	0	0	0	0	0	
0	0	3	2	3	1	3	1	2	2	5	1	1	2	2	2	
0	2	0	4	5	3	4	2	2	4	6	2	3	2	3	4	
0	3	2	0	5	4	5	3	2	3	6	3	2	1	4	3	
0	5	5	5	0	6	5	3	4	5	4	2	5	4	2	5	
0	3	3	1	2	0	3	3	3	1	4	1	3	2	2	3	
0	3	4	4	4	4	0	4	4	5	4	4	4	3	1	5	
0	2	2	3	4	3	2	0	1	2	5	2	2	1	3	2	
0	1	2	3	3	2	4	2	0	3	5	1	2	2	2	3	
0	2	2	4	5	3	2	3	4	0	3	3	3	3	1	4	
0	3	3	2	5	3	2	4	2	4	0	2	3	2	3	3	
0	4	4	4	4	5	3	2	3	4	4	0	4	3	1	4	
0	3	2	2	5	4	3	4	4	3	5	4	0	3	4	1	
0	2	1	3	4	3	4	2	1	4	6	2	1	0	3	2	
0	5	3	3	8	6	5	5	5	5	3	5	5	4	0	4	
0	2	1	1	5	3	3	3	3	4	4	3	3	2	3	0	
M1
0	0	0	0	0	0	0	0	0	0	0	0	0	0	0	0	
0	0	5	3	2	4	1	3	1	4	4	2	4	3	2	5	
0	1	0	2	3	3	2	4	2	4	3	3	1	4	3	4	
0	3	2	0	3	1	3	2	3	2	4	2	1	3	4	2	
0	4	4	3	0	3	1	3	2	2	3	3	3	4	1	4	
0	2	1	2	3	0	2	3	2	4	4	1	2	2	3	1	
0	5	4	4	2	3	0	3	2	4	3	4	5	4	1	4	
0	2	4	2	1	3	1	0	3	2	4	3	3	3	2	4	
0	4	4	2	3	3	1	2	0	4	3	4	3	4	2	4	
0	3	2	1	3	2	2	2	2	0	5	1	2	2	3	3	
0	2	1	3	3	4	1	4	2	5	0	4	2	1	2	5	
0	5	4	3	3	4	1	3	1	5	4	0	3	1	2	3	
0	2	1	1	4	2	2	3	3	3	3	3	0	3	3	3	
0	5	5	5	5	5	4	5	4	6	5	4	6	0	3	6	
0	4	3	3	2	2	1	2	1	4	2	3	4	3	0	3	
0	4	3	1	2	2	3	2	3	3	3	3	2	4	2	0	
Tamanho_Tarefas
0	6	11	13	20	16	7	17	43	16	37	30	7	9	15	19	
Data_Entrega
0	282	267	215	240	274	266	208	200	257	215	270	202	276	251	268	
Penalidade_Atraso
0	1	9	1	18	3	20	20	19	18	11	6	18	6	1	3	
Capacidade_Veiculo
78	53	121	93	64	
Custo_Fixo_Veiculo
780	530	1210	930	640	
Coordenadas_Clientes
x	0	y	0
x	78	y	0
x	75	y	33
x	80	y	89
x	30	y	94
x	-8	y	80
x	-41	y	71
x	-76	y	55
x	-99	y	21
x	-112	y	-23
x	-97	y	-70
x	-44	y	-77
x	-10	y	-97
x	38	y	-117
x	67	y	-75
x	74	y	-33
Tempo_Viagem
0	78	81	119	98	80	81	93	101	114	119	88	97	123	100	81	
78	0	33	89	105	117	138	163	178	191	188	144	130	123	75	33	
81	33	0	56	75	95	122	152	174	195	200	162	155	154	108	66	
119	89	56	0	50	88	122	159	191	222	237	207	206	210	164	122	
98	105	75	50	0	40	74	112	148	183	207	186	195	211	173	134	
80	117	95	88	40	0	34	72	108	146	174	161	177	202	172	139	
81	138	122	122	74	34	0	38	76	117	151	148	170	203	181	155	
93	163	152	159	112	72	38	0	41	85	126	135	165	206	193	173	
101	178	174	191	148	108	76	41	0	45	91	112	147	194	191	181	
114	191	195	222	183	146	117	85	45	0	49	86	125	177	186	186	
119	188	200	237	207	174	151	126	91	49	0	53	91	142	164	174	
88	144	162	207	186	161	148	135	112	86	53	0	39	91	111	125	
97	130	155	206	195	177	170	165	147	125	91	39	0	52	80	105	
123	123	154	210	211	202	203	206	194	177	142	91	52	0	51	91	
100	75	108	164	173	172	181	193	191	186	164	111	80	51	0	42	
81	33	66	122	134	139	155	173	181	186	174	125	105	91	42	0	
Custo_Viagem
V0
0	1216	1263	1856	1528	1248	1263	1450	1575	1778	1856	1372	1513	1918	1560	1263	
1216	0	514	1388	1638	1825	2152	2542	2776	2979	2932	2246	2028	1918	1170	514	
1263	514	0	873	1170	1482	1903	2371	2714	3042	3120	2527	2418	2402	1684	1029	
1856	1388	873	0	780	1372	1903	2480	2979	3463	3697	3229	3213	3276	2558	1903	
1528	1638	1170	780	0	624	1154	1747	2308	2854	3229	2901	3042	3291	2698	2090	
1248	1825	1482	1372	624	0	530	1123	1684	2277	2714	2511	2761	3151	2683	2168	
1263	2152	1903	1903	1154	530	0	592	1185	1825	2355	2308	2652	3166	2823	2418	
1450	2542	2371	2480	1747	1123	592	0	639	1326	1965	2106	2574	3213	3010	2698	
1575	2776	2714	2979	2308	1684	1185	639	0	702	1419	1747	2293	3026	2979	2823	
1778	2979	3042	3463	2854	2277	1825	1326	702	0	764	1341	1965	2761	2901	2901	
1856	2932	3120	3697	3229	2714	2355	1965	1419	764	0	826	1419	2215	2558	2714	
1372	2246	2527	3229	2901	2511	2308	2106	1747	1341	826	0	608	1419	1731	1950	
1513	2028	2418	3213	3042	2761	2652	2574	2293	1965	1419	608	0	811	1248	1638	
1918	1918	2402	3276	3291	3151	3166	3213	3026	2761	2215	1419	811	0	795	1419	
1560	1170	1684	2558	2698	2683	2823	3010	2979	2901	2558	1731	1248	795	0	655	
1263	514	1029	1903	2090	2168	2418	2698	2823	2901	2714	1950	1638	1419	655	0	
V1
0	826	858	1261	1038	848	858	985	1070	1208	1261	932	1028	1303	1060	858	
826	0	349	943	1113	1240	1462	1727	1886	2024	1992	1526	1378	1303	795	349	
858	349	0	593	795	1007	1293	1611	1844	2067	2120	1717	1643	1632	1144	699	
1261	943	593	0	530	932	1293	1685	2024	2353	2512	2194	2183	2226	1738	1293	
1038	1113	795	530	0	424	784	1187	1568	1939	2194	1971	2067	2236	1833	1420	
848	1240	1007	932	424	0	360	763	1144	1547	1844	1706	1876	2141	1823	1473	
858	1462	1293	1293	784	360	0	402	805	1240	1600	1568	1802	2151	1918	1643	
985	1727	1611	1685	1187	763	402	0	434	901	1335	1431	1749	2183	2045	1833	
1070	1886	1844	2024	1568	1144	805	434	0	477	964	1187	1558	2056	2024	1918	
1208	2024	2067	2353	1939	1547	1240	901	477	0	519	911	1335	1876	1971	1971	
1261	1992	2120	2512	2194	1844	1600	1335	964	519	0	561	964	1505	1738	1844	
932	1526	1717	2194	1971	1706	1568	1431	1187	911	561	0	413	964	1176	1325	
1028	1378	1643	2183	2067	1876	1802	1749	1558	1335	964	413	0	551	848	1113	
1303	1303	1632	2226	2236	2141	2151	2183	2056	1876	1505	964	551	0	540	964	
1060	795	1144	1738	1833	1823	1918	2045	2024	1971	1738	1176	848	540	0	445	
858	349	699	1293	1420	1473	1643	1833	1918	1971	1844	1325	1113	964	445	0	
V2
0	1887	1960	2879	2371	1936	1960	2250	2444	2758	2879	2129	2347	2976	2420	1960	
1887	0	798	2153	2541	2831	3339	3944	4307	4622	4549	3484	3146	2976	1815	798	
1960	798	0	1355	1815	2299	2952	3678	4210	4719	4840	3920	3751	3726	2613	1597	
2879	2153	1355	0	1210	2129	2952	3847	4622	5372	5735	5009	4985	5082	3968	2952	
2371	2541	1815	1210	0	968	1790	2710	3581	4428	5009	4501	4719	5106	4186	3242	
1936	2831	2299	2129	968	0	822	1742	2613	3533	4210	3896	4283	4888	4162	3363	
1960	3339	2952	2952	1790	822	0	919	1839	2831	3654	3581	4114	4912	4380	3751	
2250	3944	3678	3847	2710	1742	919	0	992	2057	3049	3267	3993	4985	4670	4186	
2444	4307	4210	4622	3581	2613	1839	992	0	1089	2202	2710	3557	4694	4622	4380	
2758	4622	4719	5372	4428	3533	2831	2057	1089	0	1185	2081	3049	4283	4501	4501	
2879	4549	4840	5735	5009	4210	3654	3049	2202	1185	0	1282	2202	3436	3968	4210	
2129	3484	3920	5009	4501	3896	3581	3267	2710	2081	1282	0	943	2202	2686	3025	
2347	3146	3751	4985	4719	4283	4114	3993	3557	3049	2202	943	0	1258	1936	2541	
2976	2976	3726	5082	5106	4888	4912	4985	4694	4283	3436	2202	1258	0	1234	2202	
2420	1815	2613	3968	4186	4162	4380	4670	4622	4501	3968	2686	1936	1234	0	1016	
1960	798	1597	2952	3242	3363	3751	4186	4380	4501	4210	3025	2541	2202	1016	0	
V3
0	1450	1506	2213	1822	1488	1506	1729	1878	2120	2213	1636	1804	2287	1860	1506	
1450	0	613	1655	1953	2176	2566	3031	3310	3552	3496	2678	2418	2287	1395	613	
1506	613	0	1041	1395	1767	2269	2827	3236	3627	3720	3013	2883	2864	2008	1227	
2213	1655	1041	0	930	1636	2269	2957	3552	4129	4408	3850	3831	3906	3050	2269	
1822	1953	1395	930	0	744	1376	2083	2752	3403	3850	3459	3627	3924	3217	2492	
1488	2176	1767	1636	744	0	632	1339	2008	2715	3236	2994	3292	3757	3199	2585	
1506	2566	2269	2269	1376	632	0	706	1413	2176	2808	2752	3162	3775	3366	2883	
1729	3031	2827	2957	2083	1339	706	0	762	1581	2343	2511	3069	3831	3589	3217	
1878	3310	3236	3552	2752	2008	1413	762	0	837	1692	2083	2734	3608	3552	3366	
2120	3552	3627	4129	3403	2715	2176	1581	837	0	911	1599	2343	3292	3459	3459	
2213	3496	3720	4408	3850	3236	2808	2343	1692	911	0	985	1692	2641	3050	3236	
1636	2678	3013	3850	3459	2994	2752	2511	2083	1599	985	0	725	1692	2064	2325	
1804	2418	2883	3831	3627	3292	3162	3069	2734	2343	1692	725	0	967	1488	1953	
2287	2287	2864	3906	3924	3757	3775	3831	3608	3292	2641	1692	967	0	948	1692	
1860	1395	2008	3050	3217	3199	3366	3589	3552	3459	3050	2064	1488	948	0	781	
1506	613	1227	2269	2492	2585	2883	3217	3366	3459	3236	2325	1953	1692	781	0	
V4
0	998	1036	1523	1254	1024	1036	1190	1292	1459	1523	1126	1241	1574	1280	1036	
998	0	422	1139	1344	1497	1766	2086	2278	2444	2406	1843	1664	1574	960	422	
1036	422	0	716	960	1216	1561	1945	2227	2496	2560	2073	1984	1971	1382	844	
1523	1139	716	0	640	1126	1561	2035	2444	2841	3033	2649	2636	2688	2099	1561	
1254	1344	960	640	0	512	947	1433	1894	2342	2649	2380	2496	2700	2214	1715	
1024	1497	1216	1126	512	0	435	921	1382	1868	2227	2060	2265	2585	2201	1779	
1036	1766	1561	1561	947	435	0	486	972	1497	1932	1894	2176	2598	2316	1984	
1190	2086	1945	2035	1433	921	486	0	524	1088	1612	1728	2112	2636	2470	2214	
1292	2278	2227	2444	1894	1382	972	524	0	576	1164	1433	1881	2483	2444	2316	
1459	2444	2496	2841	2342	1868	1497	1088	576	0	627	1100	1612	2265	2380	2380	
1523	2406	2560	3033	2649	2227	1932	1612	1164	627	0	678	1164	1817	2099	2227	
1126	1843	2073	2649	2380	2060	1894	1728	1433	1100	678	0	499	1164	1420	1600	
1241	1664	1984	2636	2496	2265	2176	2112	1881	1612	1164	499	0	665	1024	1344	
1574	1574	1971	2688	2700	2585	2598	2636	2483	2265	1817	1164	665	0	652	1164	
1280	960	1382	2099	2214	2201	2316	2470	2444	2380	2099	1420	1024	652	0	537	
1036	422	844	1561	1715	1779	1984	2214	2316	2380	2227	1600	1344	1164	537	0	
Velocidade_Veiculos
1	1	1	1	1	