M: 2
N: 15
Nun_Veiculos: 6
Capacidade_Total: 371
Demanda_Total: 300
Setup_Min: 1
Setup_Max: 9
Raio: 20
Circulos: 1
Tempo_Processamento_Min: 1
Tempo_Processamento_Max: 49
Demanda_Min: 10
Demanda_Max: 30
Priority_Factor: 0.2
Range_Factor_R: 0.8
U_factor: 2
ALpha: 0.2Replicao: 0
Tempos_Processamentos
0	0	1	0	
0	5	1	40	
0	44	1	31	
0	3	1	27	
0	37	1	7	
0	16	1	24	
0	7	1	11	
0	14	1	11	
0	46	1	39	
0	36	1	42	
0	2	1	15	
0	26	1	25	
0	6	1	42	
0	36	1	33	
0	26	1	5	
0	20	1	18	

Tempos_setup
M0
0	0	0	0	0	0	0	0	0	0	0	0	0	0	0	0	
0	0	4	2	1	1	3	4	4	3	2	3	1	2	4	3	
0	1	0	3	2	2	2	5	4	4	3	4	2	3	5	4	
0	4	4	0	5	5	6	6	4	5	6	4	1	6	4	6	
0	1	4	2	0	1	3	4	5	4	2	3	2	2	4	3	
0	3	4	1	3	0	2	3	4	3	1	2	2	1	3	2	
0	1	4	3	2	2	0	5	2	3	3	2	2	1	3	2	
0	4	6	2	3	4	5	0	5	5	4	3	3	5	1	2	
0	2	5	4	3	3	3	5	0	4	2	2	3	2	2	3	
0	1	1	3	2	2	3	2	5	0	3	2	2	3	1	4	
0	4	4	2	4	1	3	4	4	4	0	3	1	2	4	3	
0	4	4	2	5	5	5	4	5	3	6	0	3	6	3	6	
0	4	3	5	5	5	5	7	3	6	5	3	0	5	3	6	
0	2	3	2	3	3	1	4	3	2	4	1	1	0	2	3	
0	3	6	4	2	3	5	6	4	6	4	3	4	4	0	5	
0	2	5	1	1	2	4	5	5	4	2	1	2	3	4	0	
M1
0	0	0	0	0	0	0	0	0	0	0	0	0	0	0	0	
0	0	2	4	2	5	4	2	2	3	3	3	3	1	3	4	
0	2	0	5	4	6	4	4	2	5	3	4	3	1	5	4	
0	4	3	0	4	5	5	3	3	2	2	1	6	4	2	2	
0	3	1	2	0	5	5	5	1	2	2	1	4	2	2	2	
0	3	1	3	5	0	5	5	3	2	4	1	4	2	2	2	
0	4	4	3	5	4	0	6	2	5	3	4	3	1	5	1	
0	4	4	5	6	3	3	0	4	4	5	4	5	3	2	4	
0	2	2	3	3	5	5	4	0	3	1	2	5	3	3	3	
0	4	2	1	3	6	6	4	4	0	3	2	4	3	2	3	
0	3	1	2	2	4	5	5	3	2	0	1	4	2	2	2	
0	3	3	2	4	4	4	4	4	1	3	0	5	3	1	1	
0	5	6	6	6	9	5	7	7	6	8	7	0	6	5	6	
0	3	3	4	4	6	3	5	1	4	2	3	2	0	4	3	
0	2	3	4	4	4	4	3	4	3	5	2	5	3	0	3	
0	5	3	2	4	3	3	5	3	4	2	3	4	2	4	0	
Tamanho_Tarefas
0	19	33	10	21	17	8	11	39	38	7	25	13	34	7	18	
Data_Entrega
0	158	178	141	143	127	147	174	122	170	148	176	100	145	132	142	
Penalidade_Atraso
0	13	8	13	1	20	3	3	19	19	15	7	11	7	17	20	
Capacidade_Veiculo
51	51	87	53	86	43	
Custo_Fixo_Veiculo
510	510	870	530	860	430	
Coordenadas_Clientes
x	0	y	0
x	21	y	0
x	19	y	8
x	14	y	16
x	5	y	17
x	-2	y	22
x	-9	y	15
x	-12	y	9
x	-18	y	3
x	-17	y	-3
x	-16	y	-11
x	-10	y	-18
x	-2	y	-22
x	7	y	-21
x	10	y	-11
x	14	y	-6
Tempo_Viagem
0	21	20	21	17	22	17	15	18	17	19	20	22	22	14	15	
21	0	8	17	23	31	33	34	39	38	38	35	31	25	15	9	
20	8	0	9	16	24	28	31	37	37	39	38	36	30	20	14	
21	17	9	0	9	17	23	26	34	36	40	41	41	37	27	22	
17	23	16	9	0	8	14	18	26	29	35	37	39	38	28	24	
22	31	24	17	8	0	9	15	23	28	35	40	44	43	35	32	
17	33	28	23	14	9	0	6	14	19	26	33	37	39	31	31	
15	34	31	26	18	15	6	0	8	13	20	27	32	35	29	30	
18	39	37	34	26	23	14	8	0	6	14	22	29	34	31	33	
17	38	37	36	29	28	19	13	6	0	8	16	24	30	28	31	
19	38	39	40	35	35	26	20	14	8	0	9	17	25	26	30	
20	35	38	41	37	40	33	27	22	16	9	0	8	17	21	26	
22	31	36	41	39	44	37	32	29	24	17	8	0	9	16	22	
22	25	30	37	38	43	39	35	34	30	25	17	9	0	10	16	
14	15	20	27	28	35	31	29	31	28	26	21	16	10	0	6	
15	9	14	22	24	32	31	30	33	31	30	26	22	16	6	0	
Custo_Viagem
V0
0	214	204	214	173	224	173	153	183	173	193	204	224	224	142	153	
214	0	81	173	234	316	336	346	397	387	387	357	316	255	153	91	
204	81	0	91	163	255	285	316	377	377	397	387	367	316	214	142	
214	173	91	0	91	173	234	265	346	367	408	418	418	377	275	224	
173	234	163	91	0	81	142	183	265	295	357	387	397	387	285	244	
224	316	255	173	81	0	91	163	244	295	357	408	448	438	357	326	
173	336	285	234	142	91	0	61	153	193	265	336	377	397	326	316	
153	346	316	265	183	163	61	0	81	132	204	275	326	357	295	306	
183	397	377	346	265	244	153	81	0	61	142	224	295	346	316	336	
173	387	377	367	295	295	193	132	61	0	81	163	244	306	285	316	
193	387	397	408	357	357	265	204	142	81	0	91	173	255	265	306	
204	357	387	418	387	408	336	275	224	163	91	0	81	173	214	265	
224	316	367	418	397	448	377	326	295	244	173	81	0	91	163	224	
224	255	316	377	387	438	397	357	346	306	255	173	91	0	102	163	
142	153	214	275	285	357	326	295	316	285	265	214	163	102	0	61	
153	91	142	224	244	326	316	306	336	316	306	265	224	163	61	0	
V1
0	214	204	214	173	224	173	153	183	173	193	204	224	224	142	153	
214	0	81	173	234	316	336	346	397	387	387	357	316	255	153	91	
204	81	0	91	163	255	285	316	377	377	397	387	367	316	214	142	
214	173	91	0	91	173	234	265	346	367	408	418	418	377	275	224	
173	234	163	91	0	81	142	183	265	295	357	387	397	387	285	244	
224	316	255	173	81	0	91	163	244	295	357	408	448	438	357	326	
173	336	285	234	142	91	0	61	153	193	265	336	377	397	326	316	
153	346	316	265	183	163	61	0	81	132	204	275	326	357	295	306	
183	397	377	346	265	244	153	81	0	61	142	224	295	346	316	336	
173	387	377	367	295	295	193	132	61	0	81	163	244	306	285	316	
193	387	397	408	357	357	265	204	142	81	0	91	173	255	265	306	
204	357	387	418	387	408	336	275	224	163	91	0	81	173	214	265	
224	316	367	418	397	448	377	326	295	244	173	81	0	91	163	224	
224	255	316	377	387	438	397	357	346	306	255	173	91	0	102	163	
142	153	214	275	285	357	326	295	316	285	265	214	163	102	0	61	
153	91	142	224	244	326	316	306	336	316	306	265	224	163	61	0	
V2
0	365	348	365	295	382	295	261	313	295	330	348	382	382	243	261	
365	0	139	295	400	539	574	591	678	661	661	609	539	435	261	156	
348	139	0	156	278	435	487	539	643	643	678	661	626	539	365	243	
365	295	156	0	156	295	400	452	591	626	696	713	713	643	469	382	
295	400	278	156	0	139	243	313	452	504	609	661	678	661	487	417	
382	539	435	295	139	0	156	278	417	504	609	696	765	748	609	556	
295	574	487	400	243	156	0	104	261	330	452	574	643	678	556	539	
261	591	539	452	313	278	104	0	139	226	348	469	556	609	504	522	
313	678	643	591	452	417	261	139	0	104	243	382	504	591	539	574	
295	661	643	626	504	504	330	226	104	0	139	278	417	522	487	539	
330	661	678	696	609	609	452	348	243	139	0	156	295	435	452	522	
348	609	661	713	661	696	574	469	382	278	156	0	139	295	365	452	
382	539	626	713	678	765	643	556	504	417	295	139	0	156	278	382	
382	435	539	643	661	748	678	609	591	522	435	295	156	0	174	278	
243	261	365	469	487	609	556	504	539	487	452	365	278	174	0	104	
261	156	243	382	417	556	539	522	574	539	522	452	382	278	104	0	
V3
0	222	212	222	180	233	180	159	190	180	201	212	233	233	148	159	
222	0	84	180	243	328	349	360	413	402	402	371	328	265	159	95	
212	84	0	95	169	265	296	328	392	392	413	402	381	328	222	148	
222	180	95	0	95	180	243	275	360	381	424	434	434	392	286	233	
180	243	169	95	0	84	148	190	275	307	371	402	413	402	296	254	
233	328	265	180	84	0	95	169	254	307	371	424	466	455	371	339	
180	349	296	243	148	95	0	63	159	201	275	349	392	413	339	328	
159	360	328	275	190	169	63	0	84	137	212	286	339	371	307	318	
190	413	392	360	275	254	159	84	0	63	148	233	307	360	328	349	
180	402	392	381	307	307	201	137	63	0	84	169	254	318	296	328	
201	402	413	424	371	371	275	212	148	84	0	95	180	265	275	318	
212	371	402	434	402	424	349	286	233	169	95	0	84	180	222	275	
233	328	381	434	413	466	392	339	307	254	180	84	0	95	169	233	
233	265	328	392	402	455	413	371	360	318	265	180	95	0	106	169	
148	159	222	286	296	371	339	307	328	296	275	222	169	106	0	63	
159	95	148	233	254	339	328	318	349	328	318	275	233	169	63	0	
V4
0	361	344	361	292	378	292	258	309	292	326	344	378	378	240	258	
361	0	137	292	395	533	567	584	670	653	653	602	533	430	258	154	
344	137	0	154	275	430	481	533	636	636	670	653	619	533	361	240	
361	292	154	0	154	292	395	447	584	619	688	705	705	636	464	378	
292	395	275	154	0	137	240	309	447	498	602	653	670	653	481	412	
378	533	430	292	137	0	154	275	412	498	602	688	756	739	602	550	
292	567	481	395	240	154	0	103	258	326	447	567	636	670	550	533	
258	584	533	447	309	275	103	0	137	223	344	464	550	602	498	516	
309	670	636	584	447	412	258	137	0	103	240	378	498	584	533	567	
292	653	636	619	498	498	326	223	103	0	137	275	412	516	481	533	
326	653	670	688	602	602	447	344	240	137	0	154	292	430	447	516	
344	602	653	705	653	688	567	464	378	275	154	0	137	292	361	447	
378	533	619	705	670	756	636	550	498	412	292	137	0	154	275	378	
378	430	533	636	653	739	670	602	584	516	430	292	154	0	172	275	
240	258	361	464	481	602	550	498	533	481	447	361	275	172	0	103	
258	154	240	378	412	550	533	516	567	533	516	447	378	275	103	0	
V5
0	180	172	180	146	189	146	129	154	146	163	172	189	189	120	129	
180	0	68	146	197	266	283	292	335	326	326	301	266	215	129	77	
172	68	0	77	137	215	240	266	318	318	335	326	309	266	180	120	
180	146	77	0	77	146	197	223	292	309	344	352	352	318	232	189	
146	197	137	77	0	68	120	154	223	249	301	326	335	326	240	206	
189	266	215	146	68	0	77	137	206	249	301	344	378	369	301	275	
146	283	240	197	120	77	0	51	129	163	223	283	318	335	275	266	
129	292	266	223	154	137	51	0	68	111	172	232	275	301	249	258	
154	335	318	292	223	206	129	68	0	51	120	189	249	292	266	283	
146	326	318	309	249	249	163	111	51	0	68	137	206	258	240	266	
163	326	335	344	301	301	223	172	120	68	0	77	146	215	223	258	
172	301	326	352	326	344	283	232	189	137	77	0	68	146	180	223	
189	266	309	352	335	378	318	275	249	206	146	68	0	77	137	189	
189	215	266	318	326	369	335	301	292	258	215	146	77	0	86	137	
120	129	180	232	240	301	275	249	266	240	223	180	137	86	0	51	
129	77	120	189	206	275	266	258	283	266	258	223	189	137	51	0	
Velocidade_Veiculos
1	1	1	1	1	1	