M: 2
N: 15
Nun_Veiculos: 5
Capacidade_Total: 540
Demanda_Total: 318
Setup_Min: 1
Setup_Max: 99
Raio: 20
Circulos: 1
Tempo_Processamento_Min: 1
Tempo_Processamento_Max: 49
Demanda_Min: 10
Demanda_Max: 30
Priority_Factor: 0.2
Range_Factor_R: 0.8
U_factor: 2
ALpha: 0.2Replicao: 0
Tempos_Processamentos
0	0	1	0	
0	17	1	11	
0	48	1	40	
0	34	1	9	
0	4	1	46	
0	48	1	26	
0	4	1	43	
0	32	1	4	
0	5	1	27	
0	21	1	15	
0	13	1	5	
0	2	1	29	
0	39	1	48	
0	30	1	33	
0	37	1	47	
0	14	1	9	

Tempos_setup
M0
0	0	0	0	0	0	0	0	0	0	0	0	0	0	0	0	
0	0	15	14	15	27	4	14	18	30	8	22	24	19	25	42	
0	16	0	30	24	36	20	23	23	44	24	38	40	28	10	44	
0	13	28	0	19	21	17	18	25	16	12	30	35	23	30	36	
0	20	35	7	0	28	24	18	24	23	12	37	35	22	37	41	
0	24	39	20	23	0	28	26	11	27	20	16	32	11	28	15	
0	30	45	25	18	23	0	36	17	30	30	39	38	15	34	38	
0	20	22	8	1	13	7	0	7	21	13	29	17	5	24	28	
0	13	28	9	28	17	17	27	0	25	21	33	21	28	17	32	
0	24	25	20	21	5	28	24	11	0	18	14	32	9	14	20	
0	20	28	14	7	19	13	6	13	27	0	35	23	11	30	34	
0	24	23	18	11	23	17	10	17	31	4	0	27	15	33	29	
0	14	29	1	20	22	18	19	20	17	13	16	0	18	31	22	
0	15	30	11	12	8	19	29	2	16	23	24	23	0	19	23	
0	27	11	21	14	26	20	13	20	34	16	42	30	18	0	41	
0	25	24	19	12	24	18	11	13	32	5	1	28	16	30	0	
M1
0	0	0	0	0	0	0	0	0	0	0	0	0	0	0	0	
0	0	30	19	27	46	32	19	7	14	17	21	16	25	15	24	
0	19	0	36	8	27	21	31	26	29	33	26	30	30	23	18	
0	15	25	0	8	27	23	29	22	14	32	14	16	18	7	16	
0	30	41	28	0	19	22	35	34	32	42	18	34	22	23	29	
0	14	22	15	20	0	16	26	21	28	23	28	25	32	4	13	
0	34	44	32	4	23	0	39	38	28	46	22	30	26	27	33	
0	14	32	12	17	34	13	0	21	16	31	2	14	6	19	13	
0	10	26	12	20	39	35	29	0	24	10	26	26	30	8	17	
0	7	16	26	24	43	22	26	14	0	24	28	2	16	10	19	
0	43	36	41	30	49	26	48	50	45	0	31	47	35	48	42	
0	12	30	10	15	32	11	17	19	14	29	0	16	4	17	11	
0	5	18	24	24	43	20	24	12	19	22	26	0	30	20	29	
0	25	34	30	38	28	40	43	18	18	28	44	20	0	26	30	
0	10	18	29	26	44	35	22	17	24	27	24	21	28	0	9	
0	1	30	20	28	35	26	13	8	15	18	15	12	19	16	0	
Tamanho_Tarefas
0	13	43	19	20	34	10	9	11	15	6	15	42	30	41	10	
Data_Entrega
0	195	115	179	174	107	178	196	116	90	191	117	87	92	191	111	
Penalidade_Atraso
0	15	7	3	20	20	11	2	7	18	19	12	8	5	14	16	
Capacidade_Veiculo
115	107	106	85	127	
Custo_Fixo_Veiculo
1150	1070	1060	850	1270	
Coordenadas_Clientes
x	0	y	0
x	18	y	0
x	14	y	6
x	10	y	12
x	5	y	15
x	-1	y	18
x	-11	y	20
x	-13	y	10
x	-22	y	4
x	-20	y	-4
x	-16	y	-11
x	-9	y	-16
x	-2	y	-19
x	5	y	-15
x	10	y	-11
x	18	y	-8
Tempo_Viagem
0	18	15	15	15	18	22	16	22	20	19	18	19	15	14	19	
18	0	7	14	19	25	35	32	40	38	35	31	27	19	13	8	
15	7	0	7	12	18	28	27	36	35	34	31	29	22	17	14	
15	14	7	0	5	11	21	23	32	34	34	33	33	27	23	21	
15	19	12	5	0	6	16	18	28	31	33	33	34	30	26	26	
18	25	18	11	6	0	10	14	24	29	32	34	37	33	31	32	
22	35	28	21	16	10	0	10	19	25	31	36	40	37	36	40	
16	32	27	23	18	14	10	0	10	15	21	26	31	30	30	35	
22	40	36	32	28	24	19	10	0	8	16	23	30	33	35	41	
20	38	35	34	31	29	25	15	8	0	8	16	23	27	30	38	
19	35	34	34	33	32	31	21	16	8	0	8	15	21	26	34	
18	31	31	33	33	34	36	26	23	16	8	0	7	14	19	27	
19	27	29	33	34	37	40	31	30	23	15	7	0	8	14	22	
15	19	22	27	30	33	37	30	33	27	21	14	8	0	6	14	
14	13	17	23	26	31	36	30	35	30	26	19	14	6	0	8	
19	8	14	21	26	32	40	35	41	38	34	27	22	14	8	0	
Custo_Viagem
V0
0	414	345	345	345	414	506	368	506	460	437	414	437	345	322	437	
414	0	161	322	437	598	805	736	920	874	805	713	621	437	299	184	
345	161	0	161	276	437	644	621	828	805	782	713	667	506	391	322	
345	322	161	0	115	276	506	529	736	782	782	759	759	621	529	483	
345	437	276	115	0	138	368	414	667	713	759	782	782	690	598	598	
414	598	437	276	138	0	230	322	575	667	736	782	851	759	713	736	
506	805	644	506	368	230	0	230	437	575	713	828	920	874	851	920	
368	736	621	529	414	322	230	0	230	345	483	598	713	690	713	805	
506	920	828	736	667	575	437	230	0	184	368	529	690	759	805	943	
460	874	805	782	713	667	575	345	184	0	184	368	529	621	690	874	
437	805	782	782	759	736	713	483	368	184	0	184	368	483	598	782	
414	713	713	759	782	782	828	598	529	368	184	0	161	322	437	644	
437	621	667	759	782	851	920	713	690	529	368	161	0	184	322	506	
345	437	506	621	690	759	874	690	759	621	483	322	184	0	138	322	
322	299	391	529	598	713	851	713	805	690	598	437	322	138	0	184	
437	184	322	483	598	736	920	805	943	874	782	644	506	322	184	0	
V1
0	385	321	321	321	385	470	342	470	428	406	385	406	321	299	406	
385	0	149	299	406	556	749	684	856	813	749	663	577	406	278	171	
321	149	0	149	256	406	599	577	770	749	727	663	620	470	363	299	
321	299	149	0	107	256	470	492	684	727	727	706	706	577	492	449	
321	406	256	107	0	128	342	385	620	663	706	727	727	642	556	556	
385	556	406	256	128	0	214	299	535	620	684	727	791	706	663	684	
470	749	599	470	342	214	0	214	406	535	663	770	856	813	791	856	
342	684	577	492	385	299	214	0	214	321	449	556	663	642	663	749	
470	856	770	684	620	535	406	214	0	171	342	492	642	706	749	877	
428	813	749	727	663	620	535	321	171	0	171	342	492	577	642	813	
406	749	727	727	706	684	663	449	342	171	0	171	342	449	556	727	
385	663	663	706	727	727	770	556	492	342	171	0	149	299	406	599	
406	577	620	706	727	791	856	663	642	492	342	149	0	171	299	470	
321	406	470	577	642	706	813	642	706	577	449	299	171	0	128	299	
299	278	363	492	556	663	791	663	749	642	556	406	299	128	0	171	
406	171	299	449	556	684	856	749	877	813	727	599	470	299	171	0	
V2
0	381	318	318	318	381	466	339	466	424	402	381	402	318	296	402	
381	0	148	296	402	551	742	678	848	805	742	657	572	402	275	169	
318	148	0	148	254	402	593	572	763	742	720	657	614	466	360	296	
318	296	148	0	106	254	466	487	678	720	720	699	699	572	487	445	
318	402	254	106	0	127	339	381	614	657	699	720	720	636	551	551	
381	551	402	254	127	0	212	296	530	614	678	720	784	699	657	678	
466	742	593	466	339	212	0	212	402	530	657	763	848	805	784	848	
339	678	572	487	381	296	212	0	212	318	445	551	657	636	657	742	
466	848	763	678	614	530	402	212	0	169	339	487	636	699	742	869	
424	805	742	720	657	614	530	318	169	0	169	339	487	572	636	805	
402	742	720	720	699	678	657	445	339	169	0	169	339	445	551	720	
381	657	657	699	720	720	763	551	487	339	169	0	148	296	402	593	
402	572	614	699	720	784	848	657	636	487	339	148	0	169	296	466	
318	402	466	572	636	699	805	636	699	572	445	296	169	0	127	296	
296	275	360	487	551	657	784	657	742	636	551	402	296	127	0	169	
402	169	296	445	551	678	848	742	869	805	720	593	466	296	169	0	
V3
0	306	255	255	255	306	374	272	374	340	323	306	323	255	238	323	
306	0	119	238	323	442	595	544	680	646	595	527	459	323	221	136	
255	119	0	119	204	323	476	459	612	595	578	527	493	374	289	238	
255	238	119	0	85	204	374	391	544	578	578	561	561	459	391	357	
255	323	204	85	0	102	272	306	493	527	561	578	578	510	442	442	
306	442	323	204	102	0	170	238	425	493	544	578	629	561	527	544	
374	595	476	374	272	170	0	170	323	425	527	612	680	646	629	680	
272	544	459	391	306	238	170	0	170	255	357	442	527	510	527	595	
374	680	612	544	493	425	323	170	0	136	272	391	510	561	595	697	
340	646	595	578	527	493	425	255	136	0	136	272	391	459	510	646	
323	595	578	578	561	544	527	357	272	136	0	136	272	357	442	578	
306	527	527	561	578	578	612	442	391	272	136	0	119	238	323	476	
323	459	493	561	578	629	680	527	510	391	272	119	0	136	238	374	
255	323	374	459	510	561	646	510	561	459	357	238	136	0	102	238	
238	221	289	391	442	527	629	527	595	510	442	323	238	102	0	136	
323	136	238	357	442	544	680	595	697	646	578	476	374	238	136	0	
V4
0	457	381	381	381	457	558	406	558	508	482	457	482	381	355	482	
457	0	177	355	482	660	889	812	1016	965	889	787	685	482	330	203	
381	177	0	177	304	482	711	685	914	889	863	787	736	558	431	355	
381	355	177	0	127	304	558	584	812	863	863	838	838	685	584	533	
381	482	304	127	0	152	406	457	736	787	838	863	863	762	660	660	
457	660	482	304	152	0	254	355	635	736	812	863	939	838	787	812	
558	889	711	558	406	254	0	254	482	635	787	914	1016	965	939	1016	
406	812	685	584	457	355	254	0	254	381	533	660	787	762	787	889	
558	1016	914	812	736	635	482	254	0	203	406	584	762	838	889	1041	
508	965	889	863	787	736	635	381	203	0	203	406	584	685	762	965	
482	889	863	863	838	812	787	533	406	203	0	203	406	533	660	863	
457	787	787	838	863	863	914	660	584	406	203	0	177	355	482	711	
482	685	736	838	863	939	1016	787	762	584	406	177	0	203	355	558	
381	482	558	685	762	838	965	762	838	685	533	355	203	0	152	355	
355	330	431	584	660	787	939	787	889	762	660	482	355	152	0	203	
482	203	355	533	660	812	1016	889	1041	965	863	711	558	355	203	0	
Velocidade_Veiculos
1	1	1	1	1	