M: 2
N: 15
Nun_Veiculos: 7
Capacidade_Total: 428
Demanda_Total: 321
Setup_Min: 1
Setup_Max: 99
Raio: 20
Circulos: 1
Tempo_Processamento_Min: 1
Tempo_Processamento_Max: 49
Demanda_Min: 10
Demanda_Max: 30
Priority_Factor: 0.2
Range_Factor_R: 0.8
U_factor: 2
ALpha: 0.2Replicao: 3
Tempos_Processamentos
0	0	1	0	
0	46	1	20	
0	46	1	14	
0	22	1	16	
0	27	1	42	
0	2	1	15	
0	18	1	35	
0	43	1	24	
0	49	1	12	
0	37	1	30	
0	19	1	31	
0	14	1	27	
0	26	1	23	
0	36	1	17	
0	37	1	4	
0	32	1	19	

Tempos_setup
M0
0	0	0	0	0	0	0	0	0	0	0	0	0	0	0	0	
0	0	5	23	33	30	16	10	12	33	35	25	8	11	26	17	
0	3	0	18	28	25	11	5	14	28	38	20	3	6	23	20	
0	30	35	0	21	18	15	24	33	32	40	24	28	25	42	24	
0	22	26	39	0	36	36	16	17	37	19	36	29	17	34	3	
0	25	26	37	3	0	37	19	20	17	22	9	13	20	37	6	
0	17	22	7	28	25	0	11	20	17	31	9	13	12	29	30	
0	6	11	29	23	20	22	0	9	25	37	26	14	1	18	19	
0	22	19	37	36	33	30	24	0	47	55	39	16	25	40	39	
0	35	33	42	13	10	44	29	30	0	14	19	18	30	27	16	
0	26	31	42	32	29	42	36	38	25	0	17	21	37	45	35	
0	18	23	28	21	18	28	28	30	8	22	0	4	26	28	24	
0	23	20	24	44	41	31	25	34	31	45	40	0	26	24	27	
0	25	22	40	22	19	33	27	8	24	38	25	24	0	17	20	
0	22	26	39	20	17	36	16	17	7	21	26	25	17	0	3	
0	19	23	36	36	33	33	13	14	38	18	35	26	14	31	0	
M1
0	0	0	0	0	0	0	0	0	0	0	0	0	0	0	0	
0	0	15	8	13	11	5	30	27	14	15	6	22	19	27	16	
0	8	0	15	2	13	13	24	28	4	22	12	7	17	16	5	
0	11	7	0	5	16	16	22	31	11	7	11	14	20	22	8	
0	6	2	13	0	11	11	26	26	6	20	12	9	19	18	3	
0	15	11	19	9	0	20	35	32	3	26	11	18	25	23	12	
0	13	17	21	15	6	0	41	38	9	28	17	24	14	25	18	
0	6	5	13	7	1	11	0	26	4	20	12	12	22	21	3	
0	4	13	12	11	15	9	34	0	17	9	10	17	22	24	14	
0	12	8	16	6	17	17	32	29	0	23	8	15	22	20	9	
0	8	4	15	2	13	13	25	28	8	0	14	8	13	15	5	
0	16	28	24	26	17	21	46	21	20	30	0	32	35	40	29	
0	17	22	25	24	18	22	17	43	21	32	23	0	36	36	20	
0	29	25	18	23	15	24	27	36	18	25	26	32	0	11	26	
0	19	15	23	13	4	24	16	25	7	30	15	22	11	0	16	
0	3	17	10	15	14	8	32	23	13	17	9	24	22	30	0	
Tamanho_Tarefas
0	27	17	18	34	5	23	24	14	32	19	20	24	24	18	22	
Data_Entrega
0	107	179	211	118	169	89	184	120	156	132	90	107	197	205	176	
Penalidade_Atraso
0	12	10	10	13	14	6	10	8	10	12	12	7	3	4	2	
Capacidade_Veiculo
56	44	51	58	50	85	84	
Custo_Fixo_Veiculo
560	440	510	580	500	850	840	
Coordenadas_Clientes
x	0	y	0
x	21	y	0
x	20	y	9
x	11	y	12
x	5	y	18
x	-1	y	18
x	-9	y	16
x	-14	y	10
x	-15	y	3
x	-15	y	-3
x	-16	y	-11
x	-8	y	-14
x	-1	y	-16
x	5	y	-17
x	13	y	-15
x	18	y	-8
Tempo_Viagem
0	21	21	16	18	18	18	17	15	15	19	16	16	17	19	19	
21	0	9	15	23	28	34	36	36	36	38	32	27	23	16	8	
21	9	0	9	17	22	29	34	35	36	40	36	32	30	25	17	
16	15	9	0	8	13	20	25	27	30	35	32	30	29	27	21	
18	23	17	8	0	6	14	20	25	29	35	34	34	35	33	29	
18	28	22	13	6	0	8	15	20	25	32	32	34	35	35	32	
18	34	29	20	14	8	0	7	14	19	27	30	32	35	37	36	
17	36	34	25	20	15	7	0	7	13	21	24	29	33	36	36	
15	36	35	27	25	20	14	7	0	6	14	18	23	28	33	34	
15	36	36	30	29	25	19	13	6	0	8	13	19	24	30	33	
19	38	40	35	35	32	27	21	14	8	0	8	15	21	29	34	
16	32	36	32	34	32	30	24	18	13	8	0	7	13	21	26	
16	27	32	30	34	34	32	29	23	19	15	7	0	6	14	20	
17	23	30	29	35	35	35	33	28	24	21	13	6	0	8	15	
19	16	25	27	33	35	37	36	33	30	29	21	14	8	0	8	
19	8	17	21	29	32	36	36	34	33	34	26	20	15	8	0	
Custo_Viagem
V0
0	235	235	179	201	201	201	190	168	168	212	179	179	190	212	212	
235	0	100	168	268	313	380	403	403	403	425	358	302	257	190	89	
235	100	0	100	190	246	324	380	392	414	459	403	358	336	280	190	
179	168	100	0	89	145	224	280	302	336	392	358	336	324	302	235	
201	268	190	89	0	67	156	224	280	324	392	380	380	392	369	324	
201	313	246	145	67	0	89	168	224	280	358	358	380	392	392	358	
201	380	324	224	156	89	0	78	156	212	302	336	358	392	425	403	
190	403	380	280	224	168	78	0	78	145	235	268	324	369	403	403	
168	403	392	302	280	224	156	78	0	67	156	201	257	313	369	380	
168	403	414	336	324	280	212	145	67	0	89	145	212	268	336	369	
212	425	459	392	392	358	302	235	156	89	0	89	168	235	324	380	
179	358	403	358	380	358	336	268	201	145	89	0	78	145	235	291	
179	302	358	336	380	380	358	324	257	212	168	78	0	67	156	224	
190	257	336	324	392	392	392	369	313	268	235	145	67	0	89	168	
212	190	280	302	369	392	425	403	369	336	324	235	156	89	0	89	
212	89	190	235	324	358	403	403	380	369	380	291	224	168	89	0	
V1
0	184	184	140	158	158	158	149	132	132	167	140	140	149	167	167	
184	0	79	132	211	246	299	316	316	316	334	281	237	202	149	70	
184	79	0	79	149	193	255	299	308	325	360	316	281	264	220	149	
140	132	79	0	70	114	176	220	237	264	308	281	264	255	237	184	
158	211	149	70	0	52	123	176	220	255	308	299	299	308	290	255	
158	246	193	114	52	0	70	132	176	220	281	281	299	308	308	281	
158	299	255	176	123	70	0	61	123	167	237	264	281	308	334	316	
149	316	299	220	176	132	61	0	61	114	184	211	255	290	316	316	
132	316	308	237	220	176	123	61	0	52	123	158	202	246	290	299	
132	316	325	264	255	220	167	114	52	0	70	114	167	211	264	290	
167	334	360	308	308	281	237	184	123	70	0	70	132	184	255	299	
140	281	316	281	299	281	264	211	158	114	70	0	61	114	184	228	
140	237	281	264	299	299	281	255	202	167	132	61	0	52	123	176	
149	202	264	255	308	308	308	290	246	211	184	114	52	0	70	132	
167	149	220	237	290	308	334	316	290	264	255	184	123	70	0	70	
167	70	149	184	255	281	316	316	299	290	299	228	176	132	70	0	
V2
0	214	214	163	183	183	183	173	153	153	193	163	163	173	193	193	
214	0	91	153	244	285	346	367	367	367	387	326	275	234	173	81	
214	91	0	91	173	224	295	346	357	377	418	367	326	306	255	173	
163	153	91	0	81	132	204	255	275	306	357	326	306	295	275	214	
183	244	173	81	0	61	142	204	255	295	357	346	346	357	336	295	
183	285	224	132	61	0	81	153	204	255	326	326	346	357	357	326	
183	346	295	204	142	81	0	71	142	193	275	306	326	357	387	367	
173	367	346	255	204	153	71	0	71	132	214	244	295	336	367	367	
153	367	357	275	255	204	142	71	0	61	142	183	234	285	336	346	
153	367	377	306	295	255	193	132	61	0	81	132	193	244	306	336	
193	387	418	357	357	326	275	214	142	81	0	81	153	214	295	346	
163	326	367	326	346	326	306	244	183	132	81	0	71	132	214	265	
163	275	326	306	346	346	326	295	234	193	153	71	0	61	142	204	
173	234	306	295	357	357	357	336	285	244	214	132	61	0	81	153	
193	173	255	275	336	357	387	367	336	306	295	214	142	81	0	81	
193	81	173	214	295	326	367	367	346	336	346	265	204	153	81	0	
V3
0	243	243	185	208	208	208	197	174	174	220	185	185	197	220	220	
243	0	104	174	278	324	394	417	417	417	440	371	313	266	197	92	
243	104	0	104	197	255	336	394	406	429	475	417	371	348	290	197	
185	174	104	0	92	150	232	290	313	348	406	371	348	336	313	243	
208	278	197	92	0	69	162	232	290	336	406	394	394	406	382	336	
208	324	255	150	69	0	92	174	232	290	371	371	394	406	406	371	
208	394	336	232	162	92	0	81	162	220	313	348	371	406	440	417	
197	417	394	290	232	174	81	0	81	150	243	278	336	382	417	417	
174	417	406	313	290	232	162	81	0	69	162	208	266	324	382	394	
174	417	429	348	336	290	220	150	69	0	92	150	220	278	348	382	
220	440	475	406	406	371	313	243	162	92	0	92	174	243	336	394	
185	371	417	371	394	371	348	278	208	150	92	0	81	150	243	301	
185	313	371	348	394	394	371	336	266	220	174	81	0	69	162	232	
197	266	348	336	406	406	406	382	324	278	243	150	69	0	92	174	
220	197	290	313	382	406	440	417	382	348	336	243	162	92	0	92	
220	92	197	243	336	371	417	417	394	382	394	301	232	174	92	0	
V4
0	210	210	160	180	180	180	170	150	150	190	160	160	170	190	190	
210	0	90	150	240	280	340	360	360	360	380	320	270	230	170	80	
210	90	0	90	170	220	290	340	350	370	410	360	320	300	250	170	
160	150	90	0	80	130	200	250	270	300	350	320	300	290	270	210	
180	240	170	80	0	60	140	200	250	290	350	340	340	350	330	290	
180	280	220	130	60	0	80	150	200	250	320	320	340	350	350	320	
180	340	290	200	140	80	0	70	140	190	270	300	320	350	380	360	
170	360	340	250	200	150	70	0	70	130	210	240	290	330	360	360	
150	360	350	270	250	200	140	70	0	60	140	180	230	280	330	340	
150	360	370	300	290	250	190	130	60	0	80	130	190	240	300	330	
190	380	410	350	350	320	270	210	140	80	0	80	150	210	290	340	
160	320	360	320	340	320	300	240	180	130	80	0	70	130	210	260	
160	270	320	300	340	340	320	290	230	190	150	70	0	60	140	200	
170	230	300	290	350	350	350	330	280	240	210	130	60	0	80	150	
190	170	250	270	330	350	380	360	330	300	290	210	140	80	0	80	
190	80	170	210	290	320	360	360	340	330	340	260	200	150	80	0	
V5
0	357	357	272	306	306	306	289	255	255	323	272	272	289	323	323	
357	0	153	255	408	476	578	612	612	612	646	544	459	391	289	136	
357	153	0	153	289	374	493	578	595	629	697	612	544	510	425	289	
272	255	153	0	136	221	340	425	459	510	595	544	510	493	459	357	
306	408	289	136	0	102	238	340	425	493	595	578	578	595	561	493	
306	476	374	221	102	0	136	255	340	425	544	544	578	595	595	544	
306	578	493	340	238	136	0	119	238	323	459	510	544	595	646	612	
289	612	578	425	340	255	119	0	119	221	357	408	493	561	612	612	
255	612	595	459	425	340	238	119	0	102	238	306	391	476	561	578	
255	612	629	510	493	425	323	221	102	0	136	221	323	408	510	561	
323	646	697	595	595	544	459	357	238	136	0	136	255	357	493	578	
272	544	612	544	578	544	510	408	306	221	136	0	119	221	357	442	
272	459	544	510	578	578	544	493	391	323	255	119	0	102	238	340	
289	391	510	493	595	595	595	561	476	408	357	221	102	0	136	255	
323	289	425	459	561	595	646	612	561	510	493	357	238	136	0	136	
323	136	289	357	493	544	612	612	578	561	578	442	340	255	136	0	
V6
0	352	352	268	302	302	302	285	252	252	319	268	268	285	319	319	
352	0	151	252	403	470	571	604	604	604	638	537	453	386	285	134	
352	151	0	151	285	369	487	571	588	621	688	604	537	504	420	285	
268	252	151	0	134	218	336	420	453	504	588	537	504	487	453	352	
302	403	285	134	0	100	235	336	420	487	588	571	571	588	554	487	
302	470	369	218	100	0	134	252	336	420	537	537	571	588	588	537	
302	571	487	336	235	134	0	117	235	319	453	504	537	588	638	604	
285	604	571	420	336	252	117	0	117	218	352	403	487	554	604	604	
252	604	588	453	420	336	235	117	0	100	235	302	386	470	554	571	
252	604	621	504	487	420	319	218	100	0	134	218	319	403	504	554	
319	638	688	588	588	537	453	352	235	134	0	134	252	352	487	571	
268	537	604	537	571	537	504	403	302	218	134	0	117	218	352	436	
268	453	537	504	571	571	537	487	386	319	252	117	0	100	235	336	
285	386	504	487	588	588	588	554	470	403	352	218	100	0	134	252	
319	285	420	453	554	588	638	604	554	504	487	352	235	134	0	134	
319	134	285	352	487	537	604	604	571	554	571	436	336	252	134	0	
Velocidade_Veiculos
1	1	1	1	1	1	1	