M: 2
N: 15
Nun_Veiculos: 7
Capacidade_Total: 633
Demanda_Total: 289
Setup_Min: 1
Setup_Max: 99
Raio: 100
Circulos: 1
Tempo_Processamento_Min: 1
Tempo_Processamento_Max: 49
Demanda_Min: 10
Demanda_Max: 30
Priority_Factor: 0.2
Range_Factor_R: 0.8
U_factor: 2
ALpha: 0.2Replicao: 3
Tempos_Processamentos
0	0	1	0	
0	29	1	23	
0	45	1	3	
0	40	1	45	
0	46	1	25	
0	17	1	1	
0	42	1	26	
0	30	1	9	
0	24	1	18	
0	23	1	44	
0	36	1	30	
0	44	1	11	
0	22	1	23	
0	4	1	13	
0	33	1	1	
0	6	1	19	

Tempos_setup
M0
0	0	0	0	0	0	0	0	0	0	0	0	0	0	0	0	
0	0	33	28	16	22	20	23	14	12	8	25	19	23	29	2	
0	26	0	13	5	7	22	8	22	31	16	14	15	27	31	21	
0	31	5	0	10	12	18	13	9	34	3	19	20	23	27	24	
0	26	18	13	0	7	22	8	22	31	16	14	15	36	31	21	
0	19	11	6	1	0	15	1	15	24	9	13	8	29	24	14	
0	47	39	34	29	28	0	29	32	30	26	41	36	26	9	20	
0	36	10	5	13	17	23	0	14	39	8	12	25	28	32	29	
0	35	27	22	17	16	9	17	0	25	4	23	12	24	18	15	
0	19	33	28	23	22	8	23	14	0	8	13	19	11	17	2	
0	41	33	28	23	22	15	23	6	31	0	29	18	20	24	21	
0	33	25	20	14	14	29	15	29	35	23	0	22	43	38	25	
0	36	17	12	20	24	25	7	21	17	15	19	0	28	34	19	
0	38	37	32	27	26	19	27	10	35	10	33	22	0	28	25	
0	40	42	37	32	31	29	32	23	21	17	34	28	32	0	11	
0	29	31	26	21	20	18	21	12	10	6	23	17	21	27	0	
M1
0	0	0	0	0	0	0	0	0	0	0	0	0	0	0	0	
0	0	27	17	22	8	22	4	28	14	14	23	7	9	14	9	
0	20	0	13	22	8	22	4	30	14	14	25	7	9	21	9	
0	32	12	0	34	20	32	16	42	26	24	37	19	21	31	21	
0	18	5	11	0	6	4	9	27	11	15	22	4	6	22	7	
0	12	19	25	14	0	18	16	29	25	9	35	18	20	16	1	
0	25	39	34	34	26	0	29	26	10	22	21	28	30	29	14	
0	16	23	13	18	4	18	0	26	10	10	21	3	5	17	5	
0	7	28	24	26	15	29	11	0	21	14	28	14	16	10	6	
0	23	36	24	34	20	18	27	16	0	29	11	18	20	26	21	
0	13	19	25	14	4	18	17	21	25	0	36	18	20	7	5	
0	12	25	13	23	9	22	16	5	14	18	0	7	9	15	10	
0	14	21	10	16	2	15	9	23	7	11	18	0	2	18	3	
0	23	20	8	25	11	13	7	33	17	17	28	10	0	24	12	
0	38	18	31	35	26	39	22	44	28	32	39	25	27	0	27	
0	11	25	28	20	12	24	15	29	25	8	34	18	20	15	0	
Tamanho_Tarefas
0	23	4	40	33	3	30	18	21	26	32	19	22	5	7	6	
Data_Entrega
0	202	227	288	314	238	283	303	205	226	285	303	319	263	243	233	
Penalidade_Atraso
0	11	20	11	15	15	5	7	11	12	15	3	11	20	10	8	
Capacidade_Veiculo
92	78	89	113	43	105	113	
Custo_Fixo_Veiculo
920	780	890	1130	430	1050	1130	
Coordenadas_Clientes
x	0	y	0
x	92	y	0
x	73	y	32
x	58	y	65
x	31	y	97
x	-10	y	103
x	-40	y	70
x	-74	y	54
x	-98	y	20
x	-81	y	-17
x	-75	y	-54
x	-45	y	-78
x	-13	y	-124
x	33	y	-103
x	71	y	-79
x	93	y	-41
Tempo_Viagem
0	92	79	87	101	103	80	91	100	82	92	90	124	108	106	101	
92	0	37	73	114	144	149	174	191	173	175	157	162	118	81	41	
79	37	0	36	77	109	119	148	171	161	171	161	178	140	111	75	
87	73	36	0	41	77	98	132	162	161	178	176	201	169	144	111	
101	114	77	41	0	41	75	112	150	159	184	190	225	200	180	151	
103	144	109	77	41	0	44	80	120	139	169	184	227	210	199	177	
80	149	119	98	75	44	0	37	76	96	128	148	195	187	185	173	
91	174	148	132	112	80	37	0	41	71	108	135	188	189	196	192	
100	191	171	162	150	120	76	41	0	40	77	110	166	179	195	200	
82	173	161	161	159	139	96	71	40	0	37	70	126	142	164	175	
92	175	171	178	184	169	128	108	77	37	0	38	93	118	148	168	
90	157	161	176	190	184	148	135	110	70	38	0	56	81	116	142	
124	162	178	201	225	227	195	188	166	126	93	56	0	50	94	134	
108	118	140	169	200	210	187	189	179	142	118	81	50	0	44	86	
106	81	111	144	180	199	185	196	195	164	148	116	94	44	0	43	
101	41	75	111	151	177	173	192	200	175	168	142	134	86	43	0	
Custo_Viagem
V0
0	1692	1453	1600	1858	1895	1472	1674	1840	1508	1692	1656	2281	1987	1950	1858	
1692	0	680	1343	2097	2649	2741	3201	3514	3183	3220	2888	2980	2171	1490	754	
1453	680	0	662	1416	2005	2189	2723	3146	2962	3146	2962	3275	2576	2042	1380	
1600	1343	662	0	754	1416	1803	2428	2980	2962	3275	3238	3698	3109	2649	2042	
1858	2097	1416	754	0	754	1380	2079	2760	2925	3385	3496	4140	3680	3312	2778	
1895	2649	2005	1416	754	0	809	1472	2208	2557	3109	3385	4176	3864	3661	3256	
1472	2741	2189	1803	1380	809	0	680	1398	1766	2355	2723	3588	3440	3404	3183	
1674	3201	2723	2428	2079	1472	680	0	754	1306	1987	2484	3459	3477	3606	3532	
1840	3514	3146	2980	2760	2208	1398	754	0	736	1416	2042	3072	3293	3588	3680	
1508	3183	2962	2962	2925	2557	1766	1306	736	0	680	1288	2318	2612	3017	3220	
1692	3220	3146	3275	3385	3109	2355	1987	1416	680	0	699	1711	2171	2723	3091	
1656	2888	2962	3238	3496	3385	2723	2484	2042	1288	699	0	1030	1490	2134	2612	
2281	2980	3275	3698	4140	4176	3588	3459	3072	2318	1711	1030	0	920	1748	2465	
1987	2171	2576	3109	3680	3864	3440	3477	3293	2612	2171	1490	920	0	809	1582	
1950	1490	2042	2649	3312	3661	3404	3606	3588	3017	2723	2134	1748	809	0	791	
1858	754	1380	2042	2778	3256	3183	3532	3680	3220	3091	2612	2465	1582	791	0	
V1
0	1435	1232	1357	1575	1606	1248	1419	1560	1279	1435	1404	1934	1684	1653	1575	
1435	0	577	1138	1778	2246	2324	2714	2979	2698	2730	2449	2527	1840	1263	639	
1232	577	0	561	1201	1700	1856	2308	2667	2511	2667	2511	2776	2184	1731	1170	
1357	1138	561	0	639	1201	1528	2059	2527	2511	2776	2745	3135	2636	2246	1731	
1575	1778	1201	639	0	639	1170	1762	2340	2480	2870	2964	3510	3120	2808	2355	
1606	2246	1700	1201	639	0	686	1248	1872	2168	2636	2870	3541	3276	3104	2761	
1248	2324	1856	1528	1170	686	0	577	1185	1497	1996	2308	3042	2917	2886	2698	
1419	2714	2308	2059	1762	1248	577	0	639	1107	1684	2106	2932	2948	3057	2995	
1560	2979	2667	2527	2340	1872	1185	639	0	624	1201	1731	2605	2792	3042	3120	
1279	2698	2511	2511	2480	2168	1497	1107	624	0	577	1092	1965	2215	2558	2730	
1435	2730	2667	2776	2870	2636	1996	1684	1201	577	0	592	1450	1840	2308	2620	
1404	2449	2511	2745	2964	2870	2308	2106	1731	1092	592	0	873	1263	1809	2215	
1934	2527	2776	3135	3510	3541	3042	2932	2605	1965	1450	873	0	780	1482	2090	
1684	1840	2184	2636	3120	3276	2917	2948	2792	2215	1840	1263	780	0	686	1341	
1653	1263	1731	2246	2808	3104	2886	3057	3042	2558	2308	1809	1482	686	0	670	
1575	639	1170	1731	2355	2761	2698	2995	3120	2730	2620	2215	2090	1341	670	0	
V2
0	1637	1406	1548	1797	1833	1424	1619	1780	1459	1637	1602	2207	1922	1886	1797	
1637	0	658	1299	2029	2563	2652	3097	3399	3079	3115	2794	2883	2100	1441	729	
1406	658	0	640	1370	1940	2118	2634	3043	2865	3043	2865	3168	2492	1975	1335	
1548	1299	640	0	729	1370	1744	2349	2883	2865	3168	3132	3577	3008	2563	1975	
1797	2029	1370	729	0	729	1335	2011	2670	2830	3275	3382	4005	3560	3204	2687	
1833	2563	1940	1370	729	0	783	1424	2136	2474	3008	3275	4040	3738	3542	3150	
1424	2652	2118	1744	1335	783	0	658	1352	1708	2278	2634	3471	3328	3293	3079	
1619	3097	2634	2349	2011	1424	658	0	729	1263	1922	2403	3346	3364	3488	3417	
1780	3399	3043	2883	2670	2136	1352	729	0	712	1370	1975	2972	3186	3471	3560	
1459	3079	2865	2865	2830	2474	1708	1263	712	0	658	1246	2242	2527	2919	3115	
1637	3115	3043	3168	3275	3008	2278	1922	1370	658	0	676	1655	2100	2634	2990	
1602	2794	2865	3132	3382	3275	2634	2403	1975	1246	676	0	996	1441	2064	2527	
2207	2883	3168	3577	4005	4040	3471	3346	2972	2242	1655	996	0	890	1691	2385	
1922	2100	2492	3008	3560	3738	3328	3364	3186	2527	2100	1441	890	0	783	1530	
1886	1441	1975	2563	3204	3542	3293	3488	3471	2919	2634	2064	1691	783	0	765	
1797	729	1335	1975	2687	3150	3079	3417	3560	3115	2990	2527	2385	1530	765	0	
V3
0	2079	1785	1966	2282	2327	1808	2056	2260	1853	2079	2034	2802	2440	2395	2282	
2079	0	836	1649	2576	3254	3367	3932	4316	3909	3955	3548	3661	2666	1830	926	
1785	836	0	813	1740	2463	2689	3344	3864	3638	3864	3638	4022	3164	2508	1695	
1966	1649	813	0	926	1740	2214	2983	3661	3638	4022	3977	4542	3819	3254	2508	
2282	2576	1740	926	0	926	1695	2553	3390	3593	4158	4294	5085	4520	4068	3412	
2327	3254	2463	1740	926	0	994	1808	2712	3141	3819	4158	5130	4746	4497	4000	
1808	3367	2689	2214	1695	994	0	836	1717	2169	2892	3344	4407	4226	4181	3909	
2056	3932	3344	2983	2553	1808	836	0	926	1604	2440	3051	4248	4271	4429	4339	
2260	4316	3864	3661	3390	2712	1717	926	0	904	1740	2508	3774	4045	4407	4520	
1853	3909	3638	3638	3593	3141	2169	1604	904	0	836	1582	2847	3209	3706	3955	
2079	3955	3864	4022	4158	3819	2892	2440	1740	836	0	858	2101	2666	3344	3796	
2034	3548	3638	3977	4294	4158	3344	3051	2508	1582	858	0	1265	1830	2621	3209	
2802	3661	4022	4542	5085	5130	4407	4248	3774	2847	2101	1265	0	1130	2147	3028	
2440	2666	3164	3819	4520	4746	4226	4271	4045	3209	2666	1830	1130	0	994	1943	
2395	1830	2508	3254	4068	4497	4181	4429	4407	3706	3344	2621	2147	994	0	971	
2282	926	1695	2508	3412	4000	3909	4339	4520	3955	3796	3209	3028	1943	971	0	
V4
0	791	679	748	868	885	688	782	860	705	791	774	1066	928	911	868	
791	0	318	627	980	1238	1281	1496	1642	1487	1505	1350	1393	1014	696	352	
679	318	0	309	662	937	1023	1272	1470	1384	1470	1384	1530	1204	954	645	
748	627	309	0	352	662	842	1135	1393	1384	1530	1513	1728	1453	1238	954	
868	980	662	352	0	352	645	971	1290	1367	1582	1634	1935	1720	1548	1298	
885	1238	937	662	352	0	378	688	1032	1195	1453	1582	1952	1806	1711	1522	
688	1281	1023	842	645	378	0	318	653	825	1100	1272	1677	1608	1591	1487	
782	1496	1272	1135	971	688	318	0	352	610	928	1161	1616	1625	1685	1651	
860	1642	1470	1393	1290	1032	653	352	0	344	662	954	1436	1539	1677	1720	
705	1487	1384	1384	1367	1195	825	610	344	0	318	602	1083	1221	1410	1505	
791	1505	1470	1530	1582	1453	1100	928	662	318	0	326	799	1014	1272	1444	
774	1350	1384	1513	1634	1582	1272	1161	954	602	326	0	481	696	997	1221	
1066	1393	1530	1728	1935	1952	1677	1616	1436	1083	799	481	0	430	817	1152	
928	1014	1204	1453	1720	1806	1608	1625	1539	1221	1014	696	430	0	378	739	
911	696	954	1238	1548	1711	1591	1685	1677	1410	1272	997	817	378	0	369	
868	352	645	954	1298	1522	1487	1651	1720	1505	1444	1221	1152	739	369	0	
V5
0	1932	1659	1827	2121	2163	1680	1911	2100	1722	1932	1890	2604	2268	2226	2121	
1932	0	777	1533	2394	3024	3129	3654	4011	3633	3675	3297	3402	2478	1701	861	
1659	777	0	756	1617	2289	2499	3108	3591	3381	3591	3381	3738	2940	2331	1575	
1827	1533	756	0	861	1617	2058	2772	3402	3381	3738	3696	4221	3549	3024	2331	
2121	2394	1617	861	0	861	1575	2373	3150	3339	3864	3990	4725	4200	3780	3171	
2163	3024	2289	1617	861	0	924	1680	2520	2919	3549	3864	4767	4410	4179	3717	
1680	3129	2499	2058	1575	924	0	777	1596	2016	2688	3108	4095	3927	3885	3633	
1911	3654	3108	2772	2373	1680	777	0	861	1491	2268	2835	3948	3969	4116	4032	
2100	4011	3591	3402	3150	2520	1596	861	0	840	1617	2331	3507	3759	4095	4200	
1722	3633	3381	3381	3339	2919	2016	1491	840	0	777	1470	2646	2982	3444	3675	
1932	3675	3591	3738	3864	3549	2688	2268	1617	777	0	798	1953	2478	3108	3528	
1890	3297	3381	3696	3990	3864	3108	2835	2331	1470	798	0	1176	1701	2436	2982	
2604	3402	3738	4221	4725	4767	4095	3948	3507	2646	1953	1176	0	1050	1995	2814	
2268	2478	2940	3549	4200	4410	3927	3969	3759	2982	2478	1701	1050	0	924	1806	
2226	1701	2331	3024	3780	4179	3885	4116	4095	3444	3108	2436	1995	924	0	903	
2121	861	1575	2331	3171	3717	3633	4032	4200	3675	3528	2982	2814	1806	903	0	
V6
0	2079	1785	1966	2282	2327	1808	2056	2260	1853	2079	2034	2802	2440	2395	2282	
2079	0	836	1649	2576	3254	3367	3932	4316	3909	3955	3548	3661	2666	1830	926	
1785	836	0	813	1740	2463	2689	3344	3864	3638	3864	3638	4022	3164	2508	1695	
1966	1649	813	0	926	1740	2214	2983	3661	3638	4022	3977	4542	3819	3254	2508	
2282	2576	1740	926	0	926	1695	2553	3390	3593	4158	4294	5085	4520	4068	3412	
2327	3254	2463	1740	926	0	994	1808	2712	3141	3819	4158	5130	4746	4497	4000	
1808	3367	2689	2214	1695	994	0	836	1717	2169	2892	3344	4407	4226	4181	3909	
2056	3932	3344	2983	2553	1808	836	0	926	1604	2440	3051	4248	4271	4429	4339	
2260	4316	3864	3661	3390	2712	1717	926	0	904	1740	2508	3774	4045	4407	4520	
1853	3909	3638	3638	3593	3141	2169	1604	904	0	836	1582	2847	3209	3706	3955	
2079	3955	3864	4022	4158	3819	2892	2440	1740	836	0	858	2101	2666	3344	3796	
2034	3548	3638	3977	4294	4158	3344	3051	2508	1582	858	0	1265	1830	2621	3209	
2802	3661	4022	4542	5085	5130	4407	4248	3774	2847	2101	1265	0	1130	2147	3028	
2440	2666	3164	3819	4520	4746	4226	4271	4045	3209	2666	1830	1130	0	994	1943	
2395	1830	2508	3254	4068	4497	4181	4429	4407	3706	3344	2621	2147	994	0	971	
2282	926	1695	2508	3412	4000	3909	4339	4520	3955	3796	3209	3028	1943	971	0	
Velocidade_Veiculos
1	1	1	1	1	1	1	