M: 2
N: 15
Nun_Veiculos: 8
Capacidade_Total: 608
Demanda_Total: 320
Setup_Min: 1
Setup_Max: 99
Raio: 100
Circulos: 1
Tempo_Processamento_Min: 1
Tempo_Processamento_Max: 49
Demanda_Min: 10
Demanda_Max: 30
Priority_Factor: 0.2
Range_Factor_R: 0.8
U_factor: 2
ALpha: 0.2Replicao: 0
Tempos_Processamentos
0	0	1	0	
0	32	1	16	
0	39	1	39	
0	45	1	12	
0	20	1	39	
0	12	1	36	
0	36	1	3	
0	23	1	38	
0	14	1	6	
0	32	1	41	
0	37	1	38	
0	30	1	32	
0	13	1	18	
0	25	1	14	
0	19	1	46	
0	13	1	9	

Tempos_setup
M0
0	0	0	0	0	0	0	0	0	0	0	0	0	0	0	0	
0	0	13	11	13	6	16	18	1	8	3	7	13	8	7	11	
0	55	0	29	37	15	31	27	16	26	21	22	30	26	31	26	
0	45	22	0	17	9	25	21	10	16	15	16	24	20	25	20	
0	48	29	7	0	16	29	28	17	23	22	23	27	27	32	23	
0	40	13	14	22	0	16	12	1	11	6	7	15	11	16	11	
0	30	31	38	43	24	0	36	19	18	30	25	23	1	37	29	
0	65	10	39	43	25	41	0	26	36	31	32	40	36	41	36	
0	39	12	19	27	5	15	17	0	16	11	6	14	16	21	10	
0	29	19	40	34	27	32	39	22	0	32	28	26	4	28	32	
0	34	24	8	24	14	30	21	15	5	0	21	10	5	27	17	
0	33	6	23	31	21	9	33	22	10	27	0	8	10	25	4	
0	25	23	30	23	31	36	43	26	4	28	32	0	8	17	17	
0	46	30	37	45	23	28	35	18	17	29	24	22	0	39	28	
0	51	6	13	6	21	21	33	22	29	27	28	33	22	0	29	
0	29	15	19	27	28	38	40	28	6	32	33	4	10	21	0	
M1
0	0	0	0	0	0	0	0	0	0	0	0	0	0	0	0	
0	0	21	12	17	14	10	16	18	23	18	17	27	2	28	20	
0	14	0	26	20	16	24	19	20	37	13	5	30	16	11	22	
0	7	28	0	24	21	17	23	25	26	6	22	31	7	34	27	
0	19	25	31	0	18	29	15	17	26	18	30	10	21	13	14	
0	21	7	33	27	0	31	26	27	30	20	12	27	11	18	29	
0	19	23	31	36	16	0	6	8	42	36	28	26	21	18	10	
0	13	17	25	30	10	16	0	2	36	30	22	20	15	12	4	
0	11	15	23	28	8	21	27	0	34	28	20	35	13	26	31	
0	20	41	32	34	34	30	36	38	0	19	37	44	22	40	40	
0	1	22	13	18	15	11	17	19	24	0	18	25	3	28	21	
0	51	48	63	52	41	41	38	40	42	61	0	33	41	36	17	
0	18	15	30	35	8	21	5	7	21	28	20	0	19	3	9	
0	31	35	43	26	28	34	18	20	52	43	15	36	0	30	22	
0	20	12	32	32	5	24	8	9	35	25	17	28	16	0	12	
0	34	31	46	50	24	24	21	23	37	44	36	16	24	19	0	
Tamanho_Tarefas
0	16	39	14	26	14	9	27	10	35	37	30	14	17	21	11	
Data_Entrega
0	293	248	229	285	317	292	284	226	309	217	323	242	224	261	296	
Penalidade_Atraso
0	16	12	18	12	8	13	13	19	10	13	10	20	6	1	14	
Capacidade_Veiculo
48	63	58	84	91	85	63	116	
Custo_Fixo_Veiculo
480	630	580	840	910	850	630	1160	
Coordenadas_Clientes
x	0	y	0
x	102	y	0
x	73	y	32
x	80	y	89
x	25	y	77
x	-10	y	104
x	-38	y	66
x	-90	y	65
x	-116	y	24
x	-76	y	-16
x	-61	y	-44
x	-40	y	-71
x	-8	y	-76
x	34	y	-106
x	59	y	-66
x	98	y	-43
Tempo_Viagem
0	102	79	119	80	104	76	111	118	77	75	81	76	111	88	107	
102	0	43	91	108	152	154	202	219	178	168	158	133	125	78	43	
79	43	0	57	65	109	116	166	189	156	154	152	135	143	98	79	
119	91	57	0	56	91	119	171	206	188	193	200	187	200	155	133	
80	108	65	56	0	44	63	115	150	137	148	161	156	183	146	140	
104	152	109	91	44	0	47	89	132	136	156	177	180	214	183	182	
76	154	116	119	63	47	0	52	88	90	112	137	145	186	163	174	
111	202	166	171	115	89	52	0	48	82	112	144	163	211	198	216	
118	219	189	206	150	132	88	48	0	56	87	121	146	197	196	224	
77	178	156	188	137	136	90	82	56	0	31	65	90	141	143	176	
75	168	154	193	148	156	112	112	87	31	0	34	61	112	122	159	
81	158	152	200	161	177	137	144	121	65	34	0	32	81	99	140	
76	133	135	187	156	180	145	163	146	90	61	32	0	51	67	111	
111	125	143	200	183	214	186	211	197	141	112	81	51	0	47	89	
88	78	98	155	146	183	163	198	196	143	122	99	67	47	0	45	
107	43	79	133	140	182	174	216	224	176	159	140	111	89	45	0	
Custo_Viagem
V0
0	979	758	1142	768	998	729	1065	1132	739	720	777	729	1065	844	1027	
979	0	412	873	1036	1459	1478	1939	2102	1708	1612	1516	1276	1200	748	412	
758	412	0	547	624	1046	1113	1593	1814	1497	1478	1459	1296	1372	940	758	
1142	873	547	0	537	873	1152	1641	1977	1804	1852	1920	1795	1920	1497	1276	
768	1036	624	537	0	422	604	1104	1440	1315	1420	1545	1497	1756	1401	1344	
998	1459	1046	873	422	0	451	854	1267	1305	1497	1699	1728	2054	1756	1747	
729	1478	1113	1152	604	451	0	499	844	864	1075	1315	1392	1785	1564	1670	
1065	1939	1593	1641	1104	854	499	0	460	787	1075	1382	1564	2025	1900	2073	
1132	2102	1814	1977	1440	1267	844	460	0	537	835	1161	1411	1900	1881	2150	
739	1708	1497	1804	1315	1305	864	787	537	0	297	624	864	1363	1372	1689	
720	1612	1478	1852	1420	1497	1075	1075	835	297	0	326	585	1084	1171	1526	
777	1516	1459	1920	1545	1699	1315	1382	1161	624	326	0	307	777	950	1344	
729	1276	1296	1795	1497	1728	1392	1564	1411	864	585	307	0	489	643	1065	
1065	1200	1372	1920	1756	2054	1785	2025	1900	1363	1084	777	489	0	451	854	
844	748	940	1497	1401	1756	1564	1900	1881	1372	1171	950	643	451	0	432	
1027	412	758	1276	1344	1747	1670	2073	2150	1689	1526	1344	1065	854	432	0	
V1
0	1285	995	1499	1008	1310	957	1398	1486	970	945	1020	957	1398	1108	1348	
1285	0	541	1146	1360	1915	1940	2545	2759	2242	2116	1990	1675	1575	982	541	
995	541	0	718	819	1373	1461	2091	2381	1965	1940	1915	1701	1801	1234	995	
1499	1146	718	0	705	1146	1512	2154	2595	2368	2431	2520	2356	2520	1965	1675	
1008	1360	819	705	0	554	793	1449	1890	1726	1864	2028	1965	2305	1839	1764	
1310	1915	1373	1146	554	0	592	1121	1663	1713	1965	2230	2268	2696	2305	2293	
957	1940	1461	1512	793	592	0	655	1108	1134	1411	1726	1827	2343	2053	2192	
1398	2545	2091	2154	1449	1121	655	0	604	1033	1411	1814	2053	2658	2494	2721	
1486	2759	2381	2595	1890	1663	1108	604	0	705	1096	1524	1852	2494	2469	2822	
970	2242	1965	2368	1726	1713	1134	1033	705	0	390	819	1134	1789	1801	2217	
945	2116	1940	2431	1864	1965	1411	1411	1096	390	0	428	768	1423	1537	2003	
1020	1990	1915	2520	2028	2230	1726	1814	1524	819	428	0	403	1020	1247	1764	
957	1675	1701	2356	1965	2268	1827	2053	1852	1134	768	403	0	642	844	1398	
1398	1575	1801	2520	2305	2696	2343	2658	2494	1789	1423	1020	642	0	592	1121	
1108	982	1234	1965	1839	2305	2053	2494	2469	1801	1537	1247	844	592	0	567	
1348	541	995	1675	1764	2293	2192	2721	2822	2217	2003	1764	1398	1121	567	0	
V2
0	1183	916	1380	928	1206	881	1287	1368	893	870	939	881	1287	1020	1241	
1183	0	498	1055	1252	1763	1786	2343	2540	2064	1948	1832	1542	1450	904	498	
916	498	0	661	754	1264	1345	1925	2192	1809	1786	1763	1566	1658	1136	916	
1380	1055	661	0	649	1055	1392	1983	2389	2180	2238	2320	2169	2320	1809	1542	
928	1252	754	649	0	510	730	1334	1740	1589	1716	1867	1809	2122	1693	1624	
1206	1763	1264	1055	510	0	545	1032	1531	1577	1809	2053	2088	2482	2122	2111	
881	1786	1345	1392	730	545	0	603	1020	1044	1299	1589	1682	2157	1890	2018	
1287	2343	1925	1983	1334	1032	603	0	556	951	1299	1670	1890	2447	2296	2505	
1368	2540	2192	2389	1740	1531	1020	556	0	649	1009	1403	1705	2296	2273	2598	
893	2064	1809	2180	1589	1577	1044	951	649	0	359	754	1044	1647	1658	2041	
870	1948	1786	2238	1716	1809	1299	1299	1009	359	0	394	707	1310	1415	1844	
939	1832	1763	2320	1867	2053	1589	1670	1403	754	394	0	371	939	1148	1624	
881	1542	1566	2169	1809	2088	1682	1890	1705	1044	707	371	0	591	777	1287	
1287	1450	1658	2320	2122	2482	2157	2447	2296	1647	1310	939	591	0	545	1032	
1020	904	1136	1809	1693	2122	1890	2296	2273	1658	1415	1148	777	545	0	522	
1241	498	916	1542	1624	2111	2018	2505	2598	2041	1844	1624	1287	1032	522	0	
V3
0	1713	1327	1999	1344	1747	1276	1864	1982	1293	1260	1360	1276	1864	1478	1797	
1713	0	722	1528	1814	2553	2587	3393	3679	2990	2822	2654	2234	2100	1310	722	
1327	722	0	957	1092	1831	1948	2788	3175	2620	2587	2553	2268	2402	1646	1327	
1999	1528	957	0	940	1528	2016	2872	3460	3158	3242	3360	3141	3360	2620	2234	
1344	1814	1092	940	0	739	1058	1932	2520	2301	2486	2704	2620	3074	2452	2352	
1747	2553	1831	1528	739	0	789	1495	2217	2284	2620	2973	3024	3595	3074	3057	
1276	2587	1948	2016	1058	789	0	873	1478	1512	1881	2301	2436	3124	2738	2923	
1864	3393	2788	2872	1932	1495	873	0	806	1377	1881	2419	2738	3544	3326	3628	
1982	3679	3175	3460	2520	2217	1478	806	0	940	1461	2032	2469	3326	3292	3763	
1293	2990	2620	3158	2301	2284	1512	1377	940	0	520	1092	1512	2385	2402	2956	
1260	2822	2587	3242	2486	2620	1881	1881	1461	520	0	571	1024	1898	2049	2671	
1360	2654	2553	3360	2704	2973	2301	2419	2032	1092	571	0	537	1360	1663	2352	
1276	2234	2268	3141	2620	3024	2436	2738	2469	1512	1024	537	0	856	1125	1864	
1864	2100	2402	3360	3074	3595	3124	3544	3326	2385	1898	1360	856	0	789	1495	
1478	1310	1646	2620	2452	3074	2738	3326	3292	2402	2049	1663	1125	789	0	756	
1797	722	1327	2234	2352	3057	2923	3628	3763	2956	2671	2352	1864	1495	756	0	
V4
0	1856	1437	2165	1456	1892	1383	2020	2147	1401	1365	1474	1383	2020	1601	1947	
1856	0	782	1656	1965	2766	2802	3676	3985	3239	3057	2875	2420	2275	1419	782	
1437	782	0	1037	1183	1983	2111	3021	3439	2839	2802	2766	2457	2602	1783	1437	
2165	1656	1037	0	1019	1656	2184	3112	3749	3421	3512	3640	3403	3640	2839	2420	
1456	1965	1183	1019	0	800	1146	2093	2730	2493	2693	2930	2839	3330	2657	2548	
1892	2766	1983	1656	800	0	855	1619	2402	2475	2839	3221	3276	3894	3330	3312	
1383	2802	2111	2184	1146	855	0	946	1601	1638	2038	2493	2639	3385	2966	3166	
2020	3676	3021	3112	2093	1619	946	0	873	1492	2038	2620	2966	3840	3603	3931	
2147	3985	3439	3749	2730	2402	1601	873	0	1019	1583	2202	2675	3603	3567	4076	
1401	3239	2839	3421	2493	2475	1638	1492	1019	0	564	1183	1638	2584	2602	3203	
1365	3057	2802	3512	2693	2839	2038	2038	1583	564	0	618	1110	2056	2220	2893	
1474	2875	2766	3640	2930	3221	2493	2620	2202	1183	618	0	582	1474	1801	2548	
1383	2420	2457	3403	2839	3276	2639	2966	2675	1638	1110	582	0	928	1219	2020	
2020	2275	2602	3640	3330	3894	3385	3840	3603	2584	2056	1474	928	0	855	1619	
1601	1419	1783	2839	2657	3330	2966	3603	3567	2602	2220	1801	1219	855	0	819	
1947	782	1437	2420	2548	3312	3166	3931	4076	3203	2893	2548	2020	1619	819	0	
V5
0	1734	1343	2023	1360	1768	1292	1887	2006	1309	1275	1377	1292	1887	1496	1819	
1734	0	731	1547	1836	2584	2618	3434	3723	3026	2856	2686	2261	2125	1326	731	
1343	731	0	969	1105	1853	1972	2822	3213	2652	2618	2584	2295	2431	1666	1343	
2023	1547	969	0	952	1547	2040	2907	3502	3196	3281	3400	3179	3400	2652	2261	
1360	1836	1105	952	0	748	1071	1955	2550	2329	2516	2737	2652	3111	2482	2380	
1768	2584	1853	1547	748	0	799	1513	2244	2312	2652	3009	3060	3638	3111	3094	
1292	2618	1972	2040	1071	799	0	884	1496	1530	1904	2329	2465	3162	2771	2958	
1887	3434	2822	2907	1955	1513	884	0	816	1394	1904	2448	2771	3587	3366	3672	
2006	3723	3213	3502	2550	2244	1496	816	0	952	1479	2057	2499	3366	3332	3808	
1309	3026	2652	3196	2329	2312	1530	1394	952	0	527	1105	1530	2414	2431	2992	
1275	2856	2618	3281	2516	2652	1904	1904	1479	527	0	578	1037	1921	2074	2703	
1377	2686	2584	3400	2737	3009	2329	2448	2057	1105	578	0	544	1377	1683	2380	
1292	2261	2295	3179	2652	3060	2465	2771	2499	1530	1037	544	0	867	1139	1887	
1887	2125	2431	3400	3111	3638	3162	3587	3366	2414	1921	1377	867	0	799	1513	
1496	1326	1666	2652	2482	3111	2771	3366	3332	2431	2074	1683	1139	799	0	765	
1819	731	1343	2261	2380	3094	2958	3672	3808	2992	2703	2380	1887	1513	765	0	
V6
0	1285	995	1499	1008	1310	957	1398	1486	970	945	1020	957	1398	1108	1348	
1285	0	541	1146	1360	1915	1940	2545	2759	2242	2116	1990	1675	1575	982	541	
995	541	0	718	819	1373	1461	2091	2381	1965	1940	1915	1701	1801	1234	995	
1499	1146	718	0	705	1146	1512	2154	2595	2368	2431	2520	2356	2520	1965	1675	
1008	1360	819	705	0	554	793	1449	1890	1726	1864	2028	1965	2305	1839	1764	
1310	1915	1373	1146	554	0	592	1121	1663	1713	1965	2230	2268	2696	2305	2293	
957	1940	1461	1512	793	592	0	655	1108	1134	1411	1726	1827	2343	2053	2192	
1398	2545	2091	2154	1449	1121	655	0	604	1033	1411	1814	2053	2658	2494	2721	
1486	2759	2381	2595	1890	1663	1108	604	0	705	1096	1524	1852	2494	2469	2822	
970	2242	1965	2368	1726	1713	1134	1033	705	0	390	819	1134	1789	1801	2217	
945	2116	1940	2431	1864	1965	1411	1411	1096	390	0	428	768	1423	1537	2003	
1020	1990	1915	2520	2028	2230	1726	1814	1524	819	428	0	403	1020	1247	1764	
957	1675	1701	2356	1965	2268	1827	2053	1852	1134	768	403	0	642	844	1398	
1398	1575	1801	2520	2305	2696	2343	2658	2494	1789	1423	1020	642	0	592	1121	
1108	982	1234	1965	1839	2305	2053	2494	2469	1801	1537	1247	844	592	0	567	
1348	541	995	1675	1764	2293	2192	2721	2822	2217	2003	1764	1398	1121	567	0	
V7
0	2366	1832	2760	1856	2412	1763	2575	2737	1786	1740	1879	1763	2575	2041	2482	
2366	0	997	2111	2505	3526	3572	4686	5080	4129	3897	3665	3085	2900	1809	997	
1832	997	0	1322	1508	2528	2691	3851	4384	3619	3572	3526	3132	3317	2273	1832	
2760	2111	1322	0	1299	2111	2784	3967	4779	4361	4477	4640	4338	4640	3619	3085	
1856	2505	1508	1299	0	1020	1461	2668	3480	3178	3433	3735	3619	4245	3387	3248	
2412	3526	2528	2111	1020	0	1090	2064	3062	3155	3619	4106	4176	4964	4245	4222	
1763	3572	2691	2784	1461	1090	0	1206	2041	2088	2598	3178	3364	4315	3781	4036	
2575	4686	3851	3967	2668	2064	1206	0	1113	1902	2598	3340	3781	4895	4593	5011	
2737	5080	4384	4779	3480	3062	2041	1113	0	1299	2018	2807	3410	4593	4547	5196	
1786	4129	3619	4361	3178	3155	2088	1902	1299	0	719	1508	2088	3294	3317	4083	
1740	3897	3572	4477	3433	3619	2598	2598	2018	719	0	788	1415	2621	2830	3688	
1879	3665	3526	4640	3735	4106	3178	3340	2807	1508	788	0	742	1879	2296	3248	
1763	3085	3132	4338	3619	4176	3364	3781	3410	2088	1415	742	0	1183	1554	2575	
2575	2900	3317	4640	4245	4964	4315	4895	4593	3294	2621	1879	1183	0	1090	2064	
2041	1809	2273	3619	3387	4245	3781	4593	4547	3317	2830	2296	1554	1090	0	1044	
2482	997	1832	3085	3248	4222	4036	5011	5196	4083	3688	3248	2575	2064	1044	0	
Velocidade_Veiculos
1	1	1	1	1	1	1	1	