M: 2
N: 15
Nun_Veiculos: 4
Capacidade_Total: 433
Demanda_Total: 349
Setup_Min: 1
Setup_Max: 9
Raio: 100
Circulos: 1
Tempo_Processamento_Min: 1
Tempo_Processamento_Max: 49
Demanda_Min: 10
Demanda_Max: 30
Priority_Factor: 0.2
Range_Factor_R: 0.8
U_factor: 2
ALpha: 0.2Replicao: 4
Tempos_Processamentos
0	0	1	0	
0	30	1	13	
0	47	1	2	
0	23	1	32	
0	25	1	22	
0	1	1	8	
0	47	1	44	
0	6	1	43	
0	13	1	29	
0	16	1	39	
0	19	1	15	
0	38	1	47	
0	37	1	43	
0	41	1	45	
0	20	1	35	
0	2	1	46	

Tempos_setup
M0
0	0	0	0	0	0	0	0	0	0	0	0	0	0	0	0	
0	0	4	2	4	2	4	4	3	3	4	3	1	4	4	4	
0	4	0	4	4	2	1	3	2	4	3	4	4	3	3	4	
0	3	3	0	4	4	4	4	3	3	4	3	3	2	2	2	
0	3	4	5	0	3	4	5	4	4	5	6	2	5	2	6	
0	2	2	3	2	0	3	2	1	3	2	3	3	2	2	3	
0	3	3	3	4	4	0	2	1	3	2	3	3	2	2	3	
0	3	2	1	3	3	3	0	1	3	2	3	2	2	2	3	
0	2	3	2	3	3	2	1	0	2	1	2	2	1	1	2	
0	4	3	1	2	4	4	1	2	0	3	4	3	2	3	3	
0	4	2	3	4	4	1	2	2	2	0	3	4	1	3	2	
0	2	3	3	1	3	2	3	3	2	1	0	2	1	1	2	
0	2	3	3	3	1	3	3	2	2	3	4	0	3	3	4	
0	4	4	2	3	5	3	2	2	1	3	2	4	0	3	1	
0	1	4	3	2	2	4	3	2	3	3	4	1	3	0	4	
0	3	4	3	2	4	3	2	1	3	2	1	3	2	2	0	
M1
0	0	0	0	0	0	0	0	0	0	0	0	0	0	0	0	
0	0	3	2	3	4	3	1	1	3	2	2	3	2	1	3	
0	1	0	1	2	2	4	2	2	4	3	3	2	3	2	4	
0	1	1	0	1	3	3	2	2	4	3	3	3	2	2	4	
0	3	2	3	0	4	2	3	3	3	2	2	2	1	3	3	
0	4	4	3	4	0	4	3	2	2	4	3	1	3	3	5	
0	1	3	3	1	5	0	2	2	3	3	3	1	2	2	1	
0	3	3	2	2	5	2	0	2	2	1	2	3	1	2	3	
0	2	2	1	2	4	3	1	0	3	2	1	2	2	1	3	
0	2	3	3	2	5	4	2	3	0	2	2	4	1	3	5	
0	2	2	1	1	4	3	1	2	1	0	1	3	2	1	3	
0	2	1	2	2	3	4	2	1	4	3	0	3	3	2	4	
0	3	3	2	3	5	4	2	1	4	3	2	0	3	2	4	
0	3	2	2	2	4	4	2	3	2	1	2	4	0	2	4	
0	1	3	2	3	3	4	2	2	3	2	3	2	1	0	2	
0	3	2	3	3	4	5	4	3	2	3	4	3	2	2	0	
Tamanho_Tarefas
0	19	19	25	23	2	45	10	13	23	16	42	37	42	23	10	
Data_Entrega
0	295	257	303	315	304	326	234	288	254	316	251	211	310	320	324	
Penalidade_Atraso
0	20	14	16	15	13	11	11	5	4	18	10	5	5	7	16	
Capacidade_Veiculo
111	56	133	133	
Custo_Fixo_Veiculo
1110	560	1330	1330	
Coordenadas_Clientes
x	0	y	0
x	86	y	0
x	72	y	32
x	67	y	75
x	36	y	112
x	-12	y	121
x	-51	y	89
x	-80	y	58
x	-118	y	25
x	-75	y	-16
x	-93	y	-67
x	-40	y	-71
x	-12	y	-123
x	38	y	-116
x	51	y	-57
x	71	y	-31
Tempo_Viagem
0	86	78	100	117	121	102	98	120	76	114	81	123	122	76	77	
86	0	34	77	121	155	163	175	205	161	191	144	157	125	66	34	
78	34	0	43	87	122	135	154	190	154	192	152	176	151	91	63	
100	77	43	0	48	91	118	147	191	168	213	181	213	192	132	106	
117	121	87	48	0	48	89	127	176	169	220	198	239	228	169	147	
121	155	122	91	48	0	50	92	142	150	204	194	244	242	188	173	
102	163	135	118	89	50	0	42	92	107	161	160	215	223	178	171	
98	175	154	147	127	92	42	0	50	74	125	135	193	210	174	175	
120	205	190	191	176	142	92	50	0	59	95	123	182	209	187	197	
76	161	154	168	169	150	107	74	59	0	54	65	124	150	132	146	
114	191	192	213	220	204	161	125	95	54	0	53	98	139	144	167	
81	144	152	181	198	194	160	135	123	65	53	0	59	90	92	117	
123	157	176	213	239	244	215	193	182	124	98	59	0	50	91	123	
122	125	151	192	228	242	223	210	209	150	139	90	50	0	60	91	
76	66	91	132	169	188	178	174	187	132	144	92	91	60	0	32	
77	34	63	106	147	173	171	175	197	146	167	117	123	91	32	0	
Custo_Viagem
V0
0	1909	1731	2220	2597	2686	2264	2175	2664	1687	2530	1798	2730	2708	1687	1709	
1909	0	754	1709	2708	3441	3618	3885	4551	3574	4240	3196	3485	2775	1465	754	
1731	754	0	954	1931	2708	2997	3418	4218	3418	4262	3374	3907	3352	2020	1398	
2220	1709	954	0	1065	2020	2619	3263	4240	3729	4728	4018	4728	4284	2930	2353	
2597	2708	1931	1065	0	1065	1975	2819	3907	3751	4884	4395	5305	5061	3751	3263	
2686	3441	2708	2020	1065	0	1110	2042	3174	3330	4528	4306	5416	5372	4173	3840	
2264	3618	2997	2619	1975	1110	0	932	2042	2375	3574	3552	4773	4950	3951	3796	
2175	3885	3418	3263	2819	2042	932	0	1110	1642	2775	2997	4284	4662	3862	3885	
2664	4551	4218	4240	3907	3174	2042	1110	0	1309	2109	2730	4040	4662	4151	4373	
1687	3574	3418	3729	3751	3330	2375	1642	1309	0	1198	1443	2752	3330	2930	3241	
2530	4240	4262	4728	4884	4528	3574	2775	2109	1198	0	1176	2175	3085	3196	3707	
1798	3196	3374	4018	4395	4306	3552	2997	2730	1443	1176	0	1309	1998	2042	2597	
2730	3485	3907	4728	5305	5416	4773	4284	4040	2752	2175	1309	0	1110	2020	2730	
2708	2775	3352	4284	5061	5372	4950	4662	4662	3330	3085	1998	1110	0	1332	2020	
1687	1465	2020	2930	3751	4173	3951	3862	4151	2930	3196	2042	2020	1332	0	710	
1709	754	1398	2353	3263	3840	3796	3885	4373	3241	3707	2597	2730	2020	710	0	
V1
0	963	873	1120	1310	1355	1142	1097	1344	851	1276	907	1377	1366	851	862	
963	0	380	862	1366	1736	1825	1960	2296	1803	2139	1612	1758	1400	739	380	
873	380	0	481	974	1366	1512	1724	2128	1724	2150	1702	1971	1691	1019	705	
1120	862	481	0	537	1019	1321	1646	2139	1881	2385	2027	2385	2161	1478	1187	
1310	1366	974	537	0	537	996	1422	1971	1892	2464	2217	2676	2553	1892	1646	
1355	1736	1366	1019	537	0	560	1030	1601	1680	2284	2172	2732	2710	2105	1937	
1142	1825	1512	1321	996	560	0	470	1030	1198	1803	1792	2408	2497	1993	1915	
1097	1960	1724	1646	1422	1030	470	0	560	828	1400	1512	2161	2352	1948	1960	
1344	2296	2128	2139	1971	1601	1030	560	0	660	1064	1377	2038	2352	2094	2206	
851	1803	1724	1881	1892	1680	1198	828	660	0	604	728	1388	1680	1478	1635	
1276	2139	2150	2385	2464	2284	1803	1400	1064	604	0	593	1097	1556	1612	1870	
907	1612	1702	2027	2217	2172	1792	1512	1377	728	593	0	660	1008	1030	1310	
1377	1758	1971	2385	2676	2732	2408	2161	2038	1388	1097	660	0	560	1019	1377	
1366	1400	1691	2161	2553	2710	2497	2352	2352	1680	1556	1008	560	0	672	1019	
851	739	1019	1478	1892	2105	1993	1948	2094	1478	1612	1030	1019	672	0	358	
862	380	705	1187	1646	1937	1915	1960	2206	1635	1870	1310	1377	1019	358	0	
V2
0	2287	2074	2660	3112	3218	2713	2606	3192	2021	3032	2154	3271	3245	2021	2048	
2287	0	904	2048	3245	4123	4335	4655	5453	4282	5080	3830	4176	3325	1755	904	
2074	904	0	1143	2314	3245	3591	4096	5054	4096	5107	4043	4681	4016	2420	1675	
2660	2048	1143	0	1276	2420	3138	3910	5080	4468	5665	4814	5665	5133	3511	2819	
3112	3245	2314	1276	0	1276	2367	3378	4681	4495	5852	5266	6357	6064	4495	3910	
3218	4123	3245	2420	1276	0	1330	2447	3803	3990	5426	5160	6490	6437	5000	4601	
2713	4335	3591	3138	2367	1330	0	1117	2447	2846	4282	4256	5719	5931	4734	4548	
2606	4655	4096	3910	3378	2447	1117	0	1330	1968	3325	3591	5133	5586	4628	4655	
3192	5453	5054	5080	4681	3803	2447	1330	0	1569	2527	3271	4841	5586	4974	5240	
2021	4282	4096	4468	4495	3990	2846	1968	1569	0	1436	1729	3298	3990	3511	3883	
3032	5080	5107	5665	5852	5426	4282	3325	2527	1436	0	1409	2606	3697	3830	4442	
2154	3830	4043	4814	5266	5160	4256	3591	3271	1729	1409	0	1569	2394	2447	3112	
3271	4176	4681	5665	6357	6490	5719	5133	4841	3298	2606	1569	0	1330	2420	3271	
3245	3325	4016	5133	6064	6437	5931	5586	5586	3990	3697	2394	1330	0	1596	2420	
2021	1755	2420	3511	4495	5000	4734	4628	4974	3511	3830	2447	2420	1596	0	851	
2048	904	1675	2819	3910	4601	4548	4655	5240	3883	4442	3112	3271	2420	851	0	
V3
0	2287	2074	2660	3112	3218	2713	2606	3192	2021	3032	2154	3271	3245	2021	2048	
2287	0	904	2048	3245	4123	4335	4655	5453	4282	5080	3830	4176	3325	1755	904	
2074	904	0	1143	2314	3245	3591	4096	5054	4096	5107	4043	4681	4016	2420	1675	
2660	2048	1143	0	1276	2420	3138	3910	5080	4468	5665	4814	5665	5133	3511	2819	
3112	3245	2314	1276	0	1276	2367	3378	4681	4495	5852	5266	6357	6064	4495	3910	
3218	4123	3245	2420	1276	0	1330	2447	3803	3990	5426	5160	6490	6437	5000	4601	
2713	4335	3591	3138	2367	1330	0	1117	2447	2846	4282	4256	5719	5931	4734	4548	
2606	4655	4096	3910	3378	2447	1117	0	1330	1968	3325	3591	5133	5586	4628	4655	
3192	5453	5054	5080	4681	3803	2447	1330	0	1569	2527	3271	4841	5586	4974	5240	
2021	4282	4096	4468	4495	3990	2846	1968	1569	0	1436	1729	3298	3990	3511	3883	
3032	5080	5107	5665	5852	5426	4282	3325	2527	1436	0	1409	2606	3697	3830	4442	
2154	3830	4043	4814	5266	5160	4256	3591	3271	1729	1409	0	1569	2394	2447	3112	
3271	4176	4681	5665	6357	6490	5719	5133	4841	3298	2606	1569	0	1330	2420	3271	
3245	3325	4016	5133	6064	6437	5931	5586	5586	3990	3697	2394	1330	0	1596	2420	
2021	1755	2420	3511	4495	5000	4734	4628	4974	3511	3830	2447	2420	1596	0	851	
2048	904	1675	2819	3910	4601	4548	4655	5240	3883	4442	3112	3271	2420	851	0	
Velocidade_Veiculos
1	1	1	1	