M: 2
N: 15
Nun_Veiculos: 4
Capacidade_Total: 420
Demanda_Total: 268
Setup_Min: 1
Setup_Max: 99
Raio: 20
Circulos: 1
Tempo_Processamento_Min: 1
Tempo_Processamento_Max: 49
Demanda_Min: 10
Demanda_Max: 30
Priority_Factor: 0.2
Range_Factor_R: 0.8
U_factor: 2
ALpha: 0.2Replicao: 2
Tempos_Processamentos
0	0	1	0	
0	35	1	3	
0	45	1	31	
0	23	1	6	
0	33	1	24	
0	13	1	16	
0	45	1	42	
0	6	1	47	
0	35	1	20	
0	26	1	10	
0	3	1	31	
0	31	1	10	
0	26	1	25	
0	5	1	20	
0	8	1	37	
0	42	1	24	

Tempos_setup
M0
0	0	0	0	0	0	0	0	0	0	0	0	0	0	0	0	
0	0	6	29	39	16	28	38	30	27	27	30	35	33	20	23	
0	27	0	43	45	30	37	40	24	25	41	24	33	35	14	17	
0	26	10	0	40	28	17	9	17	21	7	34	15	22	13	15	
0	47	40	34	0	21	5	39	19	25	32	57	32	10	33	27	
0	39	23	13	23	0	21	22	30	11	11	47	19	26	26	28	
0	42	41	48	23	35	0	40	14	25	46	52	33	5	28	22	
0	28	1	42	43	29	38	0	8	15	40	25	23	25	4	16	
0	38	27	34	36	21	36	26	0	11	32	38	19	33	14	8	
0	41	16	27	37	14	35	15	23	0	25	38	8	40	19	31	
0	43	16	41	33	28	10	15	23	14	0	40	8	15	19	31	
0	3	9	21	36	19	13	30	18	29	28	0	36	18	23	26	
0	35	8	49	50	36	31	7	15	22	21	32	0	32	11	23	
0	47	36	43	18	30	23	35	9	20	41	47	28	0	23	17	
0	24	27	38	39	25	44	26	10	11	36	48	19	21	0	18	
0	30	31	26	28	13	33	30	16	17	24	54	25	27	6	0	
M1
0	0	0	0	0	0	0	0	0	0	0	0	0	0	0	0	
0	0	8	9	17	23	19	6	2	3	17	1	5	23	12	3	
0	21	0	14	23	22	24	17	11	20	32	22	10	38	18	24	
0	14	19	0	9	26	10	18	16	6	29	13	10	35	4	17	
0	16	24	25	0	39	35	22	18	19	33	17	21	39	28	18	
0	23	18	32	30	0	29	23	25	26	27	24	7	33	29	26	
0	4	12	8	17	27	0	10	6	7	21	5	9	27	12	7	
0	4	12	13	21	26	23	0	6	6	21	5	9	26	16	7	
0	10	6	19	18	28	29	6	0	12	27	11	15	32	22	13	
0	20	13	27	28	20	37	26	22	0	37	21	23	43	31	13	
0	6	14	10	3	29	2	12	8	9	0	7	11	6	14	9	
0	9	17	18	19	31	18	5	11	11	16	0	4	22	21	12	
0	16	24	25	27	39	26	16	18	19	33	17	0	39	22	19	
0	16	24	20	21	24	12	22	18	19	33	17	21	0	24	14	
0	21	15	26	5	22	18	27	23	2	38	22	25	44	0	15	
0	7	15	16	15	30	26	13	9	10	24	8	12	30	19	0	
Tamanho_Tarefas
0	8	32	13	25	14	43	8	27	11	5	13	25	10	9	25	
Data_Entrega
0	178	169	113	88	144	175	138	101	190	191	133	108	123	161	172	
Penalidade_Atraso
0	3	17	12	5	1	12	7	20	20	11	9	2	8	18	19	
Capacidade_Veiculo
79	111	104	126	
Custo_Fixo_Veiculo
790	1110	1040	1260	
Coordenadas_Clientes
x	0	y	0
x	23	y	0
x	19	y	8
x	14	y	16
x	6	y	21
x	-1	y	16
x	-8	y	14
x	-16	y	12
x	-15	y	3
x	-15	y	-3
x	-12	y	-9
x	-9	y	-15
x	-2	y	-20
x	7	y	-23
x	11	y	-12
x	22	y	-10
Tempo_Viagem
0	23	20	21	21	16	16	20	15	15	15	17	20	24	16	24	
23	0	8	17	26	28	34	40	38	38	36	35	31	27	16	10	
20	8	0	9	18	21	27	35	34	35	35	36	35	32	21	18	
21	17	9	0	9	15	22	30	31	34	36	38	39	39	28	27	
21	26	18	9	0	8	15	23	27	31	34	38	41	44	33	34	
16	28	21	15	8	0	7	15	19	23	27	32	36	39	30	34	
16	34	27	22	15	7	0	8	13	18	23	29	34	39	32	38	
20	40	35	30	23	15	8	0	9	15	21	27	34	41	36	43	
15	38	34	31	27	19	13	9	0	6	12	18	26	34	30	39	
15	38	35	34	31	23	18	15	6	0	6	12	20	29	27	37	
15	36	35	36	34	27	23	21	12	6	0	6	14	23	23	34	
17	35	36	38	38	32	29	27	18	12	6	0	8	17	20	31	
20	31	35	39	41	36	34	34	26	20	14	8	0	9	15	26	
24	27	32	39	44	39	39	41	34	29	23	17	9	0	11	19	
16	16	21	28	33	30	32	36	30	27	23	20	15	11	0	11	
24	10	18	27	34	34	38	43	39	37	34	31	26	19	11	0	
Custo_Viagem
V0
0	363	316	331	331	252	252	316	237	237	237	268	316	379	252	379	
363	0	126	284	426	442	537	632	600	600	568	553	505	442	252	158	
316	126	0	142	284	331	426	553	537	553	553	568	553	521	331	284	
331	284	142	0	142	237	347	474	489	537	568	600	616	616	442	426	
331	426	284	142	0	126	237	363	426	489	537	616	647	695	521	537	
252	442	331	237	126	0	110	237	300	363	426	505	568	616	474	537	
252	537	426	347	237	110	0	126	205	284	363	458	537	616	505	600	
316	632	553	474	363	237	126	0	142	237	331	426	537	647	568	679	
237	600	537	489	426	300	205	142	0	94	189	284	410	537	474	616	
237	600	553	537	489	363	284	237	94	0	94	205	331	458	426	584	
237	568	553	568	537	426	363	331	189	94	0	94	221	363	363	537	
268	553	568	600	616	505	458	426	284	205	94	0	126	268	316	489	
316	505	553	616	647	568	537	537	410	331	221	126	0	142	237	410	
379	442	521	616	695	616	616	647	537	458	363	268	142	0	173	300	
252	252	331	442	521	474	505	568	474	426	363	316	237	173	0	173	
379	158	284	426	537	537	600	679	616	584	537	489	410	300	173	0	
V1
0	510	444	466	466	355	355	444	333	333	333	377	444	532	355	532	
510	0	177	399	599	621	754	888	843	843	799	777	710	621	355	222	
444	177	0	199	399	466	599	777	754	777	777	799	777	732	466	399	
466	399	199	0	199	333	488	666	688	754	799	843	865	865	621	599	
466	599	399	199	0	177	333	510	599	688	754	865	910	976	732	754	
355	621	466	333	177	0	155	333	421	510	599	710	799	865	666	754	
355	754	599	488	333	155	0	177	288	399	510	643	754	865	710	843	
444	888	777	666	510	333	177	0	199	333	466	599	754	910	799	954	
333	843	754	688	599	421	288	199	0	133	266	399	577	754	666	865	
333	843	777	754	688	510	399	333	133	0	133	288	466	643	599	821	
333	799	777	799	754	599	510	466	266	133	0	133	310	510	510	754	
377	777	799	843	865	710	643	599	399	288	133	0	177	377	444	688	
444	710	777	865	910	799	754	754	577	466	310	177	0	199	333	577	
532	621	732	865	976	865	865	910	754	643	510	377	199	0	244	421	
355	355	466	621	732	666	710	799	666	599	510	444	333	244	0	244	
532	222	399	599	754	754	843	954	865	821	754	688	577	421	244	0	
V2
0	478	416	436	436	332	332	416	312	312	312	353	416	499	332	499	
478	0	166	374	561	582	707	832	790	790	748	728	665	582	332	208	
416	166	0	187	374	436	561	728	707	728	728	748	728	686	436	374	
436	374	187	0	187	312	457	624	644	707	748	790	811	811	582	561	
436	561	374	187	0	166	312	478	561	644	707	811	852	915	686	707	
332	582	436	312	166	0	145	312	395	478	561	665	748	811	624	707	
332	707	561	457	312	145	0	166	270	374	478	603	707	811	665	790	
416	832	728	624	478	312	166	0	187	312	436	561	707	852	748	894	
312	790	707	644	561	395	270	187	0	124	249	374	540	707	624	811	
312	790	728	707	644	478	374	312	124	0	124	270	436	603	561	769	
312	748	728	748	707	561	478	436	249	124	0	124	291	478	478	707	
353	728	748	790	811	665	603	561	374	270	124	0	166	353	416	644	
416	665	728	811	852	748	707	707	540	436	291	166	0	187	312	540	
499	582	686	811	915	811	811	852	707	603	478	353	187	0	228	395	
332	332	436	582	686	624	665	748	624	561	478	416	312	228	0	228	
499	208	374	561	707	707	790	894	811	769	707	644	540	395	228	0	
V3
0	579	504	529	529	403	403	504	378	378	378	428	504	604	403	604	
579	0	201	453	680	705	856	1008	957	957	907	882	806	705	403	252	
504	201	0	226	453	529	680	882	856	882	882	907	882	831	529	453	
529	453	226	0	226	378	554	756	781	856	907	957	982	982	705	680	
529	680	453	226	0	201	378	579	680	781	856	982	1033	1108	831	856	
403	705	529	378	201	0	176	378	478	579	680	806	907	982	756	856	
403	856	680	554	378	176	0	201	327	453	579	730	856	982	806	957	
504	1008	882	756	579	378	201	0	226	378	529	680	856	1033	907	1083	
378	957	856	781	680	478	327	226	0	151	302	453	655	856	756	982	
378	957	882	856	781	579	453	378	151	0	151	327	529	730	680	932	
378	907	882	907	856	680	579	529	302	151	0	151	352	579	579	856	
428	882	907	957	982	806	730	680	453	327	151	0	201	428	504	781	
504	806	882	982	1033	907	856	856	655	529	352	201	0	226	378	655	
604	705	831	982	1108	982	982	1033	856	730	579	428	226	0	277	478	
403	403	529	705	831	756	806	907	756	680	579	504	378	277	0	277	
604	252	453	680	856	856	957	1083	982	932	856	781	655	478	277	0	
Velocidade_Veiculos
1	1	1	1	