M: 2
N: 15
Nun_Veiculos: 5
Capacidade_Total: 539
Demanda_Total: 300
Setup_Min: 1
Setup_Max: 99
Raio: 20
Circulos: 1
Tempo_Processamento_Min: 1
Tempo_Processamento_Max: 49
Demanda_Min: 10
Demanda_Max: 30
Priority_Factor: 0.2
Range_Factor_R: 0.8
U_factor: 2
ALpha: 0.2Replicao: 1
Tempos_Processamentos
0	0	1	0	
0	20	1	10	
0	48	1	14	
0	23	1	7	
0	49	1	35	
0	31	1	19	
0	3	1	2	
0	23	1	7	
0	25	1	4	
0	43	1	20	
0	19	1	40	
0	49	1	41	
0	37	1	5	
0	19	1	16	
0	35	1	39	
0	6	1	37	

Tempos_setup
M0
0	0	0	0	0	0	0	0	0	0	0	0	0	0	0	0	
0	0	13	35	33	26	11	9	26	18	25	17	10	29	3	21	
0	45	0	41	39	44	46	31	32	36	23	39	28	40	45	27	
0	7	20	0	29	3	8	8	25	25	5	14	17	21	10	28	
0	34	4	40	0	22	7	27	29	31	19	13	23	25	16	29	
0	24	24	33	26	0	32	10	22	23	2	38	28	18	27	26	
0	27	19	33	23	15	0	25	22	24	17	6	16	18	9	22	
0	14	27	40	36	36	25	0	29	32	38	31	24	25	17	35	
0	19	2	21	7	24	14	5	0	14	25	17	6	23	22	7	
0	24	10	17	15	20	22	13	8	0	22	18	11	20	21	3	
0	22	23	32	24	34	31	8	21	21	0	37	27	17	25	24	
0	30	18	27	23	30	16	21	16	30	32	0	22	12	24	23	
0	32	18	25	23	28	25	21	16	8	30	11	0	23	17	11	
0	22	6	15	11	18	18	9	4	18	20	21	10	0	25	11	
0	24	10	32	30	23	8	28	23	15	25	14	7	26	0	18	
0	21	7	14	12	17	19	10	5	11	19	15	8	17	18	0	
M1
0	0	0	0	0	0	0	0	0	0	0	0	0	0	0	0	
0	0	14	29	13	12	10	18	21	22	19	24	21	11	23	16	
0	24	0	17	1	11	25	6	27	10	18	12	12	19	9	13	
0	31	34	0	33	26	41	31	31	22	22	24	16	34	29	26	
0	23	1	16	0	10	26	5	26	9	17	11	11	18	10	12	
0	13	11	20	10	0	23	15	24	13	7	15	9	8	20	10	
0	22	8	19	9	19	0	14	11	18	26	20	20	16	17	21	
0	21	16	11	15	8	24	0	28	4	15	6	17	16	25	8	
0	22	20	29	19	9	32	24	0	22	16	24	18	17	28	19	
0	17	12	7	11	4	20	16	24	0	11	2	13	12	21	4	
0	9	21	19	20	16	19	25	21	12	0	14	6	20	30	16	
0	15	10	21	9	2	25	14	22	14	9	0	11	10	19	2	
0	23	18	13	17	10	26	22	15	6	17	8	0	18	27	10	
0	18	3	18	2	12	28	7	28	11	19	13	13	0	12	14	
0	18	13	13	12	5	26	2	25	6	12	3	14	13	0	5	
0	23	17	28	18	18	33	23	35	21	14	16	20	26	26	0	
Tamanho_Tarefas
0	13	25	7	39	24	2	13	4	23	25	43	14	16	35	17	
Data_Entrega
0	168	130	164	91	102	115	117	178	94	117	158	107	150	115	160	
Penalidade_Atraso
0	18	12	16	18	14	15	11	5	1	5	20	8	20	12	16	
Capacidade_Veiculo
103	123	87	98	128	
Custo_Fixo_Veiculo
1030	1230	870	980	1280	
Coordenadas_Clientes
x	0	y	0
x	16	y	0
x	21	y	9
x	13	y	14
x	7	y	21
x	-1	y	16
x	-8	y	14
x	-19	y	13
x	-17	y	3
x	-20	y	-4
x	-15	y	-11
x	-7	y	-13
x	-2	y	-19
x	6	y	-21
x	12	y	-13
x	21	y	-9
Tempo_Viagem
0	16	22	19	22	16	16	23	17	20	18	14	19	21	17	22	
16	0	10	14	22	23	27	37	33	36	32	26	26	23	13	10	
22	10	0	9	18	23	29	40	38	42	40	35	36	33	23	18	
19	14	9	0	9	14	21	32	31	37	37	33	36	35	27	24	
22	22	18	9	0	9	16	27	29	36	38	36	41	42	34	32	
16	23	23	14	9	0	7	18	20	27	30	29	35	37	31	33	
16	27	29	21	16	7	0	11	14	21	25	27	33	37	33	37	
23	37	40	32	27	18	11	0	10	17	24	28	35	42	40	45	
17	33	38	31	29	20	14	10	0	7	14	18	25	33	33	39	
20	36	42	37	36	27	21	17	7	0	8	15	22	30	33	41	
18	32	40	37	38	30	25	24	14	8	0	8	15	23	27	36	
14	26	35	33	36	29	27	28	18	15	8	0	7	15	19	28	
19	26	36	36	41	35	33	35	25	22	15	7	0	8	15	24	
21	23	33	35	42	37	37	42	33	30	23	15	8	0	10	19	
17	13	23	27	34	31	33	40	33	33	27	19	15	10	0	9	
22	10	18	24	32	33	37	45	39	41	36	28	24	19	9	0	
Custo_Viagem
V0
0	329	453	391	453	329	329	473	350	412	370	288	391	432	350	453	
329	0	206	288	453	473	556	762	679	741	659	535	535	473	267	206	
453	206	0	185	370	473	597	824	782	885	844	721	741	679	473	370	
391	288	185	0	185	288	432	659	638	762	762	679	741	721	556	494	
453	453	370	185	0	185	329	556	618	741	782	741	844	865	700	679	
329	473	473	288	185	0	144	370	412	556	618	597	721	762	638	679	
329	556	597	432	329	144	0	226	288	432	515	556	679	762	679	762	
473	762	824	659	556	370	226	0	206	350	494	576	741	865	824	927	
350	679	782	638	618	412	288	206	0	144	288	370	535	679	679	803	
412	741	885	762	741	556	432	350	144	0	164	309	473	638	679	844	
370	659	844	762	782	618	515	494	288	164	0	164	309	473	556	741	
288	535	721	679	741	597	556	576	370	309	164	0	144	309	391	576	
391	535	741	741	844	721	679	741	535	473	309	144	0	164	309	515	
432	473	679	721	865	762	762	865	679	638	473	309	164	0	206	391	
350	267	473	556	700	638	679	824	679	679	556	391	309	206	0	185	
453	206	370	494	679	679	762	927	803	844	741	576	515	391	185	0	
V1
0	393	541	467	541	393	393	565	418	492	442	344	467	516	418	541	
393	0	246	344	541	565	664	910	811	885	787	639	639	565	319	246	
541	246	0	221	442	565	713	984	934	1057	1008	861	885	811	565	442	
467	344	221	0	221	344	516	787	762	910	910	811	885	861	664	590	
541	541	442	221	0	221	393	664	738	885	934	885	1008	1033	836	811	
393	565	565	344	221	0	172	442	492	664	738	713	861	910	762	811	
393	664	713	516	393	172	0	270	344	516	615	664	811	910	811	910	
565	910	984	787	664	442	270	0	246	418	590	688	885	1033	984	1107	
418	811	934	762	738	492	344	246	0	172	344	442	639	811	811	959	
492	885	1057	910	885	664	516	418	172	0	196	369	565	762	811	1008	
442	787	1008	910	934	738	615	590	344	196	0	196	369	565	664	885	
344	639	861	811	885	713	664	688	442	369	196	0	172	369	467	688	
467	639	885	885	1008	861	811	885	639	565	369	172	0	196	369	615	
516	565	811	861	1033	910	910	1033	811	762	565	369	196	0	246	467	
418	319	565	664	836	762	811	984	811	811	664	467	369	246	0	221	
541	246	442	590	811	811	910	1107	959	1008	885	688	615	467	221	0	
V2
0	278	382	330	382	278	278	400	295	348	313	243	330	365	295	382	
278	0	174	243	382	400	469	643	574	626	556	452	452	400	226	174	
382	174	0	156	313	400	504	696	661	748	713	609	626	574	400	313	
330	243	156	0	156	243	365	556	539	643	643	574	626	609	469	417	
382	382	313	156	0	156	278	469	522	626	661	626	713	730	591	574	
278	400	400	243	156	0	121	313	348	469	522	504	609	643	539	574	
278	469	504	365	278	121	0	191	243	365	435	469	574	643	574	643	
400	643	696	556	469	313	191	0	174	295	417	487	626	730	696	783	
295	574	661	539	522	348	243	174	0	121	243	313	452	574	574	678	
348	626	748	643	626	469	365	295	121	0	139	261	400	539	574	713	
313	556	713	643	661	522	435	417	243	139	0	139	261	400	469	626	
243	452	609	574	626	504	469	487	313	261	139	0	121	261	330	487	
330	452	626	626	713	609	574	626	452	400	261	121	0	139	261	435	
365	400	574	609	730	643	643	730	574	539	400	261	139	0	174	330	
295	226	400	469	591	539	574	696	574	574	469	330	261	174	0	156	
382	174	313	417	574	574	643	783	678	713	626	487	435	330	156	0	
V3
0	313	431	372	431	313	313	450	333	392	352	274	372	411	333	431	
313	0	196	274	431	450	529	725	646	705	627	509	509	450	254	196	
431	196	0	176	352	450	568	784	744	842	803	686	705	646	450	352	
372	274	176	0	176	274	411	627	607	725	725	646	705	686	529	470	
431	431	352	176	0	176	313	529	588	705	744	705	803	823	666	646	
313	450	450	274	176	0	137	352	392	529	588	568	686	725	607	646	
313	529	568	411	313	137	0	215	274	411	490	529	646	725	646	725	
450	725	784	627	529	352	215	0	196	333	470	548	705	823	784	882	
333	646	744	607	588	392	274	196	0	137	274	352	509	646	646	764	
392	705	842	725	705	529	411	333	137	0	156	294	450	607	646	803	
352	627	803	725	744	588	490	470	274	156	0	156	294	450	529	705	
274	509	686	646	705	568	529	548	352	294	156	0	137	294	372	548	
372	509	705	705	803	686	646	705	509	450	294	137	0	156	294	490	
411	450	646	686	823	725	725	823	646	607	450	294	156	0	196	372	
333	254	450	529	666	607	646	784	646	646	529	372	294	196	0	176	
431	196	352	470	646	646	725	882	764	803	705	548	490	372	176	0	
V4
0	409	563	486	563	409	409	588	435	512	460	358	486	537	435	563	
409	0	256	358	563	588	691	947	844	921	819	665	665	588	332	256	
563	256	0	230	460	588	742	1024	972	1100	1049	896	921	844	588	460	
486	358	230	0	230	358	537	819	793	947	947	844	921	896	691	614	
563	563	460	230	0	230	409	691	768	921	972	921	1049	1075	870	844	
409	588	588	358	230	0	179	460	512	691	768	742	896	947	793	844	
409	691	742	537	409	179	0	281	358	537	640	691	844	947	844	947	
588	947	1024	819	691	460	281	0	256	435	614	716	921	1075	1024	1152	
435	844	972	793	768	512	358	256	0	179	358	460	665	844	844	998	
512	921	1100	947	921	691	537	435	179	0	204	384	588	793	844	1049	
460	819	1049	947	972	768	640	614	358	204	0	204	384	588	691	921	
358	665	896	844	921	742	691	716	460	384	204	0	179	384	486	716	
486	665	921	921	1049	896	844	921	665	588	384	179	0	204	384	640	
537	588	844	896	1075	947	947	1075	844	793	588	384	204	0	256	486	
435	332	588	691	870	793	844	1024	844	844	691	486	384	256	0	230	
563	256	460	614	844	844	947	1152	998	1049	921	716	640	486	230	0	
Velocidade_Veiculos
1	1	1	1	1	