M: 2
N: 15
Nun_Veiculos: 7
Capacidade_Total: 621
Demanda_Total: 318
Setup_Min: 1
Setup_Max: 99
Raio: 20
Circulos: 1
Tempo_Processamento_Min: 1
Tempo_Processamento_Max: 49
Demanda_Min: 10
Demanda_Max: 30
Priority_Factor: 0.2
Range_Factor_R: 0.8
U_factor: 2
ALpha: 0.2Replicao: 0
Tempos_Processamentos
0	0	1	0	
0	21	1	20	
0	40	1	49	
0	23	1	15	
0	12	1	46	
0	13	1	2	
0	10	1	24	
0	27	1	20	
0	13	1	19	
0	35	1	43	
0	2	1	23	
0	16	1	16	
0	49	1	43	
0	35	1	42	
0	28	1	38	
0	22	1	9	

Tempos_setup
M0
0	0	0	0	0	0	0	0	0	0	0	0	0	0	0	0	
0	0	46	51	45	35	35	45	49	41	30	54	56	36	28	49	
0	45	0	43	28	31	31	24	16	24	26	37	23	28	24	44	
0	43	49	0	48	31	39	55	46	54	23	52	53	40	54	59	
0	31	28	42	0	27	27	27	21	23	29	9	22	17	20	43	
0	48	27	34	19	0	8	27	15	23	25	28	22	9	23	28	
0	40	20	26	11	26	0	27	18	23	18	20	25	1	26	20	
0	36	1	31	16	19	19	0	4	12	12	25	11	16	12	32	
0	36	13	27	12	15	15	12	0	8	10	21	7	12	8	28	
0	35	5	19	4	14	22	4	8	0	6	13	15	12	16	21	
0	56	33	21	27	8	16	32	23	31	0	36	30	17	31	36	
0	43	19	33	14	21	21	18	22	14	20	0	13	18	14	34	
0	34	6	20	5	8	8	5	9	1	7	14	0	5	1	21	
0	41	38	25	10	37	37	37	31	33	39	19	32	0	30	53	
0	47	18	32	17	7	7	17	21	13	19	26	28	8	0	23	
0	38	8	22	7	17	25	7	11	3	9	16	18	9	19	0	
M1
0	0	0	0	0	0	0	0	0	0	0	0	0	0	0	0	
0	0	17	19	7	21	14	11	6	13	20	12	9	35	10	24	
0	4	0	23	11	25	18	15	10	17	24	16	13	39	14	21	
0	9	26	0	11	19	16	9	10	11	7	16	13	16	14	14	
0	19	22	12	0	16	7	21	21	23	19	5	24	28	20	17	
0	3	20	22	10	0	17	13	9	9	22	15	12	38	13	27	
0	12	27	25	19	9	0	22	18	18	31	16	20	41	22	28	
0	13	27	17	5	10	12	0	19	2	9	10	22	33	19	16	
0	10	23	13	1	17	8	16	0	12	20	6	3	29	4	18	
0	17	25	15	3	14	10	4	20	0	13	8	23	31	18	20	
0	15	29	19	7	12	14	2	21	4	0	12	24	35	10	7	
0	14	17	9	17	11	2	18	19	20	16	0	22	25	15	12	
0	7	24	24	12	23	19	13	13	9	22	17	0	40	17	29	
0	23	19	35	30	37	28	34	29	36	42	26	32	0	33	38	
0	25	30	16	27	24	15	25	26	27	23	13	29	32	0	25	
0	19	27	17	5	16	12	6	25	8	15	10	28	33	3	0	
Tamanho_Tarefas
0	20	43	17	15	6	10	20	14	35	2	16	45	36	29	10	
Data_Entrega
0	183	119	171	172	183	104	107	197	205	173	157	211	99	136	233	
Penalidade_Atraso
0	11	18	16	16	5	8	19	9	5	8	3	18	18	3	5	
Capacidade_Veiculo
98	78	52	79	110	122	82	
Custo_Fixo_Veiculo
980	780	520	790	1100	1220	820	
Coordenadas_Clientes
x	0	y	0
x	23	y	0
x	18	y	8
x	14	y	15
x	6	y	18
x	-1	y	18
x	-7	y	13
x	-18	y	13
x	-18	y	4
x	-16	y	-3
x	-12	y	-9
x	-8	y	-14
x	-2	y	-19
x	5	y	-17
x	11	y	-12
x	18	y	-8
Tempo_Viagem
0	23	19	20	18	18	14	22	18	16	15	16	19	17	16	19	
23	0	9	17	24	30	32	43	41	39	36	34	30	23	16	9	
19	9	0	8	15	21	25	36	36	35	34	34	33	28	21	16	
20	17	8	0	8	15	21	32	33	34	35	36	37	33	27	23	
18	24	15	8	0	7	13	24	27	30	32	34	37	35	30	28	
18	30	21	15	7	0	7	17	21	25	29	32	37	35	32	32	
14	32	25	21	13	7	0	11	14	18	22	27	32	31	30	32	
22	43	36	32	24	17	11	0	9	16	22	28	35	37	38	41	
18	41	36	33	27	21	14	9	0	7	14	20	27	31	33	37	
16	39	35	34	30	25	18	16	7	0	7	13	20	25	28	34	
15	36	34	35	32	29	22	22	14	7	0	6	13	18	23	30	
16	34	34	36	34	32	27	28	20	13	6	0	7	13	19	26	
19	30	33	37	37	37	32	35	27	20	13	7	0	7	14	22	
17	23	28	33	35	35	31	37	31	25	18	13	7	0	7	15	
16	16	21	27	30	32	30	38	33	28	23	19	14	7	0	8	
19	9	16	23	28	32	32	41	37	34	30	26	22	15	8	0	
Custo_Viagem
V0
0	450	372	392	352	352	274	431	352	313	294	313	372	333	313	372	
450	0	176	333	470	588	627	842	803	764	705	666	607	470	313	176	
372	176	0	156	294	411	490	705	705	686	666	666	646	548	411	313	
392	333	156	0	156	294	411	627	646	666	686	705	725	646	529	450	
352	470	294	156	0	137	254	470	529	588	627	666	725	686	588	548	
352	588	411	294	137	0	137	333	431	490	568	627	725	686	627	627	
274	627	490	411	254	137	0	215	274	352	431	529	627	627	588	627	
431	842	705	627	470	333	215	0	176	313	431	548	686	725	744	803	
352	803	705	646	529	431	274	176	0	137	274	392	548	607	646	725	
313	764	686	666	588	490	352	313	137	0	137	254	411	490	548	666	
294	705	666	686	627	568	431	431	274	137	0	117	274	352	450	588	
313	666	666	705	666	627	529	548	392	254	117	0	137	254	372	509	
372	607	646	725	725	725	627	686	548	411	274	137	0	137	274	431	
333	470	548	646	686	686	627	725	607	490	352	254	137	0	137	294	
313	313	411	529	588	627	588	744	646	548	450	372	274	137	0	156	
372	176	313	450	548	627	627	803	725	666	588	509	431	294	156	0	
V1
0	358	296	312	280	280	218	343	280	249	234	249	296	265	249	296	
358	0	140	265	374	468	499	670	639	608	561	530	483	374	249	140	
296	140	0	124	234	327	390	561	561	546	530	530	514	436	327	249	
312	265	124	0	124	234	327	499	514	530	546	561	577	514	421	358	
280	374	234	124	0	109	202	374	421	468	499	530	577	546	468	436	
280	468	327	234	109	0	109	265	343	390	452	499	577	546	499	499	
218	499	390	327	202	109	0	171	218	280	343	421	499	499	468	499	
343	670	561	499	374	265	171	0	140	249	343	436	546	577	592	639	
280	639	561	514	421	343	218	140	0	109	218	312	436	483	514	577	
249	608	546	530	468	390	280	249	109	0	109	202	327	390	436	530	
234	561	530	546	499	452	343	343	218	109	0	93	218	280	358	468	
249	530	530	561	530	499	421	436	312	202	93	0	109	202	296	405	
296	483	514	577	577	577	499	546	436	327	218	109	0	109	218	343	
265	374	436	514	546	546	499	577	483	390	280	202	109	0	109	234	
249	249	327	421	468	499	468	592	514	436	358	296	218	109	0	124	
296	140	249	358	436	499	499	639	577	530	468	405	343	234	124	0	
V2
0	239	197	208	187	187	145	228	187	166	156	166	197	176	166	197	
239	0	93	176	249	312	332	447	426	405	374	353	322	249	166	93	
197	93	0	83	156	218	260	374	374	364	353	353	343	291	218	166	
208	176	83	0	83	156	218	332	343	353	364	374	384	343	280	239	
187	249	156	83	0	72	135	249	280	312	332	353	384	364	312	291	
187	312	218	156	72	0	72	176	228	260	301	332	384	364	332	332	
145	332	260	218	135	72	0	114	145	187	228	280	332	332	312	332	
228	447	374	332	249	176	114	0	93	166	228	291	364	384	395	426	
187	426	374	343	280	228	145	93	0	72	145	208	291	322	343	384	
166	405	364	353	312	260	187	166	72	0	72	135	218	260	291	353	
156	374	353	364	332	301	228	228	145	72	0	62	145	187	239	312	
166	353	353	374	353	332	280	291	208	135	62	0	72	135	197	270	
197	322	343	384	384	384	332	364	291	218	145	72	0	72	145	228	
176	249	291	343	364	364	332	384	322	260	187	135	72	0	72	156	
166	166	218	280	312	332	312	395	343	291	239	197	145	72	0	83	
197	93	166	239	291	332	332	426	384	353	312	270	228	156	83	0	
V3
0	363	300	316	284	284	221	347	284	252	237	252	300	268	252	300	
363	0	142	268	379	474	505	679	647	616	568	537	489	379	252	142	
300	142	0	126	237	331	395	568	568	553	537	537	521	442	331	252	
316	268	126	0	126	237	331	505	521	537	553	568	584	521	426	363	
284	379	237	126	0	110	205	379	426	474	505	537	584	553	474	442	
284	474	331	237	110	0	110	268	347	395	458	505	584	553	505	505	
221	505	395	331	205	110	0	173	221	284	347	426	505	505	474	505	
347	679	568	505	379	268	173	0	142	252	347	442	553	584	600	647	
284	647	568	521	426	347	221	142	0	110	221	316	442	489	521	584	
252	616	553	537	474	395	284	252	110	0	110	205	331	395	442	537	
237	568	537	553	505	458	347	347	221	110	0	94	221	284	363	474	
252	537	537	568	537	505	426	442	316	205	94	0	110	205	300	410	
300	489	521	584	584	584	505	553	442	331	221	110	0	110	221	347	
268	379	442	521	553	553	505	584	489	395	284	205	110	0	110	237	
252	252	331	426	474	505	474	600	521	442	363	300	221	110	0	126	
300	142	252	363	442	505	505	647	584	537	474	410	347	237	126	0	
V4
0	506	418	440	396	396	308	484	396	352	330	352	418	374	352	418	
506	0	198	374	528	660	704	946	902	858	792	748	682	528	352	198	
418	198	0	176	330	462	550	792	792	770	748	748	726	616	462	352	
440	374	176	0	176	330	462	704	726	748	770	792	814	726	594	506	
396	528	330	176	0	154	286	528	594	660	704	748	814	770	660	616	
396	660	462	330	154	0	154	374	484	550	638	704	814	770	704	704	
308	704	550	462	286	154	0	242	308	396	484	594	704	704	660	704	
484	946	792	704	528	374	242	0	198	352	484	616	770	814	836	902	
396	902	792	726	594	484	308	198	0	154	308	440	616	682	726	814	
352	858	770	748	660	550	396	352	154	0	154	286	462	550	616	748	
330	792	748	770	704	638	484	484	308	154	0	132	308	396	506	660	
352	748	748	792	748	704	594	616	440	286	132	0	154	286	418	572	
418	682	726	814	814	814	704	770	616	462	308	154	0	154	308	484	
374	528	616	726	770	770	704	814	682	550	396	286	154	0	154	330	
352	352	462	594	660	704	660	836	726	616	506	418	308	154	0	176	
418	198	352	506	616	704	704	902	814	748	660	572	484	330	176	0	
V5
0	561	463	488	439	439	341	536	439	390	366	390	463	414	390	463	
561	0	219	414	585	732	780	1049	1000	951	878	829	756	585	390	219	
463	219	0	195	366	512	610	878	878	854	829	829	805	683	512	390	
488	414	195	0	195	366	512	780	805	829	854	878	902	805	658	561	
439	585	366	195	0	170	317	585	658	732	780	829	902	854	732	683	
439	732	512	366	170	0	170	414	536	610	707	780	902	854	780	780	
341	780	610	512	317	170	0	268	341	439	536	658	780	780	732	780	
536	1049	878	780	585	414	268	0	219	390	536	683	854	902	927	1000	
439	1000	878	805	658	536	341	219	0	170	341	488	683	756	805	902	
390	951	854	829	732	610	439	390	170	0	170	317	512	610	683	829	
366	878	829	854	780	707	536	536	341	170	0	146	341	439	561	732	
390	829	829	878	829	780	658	683	488	317	146	0	170	317	463	634	
463	756	805	902	902	902	780	854	683	512	341	170	0	170	341	536	
414	585	683	805	854	854	780	902	756	610	439	317	170	0	170	366	
390	390	512	658	732	780	732	927	805	683	561	463	341	170	0	195	
463	219	390	561	683	780	780	1000	902	829	732	634	536	366	195	0	
V6
0	377	311	328	295	295	229	360	295	262	246	262	311	278	262	311	
377	0	147	278	393	492	524	705	672	639	590	557	508	393	262	147	
311	147	0	131	246	344	410	590	590	574	557	557	541	459	344	262	
328	278	131	0	131	246	344	524	541	557	574	590	606	541	442	377	
295	393	246	131	0	114	213	393	442	492	524	557	606	574	492	459	
295	492	344	246	114	0	114	278	360	410	475	524	606	574	524	524	
229	524	410	344	213	114	0	180	229	295	360	442	524	524	492	524	
360	705	590	524	393	278	180	0	147	262	360	459	574	606	623	672	
295	672	590	541	442	360	229	147	0	114	229	328	459	508	541	606	
262	639	574	557	492	410	295	262	114	0	114	213	344	410	459	557	
246	590	557	574	524	475	360	360	229	114	0	98	229	295	377	492	
262	557	557	590	557	524	442	459	328	213	98	0	114	213	311	426	
311	508	541	606	606	606	524	574	459	344	229	114	0	114	229	360	
278	393	459	541	574	574	524	606	508	410	295	213	114	0	114	246	
262	262	344	442	492	524	492	623	541	459	377	311	229	114	0	131	
311	147	262	377	459	524	524	672	606	557	492	426	360	246	131	0	
Velocidade_Veiculos
1	1	1	1	1	1	1	