M: 2
N: 15
Nun_Veiculos: 9
Capacidade_Total: 712
Demanda_Total: 331
Setup_Min: 1
Setup_Max: 99
Raio: 100
Circulos: 1
Tempo_Processamento_Min: 1
Tempo_Processamento_Max: 49
Demanda_Min: 10
Demanda_Max: 30
Priority_Factor: 0.2
Range_Factor_R: 0.8
U_factor: 2
ALpha: 0.2Replicao: 1
Tempos_Processamentos
0	0	1	0	
0	34	1	18	
0	29	1	9	
0	25	1	26	
0	3	1	13	
0	8	1	19	
0	47	1	29	
0	36	1	25	
0	34	1	11	
0	34	1	41	
0	23	1	32	
0	47	1	29	
0	42	1	13	
0	22	1	41	
0	37	1	5	
0	5	1	38	

Tempos_setup
M0
0	0	0	0	0	0	0	0	0	0	0	0	0	0	0	0	
0	0	31	12	16	18	5	24	24	10	14	19	12	11	18	17	
0	4	0	15	6	10	9	14	15	14	2	10	9	3	22	8	
0	5	19	0	9	13	8	17	12	13	18	7	17	14	21	22	
0	16	16	22	0	4	9	8	13	14	9	20	21	15	22	20	
0	12	16	18	13	0	17	7	9	22	5	16	22	15	30	22	
0	17	27	22	11	15	0	19	21	5	15	16	13	6	13	17	
0	35	35	47	29	33	38	0	39	23	37	34	36	30	51	35	
0	11	7	9	4	8	13	12	0	18	9	16	13	6	26	15	
0	12	22	24	6	10	15	14	16	0	15	11	13	7	28	12	
0	18	31	13	21	24	21	29	24	26	0	19	18	27	34	17	
0	1	12	13	2	6	6	10	5	11	11	0	13	11	17	18	
0	8	19	15	9	6	13	13	12	15	2	7	0	18	24	5	
0	15	26	22	16	13	20	20	19	22	9	14	7	0	31	12	
0	11	22	23	12	16	16	20	15	10	17	10	15	8	0	20	
0	3	14	15	4	7	8	12	7	10	3	2	1	13	19	0	
M1
0	0	0	0	0	0	0	0	0	0	0	0	0	0	0	0	
0	0	8	28	3	10	15	15	7	31	14	15	9	35	3	17	
0	7	0	35	10	17	22	22	14	38	21	22	16	42	10	24	
0	18	11	0	21	28	21	23	15	7	22	7	15	31	21	17	
0	18	26	46	0	28	33	33	25	49	32	33	27	33	21	14	
0	21	25	35	3	0	22	24	28	42	23	36	17	36	20	17	
0	3	3	13	6	13	0	2	10	20	1	18	4	30	6	18	
0	1	1	24	4	11	11	0	8	31	12	16	5	28	4	18	
0	9	9	32	12	19	19	8	0	39	7	14	13	28	12	24	
0	17	17	35	20	23	22	16	8	0	15	8	16	32	20	14	
0	2	2	25	5	12	12	1	9	32	0	17	6	29	5	18	
0	15	17	27	18	25	14	16	22	34	15	0	8	24	18	10	
0	9	9	19	12	19	6	8	16	26	7	24	0	36	12	14	
0	1	6	20	4	11	7	5	8	27	8	16	10	0	4	18	
0	12	5	40	10	7	27	25	17	43	24	27	21	43	0	24	
0	21	21	44	20	17	31	20	28	51	32	36	25	29	24	0	
Tamanho_Tarefas
0	21	19	25	8	11	33	27	13	34	26	31	27	22	16	18	
Data_Entrega
0	230	217	324	272	232	248	243	290	246	260	254	285	329	248	308	
Penalidade_Atraso
0	1	4	2	2	20	14	16	6	2	3	4	16	6	10	14	
Capacidade_Veiculo
69	82	74	88	99	50	63	102	85	
Custo_Fixo_Veiculo
690	820	740	880	990	500	630	1020	850	
Coordenadas_Clientes
x	0	y	0
x	87	y	0
x	113	y	50
x	82	y	92
x	26	y	81
x	-11	y	105
x	-56	y	97
x	-61	y	44
x	-107	y	22
x	-81	y	-17
x	-61	y	-44
x	-39	y	-68
x	-10	y	-101
x	38	y	-117
x	68	y	-75
x	93	y	-41
Tempo_Viagem
0	87	123	123	85	105	112	75	109	82	75	78	101	123	101	101	
87	0	56	92	101	143	172	154	195	168	154	143	140	126	77	41	
123	56	0	52	92	135	175	174	221	205	197	192	194	182	132	93	
123	92	52	0	57	93	138	150	200	196	197	200	213	213	167	133	
85	101	92	57	0	44	83	94	144	145	152	162	185	198	161	139	
105	143	135	93	44	0	45	78	126	140	157	175	206	227	196	179	
112	172	175	138	83	45	0	53	90	116	141	165	203	233	212	203	
75	154	174	150	94	78	53	0	50	64	88	114	153	189	175	175	
109	195	221	200	144	126	90	50	0	46	79	111	154	200	200	209	
82	168	205	196	145	140	116	64	46	0	33	65	108	155	159	175	
75	154	197	197	152	157	141	88	79	33	0	32	75	123	132	154	
78	143	192	200	162	175	165	114	111	65	32	0	43	91	107	134	
101	140	194	213	185	206	203	153	154	108	75	43	0	50	82	119	
123	126	182	213	198	227	233	189	200	155	123	91	50	0	51	93	
101	77	132	167	161	196	212	175	200	159	132	107	82	51	0	42	
101	41	93	133	139	179	203	175	209	175	154	134	119	93	42	0	
Custo_Viagem
V0
0	1200	1697	1697	1173	1449	1545	1035	1504	1131	1035	1076	1393	1697	1393	1393	
1200	0	772	1269	1393	1973	2373	2125	2691	2318	2125	1973	1932	1738	1062	565	
1697	772	0	717	1269	1863	2415	2401	3049	2829	2718	2649	2677	2525	1821	1283	
1697	1269	717	0	786	1283	1904	2070	2773	2704	2718	2760	2939	2939	2304	1835	
1173	1393	1269	786	0	607	1145	1297	2001	2001	2097	2235	2553	2732	2221	1918	
1449	1973	1863	1283	607	0	621	1076	1738	1932	2166	2415	2842	3132	2704	2470	
1545	2373	2415	1904	1145	621	0	731	1242	1600	1945	2277	2801	3215	2925	2801	
1035	2125	2401	2070	1297	1076	731	0	690	883	1214	1573	2111	2608	2415	2415	
1504	2691	3049	2773	2001	1738	1242	690	0	634	1104	1545	2152	2760	2760	2884	
1131	2318	2829	2704	2001	1932	1600	883	634	0	455	910	1504	2139	2194	2415	
1035	2125	2718	2718	2097	2166	1945	1214	1104	455	0	441	1048	1697	1821	2125	
1076	1973	2649	2760	2235	2415	2277	1573	1545	910	441	0	593	1255	1476	1849	
1393	1932	2677	2939	2553	2842	2801	2111	2152	1504	1048	593	0	690	1131	1642	
1697	1738	2525	2939	2732	3132	3215	2608	2760	2139	1697	1255	690	0	703	1283	
1393	1062	1821	2304	2221	2704	2925	2415	2760	2194	1821	1476	1131	703	0	579	
1393	565	1283	1835	1918	2470	2801	2415	2884	2415	2125	1849	1642	1283	579	0	
V1
0	1426	2017	2017	1394	1722	1836	1230	1787	1344	1230	1279	1656	2017	1656	1656	
1426	0	918	1508	1656	2345	2820	2525	3198	2755	2525	2345	2296	2066	1262	672	
2017	918	0	852	1508	2214	2870	2853	3624	3362	3230	3148	3181	3001	2164	1525	
2017	1508	852	0	934	1525	2263	2460	3296	3214	3230	3280	3493	3493	2738	2181	
1394	1656	1508	934	0	721	1361	1541	2378	2378	2492	2656	3034	3247	2640	2279	
1722	2345	2214	1525	721	0	738	1279	2066	2296	2574	2870	3378	3722	3214	2935	
1836	2820	2870	2263	1361	738	0	869	1476	1902	2312	2706	3329	3821	3476	3329	
1230	2525	2853	2460	1541	1279	869	0	820	1049	1443	1869	2509	3099	2870	2870	
1787	3198	3624	3296	2378	2066	1476	820	0	754	1312	1836	2558	3280	3280	3427	
1344	2755	3362	3214	2378	2296	1902	1049	754	0	541	1082	1787	2542	2607	2870	
1230	2525	3230	3230	2492	2574	2312	1443	1312	541	0	524	1246	2017	2164	2525	
1279	2345	3148	3280	2656	2870	2706	1869	1836	1082	524	0	705	1492	1754	2197	
1656	2296	3181	3493	3034	3378	3329	2509	2558	1787	1246	705	0	820	1344	1951	
2017	2066	3001	3493	3247	3722	3821	3099	3280	2542	2017	1492	820	0	836	1525	
1656	1262	2164	2738	2640	3214	3476	2870	3280	2607	2164	1754	1344	836	0	688	
1656	672	1525	2181	2279	2935	3329	2870	3427	2870	2525	2197	1951	1525	688	0	
V2
0	1287	1820	1820	1258	1554	1657	1110	1613	1213	1110	1154	1494	1820	1494	1494	
1287	0	828	1361	1494	2116	2545	2279	2886	2486	2279	2116	2072	1864	1139	606	
1820	828	0	769	1361	1998	2590	2575	3270	3034	2915	2841	2871	2708	1953	1376	
1820	1361	769	0	843	1376	2042	2220	2974	2900	2915	2960	3152	3152	2471	1968	
1258	1494	1361	843	0	651	1228	1391	2146	2146	2249	2397	2738	2930	2382	2057	
1554	2116	1998	1376	651	0	666	1154	1864	2072	2323	2590	3048	3359	2900	2649	
1657	2545	2590	2042	1228	666	0	784	1332	1716	2086	2442	3004	3448	3137	3004	
1110	2279	2575	2220	1391	1154	784	0	740	947	1302	1687	2264	2797	2590	2590	
1613	2886	3270	2974	2146	1864	1332	740	0	680	1184	1657	2308	2960	2960	3093	
1213	2486	3034	2900	2146	2072	1716	947	680	0	488	976	1613	2294	2353	2590	
1110	2279	2915	2915	2249	2323	2086	1302	1184	488	0	473	1124	1820	1953	2279	
1154	2116	2841	2960	2397	2590	2442	1687	1657	976	473	0	636	1346	1583	1983	
1494	2072	2871	3152	2738	3048	3004	2264	2308	1613	1124	636	0	740	1213	1761	
1820	1864	2708	3152	2930	3359	3448	2797	2960	2294	1820	1346	740	0	754	1376	
1494	1139	1953	2471	2382	2900	3137	2590	2960	2353	1953	1583	1213	754	0	621	
1494	606	1376	1968	2057	2649	3004	2590	3093	2590	2279	1983	1761	1376	621	0	
V3
0	1531	2164	2164	1496	1848	1971	1320	1918	1443	1320	1372	1777	2164	1777	1777	
1531	0	985	1619	1777	2516	3027	2710	3432	2956	2710	2516	2464	2217	1355	721	
2164	985	0	915	1619	2376	3080	3062	3889	3608	3467	3379	3414	3220	2323	1636	
2164	1619	915	0	1003	1636	2428	2640	3537	3449	3467	3520	3748	3748	2939	2340	
1496	1777	1619	1003	0	774	1460	1654	2552	2552	2675	2851	3256	3484	2833	2446	
1848	2516	2376	1636	774	0	792	1372	2217	2464	2763	3080	3625	3995	3449	3150	
1971	3027	3080	2428	1460	792	0	932	1584	2041	2481	2904	3572	4100	3731	3572	
1320	2710	3062	2640	1654	1372	932	0	880	1126	1548	2006	2692	3326	3080	3080	
1918	3432	3889	3537	2552	2217	1584	880	0	809	1408	1971	2745	3520	3520	3678	
1443	2956	3608	3449	2552	2464	2041	1126	809	0	580	1161	1918	2728	2798	3080	
1320	2710	3467	3467	2675	2763	2481	1548	1408	580	0	563	1337	2164	2323	2710	
1372	2516	3379	3520	2851	3080	2904	2006	1971	1161	563	0	756	1601	1883	2358	
1777	2464	3414	3748	3256	3625	3572	2692	2745	1918	1337	756	0	880	1443	2094	
2164	2217	3220	3748	3484	3995	4100	3326	3520	2728	2164	1601	880	0	897	1636	
1777	1355	2323	2939	2833	3449	3731	3080	3520	2798	2323	1883	1443	897	0	739	
1777	721	1636	2340	2446	3150	3572	3080	3678	3080	2710	2358	2094	1636	739	0	
V4
0	1722	2435	2435	1683	2079	2217	1485	2158	1623	1485	1544	1999	2435	1999	1999	
1722	0	1108	1821	1999	2831	3405	3049	3861	3326	3049	2831	2772	2494	1524	811	
2435	1108	0	1029	1821	2673	3465	3445	4375	4059	3900	3801	3841	3623	2613	1841	
2435	1821	1029	0	1128	1841	2732	2970	3979	3880	3900	3960	4217	4217	3306	2633	
1683	1999	1821	1128	0	871	1643	1861	2871	2871	3009	3207	3663	3920	3187	2752	
2079	2831	2673	1841	871	0	891	1544	2494	2772	3108	3465	4078	4494	3880	3544	
2217	3405	3465	2732	1643	891	0	1049	1782	2296	2791	3267	4019	4613	4197	4019	
1485	3049	3445	2970	1861	1544	1049	0	990	1267	1742	2257	3029	3742	3465	3465	
2158	3861	4375	3979	2871	2494	1782	990	0	910	1584	2217	3088	3960	3960	4138	
1623	3326	4059	3880	2871	2772	2296	1267	910	0	653	1306	2158	3069	3148	3465	
1485	3049	3900	3900	3009	3108	2791	1742	1584	653	0	633	1504	2435	2613	3049	
1544	2831	3801	3960	3207	3465	3267	2257	2217	1306	633	0	851	1801	2118	2653	
1999	2772	3841	4217	3663	4078	4019	3029	3088	2158	1504	851	0	990	1623	2356	
2435	2494	3623	4217	3920	4494	4613	3742	3960	3069	2435	1801	990	0	1009	1841	
1999	1524	2613	3306	3187	3880	4197	3465	3960	3148	2613	2118	1623	1009	0	831	
1999	811	1841	2633	2752	3544	4019	3465	4138	3465	3049	2653	2356	1841	831	0	
V5
0	870	1230	1230	850	1050	1120	750	1090	820	750	780	1010	1230	1010	1010	
870	0	560	920	1010	1430	1720	1540	1950	1680	1540	1430	1400	1260	770	410	
1230	560	0	520	920	1350	1750	1740	2210	2050	1970	1920	1940	1830	1320	930	
1230	920	520	0	570	930	1380	1500	2010	1960	1970	2000	2130	2130	1670	1330	
850	1010	920	570	0	440	830	940	1450	1450	1520	1620	1850	1980	1610	1390	
1050	1430	1350	930	440	0	450	780	1260	1400	1570	1750	2060	2270	1960	1790	
1120	1720	1750	1380	830	450	0	530	900	1160	1410	1650	2030	2330	2120	2030	
750	1540	1740	1500	940	780	530	0	500	640	880	1140	1530	1890	1750	1750	
1090	1950	2210	2010	1450	1260	900	500	0	460	800	1120	1560	2000	2000	2090	
820	1680	2050	1960	1450	1400	1160	640	460	0	330	660	1090	1550	1590	1750	
750	1540	1970	1970	1520	1570	1410	880	800	330	0	320	760	1230	1320	1540	
780	1430	1920	2000	1620	1750	1650	1140	1120	660	320	0	430	910	1070	1340	
1010	1400	1940	2130	1850	2060	2030	1530	1560	1090	760	430	0	500	820	1190	
1230	1260	1830	2130	1980	2270	2330	1890	2000	1550	1230	910	500	0	510	930	
1010	770	1320	1670	1610	1960	2120	1750	2000	1590	1320	1070	820	510	0	420	
1010	410	930	1330	1390	1790	2030	1750	2090	1750	1540	1340	1190	930	420	0	
V6
0	1096	1549	1549	1071	1323	1411	945	1373	1033	945	982	1272	1549	1272	1272	
1096	0	705	1159	1272	1801	2167	1940	2457	2116	1940	1801	1764	1587	970	516	
1549	705	0	655	1159	1701	2205	2192	2784	2583	2482	2419	2444	2305	1663	1171	
1549	1159	655	0	718	1171	1738	1890	2532	2469	2482	2520	2683	2683	2104	1675	
1071	1272	1159	718	0	554	1045	1184	1827	1827	1915	2041	2331	2494	2028	1751	
1323	1801	1701	1171	554	0	567	982	1587	1764	1978	2205	2595	2860	2469	2255	
1411	2167	2205	1738	1045	567	0	667	1134	1461	1776	2079	2557	2935	2671	2557	
945	1940	2192	1890	1184	982	667	0	630	806	1108	1436	1927	2381	2205	2205	
1373	2457	2784	2532	1827	1587	1134	630	0	579	1008	1411	1965	2520	2520	2633	
1033	2116	2583	2469	1827	1764	1461	806	579	0	415	831	1373	1953	2003	2205	
945	1940	2482	2482	1915	1978	1776	1108	1008	415	0	403	957	1549	1663	1940	
982	1801	2419	2520	2041	2205	2079	1436	1411	831	403	0	541	1146	1348	1688	
1272	1764	2444	2683	2331	2595	2557	1927	1965	1373	957	541	0	630	1033	1499	
1549	1587	2305	2683	2494	2860	2935	2381	2520	1953	1549	1146	630	0	642	1171	
1272	970	1663	2104	2028	2469	2671	2205	2520	2003	1663	1348	1033	642	0	529	
1272	516	1171	1675	1751	2255	2557	2205	2633	2205	1940	1688	1499	1171	529	0	
V7
0	1774	2509	2509	1734	2142	2284	1530	2223	1672	1530	1591	2060	2509	2060	2060	
1774	0	1142	1876	2060	2917	3508	3141	3978	3427	3141	2917	2856	2570	1570	836	
2509	1142	0	1060	1876	2754	3570	3549	4508	4182	4018	3916	3957	3733	2692	1897	
2509	1876	1060	0	1162	1897	2815	3060	4100	3998	4018	4080	4345	4345	3406	2713	
1734	2060	1876	1162	0	897	1693	1917	2958	2958	3100	3304	3774	4039	3284	2835	
2142	2917	2754	1897	897	0	918	1591	2570	2856	3202	3570	4202	4630	3998	3651	
2284	3508	3570	2815	1693	918	0	1081	1836	2366	2876	3366	4141	4753	4324	4141	
1530	3141	3549	3060	1917	1591	1081	0	1020	1305	1795	2325	3121	3855	3570	3570	
2223	3978	4508	4100	2958	2570	1836	1020	0	938	1632	2284	3182	4080	4080	4263	
1672	3427	4182	3998	2958	2856	2366	1305	938	0	673	1346	2223	3162	3243	3570	
1530	3141	4018	4018	3100	3202	2876	1795	1632	673	0	652	1550	2509	2692	3141	
1591	2917	3916	4080	3304	3570	3366	2325	2284	1346	652	0	877	1856	2182	2733	
2060	2856	3957	4345	3774	4202	4141	3121	3182	2223	1550	877	0	1020	1672	2427	
2509	2570	3733	4345	4039	4630	4753	3855	4080	3162	2509	1856	1020	0	1040	1897	
2060	1570	2692	3406	3284	3998	4324	3570	4080	3243	2692	2182	1672	1040	0	856	
2060	836	1897	2713	2835	3651	4141	3570	4263	3570	3141	2733	2427	1897	856	0	
V8
0	1479	2091	2091	1445	1785	1904	1275	1853	1394	1275	1326	1717	2091	1717	1717	
1479	0	952	1564	1717	2431	2924	2618	3315	2856	2618	2431	2380	2142	1309	697	
2091	952	0	884	1564	2295	2975	2958	3757	3485	3349	3264	3298	3111	2244	1581	
2091	1564	884	0	969	1581	2346	2550	3417	3332	3349	3400	3621	3621	2839	2261	
1445	1717	1564	969	0	748	1411	1598	2465	2465	2584	2754	3145	3366	2737	2363	
1785	2431	2295	1581	748	0	765	1326	2142	2380	2669	2975	3502	3859	3332	3043	
1904	2924	2975	2346	1411	765	0	901	1530	1972	2397	2805	3451	3961	3604	3451	
1275	2618	2958	2550	1598	1326	901	0	850	1088	1496	1938	2601	3213	2975	2975	
1853	3315	3757	3417	2465	2142	1530	850	0	782	1360	1904	2652	3400	3400	3553	
1394	2856	3485	3332	2465	2380	1972	1088	782	0	561	1122	1853	2635	2703	2975	
1275	2618	3349	3349	2584	2669	2397	1496	1360	561	0	544	1292	2091	2244	2618	
1326	2431	3264	3400	2754	2975	2805	1938	1904	1122	544	0	731	1547	1819	2278	
1717	2380	3298	3621	3145	3502	3451	2601	2652	1853	1292	731	0	850	1394	2023	
2091	2142	3111	3621	3366	3859	3961	3213	3400	2635	2091	1547	850	0	867	1581	
1717	1309	2244	2839	2737	3332	3604	2975	3400	2703	2244	1819	1394	867	0	714	
1717	697	1581	2261	2363	3043	3451	2975	3553	2975	2618	2278	2023	1581	714	0	
Velocidade_Veiculos
1	1	1	1	1	1	1	1	1	