M: 2
N: 15
Nun_Veiculos: 5
Capacidade_Total: 358
Demanda_Total: 291
Setup_Min: 1
Setup_Max: 9
Raio: 100
Circulos: 1
Tempo_Processamento_Min: 1
Tempo_Processamento_Max: 49
Demanda_Min: 10
Demanda_Max: 30
Priority_Factor: 0.2
Range_Factor_R: 0.8
U_factor: 2
ALpha: 0.2Replicao: 2
Tempos_Processamentos
0	0	1	0	
0	28	1	47	
0	12	1	39	
0	1	1	46	
0	19	1	13	
0	30	1	7	
0	13	1	22	
0	44	1	19	
0	7	1	24	
0	38	1	31	
0	49	1	39	
0	9	1	33	
0	12	1	21	
0	35	1	11	
0	2	1	16	
0	27	1	37	

Tempos_setup
M0
0	0	0	0	0	0	0	0	0	0	0	0	0	0	0	0	
0	0	4	3	5	6	3	5	2	6	6	5	5	6	6	6	
0	3	0	4	6	4	4	3	4	5	3	1	3	3	5	3	
0	5	4	0	2	3	4	3	5	6	3	3	2	3	4	4	
0	4	2	2	0	3	2	3	3	5	3	1	2	1	4	4	
0	2	3	4	6	0	2	4	2	3	2	2	1	6	3	1	
0	2	6	4	5	6	0	5	3	3	6	3	5	6	6	7	
0	3	4	2	4	3	1	0	4	4	3	4	2	5	4	4	
0	6	3	5	7	6	4	6	0	7	6	4	6	6	5	6	
0	2	5	1	3	4	5	4	4	0	4	4	3	4	5	4	
0	3	5	4	5	2	3	3	3	3	0	1	3	6	5	2	
0	5	4	4	6	3	3	2	5	6	3	0	2	7	4	4	
0	3	2	5	6	1	3	4	3	4	1	2	0	5	2	2	
0	3	1	1	3	4	1	2	2	4	4	2	3	0	5	4	
0	3	3	5	4	1	3	4	3	4	3	2	2	5	0	2	
0	1	4	3	5	4	1	3	1	2	4	1	3	6	5	0	
M1
0	0	0	0	0	0	0	0	0	0	0	0	0	0	0	0	
0	0	3	3	3	4	4	1	3	2	3	2	4	2	2	2	
0	4	0	2	3	4	1	4	5	3	2	4	5	3	4	4	
0	5	3	0	1	2	3	3	5	3	3	3	4	4	4	4	
0	4	2	4	0	3	2	2	5	3	2	5	5	3	3	3	
0	5	1	3	3	0	2	3	4	3	3	2	2	4	3	4	
0	3	1	3	4	4	0	4	4	3	1	4	4	2	3	3	
0	3	4	3	3	4	5	0	4	2	5	4	4	1	1	2	
0	2	4	3	3	5	5	3	0	2	5	4	4	1	4	2	
0	4	2	4	2	3	3	4	2	0	4	3	3	3	5	1	
0	2	1	3	3	5	1	3	4	2	0	4	4	1	4	2	
0	3	2	1	2	3	2	1	5	3	1	0	3	2	2	3	
0	4	3	2	1	4	2	3	5	3	2	5	0	3	2	4	
0	2	3	2	2	4	4	3	3	1	4	3	3	0	4	1	
0	4	4	5	4	3	5	5	4	2	6	5	4	3	0	3	
0	5	2	3	1	4	3	3	6	4	3	2	2	4	4	0	
Tamanho_Tarefas
0	33	12	15	15	7	17	24	13	31	42	12	14	22	6	28	
Data_Entrega
0	238	269	280	233	238	211	252	236	197	229	268	280	207	221	193	
Penalidade_Atraso
0	2	10	9	18	1	4	9	7	9	2	9	12	12	11	10	
Capacidade_Veiculo
69	64	91	59	75	
Custo_Fixo_Veiculo
690	640	910	590	750	
Coordenadas_Clientes
x	0	y	0
x	94	y	0
x	78	y	34
x	60	y	67
x	27	y	85
x	-10	y	103
x	-50	y	87
x	-98	y	71
x	-86	y	18
x	-89	y	-19
x	-66	y	-48
x	-54	y	-95
x	-8	y	-83
x	27	y	-83
x	52	y	-58
x	68	y	-30
Tempo_Viagem
0	94	85	89	89	103	100	121	87	91	81	109	83	87	77	74	
94	0	37	74	108	146	168	204	180	183	167	175	131	106	71	39	
85	37	0	37	72	111	138	179	164	175	165	184	145	127	95	64	
89	74	37	0	37	78	111	158	154	172	170	198	164	153	125	97	
89	108	72	37	0	41	77	125	131	155	162	197	171	168	145	122	
103	146	111	78	41	0	43	93	114	145	161	202	186	189	172	154	
100	168	138	111	77	43	0	50	77	112	135	182	175	186	177	166	
121	204	179	158	125	93	50	0	54	90	122	170	178	198	197	194	
87	180	164	154	131	114	77	54	0	37	68	116	127	151	157	161	
91	183	175	172	155	145	112	90	37	0	37	83	103	132	146	157	
81	167	165	170	162	161	135	122	68	37	0	48	67	99	118	135	
109	175	184	198	197	202	182	170	116	83	48	0	47	81	112	138	
83	131	145	164	171	186	175	178	127	103	67	47	0	35	65	92	
87	106	127	153	168	189	186	198	151	132	99	81	35	0	35	67	
77	71	95	125	145	172	177	197	157	146	118	112	65	35	0	32	
74	39	64	97	122	154	166	194	161	157	135	138	92	67	32	0	
Custo_Viagem
V0
0	1297	1173	1228	1228	1421	1380	1669	1200	1255	1117	1504	1145	1200	1062	1021	
1297	0	510	1035	1490	2014	2318	2815	2484	2525	2304	2415	1807	1462	979	538	
1173	510	0	510	993	1531	1904	2470	2263	2415	2277	2539	2001	1752	1311	883	
1228	1035	510	0	510	1076	1531	2180	2125	2373	2346	2732	2263	2111	1725	1338	
1228	1490	993	510	0	565	1062	1725	1807	2139	2235	2718	2359	2318	2001	1683	
1421	2014	1531	1076	565	0	593	1283	1573	2001	2221	2787	2566	2608	2373	2125	
1380	2318	1904	1531	1062	593	0	690	1062	1545	1863	2511	2415	2566	2442	2290	
1669	2815	2470	2180	1725	1283	690	0	745	1242	1697	2359	2456	2732	2718	2677	
1200	2484	2263	2125	1807	1573	1062	745	0	510	938	1614	1752	2083	2166	2221	
1255	2525	2415	2373	2139	2001	1545	1242	510	0	510	1145	1421	1821	2014	2166	
1117	2304	2277	2346	2235	2221	1863	1697	938	510	0	662	924	1366	1628	1863	
1504	2415	2539	2732	2718	2787	2511	2359	1614	1145	662	0	648	1117	1545	1904	
1145	1807	2001	2263	2359	2566	2415	2456	1752	1421	924	648	0	483	897	1269	
1200	1462	1752	2111	2318	2608	2566	2732	2083	1821	1366	1117	483	0	483	924	
1062	979	1311	1725	2001	2373	2442	2718	2166	2014	1628	1545	897	483	0	441	
1021	538	883	1338	1683	2125	2290	2677	2221	2166	1863	1904	1269	924	441	0	
V1
0	1203	1088	1139	1139	1318	1280	1548	1113	1164	1036	1395	1062	1113	985	947	
1203	0	473	960	1382	1868	2150	2611	2304	2342	2137	2240	1676	1356	908	499	
1088	473	0	473	921	1420	1766	2291	2099	2240	2112	2355	1856	1625	1216	819	
1139	960	473	0	473	998	1420	2022	1971	2201	2176	2534	2099	1958	1600	1241	
1139	1382	921	473	0	524	985	1600	1676	1984	2073	2521	2188	2150	1856	1561	
1318	1868	1420	998	524	0	550	1190	1459	1856	2060	2585	2380	2419	2201	1971	
1280	2150	1766	1420	985	550	0	640	985	1433	1728	2329	2240	2380	2265	2124	
1548	2611	2291	2022	1600	1190	640	0	691	1152	1574	2188	2278	2534	2521	2483	
1113	2304	2099	1971	1676	1459	985	691	0	473	870	1497	1625	1932	2009	2060	
1164	2342	2240	2201	1984	1856	1433	1152	473	0	473	1062	1318	1689	1868	2009	
1036	2137	2112	2176	2073	2060	1728	1574	870	473	0	614	857	1267	1510	1728	
1395	2240	2355	2534	2521	2585	2329	2188	1497	1062	614	0	601	1036	1433	1766	
1062	1676	1856	2099	2188	2380	2240	2278	1625	1318	857	601	0	448	832	1177	
1113	1356	1625	1958	2150	2419	2380	2534	1932	1689	1267	1036	448	0	448	857	
985	908	1216	1600	1856	2201	2265	2521	2009	1868	1510	1433	832	448	0	409	
947	499	819	1241	1561	1971	2124	2483	2060	2009	1728	1766	1177	857	409	0	
V2
0	1710	1547	1619	1619	1874	1820	2202	1583	1656	1474	1983	1510	1583	1401	1346	
1710	0	673	1365	1965	2657	3057	3712	3276	3330	3039	3185	2384	1929	1292	709	
1547	673	0	673	1310	2020	2511	3257	2984	3185	3003	3348	2639	2311	1729	1164	
1619	1365	673	0	673	1419	2020	2875	2802	3130	3094	3603	2984	2784	2275	1765	
1619	1965	1310	673	0	746	1401	2275	2384	2821	2948	3585	3112	3057	2639	2220	
1874	2657	2020	1419	746	0	782	1692	2074	2639	2930	3676	3385	3439	3130	2802	
1820	3057	2511	2020	1401	782	0	910	1401	2038	2457	3312	3185	3385	3221	3021	
2202	3712	3257	2875	2275	1692	910	0	982	1638	2238	3112	3239	3603	3585	3530	
1583	3276	2984	2802	2384	2074	1401	982	0	673	1237	2129	2311	2748	2857	2930	
1656	3330	3185	3130	2821	2639	2038	1638	673	0	673	1510	1874	2402	2657	2857	
1474	3039	3003	3094	2948	2930	2457	2238	1237	673	0	873	1219	1801	2147	2457	
1983	3185	3348	3603	3585	3676	3312	3112	2129	1510	873	0	855	1474	2038	2511	
1510	2384	2639	2984	3112	3385	3185	3239	2311	1874	1219	855	0	637	1183	1674	
1583	1929	2311	2784	3057	3439	3385	3603	2748	2402	1801	1474	637	0	637	1219	
1401	1292	1729	2275	2639	3130	3221	3585	2857	2657	2147	2038	1183	637	0	582	
1346	709	1164	1765	2220	2802	3021	3530	2930	2857	2457	2511	1674	1219	582	0	
V3
0	1109	1003	1050	1050	1215	1180	1427	1026	1073	955	1286	979	1026	908	873	
1109	0	436	885	1274	1722	1982	2407	2124	2159	1970	2065	1545	1250	837	460	
1003	436	0	436	849	1309	1628	2112	1935	2065	1947	2171	1711	1498	1121	755	
1050	885	436	0	436	920	1309	1864	1817	2029	2006	2336	1935	1805	1475	1144	
1050	1274	849	436	0	483	908	1475	1545	1829	1911	2324	2017	1982	1711	1439	
1215	1722	1309	920	483	0	507	1097	1345	1711	1899	2383	2194	2230	2029	1817	
1180	1982	1628	1309	908	507	0	590	908	1321	1593	2147	2065	2194	2088	1958	
1427	2407	2112	1864	1475	1097	590	0	637	1062	1451	2017	2100	2336	2324	2289	
1026	2124	1935	1817	1545	1345	908	637	0	436	802	1380	1498	1781	1852	1899	
1073	2159	2065	2029	1829	1711	1321	1062	436	0	436	979	1215	1557	1722	1852	
955	1970	1947	2006	1911	1899	1593	1451	802	436	0	566	790	1168	1392	1593	
1286	2065	2171	2336	2324	2383	2147	2017	1380	979	566	0	554	955	1321	1628	
979	1545	1711	1935	2017	2194	2065	2100	1498	1215	790	554	0	413	767	1085	
1026	1250	1498	1805	1982	2230	2194	2336	1781	1557	1168	955	413	0	413	790	
908	837	1121	1475	1711	2029	2088	2324	1852	1722	1392	1321	767	413	0	377	
873	460	755	1144	1439	1817	1958	2289	1899	1852	1593	1628	1085	790	377	0	
V4
0	1410	1275	1335	1335	1545	1500	1815	1305	1365	1215	1635	1245	1305	1155	1110	
1410	0	555	1125	1620	2190	2520	3060	2700	2745	2505	2625	1965	1590	1065	585	
1275	555	0	555	1080	1665	2070	2685	2460	2625	2475	2760	2175	1905	1425	960	
1335	1125	555	0	555	1170	1665	2370	2310	2580	2550	2970	2460	2295	1875	1455	
1335	1620	1080	555	0	615	1155	1875	1965	2325	2430	2955	2565	2520	2175	1830	
1545	2190	1665	1170	615	0	645	1395	1710	2175	2415	3030	2790	2835	2580	2310	
1500	2520	2070	1665	1155	645	0	750	1155	1680	2025	2730	2625	2790	2655	2490	
1815	3060	2685	2370	1875	1395	750	0	810	1350	1845	2565	2670	2970	2955	2910	
1305	2700	2460	2310	1965	1710	1155	810	0	555	1020	1755	1905	2265	2355	2415	
1365	2745	2625	2580	2325	2175	1680	1350	555	0	555	1245	1545	1980	2190	2355	
1215	2505	2475	2550	2430	2415	2025	1845	1020	555	0	720	1005	1485	1770	2025	
1635	2625	2760	2970	2955	3030	2730	2565	1755	1245	720	0	705	1215	1680	2070	
1245	1965	2175	2460	2565	2790	2625	2670	1905	1545	1005	705	0	525	975	1380	
1305	1590	1905	2295	2520	2835	2790	2970	2265	1980	1485	1215	525	0	525	1005	
1155	1065	1425	1875	2175	2580	2655	2955	2355	2190	1770	1680	975	525	0	480	
1110	585	960	1455	1830	2310	2490	2910	2415	2355	2025	2070	1380	1005	480	0	
Velocidade_Veiculos
1	1	1	1	1	