M: 2
N: 15
Nun_Veiculos: 5
Capacidade_Total: 503
Demanda_Total: 356
Setup_Min: 1
Setup_Max: 99
Raio: 100
Circulos: 1
Tempo_Processamento_Min: 1
Tempo_Processamento_Max: 49
Demanda_Min: 10
Demanda_Max: 30
Priority_Factor: 0.2
Range_Factor_R: 0.8
U_factor: 2
ALpha: 0.2Replicao: 1
Tempos_Processamentos
0	0	1	0	
0	3	1	13	
0	30	1	39	
0	46	1	17	
0	26	1	44	
0	6	1	35	
0	30	1	45	
0	41	1	8	
0	46	1	8	
0	40	1	18	
0	36	1	43	
0	32	1	1	
0	31	1	47	
0	48	1	41	
0	22	1	32	
0	30	1	14	

Tempos_setup
M0
0	0	0	0	0	0	0	0	0	0	0	0	0	0	0	0	
0	0	39	16	14	23	26	10	37	37	10	37	33	3	27	26	
0	25	0	41	36	48	39	35	32	62	35	38	35	28	23	17	
0	5	44	0	19	9	31	15	41	32	15	39	38	8	31	25	
0	15	26	31	0	35	12	7	28	34	13	23	19	18	18	12	
0	24	61	21	35	0	38	26	32	52	34	30	54	24	22	16	
0	3	30	19	17	26	0	13	23	40	1	11	36	6	13	18	
0	32	71	48	46	55	43	0	42	27	42	54	39	35	48	42	
0	3	38	14	12	23	24	13	0	40	13	35	31	1	30	24	
0	27	66	22	41	31	42	36	42	0	37	35	60	30	32	26	
0	14	29	30	28	36	39	24	37	51	0	42	35	17	27	38	
0	51	71	67	45	57	57	52	59	78	58	0	64	54	49	43	
0	7	34	23	20	16	4	17	18	44	5	15	0	10	9	3	
0	2	37	13	11	22	23	12	39	39	12	34	30	0	29	23	
0	2	41	18	16	25	28	12	10	39	12	15	35	5	0	28	
0	8	45	24	19	31	31	18	16	45	18	21	38	11	6	0	
M1
0	0	0	0	0	0	0	0	0	0	0	0	0	0	0	0	
0	0	20	21	19	17	24	19	19	19	19	18	12	10	8	19	
0	24	0	39	22	20	33	6	28	12	16	30	9	13	29	22	
0	23	10	0	8	7	15	16	19	22	17	25	19	17	15	9	
0	17	17	25	0	14	24	18	26	18	15	17	11	9	7	7	
0	16	3	31	25	0	17	9	12	15	10	18	12	16	24	2	
0	37	24	14	22	21	0	30	21	36	31	39	33	31	29	23	
0	30	17	41	16	14	29	0	24	6	23	32	16	7	23	16	
0	24	26	19	21	23	5	25	0	25	25	24	18	16	14	25	
0	24	11	35	10	8	23	17	18	0	17	26	10	1	17	10	
0	24	11	31	24	8	17	15	12	21	0	14	4	15	26	10	
0	11	5	21	17	2	7	1	14	7	12	0	14	8	19	4	
0	31	18	30	31	15	24	22	19	28	7	21	0	22	33	17	
0	23	10	34	9	7	22	16	17	9	16	25	9	0	16	9	
0	10	12	31	11	9	17	11	19	11	11	10	4	2	0	11	
0	14	10	35	32	7	23	16	19	22	8	16	12	23	22	0	
Tamanho_Tarefas
0	4	31	17	32	13	35	22	15	20	38	6	37	42	27	17	
Data_Entrega
0	229	257	282	271	345	284	273	333	244	340	327	342	327	240	251	
Penalidade_Atraso
0	4	4	7	11	5	1	9	15	7	9	12	4	8	17	17	
Capacidade_Veiculo
99	113	71	118	102	
Custo_Fixo_Veiculo
990	1130	710	1180	1020	
Coordenadas_Clientes
x	0	y	0
x	124	y	0
x	99	y	44
x	64	y	71
x	32	y	99
x	-12	y	117
x	-39	y	67
x	-82	y	59
x	-85	y	18
x	-80	y	-17
x	-64	y	-47
x	-39	y	-69
x	-8	y	-82
x	27	y	-85
x	78	y	-86
x	113	y	-50
Tempo_Viagem
0	124	108	95	104	117	77	101	86	81	79	79	82	89	116	123	
124	0	50	92	134	179	176	214	209	204	193	177	155	128	97	51	
108	50	0	44	86	132	139	181	185	189	186	178	165	147	131	95	
95	92	44	0	42	88	103	146	158	168	174	173	169	160	157	130	
104	134	86	42	0	47	77	120	142	161	174	182	185	184	190	169	
117	179	132	88	47	0	56	90	123	149	172	187	199	205	222	208	
77	176	139	103	77	56	0	43	67	93	116	136	152	165	192	191	
101	214	181	146	120	90	43	0	41	76	107	135	159	180	215	223	
86	209	185	158	142	123	67	41	0	35	68	98	126	152	193	209	
81	204	189	168	161	149	93	76	35	0	34	66	97	126	172	195	
79	193	186	174	174	172	116	107	68	34	0	33	66	98	147	177	
79	177	178	173	182	187	136	135	98	66	33	0	33	67	118	153	
82	155	165	169	185	199	152	159	126	97	66	33	0	35	86	125	
89	128	147	160	184	205	165	180	152	126	98	67	35	0	51	92	
116	97	131	157	190	222	192	215	193	172	147	118	86	51	0	50	
123	51	95	130	169	208	191	223	209	195	177	153	125	92	50	0	
Custo_Viagem
V0
0	2455	2138	1881	2059	2316	1524	1999	1702	1603	1564	1564	1623	1762	2296	2435	
2455	0	990	1821	2673	3544	3484	4237	4138	4039	3821	3504	3069	2534	1920	1009	
2138	990	0	871	1702	2613	2752	3583	3663	3742	3682	3524	3267	2910	2593	1881	
1881	1821	871	0	831	1742	2039	2890	3128	3326	3445	3425	3346	3168	3108	2574	
2059	2673	1702	831	0	930	1524	2376	2811	3187	3445	3603	3663	3643	3762	3346	
2316	3544	2613	1742	930	0	1108	1782	2435	2970	3405	3702	3940	4059	4395	4118	
1524	3484	2752	2039	1524	1108	0	851	1326	1841	2296	2692	3009	3267	3801	3781	
1999	4237	3583	2890	2376	1782	851	0	811	1504	2118	2673	3148	3564	4257	4415	
1702	4138	3663	3128	2811	2435	1326	811	0	693	1346	1940	2494	3009	3821	4138	
1603	4039	3742	3326	3187	2970	1841	1504	693	0	673	1306	1920	2494	3405	3861	
1564	3821	3682	3445	3445	3405	2296	2118	1346	673	0	653	1306	1940	2910	3504	
1564	3504	3524	3425	3603	3702	2692	2673	1940	1306	653	0	653	1326	2336	3029	
1623	3069	3267	3346	3663	3940	3009	3148	2494	1920	1306	653	0	693	1702	2475	
1762	2534	2910	3168	3643	4059	3267	3564	3009	2494	1940	1326	693	0	1009	1821	
2296	1920	2593	3108	3762	4395	3801	4257	3821	3405	2910	2336	1702	1009	0	990	
2435	1009	1881	2574	3346	4118	3781	4415	4138	3861	3504	3029	2475	1821	990	0	
V1
0	2802	2440	2147	2350	2644	1740	2282	1943	1830	1785	1785	1853	2011	2621	2779	
2802	0	1130	2079	3051	4045	3977	4836	4723	4610	4361	4000	3503	2892	2192	1152	
2440	1130	0	994	1943	2983	3141	4090	4181	4271	4203	4022	3729	3322	2960	2147	
2147	2079	994	0	949	1988	2327	3299	3570	3796	3932	3909	3819	3616	3548	2938	
2350	3051	1943	949	0	1062	1740	2712	3209	3638	3932	4113	4181	4158	4294	3819	
2644	4045	2983	1988	1062	0	1265	2034	2779	3390	3887	4226	4497	4633	5017	4700	
1740	3977	3141	2327	1740	1265	0	971	1514	2101	2621	3073	3435	3729	4339	4316	
2282	4836	4090	3299	2712	2034	971	0	926	1717	2418	3051	3593	4068	4859	5039	
1943	4723	4181	3570	3209	2779	1514	926	0	791	1536	2214	2847	3435	4361	4723	
1830	4610	4271	3796	3638	3390	2101	1717	791	0	768	1491	2192	2847	3887	4407	
1785	4361	4203	3932	3932	3887	2621	2418	1536	768	0	745	1491	2214	3322	4000	
1785	4000	4022	3909	4113	4226	3073	3051	2214	1491	745	0	745	1514	2666	3457	
1853	3503	3729	3819	4181	4497	3435	3593	2847	2192	1491	745	0	791	1943	2825	
2011	2892	3322	3616	4158	4633	3729	4068	3435	2847	2214	1514	791	0	1152	2079	
2621	2192	2960	3548	4294	5017	4339	4859	4361	3887	3322	2666	1943	1152	0	1130	
2779	1152	2147	2938	3819	4700	4316	5039	4723	4407	4000	3457	2825	2079	1130	0	
V2
0	1760	1533	1349	1476	1661	1093	1434	1221	1150	1121	1121	1164	1263	1647	1746	
1760	0	710	1306	1917	2541	2499	3038	2967	2896	2740	2513	2201	1817	1377	724	
1533	710	0	624	1221	1874	1973	2570	2627	2683	2641	2527	2343	2087	1860	1349	
1349	1306	624	0	596	1249	1462	2073	2243	2385	2470	2456	2399	2272	2229	1846	
1476	1917	1221	596	0	667	1093	1704	2016	2286	2470	2584	2627	2612	2698	2399	
1661	2541	1874	1249	667	0	795	1278	1746	2130	2442	2655	2825	2911	3152	2953	
1093	2499	1973	1462	1093	795	0	610	951	1320	1647	1931	2158	2343	2726	2712	
1434	3038	2570	2073	1704	1278	610	0	582	1079	1519	1917	2257	2556	3053	3166	
1221	2967	2627	2243	2016	1746	951	582	0	497	965	1391	1789	2158	2740	2967	
1150	2896	2683	2385	2286	2130	1320	1079	497	0	482	937	1377	1789	2442	2769	
1121	2740	2641	2470	2470	2442	1647	1519	965	482	0	468	937	1391	2087	2513	
1121	2513	2527	2456	2584	2655	1931	1917	1391	937	468	0	468	951	1675	2172	
1164	2201	2343	2399	2627	2825	2158	2257	1789	1377	937	468	0	497	1221	1775	
1263	1817	2087	2272	2612	2911	2343	2556	2158	1789	1391	951	497	0	724	1306	
1647	1377	1860	2229	2698	3152	2726	3053	2740	2442	2087	1675	1221	724	0	710	
1746	724	1349	1846	2399	2953	2712	3166	2967	2769	2513	2172	1775	1306	710	0	
V3
0	2926	2548	2242	2454	2761	1817	2383	2029	1911	1864	1864	1935	2100	2737	2902	
2926	0	1180	2171	3186	4224	4153	5050	4932	4814	4554	4177	3658	3020	2289	1203	
2548	1180	0	1038	2029	3115	3280	4271	4366	4460	4389	4200	3894	3469	3091	2242	
2242	2171	1038	0	991	2076	2430	3445	3728	3964	4106	4082	3988	3776	3705	3068	
2454	3186	2029	991	0	1109	1817	2832	3351	3799	4106	4295	4366	4342	4484	3988	
2761	4224	3115	2076	1109	0	1321	2124	2902	3540	4059	4413	4696	4838	5239	4908	
1817	4153	3280	2430	1817	1321	0	1014	1581	2194	2737	3209	3587	3894	4531	4507	
2383	5050	4271	3445	2832	2124	1014	0	967	1793	2525	3186	3752	4248	5074	5262	
2029	4932	4366	3728	3351	2902	1581	967	0	826	1604	2312	2973	3587	4554	4932	
1911	4814	4460	3964	3799	3540	2194	1793	826	0	802	1557	2289	2973	4059	4602	
1864	4554	4389	4106	4106	4059	2737	2525	1604	802	0	778	1557	2312	3469	4177	
1864	4177	4200	4082	4295	4413	3209	3186	2312	1557	778	0	778	1581	2784	3610	
1935	3658	3894	3988	4366	4696	3587	3752	2973	2289	1557	778	0	826	2029	2950	
2100	3020	3469	3776	4342	4838	3894	4248	3587	2973	2312	1581	826	0	1203	2171	
2737	2289	3091	3705	4484	5239	4531	5074	4554	4059	3469	2784	2029	1203	0	1180	
2902	1203	2242	3068	3988	4908	4507	5262	4932	4602	4177	3610	2950	2171	1180	0	
V4
0	2529	2203	1938	2121	2386	1570	2060	1754	1652	1611	1611	1672	1815	2366	2509	
2529	0	1020	1876	2754	3651	3590	4365	4263	4161	3937	3610	3162	2611	1978	1040	
2203	1020	0	897	1754	2692	2835	3692	3774	3855	3794	3631	3366	2998	2672	1938	
1938	1876	897	0	856	1795	2101	2978	3223	3427	3549	3529	3447	3264	3202	2652	
2121	2754	1754	856	0	958	1570	2448	2896	3284	3549	3712	3774	3753	3876	3447	
2386	3651	2692	1795	958	0	1142	1836	2509	3060	3508	3814	4059	4182	4528	4243	
1570	3590	2835	2101	1570	1142	0	877	1366	1897	2366	2774	3100	3366	3916	3896	
2060	4365	3692	2978	2448	1836	877	0	836	1550	2182	2754	3243	3672	4386	4549	
1754	4263	3774	3223	2896	2509	1366	836	0	714	1387	1999	2570	3100	3937	4263	
1652	4161	3855	3427	3284	3060	1897	1550	714	0	693	1346	1978	2570	3508	3978	
1611	3937	3794	3549	3549	3508	2366	2182	1387	693	0	673	1346	1999	2998	3610	
1611	3610	3631	3529	3712	3814	2774	2754	1999	1346	673	0	673	1366	2407	3121	
1672	3162	3366	3447	3774	4059	3100	3243	2570	1978	1346	673	0	714	1754	2550	
1815	2611	2998	3264	3753	4182	3366	3672	3100	2570	1999	1366	714	0	1040	1876	
2366	1978	2672	3202	3876	4528	3916	4386	3937	3508	2998	2407	1754	1040	0	1020	
2509	1040	1938	2652	3447	4243	3896	4549	4263	3978	3610	3121	2550	1876	1020	0	
Velocidade_Veiculos
1	1	1	1	1	