M: 2
N: 15
Nun_Veiculos: 8
Capacidade_Total: 482
Demanda_Total: 243
Setup_Min: 1
Setup_Max: 9
Raio: 20
Circulos: 1
Tempo_Processamento_Min: 1
Tempo_Processamento_Max: 49
Demanda_Min: 10
Demanda_Max: 30
Priority_Factor: 0.2
Range_Factor_R: 0.8
U_factor: 2
ALpha: 0.2Replicao: 4
Tempos_Processamentos
0	0	1	0	
0	6	1	10	
0	13	1	32	
0	7	1	15	
0	4	1	8	
0	27	1	12	
0	37	1	2	
0	36	1	13	
0	35	1	36	
0	9	1	40	
0	35	1	25	
0	43	1	22	
0	14	1	6	
0	30	1	16	
0	13	1	16	
0	39	1	1	

Tempos_setup
M0
0	0	0	0	0	0	0	0	0	0	0	0	0	0	0	0	
0	0	4	4	3	6	2	4	3	5	3	3	4	4	6	4	
0	2	0	1	3	4	2	3	2	2	2	2	1	2	2	1	
0	2	1	0	3	4	2	2	1	1	1	2	1	1	3	2	
0	2	2	3	0	6	3	5	3	3	4	2	1	3	4	2	
0	3	4	5	3	0	3	4	4	5	4	3	3	2	6	4	
0	3	2	2	1	4	0	2	1	3	1	1	2	2	4	2	
0	3	5	6	4	6	5	0	2	2	3	3	2	4	4	4	
0	3	5	4	6	7	5	6	0	5	5	3	5	4	5	4	
0	4	4	5	2	6	5	7	5	0	6	4	3	5	6	4	
0	3	3	4	3	3	2	4	3	4	0	2	2	1	4	3	
0	3	3	4	3	5	2	4	3	3	3	0	2	1	3	1	
0	1	3	4	4	6	3	5	2	2	4	1	0	2	4	2	
0	2	2	3	2	5	1	3	2	3	2	1	1	0	4	2	
0	4	4	5	4	2	3	5	2	5	1	3	3	2	0	3	
0	4	3	3	2	5	1	3	2	2	2	2	3	3	5	0	
M1
0	0	0	0	0	0	0	0	0	0	0	0	0	0	0	0	
0	0	4	2	2	3	1	2	3	2	3	4	4	3	5	2	
0	3	0	3	3	3	3	5	2	2	1	3	2	4	5	2	
0	3	4	0	1	5	3	5	2	3	1	3	3	2	5	3	
0	2	3	3	0	5	3	4	3	2	4	4	3	1	5	4	
0	4	1	3	3	0	4	5	3	2	2	4	3	4	4	3	
0	3	4	1	2	5	0	5	2	1	2	3	3	3	4	1	
0	3	5	4	4	6	4	0	2	3	4	3	3	4	6	1	
0	4	4	2	2	6	2	5	0	1	3	5	1	2	4	3	
0	3	3	1	1	5	3	5	1	0	2	4	2	2	3	2	
0	2	4	3	3	5	3	4	1	2	0	2	2	3	4	4	
0	3	4	3	3	3	3	5	1	2	1	0	2	3	5	2	
0	4	5	2	3	6	1	4	1	2	3	4	0	3	5	2	
0	4	2	2	2	5	3	6	2	1	3	3	2	0	4	3	
0	4	3	2	2	6	1	5	2	1	3	4	3	3	0	2	
0	2	5	3	3	5	3	4	1	2	3	2	2	3	5	0	
Tamanho_Tarefas
0	8	17	10	4	12	14	16	35	24	26	24	9	19	14	11	
Data_Entrega
0	97	144	66	126	144	84	76	96	86	140	132	98	127	88	94	
Penalidade_Atraso
0	9	5	12	10	15	1	4	13	10	1	16	20	14	18	1	
Capacidade_Veiculo
104	53	56	49	65	67	44	44	
Custo_Fixo_Veiculo
1040	530	560	490	650	670	440	440	
Coordenadas_Clientes
x	0	y	0
x	16	y	0
x	15	y	6
x	12	y	14
x	6	y	20
x	-1	y	15
x	-7	y	12
x	-19	y	14
x	-19	y	4
x	-20	y	-4
x	-19	y	-14
x	-11	y	-20
x	-2	y	-21
x	5	y	-18
x	11	y	-12
x	18	y	-8
Tempo_Viagem
0	16	16	18	20	15	13	23	19	20	23	22	21	18	16	19	
16	0	6	14	22	22	25	37	35	36	37	33	27	21	13	8	
16	6	0	8	16	18	22	34	34	36	39	36	31	26	18	14	
18	14	8	0	8	13	19	31	32	36	41	40	37	32	26	22	
20	22	16	8	0	8	14	25	28	34	42	42	41	38	32	30	
15	22	18	13	8	0	6	18	20	26	34	36	36	33	29	29	
13	25	22	19	14	6	0	12	14	20	28	32	33	31	29	32	
23	37	34	31	25	18	12	0	10	18	28	34	38	40	39	42	
19	35	34	32	28	20	14	10	0	8	18	25	30	32	34	38	
20	36	36	36	34	26	20	18	8	0	10	18	24	28	32	38	
23	37	39	41	42	34	28	28	18	10	0	10	18	24	30	37	
22	33	36	40	42	36	32	34	25	18	10	0	9	16	23	31	
21	27	31	37	41	36	33	38	30	24	18	9	0	7	15	23	
18	21	26	32	38	33	31	40	32	28	24	16	7	0	8	16	
16	13	18	26	32	29	29	39	34	32	30	23	15	8	0	8	
19	8	14	22	30	29	32	42	38	38	37	31	23	16	8	0	
Custo_Viagem
V0
0	332	332	374	416	312	270	478	395	416	478	457	436	374	332	395	
332	0	124	291	457	457	520	769	728	748	769	686	561	436	270	166	
332	124	0	166	332	374	457	707	707	748	811	748	644	540	374	291	
374	291	166	0	166	270	395	644	665	748	852	852	769	665	540	457	
416	457	332	166	0	166	312	520	603	728	873	894	852	790	665	624	
312	457	374	270	166	0	124	374	436	540	707	748	748	686	603	603	
270	520	457	395	312	124	0	249	291	416	582	665	686	665	624	665	
478	769	707	644	520	374	249	0	208	374	582	707	790	832	811	894	
395	728	707	665	603	436	291	208	0	166	374	520	624	665	707	790	
416	748	748	748	728	540	416	374	166	0	208	374	499	582	665	790	
478	769	811	852	873	707	582	582	374	208	0	208	374	499	624	769	
457	686	748	852	894	748	665	707	520	374	208	0	187	332	478	644	
436	561	644	769	852	748	686	790	624	499	374	187	0	145	312	478	
374	436	540	665	790	686	665	832	665	582	499	332	145	0	166	332	
332	270	374	540	665	603	624	811	707	665	624	478	312	166	0	166	
395	166	291	457	624	603	665	894	790	790	769	644	478	332	166	0	
V1
0	169	169	190	212	159	137	243	201	212	243	233	222	190	169	201	
169	0	63	148	233	233	265	392	371	381	392	349	286	222	137	84	
169	63	0	84	169	190	233	360	360	381	413	381	328	275	190	148	
190	148	84	0	84	137	201	328	339	381	434	434	392	339	275	233	
212	233	169	84	0	84	159	265	307	371	445	455	434	402	339	318	
159	233	190	137	84	0	63	190	222	275	360	381	381	349	307	307	
137	265	233	201	159	63	0	127	148	212	296	339	349	339	318	339	
243	392	360	328	265	190	127	0	106	190	296	360	402	424	413	455	
201	371	360	339	307	222	148	106	0	84	190	265	318	339	360	402	
212	381	381	381	371	275	212	190	84	0	106	190	254	296	339	402	
243	392	413	434	445	360	296	296	190	106	0	106	190	254	318	392	
233	349	381	434	455	381	339	360	265	190	106	0	95	169	243	328	
222	286	328	392	434	381	349	402	318	254	190	95	0	74	159	243	
190	222	275	339	402	349	339	424	339	296	254	169	74	0	84	169	
169	137	190	275	339	307	318	413	360	339	318	243	159	84	0	84	
201	84	148	233	318	307	339	455	402	402	392	328	243	169	84	0	
V2
0	179	179	201	224	168	145	257	212	224	257	246	235	201	179	212	
179	0	67	156	246	246	280	414	392	403	414	369	302	235	145	89	
179	67	0	89	179	201	246	380	380	403	436	403	347	291	201	156	
201	156	89	0	89	145	212	347	358	403	459	459	414	358	291	246	
224	246	179	89	0	89	168	280	324	392	470	481	459	425	358	336	
168	246	201	145	89	0	67	201	235	291	380	403	403	369	324	324	
145	280	246	212	168	67	0	134	156	224	313	358	369	358	336	358	
257	414	380	347	280	201	134	0	112	201	313	380	425	448	436	481	
212	392	380	358	324	235	156	112	0	89	201	280	336	358	380	425	
224	403	403	403	392	291	224	201	89	0	112	201	268	313	358	425	
257	414	436	459	470	380	313	313	201	112	0	112	201	268	336	414	
246	369	403	459	481	403	358	380	280	201	112	0	100	179	257	347	
235	302	347	414	459	403	369	425	336	268	201	100	0	78	168	257	
201	235	291	358	425	369	358	448	358	313	268	179	78	0	89	179	
179	145	201	291	358	324	336	436	380	358	336	257	168	89	0	89	
212	89	156	246	336	324	358	481	425	425	414	347	257	179	89	0	
V3
0	156	156	176	196	147	127	225	186	196	225	215	205	176	156	186	
156	0	58	137	215	215	245	362	343	352	362	323	264	205	127	78	
156	58	0	78	156	176	215	333	333	352	382	352	303	254	176	137	
176	137	78	0	78	127	186	303	313	352	401	401	362	313	254	215	
196	215	156	78	0	78	147	245	284	343	411	421	401	372	313	294	
147	215	176	127	78	0	58	176	205	254	333	352	352	323	284	284	
127	245	215	186	147	58	0	117	137	196	274	313	323	313	294	313	
225	362	333	303	245	176	117	0	98	176	274	333	372	392	382	421	
186	343	333	313	284	205	137	98	0	78	176	245	294	313	333	372	
196	352	352	352	343	254	196	176	78	0	98	176	235	274	313	372	
225	362	382	401	411	333	274	274	176	98	0	98	176	235	294	362	
215	323	352	401	421	352	313	333	245	176	98	0	88	156	225	303	
205	264	303	362	401	352	323	372	294	235	176	88	0	68	147	225	
176	205	254	313	372	323	313	392	313	274	235	156	68	0	78	156	
156	127	176	254	313	284	294	382	333	313	294	225	147	78	0	78	
186	78	137	215	294	284	313	421	372	372	362	303	225	156	78	0	
V4
0	208	208	234	260	195	169	299	247	260	299	286	273	234	208	247	
208	0	78	182	286	286	325	481	455	468	481	429	351	273	169	104	
208	78	0	104	208	234	286	442	442	468	507	468	403	338	234	182	
234	182	104	0	104	169	247	403	416	468	533	533	481	416	338	286	
260	286	208	104	0	104	195	325	377	455	546	559	533	494	416	390	
195	286	234	169	104	0	78	234	273	338	442	468	468	429	377	377	
169	325	286	247	195	78	0	156	182	260	364	416	429	416	390	416	
299	481	442	403	325	234	156	0	130	234	364	442	494	520	507	559	
247	455	442	416	377	273	182	130	0	104	234	325	390	416	442	494	
260	468	468	468	455	338	260	234	104	0	130	234	312	364	416	494	
299	481	507	533	546	442	364	364	234	130	0	130	234	312	390	481	
286	429	468	533	559	468	416	442	325	234	130	0	117	208	299	403	
273	351	403	481	533	468	429	494	390	312	234	117	0	91	195	299	
234	273	338	416	494	429	416	520	416	364	312	208	91	0	104	208	
208	169	234	338	416	377	390	507	442	416	390	299	195	104	0	104	
247	104	182	286	390	377	416	559	494	494	481	403	299	208	104	0	
V5
0	214	214	241	268	201	174	308	254	268	308	294	281	241	214	254	
214	0	80	187	294	294	335	495	469	482	495	442	361	281	174	107	
214	80	0	107	214	241	294	455	455	482	522	482	415	348	241	187	
241	187	107	0	107	174	254	415	428	482	549	549	495	428	348	294	
268	294	214	107	0	107	201	335	388	469	562	576	549	509	428	402	
201	294	241	174	107	0	80	241	281	348	455	482	482	442	388	388	
174	335	294	254	201	80	0	160	187	268	375	428	442	428	402	428	
308	495	455	415	335	241	160	0	134	241	375	455	509	536	522	576	
254	469	455	428	388	281	187	134	0	107	241	335	402	428	455	509	
268	482	482	482	469	348	268	241	107	0	134	241	321	375	428	509	
308	495	522	549	562	455	375	375	241	134	0	134	241	321	402	495	
294	442	482	549	576	482	428	455	335	241	134	0	120	214	308	415	
281	361	415	495	549	482	442	509	402	321	241	120	0	93	201	308	
241	281	348	428	509	442	428	536	428	375	321	214	93	0	107	214	
214	174	241	348	428	388	402	522	455	428	402	308	201	107	0	107	
254	107	187	294	402	388	428	576	509	509	495	415	308	214	107	0	
V6
0	140	140	158	176	132	114	202	167	176	202	193	184	158	140	167	
140	0	52	123	193	193	220	325	308	316	325	290	237	184	114	70	
140	52	0	70	140	158	193	299	299	316	343	316	272	228	158	123	
158	123	70	0	70	114	167	272	281	316	360	360	325	281	228	193	
176	193	140	70	0	70	132	220	255	308	369	378	360	334	281	264	
132	193	158	114	70	0	52	158	184	228	299	316	316	290	255	255	
114	220	193	167	132	52	0	105	123	176	246	281	290	281	264	281	
202	325	299	272	220	158	105	0	88	158	246	299	334	352	343	378	
167	308	299	281	255	184	123	88	0	70	158	220	264	281	299	334	
176	316	316	316	308	228	176	158	70	0	88	158	211	246	281	334	
202	325	343	360	369	299	246	246	158	88	0	88	158	211	264	325	
193	290	316	360	378	316	281	299	220	158	88	0	79	140	202	272	
184	237	272	325	360	316	290	334	264	211	158	79	0	61	132	202	
158	184	228	281	334	290	281	352	281	246	211	140	61	0	70	140	
140	114	158	228	281	255	264	343	299	281	264	202	132	70	0	70	
167	70	123	193	264	255	281	378	334	334	325	272	202	140	70	0	
V7
0	140	140	158	176	132	114	202	167	176	202	193	184	158	140	167	
140	0	52	123	193	193	220	325	308	316	325	290	237	184	114	70	
140	52	0	70	140	158	193	299	299	316	343	316	272	228	158	123	
158	123	70	0	70	114	167	272	281	316	360	360	325	281	228	193	
176	193	140	70	0	70	132	220	255	308	369	378	360	334	281	264	
132	193	158	114	70	0	52	158	184	228	299	316	316	290	255	255	
114	220	193	167	132	52	0	105	123	176	246	281	290	281	264	281	
202	325	299	272	220	158	105	0	88	158	246	299	334	352	343	378	
167	308	299	281	255	184	123	88	0	70	158	220	264	281	299	334	
176	316	316	316	308	228	176	158	70	0	88	158	211	246	281	334	
202	325	343	360	369	299	246	246	158	88	0	88	158	211	264	325	
193	290	316	360	378	316	281	299	220	158	88	0	79	140	202	272	
184	237	272	325	360	316	290	334	264	211	158	79	0	61	132	202	
158	184	228	281	334	290	281	352	281	246	211	140	61	0	70	140	
140	114	158	228	281	255	264	343	299	281	264	202	132	70	0	70	
167	70	123	193	264	255	281	378	334	334	325	272	202	140	70	0	
Velocidade_Veiculos
1	1	1	1	1	1	1	1	