M: 2
N: 15
Nun_Veiculos: 9
Capacidade_Total: 597
Demanda_Total: 284
Setup_Min: 1
Setup_Max: 99
Raio: 100
Circulos: 1
Tempo_Processamento_Min: 1
Tempo_Processamento_Max: 49
Demanda_Min: 10
Demanda_Max: 30
Priority_Factor: 0.2
Range_Factor_R: 0.8
U_factor: 2
ALpha: 0.2Replicao: 2
Tempos_Processamentos
0	0	1	0	
0	32	1	23	
0	29	1	9	
0	25	1	11	
0	32	1	29	
0	31	1	10	
0	22	1	46	
0	28	1	38	
0	48	1	13	
0	4	1	31	
0	5	1	16	
0	22	1	1	
0	18	1	29	
0	41	1	11	
0	30	1	7	
0	10	1	48	

Tempos_setup
M0
0	0	0	0	0	0	0	0	0	0	0	0	0	0	0	0	
0	0	53	16	26	42	35	32	34	35	58	30	25	17	21	19	
0	31	0	9	28	32	26	10	12	9	51	28	6	10	14	21	
0	22	37	0	43	40	19	16	18	36	42	23	9	1	5	36	
0	8	46	17	0	17	28	33	32	38	49	32	20	18	22	22	
0	20	43	6	12	0	25	22	24	21	32	16	3	7	11	5	
0	18	18	10	35	23	0	22	4	17	51	4	7	11	11	28	
0	30	65	44	27	44	53	0	39	36	53	31	43	45	37	20	
0	32	32	24	49	37	14	35	0	24	58	17	21	25	24	42	
0	35	35	25	45	40	17	38	3	0	45	20	22	26	27	45	
0	41	41	33	37	46	23	44	27	40	0	27	30	34	34	46	
0	24	44	20	43	49	26	18	14	38	62	0	17	21	7	38	
0	25	40	3	40	43	22	19	21	39	45	22	0	4	8	33	
0	21	36	28	42	41	18	15	22	35	41	22	25	0	4	35	
0	17	37	29	38	42	19	11	23	36	64	23	26	30	0	31	
0	15	51	24	7	24	33	29	19	16	54	11	23	25	18	0	
M1
0	0	0	0	0	0	0	0	0	0	0	0	0	0	0	0	
0	0	28	20	44	39	15	39	12	29	24	24	23	42	21	21	
0	33	0	10	16	16	17	29	15	19	1	27	25	32	11	23	
0	23	21	0	33	20	8	19	5	9	17	17	16	22	1	14	
0	41	26	18	0	37	13	37	10	11	22	22	21	40	19	19	
0	25	12	6	28	0	10	21	7	15	13	19	18	24	3	16	
0	28	26	5	38	24	0	24	10	14	9	22	8	27	6	6	
0	4	24	9	14	27	17	0	14	18	12	20	24	3	10	23	
0	31	16	8	32	27	3	27	0	17	12	12	11	30	9	9	
0	34	21	13	36	33	12	32	9	0	21	17	13	33	14	11	
0	32	27	9	42	15	16	28	14	18	0	26	24	31	10	22	
0	30	4	7	20	20	15	26	12	16	5	0	20	29	8	18	
0	21	22	14	31	29	9	20	6	23	18	18	0	20	2	15	
0	1	21	6	11	24	14	25	11	15	9	17	21	0	7	20	
0	22	20	12	32	31	7	18	4	21	16	16	15	21	0	13	
0	23	24	16	33	31	11	22	8	25	20	20	2	22	4	0	
Tamanho_Tarefas
0	27	14	13	29	16	24	33	30	17	5	2	18	24	18	14	
Data_Entrega
0	293	258	231	235	287	262	281	259	229	220	269	301	239	212	268	
Penalidade_Atraso
0	14	8	19	14	17	14	3	7	19	15	3	15	5	7	18	
Capacidade_Veiculo
70	94	53	63	35	74	95	34	79	
Custo_Fixo_Veiculo
700	940	530	630	350	740	950	340	790	
Coordenadas_Clientes
x	0	y	0
x	123	y	0
x	100	y	44
x	70	y	78
x	34	y	107
x	-8	y	79
x	-62	y	108
x	-93	y	67
x	-83	y	17
x	-102	y	-21
x	-88	y	-64
x	-51	y	-89
x	-12	y	-121
x	26	y	-81
x	66	y	-73
x	103	y	-45
Tempo_Viagem
0	123	109	104	112	79	124	114	84	104	108	102	121	85	98	112	
123	0	49	94	139	152	213	226	206	225	220	195	181	126	92	49	
109	49	0	45	91	113	174	194	184	212	216	201	199	145	121	89	
104	94	45	0	46	78	135	163	164	198	212	206	215	164	151	127	
112	139	91	46	0	50	96	133	147	186	210	213	232	188	182	166	
79	152	113	78	50	0	61	85	97	137	163	173	200	163	169	166	
124	213	174	135	96	61	0	51	93	135	173	197	234	208	221	225	
114	226	194	163	133	85	51	0	50	88	131	160	204	189	211	225	
84	206	184	164	147	97	93	50	0	42	81	110	155	146	174	196	
104	225	212	198	186	137	135	88	42	0	45	85	134	141	175	206	
108	220	216	212	210	163	173	131	81	45	0	44	94	115	154	191	
102	195	201	206	213	173	197	160	110	85	44	0	50	77	117	160	
121	181	199	215	232	200	234	204	155	134	94	50	0	55	91	137	
85	126	145	164	188	163	208	189	146	141	115	77	55	0	40	85	
98	92	121	151	182	169	221	211	174	175	154	117	91	40	0	46	
112	49	89	127	166	166	225	225	196	206	191	160	137	85	46	0	
Custo_Viagem
V0
0	1722	1526	1456	1568	1106	1736	1596	1176	1456	1512	1428	1694	1190	1372	1568	
1722	0	686	1316	1946	2128	2996	3164	2884	3150	3080	2730	2534	1764	1288	686	
1526	686	0	630	1274	1582	2436	2716	2576	2968	3024	2814	2786	2030	1694	1246	
1456	1316	630	0	644	1092	1890	2282	2296	2772	2968	2884	3010	2296	2114	1778	
1568	1946	1274	644	0	700	1344	1862	2058	2604	2940	2982	3248	2632	2548	2324	
1106	2128	1582	1092	700	0	854	1190	1358	1918	2282	2422	2800	2282	2366	2324	
1736	2996	2436	1890	1344	854	0	714	1302	1890	2422	2758	3276	2912	3094	3150	
1596	3164	2716	2282	1862	1190	714	0	700	1232	1834	2254	2856	2646	2954	3150	
1176	2884	2576	2296	2058	1358	1302	700	0	588	1134	1540	2170	2044	2436	2744	
1456	3150	2968	2772	2604	1918	1890	1232	588	0	630	1190	1876	1974	2450	2884	
1512	3080	3024	2968	2940	2282	2422	1834	1134	630	0	616	1330	1610	2156	2674	
1428	2730	2814	2884	2982	2422	2758	2254	1540	1190	616	0	700	1078	1652	2240	
1694	2534	2786	3010	3248	2800	3276	2856	2170	1876	1330	700	0	770	1274	1918	
1190	1764	2030	2296	2632	2282	2912	2646	2044	1974	1610	1078	770	0	560	1190	
1372	1288	1694	2114	2548	2366	3094	2954	2436	2450	2156	1652	1274	560	0	644	
1568	686	1246	1778	2324	2324	3150	3150	2744	2884	2674	2240	1918	1190	644	0	
V1
0	2312	2049	1955	2105	1485	2331	2143	1579	1955	2030	1917	2274	1598	1842	2105	
2312	0	921	1767	2613	2857	4023	4248	3872	4230	4136	3666	3402	2368	1729	921	
2049	921	0	846	1710	2124	3271	3647	3459	3985	4060	3778	3741	2726	2274	1673	
1955	1767	846	0	864	1466	2538	3064	3083	3722	3985	3872	4042	3083	2838	2387	
2105	2613	1710	864	0	940	1804	2500	2763	3496	3948	4004	4361	3534	3421	3120	
1485	2857	2124	1466	940	0	1146	1598	1823	2575	3064	3252	3760	3064	3177	3120	
2331	4023	3271	2538	1804	1146	0	958	1748	2538	3252	3703	4399	3910	4154	4230	
2143	4248	3647	3064	2500	1598	958	0	940	1654	2462	3026	3835	3553	3966	4230	
1579	3872	3459	3083	2763	1823	1748	940	0	789	1522	2068	2914	2744	3271	3684	
1955	4230	3985	3722	3496	2575	2538	1654	789	0	846	1598	2519	2650	3290	3872	
2030	4136	4060	3985	3948	3064	3252	2462	1522	846	0	827	1786	2162	2895	3590	
1917	3666	3778	3872	4004	3252	3703	3026	2068	1598	827	0	940	1447	2218	3008	
2274	3402	3741	4042	4361	3760	4399	3835	2914	2519	1786	940	0	1034	1710	2575	
1598	2368	2726	3083	3534	3064	3910	3553	2744	2650	2162	1447	1034	0	752	1598	
1842	1729	2274	2838	3421	3177	4154	3966	3271	3290	2895	2218	1710	752	0	864	
2105	921	1673	2387	3120	3120	4230	4230	3684	3872	3590	3008	2575	1598	864	0	
V2
0	1303	1155	1102	1187	837	1314	1208	890	1102	1144	1081	1282	901	1038	1187	
1303	0	519	996	1473	1611	2268	2395	2183	2385	2332	2067	1918	1335	975	519	
1155	519	0	477	964	1197	1844	2056	1950	2247	2289	2130	2109	1537	1282	943	
1102	996	477	0	487	826	1431	1727	1738	2098	2247	2183	2279	1738	1600	1346	
1187	1473	964	487	0	530	1017	1409	1558	1971	2226	2257	2459	1992	1929	1759	
837	1611	1197	826	530	0	646	901	1028	1452	1727	1833	2120	1727	1791	1759	
1314	2268	1844	1431	1017	646	0	540	985	1431	1833	2088	2480	2204	2342	2385	
1208	2395	2056	1727	1409	901	540	0	530	932	1388	1706	2162	2003	2236	2385	
890	2183	1950	1738	1558	1028	985	530	0	445	858	1166	1643	1547	1844	2077	
1102	2385	2247	2098	1971	1452	1431	932	445	0	477	901	1420	1494	1855	2183	
1144	2332	2289	2247	2226	1727	1833	1388	858	477	0	466	1007	1219	1632	2024	
1081	2067	2130	2183	2257	1833	2088	1706	1166	901	466	0	530	816	1250	1696	
1282	1918	2109	2279	2459	2120	2480	2162	1643	1420	1007	530	0	583	964	1452	
901	1335	1537	1738	1992	1727	2204	2003	1547	1494	1219	816	583	0	424	901	
1038	975	1282	1600	1929	1791	2342	2236	1844	1855	1632	1250	964	424	0	487	
1187	519	943	1346	1759	1759	2385	2385	2077	2183	2024	1696	1452	901	487	0	
V3
0	1549	1373	1310	1411	995	1562	1436	1058	1310	1360	1285	1524	1071	1234	1411	
1549	0	617	1184	1751	1915	2696	2847	2595	2835	2772	2457	2280	1587	1159	617	
1373	617	0	567	1146	1423	2192	2444	2318	2671	2721	2532	2507	1827	1524	1121	
1310	1184	567	0	579	982	1701	2053	2066	2494	2671	2595	2709	2066	1902	1600	
1411	1751	1146	579	0	630	1209	1675	1852	2343	2646	2683	2923	2368	2293	2091	
995	1915	1423	982	630	0	768	1071	1222	1726	2053	2179	2520	2053	2129	2091	
1562	2696	2192	1701	1209	768	0	642	1171	1701	2179	2482	2948	2620	2784	2835	
1436	2847	2444	2053	1675	1071	642	0	630	1108	1650	2028	2570	2381	2658	2835	
1058	2595	2318	2066	1852	1222	1171	630	0	529	1020	1386	1953	1839	2192	2469	
1310	2835	2671	2494	2343	1726	1701	1108	529	0	567	1071	1688	1776	2205	2595	
1360	2772	2721	2671	2646	2053	2179	1650	1020	567	0	554	1197	1449	1940	2406	
1285	2457	2532	2595	2683	2179	2482	2028	1386	1071	554	0	630	970	1486	2016	
1524	2280	2507	2709	2923	2520	2948	2570	1953	1688	1197	630	0	693	1146	1726	
1071	1587	1827	2066	2368	2053	2620	2381	1839	1776	1449	970	693	0	504	1071	
1234	1159	1524	1902	2293	2129	2784	2658	2192	2205	1940	1486	1146	504	0	579	
1411	617	1121	1600	2091	2091	2835	2835	2469	2595	2406	2016	1726	1071	579	0	
V4
0	861	763	728	784	553	868	798	588	728	756	714	847	595	686	784	
861	0	343	658	973	1064	1498	1582	1442	1575	1540	1365	1267	882	644	343	
763	343	0	315	637	791	1218	1358	1288	1484	1512	1407	1393	1015	847	623	
728	658	315	0	322	546	945	1141	1148	1386	1484	1442	1505	1148	1057	889	
784	973	637	322	0	350	672	931	1029	1302	1470	1491	1624	1316	1274	1162	
553	1064	791	546	350	0	427	595	679	959	1141	1211	1400	1141	1183	1162	
868	1498	1218	945	672	427	0	357	651	945	1211	1379	1638	1456	1547	1575	
798	1582	1358	1141	931	595	357	0	350	616	917	1127	1428	1323	1477	1575	
588	1442	1288	1148	1029	679	651	350	0	294	567	770	1085	1022	1218	1372	
728	1575	1484	1386	1302	959	945	616	294	0	315	595	938	987	1225	1442	
756	1540	1512	1484	1470	1141	1211	917	567	315	0	308	665	805	1078	1337	
714	1365	1407	1442	1491	1211	1379	1127	770	595	308	0	350	539	826	1120	
847	1267	1393	1505	1624	1400	1638	1428	1085	938	665	350	0	385	637	959	
595	882	1015	1148	1316	1141	1456	1323	1022	987	805	539	385	0	280	595	
686	644	847	1057	1274	1183	1547	1477	1218	1225	1078	826	637	280	0	322	
784	343	623	889	1162	1162	1575	1575	1372	1442	1337	1120	959	595	322	0	
V5
0	1820	1613	1539	1657	1169	1835	1687	1243	1539	1598	1509	1790	1258	1450	1657	
1820	0	725	1391	2057	2249	3167	3344	3048	3330	3256	2886	2678	1864	1361	725	
1613	725	0	666	1346	1672	2575	2871	2723	3137	3196	2974	2945	2146	1790	1317	
1539	1391	666	0	680	1154	1998	2412	2427	2930	3137	3048	3182	2427	2234	1879	
1657	2057	1346	680	0	740	1420	1968	2175	2752	3108	3152	3433	2782	2693	2456	
1169	2249	1672	1154	740	0	902	1258	1435	2027	2412	2560	2960	2412	2501	2456	
1835	3167	2575	1998	1420	902	0	754	1376	1998	2560	2915	3463	3078	3270	3330	
1687	3344	2871	2412	1968	1258	754	0	740	1302	1938	2382	3019	2797	3122	3330	
1243	3048	2723	2427	2175	1435	1376	740	0	621	1198	1628	2294	2160	2575	2900	
1539	3330	3137	2930	2752	2027	1998	1302	621	0	666	1258	1983	2086	2590	3048	
1598	3256	3196	3137	3108	2412	2560	1938	1198	666	0	651	1406	1702	2279	2826	
1509	2886	2974	3048	3152	2560	2915	2382	1628	1258	651	0	740	1139	1746	2368	
1790	2678	2945	3182	3433	2960	3463	3019	2294	1983	1406	740	0	814	1346	2027	
1258	1864	2146	2427	2782	2412	3078	2797	2160	2086	1702	1139	814	0	592	1258	
1450	1361	1790	2234	2693	2501	3270	3122	2575	2590	2279	1746	1346	592	0	680	
1657	725	1317	1879	2456	2456	3330	3330	2900	3048	2826	2368	2027	1258	680	0	
V6
0	2337	2071	1976	2128	1501	2356	2166	1596	1976	2052	1938	2299	1615	1862	2128	
2337	0	931	1786	2641	2888	4066	4294	3914	4275	4180	3705	3439	2394	1748	931	
2071	931	0	855	1729	2147	3306	3686	3496	4028	4104	3819	3781	2755	2299	1691	
1976	1786	855	0	874	1482	2565	3097	3116	3762	4028	3914	4085	3116	2869	2413	
2128	2641	1729	874	0	950	1824	2527	2793	3534	3990	4047	4408	3572	3458	3154	
1501	2888	2147	1482	950	0	1159	1615	1843	2603	3097	3287	3800	3097	3211	3154	
2356	4066	3306	2565	1824	1159	0	969	1767	2565	3287	3743	4446	3952	4199	4275	
2166	4294	3686	3097	2527	1615	969	0	950	1672	2489	3059	3876	3591	4009	4275	
1596	3914	3496	3116	2793	1843	1767	950	0	798	1539	2090	2945	2774	3306	3724	
1976	4275	4028	3762	3534	2603	2565	1672	798	0	855	1615	2546	2679	3325	3914	
2052	4180	4104	4028	3990	3097	3287	2489	1539	855	0	836	1805	2185	2926	3629	
1938	3705	3819	3914	4047	3287	3743	3059	2090	1615	836	0	950	1463	2242	3040	
2299	3439	3781	4085	4408	3800	4446	3876	2945	2546	1805	950	0	1045	1729	2603	
1615	2394	2755	3116	3572	3097	3952	3591	2774	2679	2185	1463	1045	0	760	1615	
1862	1748	2299	2869	3458	3211	4199	4009	3306	3325	2926	2242	1729	760	0	874	
2128	931	1691	2413	3154	3154	4275	4275	3724	3914	3629	3040	2603	1615	874	0	
V7
0	836	741	707	761	537	843	775	571	707	734	693	822	578	666	761	
836	0	333	639	945	1033	1455	1536	1400	1530	1496	1326	1230	856	625	333	
741	333	0	306	618	768	1183	1319	1251	1441	1468	1366	1353	986	822	605	
707	639	306	0	312	530	918	1108	1115	1346	1441	1400	1462	1115	1026	863	
761	945	618	312	0	340	652	904	999	1264	1428	1448	1577	1278	1237	1128	
537	1033	768	530	340	0	414	578	659	931	1108	1176	1360	1108	1149	1128	
843	1455	1183	918	652	414	0	346	632	918	1176	1339	1591	1414	1502	1530	
775	1536	1319	1108	904	578	346	0	340	598	890	1094	1387	1285	1434	1530	
571	1400	1251	1115	999	659	632	340	0	285	550	748	1054	992	1183	1332	
707	1530	1441	1346	1264	931	918	598	285	0	306	578	911	958	1190	1400	
734	1496	1468	1441	1428	1108	1176	890	550	306	0	299	646	782	1047	1298	
693	1326	1366	1400	1448	1176	1339	1094	748	578	299	0	340	523	802	1088	
822	1230	1353	1462	1577	1360	1591	1387	1054	911	646	340	0	374	618	931	
578	856	986	1115	1278	1108	1414	1285	992	958	782	523	374	0	272	578	
666	625	822	1026	1237	1149	1502	1434	1183	1190	1047	802	618	272	0	312	
761	333	605	863	1128	1128	1530	1530	1332	1400	1298	1088	931	578	312	0	
V8
0	1943	1722	1643	1769	1248	1959	1801	1327	1643	1706	1611	1911	1343	1548	1769	
1943	0	774	1485	2196	2401	3381	3570	3254	3555	3476	3081	2859	1990	1453	774	
1722	774	0	711	1437	1785	2749	3065	2907	3349	3412	3175	3144	2291	1911	1406	
1643	1485	711	0	726	1232	2133	2575	2591	3128	3349	3254	3397	2591	2385	2006	
1769	2196	1437	726	0	790	1516	2101	2322	2938	3318	3365	3665	2970	2875	2622	
1248	2401	1785	1232	790	0	963	1343	1532	2164	2575	2733	3160	2575	2670	2622	
1959	3381	2749	2133	1516	963	0	805	1469	2133	2733	3112	3697	3286	3491	3555	
1801	3570	3065	2575	2101	1343	805	0	790	1390	2069	2543	3223	2986	3333	3555	
1327	3254	2907	2591	2322	1532	1469	790	0	663	1279	1738	2449	2306	2749	3096	
1643	3555	3349	3128	2938	2164	2133	1390	663	0	711	1343	2117	2227	2765	3254	
1706	3476	3412	3349	3318	2575	2733	2069	1279	711	0	695	1501	1817	2433	3017	
1611	3081	3175	3254	3365	2733	3112	2543	1738	1343	695	0	790	1216	1864	2528	
1911	2859	3144	3397	3665	3160	3697	3223	2449	2117	1501	790	0	869	1437	2164	
1343	1990	2291	2591	2970	2575	3286	2986	2306	2227	1817	1216	869	0	632	1343	
1548	1453	1911	2385	2875	2670	3491	3333	2749	2765	2433	1864	1437	632	0	726	
1769	774	1406	2006	2622	2622	3555	3555	3096	3254	3017	2528	2164	1343	726	0	
Velocidade_Veiculos
1	1	1	1	1	1	1	1	1	