M: 2
N: 15
Nun_Veiculos: 9
Capacidade_Total: 577
Demanda_Total: 288
Setup_Min: 1
Setup_Max: 99
Raio: 20
Circulos: 1
Tempo_Processamento_Min: 1
Tempo_Processamento_Max: 49
Demanda_Min: 10
Demanda_Max: 30
Priority_Factor: 0.2
Range_Factor_R: 0.8
U_factor: 2
ALpha: 0.2Replicao: 3
Tempos_Processamentos
0	0	1	0	
0	36	1	33	
0	28	1	12	
0	23	1	22	
0	2	1	44	
0	3	1	27	
0	9	1	4	
0	34	1	1	
0	6	1	49	
0	39	1	32	
0	42	1	21	
0	27	1	12	
0	10	1	24	
0	45	1	30	
0	9	1	33	
0	15	1	18	

Tempos_setup
M0
0	0	0	0	0	0	0	0	0	0	0	0	0	0	0	0	
0	0	35	27	19	27	39	37	23	29	38	24	37	16	42	55	
0	31	0	27	25	20	25	32	26	32	41	22	29	24	9	20	
0	50	40	0	38	55	12	43	32	35	47	29	56	44	47	60	
0	13	36	17	0	17	29	40	26	32	41	25	18	6	45	56	
0	48	42	51	40	0	27	55	47	50	52	31	25	41	51	62	
0	38	34	51	43	49	0	31	20	23	35	46	59	40	39	52	
0	16	26	20	12	18	30	0	11	17	26	15	30	9	17	43	
0	18	17	34	26	32	28	14	0	6	15	29	39	23	19	32	
0	22	11	28	20	26	35	8	19	0	13	23	38	17	20	30	
0	28	10	19	24	27	22	37	23	29	0	32	39	21	19	17	
0	40	11	29	36	31	15	24	35	38	50	0	32	33	20	31	
0	23	18	27	19	27	22	31	36	42	51	7	0	16	27	38	
0	7	37	11	3	11	23	34	20	26	35	28	21	0	39	52	
0	29	38	33	16	33	36	44	30	36	45	27	20	22	0	31	
0	11	23	15	7	15	5	20	6	12	21	16	25	4	25	0	
M1
0	0	0	0	0	0	0	0	0	0	0	0	0	0	0	0	
0	0	18	24	26	30	9	21	4	13	42	27	16	15	22	5	
0	14	0	25	18	34	13	12	8	17	46	10	17	19	25	8	
0	16	26	0	37	46	25	37	20	20	51	36	32	31	38	21	
0	19	27	15	0	39	18	21	13	14	48	36	25	24	33	19	
0	28	28	23	29	0	28	20	23	18	12	38	15	14	25	29	
0	1	19	16	22	31	0	22	5	14	43	18	8	7	15	1	
0	13	24	13	9	29	22	0	17	23	41	34	5	10	35	18	
0	6	14	20	26	26	5	17	0	9	38	23	12	11	20	6	
0	33	33	28	42	44	40	37	35	0	34	43	20	19	34	38	
0	16	16	11	29	19	23	20	18	27	0	26	3	2	38	21	
0	6	7	15	25	36	15	19	10	19	48	0	22	21	28	11	
0	19	19	8	26	24	20	17	15	24	36	29	0	5	35	20	
0	14	14	9	27	25	21	18	16	25	36	24	1	0	36	19	
0	14	32	29	35	44	13	35	18	27	28	31	21	20	0	14	
0	31	33	32	21	51	30	42	34	32	45	26	27	26	17	0	
Tamanho_Tarefas
0	34	14	22	23	7	4	4	27	33	24	19	11	33	17	16	
Data_Entrega
0	198	181	154	194	107	143	181	139	186	105	180	85	98	166	188	
Penalidade_Atraso
0	6	14	17	6	11	1	16	1	19	13	4	7	7	9	4	
Capacidade_Veiculo
66	47	50	88	71	66	69	59	61	
Custo_Fixo_Veiculo
660	470	500	880	710	660	690	590	610	
Coordenadas_Clientes
x	0	y	0
x	21	y	0
x	18	y	8
x	11	y	12
x	5	y	18
x	-1	y	18
x	-9	y	16
x	-14	y	10
x	-22	y	4
x	-14	y	-3
x	-17	y	-12
x	-8	y	-15
x	-2	y	-22
x	6	y	-21
x	10	y	-11
x	14	y	-6
Tempo_Viagem
0	21	19	16	18	18	18	17	22	14	20	17	22	21	14	15	
21	0	8	15	23	28	34	36	43	35	39	32	31	25	15	9	
19	8	0	8	16	21	28	32	40	33	39	34	36	30	20	14	
16	15	8	0	8	13	20	25	33	29	36	33	36	33	23	18	
18	23	16	8	0	6	14	20	30	28	37	35	40	39	29	25	
18	28	21	13	6	0	8	15	25	24	33	33	40	39	31	28	
18	34	28	20	14	8	0	7	17	19	28	31	38	39	32	31	
17	36	32	25	20	15	7	0	10	13	22	25	34	36	31	32	
22	43	40	33	30	25	17	10	0	10	16	23	32	36	35	37	
14	35	33	29	28	24	19	13	10	0	9	13	22	26	25	28	
20	39	39	36	37	33	28	22	16	9	0	9	18	24	27	31	
17	32	34	33	35	33	31	25	23	13	9	0	9	15	18	23	
22	31	36	36	40	40	38	34	32	22	18	9	0	8	16	22	
21	25	30	33	39	39	39	36	36	26	24	15	8	0	10	16	
14	15	20	23	29	31	32	31	35	25	27	18	16	10	0	6	
15	9	14	18	25	28	31	32	37	28	31	23	22	16	6	0	
Custo_Viagem
V0
0	277	250	211	237	237	237	224	290	184	264	224	290	277	184	198	
277	0	105	198	316	369	448	475	567	462	514	422	409	330	198	118	
250	105	0	105	211	277	369	422	528	435	528	448	475	409	264	184	
211	198	105	0	105	171	264	330	435	382	475	435	475	435	303	237	
237	316	211	105	0	79	184	264	396	369	488	462	528	514	382	330	
237	369	277	171	79	0	105	198	330	316	448	435	528	514	409	369	
237	448	369	264	184	105	0	92	224	250	382	409	501	514	435	409	
224	475	422	330	264	198	92	0	132	171	290	330	448	475	409	422	
290	567	528	435	396	330	224	132	0	132	211	303	422	488	462	488	
184	462	435	382	369	316	250	171	132	0	118	171	290	343	330	369	
264	514	528	475	488	448	382	290	211	118	0	118	237	316	356	409	
224	422	448	435	462	435	409	330	303	171	118	0	118	198	237	303	
290	409	475	475	528	528	501	448	422	290	237	118	0	105	211	290	
277	330	409	435	514	514	514	475	488	343	316	198	105	0	132	224	
184	198	264	303	382	409	435	409	462	330	356	237	211	132	0	79	
198	118	184	237	330	369	409	422	488	369	409	303	290	224	79	0	
V1
0	197	178	150	169	169	169	159	206	131	188	159	206	197	131	141	
197	0	75	141	225	263	319	338	404	329	366	300	291	235	141	84	
178	75	0	75	150	197	263	300	376	310	376	319	338	291	188	131	
150	141	75	0	75	122	188	235	310	272	338	310	338	310	216	169	
169	225	150	75	0	56	131	188	282	263	347	329	376	366	272	235	
169	263	197	122	56	0	75	141	235	225	319	310	376	366	291	263	
169	319	263	188	131	75	0	65	159	178	272	291	357	366	310	291	
159	338	300	235	188	141	65	0	94	122	206	235	319	338	291	300	
206	404	376	310	282	235	159	94	0	94	150	216	300	347	329	347	
131	329	310	272	263	225	178	122	94	0	84	122	206	244	235	263	
188	366	376	338	347	319	272	206	150	84	0	84	169	225	253	291	
159	300	319	310	329	310	291	235	216	122	84	0	84	141	169	216	
206	291	338	338	376	376	357	319	300	206	169	84	0	75	150	206	
197	235	291	310	366	366	366	338	347	244	225	141	75	0	94	159	
131	141	188	216	272	291	310	291	329	235	253	169	150	94	0	56	
141	84	131	169	235	263	291	300	347	263	291	216	206	159	56	0	
V2
0	210	190	160	180	180	180	170	220	140	200	170	220	210	140	150	
210	0	80	150	240	280	340	360	430	350	390	320	310	250	150	90	
190	80	0	80	160	210	280	320	400	330	400	340	360	310	200	140	
160	150	80	0	80	130	200	250	330	290	360	330	360	330	230	180	
180	240	160	80	0	60	140	200	300	280	370	350	400	390	290	250	
180	280	210	130	60	0	80	150	250	240	340	330	400	390	310	280	
180	340	280	200	140	80	0	70	170	190	290	310	380	390	330	310	
170	360	320	250	200	150	70	0	100	130	220	250	340	360	310	320	
220	430	400	330	300	250	170	100	0	100	160	230	320	370	350	370	
140	350	330	290	280	240	190	130	100	0	90	130	220	260	250	280	
200	390	400	360	370	340	290	220	160	90	0	90	180	240	270	310	
170	320	340	330	350	330	310	250	230	130	90	0	90	150	180	230	
220	310	360	360	400	400	380	340	320	220	180	90	0	80	160	220	
210	250	310	330	390	390	390	360	370	260	240	150	80	0	100	170	
140	150	200	230	290	310	330	310	350	250	270	180	160	100	0	60	
150	90	140	180	250	280	310	320	370	280	310	230	220	170	60	0	
V3
0	369	334	281	316	316	316	299	387	246	352	299	387	369	246	264	
369	0	140	264	422	492	598	633	756	616	686	563	545	440	264	158	
334	140	0	140	281	369	492	563	704	580	704	598	633	545	352	246	
281	264	140	0	140	228	352	440	580	510	633	580	633	580	404	316	
316	422	281	140	0	105	246	352	528	492	651	616	704	686	510	440	
316	492	369	228	105	0	140	264	440	422	598	580	704	686	545	492	
316	598	492	352	246	140	0	123	299	334	510	545	668	686	580	545	
299	633	563	440	352	264	123	0	176	228	387	440	598	633	545	563	
387	756	704	580	528	440	299	176	0	176	281	404	563	651	616	651	
246	616	580	510	492	422	334	228	176	0	158	228	387	457	440	492	
352	686	704	633	651	598	510	387	281	158	0	158	316	422	475	545	
299	563	598	580	616	580	545	440	404	228	158	0	158	264	316	404	
387	545	633	633	704	704	668	598	563	387	316	158	0	140	281	387	
369	440	545	580	686	686	686	633	651	457	422	264	140	0	176	299	
246	264	352	404	510	545	580	545	616	440	475	316	281	176	0	105	
264	158	246	316	440	492	545	563	651	492	545	404	387	299	105	0	
V4
0	298	269	227	255	255	255	241	312	198	284	241	312	298	198	213	
298	0	113	213	340	397	482	511	610	497	553	454	440	355	213	127	
269	113	0	113	227	298	397	454	568	468	568	482	511	440	284	198	
227	213	113	0	113	184	284	355	468	411	511	468	511	468	326	255	
255	340	227	113	0	85	198	284	426	397	525	497	568	553	411	355	
255	397	298	184	85	0	113	213	355	340	482	468	568	553	440	397	
255	482	397	284	198	113	0	99	241	269	411	440	539	553	468	440	
241	511	454	355	284	213	99	0	142	184	312	355	482	511	440	454	
312	610	568	468	426	355	241	142	0	142	227	326	454	525	497	525	
198	497	468	411	397	340	269	184	142	0	127	184	312	369	355	397	
284	553	568	511	525	482	411	312	227	127	0	127	255	340	383	440	
241	454	482	468	497	468	440	355	326	184	127	0	127	213	255	326	
312	440	511	511	568	568	539	482	454	312	255	127	0	113	227	312	
298	355	440	468	553	553	553	511	525	369	340	213	113	0	142	241	
198	213	284	326	411	440	468	440	497	355	383	255	227	142	0	85	
213	127	198	255	355	397	440	454	525	397	440	326	312	241	85	0	
V5
0	277	250	211	237	237	237	224	290	184	264	224	290	277	184	198	
277	0	105	198	316	369	448	475	567	462	514	422	409	330	198	118	
250	105	0	105	211	277	369	422	528	435	528	448	475	409	264	184	
211	198	105	0	105	171	264	330	435	382	475	435	475	435	303	237	
237	316	211	105	0	79	184	264	396	369	488	462	528	514	382	330	
237	369	277	171	79	0	105	198	330	316	448	435	528	514	409	369	
237	448	369	264	184	105	0	92	224	250	382	409	501	514	435	409	
224	475	422	330	264	198	92	0	132	171	290	330	448	475	409	422	
290	567	528	435	396	330	224	132	0	132	211	303	422	488	462	488	
184	462	435	382	369	316	250	171	132	0	118	171	290	343	330	369	
264	514	528	475	488	448	382	290	211	118	0	118	237	316	356	409	
224	422	448	435	462	435	409	330	303	171	118	0	118	198	237	303	
290	409	475	475	528	528	501	448	422	290	237	118	0	105	211	290	
277	330	409	435	514	514	514	475	488	343	316	198	105	0	132	224	
184	198	264	303	382	409	435	409	462	330	356	237	211	132	0	79	
198	118	184	237	330	369	409	422	488	369	409	303	290	224	79	0	
V6
0	289	262	220	248	248	248	234	303	193	276	234	303	289	193	207	
289	0	110	207	331	386	469	496	593	483	538	441	427	345	207	124	
262	110	0	110	220	289	386	441	552	455	552	469	496	427	276	193	
220	207	110	0	110	179	276	345	455	400	496	455	496	455	317	248	
248	331	220	110	0	82	193	276	414	386	510	483	552	538	400	345	
248	386	289	179	82	0	110	207	345	331	469	455	552	538	427	386	
248	469	386	276	193	110	0	96	234	262	400	427	524	538	455	427	
234	496	441	345	276	207	96	0	138	179	303	345	469	496	427	441	
303	593	552	455	414	345	234	138	0	138	220	317	441	510	483	510	
193	483	455	400	386	331	262	179	138	0	124	179	303	358	345	386	
276	538	552	496	510	469	400	303	220	124	0	124	248	331	372	427	
234	441	469	455	483	455	427	345	317	179	124	0	124	207	248	317	
303	427	496	496	552	552	524	469	441	303	248	124	0	110	220	303	
289	345	427	455	538	538	538	496	510	358	331	207	110	0	138	234	
193	207	276	317	400	427	455	427	483	345	372	248	220	138	0	82	
207	124	193	248	345	386	427	441	510	386	427	317	303	234	82	0	
V7
0	247	224	188	212	212	212	200	259	165	236	200	259	247	165	177	
247	0	94	177	283	330	401	424	507	413	460	377	365	295	177	106	
224	94	0	94	188	247	330	377	472	389	472	401	424	365	236	165	
188	177	94	0	94	153	236	295	389	342	424	389	424	389	271	212	
212	283	188	94	0	70	165	236	354	330	436	413	472	460	342	295	
212	330	247	153	70	0	94	177	295	283	401	389	472	460	365	330	
212	401	330	236	165	94	0	82	200	224	342	365	448	460	389	365	
200	424	377	295	236	177	82	0	118	153	259	295	401	424	365	377	
259	507	472	389	354	295	200	118	0	118	188	271	377	436	413	436	
165	413	389	342	330	283	224	153	118	0	106	153	259	306	295	330	
236	460	472	424	436	401	342	259	188	106	0	106	212	283	318	365	
200	377	401	389	413	389	365	295	271	153	106	0	106	177	212	271	
259	365	424	424	472	472	448	401	377	259	212	106	0	94	188	259	
247	295	365	389	460	460	460	424	436	306	283	177	94	0	118	200	
165	177	236	271	342	365	389	365	413	295	318	212	188	118	0	70	
177	106	165	212	295	330	365	377	436	330	365	271	259	200	70	0	
V8
0	256	231	195	219	219	219	207	268	170	244	207	268	256	170	183	
256	0	97	183	292	341	414	439	524	427	475	390	378	305	183	109	
231	97	0	97	195	256	341	390	488	402	488	414	439	378	244	170	
195	183	97	0	97	158	244	305	402	353	439	402	439	402	280	219	
219	292	195	97	0	73	170	244	366	341	451	427	488	475	353	305	
219	341	256	158	73	0	97	183	305	292	414	402	488	475	378	341	
219	414	341	244	170	97	0	85	207	231	353	378	463	475	402	378	
207	439	390	305	244	183	85	0	122	158	268	305	414	439	378	390	
268	524	488	402	366	305	207	122	0	122	195	280	390	451	427	451	
170	427	402	353	341	292	231	158	122	0	109	158	268	317	305	341	
244	475	488	439	451	414	353	268	195	109	0	109	219	292	329	378	
207	390	414	402	427	402	378	305	280	158	109	0	109	183	219	280	
268	378	439	439	488	488	463	414	390	268	219	109	0	97	195	268	
256	305	378	402	475	475	475	439	451	317	292	183	97	0	122	207	
170	183	244	280	353	378	402	378	427	305	329	219	195	122	0	73	
183	109	170	219	305	341	378	390	451	341	378	280	268	207	73	0	
Velocidade_Veiculos
1	1	1	1	1	1	1	1	1	