M: 2
N: 15
Nun_Veiculos: 6
Capacidade_Total: 504
Demanda_Total: 295
Setup_Min: 1
Setup_Max: 9
Raio: 100
Circulos: 1
Tempo_Processamento_Min: 1
Tempo_Processamento_Max: 49
Demanda_Min: 10
Demanda_Max: 30
Priority_Factor: 0.2
Range_Factor_R: 0.8
U_factor: 2
ALpha: 0.2Replicao: 2
Tempos_Processamentos
0	0	1	0	
0	30	1	17	
0	38	1	11	
0	5	1	15	
0	38	1	35	
0	35	1	19	
0	31	1	33	
0	38	1	19	
0	28	1	7	
0	7	1	11	
0	45	1	48	
0	23	1	25	
0	21	1	1	
0	7	1	19	
0	16	1	30	
0	30	1	10	

Tempos_setup
M0
0	0	0	0	0	0	0	0	0	0	0	0	0	0	0	0	
0	0	5	3	5	4	4	4	4	4	3	4	4	3	4	2	
0	3	0	4	5	2	6	4	3	5	4	5	3	3	4	3	
0	4	2	0	2	1	3	2	2	1	2	1	4	2	2	2	
0	4	1	2	0	3	4	2	2	3	3	1	4	1	2	3	
0	3	4	2	3	0	4	2	1	3	2	3	3	1	2	1	
0	4	4	3	4	3	0	4	1	3	3	3	3	4	2	3	
0	2	4	5	3	4	2	0	3	4	3	2	4	4	4	2	
0	5	3	2	3	3	5	3	0	2	3	2	3	3	1	2	
0	3	1	4	4	2	3	1	3	0	4	3	4	3	4	3	
0	4	2	3	4	2	4	2	1	1	0	3	4	2	2	3	
0	5	2	3	1	4	5	3	3	2	2	0	3	2	2	3	
0	3	4	3	4	4	5	3	1	3	4	3	0	2	2	3	
0	3	3	1	2	2	3	1	3	2	3	2	3	0	1	2	
0	5	4	5	5	3	5	4	3	3	2	5	3	4	0	1	
0	4	3	4	4	2	5	3	2	2	1	4	2	3	3	0	
M1
0	0	0	0	0	0	0	0	0	0	0	0	0	0	0	0	
0	0	3	4	2	2	1	1	2	1	3	2	2	1	1	2	
0	2	0	2	3	1	3	3	1	2	2	2	2	3	3	3	
0	1	4	0	3	3	2	2	3	2	4	3	3	2	2	3	
0	3	2	4	0	2	1	2	2	4	3	1	2	3	4	5	
0	2	3	5	3	0	3	3	2	2	1	3	3	3	2	3	
0	3	2	4	2	1	0	2	2	3	2	1	1	3	3	4	
0	5	3	5	4	3	2	0	4	4	3	3	3	1	3	5	
0	2	1	3	2	2	2	3	0	3	3	3	1	3	3	4	
0	2	3	5	2	2	3	3	2	0	3	3	2	3	2	1	
0	3	2	4	3	1	3	4	1	1	0	4	2	4	3	2	
0	3	1	3	2	2	2	1	1	3	3	0	2	2	4	4	
0	2	3	5	1	2	2	3	2	3	3	2	0	2	3	4	
0	5	4	5	3	3	2	4	3	3	2	3	3	0	2	4	
0	3	2	3	1	3	2	2	1	4	4	1	2	3	0	2	
0	2	2	4	2	1	3	2	1	3	2	3	1	3	3	0	
Tamanho_Tarefas
0	20	17	6	35	26	32	22	14	7	45	24	6	8	17	16	
Data_Entrega
0	275	219	214	217	261	284	301	232	269	203	209	290	288	260	249	
Penalidade_Atraso
0	15	18	18	16	12	3	5	10	16	2	2	3	8	1	7	
Capacidade_Veiculo
102	64	75	114	73	76	
Custo_Fixo_Veiculo
1020	640	750	1140	730	760	
Coordenadas_Clientes
x	0	y	0
x	123	y	0
x	79	y	35
x	50	y	55
x	29	y	89
x	-9	y	92
x	-43	y	75
x	-99	y	72
x	-102	y	21
x	-101	y	-21
x	-66	y	-48
x	-37	y	-64
x	-9	y	-88
x	36	y	-113
x	52	y	-57
x	89	y	-39
Tempo_Viagem
0	123	86	74	93	92	86	122	104	103	81	73	88	118	77	97	
123	0	56	91	129	160	182	233	225	224	195	172	158	142	91	51	
86	56	0	35	73	104	128	181	181	188	167	152	151	153	95	74	
74	91	35	0	39	69	95	149	155	169	155	147	154	168	112	101	
93	129	73	39	0	38	73	129	147	170	166	166	181	202	147	140	
92	160	104	69	38	0	38	92	117	145	151	158	180	209	161	163	
86	182	128	95	73	38	0	56	79	112	125	139	166	203	162	174	
122	233	181	149	129	92	56	0	51	93	124	149	183	229	198	218	
104	225	181	155	147	117	79	51	0	42	77	107	143	192	172	200	
103	224	188	169	170	145	112	93	42	0	44	77	113	164	157	190	
81	195	167	155	166	151	125	124	77	44	0	33	69	120	118	155	
73	172	152	147	166	158	139	149	107	77	33	0	36	87	89	128	
88	158	151	154	181	180	166	183	143	113	69	36	0	51	68	109	
118	142	153	168	202	209	203	229	192	164	120	87	51	0	58	91	
77	91	95	112	147	161	162	198	172	157	118	89	68	58	0	41	
97	51	74	101	140	163	174	218	200	190	155	128	109	91	41	0	
Custo_Viagem
V0
0	2509	1754	1509	1897	1876	1754	2488	2121	2101	1652	1489	1795	2407	1570	1978	
2509	0	1142	1856	2631	3264	3712	4753	4590	4569	3978	3508	3223	2896	1856	1040	
1754	1142	0	714	1489	2121	2611	3692	3692	3835	3406	3100	3080	3141	1938	1509	
1509	1856	714	0	795	1407	1938	3039	3162	3447	3162	2998	3141	3427	2284	2060	
1897	2631	1489	795	0	775	1489	2631	2998	3468	3386	3386	3692	4120	2998	2876	
1876	3264	2121	1407	775	0	775	1876	2386	2958	3080	3223	3672	4263	3284	3325	
1754	3712	2611	1938	1489	775	0	1142	1611	2284	2550	2835	3386	4141	3304	3549	
2488	4753	3692	3039	2631	1876	1142	0	1040	1897	2529	3039	3733	4671	4039	4447	
2121	4590	3692	3162	2998	2386	1611	1040	0	856	1570	2182	2917	3916	3508	4080	
2101	4569	3835	3447	3468	2958	2284	1897	856	0	897	1570	2305	3366	3202	3876	
1652	3978	3406	3162	3386	3080	2550	2529	1570	897	0	673	1407	2448	2407	3162	
1489	3508	3100	2998	3386	3223	2835	3039	2182	1570	673	0	734	1774	1815	2611	
1795	3223	3080	3141	3692	3672	3386	3733	2917	2305	1407	734	0	1040	1387	2223	
2407	2896	3141	3427	4120	4263	4141	4671	3916	3366	2448	1774	1040	0	1183	1856	
1570	1856	1938	2284	2998	3284	3304	4039	3508	3202	2407	1815	1387	1183	0	836	
1978	1040	1509	2060	2876	3325	3549	4447	4080	3876	3162	2611	2223	1856	836	0	
V1
0	1574	1100	947	1190	1177	1100	1561	1331	1318	1036	934	1126	1510	985	1241	
1574	0	716	1164	1651	2048	2329	2982	2880	2867	2496	2201	2022	1817	1164	652	
1100	716	0	448	934	1331	1638	2316	2316	2406	2137	1945	1932	1971	1216	947	
947	1164	448	0	499	883	1216	1907	1984	2163	1984	1881	1971	2150	1433	1292	
1190	1651	934	499	0	486	934	1651	1881	2176	2124	2124	2316	2585	1881	1804	
1177	2048	1331	883	486	0	486	1177	1497	1856	1932	2022	2304	2675	2060	2086	
1100	2329	1638	1216	934	486	0	716	1011	1433	1600	1779	2124	2598	2073	2227	
1561	2982	2316	1907	1651	1177	716	0	652	1190	1587	1907	2342	2931	2534	2790	
1331	2880	2316	1984	1881	1497	1011	652	0	537	985	1369	1830	2457	2201	2560	
1318	2867	2406	2163	2176	1856	1433	1190	537	0	563	985	1446	2112	2009	2432	
1036	2496	2137	1984	2124	1932	1600	1587	985	563	0	422	883	1536	1510	1984	
934	2201	1945	1881	2124	2022	1779	1907	1369	985	422	0	460	1113	1139	1638	
1126	2022	1932	1971	2316	2304	2124	2342	1830	1446	883	460	0	652	870	1395	
1510	1817	1971	2150	2585	2675	2598	2931	2457	2112	1536	1113	652	0	742	1164	
985	1164	1216	1433	1881	2060	2073	2534	2201	2009	1510	1139	870	742	0	524	
1241	652	947	1292	1804	2086	2227	2790	2560	2432	1984	1638	1395	1164	524	0	
V2
0	1845	1290	1110	1395	1380	1290	1830	1560	1545	1215	1095	1320	1770	1155	1455	
1845	0	840	1365	1935	2400	2730	3495	3375	3360	2925	2580	2370	2130	1365	765	
1290	840	0	525	1095	1560	1920	2715	2715	2820	2505	2280	2265	2310	1425	1110	
1110	1365	525	0	585	1035	1425	2235	2325	2535	2325	2205	2310	2520	1680	1515	
1395	1935	1095	585	0	570	1095	1935	2205	2550	2490	2490	2715	3030	2205	2115	
1380	2400	1560	1035	570	0	570	1380	1755	2175	2265	2370	2700	3135	2415	2445	
1290	2730	1920	1425	1095	570	0	840	1185	1680	1875	2085	2490	3045	2430	2610	
1830	3495	2715	2235	1935	1380	840	0	765	1395	1860	2235	2745	3435	2970	3270	
1560	3375	2715	2325	2205	1755	1185	765	0	630	1155	1605	2145	2880	2580	3000	
1545	3360	2820	2535	2550	2175	1680	1395	630	0	660	1155	1695	2475	2355	2850	
1215	2925	2505	2325	2490	2265	1875	1860	1155	660	0	495	1035	1800	1770	2325	
1095	2580	2280	2205	2490	2370	2085	2235	1605	1155	495	0	540	1305	1335	1920	
1320	2370	2265	2310	2715	2700	2490	2745	2145	1695	1035	540	0	765	1020	1635	
1770	2130	2310	2520	3030	3135	3045	3435	2880	2475	1800	1305	765	0	870	1365	
1155	1365	1425	1680	2205	2415	2430	2970	2580	2355	1770	1335	1020	870	0	615	
1455	765	1110	1515	2115	2445	2610	3270	3000	2850	2325	1920	1635	1365	615	0	
V3
0	2804	1960	1687	2120	2097	1960	2781	2371	2348	1846	1664	2006	2690	1755	2211	
2804	0	1276	2074	2941	3648	4149	5312	5130	5107	4446	3921	3602	3237	2074	1162	
1960	1276	0	798	1664	2371	2918	4126	4126	4286	3807	3465	3442	3511	2166	1687	
1687	2074	798	0	889	1573	2166	3397	3534	3853	3534	3351	3511	3830	2553	2302	
2120	2941	1664	889	0	866	1664	2941	3351	3876	3784	3784	4126	4605	3351	3214	
2097	3648	2371	1573	866	0	866	2097	2667	3306	3442	3602	4104	4765	3670	3716	
1960	4149	2918	2166	1664	866	0	1276	1801	2553	2850	3169	3784	4628	3693	3967	
2781	5312	4126	3397	2941	2097	1276	0	1162	2120	2827	3397	4172	5221	4514	4970	
2371	5130	4126	3534	3351	2667	1801	1162	0	957	1755	2439	3260	4377	3921	4560	
2348	5107	4286	3853	3876	3306	2553	2120	957	0	1003	1755	2576	3762	3579	4332	
1846	4446	3807	3534	3784	3442	2850	2827	1755	1003	0	752	1573	2736	2690	3534	
1664	3921	3465	3351	3784	3602	3169	3397	2439	1755	752	0	820	1983	2029	2918	
2006	3602	3442	3511	4126	4104	3784	4172	3260	2576	1573	820	0	1162	1550	2485	
2690	3237	3511	3830	4605	4765	4628	5221	4377	3762	2736	1983	1162	0	1322	2074	
1755	2074	2166	2553	3351	3670	3693	4514	3921	3579	2690	2029	1550	1322	0	934	
2211	1162	1687	2302	3214	3716	3967	4970	4560	4332	3534	2918	2485	2074	934	0	
V4
0	1795	1255	1080	1357	1343	1255	1781	1518	1503	1182	1065	1284	1722	1124	1416	
1795	0	817	1328	1883	2336	2657	3401	3285	3270	2847	2511	2306	2073	1328	744	
1255	817	0	511	1065	1518	1868	2642	2642	2744	2438	2219	2204	2248	1387	1080	
1080	1328	511	0	569	1007	1387	2175	2263	2467	2263	2146	2248	2452	1635	1474	
1357	1883	1065	569	0	554	1065	1883	2146	2482	2423	2423	2642	2949	2146	2058	
1343	2336	1518	1007	554	0	554	1343	1708	2117	2204	2306	2628	3051	2350	2379	
1255	2657	1868	1387	1065	554	0	817	1153	1635	1825	2029	2423	2963	2365	2540	
1781	3401	2642	2175	1883	1343	817	0	744	1357	1810	2175	2671	3343	2890	3182	
1518	3285	2642	2263	2146	1708	1153	744	0	613	1124	1562	2087	2803	2511	2920	
1503	3270	2744	2467	2482	2117	1635	1357	613	0	642	1124	1649	2409	2292	2774	
1182	2847	2438	2263	2423	2204	1825	1810	1124	642	0	481	1007	1752	1722	2263	
1065	2511	2219	2146	2423	2306	2029	2175	1562	1124	481	0	525	1270	1299	1868	
1284	2306	2204	2248	2642	2628	2423	2671	2087	1649	1007	525	0	744	992	1591	
1722	2073	2248	2452	2949	3051	2963	3343	2803	2409	1752	1270	744	0	846	1328	
1124	1328	1387	1635	2146	2350	2365	2890	2511	2292	1722	1299	992	846	0	598	
1416	744	1080	1474	2058	2379	2540	3182	2920	2774	2263	1868	1591	1328	598	0	
V5
0	1869	1307	1124	1413	1398	1307	1854	1580	1565	1231	1109	1337	1793	1170	1474	
1869	0	851	1383	1960	2432	2766	3541	3420	3404	2964	2614	2401	2158	1383	775	
1307	851	0	532	1109	1580	1945	2751	2751	2857	2538	2310	2295	2340	1444	1124	
1124	1383	532	0	592	1048	1444	2264	2356	2568	2356	2234	2340	2553	1702	1535	
1413	1960	1109	592	0	577	1109	1960	2234	2584	2523	2523	2751	3070	2234	2143	
1398	2432	1580	1048	577	0	577	1398	1778	2204	2295	2401	2736	3176	2447	2477	
1307	2766	1945	1444	1109	577	0	851	1200	1702	1900	2112	2523	3085	2462	2644	
1854	3541	2751	2264	1960	1398	851	0	775	1413	1884	2264	2781	3480	3009	3313	
1580	3420	2751	2356	2234	1778	1200	775	0	638	1170	1626	2173	2918	2614	3040	
1565	3404	2857	2568	2584	2204	1702	1413	638	0	668	1170	1717	2508	2386	2888	
1231	2964	2538	2356	2523	2295	1900	1884	1170	668	0	501	1048	1824	1793	2356	
1109	2614	2310	2234	2523	2401	2112	2264	1626	1170	501	0	547	1322	1352	1945	
1337	2401	2295	2340	2751	2736	2523	2781	2173	1717	1048	547	0	775	1033	1656	
1793	2158	2340	2553	3070	3176	3085	3480	2918	2508	1824	1322	775	0	881	1383	
1170	1383	1444	1702	2234	2447	2462	3009	2614	2386	1793	1352	1033	881	0	623	
1474	775	1124	1535	2143	2477	2644	3313	3040	2888	2356	1945	1656	1383	623	0	
Velocidade_Veiculos
1	1	1	1	1	1	