M: 2
N: 15
Nun_Veiculos: 8
Capacidade_Total: 655
Demanda_Total: 325
Setup_Min: 1
Setup_Max: 99
Raio: 20
Circulos: 1
Tempo_Processamento_Min: 1
Tempo_Processamento_Max: 49
Demanda_Min: 10
Demanda_Max: 30
Priority_Factor: 0.2
Range_Factor_R: 0.8
U_factor: 2
ALpha: 0.2Replicao: 1
Tempos_Processamentos
0	0	1	0	
0	5	1	5	
0	38	1	3	
0	19	1	38	
0	48	1	21	
0	46	1	36	
0	16	1	37	
0	20	1	38	
0	35	1	27	
0	20	1	35	
0	13	1	28	
0	13	1	49	
0	11	1	7	
0	14	1	27	
0	45	1	43	
0	38	1	1	

Tempos_setup
M0
0	0	0	0	0	0	0	0	0	0	0	0	0	0	0	0	
0	0	11	3	15	32	15	23	10	17	1	7	9	17	13	18	
0	16	0	14	17	42	4	26	13	14	11	7	5	6	2	11	
0	17	8	0	19	35	12	26	14	14	18	15	13	14	10	15	
0	15	22	15	0	45	5	25	12	7	3	8	10	28	24	4	
0	14	19	11	22	0	1	30	17	25	15	21	23	25	21	26	
0	13	18	10	21	45	0	29	16	24	14	20	22	24	20	25	
0	17	22	14	17	32	4	0	17	6	11	7	9	28	24	3	
0	3	14	6	5	35	10	13	0	12	4	10	12	20	16	9	
0	15	20	12	15	38	2	28	15	0	9	5	7	26	22	1	
0	12	23	15	14	44	16	22	9	21	0	6	8	27	23	18	
0	13	24	16	10	42	10	23	10	17	4	0	2	21	17	14	
0	11	22	14	13	40	8	21	8	20	12	18	0	28	24	17	
0	23	32	24	16	36	16	26	20	23	11	17	19	0	34	20	
0	15	20	12	15	40	2	28	15	12	9	5	7	4	0	9	
0	14	19	11	14	41	1	27	14	3	8	4	6	25	21	0	
M1
0	0	0	0	0	0	0	0	0	0	0	0	0	0	0	0	
0	0	36	21	23	33	30	24	5	13	18	23	35	33	26	21	
0	26	0	36	42	23	29	5	20	19	33	4	26	7	16	27	
0	26	15	0	6	16	13	8	23	22	36	7	17	16	19	4	
0	26	24	9	0	25	7	8	27	31	36	16	26	10	28	13	
0	23	19	23	29	0	27	3	7	6	20	2	24	4	3	13	
0	40	24	38	30	42	0	10	29	39	38	9	31	31	36	30	
0	30	17	35	41	40	24	0	19	36	28	21	21	24	33	39	
0	39	31	16	22	32	29	19	0	23	13	18	30	32	21	20	
0	33	29	30	36	23	21	12	30	0	27	11	24	27	26	11	
0	26	36	27	33	31	31	22	11	10	0	21	17	22	8	19	
0	31	18	32	38	41	25	1	20	36	29	0	22	22	34	36	
0	9	19	30	32	42	16	24	14	22	27	23	0	26	35	30	
0	19	15	38	35	38	27	3	22	32	31	19	24	0	31	40	
0	33	29	20	26	23	24	15	4	3	17	14	27	14	0	11	
0	35	31	35	41	12	39	15	19	18	32	14	35	16	15	0	
Tamanho_Tarefas
0	5	20	24	33	37	20	26	29	22	19	15	8	20	43	4	
Data_Entrega
0	164	187	115	117	143	179	162	129	113	91	205	201	157	110	162	
Penalidade_Atraso
0	14	18	6	19	8	1	18	4	17	2	13	1	17	1	7	
Capacidade_Veiculo
108	71	59	57	51	85	110	114	
Custo_Fixo_Veiculo
1080	710	590	570	510	850	1100	1140	
Coordenadas_Clientes
x	0	y	0
x	23	y	0
x	14	y	6
x	14	y	16
x	4	y	15
x	-2	y	20
x	-11	y	20
x	-15	y	11
x	-18	y	4
x	-16	y	-3
x	-19	y	-14
x	-7	y	-13
x	-1	y	-17
x	5	y	-16
x	14	y	-16
x	19	y	-8
Tempo_Viagem
0	23	15	21	15	20	22	18	18	16	23	14	17	16	21	20	
23	0	10	18	23	30	38	39	41	39	44	32	29	24	17	8	
15	10	0	10	13	20	28	29	32	31	38	28	27	23	22	14	
21	18	10	0	10	16	25	29	34	35	44	35	36	33	32	24	
15	23	13	10	0	7	15	19	24	26	37	29	32	31	32	27	
20	30	20	16	7	0	9	15	22	26	37	33	37	36	39	34	
22	38	28	25	15	9	0	9	16	23	34	33	38	38	43	41	
18	39	29	29	19	15	9	0	7	14	25	25	31	33	39	38	
18	41	32	34	24	22	16	7	0	7	18	20	27	30	37	38	
16	39	31	35	26	26	23	14	7	0	11	13	20	24	32	35	
23	44	38	44	37	37	34	25	18	11	0	12	18	24	33	38	
14	32	28	35	29	33	33	25	20	13	12	0	7	12	21	26	
17	29	27	36	32	37	38	31	27	20	18	7	0	6	15	21	
16	24	23	33	31	36	38	33	30	24	24	12	6	0	9	16	
21	17	22	32	32	39	43	39	37	32	33	21	15	9	0	9	
20	8	14	24	27	34	41	38	38	35	38	26	21	16	9	0	
Custo_Viagem
V0
0	496	324	453	324	432	475	388	388	345	496	302	367	345	453	432	
496	0	216	388	518	691	842	842	885	842	950	691	626	518	388	172	
324	216	0	216	280	453	604	626	691	669	820	604	583	496	475	302	
453	388	216	0	216	345	540	626	734	756	950	756	777	712	691	518	
324	518	280	216	0	151	324	410	518	561	799	648	691	669	691	583	
432	691	453	345	151	0	194	324	475	561	820	712	799	777	842	756	
475	842	604	540	324	194	0	194	367	496	734	712	820	842	928	885	
388	842	626	626	410	324	194	0	151	302	540	540	669	712	842	820	
388	885	691	734	518	475	367	151	0	151	388	432	583	648	799	820	
345	842	669	756	561	561	496	302	151	0	237	280	432	518	691	756	
496	950	820	950	799	820	734	540	388	237	0	259	388	518	712	820	
302	691	604	756	648	712	712	540	432	280	259	0	151	259	453	561	
367	626	583	777	691	799	820	669	583	432	388	151	0	129	324	453	
345	518	496	712	669	777	842	712	648	518	518	259	129	0	194	345	
453	388	475	691	691	842	928	842	799	691	712	453	324	194	0	194	
432	172	302	518	583	756	885	820	820	756	820	561	453	345	194	0	
V1
0	326	213	298	213	284	312	255	255	227	326	198	241	227	298	284	
326	0	142	255	340	454	553	553	582	553	624	454	411	340	255	113	
213	142	0	142	184	298	397	411	454	440	539	397	383	326	312	198	
298	255	142	0	142	227	355	411	482	497	624	497	511	468	454	340	
213	340	184	142	0	99	213	269	340	369	525	426	454	440	454	383	
284	454	298	227	99	0	127	213	312	369	539	468	525	511	553	497	
312	553	397	355	213	127	0	127	241	326	482	468	539	553	610	582	
255	553	411	411	269	213	127	0	99	198	355	355	440	468	553	539	
255	582	454	482	340	312	241	99	0	99	255	284	383	426	525	539	
227	553	440	497	369	369	326	198	99	0	156	184	284	340	454	497	
326	624	539	624	525	539	482	355	255	156	0	170	255	340	468	539	
198	454	397	497	426	468	468	355	284	184	170	0	99	170	298	369	
241	411	383	511	454	525	539	440	383	284	255	99	0	85	213	298	
227	340	326	468	440	511	553	468	426	340	340	170	85	0	127	227	
298	255	312	454	454	553	610	553	525	454	468	298	213	127	0	127	
284	113	198	340	383	497	582	539	539	497	539	369	298	227	127	0	
V2
0	271	177	247	177	236	259	212	212	188	271	165	200	188	247	236	
271	0	118	212	283	377	460	460	483	460	519	377	342	283	212	94	
177	118	0	118	153	247	330	342	377	365	448	330	318	271	259	165	
247	212	118	0	118	188	295	342	401	413	519	413	424	389	377	283	
177	283	153	118	0	82	177	224	283	306	436	354	377	365	377	318	
236	377	247	188	82	0	106	177	259	306	448	389	436	424	460	413	
259	460	330	295	177	106	0	106	200	271	401	389	448	460	507	483	
212	460	342	342	224	177	106	0	82	165	295	295	365	389	460	448	
212	483	377	401	283	259	200	82	0	82	212	236	318	354	436	448	
188	460	365	413	306	306	271	165	82	0	129	153	236	283	377	413	
271	519	448	519	436	448	401	295	212	129	0	141	212	283	389	448	
165	377	330	413	354	389	389	295	236	153	141	0	82	141	247	306	
200	342	318	424	377	436	448	365	318	236	212	82	0	70	177	247	
188	283	271	389	365	424	460	389	354	283	283	141	70	0	106	188	
247	212	259	377	377	460	507	460	436	377	389	247	177	106	0	106	
236	94	165	283	318	413	483	448	448	413	448	306	247	188	106	0	
V3
0	262	171	239	171	228	250	205	205	182	262	159	193	182	239	228	
262	0	114	205	273	364	444	444	467	444	501	364	330	273	205	91	
171	114	0	114	148	239	319	330	364	353	433	319	307	262	250	159	
239	205	114	0	114	182	285	330	387	399	501	399	410	376	364	273	
171	273	148	114	0	79	171	216	273	296	421	342	364	353	364	307	
228	364	239	182	79	0	102	171	250	296	433	376	421	410	444	399	
250	444	319	285	171	102	0	102	193	262	387	376	433	444	490	467	
205	444	330	330	216	171	102	0	79	159	285	285	353	376	444	433	
205	467	364	387	273	250	193	79	0	79	205	228	307	342	421	433	
182	444	353	399	296	296	262	159	79	0	125	148	228	273	364	399	
262	501	433	501	421	433	387	285	205	125	0	136	205	273	376	433	
159	364	319	399	342	376	376	285	228	148	136	0	79	136	239	296	
193	330	307	410	364	421	433	353	307	228	205	79	0	68	171	239	
182	273	262	376	353	410	444	376	342	273	273	136	68	0	102	182	
239	205	250	364	364	444	490	444	421	364	376	239	171	102	0	102	
228	91	159	273	307	399	467	433	433	399	433	296	239	182	102	0	
V4
0	234	153	214	153	204	224	183	183	163	234	142	173	163	214	204	
234	0	102	183	244	326	397	397	418	397	448	326	295	244	183	81	
153	102	0	102	132	214	285	295	326	316	387	285	275	234	224	142	
214	183	102	0	102	163	255	295	346	357	448	357	367	336	326	244	
153	244	132	102	0	71	153	193	244	265	377	306	326	316	326	275	
204	326	214	163	71	0	91	153	224	265	387	336	377	367	397	357	
224	397	285	255	153	91	0	91	173	234	346	336	387	397	438	418	
183	397	295	295	193	153	91	0	71	142	255	255	316	336	397	387	
183	418	326	346	244	224	173	71	0	71	183	204	275	306	377	387	
163	397	316	357	265	265	234	142	71	0	112	132	204	244	326	357	
234	448	387	448	377	387	346	255	183	112	0	122	183	244	336	387	
142	326	285	357	306	336	336	255	204	132	122	0	71	122	214	265	
173	295	275	367	326	377	387	316	275	204	183	71	0	61	153	214	
163	244	234	336	316	367	397	336	306	244	244	122	61	0	91	163	
214	183	224	326	326	397	438	397	377	326	336	214	153	91	0	91	
204	81	142	244	275	357	418	387	387	357	387	265	214	163	91	0	
V5
0	391	255	357	255	340	374	306	306	272	391	238	289	272	357	340	
391	0	170	306	408	544	663	663	697	663	748	544	493	408	306	136	
255	170	0	170	221	357	476	493	544	527	646	476	459	391	374	238	
357	306	170	0	170	272	425	493	578	595	748	595	612	561	544	408	
255	408	221	170	0	119	255	323	408	442	629	510	544	527	544	459	
340	544	357	272	119	0	153	255	374	442	646	561	629	612	663	595	
374	663	476	425	255	153	0	153	289	391	578	561	646	663	731	697	
306	663	493	493	323	255	153	0	119	238	425	425	527	561	663	646	
306	697	544	578	408	374	289	119	0	119	306	340	459	510	629	646	
272	663	527	595	442	442	391	238	119	0	187	221	340	408	544	595	
391	748	646	748	629	646	578	425	306	187	0	204	306	408	561	646	
238	544	476	595	510	561	561	425	340	221	204	0	119	204	357	442	
289	493	459	612	544	629	646	527	459	340	306	119	0	102	255	357	
272	408	391	561	527	612	663	561	510	408	408	204	102	0	153	272	
357	306	374	544	544	663	731	663	629	544	561	357	255	153	0	153	
340	136	238	408	459	595	697	646	646	595	646	442	357	272	153	0	
V6
0	506	330	462	330	440	484	396	396	352	506	308	374	352	462	440	
506	0	220	396	528	704	858	858	902	858	968	704	638	528	396	176	
330	220	0	220	286	462	616	638	704	682	836	616	594	506	484	308	
462	396	220	0	220	352	550	638	748	770	968	770	792	726	704	528	
330	528	286	220	0	154	330	418	528	572	814	660	704	682	704	594	
440	704	462	352	154	0	198	330	484	572	836	726	814	792	858	770	
484	858	616	550	330	198	0	198	374	506	748	726	836	858	946	902	
396	858	638	638	418	330	198	0	154	308	550	550	682	726	858	836	
396	902	704	748	528	484	374	154	0	154	396	440	594	660	814	836	
352	858	682	770	572	572	506	308	154	0	242	286	440	528	704	770	
506	968	836	968	814	836	748	550	396	242	0	264	396	528	726	836	
308	704	616	770	660	726	726	550	440	286	264	0	154	264	462	572	
374	638	594	792	704	814	836	682	594	440	396	154	0	132	330	462	
352	528	506	726	682	792	858	726	660	528	528	264	132	0	198	352	
462	396	484	704	704	858	946	858	814	704	726	462	330	198	0	198	
440	176	308	528	594	770	902	836	836	770	836	572	462	352	198	0	
V7
0	524	342	478	342	456	501	410	410	364	524	319	387	364	478	456	
524	0	228	410	547	729	889	889	934	889	1003	729	661	547	410	182	
342	228	0	228	296	478	638	661	729	706	866	638	615	524	501	319	
478	410	228	0	228	364	570	661	775	798	1003	798	820	752	729	547	
342	547	296	228	0	159	342	433	547	592	843	684	729	706	729	615	
456	729	478	364	159	0	205	342	501	592	866	752	843	820	889	798	
501	889	638	570	342	205	0	205	387	524	775	752	866	889	980	934	
410	889	661	661	433	342	205	0	159	319	570	570	706	752	889	866	
410	934	729	775	547	501	387	159	0	159	410	456	615	684	843	866	
364	889	706	798	592	592	524	319	159	0	250	296	456	547	729	798	
524	1003	866	1003	843	866	775	570	410	250	0	273	410	547	752	866	
319	729	638	798	684	752	752	570	456	296	273	0	159	273	478	592	
387	661	615	820	729	843	866	706	615	456	410	159	0	136	342	478	
364	547	524	752	706	820	889	752	684	547	547	273	136	0	205	364	
478	410	501	729	729	889	980	889	843	729	752	478	342	205	0	205	
456	182	319	547	615	798	934	866	866	798	866	592	478	364	205	0	
Velocidade_Veiculos
1	1	1	1	1	1	1	1	