M: 2
N: 15
Nun_Veiculos: 6
Capacidade_Total: 470
Demanda_Total: 297
Setup_Min: 1
Setup_Max: 99
Raio: 20
Circulos: 1
Tempo_Processamento_Min: 1
Tempo_Processamento_Max: 49
Demanda_Min: 10
Demanda_Max: 30
Priority_Factor: 0.2
Range_Factor_R: 0.8
U_factor: 2
ALpha: 0.2Replicao: 4
Tempos_Processamentos
0	0	1	0	
0	21	1	3	
0	26	1	36	
0	46	1	38	
0	47	1	13	
0	26	1	1	
0	14	1	17	
0	6	1	14	
0	15	1	13	
0	38	1	44	
0	26	1	32	
0	44	1	5	
0	8	1	17	
0	14	1	36	
0	35	1	22	
0	44	1	19	

Tempos_setup
M0
0	0	0	0	0	0	0	0	0	0	0	0	0	0	0	0	
0	0	10	12	2	9	9	8	8	10	7	11	14	7	7	14	
0	17	0	16	19	13	13	12	12	14	11	16	18	11	15	4	
0	5	15	0	7	14	1	13	13	15	12	4	19	12	12	7	
0	14	21	21	0	18	16	6	17	16	16	19	17	5	5	22	
0	9	8	8	11	0	5	9	4	6	3	8	10	8	7	9	
0	4	14	10	6	13	0	12	12	14	11	3	18	11	11	6	
0	8	18	20	9	17	11	0	16	10	15	14	11	14	14	17	
0	10	4	9	12	1	6	8	0	7	4	9	11	7	6	8	
0	5	15	11	7	14	1	13	13	0	12	4	4	12	12	7	
0	6	5	5	8	2	2	6	1	3	0	5	7	5	4	8	
0	1	11	7	3	10	8	9	9	11	8	0	15	8	8	14	
0	16	15	20	14	12	12	19	11	11	15	15	0	18	17	18	
0	9	19	19	10	18	12	1	17	11	16	15	12	0	15	18	
0	10	20	20	11	19	13	2	18	12	17	16	13	1	0	19	
0	15	14	14	17	11	11	8	10	12	9	14	16	7	13	0	
M1
0	0	0	0	0	0	0	0	0	0	0	0	0	0	0	0	
0	0	28	27	22	40	21	4	1	28	23	9	51	21	17	22	
0	1	0	7	1	39	13	5	2	8	3	10	23	19	5	10	
0	4	30	0	25	41	6	8	5	1	17	13	53	12	19	9	
0	13	12	19	0	38	14	17	14	12	15	22	35	23	17	20	
0	18	28	35	16	0	26	22	19	26	31	27	36	37	24	29	
0	12	29	25	30	35	0	16	13	26	32	21	52	33	29	7	
0	5	33	32	27	45	26	0	6	33	28	14	56	26	22	21	
0	8	35	26	30	48	29	3	0	27	22	17	58	28	24	24	
0	20	30	37	31	41	41	15	12	0	33	29	53	11	22	8	
0	8	13	4	8	45	10	12	9	5	0	9	36	16	2	7	
0	20	19	18	20	53	24	22	19	19	20	0	42	12	8	13	
0	9	8	8	9	47	14	13	10	9	4	13	0	20	6	11	
0	43	42	45	43	62	51	47	44	46	43	52	45	0	45	28	
0	12	11	18	12	45	24	14	11	19	14	7	34	19	0	5	
0	23	22	29	23	40	35	27	24	30	25	32	45	41	27	0	
Tamanho_Tarefas
0	11	26	40	26	3	15	8	14	40	26	10	9	20	26	23	
Data_Entrega
0	182	162	164	84	150	135	134	115	158	149	85	121	117	184	157	
Penalidade_Atraso
0	7	18	4	10	3	14	18	10	14	7	15	10	6	8	19	
Capacidade_Veiculo
54	45	113	81	108	69	
Custo_Fixo_Veiculo
540	450	1130	810	1080	690	
Coordenadas_Clientes
x	0	y	0
x	16	y	0
x	15	y	6
x	12	y	13
x	5	y	17
x	-2	y	23
x	-12	y	21
x	-14	y	10
x	-20	y	4
x	-16	y	-3
x	-19	y	-14
x	-9	y	-16
x	-2	y	-24
x	6	y	-18
x	13	y	-15
x	18	y	-8
Tempo_Viagem
0	16	16	17	17	23	24	17	20	16	23	18	24	18	19	19	
16	0	6	13	20	29	35	31	36	32	37	29	30	20	15	8	
16	6	0	7	14	23	30	29	35	32	39	32	34	25	21	14	
17	13	7	0	8	17	25	26	33	32	40	35	39	31	28	21	
17	20	14	8	0	9	17	20	28	29	39	35	41	35	32	28	
23	29	23	17	9	0	10	17	25	29	40	39	47	41	40	36	
24	35	30	25	17	10	0	11	18	24	35	37	46	42	43	41	
17	31	29	26	20	17	11	0	8	13	24	26	36	34	36	36	
20	36	35	33	28	25	18	8	0	8	18	22	32	34	38	39	
16	32	32	32	29	29	24	13	8	0	11	14	24	26	31	34	
23	37	39	40	39	40	35	24	18	11	0	10	19	25	32	37	
18	29	32	35	35	39	37	26	22	14	10	0	10	15	22	28	
24	30	34	39	41	47	46	36	32	24	19	10	0	10	17	25	
18	20	25	31	35	41	42	34	34	26	25	15	10	0	7	15	
19	15	21	28	32	40	43	36	38	31	32	22	17	7	0	8	
19	8	14	21	28	36	41	36	39	34	37	28	25	15	8	0	
Custo_Viagem
V0
0	172	172	183	183	248	259	183	216	172	248	194	259	194	205	205	
172	0	64	140	216	313	378	334	388	345	399	313	324	216	162	86	
172	64	0	75	151	259	324	313	378	345	421	345	367	270	226	151	
183	140	75	0	86	183	270	280	356	345	442	378	421	334	302	226	
183	216	151	86	0	97	183	216	302	313	421	378	442	378	345	302	
248	313	259	183	97	0	108	183	280	313	432	421	507	442	432	388	
259	378	324	270	183	108	0	118	194	259	378	399	496	453	464	442	
183	334	313	280	216	183	118	0	86	140	259	280	388	367	388	388	
216	388	378	356	302	280	194	86	0	86	194	237	356	367	410	421	
172	345	345	345	313	313	259	140	86	0	118	151	270	280	334	367	
248	399	421	442	421	432	378	259	194	118	0	108	205	270	345	399	
194	313	345	378	378	421	399	280	237	151	108	0	108	162	237	302	
259	324	367	421	442	507	496	388	356	270	205	108	0	108	183	270	
194	216	270	334	378	442	453	367	367	280	270	162	108	0	75	162	
205	162	226	302	345	432	464	388	410	334	345	237	183	75	0	86	
205	86	151	226	302	388	442	388	421	367	399	302	270	162	86	0	
V1
0	144	144	153	153	207	216	153	180	144	207	162	216	162	171	171	
144	0	54	117	180	261	315	279	324	288	333	261	270	180	135	72	
144	54	0	63	126	216	270	261	315	288	351	288	306	225	189	126	
153	117	63	0	72	153	225	234	297	288	369	315	351	279	252	189	
153	180	126	72	0	81	153	180	252	261	351	315	369	315	288	252	
207	261	216	153	81	0	90	153	234	261	360	351	423	369	360	324	
216	315	270	225	153	90	0	99	162	216	315	333	414	378	387	369	
153	279	261	234	180	153	99	0	72	117	216	234	324	306	324	324	
180	324	315	297	252	234	162	72	0	72	162	198	297	306	342	351	
144	288	288	288	261	261	216	117	72	0	99	126	225	234	279	306	
207	333	351	369	351	360	315	216	162	99	0	90	171	225	288	333	
162	261	288	315	315	351	333	234	198	126	90	0	90	135	198	252	
216	270	306	351	369	423	414	324	297	225	171	90	0	90	153	225	
162	180	225	279	315	369	378	306	306	234	225	135	90	0	63	135	
171	135	189	252	288	360	387	324	342	279	288	198	153	63	0	72	
171	72	126	189	252	324	369	324	351	306	333	252	225	135	72	0	
V2
0	361	361	384	384	519	542	384	452	361	519	406	542	406	429	429	
361	0	135	293	452	655	791	700	813	723	836	655	678	452	339	180	
361	135	0	158	316	542	678	655	791	723	881	723	768	565	474	316	
384	293	158	0	180	384	565	587	745	723	926	791	881	700	632	474	
384	452	316	180	0	203	384	452	632	655	881	791	926	791	723	632	
519	655	542	384	203	0	226	384	587	655	904	881	1062	926	904	813	
542	791	678	565	384	226	0	248	406	542	791	836	1039	949	971	926	
384	700	655	587	452	384	248	0	180	293	542	587	813	768	813	813	
452	813	791	745	632	587	406	180	0	180	406	497	745	768	858	881	
361	723	723	723	655	655	542	293	180	0	248	316	565	587	700	768	
519	836	881	926	881	904	791	542	406	248	0	226	429	565	723	836	
406	655	723	791	791	881	836	587	497	316	226	0	226	339	497	632	
542	678	768	881	926	1062	1039	813	745	565	429	226	0	226	384	565	
406	452	565	700	791	926	949	768	768	587	565	339	226	0	158	339	
429	339	474	632	723	904	971	813	858	700	723	497	384	158	0	180	
429	180	316	474	632	813	926	813	881	768	836	632	565	339	180	0	
V3
0	259	259	275	275	372	388	275	324	259	372	291	388	291	307	307	
259	0	97	210	324	469	567	502	583	518	599	469	486	324	243	129	
259	97	0	113	226	388	486	469	567	518	631	518	550	405	340	226	
275	210	113	0	129	275	405	421	534	518	664	567	631	502	453	340	
275	324	226	129	0	145	275	324	453	469	631	567	664	567	518	453	
372	469	388	275	145	0	162	275	421	469	648	631	761	664	648	583	
388	567	486	405	275	162	0	178	291	388	567	599	745	680	696	664	
275	502	469	421	324	275	178	0	129	210	388	421	583	550	583	583	
324	583	567	534	453	421	291	129	0	129	291	356	534	550	615	631	
259	518	518	518	469	469	388	210	129	0	178	226	405	421	502	550	
372	599	631	664	631	648	567	388	291	178	0	162	307	405	518	599	
291	469	518	567	567	631	599	421	356	226	162	0	162	243	356	453	
388	486	550	631	664	761	745	583	534	405	307	162	0	162	275	405	
291	324	405	502	567	664	680	550	550	421	405	243	162	0	113	243	
307	243	340	453	518	648	696	583	615	502	518	356	275	113	0	129	
307	129	226	340	453	583	664	583	631	550	599	453	405	243	129	0	
V4
0	345	345	367	367	496	518	367	432	345	496	388	518	388	410	410	
345	0	129	280	432	626	756	669	777	691	799	626	648	432	324	172	
345	129	0	151	302	518	648	626	756	691	842	691	734	540	453	302	
367	280	151	0	172	367	540	561	712	691	885	756	842	669	604	453	
367	432	302	172	0	194	367	432	604	626	842	756	885	756	691	604	
496	626	518	367	194	0	216	367	561	626	864	842	1015	885	864	777	
518	756	648	540	367	216	0	237	388	518	756	799	993	907	928	885	
367	669	626	561	432	367	237	0	172	280	518	561	777	734	777	777	
432	777	756	712	604	561	388	172	0	172	388	475	712	734	820	842	
345	691	691	691	626	626	518	280	172	0	237	302	540	561	669	734	
496	799	842	885	842	864	756	518	388	237	0	216	410	540	691	799	
388	626	691	756	756	842	799	561	475	302	216	0	216	324	475	604	
518	648	734	842	885	1015	993	777	712	540	410	216	0	216	367	540	
388	432	540	669	756	885	907	734	734	561	540	324	216	0	151	324	
410	324	453	604	691	864	928	777	820	669	691	475	367	151	0	172	
410	172	302	453	604	777	885	777	842	734	799	604	540	324	172	0	
V5
0	220	220	234	234	317	331	234	276	220	317	248	331	248	262	262	
220	0	82	179	276	400	483	427	496	441	510	400	414	276	207	110	
220	82	0	96	193	331	414	400	483	441	538	441	469	345	289	193	
234	179	96	0	110	234	345	358	455	441	565	483	538	427	386	289	
234	276	193	110	0	124	234	276	386	400	538	483	565	483	441	386	
317	400	331	234	124	0	138	234	358	400	552	538	648	565	552	496	
331	483	414	345	234	138	0	151	248	331	483	510	634	579	593	565	
234	427	400	358	276	234	151	0	110	179	331	358	496	469	496	496	
276	496	483	455	386	358	248	110	0	110	248	303	455	469	524	538	
220	441	441	441	400	400	331	179	110	0	151	193	345	358	427	469	
317	510	538	565	538	552	483	331	248	151	0	138	262	345	441	510	
248	400	441	483	483	538	510	358	303	193	138	0	138	207	303	386	
331	414	469	538	565	648	634	496	455	345	262	138	0	138	234	345	
248	276	345	427	483	565	579	469	469	358	345	207	138	0	96	207	
262	207	289	386	441	552	593	496	524	427	441	303	234	96	0	110	
262	110	193	289	386	496	565	496	538	469	510	386	345	207	110	0	
Velocidade_Veiculos
1	1	1	1	1	1	