M: 2
N: 15
Nun_Veiculos: 8
Capacidade_Total: 515
Demanda_Total: 257
Setup_Min: 1
Setup_Max: 9
Raio: 100
Circulos: 1
Tempo_Processamento_Min: 1
Tempo_Processamento_Max: 49
Demanda_Min: 10
Demanda_Max: 30
Priority_Factor: 0.2
Range_Factor_R: 0.8
U_factor: 2
ALpha: 0.2Replicao: 4
Tempos_Processamentos
0	0	1	0	
0	2	1	36	
0	29	1	12	
0	47	1	10	
0	35	1	29	
0	15	1	13	
0	25	1	17	
0	20	1	7	
0	5	1	1	
0	33	1	7	
0	21	1	1	
0	22	1	34	
0	32	1	41	
0	24	1	41	
0	38	1	2	
0	18	1	47	

Tempos_setup
M0
0	0	0	0	0	0	0	0	0	0	0	0	0	0	0	0	
0	0	2	3	3	1	2	3	4	3	3	4	3	2	2	3	
0	3	0	1	3	3	2	3	3	2	2	2	2	4	2	1	
0	4	4	0	2	2	1	3	3	2	2	5	1	3	2	4	
0	4	3	3	0	5	2	2	4	2	3	3	3	2	3	3	
0	2	2	3	2	0	1	2	3	3	2	4	2	1	2	2	
0	3	3	3	1	4	0	3	2	2	1	4	1	2	1	3	
0	2	2	3	2	3	1	0	3	2	2	4	2	1	1	2	
0	1	2	3	4	2	3	2	0	3	2	4	4	1	3	2	
0	2	2	1	3	3	2	1	3	0	3	3	2	2	2	3	
0	2	2	3	3	3	3	2	1	2	0	4	4	2	1	3	
0	4	4	2	3	4	3	3	3	3	2	0	3	4	2	1	
0	5	3	2	4	3	3	5	4	4	3	4	0	4	4	4	
0	3	1	2	3	4	2	1	4	2	3	3	3	0	2	1	
0	3	3	2	2	3	3	2	4	1	4	4	3	3	0	4	
0	5	4	4	2	6	3	3	5	4	4	5	4	3	4	0	
M1
0	0	0	0	0	0	0	0	0	0	0	0	0	0	0	0	
0	0	4	2	5	2	5	5	3	4	3	2	5	3	3	3	
0	3	0	4	4	2	4	5	1	2	3	4	3	3	1	3	
0	3	5	0	6	1	3	5	1	4	5	5	5	4	3	2	
0	3	2	2	0	3	3	1	1	2	1	4	3	1	2	3	
0	5	4	3	5	0	3	5	4	3	4	4	4	3	2	1	
0	3	5	2	5	3	0	5	1	4	5	2	5	5	3	4	
0	3	1	3	3	3	2	0	2	3	4	3	4	1	2	4	
0	2	5	4	6	3	5	4	0	3	5	4	4	4	2	4	
0	5	4	3	6	4	4	3	3	0	3	4	1	4	3	5	
0	2	2	1	3	2	4	3	1	2	0	3	3	1	1	2	
0	4	3	2	3	2	4	3	2	2	4	0	3	3	1	3	
0	4	4	3	5	3	5	5	3	3	2	3	0	3	2	4	
0	2	1	4	2	2	4	3	2	2	3	4	3	0	1	3	
0	4	3	4	4	1	3	4	4	1	4	4	2	2	0	2	
0	4	3	2	4	1	2	5	3	2	3	4	3	2	1	0	
Tamanho_Tarefas
0	10	19	16	30	13	19	9	2	16	7	26	34	32	5	19	
Data_Entrega
0	201	267	262	225	230	240	210	229	202	215	247	211	243	228	193	
Penalidade_Atraso
0	11	19	6	10	9	16	9	14	11	10	10	1	12	14	15	
Capacidade_Veiculo
35	92	95	54	66	46	43	84	
Custo_Fixo_Veiculo
350	920	950	540	660	460	430	840	
Coordenadas_Clientes
x	0	y	0
x	123	y	0
x	78	y	34
x	64	y	71
x	29	y	91
x	-8	y	81
x	-45	y	77
x	-66	y	48
x	-115	y	24
x	-101	y	-21
x	-76	y	-55
x	-46	y	-81
x	-12	y	-116
x	36	y	-113
x	80	y	-89
x	89	y	-39
Tempo_Viagem
0	123	85	95	95	81	89	81	117	103	93	93	116	118	119	97	
123	0	56	92	130	154	184	195	239	224	206	187	177	142	98	51	
85	56	0	39	75	98	130	144	193	187	177	169	174	152	123	73	
95	92	39	0	40	72	109	132	185	188	188	187	201	186	160	112	
95	130	75	40	0	38	75	104	158	171	179	187	211	204	187	143	
81	154	98	72	38	0	37	66	120	138	152	166	197	198	191	154	
89	184	130	109	75	37	0	35	87	112	135	158	195	206	207	177	
81	195	144	132	104	66	35	0	54	77	103	130	172	190	200	177	
117	239	193	185	158	120	87	54	0	47	88	125	173	203	225	213	
103	224	187	188	171	138	112	77	47	0	42	81	129	165	193	190	
93	206	177	188	179	152	135	103	88	42	0	39	87	126	159	165	
93	187	169	187	187	166	158	130	125	81	39	0	48	88	126	141	
116	177	174	201	211	197	195	172	173	129	87	48	0	48	95	127	
118	142	152	186	204	198	206	190	203	165	126	88	48	0	50	91	
119	98	123	160	187	191	207	200	225	193	159	126	95	50	0	50	
97	51	73	112	143	154	177	177	213	190	165	141	127	91	50	0	
Custo_Viagem
V0
0	861	595	665	665	567	623	567	819	721	651	651	812	826	833	679	
861	0	392	644	910	1078	1288	1365	1673	1568	1442	1309	1239	994	686	357	
595	392	0	273	525	686	910	1008	1351	1309	1239	1183	1218	1064	861	511	
665	644	273	0	280	504	763	924	1295	1316	1316	1309	1407	1302	1120	784	
665	910	525	280	0	266	525	728	1106	1197	1253	1309	1477	1428	1309	1001	
567	1078	686	504	266	0	259	462	847	966	1064	1162	1379	1386	1337	1078	
623	1288	910	763	525	259	0	245	609	784	945	1106	1365	1442	1449	1239	
567	1365	1008	924	728	462	245	0	378	539	721	910	1204	1330	1400	1239	
819	1673	1351	1295	1106	847	609	378	0	329	616	875	1211	1421	1575	1491	
721	1568	1309	1316	1197	966	784	539	329	0	294	567	910	1155	1351	1330	
651	1442	1239	1316	1253	1064	945	721	616	294	0	273	616	882	1113	1155	
651	1309	1183	1309	1309	1162	1106	910	875	567	273	0	336	616	882	987	
812	1239	1218	1407	1477	1379	1365	1204	1211	910	616	336	0	336	665	889	
826	994	1064	1302	1428	1386	1442	1330	1421	1155	882	616	336	0	350	637	
833	686	861	1120	1309	1337	1449	1400	1575	1351	1113	882	665	350	0	350	
679	357	511	784	1001	1078	1239	1239	1491	1330	1155	987	889	637	350	0	
V1
0	2263	1564	1748	1748	1490	1637	1490	2152	1895	1711	1711	2134	2171	2189	1784	
2263	0	1030	1692	2392	2833	3385	3588	4397	4121	3790	3440	3256	2612	1803	938	
1564	1030	0	717	1380	1803	2392	2649	3551	3440	3256	3109	3201	2796	2263	1343	
1748	1692	717	0	736	1324	2005	2428	3404	3459	3459	3440	3698	3422	2944	2060	
1748	2392	1380	736	0	699	1380	1913	2907	3146	3293	3440	3882	3753	3440	2631	
1490	2833	1803	1324	699	0	680	1214	2226	2539	2796	3054	3624	3643	3514	2833	
1637	3385	2392	2005	1380	680	0	644	1600	2060	2484	2907	3588	3790	3808	3256	
1490	3588	2649	2428	1913	1214	644	0	993	1416	1895	2392	3164	3496	3680	3256	
2152	4397	3551	3404	2907	2226	1600	993	0	864	1619	2300	3183	3735	4140	3919	
1895	4121	3440	3459	3146	2539	2060	1416	864	0	772	1490	2392	3036	3551	3496	
1711	3790	3256	3459	3293	2796	2484	1895	1619	772	0	717	1619	2318	2925	3036	
1711	3440	3109	3440	3440	3054	2907	2392	2300	1490	717	0	883	1619	2318	2594	
2134	3256	3201	3698	3882	3624	3588	3164	3183	2392	1619	883	0	883	1748	2336	
2171	2612	2796	3422	3753	3643	3790	3496	3735	3036	2318	1619	883	0	920	1674	
2189	1803	2263	2944	3440	3514	3808	3680	4140	3551	2925	2318	1748	920	0	920	
1784	938	1343	2060	2631	2833	3256	3256	3919	3496	3036	2594	2336	1674	920	0	
V2
0	2337	1615	1805	1805	1539	1691	1539	2223	1957	1767	1767	2204	2242	2261	1843	
2337	0	1064	1748	2470	2926	3496	3705	4541	4256	3914	3553	3363	2698	1862	969	
1615	1064	0	741	1425	1862	2470	2736	3667	3553	3363	3211	3306	2888	2337	1387	
1805	1748	741	0	760	1368	2071	2508	3515	3572	3572	3553	3819	3534	3040	2128	
1805	2470	1425	760	0	722	1425	1976	3002	3249	3401	3553	4009	3876	3553	2717	
1539	2926	1862	1368	722	0	703	1254	2299	2622	2888	3154	3743	3762	3629	2926	
1691	3496	2470	2071	1425	703	0	665	1653	2128	2565	3002	3705	3914	3933	3363	
1539	3705	2736	2508	1976	1254	665	0	1026	1463	1957	2470	3268	3610	3800	3363	
2223	4541	3667	3515	3002	2299	1653	1026	0	893	1672	2375	3287	3857	4275	4047	
1957	4256	3553	3572	3249	2622	2128	1463	893	0	798	1539	2470	3135	3667	3610	
1767	3914	3363	3572	3401	2888	2565	1957	1672	798	0	741	1672	2394	3021	3135	
1767	3553	3211	3553	3553	3154	3002	2470	2375	1539	741	0	912	1672	2394	2679	
2204	3363	3306	3819	4009	3743	3705	3268	3287	2470	1672	912	0	912	1805	2413	
2242	2698	2888	3534	3876	3762	3914	3610	3857	3135	2394	1672	912	0	950	1729	
2261	1862	2337	3040	3553	3629	3933	3800	4275	3667	3021	2394	1805	950	0	950	
1843	969	1387	2128	2717	2926	3363	3363	4047	3610	3135	2679	2413	1729	950	0	
V3
0	1328	918	1026	1026	874	961	874	1263	1112	1004	1004	1252	1274	1285	1047	
1328	0	604	993	1404	1663	1987	2106	2581	2419	2224	2019	1911	1533	1058	550	
918	604	0	421	810	1058	1404	1555	2084	2019	1911	1825	1879	1641	1328	788	
1026	993	421	0	432	777	1177	1425	1998	2030	2030	2019	2170	2008	1728	1209	
1026	1404	810	432	0	410	810	1123	1706	1846	1933	2019	2278	2203	2019	1544	
874	1663	1058	777	410	0	399	712	1306	1490	1641	1792	2127	2138	2062	1663	
961	1987	1404	1177	810	399	0	378	939	1209	1458	1706	2106	2224	2235	1911	
874	2106	1555	1425	1123	712	378	0	583	831	1112	1404	1857	2052	2160	1911	
1263	2581	2084	1998	1706	1306	939	583	0	507	950	1350	1868	2192	2430	2300	
1112	2419	2019	2030	1846	1490	1209	831	507	0	453	874	1404	1782	2084	2052	
1004	2224	1911	2030	1933	1641	1458	1112	950	453	0	421	950	1360	1717	1782	
1004	2019	1825	2019	2019	1792	1706	1404	1350	874	421	0	518	950	1360	1522	
1252	1911	1879	2170	2278	2127	2106	1857	1868	1404	950	518	0	518	1026	1371	
1274	1533	1641	2008	2203	2138	2224	2052	2192	1782	1360	950	518	0	540	982	
1285	1058	1328	1728	2019	2062	2235	2160	2430	2084	1717	1360	1026	540	0	540	
1047	550	788	1209	1544	1663	1911	1911	2300	2052	1782	1522	1371	982	540	0	
V4
0	1623	1122	1254	1254	1069	1174	1069	1544	1359	1227	1227	1531	1557	1570	1280	
1623	0	739	1214	1716	2032	2428	2574	3154	2956	2719	2468	2336	1874	1293	673	
1122	739	0	514	990	1293	1716	1900	2547	2468	2336	2230	2296	2006	1623	963	
1254	1214	514	0	528	950	1438	1742	2442	2481	2481	2468	2653	2455	2112	1478	
1254	1716	990	528	0	501	990	1372	2085	2257	2362	2468	2785	2692	2468	1887	
1069	2032	1293	950	501	0	488	871	1597	1821	2006	2191	2600	2613	2521	2032	
1174	2428	1716	1438	990	488	0	462	1148	1478	1782	2085	2574	2719	2732	2336	
1069	2574	1900	1742	1372	871	462	0	712	1016	1359	1716	2270	2508	2640	2336	
1544	3154	2547	2442	2085	1597	1148	712	0	620	1161	1650	2283	2679	2970	2811	
1359	2956	2468	2481	2257	1821	1478	1016	620	0	554	1069	1716	2178	2547	2508	
1227	2719	2336	2481	2362	2006	1782	1359	1161	554	0	514	1161	1663	2098	2178	
1227	2468	2230	2468	2468	2191	2085	1716	1650	1069	514	0	633	1161	1663	1861	
1531	2336	2296	2653	2785	2600	2574	2270	2283	1716	1161	633	0	633	1254	1676	
1557	1874	2006	2455	2692	2613	2719	2508	2679	2178	1663	1161	633	0	660	1201	
1570	1293	1623	2112	2468	2521	2732	2640	2970	2547	2098	1663	1254	660	0	660	
1280	673	963	1478	1887	2032	2336	2336	2811	2508	2178	1861	1676	1201	660	0	
V5
0	1131	782	874	874	745	818	745	1076	947	855	855	1067	1085	1094	892	
1131	0	515	846	1196	1416	1692	1794	2198	2060	1895	1720	1628	1306	901	469	
782	515	0	358	690	901	1196	1324	1775	1720	1628	1554	1600	1398	1131	671	
874	846	358	0	368	662	1002	1214	1702	1729	1729	1720	1849	1711	1472	1030	
874	1196	690	368	0	349	690	956	1453	1573	1646	1720	1941	1876	1720	1315	
745	1416	901	662	349	0	340	607	1113	1269	1398	1527	1812	1821	1757	1416	
818	1692	1196	1002	690	340	0	322	800	1030	1242	1453	1794	1895	1904	1628	
745	1794	1324	1214	956	607	322	0	496	708	947	1196	1582	1748	1840	1628	
1076	2198	1775	1702	1453	1113	800	496	0	432	809	1150	1591	1867	2070	1959	
947	2060	1720	1729	1573	1269	1030	708	432	0	386	745	1196	1518	1775	1748	
855	1895	1628	1729	1646	1398	1242	947	809	386	0	358	809	1159	1462	1518	
855	1720	1554	1720	1720	1527	1453	1196	1150	745	358	0	441	809	1159	1297	
1067	1628	1600	1849	1941	1812	1794	1582	1591	1196	809	441	0	441	874	1168	
1085	1306	1398	1711	1876	1821	1895	1748	1867	1518	1159	809	441	0	460	837	
1094	901	1131	1472	1720	1757	1904	1840	2070	1775	1462	1159	874	460	0	460	
892	469	671	1030	1315	1416	1628	1628	1959	1748	1518	1297	1168	837	460	0	
V6
0	1057	731	817	817	696	765	696	1006	885	799	799	997	1014	1023	834	
1057	0	481	791	1118	1324	1582	1677	2055	1926	1771	1608	1522	1221	842	438	
731	481	0	335	645	842	1118	1238	1659	1608	1522	1453	1496	1307	1057	627	
817	791	335	0	344	619	937	1135	1591	1616	1616	1608	1728	1599	1376	963	
817	1118	645	344	0	326	645	894	1358	1470	1539	1608	1814	1754	1608	1229	
696	1324	842	619	326	0	318	567	1040	1186	1307	1427	1694	1702	1642	1324	
765	1582	1118	937	645	318	0	301	748	963	1161	1358	1677	1771	1780	1522	
696	1677	1238	1135	894	567	301	0	464	662	885	1118	1479	1634	1720	1522	
1006	2055	1659	1591	1358	1040	748	464	0	404	756	1075	1487	1745	1935	1831	
885	1926	1608	1616	1470	1186	963	662	404	0	361	696	1118	1419	1659	1634	
799	1771	1522	1616	1539	1307	1161	885	756	361	0	335	756	1083	1367	1419	
799	1608	1453	1608	1608	1427	1358	1118	1075	696	335	0	412	756	1083	1212	
997	1522	1496	1728	1814	1694	1677	1479	1487	1118	756	412	0	412	817	1092	
1014	1221	1307	1599	1754	1702	1771	1634	1745	1419	1083	756	412	0	430	782	
1023	842	1057	1376	1608	1642	1780	1720	1935	1659	1367	1083	817	430	0	430	
834	438	627	963	1229	1324	1522	1522	1831	1634	1419	1212	1092	782	430	0	
V7
0	2066	1428	1596	1596	1360	1495	1360	1965	1730	1562	1562	1948	1982	1999	1629	
2066	0	940	1545	2184	2587	3091	3276	4015	3763	3460	3141	2973	2385	1646	856	
1428	940	0	655	1260	1646	2184	2419	3242	3141	2973	2839	2923	2553	2066	1226	
1596	1545	655	0	672	1209	1831	2217	3108	3158	3158	3141	3376	3124	2688	1881	
1596	2184	1260	672	0	638	1260	1747	2654	2872	3007	3141	3544	3427	3141	2402	
1360	2587	1646	1209	638	0	621	1108	2032	2318	2553	2788	3309	3326	3208	2587	
1495	3091	2184	1831	1260	621	0	588	1461	1881	2268	2654	3276	3460	3477	2973	
1360	3276	2419	2217	1747	1108	588	0	907	1293	1730	2184	2889	3192	3360	2973	
1965	4015	3242	3108	2654	2032	1461	907	0	789	1478	2100	2906	3410	3780	3578	
1730	3763	3141	3158	2872	2318	1881	1293	789	0	705	1360	2184	2772	3242	3192	
1562	3460	2973	3158	3007	2553	2268	1730	1478	705	0	655	1478	2116	2671	2772	
1562	3141	2839	3141	3141	2788	2654	2184	2100	1360	655	0	806	1478	2116	2368	
1948	2973	2923	3376	3544	3309	3276	2889	2906	2184	1478	806	0	806	1596	2133	
1982	2385	2553	3124	3427	3326	3460	3192	3410	2772	2116	1478	806	0	840	1528	
1999	1646	2066	2688	3141	3208	3477	3360	3780	3242	2671	2116	1596	840	0	840	
1629	856	1226	1881	2402	2587	2973	2973	3578	3192	2772	2368	2133	1528	840	0	
Velocidade_Veiculos
1	1	1	1	1	1	1	1	