M: 2
N: 15
Nun_Veiculos: 7
Capacidade_Total: 508
Demanda_Total: 300
Setup_Min: 1
Setup_Max: 9
Raio: 20
Circulos: 1
Tempo_Processamento_Min: 1
Tempo_Processamento_Max: 49
Demanda_Min: 10
Demanda_Max: 30
Priority_Factor: 0.2
Range_Factor_R: 0.8
U_factor: 2
ALpha: 0.2Replicao: 4
Tempos_Processamentos
0	0	1	0	
0	4	1	21	
0	3	1	27	
0	47	1	10	
0	28	1	42	
0	41	1	47	
0	35	1	6	
0	32	1	26	
0	31	1	11	
0	31	1	38	
0	28	1	9	
0	9	1	25	
0	27	1	4	
0	29	1	39	
0	4	1	13	
0	42	1	15	

Tempos_setup
M0
0	0	0	0	0	0	0	0	0	0	0	0	0	0	0	0	
0	0	4	3	3	2	3	1	2	3	2	3	1	3	3	3	
0	2	0	5	2	2	4	3	4	3	3	3	2	1	4	4	
0	2	6	0	5	4	3	3	2	2	2	3	2	4	4	3	
0	3	3	4	0	4	3	1	2	4	1	3	3	3	3	3	
0	4	2	3	1	0	4	2	3	1	2	2	4	3	4	3	
0	4	4	7	3	6	0	4	5	4	4	4	5	5	3	6	
0	2	3	3	3	4	2	0	1	3	1	2	2	2	2	3	
0	1	4	4	3	3	1	1	0	4	2	3	2	3	3	4	
0	5	5	6	3	3	6	4	5	0	4	3	4	2	4	2	
0	5	5	6	4	3	2	5	6	4	0	5	6	6	5	5	
0	3	4	4	2	3	3	2	2	4	3	0	4	3	4	2	
0	3	4	4	4	3	2	1	2	3	2	3	0	3	2	2	
0	4	4	5	1	3	4	2	3	4	2	4	4	0	4	4	
0	1	2	4	4	3	3	2	3	1	1	4	2	3	0	3	
0	5	3	4	2	1	5	3	4	2	3	3	3	3	5	0	
M1
0	0	0	0	0	0	0	0	0	0	0	0	0	0	0	0	
0	0	3	3	4	4	2	3	2	3	6	1	4	2	3	1	
0	4	0	2	4	3	4	1	4	2	4	3	1	3	1	2	
0	2	3	0	3	2	4	4	4	4	6	3	4	1	4	3	
0	4	3	4	0	5	2	4	4	2	6	4	4	3	4	4	
0	3	3	1	4	0	5	4	4	5	4	4	3	2	4	4	
0	2	1	3	3	4	0	2	3	1	4	3	2	1	2	3	
0	3	3	2	5	4	3	0	3	4	4	2	3	3	1	4	
0	2	5	3	5	5	4	5	0	1	4	3	3	3	1	3	
0	3	4	3	4	5	5	5	2	0	4	4	5	2	3	3	
0	3	2	4	4	5	1	3	4	2	0	4	3	2	3	4	
0	3	2	2	4	3	1	3	1	2	5	0	3	2	2	4	
0	3	3	4	3	3	3	3	4	3	7	3	0	2	4	1	
0	1	2	2	2	4	3	3	3	3	6	2	3	0	3	2	
0	5	5	5	5	4	4	5	3	4	3	4	2	4	0	3	
0	2	3	3	3	3	2	2	3	2	6	3	4	1	3	0	
Tamanho_Tarefas
0	9	6	27	32	42	10	26	20	31	16	11	9	32	6	23	
Data_Entrega
0	141	157	146	117	83	118	137	140	159	128	127	115	116	101	130	
Penalidade_Atraso
0	1	7	19	7	10	4	5	20	3	4	20	12	3	11	3	
Capacidade_Veiculo
55	50	44	91	104	81	83	
Custo_Fixo_Veiculo
550	500	440	910	1040	810	830	
Coordenadas_Clientes
x	0	y	0
x	19	y	0
x	16	y	7
x	14	y	16
x	5	y	18
x	-2	y	19
x	-11	y	19
x	-16	y	11
x	-22	y	4
x	-15	y	-3
x	-14	y	-10
x	-9	y	-15
x	-1	y	-15
x	7	y	-22
x	16	y	-18
x	16	y	-7
Tempo_Viagem
0	19	17	21	18	19	21	19	22	15	17	17	15	23	24	17	
19	0	7	16	22	28	35	36	41	34	34	31	25	24	18	7	
17	7	0	9	15	21	29	32	38	32	34	33	27	30	25	14	
21	16	9	0	9	16	25	30	37	34	38	38	34	38	34	23	
18	22	15	9	0	7	16	22	30	29	33	35	33	40	37	27	
19	28	21	16	7	0	9	16	25	25	31	34	34	41	41	31	
21	35	29	25	16	9	0	9	18	22	29	34	35	44	45	37	
19	36	32	30	22	16	9	0	9	14	21	26	30	40	43	36	
22	41	38	37	30	25	18	9	0	9	16	22	27	37	43	39	
15	34	32	34	29	25	22	14	9	0	7	13	18	28	34	31	
17	34	34	38	33	31	29	21	16	7	0	7	13	23	30	30	
17	31	33	38	35	34	34	26	22	13	7	0	8	17	25	26	
15	25	27	34	33	34	35	30	27	18	13	8	0	10	17	18	
23	24	30	38	40	41	44	40	37	28	23	17	10	0	9	17	
24	18	25	34	37	41	45	43	43	34	30	25	17	9	0	11	
17	7	14	23	27	31	37	36	39	31	30	26	18	17	11	0	
Custo_Viagem
V0
0	209	187	231	198	209	231	209	242	165	187	187	165	253	264	187	
209	0	77	176	242	308	385	396	451	374	374	341	275	275	198	77	
187	77	0	99	165	231	319	352	418	352	374	363	297	330	275	154	
231	176	99	0	99	176	275	330	407	374	418	418	374	418	374	253	
198	242	165	99	0	77	176	242	330	319	363	385	363	440	407	297	
209	308	231	176	77	0	99	176	275	275	341	374	374	451	451	341	
231	385	319	275	176	99	0	99	198	242	319	374	385	484	495	407	
209	396	352	330	242	176	99	0	99	154	231	286	330	440	473	396	
242	451	418	407	330	275	198	99	0	99	176	253	308	418	473	429	
165	374	352	374	319	275	242	154	99	0	77	143	198	319	374	341	
187	374	374	418	363	341	319	231	176	77	0	77	143	264	341	330	
187	341	363	418	385	374	374	286	253	143	77	0	88	187	275	286	
165	275	297	374	363	374	385	330	308	198	143	88	0	110	187	198	
253	275	330	418	440	451	484	440	418	319	264	187	110	0	99	187	
264	198	275	374	407	451	495	473	473	374	341	275	187	99	0	121	
187	77	154	253	297	341	407	396	429	341	330	286	198	187	121	0	
V1
0	190	170	210	180	190	210	190	220	150	170	170	150	230	240	170	
190	0	70	160	220	280	350	360	410	340	340	310	250	250	180	70	
170	70	0	90	150	210	290	320	380	320	340	330	270	300	250	140	
210	160	90	0	90	160	250	300	370	340	380	380	340	380	340	230	
180	220	150	90	0	70	160	220	300	290	330	350	330	400	370	270	
190	280	210	160	70	0	90	160	250	250	310	340	340	410	410	310	
210	350	290	250	160	90	0	90	180	220	290	340	350	440	450	370	
190	360	320	300	220	160	90	0	90	140	210	260	300	400	430	360	
220	410	380	370	300	250	180	90	0	90	160	230	280	380	430	390	
150	340	320	340	290	250	220	140	90	0	70	130	180	290	340	310	
170	340	340	380	330	310	290	210	160	70	0	70	130	240	310	300	
170	310	330	380	350	340	340	260	230	130	70	0	80	170	250	260	
150	250	270	340	330	340	350	300	280	180	130	80	0	100	170	180	
230	250	300	380	400	410	440	400	380	290	240	170	100	0	90	170	
240	180	250	340	370	410	450	430	430	340	310	250	170	90	0	110	
170	70	140	230	270	310	370	360	390	310	300	260	180	170	110	0	
V2
0	167	149	184	158	167	184	167	193	132	149	149	132	202	211	149	
167	0	61	140	193	246	308	316	360	299	299	272	220	220	158	61	
149	61	0	79	132	184	255	281	334	281	299	290	237	264	220	123	
184	140	79	0	79	140	220	264	325	299	334	334	299	334	299	202	
158	193	132	79	0	61	140	193	264	255	290	308	290	352	325	237	
167	246	184	140	61	0	79	140	220	220	272	299	299	360	360	272	
184	308	255	220	140	79	0	79	158	193	255	299	308	387	396	325	
167	316	281	264	193	140	79	0	79	123	184	228	264	352	378	316	
193	360	334	325	264	220	158	79	0	79	140	202	246	334	378	343	
132	299	281	299	255	220	193	123	79	0	61	114	158	255	299	272	
149	299	299	334	290	272	255	184	140	61	0	61	114	211	272	264	
149	272	290	334	308	299	299	228	202	114	61	0	70	149	220	228	
132	220	237	299	290	299	308	264	246	158	114	70	0	88	149	158	
202	220	264	334	352	360	387	352	334	255	211	149	88	0	79	149	
211	158	220	299	325	360	396	378	378	299	272	220	149	79	0	96	
149	61	123	202	237	272	325	316	343	272	264	228	158	149	96	0	
V3
0	345	309	382	327	345	382	345	400	273	309	309	273	418	436	309	
345	0	127	291	400	509	637	655	746	618	618	564	455	455	327	127	
309	127	0	163	273	382	527	582	691	582	618	600	491	546	455	254	
382	291	163	0	163	291	455	546	673	618	691	691	618	691	618	418	
327	400	273	163	0	127	291	400	546	527	600	637	600	728	673	491	
345	509	382	291	127	0	163	291	455	455	564	618	618	746	746	564	
382	637	527	455	291	163	0	163	327	400	527	618	637	800	819	673	
345	655	582	546	400	291	163	0	163	254	382	473	546	728	782	655	
400	746	691	673	546	455	327	163	0	163	291	418	509	691	782	709	
273	618	582	618	527	455	400	254	163	0	127	236	327	527	618	564	
309	618	618	691	600	564	527	382	291	127	0	127	236	436	564	546	
309	564	600	691	637	618	618	473	418	236	127	0	145	309	455	473	
273	455	491	618	600	618	637	546	509	327	236	145	0	182	309	327	
418	455	546	691	728	746	800	728	691	527	436	309	182	0	163	309	
436	327	455	618	673	746	819	782	782	618	564	455	309	163	0	200	
309	127	254	418	491	564	673	655	709	564	546	473	327	309	200	0	
V4
0	395	353	436	374	395	436	395	457	312	353	353	312	478	499	353	
395	0	145	332	457	582	728	748	852	707	707	644	520	520	374	145	
353	145	0	187	312	436	603	665	790	665	707	686	561	624	520	291	
436	332	187	0	187	332	520	624	769	707	790	790	707	790	707	478	
374	457	312	187	0	145	332	457	624	603	686	728	686	832	769	561	
395	582	436	332	145	0	187	332	520	520	644	707	707	852	852	644	
436	728	603	520	332	187	0	187	374	457	603	707	728	915	936	769	
395	748	665	624	457	332	187	0	187	291	436	540	624	832	894	748	
457	852	790	769	624	520	374	187	0	187	332	478	582	790	894	811	
312	707	665	707	603	520	457	291	187	0	145	270	374	603	707	644	
353	707	707	790	686	644	603	436	332	145	0	145	270	499	644	624	
353	644	686	790	728	707	707	540	478	270	145	0	166	353	520	540	
312	520	561	707	686	707	728	624	582	374	270	166	0	208	353	374	
478	520	624	790	832	852	915	832	790	603	499	353	208	0	187	353	
499	374	520	707	769	852	936	894	894	707	644	520	353	187	0	228	
353	145	291	478	561	644	769	748	811	644	624	540	374	353	228	0	
V5
0	307	275	340	291	307	340	307	356	243	275	275	243	372	388	275	
307	0	113	259	356	453	567	583	664	550	550	502	405	405	291	113	
275	113	0	145	243	340	469	518	615	518	550	534	437	486	405	226	
340	259	145	0	145	259	405	486	599	550	615	615	550	615	550	372	
291	356	243	145	0	113	259	356	486	469	534	567	534	648	599	437	
307	453	340	259	113	0	145	259	405	405	502	550	550	664	664	502	
340	567	469	405	259	145	0	145	291	356	469	550	567	712	729	599	
307	583	518	486	356	259	145	0	145	226	340	421	486	648	696	583	
356	664	615	599	486	405	291	145	0	145	259	372	453	615	696	631	
243	550	518	550	469	405	356	226	145	0	113	210	291	469	550	502	
275	550	550	615	534	502	469	340	259	113	0	113	210	388	502	486	
275	502	534	615	567	550	550	421	372	210	113	0	129	275	405	421	
243	405	437	550	534	550	567	486	453	291	210	129	0	162	275	291	
372	405	486	615	648	664	712	648	615	469	388	275	162	0	145	275	
388	291	405	550	599	664	729	696	696	550	502	405	275	145	0	178	
275	113	226	372	437	502	599	583	631	502	486	421	291	275	178	0	
V6
0	315	282	348	298	315	348	315	365	249	282	282	249	381	398	282	
315	0	116	265	365	464	581	597	680	564	564	514	415	415	298	116	
282	116	0	149	249	348	481	531	630	531	564	547	448	498	415	232	
348	265	149	0	149	265	415	498	614	564	630	630	564	630	564	381	
298	365	249	149	0	116	265	365	498	481	547	581	547	664	614	448	
315	464	348	265	116	0	149	265	415	415	514	564	564	680	680	514	
348	581	481	415	265	149	0	149	298	365	481	564	581	730	747	614	
315	597	531	498	365	265	149	0	149	232	348	431	498	664	713	597	
365	680	630	614	498	415	298	149	0	149	265	381	464	630	713	647	
249	564	531	564	481	415	365	232	149	0	116	215	298	481	564	514	
282	564	564	630	547	514	481	348	265	116	0	116	215	398	514	498	
282	514	547	630	581	564	564	431	381	215	116	0	132	282	415	431	
249	415	448	564	547	564	581	498	464	298	215	132	0	166	282	298	
381	415	498	630	664	680	730	664	630	481	398	282	166	0	149	282	
398	298	415	564	614	680	747	713	713	564	514	415	282	149	0	182	
282	116	232	381	448	514	614	597	647	514	498	431	298	282	182	0	
Velocidade_Veiculos
1	1	1	1	1	1	1	