M: 2
N: 15
Nun_Veiculos: 7
Capacidade_Total: 542
Demanda_Total: 345
Setup_Min: 1
Setup_Max: 99
Raio: 100
Circulos: 1
Tempo_Processamento_Min: 1
Tempo_Processamento_Max: 49
Demanda_Min: 10
Demanda_Max: 30
Priority_Factor: 0.2
Range_Factor_R: 0.8
U_factor: 2
ALpha: 0.2Replicao: 3
Tempos_Processamentos
0	0	1	0	
0	3	1	33	
0	2	1	11	
0	39	1	17	
0	12	1	26	
0	39	1	45	
0	32	1	33	
0	47	1	37	
0	29	1	40	
0	48	1	32	
0	2	1	28	
0	22	1	29	
0	6	1	3	
0	8	1	45	
0	42	1	9	
0	47	1	32	

Tempos_setup
M0
0	0	0	0	0	0	0	0	0	0	0	0	0	0	0	0	
0	0	7	16	15	15	18	35	6	14	5	12	35	13	30	23	
0	8	0	12	23	23	20	39	8	7	13	20	40	8	32	28	
0	25	17	0	40	27	10	56	25	24	30	26	30	25	34	18	
0	10	14	11	0	25	21	21	7	6	15	22	39	7	31	29	
0	44	48	42	59	0	52	79	41	55	40	54	42	55	41	46	
0	15	7	19	30	17	0	46	15	14	20	16	20	15	24	8	
0	12	19	28	27	12	30	0	18	26	17	24	18	25	22	35	
0	3	7	10	18	18	20	38	0	14	8	15	38	15	24	26	
0	4	8	5	19	19	15	32	1	0	9	16	35	1	25	23	
0	4	8	11	19	19	21	39	1	15	0	16	39	16	25	27	
0	12	14	19	27	3	19	47	9	21	8	0	23	1	27	11	
0	14	18	21	29	29	31	49	11	25	10	26	0	26	4	37	
0	35	33	36	50	43	26	63	32	31	40	42	46	0	40	34	
0	35	37	42	50	26	42	45	32	44	31	23	46	24	0	34	
0	20	15	26	35	9	8	53	17	21	16	8	12	9	16	0	
M1
0	0	0	0	0	0	0	0	0	0	0	0	0	0	0	0	
0	0	35	22	10	12	13	30	18	28	25	34	30	4	10	19	
0	19	0	17	10	5	13	32	15	9	13	33	29	23	26	19	
0	15	13	0	5	18	8	27	19	12	17	36	25	19	25	14	
0	24	26	24	0	27	3	22	18	19	16	42	20	19	25	9	
0	21	25	12	16	0	19	38	15	16	13	40	36	25	29	25	
0	32	23	32	33	28	0	41	26	27	24	51	47	36	28	36	
0	20	18	5	10	23	4	0	24	17	22	41	30	24	30	19	
0	21	19	6	11	16	14	33	0	18	23	38	31	24	14	20	
0	10	19	13	18	19	21	37	7	0	5	24	37	14	17	27	
0	8	21	8	13	18	16	35	2	3	0	27	33	12	16	22	
0	20	18	5	10	23	13	22	14	15	12	0	26	24	28	19	
0	25	43	42	30	32	33	50	38	48	45	54	0	24	30	39	
0	22	31	18	6	8	9	26	14	24	21	30	26	0	6	15	
0	16	25	12	12	2	15	20	8	18	15	24	20	10	0	21	
0	19	41	28	16	18	19	36	24	34	31	33	11	10	16	0	
Tamanho_Tarefas
0	9	4	22	17	39	32	37	31	35	14	25	4	20	18	38	
Data_Entrega
0	296	223	292	230	314	306	329	264	291	243	354	237	359	348	280	
Penalidade_Atraso
0	14	20	9	13	18	19	18	13	11	20	2	10	12	10	20	
Capacidade_Veiculo
59	111	85	50	89	51	97	
Custo_Fixo_Veiculo
590	1110	850	500	890	510	970	
Coordenadas_Clientes
x	0	y	0
x	76	y	0
x	90	y	40
x	58	y	65
x	26	y	80
x	-12	y	117
x	-48	y	84
x	-96	y	69
x	-84	y	17
x	-89	y	-18
x	-78	y	-57
x	-39	y	-69
x	-12	y	-118
x	32	y	-99
x	77	y	-86
x	103	y	-45
Tempo_Viagem
0	76	98	87	84	117	96	118	85	90	96	79	118	104	115	112	
76	0	42	67	94	146	149	185	160	165	164	134	147	108	86	52	
98	42	0	40	75	127	144	188	175	188	193	168	188	150	126	85	
87	67	40	0	35	87	107	154	149	168	182	165	195	166	152	118	
84	94	75	35	0	53	74	122	126	151	172	162	201	179	173	146	
117	146	127	87	53	0	48	96	123	155	186	187	235	220	221	198	
96	149	144	107	74	48	0	50	76	109	144	153	205	199	211	198	
118	185	188	154	122	96	50	0	53	87	127	149	204	211	232	229	
85	160	175	149	126	123	76	53	0	35	74	97	152	164	191	197	
90	165	188	168	151	155	109	87	35	0	40	71	126	145	179	193	
96	164	193	182	172	186	144	127	74	40	0	40	89	117	157	181	
79	134	168	165	162	187	153	149	97	71	40	0	55	77	117	144	
118	147	188	195	201	235	205	204	152	126	89	55	0	47	93	136	
104	108	150	166	179	220	199	211	164	145	117	77	47	0	46	89	
115	86	126	152	173	221	211	232	191	179	157	117	93	46	0	48	
112	52	85	118	146	198	198	229	197	193	181	144	136	89	48	0	
Custo_Viagem
V0
0	896	1156	1026	991	1380	1132	1392	1003	1062	1132	932	1392	1227	1357	1321	
896	0	495	790	1109	1722	1758	2183	1888	1947	1935	1581	1734	1274	1014	613	
1156	495	0	472	885	1498	1699	2218	2065	2218	2277	1982	2218	1770	1486	1003	
1026	790	472	0	413	1026	1262	1817	1758	1982	2147	1947	2301	1958	1793	1392	
991	1109	885	413	0	625	873	1439	1486	1781	2029	1911	2371	2112	2041	1722	
1380	1722	1498	1026	625	0	566	1132	1451	1829	2194	2206	2773	2596	2607	2336	
1132	1758	1699	1262	873	566	0	590	896	1286	1699	1805	2419	2348	2489	2336	
1392	2183	2218	1817	1439	1132	590	0	625	1026	1498	1758	2419	2489	2737	2702	
1003	1888	2065	1758	1486	1451	896	625	0	413	873	1144	1805	1935	2253	2324	
1062	1947	2218	1982	1781	1829	1286	1026	413	0	472	837	1486	1711	2112	2277	
1132	1935	2277	2147	2029	2194	1699	1498	873	472	0	472	1050	1380	1852	2135	
932	1581	1982	1947	1911	2206	1805	1758	1144	837	472	0	649	908	1380	1699	
1392	1734	2218	2301	2371	2773	2419	2419	1805	1486	1050	649	0	554	1109	1604	
1227	1274	1770	1958	2112	2596	2348	2489	1935	1711	1380	908	554	0	542	1050	
1357	1014	1486	1793	2041	2607	2489	2737	2253	2112	1852	1380	1109	542	0	566	
1321	613	1003	1392	1722	2336	2336	2702	2324	2277	2135	1699	1604	1050	566	0	
V1
0	1687	2175	1931	1864	2597	2131	2619	1887	1998	2131	1753	2619	2308	2553	2486	
1687	0	932	1487	2086	3241	3307	4107	3552	3663	3640	2974	3263	2397	1909	1154	
2175	932	0	888	1665	2819	3196	4173	3885	4173	4284	3729	4173	3330	2797	1887	
1931	1487	888	0	777	1931	2375	3418	3307	3729	4040	3663	4329	3685	3374	2619	
1864	2086	1665	777	0	1176	1642	2708	2797	3352	3818	3596	4462	3973	3840	3241	
2597	3241	2819	1931	1176	0	1065	2131	2730	3441	4129	4151	5217	4884	4906	4395	
2131	3307	3196	2375	1642	1065	0	1110	1687	2419	3196	3396	4551	4417	4684	4395	
2619	4107	4173	3418	2708	2131	1110	0	1176	1931	2819	3307	4551	4684	5150	5083	
1887	3552	3885	3307	2797	2730	1687	1176	0	777	1642	2153	3396	3640	4240	4373	
1998	3663	4173	3729	3352	3441	2419	1931	777	0	888	1576	2797	3219	3973	4284	
2131	3640	4284	4040	3818	4129	3196	2819	1642	888	0	888	1975	2597	3485	4018	
1753	2974	3729	3663	3596	4151	3396	3307	2153	1576	888	0	1221	1709	2597	3196	
2619	3263	4173	4329	4462	5217	4551	4551	3396	2797	1975	1221	0	1043	2086	3019	
2308	2397	3330	3685	3973	4884	4417	4684	3640	3219	2597	1709	1043	0	1021	1975	
2553	1909	2797	3374	3840	4906	4684	5150	4240	3973	3485	2597	2086	1021	0	1065	
2486	1154	1887	2619	3241	4395	4395	5083	4373	4284	4018	3196	3019	1975	1065	0	
V2
0	1292	1666	1479	1428	1989	1632	2006	1445	1530	1632	1343	2006	1768	1955	1904	
1292	0	714	1139	1598	2482	2533	3145	2720	2805	2788	2278	2499	1836	1462	884	
1666	714	0	680	1275	2159	2448	3196	2975	3196	3281	2856	3196	2550	2142	1445	
1479	1139	680	0	595	1479	1819	2618	2533	2856	3094	2805	3315	2822	2584	2006	
1428	1598	1275	595	0	901	1258	2074	2142	2567	2924	2754	3417	3043	2941	2482	
1989	2482	2159	1479	901	0	816	1632	2091	2635	3162	3179	3995	3740	3757	3366	
1632	2533	2448	1819	1258	816	0	850	1292	1853	2448	2601	3485	3383	3587	3366	
2006	3145	3196	2618	2074	1632	850	0	901	1479	2159	2533	3485	3587	3944	3893	
1445	2720	2975	2533	2142	2091	1292	901	0	595	1258	1649	2601	2788	3247	3349	
1530	2805	3196	2856	2567	2635	1853	1479	595	0	680	1207	2142	2465	3043	3281	
1632	2788	3281	3094	2924	3162	2448	2159	1258	680	0	680	1513	1989	2669	3077	
1343	2278	2856	2805	2754	3179	2601	2533	1649	1207	680	0	935	1309	1989	2448	
2006	2499	3196	3315	3417	3995	3485	3485	2601	2142	1513	935	0	799	1598	2312	
1768	1836	2550	2822	3043	3740	3383	3587	2788	2465	1989	1309	799	0	782	1513	
1955	1462	2142	2584	2941	3757	3587	3944	3247	3043	2669	1989	1598	782	0	816	
1904	884	1445	2006	2482	3366	3366	3893	3349	3281	3077	2448	2312	1513	816	0	
V3
0	760	980	870	840	1170	960	1180	850	900	960	790	1180	1040	1150	1120	
760	0	420	670	940	1460	1490	1850	1600	1650	1640	1340	1470	1080	860	520	
980	420	0	400	750	1270	1440	1880	1750	1880	1930	1680	1880	1500	1260	850	
870	670	400	0	350	870	1070	1540	1490	1680	1820	1650	1950	1660	1520	1180	
840	940	750	350	0	530	740	1220	1260	1510	1720	1620	2010	1790	1730	1460	
1170	1460	1270	870	530	0	480	960	1230	1550	1860	1870	2350	2200	2210	1980	
960	1490	1440	1070	740	480	0	500	760	1090	1440	1530	2050	1990	2110	1980	
1180	1850	1880	1540	1220	960	500	0	530	870	1270	1490	2050	2110	2320	2290	
850	1600	1750	1490	1260	1230	760	530	0	350	740	970	1530	1640	1910	1970	
900	1650	1880	1680	1510	1550	1090	870	350	0	400	710	1260	1450	1790	1930	
960	1640	1930	1820	1720	1860	1440	1270	740	400	0	400	890	1170	1570	1810	
790	1340	1680	1650	1620	1870	1530	1490	970	710	400	0	550	770	1170	1440	
1180	1470	1880	1950	2010	2350	2050	2050	1530	1260	890	550	0	470	940	1360	
1040	1080	1500	1660	1790	2200	1990	2110	1640	1450	1170	770	470	0	460	890	
1150	860	1260	1520	1730	2210	2110	2320	1910	1790	1570	1170	940	460	0	480	
1120	520	850	1180	1460	1980	1980	2290	1970	1930	1810	1440	1360	890	480	0	
V4
0	1352	1744	1548	1495	2082	1708	2100	1513	1602	1708	1406	2100	1851	2047	1993	
1352	0	747	1192	1673	2598	2652	3293	2848	2937	2919	2385	2616	1922	1530	925	
1744	747	0	712	1335	2260	2563	3346	3115	3346	3435	2990	3346	2670	2242	1513	
1548	1192	712	0	623	1548	1904	2741	2652	2990	3239	2937	3471	2954	2705	2100	
1495	1673	1335	623	0	943	1317	2171	2242	2687	3061	2883	3577	3186	3079	2598	
2082	2598	2260	1548	943	0	854	1708	2189	2759	3310	3328	4183	3916	3933	3524	
1708	2652	2563	1904	1317	854	0	890	1352	1940	2563	2723	3649	3542	3755	3524	
2100	3293	3346	2741	2171	1708	890	0	943	1548	2260	2652	3649	3755	4129	4076	
1513	2848	3115	2652	2242	2189	1352	943	0	623	1317	1726	2723	2919	3399	3506	
1602	2937	3346	2990	2687	2759	1940	1548	623	0	712	1263	2242	2581	3186	3435	
1708	2919	3435	3239	3061	3310	2563	2260	1317	712	0	712	1584	2082	2794	3221	
1406	2385	2990	2937	2883	3328	2723	2652	1726	1263	712	0	979	1370	2082	2563	
2100	2616	3346	3471	3577	4183	3649	3649	2723	2242	1584	979	0	836	1673	2420	
1851	1922	2670	2954	3186	3916	3542	3755	2919	2581	2082	1370	836	0	818	1584	
2047	1530	2242	2705	3079	3933	3755	4129	3399	3186	2794	2082	1673	818	0	854	
1993	925	1513	2100	2598	3524	3524	4076	3506	3435	3221	2563	2420	1584	854	0	
V5
0	775	999	887	856	1193	979	1203	867	918	979	805	1203	1060	1173	1142	
775	0	428	683	958	1489	1519	1887	1632	1683	1672	1366	1499	1101	877	530	
999	428	0	408	765	1295	1468	1917	1785	1917	1968	1713	1917	1530	1285	867	
887	683	408	0	357	887	1091	1570	1519	1713	1856	1683	1989	1693	1550	1203	
856	958	765	357	0	540	754	1244	1285	1540	1754	1652	2050	1825	1764	1489	
1193	1489	1295	887	540	0	489	979	1254	1581	1897	1907	2397	2244	2254	2019	
979	1519	1468	1091	754	489	0	510	775	1111	1468	1560	2091	2029	2152	2019	
1203	1887	1917	1570	1244	979	510	0	540	887	1295	1519	2091	2152	2366	2335	
867	1632	1785	1519	1285	1254	775	540	0	357	754	989	1560	1672	1948	2009	
918	1683	1917	1713	1540	1581	1111	887	357	0	408	724	1285	1479	1825	1968	
979	1672	1968	1856	1754	1897	1468	1295	754	408	0	408	907	1193	1601	1846	
805	1366	1713	1683	1652	1907	1560	1519	989	724	408	0	561	785	1193	1468	
1203	1499	1917	1989	2050	2397	2091	2091	1560	1285	907	561	0	479	958	1387	
1060	1101	1530	1693	1825	2244	2029	2152	1672	1479	1193	785	479	0	469	907	
1173	877	1285	1550	1764	2254	2152	2366	1948	1825	1601	1193	958	469	0	489	
1142	530	867	1203	1489	2019	2019	2335	2009	1968	1846	1468	1387	907	489	0	
V6
0	1474	1901	1687	1629	2269	1862	2289	1649	1746	1862	1532	2289	2017	2231	2172	
1474	0	814	1299	1823	2832	2890	3589	3104	3201	3181	2599	2851	2095	1668	1008	
1901	814	0	776	1455	2463	2793	3647	3395	3647	3744	3259	3647	2910	2444	1649	
1687	1299	776	0	679	1687	2075	2987	2890	3259	3530	3201	3783	3220	2948	2289	
1629	1823	1455	679	0	1028	1435	2366	2444	2929	3336	3142	3899	3472	3356	2832	
2269	2832	2463	1687	1028	0	931	1862	2386	3007	3608	3627	4559	4268	4287	3841	
1862	2890	2793	2075	1435	931	0	970	1474	2114	2793	2968	3977	3860	4093	3841	
2289	3589	3647	2987	2366	1862	970	0	1028	1687	2463	2890	3977	4093	4500	4442	
1649	3104	3395	2890	2444	2386	1474	1028	0	679	1435	1881	2968	3181	3705	3821	
1746	3201	3647	3259	2929	3007	2114	1687	679	0	776	1377	2444	2813	3472	3744	
1862	3181	3744	3530	3336	3608	2793	2463	1435	776	0	776	1726	2269	3045	3511	
1532	2599	3259	3201	3142	3627	2968	2890	1881	1377	776	0	1067	1493	2269	2793	
2289	2851	3647	3783	3899	4559	3977	3977	2968	2444	1726	1067	0	911	1823	2638	
2017	2095	2910	3220	3472	4268	3860	4093	3181	2813	2269	1493	911	0	892	1726	
2231	1668	2444	2948	3356	4287	4093	4500	3705	3472	3045	2269	1823	892	0	931	
2172	1008	1649	2289	2832	3841	3841	4442	3821	3744	3511	2793	2638	1726	931	0	
Velocidade_Veiculos
1	1	1	1	1	1	1	