M: 2
N: 15
Nun_Veiculos: 4
Capacidade_Total: 325
Demanda_Total: 257
Setup_Min: 1
Setup_Max: 9
Raio: 20
Circulos: 1
Tempo_Processamento_Min: 1
Tempo_Processamento_Max: 49
Demanda_Min: 10
Demanda_Max: 30
Priority_Factor: 0.2
Range_Factor_R: 0.8
U_factor: 2
ALpha: 0.2Replicao: 1
Tempos_Processamentos
0	0	1	0	
0	27	1	1	
0	36	1	32	
0	4	1	1	
0	7	1	4	
0	2	1	48	
0	14	1	33	
0	7	1	24	
0	32	1	37	
0	48	1	8	
0	47	1	41	
0	19	1	6	
0	12	1	15	
0	38	1	10	
0	38	1	49	
0	5	1	29	

Tempos_setup
M0
0	0	0	0	0	0	0	0	0	0	0	0	0	0	0	0	
0	0	1	4	3	2	3	3	4	3	1	2	2	2	4	3	
0	3	0	5	3	1	4	3	3	2	2	4	2	2	3	4	
0	1	2	0	3	3	3	1	3	2	2	2	3	3	3	3	
0	4	1	3	0	2	5	4	4	3	3	5	3	3	4	2	
0	3	3	4	2	0	4	2	3	1	2	5	3	1	2	3	
0	4	4	5	4	5	0	4	4	3	4	6	5	3	2	5	
0	4	3	4	2	3	4	0	4	1	3	3	4	2	2	3	
0	3	3	5	3	3	1	3	0	2	2	3	3	3	3	4	
0	4	2	3	1	2	3	1	4	0	4	4	4	3	1	2	
0	1	1	4	3	2	4	2	3	2	0	3	1	1	3	4	
0	2	2	2	1	3	1	3	3	2	3	0	4	4	3	1	
0	4	2	3	3	3	3	1	3	2	4	2	0	3	3	3	
0	2	2	4	2	3	3	2	2	1	1	4	2	0	2	3	
0	5	3	4	2	3	2	2	4	1	4	5	5	4	0	3	
0	2	2	1	4	3	3	2	2	3	3	3	4	4	2	0	
M1
0	0	0	0	0	0	0	0	0	0	0	0	0	0	0	0	
0	0	2	4	5	5	2	3	3	3	3	4	2	4	5	2	
0	4	0	2	3	4	2	1	1	2	3	3	2	2	3	1	
0	2	2	0	3	2	3	3	2	3	2	1	1	3	2	2	
0	4	1	3	0	1	2	2	2	2	4	4	3	3	2	2	
0	3	2	3	2	0	1	3	2	1	3	3	4	3	4	1	
0	3	3	4	4	5	0	4	4	5	4	2	5	2	4	4	
0	3	3	1	3	3	4	0	3	4	3	2	2	4	2	3	
0	5	4	5	5	5	5	4	0	3	3	5	3	3	4	2	
0	2	1	3	3	2	3	2	2	0	3	4	3	3	4	1	
0	3	2	2	4	3	3	1	3	1	0	3	3	4	3	2	
0	5	1	3	4	4	3	2	2	3	4	0	3	2	4	2	
0	4	3	2	5	4	4	2	1	2	1	3	0	4	4	1	
0	4	3	3	2	3	2	4	4	4	5	2	4	0	4	4	
0	3	2	1	1	2	3	3	3	2	2	2	2	3	0	3	
0	3	2	4	4	3	4	3	3	1	2	5	4	4	4	0	
Tamanho_Tarefas
0	4	34	2	5	6	21	7	32	19	42	11	12	14	41	7	
Data_Entrega
0	117	142	106	102	125	141	94	148	118	148	89	129	148	77	76	
Penalidade_Atraso
0	2	6	6	5	14	3	6	9	8	18	19	1	9	1	19	
Capacidade_Veiculo
89	91	47	98	
Custo_Fixo_Veiculo
890	910	470	980	
Coordenadas_Clientes
x	0	y	0
x	16	y	0
x	22	y	10
x	10	y	11
x	4	y	14
x	-1	y	15
x	-9	y	15
x	-12	y	9
x	-14	y	3
x	-24	y	-5
x	-12	y	-9
x	-10	y	-18
x	-2	y	-21
x	5	y	-15
x	12	y	-13
x	14	y	-6
Tempo_Viagem
0	16	24	14	14	15	17	15	14	24	15	20	21	15	17	15	
16	0	11	12	18	22	29	29	30	40	29	31	27	18	13	6	
24	11	0	12	18	23	31	34	36	48	38	42	38	29	24	17	
14	12	12	0	6	11	19	22	25	37	29	34	34	26	24	17	
14	18	18	6	0	5	13	16	21	33	28	34	35	29	28	22	
15	22	23	11	5	0	8	12	17	29	26	34	36	30	30	25	
17	29	31	19	13	8	0	6	12	24	24	33	36	32	34	31	
15	29	34	22	16	12	6	0	6	18	18	27	31	29	32	30	
14	30	36	25	21	17	12	6	0	12	12	21	26	26	30	29	
24	40	48	37	33	29	24	18	12	0	12	19	27	30	36	38	
15	29	38	29	28	26	24	18	12	12	0	9	15	18	24	26	
20	31	42	34	34	34	33	27	21	19	9	0	8	15	22	26	
21	27	38	34	35	36	36	31	26	27	15	8	0	9	16	21	
15	18	29	26	29	30	32	29	26	30	18	15	9	0	7	12	
17	13	24	24	28	30	34	32	30	36	24	22	16	7	0	7	
15	6	17	17	22	25	31	30	29	38	26	26	21	12	7	0	
Custo_Viagem
V0
0	284	427	249	249	267	302	267	249	427	267	356	373	267	302	267	
284	0	195	213	320	391	516	516	534	712	516	551	480	320	231	106	
427	195	0	213	320	409	551	605	640	854	676	747	694	534	445	302	
249	213	213	0	106	195	338	391	445	658	516	623	605	462	427	302	
249	320	320	106	0	89	231	284	373	587	498	605	623	516	498	391	
267	391	409	195	89	0	142	213	302	534	462	605	640	534	534	445	
302	516	551	338	231	142	0	106	231	445	427	587	640	587	623	551	
267	516	605	391	284	213	106	0	106	320	320	480	551	516	569	534	
249	534	640	445	373	302	231	106	0	213	213	373	462	462	534	516	
427	712	854	658	587	534	445	320	213	0	213	338	480	534	640	676	
267	516	676	516	498	462	427	320	213	213	0	160	267	320	427	462	
356	551	747	623	605	605	587	480	373	338	160	0	142	267	391	462	
373	480	694	605	623	640	640	551	462	480	267	142	0	160	284	373	
267	320	534	462	516	534	587	516	462	534	320	267	160	0	124	213	
302	231	445	427	498	534	623	569	534	640	427	391	284	124	0	124	
267	106	302	302	391	445	551	534	516	676	462	462	373	213	124	0	
V1
0	291	436	254	254	273	309	273	254	436	273	364	382	273	309	273	
291	0	200	218	327	400	527	527	546	728	527	564	491	327	236	109	
436	200	0	218	327	418	564	618	655	873	691	764	709	546	455	309	
254	218	218	0	109	200	345	400	455	673	527	637	618	473	436	309	
254	327	327	109	0	91	236	291	382	600	509	618	637	527	509	400	
273	400	418	200	91	0	145	218	309	546	473	618	655	546	546	455	
309	527	564	345	236	145	0	109	236	455	436	600	655	600	637	564	
273	527	618	400	291	218	109	0	109	327	327	491	564	527	582	546	
254	546	655	455	382	309	236	109	0	218	218	382	473	473	546	527	
436	728	873	673	600	546	455	327	218	0	218	345	491	546	655	691	
273	527	691	527	509	473	436	327	218	218	0	163	273	327	436	473	
364	564	764	637	618	618	600	491	382	345	163	0	145	273	400	473	
382	491	709	618	637	655	655	564	473	491	273	145	0	163	291	382	
273	327	546	473	527	546	600	527	473	546	327	273	163	0	127	218	
309	236	455	436	509	546	637	582	546	655	436	400	291	127	0	127	
273	109	309	309	400	455	564	546	527	691	473	473	382	218	127	0	
V2
0	150	225	131	131	141	159	141	131	225	141	188	197	141	159	141	
150	0	103	112	169	206	272	272	282	376	272	291	253	169	122	56	
225	103	0	112	169	216	291	319	338	451	357	394	366	282	235	159	
131	112	112	0	56	103	178	206	235	347	272	329	319	244	225	159	
131	169	169	56	0	47	122	150	197	310	263	319	329	272	263	206	
141	206	216	103	47	0	75	112	159	282	244	319	338	282	282	235	
159	272	291	178	122	75	0	56	122	235	225	310	338	310	329	291	
141	272	319	206	150	112	56	0	56	169	169	253	291	272	300	282	
131	282	338	235	197	159	122	56	0	112	112	197	244	244	282	272	
225	376	451	347	310	282	235	169	112	0	112	178	253	282	338	357	
141	272	357	272	263	244	225	169	112	112	0	84	141	169	225	244	
188	291	394	329	319	319	310	253	197	178	84	0	75	141	206	244	
197	253	366	319	329	338	338	291	244	253	141	75	0	84	150	197	
141	169	282	244	272	282	310	272	244	282	169	141	84	0	65	112	
159	122	235	225	263	282	329	300	282	338	225	206	150	65	0	65	
141	56	159	159	206	235	291	282	272	357	244	244	197	112	65	0	
V3
0	313	470	274	274	294	333	294	274	470	294	392	411	294	333	294	
313	0	215	235	352	431	568	568	588	784	568	607	529	352	254	117	
470	215	0	235	352	450	607	666	705	940	744	823	764	588	490	333	
274	235	235	0	117	215	372	431	490	725	568	686	666	509	470	333	
274	352	352	117	0	98	254	313	411	646	548	666	686	568	548	431	
294	431	450	215	98	0	156	235	333	588	509	666	705	588	588	490	
333	568	607	372	254	156	0	117	254	490	470	646	705	646	686	607	
294	568	666	431	313	235	117	0	117	352	352	529	607	568	627	588	
274	588	705	490	411	333	254	117	0	235	235	411	509	509	588	568	
470	784	940	725	646	588	490	352	235	0	235	372	529	588	705	744	
294	568	744	568	548	509	470	352	235	235	0	176	294	352	470	509	
392	607	823	686	666	666	646	529	411	372	176	0	156	294	431	509	
411	529	764	666	686	705	705	607	509	529	294	156	0	176	313	411	
294	352	588	509	568	588	646	568	509	588	352	294	176	0	137	235	
333	254	490	470	548	588	686	627	588	705	470	431	313	137	0	137	
294	117	333	333	431	490	607	588	568	744	509	509	411	235	137	0	
Velocidade_Veiculos
1	1	1	1	