M: 2
N: 15
Nun_Veiculos: 5
Capacidade_Total: 428
Demanda_Total: 272
Setup_Min: 1
Setup_Max: 99
Raio: 20
Circulos: 1
Tempo_Processamento_Min: 1
Tempo_Processamento_Max: 49
Demanda_Min: 10
Demanda_Max: 30
Priority_Factor: 0.2
Range_Factor_R: 0.8
U_factor: 2
ALpha: 0.2Replicao: 3
Tempos_Processamentos
0	0	1	0	
0	40	1	11	
0	6	1	6	
0	4	1	21	
0	11	1	36	
0	4	1	8	
0	39	1	5	
0	40	1	41	
0	2	1	45	
0	32	1	30	
0	14	1	48	
0	40	1	9	
0	28	1	47	
0	24	1	29	
0	31	1	5	
0	43	1	9	

Tempos_setup
M0
0	0	0	0	0	0	0	0	0	0	0	0	0	0	0	0	
0	0	12	14	11	14	16	2	6	5	10	13	10	1	14	7	
0	38	0	16	31	18	42	40	26	32	27	23	30	34	24	33	
0	22	22	0	15	2	26	24	10	16	11	7	14	18	8	17	
0	14	8	22	0	3	12	16	4	1	8	8	8	15	9	3	
0	21	20	34	13	0	24	23	8	14	9	5	12	16	6	15	
0	23	11	24	30	17	0	13	25	4	15	22	25	24	23	6	
0	10	10	12	19	14	14	0	14	3	14	11	18	11	12	5	
0	13	12	26	5	8	16	15	0	6	4	13	4	14	14	7	
0	26	7	21	26	13	11	24	21	0	11	18	25	27	19	2	
0	38	22	38	48	40	50	40	43	43	0	45	47	30	44	41	
0	16	15	29	8	5	19	18	3	9	4	0	7	11	1	10	
0	9	15	23	20	23	25	11	15	14	10	22	0	10	23	16	
0	8	20	22	19	18	24	10	14	13	17	21	18	0	14	15	
0	15	14	28	7	4	18	17	2	8	3	9	6	10	0	9	
0	30	5	19	24	11	9	22	19	4	9	16	23	27	17	0	
M1
0	0	0	0	0	0	0	0	0	0	0	0	0	0	0	0	
0	0	22	14	24	25	18	13	20	32	21	20	17	29	25	16	
0	18	0	11	13	22	14	3	17	10	39	13	14	12	15	29	
0	20	17	0	30	11	4	8	6	27	35	15	3	24	20	28	
0	19	16	17	0	11	21	17	6	24	31	14	20	13	26	20	
0	19	16	25	29	0	21	17	27	26	40	14	10	13	29	23	
0	16	23	12	36	23	0	4	18	33	37	21	15	20	16	24	
0	22	19	8	32	19	11	0	14	29	43	17	11	16	12	35	
0	24	21	30	34	5	20	22	0	31	45	19	15	18	34	28	
0	22	9	20	3	14	23	12	9	0	34	17	23	16	24	19	
0	17	19	20	3	14	24	20	9	24	0	17	23	16	21	23	
0	20	2	11	15	22	7	3	17	12	41	0	14	14	15	31	
0	25	14	23	27	34	13	15	29	24	46	12	0	26	27	37	
0	6	3	12	16	19	8	4	14	13	27	1	15	0	16	22	
0	10	7	16	20	23	12	8	18	17	31	5	8	4	0	26	
0	30	26	32	39	11	25	27	38	36	51	24	12	24	39	0	
Tamanho_Tarefas
0	25	6	9	15	4	13	40	5	31	21	19	36	24	11	13	
Data_Entrega
0	155	130	110	155	110	135	125	79	88	80	113	154	151	156	117	
Penalidade_Atraso
0	2	4	11	14	2	18	16	19	20	16	15	14	14	11	8	
Capacidade_Veiculo
94	118	65	72	79	
Custo_Fixo_Veiculo
940	1180	650	720	790	
Coordenadas_Clientes
x	0	y	0
x	16	y	0
x	16	y	7
x	11	y	12
x	5	y	18
x	-2	y	24
x	-11	y	19
x	-13	y	9
x	-23	y	4
x	-17	y	-3
x	-19	y	-14
x	-10	y	-17
x	-2	y	-22
x	5	y	-15
x	10	y	-11
x	20	y	-9
Tempo_Viagem
0	16	17	16	18	24	21	15	23	17	23	19	22	15	14	21	
16	0	7	13	21	30	33	30	39	33	37	31	27	18	12	9	
17	7	0	7	15	24	29	29	39	34	40	35	33	24	18	16	
16	13	7	0	8	17	23	24	34	31	39	35	36	27	23	22	
18	21	15	8	0	9	16	20	31	30	40	37	40	33	29	30	
24	30	24	17	9	0	10	18	29	30	41	41	46	39	37	39	
21	33	29	23	16	10	0	10	19	22	33	36	41	36	35	41	
15	30	29	24	20	18	10	0	11	12	23	26	32	30	29	36	
23	39	39	34	31	29	19	11	0	9	18	24	33	33	36	44	
17	33	34	31	30	30	22	12	9	0	11	15	24	25	28	37	
23	37	40	39	40	41	33	23	18	11	0	9	18	24	29	39	
19	31	35	35	37	41	36	26	24	15	9	0	9	15	20	30	
22	27	33	36	40	46	41	32	33	24	18	9	0	9	15	25	
15	18	24	27	33	39	36	30	33	25	24	15	9	0	6	16	
14	12	18	23	29	37	35	29	36	28	29	20	15	6	0	10	
21	9	16	22	30	39	41	36	44	37	39	30	25	16	10	0	
Custo_Viagem
V0
0	300	319	300	338	451	394	282	432	319	432	357	413	282	263	394	
300	0	131	244	394	564	620	564	733	620	695	582	526	338	225	169	
319	131	0	131	282	451	545	545	733	639	752	658	639	451	338	300	
300	244	131	0	150	319	432	451	639	582	733	658	676	507	432	413	
338	394	282	150	0	169	300	376	582	564	752	714	752	620	545	564	
451	564	451	319	169	0	188	338	545	564	770	770	864	733	695	733	
394	620	545	432	300	188	0	188	357	413	620	676	770	695	676	770	
282	564	545	451	376	338	188	0	206	225	432	488	601	564	564	695	
432	733	733	639	582	545	357	206	0	169	338	451	620	620	676	827	
319	620	639	582	564	564	413	225	169	0	206	282	451	470	526	695	
432	695	752	733	752	770	620	432	338	206	0	169	338	451	545	733	
357	582	658	658	714	770	676	488	451	282	169	0	169	282	376	582	
413	526	639	676	752	864	770	601	620	451	338	169	0	169	300	470	
282	338	451	507	620	733	695	564	620	470	451	282	169	0	112	300	
263	225	338	432	545	695	676	564	676	526	545	376	300	112	0	188	
394	169	300	413	564	733	770	695	827	695	733	582	470	300	188	0	
V1
0	377	401	377	424	566	495	354	542	401	542	448	519	354	330	495	
377	0	165	306	495	708	778	708	920	778	873	731	660	424	283	212	
401	165	0	165	354	566	684	684	920	802	944	826	802	566	424	377	
377	306	165	0	188	401	542	566	802	731	920	826	849	637	542	519	
424	495	354	188	0	212	377	472	731	708	944	896	944	778	684	708	
566	708	566	401	212	0	236	424	684	708	967	967	1085	920	873	920	
495	778	684	542	377	236	0	236	448	519	778	849	967	873	849	967	
354	708	684	566	472	424	236	0	259	283	542	613	755	708	708	873	
542	920	920	802	731	684	448	259	0	212	424	566	778	778	849	1038	
401	778	802	731	708	708	519	283	212	0	259	354	566	590	660	873	
542	873	944	920	944	967	778	542	424	259	0	212	424	566	684	920	
448	731	826	826	896	967	849	613	566	354	212	0	212	354	472	731	
519	660	802	849	944	1085	967	755	778	566	424	212	0	212	377	590	
354	424	566	637	778	920	873	708	778	590	566	354	212	0	141	377	
330	283	424	542	684	873	849	708	849	660	684	472	377	141	0	236	
495	212	377	519	708	920	967	873	1038	873	920	731	590	377	236	0	
V2
0	208	221	208	234	312	273	195	299	221	299	247	286	195	182	273	
208	0	91	169	273	390	429	390	507	429	481	403	364	234	156	117	
221	91	0	91	195	312	377	377	507	442	520	455	442	312	234	208	
208	169	91	0	104	221	299	312	442	403	507	455	468	351	299	286	
234	273	195	104	0	117	208	260	403	390	520	494	520	429	377	390	
312	390	312	221	117	0	130	234	377	390	533	533	598	507	481	507	
273	429	377	299	208	130	0	130	247	286	429	468	533	481	468	533	
195	390	377	312	260	234	130	0	143	156	299	338	416	390	390	481	
299	507	507	442	403	377	247	143	0	117	234	312	429	429	468	572	
221	429	442	403	390	390	286	156	117	0	143	195	312	325	364	481	
299	481	520	507	520	533	429	299	234	143	0	117	234	312	377	507	
247	403	455	455	494	533	468	338	312	195	117	0	117	195	260	403	
286	364	442	468	520	598	533	416	429	312	234	117	0	117	208	325	
195	234	312	351	429	507	481	390	429	325	312	195	117	0	78	208	
182	156	234	299	377	481	468	390	468	364	377	260	208	78	0	130	
273	117	208	286	390	507	533	481	572	481	507	403	325	208	130	0	
V3
0	230	244	230	259	345	302	216	331	244	331	273	316	216	201	302	
230	0	100	187	302	432	475	432	561	475	532	446	403	259	172	129	
244	100	0	100	216	345	417	417	561	489	576	504	489	345	259	230	
230	187	100	0	115	244	331	345	489	446	561	504	518	388	331	316	
259	302	216	115	0	129	230	288	446	432	576	547	576	475	417	432	
345	432	345	244	129	0	144	259	417	432	590	590	662	561	532	561	
302	475	417	331	230	144	0	144	273	316	475	518	590	532	518	590	
216	432	417	345	288	259	144	0	158	172	331	374	460	432	432	532	
331	561	561	489	446	417	273	158	0	129	259	345	475	475	518	633	
244	475	489	446	432	432	316	172	129	0	158	216	345	360	403	532	
331	532	576	561	576	590	475	331	259	158	0	129	259	345	417	561	
273	446	504	504	547	590	518	374	345	216	129	0	129	216	288	446	
316	403	489	518	576	662	590	460	475	345	259	129	0	129	230	360	
216	259	345	388	475	561	532	432	475	360	345	216	129	0	86	230	
201	172	259	331	417	532	518	432	518	403	417	288	230	86	0	144	
302	129	230	316	432	561	590	532	633	532	561	446	360	230	144	0	
V4
0	252	268	252	284	379	331	237	363	268	363	300	347	237	221	331	
252	0	110	205	331	474	521	474	616	521	584	489	442	284	189	142	
268	110	0	110	237	379	458	458	616	537	632	553	537	379	284	252	
252	205	110	0	126	268	363	379	537	489	616	553	568	426	363	347	
284	331	237	126	0	142	252	316	489	474	632	600	632	521	458	474	
379	474	379	268	142	0	158	284	458	474	647	647	726	616	584	616	
331	521	458	363	252	158	0	158	300	347	521	568	647	584	568	647	
237	474	458	379	316	284	158	0	173	189	363	410	505	474	474	584	
363	616	616	537	489	458	300	173	0	142	284	379	521	521	568	695	
268	521	537	489	474	474	347	189	142	0	173	237	379	395	442	584	
363	584	632	616	632	647	521	363	284	173	0	142	284	379	458	616	
300	489	553	553	600	647	568	410	379	237	142	0	142	237	316	489	
347	442	537	568	632	726	647	505	521	379	284	142	0	142	252	395	
237	284	379	426	521	616	584	474	521	395	379	237	142	0	94	252	
221	189	284	363	458	584	568	474	568	442	458	316	252	94	0	158	
331	142	252	347	474	616	647	584	695	584	616	489	395	252	158	0	
Velocidade_Veiculos
1	1	1	1	1	