M: 4
N: 15
Nun_Veiculos: 6
Capacidade_Total: 401
Demanda_Total: 292
Setup_Min: 1
Setup_Max: 99
Raio: 100
Circulos: 1
Tempo_Processamento_Min: 1
Tempo_Processamento_Max: 49
Demanda_Min: 10
Demanda_Max: 30
Priority_Factor: 0.2
Range_Factor_R: 0.8
U_factor: 2
ALpha: 0.2Replicao: 1
Tempos_Processamentos
0	0	1	0	2	0	3	0	
0	46	1	20	2	9	3	47	
0	35	1	3	2	44	3	5	
0	43	1	46	2	32	3	4	
0	17	1	10	2	21	3	37	
0	49	1	12	2	45	3	10	
0	34	1	27	2	36	3	9	
0	18	1	21	2	11	3	15	
0	41	1	45	2	25	3	43	
0	15	1	14	2	25	3	15	
0	1	1	25	2	2	3	23	
0	42	1	33	2	6	3	8	
0	22	1	16	2	11	3	46	
0	13	1	38	2	23	3	24	
0	38	1	41	2	35	3	33	
0	29	1	12	2	31	3	4	

Tempos_setup
M0
0	0	0	0	0	0	0	0	0	0	0	0	0	0	0	0	
0	0	43	39	45	42	51	56	43	65	56	45	30	55	55	48	
0	25	0	28	23	27	14	13	16	34	32	18	26	31	18	24	
0	34	16	0	18	15	24	29	25	26	17	27	3	19	28	9	
0	17	20	20	0	19	6	23	7	26	24	9	18	26	10	16	
0	24	1	27	7	0	13	14	14	33	31	16	24	32	17	23	
0	11	14	14	20	13	0	17	16	20	18	18	12	20	4	10	
0	12	15	15	21	14	1	0	17	21	19	19	13	21	5	11	
0	31	24	32	36	33	30	37	0	37	28	2	27	35	24	25	
0	18	24	29	9	27	15	32	16	0	27	15	15	35	19	25	
0	26	29	29	18	28	15	14	19	9	0	21	24	35	19	25	
0	36	39	49	45	38	35	43	41	45	45	0	47	35	29	45	
0	32	13	32	15	12	21	26	22	41	39	24	0	38	25	31	
0	31	13	34	36	33	20	26	29	40	32	31	28	0	24	30	
0	7	10	20	16	9	6	14	12	16	24	14	18	26	0	16	
0	34	15	7	17	14	23	22	24	17	8	26	2	10	27	0	
M1
0	0	0	0	0	0	0	0	0	0	0	0	0	0	0	0	
0	0	24	26	9	30	15	32	20	39	14	28	32	42	33	12	
0	15	0	6	23	16	30	8	7	33	29	4	12	37	9	18	
0	19	5	0	27	10	34	12	1	31	26	9	8	35	12	22	
0	8	16	19	0	21	23	24	17	30	11	20	27	34	25	3	
0	25	26	23	17	0	32	27	22	21	16	30	31	25	28	12	
0	19	20	23	11	28	0	28	17	38	11	24	31	39	29	13	
0	7	10	5	16	15	22	0	6	36	21	14	13	40	1	19	
0	19	4	6	27	16	34	12	0	31	32	8	14	35	13	22	
0	11	7	2	20	6	19	7	3	0	13	11	10	4	8	18	
0	25	10	12	27	22	16	18	6	27	0	14	20	28	19	28	
0	21	7	2	29	12	36	14	3	33	28	0	8	37	12	24	
0	27	13	8	21	18	37	20	9	39	21	17	0	43	4	24	
0	10	13	8	19	2	15	3	9	23	18	17	16	0	4	14	
0	23	9	4	17	14	38	16	5	35	28	13	12	39	0	20	
0	13	21	24	5	18	28	29	18	27	12	23	31	31	30	0	
M2
0	0	0	0	0	0	0	0	0	0	0	0	0	0	0	0	
0	0	25	37	33	34	39	33	34	35	28	29	41	45	49	29	
0	27	0	18	8	12	17	27	9	21	21	22	16	20	27	4	
0	9	33	0	24	28	32	40	37	29	22	22	34	33	43	32	
0	19	9	10	0	4	9	23	13	25	25	26	20	16	19	8	
0	29	7	20	10	0	17	29	11	23	23	24	18	22	29	6	
0	23	13	14	4	8	0	18	17	17	29	30	24	20	23	12	
0	15	8	17	11	1	18	0	12	22	15	25	19	23	22	7	
0	23	21	19	12	16	8	18	0	12	12	13	7	11	22	20	
0	32	14	32	22	18	31	17	23	0	14	35	30	34	39	18	
0	27	21	25	29	22	36	21	30	7	0	26	37	41	43	25	
0	26	19	17	10	14	10	28	23	23	16	0	26	26	29	18	
0	16	19	12	18	12	14	11	9	5	19	22	0	4	15	18	
0	12	15	8	14	8	10	7	19	27	22	30	26	0	29	14	
0	35	33	31	24	28	20	30	12	24	24	25	19	23	0	32	
0	23	1	14	4	8	13	23	5	17	17	18	12	16	23	0	
M3
0	0	0	0	0	0	0	0	0	0	0	0	0	0	0	0	
0	0	9	17	19	9	12	28	21	38	19	44	27	25	21	15	
0	40	0	19	14	24	3	19	23	44	10	35	18	32	12	6	
0	29	11	0	25	35	14	26	4	25	21	28	29	23	23	17	
0	26	17	36	0	23	20	36	40	61	25	52	35	47	29	23	
0	36	27	46	10	0	30	46	50	64	35	62	45	52	39	33	
0	49	19	38	33	43	0	33	42	46	29	32	15	36	31	25	
0	39	27	16	19	42	30	0	20	41	37	40	10	31	39	33	
0	25	31	33	34	34	28	22	0	21	30	24	32	19	33	26	
0	18	10	20	13	19	7	24	24	0	9	39	22	31	22	5	
0	38	12	31	26	36	15	22	31	52	0	42	20	22	24	18	
0	17	20	17	20	15	21	1	21	14	23	0	11	32	32	19	
0	53	41	35	33	53	27	44	28	49	29	52	0	21	35	25	
0	34	25	14	39	32	28	31	9	30	32	33	26	0	14	31	
0	33	18	7	28	18	20	27	11	32	28	26	12	30	0	24	
0	34	16	15	8	31	2	19	19	40	4	34	17	26	28	0	
Tamanho_Tarefas
0	21	19	31	20	21	24	14	27	15	9	7	19	14	34	17	
Data_Entrega
0	187	174	164	196	164	166	197	197	188	172	182	187	168	177	164	
Penalidade_Atraso
0	10	7	4	3	2	3	2	15	19	10	15	8	8	3	19	
Capacidade_Veiculo
40	72	92	75	50	72	
Custo_Fixo_Veiculo
400	720	920	750	500	720	
Coordenadas_Clientes
x	0	y	0
x	96	y	0
x	105	y	46
x	69	y	77
x	25	y	77
x	-8	y	77
x	-60	y	104
x	-60	y	44
x	-75	y	16
x	-78	y	-16
x	-88	y	-64
x	-43	y	-76
x	-11	y	-105
x	35	y	-108
x	76	y	-85
x	104	y	-46
Tempo_Viagem
0	96	114	103	80	77	120	74	76	79	108	87	105	113	114	113	
96	0	46	81	104	129	187	162	171	174	194	158	149	124	87	46	
114	46	0	47	85	117	174	165	182	193	222	191	190	169	133	92	
103	81	47	0	44	77	131	133	156	173	211	189	198	188	162	127	
80	104	85	44	0	33	89	91	117	138	180	167	185	185	169	146	
77	129	117	77	33	0	58	61	90	116	162	156	182	189	182	166	
120	187	174	131	89	58	0	60	89	121	170	180	214	232	232	222	
74	162	165	133	91	61	60	0	31	62	111	121	156	179	187	187	
76	171	182	156	117	90	89	31	0	32	81	97	136	165	181	189	
79	174	193	173	138	116	121	62	32	0	49	69	111	145	168	184	
108	194	222	211	180	162	170	111	81	49	0	46	87	130	165	192	
87	158	191	189	167	156	180	121	97	69	46	0	43	84	119	150	
105	149	190	198	185	182	214	156	136	111	87	43	0	46	89	129	
113	124	169	188	185	189	232	179	165	145	130	84	46	0	47	92	
114	87	133	162	169	182	232	187	181	168	165	119	89	47	0	48	
113	46	92	127	146	166	222	187	189	184	192	150	129	92	48	0	
Custo_Viagem
V0
0	768	912	824	640	616	960	592	608	632	864	696	840	904	912	904	
768	0	368	648	832	1032	1496	1296	1368	1392	1552	1264	1192	992	696	368	
912	368	0	376	680	936	1392	1320	1456	1544	1776	1528	1520	1352	1072	736	
824	648	376	0	352	616	1048	1064	1248	1384	1688	1512	1584	1504	1296	1016	
640	832	680	352	0	264	712	728	936	1104	1440	1336	1480	1480	1352	1168	
616	1032	936	616	264	0	464	488	720	928	1296	1248	1456	1512	1456	1328	
960	1496	1392	1048	712	464	0	480	712	968	1360	1440	1712	1856	1856	1776	
592	1296	1320	1064	728	488	480	0	248	496	888	968	1248	1432	1496	1496	
608	1368	1456	1248	936	720	712	248	0	256	648	776	1088	1320	1448	1512	
632	1392	1544	1384	1104	928	968	496	256	0	392	552	888	1160	1344	1472	
864	1552	1776	1688	1440	1296	1360	888	648	392	0	368	696	1040	1320	1536	
696	1264	1528	1512	1336	1248	1440	968	776	552	368	0	344	672	952	1200	
840	1192	1520	1584	1480	1456	1712	1248	1088	888	696	344	0	368	712	1032	
904	992	1352	1504	1480	1512	1856	1432	1320	1160	1040	672	368	0	376	736	
912	696	1072	1296	1352	1456	1856	1496	1448	1344	1320	952	712	376	0	384	
904	368	736	1016	1168	1328	1776	1496	1512	1472	1536	1200	1032	736	384	0	
V1
0	1382	1641	1483	1152	1108	1728	1065	1094	1137	1555	1252	1512	1627	1641	1627	
1382	0	662	1166	1497	1857	2692	2332	2462	2505	2793	2275	2145	1785	1252	662	
1641	662	0	676	1224	1684	2505	2376	2620	2779	3196	2750	2736	2433	1929	1324	
1483	1166	676	0	633	1108	1886	1915	2246	2491	3038	2721	2851	2707	2332	1828	
1152	1497	1224	633	0	475	1281	1310	1684	1987	2592	2404	2664	2664	2433	2102	
1108	1857	1684	1108	475	0	835	878	1296	1670	2332	2246	2620	2721	2620	2390	
1728	2692	2505	1886	1281	835	0	864	1281	1742	2448	2592	3081	3340	3340	3196	
1065	2332	2376	1915	1310	878	864	0	446	892	1598	1742	2246	2577	2692	2692	
1094	2462	2620	2246	1684	1296	1281	446	0	460	1166	1396	1958	2376	2606	2721	
1137	2505	2779	2491	1987	1670	1742	892	460	0	705	993	1598	2088	2419	2649	
1555	2793	3196	3038	2592	2332	2448	1598	1166	705	0	662	1252	1872	2376	2764	
1252	2275	2750	2721	2404	2246	2592	1742	1396	993	662	0	619	1209	1713	2160	
1512	2145	2736	2851	2664	2620	3081	2246	1958	1598	1252	619	0	662	1281	1857	
1627	1785	2433	2707	2664	2721	3340	2577	2376	2088	1872	1209	662	0	676	1324	
1641	1252	1929	2332	2433	2620	3340	2692	2606	2419	2376	1713	1281	676	0	691	
1627	662	1324	1828	2102	2390	3196	2692	2721	2649	2764	2160	1857	1324	691	0	
V2
0	1766	2097	1895	1472	1416	2208	1361	1398	1453	1987	1600	1932	2079	2097	2079	
1766	0	846	1490	1913	2373	3440	2980	3146	3201	3569	2907	2741	2281	1600	846	
2097	846	0	864	1564	2152	3201	3036	3348	3551	4084	3514	3496	3109	2465	1692	
1895	1490	864	0	809	1416	2410	2447	2870	3183	3882	3477	3643	3459	2980	2336	
1472	1913	1564	809	0	607	1637	1674	2152	2539	3312	3072	3404	3404	3109	2686	
1416	2373	2152	1416	607	0	1067	1122	1656	2134	2980	2870	3348	3477	3348	3054	
2208	3440	3201	2410	1637	1067	0	1104	1637	2226	3128	3312	3937	4268	4268	4084	
1361	2980	3036	2447	1674	1122	1104	0	570	1140	2042	2226	2870	3293	3440	3440	
1398	3146	3348	2870	2152	1656	1637	570	0	588	1490	1784	2502	3036	3330	3477	
1453	3201	3551	3183	2539	2134	2226	1140	588	0	901	1269	2042	2668	3091	3385	
1987	3569	4084	3882	3312	2980	3128	2042	1490	901	0	846	1600	2392	3036	3532	
1600	2907	3514	3477	3072	2870	3312	2226	1784	1269	846	0	791	1545	2189	2760	
1932	2741	3496	3643	3404	3348	3937	2870	2502	2042	1600	791	0	846	1637	2373	
2079	2281	3109	3459	3404	3477	4268	3293	3036	2668	2392	1545	846	0	864	1692	
2097	1600	2465	2980	3109	3348	4268	3440	3330	3091	3036	2189	1637	864	0	883	
2079	846	1692	2336	2686	3054	4084	3440	3477	3385	3532	2760	2373	1692	883	0	
V3
0	1440	1710	1545	1200	1155	1800	1110	1140	1185	1620	1305	1575	1695	1710	1695	
1440	0	690	1215	1560	1935	2805	2430	2565	2610	2910	2370	2235	1860	1305	690	
1710	690	0	705	1275	1755	2610	2475	2730	2895	3330	2865	2850	2535	2010	1380	
1545	1215	705	0	660	1155	1965	1995	2340	2595	3165	2835	2970	2820	2430	1905	
1200	1560	1275	660	0	495	1335	1365	1755	2070	2700	2505	2775	2775	2535	2190	
1155	1935	1755	1155	495	0	870	915	1350	1740	2430	2340	2730	2835	2730	2490	
1800	2805	2610	1965	1335	870	0	900	1335	1815	2550	2700	3210	3480	3480	3330	
1110	2430	2475	1995	1365	915	900	0	465	930	1665	1815	2340	2685	2805	2805	
1140	2565	2730	2340	1755	1350	1335	465	0	480	1215	1455	2040	2475	2715	2835	
1185	2610	2895	2595	2070	1740	1815	930	480	0	735	1035	1665	2175	2520	2760	
1620	2910	3330	3165	2700	2430	2550	1665	1215	735	0	690	1305	1950	2475	2880	
1305	2370	2865	2835	2505	2340	2700	1815	1455	1035	690	0	645	1260	1785	2250	
1575	2235	2850	2970	2775	2730	3210	2340	2040	1665	1305	645	0	690	1335	1935	
1695	1860	2535	2820	2775	2835	3480	2685	2475	2175	1950	1260	690	0	705	1380	
1710	1305	2010	2430	2535	2730	3480	2805	2715	2520	2475	1785	1335	705	0	720	
1695	690	1380	1905	2190	2490	3330	2805	2835	2760	2880	2250	1935	1380	720	0	
V4
0	960	1140	1030	800	770	1200	740	760	790	1080	870	1050	1130	1140	1130	
960	0	460	810	1040	1290	1870	1620	1710	1740	1940	1580	1490	1240	870	460	
1140	460	0	470	850	1170	1740	1650	1820	1930	2220	1910	1900	1690	1340	920	
1030	810	470	0	440	770	1310	1330	1560	1730	2110	1890	1980	1880	1620	1270	
800	1040	850	440	0	330	890	910	1170	1380	1800	1670	1850	1850	1690	1460	
770	1290	1170	770	330	0	580	610	900	1160	1620	1560	1820	1890	1820	1660	
1200	1870	1740	1310	890	580	0	600	890	1210	1700	1800	2140	2320	2320	2220	
740	1620	1650	1330	910	610	600	0	310	620	1110	1210	1560	1790	1870	1870	
760	1710	1820	1560	1170	900	890	310	0	320	810	970	1360	1650	1810	1890	
790	1740	1930	1730	1380	1160	1210	620	320	0	490	690	1110	1450	1680	1840	
1080	1940	2220	2110	1800	1620	1700	1110	810	490	0	460	870	1300	1650	1920	
870	1580	1910	1890	1670	1560	1800	1210	970	690	460	0	430	840	1190	1500	
1050	1490	1900	1980	1850	1820	2140	1560	1360	1110	870	430	0	460	890	1290	
1130	1240	1690	1880	1850	1890	2320	1790	1650	1450	1300	840	460	0	470	920	
1140	870	1340	1620	1690	1820	2320	1870	1810	1680	1650	1190	890	470	0	480	
1130	460	920	1270	1460	1660	2220	1870	1890	1840	1920	1500	1290	920	480	0	
V5
0	1382	1641	1483	1152	1108	1728	1065	1094	1137	1555	1252	1512	1627	1641	1627	
1382	0	662	1166	1497	1857	2692	2332	2462	2505	2793	2275	2145	1785	1252	662	
1641	662	0	676	1224	1684	2505	2376	2620	2779	3196	2750	2736	2433	1929	1324	
1483	1166	676	0	633	1108	1886	1915	2246	2491	3038	2721	2851	2707	2332	1828	
1152	1497	1224	633	0	475	1281	1310	1684	1987	2592	2404	2664	2664	2433	2102	
1108	1857	1684	1108	475	0	835	878	1296	1670	2332	2246	2620	2721	2620	2390	
1728	2692	2505	1886	1281	835	0	864	1281	1742	2448	2592	3081	3340	3340	3196	
1065	2332	2376	1915	1310	878	864	0	446	892	1598	1742	2246	2577	2692	2692	
1094	2462	2620	2246	1684	1296	1281	446	0	460	1166	1396	1958	2376	2606	2721	
1137	2505	2779	2491	1987	1670	1742	892	460	0	705	993	1598	2088	2419	2649	
1555	2793	3196	3038	2592	2332	2448	1598	1166	705	0	662	1252	1872	2376	2764	
1252	2275	2750	2721	2404	2246	2592	1742	1396	993	662	0	619	1209	1713	2160	
1512	2145	2736	2851	2664	2620	3081	2246	1958	1598	1252	619	0	662	1281	1857	
1627	1785	2433	2707	2664	2721	3340	2577	2376	2088	1872	1209	662	0	676	1324	
1641	1252	1929	2332	2433	2620	3340	2692	2606	2419	2376	1713	1281	676	0	691	
1627	662	1324	1828	2102	2390	3196	2692	2721	2649	2764	2160	1857	1324	691	0	
Velocidade_Veiculos
1	1	1	1	1	1	