M: 4
N: 15
Nun_Veiculos: 8
Capacidade_Total: 606
Demanda_Total: 280
Setup_Min: 1
Setup_Max: 9
Raio: 100
Circulos: 1
Tempo_Processamento_Min: 1
Tempo_Processamento_Max: 49
Demanda_Min: 10
Demanda_Max: 30
Priority_Factor: 0.2
Range_Factor_R: 0.8
U_factor: 2
ALpha: 0.2Replicao: 0
Tempos_Processamentos
0	0	1	0	2	0	3	0	
0	19	1	39	2	35	3	22	
0	37	1	22	2	40	3	4	
0	9	1	40	2	44	3	2	
0	3	1	27	2	32	3	31	
0	33	1	4	2	27	3	30	
0	9	1	10	2	29	3	34	
0	6	1	2	2	1	3	1	
0	41	1	6	2	23	3	22	
0	35	1	23	2	47	3	33	
0	12	1	39	2	15	3	29	
0	23	1	42	2	23	3	47	
0	33	1	25	2	15	3	31	
0	38	1	8	2	29	3	2	
0	21	1	35	2	42	3	39	
0	32	1	23	2	6	3	35	

Tempos_setup
M0
0	0	0	0	0	0	0	0	0	0	0	0	0	0	0	0	
0	0	4	4	3	2	4	3	2	5	5	3	5	4	6	5	
0	4	0	5	2	1	2	2	3	4	4	3	2	3	5	2	
0	3	3	0	2	4	3	2	4	3	1	2	4	3	3	3	
0	3	3	3	0	3	3	2	3	2	4	2	4	1	3	2	
0	4	2	4	1	0	4	1	2	3	5	3	3	2	4	3	
0	4	3	4	1	4	0	2	4	3	5	3	4	2	4	3	
0	4	1	5	2	2	3	0	4	3	4	3	2	3	5	3	
0	2	4	4	3	2	3	3	0	3	5	5	5	4	4	4	
0	3	4	4	1	3	4	3	1	0	4	3	2	2	4	1	
0	2	2	4	1	3	2	1	3	3	0	1	3	2	4	3	
0	1	4	5	2	3	1	3	2	4	2	0	3	3	3	2	
0	2	4	4	3	4	2	3	3	3	2	1	0	2	4	3	
0	2	4	2	2	2	2	3	2	1	3	1	3	0	4	1	
0	5	2	6	3	3	4	1	4	3	4	4	3	4	0	4	
0	4	3	4	2	4	4	4	4	3	5	3	5	2	3	0	
M1
0	0	0	0	0	0	0	0	0	0	0	0	0	0	0	0	
0	0	1	5	3	1	3	3	1	1	5	3	2	4	2	2	
0	5	0	4	3	4	4	2	4	3	7	3	2	4	1	4	
0	5	3	0	3	3	2	5	5	5	5	3	4	2	1	4	
0	5	2	3	0	4	4	2	5	2	5	1	4	2	1	4	
0	5	3	4	2	0	6	4	6	4	4	2	1	3	3	1	
0	3	4	5	3	1	0	5	4	4	5	3	2	4	2	2	
0	5	3	5	3	3	2	0	5	5	5	3	4	4	1	2	
0	1	1	5	4	2	4	3	0	2	6	4	3	5	2	3	
0	4	2	6	4	2	2	2	5	0	6	4	3	5	3	3	
0	6	3	5	3	5	6	4	5	5	0	4	1	4	4	4	
0	4	1	2	4	5	4	2	4	4	4	0	3	1	2	4	
0	5	2	5	4	4	5	4	6	5	7	3	0	4	3	5	
0	4	3	1	3	4	3	4	3	5	3	2	4	0	1	5	
0	4	3	4	2	5	4	4	4	4	6	2	5	3	0	4	
0	6	3	4	6	7	6	4	5	5	3	2	4	3	4	0	
M2
0	0	0	0	0	0	0	0	0	0	0	0	0	0	0	0	
0	0	2	3	1	3	1	3	4	4	2	1	4	2	1	3	
0	3	0	1	4	1	2	1	3	4	3	4	3	3	2	3	
0	2	4	0	3	3	3	2	2	4	2	3	5	2	1	3	
0	2	4	5	0	5	3	4	4	5	3	3	3	3	2	4	
0	6	5	6	4	0	7	6	4	6	7	7	5	6	6	5	
0	4	4	5	2	4	0	5	5	3	4	5	5	2	4	2	
0	5	4	3	3	1	1	0	2	3	4	6	6	3	4	3	
0	5	3	4	3	1	5	4	0	2	3	6	5	4	4	1	
0	3	1	2	2	2	3	2	3	0	1	4	4	3	2	3	
0	2	4	4	3	2	2	1	2	3	0	3	4	2	1	2	
0	5	5	6	3	6	6	5	7	4	5	0	4	6	5	6	
0	6	5	4	4	2	2	1	3	4	5	7	0	4	5	4	
0	3	5	5	1	2	4	5	4	6	4	4	4	0	3	5	
0	1	3	3	2	3	2	2	3	4	1	2	4	1	0	3	
0	4	2	3	3	3	4	3	4	1	2	5	5	4	3	0	
M3
0	0	0	0	0	0	0	0	0	0	0	0	0	0	0	0	
0	0	2	1	4	4	3	2	2	3	2	2	4	2	4	2	
0	3	0	4	3	3	2	4	3	5	4	4	3	4	4	1	
0	1	1	0	3	3	3	3	1	4	3	2	4	2	4	2	
0	4	4	3	0	3	3	2	3	5	4	4	4	4	6	5	
0	2	3	2	2	0	3	2	3	2	1	4	1	1	4	3	
0	4	3	4	4	4	0	3	4	3	3	2	3	4	4	2	
0	2	2	1	3	4	1	0	1	4	3	2	2	3	4	3	
0	3	2	3	2	4	3	2	0	3	2	1	4	2	3	3	
0	3	4	3	1	4	3	2	3	0	3	4	4	2	2	3	
0	1	3	2	2	2	4	3	3	1	0	3	3	3	3	3	
0	2	1	2	3	3	2	1	2	2	1	0	3	2	2	2	
0	2	2	1	1	4	4	3	2	3	4	3	0	3	5	3	
0	2	3	2	3	3	3	3	3	2	1	4	3	0	4	2	
0	3	2	2	3	2	1	1	2	4	3	3	2	3	0	1	
0	2	4	3	3	2	1	4	3	4	3	3	2	3	3	0	
Tamanho_Tarefas
0	26	24	4	22	16	11	2	21	34	20	23	24	19	21	13	
Data_Entrega
0	183	191	181	167	187	177	178	193	186	183	193	170	172	175	181	
Penalidade_Atraso
0	3	20	17	18	2	6	14	17	15	19	18	13	17	12	14	
Capacidade_Veiculo
85	49	41	68	95	94	76	98	
Custo_Fixo_Veiculo
850	490	410	680	950	940	760	980	
Coordenadas_Clientes
x	0	y	0
x	115	y	0
x	87	y	39
x	63	y	70
x	38	y	116
x	-7	y	74
x	-49	y	85
x	-97	y	70
x	-106	y	22
x	-73	y	-15
x	-84	y	-61
x	-42	y	-73
x	-10	y	-98
x	32	y	-99
x	67	y	-75
x	110	y	-49
Tempo_Viagem
0	115	95	94	122	74	98	119	108	74	103	84	98	104	100	120	
115	0	48	87	139	142	184	223	222	188	208	173	158	129	89	49	
95	48	0	39	91	100	143	186	193	168	198	170	167	148	115	90	
94	87	39	0	52	70	113	160	175	160	196	177	183	171	145	127	
122	139	91	52	0	61	92	142	171	171	214	205	219	215	193	179	
74	142	100	70	61	0	43	90	111	110	155	151	172	177	166	169	
98	184	143	113	92	43	0	50	84	102	149	158	187	201	197	207	
119	223	186	160	142	90	50	0	48	88	131	153	189	212	218	238	
108	222	193	175	171	111	84	48	0	49	85	114	153	183	198	227	
74	188	168	160	171	110	102	88	49	0	47	65	104	134	152	186	
103	208	198	196	214	155	149	131	85	47	0	43	82	121	151	194	
84	173	170	177	205	151	158	153	114	65	43	0	40	78	109	153	
98	158	167	183	219	172	187	189	153	104	82	40	0	42	80	129	
104	129	148	171	215	177	201	212	183	134	121	78	42	0	42	92	
100	89	115	145	193	166	197	218	198	152	151	109	80	42	0	50	
120	49	90	127	179	169	207	238	227	186	194	153	129	92	50	0	
Custo_Viagem
V0
0	1955	1615	1598	2074	1258	1666	2023	1836	1258	1751	1428	1666	1768	1700	2040	
1955	0	816	1479	2363	2414	3128	3791	3774	3196	3536	2941	2686	2193	1513	833	
1615	816	0	663	1547	1700	2431	3162	3281	2856	3366	2890	2839	2516	1955	1530	
1598	1479	663	0	884	1190	1921	2720	2975	2720	3332	3009	3111	2907	2465	2159	
2074	2363	1547	884	0	1037	1564	2414	2907	2907	3638	3485	3723	3655	3281	3060	
1258	2414	1700	1190	1037	0	731	1530	1887	1870	2635	2567	2924	3009	2822	2873	
1666	3128	2431	1921	1564	731	0	850	1428	1734	2550	2686	3179	3417	3349	3519	
2023	3791	3162	2720	2414	1530	850	0	816	1496	2227	2601	3213	3604	3706	4046	
1836	3774	3281	2975	2907	1887	1428	816	0	833	1445	1938	2601	3111	3366	3859	
1258	3196	2856	2720	2907	1870	1734	1496	833	0	799	1105	1768	2278	2584	3162	
1751	3536	3366	3332	3638	2635	2550	2227	1445	799	0	731	1394	2074	2567	3298	
1428	2941	2890	3009	3485	2567	2686	2601	1938	1105	731	0	680	1326	1853	2601	
1666	2686	2839	3111	3723	2924	3179	3213	2601	1768	1394	680	0	714	1360	2193	
1768	2193	2516	2907	3655	3009	3417	3604	3111	2278	2074	1326	714	0	714	1564	
1700	1513	1955	2465	3281	2822	3349	3706	3366	2584	2567	1853	1360	714	0	850	
2040	833	1530	2159	3060	2873	3519	4046	3859	3162	3298	2601	2193	1564	850	0	
V1
0	1127	931	921	1195	725	960	1166	1058	725	1009	823	960	1019	980	1176	
1127	0	470	852	1362	1391	1803	2185	2175	1842	2038	1695	1548	1264	872	480	
931	470	0	382	891	980	1401	1822	1891	1646	1940	1666	1636	1450	1127	882	
921	852	382	0	509	686	1107	1568	1715	1568	1920	1734	1793	1675	1421	1244	
1195	1362	891	509	0	597	901	1391	1675	1675	2097	2009	2146	2107	1891	1764	
725	1391	980	686	597	0	421	882	1087	1078	1519	1479	1685	1734	1626	1656	
960	1803	1401	1107	901	421	0	490	823	999	1470	1548	1832	1969	1930	2028	
1166	2185	1822	1568	1391	882	490	0	470	862	1283	1499	1852	2077	2136	2332	
1058	2175	1891	1715	1675	1087	823	470	0	480	833	1117	1499	1793	1940	2224	
725	1842	1646	1568	1675	1078	999	862	480	0	460	637	1019	1313	1489	1822	
1009	2038	1940	1920	2097	1519	1470	1283	833	460	0	421	803	1195	1479	1901	
823	1695	1666	1734	2009	1479	1548	1499	1117	637	421	0	392	764	1068	1499	
960	1548	1636	1793	2146	1685	1832	1852	1499	1019	803	392	0	411	784	1264	
1019	1264	1450	1675	2107	1734	1969	2077	1793	1313	1195	764	411	0	411	901	
980	872	1127	1421	1891	1626	1930	2136	1940	1489	1479	1068	784	411	0	490	
1176	480	882	1244	1764	1656	2028	2332	2224	1822	1901	1499	1264	901	490	0	
V2
0	943	779	770	1000	606	803	975	885	606	844	688	803	852	820	984	
943	0	393	713	1139	1164	1508	1828	1820	1541	1705	1418	1295	1057	729	401	
779	393	0	319	746	820	1172	1525	1582	1377	1623	1394	1369	1213	943	738	
770	713	319	0	426	574	926	1312	1435	1312	1607	1451	1500	1402	1189	1041	
1000	1139	746	426	0	500	754	1164	1402	1402	1754	1681	1795	1763	1582	1476	
606	1164	820	574	500	0	352	738	910	902	1271	1238	1410	1451	1361	1385	
803	1508	1172	926	754	352	0	410	688	836	1230	1295	1533	1648	1615	1697	
975	1828	1525	1312	1164	738	410	0	393	721	1074	1254	1549	1738	1787	1951	
885	1820	1582	1435	1402	910	688	393	0	401	697	934	1254	1500	1623	1861	
606	1541	1377	1312	1402	902	836	721	401	0	385	533	852	1098	1246	1525	
844	1705	1623	1607	1754	1271	1230	1074	697	385	0	352	672	1000	1238	1590	
688	1418	1394	1451	1681	1238	1295	1254	934	533	352	0	328	639	893	1254	
803	1295	1369	1500	1795	1410	1533	1549	1254	852	672	328	0	344	656	1057	
852	1057	1213	1402	1763	1451	1648	1738	1500	1098	1000	639	344	0	344	754	
820	729	943	1189	1582	1361	1615	1787	1623	1246	1238	893	656	344	0	410	
984	401	738	1041	1476	1385	1697	1951	1861	1525	1590	1254	1057	754	410	0	
V3
0	1564	1292	1278	1659	1006	1332	1618	1468	1006	1400	1142	1332	1414	1360	1632	
1564	0	652	1183	1890	1931	2502	3032	3019	2556	2828	2352	2148	1754	1210	666	
1292	652	0	530	1237	1360	1944	2529	2624	2284	2692	2312	2271	2012	1564	1224	
1278	1183	530	0	707	952	1536	2176	2380	2176	2665	2407	2488	2325	1972	1727	
1659	1890	1237	707	0	829	1251	1931	2325	2325	2910	2788	2978	2924	2624	2448	
1006	1931	1360	952	829	0	584	1224	1509	1496	2108	2053	2339	2407	2257	2298	
1332	2502	1944	1536	1251	584	0	680	1142	1387	2040	2148	2543	2733	2679	2815	
1618	3032	2529	2176	1931	1224	680	0	652	1196	1781	2080	2570	2883	2964	3236	
1468	3019	2624	2380	2325	1509	1142	652	0	666	1156	1550	2080	2488	2692	3087	
1006	2556	2284	2176	2325	1496	1387	1196	666	0	639	884	1414	1822	2067	2529	
1400	2828	2692	2665	2910	2108	2040	1781	1156	639	0	584	1115	1659	2053	2638	
1142	2352	2312	2407	2788	2053	2148	2080	1550	884	584	0	544	1060	1482	2080	
1332	2148	2271	2488	2978	2339	2543	2570	2080	1414	1115	544	0	571	1088	1754	
1414	1754	2012	2325	2924	2407	2733	2883	2488	1822	1659	1060	571	0	571	1251	
1360	1210	1564	1972	2624	2257	2679	2964	2692	2067	2053	1482	1088	571	0	680	
1632	666	1224	1727	2448	2298	2815	3236	3087	2529	2638	2080	1754	1251	680	0	
V4
0	2185	1805	1786	2318	1406	1862	2261	2052	1406	1957	1596	1862	1976	1900	2280	
2185	0	912	1653	2641	2698	3496	4237	4218	3572	3952	3287	3002	2451	1691	931	
1805	912	0	741	1729	1900	2717	3534	3667	3192	3762	3230	3173	2812	2185	1710	
1786	1653	741	0	988	1330	2147	3040	3325	3040	3724	3363	3477	3249	2755	2413	
2318	2641	1729	988	0	1159	1748	2698	3249	3249	4066	3895	4161	4085	3667	3420	
1406	2698	1900	1330	1159	0	817	1710	2109	2090	2945	2869	3268	3363	3154	3211	
1862	3496	2717	2147	1748	817	0	950	1596	1938	2850	3002	3553	3819	3743	3933	
2261	4237	3534	3040	2698	1710	950	0	912	1672	2489	2907	3591	4028	4142	4522	
2052	4218	3667	3325	3249	2109	1596	912	0	931	1615	2166	2907	3477	3762	4313	
1406	3572	3192	3040	3249	2090	1938	1672	931	0	893	1235	1976	2546	2888	3534	
1957	3952	3762	3724	4066	2945	2850	2489	1615	893	0	817	1558	2318	2869	3686	
1596	3287	3230	3363	3895	2869	3002	2907	2166	1235	817	0	760	1482	2071	2907	
1862	3002	3173	3477	4161	3268	3553	3591	2907	1976	1558	760	0	798	1520	2451	
1976	2451	2812	3249	4085	3363	3819	4028	3477	2546	2318	1482	798	0	798	1748	
1900	1691	2185	2755	3667	3154	3743	4142	3762	2888	2869	2071	1520	798	0	950	
2280	931	1710	2413	3420	3211	3933	4522	4313	3534	3686	2907	2451	1748	950	0	
V5
0	2162	1786	1767	2293	1391	1842	2237	2030	1391	1936	1579	1842	1955	1880	2256	
2162	0	902	1635	2613	2669	3459	4192	4173	3534	3910	3252	2970	2425	1673	921	
1786	902	0	733	1710	1880	2688	3496	3628	3158	3722	3196	3139	2782	2162	1692	
1767	1635	733	0	977	1316	2124	3008	3290	3008	3684	3327	3440	3214	2726	2387	
2293	2613	1710	977	0	1146	1729	2669	3214	3214	4023	3854	4117	4042	3628	3384	
1391	2669	1880	1316	1146	0	808	1692	2086	2068	2914	2838	3233	3327	3120	3177	
1842	3459	2688	2124	1729	808	0	940	1579	1917	2820	2970	3515	3778	3703	3891	
2237	4192	3496	3008	2669	1692	940	0	902	1654	2462	2876	3553	3985	4098	4474	
2030	4173	3628	3290	3214	2086	1579	902	0	921	1598	2143	2876	3440	3722	4267	
1391	3534	3158	3008	3214	2068	1917	1654	921	0	883	1222	1955	2519	2857	3496	
1936	3910	3722	3684	4023	2914	2820	2462	1598	883	0	808	1541	2293	2838	3647	
1579	3252	3196	3327	3854	2838	2970	2876	2143	1222	808	0	752	1466	2049	2876	
1842	2970	3139	3440	4117	3233	3515	3553	2876	1955	1541	752	0	789	1504	2425	
1955	2425	2782	3214	4042	3327	3778	3985	3440	2519	2293	1466	789	0	789	1729	
1880	1673	2162	2726	3628	3120	3703	4098	3722	2857	2838	2049	1504	789	0	940	
2256	921	1692	2387	3384	3177	3891	4474	4267	3496	3647	2876	2425	1729	940	0	
V6
0	1748	1444	1428	1854	1124	1489	1808	1641	1124	1565	1276	1489	1580	1520	1824	
1748	0	729	1322	2112	2158	2796	3389	3374	2857	3161	2629	2401	1960	1352	744	
1444	729	0	592	1383	1520	2173	2827	2933	2553	3009	2584	2538	2249	1748	1368	
1428	1322	592	0	790	1064	1717	2432	2660	2432	2979	2690	2781	2599	2204	1930	
1854	2112	1383	790	0	927	1398	2158	2599	2599	3252	3116	3328	3268	2933	2736	
1124	2158	1520	1064	927	0	653	1368	1687	1672	2356	2295	2614	2690	2523	2568	
1489	2796	2173	1717	1398	653	0	760	1276	1550	2280	2401	2842	3055	2994	3146	
1808	3389	2827	2432	2158	1368	760	0	729	1337	1991	2325	2872	3222	3313	3617	
1641	3374	2933	2660	2599	1687	1276	729	0	744	1292	1732	2325	2781	3009	3450	
1124	2857	2553	2432	2599	1672	1550	1337	744	0	714	988	1580	2036	2310	2827	
1565	3161	3009	2979	3252	2356	2280	1991	1292	714	0	653	1246	1854	2295	2948	
1276	2629	2584	2690	3116	2295	2401	2325	1732	988	653	0	608	1185	1656	2325	
1489	2401	2538	2781	3328	2614	2842	2872	2325	1580	1246	608	0	638	1216	1960	
1580	1960	2249	2599	3268	2690	3055	3222	2781	2036	1854	1185	638	0	638	1398	
1520	1352	1748	2204	2933	2523	2994	3313	3009	2310	2295	1656	1216	638	0	760	
1824	744	1368	1930	2736	2568	3146	3617	3450	2827	2948	2325	1960	1398	760	0	
V7
0	2254	1862	1842	2391	1450	1920	2332	2116	1450	2018	1646	1920	2038	1960	2352	
2254	0	940	1705	2724	2783	3606	4370	4351	3684	4076	3390	3096	2528	1744	960	
1862	940	0	764	1783	1960	2802	3645	3782	3292	3880	3332	3273	2900	2254	1764	
1842	1705	764	0	1019	1372	2214	3136	3430	3136	3841	3469	3586	3351	2842	2489	
2391	2724	1783	1019	0	1195	1803	2783	3351	3351	4194	4018	4292	4214	3782	3528	
1450	2783	1960	1372	1195	0	842	1764	2175	2156	3038	2959	3371	3469	3253	3312	
1920	3606	2802	2214	1803	842	0	980	1646	1999	2940	3096	3665	3939	3861	4057	
2332	4370	3645	3136	2783	1764	980	0	940	1724	2567	2998	3704	4155	4272	4664	
2116	4351	3782	3430	3351	2175	1646	940	0	960	1666	2234	2998	3586	3880	4449	
1450	3684	3292	3136	3351	2156	1999	1724	960	0	921	1274	2038	2626	2979	3645	
2018	4076	3880	3841	4194	3038	2940	2567	1666	921	0	842	1607	2391	2959	3802	
1646	3390	3332	3469	4018	2959	3096	2998	2234	1274	842	0	784	1528	2136	2998	
1920	3096	3273	3586	4292	3371	3665	3704	2998	2038	1607	784	0	823	1568	2528	
2038	2528	2900	3351	4214	3469	3939	4155	3586	2626	2391	1528	823	0	823	1803	
1960	1744	2254	2842	3782	3253	3861	4272	3880	2979	2959	2136	1568	823	0	980	
2352	960	1764	2489	3528	3312	4057	4664	4449	3645	3802	2998	2528	1803	980	0	
Velocidade_Veiculos
1	1	1	1	1	1	1	1	