M: 4
N: 15
Nun_Veiculos: 7
Capacidade_Total: 403
Demanda_Total: 248
Setup_Min: 1
Setup_Max: 9
Raio: 100
Circulos: 1
Tempo_Processamento_Min: 1
Tempo_Processamento_Max: 49
Demanda_Min: 10
Demanda_Max: 30
Priority_Factor: 0.2
Range_Factor_R: 0.8
U_factor: 2
ALpha: 0.2Replicao: 0
Tempos_Processamentos
0	0	1	0	2	0	3	0	
0	25	1	12	2	17	3	46	
0	41	1	31	2	49	3	14	
0	34	1	30	2	13	3	41	
0	43	1	18	2	23	3	10	
0	43	1	25	2	47	3	48	
0	19	1	17	2	25	3	44	
0	17	1	29	2	21	3	10	
0	15	1	22	2	7	3	34	
0	34	1	27	2	37	3	17	
0	7	1	31	2	6	3	36	
0	32	1	8	2	30	3	11	
0	27	1	11	2	41	3	38	
0	19	1	28	2	9	3	22	
0	23	1	43	2	47	3	5	
0	9	1	2	2	43	3	19	

Tempos_setup
M0
0	0	0	0	0	0	0	0	0	0	0	0	0	0	0	0	
0	0	3	5	3	2	4	1	2	3	3	2	3	2	1	3	
0	5	0	6	2	4	4	5	4	5	7	5	5	4	3	5	
0	3	4	0	1	3	4	4	3	3	5	2	3	2	2	3	
0	4	4	5	0	2	5	3	2	3	5	3	3	3	1	3	
0	5	2	6	4	0	6	4	3	4	3	4	5	4	4	3	
0	3	3	4	4	2	0	4	3	2	3	3	4	3	2	1	
0	3	2	5	4	1	3	0	3	5	2	4	3	2	3	4	
0	2	3	4	4	2	3	1	0	2	3	3	2	1	2	1	
0	1	4	2	2	3	2	2	3	0	4	3	4	3	2	3	
0	5	6	3	4	5	4	4	6	4	0	5	5	4	5	5	
0	1	4	3	1	3	3	2	3	1	4	0	4	3	2	3	
0	1	4	2	3	3	5	2	3	4	4	3	0	3	2	3	
0	2	2	3	3	3	5	3	2	3	3	2	1	0	1	3	
0	3	4	4	2	2	4	2	1	3	4	2	2	2	0	2	
0	2	3	3	3	3	3	3	2	1	5	3	3	3	1	0	
M1
0	0	0	0	0	0	0	0	0	0	0	0	0	0	0	0	
0	0	5	3	3	3	3	2	5	1	1	3	2	4	4	5	
0	2	0	1	2	3	2	1	4	3	3	2	3	4	4	5	
0	2	4	0	2	2	4	1	4	3	3	2	2	4	3	4	
0	2	3	2	0	1	3	1	2	2	3	2	1	2	2	3	
0	4	2	3	2	0	2	3	3	3	3	4	3	4	1	3	
0	3	4	3	1	2	0	2	3	3	4	3	2	2	3	3	
0	1	3	3	1	2	4	0	3	2	2	1	2	3	3	4	
0	3	4	1	3	2	4	2	0	2	4	3	1	3	3	4	
0	2	4	2	2	2	2	1	4	0	3	2	1	3	3	4	
0	5	7	5	5	6	7	4	4	6	0	5	5	7	6	8	
0	3	5	3	3	3	3	2	5	1	2	0	2	4	4	5	
0	3	5	3	3	3	3	2	4	1	4	3	0	2	4	3	
0	2	5	1	3	3	4	2	2	3	3	3	3	0	4	1	
0	3	1	2	1	2	1	2	3	3	2	3	2	3	0	2	
0	2	4	2	2	3	3	1	1	3	3	2	2	3	4	0	
M2
0	0	0	0	0	0	0	0	0	0	0	0	0	0	0	0	
0	0	4	3	3	2	1	4	4	2	1	2	3	3	2	4	
0	3	0	1	3	2	3	2	1	3	1	2	2	2	2	2	
0	4	2	0	4	3	4	2	2	2	3	3	3	4	3	1	
0	6	4	2	0	2	4	1	3	3	5	3	4	5	3	3	
0	4	3	1	2	0	5	3	3	2	3	4	3	3	1	2	
0	3	3	2	3	1	0	4	4	2	4	1	4	2	2	3	
0	5	4	2	3	1	3	0	2	3	4	2	3	4	2	3	
0	3	3	2	2	1	2	2	0	3	3	1	1	2	1	3	
0	4	4	4	4	4	3	5	5	0	4	4	4	3	5	5	
0	4	3	2	3	1	5	3	3	2	0	4	2	3	2	3	
0	3	3	1	4	2	1	3	3	3	4	0	4	2	3	2	
0	3	4	3	3	2	3	3	1	4	4	2	0	3	2	2	
0	1	1	2	3	3	2	3	2	3	2	3	3	0	3	3	
0	3	3	3	1	3	4	2	4	4	2	4	4	2	0	3	
0	5	4	3	4	2	4	1	3	4	5	3	2	5	3	0	
M3
0	0	0	0	0	0	0	0	0	0	0	0	0	0	0	0	
0	0	3	4	4	3	3	3	1	3	1	3	4	2	2	1	
0	4	0	4	3	2	4	1	2	3	3	3	2	5	3	3	
0	1	3	0	1	4	2	2	2	4	2	4	4	3	2	2	
0	2	3	1	0	5	1	3	3	3	3	3	4	4	1	3	
0	3	3	2	1	0	2	1	2	3	3	3	5	5	1	4	
0	3	4	2	3	6	0	4	4	3	4	4	3	5	4	4	
0	3	4	5	5	5	4	0	1	2	2	4	4	5	5	3	
0	3	6	4	4	4	3	4	0	5	4	5	6	4	5	4	
0	4	4	5	4	3	3	2	1	0	3	2	6	5	4	1	
0	2	5	3	4	4	3	4	3	5	0	5	6	4	4	2	
0	4	4	3	2	2	3	2	2	4	4	0	6	6	3	5	
0	5	5	4	3	3	4	3	3	3	3	1	0	3	4	4	
0	3	5	4	3	3	4	3	3	3	1	1	2	0	4	3	
0	4	2	4	5	4	5	3	4	5	2	5	4	6	0	4	
0	4	6	4	4	5	2	2	1	4	2	6	5	5	5	0	
Tamanho_Tarefas
0	16	22	15	12	25	21	18	10	26	19	17	22	10	9	6	
Data_Entrega
0	191	163	166	175	179	180	164	187	168	172	176	175	168	184	186	
Penalidade_Atraso
0	13	12	2	2	17	16	15	6	16	17	11	12	11	3	1	
Capacidade_Veiculo
58	75	42	39	45	67	77	
Custo_Fixo_Veiculo
580	750	420	390	450	670	770	
Coordenadas_Clientes
x	0	y	0
x	81	y	0
x	102	y	45
x	55	y	61
x	32	y	100
x	-7	y	74
x	-57	y	98
x	-90	y	65
x	-87	y	18
x	-87	y	-18
x	-86	y	-62
x	-52	y	-90
x	-9	y	-86
x	30	y	-95
x	62	y	-69
x	114	y	-50
Tempo_Viagem
0	81	111	82	104	74	113	111	88	88	106	103	86	99	92	124	
81	0	49	66	111	114	169	182	168	168	178	160	124	107	71	59	
111	49	0	49	89	112	166	193	190	199	216	204	171	156	120	95	
82	66	49	0	45	63	117	145	148	162	187	185	160	157	130	125	
104	111	89	45	0	46	89	126	143	167	200	207	190	195	171	170	
74	114	112	63	46	0	55	83	97	121	157	170	160	173	158	173	
113	169	166	117	89	55	0	46	85	119	162	188	190	211	205	226	
111	182	193	145	126	83	46	0	47	83	127	159	171	200	202	234	
88	168	190	148	143	97	85	47	0	36	80	113	130	162	172	212	
88	168	199	162	167	121	119	83	36	0	44	80	103	140	157	203	
106	178	216	187	200	157	162	127	80	44	0	44	80	120	148	200	
103	160	204	185	207	170	188	159	113	80	44	0	43	82	115	170	
86	124	171	160	190	160	190	171	130	103	80	43	0	40	73	128	
99	107	156	157	195	173	211	200	162	140	120	82	40	0	41	95	
92	71	120	130	171	158	205	202	172	157	148	115	73	41	0	55	
124	59	95	125	170	173	226	234	212	203	200	170	128	95	55	0	
Custo_Viagem
V0
0	939	1287	951	1206	858	1310	1287	1020	1020	1229	1194	997	1148	1067	1438	
939	0	568	765	1287	1322	1960	2111	1948	1948	2064	1856	1438	1241	823	684	
1287	568	0	568	1032	1299	1937	2238	2204	2308	2505	2366	1983	1821	1392	1102	
951	765	568	0	522	730	1357	1682	1716	1879	2169	2146	1856	1821	1508	1450	
1206	1287	1032	522	0	533	1032	1461	1670	1937	2320	2401	2204	2262	1983	1972	
858	1322	1299	730	533	0	638	962	1125	1403	1821	1972	1856	2006	1832	2006	
1310	1960	1937	1357	1032	638	0	533	986	1380	1879	2180	2204	2447	2378	2621	
1287	2111	2238	1682	1461	962	533	0	545	962	1473	1844	1983	2320	2343	2714	
1020	1948	2204	1716	1670	1125	986	545	0	417	928	1310	1508	1879	1995	2459	
1020	1948	2308	1879	1937	1403	1380	962	417	0	510	928	1194	1624	1821	2354	
1229	2064	2505	2169	2320	1821	1879	1473	928	510	0	510	928	1392	1716	2320	
1194	1856	2366	2146	2401	1972	2180	1844	1310	928	510	0	498	951	1334	1972	
997	1438	1983	1856	2204	1856	2204	1983	1508	1194	928	498	0	464	846	1484	
1148	1241	1821	1821	2262	2006	2447	2320	1879	1624	1392	951	464	0	475	1102	
1067	823	1392	1508	1983	1832	2378	2343	1995	1821	1716	1334	846	475	0	638	
1438	684	1102	1450	1972	2006	2621	2714	2459	2354	2320	1972	1484	1102	638	0	
V1
0	1215	1665	1230	1560	1110	1695	1665	1320	1320	1590	1545	1290	1485	1380	1860	
1215	0	735	990	1665	1710	2535	2730	2520	2520	2670	2400	1860	1605	1065	885	
1665	735	0	735	1335	1680	2505	2895	2850	2985	3240	3060	2565	2355	1800	1425	
1230	990	735	0	675	945	1755	2175	2220	2430	2805	2775	2400	2355	1950	1875	
1560	1665	1335	675	0	690	1335	1890	2160	2505	3000	3105	2850	2925	2565	2550	
1110	1710	1680	945	690	0	825	1245	1455	1815	2355	2550	2400	2595	2370	2595	
1695	2535	2505	1755	1335	825	0	690	1275	1785	2430	2820	2850	3165	3075	3390	
1665	2730	2895	2175	1890	1245	690	0	705	1245	1905	2385	2565	3000	3030	3510	
1320	2520	2850	2220	2160	1455	1275	705	0	540	1200	1695	1950	2430	2580	3180	
1320	2520	2985	2430	2505	1815	1785	1245	540	0	660	1200	1545	2100	2355	3045	
1590	2670	3240	2805	3000	2355	2430	1905	1200	660	0	660	1200	1800	2220	3000	
1545	2400	3060	2775	3105	2550	2820	2385	1695	1200	660	0	645	1230	1725	2550	
1290	1860	2565	2400	2850	2400	2850	2565	1950	1545	1200	645	0	600	1095	1920	
1485	1605	2355	2355	2925	2595	3165	3000	2430	2100	1800	1230	600	0	615	1425	
1380	1065	1800	1950	2565	2370	3075	3030	2580	2355	2220	1725	1095	615	0	825	
1860	885	1425	1875	2550	2595	3390	3510	3180	3045	3000	2550	1920	1425	825	0	
V2
0	680	932	688	873	621	949	932	739	739	890	865	722	831	772	1041	
680	0	411	554	932	957	1419	1528	1411	1411	1495	1344	1041	898	596	495	
932	411	0	411	747	940	1402	1621	1596	1671	1814	1713	1436	1318	1008	798	
688	554	411	0	378	529	982	1218	1243	1360	1570	1554	1344	1318	1092	1050	
873	932	747	378	0	386	747	1058	1209	1402	1680	1738	1596	1638	1436	1428	
621	957	940	529	386	0	462	697	814	1016	1318	1428	1344	1453	1327	1453	
949	1419	1402	982	747	462	0	386	714	999	1360	1579	1596	1772	1722	1898	
932	1528	1621	1218	1058	697	386	0	394	697	1066	1335	1436	1680	1696	1965	
739	1411	1596	1243	1209	814	714	394	0	302	672	949	1092	1360	1444	1780	
739	1411	1671	1360	1402	1016	999	697	302	0	369	672	865	1176	1318	1705	
890	1495	1814	1570	1680	1318	1360	1066	672	369	0	369	672	1008	1243	1680	
865	1344	1713	1554	1738	1428	1579	1335	949	672	369	0	361	688	966	1428	
722	1041	1436	1344	1596	1344	1596	1436	1092	865	672	361	0	336	613	1075	
831	898	1318	1318	1638	1453	1772	1680	1360	1176	1008	688	336	0	344	798	
772	596	1008	1092	1436	1327	1722	1696	1444	1318	1243	966	613	344	0	462	
1041	495	798	1050	1428	1453	1898	1965	1780	1705	1680	1428	1075	798	462	0	
V3
0	631	865	639	811	577	881	865	686	686	826	803	670	772	717	967	
631	0	382	514	865	889	1318	1419	1310	1310	1388	1248	967	834	553	460	
865	382	0	382	694	873	1302	1505	1482	1552	1684	1591	1333	1224	936	741	
639	514	382	0	351	491	912	1131	1154	1263	1458	1443	1248	1224	1014	975	
811	865	694	351	0	358	694	982	1123	1302	1560	1614	1482	1521	1333	1326	
577	889	873	491	358	0	429	647	756	943	1224	1326	1248	1349	1232	1349	
881	1318	1302	912	694	429	0	358	663	928	1263	1466	1482	1645	1599	1762	
865	1419	1505	1131	982	647	358	0	366	647	990	1240	1333	1560	1575	1825	
686	1310	1482	1154	1123	756	663	366	0	280	624	881	1014	1263	1341	1653	
686	1310	1552	1263	1302	943	928	647	280	0	343	624	803	1092	1224	1583	
826	1388	1684	1458	1560	1224	1263	990	624	343	0	343	624	936	1154	1560	
803	1248	1591	1443	1614	1326	1466	1240	881	624	343	0	335	639	897	1326	
670	967	1333	1248	1482	1248	1482	1333	1014	803	624	335	0	312	569	998	
772	834	1224	1224	1521	1349	1645	1560	1263	1092	936	639	312	0	319	741	
717	553	936	1014	1333	1232	1599	1575	1341	1224	1154	897	569	319	0	429	
967	460	741	975	1326	1349	1762	1825	1653	1583	1560	1326	998	741	429	0	
V4
0	729	999	738	936	666	1017	999	792	792	954	927	774	891	828	1116	
729	0	441	594	999	1026	1521	1638	1512	1512	1602	1440	1116	963	639	531	
999	441	0	441	801	1008	1503	1737	1710	1791	1944	1836	1539	1413	1080	855	
738	594	441	0	405	567	1053	1305	1332	1458	1683	1665	1440	1413	1170	1125	
936	999	801	405	0	414	801	1134	1296	1503	1800	1863	1710	1755	1539	1530	
666	1026	1008	567	414	0	495	747	873	1089	1413	1530	1440	1557	1422	1557	
1017	1521	1503	1053	801	495	0	414	765	1071	1458	1692	1710	1899	1845	2034	
999	1638	1737	1305	1134	747	414	0	423	747	1143	1431	1539	1800	1818	2106	
792	1512	1710	1332	1296	873	765	423	0	324	720	1017	1170	1458	1548	1908	
792	1512	1791	1458	1503	1089	1071	747	324	0	396	720	927	1260	1413	1827	
954	1602	1944	1683	1800	1413	1458	1143	720	396	0	396	720	1080	1332	1800	
927	1440	1836	1665	1863	1530	1692	1431	1017	720	396	0	387	738	1035	1530	
774	1116	1539	1440	1710	1440	1710	1539	1170	927	720	387	0	360	657	1152	
891	963	1413	1413	1755	1557	1899	1800	1458	1260	1080	738	360	0	369	855	
828	639	1080	1170	1539	1422	1845	1818	1548	1413	1332	1035	657	369	0	495	
1116	531	855	1125	1530	1557	2034	2106	1908	1827	1800	1530	1152	855	495	0	
V5
0	1085	1487	1098	1393	991	1514	1487	1179	1179	1420	1380	1152	1326	1232	1661	
1085	0	656	884	1487	1527	2264	2438	2251	2251	2385	2144	1661	1433	951	790	
1487	656	0	656	1192	1500	2237	2586	2546	2666	2894	2733	2291	2103	1608	1273	
1098	884	656	0	603	844	1567	1943	1983	2170	2505	2479	2144	2103	1742	1675	
1393	1487	1192	603	0	616	1192	1688	1929	2237	2680	2773	2546	2613	2291	2278	
991	1527	1500	844	616	0	737	1112	1299	1621	2103	2278	2144	2318	2117	2318	
1514	2264	2237	1567	1192	737	0	616	1139	1594	2170	2519	2546	2827	2747	3028	
1487	2438	2586	1943	1688	1112	616	0	629	1112	1701	2130	2291	2680	2706	3135	
1179	2251	2546	1983	1929	1299	1139	629	0	482	1072	1514	1742	2170	2304	2840	
1179	2251	2666	2170	2237	1621	1594	1112	482	0	589	1072	1380	1876	2103	2720	
1420	2385	2894	2505	2680	2103	2170	1701	1072	589	0	589	1072	1608	1983	2680	
1380	2144	2733	2479	2773	2278	2519	2130	1514	1072	589	0	576	1098	1541	2278	
1152	1661	2291	2144	2546	2144	2546	2291	1742	1380	1072	576	0	536	978	1715	
1326	1433	2103	2103	2613	2318	2827	2680	2170	1876	1608	1098	536	0	549	1273	
1232	951	1608	1742	2291	2117	2747	2706	2304	2103	1983	1541	978	549	0	737	
1661	790	1273	1675	2278	2318	3028	3135	2840	2720	2680	2278	1715	1273	737	0	
V6
0	1247	1709	1262	1601	1139	1740	1709	1355	1355	1632	1586	1324	1524	1416	1909	
1247	0	754	1016	1709	1755	2602	2802	2587	2587	2741	2464	1909	1647	1093	908	
1709	754	0	754	1370	1724	2571	2972	2926	3064	3326	3141	2633	2417	1848	1463	
1262	1016	754	0	693	970	1801	2233	2279	2494	2879	2849	2464	2417	2002	1925	
1601	1709	1370	693	0	708	1370	1940	2217	2571	3080	3187	2926	3003	2633	2618	
1139	1755	1724	970	708	0	847	1278	1493	1863	2417	2618	2464	2664	2433	2664	
1740	2602	2571	1801	1370	847	0	708	1309	1832	2494	2895	2926	3249	3157	3480	
1709	2802	2972	2233	1940	1278	708	0	723	1278	1955	2448	2633	3080	3110	3603	
1355	2587	2926	2279	2217	1493	1309	723	0	554	1232	1740	2002	2494	2648	3264	
1355	2587	3064	2494	2571	1863	1832	1278	554	0	677	1232	1586	2156	2417	3126	
1632	2741	3326	2879	3080	2417	2494	1955	1232	677	0	677	1232	1848	2279	3080	
1586	2464	3141	2849	3187	2618	2895	2448	1740	1232	677	0	662	1262	1771	2618	
1324	1909	2633	2464	2926	2464	2926	2633	2002	1586	1232	662	0	616	1124	1971	
1524	1647	2417	2417	3003	2664	3249	3080	2494	2156	1848	1262	616	0	631	1463	
1416	1093	1848	2002	2633	2433	3157	3110	2648	2417	2279	1771	1124	631	0	847	
1909	908	1463	1925	2618	2664	3480	3603	3264	3126	3080	2618	1971	1463	847	0	
Velocidade_Veiculos
1	1	1	1	1	1	1	