M: 4
N: 15
Nun_Veiculos: 7
Capacidade_Total: 457
Demanda_Total: 283
Setup_Min: 1
Setup_Max: 9
Raio: 20
Circulos: 1
Tempo_Processamento_Min: 1
Tempo_Processamento_Max: 49
Demanda_Min: 10
Demanda_Max: 30
Priority_Factor: 0.2
Range_Factor_R: 0.8
U_factor: 2
ALpha: 0.2Replicao: 2
Tempos_Processamentos
0	0	1	0	2	0	3	0	
0	8	1	25	2	49	3	34	
0	21	1	29	2	35	3	8	
0	28	1	36	2	24	3	34	
0	43	1	49	2	47	3	46	
0	12	1	36	2	47	3	47	
0	7	1	11	2	48	3	8	
0	13	1	29	2	46	3	30	
0	48	1	46	2	21	3	14	
0	37	1	27	2	23	3	21	
0	20	1	33	2	14	3	33	
0	5	1	13	2	48	3	24	
0	21	1	28	2	26	3	35	
0	15	1	2	2	8	3	23	
0	15	1	30	2	23	3	6	
0	6	1	9	2	6	3	30	

Tempos_setup
M0
0	0	0	0	0	0	0	0	0	0	0	0	0	0	0	0	
0	0	4	3	5	3	1	5	4	3	3	4	4	5	4	4	
0	2	0	2	2	1	2	4	1	2	2	4	2	1	3	3	
0	4	2	0	4	3	2	4	1	4	2	4	4	3	3	3	
0	4	2	4	0	1	4	5	3	3	4	6	4	3	5	4	
0	3	1	3	2	0	3	5	2	3	3	5	3	2	4	4	
0	5	3	4	4	2	0	6	3	5	2	4	5	4	3	3	
0	3	2	4	2	1	4	0	3	4	4	1	4	3	2	3	
0	3	1	3	3	2	1	5	0	3	1	3	3	2	2	2	
0	1	4	4	4	3	2	2	5	0	3	3	1	3	3	4	
0	3	2	3	4	3	3	4	3	3	0	2	3	2	1	1	
0	5	3	3	5	4	4	7	3	5	4	0	5	4	5	5	
0	2	5	3	5	4	3	3	4	1	4	4	0	2	4	4	
0	1	3	1	4	3	1	3	2	1	3	3	2	0	4	4	
0	3	3	5	4	2	4	5	4	3	5	4	2	4	0	6	
0	3	1	3	3	2	3	3	2	3	3	4	3	2	3	0	
M1
0	0	0	0	0	0	0	0	0	0	0	0	0	0	0	0	
0	0	4	3	4	4	5	4	3	3	2	3	3	4	4	2	
0	5	0	6	4	2	6	3	5	3	4	4	4	4	2	5	
0	2	2	0	1	4	4	3	2	1	1	2	3	3	2	1	
0	1	5	4	0	3	5	4	4	2	3	2	2	3	1	3	
0	3	5	4	2	0	5	1	3	3	3	2	2	2	2	3	
0	4	4	2	3	2	0	2	1	2	2	2	3	4	3	3	
0	2	4	3	3	3	5	0	2	3	2	3	2	2	4	4	
0	3	3	1	2	4	4	1	0	2	1	2	3	3	3	2	
0	4	3	3	3	4	4	3	2	0	1	2	3	3	1	4	
0	3	2	2	2	3	5	2	1	1	0	1	2	2	2	3	
0	2	4	2	1	2	6	3	4	3	3	0	1	3	2	3	
0	3	5	3	2	1	6	2	4	3	4	1	0	3	2	4	
0	2	3	3	3	4	3	3	2	2	1	2	3	0	2	2	
0	5	4	4	4	3	4	4	3	1	2	3	4	4	0	5	
0	3	3	1	2	4	3	3	2	2	1	2	3	3	3	0	
M2
0	0	0	0	0	0	0	0	0	0	0	0	0	0	0	0	
0	0	2	5	1	4	1	3	3	5	3	2	3	4	3	2	
0	3	0	4	3	3	2	1	3	4	2	1	1	3	3	2	
0	4	1	0	4	2	2	2	3	5	1	2	2	4	4	3	
0	4	5	5	0	4	3	2	4	5	3	2	3	4	2	3	
0	3	2	6	4	0	2	3	1	4	2	3	3	4	2	3	
0	3	3	4	4	4	0	4	2	4	3	1	2	3	3	1	
0	3	3	6	4	2	3	0	3	4	1	2	4	4	4	3	
0	2	1	5	3	2	1	2	0	3	1	2	2	4	1	2	
0	3	4	6	1	3	4	3	4	0	2	3	2	3	1	4	
0	3	2	6	4	1	2	3	2	4	0	1	3	3	3	2	
0	2	3	5	3	4	1	4	2	3	3	0	3	2	3	1	
0	4	3	5	2	2	2	4	2	5	1	2	0	4	3	3	
0	4	2	6	2	3	3	3	2	1	3	3	3	0	2	4	
0	4	3	6	3	2	3	4	3	5	1	2	1	4	0	3	
0	3	2	5	3	3	2	3	1	4	2	3	3	5	2	0	
M3
0	0	0	0	0	0	0	0	0	0	0	0	0	0	0	0	
0	0	2	3	4	3	3	2	2	4	3	3	3	6	2	2	
0	4	0	2	4	2	3	3	3	3	4	4	1	4	1	4	
0	3	2	0	3	4	4	4	1	3	5	5	3	5	2	5	
0	1	3	3	0	1	3	1	2	3	4	2	2	6	3	2	
0	4	2	2	3	0	3	1	2	3	4	2	1	6	3	2	
0	5	4	2	4	3	0	2	3	4	3	3	2	7	3	1	
0	3	4	2	4	4	2	0	1	2	3	1	3	5	4	1	
0	4	3	4	6	4	6	4	0	5	5	5	3	4	4	5	
0	1	3	2	3	2	1	3	3	0	4	4	1	5	3	2	
0	2	3	4	1	2	4	2	3	4	0	2	3	7	4	3	
0	2	4	2	3	3	3	4	3	5	2	0	4	7	4	2	
0	3	3	1	4	1	3	2	2	2	5	3	0	6	3	3	
0	4	2	1	4	4	4	2	2	4	5	3	3	0	3	3	
0	4	3	1	3	4	2	3	2	4	3	3	4	6	0	3	
0	4	3	1	4	4	1	3	2	4	3	3	3	6	3	0	
Tamanho_Tarefas
0	20	13	25	43	12	13	24	28	23	25	9	21	8	10	9	
Data_Entrega
0	76	72	74	70	83	61	56	68	62	72	85	75	50	65	68	
Penalidade_Atraso
0	19	8	7	14	12	5	14	14	19	2	9	10	5	19	10	
Capacidade_Veiculo
52	49	47	100	44	120	45	
Custo_Fixo_Veiculo
520	490	470	1000	440	1200	450	
Coordenadas_Clientes
x	0	y	0
x	17	y	0
x	19	y	8
x	16	y	17
x	7	y	23
x	-1	y	16
x	-9	y	16
x	-15	y	11
x	-20	y	4
x	-20	y	-4
x	-19	y	-14
x	-10	y	-18
x	-1	y	-18
x	6	y	-18
x	16	y	-17
x	22	y	-10
Tempo_Viagem
0	17	20	23	24	16	18	18	20	20	23	20	18	18	23	24	
17	0	8	17	25	24	30	33	37	37	38	32	25	21	17	11	
20	8	0	9	19	21	29	34	39	40	43	38	32	29	25	18	
23	17	9	0	10	17	25	31	38	41	46	43	38	36	34	27	
24	25	19	10	0	10	17	24	32	37	44	44	41	41	41	36	
16	24	21	17	10	0	8	14	22	27	34	35	34	34	37	34	
18	30	29	25	17	8	0	7	15	22	31	34	34	36	41	40	
18	33	34	31	24	14	7	0	8	15	25	29	32	35	41	42	
20	37	39	38	32	22	15	8	0	8	18	24	29	34	41	44	
20	37	40	41	37	27	22	15	8	0	10	17	23	29	38	42	
23	38	43	46	44	34	31	25	18	10	0	9	18	25	35	41	
20	32	38	43	44	35	34	29	24	17	9	0	9	16	26	32	
18	25	32	38	41	34	34	32	29	23	18	9	0	7	17	24	
18	21	29	36	41	34	36	35	34	29	25	16	7	0	10	17	
23	17	25	34	41	37	41	41	41	38	35	26	17	10	0	9	
24	11	18	27	36	34	40	42	44	42	41	32	24	17	9	0	
Custo_Viagem
V0
0	176	208	239	249	166	187	187	208	208	239	208	187	187	239	249	
176	0	83	176	260	249	312	343	384	384	395	332	260	218	176	114	
208	83	0	93	197	218	301	353	405	416	447	395	332	301	260	187	
239	176	93	0	104	176	260	322	395	426	478	447	395	374	353	280	
249	260	197	104	0	104	176	260	343	395	468	457	426	426	426	374	
166	249	218	176	104	0	83	145	228	280	353	364	353	353	384	353	
187	312	301	260	176	83	0	72	166	228	322	353	353	384	426	416	
187	343	353	322	260	145	72	0	83	156	260	301	332	364	426	436	
208	384	405	395	343	228	166	83	0	83	187	249	301	353	426	457	
208	384	416	426	395	280	228	156	83	0	104	176	239	301	395	436	
239	395	447	478	468	353	322	260	187	104	0	93	187	260	364	426	
208	332	395	447	457	364	353	301	249	176	93	0	93	166	270	332	
187	260	332	395	426	353	353	332	301	239	187	93	0	72	176	249	
187	218	301	374	426	353	384	364	353	301	260	166	72	0	104	176	
239	176	260	353	426	384	426	426	426	395	364	270	176	104	0	93	
249	114	187	280	374	353	416	436	457	436	426	332	249	176	93	0	
V1
0	166	196	225	235	156	176	176	196	196	225	196	176	176	225	235	
166	0	78	166	245	235	294	323	362	362	372	313	245	205	166	107	
196	78	0	88	186	205	284	333	382	392	421	372	313	284	245	176	
225	166	88	0	98	166	245	303	372	401	450	421	372	352	333	264	
235	245	186	98	0	98	166	245	323	372	441	431	401	401	401	352	
156	235	205	166	98	0	78	137	215	264	333	343	333	333	362	333	
176	294	284	245	166	78	0	68	156	215	303	333	333	362	401	392	
176	323	333	303	245	137	68	0	78	147	245	284	313	343	401	411	
196	362	382	372	323	215	156	78	0	78	176	235	284	333	401	431	
196	362	392	401	372	264	215	147	78	0	98	166	225	284	372	411	
225	372	421	450	441	333	303	245	176	98	0	88	176	245	343	401	
196	313	372	421	431	343	333	284	235	166	88	0	88	156	254	313	
176	245	313	372	401	333	333	313	284	225	176	88	0	68	166	235	
176	205	284	352	401	333	362	343	333	284	245	156	68	0	98	166	
225	166	245	333	401	362	401	401	401	372	343	254	166	98	0	88	
235	107	176	264	352	333	392	411	431	411	401	313	235	166	88	0	
V2
0	159	188	216	225	150	169	169	188	188	216	188	169	169	216	225	
159	0	75	159	235	225	282	310	347	347	357	300	235	197	159	103	
188	75	0	84	178	197	272	319	366	376	404	357	300	272	235	169	
216	159	84	0	94	159	235	291	357	385	432	404	357	338	319	253	
225	235	178	94	0	94	159	235	310	357	423	413	385	385	385	338	
150	225	197	159	94	0	75	131	206	253	319	329	319	319	347	319	
169	282	272	235	159	75	0	65	150	206	291	319	319	347	385	376	
169	310	319	291	235	131	65	0	75	141	235	272	300	329	385	394	
188	347	366	357	310	206	150	75	0	75	169	225	272	319	385	413	
188	347	376	385	357	253	206	141	75	0	94	159	216	272	357	394	
216	357	404	432	423	319	291	235	169	94	0	84	169	235	329	385	
188	300	357	404	413	329	319	272	225	159	84	0	84	150	244	300	
169	235	300	357	385	319	319	300	272	216	169	84	0	65	159	225	
169	197	272	338	385	319	347	329	319	272	235	150	65	0	94	159	
216	159	235	319	385	347	385	385	385	357	329	244	159	94	0	84	
225	103	169	253	338	319	376	394	413	394	385	300	225	159	84	0	
V3
0	340	400	460	480	320	360	360	400	400	460	400	360	360	460	480	
340	0	160	340	500	480	600	660	740	740	760	640	500	420	340	220	
400	160	0	180	380	420	580	680	780	800	860	760	640	580	500	360	
460	340	180	0	200	340	500	620	760	820	920	860	760	720	680	540	
480	500	380	200	0	200	340	500	660	760	900	880	820	820	820	720	
320	480	420	340	200	0	160	280	440	540	680	700	680	680	740	680	
360	600	580	500	340	160	0	140	320	440	620	680	680	740	820	800	
360	660	680	620	500	280	140	0	160	300	500	580	640	700	820	840	
400	740	780	760	660	440	320	160	0	160	360	480	580	680	820	880	
400	740	800	820	760	540	440	300	160	0	200	340	460	580	760	840	
460	760	860	920	900	680	620	500	360	200	0	180	360	500	700	820	
400	640	760	860	880	700	680	580	480	340	180	0	180	320	520	640	
360	500	640	760	820	680	680	640	580	460	360	180	0	140	340	480	
360	420	580	720	820	680	740	700	680	580	500	320	140	0	200	340	
460	340	500	680	820	740	820	820	820	760	700	520	340	200	0	180	
480	220	360	540	720	680	800	840	880	840	820	640	480	340	180	0	
V4
0	149	176	202	211	140	158	158	176	176	202	176	158	158	202	211	
149	0	70	149	220	211	264	290	325	325	334	281	220	184	149	96	
176	70	0	79	167	184	255	299	343	352	378	334	281	255	220	158	
202	149	79	0	88	149	220	272	334	360	404	378	334	316	299	237	
211	220	167	88	0	88	149	220	290	334	396	387	360	360	360	316	
140	211	184	149	88	0	70	123	193	237	299	308	299	299	325	299	
158	264	255	220	149	70	0	61	140	193	272	299	299	325	360	352	
158	290	299	272	220	123	61	0	70	132	220	255	281	308	360	369	
176	325	343	334	290	193	140	70	0	70	158	211	255	299	360	387	
176	325	352	360	334	237	193	132	70	0	88	149	202	255	334	369	
202	334	378	404	396	299	272	220	158	88	0	79	158	220	308	360	
176	281	334	378	387	308	299	255	211	149	79	0	79	140	228	281	
158	220	281	334	360	299	299	281	255	202	158	79	0	61	149	211	
158	184	255	316	360	299	325	308	299	255	220	140	61	0	88	149	
202	149	220	299	360	325	360	360	360	334	308	228	149	88	0	79	
211	96	158	237	316	299	352	369	387	369	360	281	211	149	79	0	
V5
0	408	480	552	576	384	432	432	480	480	552	480	432	432	552	576	
408	0	192	408	600	576	720	792	888	888	912	768	600	504	408	264	
480	192	0	216	456	504	696	816	936	960	1032	912	768	696	600	432	
552	408	216	0	240	408	600	744	912	984	1104	1032	912	864	816	648	
576	600	456	240	0	240	408	600	792	912	1080	1056	984	984	984	864	
384	576	504	408	240	0	192	336	528	648	816	840	816	816	888	816	
432	720	696	600	408	192	0	168	384	528	744	816	816	888	984	960	
432	792	816	744	600	336	168	0	192	360	600	696	768	840	984	1008	
480	888	936	912	792	528	384	192	0	192	432	576	696	816	984	1056	
480	888	960	984	912	648	528	360	192	0	240	408	552	696	912	1008	
552	912	1032	1104	1080	816	744	600	432	240	0	216	432	600	840	984	
480	768	912	1032	1056	840	816	696	576	408	216	0	216	384	624	768	
432	600	768	912	984	816	816	768	696	552	432	216	0	168	408	576	
432	504	696	864	984	816	888	840	816	696	600	384	168	0	240	408	
552	408	600	816	984	888	984	984	984	912	840	624	408	240	0	216	
576	264	432	648	864	816	960	1008	1056	1008	984	768	576	408	216	0	
V6
0	153	180	207	216	144	162	162	180	180	207	180	162	162	207	216	
153	0	72	153	225	216	270	297	333	333	342	288	225	189	153	99	
180	72	0	81	171	189	261	306	351	360	387	342	288	261	225	162	
207	153	81	0	90	153	225	279	342	369	414	387	342	324	306	243	
216	225	171	90	0	90	153	225	297	342	405	396	369	369	369	324	
144	216	189	153	90	0	72	126	198	243	306	315	306	306	333	306	
162	270	261	225	153	72	0	63	144	198	279	306	306	333	369	360	
162	297	306	279	225	126	63	0	72	135	225	261	288	315	369	378	
180	333	351	342	297	198	144	72	0	72	162	216	261	306	369	396	
180	333	360	369	342	243	198	135	72	0	90	153	207	261	342	378	
207	342	387	414	405	306	279	225	162	90	0	81	162	225	315	369	
180	288	342	387	396	315	306	261	216	153	81	0	81	144	234	288	
162	225	288	342	369	306	306	288	261	207	162	81	0	63	153	216	
162	189	261	324	369	306	333	315	306	261	225	144	63	0	90	153	
207	153	225	306	369	333	369	369	369	342	315	234	153	90	0	81	
216	99	162	243	324	306	360	378	396	378	369	288	216	153	81	0	
Velocidade_Veiculos
1	1	1	1	1	1	1	