M: 4
N: 15
Nun_Veiculos: 6
Capacidade_Total: 397
Demanda_Total: 252
Setup_Min: 1
Setup_Max: 99
Raio: 20
Circulos: 1
Tempo_Processamento_Min: 1
Tempo_Processamento_Max: 49
Demanda_Min: 10
Demanda_Max: 30
Priority_Factor: 0.2
Range_Factor_R: 0.8
U_factor: 2
ALpha: 0.2Replicao: 2
Tempos_Processamentos
0	0	1	0	2	0	3	0	
0	38	1	2	2	34	3	12	
0	35	1	35	2	28	3	6	
0	31	1	1	2	42	3	21	
0	33	1	28	2	14	3	26	
0	1	1	29	2	3	3	39	
0	23	1	46	2	11	3	25	
0	42	1	39	2	48	3	16	
0	47	1	15	2	37	3	36	
0	31	1	26	2	23	3	14	
0	10	1	35	2	44	3	41	
0	29	1	22	2	49	3	37	
0	21	1	47	2	6	3	29	
0	30	1	1	2	1	3	14	
0	37	1	28	2	47	3	6	
0	29	1	20	2	25	3	29	

Tempos_setup
M0
0	0	0	0	0	0	0	0	0	0	0	0	0	0	0	0	
0	0	11	34	20	20	10	21	14	29	19	30	10	26	1	10	
0	38	0	28	24	33	17	15	18	30	23	34	4	27	5	14	
0	18	29	0	29	38	20	18	21	38	28	12	28	30	19	27	
0	24	33	56	0	35	11	30	19	37	25	48	32	31	23	18	
0	20	22	35	11	0	12	10	20	38	10	41	11	22	12	19	
0	21	22	45	15	24	0	19	8	26	14	41	21	20	12	7	
0	23	18	46	17	26	2	0	10	28	16	43	22	12	14	9	
0	32	18	46	8	43	19	33	0	45	7	44	22	12	23	26	
0	12	23	36	32	32	22	23	26	0	31	42	12	35	13	22	
0	25	29	54	1	36	12	31	11	38	0	43	33	23	24	19	
0	6	17	28	17	26	16	27	9	26	16	0	16	21	7	16	
0	34	11	24	20	37	13	11	14	29	19	30	0	23	1	10	
0	38	6	34	30	39	23	21	24	36	29	32	10	0	11	20	
0	35	10	33	29	39	22	20	23	38	28	29	9	32	0	19	
0	31	22	50	10	45	21	37	4	19	9	48	26	16	27	0	
M1
0	0	0	0	0	0	0	0	0	0	0	0	0	0	0	0	
0	0	7	9	1	5	1	18	11	10	25	7	10	10	21	25	
0	16	0	24	17	20	16	11	4	12	18	23	20	12	14	27	
0	34	28	0	35	26	22	39	32	13	31	41	30	22	27	28	
0	22	21	22	0	19	15	22	25	15	33	12	18	23	29	30	
0	9	16	9	10	0	10	27	20	11	29	16	5	10	25	26	
0	13	6	13	14	4	0	17	10	15	24	20	9	9	20	30	
0	13	9	13	14	18	14	0	13	15	27	20	9	1	23	30	
0	12	11	20	13	17	13	7	0	8	14	19	16	8	10	23	
0	21	21	21	22	26	22	32	25	0	18	28	17	9	14	15	
0	15	19	24	16	20	16	15	8	16	0	22	24	16	18	31	
0	10	9	10	11	7	3	20	13	3	21	0	6	11	17	18	
0	4	11	4	5	9	5	22	15	6	24	11	0	5	20	21	
0	12	19	12	13	17	13	30	23	14	32	19	8	0	28	29	
0	19	7	28	20	24	20	18	11	19	4	26	27	19	0	34	
0	33	32	30	34	28	34	28	21	29	35	40	33	29	31	0	
M2
0	0	0	0	0	0	0	0	0	0	0	0	0	0	0	0	
0	0	19	28	17	13	14	8	20	22	32	9	10	17	26	13	
0	14	0	32	21	17	18	12	21	19	13	13	24	21	16	21	
0	10	8	0	8	8	9	18	6	4	9	4	20	12	1	17	
0	27	30	34	0	2	3	29	13	17	26	25	30	6	26	11	
0	25	28	32	4	0	1	28	11	15	24	23	28	4	24	9	
0	24	27	31	3	4	0	27	10	14	23	22	27	3	23	8	
0	19	21	20	9	5	6	0	12	14	29	1	12	9	21	12	
0	25	29	21	2	2	3	30	0	17	24	25	30	6	22	11	
0	30	28	20	16	16	17	21	14	0	29	22	29	20	9	25	
0	1	20	25	18	14	15	9	18	21	0	10	11	18	26	8	
0	29	27	19	17	13	14	28	19	13	28	0	39	12	20	22	
0	7	9	35	16	17	13	15	23	27	22	16	0	16	25	20	
0	21	29	28	5	1	2	29	7	11	20	19	29	0	20	10	
0	27	29	23	7	7	8	24	5	3	29	25	20	11	0	16	
0	26	19	31	12	12	13	19	10	27	32	20	19	16	32	0	
M3
0	0	0	0	0	0	0	0	0	0	0	0	0	0	0	0	
0	0	23	33	21	38	40	23	19	1	40	27	18	37	42	15	
0	22	0	45	28	45	47	43	41	23	48	44	40	49	53	19	
0	27	26	0	16	31	7	20	9	28	30	21	21	4	13	24	
0	20	20	28	0	17	32	43	37	21	20	16	38	32	38	25	
0	6	29	11	24	0	15	29	20	7	3	32	24	15	21	15	
0	35	28	46	18	35	0	30	47	36	38	34	53	50	6	32	
0	21	32	26	25	15	30	0	17	10	18	4	27	30	36	24	
0	18	37	34	24	30	33	28	0	19	21	12	32	38	23	15	
0	17	22	32	20	37	39	22	18	0	39	26	17	36	41	14	
0	3	26	14	21	9	12	26	22	4	0	30	21	18	18	12	
0	21	30	22	21	30	29	30	23	22	21	0	25	26	35	33	
0	23	5	31	3	20	33	5	22	15	23	9	0	30	39	24	
0	23	22	38	12	27	3	16	5	24	26	17	17	0	9	20	
0	29	22	40	12	29	44	24	41	30	32	28	47	44	0	26	
0	3	22	36	9	26	28	26	22	4	29	25	21	36	34	0	
Tamanho_Tarefas
0	19	11	17	20	5	22	19	18	18	24	31	7	6	12	23	
Data_Entrega
0	56	46	70	50	55	63	54	53	50	58	48	60	73	72	74	
Penalidade_Atraso
0	13	1	8	15	17	6	7	7	17	16	9	4	15	14	4	
Capacidade_Veiculo
43	68	73	65	80	68	
Custo_Fixo_Veiculo
430	680	730	650	800	680	
Coordenadas_Clientes
x	0	y	0
x	18	y	0
x	17	y	7
x	10	y	11
x	6	y	19
x	-2	y	24
x	-10	y	18
x	-16	y	11
x	-23	y	4
x	-15	y	-3
x	-18	y	-13
x	-11	y	-20
x	-2	y	-19
x	6	y	-21
x	15	y	-17
x	15	y	-6
Tempo_Viagem
0	18	18	14	19	24	20	19	23	15	22	22	19	21	22	16	
18	0	7	13	21	30	33	35	41	33	38	35	27	23	17	6	
18	7	0	8	16	25	29	33	40	33	40	38	32	30	24	13	
14	13	8	0	8	17	21	26	33	28	36	36	32	32	28	17	
19	21	16	8	0	9	16	23	32	30	40	41	38	40	36	25	
24	30	25	17	9	0	10	19	28	29	39	44	43	45	44	34	
20	33	29	21	16	10	0	9	18	21	31	38	37	41	42	34	
19	35	33	26	23	19	9	0	9	14	24	31	33	38	41	35	
23	41	40	33	32	28	18	9	0	10	17	26	30	37	43	39	
15	33	33	28	30	29	21	14	10	0	10	17	20	27	33	30	
22	38	40	36	40	39	31	24	17	10	0	9	17	25	33	33	
22	35	38	36	41	44	38	31	26	17	9	0	9	17	26	29	
19	27	32	32	38	43	37	33	30	20	17	9	0	8	17	21	
21	23	30	32	40	45	41	38	37	27	25	17	8	0	9	17	
22	17	24	28	36	44	42	41	43	33	33	26	17	9	0	11	
16	6	13	17	25	34	34	35	39	30	33	29	21	17	11	0	
Custo_Viagem
V0
0	154	154	120	163	206	172	163	197	129	189	189	163	180	189	137	
154	0	60	111	189	266	283	301	352	283	326	301	232	206	146	51	
154	60	0	68	137	215	249	283	344	283	344	326	275	258	206	111	
120	111	68	0	68	146	180	223	283	240	309	318	275	275	240	146	
163	189	137	68	0	77	137	197	275	258	344	361	326	344	318	223	
206	266	215	146	77	0	86	163	249	249	344	378	369	387	378	292	
172	283	249	180	137	86	0	77	163	180	275	326	318	361	369	292	
163	301	283	223	197	163	77	0	77	120	206	266	283	326	352	301	
197	352	344	283	275	249	163	77	0	86	146	223	266	326	369	335	
129	283	283	240	258	249	180	120	86	0	86	146	172	232	283	258	
189	326	344	309	344	344	275	206	146	86	0	77	146	215	283	283	
189	301	326	318	361	378	326	266	223	146	77	0	77	146	223	249	
163	232	275	275	326	369	318	283	266	172	146	77	0	68	146	180	
180	206	258	275	344	387	361	326	326	232	215	146	68	0	77	146	
189	146	206	240	318	378	369	352	369	283	283	223	146	77	0	94	
137	51	111	146	223	292	292	301	335	258	283	249	180	146	94	0	
V1
0	244	244	190	258	326	272	258	312	204	299	299	258	285	299	217	
244	0	95	176	299	421	448	476	557	448	516	476	367	326	231	81	
244	95	0	108	217	340	394	448	544	448	544	516	435	408	326	176	
190	176	108	0	108	231	285	353	448	380	489	503	435	435	380	231	
258	299	217	108	0	122	217	312	435	408	544	571	516	544	503	353	
326	421	340	231	122	0	136	258	394	394	544	598	584	612	598	462	
272	448	394	285	217	136	0	122	258	285	435	516	503	571	584	462	
258	476	448	353	312	258	122	0	122	190	326	421	448	516	557	476	
312	557	544	448	435	394	258	122	0	136	231	353	421	516	584	530	
204	448	448	380	408	394	285	190	136	0	136	231	272	367	448	408	
299	516	544	489	544	544	435	326	231	136	0	122	231	340	448	448	
299	476	516	503	571	598	516	421	353	231	122	0	122	231	353	394	
258	367	435	435	516	584	503	448	421	272	231	122	0	108	231	285	
285	326	408	435	544	612	571	516	516	367	340	231	108	0	122	231	
299	231	326	380	503	598	584	557	584	448	448	353	231	122	0	149	
217	81	176	231	353	462	462	476	530	408	448	394	285	231	149	0	
V2
0	262	262	204	277	350	292	277	335	219	321	321	277	306	321	233	
262	0	102	189	321	452	481	511	598	481	554	511	394	350	248	87	
262	102	0	116	233	365	423	481	584	481	584	554	467	438	350	189	
204	189	116	0	116	248	306	379	481	408	525	540	467	467	408	248	
277	321	233	116	0	131	233	335	467	438	584	613	554	584	540	379	
350	452	365	248	131	0	146	277	423	423	584	642	627	657	642	496	
292	481	423	306	233	146	0	131	277	306	467	554	540	613	627	496	
277	511	481	379	335	277	131	0	131	204	350	452	481	554	598	511	
335	598	584	481	467	423	277	131	0	146	248	379	452	554	627	569	
219	481	481	408	438	423	306	204	146	0	146	248	292	394	481	438	
321	554	584	525	584	584	467	350	248	146	0	131	248	365	481	481	
321	511	554	540	613	642	554	452	379	248	131	0	131	248	379	423	
277	394	467	467	554	627	540	481	452	292	248	131	0	116	248	306	
306	350	438	467	584	657	613	554	554	394	365	248	116	0	131	248	
321	248	350	408	540	642	627	598	627	481	481	379	248	131	0	160	
233	87	189	248	379	496	496	511	569	438	481	423	306	248	160	0	
V3
0	234	234	182	247	312	260	247	299	195	286	286	247	273	286	208	
234	0	91	169	286	403	429	455	533	429	494	455	351	312	221	78	
234	91	0	104	208	325	377	429	520	429	520	494	416	390	312	169	
182	169	104	0	104	221	273	338	429	364	468	481	416	416	364	221	
247	286	208	104	0	117	208	299	416	390	520	546	494	520	481	338	
312	403	325	221	117	0	130	247	377	377	520	572	559	585	572	442	
260	429	377	273	208	130	0	117	247	273	416	494	481	546	559	442	
247	455	429	338	299	247	117	0	117	182	312	403	429	494	533	455	
299	533	520	429	416	377	247	117	0	130	221	338	403	494	559	507	
195	429	429	364	390	377	273	182	130	0	130	221	260	351	429	390	
286	494	520	468	520	520	416	312	221	130	0	117	221	325	429	429	
286	455	494	481	546	572	494	403	338	221	117	0	117	221	338	377	
247	351	416	416	494	559	481	429	403	260	221	117	0	104	221	273	
273	312	390	416	520	585	546	494	494	351	325	221	104	0	117	221	
286	221	312	364	481	572	559	533	559	429	429	338	221	117	0	143	
208	78	169	221	338	442	442	455	507	390	429	377	273	221	143	0	
V4
0	288	288	224	304	384	320	304	368	240	352	352	304	336	352	256	
288	0	112	208	352	496	528	560	656	528	608	560	432	384	272	96	
288	112	0	128	256	400	464	528	640	528	640	608	512	480	384	208	
224	208	128	0	128	272	336	416	528	448	576	592	512	512	448	272	
304	352	256	128	0	144	256	368	512	480	640	672	608	640	592	416	
384	496	400	272	144	0	160	304	464	464	640	704	688	720	704	544	
320	528	464	336	256	160	0	144	304	336	512	608	592	672	688	544	
304	560	528	416	368	304	144	0	144	224	384	496	528	608	656	560	
368	656	640	528	512	464	304	144	0	160	272	416	496	608	688	624	
240	528	528	448	480	464	336	224	160	0	160	272	320	432	528	480	
352	608	640	576	640	640	512	384	272	160	0	144	272	400	528	528	
352	560	608	592	672	704	608	496	416	272	144	0	144	272	416	464	
304	432	512	512	608	688	592	528	496	320	272	144	0	128	272	336	
336	384	480	512	640	720	672	608	608	432	400	272	128	0	144	272	
352	272	384	448	592	704	688	656	688	528	528	416	272	144	0	176	
256	96	208	272	416	544	544	560	624	480	528	464	336	272	176	0	
V5
0	244	244	190	258	326	272	258	312	204	299	299	258	285	299	217	
244	0	95	176	299	421	448	476	557	448	516	476	367	326	231	81	
244	95	0	108	217	340	394	448	544	448	544	516	435	408	326	176	
190	176	108	0	108	231	285	353	448	380	489	503	435	435	380	231	
258	299	217	108	0	122	217	312	435	408	544	571	516	544	503	353	
326	421	340	231	122	0	136	258	394	394	544	598	584	612	598	462	
272	448	394	285	217	136	0	122	258	285	435	516	503	571	584	462	
258	476	448	353	312	258	122	0	122	190	326	421	448	516	557	476	
312	557	544	448	435	394	258	122	0	136	231	353	421	516	584	530	
204	448	448	380	408	394	285	190	136	0	136	231	272	367	448	408	
299	516	544	489	544	544	435	326	231	136	0	122	231	340	448	448	
299	476	516	503	571	598	516	421	353	231	122	0	122	231	353	394	
258	367	435	435	516	584	503	448	421	272	231	122	0	108	231	285	
285	326	408	435	544	612	571	516	516	367	340	231	108	0	122	231	
299	231	326	380	503	598	584	557	584	448	448	353	231	122	0	149	
217	81	176	231	353	462	462	476	530	408	448	394	285	231	149	0	
Velocidade_Veiculos
1	1	1	1	1	1	