M: 4
N: 15
Nun_Veiculos: 5
Capacidade_Total: 390
Demanda_Total: 224
Setup_Min: 1
Setup_Max: 99
Raio: 20
Circulos: 1
Tempo_Processamento_Min: 1
Tempo_Processamento_Max: 49
Demanda_Min: 10
Demanda_Max: 30
Priority_Factor: 0.2
Range_Factor_R: 0.8
U_factor: 2
ALpha: 0.2Replicao: 3
Tempos_Processamentos
0	0	1	0	2	0	3	0	
0	14	1	14	2	9	3	29	
0	24	1	19	2	39	3	8	
0	5	1	18	2	20	3	9	
0	24	1	1	2	5	3	46	
0	33	1	6	2	28	3	26	
0	31	1	42	2	48	3	49	
0	11	1	18	2	33	3	41	
0	25	1	2	2	29	3	6	
0	36	1	33	2	36	3	19	
0	11	1	4	2	43	3	40	
0	39	1	26	2	4	3	21	
0	20	1	1	2	6	3	3	
0	36	1	24	2	14	3	44	
0	12	1	8	2	49	3	12	
0	25	1	47	2	20	3	10	

Tempos_setup
M0
0	0	0	0	0	0	0	0	0	0	0	0	0	0	0	0	
0	0	25	22	12	23	11	4	13	25	45	25	28	34	12	30	
0	4	0	26	16	27	15	8	17	29	49	29	26	38	16	34	
0	13	38	0	21	11	8	17	10	4	24	3	6	12	11	16	
0	23	47	10	0	21	18	13	20	14	34	13	16	22	6	18	
0	9	34	31	21	0	20	13	22	19	42	18	28	27	21	33	
0	26	32	16	29	21	0	21	2	14	37	19	22	28	3	19	
0	28	39	18	8	19	7	0	9	21	42	21	24	30	8	26	
0	24	48	14	29	19	16	28	0	12	35	17	20	26	19	30	
0	12	36	20	17	7	4	16	6	0	23	23	9	32	7	19	
0	33	39	23	36	28	7	28	9	21	0	26	29	35	10	26	
0	13	37	18	18	8	5	17	7	1	24	0	10	9	8	15	
0	26	40	13	34	24	21	30	23	17	37	16	0	25	24	10	
0	15	36	9	27	6	17	19	19	13	33	12	8	0	20	6	
0	27	51	19	26	30	25	18	17	23	40	22	25	31	0	35	
0	16	30	3	24	14	11	20	13	7	27	6	7	15	14	0	
M1
0	0	0	0	0	0	0	0	0	0	0	0	0	0	0	0	
0	0	11	19	8	6	9	1	27	6	5	2	9	12	21	15	
0	28	0	34	24	13	16	15	28	27	16	30	20	24	40	10	
0	6	11	0	14	12	9	7	33	12	11	8	12	17	27	21	
0	13	14	11	0	19	18	14	35	3	18	11	5	4	19	20	
0	15	5	34	23	0	3	16	33	21	20	17	7	11	36	15	
0	17	2	32	25	15	0	16	30	23	18	19	9	8	38	12	
0	22	23	19	9	28	27	0	37	12	27	20	14	13	28	29	
0	12	13	24	20	18	17	13	0	18	17	14	4	3	33	23	
0	23	24	21	10	23	26	24	32	0	28	8	15	14	19	20	
0	16	6	22	24	1	4	17	34	22	0	18	8	12	37	16	
0	21	20	25	14	16	19	18	25	4	26	0	19	18	23	13	
0	8	19	27	16	14	17	9	35	14	13	10	0	20	29	23	
0	9	10	24	17	15	14	10	36	15	14	11	1	0	30	20	
0	15	9	25	15	4	7	6	37	9	15	17	11	15	0	1	
0	18	8	24	14	3	6	5	36	17	14	20	10	14	30	0	
M2
0	0	0	0	0	0	0	0	0	0	0	0	0	0	0	0	
0	0	20	11	33	8	27	13	8	22	16	4	8	8	1	30	
0	34	0	13	37	4	9	22	19	26	13	27	20	15	33	37	
0	31	25	0	36	27	28	11	6	13	14	23	20	27	20	33	
0	36	25	5	0	29	21	4	11	18	19	16	25	20	25	38	
0	30	24	19	33	0	19	20	15	25	23	23	16	25	29	45	
0	35	29	4	31	20	0	15	10	17	18	27	24	6	24	28	
0	39	40	21	41	37	17	0	27	30	33	12	41	16	40	38	
0	28	19	17	46	21	22	5	0	24	8	17	14	21	14	43	
0	18	14	12	23	18	23	23	18	0	3	22	26	26	19	20	
0	40	11	9	41	15	20	20	15	22	0	32	29	26	29	42	
0	36	28	14	29	32	37	25	20	18	21	0	32	4	34	26	
0	14	28	3	36	22	31	14	9	16	17	7	0	11	15	33	
0	32	28	26	25	32	37	22	17	14	17	34	28	0	31	22	
0	35	26	17	32	7	26	12	7	21	15	3	21	7	0	29	
0	27	23	8	3	18	24	7	14	9	12	19	28	23	28	0	
M3
0	0	0	0	0	0	0	0	0	0	0	0	0	0	0	0	
0	0	18	20	10	17	31	6	15	15	20	17	7	12	16	15	
0	8	0	8	18	21	15	14	5	19	14	11	15	16	3	2	
0	33	25	0	33	25	37	26	28	20	13	10	32	37	15	25	
0	21	35	17	0	34	48	27	30	32	29	27	24	29	28	27	
0	30	27	35	19	0	38	21	6	22	15	12	34	19	17	29	
0	13	30	5	23	20	0	19	26	25	18	15	20	15	20	28	
0	30	22	15	25	26	37	0	12	15	14	11	33	23	10	9	
0	24	21	29	13	18	32	15	0	16	9	6	28	13	11	23	
0	15	7	15	25	17	22	21	12	0	21	18	22	23	10	9	
0	20	12	20	22	16	24	17	17	7	0	1	19	24	6	14	
0	23	15	23	23	15	27	16	20	10	3	0	22	27	5	17	
0	4	11	13	3	10	24	10	8	8	17	14	0	5	14	13	
0	11	29	24	21	5	19	13	11	26	20	17	18	0	22	22	
0	39	31	20	30	33	43	32	17	26	19	20	38	28	0	14	
0	25	24	6	16	19	33	18	3	19	12	9	31	14	1	0	
Tamanho_Tarefas
0	15	17	10	2	21	38	11	11	30	8	8	5	15	20	13	
Data_Entrega
0	67	40	44	68	44	64	50	44	49	59	51	59	51	40	51	
Penalidade_Atraso
0	8	12	3	12	1	16	17	2	15	12	5	12	15	7	16	
Capacidade_Veiculo
60	60	81	100	89	
Custo_Fixo_Veiculo
600	600	810	1000	890	
Coordenadas_Clientes
x	0	y	0
x	22	y	0
x	17	y	7
x	12	y	13
x	5	y	17
x	-1	y	15
x	-8	y	14
x	-16	y	11
x	-15	y	3
x	-17	y	-3
x	-13	y	-9
x	-11	y	-19
x	-1	y	-15
x	6	y	-20
x	14	y	-15
x	14	y	-6
Tempo_Viagem
0	22	18	17	17	15	16	19	15	17	15	21	15	20	20	15	
22	0	8	15	23	27	33	39	37	39	36	37	27	25	17	10	
18	8	0	7	15	19	25	33	32	35	33	38	28	29	22	13	
17	15	7	0	8	13	20	28	28	33	32	38	30	33	28	19	
17	23	15	8	0	6	13	21	24	29	31	38	32	37	33	24	
15	27	19	13	6	0	7	15	18	24	26	35	30	35	33	25	
16	33	25	20	13	7	0	8	13	19	23	33	29	36	36	29	
19	39	33	28	21	15	8	0	8	14	20	30	30	38	39	34	
15	37	32	28	24	18	13	8	0	6	12	22	22	30	34	30	
17	39	35	33	29	24	19	14	6	0	7	17	20	28	33	31	
15	36	33	32	31	26	23	20	12	7	0	10	13	21	27	27	
21	37	38	38	38	35	33	30	22	17	10	0	10	17	25	27	
15	27	28	30	32	30	29	30	22	20	13	10	0	8	15	17	
20	25	29	33	37	35	36	38	30	28	21	17	8	0	9	16	
20	17	22	28	33	33	36	39	34	33	27	25	15	9	0	9	
15	10	13	19	24	25	29	34	30	31	27	27	17	16	9	0	
Custo_Viagem
V0
0	264	216	204	204	180	192	228	180	204	180	252	180	240	240	180	
264	0	96	192	288	324	396	468	444	468	432	456	324	300	204	120	
216	96	0	84	180	228	300	396	384	420	408	456	336	348	264	156	
204	192	84	0	96	156	240	336	336	396	396	468	360	396	336	228	
204	288	180	96	0	72	156	252	288	348	372	468	384	444	396	288	
180	324	228	156	72	0	84	180	216	288	312	420	360	420	396	300	
192	396	300	240	156	84	0	96	156	228	276	396	348	432	432	348	
228	468	396	336	252	180	96	0	96	168	240	360	360	456	468	408	
180	444	384	336	288	216	156	96	0	72	144	264	264	372	408	360	
204	468	420	396	348	288	228	168	72	0	84	204	240	336	396	372	
180	432	408	396	372	312	276	240	144	84	0	120	156	252	324	324	
252	456	456	468	468	420	396	360	264	204	120	0	120	204	300	336	
180	324	336	360	384	360	348	360	264	240	156	120	0	96	180	204	
240	300	348	396	444	420	432	456	372	336	252	204	96	0	108	192	
240	204	264	336	396	396	432	468	408	396	324	300	180	108	0	108	
180	120	156	228	288	300	348	408	360	372	324	336	204	192	108	0	
V1
0	264	216	204	204	180	192	228	180	204	180	252	180	240	240	180	
264	0	96	192	288	324	396	468	444	468	432	456	324	300	204	120	
216	96	0	84	180	228	300	396	384	420	408	456	336	348	264	156	
204	192	84	0	96	156	240	336	336	396	396	468	360	396	336	228	
204	288	180	96	0	72	156	252	288	348	372	468	384	444	396	288	
180	324	228	156	72	0	84	180	216	288	312	420	360	420	396	300	
192	396	300	240	156	84	0	96	156	228	276	396	348	432	432	348	
228	468	396	336	252	180	96	0	96	168	240	360	360	456	468	408	
180	444	384	336	288	216	156	96	0	72	144	264	264	372	408	360	
204	468	420	396	348	288	228	168	72	0	84	204	240	336	396	372	
180	432	408	396	372	312	276	240	144	84	0	120	156	252	324	324	
252	456	456	468	468	420	396	360	264	204	120	0	120	204	300	336	
180	324	336	360	384	360	348	360	264	240	156	120	0	96	180	204	
240	300	348	396	444	420	432	456	372	336	252	204	96	0	108	192	
240	204	264	336	396	396	432	468	408	396	324	300	180	108	0	108	
180	120	156	228	288	300	348	408	360	372	324	336	204	192	108	0	
V2
0	356	291	275	275	243	259	307	243	275	243	340	243	324	324	243	
356	0	129	259	388	437	534	631	599	631	583	615	437	405	275	162	
291	129	0	113	243	307	405	534	518	567	550	615	453	469	356	210	
275	259	113	0	129	210	324	453	453	534	534	631	486	534	453	307	
275	388	243	129	0	97	210	340	388	469	502	631	518	599	534	388	
243	437	307	210	97	0	113	243	291	388	421	567	486	567	534	405	
259	534	405	324	210	113	0	129	210	307	372	534	469	583	583	469	
307	631	534	453	340	243	129	0	129	226	324	486	486	615	631	550	
243	599	518	453	388	291	210	129	0	97	194	356	356	502	550	486	
275	631	567	534	469	388	307	226	97	0	113	275	324	453	534	502	
243	583	550	534	502	421	372	324	194	113	0	162	210	340	437	437	
340	615	615	631	631	567	534	486	356	275	162	0	162	275	405	453	
243	437	453	486	518	486	469	486	356	324	210	162	0	129	243	275	
324	405	469	534	599	567	583	615	502	453	340	275	129	0	145	259	
324	275	356	453	534	534	583	631	550	534	437	405	243	145	0	145	
243	162	210	307	388	405	469	550	486	502	437	453	275	259	145	0	
V3
0	440	360	340	340	300	320	380	300	340	300	420	300	400	400	300	
440	0	160	320	480	540	660	780	740	780	720	760	540	500	340	200	
360	160	0	140	300	380	500	660	640	700	680	760	560	580	440	260	
340	320	140	0	160	260	400	560	560	660	660	780	600	660	560	380	
340	480	300	160	0	120	260	420	480	580	620	780	640	740	660	480	
300	540	380	260	120	0	140	300	360	480	520	700	600	700	660	500	
320	660	500	400	260	140	0	160	260	380	460	660	580	720	720	580	
380	780	660	560	420	300	160	0	160	280	400	600	600	760	780	680	
300	740	640	560	480	360	260	160	0	120	240	440	440	620	680	600	
340	780	700	660	580	480	380	280	120	0	140	340	400	560	660	620	
300	720	680	660	620	520	460	400	240	140	0	200	260	420	540	540	
420	760	760	780	780	700	660	600	440	340	200	0	200	340	500	560	
300	540	560	600	640	600	580	600	440	400	260	200	0	160	300	340	
400	500	580	660	740	700	720	760	620	560	420	340	160	0	180	320	
400	340	440	560	660	660	720	780	680	660	540	500	300	180	0	180	
300	200	260	380	480	500	580	680	600	620	540	560	340	320	180	0	
V4
0	391	320	302	302	267	284	338	267	302	267	373	267	356	356	267	
391	0	142	284	427	480	587	694	658	694	640	676	480	445	302	178	
320	142	0	124	267	338	445	587	569	623	605	676	498	516	391	231	
302	284	124	0	142	231	356	498	498	587	587	694	534	587	498	338	
302	427	267	142	0	106	231	373	427	516	551	694	569	658	587	427	
267	480	338	231	106	0	124	267	320	427	462	623	534	623	587	445	
284	587	445	356	231	124	0	142	231	338	409	587	516	640	640	516	
338	694	587	498	373	267	142	0	142	249	356	534	534	676	694	605	
267	658	569	498	427	320	231	142	0	106	213	391	391	551	605	534	
302	694	623	587	516	427	338	249	106	0	124	302	356	498	587	551	
267	640	605	587	551	462	409	356	213	124	0	178	231	373	480	480	
373	676	676	694	694	623	587	534	391	302	178	0	178	302	445	498	
267	480	498	534	569	534	516	534	391	356	231	178	0	142	267	302	
356	445	516	587	658	623	640	676	551	498	373	302	142	0	160	284	
356	302	391	498	587	587	640	694	605	587	480	445	267	160	0	160	
267	178	231	338	427	445	516	605	534	551	480	498	302	284	160	0	
Velocidade_Veiculos
1	1	1	1	1	