M: 4
N: 15
Nun_Veiculos: 7
Capacidade_Total: 587
Demanda_Total: 295
Setup_Min: 1
Setup_Max: 9
Raio: 20
Circulos: 1
Tempo_Processamento_Min: 1
Tempo_Processamento_Max: 49
Demanda_Min: 10
Demanda_Max: 30
Priority_Factor: 0.2
Range_Factor_R: 0.8
U_factor: 2
ALpha: 0.2Replicao: 3
Tempos_Processamentos
0	0	1	0	2	0	3	0	
0	36	1	43	2	30	3	25	
0	23	1	7	2	46	3	32	
0	29	1	8	2	25	3	46	
0	22	1	8	2	37	3	1	
0	44	1	38	2	49	3	38	
0	33	1	20	2	10	3	18	
0	18	1	40	2	15	3	18	
0	37	1	8	2	39	3	7	
0	17	1	23	2	28	3	27	
0	11	1	21	2	23	3	25	
0	6	1	38	2	12	3	25	
0	40	1	41	2	34	3	38	
0	19	1	46	2	21	3	36	
0	1	1	13	2	42	3	19	
0	19	1	37	2	35	3	19	

Tempos_setup
M0
0	0	0	0	0	0	0	0	0	0	0	0	0	0	0	0	
0	0	2	3	2	2	4	5	3	4	3	2	1	3	4	3	
0	2	0	3	4	4	4	6	4	5	5	4	3	4	2	5	
0	4	2	0	2	1	1	4	3	2	3	3	5	3	3	2	
0	3	3	5	0	2	5	3	1	5	3	5	4	4	4	4	
0	3	1	4	1	0	5	4	2	5	4	3	4	2	3	3	
0	3	3	3	5	4	0	4	2	5	4	3	4	4	5	2	
0	6	4	2	3	3	3	0	4	3	4	5	4	3	1	4	
0	5	3	4	5	5	5	2	0	5	5	4	6	5	3	3	
0	3	4	2	1	3	3	3	2	0	1	3	4	3	1	4	
0	5	4	2	3	3	3	2	4	2	0	5	6	5	3	4	
0	5	3	1	3	2	2	3	4	2	1	0	6	4	3	3	
0	2	1	3	1	3	4	4	2	5	3	3	0	2	3	2	
0	3	2	2	2	1	3	5	3	4	3	2	4	0	4	1	
0	5	4	2	2	3	3	5	3	4	5	4	3	2	0	3	
0	2	3	1	3	2	2	4	4	3	2	1	3	4	4	0	
M1
0	0	0	0	0	0	0	0	0	0	0	0	0	0	0	0	
0	0	1	5	4	3	5	3	5	4	5	5	5	4	2	3	
0	2	0	4	3	2	4	2	4	3	4	4	4	3	1	2	
0	3	1	0	1	2	5	3	4	4	2	4	4	4	2	3	
0	3	4	5	0	2	5	5	5	4	5	4	5	6	2	3	
0	1	2	4	2	0	3	3	3	2	3	2	5	4	3	3	
0	4	2	3	2	3	0	1	2	1	2	3	3	3	3	3	
0	3	4	3	2	2	4	0	2	1	2	3	2	2	2	3	
0	4	2	1	2	3	4	4	0	5	3	5	3	5	3	4	
0	4	3	2	1	3	3	4	1	0	1	2	4	6	3	3	
0	6	4	3	4	5	5	4	2	5	0	4	5	5	5	4	
0	4	2	3	2	4	1	2	3	2	3	0	3	4	3	1	
0	4	5	5	1	3	4	5	4	3	4	3	0	7	3	4	
0	3	3	2	2	2	4	2	1	1	2	3	4	0	4	2	
0	3	2	6	2	4	3	3	5	4	3	4	3	5	0	1	
0	3	1	5	1	3	2	3	4	3	2	3	2	4	2	0	
M2
0	0	0	0	0	0	0	0	0	0	0	0	0	0	0	0	
0	0	6	6	3	3	1	4	4	2	4	1	3	5	5	4	
0	2	0	7	2	2	2	5	5	4	4	3	1	4	4	3	
0	2	3	0	4	5	3	5	4	4	4	1	2	5	1	3	
0	2	4	6	0	3	3	3	3	4	3	1	2	4	2	4	
0	4	6	5	2	0	1	4	4	3	3	3	3	3	4	1	
0	4	6	6	2	2	0	3	5	4	4	3	4	5	4	3	
0	2	6	3	3	3	1	0	6	4	5	3	3	5	4	4	
0	3	6	3	4	3	2	5	0	5	3	2	4	2	4	4	
0	4	7	6	3	1	2	5	5	0	4	3	1	4	5	2	
0	2	3	7	4	2	3	5	5	4	0	3	1	1	6	3	
0	1	5	7	3	4	2	5	5	3	3	0	4	4	5	5	
0	3	6	7	5	4	4	4	6	5	4	2	0	3	5	5	
0	1	7	6	3	1	2	5	5	3	4	2	4	0	5	2	
0	3	2	6	4	4	4	7	3	5	6	4	3	5	0	5	
0	3	5	4	1	4	4	4	3	5	4	2	3	5	3	0	
M3
0	0	0	0	0	0	0	0	0	0	0	0	0	0	0	0	
0	0	1	3	4	3	1	4	3	2	3	4	5	2	3	2	
0	4	0	5	5	2	2	6	5	3	3	5	5	6	3	6	
0	3	2	0	6	4	4	1	4	5	4	4	3	3	3	4	
0	2	3	1	0	3	3	2	1	1	4	3	2	3	2	3	
0	4	5	4	5	0	5	5	3	6	2	6	5	6	3	4	
0	3	4	4	4	3	0	4	4	2	5	4	5	5	5	5	
0	3	1	3	5	3	3	0	3	4	3	3	2	2	2	3	
0	2	3	1	2	2	2	2	0	3	4	4	3	4	1	4	
0	1	2	2	2	4	2	3	2	0	4	2	3	3	3	3	
0	2	3	4	3	1	3	3	4	4	0	4	3	4	1	4	
0	5	6	5	4	4	2	6	5	4	4	0	4	6	4	6	
0	4	4	3	5	3	3	4	3	4	3	1	0	2	3	3	
0	2	3	1	3	2	3	2	1	4	1	4	3	0	1	1	
0	1	2	4	5	1	2	5	4	3	3	3	2	3	0	3	
0	4	3	1	5	3	4	2	5	6	2	3	4	4	3	0	
Tamanho_Tarefas
0	29	15	8	14	38	14	18	22	18	15	7	36	25	17	19	
Data_Entrega
0	67	69	69	65	62	64	77	61	66	51	51	83	56	58	55	
Penalidade_Atraso
0	3	2	7	4	6	9	12	7	16	18	5	18	19	3	1	
Capacidade_Veiculo
77	105	97	73	59	97	79	
Custo_Fixo_Veiculo
770	1050	970	730	590	970	790	
Coordenadas_Clientes
x	0	y	0
x	20	y	0
x	22	y	9
x	15	y	17
x	5	y	17
x	-2	y	21
x	-11	y	20
x	-17	y	12
x	-17	y	3
x	-14	y	-3
x	-19	y	-14
x	-10	y	-17
x	-2	y	-21
x	6	y	-19
x	13	y	-14
x	16	y	-7
Tempo_Viagem
0	20	23	22	17	21	22	20	17	14	23	19	21	19	19	17	
20	0	9	17	22	30	36	38	37	34	41	34	30	23	15	8	
23	9	0	10	18	26	34	39	39	37	46	41	38	32	24	17	
22	17	10	0	10	17	26	32	34	35	45	41	41	37	31	24	
17	22	18	10	0	8	16	22	26	27	39	36	38	36	32	26	
21	30	26	17	8	0	9	17	23	26	38	38	42	40	38	33	
22	36	34	26	16	9	0	10	18	23	34	37	41	41	41	38	
20	38	39	32	22	17	10	0	9	15	26	29	36	38	39	37	
17	37	39	34	26	23	18	9	0	6	17	20	27	31	34	34	
14	34	37	35	27	26	23	15	6	0	12	14	21	25	29	30	
23	41	46	45	39	38	34	26	17	12	0	9	17	25	32	35	
19	34	41	41	36	38	37	29	20	14	9	0	8	16	23	27	
21	30	38	41	38	42	41	36	27	21	17	8	0	8	16	22	
19	23	32	37	36	40	41	38	31	25	25	16	8	0	8	15	
19	15	24	31	32	38	41	39	34	29	32	23	16	8	0	7	
17	8	17	24	26	33	38	37	34	30	35	27	22	15	7	0	
Custo_Viagem
V0
0	308	354	338	261	323	338	308	261	215	354	292	323	292	292	261	
308	0	138	261	338	462	554	585	569	523	631	523	462	354	231	123	
354	138	0	154	277	400	523	600	600	569	723	631	585	492	369	261	
338	261	154	0	154	261	400	492	523	539	708	646	631	569	477	369	
261	338	277	154	0	123	246	338	400	415	600	569	585	554	492	400	
323	462	400	261	123	0	138	261	354	400	585	585	646	616	585	508	
338	554	523	400	246	138	0	154	277	354	523	569	631	646	631	585	
308	585	600	492	338	261	154	0	138	231	400	446	554	585	600	585	
261	569	600	523	400	354	277	138	0	92	261	323	431	477	523	523	
215	523	569	539	415	400	354	231	92	0	184	215	323	385	446	462	
354	631	723	708	600	585	523	400	261	184	0	138	277	385	492	539	
292	523	631	646	569	585	569	446	323	215	138	0	123	246	354	415	
323	462	585	631	585	646	631	554	431	323	277	123	0	123	246	338	
292	354	492	569	554	616	646	585	477	385	385	246	123	0	123	231	
292	231	369	477	492	585	631	600	523	446	492	354	246	123	0	107	
261	123	261	369	400	508	585	585	523	462	539	415	338	231	107	0	
V1
0	420	483	462	357	441	462	420	357	294	483	399	441	399	399	357	
420	0	189	357	462	630	756	798	777	714	861	714	630	483	315	168	
483	189	0	210	378	546	714	819	819	777	987	861	798	672	504	357	
462	357	210	0	210	357	546	672	714	735	966	882	861	777	651	504	
357	462	378	210	0	168	336	462	546	567	819	777	798	756	672	546	
441	630	546	357	168	0	189	357	483	546	798	798	882	840	798	693	
462	756	714	546	336	189	0	210	378	483	714	777	861	882	861	798	
420	798	819	672	462	357	210	0	189	315	546	609	756	798	819	798	
357	777	819	714	546	483	378	189	0	126	357	441	588	651	714	714	
294	714	777	735	567	546	483	315	126	0	252	294	441	525	609	630	
483	861	987	966	819	798	714	546	357	252	0	189	378	525	672	735	
399	714	861	882	777	798	777	609	441	294	189	0	168	336	483	567	
441	630	798	861	798	882	861	756	588	441	378	168	0	168	336	462	
399	483	672	777	756	840	882	798	651	525	525	336	168	0	168	315	
399	315	504	651	672	798	861	819	714	609	672	483	336	168	0	147	
357	168	357	504	546	693	798	798	714	630	735	567	462	315	147	0	
V2
0	388	446	426	329	407	426	388	329	271	446	368	407	368	368	329	
388	0	174	329	426	582	698	737	717	659	795	659	582	446	291	155	
446	174	0	194	349	504	659	756	756	717	911	795	737	620	465	329	
426	329	194	0	194	329	504	620	659	679	892	814	795	717	601	465	
329	426	349	194	0	155	310	426	504	523	756	717	737	698	620	504	
407	582	504	329	155	0	174	329	446	504	737	737	814	776	737	640	
426	698	659	504	310	174	0	194	349	446	659	717	795	814	795	737	
388	737	756	620	426	329	194	0	174	291	504	562	698	737	756	737	
329	717	756	659	504	446	349	174	0	116	329	407	543	601	659	659	
271	659	717	679	523	504	446	291	116	0	232	271	407	485	562	582	
446	795	911	892	756	737	659	504	329	232	0	174	349	485	620	679	
368	659	795	814	717	737	717	562	407	271	174	0	155	310	446	523	
407	582	737	795	737	814	795	698	543	407	349	155	0	155	310	426	
368	446	620	717	698	776	814	737	601	485	485	310	155	0	155	291	
368	291	465	601	620	737	795	756	659	562	620	446	310	155	0	135	
329	155	329	465	504	640	737	737	659	582	679	523	426	291	135	0	
V3
0	292	335	321	248	306	321	292	248	204	335	277	306	277	277	248	
292	0	131	248	321	438	525	554	540	496	598	496	438	335	219	116	
335	131	0	146	262	379	496	569	569	540	686	598	554	467	350	248	
321	248	146	0	146	248	379	467	496	511	671	613	598	540	452	350	
248	321	262	146	0	116	233	321	379	394	569	540	554	525	467	379	
306	438	379	248	116	0	131	248	335	379	554	554	613	584	554	481	
321	525	496	379	233	131	0	146	262	335	496	540	598	613	598	554	
292	554	569	467	321	248	146	0	131	219	379	423	525	554	569	554	
248	540	569	496	379	335	262	131	0	87	248	306	408	452	496	496	
204	496	540	511	394	379	335	219	87	0	175	204	306	365	423	438	
335	598	686	671	569	554	496	379	248	175	0	131	262	365	467	511	
277	496	598	613	540	554	540	423	306	204	131	0	116	233	335	394	
306	438	554	598	554	613	598	525	408	306	262	116	0	116	233	321	
277	335	467	540	525	584	613	554	452	365	365	233	116	0	116	219	
277	219	350	452	467	554	598	569	496	423	467	335	233	116	0	102	
248	116	248	350	379	481	554	554	496	438	511	394	321	219	102	0	
V4
0	236	271	259	200	247	259	236	200	165	271	224	247	224	224	200	
236	0	106	200	259	354	424	448	436	401	483	401	354	271	177	94	
271	106	0	118	212	306	401	460	460	436	554	483	448	377	283	200	
259	200	118	0	118	200	306	377	401	413	542	495	483	436	365	283	
200	259	212	118	0	94	188	259	306	318	460	436	448	424	377	306	
247	354	306	200	94	0	106	200	271	306	448	448	495	472	448	389	
259	424	401	306	188	106	0	118	212	271	401	436	483	495	483	448	
236	448	460	377	259	200	118	0	106	177	306	342	424	448	460	448	
200	436	460	401	306	271	212	106	0	70	200	247	330	365	401	401	
165	401	436	413	318	306	271	177	70	0	141	165	247	295	342	354	
271	483	554	542	460	448	401	306	200	141	0	106	212	295	377	413	
224	401	483	495	436	448	436	342	247	165	106	0	94	188	271	318	
247	354	448	483	448	495	483	424	330	247	212	94	0	94	188	259	
224	271	377	436	424	472	495	448	365	295	295	188	94	0	94	177	
224	177	283	365	377	448	483	460	401	342	377	271	188	94	0	82	
200	94	200	283	306	389	448	448	401	354	413	318	259	177	82	0	
V5
0	388	446	426	329	407	426	388	329	271	446	368	407	368	368	329	
388	0	174	329	426	582	698	737	717	659	795	659	582	446	291	155	
446	174	0	194	349	504	659	756	756	717	911	795	737	620	465	329	
426	329	194	0	194	329	504	620	659	679	892	814	795	717	601	465	
329	426	349	194	0	155	310	426	504	523	756	717	737	698	620	504	
407	582	504	329	155	0	174	329	446	504	737	737	814	776	737	640	
426	698	659	504	310	174	0	194	349	446	659	717	795	814	795	737	
388	737	756	620	426	329	194	0	174	291	504	562	698	737	756	737	
329	717	756	659	504	446	349	174	0	116	329	407	543	601	659	659	
271	659	717	679	523	504	446	291	116	0	232	271	407	485	562	582	
446	795	911	892	756	737	659	504	329	232	0	174	349	485	620	679	
368	659	795	814	717	737	717	562	407	271	174	0	155	310	446	523	
407	582	737	795	737	814	795	698	543	407	349	155	0	155	310	426	
368	446	620	717	698	776	814	737	601	485	485	310	155	0	155	291	
368	291	465	601	620	737	795	756	659	562	620	446	310	155	0	135	
329	155	329	465	504	640	737	737	659	582	679	523	426	291	135	0	
V6
0	316	363	347	268	331	347	316	268	221	363	300	331	300	300	268	
316	0	142	268	347	474	568	600	584	537	647	537	474	363	237	126	
363	142	0	158	284	410	537	616	616	584	742	647	600	505	379	268	
347	268	158	0	158	268	410	505	537	553	726	663	647	584	489	379	
268	347	284	158	0	126	252	347	410	426	616	584	600	568	505	410	
331	474	410	268	126	0	142	268	363	410	600	600	663	632	600	521	
347	568	537	410	252	142	0	158	284	363	537	584	647	663	647	600	
316	600	616	505	347	268	158	0	142	237	410	458	568	600	616	600	
268	584	616	537	410	363	284	142	0	94	268	331	442	489	537	537	
221	537	584	553	426	410	363	237	94	0	189	221	331	395	458	474	
363	647	742	726	616	600	537	410	268	189	0	142	284	395	505	553	
300	537	647	663	584	600	584	458	331	221	142	0	126	252	363	426	
331	474	600	647	600	663	647	568	442	331	284	126	0	126	252	347	
300	363	505	584	568	632	663	600	489	395	395	252	126	0	126	237	
300	237	379	489	505	600	647	616	537	458	505	363	252	126	0	110	
268	126	268	379	410	521	600	600	537	474	553	426	347	237	110	0	
Velocidade_Veiculos
1	1	1	1	1	1	1	