M: 4
N: 15
Nun_Veiculos: 8
Capacidade_Total: 393
Demanda_Total: 205
Setup_Min: 1
Setup_Max: 99
Raio: 20
Circulos: 1
Tempo_Processamento_Min: 1
Tempo_Processamento_Max: 49
Demanda_Min: 10
Demanda_Max: 30
Priority_Factor: 0.2
Range_Factor_R: 0.8
U_factor: 2
ALpha: 0.2Replicao: 1
Tempos_Processamentos
0	0	1	0	2	0	3	0	
0	38	1	46	2	10	3	3	
0	40	1	47	2	2	3	12	
0	22	1	12	2	47	3	8	
0	23	1	12	2	3	3	14	
0	15	1	38	2	20	3	23	
0	28	1	27	2	24	3	35	
0	35	1	45	2	21	3	30	
0	19	1	26	2	2	3	29	
0	38	1	8	2	7	3	32	
0	31	1	36	2	10	3	3	
0	35	1	24	2	23	3	18	
0	31	1	1	2	24	3	38	
0	46	1	32	2	30	3	10	
0	28	1	3	2	16	3	42	
0	38	1	20	2	44	3	13	

Tempos_setup
M0
0	0	0	0	0	0	0	0	0	0	0	0	0	0	0	0	
0	0	36	16	31	35	29	30	18	22	14	20	33	11	30	36	
0	28	0	41	31	28	22	12	26	30	30	36	26	33	22	21	
0	2	26	0	21	35	30	20	8	12	4	10	23	1	20	37	
0	12	26	24	0	27	21	12	25	19	21	25	2	18	7	28	
0	38	26	36	33	0	9	29	21	25	25	25	33	34	33	16	
0	29	17	27	24	6	0	20	12	16	16	22	24	28	29	7	
0	16	29	32	41	49	45	0	28	30	24	30	18	21	10	50	
0	17	18	15	35	28	22	30	0	4	19	10	37	16	35	29	
0	13	14	11	32	31	30	26	15	0	15	6	34	12	31	35	
0	21	22	19	39	32	26	34	4	8	0	14	25	20	16	33	
0	26	27	24	44	25	31	28	9	13	26	0	46	25	38	38	
0	24	27	22	43	31	40	39	30	34	26	27	0	23	42	47	
0	21	25	19	20	34	29	19	7	11	3	9	22	0	19	36	
0	6	19	22	31	41	35	30	18	22	14	20	33	11	0	40	
0	22	18	20	17	7	1	21	5	9	9	15	17	21	22	0	
M1
0	0	0	0	0	0	0	0	0	0	0	0	0	0	0	0	
0	0	30	29	4	11	25	28	27	3	21	14	18	26	11	27	
0	20	0	26	24	3	27	20	23	23	22	10	15	26	31	34	
0	42	40	0	46	36	23	31	1	45	23	32	31	15	32	27	
0	1	31	25	0	7	21	24	23	4	21	10	14	22	7	23	
0	17	41	23	21	0	24	17	20	20	19	7	12	23	28	31	
0	28	17	43	27	20	0	22	38	31	36	27	32	43	34	18	
0	31	51	33	35	14	34	0	34	34	29	21	22	37	38	14	
0	44	39	5	48	35	22	30	0	47	22	34	36	14	31	26	
0	30	27	44	34	26	44	43	39	0	18	30	35	40	27	57	
0	22	45	28	26	33	28	42	25	25	0	12	17	22	9	43	
0	10	34	16	14	21	17	35	13	13	12	0	5	16	21	31	
0	11	29	11	15	22	12	30	12	14	7	1	0	17	16	26	
0	53	52	12	52	38	35	24	13	56	35	44	43	0	44	38	
0	13	36	19	17	24	19	33	16	16	15	3	8	15	0	34	
0	24	54	37	28	18	38	4	38	27	22	25	26	27	31	0	
M2
0	0	0	0	0	0	0	0	0	0	0	0	0	0	0	0	
0	0	24	30	21	18	26	60	13	11	25	31	13	26	20	3	
0	23	0	30	18	18	26	60	9	7	32	13	32	23	28	26	
0	12	25	0	23	14	4	38	8	12	32	9	25	22	21	15	
0	27	32	15	0	19	19	53	21	19	33	24	14	27	10	11	
0	16	29	12	27	0	8	42	18	16	22	13	21	8	17	18	
0	8	21	4	19	10	0	34	10	8	28	5	21	18	25	11	
0	14	19	10	19	16	6	0	1	8	12	11	27	15	24	17	
0	33	20	30	18	18	26	60	0	7	28	31	27	14	23	24	
0	26	13	26	11	20	28	56	2	0	25	26	25	16	21	22	
0	30	7	30	24	21	29	63	16	14	0	20	16	29	12	13	
0	21	16	17	14	5	13	47	5	3	27	0	26	13	22	23	
0	21	32	17	8	5	13	47	23	21	27	18	0	13	18	19	
0	34	21	30	21	18	26	58	20	18	14	31	13	0	9	10	
0	25	22	21	12	9	17	51	11	9	23	22	4	17	0	1	
0	31	21	27	18	15	23	57	10	8	22	28	10	23	26	0	
M3
0	0	0	0	0	0	0	0	0	0	0	0	0	0	0	0	
0	0	42	10	18	15	16	5	13	12	15	8	20	19	14	24	
0	6	0	6	14	11	12	1	9	6	11	4	16	15	10	11	
0	20	32	0	19	10	26	15	20	28	12	18	17	26	11	32	
0	30	41	30	0	35	36	25	33	38	22	28	27	39	21	42	
0	10	42	10	9	0	16	5	10	18	2	8	7	16	1	22	
0	6	48	16	24	20	0	11	16	18	21	11	26	22	20	27	
0	5	37	5	13	10	11	0	8	13	10	3	15	14	9	19	
0	14	42	14	17	12	20	9	0	22	10	12	15	6	9	25	
0	23	39	33	41	38	32	28	36	0	37	31	34	42	37	27	
0	8	40	8	7	13	14	3	11	16	0	6	18	17	12	22	
0	2	44	12	18	9	18	7	5	10	11	0	16	11	10	16	
0	12	44	12	11	17	18	7	15	20	4	10	0	21	16	15	
0	8	36	8	16	13	14	3	11	16	13	6	18	0	12	19	
0	9	41	9	8	14	15	4	12	17	1	7	6	18	0	21	
0	8	50	18	15	15	5	13	11	14	10	6	22	17	16	0	
Tamanho_Tarefas
0	22	3	12	10	16	25	21	3	17	9	18	10	12	8	19	
Data_Entrega
0	48	60	57	65	50	51	54	65	65	51	68	56	51	51	47	
Penalidade_Atraso
0	4	19	17	20	19	16	7	17	9	1	15	17	3	7	7	
Capacidade_Veiculo
28	33	45	68	72	57	41	49	
Custo_Fixo_Veiculo
280	330	450	680	720	570	410	490	
Coordenadas_Clientes
x	0	y	0
x	25	y	0
x	16	y	7
x	10	y	11
x	7	y	22
x	-2	y	23
x	-12	y	21
x	-17	y	12
x	-20	y	4
x	-15	y	-3
x	-19	y	-14
x	-11	y	-19
x	-2	y	-23
x	6	y	-18
x	16	y	-18
x	16	y	-7
Tempo_Viagem
0	25	17	14	23	23	24	20	20	15	23	21	23	18	24	17	
25	0	11	18	28	34	42	43	45	40	46	40	34	25	20	11	
17	11	0	7	17	23	31	33	36	32	40	37	34	26	25	14	
14	18	7	0	11	16	24	27	30	28	37	35	36	29	29	18	
23	28	17	11	0	9	19	26	32	33	44	44	45	40	40	29	
23	34	23	16	9	0	10	18	26	29	40	42	46	41	44	34	
24	42	31	24	19	10	0	10	18	24	35	40	45	42	48	39	
20	43	33	27	26	18	10	0	8	15	26	31	38	37	44	37	
20	45	36	30	32	26	18	8	0	8	18	24	31	33	42	37	
15	40	32	28	33	29	24	15	8	0	11	16	23	25	34	31	
23	46	40	37	44	40	35	26	18	11	0	9	18	25	35	35	
21	40	37	35	44	42	40	31	24	16	9	0	9	17	27	29	
23	34	34	36	45	46	45	38	31	23	18	9	0	9	18	23	
18	25	26	29	40	41	42	37	33	25	25	17	9	0	10	14	
24	20	25	29	40	44	48	44	42	34	35	27	18	10	0	11	
17	11	14	18	29	34	39	37	37	31	35	29	23	14	11	0	
Custo_Viagem
V0
0	140	95	78	128	128	134	112	112	84	128	117	128	100	134	95	
140	0	61	100	156	196	235	240	252	224	257	224	196	145	112	61	
95	61	0	39	95	134	173	184	201	179	224	207	190	145	140	78	
78	100	39	0	61	89	134	151	168	156	212	201	201	162	162	100	
128	156	95	61	0	50	106	145	179	184	246	246	252	224	229	168	
128	196	134	89	50	0	56	100	145	162	224	235	257	229	246	190	
134	235	173	134	106	56	0	56	100	134	196	224	252	235	268	218	
112	240	184	151	145	100	56	0	44	84	145	173	212	207	246	212	
112	252	201	168	179	145	100	44	0	44	100	134	179	190	235	207	
84	224	179	156	184	162	134	84	44	0	61	89	128	140	190	173	
128	257	224	212	246	224	196	145	100	61	0	50	106	140	196	196	
117	224	207	201	246	235	224	173	134	89	50	0	50	95	151	162	
128	196	190	201	252	257	252	212	179	128	106	50	0	50	100	134	
100	145	145	162	224	229	235	207	190	140	140	95	50	0	56	78	
134	112	140	162	229	246	268	246	235	190	196	151	100	56	0	61	
95	61	78	100	168	190	218	212	207	173	196	162	134	78	61	0	
V1
0	165	112	92	151	151	158	132	132	99	151	138	151	118	158	112	
165	0	72	118	184	231	277	283	297	264	303	264	231	171	132	72	
112	72	0	46	112	158	204	217	237	211	264	244	224	171	165	92	
92	118	46	0	72	105	158	178	198	184	250	237	237	191	191	118	
151	184	112	72	0	59	125	171	211	217	290	290	297	264	270	198	
151	231	158	105	59	0	66	118	171	191	264	277	303	270	290	224	
158	277	204	158	125	66	0	66	118	158	231	264	297	277	316	257	
132	283	217	178	171	118	66	0	52	99	171	204	250	244	290	250	
132	297	237	198	211	171	118	52	0	52	118	158	211	224	277	244	
99	264	211	184	217	191	158	99	52	0	72	105	151	165	224	204	
151	303	264	250	290	264	231	171	118	72	0	59	125	165	231	231	
138	264	244	237	290	277	264	204	158	105	59	0	59	112	178	191	
151	231	224	237	297	303	297	250	211	151	125	59	0	59	118	158	
118	171	171	191	264	270	277	244	224	165	165	112	59	0	66	92	
158	132	165	191	270	290	316	290	277	224	231	178	118	66	0	72	
112	72	92	118	198	224	257	250	244	204	231	191	158	92	72	0	
V2
0	225	153	126	207	207	216	180	180	135	207	189	207	162	216	153	
225	0	99	162	252	315	378	387	405	360	414	360	315	234	180	99	
153	99	0	63	153	216	279	297	324	288	360	333	306	234	225	126	
126	162	63	0	99	144	216	243	270	252	342	324	324	261	261	162	
207	252	153	99	0	81	171	234	288	297	396	396	405	360	369	270	
207	315	216	144	81	0	90	162	234	261	360	378	414	369	396	306	
216	378	279	216	171	90	0	90	162	216	315	360	405	378	432	351	
180	387	297	243	234	162	90	0	72	135	234	279	342	333	396	342	
180	405	324	270	288	234	162	72	0	72	162	216	288	306	378	333	
135	360	288	252	297	261	216	135	72	0	99	144	207	225	306	279	
207	414	360	342	396	360	315	234	162	99	0	81	171	225	315	315	
189	360	333	324	396	378	360	279	216	144	81	0	81	153	243	261	
207	315	306	324	405	414	405	342	288	207	171	81	0	81	162	216	
162	234	234	261	360	369	378	333	306	225	225	153	81	0	90	126	
216	180	225	261	369	396	432	396	378	306	315	243	162	90	0	99	
153	99	126	162	270	306	351	342	333	279	315	261	216	126	99	0	
V3
0	340	231	190	312	312	326	272	272	204	312	285	312	244	326	231	
340	0	149	244	380	476	571	584	612	544	625	544	476	353	272	149	
231	149	0	95	231	326	421	448	489	435	544	503	462	353	340	190	
190	244	95	0	149	217	326	367	408	380	516	489	489	394	394	244	
312	380	231	149	0	122	258	353	435	448	598	598	612	544	557	408	
312	476	326	217	122	0	136	244	353	394	544	571	625	557	598	462	
326	571	421	326	258	136	0	136	244	326	476	544	612	571	652	530	
272	584	448	367	353	244	136	0	108	204	353	421	516	503	598	516	
272	612	489	408	435	353	244	108	0	108	244	326	435	462	571	503	
204	544	435	380	448	394	326	204	108	0	149	217	312	340	462	421	
312	625	544	516	598	544	476	353	244	149	0	122	258	340	476	476	
285	544	503	489	598	571	544	421	326	217	122	0	122	231	367	394	
312	476	462	489	612	625	612	516	435	312	258	122	0	122	244	326	
244	353	353	394	544	557	571	503	462	340	340	231	122	0	136	190	
326	272	340	394	557	598	652	598	571	462	476	367	244	136	0	149	
231	149	190	244	408	462	530	516	503	421	476	394	326	190	149	0	
V4
0	360	244	201	331	331	345	288	288	216	331	302	331	259	345	244	
360	0	158	259	403	504	604	619	648	576	662	576	504	374	288	158	
244	158	0	100	244	345	446	475	518	460	576	532	489	374	360	201	
201	259	100	0	158	230	345	388	432	403	547	518	518	417	417	259	
331	403	244	158	0	129	273	374	460	475	633	633	648	576	590	432	
331	504	345	230	129	0	144	259	374	417	576	604	662	590	633	489	
345	604	446	345	273	144	0	144	259	345	504	576	648	604	691	561	
288	619	475	388	374	259	144	0	115	216	374	446	547	532	633	547	
288	648	518	432	460	374	259	115	0	115	259	345	460	489	604	532	
216	576	460	403	475	417	345	216	115	0	158	230	331	360	489	446	
331	662	576	547	633	576	504	374	259	158	0	129	273	360	504	504	
302	576	532	518	633	604	576	446	345	230	129	0	129	244	388	417	
331	504	489	518	648	662	648	547	460	331	273	129	0	129	259	345	
259	374	374	417	576	590	604	532	489	360	360	244	129	0	144	201	
345	288	360	417	590	633	691	633	604	489	504	388	259	144	0	158	
244	158	201	259	432	489	561	547	532	446	504	417	345	201	158	0	
V5
0	285	193	159	262	262	273	228	228	171	262	239	262	205	273	193	
285	0	125	205	319	399	478	490	513	456	524	456	399	296	228	125	
193	125	0	79	193	273	353	376	410	364	456	421	387	296	285	159	
159	205	79	0	125	182	273	307	342	319	433	410	410	330	330	205	
262	319	193	125	0	102	216	296	364	376	501	501	513	456	467	342	
262	399	273	182	102	0	114	205	296	330	456	478	524	467	501	387	
273	478	353	273	216	114	0	114	205	273	399	456	513	478	547	444	
228	490	376	307	296	205	114	0	91	171	296	353	433	421	501	433	
228	513	410	342	364	296	205	91	0	91	205	273	364	387	478	421	
171	456	364	319	376	330	273	171	91	0	125	182	262	285	387	353	
262	524	456	433	501	456	399	296	205	125	0	102	216	285	399	399	
239	456	421	410	501	478	456	353	273	182	102	0	102	193	307	330	
262	399	387	410	513	524	513	433	364	262	216	102	0	102	205	273	
205	296	296	330	456	467	478	421	387	285	285	193	102	0	114	159	
273	228	285	330	467	501	547	501	478	387	399	307	205	114	0	125	
193	125	159	205	342	387	444	433	421	353	399	330	273	159	125	0	
V6
0	205	139	114	188	188	196	164	164	123	188	172	188	147	196	139	
205	0	90	147	229	287	344	352	369	328	377	328	287	213	164	90	
139	90	0	57	139	196	254	270	295	262	328	303	278	213	205	114	
114	147	57	0	90	131	196	221	246	229	311	295	295	237	237	147	
188	229	139	90	0	73	155	213	262	270	360	360	369	328	336	246	
188	287	196	131	73	0	82	147	213	237	328	344	377	336	360	278	
196	344	254	196	155	82	0	82	147	196	287	328	369	344	393	319	
164	352	270	221	213	147	82	0	65	123	213	254	311	303	360	311	
164	369	295	246	262	213	147	65	0	65	147	196	262	278	344	303	
123	328	262	229	270	237	196	123	65	0	90	131	188	205	278	254	
188	377	328	311	360	328	287	213	147	90	0	73	155	205	287	287	
172	328	303	295	360	344	328	254	196	131	73	0	73	139	221	237	
188	287	278	295	369	377	369	311	262	188	155	73	0	73	147	196	
147	213	213	237	328	336	344	303	278	205	205	139	73	0	82	114	
196	164	205	237	336	360	393	360	344	278	287	221	147	82	0	90	
139	90	114	147	246	278	319	311	303	254	287	237	196	114	90	0	
V7
0	245	166	137	225	225	235	196	196	147	225	205	225	176	235	166	
245	0	107	176	274	343	411	421	441	392	450	392	343	254	196	107	
166	107	0	68	166	235	303	323	352	313	392	362	333	254	245	137	
137	176	68	0	107	156	235	264	294	274	372	352	352	284	284	176	
225	274	166	107	0	88	186	254	313	323	431	431	441	392	401	294	
225	343	235	156	88	0	98	176	254	284	392	411	450	401	431	333	
235	411	303	235	186	98	0	98	176	235	343	392	441	411	470	382	
196	421	323	264	254	176	98	0	78	147	254	303	372	362	431	372	
196	441	352	294	313	254	176	78	0	78	176	235	313	333	411	362	
147	392	313	274	323	284	235	147	78	0	107	156	225	245	333	303	
225	450	392	372	431	392	343	254	176	107	0	88	186	245	343	343	
205	392	362	352	431	411	392	303	235	156	88	0	88	166	264	284	
225	343	333	352	441	450	441	372	313	225	186	88	0	88	176	235	
176	254	254	284	392	401	411	362	333	245	245	166	88	0	98	137	
235	196	245	284	401	431	470	431	411	333	343	264	176	98	0	107	
166	107	137	176	294	333	382	372	362	303	343	284	235	137	107	0	
Velocidade_Veiculos
1	1	1	1	1	1	1	1	