M: 4
N: 15
Nun_Veiculos: 6
Capacidade_Total: 406
Demanda_Total: 269
Setup_Min: 1
Setup_Max: 9
Raio: 20
Circulos: 1
Tempo_Processamento_Min: 1
Tempo_Processamento_Max: 49
Demanda_Min: 10
Demanda_Max: 30
Priority_Factor: 0.2
Range_Factor_R: 0.8
U_factor: 2
ALpha: 0.2Replicao: 3
Tempos_Processamentos
0	0	1	0	2	0	3	0	
0	17	1	42	2	39	3	31	
0	47	1	37	2	45	3	22	
0	43	1	10	2	33	3	46	
0	44	1	44	2	36	3	32	
0	1	1	36	2	13	3	9	
0	48	1	31	2	42	3	33	
0	16	1	19	2	4	3	10	
0	21	1	46	2	43	3	32	
0	27	1	19	2	3	3	9	
0	45	1	48	2	34	3	22	
0	45	1	38	2	7	3	21	
0	27	1	2	2	9	3	42	
0	40	1	28	2	8	3	14	
0	25	1	36	2	7	3	4	
0	45	1	5	2	34	3	40	

Tempos_setup
M0
0	0	0	0	0	0	0	0	0	0	0	0	0	0	0	0	
0	0	2	4	3	1	1	4	3	3	4	3	3	3	3	4	
0	1	0	5	4	2	2	4	4	4	5	4	4	4	4	5	
0	3	2	0	3	1	3	3	6	4	3	1	2	2	3	3	
0	3	3	3	0	3	4	4	6	1	2	3	2	3	4	2	
0	2	1	4	4	0	3	4	5	5	3	2	3	3	2	3	
0	4	3	5	2	4	0	3	7	3	3	4	4	2	4	3	
0	1	2	5	2	2	2	0	4	3	2	4	4	1	3	4	
0	3	3	3	4	4	4	2	0	5	3	4	2	3	4	6	
0	2	2	2	3	2	3	3	5	0	1	2	1	2	3	1	
0	2	1	5	2	3	2	2	5	3	0	4	4	1	4	4	
0	3	4	6	4	4	4	2	6	4	3	0	5	3	5	5	
0	1	2	1	3	2	2	3	4	4	1	2	0	2	2	4	
0	2	1	4	1	3	1	2	5	2	1	3	3	0	5	3	
0	4	5	4	3	5	4	3	7	4	4	5	3	4	0	4	
0	2	2	2	4	1	3	3	5	5	2	1	1	3	2	0	
M1
0	0	0	0	0	0	0	0	0	0	0	0	0	0	0	0	
0	0	2	1	4	3	1	5	4	3	2	2	2	2	3	2	
0	2	0	1	3	4	3	5	4	3	1	3	2	2	3	4	
0	1	2	0	3	4	2	4	5	2	2	3	1	1	2	3	
0	2	4	2	0	3	3	6	2	4	2	3	3	1	3	4	
0	4	3	3	4	0	5	5	1	3	2	2	4	3	2	6	
0	4	3	3	3	6	0	5	5	3	3	3	4	3	3	3	
0	4	2	3	2	1	5	0	2	3	3	3	3	3	3	6	
0	3	4	4	3	1	4	4	0	2	3	1	4	2	1	5	
0	4	2	3	3	3	4	2	4	0	3	3	4	4	1	6	
0	2	3	1	2	3	3	5	3	3	0	2	2	2	3	4	
0	2	3	3	4	4	3	3	5	1	2	0	4	1	2	4	
0	4	3	4	2	4	5	3	4	1	3	4	0	3	2	4	
0	3	4	2	3	4	3	5	4	4	1	3	3	0	4	5	
0	3	5	4	2	5	4	4	4	6	4	5	5	3	0	5	
0	2	4	2	3	4	3	6	3	4	1	3	3	3	4	0	
M2
0	0	0	0	0	0	0	0	0	0	0	0	0	0	0	0	
0	0	4	1	1	2	3	3	4	2	2	2	1	2	2	1	
0	2	0	2	1	2	2	3	4	2	2	2	1	3	2	1	
0	4	3	0	3	3	3	2	4	4	2	3	3	1	3	3	
0	1	4	1	0	1	2	3	3	1	1	3	2	2	1	2	
0	1	5	2	2	0	2	4	4	1	1	3	2	3	2	2	
0	3	5	3	4	5	0	4	7	5	4	5	4	4	5	4	
0	3	6	4	4	3	2	0	5	3	3	2	2	4	3	1	
0	2	6	3	3	4	4	5	0	4	3	4	3	2	4	3	
0	2	5	2	1	2	3	3	4	0	2	4	3	3	2	3	
0	4	4	2	5	5	1	4	3	6	0	5	5	3	1	5	
0	1	5	2	2	3	3	1	4	3	3	0	2	3	2	2	
0	4	6	3	5	3	3	5	5	4	2	6	0	4	3	5	
0	3	5	3	2	3	2	3	4	3	1	2	4	0	2	3	
0	3	3	1	4	4	4	3	2	5	3	4	4	2	0	4	
0	2	5	3	3	3	4	2	4	2	3	1	1	3	2	0	
M3
0	0	0	0	0	0	0	0	0	0	0	0	0	0	0	0	
0	0	2	3	1	3	2	2	3	2	4	1	5	2	1	4	
0	4	0	4	4	3	2	3	3	3	2	4	4	1	5	5	
0	4	4	0	2	4	3	3	1	2	2	5	4	3	2	5	
0	5	2	5	0	4	4	4	2	3	3	6	4	3	2	4	
0	3	4	4	3	0	3	3	2	3	2	4	4	4	4	5	
0	4	3	2	2	2	0	1	1	1	3	2	4	2	3	4	
0	3	2	1	3	2	4	0	2	3	3	3	3	1	3	3	
0	4	3	3	1	4	3	2	0	1	2	4	3	3	2	5	
0	5	5	5	3	5	4	4	5	0	6	3	6	5	5	6	
0	2	3	2	3	3	1	1	2	2	0	3	4	2	3	3	
0	4	3	2	1	2	5	1	3	1	4	0	4	2	3	3	
0	6	3	4	1	4	2	3	3	3	4	4	0	2	3	4	
0	5	5	5	3	2	5	4	2	3	4	5	3	0	4	7	
0	3	4	3	4	2	5	4	3	4	4	4	4	1	0	3	
0	2	4	2	3	4	4	2	3	4	4	3	5	3	3	0	
Tamanho_Tarefas
0	20	28	15	34	8	32	4	26	3	25	17	13	15	16	13	
Data_Entrega
0	69	71	78	50	48	49	75	78	62	46	70	51	54	60	74	
Penalidade_Atraso
0	2	18	17	1	15	11	3	13	8	15	12	5	18	10	11	
Capacidade_Veiculo
60	72	91	68	40	75	
Custo_Fixo_Veiculo
600	720	910	680	400	750	
Coordenadas_Clientes
x	0	y	0
x	19	y	0
x	20	y	9
x	11	y	12
x	4	y	14
x	-1	y	17
x	-8	y	14
x	-16	y	12
x	-15	y	3
x	-22	y	-4
x	-16	y	-12
x	-11	y	-20
x	-1	y	-16
x	6	y	-19
x	16	y	-18
x	17	y	-7
Tempo_Viagem
0	19	21	16	14	17	16	20	15	22	20	22	16	19	24	18	
19	0	9	14	20	25	30	37	34	41	37	35	25	23	18	7	
21	9	0	9	16	21	28	36	35	43	41	42	32	31	27	16	
16	14	9	0	7	12	19	27	27	36	36	38	30	31	30	19	
14	20	16	7	0	5	12	20	21	30	32	36	30	33	34	24	
17	25	21	12	5	0	7	15	19	28	32	38	33	36	38	29	
16	30	28	19	12	7	0	8	13	22	27	34	30	35	40	32	
20	37	36	27	20	15	8	0	9	17	24	32	31	38	43	38	
15	34	35	27	21	19	13	9	0	9	15	23	23	30	37	33	
22	41	43	36	30	28	22	17	9	0	10	19	24	31	40	39	
20	37	41	36	32	32	27	24	15	10	0	9	15	22	32	33	
22	35	42	38	36	38	34	32	23	19	9	0	10	17	27	30	
16	25	32	30	30	33	30	31	23	24	15	10	0	7	17	20	
19	23	31	31	33	36	35	38	30	31	22	17	7	0	10	16	
24	18	27	30	34	38	40	43	37	40	32	27	17	10	0	11	
18	7	16	19	24	29	32	38	33	39	33	30	20	16	11	0	
Custo_Viagem
V0
0	228	252	192	168	204	192	240	180	264	240	264	192	228	288	216	
228	0	108	168	240	312	360	444	408	492	444	432	300	276	216	84	
252	108	0	108	192	264	336	432	420	516	492	504	384	372	324	192	
192	168	108	0	84	156	228	324	324	432	432	456	360	372	360	228	
168	240	192	84	0	60	144	240	252	372	384	444	360	396	408	288	
204	312	264	156	60	0	84	180	228	348	384	456	396	432	456	360	
192	360	336	228	144	84	0	96	156	264	324	408	360	420	480	384	
240	444	432	324	240	180	96	0	108	204	288	384	372	456	516	456	
180	408	420	324	252	228	156	108	0	108	180	276	276	360	444	396	
264	492	516	432	372	348	264	204	108	0	120	228	288	372	480	468	
240	444	492	432	384	384	324	288	180	120	0	108	180	276	384	396	
264	432	504	456	444	456	408	384	276	228	108	0	120	204	324	360	
192	300	384	360	360	396	360	372	276	288	180	120	0	84	204	240	
228	276	372	372	396	432	420	456	360	372	276	204	84	0	120	192	
288	216	324	360	408	456	480	516	444	480	384	324	204	120	0	132	
216	84	192	228	288	360	384	456	396	468	396	360	240	192	132	0	
V1
0	273	302	230	201	244	230	288	216	316	288	316	230	273	345	259	
273	0	129	201	288	374	432	532	489	590	532	518	360	331	259	100	
302	129	0	129	230	316	403	518	504	619	590	604	460	446	388	230	
230	201	129	0	100	187	273	388	388	518	518	547	432	446	432	273	
201	288	230	100	0	72	172	288	302	446	460	532	432	475	489	345	
244	374	316	187	72	0	100	216	273	417	460	547	475	518	547	432	
230	432	403	273	172	100	0	115	187	316	388	489	432	504	576	460	
288	532	518	388	288	216	115	0	129	244	345	460	446	547	619	547	
216	489	504	388	302	273	187	129	0	129	216	331	331	432	532	475	
316	590	619	518	446	417	316	244	129	0	144	273	345	446	576	561	
288	532	590	518	460	460	388	345	216	144	0	129	216	331	460	475	
316	518	604	547	532	547	489	460	331	273	129	0	144	244	388	432	
230	360	460	432	432	475	432	446	331	345	216	144	0	100	244	288	
273	331	446	446	475	518	504	547	432	446	331	244	100	0	144	230	
345	259	388	432	489	547	576	619	532	576	460	388	244	144	0	158	
259	100	230	273	345	432	460	547	475	561	475	432	288	230	158	0	
V2
0	345	382	291	254	309	291	364	273	400	364	400	291	345	436	327	
345	0	163	254	364	473	546	673	618	746	673	655	455	418	327	127	
382	163	0	163	291	400	509	655	637	782	746	764	582	564	491	291	
291	254	163	0	127	236	345	491	491	655	655	691	546	564	546	345	
254	364	291	127	0	91	218	364	382	564	582	673	546	600	618	436	
309	473	400	236	91	0	127	273	345	527	582	691	600	655	691	546	
291	546	509	345	218	127	0	145	236	400	491	618	546	637	728	582	
364	673	655	491	364	273	145	0	163	309	436	582	564	691	782	691	
273	618	637	491	382	345	236	163	0	163	273	418	418	546	673	600	
400	746	782	655	564	527	400	309	163	0	182	345	436	564	728	709	
364	673	746	655	582	582	491	436	273	182	0	163	273	418	582	600	
400	655	764	691	673	691	618	582	418	345	163	0	182	309	491	546	
291	455	582	546	546	600	546	564	418	436	273	182	0	127	309	364	
345	418	564	564	600	655	637	691	546	564	418	309	127	0	182	291	
436	327	491	546	618	691	728	782	673	728	582	491	309	182	0	200	
327	127	291	345	436	546	582	691	600	709	600	546	364	291	200	0	
V3
0	258	285	217	190	231	217	272	204	299	272	299	217	258	326	244	
258	0	122	190	272	353	408	503	462	557	503	489	340	312	244	95	
285	122	0	122	217	299	380	489	476	584	557	571	435	421	367	217	
217	190	122	0	95	176	258	367	367	489	489	516	408	421	408	258	
190	272	217	95	0	68	163	272	285	421	435	503	408	448	462	326	
231	353	299	176	68	0	95	204	258	394	435	516	448	489	516	408	
217	408	380	258	163	95	0	108	176	299	367	462	408	476	544	435	
272	503	489	367	272	204	108	0	122	231	326	435	421	516	584	516	
204	462	476	367	285	258	176	122	0	122	204	312	312	408	503	448	
299	557	584	489	421	394	299	231	122	0	136	258	326	421	544	530	
272	503	557	489	435	435	367	326	204	136	0	122	204	312	435	448	
299	489	571	516	503	516	462	435	312	258	122	0	136	231	367	408	
217	340	435	408	408	448	408	421	312	326	204	136	0	95	231	272	
258	312	421	421	448	489	476	516	408	421	312	231	95	0	136	217	
326	244	367	408	462	516	544	584	503	544	435	367	231	136	0	149	
244	95	217	258	326	408	435	516	448	530	448	408	272	217	149	0	
V4
0	152	168	128	112	136	128	160	120	176	160	176	128	152	192	144	
152	0	72	112	160	208	240	296	272	328	296	288	200	184	144	56	
168	72	0	72	128	176	224	288	280	344	328	336	256	248	216	128	
128	112	72	0	56	104	152	216	216	288	288	304	240	248	240	152	
112	160	128	56	0	40	96	160	168	248	256	296	240	264	272	192	
136	208	176	104	40	0	56	120	152	232	256	304	264	288	304	240	
128	240	224	152	96	56	0	64	104	176	216	272	240	280	320	256	
160	296	288	216	160	120	64	0	72	136	192	256	248	304	344	304	
120	272	280	216	168	152	104	72	0	72	120	184	184	240	296	264	
176	328	344	288	248	232	176	136	72	0	80	152	192	248	320	312	
160	296	328	288	256	256	216	192	120	80	0	72	120	184	256	264	
176	288	336	304	296	304	272	256	184	152	72	0	80	136	216	240	
128	200	256	240	240	264	240	248	184	192	120	80	0	56	136	160	
152	184	248	248	264	288	280	304	240	248	184	136	56	0	80	128	
192	144	216	240	272	304	320	344	296	320	256	216	136	80	0	88	
144	56	128	152	192	240	256	304	264	312	264	240	160	128	88	0	
V5
0	285	315	240	210	255	240	300	225	330	300	330	240	285	360	270	
285	0	135	210	300	390	450	555	510	615	555	540	375	345	270	105	
315	135	0	135	240	330	420	540	525	645	615	630	480	465	405	240	
240	210	135	0	105	195	285	405	405	540	540	570	450	465	450	285	
210	300	240	105	0	75	180	300	315	465	480	555	450	495	510	360	
255	390	330	195	75	0	105	225	285	435	480	570	495	540	570	450	
240	450	420	285	180	105	0	120	195	330	405	510	450	525	600	480	
300	555	540	405	300	225	120	0	135	255	360	480	465	570	645	570	
225	510	525	405	315	285	195	135	0	135	225	345	345	450	555	495	
330	615	645	540	465	435	330	255	135	0	150	285	360	465	600	585	
300	555	615	540	480	480	405	360	225	150	0	135	225	345	480	495	
330	540	630	570	555	570	510	480	345	285	135	0	150	255	405	450	
240	375	480	450	450	495	450	465	345	360	225	150	0	105	255	300	
285	345	465	465	495	540	525	570	450	465	345	255	105	0	150	240	
360	270	405	450	510	570	600	645	555	600	480	405	255	150	0	165	
270	105	240	285	360	450	480	570	495	585	495	450	300	240	165	0	
Velocidade_Veiculos
1	1	1	1	1	1	