M: 4
N: 15
Nun_Veiculos: 7
Capacidade_Total: 543
Demanda_Total: 333
Setup_Min: 1
Setup_Max: 99
Raio: 100
Circulos: 1
Tempo_Processamento_Min: 1
Tempo_Processamento_Max: 49
Demanda_Min: 10
Demanda_Max: 30
Priority_Factor: 0.2
Range_Factor_R: 0.8
U_factor: 2
ALpha: 0.2Replicao: 4
Tempos_Processamentos
0	0	1	0	2	0	3	0	
0	8	1	38	2	45	3	13	
0	49	1	16	2	23	3	25	
0	42	1	46	2	45	3	26	
0	32	1	43	2	15	3	18	
0	27	1	17	2	39	3	42	
0	19	1	28	2	39	3	25	
0	8	1	47	2	16	3	8	
0	5	1	37	2	18	3	45	
0	16	1	45	2	22	3	25	
0	13	1	27	2	38	3	39	
0	18	1	37	2	16	3	15	
0	26	1	36	2	28	3	47	
0	35	1	7	2	7	3	9	
0	42	1	31	2	9	3	35	
0	19	1	22	2	13	3	28	

Tempos_setup
M0
0	0	0	0	0	0	0	0	0	0	0	0	0	0	0	0	
0	0	11	17	32	11	27	21	24	31	15	25	14	21	16	29	
0	13	0	6	29	20	23	13	16	20	19	31	12	10	20	26	
0	7	18	0	23	15	32	28	25	14	22	29	18	4	23	20	
0	8	19	9	0	17	30	22	25	23	16	28	16	13	17	4	
0	31	26	24	24	0	17	16	18	27	10	14	3	17	11	21	
0	14	9	7	23	10	0	15	1	21	9	21	2	11	10	20	
0	18	19	11	20	20	10	0	3	11	19	31	12	1	9	17	
0	15	16	8	30	17	7	22	0	22	16	28	9	12	17	27	
0	12	10	5	10	20	18	19	11	0	23	34	20	9	24	7	
0	22	25	15	25	1	16	6	9	17	0	12	4	7	1	22	
0	29	38	23	21	38	29	32	22	37	37	0	31	27	27	18	
0	28	23	21	21	8	14	13	15	24	7	19	0	14	8	18	
0	22	20	15	19	27	28	29	21	10	26	38	30	0	27	16	
0	21	24	14	25	23	15	5	8	16	22	34	15	6	0	22	
0	11	22	5	3	20	33	25	28	19	19	31	19	9	20	0	
M1
0	0	0	0	0	0	0	0	0	0	0	0	0	0	0	0	
0	0	4	5	10	13	6	14	18	7	20	2	18	5	3	19	
0	24	0	1	20	9	16	20	14	3	26	26	14	1	8	25	
0	23	17	0	19	26	15	23	31	20	29	25	23	18	7	28	
0	29	5	6	0	14	21	4	15	8	10	15	19	6	13	9	
0	21	25	19	21	0	23	25	11	28	27	23	38	26	23	28	
0	8	9	10	4	18	0	8	19	12	14	10	23	10	11	13	
0	25	1	2	21	10	17	0	11	4	6	11	15	2	9	5	
0	20	21	22	16	25	12	20	0	22	16	21	35	22	12	25	
0	27	18	19	27	6	29	17	17	0	23	28	23	19	21	22	
0	29	5	6	25	9	21	25	12	8	0	5	19	6	13	30	
0	48	24	25	32	29	40	23	32	25	20	0	38	25	32	28	
0	34	30	29	30	29	26	34	40	33	30	35	0	31	20	39	
0	29	20	21	29	8	25	19	13	2	25	30	25	0	23	24	
0	31	10	11	27	19	23	30	24	13	36	33	24	11	0	35	
0	26	8	9	22	17	18	7	6	11	13	18	10	9	16	0	
M2
0	0	0	0	0	0	0	0	0	0	0	0	0	0	0	0	
0	0	3	16	33	21	15	11	3	12	15	10	18	17	26	18	
0	28	0	25	47	18	15	27	31	12	32	38	27	17	26	18	
0	21	21	0	22	24	15	26	24	12	31	31	2	10	26	8	
0	15	18	17	0	2	11	23	18	8	9	25	4	12	16	10	
0	17	20	33	50	0	32	28	20	29	14	27	35	29	21	35	
0	18	16	10	32	34	0	18	21	7	32	27	12	2	11	3	
0	37	35	29	43	45	19	0	40	16	51	46	23	21	30	22	
0	34	34	13	35	37	28	39	0	25	44	44	15	23	36	21	
0	21	19	13	35	31	3	15	24	0	35	30	15	5	14	6	
0	6	9	22	39	27	19	17	9	18	0	16	24	15	30	21	
0	11	14	15	33	18	5	16	14	2	5	0	17	7	16	8	
0	19	19	13	35	34	13	24	22	10	34	29	0	8	24	6	
0	16	19	13	35	34	13	16	19	10	31	26	15	0	24	6	
0	27	30	31	36	34	21	32	27	18	21	16	33	23	0	24	
0	25	13	7	29	31	7	19	28	4	38	34	9	9	18	0	
M3
0	0	0	0	0	0	0	0	0	0	0	0	0	0	0	0	
0	0	40	35	27	37	28	48	20	24	25	33	19	29	22	23	
0	36	0	16	6	27	29	28	22	16	36	12	26	34	18	30	
0	20	32	0	19	32	29	37	12	16	29	25	11	18	2	15	
0	30	13	10	0	29	23	35	16	10	30	6	20	28	12	24	
0	33	24	28	20	0	33	24	13	17	37	23	12	31	15	16	
0	22	16	29	21	21	0	39	14	2	22	27	13	20	4	17	
0	31	3	19	9	30	9	0	23	11	31	15	22	24	13	26	
0	25	20	15	7	23	27	42	0	4	24	13	4	23	7	8	
0	45	16	28	22	19	23	43	27	0	20	28	26	43	27	30	
0	25	19	32	24	12	3	36	17	5	0	30	16	23	7	20	
0	42	20	32	26	23	20	47	31	4	24	0	30	35	24	34	
0	21	21	16	8	24	28	38	1	5	25	14	0	19	3	4	
0	27	22	30	20	14	11	19	19	13	33	26	18	0	9	22	
0	18	30	25	17	30	27	35	10	14	34	23	9	16	0	13	
0	44	37	24	41	21	35	37	34	21	32	17	33	42	26	0	
Tamanho_Tarefas
0	22	16	39	24	24	25	18	20	27	23	21	27	10	21	16	
Data_Entrega
0	181	220	189	196	192	184	176	180	195	196	204	187	209	214	192	
Penalidade_Atraso
0	20	18	13	1	16	1	14	4	20	7	12	7	6	14	13	
Capacidade_Veiculo
57	114	91	77	73	73	58	
Custo_Fixo_Veiculo
570	1140	910	770	730	730	580	
Coordenadas_Clientes
x	0	y	0
x	101	y	0
x	114	y	50
x	75	y	83
x	36	y	111
x	-9	y	89
x	-51	y	88
x	-83	y	60
x	-74	y	15
x	-93	y	-19
x	-89	y	-65
x	-55	y	-96
x	-9	y	-93
x	33	y	-104
x	76	y	-84
x	72	y	-32
Tempo_Viagem
0	101	124	111	116	89	101	102	75	94	110	110	93	109	113	78	
101	0	51	86	128	141	175	193	175	194	200	183	144	124	87	43	
124	51	0	51	99	129	169	197	191	218	233	223	188	173	138	92	
111	86	51	0	48	84	126	159	163	196	220	221	195	191	167	115	
116	128	99	48	0	50	89	129	146	183	215	226	208	215	199	147	
89	141	129	84	50	0	42	79	98	136	173	190	182	197	192	145	
101	175	169	126	89	42	0	42	76	114	157	184	185	209	213	171	
102	193	197	159	129	79	42	0	45	79	125	157	169	200	214	180	
75	175	191	163	146	98	76	45	0	38	81	112	126	160	179	153	
94	194	218	196	183	136	114	79	38	0	46	85	111	151	181	165	
110	200	233	220	215	173	157	125	81	46	0	46	84	127	166	164	
110	183	223	221	226	190	184	157	112	85	46	0	46	88	131	142	
93	144	188	195	208	182	185	169	126	111	84	46	0	43	85	101	
109	124	173	191	215	197	209	200	160	151	127	88	43	0	47	81	
113	87	138	167	199	192	213	214	179	181	166	131	85	47	0	52	
78	43	92	115	147	145	171	180	153	165	164	142	101	81	52	0	
Custo_Viagem
V0
0	1151	1413	1265	1322	1014	1151	1162	855	1071	1254	1254	1060	1242	1288	889	
1151	0	581	980	1459	1607	1995	2200	1995	2211	2280	2086	1641	1413	991	490	
1413	581	0	581	1128	1470	1926	2245	2177	2485	2656	2542	2143	1983	1584	1048	
1265	980	581	0	547	957	1436	1812	1858	2234	2508	2519	2223	2177	1903	1311	
1322	1459	1128	547	0	570	1014	1470	1664	2086	2451	2576	2371	2451	2268	1675	
1014	1607	1470	957	570	0	478	900	1117	1550	1972	2166	2074	2245	2188	1653	
1151	1995	1926	1436	1014	478	0	478	866	1299	1789	2097	2109	2382	2428	1949	
1162	2200	2245	1812	1470	900	478	0	513	900	1425	1801	1926	2280	2439	2052	
855	1995	2177	1858	1664	1117	866	513	0	433	923	1276	1436	1824	2040	1744	
1071	2211	2485	2234	2086	1550	1299	900	433	0	524	969	1265	1721	2063	1881	
1254	2280	2656	2508	2451	1972	1789	1425	923	524	0	524	957	1459	1892	1869	
1254	2086	2542	2519	2576	2166	2097	1801	1276	969	524	0	524	1003	1493	1618	
1060	1641	2143	2223	2371	2074	2109	1926	1436	1265	957	524	0	490	969	1151	
1242	1413	1983	2177	2451	2245	2382	2280	1824	1721	1459	1003	490	0	535	923	
1288	991	1584	1903	2268	2188	2428	2439	2040	2063	1892	1493	969	535	0	592	
889	490	1048	1311	1675	1653	1949	2052	1744	1881	1869	1618	1151	923	592	0	
V1
0	2302	2827	2530	2644	2029	2302	2325	1710	2143	2508	2508	2120	2485	2576	1778	
2302	0	1162	1960	2918	3214	3990	4400	3990	4423	4560	4172	3283	2827	1983	980	
2827	1162	0	1162	2257	2941	3853	4491	4354	4970	5312	5084	4286	3967	3169	2097	
2530	1960	1162	0	1094	1915	2872	3625	3716	4468	5016	5038	4446	4354	3807	2622	
2644	2918	2257	1094	0	1140	2029	2941	3328	4172	4902	5152	4742	4902	4537	3351	
2029	3214	2941	1915	1140	0	957	1801	2234	3100	3944	4332	4149	4491	4377	3306	
2302	3990	3853	2872	2029	957	0	957	1732	2599	3579	4195	4218	4765	4856	3898	
2325	4400	4491	3625	2941	1801	957	0	1026	1801	2850	3602	3853	4560	4879	4104	
1710	3990	4354	3716	3328	2234	1732	1026	0	866	1846	2553	2872	3648	4081	3488	
2143	4423	4970	4468	4172	3100	2599	1801	866	0	1048	1938	2530	3442	4126	3762	
2508	4560	5312	5016	4902	3944	3579	2850	1846	1048	0	1048	1915	2918	3784	3739	
2508	4172	5084	5038	5152	4332	4195	3602	2553	1938	1048	0	1048	2006	2986	3237	
2120	3283	4286	4446	4742	4149	4218	3853	2872	2530	1915	1048	0	980	1938	2302	
2485	2827	3967	4354	4902	4491	4765	4560	3648	3442	2918	2006	980	0	1071	1846	
2576	1983	3169	3807	4537	4377	4856	4879	4081	4126	3784	2986	1938	1071	0	1185	
1778	980	2097	2622	3351	3306	3898	4104	3488	3762	3739	3237	2302	1846	1185	0	
V2
0	1838	2256	2020	2111	1619	1838	1856	1365	1710	2002	2002	1692	1983	2056	1419	
1838	0	928	1565	2329	2566	3185	3512	3185	3530	3640	3330	2620	2256	1583	782	
2256	928	0	928	1801	2347	3075	3585	3476	3967	4240	4058	3421	3166	2529	1674	
2020	1565	928	0	873	1528	2293	2893	2966	3567	4004	4022	3549	3476	3039	2093	
2111	2329	1801	873	0	910	1619	2347	2657	3330	3913	4113	3785	3913	3621	2675	
1619	2566	2347	1528	910	0	764	1437	1783	2475	3148	3458	3312	3585	3494	2639	
1838	3185	3075	2293	1619	764	0	764	1383	2074	2857	3348	3367	3803	3876	3112	
1856	3512	3585	2893	2347	1437	764	0	819	1437	2275	2875	3075	3640	3894	3276	
1365	3185	3476	2966	2657	1783	1383	819	0	691	1474	2038	2293	2912	3257	2784	
1710	3530	3967	3567	3330	2475	2074	1437	691	0	837	1547	2020	2748	3294	3003	
2002	3640	4240	4004	3913	3148	2857	2275	1474	837	0	837	1528	2329	3021	2984	
2002	3330	4058	4022	4113	3458	3348	2875	2038	1547	837	0	837	1601	2384	2584	
1692	2620	3421	3549	3785	3312	3367	3075	2293	2020	1528	837	0	782	1547	1838	
1983	2256	3166	3476	3913	3585	3803	3640	2912	2748	2329	1601	782	0	855	1474	
2056	1583	2529	3039	3621	3494	3876	3894	3257	3294	3021	2384	1547	855	0	946	
1419	782	1674	2093	2675	2639	3112	3276	2784	3003	2984	2584	1838	1474	946	0	
V3
0	1555	1909	1709	1786	1370	1555	1570	1155	1447	1694	1694	1432	1678	1740	1201	
1555	0	785	1324	1971	2171	2695	2972	2695	2987	3080	2818	2217	1909	1339	662	
1909	785	0	785	1524	1986	2602	3033	2941	3357	3588	3434	2895	2679	2140	1416	
1709	1324	785	0	739	1293	1940	2448	2510	3018	3388	3403	3003	2941	2571	1771	
1786	1971	1524	739	0	770	1370	1986	2248	2818	3311	3480	3203	3311	3064	2263	
1370	2171	1986	1293	770	0	646	1216	1509	2094	2664	2926	2802	3033	2956	2233	
1555	2695	2602	1940	1370	646	0	646	1170	1755	2417	2833	2849	3218	3280	2633	
1570	2972	3033	2448	1986	1216	646	0	693	1216	1925	2433	2602	3080	3295	2772	
1155	2695	2941	2510	2248	1509	1170	693	0	585	1247	1724	1940	2464	2756	2356	
1447	2987	3357	3018	2818	2094	1755	1216	585	0	708	1309	1709	2325	2787	2541	
1694	3080	3588	3388	3311	2664	2417	1925	1247	708	0	708	1293	1971	2556	2525	
1694	2818	3434	3403	3480	2926	2833	2433	1724	1309	708	0	708	1355	2017	2186	
1432	2217	2895	3003	3203	2802	2849	2602	1940	1709	1293	708	0	662	1309	1555	
1678	1909	2679	2941	3311	3033	3218	3080	2464	2325	1971	1355	662	0	723	1247	
1740	1339	2140	2571	3064	2956	3280	3295	2756	2787	2556	2017	1309	723	0	800	
1201	662	1416	1771	2263	2233	2633	2772	2356	2541	2525	2186	1555	1247	800	0	
V4
0	1474	1810	1620	1693	1299	1474	1489	1095	1372	1606	1606	1357	1591	1649	1138	
1474	0	744	1255	1868	2058	2555	2817	2555	2832	2920	2671	2102	1810	1270	627	
1810	744	0	744	1445	1883	2467	2876	2788	3182	3401	3255	2744	2540	2029	1343	
1620	1255	744	0	700	1226	1839	2321	2379	2861	3212	3226	2847	2788	2438	1679	
1693	1868	1445	700	0	730	1299	1883	2131	2671	3139	3299	3036	3139	2905	2146	
1299	2058	1883	1226	730	0	613	1153	1430	1985	2525	2774	2657	2876	2803	2117	
1474	2555	2467	1839	1299	613	0	613	1109	1664	2292	2686	2701	3051	3109	2496	
1489	2817	2876	2321	1883	1153	613	0	657	1153	1825	2306	2467	2920	3124	2628	
1095	2555	2788	2379	2131	1430	1109	657	0	554	1182	1635	1839	2336	2613	2233	
1372	2832	3182	2861	2671	1985	1664	1153	554	0	671	1241	1620	2204	2642	2409	
1606	2920	3401	3212	3139	2525	2292	1825	1182	671	0	671	1226	1868	2423	2394	
1606	2671	3255	3226	3299	2774	2686	2306	1635	1241	671	0	671	1284	1912	2073	
1357	2102	2744	2847	3036	2657	2701	2467	1839	1620	1226	671	0	627	1241	1474	
1591	1810	2540	2788	3139	2876	3051	2920	2336	2204	1868	1284	627	0	686	1182	
1649	1270	2029	2438	2905	2803	3109	3124	2613	2642	2423	1912	1241	686	0	759	
1138	627	1343	1679	2146	2117	2496	2628	2233	2409	2394	2073	1474	1182	759	0	
V5
0	1474	1810	1620	1693	1299	1474	1489	1095	1372	1606	1606	1357	1591	1649	1138	
1474	0	744	1255	1868	2058	2555	2817	2555	2832	2920	2671	2102	1810	1270	627	
1810	744	0	744	1445	1883	2467	2876	2788	3182	3401	3255	2744	2540	2029	1343	
1620	1255	744	0	700	1226	1839	2321	2379	2861	3212	3226	2847	2788	2438	1679	
1693	1868	1445	700	0	730	1299	1883	2131	2671	3139	3299	3036	3139	2905	2146	
1299	2058	1883	1226	730	0	613	1153	1430	1985	2525	2774	2657	2876	2803	2117	
1474	2555	2467	1839	1299	613	0	613	1109	1664	2292	2686	2701	3051	3109	2496	
1489	2817	2876	2321	1883	1153	613	0	657	1153	1825	2306	2467	2920	3124	2628	
1095	2555	2788	2379	2131	1430	1109	657	0	554	1182	1635	1839	2336	2613	2233	
1372	2832	3182	2861	2671	1985	1664	1153	554	0	671	1241	1620	2204	2642	2409	
1606	2920	3401	3212	3139	2525	2292	1825	1182	671	0	671	1226	1868	2423	2394	
1606	2671	3255	3226	3299	2774	2686	2306	1635	1241	671	0	671	1284	1912	2073	
1357	2102	2744	2847	3036	2657	2701	2467	1839	1620	1226	671	0	627	1241	1474	
1591	1810	2540	2788	3139	2876	3051	2920	2336	2204	1868	1284	627	0	686	1182	
1649	1270	2029	2438	2905	2803	3109	3124	2613	2642	2423	1912	1241	686	0	759	
1138	627	1343	1679	2146	2117	2496	2628	2233	2409	2394	2073	1474	1182	759	0	
V6
0	1171	1438	1287	1345	1032	1171	1183	870	1090	1276	1276	1078	1264	1310	904	
1171	0	591	997	1484	1635	2030	2238	2030	2250	2320	2122	1670	1438	1009	498	
1438	591	0	591	1148	1496	1960	2285	2215	2528	2702	2586	2180	2018	1612	1067	
1287	997	591	0	556	974	1461	1844	1890	2273	2552	2563	2262	2215	1937	1334	
1345	1484	1148	556	0	580	1032	1496	1693	2122	2494	2621	2412	2494	2308	1705	
1032	1635	1496	974	580	0	487	916	1136	1577	2006	2204	2111	2285	2227	1682	
1171	2030	1960	1461	1032	487	0	487	881	1322	1821	2134	2146	2424	2470	1983	
1183	2238	2285	1844	1496	916	487	0	522	916	1450	1832	1960	2320	2482	2088	
870	2030	2215	1890	1693	1136	881	522	0	440	939	1299	1461	1856	2076	1774	
1090	2250	2528	2273	2122	1577	1322	916	440	0	533	986	1287	1751	2099	1914	
1276	2320	2702	2552	2494	2006	1821	1450	939	533	0	533	974	1484	1925	1902	
1276	2122	2586	2563	2621	2204	2134	1832	1299	986	533	0	533	1020	1519	1647	
1078	1670	2180	2262	2412	2111	2146	1960	1461	1287	974	533	0	498	986	1171	
1264	1438	2018	2215	2494	2285	2424	2320	1856	1751	1484	1020	498	0	545	939	
1310	1009	1612	1937	2308	2227	2470	2482	2076	2099	1925	1519	986	545	0	603	
904	498	1067	1334	1705	1682	1983	2088	1774	1914	1902	1647	1171	939	603	0	
Velocidade_Veiculos
1	1	1	1	1	1	1	