M: 4
N: 15
Nun_Veiculos: 11
Capacidade_Total: 599
Demanda_Total: 300
Setup_Min: 1
Setup_Max: 9
Raio: 20
Circulos: 1
Tempo_Processamento_Min: 1
Tempo_Processamento_Max: 49
Demanda_Min: 10
Demanda_Max: 30
Priority_Factor: 0.2
Range_Factor_R: 0.8
U_factor: 2
ALpha: 0.2Replicao: 2
Tempos_Processamentos
0	0	1	0	2	0	3	0	
0	48	1	29	2	16	3	5	
0	19	1	39	2	48	3	42	
0	40	1	12	2	19	3	38	
0	37	1	47	2	32	3	5	
0	42	1	45	2	10	3	10	
0	32	1	7	2	28	3	12	
0	4	1	33	2	12	3	23	
0	19	1	13	2	5	3	43	
0	35	1	13	2	9	3	23	
0	43	1	48	2	10	3	16	
0	28	1	16	2	32	3	48	
0	44	1	28	2	31	3	4	
0	29	1	13	2	9	3	24	
0	26	1	40	2	28	3	29	
0	16	1	29	2	46	3	30	

Tempos_setup
M0
0	0	0	0	0	0	0	0	0	0	0	0	0	0	0	0	
0	0	3	3	1	1	2	3	2	2	2	3	1	4	3	3	
0	4	0	1	5	1	1	1	2	3	2	2	5	2	3	3	
0	4	2	0	5	2	3	3	3	3	2	2	5	1	4	2	
0	4	2	3	0	3	3	3	4	1	4	4	4	3	4	2	
0	3	3	2	4	0	2	2	1	2	1	3	4	3	2	3	
0	3	1	2	4	2	0	2	3	3	3	1	4	2	2	3	
0	4	5	6	5	4	6	0	5	4	2	5	5	5	3	4	
0	3	2	3	3	3	1	3	0	1	4	2	4	3	3	4	
0	4	1	2	2	2	2	2	3	0	3	3	5	3	3	4	
0	5	3	4	4	2	4	1	3	2	0	4	5	3	4	2	
0	2	1	2	3	1	1	2	2	2	2	0	3	1	2	2	
0	3	2	3	4	3	1	3	4	4	4	2	0	3	2	3	
0	3	1	2	4	2	2	2	3	2	1	1	4	0	3	1	
0	1	3	3	2	2	3	2	3	3	3	3	2	2	0	1	
0	3	2	2	4	1	3	3	2	3	2	2	4	1	3	0	
M1
0	0	0	0	0	0	0	0	0	0	0	0	0	0	0	0	
0	0	5	4	3	2	4	5	4	4	5	4	2	5	4	3	
0	4	0	4	4	1	3	3	2	5	2	2	5	3	3	1	
0	2	2	0	3	3	2	1	4	4	1	2	4	3	3	1	
0	3	5	4	0	4	4	3	2	3	4	3	2	3	1	3	
0	4	3	4	4	0	4	3	2	5	4	2	5	3	3	1	
0	1	3	4	1	2	0	1	3	4	5	4	3	4	2	3	
0	1	2	4	4	3	5	0	3	3	4	4	3	4	2	3	
0	2	3	2	3	4	4	1	0	4	3	3	4	3	3	2	
0	3	4	3	2	4	2	3	2	0	2	3	1	1	3	2	
0	2	2	2	2	3	1	1	4	4	0	4	4	4	3	3	
0	3	4	4	3	4	2	2	2	3	2	0	3	1	1	3	
0	4	4	2	1	3	4	3	3	4	3	2	0	3	2	1	
0	2	3	3	2	3	1	2	1	3	1	3	4	0	3	2	
0	2	4	3	3	3	3	2	1	2	3	4	3	2	0	3	
0	4	5	5	3	4	3	3	3	4	3	1	4	2	2	0	
M2
0	0	0	0	0	0	0	0	0	0	0	0	0	0	0	0	
0	0	2	4	3	4	4	2	2	1	4	3	3	1	3	2	
0	6	0	3	4	2	4	4	3	3	4	4	5	4	4	3	
0	5	2	0	1	4	4	1	3	2	2	1	2	3	3	2	
0	4	3	4	0	4	4	1	2	1	1	3	2	4	3	3	
0	5	3	2	2	0	3	3	2	1	3	3	4	2	2	1	
0	4	3	2	1	4	0	2	3	2	1	3	3	1	2	1	
0	6	2	5	4	3	4	0	3	4	3	2	1	4	4	3	
0	3	4	5	3	5	4	4	0	4	4	4	5	2	3	2	
0	4	4	3	4	5	3	3	1	0	4	3	4	3	4	3	
0	3	4	5	3	3	3	4	4	4	0	5	2	3	2	2	
0	5	1	4	5	3	5	5	2	4	5	0	6	4	5	4	
0	5	2	5	5	4	5	6	4	4	2	6	0	4	4	4	
0	3	3	3	2	5	5	2	4	3	3	2	3	0	4	3	
0	4	3	3	2	3	1	3	3	2	2	4	3	2	0	2	
0	4	2	4	1	4	2	2	3	2	2	3	3	1	1	0	
M3
0	0	0	0	0	0	0	0	0	0	0	0	0	0	0	0	
0	0	5	4	5	6	7	5	4	5	3	3	5	5	6	4	
0	3	0	4	3	6	3	3	2	2	3	3	4	1	3	4	
0	3	4	0	3	2	5	4	4	3	6	5	4	4	3	4	
0	3	3	3	0	4	3	1	2	2	4	2	2	1	2	4	
0	1	2	2	2	0	3	3	4	1	4	4	2	3	1	3	
0	2	2	4	1	5	0	2	3	3	5	3	3	2	3	5	
0	3	2	2	4	4	4	0	2	3	5	3	1	2	1	3	
0	1	1	2	2	4	4	2	0	3	3	1	3	2	3	3	
0	3	2	4	1	4	2	2	3	0	5	3	3	2	3	5	
0	2	2	3	3	4	5	3	1	4	0	2	4	3	4	1	
0	3	4	1	4	3	6	5	3	4	2	0	5	5	4	3	
0	3	2	4	3	6	3	3	2	2	4	3	0	1	4	4	
0	2	2	3	2	5	2	2	1	1	3	2	3	0	3	4	
0	2	1	1	4	3	4	4	3	3	4	4	5	2	0	2	
0	2	4	2	2	3	5	3	3	4	2	4	4	3	4	0	
Tamanho_Tarefas
0	23	23	26	29	15	16	16	15	16	11	28	12	12	29	29	
Data_Entrega
0	67	61	45	43	44	53	54	68	55	51	64	47	70	59	72	
Penalidade_Atraso
0	17	13	9	20	2	14	3	1	1	15	4	13	2	2	8	
Capacidade_Veiculo
76	34	55	83	46	51	33	70	78	36	37	
Custo_Fixo_Veiculo
760	340	550	830	460	510	330	700	780	360	370	
Coordenadas_Clientes
x	0	y	0
x	24	y	0
x	22	y	9
x	10	y	11
x	5	y	17
x	-2	y	23
x	-7	y	13
x	-13	y	9
x	-15	y	3
x	-17	y	-3
x	-16	y	-11
x	-12	y	-21
x	-2	y	-21
x	6	y	-20
x	13	y	-15
x	16	y	-7
Tempo_Viagem
0	24	23	14	17	23	14	15	15	17	19	24	21	20	19	17	
24	0	9	17	24	33	33	38	39	41	41	41	32	26	18	10	
23	9	0	12	18	27	29	35	37	40	42	45	38	33	25	17	
14	17	12	0	7	16	17	23	26	30	33	38	34	31	26	18	
17	24	18	7	0	9	12	19	24	29	35	41	38	37	32	25	
23	33	27	16	9	0	11	17	23	29	36	45	44	43	40	34	
14	33	29	17	12	11	0	7	12	18	25	34	34	34	33	30	
15	38	35	23	19	17	7	0	6	12	20	30	31	34	34	32	
15	39	37	26	24	23	12	6	0	6	14	24	27	31	33	32	
17	41	40	30	29	29	18	12	6	0	8	18	23	28	32	33	
19	41	42	33	35	36	25	20	14	8	0	10	17	23	29	32	
24	41	45	38	41	45	34	30	24	18	10	0	10	18	25	31	
21	32	38	34	38	44	34	31	27	23	17	10	0	8	16	22	
20	26	33	31	37	43	34	34	31	28	23	18	8	0	8	16	
19	18	25	26	32	40	33	34	33	32	29	25	16	8	0	8	
17	10	17	18	25	34	30	32	32	33	32	31	22	16	8	0	
Custo_Viagem
V0
0	364	349	212	258	349	212	228	228	258	288	364	319	304	288	258	
364	0	136	258	380	516	501	577	592	623	623	623	501	395	273	152	
349	136	0	182	273	410	440	532	562	608	638	684	577	501	380	258	
212	258	182	0	106	243	258	349	395	456	516	577	516	471	395	273	
258	380	273	106	0	136	182	288	364	440	532	623	577	562	486	395	
349	516	410	243	136	0	167	258	349	456	547	684	668	653	608	516	
212	501	440	258	182	167	0	106	182	273	380	516	516	532	516	456	
228	577	532	349	288	258	106	0	91	182	304	456	471	516	532	501	
228	592	562	395	364	349	182	91	0	91	212	364	410	471	501	486	
258	623	608	456	440	456	273	182	91	0	121	273	349	425	486	501	
288	623	638	516	532	547	380	304	212	121	0	152	258	349	440	486	
364	623	684	577	623	684	516	456	364	273	152	0	152	273	380	471	
319	501	577	516	577	668	516	471	410	349	258	152	0	121	243	334	
304	395	501	471	562	653	532	516	471	425	349	273	121	0	121	243	
288	273	380	395	486	608	516	532	501	486	440	380	243	121	0	121	
258	152	258	273	395	516	456	501	486	501	486	471	334	243	121	0	
V1
0	163	156	95	115	156	95	102	102	115	129	163	142	136	129	115	
163	0	61	115	170	231	224	258	265	278	278	278	224	176	122	68	
156	61	0	81	122	183	197	238	251	272	285	306	258	224	170	115	
95	115	81	0	47	108	115	156	176	204	231	258	231	210	176	122	
115	170	122	47	0	61	81	129	163	197	238	278	258	251	217	176	
156	231	183	108	61	0	74	115	156	204	244	306	299	292	272	231	
95	224	197	115	81	74	0	47	81	122	170	231	231	238	231	204	
102	258	238	156	129	115	47	0	40	81	136	204	210	231	238	224	
102	265	251	176	163	156	81	40	0	40	95	163	183	210	224	217	
115	278	272	204	197	204	122	81	40	0	54	122	156	190	217	224	
129	278	285	231	238	244	170	136	95	54	0	68	115	156	197	217	
163	278	306	258	278	306	231	204	163	122	68	0	68	122	170	210	
142	224	258	231	258	299	231	210	183	156	115	68	0	54	108	149	
136	176	224	210	251	292	238	231	210	190	156	122	54	0	54	108	
129	122	170	176	217	272	231	238	224	217	197	170	108	54	0	54	
115	68	115	122	176	231	204	224	217	224	217	210	149	108	54	0	
V2
0	264	253	154	187	253	154	165	165	187	209	264	231	220	209	187	
264	0	99	187	275	374	363	418	429	451	451	451	363	286	198	110	
253	99	0	132	198	297	319	385	407	440	462	495	418	363	275	187	
154	187	132	0	77	176	187	253	286	330	374	418	374	341	286	198	
187	275	198	77	0	99	132	209	264	319	385	451	418	407	352	286	
253	374	297	176	99	0	121	187	253	330	396	495	484	473	440	374	
154	363	319	187	132	121	0	77	132	198	275	374	374	385	374	330	
165	418	385	253	209	187	77	0	66	132	220	330	341	374	385	363	
165	429	407	286	264	253	132	66	0	66	154	264	297	341	363	352	
187	451	440	330	319	330	198	132	66	0	88	198	253	308	352	363	
209	451	462	374	385	396	275	220	154	88	0	110	187	253	319	352	
264	451	495	418	451	495	374	330	264	198	110	0	110	198	275	341	
231	363	418	374	418	484	374	341	297	253	187	110	0	88	176	242	
220	286	363	341	407	473	385	374	341	308	253	198	88	0	88	176	
209	198	275	286	352	440	374	385	363	352	319	275	176	88	0	88	
187	110	187	198	286	374	330	363	352	363	352	341	242	176	88	0	
V3
0	398	381	232	282	381	232	249	249	282	315	398	348	332	315	282	
398	0	149	282	415	564	547	630	647	680	680	680	547	431	298	166	
381	149	0	199	298	448	481	581	614	664	697	747	630	547	415	282	
232	282	199	0	116	265	282	381	431	498	564	630	564	514	431	298	
282	415	298	116	0	149	199	315	398	481	581	680	630	614	531	431	
381	564	448	265	149	0	182	282	381	498	597	747	730	713	664	564	
232	547	481	282	199	182	0	116	199	298	415	564	564	581	564	498	
249	630	581	381	315	282	116	0	99	199	332	498	514	564	581	547	
249	647	614	431	398	381	199	99	0	99	232	398	448	514	547	531	
282	680	664	498	481	498	298	199	99	0	132	298	381	464	531	547	
315	680	697	564	581	597	415	332	232	132	0	166	282	381	481	531	
398	680	747	630	680	747	564	498	398	298	166	0	166	298	415	514	
348	547	630	564	630	730	564	514	448	381	282	166	0	132	265	365	
332	431	547	514	614	713	581	564	514	464	381	298	132	0	132	265	
315	298	415	431	531	664	564	581	547	531	481	415	265	132	0	132	
282	166	282	298	431	564	498	547	531	547	531	514	365	265	132	0	
V4
0	220	211	128	156	211	128	138	138	156	174	220	193	184	174	156	
220	0	82	156	230	312	303	349	358	377	377	377	303	239	165	92	
211	82	0	110	165	248	266	322	340	368	386	414	349	303	230	156	
128	156	110	0	64	147	156	211	239	276	312	349	312	285	239	165	
156	230	165	64	0	82	110	174	220	266	322	377	349	340	294	239	
211	312	248	147	82	0	101	156	211	276	331	414	404	395	368	312	
128	303	266	156	110	101	0	64	110	165	230	312	312	322	312	276	
138	349	322	211	174	156	64	0	55	110	184	276	285	312	322	303	
138	358	340	239	220	211	110	55	0	55	128	220	248	285	303	294	
156	377	368	276	266	276	165	110	55	0	73	165	211	257	294	303	
174	377	386	312	322	331	230	184	128	73	0	92	156	211	266	294	
220	377	414	349	377	414	312	276	220	165	92	0	92	165	230	285	
193	303	349	312	349	404	312	285	248	211	156	92	0	73	147	202	
184	239	303	285	340	395	322	312	285	257	211	165	73	0	73	147	
174	165	230	239	294	368	312	322	303	294	266	230	147	73	0	73	
156	92	156	165	239	312	276	303	294	303	294	285	202	147	73	0	
V5
0	244	234	142	173	234	142	153	153	173	193	244	214	204	193	173	
244	0	91	173	255	346	336	387	397	418	418	418	336	265	183	102	
234	91	0	122	183	275	295	357	377	408	428	459	387	336	255	173	
142	173	122	0	71	163	173	234	265	306	346	387	346	316	265	183	
173	255	183	71	0	91	122	193	244	295	357	418	387	377	326	265	
234	346	275	163	91	0	112	173	234	306	367	459	448	438	408	346	
142	336	295	173	122	112	0	71	122	183	255	346	346	357	346	306	
153	387	357	234	193	173	71	0	61	122	204	306	316	346	357	336	
153	397	377	265	244	234	122	61	0	61	142	244	275	316	336	326	
173	418	408	306	295	306	183	122	61	0	81	183	234	285	326	336	
193	418	428	346	357	367	255	204	142	81	0	102	173	234	295	326	
244	418	459	387	418	459	346	306	244	183	102	0	102	183	255	316	
214	336	387	346	387	448	346	316	275	234	173	102	0	81	163	224	
204	265	336	316	377	438	357	346	316	285	234	183	81	0	81	163	
193	183	255	265	326	408	346	357	336	326	295	255	163	81	0	81	
173	102	173	183	265	346	306	336	326	336	326	316	224	163	81	0	
V6
0	158	151	92	112	151	92	99	99	112	125	158	138	132	125	112	
158	0	59	112	165	224	217	250	257	270	270	270	217	171	118	66	
151	59	0	79	118	178	191	231	244	264	277	297	250	217	165	112	
92	112	79	0	46	105	112	151	171	198	224	250	224	204	171	118	
112	165	118	46	0	59	79	125	158	191	231	270	250	244	211	171	
151	224	178	105	59	0	72	112	151	198	237	297	290	283	264	224	
92	217	191	112	79	72	0	46	79	118	165	224	224	231	224	198	
99	250	231	151	125	112	46	0	39	79	132	198	204	224	231	217	
99	257	244	171	158	151	79	39	0	39	92	158	178	204	217	211	
112	270	264	198	191	198	118	79	39	0	52	118	151	184	211	217	
125	270	277	224	231	237	165	132	92	52	0	66	112	151	191	211	
158	270	297	250	270	297	224	198	158	118	66	0	66	118	165	204	
138	217	250	224	250	290	224	204	178	151	112	66	0	52	105	145	
132	171	217	204	244	283	231	224	204	184	151	118	52	0	52	105	
125	118	165	171	211	264	224	231	217	211	191	165	105	52	0	52	
112	66	112	118	171	224	198	217	211	217	211	204	145	105	52	0	
V7
0	336	322	196	238	322	196	210	210	238	266	336	294	280	266	238	
336	0	126	238	350	476	462	532	546	574	574	574	462	364	252	140	
322	126	0	168	252	378	406	490	518	560	588	630	532	462	350	238	
196	238	168	0	98	224	238	322	364	420	476	532	476	434	364	252	
238	350	252	98	0	126	168	266	336	406	490	574	532	518	448	364	
322	476	378	224	126	0	154	238	322	420	504	630	616	602	560	476	
196	462	406	238	168	154	0	98	168	252	350	476	476	490	476	420	
210	532	490	322	266	238	98	0	84	168	280	420	434	476	490	462	
210	546	518	364	336	322	168	84	0	84	196	336	378	434	462	448	
238	574	560	420	406	420	252	168	84	0	112	252	322	392	448	462	
266	574	588	476	490	504	350	280	196	112	0	140	238	322	406	448	
336	574	630	532	574	630	476	420	336	252	140	0	140	252	350	434	
294	462	532	476	532	616	476	434	378	322	238	140	0	112	224	308	
280	364	462	434	518	602	490	476	434	392	322	252	112	0	112	224	
266	252	350	364	448	560	476	490	462	448	406	350	224	112	0	112	
238	140	238	252	364	476	420	462	448	462	448	434	308	224	112	0	
V8
0	374	358	218	265	358	218	234	234	265	296	374	327	312	296	265	
374	0	140	265	390	530	514	592	608	639	639	639	514	405	280	156	
358	140	0	187	280	421	452	546	577	624	655	702	592	514	390	265	
218	265	187	0	109	249	265	358	405	468	530	592	530	483	405	280	
265	390	280	109	0	140	187	296	374	452	546	639	592	577	499	405	
358	530	421	249	140	0	171	265	358	468	561	702	686	670	624	530	
218	514	452	265	187	171	0	109	187	280	390	530	530	546	530	468	
234	592	546	358	296	265	109	0	93	187	312	468	483	530	546	514	
234	608	577	405	374	358	187	93	0	93	218	374	421	483	514	499	
265	639	624	468	452	468	280	187	93	0	124	280	358	436	499	514	
296	639	655	530	546	561	390	312	218	124	0	156	265	358	452	499	
374	639	702	592	639	702	530	468	374	280	156	0	156	280	390	483	
327	514	592	530	592	686	530	483	421	358	265	156	0	124	249	343	
312	405	514	483	577	670	546	530	483	436	358	280	124	0	124	249	
296	280	390	405	499	624	530	546	514	499	452	390	249	124	0	124	
265	156	265	280	405	530	468	514	499	514	499	483	343	249	124	0	
V9
0	172	165	100	122	165	100	108	108	122	136	172	151	144	136	122	
172	0	64	122	180	244	237	273	280	295	295	295	237	187	129	72	
165	64	0	86	129	194	208	252	266	288	302	324	273	237	180	122	
100	122	86	0	50	115	122	165	187	216	244	273	244	223	187	129	
122	180	129	50	0	64	86	136	172	208	252	295	273	266	230	187	
165	244	194	115	64	0	79	122	165	216	259	324	316	309	288	244	
100	237	208	122	86	79	0	50	86	129	180	244	244	252	244	216	
108	273	252	165	136	122	50	0	43	86	144	216	223	244	252	237	
108	280	266	187	172	165	86	43	0	43	100	172	194	223	237	230	
122	295	288	216	208	216	129	86	43	0	57	129	165	201	230	237	
136	295	302	244	252	259	180	144	100	57	0	72	122	165	208	230	
172	295	324	273	295	324	244	216	172	129	72	0	72	129	180	223	
151	237	273	244	273	316	244	223	194	165	122	72	0	57	115	158	
144	187	237	223	266	309	252	244	223	201	165	129	57	0	57	115	
136	129	180	187	230	288	244	252	237	230	208	180	115	57	0	57	
122	72	122	129	187	244	216	237	230	237	230	223	158	115	57	0	
V10
0	177	170	103	125	170	103	111	111	125	140	177	155	148	140	125	
177	0	66	125	185	251	244	281	288	303	303	303	244	192	133	74	
170	66	0	88	133	199	214	259	273	296	310	333	281	244	185	125	
103	125	88	0	51	118	125	170	192	222	251	281	251	229	192	133	
125	185	133	51	0	66	88	140	177	214	259	303	281	273	236	192	
170	251	199	118	66	0	81	125	170	222	266	333	325	318	296	251	
103	244	214	125	88	81	0	51	88	133	185	251	251	259	251	222	
111	281	259	170	140	125	51	0	44	88	148	222	229	251	259	244	
111	288	273	192	177	170	88	44	0	44	103	177	199	229	244	236	
125	303	296	222	214	222	133	88	44	0	59	133	170	207	236	244	
140	303	310	251	259	266	185	148	103	59	0	74	125	170	214	236	
177	303	333	281	303	333	251	222	177	133	74	0	74	133	185	229	
155	244	281	251	281	325	251	229	199	170	125	74	0	59	118	162	
148	192	244	229	273	318	259	251	229	207	170	133	59	0	59	118	
140	133	185	192	236	296	251	259	244	236	214	185	118	59	0	59	
125	74	125	133	192	251	222	244	236	244	236	229	162	118	59	0	
Velocidade_Veiculos
1	1	1	1	1	1	1	1	1	1	1	