M: 4
N: 15
Nun_Veiculos: 6
Capacidade_Total: 453
Demanda_Total: 259
Setup_Min: 1
Setup_Max: 99
Raio: 20
Circulos: 1
Tempo_Processamento_Min: 1
Tempo_Processamento_Max: 49
Demanda_Min: 10
Demanda_Max: 30
Priority_Factor: 0.2
Range_Factor_R: 0.8
U_factor: 2
ALpha: 0.2Replicao: 4
Tempos_Processamentos
0	0	1	0	2	0	3	0	
0	46	1	32	2	7	3	35	
0	46	1	8	2	32	3	32	
0	31	1	23	2	8	3	8	
0	47	1	26	2	42	3	32	
0	20	1	39	2	23	3	10	
0	33	1	41	2	30	3	19	
0	9	1	8	2	8	3	9	
0	49	1	7	2	31	3	20	
0	5	1	39	2	28	3	35	
0	1	1	13	2	33	3	45	
0	38	1	19	2	31	3	43	
0	32	1	11	2	2	3	42	
0	36	1	3	2	24	3	45	
0	29	1	23	2	43	3	44	
0	21	1	9	2	12	3	36	

Tempos_setup
M0
0	0	0	0	0	0	0	0	0	0	0	0	0	0	0	0	
0	0	13	21	5	21	24	28	18	7	7	9	11	4	28	22	
0	5	0	26	10	23	16	15	18	12	12	14	16	9	15	27	
0	27	40	0	10	37	37	39	18	12	15	9	19	24	46	38	
0	17	30	36	0	27	27	36	23	2	12	14	16	21	36	39	
0	26	33	35	29	0	3	42	19	13	23	23	22	21	42	31	
0	23	30	35	26	35	0	39	16	10	20	20	19	18	45	36	
0	8	21	19	13	8	8	0	3	15	15	17	6	12	7	21	
0	13	26	27	18	31	19	23	0	20	20	22	3	17	30	35	
0	29	42	34	34	25	25	34	21	0	10	12	14	28	41	41	
0	19	32	24	24	32	30	24	11	24	0	2	4	23	31	31	
0	22	35	36	27	40	28	32	9	22	29	0	12	26	39	29	
0	15	28	24	20	28	28	20	23	22	20	22	0	19	27	37	
0	5	18	17	8	17	20	30	23	10	12	14	16	0	29	18	
0	24	31	12	17	27	1	19	17	11	21	21	20	19	0	37	
0	23	36	23	9	30	12	30	10	11	21	1	13	27	11	0	
M1
0	0	0	0	0	0	0	0	0	0	0	0	0	0	0	0	
0	0	10	23	40	26	34	22	38	35	24	46	33	29	24	31	
0	14	0	13	30	18	24	12	28	25	14	36	23	19	16	23	
0	2	12	0	26	26	20	17	15	21	14	27	23	6	26	31	
0	28	34	26	0	26	20	24	38	21	21	6	10	32	33	26	
0	21	19	25	27	0	21	9	12	22	6	24	13	18	7	5	
0	27	25	31	6	6	0	15	18	1	12	12	16	24	13	11	
0	17	15	21	18	18	12	0	30	13	2	24	11	27	25	23	
0	40	40	46	43	43	37	25	0	38	27	12	36	47	50	48	
0	31	28	31	5	10	25	19	22	0	16	11	15	28	17	15	
0	15	13	19	21	21	15	3	33	16	0	27	9	25	28	26	
0	45	43	49	46	37	40	28	49	41	30	0	39	35	44	36	
0	18	24	16	16	16	10	14	28	11	11	22	0	22	23	21	
0	29	27	33	20	20	14	12	21	15	14	26	23	0	27	25	
0	23	21	27	29	2	23	11	14	24	8	26	15	11	0	7	
0	34	44	32	37	37	31	34	43	32	36	38	45	22	44	0	
M2
0	0	0	0	0	0	0	0	0	0	0	0	0	0	0	0	
0	0	22	16	41	9	23	16	26	28	32	27	23	35	26	13	
0	17	0	18	27	20	23	16	17	15	10	5	9	43	12	8	
0	10	15	0	34	2	29	26	19	21	25	20	16	25	19	6	
0	33	31	23	0	25	22	15	20	36	9	23	27	48	18	29	
0	8	13	7	32	0	27	24	17	19	23	18	14	32	17	4	
0	40	38	30	34	32	0	22	4	51	16	30	34	50	37	36	
0	44	45	37	28	39	7	0	11	55	23	37	41	57	44	43	
0	40	41	30	35	32	10	25	0	50	19	33	37	46	40	36	
0	19	15	33	40	26	22	31	12	0	25	20	24	54	27	23	
0	24	22	14	18	16	13	6	17	35	0	14	18	39	21	20	
0	19	27	19	22	21	18	11	12	40	5	0	4	44	7	10	
0	15	31	16	18	18	19	12	23	37	20	34	0	41	3	6	
0	24	25	14	16	16	19	12	22	10	6	20	24	0	27	20	
0	21	39	30	35	30	30	23	34	49	17	31	30	55	0	20	
0	9	25	10	28	12	29	22	29	31	22	30	10	35	13	0	
M3
0	0	0	0	0	0	0	0	0	0	0	0	0	0	0	0	
0	0	13	1	9	9	25	8	8	21	11	13	26	4	9	8	
0	11	0	12	20	8	30	18	19	26	15	18	36	15	13	7	
0	27	18	0	8	24	24	7	7	20	10	12	25	3	8	25	
0	25	16	10	0	20	16	10	17	12	8	4	28	6	6	19	
0	15	28	16	24	0	38	17	18	34	26	26	35	19	24	23	
0	21	16	22	12	6	0	11	20	2	8	11	29	7	6	23	
0	30	21	30	20	27	21	0	23	17	11	9	18	26	11	28	
0	31	22	31	21	17	22	31	0	18	14	10	48	27	12	29	
0	25	20	26	16	10	4	15	24	0	12	15	33	11	10	22	
0	23	15	24	14	21	15	24	12	11	0	3	42	20	5	22	
0	21	12	21	11	18	12	21	16	8	4	0	39	17	2	19	
0	40	32	33	23	34	32	22	36	28	24	20	0	18	22	33	
0	30	21	15	5	25	21	4	22	17	13	9	22	0	11	24	
0	19	10	20	16	18	17	26	14	13	2	5	44	22	0	17	
0	9	22	10	18	1	28	17	17	24	20	16	35	13	18	0	
Tamanho_Tarefas
0	11	17	12	36	23	28	8	14	11	3	28	8	18	23	19	
Data_Entrega
0	46	69	50	77	74	75	73	57	53	58	65	54	56	65	67	
Penalidade_Atraso
0	13	5	17	11	18	8	7	18	4	6	3	11	12	20	6	
Capacidade_Veiculo
59	87	46	78	76	107	
Custo_Fixo_Veiculo
590	870	460	780	760	1070	
Coordenadas_Clientes
x	0	y	0
x	17	y	0
x	13	y	6
x	12	y	13
x	5	y	16
x	-2	y	21
x	-11	y	20
x	-15	y	11
x	-18	y	3
x	-14	y	-3
x	-17	y	-12
x	-8	y	-14
x	-2	y	-22
x	6	y	-20
x	13	y	-14
x	21	y	-9
Tempo_Viagem
0	17	14	17	16	21	22	18	18	14	20	16	22	20	19	22	
17	0	7	13	19	27	34	33	35	31	36	28	29	22	14	9	
14	7	0	7	12	20	27	28	31	28	34	29	31	26	20	16	
17	13	7	0	7	15	23	27	31	30	37	33	37	33	27	22	
16	19	12	7	0	8	16	20	26	26	35	32	38	36	31	28	
21	27	20	15	8	0	9	16	24	26	35	35	43	41	38	36	
22	34	27	23	16	9	0	9	17	23	32	34	42	42	41	43	
18	33	28	27	20	16	9	0	8	14	23	25	35	37	37	40	
18	35	31	31	26	24	17	8	0	7	15	19	29	33	35	40	
14	31	28	30	26	26	23	14	7	0	9	12	22	26	29	35	
20	36	34	37	35	35	32	23	15	9	0	9	18	24	30	38	
16	28	29	33	32	35	34	25	19	12	9	0	10	15	21	29	
22	29	31	37	38	43	42	35	29	22	18	10	0	8	17	26	
20	22	26	33	36	41	42	37	33	26	24	15	8	0	9	18	
19	14	20	27	31	38	41	37	35	29	30	21	17	9	0	9	
22	9	16	22	28	36	43	40	40	35	38	29	26	18	9	0	
Custo_Viagem
V0
0	200	165	200	188	247	259	212	212	165	236	188	259	236	224	259	
200	0	82	153	236	330	401	389	413	365	424	330	342	259	165	106	
165	82	0	82	141	247	318	330	365	330	401	342	365	306	236	200	
200	153	82	0	82	188	283	318	365	354	448	389	436	389	318	271	
188	236	141	82	0	94	188	236	306	306	413	377	448	424	365	342	
247	330	247	188	94	0	106	188	283	306	424	413	507	483	448	436	
259	401	318	283	188	106	0	106	212	271	377	401	495	507	483	507	
212	389	330	318	236	188	106	0	94	165	271	295	413	436	436	483	
212	413	365	365	306	283	212	94	0	82	177	224	342	389	413	472	
165	365	330	354	306	306	271	165	82	0	106	141	259	306	342	413	
236	424	401	448	413	424	377	271	177	106	0	106	212	283	354	448	
188	330	342	389	377	413	401	295	224	141	106	0	118	177	247	342	
259	342	365	436	448	507	495	413	342	259	212	118	0	94	200	306	
236	259	306	389	424	483	507	436	389	306	283	177	94	0	106	212	
224	165	236	318	365	448	483	436	413	342	354	247	200	106	0	106	
259	106	200	271	342	436	507	483	472	413	448	342	306	212	106	0	
V1
0	295	243	295	278	365	382	313	313	243	348	278	382	348	330	382	
295	0	121	226	348	487	591	574	609	539	626	487	504	382	243	156	
243	121	0	121	208	365	469	487	539	487	591	504	539	452	348	295	
295	226	121	0	121	278	417	469	539	522	661	574	643	574	469	400	
278	348	208	121	0	139	278	348	452	452	609	556	661	626	539	504	
365	487	365	278	139	0	156	278	417	452	626	609	748	713	661	643	
382	591	469	417	278	156	0	156	313	400	556	591	730	748	713	748	
313	574	487	469	348	278	156	0	139	243	400	435	609	643	643	713	
313	609	539	539	452	417	313	139	0	121	261	330	504	574	609	696	
243	539	487	522	452	452	400	243	121	0	156	208	382	452	504	609	
348	626	591	661	609	626	556	400	261	156	0	156	313	417	522	661	
278	487	504	574	556	609	591	435	330	208	156	0	174	261	365	504	
382	504	539	643	661	748	730	609	504	382	313	174	0	139	295	452	
348	382	452	574	626	713	748	643	574	452	417	261	139	0	156	313	
330	243	348	469	539	661	713	643	609	504	522	365	295	156	0	156	
382	156	295	400	504	643	748	713	696	609	661	504	452	313	156	0	
V2
0	156	128	156	147	193	202	165	165	128	184	147	202	184	174	202	
156	0	64	119	184	257	312	303	322	285	331	257	266	202	128	82	
128	64	0	64	110	193	248	257	285	257	312	266	285	239	184	156	
156	119	64	0	64	147	220	248	285	276	349	303	340	303	248	211	
147	184	110	64	0	73	147	184	239	239	322	294	349	331	285	266	
193	257	193	147	73	0	82	147	220	239	331	322	395	377	349	340	
202	312	248	220	147	82	0	82	165	211	294	312	386	395	377	395	
165	303	257	248	184	147	82	0	73	128	211	230	322	340	340	377	
165	322	285	285	239	220	165	73	0	64	138	174	266	303	322	368	
128	285	257	276	239	239	211	128	64	0	82	110	202	239	266	322	
184	331	312	349	322	331	294	211	138	82	0	82	165	220	276	349	
147	257	266	303	294	322	312	230	174	110	82	0	92	138	193	266	
202	266	285	340	349	395	386	322	266	202	165	92	0	73	156	239	
184	202	239	303	331	377	395	340	303	239	220	138	73	0	82	165	
174	128	184	248	285	349	377	340	322	266	276	193	156	82	0	82	
202	82	156	211	266	340	395	377	368	322	349	266	239	165	82	0	
V3
0	265	218	265	249	327	343	280	280	218	312	249	343	312	296	343	
265	0	109	202	312	436	530	514	546	483	561	436	452	343	218	140	
218	109	0	109	187	327	421	436	483	436	530	452	483	405	312	265	
265	202	109	0	109	249	374	421	483	468	592	514	577	514	421	358	
249	312	187	109	0	124	249	312	405	405	546	499	592	561	483	452	
327	436	327	249	124	0	140	249	374	405	561	546	670	639	592	577	
343	530	421	374	249	140	0	140	280	358	499	530	655	670	639	670	
280	514	436	421	312	249	140	0	124	218	358	390	546	577	577	639	
280	546	483	483	405	374	280	124	0	109	234	296	452	514	546	624	
218	483	436	468	405	405	358	218	109	0	140	187	343	405	452	546	
312	561	530	592	546	561	499	358	234	140	0	140	280	374	468	592	
249	436	452	514	499	546	530	390	296	187	140	0	156	234	327	452	
343	452	483	577	592	670	655	546	452	343	280	156	0	124	265	405	
312	343	405	514	561	639	670	577	514	405	374	234	124	0	140	280	
296	218	312	421	483	592	639	577	546	452	468	327	265	140	0	140	
343	140	265	358	452	577	670	639	624	546	592	452	405	280	140	0	
V4
0	258	212	258	243	319	334	273	273	212	304	243	334	304	288	334	
258	0	106	197	304	425	516	501	532	471	547	425	440	334	212	136	
212	106	0	106	182	319	410	425	471	425	516	440	471	395	304	258	
258	197	106	0	106	243	364	410	471	456	577	501	562	501	410	349	
243	304	182	106	0	121	243	304	395	395	532	486	577	547	471	440	
319	425	319	243	121	0	136	243	364	395	547	532	653	623	577	562	
334	516	410	364	243	136	0	136	273	349	486	516	638	653	623	653	
273	501	425	410	304	243	136	0	121	212	349	380	532	562	562	623	
273	532	471	471	395	364	273	121	0	106	228	288	440	501	532	608	
212	471	425	456	395	395	349	212	106	0	136	182	334	395	440	532	
304	547	516	577	532	547	486	349	228	136	0	136	273	364	456	577	
243	425	440	501	486	532	516	380	288	182	136	0	152	228	319	440	
334	440	471	562	577	653	638	532	440	334	273	152	0	121	258	395	
304	334	395	501	547	623	653	562	501	395	364	228	121	0	136	273	
288	212	304	410	471	577	623	562	532	440	456	319	258	136	0	136	
334	136	258	349	440	562	653	623	608	532	577	440	395	273	136	0	
V5
0	363	299	363	342	449	470	385	385	299	428	342	470	428	406	470	
363	0	149	278	428	599	727	706	749	663	770	599	620	470	299	192	
299	149	0	149	256	449	577	599	663	599	727	620	663	556	428	363	
363	278	149	0	149	342	513	577	663	642	813	706	791	706	577	492	
342	428	256	149	0	171	342	428	556	556	749	684	813	770	663	620	
449	599	449	342	171	0	192	342	513	556	770	749	920	877	813	791	
470	727	577	513	342	192	0	192	385	492	684	727	898	920	877	920	
385	706	599	577	428	342	192	0	171	299	492	535	749	791	791	877	
385	749	663	663	556	513	385	171	0	149	321	406	620	706	749	856	
299	663	599	642	556	556	492	299	149	0	192	256	470	556	620	749	
428	770	727	813	749	770	684	492	321	192	0	192	385	513	642	813	
342	599	620	706	684	749	727	535	406	256	192	0	214	321	449	620	
470	620	663	791	813	920	898	749	620	470	385	214	0	171	363	556	
428	470	556	706	770	877	920	791	706	556	513	321	171	0	192	385	
406	299	428	577	663	813	877	791	749	620	642	449	363	192	0	192	
470	192	363	492	620	791	920	877	856	749	813	620	556	385	192	0	
Velocidade_Veiculos
1	1	1	1	1	1	