M: 4
N: 15
Nun_Veiculos: 7
Capacidade_Total: 563
Demanda_Total: 264
Setup_Min: 1
Setup_Max: 99
Raio: 20
Circulos: 1
Tempo_Processamento_Min: 1
Tempo_Processamento_Max: 49
Demanda_Min: 10
Demanda_Max: 30
Priority_Factor: 0.2
Range_Factor_R: 0.8
U_factor: 2
ALpha: 0.2Replicao: 4
Tempos_Processamentos
0	0	1	0	2	0	3	0	
0	20	1	30	2	45	3	48	
0	8	1	30	2	42	3	30	
0	32	1	26	2	47	3	48	
0	20	1	44	2	21	3	34	
0	9	1	16	2	24	3	8	
0	21	1	14	2	20	3	17	
0	10	1	30	2	10	3	5	
0	35	1	5	2	8	3	28	
0	29	1	20	2	35	3	45	
0	1	1	40	2	34	3	16	
0	1	1	37	2	39	3	28	
0	37	1	10	2	13	3	6	
0	26	1	23	2	12	3	6	
0	37	1	18	2	5	3	11	
0	26	1	20	2	1	3	9	

Tempos_setup
M0
0	0	0	0	0	0	0	0	0	0	0	0	0	0	0	0	
0	0	21	17	24	18	37	18	16	34	25	28	20	33	9	28	
0	32	0	12	21	2	17	13	29	29	14	37	8	31	22	14	
0	28	4	0	24	6	20	1	17	17	18	30	3	35	10	18	
0	28	17	13	0	14	29	14	12	27	21	29	16	34	5	26	
0	38	14	10	32	0	28	11	27	27	28	40	11	45	20	28	
0	32	21	17	4	18	0	18	16	31	25	33	20	34	9	30	
0	27	3	11	23	5	19	0	28	16	17	29	2	34	21	17	
0	29	5	1	25	2	21	2	0	18	19	31	4	30	11	19	
0	39	27	23	35	24	43	24	22	0	31	39	26	44	15	36	
0	33	1	7	22	3	18	8	24	24	0	28	9	22	17	5	
0	44	20	16	28	22	24	17	21	28	19	0	7	5	26	20	
0	37	13	9	21	15	17	10	26	25	27	39	0	44	19	27	
0	47	15	21	36	17	32	22	38	38	14	42	23	0	31	19	
0	24	12	8	32	9	28	9	7	25	16	24	11	29	0	21	
0	44	20	16	34	6	34	17	33	33	31	23	17	17	26	0	
M1
0	0	0	0	0	0	0	0	0	0	0	0	0	0	0	0	
0	0	2	28	13	8	15	24	11	17	20	11	34	3	35	30	
0	27	0	26	11	6	13	22	9	15	18	19	32	1	33	28	
0	39	24	0	13	30	26	46	30	17	39	31	47	25	35	30	
0	26	11	28	0	17	24	33	20	4	29	18	34	12	37	17	
0	31	16	33	5	0	29	38	25	9	34	23	36	17	38	22	
0	14	16	31	27	22	0	35	25	20	34	6	41	17	20	32	
0	17	19	4	15	25	30	0	11	13	13	28	10	19	37	7	
0	26	22	39	11	24	34	44	0	15	9	29	45	23	43	28	
0	34	7	33	18	13	20	29	16	0	25	26	39	8	40	35	
0	28	13	30	2	15	26	35	22	6	0	20	36	14	39	19	
0	8	10	25	21	16	17	29	19	25	28	0	39	11	37	26	
0	7	9	13	12	15	21	30	1	3	10	18	0	9	27	2	
0	26	23	25	34	29	12	21	32	16	34	18	31	0	32	28	
0	19	21	36	32	27	5	35	30	25	39	11	45	22	0	37	
0	24	26	11	24	32	34	47	18	20	27	35	17	26	44	0	
M2
0	0	0	0	0	0	0	0	0	0	0	0	0	0	0	0	
0	0	19	9	14	14	18	2	4	21	20	20	23	6	10	21	
0	26	0	35	39	40	43	28	30	47	46	45	49	31	35	46	
0	24	12	0	18	16	11	26	8	12	11	19	36	10	14	12	
0	24	13	17	0	11	12	13	24	11	27	6	27	26	30	7	
0	30	6	6	13	0	5	26	14	18	16	19	40	16	20	17	
0	27	1	34	25	36	0	29	29	36	36	31	50	17	21	32	
0	39	18	18	25	12	17	0	26	28	28	31	52	28	32	24	
0	16	15	5	10	21	14	18	0	17	16	16	28	2	6	17	
0	27	9	6	24	22	8	14	14	0	17	7	26	16	20	18	
0	32	7	11	12	5	6	19	19	5	0	12	31	21	25	1	
0	38	18	14	20	19	24	7	22	26	25	0	21	24	28	26	
0	17	13	26	31	31	16	19	21	38	37	37	0	23	27	38	
0	32	13	23	8	19	12	21	31	19	19	14	35	0	4	15	
0	42	16	26	19	20	21	32	34	20	15	25	32	11	0	16	
0	31	6	10	17	4	5	18	18	4	20	11	30	20	24	0	
M3
0	0	0	0	0	0	0	0	0	0	0	0	0	0	0	0	
0	0	17	17	8	27	30	12	2	23	17	32	18	13	24	20	
0	24	0	30	21	40	13	25	15	6	22	44	31	22	28	32	
0	27	30	0	21	10	17	20	19	10	25	15	17	26	23	27	
0	35	33	9	0	19	24	28	18	17	33	24	26	29	16	20	
0	17	20	27	18	0	29	22	12	26	23	5	24	23	13	17	
0	43	20	20	11	30	0	13	5	26	9	33	19	9	27	26	
0	32	39	19	10	27	31	0	25	24	5	20	6	36	16	20	
0	39	15	15	6	25	28	10	0	21	15	30	16	11	22	26	
0	18	23	24	15	34	7	19	9	0	16	38	25	16	22	26	
0	39	35	35	26	22	27	30	20	41	0	27	36	31	27	31	
0	12	29	29	20	39	36	24	14	29	18	0	30	25	36	32	
0	30	33	13	4	23	28	6	22	21	11	26	0	33	10	14	
0	45	21	21	12	31	29	16	6	27	21	36	22	0	28	32	
0	21	23	15	6	25	30	33	23	23	34	16	32	34	0	4	
0	17	34	34	25	44	41	29	19	34	30	12	35	30	41	0	
Tamanho_Tarefas
0	35	27	37	28	12	18	8	15	28	13	5	6	13	12	7	
Data_Entrega
0	45	45	47	59	65	47	52	69	50	68	72	69	51	56	67	
Penalidade_Atraso
0	12	6	8	8	1	14	16	6	12	2	14	13	8	16	1	
Capacidade_Veiculo
56	87	89	72	69	89	101	
Custo_Fixo_Veiculo
560	870	890	720	690	890	1010	
Coordenadas_Clientes
x	0	y	0
x	19	y	0
x	14	y	6
x	13	y	14
x	6	y	21
x	-1	y	15
x	-11	y	20
x	-17	y	12
x	-16	y	3
x	-18	y	-3
x	-19	y	-14
x	-8	y	-14
x	-2	y	-20
x	5	y	-18
x	14	y	-16
x	19	y	-8
Tempo_Viagem
0	19	15	19	21	15	22	20	16	18	23	16	20	18	21	20	
19	0	7	15	24	24	35	37	35	37	40	30	29	22	16	8	
15	7	0	8	17	17	28	31	30	33	38	29	30	25	22	14	
19	15	8	0	9	14	24	30	31	35	42	35	37	32	30	22	
21	24	17	9	0	9	17	24	28	33	43	37	41	39	37	31	
15	24	17	14	9	0	11	16	19	24	34	29	35	33	34	30	
22	35	28	24	17	11	0	10	17	23	34	34	41	40	43	41	
20	37	31	30	24	16	10	0	9	15	26	27	35	37	41	40	
16	35	30	31	28	19	17	9	0	6	17	18	26	29	35	36	
18	37	33	35	33	24	23	15	6	0	11	14	22	27	34	37	
23	40	38	42	43	34	34	26	17	11	0	11	18	24	33	38	
16	30	29	35	37	29	34	27	18	14	11	0	8	13	22	27	
20	29	30	37	41	35	41	35	26	22	18	8	0	7	16	24	
18	22	25	32	39	33	40	37	29	27	24	13	7	0	9	17	
21	16	22	30	37	34	43	41	35	34	33	22	16	9	0	9	
20	8	14	22	31	30	41	40	36	37	38	27	24	17	9	0	
Custo_Viagem
V0
0	212	168	212	235	168	246	224	179	201	257	179	224	201	235	224	
212	0	78	168	268	280	403	414	392	414	448	336	324	246	179	89	
168	78	0	89	190	190	313	347	336	369	425	324	336	280	246	156	
212	168	89	0	100	156	268	336	347	392	470	392	414	358	336	246	
235	268	190	100	0	100	190	268	313	369	481	414	459	436	414	347	
168	280	190	156	100	0	123	179	212	268	380	324	392	369	380	336	
246	403	313	268	190	123	0	112	190	268	380	380	459	459	481	459	
224	414	347	336	268	179	112	0	100	168	291	302	392	414	459	459	
179	392	336	347	313	212	190	100	0	67	190	201	291	324	392	403	
201	414	369	392	369	268	268	168	67	0	123	156	257	302	380	414	
257	448	425	470	481	380	380	291	190	123	0	123	201	268	369	425	
179	336	324	392	414	324	380	302	201	156	123	0	89	145	246	302	
224	324	336	414	459	392	459	392	291	257	201	89	0	78	179	268	
201	246	280	358	436	369	459	414	324	302	268	145	78	0	100	190	
235	179	246	336	414	380	481	459	392	380	369	246	179	100	0	100	
224	89	156	246	347	336	459	459	403	414	425	302	268	190	100	0	
V1
0	330	261	330	365	261	382	348	278	313	400	278	348	313	365	348	
330	0	121	261	417	435	626	643	609	643	696	522	504	382	278	139	
261	121	0	139	295	295	487	539	522	574	661	504	522	435	382	243	
330	261	139	0	156	243	417	522	539	609	730	609	643	556	522	382	
365	417	295	156	0	156	295	417	487	574	748	643	713	678	643	539	
261	435	295	243	156	0	191	278	330	417	591	504	609	574	591	522	
382	626	487	417	295	191	0	174	295	417	591	591	713	713	748	713	
348	643	539	522	417	278	174	0	156	261	452	469	609	643	713	713	
278	609	522	539	487	330	295	156	0	104	295	313	452	504	609	626	
313	643	574	609	574	417	417	261	104	0	191	243	400	469	591	643	
400	696	661	730	748	591	591	452	295	191	0	191	313	417	574	661	
278	522	504	609	643	504	591	469	313	243	191	0	139	226	382	469	
348	504	522	643	713	609	713	609	452	400	313	139	0	121	278	417	
313	382	435	556	678	574	713	643	504	469	417	226	121	0	156	295	
365	278	382	522	643	591	748	713	609	591	574	382	278	156	0	156	
348	139	243	382	539	522	713	713	626	643	661	469	417	295	156	0	
V2
0	338	267	338	373	267	391	356	284	320	409	284	356	320	373	356	
338	0	124	267	427	445	640	658	623	658	712	534	516	391	284	142	
267	124	0	142	302	302	498	551	534	587	676	516	534	445	391	249	
338	267	142	0	160	249	427	534	551	623	747	623	658	569	534	391	
373	427	302	160	0	160	302	427	498	587	765	658	729	694	658	551	
267	445	302	249	160	0	195	284	338	427	605	516	623	587	605	534	
391	640	498	427	302	195	0	178	302	427	605	605	729	729	765	729	
356	658	551	534	427	284	178	0	160	267	462	480	623	658	729	729	
284	623	534	551	498	338	302	160	0	106	302	320	462	516	623	640	
320	658	587	623	587	427	427	267	106	0	195	249	409	480	605	658	
409	712	676	747	765	605	605	462	302	195	0	195	320	427	587	676	
284	534	516	623	658	516	605	480	320	249	195	0	142	231	391	480	
356	516	534	658	729	623	729	623	462	409	320	142	0	124	284	427	
320	391	445	569	694	587	729	658	516	480	427	231	124	0	160	302	
373	284	391	534	658	605	765	729	623	605	587	391	284	160	0	160	
356	142	249	391	551	534	729	729	640	658	676	480	427	302	160	0	
V3
0	273	216	273	302	216	316	288	230	259	331	230	288	259	302	288	
273	0	100	216	345	360	518	532	504	532	576	432	417	316	230	115	
216	100	0	115	244	244	403	446	432	475	547	417	432	360	316	201	
273	216	115	0	129	201	345	432	446	504	604	504	532	460	432	316	
302	345	244	129	0	129	244	345	403	475	619	532	590	561	532	446	
216	360	244	201	129	0	158	230	273	345	489	417	504	475	489	432	
316	518	403	345	244	158	0	144	244	345	489	489	590	590	619	590	
288	532	446	432	345	230	144	0	129	216	374	388	504	532	590	590	
230	504	432	446	403	273	244	129	0	86	244	259	374	417	504	518	
259	532	475	504	475	345	345	216	86	0	158	201	331	388	489	532	
331	576	547	604	619	489	489	374	244	158	0	158	259	345	475	547	
230	432	417	504	532	417	489	388	259	201	158	0	115	187	316	388	
288	417	432	532	590	504	590	504	374	331	259	115	0	100	230	345	
259	316	360	460	561	475	590	532	417	388	345	187	100	0	129	244	
302	230	316	432	532	489	619	590	504	489	475	316	230	129	0	129	
288	115	201	316	446	432	590	590	518	532	547	388	345	244	129	0	
V4
0	262	207	262	289	207	303	276	220	248	317	220	276	248	289	276	
262	0	96	207	331	345	496	510	483	510	552	414	400	303	220	110	
207	96	0	110	234	234	386	427	414	455	524	400	414	345	303	193	
262	207	110	0	124	193	331	414	427	483	579	483	510	441	414	303	
289	331	234	124	0	124	234	331	386	455	593	510	565	538	510	427	
207	345	234	193	124	0	151	220	262	331	469	400	483	455	469	414	
303	496	386	331	234	151	0	138	234	331	469	469	565	565	593	565	
276	510	427	414	331	220	138	0	124	207	358	372	483	510	565	565	
220	483	414	427	386	262	234	124	0	82	234	248	358	400	483	496	
248	510	455	483	455	331	331	207	82	0	151	193	317	372	469	510	
317	552	524	579	593	469	469	358	234	151	0	151	248	331	455	524	
220	414	400	483	510	400	469	372	248	193	151	0	110	179	303	372	
276	400	414	510	565	483	565	483	358	317	248	110	0	96	220	331	
248	303	345	441	538	455	565	510	400	372	331	179	96	0	124	234	
289	220	303	414	510	469	593	565	483	469	455	303	220	124	0	124	
276	110	193	303	427	414	565	565	496	510	524	372	331	234	124	0	
V5
0	338	267	338	373	267	391	356	284	320	409	284	356	320	373	356	
338	0	124	267	427	445	640	658	623	658	712	534	516	391	284	142	
267	124	0	142	302	302	498	551	534	587	676	516	534	445	391	249	
338	267	142	0	160	249	427	534	551	623	747	623	658	569	534	391	
373	427	302	160	0	160	302	427	498	587	765	658	729	694	658	551	
267	445	302	249	160	0	195	284	338	427	605	516	623	587	605	534	
391	640	498	427	302	195	0	178	302	427	605	605	729	729	765	729	
356	658	551	534	427	284	178	0	160	267	462	480	623	658	729	729	
284	623	534	551	498	338	302	160	0	106	302	320	462	516	623	640	
320	658	587	623	587	427	427	267	106	0	195	249	409	480	605	658	
409	712	676	747	765	605	605	462	302	195	0	195	320	427	587	676	
284	534	516	623	658	516	605	480	320	249	195	0	142	231	391	480	
356	516	534	658	729	623	729	623	462	409	320	142	0	124	284	427	
320	391	445	569	694	587	729	658	516	480	427	231	124	0	160	302	
373	284	391	534	658	605	765	729	623	605	587	391	284	160	0	160	
356	142	249	391	551	534	729	729	640	658	676	480	427	302	160	0	
V6
0	383	303	383	424	303	444	404	323	363	464	323	404	363	424	404	
383	0	141	303	484	505	727	747	707	747	808	606	585	444	323	161	
303	141	0	161	343	343	565	626	606	666	767	585	606	505	444	282	
383	303	161	0	181	282	484	606	626	707	848	707	747	646	606	444	
424	484	343	181	0	181	343	484	565	666	868	747	828	787	747	626	
303	505	343	282	181	0	222	323	383	484	686	585	707	666	686	606	
444	727	565	484	343	222	0	202	343	484	686	686	828	828	868	828	
404	747	626	606	484	323	202	0	181	303	525	545	707	747	828	828	
323	707	606	626	565	383	343	181	0	121	343	363	525	585	707	727	
363	747	666	707	666	484	484	303	121	0	222	282	464	545	686	747	
464	808	767	848	868	686	686	525	343	222	0	222	363	484	666	767	
323	606	585	707	747	585	686	545	363	282	222	0	161	262	444	545	
404	585	606	747	828	707	828	707	525	464	363	161	0	141	323	484	
363	444	505	646	787	666	828	747	585	545	484	262	141	0	181	343	
424	323	444	606	747	686	868	828	707	686	666	444	323	181	0	181	
404	161	282	444	626	606	828	828	727	747	767	545	484	343	181	0	
Velocidade_Veiculos
1	1	1	1	1	1	1	