M: 4
N: 15
Nun_Veiculos: 8
Capacidade_Total: 506
Demanda_Total: 264
Setup_Min: 1
Setup_Max: 99
Raio: 100
Circulos: 1
Tempo_Processamento_Min: 1
Tempo_Processamento_Max: 49
Demanda_Min: 10
Demanda_Max: 30
Priority_Factor: 0.2
Range_Factor_R: 0.8
U_factor: 2
ALpha: 0.2Replicao: 2
Tempos_Processamentos
0	0	1	0	2	0	3	0	
0	42	1	17	2	29	3	19	
0	39	1	10	2	37	3	31	
0	2	1	19	2	5	3	30	
0	47	1	14	2	15	3	25	
0	29	1	1	2	46	3	16	
0	23	1	14	2	24	3	13	
0	41	1	47	2	33	3	24	
0	45	1	45	2	32	3	28	
0	24	1	32	2	27	3	9	
0	17	1	6	2	16	3	15	
0	39	1	26	2	25	3	46	
0	37	1	37	2	20	3	43	
0	36	1	44	2	11	3	45	
0	16	1	6	2	20	3	15	
0	33	1	12	2	39	3	42	

Tempos_setup
M0
0	0	0	0	0	0	0	0	0	0	0	0	0	0	0	0	
0	0	16	13	30	17	17	23	10	15	18	13	1	14	29	38	
0	29	0	14	39	36	18	37	11	24	37	10	30	18	33	34	
0	29	13	0	25	22	4	23	20	10	23	23	18	4	19	32	
0	43	36	23	0	16	27	39	36	33	32	46	41	27	35	8	
0	36	20	7	19	0	11	23	27	17	30	30	25	11	19	27	
0	25	15	2	23	18	0	25	22	8	21	25	16	6	21	31	
0	31	23	10	21	26	8	0	30	6	19	33	14	14	29	29	
0	32	6	3	28	25	7	26	0	13	26	16	21	7	22	35	
0	27	17	4	15	20	2	18	24	0	13	27	8	8	23	23	
0	46	20	17	42	39	21	40	14	27	0	30	26	21	36	49	
0	42	17	19	40	35	17	27	28	25	28	0	33	8	23	36	
0	45	30	22	33	38	20	36	27	18	17	20	0	21	36	41	
0	38	9	23	36	36	27	19	20	25	20	19	26	0	15	28	
0	35	14	11	25	21	12	4	8	10	14	12	11	15	0	13	
0	44	28	15	27	8	19	31	28	25	24	38	33	19	27	0	
M1
0	0	0	0	0	0	0	0	0	0	0	0	0	0	0	0	
0	0	12	21	9	22	25	15	24	8	5	30	24	6	3	28	
0	52	0	32	51	46	54	34	39	40	37	59	35	17	49	37	
0	39	27	0	24	14	22	28	16	18	15	27	3	21	18	17	
0	51	4	19	0	13	41	36	15	31	28	46	22	21	25	36	
0	38	13	6	14	0	28	23	2	18	15	33	9	15	12	23	
0	33	11	26	33	40	0	6	42	14	11	5	29	14	36	26	
0	27	10	23	36	37	45	0	39	31	28	50	26	8	30	40	
0	36	11	30	12	25	36	21	0	16	13	41	33	15	12	36	
0	47	31	46	45	54	20	26	47	0	23	25	49	34	48	20	
0	24	26	41	22	35	23	29	37	3	0	28	44	30	27	23	
0	28	11	24	28	38	29	1	40	9	6	0	27	9	31	29	
0	36	33	46	29	40	35	41	41	15	12	40	0	42	39	14	
0	35	27	15	39	29	37	17	31	23	20	42	18	0	33	32	
0	38	9	18	6	19	40	12	21	26	23	45	21	3	0	35	
0	27	29	40	25	34	26	32	27	6	3	31	43	33	30	0	
M2
0	0	0	0	0	0	0	0	0	0	0	0	0	0	0	0	
0	0	18	11	8	22	31	16	16	15	30	22	31	12	67	35	
0	7	0	3	14	4	13	8	8	7	22	13	22	4	49	26	
0	12	22	0	12	12	30	5	5	4	19	11	20	1	57	24	
0	17	10	13	0	14	23	18	18	17	32	23	32	14	59	36	
0	27	37	38	27	0	45	26	34	31	56	26	35	27	45	39	
0	11	4	7	18	8	0	12	12	11	18	17	26	8	53	30	
0	23	29	32	31	33	25	0	37	36	43	38	27	1	64	31	
0	39	38	35	35	42	39	24	0	39	50	38	29	25	62	31	
0	19	29	7	19	8	37	12	12	0	26	18	27	8	53	31	
0	3	21	14	11	14	30	19	19	7	0	25	24	15	59	27	
0	1	11	12	1	13	19	3	8	5	30	0	9	4	58	13	
0	12	14	17	12	18	10	14	19	16	21	11	0	15	63	4	
0	27	33	36	35	37	29	4	41	40	47	42	31	0	63	35	
0	11	29	22	19	30	34	27	27	26	41	33	42	23	0	46	
0	8	18	19	8	20	26	10	15	12	22	7	16	11	65	0	
M3
0	0	0	0	0	0	0	0	0	0	0	0	0	0	0	0	
0	0	33	28	24	32	27	34	34	32	40	59	39	40	29	21	
0	13	0	11	21	15	21	13	18	6	24	42	6	26	12	15	
0	2	9	0	10	4	24	21	7	15	13	31	15	15	1	18	
0	10	17	8	0	12	23	22	15	8	20	39	23	16	9	17	
0	17	5	15	25	0	26	18	22	11	15	27	11	11	16	20	
0	9	26	17	15	21	0	17	12	12	18	48	32	18	3	21	
0	4	18	13	23	17	12	0	20	24	26	44	24	28	14	6	
0	13	20	11	3	15	17	25	0	11	6	42	26	19	9	11	
0	7	14	5	15	9	15	14	12	0	18	36	20	20	6	9	
0	14	17	12	22	16	11	28	19	20	0	43	23	24	13	5	
0	2	11	10	2	14	20	24	17	10	9	0	2	5	11	14	
0	27	14	25	23	29	35	27	32	20	38	44	0	39	26	29	
0	18	21	16	26	20	15	32	23	24	4	47	27	0	17	9	
0	6	29	20	12	24	26	34	9	20	15	51	34	15	0	20	
0	9	12	7	17	11	6	23	14	18	20	38	18	22	8	0	
Tamanho_Tarefas
0	18	13	2	22	11	14	29	35	18	8	28	25	15	14	12	
Data_Entrega
0	189	193	189	205	187	195	178	191	201	200	200	210	176	192	184	
Penalidade_Atraso
0	6	5	16	3	13	4	8	9	4	12	18	3	10	16	14	
Capacidade_Veiculo
50	67	96	105	72	36	36	44	
Custo_Fixo_Veiculo
500	670	960	1050	720	360	360	440	
Coordenadas_Clientes
x	0	y	0
x	113	y	0
x	104	y	46
x	72	y	80
x	38	y	118
x	-8	y	77
x	-48	y	83
x	-84	y	61
x	-75	y	16
x	-79	y	-16
x	-90	y	-65
x	-49	y	-86
x	-8	y	-82
x	35	y	-109
x	74	y	-82
x	105	y	-46
Tempo_Viagem
0	113	113	107	123	77	95	103	76	80	111	98	82	114	110	114	
113	0	46	89	139	143	181	206	188	192	213	183	146	134	90	46	
113	46	0	46	96	116	156	188	181	193	223	202	170	169	131	92	
107	89	46	0	50	80	120	157	160	178	217	205	180	192	162	130	
123	139	96	50	0	61	92	134	151	177	223	221	205	227	203	177	
77	143	116	80	61	0	40	77	90	117	163	168	159	190	178	167	
95	181	156	120	92	40	0	42	72	103	153	169	169	209	205	200	
103	206	188	157	134	77	42	0	45	77	126	150	161	207	213	217	
76	188	181	160	151	90	72	45	0	32	82	105	118	166	178	190	
80	192	193	178	177	117	103	77	32	0	50	76	96	146	166	186	
111	213	223	217	223	163	153	126	82	50	0	46	83	132	164	195	
98	183	202	205	221	168	169	150	105	76	46	0	41	87	123	159	
82	146	170	180	205	159	169	161	118	96	83	41	0	50	82	118	
114	134	169	192	227	190	209	207	166	146	132	87	50	0	47	94	
110	90	131	162	203	178	205	213	178	166	164	123	82	47	0	47	
114	46	92	130	177	167	200	217	190	186	195	159	118	94	47	0	
Custo_Viagem
V0
0	1130	1130	1070	1230	770	950	1030	760	800	1110	980	820	1140	1100	1140	
1130	0	460	890	1390	1430	1810	2060	1880	1920	2130	1830	1460	1340	900	460	
1130	460	0	460	970	1160	1560	1880	1810	1930	2230	2020	1700	1690	1310	920	
1070	890	460	0	500	800	1200	1570	1600	1780	2170	2050	1800	1920	1620	1300	
1230	1390	970	500	0	610	920	1340	1520	1770	2230	2210	2050	2270	2030	1770	
770	1430	1160	800	610	0	400	770	900	1170	1630	1680	1590	1900	1780	1670	
950	1810	1560	1200	920	400	0	420	720	1030	1530	1690	1690	2090	2050	2000	
1030	2060	1880	1570	1340	770	420	0	450	770	1260	1510	1610	2070	2130	2170	
760	1880	1810	1600	1520	900	720	450	0	320	820	1050	1180	1660	1780	1900	
800	1920	1930	1780	1770	1170	1030	770	320	0	500	760	960	1470	1660	1860	
1110	2130	2230	2170	2230	1630	1530	1260	820	500	0	460	830	1320	1640	1950	
980	1830	2020	2050	2210	1680	1690	1510	1050	760	460	0	410	870	1230	1590	
820	1460	1700	1800	2050	1590	1690	1610	1180	960	830	410	0	500	820	1180	
1140	1340	1690	1920	2270	1900	2090	2070	1660	1470	1320	870	500	0	470	940	
1100	900	1310	1620	2030	1780	2050	2130	1780	1660	1640	1230	820	470	0	470	
1140	460	920	1300	1770	1670	2000	2170	1900	1860	1950	1590	1180	940	470	0	
V1
0	1514	1514	1433	1648	1031	1273	1380	1018	1072	1487	1313	1098	1527	1474	1527	
1514	0	616	1192	1862	1916	2425	2760	2519	2572	2854	2452	1956	1795	1206	616	
1514	616	0	616	1299	1554	2090	2519	2425	2586	2988	2706	2278	2264	1755	1232	
1433	1192	616	0	670	1072	1608	2103	2144	2385	2907	2747	2412	2572	2170	1742	
1648	1862	1299	670	0	817	1232	1795	2036	2371	2988	2961	2747	3041	2720	2371	
1031	1916	1554	1072	817	0	536	1031	1206	1567	2184	2251	2130	2546	2385	2237	
1273	2425	2090	1608	1232	536	0	562	964	1380	2050	2264	2264	2800	2747	2680	
1380	2760	2519	2103	1795	1031	562	0	603	1031	1688	2023	2157	2773	2854	2907	
1018	2519	2425	2144	2036	1206	964	603	0	428	1098	1407	1581	2224	2385	2546	
1072	2572	2586	2385	2371	1567	1380	1031	428	0	670	1018	1286	1969	2224	2492	
1487	2854	2988	2907	2988	2184	2050	1688	1098	670	0	616	1112	1768	2197	2613	
1313	2452	2706	2747	2961	2251	2264	2023	1407	1018	616	0	549	1165	1648	2130	
1098	1956	2278	2412	2747	2130	2264	2157	1581	1286	1112	549	0	670	1098	1581	
1527	1795	2264	2572	3041	2546	2800	2773	2224	1969	1768	1165	670	0	629	1259	
1474	1206	1755	2170	2720	2385	2747	2854	2385	2224	2197	1648	1098	629	0	629	
1527	616	1232	1742	2371	2237	2680	2907	2546	2492	2613	2130	1581	1259	629	0	
V2
0	2169	2169	2054	2361	1478	1824	1977	1459	1536	2131	1881	1574	2188	2112	2188	
2169	0	883	1708	2668	2745	3475	3955	3609	3686	4089	3513	2803	2572	1728	883	
2169	883	0	883	1862	2227	2995	3609	3475	3705	4281	3878	3264	3244	2515	1766	
2054	1708	883	0	960	1536	2304	3014	3072	3417	4166	3936	3456	3686	3110	2496	
2361	2668	1862	960	0	1171	1766	2572	2918	3398	4281	4243	3936	4358	3897	3398	
1478	2745	2227	1536	1171	0	768	1478	1728	2246	3129	3225	3052	3648	3417	3206	
1824	3475	2995	2304	1766	768	0	806	1382	1977	2937	3244	3244	4012	3936	3840	
1977	3955	3609	3014	2572	1478	806	0	864	1478	2419	2899	3091	3974	4089	4166	
1459	3609	3475	3072	2918	1728	1382	864	0	614	1574	2016	2265	3187	3417	3648	
1536	3686	3705	3417	3398	2246	1977	1478	614	0	960	1459	1843	2822	3187	3571	
2131	4089	4281	4166	4281	3129	2937	2419	1574	960	0	883	1593	2534	3148	3744	
1881	3513	3878	3936	4243	3225	3244	2899	2016	1459	883	0	787	1670	2361	3052	
1574	2803	3264	3456	3936	3052	3244	3091	2265	1843	1593	787	0	960	1574	2265	
2188	2572	3244	3686	4358	3648	4012	3974	3187	2822	2534	1670	960	0	902	1804	
2112	1728	2515	3110	3897	3417	3936	4089	3417	3187	3148	2361	1574	902	0	902	
2188	883	1766	2496	3398	3206	3840	4166	3648	3571	3744	3052	2265	1804	902	0	
V3
0	2373	2373	2247	2583	1617	1995	2163	1596	1680	2331	2058	1722	2394	2310	2394	
2373	0	966	1869	2919	3003	3801	4326	3948	4032	4473	3843	3066	2814	1890	966	
2373	966	0	966	2037	2436	3276	3948	3801	4053	4683	4242	3570	3549	2751	1932	
2247	1869	966	0	1050	1680	2520	3297	3360	3738	4557	4305	3780	4032	3402	2730	
2583	2919	2037	1050	0	1281	1932	2814	3192	3717	4683	4641	4305	4767	4263	3717	
1617	3003	2436	1680	1281	0	840	1617	1890	2457	3423	3528	3339	3990	3738	3507	
1995	3801	3276	2520	1932	840	0	882	1512	2163	3213	3549	3549	4389	4305	4200	
2163	4326	3948	3297	2814	1617	882	0	945	1617	2646	3171	3381	4347	4473	4557	
1596	3948	3801	3360	3192	1890	1512	945	0	672	1722	2205	2478	3486	3738	3990	
1680	4032	4053	3738	3717	2457	2163	1617	672	0	1050	1596	2016	3087	3486	3906	
2331	4473	4683	4557	4683	3423	3213	2646	1722	1050	0	966	1743	2772	3444	4095	
2058	3843	4242	4305	4641	3528	3549	3171	2205	1596	966	0	861	1827	2583	3339	
1722	3066	3570	3780	4305	3339	3549	3381	2478	2016	1743	861	0	1050	1722	2478	
2394	2814	3549	4032	4767	3990	4389	4347	3486	3087	2772	1827	1050	0	987	1974	
2310	1890	2751	3402	4263	3738	4305	4473	3738	3486	3444	2583	1722	987	0	987	
2394	966	1932	2730	3717	3507	4200	4557	3990	3906	4095	3339	2478	1974	987	0	
V4
0	1627	1627	1540	1771	1108	1368	1483	1094	1152	1598	1411	1180	1641	1584	1641	
1627	0	662	1281	2001	2059	2606	2966	2707	2764	3067	2635	2102	1929	1296	662	
1627	662	0	662	1396	1670	2246	2707	2606	2779	3211	2908	2448	2433	1886	1324	
1540	1281	662	0	720	1152	1728	2260	2304	2563	3124	2952	2592	2764	2332	1872	
1771	2001	1396	720	0	878	1324	1929	2188	2548	3211	3182	2952	3268	2923	2548	
1108	2059	1670	1152	878	0	576	1108	1296	1684	2347	2419	2289	2736	2563	2404	
1368	2606	2246	1728	1324	576	0	604	1036	1483	2203	2433	2433	3009	2952	2880	
1483	2966	2707	2260	1929	1108	604	0	648	1108	1814	2174	2318	2980	3067	3124	
1094	2707	2606	2304	2188	1296	1036	648	0	460	1180	1512	1699	2390	2563	2736	
1152	2764	2779	2563	2548	1684	1483	1108	460	0	720	1094	1382	2116	2390	2678	
1598	3067	3211	3124	3211	2347	2203	1814	1180	720	0	662	1195	1900	2361	2808	
1411	2635	2908	2952	3182	2419	2433	2174	1512	1094	662	0	590	1252	1771	2289	
1180	2102	2448	2592	2952	2289	2433	2318	1699	1382	1195	590	0	720	1180	1699	
1641	1929	2433	2764	3268	2736	3009	2980	2390	2116	1900	1252	720	0	676	1353	
1584	1296	1886	2332	2923	2563	2952	3067	2563	2390	2361	1771	1180	676	0	676	
1641	662	1324	1872	2548	2404	2880	3124	2736	2678	2808	2289	1699	1353	676	0	
V5
0	813	813	770	885	554	684	741	547	576	799	705	590	820	792	820	
813	0	331	640	1000	1029	1303	1483	1353	1382	1533	1317	1051	964	648	331	
813	331	0	331	698	835	1123	1353	1303	1389	1605	1454	1224	1216	943	662	
770	640	331	0	360	576	864	1130	1152	1281	1562	1476	1296	1382	1166	936	
885	1000	698	360	0	439	662	964	1094	1274	1605	1591	1476	1634	1461	1274	
554	1029	835	576	439	0	288	554	648	842	1173	1209	1144	1368	1281	1202	
684	1303	1123	864	662	288	0	302	518	741	1101	1216	1216	1504	1476	1440	
741	1483	1353	1130	964	554	302	0	324	554	907	1087	1159	1490	1533	1562	
547	1353	1303	1152	1094	648	518	324	0	230	590	756	849	1195	1281	1368	
576	1382	1389	1281	1274	842	741	554	230	0	360	547	691	1058	1195	1339	
799	1533	1605	1562	1605	1173	1101	907	590	360	0	331	597	950	1180	1404	
705	1317	1454	1476	1591	1209	1216	1087	756	547	331	0	295	626	885	1144	
590	1051	1224	1296	1476	1144	1216	1159	849	691	597	295	0	360	590	849	
820	964	1216	1382	1634	1368	1504	1490	1195	1058	950	626	360	0	338	676	
792	648	943	1166	1461	1281	1476	1533	1281	1195	1180	885	590	338	0	338	
820	331	662	936	1274	1202	1440	1562	1368	1339	1404	1144	849	676	338	0	
V6
0	813	813	770	885	554	684	741	547	576	799	705	590	820	792	820	
813	0	331	640	1000	1029	1303	1483	1353	1382	1533	1317	1051	964	648	331	
813	331	0	331	698	835	1123	1353	1303	1389	1605	1454	1224	1216	943	662	
770	640	331	0	360	576	864	1130	1152	1281	1562	1476	1296	1382	1166	936	
885	1000	698	360	0	439	662	964	1094	1274	1605	1591	1476	1634	1461	1274	
554	1029	835	576	439	0	288	554	648	842	1173	1209	1144	1368	1281	1202	
684	1303	1123	864	662	288	0	302	518	741	1101	1216	1216	1504	1476	1440	
741	1483	1353	1130	964	554	302	0	324	554	907	1087	1159	1490	1533	1562	
547	1353	1303	1152	1094	648	518	324	0	230	590	756	849	1195	1281	1368	
576	1382	1389	1281	1274	842	741	554	230	0	360	547	691	1058	1195	1339	
799	1533	1605	1562	1605	1173	1101	907	590	360	0	331	597	950	1180	1404	
705	1317	1454	1476	1591	1209	1216	1087	756	547	331	0	295	626	885	1144	
590	1051	1224	1296	1476	1144	1216	1159	849	691	597	295	0	360	590	849	
820	964	1216	1382	1634	1368	1504	1490	1195	1058	950	626	360	0	338	676	
792	648	943	1166	1461	1281	1476	1533	1281	1195	1180	885	590	338	0	338	
820	331	662	936	1274	1202	1440	1562	1368	1339	1404	1144	849	676	338	0	
V7
0	994	994	941	1082	677	836	906	668	704	976	862	721	1003	968	1003	
994	0	404	783	1223	1258	1592	1812	1654	1689	1874	1610	1284	1179	792	404	
994	404	0	404	853	1020	1372	1654	1592	1698	1962	1777	1496	1487	1152	809	
941	783	404	0	440	704	1056	1381	1408	1566	1909	1804	1584	1689	1425	1144	
1082	1223	853	440	0	536	809	1179	1337	1557	1962	1944	1804	1997	1786	1557	
677	1258	1020	704	536	0	352	677	792	1029	1434	1478	1399	1672	1566	1469	
836	1592	1372	1056	809	352	0	369	633	906	1346	1487	1487	1839	1804	1760	
906	1812	1654	1381	1179	677	369	0	396	677	1108	1328	1416	1821	1874	1909	
668	1654	1592	1408	1337	792	633	396	0	281	721	924	1038	1460	1566	1672	
704	1689	1698	1566	1557	1029	906	677	281	0	440	668	844	1293	1460	1636	
976	1874	1962	1909	1962	1434	1346	1108	721	440	0	404	730	1161	1443	1716	
862	1610	1777	1804	1944	1478	1487	1328	924	668	404	0	360	765	1082	1399	
721	1284	1496	1584	1804	1399	1487	1416	1038	844	730	360	0	440	721	1038	
1003	1179	1487	1689	1997	1672	1839	1821	1460	1293	1161	765	440	0	413	827	
968	792	1152	1425	1786	1566	1804	1874	1566	1460	1443	1082	721	413	0	413	
1003	404	809	1144	1557	1469	1760	1909	1672	1636	1716	1399	1038	827	413	0	
Velocidade_Veiculos
1	1	1	1	1	1	1	1	