M: 4
N: 15
Nun_Veiculos: 7
Capacidade_Total: 573
Demanda_Total: 283
Setup_Min: 1
Setup_Max: 9
Raio: 20
Circulos: 1
Tempo_Processamento_Min: 1
Tempo_Processamento_Max: 49
Demanda_Min: 10
Demanda_Max: 30
Priority_Factor: 0.2
Range_Factor_R: 0.8
U_factor: 2
ALpha: 0.2Replicao: 1
Tempos_Processamentos
0	0	1	0	2	0	3	0	
0	44	1	43	2	18	3	17	
0	33	1	21	2	35	3	21	
0	33	1	41	2	17	3	29	
0	22	1	19	2	1	3	29	
0	7	1	38	2	40	3	3	
0	8	1	14	2	35	3	40	
0	35	1	11	2	13	3	39	
0	24	1	45	2	2	3	11	
0	46	1	8	2	13	3	21	
0	22	1	19	2	40	3	25	
0	29	1	46	2	33	3	41	
0	7	1	33	2	21	3	48	
0	40	1	33	2	26	3	44	
0	49	1	33	2	6	3	49	
0	32	1	8	2	24	3	16	

Tempos_setup
M0
0	0	0	0	0	0	0	0	0	0	0	0	0	0	0	0	
0	0	5	4	5	6	2	3	2	5	4	5	5	4	4	3	
0	3	0	4	2	4	1	2	2	2	3	4	3	1	3	3	
0	2	2	0	1	3	2	3	2	3	3	2	2	3	1	3	
0	1	1	2	0	2	2	3	2	3	3	2	2	2	1	3	
0	2	4	2	3	0	4	2	1	4	2	2	1	3	3	2	
0	4	4	4	3	5	0	4	5	5	2	5	5	4	4	5	
0	1	4	2	3	5	2	0	2	3	3	2	4	4	1	3	
0	2	3	2	3	4	3	1	0	3	4	3	3	2	2	1	
0	2	4	3	3	5	4	3	2	0	4	3	5	3	2	3	
0	4	5	4	5	4	5	3	4	3	0	4	4	2	3	5	
0	4	4	2	3	5	3	3	2	3	1	0	4	3	1	3	
0	4	4	2	3	3	3	3	3	3	1	1	0	2	2	1	
0	2	5	3	4	5	3	1	3	1	3	3	2	0	2	3	
0	3	3	1	2	4	2	2	1	2	2	1	3	3	0	2	
0	3	3	1	2	3	2	2	3	2	4	3	3	1	2	0	
M1
0	0	0	0	0	0	0	0	0	0	0	0	0	0	0	0	
0	0	3	3	2	3	3	2	3	2	3	3	1	2	3	2	
0	3	0	5	2	2	1	1	2	4	3	3	4	4	4	2	
0	2	4	0	4	2	3	3	3	2	4	4	3	1	1	3	
0	1	3	4	0	3	4	2	3	3	1	4	2	3	4	3	
0	2	2	3	3	0	1	3	3	2	2	5	3	3	3	1	
0	3	1	5	3	3	0	2	3	5	4	4	4	5	4	2	
0	2	1	4	3	1	2	0	3	3	3	4	3	4	3	1	
0	2	4	5	2	4	5	3	0	4	3	4	3	4	3	1	
0	2	2	2	3	2	3	1	1	0	4	5	3	1	3	2	
0	3	2	3	4	2	3	1	3	3	0	3	4	4	4	2	
0	2	3	3	3	2	3	2	2	1	2	0	3	2	2	1	
0	2	2	2	3	2	3	1	2	1	4	5	0	1	3	1	
0	1	3	1	3	3	4	2	2	1	4	4	2	0	2	3	
0	3	3	4	4	1	2	4	3	3	3	5	4	4	0	2	
0	1	4	4	2	3	4	3	4	3	3	4	2	3	2	0	
M2
0	0	0	0	0	0	0	0	0	0	0	0	0	0	0	0	
0	0	5	3	3	7	1	3	2	4	2	4	4	2	4	4	
0	2	0	4	2	2	3	5	4	6	4	5	1	2	3	5	
0	1	4	0	3	5	2	4	2	4	3	5	4	3	1	3	
0	3	2	2	0	4	4	4	4	6	5	6	3	2	3	3	
0	2	4	3	4	0	3	5	2	6	4	3	3	4	1	6	
0	2	4	3	2	6	0	2	3	4	1	4	4	1	4	3	
0	1	5	2	3	4	1	0	1	5	1	5	3	2	2	3	
0	2	4	1	2	5	3	5	0	5	4	6	5	4	2	4	
0	3	1	4	3	3	4	5	4	0	5	4	2	3	3	6	
0	2	5	3	4	5	2	1	2	6	0	5	4	3	3	2	
0	4	5	3	3	7	2	4	2	6	3	0	5	2	4	5	
0	1	3	3	1	5	2	4	3	5	3	4	0	2	4	4	
0	3	3	2	1	5	3	5	4	4	4	7	3	0	3	4	
0	3	3	2	3	5	4	4	1	6	5	7	3	5	0	5	
0	2	3	3	2	3	2	1	2	5	2	3	2	3	3	0	
M3
0	0	0	0	0	0	0	0	0	0	0	0	0	0	0	0	
0	0	3	4	3	2	3	2	1	2	2	3	3	2	2	3	
0	2	0	5	4	4	2	3	3	4	4	3	3	4	4	5	
0	4	4	0	2	4	4	2	3	4	4	5	5	1	3	4	
0	4	3	4	0	2	3	3	1	2	2	3	3	2	4	2	
0	4	2	4	2	0	3	1	3	2	2	3	3	1	3	3	
0	4	2	4	3	4	0	1	3	4	2	3	1	2	4	3	
0	5	3	3	5	7	5	0	6	6	5	4	4	4	4	5	
0	3	3	4	2	1	3	2	0	1	3	2	3	1	3	2	
0	4	4	5	3	2	3	3	1	0	3	2	4	2	3	3	
0	3	1	2	2	2	1	2	1	2	0	1	1	2	2	3	
0	4	2	3	1	3	2	3	2	2	1	0	2	3	3	3	
0	3	1	4	3	5	3	4	4	5	5	4	0	3	5	5	
0	3	3	5	1	3	3	4	2	3	3	4	4	0	2	3	
0	4	2	3	3	3	2	3	2	2	1	2	2	3	0	2	
0	4	2	4	3	4	3	4	3	4	3	2	4	4	5	0	
Tamanho_Tarefas
0	23	22	23	4	9	24	13	3	16	20	33	18	33	23	19	
Data_Entrega
0	72	72	66	79	57	47	58	64	73	73	58	73	61	75	63	
Penalidade_Atraso
0	12	6	14	5	6	14	2	15	10	8	7	16	12	7	5	
Capacidade_Veiculo
94	55	79	77	98	99	71	
Custo_Fixo_Veiculo
940	550	790	770	980	990	710	
Coordenadas_Clientes
x	0	y	0
x	18	y	0
x	15	y	6
x	11	y	12
x	7	y	23
x	-2	y	23
x	-9	y	15
x	-19	y	14
x	-19	y	4
x	-15	y	-3
x	-14	y	-10
x	-9	y	-16
x	-2	y	-21
x	6	y	-18
x	10	y	-12
x	16	y	-7
Tempo_Viagem
0	18	16	16	24	23	17	23	19	15	17	18	21	18	15	17	
18	0	6	13	24	30	30	39	37	33	33	31	29	21	14	7	
16	6	0	7	18	24	25	34	34	31	33	32	31	25	18	13	
16	13	7	0	11	17	20	30	31	30	33	34	35	30	24	19	
24	24	18	11	0	9	17	27	31	34	39	42	44	41	35	30	
23	30	24	17	9	0	10	19	24	28	35	39	44	41	37	34	
17	30	25	20	17	10	0	10	14	18	25	31	36	35	32	33	
23	39	34	30	27	19	10	0	10	17	24	31	38	40	38	40	
19	37	34	31	31	24	14	10	0	8	14	21	29	33	33	36	
15	33	31	30	34	28	18	17	8	0	7	14	22	25	26	31	
17	33	33	33	39	35	25	24	14	7	0	7	15	21	24	30	
18	31	32	34	42	39	31	31	21	14	7	0	8	15	19	26	
21	29	31	35	44	44	36	38	29	22	15	8	0	8	15	22	
18	21	25	30	41	41	35	40	33	25	21	15	8	0	7	14	
15	14	18	24	35	37	32	38	33	26	24	19	15	7	0	7	
17	7	13	19	30	34	33	40	36	31	30	26	22	14	7	0	
Custo_Viagem
V0
0	338	300	300	451	432	319	432	357	282	319	338	394	338	282	319	
338	0	112	244	470	564	564	733	695	620	620	582	545	394	263	131	
300	112	0	131	338	451	470	639	639	582	620	601	582	470	338	244	
300	244	131	0	206	319	376	564	582	564	620	639	658	564	451	357	
451	470	338	206	0	169	319	507	601	639	733	789	827	770	658	582	
432	564	451	319	169	0	188	357	470	545	658	733	827	770	695	639	
319	564	470	376	319	188	0	188	263	338	470	582	676	676	620	620	
432	733	639	564	507	357	188	0	188	319	451	582	714	752	714	752	
357	695	639	582	601	470	263	188	0	150	263	413	564	620	620	676	
282	620	582	564	639	545	338	319	150	0	131	263	413	470	488	582	
319	620	620	620	733	658	470	451	263	131	0	131	300	394	451	564	
338	582	601	639	789	733	582	582	413	263	131	0	150	282	357	488	
394	545	582	658	827	827	676	714	564	413	300	150	0	150	282	413	
338	394	470	564	770	770	676	752	620	470	394	282	150	0	131	263	
282	263	338	451	658	695	620	714	620	488	451	357	282	131	0	131	
319	131	244	357	582	639	620	752	676	582	564	488	413	263	131	0	
V1
0	198	176	176	264	253	187	253	209	165	187	198	231	198	165	187	
198	0	66	143	275	330	330	429	407	363	363	341	319	231	154	77	
176	66	0	77	198	264	275	374	374	341	363	352	341	275	198	143	
176	143	77	0	121	187	220	330	341	330	363	374	385	330	264	209	
264	275	198	121	0	99	187	297	352	374	429	462	484	451	385	341	
253	330	264	187	99	0	110	209	275	319	385	429	484	451	407	374	
187	330	275	220	187	110	0	110	154	198	275	341	396	396	363	363	
253	429	374	330	297	209	110	0	110	187	264	341	418	440	418	440	
209	407	374	341	352	275	154	110	0	88	154	242	330	363	363	396	
165	363	341	330	374	319	198	187	88	0	77	154	242	275	286	341	
187	363	363	363	429	385	275	264	154	77	0	77	176	231	264	330	
198	341	352	374	462	429	341	341	242	154	77	0	88	165	209	286	
231	319	341	385	484	484	396	418	330	242	176	88	0	88	165	242	
198	231	275	330	451	451	396	440	363	275	231	165	88	0	77	154	
165	154	198	264	385	407	363	418	363	286	264	209	165	77	0	77	
187	77	143	209	341	374	363	440	396	341	330	286	242	154	77	0	
V2
0	284	252	252	379	363	268	363	300	237	268	284	331	284	237	268	
284	0	94	205	395	474	474	616	584	521	521	489	458	331	221	110	
252	94	0	110	284	379	395	537	537	489	521	505	489	395	284	205	
252	205	110	0	173	268	316	474	489	474	521	537	553	474	379	300	
379	395	284	173	0	142	268	426	505	537	616	663	695	647	553	489	
363	474	379	268	142	0	158	300	395	458	553	616	695	647	584	537	
268	474	395	316	268	158	0	158	221	284	395	489	568	568	521	521	
363	616	537	474	426	300	158	0	158	268	379	489	600	632	600	632	
300	584	537	489	505	395	221	158	0	126	221	347	474	521	521	568	
237	521	489	474	537	458	284	268	126	0	110	221	347	395	410	489	
268	521	521	521	616	553	395	379	221	110	0	110	252	331	379	474	
284	489	505	537	663	616	489	489	347	221	110	0	126	237	300	410	
331	458	489	553	695	695	568	600	474	347	252	126	0	126	237	347	
284	331	395	474	647	647	568	632	521	395	331	237	126	0	110	221	
237	221	284	379	553	584	521	600	521	410	379	300	237	110	0	110	
268	110	205	300	489	537	521	632	568	489	474	410	347	221	110	0	
V3
0	277	246	246	369	354	261	354	292	231	261	277	323	277	231	261	
277	0	92	200	385	462	462	600	569	508	508	477	446	323	215	107	
246	92	0	107	277	369	385	523	523	477	508	492	477	385	277	200	
246	200	107	0	169	261	308	462	477	462	508	523	539	462	369	292	
369	385	277	169	0	138	261	415	492	523	600	646	677	631	539	477	
354	462	369	261	138	0	154	292	385	446	539	600	677	631	569	523	
261	462	385	308	261	154	0	154	215	277	385	477	554	554	508	508	
354	600	523	462	415	292	154	0	154	261	369	477	585	616	585	616	
292	569	523	477	492	385	215	154	0	123	215	338	462	508	508	554	
231	508	477	462	523	446	277	261	123	0	107	215	338	385	400	477	
261	508	508	508	600	539	385	369	215	107	0	107	246	323	369	462	
277	477	492	523	646	600	477	477	338	215	107	0	123	231	292	400	
323	446	477	539	677	677	554	585	462	338	246	123	0	123	231	338	
277	323	385	462	631	631	554	616	508	385	323	231	123	0	107	215	
231	215	277	369	539	569	508	585	508	400	369	292	231	107	0	107	
261	107	200	292	477	523	508	616	554	477	462	400	338	215	107	0	
V4
0	352	313	313	470	450	333	450	372	294	333	352	411	352	294	333	
352	0	117	254	490	588	588	764	725	646	646	607	568	411	274	137	
313	117	0	137	352	470	490	666	666	607	646	627	607	490	352	254	
313	254	137	0	215	333	392	588	607	588	646	666	686	588	470	372	
470	490	352	215	0	176	333	529	627	666	764	823	862	803	686	607	
450	588	470	333	176	0	196	372	490	568	686	764	862	803	725	666	
333	588	490	392	333	196	0	196	274	352	490	607	705	705	646	646	
450	764	666	588	529	372	196	0	196	333	470	607	744	784	744	784	
372	725	666	607	627	490	274	196	0	156	274	431	588	646	646	705	
294	646	607	588	666	568	352	333	156	0	137	274	431	490	509	607	
333	646	646	646	764	686	490	470	274	137	0	137	313	411	470	588	
352	607	627	666	823	764	607	607	431	274	137	0	156	294	372	509	
411	568	607	686	862	862	705	744	588	431	313	156	0	156	294	431	
352	411	490	588	803	803	705	784	646	490	411	294	156	0	137	274	
294	274	352	470	686	725	646	744	646	509	470	372	294	137	0	137	
333	137	254	372	607	666	646	784	705	607	588	509	431	274	137	0	
V5
0	356	316	316	475	455	336	455	376	297	336	356	415	356	297	336	
356	0	118	257	495	594	594	772	732	653	653	613	574	415	277	138	
316	118	0	138	356	475	495	673	673	613	653	633	613	495	356	257	
316	257	138	0	217	336	396	594	613	594	653	673	693	594	475	376	
475	495	356	217	0	178	336	534	633	673	772	831	871	811	693	613	
455	594	475	336	178	0	198	376	495	574	693	772	871	811	732	673	
336	594	495	396	336	198	0	198	277	356	495	613	712	712	653	653	
455	772	673	594	534	376	198	0	198	336	475	613	752	792	752	792	
376	732	673	613	633	495	277	198	0	158	277	435	594	653	653	712	
297	653	613	594	673	574	356	336	158	0	138	277	435	495	514	613	
336	653	653	653	772	693	495	475	277	138	0	138	316	415	475	594	
356	613	633	673	831	772	613	613	435	277	138	0	158	297	376	514	
415	574	613	693	871	871	712	752	594	435	316	158	0	158	297	435	
356	415	495	594	811	811	712	792	653	495	415	297	158	0	138	277	
297	277	356	475	693	732	653	752	653	514	475	376	297	138	0	138	
336	138	257	376	613	673	653	792	712	613	594	514	435	277	138	0	
V6
0	255	227	227	340	326	241	326	269	213	241	255	298	255	213	241	
255	0	85	184	355	426	426	553	525	468	468	440	411	298	198	99	
227	85	0	99	255	340	355	482	482	440	468	454	440	355	255	184	
227	184	99	0	156	241	284	426	440	426	468	482	497	426	340	269	
340	355	255	156	0	127	241	383	454	482	553	596	624	582	497	440	
326	426	340	241	127	0	142	269	355	411	497	553	624	582	525	482	
241	426	355	284	241	142	0	142	198	255	355	440	511	511	468	468	
326	553	482	426	383	269	142	0	142	241	340	440	539	568	539	568	
269	525	482	440	454	355	198	142	0	113	198	312	426	468	468	511	
213	468	440	426	482	411	255	241	113	0	99	198	312	355	369	440	
241	468	468	468	553	497	355	340	198	99	0	99	227	298	340	426	
255	440	454	482	596	553	440	440	312	198	99	0	113	213	269	369	
298	411	440	497	624	624	511	539	426	312	227	113	0	113	213	312	
255	298	355	426	582	582	511	568	468	355	298	213	113	0	99	198	
213	198	255	340	497	525	468	539	468	369	340	269	213	99	0	99	
241	99	184	269	440	482	468	568	511	440	426	369	312	198	99	0	
Velocidade_Veiculos
1	1	1	1	1	1	1	