M: 4
N: 15
Nun_Veiculos: 4
Capacidade_Total: 363
Demanda_Total: 240
Setup_Min: 1
Setup_Max: 99
Raio: 20
Circulos: 1
Tempo_Processamento_Min: 1
Tempo_Processamento_Max: 49
Demanda_Min: 10
Demanda_Max: 30
Priority_Factor: 0.2
Range_Factor_R: 0.8
U_factor: 2
ALpha: 0.2Replicao: 2
Tempos_Processamentos
0	0	1	0	2	0	3	0	
0	5	1	35	2	7	3	14	
0	18	1	3	2	11	3	44	
0	32	1	8	2	25	3	30	
0	5	1	49	2	10	3	14	
0	35	1	45	2	33	3	44	
0	44	1	14	2	39	3	5	
0	30	1	4	2	33	3	10	
0	40	1	31	2	24	3	43	
0	4	1	37	2	5	3	1	
0	32	1	10	2	25	3	33	
0	35	1	25	2	15	3	49	
0	9	1	34	2	40	3	25	
0	12	1	43	2	20	3	40	
0	12	1	21	2	42	3	14	
0	13	1	35	2	33	3	32	

Tempos_setup
M0
0	0	0	0	0	0	0	0	0	0	0	0	0	0	0	0	
0	0	7	17	32	11	6	28	28	20	12	16	20	10	23	10	
0	49	0	34	30	43	34	35	26	40	43	14	39	38	40	42	
0	27	19	0	18	16	28	23	23	13	17	11	25	30	6	15	
0	31	11	4	0	17	24	5	22	17	13	15	28	28	10	18	
0	28	30	27	45	0	29	38	50	40	40	38	48	33	33	38	
0	28	1	30	26	17	0	31	22	14	18	10	26	4	36	16	
0	35	6	21	22	14	19	0	18	21	8	20	23	23	27	13	
0	23	15	8	4	18	28	9	0	15	17	19	27	19	14	17	
0	14	9	17	24	3	15	26	25	0	4	13	12	17	23	2	
0	30	12	13	27	6	11	23	28	16	0	16	15	15	19	5	
0	35	18	20	16	30	40	21	12	27	29	0	39	31	26	29	
0	15	9	13	17	4	8	22	13	1	5	1	0	12	19	3	
0	41	4	38	34	13	38	39	30	44	47	18	43	0	44	46	
0	21	16	16	12	10	22	17	32	7	11	20	19	24	0	9	
0	25	14	15	22	1	13	25	23	11	2	11	10	17	21	0	
M1
0	0	0	0	0	0	0	0	0	0	0	0	0	0	0	0	
0	0	17	14	29	3	12	23	11	28	1	15	21	14	12	13	
0	15	0	27	15	15	21	25	13	14	13	30	19	21	14	20	
0	28	13	0	28	9	18	18	17	27	7	28	27	30	18	33	
0	28	28	16	0	17	12	34	23	12	15	22	17	20	24	41	
0	27	14	19	29	0	16	20	8	28	26	26	18	21	9	34	
0	38	23	31	30	33	0	29	17	37	36	10	27	30	18	43	
0	30	18	42	33	33	36	0	28	32	31	45	19	22	29	38	
0	21	6	14	21	16	8	12	0	20	19	18	10	13	1	26	
0	16	16	17	1	5	13	23	11	0	3	23	5	8	12	29	
0	29	16	21	30	2	11	22	10	30	0	21	20	23	11	33	
0	28	13	21	20	23	15	19	7	27	26	0	17	20	8	33	
0	11	11	25	18	14	19	34	22	17	12	26	0	3	12	24	
0	29	29	22	15	19	16	37	25	14	17	26	18	0	9	42	
0	20	20	13	27	15	7	31	23	26	20	17	9	12	0	33	
0	20	5	23	16	20	17	16	18	15	18	27	19	1	10	0	
M2
0	0	0	0	0	0	0	0	0	0	0	0	0	0	0	0	
0	0	21	6	9	8	19	18	14	15	1	12	13	15	27	18	
0	6	0	12	15	14	25	23	1	21	7	18	3	20	33	5	
0	15	17	0	17	20	19	20	10	15	3	12	12	17	27	14	
0	36	38	27	0	25	23	42	31	32	25	39	33	39	44	35	
0	11	13	17	1	0	22	28	6	18	12	23	8	25	30	10	
0	13	15	19	3	2	0	30	8	9	14	25	10	27	21	12	
0	12	14	5	21	20	24	0	7	20	8	17	9	18	32	11	
0	5	7	11	14	13	24	22	0	20	6	17	2	19	32	4	
0	17	19	10	7	6	4	29	12	0	13	22	14	27	12	16	
0	23	30	22	18	17	26	17	23	22	0	19	20	14	27	27	
0	4	22	10	10	9	7	22	15	3	5	0	1	19	15	19	
0	3	24	9	12	11	22	21	17	18	4	15	0	18	30	21	
0	9	16	8	4	3	12	3	9	8	10	5	6	0	20	13	
0	16	10	22	23	22	20	17	11	16	10	27	13	22	0	7	
0	9	3	15	18	17	27	18	4	23	4	20	6	15	31	0	
M3
0	0	0	0	0	0	0	0	0	0	0	0	0	0	0	0	
0	0	22	4	15	20	20	11	23	18	34	19	23	11	20	12	
0	20	0	21	32	36	40	28	21	38	42	27	31	31	37	29	
0	34	18	0	11	16	25	7	19	30	34	29	33	21	16	8	
0	23	36	18	0	34	14	25	8	19	41	26	30	18	5	25	
0	38	29	34	20	0	30	41	28	28	43	28	18	20	25	7	
0	35	22	4	15	20	0	11	23	5	27	12	16	4	20	12	
0	27	40	22	4	38	18	0	12	23	34	30	34	22	9	29	
0	46	37	45	30	61	41	52	0	43	37	22	26	30	35	17	
0	37	24	6	17	22	2	13	25	0	29	14	18	6	22	14	
0	43	30	12	23	28	8	19	8	6	0	20	24	12	28	20	
0	24	15	23	25	39	19	30	18	21	15	0	4	23	30	17	
0	20	11	19	21	35	15	26	29	20	42	27	0	19	26	13	
0	32	23	31	33	47	27	38	24	29	23	8	12	0	38	25	
0	35	31	13	16	29	9	20	3	14	36	21	25	13	0	20	
0	36	36	31	13	47	27	38	21	32	36	21	25	13	18	0	
Tamanho_Tarefas
0	12	4	10	8	39	16	15	27	1	18	16	15	20	22	17	
Data_Entrega
0	70	75	46	61	53	48	74	44	65	67	44	54	54	49	61	
Penalidade_Atraso
0	5	9	19	6	4	18	19	13	5	17	7	11	20	8	3	
Capacidade_Veiculo
90	84	80	109	
Custo_Fixo_Veiculo
900	840	800	1090	
Coordenadas_Clientes
x	0	y	0
x	16	y	0
x	19	y	8
x	14	y	16
x	5	y	18
x	-2	y	20
x	-12	y	21
x	-16	y	12
x	-22	y	4
x	-18	y	-3
x	-16	y	-12
x	-11	y	-19
x	-1	y	-16
x	5	y	-17
x	12	y	-13
x	22	y	-10
Tempo_Viagem
0	16	20	21	18	20	24	20	22	18	20	21	16	17	17	24	
16	0	8	16	21	26	35	34	38	34	34	33	23	20	13	11	
20	8	0	9	17	24	33	35	41	38	40	40	31	28	21	18	
21	16	9	0	9	16	26	30	37	37	41	42	35	34	29	27	
18	21	17	9	0	7	17	21	30	31	36	39	34	35	31	32	
20	26	24	16	7	0	10	16	25	28	34	40	36	37	35	37	
24	35	33	26	17	10	0	9	19	24	33	40	38	41	41	46	
20	34	35	30	21	16	9	0	10	15	24	31	31	35	37	43	
22	38	41	37	30	25	19	10	0	8	17	25	29	34	38	46	
18	34	38	37	31	28	24	15	8	0	9	17	21	26	31	40	
20	34	40	41	36	34	33	24	17	9	0	8	15	21	28	38	
21	33	40	42	39	40	40	31	25	17	8	0	10	16	23	33	
16	23	31	35	34	36	38	31	29	21	15	10	0	6	13	23	
17	20	28	34	35	37	41	35	34	26	21	16	6	0	8	18	
17	13	21	29	31	35	41	37	38	31	28	23	13	8	0	10	
24	11	18	27	32	37	46	43	46	40	38	33	23	18	10	0	
Custo_Viagem
V0
0	288	360	378	324	360	432	360	396	324	360	378	288	306	306	432	
288	0	144	288	378	468	630	612	684	612	612	594	414	360	234	198	
360	144	0	162	306	432	594	630	738	684	720	720	558	504	396	324	
378	288	162	0	162	288	468	540	666	666	738	774	630	612	522	486	
324	378	306	162	0	126	306	378	540	558	648	720	612	630	558	576	
360	468	432	288	126	0	180	288	450	504	612	720	648	666	630	684	
432	630	594	468	306	180	0	162	342	432	594	720	684	738	738	828	
360	612	630	540	378	288	162	0	180	270	432	558	558	630	666	774	
396	684	738	666	540	450	342	180	0	144	306	450	522	612	684	828	
324	612	684	666	558	504	432	270	144	0	162	306	378	468	558	720	
360	612	720	738	648	612	594	432	306	162	0	144	270	378	504	684	
378	594	720	774	720	720	720	558	450	306	144	0	180	288	414	612	
288	414	558	630	612	648	684	558	522	378	270	180	0	108	234	414	
306	360	504	612	630	666	738	630	612	468	378	288	108	0	144	324	
306	234	396	522	558	630	738	666	684	558	504	414	234	144	0	180	
432	198	324	486	576	684	828	774	828	720	684	612	414	324	180	0	
V1
0	268	336	352	302	336	403	336	369	302	336	352	268	285	285	403	
268	0	134	268	352	436	588	571	638	571	571	554	386	336	218	184	
336	134	0	151	285	403	554	588	688	638	672	672	520	470	369	302	
352	268	151	0	151	268	436	504	621	621	688	722	588	571	487	453	
302	352	285	151	0	117	285	352	504	520	604	672	571	588	520	537	
336	436	403	268	117	0	168	268	420	470	571	672	604	621	588	638	
403	588	554	436	285	168	0	151	319	403	554	672	638	688	688	772	
336	571	588	504	352	268	151	0	168	252	403	520	520	588	621	722	
369	638	688	621	504	420	319	168	0	134	285	420	487	571	638	772	
302	571	638	621	520	470	403	252	134	0	151	285	352	436	520	672	
336	571	672	688	604	571	554	403	285	151	0	134	252	352	470	638	
352	554	672	722	672	672	672	520	420	285	134	0	168	268	386	571	
268	386	520	588	571	604	638	520	487	352	252	168	0	100	218	386	
285	336	470	571	588	621	688	588	571	436	352	268	100	0	134	302	
285	218	369	487	520	588	688	621	638	520	470	386	218	134	0	168	
403	184	302	453	537	638	772	722	772	672	638	571	386	302	168	0	
V2
0	256	320	336	288	320	384	320	352	288	320	336	256	272	272	384	
256	0	128	256	336	416	560	544	608	544	544	528	368	320	208	176	
320	128	0	144	272	384	528	560	656	608	640	640	496	448	352	288	
336	256	144	0	144	256	416	480	592	592	656	688	560	544	464	432	
288	336	272	144	0	112	272	336	480	496	576	640	544	560	496	512	
320	416	384	256	112	0	160	256	400	448	544	640	576	592	560	608	
384	560	528	416	272	160	0	144	304	384	528	640	608	656	656	736	
320	544	560	480	336	256	144	0	160	240	384	496	496	560	592	688	
352	608	656	592	480	400	304	160	0	128	272	400	464	544	608	736	
288	544	608	592	496	448	384	240	128	0	144	272	336	416	496	640	
320	544	640	656	576	544	528	384	272	144	0	128	240	336	448	608	
336	528	640	688	640	640	640	496	400	272	128	0	160	256	368	544	
256	368	496	560	544	576	608	496	464	336	240	160	0	96	208	368	
272	320	448	544	560	592	656	560	544	416	336	256	96	0	128	288	
272	208	352	464	496	560	656	592	608	496	448	368	208	128	0	160	
384	176	288	432	512	608	736	688	736	640	608	544	368	288	160	0	
V3
0	348	436	457	392	436	523	436	479	392	436	457	348	370	370	523	
348	0	174	348	457	566	763	741	828	741	741	719	501	436	283	239	
436	174	0	196	370	523	719	763	893	828	872	872	675	610	479	392	
457	348	196	0	196	348	566	654	806	806	893	937	763	741	632	588	
392	457	370	196	0	152	370	457	654	675	784	872	741	763	675	697	
436	566	523	348	152	0	218	348	545	610	741	872	784	806	763	828	
523	763	719	566	370	218	0	196	414	523	719	872	828	893	893	1002	
436	741	763	654	457	348	196	0	218	327	523	675	675	763	806	937	
479	828	893	806	654	545	414	218	0	174	370	545	632	741	828	1002	
392	741	828	806	675	610	523	327	174	0	196	370	457	566	675	872	
436	741	872	893	784	741	719	523	370	196	0	174	327	457	610	828	
457	719	872	937	872	872	872	675	545	370	174	0	218	348	501	741	
348	501	675	763	741	784	828	675	632	457	327	218	0	130	283	501	
370	436	610	741	763	806	893	763	741	566	457	348	130	0	174	392	
370	283	479	632	675	763	893	806	828	675	610	501	283	174	0	218	
523	239	392	588	697	828	1002	937	1002	872	828	741	501	392	218	0	
Velocidade_Veiculos
1	1	1	1	