M: 4
N: 15
Nun_Veiculos: 6
Capacidade_Total: 459
Demanda_Total: 232
Setup_Min: 1
Setup_Max: 99
Raio: 20
Circulos: 1
Tempo_Processamento_Min: 1
Tempo_Processamento_Max: 49
Demanda_Min: 10
Demanda_Max: 30
Priority_Factor: 0.2
Range_Factor_R: 0.8
U_factor: 2
ALpha: 0.2Replicao: 2
Tempos_Processamentos
0	0	1	0	2	0	3	0	
0	22	1	40	2	39	3	7	
0	46	1	7	2	28	3	43	
0	2	1	47	2	16	3	16	
0	21	1	31	2	8	3	40	
0	11	1	17	2	32	3	1	
0	6	1	26	2	10	3	17	
0	9	1	11	2	23	3	16	
0	25	1	47	2	37	3	47	
0	13	1	28	2	38	3	32	
0	42	1	28	2	44	3	38	
0	16	1	44	2	49	3	10	
0	29	1	18	2	37	3	49	
0	49	1	31	2	27	3	21	
0	38	1	1	2	16	3	5	
0	38	1	46	2	2	3	36	

Tempos_setup
M0
0	0	0	0	0	0	0	0	0	0	0	0	0	0	0	0	
0	0	32	18	28	3	16	19	36	10	16	23	7	35	13	40	
0	9	0	5	15	10	15	5	8	7	2	21	12	29	22	24	
0	9	23	0	19	5	18	11	31	2	8	20	9	24	22	40	
0	13	4	9	0	5	18	8	12	2	6	6	9	33	26	28	
0	20	29	15	25	0	13	16	37	7	13	25	4	39	33	42	
0	14	18	10	20	11	0	10	26	8	7	26	15	34	27	42	
0	24	16	20	12	17	10	0	24	14	17	18	19	44	37	40	
0	21	21	26	17	20	33	25	0	19	23	23	24	50	34	16	
0	13	23	9	19	3	16	9	31	0	6	18	7	33	26	45	
0	7	17	3	13	8	13	3	25	5	0	19	12	27	20	41	
0	45	41	41	37	35	35	25	49	32	38	0	39	65	56	65	
0	17	27	13	23	3	16	13	35	4	10	22	0	37	30	38	
0	21	21	20	17	12	20	20	29	19	17	23	16	0	34	16	
0	33	44	49	40	36	49	40	38	42	46	46	40	45	0	54	
0	5	5	10	1	4	17	9	13	3	7	7	8	34	18	0	
M1
0	0	0	0	0	0	0	0	0	0	0	0	0	0	0	0	
0	0	26	19	21	39	29	40	40	28	36	14	29	32	39	38	
0	39	0	28	30	44	29	16	24	28	22	33	25	30	23	26	
0	24	23	0	25	36	28	25	23	13	19	18	10	15	43	25	
0	27	5	23	0	39	24	21	19	16	22	21	13	18	18	21	
0	8	6	25	2	0	26	22	21	18	24	22	15	20	20	23	
0	20	22	16	17	30	0	21	12	9	8	11	25	4	35	9	
0	30	19	27	14	28	13	0	8	19	6	22	27	14	32	10	
0	22	15	21	10	32	5	23	0	11	10	16	23	6	28	2	
0	11	17	10	12	35	19	12	14	0	18	5	20	17	30	13	
0	30	28	36	24	22	20	41	32	29	0	31	37	24	42	27	
0	19	12	5	7	30	15	28	26	18	22	0	15	18	25	24	
0	14	20	13	15	26	18	15	13	3	9	8	0	5	33	15	
0	16	22	15	17	26	13	17	8	5	4	10	25	0	35	10	
0	16	16	5	11	28	6	17	1	5	11	10	2	7	0	3	
0	20	13	19	8	30	17	21	12	9	8	14	21	4	26	0	
M2
0	0	0	0	0	0	0	0	0	0	0	0	0	0	0	0	
0	0	18	49	31	31	34	31	29	6	43	10	29	24	24	26	
0	28	0	34	33	16	37	20	16	31	28	29	33	26	14	16	
0	11	15	0	10	29	18	27	21	17	16	6	25	3	22	24	
0	23	5	37	0	19	8	23	11	29	31	27	18	21	12	14	
0	29	1	18	17	0	21	4	17	32	12	24	17	21	15	17	
0	15	10	29	5	11	0	15	3	21	23	19	10	13	4	6	
0	32	18	46	13	28	17	0	20	36	40	24	27	30	21	23	
0	12	22	51	17	33	25	37	0	18	23	20	35	10	29	23	
0	35	12	43	40	25	44	29	23	0	37	33	42	33	18	20	
0	28	19	40	19	28	27	32	30	34	0	36	13	40	21	23	
0	14	24	49	21	31	29	21	29	12	36	0	19	14	24	26	
0	15	6	33	6	15	14	19	17	21	25	23	0	27	8	10	
0	8	12	43	7	26	15	30	18	14	33	10	25	0	19	21	
0	29	8	25	24	7	28	11	24	17	19	15	24	28	0	2	
0	30	48	41	44	59	48	31	51	36	57	40	57	44	52	0	
M3
0	0	0	0	0	0	0	0	0	0	0	0	0	0	0	0	
0	0	30	13	26	3	18	30	26	27	19	45	29	39	32	29	
0	35	0	39	32	29	15	33	61	43	36	49	43	36	45	26	
0	25	17	0	38	25	21	22	51	14	25	32	37	31	19	32	
0	34	22	32	0	22	18	12	60	11	38	29	11	34	28	29	
0	35	27	10	32	0	15	27	54	24	16	42	26	36	29	26	
0	29	37	24	17	14	0	18	54	28	30	34	28	21	30	11	
0	22	47	32	35	25	18	0	48	42	35	52	46	28	16	29	
0	29	12	15	8	5	20	20	0	19	21	34	19	21	34	11	
0	35	38	21	24	11	7	25	56	0	27	18	35	23	37	18	
0	35	23	32	35	22	18	13	38	11	0	29	12	34	29	21	
0	17	47	30	41	20	30	12	38	43	32	0	44	5	28	39	
0	23	11	33	36	26	19	1	49	43	36	24	0	29	17	30	
0	29	45	39	36	32	25	7	33	38	27	56	39	0	23	34	
0	6	31	19	32	9	24	19	32	33	25	51	35	12	0	35	
0	18	30	13	35	3	18	30	44	27	19	23	29	28	32	0	
Tamanho_Tarefas
0	10	16	16	8	6	9	11	32	14	38	24	18	21	7	2	
Data_Entrega
0	56	72	53	68	50	55	77	50	62	77	51	47	47	55	71	
Penalidade_Atraso
0	12	13	14	19	1	13	13	19	14	1	13	15	8	7	8	
Capacidade_Veiculo
98	92	49	96	50	74	
Custo_Fixo_Veiculo
980	920	490	960	500	740	
Coordenadas_Clientes
x	0	y	0
x	22	y	0
x	16	y	7
x	11	y	12
x	4	y	14
x	-2	y	21
x	-12	y	21
x	-19	y	14
x	-15	y	3
x	-23	y	-4
x	-19	y	-14
x	-11	y	-19
x	-2	y	-24
x	5	y	-16
x	12	y	-13
x	18	y	-8
Tempo_Viagem
0	22	17	16	14	21	24	23	15	23	23	21	24	16	17	19	
22	0	9	16	22	31	39	43	37	45	43	38	32	22	15	8	
17	9	0	7	13	22	30	35	31	40	40	37	35	25	20	15	
16	16	7	0	7	15	24	30	27	37	39	37	38	28	25	21	
14	22	13	7	0	9	17	23	21	31	36	35	38	30	28	26	
21	31	22	15	9	0	10	18	22	32	38	41	45	37	36	35	
24	39	30	24	17	10	0	9	18	27	35	40	46	40	41	41	
23	43	35	30	23	18	9	0	11	18	28	33	40	38	40	42	
15	37	31	27	21	22	18	11	0	10	17	22	29	27	31	34	
23	45	40	37	31	32	27	18	10	0	10	19	29	30	36	41	
23	43	40	39	36	38	35	28	17	10	0	9	19	24	31	37	
21	38	37	37	35	41	40	33	22	19	9	0	10	16	23	30	
24	32	35	38	38	45	46	40	29	29	19	10	0	10	17	24	
16	22	25	28	30	37	40	38	27	30	24	16	10	0	7	14	
17	15	20	25	28	36	41	40	31	36	31	23	17	7	0	7	
19	8	15	21	26	35	41	42	34	41	37	30	24	14	7	0	
Custo_Viagem
V0
0	431	333	313	274	411	470	450	294	450	450	411	470	313	333	372	
431	0	176	313	431	607	764	842	725	882	842	744	646	450	313	156	
333	176	0	137	254	431	607	686	607	784	784	725	686	490	392	294	
313	313	137	0	137	294	470	588	529	725	764	744	744	548	490	411	
274	431	254	137	0	176	333	450	411	627	705	705	744	588	548	509	
411	607	431	294	176	0	196	352	431	627	744	803	882	725	705	686	
470	764	607	470	333	196	0	176	352	529	686	784	901	784	803	803	
450	842	686	588	450	352	176	0	215	352	548	646	803	744	803	842	
294	725	607	529	411	431	352	215	0	196	333	431	568	529	607	666	
450	882	784	725	627	627	529	352	196	0	196	372	568	588	705	803	
450	842	784	764	705	744	686	548	333	196	0	176	372	470	607	725	
411	744	725	744	705	803	784	646	431	372	176	0	196	313	450	607	
470	646	686	744	744	882	901	803	568	568	372	196	0	196	333	490	
313	450	490	548	588	725	784	744	529	588	470	313	196	0	137	294	
333	313	392	490	548	705	803	803	607	705	607	450	333	137	0	137	
372	156	294	411	509	686	803	842	666	803	725	607	490	294	137	0	
V1
0	404	312	294	257	386	441	423	276	423	423	386	441	294	312	349	
404	0	165	294	404	570	717	791	680	828	791	699	607	423	294	147	
312	165	0	128	239	404	570	644	570	736	736	680	644	460	368	276	
294	294	128	0	128	276	441	552	496	680	717	699	699	515	460	386	
257	404	239	128	0	165	312	423	386	588	662	662	699	552	515	478	
386	570	404	276	165	0	184	331	404	588	699	754	828	680	662	644	
441	717	570	441	312	184	0	165	331	496	644	736	846	736	754	754	
423	791	644	552	423	331	165	0	202	331	515	607	754	699	754	791	
276	680	570	496	386	404	331	202	0	184	312	404	533	496	570	625	
423	828	736	680	588	588	496	331	184	0	184	349	533	552	662	754	
423	791	736	717	662	699	644	515	312	184	0	165	349	441	570	680	
386	699	680	699	662	754	736	607	404	349	165	0	184	294	423	570	
441	607	644	699	699	828	846	754	533	533	349	184	0	184	312	460	
294	423	460	515	552	680	736	699	496	552	441	294	184	0	128	276	
312	294	368	460	515	662	754	754	570	662	570	423	312	128	0	128	
349	147	276	386	478	644	754	791	625	754	680	570	460	276	128	0	
V2
0	215	166	156	137	205	235	225	147	225	225	205	235	156	166	186	
215	0	88	156	215	303	382	421	362	441	421	372	323	225	156	78	
166	88	0	68	127	215	303	343	303	392	392	362	343	245	196	147	
156	156	68	0	68	147	235	294	264	362	382	372	372	274	245	205	
137	215	127	68	0	88	166	225	205	313	352	352	372	294	274	254	
205	303	215	147	88	0	98	176	215	313	372	401	441	362	352	343	
235	382	303	235	166	98	0	88	176	264	343	392	450	392	401	401	
225	421	343	294	225	176	88	0	107	176	274	323	401	372	401	421	
147	362	303	264	205	215	176	107	0	98	166	215	284	264	303	333	
225	441	392	362	313	313	264	176	98	0	98	186	284	294	352	401	
225	421	392	382	352	372	343	274	166	98	0	88	186	235	303	362	
205	372	362	372	352	401	392	323	215	186	88	0	98	156	225	303	
235	323	343	372	372	441	450	401	284	284	186	98	0	98	166	245	
156	225	245	274	294	362	392	372	264	294	235	156	98	0	68	147	
166	156	196	245	274	352	401	401	303	352	303	225	166	68	0	68	
186	78	147	205	254	343	401	421	333	401	362	303	245	147	68	0	
V3
0	422	326	307	268	403	460	441	288	441	441	403	460	307	326	364	
422	0	172	307	422	595	748	825	710	864	825	729	633	441	307	153	
326	172	0	134	249	422	595	672	595	768	768	710	672	480	384	288	
307	307	134	0	134	288	460	576	518	710	748	729	729	537	480	403	
268	422	249	134	0	172	326	441	403	614	691	691	729	576	537	499	
403	595	422	288	172	0	192	345	422	614	729	787	864	710	691	672	
460	748	595	460	326	192	0	172	345	518	672	768	883	768	787	787	
441	825	672	576	441	345	172	0	211	345	537	633	787	729	787	825	
288	710	595	518	403	422	345	211	0	192	326	422	556	518	595	652	
441	864	768	710	614	614	518	345	192	0	192	364	556	576	691	787	
441	825	768	748	691	729	672	537	326	192	0	172	364	460	595	710	
403	729	710	729	691	787	768	633	422	364	172	0	192	307	441	595	
460	633	672	729	729	864	883	787	556	556	364	192	0	192	326	480	
307	441	480	537	576	710	768	729	518	576	460	307	192	0	134	288	
326	307	384	480	537	691	787	787	595	691	595	441	326	134	0	134	
364	153	288	403	499	672	787	825	652	787	710	595	480	288	134	0	
V4
0	220	170	160	140	210	240	230	150	230	230	210	240	160	170	190	
220	0	90	160	220	310	390	430	370	450	430	380	330	230	160	80	
170	90	0	70	130	220	310	350	310	400	400	370	350	250	200	150	
160	160	70	0	70	150	240	300	270	370	390	380	380	280	250	210	
140	220	130	70	0	90	170	230	210	320	360	360	380	300	280	260	
210	310	220	150	90	0	100	180	220	320	380	410	450	370	360	350	
240	390	310	240	170	100	0	90	180	270	350	400	460	400	410	410	
230	430	350	300	230	180	90	0	110	180	280	330	410	380	410	430	
150	370	310	270	210	220	180	110	0	100	170	220	290	270	310	340	
230	450	400	370	320	320	270	180	100	0	100	190	290	300	360	410	
230	430	400	390	360	380	350	280	170	100	0	90	190	240	310	370	
210	380	370	380	360	410	400	330	220	190	90	0	100	160	230	310	
240	330	350	380	380	450	460	410	290	290	190	100	0	100	170	250	
160	230	250	280	300	370	400	380	270	300	240	160	100	0	70	150	
170	160	200	250	280	360	410	410	310	360	310	230	170	70	0	70	
190	80	150	210	260	350	410	430	340	410	370	310	250	150	70	0	
V5
0	325	251	236	207	310	355	340	222	340	340	310	355	236	251	281	
325	0	133	236	325	458	577	636	547	666	636	562	488	340	236	118	
251	133	0	103	192	325	458	518	458	592	592	547	518	370	296	222	
236	236	103	0	103	222	355	444	399	547	577	562	562	414	370	310	
207	325	192	103	0	133	251	340	310	473	532	532	562	444	414	384	
310	458	325	222	133	0	148	266	325	473	562	606	666	547	532	518	
355	577	458	355	251	148	0	133	266	399	518	592	680	592	606	606	
340	636	518	444	340	266	133	0	162	266	414	488	606	562	606	636	
222	547	458	399	310	325	266	162	0	148	251	325	429	399	458	503	
340	666	592	547	473	473	399	266	148	0	148	281	429	444	532	606	
340	636	592	577	532	562	518	414	251	148	0	133	281	355	458	547	
310	562	547	562	532	606	592	488	325	281	133	0	148	236	340	458	
355	488	518	562	562	666	680	606	429	429	281	148	0	148	251	370	
236	340	370	414	444	547	592	562	399	444	355	236	148	0	103	222	
251	236	296	370	414	532	606	606	458	532	458	340	251	103	0	103	
281	118	222	310	384	518	606	636	503	606	547	458	370	222	103	0	
Velocidade_Veiculos
1	1	1	1	1	1	