M: 4
N: 15
Nun_Veiculos: 7
Capacidade_Total: 436
Demanda_Total: 277
Setup_Min: 1
Setup_Max: 9
Raio: 100
Circulos: 1
Tempo_Processamento_Min: 1
Tempo_Processamento_Max: 49
Demanda_Min: 10
Demanda_Max: 30
Priority_Factor: 0.2
Range_Factor_R: 0.8
U_factor: 2
ALpha: 0.2Replicao: 4
Tempos_Processamentos
0	0	1	0	2	0	3	0	
0	33	1	8	2	33	3	46	
0	46	1	18	2	9	3	12	
0	7	1	14	2	49	3	34	
0	22	1	38	2	39	3	15	
0	3	1	6	2	42	3	28	
0	43	1	9	2	49	3	14	
0	5	1	30	2	15	3	15	
0	25	1	11	2	9	3	24	
0	32	1	44	2	34	3	2	
0	34	1	20	2	25	3	44	
0	2	1	27	2	46	3	4	
0	36	1	33	2	37	3	31	
0	14	1	35	2	49	3	49	
0	26	1	4	2	12	3	1	
0	21	1	45	2	43	3	47	

Tempos_setup
M0
0	0	0	0	0	0	0	0	0	0	0	0	0	0	0	0	
0	0	4	3	1	3	3	4	3	4	3	4	3	4	2	1	
0	3	0	2	4	1	2	3	3	2	2	4	3	3	3	1	
0	4	4	0	2	4	5	2	4	4	4	4	1	3	4	3	
0	2	3	5	0	4	5	5	2	3	2	3	4	3	3	3	
0	4	2	2	4	0	4	2	2	1	3	3	3	5	2	3	
0	3	2	4	3	2	0	3	3	3	2	4	4	1	1	3	
0	6	5	2	4	5	3	0	6	4	5	4	3	4	4	2	
0	2	2	4	3	3	4	3	0	1	3	1	2	4	3	3	
0	3	1	3	4	2	3	2	3	0	2	4	4	4	2	2	
0	1	1	3	2	2	3	4	1	2	0	2	3	4	3	2	
0	4	2	4	3	3	3	2	4	1	3	0	1	3	3	2	
0	4	3	3	2	3	4	1	3	4	4	4	0	2	5	2	
0	4	1	3	5	1	2	2	3	2	3	4	3	0	3	2	
0	3	3	5	4	4	5	4	3	4	2	4	5	6	0	4	
0	6	5	2	4	4	6	4	5	4	5	3	3	5	3	0	
M1
0	0	0	0	0	0	0	0	0	0	0	0	0	0	0	0	
0	0	3	4	3	1	1	2	2	3	4	1	2	4	2	3	
0	4	0	3	3	3	2	2	4	2	1	2	3	2	3	4	
0	3	3	0	3	4	3	3	1	2	4	2	2	4	2	2	
0	1	4	3	0	2	2	3	3	3	4	2	3	2	2	4	
0	4	3	4	3	0	3	1	1	3	4	3	3	4	2	2	
0	3	3	3	2	4	0	3	2	5	4	1	3	4	1	2	
0	4	2	4	3	5	4	0	5	4	3	4	4	3	5	6	
0	3	2	3	2	4	2	3	0	4	3	2	2	4	1	1	
0	4	4	4	3	3	3	4	3	0	4	3	3	3	2	4	
0	4	1	4	3	2	1	1	3	1	0	1	4	3	2	3	
0	5	2	4	4	5	2	4	4	4	3	0	5	4	3	4	
0	4	2	3	3	4	3	4	1	3	3	3	0	2	2	2	
0	3	2	1	4	2	3	2	2	1	2	3	2	0	3	3	
0	2	2	2	1	3	3	2	1	4	3	3	3	3	0	2	
0	3	1	4	2	4	1	2	2	3	2	1	1	3	2	0	
M2
0	0	0	0	0	0	0	0	0	0	0	0	0	0	0	0	
0	0	3	3	4	4	3	2	3	2	3	5	4	3	4	4	
0	3	0	2	4	3	4	1	2	4	2	2	1	3	3	3	
0	3	3	0	3	4	3	4	4	2	4	3	3	1	3	2	
0	4	3	3	0	2	4	2	3	5	3	3	2	4	4	4	
0	2	3	3	3	0	3	4	1	4	1	2	3	3	2	2	
0	3	4	4	4	3	0	3	2	5	4	2	1	4	3	5	
0	3	1	1	4	4	3	0	3	3	1	3	2	2	4	2	
0	4	4	2	2	4	5	4	0	4	4	4	4	2	1	4	
0	3	1	3	2	4	4	2	3	0	3	3	2	1	3	3	
0	2	5	3	4	3	2	4	3	4	0	3	2	4	4	1	
0	1	4	3	3	1	4	3	1	3	2	0	4	3	2	3	
0	2	4	3	3	2	5	4	1	4	3	1	0	3	2	4	
0	2	4	3	2	3	3	3	3	4	4	2	3	0	2	2	
0	3	4	1	3	4	4	4	4	3	5	3	3	1	0	3	
0	2	5	2	4	3	1	4	2	4	3	2	1	3	3	0	
M3
0	0	0	0	0	0	0	0	0	0	0	0	0	0	0	0	
0	0	4	3	3	2	4	1	1	2	5	5	2	2	4	2	
0	1	0	2	2	3	3	1	2	2	1	4	3	2	2	3	
0	6	5	0	4	5	5	2	6	3	3	5	3	3	3	1	
0	3	4	4	0	1	4	1	2	2	4	2	3	2	3	3	
0	3	4	3	3	0	3	2	1	2	3	5	2	3	2	2	
0	1	4	4	4	3	0	2	2	3	4	6	3	3	2	3	
0	4	4	5	3	4	6	0	4	1	5	5	2	1	4	5	
0	2	3	2	2	1	3	2	0	3	4	4	1	3	3	1	
0	3	3	4	2	3	5	2	4	0	4	4	1	3	3	5	
0	5	6	3	3	3	6	2	4	3	0	5	4	3	5	3	
0	3	2	4	2	1	4	3	2	3	3	0	3	4	3	3	
0	3	2	3	1	2	5	1	3	2	3	3	0	2	4	4	
0	5	5	5	4	4	6	1	3	2	6	6	3	0	5	4	
0	3	5	3	4	5	2	2	4	2	5	4	3	1	0	2	
0	5	4	1	5	5	5	3	6	4	4	4	4	4	3	0	
Tamanho_Tarefas
0	30	16	20	17	18	12	5	11	12	23	17	32	31	9	24	
Data_Entrega
0	158	172	177	161	165	183	161	168	181	171	170	175	158	180	165	
Penalidade_Atraso
0	4	14	2	16	4	12	1	18	18	6	11	14	9	2	17	
Capacidade_Veiculo
56	48	94	62	85	33	58	
Custo_Fixo_Veiculo
560	480	940	620	850	330	580	
Coordenadas_Clientes
x	0	y	0
x	84	y	0
x	90	y	40
x	74	y	82
x	25	y	77
x	-9	y	87
x	-41	y	71
x	-84	y	61
x	-101	y	21
x	-97	y	-20
x	-79	y	-57
x	-44	y	-77
x	-8	y	-84
x	28	y	-87
x	70	y	-78
x	80	y	-35
Tempo_Viagem
0	84	98	110	80	87	81	103	103	99	97	88	84	91	104	87	
84	0	40	82	97	127	143	178	186	182	172	149	124	103	79	35	
98	40	0	44	74	109	134	175	191	196	194	177	158	141	119	75	
110	82	44	0	49	83	115	159	185	199	206	198	185	175	160	117	
80	97	74	49	0	35	66	110	137	155	169	168	164	164	161	124	
87	127	109	83	35	0	35	79	113	138	160	167	171	177	182	151	
81	143	134	115	66	35	0	44	78	106	133	148	158	172	185	160	
103	178	175	159	110	79	44	0	43	82	118	143	163	185	207	190	
103	186	191	185	137	113	78	43	0	41	81	113	140	168	197	189	
99	182	196	199	155	138	106	82	41	0	41	77	109	141	176	177	
97	172	194	206	169	160	133	118	81	41	0	40	75	111	150	160	
88	149	177	198	168	167	148	143	113	77	40	0	36	72	114	130	
84	124	158	185	164	171	158	163	140	109	75	36	0	36	78	100	
91	103	141	175	164	177	172	185	168	141	111	72	36	0	42	73	
104	79	119	160	161	182	185	207	197	176	150	114	78	42	0	44	
87	35	75	117	124	151	160	190	189	177	160	130	100	73	44	0	
Custo_Viagem
V0
0	940	1097	1232	896	974	907	1153	1153	1108	1086	985	940	1019	1164	974	
940	0	448	918	1086	1422	1601	1993	2083	2038	1926	1668	1388	1153	884	392	
1097	448	0	492	828	1220	1500	1960	2139	2195	2172	1982	1769	1579	1332	840	
1232	918	492	0	548	929	1288	1780	2072	2228	2307	2217	2072	1960	1792	1310	
896	1086	828	548	0	392	739	1232	1534	1736	1892	1881	1836	1836	1803	1388	
974	1422	1220	929	392	0	392	884	1265	1545	1792	1870	1915	1982	2038	1691	
907	1601	1500	1288	739	392	0	492	873	1187	1489	1657	1769	1926	2072	1792	
1153	1993	1960	1780	1232	884	492	0	481	918	1321	1601	1825	2072	2318	2128	
1153	2083	2139	2072	1534	1265	873	481	0	459	907	1265	1568	1881	2206	2116	
1108	2038	2195	2228	1736	1545	1187	918	459	0	459	862	1220	1579	1971	1982	
1086	1926	2172	2307	1892	1792	1489	1321	907	459	0	448	840	1243	1680	1792	
985	1668	1982	2217	1881	1870	1657	1601	1265	862	448	0	403	806	1276	1456	
940	1388	1769	2072	1836	1915	1769	1825	1568	1220	840	403	0	403	873	1120	
1019	1153	1579	1960	1836	1982	1926	2072	1881	1579	1243	806	403	0	470	817	
1164	884	1332	1792	1803	2038	2072	2318	2206	1971	1680	1276	873	470	0	492	
974	392	840	1310	1388	1691	1792	2128	2116	1982	1792	1456	1120	817	492	0	
V1
0	806	940	1056	768	835	777	988	988	950	931	844	806	873	998	835	
806	0	384	787	931	1219	1372	1708	1785	1747	1651	1430	1190	988	758	336	
940	384	0	422	710	1046	1286	1680	1833	1881	1862	1699	1516	1353	1142	720	
1056	787	422	0	470	796	1104	1526	1776	1910	1977	1900	1776	1680	1536	1123	
768	931	710	470	0	336	633	1056	1315	1488	1622	1612	1574	1574	1545	1190	
835	1219	1046	796	336	0	336	758	1084	1324	1536	1603	1641	1699	1747	1449	
777	1372	1286	1104	633	336	0	422	748	1017	1276	1420	1516	1651	1776	1536	
988	1708	1680	1526	1056	758	422	0	412	787	1132	1372	1564	1776	1987	1824	
988	1785	1833	1776	1315	1084	748	412	0	393	777	1084	1344	1612	1891	1814	
950	1747	1881	1910	1488	1324	1017	787	393	0	393	739	1046	1353	1689	1699	
931	1651	1862	1977	1622	1536	1276	1132	777	393	0	384	720	1065	1440	1536	
844	1430	1699	1900	1612	1603	1420	1372	1084	739	384	0	345	691	1094	1248	
806	1190	1516	1776	1574	1641	1516	1564	1344	1046	720	345	0	345	748	960	
873	988	1353	1680	1574	1699	1651	1776	1612	1353	1065	691	345	0	403	700	
998	758	1142	1536	1545	1747	1776	1987	1891	1689	1440	1094	748	403	0	422	
835	336	720	1123	1190	1449	1536	1824	1814	1699	1536	1248	960	700	422	0	
V2
0	1579	1842	2068	1504	1635	1522	1936	1936	1861	1823	1654	1579	1710	1955	1635	
1579	0	752	1541	1823	2387	2688	3346	3496	3421	3233	2801	2331	1936	1485	658	
1842	752	0	827	1391	2049	2519	3290	3590	3684	3647	3327	2970	2650	2237	1410	
2068	1541	827	0	921	1560	2162	2989	3478	3741	3872	3722	3478	3290	3008	2199	
1504	1823	1391	921	0	658	1240	2068	2575	2914	3177	3158	3083	3083	3026	2331	
1635	2387	2049	1560	658	0	658	1485	2124	2594	3008	3139	3214	3327	3421	2838	
1522	2688	2519	2162	1240	658	0	827	1466	1992	2500	2782	2970	3233	3478	3008	
1936	3346	3290	2989	2068	1485	827	0	808	1541	2218	2688	3064	3478	3891	3572	
1936	3496	3590	3478	2575	2124	1466	808	0	770	1522	2124	2632	3158	3703	3553	
1861	3421	3684	3741	2914	2594	1992	1541	770	0	770	1447	2049	2650	3308	3327	
1823	3233	3647	3872	3177	3008	2500	2218	1522	770	0	752	1410	2086	2820	3008	
1654	2801	3327	3722	3158	3139	2782	2688	2124	1447	752	0	676	1353	2143	2444	
1579	2331	2970	3478	3083	3214	2970	3064	2632	2049	1410	676	0	676	1466	1880	
1710	1936	2650	3290	3083	3327	3233	3478	3158	2650	2086	1353	676	0	789	1372	
1955	1485	2237	3008	3026	3421	3478	3891	3703	3308	2820	2143	1466	789	0	827	
1635	658	1410	2199	2331	2838	3008	3572	3553	3327	3008	2444	1880	1372	827	0	
V3
0	1041	1215	1364	992	1078	1004	1277	1277	1227	1202	1091	1041	1128	1289	1078	
1041	0	496	1016	1202	1574	1773	2207	2306	2256	2132	1847	1537	1277	979	434	
1215	496	0	545	917	1351	1661	2170	2368	2430	2405	2194	1959	1748	1475	930	
1364	1016	545	0	607	1029	1426	1971	2294	2467	2554	2455	2294	2170	1984	1450	
992	1202	917	607	0	434	818	1364	1698	1922	2095	2083	2033	2033	1996	1537	
1078	1574	1351	1029	434	0	434	979	1401	1711	1984	2070	2120	2194	2256	1872	
1004	1773	1661	1426	818	434	0	545	967	1314	1649	1835	1959	2132	2294	1984	
1277	2207	2170	1971	1364	979	545	0	533	1016	1463	1773	2021	2294	2566	2356	
1277	2306	2368	2294	1698	1401	967	533	0	508	1004	1401	1736	2083	2442	2343	
1227	2256	2430	2467	1922	1711	1314	1016	508	0	508	954	1351	1748	2182	2194	
1202	2132	2405	2554	2095	1984	1649	1463	1004	508	0	496	930	1376	1860	1984	
1091	1847	2194	2455	2083	2070	1835	1773	1401	954	496	0	446	892	1413	1612	
1041	1537	1959	2294	2033	2120	1959	2021	1736	1351	930	446	0	446	967	1240	
1128	1277	1748	2170	2033	2194	2132	2294	2083	1748	1376	892	446	0	520	905	
1289	979	1475	1984	1996	2256	2294	2566	2442	2182	1860	1413	967	520	0	545	
1078	434	930	1450	1537	1872	1984	2356	2343	2194	1984	1612	1240	905	545	0	
V4
0	1428	1666	1870	1360	1479	1377	1751	1751	1683	1649	1496	1428	1547	1768	1479	
1428	0	680	1394	1649	2159	2431	3026	3162	3094	2924	2533	2108	1751	1343	595	
1666	680	0	748	1258	1853	2278	2975	3247	3332	3298	3009	2686	2397	2023	1275	
1870	1394	748	0	833	1411	1955	2703	3145	3383	3502	3366	3145	2975	2720	1989	
1360	1649	1258	833	0	595	1122	1870	2329	2635	2873	2856	2788	2788	2737	2108	
1479	2159	1853	1411	595	0	595	1343	1921	2346	2720	2839	2907	3009	3094	2567	
1377	2431	2278	1955	1122	595	0	748	1326	1802	2261	2516	2686	2924	3145	2720	
1751	3026	2975	2703	1870	1343	748	0	731	1394	2006	2431	2771	3145	3519	3230	
1751	3162	3247	3145	2329	1921	1326	731	0	697	1377	1921	2380	2856	3349	3213	
1683	3094	3332	3383	2635	2346	1802	1394	697	0	697	1309	1853	2397	2992	3009	
1649	2924	3298	3502	2873	2720	2261	2006	1377	697	0	680	1275	1887	2550	2720	
1496	2533	3009	3366	2856	2839	2516	2431	1921	1309	680	0	612	1224	1938	2210	
1428	2108	2686	3145	2788	2907	2686	2771	2380	1853	1275	612	0	612	1326	1700	
1547	1751	2397	2975	2788	3009	2924	3145	2856	2397	1887	1224	612	0	714	1241	
1768	1343	2023	2720	2737	3094	3145	3519	3349	2992	2550	1938	1326	714	0	748	
1479	595	1275	1989	2108	2567	2720	3230	3213	3009	2720	2210	1700	1241	748	0	
V5
0	554	646	726	528	574	534	679	679	653	640	580	554	600	686	574	
554	0	264	541	640	838	943	1174	1227	1201	1135	983	818	679	521	231	
646	264	0	290	488	719	884	1155	1260	1293	1280	1168	1042	930	785	495	
726	541	290	0	323	547	759	1049	1221	1313	1359	1306	1221	1155	1056	772	
528	640	488	323	0	231	435	726	904	1023	1115	1108	1082	1082	1062	818	
574	838	719	547	231	0	231	521	745	910	1056	1102	1128	1168	1201	996	
534	943	884	759	435	231	0	290	514	699	877	976	1042	1135	1221	1056	
679	1174	1155	1049	726	521	290	0	283	541	778	943	1075	1221	1366	1254	
679	1227	1260	1221	904	745	514	283	0	270	534	745	924	1108	1300	1247	
653	1201	1293	1313	1023	910	699	541	270	0	270	508	719	930	1161	1168	
640	1135	1280	1359	1115	1056	877	778	534	270	0	264	495	732	990	1056	
580	983	1168	1306	1108	1102	976	943	745	508	264	0	237	475	752	858	
554	818	1042	1221	1082	1128	1042	1075	924	719	495	237	0	237	514	660	
600	679	930	1155	1082	1168	1135	1221	1108	930	732	475	237	0	277	481	
686	521	785	1056	1062	1201	1221	1366	1300	1161	990	752	514	277	0	290	
574	231	495	772	818	996	1056	1254	1247	1168	1056	858	660	481	290	0	
V6
0	974	1136	1276	928	1009	939	1194	1194	1148	1125	1020	974	1055	1206	1009	
974	0	464	951	1125	1473	1658	2064	2157	2111	1995	1728	1438	1194	916	406	
1136	464	0	510	858	1264	1554	2030	2215	2273	2250	2053	1832	1635	1380	870	
1276	951	510	0	568	962	1334	1844	2146	2308	2389	2296	2146	2030	1856	1357	
928	1125	858	568	0	406	765	1276	1589	1798	1960	1948	1902	1902	1867	1438	
1009	1473	1264	962	406	0	406	916	1310	1600	1856	1937	1983	2053	2111	1751	
939	1658	1554	1334	765	406	0	510	904	1229	1542	1716	1832	1995	2146	1856	
1194	2064	2030	1844	1276	916	510	0	498	951	1368	1658	1890	2146	2401	2204	
1194	2157	2215	2146	1589	1310	904	498	0	475	939	1310	1624	1948	2285	2192	
1148	2111	2273	2308	1798	1600	1229	951	475	0	475	893	1264	1635	2041	2053	
1125	1995	2250	2389	1960	1856	1542	1368	939	475	0	464	870	1287	1740	1856	
1020	1728	2053	2296	1948	1937	1716	1658	1310	893	464	0	417	835	1322	1508	
974	1438	1832	2146	1902	1983	1832	1890	1624	1264	870	417	0	417	904	1160	
1055	1194	1635	2030	1902	2053	1995	2146	1948	1635	1287	835	417	0	487	846	
1206	916	1380	1856	1867	2111	2146	2401	2285	2041	1740	1322	904	487	0	510	
1009	406	870	1357	1438	1751	1856	2204	2192	2053	1856	1508	1160	846	510	0	
Velocidade_Veiculos
1	1	1	1	1	1	1	