M: 4
N: 15
Nun_Veiculos: 6
Capacidade_Total: 446
Demanda_Total: 254
Setup_Min: 1
Setup_Max: 9
Raio: 100
Circulos: 1
Tempo_Processamento_Min: 1
Tempo_Processamento_Max: 49
Demanda_Min: 10
Demanda_Max: 30
Priority_Factor: 0.2
Range_Factor_R: 0.8
U_factor: 2
ALpha: 0.2Replicao: 1
Tempos_Processamentos
0	0	1	0	2	0	3	0	
0	23	1	28	2	6	3	28	
0	27	1	38	2	2	3	11	
0	37	1	47	2	15	3	44	
0	48	1	40	2	44	3	9	
0	20	1	22	2	10	3	14	
0	28	1	5	2	22	3	40	
0	11	1	45	2	48	3	21	
0	41	1	3	2	39	3	32	
0	42	1	40	2	49	3	24	
0	37	1	24	2	27	3	30	
0	49	1	44	2	35	3	1	
0	13	1	47	2	25	3	20	
0	13	1	37	2	37	3	49	
0	8	1	26	2	12	3	39	
0	12	1	37	2	10	3	24	

Tempos_setup
M0
0	0	0	0	0	0	0	0	0	0	0	0	0	0	0	0	
0	0	1	3	4	2	1	3	1	4	3	2	1	2	4	3	
0	2	0	3	3	3	3	4	3	6	4	2	2	3	4	5	
0	3	2	0	5	2	2	1	2	3	3	4	3	3	1	2	
0	4	4	4	0	3	3	2	5	4	4	4	3	1	5	3	
0	2	1	1	3	0	2	1	3	3	1	3	3	3	2	2	
0	4	5	4	7	4	0	4	4	3	5	3	5	4	5	2	
0	3	4	4	6	3	1	0	3	2	4	4	4	2	5	1	
0	3	1	2	3	1	3	2	0	4	2	3	3	4	3	3	
0	1	2	4	5	3	2	4	2	0	4	3	2	1	3	4	
0	1	1	4	2	3	2	1	2	3	0	3	2	3	1	2	
0	1	2	2	4	1	2	2	2	4	2	0	2	3	3	3	
0	3	4	4	5	3	3	2	4	4	4	2	0	1	4	3	
0	3	4	5	4	4	4	4	4	6	5	3	4	0	6	5	
0	4	2	3	4	2	3	2	1	4	3	4	2	3	0	3	
0	2	3	3	5	2	1	3	2	1	3	4	3	2	4	0	
M1
0	0	0	0	0	0	0	0	0	0	0	0	0	0	0	0	
0	0	3	5	6	4	3	2	1	4	4	2	2	1	5	4	
0	2	0	3	3	3	2	1	3	4	4	3	3	3	3	1	
0	2	3	0	4	3	3	4	3	2	4	3	4	1	5	3	
0	2	1	2	0	2	2	2	3	1	4	3	3	1	1	2	
0	1	3	2	5	0	2	3	2	1	3	2	1	2	4	4	
0	3	4	7	7	5	0	5	4	6	5	4	5	2	7	3	
0	4	3	4	4	4	2	0	5	3	3	5	5	4	3	4	
0	3	3	5	5	3	3	1	0	4	3	4	1	2	4	4	
0	2	4	1	4	4	1	4	3	0	4	4	4	2	3	4	
0	3	2	3	3	2	4	3	4	3	0	2	2	3	2	3	
0	1	3	3	6	5	3	3	2	2	4	0	3	1	5	4	
0	4	2	4	5	4	4	3	5	5	2	4	0	5	4	3	
0	1	2	5	5	5	2	3	2	4	3	2	3	0	5	3	
0	1	2	1	1	1	3	3	2	2	4	2	2	2	0	3	
0	1	4	4	5	2	4	3	2	3	3	3	2	2	4	0	
M2
0	0	0	0	0	0	0	0	0	0	0	0	0	0	0	0	
0	0	2	3	1	2	3	1	1	1	1	3	2	2	3	2	
0	1	0	3	2	2	3	2	1	2	2	1	2	2	3	3	
0	3	2	0	3	3	1	3	3	1	2	2	1	2	2	1	
0	3	2	4	0	2	2	4	1	4	3	3	2	2	3	3	
0	4	4	3	4	0	3	5	1	3	5	4	2	4	1	3	
0	5	4	3	2	3	0	2	2	4	2	1	3	1	2	3	
0	5	6	5	6	6	5	0	6	5	3	6	5	4	3	4	
0	5	4	4	4	1	2	4	0	4	4	3	1	3	2	2	
0	2	1	4	3	3	2	3	2	0	3	2	3	2	4	4	
0	5	4	2	4	3	2	3	4	3	0	3	2	1	4	1	
0	4	3	2	1	2	3	5	1	3	4	0	2	3	2	3	
0	4	3	4	3	4	2	4	3	5	4	2	0	3	4	4	
0	5	4	3	5	3	3	3	4	3	1	4	2	0	3	2	
0	3	3	5	4	5	4	4	4	2	4	3	2	4	0	5	
0	5	4	2	5	2	3	5	3	3	3	4	3	2	3	0	
M3
0	0	0	0	0	0	0	0	0	0	0	0	0	0	0	0	
0	0	1	3	3	1	1	5	4	4	4	5	3	2	4	3	
0	2	0	2	2	3	2	4	3	3	3	5	2	1	3	2	
0	2	3	0	1	3	3	3	4	1	2	5	1	2	3	2	
0	1	2	3	0	2	2	3	3	4	2	6	3	3	5	1	
0	4	2	4	4	0	2	4	5	5	3	5	2	3	3	4	
0	3	4	3	3	4	0	6	5	4	4	5	4	2	4	3	
0	2	2	1	2	2	3	0	4	2	2	5	2	1	3	2	
0	3	3	2	3	3	2	1	0	3	1	4	3	2	2	3	
0	2	3	2	2	3	3	3	4	0	3	5	3	1	3	2	
0	4	4	6	3	3	5	6	5	7	0	5	5	5	5	4	
0	3	1	2	3	3	3	2	1	3	2	0	3	2	3	3	
0	2	2	2	2	3	3	2	4	3	1	4	0	1	2	2	
0	1	2	1	1	2	2	4	3	2	2	4	2	0	2	1	
0	2	3	4	1	3	3	4	3	4	3	2	2	3	0	2	
0	4	2	4	4	4	4	3	2	5	1	6	4	3	4	0	
Tamanho_Tarefas
0	19	3	15	25	12	12	18	8	34	27	7	24	23	13	14	
Data_Entrega
0	195	184	192	185	185	193	196	187	171	175	192	188	189	189	182	
Penalidade_Atraso
0	3	3	17	17	19	18	2	8	11	14	9	9	6	19	6	
Capacidade_Veiculo
90	64	83	88	49	72	
Custo_Fixo_Veiculo
900	640	830	880	490	720	
Coordenadas_Clientes
x	0	y	0
x	103	y	0
x	105	y	47
x	53	y	59
x	34	y	106
x	-10	y	98
x	-57	y	99
x	-66	y	48
x	-117	y	24
x	-107	y	-22
x	-84	y	-61
x	-56	y	-98
x	-10	y	-98
x	31	y	-96
x	68	y	-75
x	107	y	-47
Tempo_Viagem
0	103	115	79	111	98	114	81	119	109	103	112	98	100	101	116	
103	0	47	77	126	149	188	175	221	211	196	186	149	120	82	47	
115	47	0	53	92	125	170	171	223	222	217	216	185	161	127	94	
79	77	53	0	50	74	117	119	173	179	182	191	169	156	134	118	
111	126	92	50	0	44	91	115	171	190	204	222	208	202	184	168	
98	149	125	74	44	0	47	75	130	154	175	201	196	198	189	186	
114	188	170	117	91	47	0	51	96	130	161	197	202	213	214	219	
81	175	171	119	115	75	51	0	56	81	110	146	156	173	181	197	
119	221	223	173	171	130	96	56	0	47	91	136	162	190	209	234	
109	211	222	179	190	154	130	81	47	0	45	91	123	156	182	215	
103	196	217	182	204	175	161	110	91	45	0	46	82	120	152	191	
112	186	216	191	222	201	197	146	136	91	46	0	46	87	126	170	
98	149	185	169	208	196	202	156	162	123	82	46	0	41	81	127	
100	120	161	156	202	198	213	173	190	156	120	87	41	0	42	90	
101	82	127	134	184	189	214	181	209	182	152	126	81	42	0	48	
116	47	94	118	168	186	219	197	234	215	191	170	127	90	48	0	
Custo_Viagem
V0
0	1854	2070	1422	1998	1764	2052	1458	2142	1962	1854	2016	1764	1800	1818	2088	
1854	0	846	1386	2268	2682	3384	3150	3978	3798	3528	3348	2682	2160	1476	846	
2070	846	0	954	1656	2250	3060	3078	4014	3996	3906	3888	3330	2898	2286	1692	
1422	1386	954	0	900	1332	2106	2142	3114	3222	3276	3438	3042	2808	2412	2124	
1998	2268	1656	900	0	792	1638	2070	3078	3420	3672	3996	3744	3636	3312	3042	
1764	2682	2250	1332	792	0	846	1350	2340	2772	3150	3618	3528	3564	3402	3348	
2052	3384	3060	2106	1638	846	0	918	1728	2340	2916	3546	3636	3834	3852	3942	
1458	3150	3078	2142	2070	1350	918	0	1008	1458	1980	2628	2808	3114	3258	3546	
2142	3978	4014	3114	3078	2340	1728	1008	0	846	1638	2448	2916	3420	3762	4212	
1962	3798	3996	3222	3420	2772	2340	1458	846	0	810	1638	2214	2808	3276	3870	
1854	3528	3906	3276	3672	3150	2916	1980	1638	810	0	828	1476	2160	2736	3438	
2016	3348	3888	3438	3996	3618	3546	2628	2448	1638	828	0	828	1566	2268	3060	
1764	2682	3330	3042	3744	3528	3636	2808	2916	2214	1476	828	0	738	1458	2286	
1800	2160	2898	2808	3636	3564	3834	3114	3420	2808	2160	1566	738	0	756	1620	
1818	1476	2286	2412	3312	3402	3852	3258	3762	3276	2736	2268	1458	756	0	864	
2088	846	1692	2124	3042	3348	3942	3546	4212	3870	3438	3060	2286	1620	864	0	
V1
0	1318	1472	1011	1420	1254	1459	1036	1523	1395	1318	1433	1254	1280	1292	1484	
1318	0	601	985	1612	1907	2406	2240	2828	2700	2508	2380	1907	1536	1049	601	
1472	601	0	678	1177	1600	2176	2188	2854	2841	2777	2764	2368	2060	1625	1203	
1011	985	678	0	640	947	1497	1523	2214	2291	2329	2444	2163	1996	1715	1510	
1420	1612	1177	640	0	563	1164	1472	2188	2432	2611	2841	2662	2585	2355	2163	
1254	1907	1600	947	563	0	601	960	1664	1971	2240	2572	2508	2534	2419	2380	
1459	2406	2176	1497	1164	601	0	652	1228	1664	2073	2521	2585	2726	2739	2803	
1036	2240	2188	1523	1472	960	652	0	716	1036	1408	1868	1996	2214	2316	2521	
1523	2828	2854	2214	2188	1664	1228	716	0	601	1164	1740	2073	2432	2675	2995	
1395	2700	2841	2291	2432	1971	1664	1036	601	0	576	1164	1574	1996	2329	2752	
1318	2508	2777	2329	2611	2240	2073	1408	1164	576	0	588	1049	1536	1945	2444	
1433	2380	2764	2444	2841	2572	2521	1868	1740	1164	588	0	588	1113	1612	2176	
1254	1907	2368	2163	2662	2508	2585	1996	2073	1574	1049	588	0	524	1036	1625	
1280	1536	2060	1996	2585	2534	2726	2214	2432	1996	1536	1113	524	0	537	1152	
1292	1049	1625	1715	2355	2419	2739	2316	2675	2329	1945	1612	1036	537	0	614	
1484	601	1203	1510	2163	2380	2803	2521	2995	2752	2444	2176	1625	1152	614	0	
V2
0	1709	1909	1311	1842	1626	1892	1344	1975	1809	1709	1859	1626	1660	1676	1925	
1709	0	780	1278	2091	2473	3120	2905	3668	3502	3253	3087	2473	1992	1361	780	
1909	780	0	879	1527	2075	2822	2838	3701	3685	3602	3585	3071	2672	2108	1560	
1311	1278	879	0	830	1228	1942	1975	2871	2971	3021	3170	2805	2589	2224	1958	
1842	2091	1527	830	0	730	1510	1909	2838	3154	3386	3685	3452	3353	3054	2805	
1626	2473	2075	1228	730	0	780	1245	2158	2556	2905	3336	3253	3286	3137	3087	
1892	3120	2822	1942	1510	780	0	846	1593	2158	2689	3270	3353	3535	3552	3635	
1344	2905	2838	1975	1909	1245	846	0	929	1344	1826	2423	2589	2871	3004	3270	
1975	3668	3701	2871	2838	2158	1593	929	0	780	1510	2257	2689	3154	3469	3884	
1809	3502	3685	2971	3154	2556	2158	1344	780	0	747	1510	2041	2589	3021	3569	
1709	3253	3602	3021	3386	2905	2689	1826	1510	747	0	763	1361	1992	2523	3170	
1859	3087	3585	3170	3685	3336	3270	2423	2257	1510	763	0	763	1444	2091	2822	
1626	2473	3071	2805	3452	3253	3353	2589	2689	2041	1361	763	0	680	1344	2108	
1660	1992	2672	2589	3353	3286	3535	2871	3154	2589	1992	1444	680	0	697	1494	
1676	1361	2108	2224	3054	3137	3552	3004	3469	3021	2523	2091	1344	697	0	796	
1925	780	1560	1958	2805	3087	3635	3270	3884	3569	3170	2822	2108	1494	796	0	
V3
0	1812	2024	1390	1953	1724	2006	1425	2094	1918	1812	1971	1724	1760	1777	2041	
1812	0	827	1355	2217	2622	3308	3080	3889	3713	3449	3273	2622	2112	1443	827	
2024	827	0	932	1619	2200	2992	3009	3924	3907	3819	3801	3256	2833	2235	1654	
1390	1355	932	0	880	1302	2059	2094	3044	3150	3203	3361	2974	2745	2358	2076	
1953	2217	1619	880	0	774	1601	2024	3009	3344	3590	3907	3660	3555	3238	2974	
1724	2622	2200	1302	774	0	827	1320	2288	2710	3080	3537	3449	3484	3326	3273	
2006	3308	2992	2059	1601	827	0	897	1689	2288	2851	3467	3555	3748	3766	3854	
1425	3080	3009	2094	2024	1320	897	0	985	1425	1936	2569	2745	3044	3185	3467	
2094	3889	3924	3044	3009	2288	1689	985	0	827	1601	2393	2851	3344	3678	4118	
1918	3713	3907	3150	3344	2710	2288	1425	827	0	792	1601	2164	2745	3203	3784	
1812	3449	3819	3203	3590	3080	2851	1936	1601	792	0	809	1443	2112	2675	3361	
1971	3273	3801	3361	3907	3537	3467	2569	2393	1601	809	0	809	1531	2217	2992	
1724	2622	3256	2974	3660	3449	3555	2745	2851	2164	1443	809	0	721	1425	2235	
1760	2112	2833	2745	3555	3484	3748	3044	3344	2745	2112	1531	721	0	739	1584	
1777	1443	2235	2358	3238	3326	3766	3185	3678	3203	2675	2217	1425	739	0	844	
2041	827	1654	2076	2974	3273	3854	3467	4118	3784	3361	2992	2235	1584	844	0	
V4
0	1009	1127	774	1087	960	1117	793	1166	1068	1009	1097	960	980	989	1136	
1009	0	460	754	1234	1460	1842	1715	2165	2067	1920	1822	1460	1176	803	460	
1127	460	0	519	901	1225	1666	1675	2185	2175	2126	2116	1813	1577	1244	921	
774	754	519	0	490	725	1146	1166	1695	1754	1783	1871	1656	1528	1313	1156	
1087	1234	901	490	0	431	891	1127	1675	1862	1999	2175	2038	1979	1803	1656	
960	1460	1225	725	431	0	460	735	1274	1509	1715	1969	1920	1940	1852	1822	
1117	1842	1666	1146	891	460	0	499	940	1274	1587	1930	1979	2087	2097	2146	
793	1715	1675	1166	1127	735	499	0	548	793	1078	1430	1528	1695	1773	1930	
1166	2165	2185	1695	1675	1274	940	548	0	460	891	1332	1587	1862	2048	2293	
1068	2067	2175	1754	1862	1509	1274	793	460	0	441	891	1205	1528	1783	2107	
1009	1920	2126	1783	1999	1715	1587	1078	891	441	0	450	803	1176	1489	1871	
1097	1822	2116	1871	2175	1969	1930	1430	1332	891	450	0	450	852	1234	1666	
960	1460	1813	1656	2038	1920	1979	1528	1587	1205	803	450	0	401	793	1244	
980	1176	1577	1528	1979	1940	2087	1695	1862	1528	1176	852	401	0	411	882	
989	803	1244	1313	1803	1852	2097	1773	2048	1783	1489	1234	793	411	0	470	
1136	460	921	1156	1656	1822	2146	1930	2293	2107	1871	1666	1244	882	470	0	
V5
0	1483	1656	1137	1598	1411	1641	1166	1713	1569	1483	1612	1411	1440	1454	1670	
1483	0	676	1108	1814	2145	2707	2520	3182	3038	2822	2678	2145	1728	1180	676	
1656	676	0	763	1324	1800	2448	2462	3211	3196	3124	3110	2664	2318	1828	1353	
1137	1108	763	0	720	1065	1684	1713	2491	2577	2620	2750	2433	2246	1929	1699	
1598	1814	1324	720	0	633	1310	1656	2462	2736	2937	3196	2995	2908	2649	2433	
1411	2145	1800	1065	633	0	676	1080	1872	2217	2520	2894	2822	2851	2721	2678	
1641	2707	2448	1684	1310	676	0	734	1382	1872	2332	2836	2908	3067	3081	3153	
1166	2520	2462	1713	1656	1080	734	0	806	1166	1584	2102	2246	2491	2606	2836	
1713	3182	3211	2491	2462	1872	1382	806	0	676	1310	1958	2332	2736	3009	3369	
1569	3038	3196	2577	2736	2217	1872	1166	676	0	648	1310	1771	2246	2620	3096	
1483	2822	3124	2620	2937	2520	2332	1584	1310	648	0	662	1180	1728	2188	2750	
1612	2678	3110	2750	3196	2894	2836	2102	1958	1310	662	0	662	1252	1814	2448	
1411	2145	2664	2433	2995	2822	2908	2246	2332	1771	1180	662	0	590	1166	1828	
1440	1728	2318	2246	2908	2851	3067	2491	2736	2246	1728	1252	590	0	604	1296	
1454	1180	1828	1929	2649	2721	3081	2606	3009	2620	2188	1814	1166	604	0	691	
1670	676	1353	1699	2433	2678	3153	2836	3369	3096	2750	2448	1828	1296	691	0	
Velocidade_Veiculos
1	1	1	1	1	1	