M: 4
N: 15
Nun_Veiculos: 8
Capacidade_Total: 547
Demanda_Total: 275
Setup_Min: 1
Setup_Max: 99
Raio: 20
Circulos: 1
Tempo_Processamento_Min: 1
Tempo_Processamento_Max: 49
Demanda_Min: 10
Demanda_Max: 30
Priority_Factor: 0.2
Range_Factor_R: 0.8
U_factor: 2
ALpha: 0.2Replicao: 0
Tempos_Processamentos
0	0	1	0	2	0	3	0	
0	29	1	21	2	26	3	39	
0	38	1	32	2	22	3	30	
0	22	1	10	2	37	3	26	
0	10	1	18	2	42	3	46	
0	34	1	32	2	35	3	45	
0	33	1	16	2	41	3	19	
0	16	1	38	2	5	3	39	
0	4	1	35	2	33	3	17	
0	46	1	32	2	18	3	49	
0	49	1	6	2	17	3	4	
0	14	1	38	2	17	3	15	
0	4	1	14	2	5	3	32	
0	28	1	27	2	35	3	43	
0	32	1	10	2	29	3	7	
0	39	1	7	2	49	3	35	

Tempos_setup
M0
0	0	0	0	0	0	0	0	0	0	0	0	0	0	0	0	
0	0	26	6	3	4	45	9	1	9	7	10	8	9	4	11	
0	34	0	14	19	20	67	20	17	9	25	15	10	25	14	25	
0	26	40	0	17	21	55	19	24	24	17	4	17	14	13	16	
0	18	23	5	0	13	58	11	19	27	9	9	19	6	15	8	
0	23	37	19	14	0	60	13	24	32	14	23	24	11	20	13	
0	17	21	18	13	18	0	24	18	26	22	22	25	19	21	21	
0	14	40	16	17	17	47	0	15	23	5	11	22	23	18	25	
0	20	25	7	2	3	50	13	0	29	11	11	7	8	3	10	
0	36	50	32	27	31	69	22	37	0	27	33	44	33	40	26	
0	9	35	11	12	13	49	2	10	18	0	13	17	18	13	20	
0	38	47	29	24	20	66	24	22	47	29	0	24	30	24	29	
0	27	32	14	9	10	57	14	7	36	18	5	0	15	10	17	
0	12	26	8	3	7	52	5	13	21	3	12	13	0	9	2	
0	31	36	18	13	14	61	18	11	36	22	9	4	19	0	21	
0	10	24	6	1	5	50	3	11	19	1	10	18	7	14	0	
M1
0	0	0	0	0	0	0	0	0	0	0	0	0	0	0	0	
0	0	25	9	29	42	47	19	14	38	45	25	11	26	27	33	
0	22	0	21	13	31	47	12	14	22	38	18	4	19	11	21	
0	39	39	0	38	33	52	34	19	47	66	47	42	48	36	38	
0	9	9	18	0	18	40	1	12	9	28	20	13	19	20	8	
0	17	11	26	21	0	22	22	22	30	37	28	15	18	19	16	
0	18	31	27	22	40	0	23	23	31	38	42	29	19	20	30	
0	42	37	51	33	26	48	0	34	42	61	53	41	44	31	41	
0	20	20	29	29	29	33	30	0	38	48	28	24	29	30	19	
0	18	18	27	24	10	32	3	3	0	19	20	22	21	22	17	
0	8	10	17	19	19	41	11	20	17	0	21	14	20	21	9	
0	13	5	22	4	22	38	5	5	13	20	0	9	1	2	12	
0	27	19	36	18	34	44	8	19	27	34	14	0	15	16	26	
0	12	12	21	3	21	37	4	4	12	19	23	16	0	1	11	
0	11	11	20	2	20	36	3	3	11	30	22	15	21	0	10	
0	1	1	10	10	10	32	11	15	19	30	12	5	11	12	0	
M2
0	0	0	0	0	0	0	0	0	0	0	0	0	0	0	0	
0	0	16	15	11	18	15	18	16	6	10	29	11	26	19	2	
0	12	0	2	23	29	23	30	21	14	22	41	23	12	28	14	
0	10	26	0	21	28	25	28	19	16	20	39	21	11	26	12	
0	16	9	8	0	16	27	11	11	19	3	43	4	19	18	18	
0	29	22	21	13	0	29	24	24	20	16	49	17	32	31	22	
0	22	10	12	22	29	0	23	20	23	15	51	13	22	27	24	
0	37	26	27	36	26	16	0	32	39	31	32	25	38	39	36	
0	29	20	19	15	9	17	16	0	8	18	48	15	27	7	31	
0	31	19	21	31	26	9	32	17	0	24	57	22	31	24	30	
0	13	6	5	14	17	24	8	8	16	0	40	1	16	15	15	
0	29	19	21	30	24	9	24	15	23	16	0	17	7	22	31	
0	14	5	4	18	16	24	23	7	15	20	43	0	15	14	16	
0	26	17	16	30	17	36	35	19	27	31	55	12	0	26	28	
0	31	24	23	15	2	18	26	26	9	18	46	19	34	0	24	
0	43	33	33	29	19	23	30	14	14	32	27	29	34	17	0	
M3
0	0	0	0	0	0	0	0	0	0	0	0	0	0	0	0	
0	0	20	16	20	15	21	20	6	13	11	8	12	15	11	16	
0	27	0	28	23	16	19	34	33	36	24	13	25	29	7	24	
0	18	27	0	22	20	28	19	13	20	14	15	14	22	29	18	
0	15	12	20	0	8	22	13	10	17	1	12	2	8	19	9	
0	32	27	14	20	0	40	26	27	20	19	5	20	21	34	16	
0	23	30	9	18	16	0	18	18	25	9	20	10	13	34	14	
0	18	15	23	3	11	25	0	13	20	4	6	5	11	22	12	
0	5	14	10	17	9	15	18	0	7	5	2	6	13	16	13	
0	23	7	18	22	4	26	22	18	0	9	9	10	17	14	18	
0	14	23	19	13	7	21	13	9	16	0	11	1	8	25	9	
0	28	27	21	15	7	37	21	23	27	16	0	17	16	32	11	
0	20	29	20	19	6	20	19	15	22	6	11	0	14	31	15	
0	18	17	23	5	10	24	5	13	19	6	11	4	0	24	1	
0	31	28	23	16	9	25	28	26	29	17	14	18	23	0	18	
0	17	16	22	4	12	26	10	12	18	5	14	6	5	23	0	
Tamanho_Tarefas
0	26	22	11	11	35	17	13	19	22	6	18	8	32	14	21	
Data_Entrega
0	57	68	77	72	77	87	76	54	72	50	52	64	84	49	63	
Penalidade_Atraso
0	12	8	5	2	15	2	2	2	14	15	2	12	3	9	18	
Capacidade_Veiculo
46	54	71	103	91	43	69	70	
Custo_Fixo_Veiculo
460	540	710	1030	910	430	690	700	
Coordenadas_Clientes
x	0	y	0
x	15	y	0
x	16	y	7
x	14	y	15
x	6	y	21
x	-1	y	16
x	-7	y	13
x	-17	y	12
x	-16	y	3
x	-18	y	-3
x	-20	y	-14
x	-9	y	-17
x	-2	y	-19
x	6	y	-21
x	10	y	-11
x	20	y	-9
Tempo_Viagem
0	15	17	20	21	16	14	20	16	18	24	19	19	21	14	21	
15	0	7	15	22	22	25	34	31	33	37	29	25	22	12	10	
17	7	0	8	17	19	23	33	32	35	41	34	31	28	18	16	
20	15	8	0	10	15	21	31	32	36	44	39	37	36	26	24	
21	22	17	10	0	8	14	24	27	33	43	40	40	42	32	32	
16	22	19	15	8	0	6	16	19	25	35	33	35	37	29	32	
14	25	23	21	14	6	0	10	13	19	29	30	32	35	28	34	
20	34	33	31	24	16	10	0	9	15	26	30	34	40	34	41	
16	31	32	32	27	19	13	9	0	6	17	21	26	32	29	37	
18	33	35	36	33	25	19	15	6	0	11	16	22	30	29	38	
24	37	41	44	43	35	29	26	17	11	0	11	18	26	30	40	
19	29	34	39	40	33	30	30	21	16	11	0	7	15	19	29	
19	25	31	37	40	35	32	34	26	22	18	7	0	8	14	24	
21	22	28	36	42	37	35	40	32	30	26	15	8	0	10	18	
14	12	18	26	32	29	28	34	29	29	30	19	14	10	0	10	
21	10	16	24	32	32	34	41	37	38	40	29	24	18	10	0	
Custo_Viagem
V0
0	138	156	184	193	147	128	184	147	165	220	174	174	193	128	193	
138	0	64	138	202	202	230	312	285	303	340	266	230	202	110	92	
156	64	0	73	156	174	211	303	294	322	377	312	285	266	165	147	
184	138	73	0	92	138	193	285	294	331	404	358	340	331	239	220	
193	202	156	92	0	73	138	220	257	303	395	368	368	386	294	303	
147	202	174	138	73	0	55	147	174	230	322	303	322	340	266	294	
128	230	211	193	138	55	0	92	119	174	266	276	294	331	266	312	
184	312	303	285	220	147	92	0	82	138	239	276	312	368	322	386	
147	285	294	294	257	174	119	82	0	55	156	193	239	294	266	340	
165	303	322	331	303	230	174	138	55	0	101	147	202	276	266	349	
220	340	377	404	395	322	266	239	156	101	0	101	165	239	276	368	
174	266	312	358	368	303	276	276	193	147	101	0	64	138	174	276	
174	230	285	340	368	322	294	312	239	202	165	64	0	73	128	220	
193	202	266	331	386	340	331	368	294	276	239	138	73	0	92	165	
128	110	165	239	294	266	266	322	266	266	276	174	128	92	0	92	
193	92	147	220	303	294	312	386	340	349	368	276	220	165	92	0	
V1
0	162	183	216	226	172	151	216	172	194	259	205	205	226	151	226	
162	0	75	162	237	237	270	367	334	356	399	313	270	237	129	108	
183	75	0	86	183	205	248	356	345	378	442	367	334	313	194	172	
216	162	86	0	108	162	226	334	345	388	475	421	399	388	280	259	
226	237	183	108	0	86	162	259	302	356	464	432	432	453	345	356	
172	237	205	162	86	0	64	172	205	270	378	356	378	399	313	345	
151	270	248	226	162	64	0	108	140	205	313	324	345	388	313	367	
216	367	356	334	259	172	108	0	97	162	280	324	367	432	378	453	
172	334	345	345	302	205	140	97	0	64	183	226	280	345	313	399	
194	356	378	388	356	270	205	162	64	0	118	172	237	324	313	410	
259	399	442	475	464	378	313	280	183	118	0	118	194	280	324	432	
205	313	367	421	432	356	324	324	226	172	118	0	75	162	205	324	
205	270	334	399	432	378	345	367	280	237	194	75	0	86	151	259	
226	237	313	388	453	399	388	432	345	324	280	162	86	0	108	194	
151	129	194	280	345	313	313	378	313	313	324	205	151	108	0	108	
226	108	172	259	356	345	367	453	399	410	432	324	259	194	108	0	
V2
0	213	241	284	298	227	198	284	227	255	340	269	269	298	198	298	
213	0	99	213	312	312	355	482	440	468	525	411	355	312	170	142	
241	99	0	113	241	269	326	468	454	497	582	482	440	411	255	227	
284	213	113	0	142	213	298	440	454	511	624	553	525	511	369	340	
298	312	241	142	0	113	213	340	397	468	610	568	568	596	454	468	
227	312	269	213	113	0	85	227	269	355	497	468	497	525	411	454	
198	355	326	298	213	85	0	142	184	269	411	426	454	511	411	482	
284	482	468	440	340	227	142	0	127	213	369	426	482	568	497	596	
227	440	454	454	397	269	184	127	0	85	241	298	369	454	411	525	
255	468	497	511	468	355	269	213	85	0	156	227	312	426	411	539	
340	525	582	624	610	497	411	369	241	156	0	156	255	369	426	568	
269	411	482	553	568	468	426	426	298	227	156	0	99	213	269	426	
269	355	440	525	568	497	454	482	369	312	255	99	0	113	198	340	
298	312	411	511	596	525	511	568	454	426	369	213	113	0	142	255	
198	170	255	369	454	411	411	497	411	411	426	269	198	142	0	142	
298	142	227	340	468	454	482	596	525	539	568	426	340	255	142	0	
V3
0	309	350	412	432	329	288	412	329	370	494	391	391	432	288	432	
309	0	144	309	453	453	515	700	638	679	762	597	515	453	247	206	
350	144	0	164	350	391	473	679	659	721	844	700	638	597	370	329	
412	309	164	0	206	309	432	638	659	741	906	803	762	741	535	494	
432	453	350	206	0	164	309	494	576	679	885	824	824	865	659	679	
329	453	391	309	164	0	123	329	391	515	721	679	721	762	597	659	
288	515	473	432	309	123	0	206	267	391	597	618	659	741	597	700	
412	700	679	638	494	329	206	0	185	309	535	618	700	824	721	865	
329	638	659	659	576	391	267	185	0	123	350	432	535	659	597	762	
370	679	721	741	679	515	391	309	123	0	226	329	453	618	597	782	
494	762	844	906	885	721	597	535	350	226	0	226	370	535	618	824	
391	597	700	803	824	679	618	618	432	329	226	0	144	309	391	618	
391	515	638	762	824	721	659	700	535	453	370	144	0	164	288	494	
432	453	597	741	865	762	741	824	659	618	535	309	164	0	206	370	
288	247	370	535	659	597	597	721	597	597	618	391	288	206	0	206	
432	206	329	494	679	659	700	865	762	782	824	618	494	370	206	0	
V4
0	273	309	364	382	291	254	364	291	327	436	345	345	382	254	382	
273	0	127	273	400	400	455	618	564	600	673	527	455	400	218	182	
309	127	0	145	309	345	418	600	582	637	746	618	564	527	327	291	
364	273	145	0	182	273	382	564	582	655	800	709	673	655	473	436	
382	400	309	182	0	145	273	436	509	600	782	728	728	764	582	600	
291	400	345	273	145	0	109	291	345	455	637	600	637	673	527	582	
254	455	418	382	273	109	0	182	236	345	527	546	582	655	527	618	
364	618	600	564	436	291	182	0	163	273	473	546	618	728	637	764	
291	564	582	582	509	345	236	163	0	109	309	382	473	582	527	673	
327	600	637	655	600	455	345	273	109	0	200	291	400	546	527	691	
436	673	746	800	782	637	527	473	309	200	0	200	327	473	546	728	
345	527	618	709	728	600	546	546	382	291	200	0	127	273	345	546	
345	455	564	673	728	637	582	618	473	400	327	127	0	145	254	436	
382	400	527	655	764	673	655	728	582	546	473	273	145	0	182	327	
254	218	327	473	582	527	527	637	527	527	546	345	254	182	0	182	
382	182	291	436	600	582	618	764	673	691	728	546	436	327	182	0	
V5
0	129	146	172	180	137	120	172	137	154	206	163	163	180	120	180	
129	0	60	129	189	189	215	292	266	283	318	249	215	189	103	86	
146	60	0	68	146	163	197	283	275	301	352	292	266	249	154	137	
172	129	68	0	86	129	180	266	275	309	378	335	318	309	223	206	
180	189	146	86	0	68	129	206	240	283	369	344	344	361	275	283	
137	189	163	129	68	0	51	137	163	215	301	283	301	318	249	275	
120	215	197	180	129	51	0	86	111	163	249	258	275	309	249	292	
172	292	283	266	206	137	86	0	77	129	223	258	292	344	301	361	
137	266	275	275	240	163	111	77	0	51	146	180	223	275	249	318	
154	283	301	309	283	215	163	129	51	0	94	137	189	258	249	326	
206	318	352	378	369	301	249	223	146	94	0	94	154	223	258	344	
163	249	292	335	344	283	258	258	180	137	94	0	60	129	163	258	
163	215	266	318	344	301	275	292	223	189	154	60	0	68	120	206	
180	189	249	309	361	318	309	344	275	258	223	129	68	0	86	154	
120	103	154	223	275	249	249	301	249	249	258	163	120	86	0	86	
180	86	137	206	283	275	292	361	318	326	344	258	206	154	86	0	
V6
0	207	234	276	289	220	193	276	220	248	331	262	262	289	193	289	
207	0	96	207	303	303	345	469	427	455	510	400	345	303	165	138	
234	96	0	110	234	262	317	455	441	483	565	469	427	400	248	220	
276	207	110	0	138	207	289	427	441	496	607	538	510	496	358	331	
289	303	234	138	0	110	207	331	386	455	593	552	552	579	441	455	
220	303	262	207	110	0	82	220	262	345	483	455	483	510	400	441	
193	345	317	289	207	82	0	138	179	262	400	414	441	496	400	469	
276	469	455	427	331	220	138	0	124	207	358	414	469	552	483	579	
220	427	441	441	386	262	179	124	0	82	234	289	358	441	400	510	
248	455	483	496	455	345	262	207	82	0	151	220	303	414	400	524	
331	510	565	607	593	483	400	358	234	151	0	151	248	358	414	552	
262	400	469	538	552	455	414	414	289	220	151	0	96	207	262	414	
262	345	427	510	552	483	441	469	358	303	248	96	0	110	193	331	
289	303	400	496	579	510	496	552	441	414	358	207	110	0	138	248	
193	165	248	358	441	400	400	483	400	400	414	262	193	138	0	138	
289	138	220	331	455	441	469	579	510	524	552	414	331	248	138	0	
V7
0	210	238	280	294	224	196	280	224	252	336	266	266	294	196	294	
210	0	98	210	308	308	350	476	434	462	518	406	350	308	168	140	
238	98	0	112	238	266	322	462	448	490	574	476	434	406	252	224	
280	210	112	0	140	210	294	434	448	504	616	546	518	504	364	336	
294	308	238	140	0	112	210	336	392	462	602	560	560	588	448	462	
224	308	266	210	112	0	84	224	266	350	490	462	490	518	406	448	
196	350	322	294	210	84	0	140	182	266	406	420	448	504	406	476	
280	476	462	434	336	224	140	0	126	210	364	420	476	560	490	588	
224	434	448	448	392	266	182	126	0	84	238	294	364	448	406	518	
252	462	490	504	462	350	266	210	84	0	154	224	308	420	406	532	
336	518	574	616	602	490	406	364	238	154	0	154	252	364	420	560	
266	406	476	546	560	462	420	420	294	224	154	0	98	210	266	420	
266	350	434	518	560	490	448	476	364	308	252	98	0	112	196	336	
294	308	406	504	588	518	504	560	448	420	364	210	112	0	140	252	
196	168	252	364	448	406	406	490	406	406	420	266	196	140	0	140	
294	140	224	336	462	448	476	588	518	532	560	420	336	252	140	0	
Velocidade_Veiculos
1	1	1	1	1	1	1	1	