M: 4
N: 15
Nun_Veiculos: 7
Capacidade_Total: 386
Demanda_Total: 274
Setup_Min: 1
Setup_Max: 9
Raio: 20
Circulos: 1
Tempo_Processamento_Min: 1
Tempo_Processamento_Max: 49
Demanda_Min: 10
Demanda_Max: 30
Priority_Factor: 0.2
Range_Factor_R: 0.8
U_factor: 2
ALpha: 0.2Replicao: 0
Tempos_Processamentos
0	0	1	0	2	0	3	0	
0	3	1	34	2	37	3	34	
0	9	1	42	2	17	3	31	
0	20	1	1	2	31	3	6	
0	38	1	4	2	44	3	6	
0	19	1	1	2	49	3	33	
0	38	1	42	2	11	3	36	
0	41	1	17	2	12	3	4	
0	8	1	18	2	3	3	32	
0	48	1	28	2	23	3	4	
0	9	1	6	2	13	3	28	
0	39	1	40	2	24	3	24	
0	28	1	37	2	33	3	24	
0	38	1	9	2	16	3	29	
0	8	1	8	2	46	3	6	
0	12	1	30	2	40	3	26	

Tempos_setup
M0
0	0	0	0	0	0	0	0	0	0	0	0	0	0	0	0	
0	0	4	4	4	4	4	3	3	5	6	2	4	2	3	3	
0	3	0	2	3	2	2	1	2	2	4	3	1	2	1	2	
0	4	5	0	4	3	4	2	4	4	6	5	4	6	5	5	
0	3	2	4	0	2	3	3	3	4	2	4	3	3	3	4	
0	1	2	3	3	0	3	3	1	2	4	2	1	3	2	3	
0	4	3	1	4	4	0	3	3	3	2	3	3	2	1	4	
0	2	3	4	2	1	4	0	2	2	4	3	2	4	3	4	
0	4	1	2	3	3	2	2	0	2	4	1	2	2	1	2	
0	3	3	3	1	3	3	3	4	0	2	3	2	4	4	2	
0	2	4	2	3	2	1	1	3	2	0	3	1	3	2	4	
0	3	3	4	3	2	3	1	2	3	5	0	2	1	3	1	
0	2	4	4	2	4	4	4	5	1	3	4	0	4	3	3	
0	3	2	3	2	3	3	2	1	3	4	1	3	0	2	2	
0	4	2	1	3	4	1	3	2	2	3	2	3	1	0	3	
0	2	3	3	2	1	2	4	2	2	4	3	1	4	3	0	
M1
0	0	0	0	0	0	0	0	0	0	0	0	0	0	0	0	
0	0	1	4	4	5	2	5	6	4	4	6	3	3	3	4	
0	1	0	4	5	4	3	4	5	3	4	5	3	3	2	3	
0	3	2	0	5	3	3	3	2	4	3	4	3	1	3	2	
0	4	3	3	0	3	2	3	3	2	1	4	2	2	4	4	
0	2	3	2	4	0	3	3	4	2	5	2	2	3	1	2	
0	3	4	5	2	4	0	3	5	4	3	4	3	4	4	5	
0	3	4	4	3	3	2	0	2	4	3	1	3	3	4	5	
0	3	2	2	4	1	3	3	0	2	1	2	1	1	2	3	
0	5	5	5	4	5	2	5	4	0	3	6	4	4	6	5	
0	3	2	2	5	3	3	4	2	1	0	4	1	1	3	3	
0	5	4	3	2	4	3	2	3	4	3	0	4	4	5	5	
0	4	5	3	4	3	2	3	4	3	5	4	0	4	2	2	
0	2	1	1	4	4	4	4	3	4	4	5	4	0	3	3	
0	2	3	2	3	2	2	2	3	1	4	3	1	2	0	1	
0	3	3	1	4	1	3	1	3	2	4	2	2	2	1	0	
M2
0	0	0	0	0	0	0	0	0	0	0	0	0	0	0	0	
0	0	2	3	5	2	2	2	4	4	3	4	2	1	4	4	
0	3	0	4	5	4	5	1	3	2	2	6	3	3	2	5	
0	4	5	0	6	4	5	5	6	5	5	6	4	3	3	6	
0	4	3	3	0	2	1	3	2	4	3	3	2	1	4	5	
0	3	1	5	4	0	1	2	4	3	3	2	4	4	3	4	
0	3	5	4	4	4	0	2	3	4	2	2	3	3	4	4	
0	3	4	3	4	3	4	0	2	3	1	5	2	2	2	5	
0	3	4	1	5	5	5	5	0	2	5	5	3	4	2	5	
0	6	4	4	3	3	3	3	5	0	4	5	3	2	5	3	
0	4	3	2	5	2	3	4	1	2	0	4	1	1	3	5	
0	1	3	3	2	3	3	3	4	4	4	0	3	2	5	2	
0	4	5	1	5	4	5	6	3	4	2	3	0	3	4	5	
0	4	2	2	5	1	2	3	3	4	3	3	1	0	4	4	
0	1	3	4	3	3	3	3	5	5	4	4	3	2	0	3	
0	3	4	4	5	4	5	1	3	2	2	6	3	3	3	0	
M3
0	0	0	0	0	0	0	0	0	0	0	0	0	0	0	0	
0	0	2	4	4	3	2	2	3	3	4	3	3	4	4	3	
0	1	0	4	2	3	3	3	2	4	3	3	1	3	3	1	
0	1	3	0	5	1	3	3	3	2	3	4	2	2	2	2	
0	2	1	3	0	3	2	4	2	2	1	2	2	4	1	2	
0	2	3	2	4	0	2	4	2	1	2	3	1	1	4	3	
0	3	4	2	3	3	0	3	4	3	4	1	3	4	2	3	
0	3	2	3	4	1	3	0	1	1	2	4	2	2	5	3	
0	2	1	3	3	1	3	4	0	2	3	4	2	2	4	2	
0	4	3	6	5	6	4	6	5	0	5	5	4	6	6	4	
0	2	2	4	3	2	4	4	1	1	0	5	3	3	4	3	
0	2	3	1	2	2	2	2	3	2	3	0	3	3	1	2	
0	3	2	3	4	2	4	3	1	3	4	2	0	3	3	3	
0	1	3	4	3	2	3	3	2	2	1	4	3	0	4	4	
0	2	3	3	4	3	1	3	2	2	2	2	4	3	0	1	
0	3	2	4	4	2	4	2	1	3	3	3	3	2	3	0	
Tamanho_Tarefas
0	16	13	12	21	25	25	18	8	24	13	31	27	12	12	17	
Data_Entrega
0	41	62	46	40	62	58	49	43	53	52	46	60	59	56	61	
Penalidade_Atraso
0	16	18	16	19	2	7	8	3	2	12	6	7	4	3	4	
Capacidade_Veiculo
57	33	60	36	54	56	90	
Custo_Fixo_Veiculo
570	330	600	360	540	560	900	
Coordenadas_Clientes
x	0	y	0
x	19	y	0
x	19	y	8
x	14	y	15
x	4	y	14
x	-2	y	24
x	-9	y	16
x	-13	y	9
x	-22	y	4
x	-21	y	-4
x	-14	y	-10
x	-9	y	-16
x	-2	y	-22
x	5	y	-16
x	16	y	-18
x	22	y	-9
Tempo_Viagem
0	19	20	20	14	24	18	15	22	21	17	18	22	16	24	23	
19	0	8	15	20	31	32	33	41	40	34	32	30	21	18	9	
20	8	0	8	16	26	29	32	41	41	37	36	36	27	26	17	
20	15	8	0	10	18	23	27	37	39	37	38	40	32	33	24	
14	20	16	10	0	11	13	17	27	30	30	32	36	30	34	29	
24	31	26	18	11	0	10	18	27	33	36	40	46	40	45	40	
18	32	29	23	13	10	0	8	17	23	26	32	38	34	42	39	
15	33	32	27	17	18	8	0	10	15	19	25	32	30	39	38	
22	41	41	37	27	27	17	10	0	8	16	23	32	33	43	45	
21	40	41	39	30	33	23	15	8	0	9	16	25	28	39	43	
17	34	37	37	30	36	26	19	16	9	0	7	16	19	30	36	
18	32	36	38	32	40	32	25	23	16	7	0	9	14	25	31	
22	30	36	40	36	46	38	32	32	25	16	9	0	9	18	27	
16	21	27	32	30	40	34	30	33	28	19	14	9	0	11	18	
24	18	26	33	34	45	42	39	43	39	30	25	18	11	0	10	
23	9	17	24	29	40	39	38	45	43	36	31	27	18	10	0	
Custo_Viagem
V0
0	216	228	228	159	273	205	171	250	239	193	205	250	182	273	262	
216	0	91	171	228	353	364	376	467	456	387	364	342	239	205	102	
228	91	0	91	182	296	330	364	467	467	421	410	410	307	296	193	
228	171	91	0	114	205	262	307	421	444	421	433	456	364	376	285	
159	228	182	114	0	125	148	193	307	342	342	364	410	342	387	330	
273	353	296	205	125	0	114	205	319	376	410	456	524	456	513	456	
205	364	330	262	148	114	0	91	193	262	296	364	433	387	478	444	
171	376	364	307	193	205	91	0	114	171	216	285	364	342	444	444	
250	467	467	421	307	319	193	114	0	91	182	262	364	376	490	513	
239	456	467	444	342	376	262	171	91	0	102	182	296	319	444	490	
193	387	421	421	342	410	296	216	182	102	0	79	182	216	353	410	
205	364	410	433	364	456	364	285	262	182	79	0	102	159	285	353	
250	342	410	456	410	524	433	364	364	296	182	102	0	102	205	307	
182	239	307	364	342	456	387	342	376	319	216	159	102	0	125	205	
273	205	296	376	387	513	478	444	490	444	353	285	205	125	0	114	
262	102	193	285	330	456	444	444	513	490	410	353	307	205	114	0	
V1
0	125	132	132	92	158	118	99	145	138	112	118	145	105	158	151	
125	0	52	99	132	204	211	217	270	264	224	211	198	138	118	59	
132	52	0	52	105	171	191	211	270	270	244	237	237	178	171	112	
132	99	52	0	66	118	151	178	244	257	244	250	264	211	217	165	
92	132	105	66	0	72	85	112	178	198	198	211	237	198	224	191	
158	204	171	118	72	0	66	118	184	217	237	264	303	264	297	264	
118	211	191	151	85	66	0	52	112	151	171	211	250	224	277	257	
99	217	211	178	112	118	52	0	66	99	125	165	211	198	257	257	
145	270	270	244	178	184	112	66	0	52	105	151	211	217	283	297	
138	264	270	257	198	217	151	99	52	0	59	105	171	184	257	283	
112	224	244	244	198	237	171	125	105	59	0	46	105	125	204	237	
118	211	237	250	211	264	211	165	151	105	46	0	59	92	165	204	
145	198	237	264	237	303	250	211	211	171	105	59	0	59	118	178	
105	138	178	211	198	264	224	198	217	184	125	92	59	0	72	118	
158	118	171	217	224	297	277	257	283	257	204	165	118	72	0	66	
151	59	112	165	191	264	257	257	297	283	237	204	178	118	66	0	
V2
0	228	240	240	168	288	216	180	264	252	204	216	264	192	288	276	
228	0	96	180	240	372	384	396	492	480	408	384	360	252	216	108	
240	96	0	96	192	312	348	384	492	492	444	432	432	324	312	204	
240	180	96	0	120	216	276	324	444	468	444	456	480	384	396	300	
168	240	192	120	0	132	156	204	324	360	360	384	432	360	408	348	
288	372	312	216	132	0	120	216	336	396	432	480	552	480	540	480	
216	384	348	276	156	120	0	96	204	276	312	384	456	408	504	468	
180	396	384	324	204	216	96	0	120	180	228	300	384	360	468	468	
264	492	492	444	324	336	204	120	0	96	192	276	384	396	516	540	
252	480	492	468	360	396	276	180	96	0	108	192	312	336	468	516	
204	408	444	444	360	432	312	228	192	108	0	84	192	228	372	432	
216	384	432	456	384	480	384	300	276	192	84	0	108	168	300	372	
264	360	432	480	432	552	456	384	384	312	192	108	0	108	216	324	
192	252	324	384	360	480	408	360	396	336	228	168	108	0	132	216	
288	216	312	396	408	540	504	468	516	468	372	300	216	132	0	120	
276	108	204	300	348	480	468	468	540	516	432	372	324	216	120	0	
V3
0	136	144	144	100	172	129	108	158	151	122	129	158	115	172	165	
136	0	57	108	144	223	230	237	295	288	244	230	216	151	129	64	
144	57	0	57	115	187	208	230	295	295	266	259	259	194	187	122	
144	108	57	0	72	129	165	194	266	280	266	273	288	230	237	180	
100	144	115	72	0	79	93	122	194	216	216	230	259	216	244	208	
172	223	187	129	79	0	72	129	201	237	259	288	331	288	324	288	
129	230	208	165	93	72	0	57	122	165	187	230	273	244	302	280	
108	237	230	194	122	129	57	0	72	108	136	180	230	216	280	280	
158	295	295	266	194	201	122	72	0	57	115	165	230	237	309	324	
151	288	295	280	216	237	165	108	57	0	64	115	187	201	280	309	
122	244	266	266	216	259	187	136	115	64	0	50	115	136	223	259	
129	230	259	273	230	288	230	180	165	115	50	0	64	100	180	223	
158	216	259	288	259	331	273	230	230	187	115	64	0	64	129	194	
115	151	194	230	216	288	244	216	237	201	136	100	64	0	79	129	
172	129	187	237	244	324	302	280	309	280	223	180	129	79	0	72	
165	64	122	180	208	288	280	280	324	309	259	223	194	129	72	0	
V4
0	205	216	216	151	259	194	162	237	226	183	194	237	172	259	248	
205	0	86	162	216	334	345	356	442	432	367	345	324	226	194	97	
216	86	0	86	172	280	313	345	442	442	399	388	388	291	280	183	
216	162	86	0	108	194	248	291	399	421	399	410	432	345	356	270	
151	216	172	108	0	118	140	183	291	324	324	345	388	324	367	313	
259	334	280	194	118	0	108	194	302	356	388	432	496	432	486	432	
194	345	313	248	140	108	0	86	183	248	280	345	410	367	453	421	
162	356	345	291	183	194	86	0	108	162	205	270	345	324	421	421	
237	442	442	399	291	302	183	108	0	86	172	248	345	356	464	486	
226	432	442	421	324	356	248	162	86	0	97	172	280	302	421	464	
183	367	399	399	324	388	280	205	172	97	0	75	172	205	334	388	
194	345	388	410	345	432	345	270	248	172	75	0	97	151	270	334	
237	324	388	432	388	496	410	345	345	280	172	97	0	97	194	291	
172	226	291	345	324	432	367	324	356	302	205	151	97	0	118	194	
259	194	280	356	367	486	453	421	464	421	334	270	194	118	0	108	
248	97	183	270	313	432	421	421	486	464	388	334	291	194	108	0	
V5
0	212	224	224	156	268	201	168	246	235	190	201	246	179	268	257	
212	0	89	168	224	347	358	369	459	448	380	358	336	235	201	100	
224	89	0	89	179	291	324	358	459	459	414	403	403	302	291	190	
224	168	89	0	112	201	257	302	414	436	414	425	448	358	369	280	
156	224	179	112	0	123	145	190	302	336	336	358	403	336	380	324	
268	347	291	201	123	0	112	201	313	369	403	448	515	448	504	448	
201	358	324	257	145	112	0	89	190	257	291	358	425	380	470	436	
168	369	358	302	190	201	89	0	112	168	212	280	358	336	436	436	
246	459	459	414	302	313	190	112	0	89	179	257	358	369	481	504	
235	448	459	436	336	369	257	168	89	0	100	179	291	313	436	481	
190	380	414	414	336	403	291	212	179	100	0	78	179	212	347	403	
201	358	403	425	358	448	358	280	257	179	78	0	100	156	280	347	
246	336	403	448	403	515	425	358	358	291	179	100	0	100	201	302	
179	235	302	358	336	448	380	336	369	313	212	156	100	0	123	201	
268	201	291	369	380	504	470	436	481	436	347	280	201	123	0	112	
257	100	190	280	324	448	436	436	504	481	403	347	302	201	112	0	
V6
0	342	360	360	252	432	324	270	396	378	306	324	396	288	432	414	
342	0	144	270	360	558	576	594	738	720	612	576	540	378	324	162	
360	144	0	144	288	468	522	576	738	738	666	648	648	486	468	306	
360	270	144	0	180	324	414	486	666	702	666	684	720	576	594	450	
252	360	288	180	0	198	234	306	486	540	540	576	648	540	612	522	
432	558	468	324	198	0	180	324	504	594	648	720	828	720	810	720	
324	576	522	414	234	180	0	144	306	414	468	576	684	612	756	702	
270	594	576	486	306	324	144	0	180	270	342	450	576	540	702	702	
396	738	738	666	486	504	306	180	0	144	288	414	576	594	774	810	
378	720	738	702	540	594	414	270	144	0	162	288	468	504	702	774	
306	612	666	666	540	648	468	342	288	162	0	126	288	342	558	648	
324	576	648	684	576	720	576	450	414	288	126	0	162	252	450	558	
396	540	648	720	648	828	684	576	576	468	288	162	0	162	324	486	
288	378	486	576	540	720	612	540	594	504	342	252	162	0	198	324	
432	324	468	594	612	810	756	702	774	702	558	450	324	198	0	180	
414	162	306	450	522	720	702	702	810	774	648	558	486	324	180	0	
Velocidade_Veiculos
1	1	1	1	1	1	1	