M: 4
N: 15
Nun_Veiculos: 6
Capacidade_Total: 378
Demanda_Total: 264
Setup_Min: 1
Setup_Max: 99
Raio: 100
Circulos: 1
Tempo_Processamento_Min: 1
Tempo_Processamento_Max: 49
Demanda_Min: 10
Demanda_Max: 30
Priority_Factor: 0.2
Range_Factor_R: 0.8
U_factor: 2
ALpha: 0.2Replicao: 0
Tempos_Processamentos
0	0	1	0	2	0	3	0	
0	26	1	12	2	30	3	22	
0	7	1	13	2	25	3	30	
0	19	1	49	2	31	3	3	
0	25	1	40	2	45	3	34	
0	45	1	33	2	34	3	21	
0	46	1	37	2	14	3	26	
0	26	1	48	2	2	3	11	
0	24	1	7	2	30	3	11	
0	6	1	1	2	25	3	35	
0	33	1	20	2	18	3	21	
0	41	1	42	2	44	3	11	
0	17	1	26	2	7	3	10	
0	8	1	41	2	14	3	46	
0	18	1	16	2	27	3	1	
0	31	1	47	2	46	3	25	

Tempos_setup
M0
0	0	0	0	0	0	0	0	0	0	0	0	0	0	0	0	
0	0	16	29	18	17	15	38	33	21	39	23	6	40	28	31	
0	1	0	30	19	18	16	39	34	22	31	24	7	26	29	31	
0	12	11	0	24	12	10	11	27	17	26	35	18	16	25	42	
0	38	37	27	0	8	36	20	44	3	38	39	22	37	10	50	
0	30	29	19	43	0	28	30	46	36	39	52	36	29	44	60	
0	2	1	21	20	2	0	32	35	23	26	25	8	27	30	32	
0	40	48	39	33	28	49	0	35	36	18	25	8	42	33	36	
0	5	15	4	23	16	14	15	0	21	6	28	11	20	25	36	
0	35	34	24	7	5	33	27	46	0	44	36	19	34	17	47	
0	33	32	48	42	33	31	9	44	45	0	34	17	47	19	34	
0	31	30	28	8	9	29	28	45	11	20	0	30	17	18	29	
0	32	40	31	25	20	41	42	27	28	33	17	0	34	35	28	
0	29	42	44	17	25	41	19	54	20	10	23	27	0	27	44	
0	36	35	31	25	33	34	10	34	28	28	33	16	28	0	44	
0	13	12	20	31	12	16	31	16	34	22	36	19	36	30	0	
M1
0	0	0	0	0	0	0	0	0	0	0	0	0	0	0	0	
0	0	27	34	39	18	16	27	37	13	35	23	10	21	42	4	
0	32	0	19	18	24	20	6	41	14	11	2	25	12	46	26	
0	42	48	0	54	41	37	42	58	34	48	38	31	36	49	25	
0	23	26	26	0	6	15	23	27	5	17	28	22	12	37	16	
0	33	24	23	37	0	22	30	28	19	27	26	16	27	48	10	
0	30	11	30	29	22	0	17	21	18	22	13	15	23	42	9	
0	29	20	32	18	24	14	0	35	11	8	20	26	6	43	20	
0	9	31	31	45	8	20	35	0	22	35	32	19	30	21	13	
0	18	22	21	37	36	25	19	40	0	27	24	28	8	32	22	
0	21	25	24	10	16	22	8	37	3	0	27	30	11	35	25	
0	33	24	31	16	22	18	4	39	15	12	0	23	10	47	24	
0	21	17	24	33	28	6	22	27	3	28	19	0	11	32	15	
0	40	14	33	29	30	17	11	32	22	19	16	20	0	52	14	
0	9	34	33	47	10	25	36	13	18	37	32	19	26	0	13	
0	27	23	30	39	16	12	25	33	9	33	25	6	17	38	0	
M2
0	0	0	0	0	0	0	0	0	0	0	0	0	0	0	0	
0	0	16	49	38	54	35	35	40	36	59	26	29	59	49	32	
0	20	0	33	48	51	32	40	48	42	43	34	13	49	55	37	
0	25	22	0	15	35	16	27	31	27	10	17	22	16	37	13	
0	40	23	28	0	20	17	41	33	29	25	19	24	31	22	14	
0	31	11	8	23	0	5	29	21	17	18	7	12	24	30	2	
0	30	24	23	38	19	0	24	16	12	33	2	7	35	25	21	
0	22	14	44	37	40	34	0	50	2	36	36	15	25	15	31	
0	14	22	30	45	48	30	8	0	10	19	32	23	25	23	39	
0	20	12	42	35	43	43	25	50	0	44	45	24	23	13	45	
0	15	31	11	26	46	27	17	33	19	0	28	32	6	32	24	
0	28	22	44	45	43	24	22	14	10	33	0	5	33	23	45	
0	42	43	42	57	38	19	43	35	31	43	21	0	49	44	40	
0	33	25	47	37	49	45	11	27	13	36	47	26	0	26	42	
0	24	4	37	52	48	30	44	46	42	31	32	11	37	0	41	
0	29	9	26	37	22	3	27	19	15	36	5	10	33	28	0	
M3
0	0	0	0	0	0	0	0	0	0	0	0	0	0	0	0	
0	0	46	35	27	48	42	25	32	43	25	46	51	33	31	45	
0	13	0	8	16	18	12	11	4	5	8	23	26	16	19	24	
0	5	50	0	32	47	9	30	31	47	30	31	51	38	36	44	
0	20	32	17	0	37	15	20	24	16	16	24	24	11	4	35	
0	31	36	37	24	0	26	25	18	34	22	22	8	28	28	42	
0	5	51	12	32	38	0	25	24	40	28	22	46	36	36	35	
0	20	43	15	11	34	24	0	7	23	11	32	35	19	15	31	
0	24	48	19	18	27	22	7	0	16	4	25	35	12	15	24	
0	8	43	3	11	39	7	28	21	0	25	29	35	22	15	19	
0	23	44	24	18	23	18	15	8	23	0	21	31	8	11	20	
0	35	38	40	23	16	30	41	34	39	34	0	24	34	27	54	
0	35	28	33	16	46	30	30	32	32	25	32	0	20	20	45	
0	15	49	22	23	26	10	20	13	24	5	13	32	0	12	25	
0	18	48	13	23	49	19	16	22	12	26	41	20	34	0	31	
0	15	32	21	20	29	24	9	2	18	6	27	37	14	17	0	
Tamanho_Tarefas
0	16	7	19	27	31	15	21	14	9	18	17	14	9	15	32	
Data_Entrega
0	204	175	183	204	210	207	202	206	207	208	195	177	183	180	199	
Penalidade_Atraso
0	9	19	1	10	6	15	11	8	4	20	17	11	9	4	2	
Capacidade_Veiculo
71	50	47	40	93	77	
Custo_Fixo_Veiculo
710	500	470	400	930	770	
Coordenadas_Clientes
x	0	y	0
x	88	y	0
x	86	y	38
x	78	y	87
x	37	y	115
x	-10	y	100
x	-38	y	65
x	-77	y	56
x	-102	y	21
x	-122	y	-25
x	-96	y	-69
x	-41	y	-72
x	-11	y	-107
x	34	y	-106
x	60	y	-66
x	96	y	-43
Tempo_Viagem
0	88	94	116	120	100	75	95	104	124	118	82	107	111	89	105	
88	0	38	87	125	140	141	174	191	211	196	147	145	118	71	43	
94	38	0	49	91	114	126	163	188	217	211	168	174	153	107	81	
116	87	49	0	49	88	118	158	191	229	233	198	213	197	154	130	
120	125	91	49	0	49	90	128	167	211	227	202	227	221	182	168	
100	140	114	88	49	0	44	80	121	167	189	174	207	210	180	178	
75	141	126	118	90	44	0	40	77	123	146	137	174	185	163	172	
95	174	163	158	128	80	40	0	43	92	126	132	175	196	183	199	
104	191	188	191	167	121	77	43	0	50	90	111	157	186	183	208	
124	211	217	229	211	167	123	92	50	0	51	93	138	175	186	218	
118	196	211	233	227	189	146	126	90	51	0	55	93	135	156	193	
82	147	168	198	202	174	137	132	111	93	55	0	46	82	101	140	
107	145	174	213	227	207	174	175	157	138	93	46	0	45	81	123	
111	118	153	197	221	210	185	196	186	175	135	82	45	0	47	88	
89	71	107	154	182	180	163	183	183	186	156	101	81	47	0	42	
105	43	81	130	168	178	172	199	208	218	193	140	123	88	42	0	
Custo_Viagem
V0
0	1249	1334	1647	1704	1420	1065	1349	1476	1760	1675	1164	1519	1576	1263	1491	
1249	0	539	1235	1775	1988	2002	2470	2712	2996	2783	2087	2059	1675	1008	610	
1334	539	0	695	1292	1618	1789	2314	2669	3081	2996	2385	2470	2172	1519	1150	
1647	1235	695	0	695	1249	1675	2243	2712	3251	3308	2811	3024	2797	2186	1860	
1704	1775	1292	695	0	695	1278	1817	2371	2996	3223	2868	3223	3138	2584	2385	
1420	1988	1618	1249	695	0	624	1136	1718	2371	2683	2470	2939	2982	2556	2527	
1065	2002	1789	1675	1278	624	0	568	1093	1746	2073	1945	2470	2627	2314	2442	
1349	2470	2314	2243	1817	1136	568	0	610	1306	1789	1874	2485	2783	2598	2825	
1476	2712	2669	2712	2371	1718	1093	610	0	710	1278	1576	2229	2641	2598	2953	
1760	2996	3081	3251	2996	2371	1746	1306	710	0	724	1320	1959	2485	2641	3095	
1675	2783	2996	3308	3223	2683	2073	1789	1278	724	0	781	1320	1917	2215	2740	
1164	2087	2385	2811	2868	2470	1945	1874	1576	1320	781	0	653	1164	1434	1988	
1519	2059	2470	3024	3223	2939	2470	2485	2229	1959	1320	653	0	639	1150	1760	
1576	1675	2172	2797	3138	2982	2627	2783	2641	2485	1917	1164	639	0	667	1249	
1263	1008	1519	2186	2584	2556	2314	2598	2598	2641	2215	1434	1150	667	0	596	
1491	610	1150	1860	2385	2527	2442	2825	2953	3095	2740	1988	1760	1249	596	0	
V1
0	880	940	1160	1200	1000	750	950	1040	1240	1180	820	1070	1110	890	1050	
880	0	380	870	1250	1400	1410	1740	1910	2110	1960	1470	1450	1180	710	430	
940	380	0	490	910	1140	1260	1630	1880	2170	2110	1680	1740	1530	1070	810	
1160	870	490	0	490	880	1180	1580	1910	2290	2330	1980	2130	1970	1540	1310	
1200	1250	910	490	0	490	900	1280	1670	2110	2270	2020	2270	2210	1820	1680	
1000	1400	1140	880	490	0	440	800	1210	1670	1890	1740	2070	2100	1800	1780	
750	1410	1260	1180	900	440	0	400	770	1230	1460	1370	1740	1850	1630	1720	
950	1740	1630	1580	1280	800	400	0	430	920	1260	1320	1750	1960	1830	1990	
1040	1910	1880	1910	1670	1210	770	430	0	500	900	1110	1570	1860	1830	2080	
1240	2110	2170	2290	2110	1670	1230	920	500	0	510	930	1380	1750	1860	2180	
1180	1960	2110	2330	2270	1890	1460	1260	900	510	0	550	930	1350	1560	1930	
820	1470	1680	1980	2020	1740	1370	1320	1110	930	550	0	460	820	1010	1400	
1070	1450	1740	2130	2270	2070	1740	1750	1570	1380	930	460	0	450	810	1240	
1110	1180	1530	1970	2210	2100	1850	1960	1860	1750	1350	820	450	0	470	880	
890	710	1070	1540	1820	1800	1630	1830	1830	1860	1560	1010	810	470	0	420	
1050	430	810	1310	1680	1780	1720	1990	2080	2180	1930	1400	1240	880	420	0	
V2
0	827	883	1090	1128	940	705	893	977	1165	1109	770	1005	1043	836	987	
827	0	357	817	1175	1316	1325	1635	1795	1983	1842	1381	1363	1109	667	404	
883	357	0	460	855	1071	1184	1532	1767	2039	1983	1579	1635	1438	1005	761	
1090	817	460	0	460	827	1109	1485	1795	2152	2190	1861	2002	1851	1447	1231	
1128	1175	855	460	0	460	846	1203	1569	1983	2133	1898	2133	2077	1710	1579	
940	1316	1071	827	460	0	413	752	1137	1569	1776	1635	1945	1974	1692	1673	
705	1325	1184	1109	846	413	0	376	723	1156	1372	1287	1635	1739	1532	1616	
893	1635	1532	1485	1203	752	376	0	404	864	1184	1240	1645	1842	1720	1870	
977	1795	1767	1795	1569	1137	723	404	0	470	846	1043	1475	1748	1720	1955	
1165	1983	2039	2152	1983	1569	1156	864	470	0	479	874	1297	1645	1748	2049	
1109	1842	1983	2190	2133	1776	1372	1184	846	479	0	517	874	1269	1466	1814	
770	1381	1579	1861	1898	1635	1287	1240	1043	874	517	0	432	770	949	1316	
1005	1363	1635	2002	2133	1945	1635	1645	1475	1297	874	432	0	423	761	1165	
1043	1109	1438	1851	2077	1974	1739	1842	1748	1645	1269	770	423	0	441	827	
836	667	1005	1447	1710	1692	1532	1720	1720	1748	1466	949	761	441	0	394	
987	404	761	1231	1579	1673	1616	1870	1955	2049	1814	1316	1165	827	394	0	
V3
0	704	752	928	960	800	600	760	832	992	944	656	856	888	712	840	
704	0	304	696	1000	1120	1128	1392	1528	1688	1568	1176	1160	944	568	344	
752	304	0	392	728	912	1008	1304	1504	1736	1688	1344	1392	1224	856	648	
928	696	392	0	392	704	944	1264	1528	1832	1864	1584	1704	1576	1232	1048	
960	1000	728	392	0	392	720	1024	1336	1688	1816	1616	1816	1768	1456	1344	
800	1120	912	704	392	0	352	640	968	1336	1512	1392	1656	1680	1440	1424	
600	1128	1008	944	720	352	0	320	616	984	1168	1096	1392	1480	1304	1376	
760	1392	1304	1264	1024	640	320	0	344	736	1008	1056	1400	1568	1464	1592	
832	1528	1504	1528	1336	968	616	344	0	400	720	888	1256	1488	1464	1664	
992	1688	1736	1832	1688	1336	984	736	400	0	408	744	1104	1400	1488	1744	
944	1568	1688	1864	1816	1512	1168	1008	720	408	0	440	744	1080	1248	1544	
656	1176	1344	1584	1616	1392	1096	1056	888	744	440	0	368	656	808	1120	
856	1160	1392	1704	1816	1656	1392	1400	1256	1104	744	368	0	360	648	992	
888	944	1224	1576	1768	1680	1480	1568	1488	1400	1080	656	360	0	376	704	
712	568	856	1232	1456	1440	1304	1464	1464	1488	1248	808	648	376	0	336	
840	344	648	1048	1344	1424	1376	1592	1664	1744	1544	1120	992	704	336	0	
V4
0	1636	1748	2157	2232	1860	1395	1767	1934	2306	2194	1525	1990	2064	1655	1953	
1636	0	706	1618	2325	2604	2622	3236	3552	3924	3645	2734	2697	2194	1320	799	
1748	706	0	911	1692	2120	2343	3031	3496	4036	3924	3124	3236	2845	1990	1506	
2157	1618	911	0	911	1636	2194	2938	3552	4259	4333	3682	3961	3664	2864	2436	
2232	2325	1692	911	0	911	1674	2380	3106	3924	4222	3757	4222	4110	3385	3124	
1860	2604	2120	1636	911	0	818	1488	2250	3106	3515	3236	3850	3906	3348	3310	
1395	2622	2343	2194	1674	818	0	744	1432	2287	2715	2548	3236	3441	3031	3199	
1767	3236	3031	2938	2380	1488	744	0	799	1711	2343	2455	3255	3645	3403	3701	
1934	3552	3496	3552	3106	2250	1432	799	0	930	1674	2064	2920	3459	3403	3868	
2306	3924	4036	4259	3924	3106	2287	1711	930	0	948	1729	2566	3255	3459	4054	
2194	3645	3924	4333	4222	3515	2715	2343	1674	948	0	1023	1729	2511	2901	3589	
1525	2734	3124	3682	3757	3236	2548	2455	2064	1729	1023	0	855	1525	1878	2604	
1990	2697	3236	3961	4222	3850	3236	3255	2920	2566	1729	855	0	837	1506	2306	
2064	2194	2845	3664	4110	3906	3441	3645	3459	3255	2511	1525	837	0	874	1636	
1655	1320	1990	2864	3385	3348	3031	3403	3403	3459	2901	1878	1506	874	0	781	
1953	799	1506	2436	3124	3310	3199	3701	3868	4054	3589	2604	2306	1636	781	0	
V5
0	1355	1447	1786	1848	1540	1155	1463	1601	1909	1817	1262	1647	1709	1370	1617	
1355	0	585	1339	1925	2156	2171	2679	2941	3249	3018	2263	2233	1817	1093	662	
1447	585	0	754	1401	1755	1940	2510	2895	3341	3249	2587	2679	2356	1647	1247	
1786	1339	754	0	754	1355	1817	2433	2941	3526	3588	3049	3280	3033	2371	2017	
1848	1925	1401	754	0	754	1386	1971	2571	3249	3495	3110	3495	3403	2802	2587	
1540	2156	1755	1355	754	0	677	1232	1863	2571	2910	2679	3187	3234	2772	2741	
1155	2171	1940	1817	1386	677	0	616	1185	1894	2248	2109	2679	2849	2510	2648	
1463	2679	2510	2433	1971	1232	616	0	662	1416	1940	2032	2695	3018	2818	3064	
1601	2941	2895	2941	2571	1863	1185	662	0	770	1386	1709	2417	2864	2818	3203	
1909	3249	3341	3526	3249	2571	1894	1416	770	0	785	1432	2125	2695	2864	3357	
1817	3018	3249	3588	3495	2910	2248	1940	1386	785	0	847	1432	2079	2402	2972	
1262	2263	2587	3049	3110	2679	2109	2032	1709	1432	847	0	708	1262	1555	2156	
1647	2233	2679	3280	3495	3187	2679	2695	2417	2125	1432	708	0	693	1247	1909	
1709	1817	2356	3033	3403	3234	2849	3018	2864	2695	2079	1262	693	0	723	1355	
1370	1093	1647	2371	2802	2772	2510	2818	2818	2864	2402	1555	1247	723	0	646	
1617	662	1247	2017	2587	2741	2648	3064	3203	3357	2972	2156	1909	1355	646	0	
Velocidade_Veiculos
1	1	1	1	1	1	