M: 4
N: 15
Nun_Veiculos: 7
Capacidade_Total: 481
Demanda_Total: 251
Setup_Min: 1
Setup_Max: 99
Raio: 20
Circulos: 1
Tempo_Processamento_Min: 1
Tempo_Processamento_Max: 49
Demanda_Min: 10
Demanda_Max: 30
Priority_Factor: 0.2
Range_Factor_R: 0.8
U_factor: 2
ALpha: 0.2Replicao: 3
Tempos_Processamentos
0	0	1	0	2	0	3	0	
0	39	1	28	2	46	3	49	
0	1	1	26	2	31	3	40	
0	2	1	3	2	30	3	4	
0	26	1	24	2	1	3	32	
0	27	1	19	2	26	3	3	
0	4	1	4	2	12	3	49	
0	34	1	20	2	47	3	17	
0	24	1	29	2	8	3	23	
0	24	1	23	2	37	3	2	
0	29	1	38	2	46	3	11	
0	11	1	34	2	41	3	47	
0	49	1	34	2	6	3	35	
0	45	1	36	2	34	3	40	
0	35	1	46	2	26	3	13	
0	28	1	18	2	39	3	22	

Tempos_setup
M0
0	0	0	0	0	0	0	0	0	0	0	0	0	0	0	0	
0	0	7	21	15	17	17	28	21	14	42	28	26	13	33	5	
0	28	0	32	26	30	10	39	14	7	37	21	19	30	26	22	
0	35	42	0	32	34	45	26	48	43	33	51	30	30	41	40	
0	3	10	6	0	8	20	13	24	17	39	19	14	4	22	8	
0	17	12	20	14	0	22	27	26	9	40	33	20	12	36	18	
0	34	33	37	49	36	0	33	47	40	27	34	9	47	39	39	
0	20	27	23	17	25	37	0	41	26	28	36	31	21	39	25	
0	25	31	20	22	30	41	35	0	38	32	41	36	26	27	30	
0	23	30	25	38	40	40	51	33	0	58	51	49	36	56	26	
0	7	14	10	22	16	24	35	28	21	0	30	33	20	12	12	
0	7	14	12	22	9	24	35	28	18	35	0	29	20	5	12	
0	32	39	37	43	29	49	56	53	38	60	25	0	41	30	37	
0	5	12	8	2	4	22	15	26	13	41	21	16	0	24	10	
0	21	16	24	18	4	26	31	30	13	44	18	24	16	0	22	
0	14	21	35	29	31	31	42	35	28	37	42	40	27	36	0	
M1
0	0	0	0	0	0	0	0	0	0	0	0	0	0	0	0	
0	0	23	22	40	33	33	8	29	20	23	9	46	17	21	30	
0	41	0	41	18	16	34	40	34	40	35	50	47	29	43	31	
0	26	22	0	20	21	17	9	13	4	20	30	34	16	11	18	
0	41	21	24	0	37	16	22	31	22	35	50	33	32	29	36	
0	33	23	34	29	0	18	37	18	32	27	42	35	21	27	23	
0	25	5	16	23	21	0	19	23	14	19	34	17	26	21	26	
0	20	41	19	39	40	36	0	32	23	39	29	53	35	30	37	
0	15	27	31	28	8	26	23	0	29	9	24	21	3	9	5	
0	24	18	2	20	17	13	5	9	0	18	32	30	12	7	14	
0	6	29	22	30	10	28	14	28	20	0	15	23	23	27	7	
0	20	40	36	44	24	42	28	40	34	14	0	37	8	41	21	
0	8	28	24	7	12	23	16	30	22	2	17	0	25	29	9	
0	12	35	28	36	16	34	20	34	26	6	21	29	0	33	13	
0	26	27	42	33	13	31	34	11	40	20	35	26	14	0	10	
0	24	22	37	23	3	21	32	21	35	18	33	16	22	30	0	
M2
0	0	0	0	0	0	0	0	0	0	0	0	0	0	0	0	
0	0	10	4	9	10	13	5	22	17	4	8	9	1	15	5	
0	33	0	17	27	31	15	20	35	7	19	8	22	22	24	9	
0	30	15	0	10	16	11	3	18	13	18	5	5	18	11	1	
0	37	29	23	0	39	27	24	26	36	23	20	28	34	34	24	
0	27	19	13	21	0	3	14	31	26	13	3	18	10	19	14	
0	24	16	10	18	16	0	11	28	23	10	14	15	7	21	11	
0	29	21	30	7	39	34	0	33	28	15	27	35	30	31	30	
0	31	16	1	6	17	12	4	0	14	19	6	6	19	12	2	
0	26	5	22	20	34	18	13	31	0	12	13	27	25	28	13	
0	14	6	18	8	24	21	1	34	13	0	14	23	15	16	15	
0	31	23	17	25	23	7	18	31	30	17	0	22	14	16	18	
0	29	21	24	23	11	14	16	38	28	15	14	0	21	6	25	
0	17	9	3	11	9	12	4	21	16	3	7	8	0	14	4	
0	24	16	24	18	30	24	11	42	23	10	24	29	21	0	25	
0	34	17	20	28	26	10	21	36	12	20	24	25	17	31	0	
M3
0	0	0	0	0	0	0	0	0	0	0	0	0	0	0	0	
0	0	22	17	23	42	8	36	28	17	24	41	13	16	25	27	
0	31	0	27	41	52	18	47	35	25	34	23	23	26	45	34	
0	6	28	0	29	35	14	34	27	23	30	39	19	21	31	33	
0	40	24	39	0	44	42	38	26	37	47	47	47	50	32	44	
0	9	31	3	32	0	17	25	30	26	33	42	22	24	34	36	
0	13	14	19	36	36	0	32	20	9	16	33	5	8	33	19	
0	7	27	1	30	6	13	0	28	22	29	22	18	21	31	32	
0	19	39	13	34	18	25	12	0	34	41	34	30	33	43	44	
0	16	11	10	39	27	14	35	23	0	30	30	19	22	41	22	
0	11	30	5	34	30	19	39	32	22	0	40	24	15	36	38	
0	9	13	4	32	29	16	37	25	2	23	0	21	24	34	24	
0	8	9	14	31	31	16	38	27	4	20	28	0	3	28	26	
0	5	24	22	28	40	13	41	33	13	27	25	18	0	25	32	
0	8	30	14	31	23	16	25	13	23	15	47	21	24	0	12	
0	8	30	2	31	19	16	13	1	25	32	35	21	23	28	0	
Tamanho_Tarefas
0	29	12	4	3	14	12	17	8	14	26	32	6	36	19	19	
Data_Entrega
0	74	58	74	59	57	75	53	47	77	59	67	74	55	69	60	
Penalidade_Atraso
0	1	14	4	9	3	6	7	17	20	4	10	1	19	6	6	
Capacidade_Veiculo
59	51	40	60	105	89	77	
Custo_Fixo_Veiculo
590	510	400	600	1050	890	770	
Coordenadas_Clientes
x	0	y	0
x	22	y	0
x	17	y	7
x	13	y	14
x	6	y	20
x	-2	y	21
x	-11	y	20
x	-18	y	13
x	-15	y	3
x	-17	y	-3
x	-12	y	-9
x	-8	y	-15
x	-2	y	-22
x	6	y	-18
x	12	y	-14
x	21	y	-9
Tempo_Viagem
0	22	18	19	20	21	22	22	15	17	15	17	22	18	18	22	
22	0	8	16	25	31	38	42	37	39	35	33	32	24	17	9	
18	8	0	8	17	23	30	35	32	35	33	33	34	27	21	16	
19	16	8	0	9	16	24	31	30	34	33	35	39	32	28	24	
20	25	17	9	0	8	17	25	27	32	34	37	42	38	34	32	
21	31	23	16	8	0	9	17	22	28	31	36	43	39	37	37	
22	38	30	24	17	9	0	9	17	23	29	35	42	40	40	43	
22	42	35	31	25	17	9	0	10	16	22	29	38	39	40	44	
15	37	32	30	27	22	17	10	0	6	12	19	28	29	31	37	
17	39	35	34	32	28	23	16	6	0	7	14	23	27	31	38	
15	35	33	33	34	31	29	22	12	7	0	7	16	20	24	33	
17	33	33	35	37	36	35	29	19	14	7	0	9	14	20	29	
22	32	34	39	42	43	42	38	28	23	16	9	0	8	15	25	
18	24	27	32	38	39	40	39	29	27	20	14	8	0	7	17	
18	17	21	28	34	37	40	40	31	31	24	20	15	7	0	10	
22	9	16	24	32	37	43	44	37	38	33	29	25	17	10	0	
Custo_Viagem
V0
0	259	212	224	236	247	259	259	177	200	177	200	259	212	212	259	
259	0	94	188	295	365	448	495	436	460	413	389	377	283	200	106	
212	94	0	94	200	271	354	413	377	413	389	389	401	318	247	188	
224	188	94	0	106	188	283	365	354	401	389	413	460	377	330	283	
236	295	200	106	0	94	200	295	318	377	401	436	495	448	401	377	
247	365	271	188	94	0	106	200	259	330	365	424	507	460	436	436	
259	448	354	283	200	106	0	106	200	271	342	413	495	483	483	507	
259	495	413	365	295	200	106	0	118	188	259	342	448	460	472	519	
177	436	377	354	318	259	200	118	0	70	141	224	330	342	365	436	
200	460	413	401	377	330	271	188	70	0	82	177	283	318	365	448	
177	413	389	389	401	365	342	259	141	82	0	82	188	236	283	389	
200	389	389	413	436	424	413	342	224	177	82	0	106	165	236	342	
259	377	401	460	495	507	495	448	330	283	188	106	0	94	188	306	
212	283	318	377	448	460	483	460	342	318	236	165	94	0	82	200	
212	200	247	330	401	436	483	472	365	365	283	236	188	82	0	118	
259	106	188	283	377	436	507	519	436	448	389	342	306	200	118	0	
V1
0	224	183	193	204	214	224	224	153	173	153	173	224	183	183	224	
224	0	81	163	255	316	387	428	377	397	357	336	326	244	173	91	
183	81	0	81	173	234	306	357	326	357	336	336	346	275	214	163	
193	163	81	0	91	163	244	316	306	346	336	357	397	326	285	244	
204	255	173	91	0	81	173	255	275	326	346	377	428	387	346	326	
214	316	234	163	81	0	91	173	224	285	316	367	438	397	377	377	
224	387	306	244	173	91	0	91	173	234	295	357	428	418	418	438	
224	428	357	316	255	173	91	0	102	163	224	295	387	397	408	448	
153	377	326	306	275	224	173	102	0	61	122	193	285	295	316	377	
173	397	357	346	326	285	234	163	61	0	71	153	244	275	316	387	
153	357	336	336	346	316	295	224	122	71	0	71	163	204	244	336	
173	336	336	357	377	367	357	295	193	153	71	0	91	142	204	295	
224	326	346	397	428	438	428	387	285	244	163	91	0	81	163	265	
183	244	275	326	387	397	418	397	295	275	204	142	81	0	71	173	
183	173	214	285	346	377	418	408	316	316	244	204	163	71	0	102	
224	91	163	244	326	377	438	448	377	387	336	295	265	173	102	0	
V2
0	176	144	152	160	168	176	176	120	136	120	136	176	144	144	176	
176	0	64	128	200	248	304	336	296	312	280	264	256	192	136	72	
144	64	0	64	136	184	240	280	256	280	264	264	272	216	168	128	
152	128	64	0	72	128	192	248	240	272	264	280	312	256	224	192	
160	200	136	72	0	64	136	200	216	256	272	296	336	304	272	256	
168	248	184	128	64	0	72	136	176	224	248	288	344	312	296	296	
176	304	240	192	136	72	0	72	136	184	232	280	336	328	328	344	
176	336	280	248	200	136	72	0	80	128	176	232	304	312	320	352	
120	296	256	240	216	176	136	80	0	48	96	152	224	232	248	296	
136	312	280	272	256	224	184	128	48	0	56	120	192	216	248	304	
120	280	264	264	272	248	232	176	96	56	0	56	128	160	192	264	
136	264	264	280	296	288	280	232	152	120	56	0	72	112	160	232	
176	256	272	312	336	344	336	304	224	192	128	72	0	64	128	208	
144	192	216	256	304	312	328	312	232	216	160	112	64	0	56	136	
144	136	168	224	272	296	328	320	248	248	192	160	128	56	0	80	
176	72	128	192	256	296	344	352	296	304	264	232	208	136	80	0	
V3
0	264	216	228	240	252	264	264	180	204	180	204	264	216	216	264	
264	0	96	192	300	372	456	504	444	468	420	396	384	288	204	108	
216	96	0	96	204	276	360	420	384	420	396	396	408	324	252	192	
228	192	96	0	108	192	288	372	360	408	396	420	468	384	336	288	
240	300	204	108	0	96	204	300	324	384	408	444	504	456	408	384	
252	372	276	192	96	0	108	204	264	336	372	432	516	468	444	444	
264	456	360	288	204	108	0	108	204	276	348	420	504	492	492	516	
264	504	420	372	300	204	108	0	120	192	264	348	456	468	480	528	
180	444	384	360	324	264	204	120	0	72	144	228	336	348	372	444	
204	468	420	408	384	336	276	192	72	0	84	180	288	324	372	456	
180	420	396	396	408	372	348	264	144	84	0	84	192	240	288	396	
204	396	396	420	444	432	420	348	228	180	84	0	108	168	240	348	
264	384	408	468	504	516	504	456	336	288	192	108	0	96	192	312	
216	288	324	384	456	468	492	468	348	324	240	168	96	0	84	204	
216	204	252	336	408	444	492	480	372	372	288	240	192	84	0	120	
264	108	192	288	384	444	516	528	444	456	396	348	312	204	120	0	
V4
0	462	378	399	420	441	462	462	315	357	315	357	462	378	378	462	
462	0	168	336	525	651	798	882	777	819	735	693	672	504	357	189	
378	168	0	168	357	483	630	735	672	735	693	693	714	567	441	336	
399	336	168	0	189	336	504	651	630	714	693	735	819	672	588	504	
420	525	357	189	0	168	357	525	567	672	714	777	882	798	714	672	
441	651	483	336	168	0	189	357	462	588	651	756	903	819	777	777	
462	798	630	504	357	189	0	189	357	483	609	735	882	861	861	903	
462	882	735	651	525	357	189	0	210	336	462	609	798	819	840	924	
315	777	672	630	567	462	357	210	0	126	252	399	588	609	651	777	
357	819	735	714	672	588	483	336	126	0	147	315	504	567	651	798	
315	735	693	693	714	651	609	462	252	147	0	147	336	420	504	693	
357	693	693	735	777	756	735	609	399	315	147	0	189	294	420	609	
462	672	714	819	882	903	882	798	588	504	336	189	0	168	336	546	
378	504	567	672	798	819	861	819	609	567	420	294	168	0	147	357	
378	357	441	588	714	777	861	840	651	651	504	420	336	147	0	210	
462	189	336	504	672	777	903	924	777	798	693	609	546	357	210	0	
V5
0	391	320	338	356	373	391	391	267	302	267	302	391	320	320	391	
391	0	142	284	445	551	676	747	658	694	623	587	569	427	302	160	
320	142	0	142	302	409	534	623	569	623	587	587	605	480	373	284	
338	284	142	0	160	284	427	551	534	605	587	623	694	569	498	427	
356	445	302	160	0	142	302	445	480	569	605	658	747	676	605	569	
373	551	409	284	142	0	160	302	391	498	551	640	765	694	658	658	
391	676	534	427	302	160	0	160	302	409	516	623	747	729	729	765	
391	747	623	551	445	302	160	0	178	284	391	516	676	694	712	783	
267	658	569	534	480	391	302	178	0	106	213	338	498	516	551	658	
302	694	623	605	569	498	409	284	106	0	124	267	427	480	551	676	
267	623	587	587	605	551	516	391	213	124	0	124	284	356	427	587	
302	587	587	623	658	640	623	516	338	267	124	0	160	249	356	516	
391	569	605	694	747	765	747	676	498	427	284	160	0	142	284	462	
320	427	480	569	676	694	729	694	516	480	356	249	142	0	124	302	
320	302	373	498	605	658	729	712	551	551	427	356	284	124	0	178	
391	160	284	427	569	658	765	783	658	676	587	516	462	302	178	0	
V6
0	338	277	292	308	323	338	338	231	261	231	261	338	277	277	338	
338	0	123	246	385	477	585	646	569	600	539	508	492	369	261	138	
277	123	0	123	261	354	462	539	492	539	508	508	523	415	323	246	
292	246	123	0	138	246	369	477	462	523	508	539	600	492	431	369	
308	385	261	138	0	123	261	385	415	492	523	569	646	585	523	492	
323	477	354	246	123	0	138	261	338	431	477	554	662	600	569	569	
338	585	462	369	261	138	0	138	261	354	446	539	646	631	631	662	
338	646	539	477	385	261	138	0	154	246	338	446	585	600	616	677	
231	569	492	462	415	338	261	154	0	92	184	292	431	446	477	569	
261	600	539	523	492	431	354	246	92	0	107	231	369	415	477	585	
231	539	508	508	523	477	446	338	184	107	0	107	246	308	369	508	
261	508	508	539	569	554	539	446	292	231	107	0	138	215	308	446	
338	492	523	600	646	662	646	585	431	369	246	138	0	123	246	400	
277	369	415	492	585	600	631	600	446	415	308	215	123	0	107	261	
277	261	323	431	523	569	631	616	477	477	369	308	246	107	0	154	
338	138	246	369	492	569	662	677	569	585	508	446	400	261	154	0	
Velocidade_Veiculos
1	1	1	1	1	1	1	