M: 4
N: 15
Nun_Veiculos: 4
Capacidade_Total: 286
Demanda_Total: 239
Setup_Min: 1
Setup_Max: 99
Raio: 20
Circulos: 1
Tempo_Processamento_Min: 1
Tempo_Processamento_Max: 49
Demanda_Min: 10
Demanda_Max: 30
Priority_Factor: 0.2
Range_Factor_R: 0.8
U_factor: 2
ALpha: 0.2Replicao: 0
Tempos_Processamentos
0	0	1	0	2	0	3	0	
0	1	1	30	2	13	3	45	
0	6	1	26	2	17	3	9	
0	3	1	35	2	8	3	49	
0	6	1	15	2	25	3	13	
0	29	1	20	2	36	3	3	
0	25	1	22	2	19	3	30	
0	7	1	46	2	25	3	12	
0	37	1	6	2	9	3	7	
0	23	1	9	2	40	3	37	
0	21	1	30	2	33	3	48	
0	16	1	47	2	34	3	43	
0	4	1	34	2	37	3	1	
0	48	1	43	2	42	3	44	
0	9	1	5	2	37	3	21	
0	31	1	33	2	22	3	1	

Tempos_setup
M0
0	0	0	0	0	0	0	0	0	0	0	0	0	0	0	0	
0	0	20	25	28	30	15	21	24	20	16	30	15	31	32	28	
0	14	0	27	33	22	26	4	28	25	27	44	14	23	12	20	
0	10	30	0	37	28	25	16	24	30	26	40	10	29	8	26	
0	19	22	28	0	14	18	7	21	17	19	24	19	15	17	12	
0	33	26	25	14	0	21	21	12	26	22	38	33	29	31	26	
0	19	5	10	13	15	0	9	9	5	1	37	13	16	17	13	
0	31	51	31	44	49	46	0	45	36	47	61	31	50	29	47	
0	23	14	13	22	23	9	18	0	14	10	44	22	24	21	21	
0	23	25	30	8	22	20	14	29	0	21	32	8	23	25	20	
0	19	8	9	16	18	3	12	12	8	0	40	16	19	17	16	
0	40	45	42	53	55	40	49	49	45	37	0	50	56	48	53	
0	16	29	30	27	39	24	6	21	29	21	46	0	40	35	37	
0	22	8	13	10	18	3	12	6	2	4	34	10	0	20	16	
0	2	22	27	29	20	17	8	16	22	18	32	2	21	0	18	
0	7	11	16	13	2	6	13	9	5	7	37	7	3	5	0	
M1
0	0	0	0	0	0	0	0	0	0	0	0	0	0	0	0	
0	0	6	22	17	8	17	12	4	8	4	10	19	25	6	19	
0	17	0	16	18	2	18	6	21	25	7	27	20	42	9	13	
0	8	14	0	25	16	25	20	12	16	12	18	27	33	14	26	
0	9	6	11	0	8	24	12	13	15	13	19	26	34	15	19	
0	15	21	14	18	0	16	4	19	23	19	25	18	40	21	11	
0	10	16	6	27	18	0	15	14	11	14	9	2	35	15	22	
0	11	17	18	28	17	12	0	15	19	15	21	14	36	17	7	
0	23	25	19	40	27	13	28	0	4	27	18	15	31	8	35	
0	20	26	16	37	28	10	25	24	0	24	19	12	27	4	32	
0	19	2	18	13	4	20	8	23	27	0	29	22	44	2	15	
0	36	42	32	53	44	26	41	30	16	40	0	26	43	20	48	
0	14	20	10	31	22	4	19	18	9	18	7	0	36	13	26	
0	13	19	20	28	19	14	23	17	21	17	23	16	0	19	9	
0	27	28	25	44	26	35	30	31	35	31	35	31	50	0	36	
0	4	10	11	21	10	5	14	8	12	8	14	7	29	10	0	
M2
0	0	0	0	0	0	0	0	0	0	0	0	0	0	0	0	
0	0	41	17	35	15	19	34	31	17	22	24	16	6	27	29	
0	21	0	17	16	29	40	10	20	31	36	17	30	21	42	21	
0	4	32	0	37	19	23	38	35	21	26	28	20	10	31	33	
0	21	49	17	0	22	35	10	13	24	29	1	23	14	30	21	
0	8	36	4	20	0	13	25	16	2	7	9	1	13	14	21	
0	15	56	27	43	23	0	32	39	25	30	32	17	14	30	10	
0	11	39	7	44	24	30	0	39	26	31	33	25	15	32	11	
0	12	40	8	29	9	22	34	0	11	16	18	10	1	23	22	
0	18	46	14	30	10	23	35	26	0	17	19	11	23	24	19	
0	26	34	22	38	18	31	18	14	9	0	2	19	9	31	28	
0	24	52	20	41	21	34	16	12	23	28	0	22	13	29	27	
0	36	46	32	44	33	46	41	24	32	23	25	0	25	13	44	
0	17	45	13	29	9	22	34	25	11	16	18	10	0	23	30	
0	23	44	19	40	20	33	28	11	19	10	12	21	12	0	31	
0	21	49	17	33	13	26	22	29	15	20	22	14	4	27	0	
M3
0	0	0	0	0	0	0	0	0	0	0	0	0	0	0	0	
0	0	30	20	42	37	48	35	43	38	17	30	31	51	54	29	
0	21	0	19	28	31	22	29	29	8	33	11	31	33	28	30	
0	34	53	0	38	42	49	40	32	35	51	21	12	50	51	30	
0	7	37	27	0	35	55	42	1	45	24	31	38	58	61	36	
0	51	58	53	44	0	58	46	45	44	60	39	30	69	64	28	
0	4	8	4	7	20	0	23	8	16	19	4	10	11	6	8	
0	23	27	23	19	2	19	0	20	5	38	2	8	30	25	27	
0	6	36	26	48	34	54	41	0	44	23	36	37	57	60	35	
0	18	22	18	20	24	14	22	21	0	33	3	24	25	20	22	
0	34	39	35	27	32	31	30	28	35	0	13	14	42	37	12	
0	24	45	35	17	21	37	19	18	23	41	0	27	48	43	45	
0	22	42	41	26	30	37	28	27	23	39	9	0	48	40	45	
0	17	18	20	10	39	24	37	11	26	29	27	32	0	16	32	
0	4	2	4	1	23	24	21	2	10	13	13	16	35	0	25	
0	24	30	25	28	20	37	18	29	23	41	11	2	48	42	0	
Tamanho_Tarefas
0	5	12	3	12	15	21	9	14	13	30	25	10	44	5	21	
Data_Entrega
0	43	59	47	60	52	44	71	62	66	71	64	57	58	47	57	
Penalidade_Atraso
0	18	11	8	1	3	17	19	11	9	17	7	3	15	4	5	
Capacidade_Veiculo
47	76	64	99	
Custo_Fixo_Veiculo
470	760	640	990	
Coordenadas_Clientes
x	0	y	0
x	21	y	0
x	17	y	7
x	12	y	14
x	4	y	15
x	-2	y	24
x	-8	y	14
x	-18	y	13
x	-16	y	3
x	-15	y	-3
x	-15	y	-11
x	-10	y	-18
x	-2	y	-21
x	7	y	-23
x	10	y	-11
x	19	y	-8
Tempo_Viagem
0	21	18	18	15	24	16	22	16	15	18	20	21	24	14	20	
21	0	8	16	22	32	32	41	37	36	37	35	30	26	15	8	
18	8	0	8	15	25	25	35	33	33	36	36	33	31	19	15	
18	16	8	0	8	17	20	30	30	31	36	38	37	37	25	23	
15	22	15	8	0	10	12	22	23	26	32	35	36	38	26	27	
24	32	25	17	10	0	11	19	24	29	36	42	45	47	36	37	
16	32	25	20	12	11	0	10	13	18	25	32	35	39	30	34	
22	41	35	30	22	19	10	0	10	16	24	31	37	43	36	42	
16	37	33	30	23	24	13	10	0	6	14	21	27	34	29	36	
15	36	33	31	26	29	18	16	6	0	8	15	22	29	26	34	
18	37	36	36	32	36	25	24	14	8	0	8	16	25	25	34	
20	35	36	38	35	42	32	31	21	15	8	0	8	17	21	30	
21	30	33	37	36	45	35	37	27	22	16	8	0	9	15	24	
24	26	31	37	38	47	39	43	34	29	25	17	9	0	12	19	
14	15	19	25	26	36	30	36	29	26	25	21	15	12	0	9	
20	8	15	23	27	37	34	42	36	34	34	30	24	19	9	0	
Custo_Viagem
V0
0	197	169	169	141	225	150	206	150	141	169	188	197	225	131	188	
197	0	75	150	206	310	300	385	347	338	347	329	291	244	141	75	
169	75	0	75	141	235	235	329	310	310	338	338	310	291	178	141	
169	150	75	0	75	159	188	282	282	291	338	357	347	347	235	216	
141	206	141	75	0	94	112	206	216	244	300	329	338	357	244	253	
225	310	235	159	94	0	103	178	235	272	347	394	423	441	347	357	
150	300	235	188	112	103	0	94	122	169	235	300	329	366	282	319	
206	385	329	282	206	178	94	0	94	150	225	300	347	404	338	394	
150	347	310	282	216	235	122	94	0	56	131	197	253	319	272	338	
141	338	310	291	244	272	169	150	56	0	75	141	206	272	244	319	
169	347	338	338	300	347	235	225	131	75	0	75	150	235	235	319	
188	329	338	357	329	394	300	300	197	141	75	0	75	159	197	282	
197	291	310	347	338	423	329	347	253	206	150	75	0	84	141	225	
225	244	291	347	357	441	366	404	319	272	235	159	84	0	112	178	
131	141	178	235	244	347	282	338	272	244	235	197	141	112	0	84	
188	75	141	216	253	357	319	394	338	319	319	282	225	178	84	0	
V1
0	319	273	273	228	364	243	334	243	228	273	304	319	364	212	304	
319	0	121	243	334	501	486	623	562	547	562	532	471	395	228	121	
273	121	0	121	228	380	380	532	501	501	547	547	501	471	288	228	
273	243	121	0	121	258	304	456	456	471	547	577	562	562	380	349	
228	334	228	121	0	152	182	334	349	395	486	532	547	577	395	410	
364	501	380	258	152	0	167	288	380	440	562	638	684	714	562	577	
243	486	380	304	182	167	0	152	197	273	380	486	532	592	456	516	
334	623	532	456	334	288	152	0	152	243	364	486	562	653	547	638	
243	562	501	456	349	380	197	152	0	91	212	319	410	516	440	547	
228	547	501	471	395	440	273	243	91	0	121	228	334	440	395	516	
273	562	547	547	486	562	380	364	212	121	0	121	243	380	380	516	
304	532	547	577	532	638	486	486	319	228	121	0	121	258	319	456	
319	471	501	562	547	684	532	562	410	334	243	121	0	136	228	364	
364	395	471	562	577	714	592	653	516	440	380	258	136	0	182	288	
212	228	288	380	395	562	456	547	440	395	380	319	228	182	0	136	
304	121	228	349	410	577	516	638	547	516	516	456	364	288	136	0	
V2
0	268	230	230	192	307	204	281	204	192	230	256	268	307	179	256	
268	0	102	204	281	422	409	524	473	460	473	448	396	332	192	102	
230	102	0	102	192	320	320	448	422	422	460	460	422	396	243	192	
230	204	102	0	102	217	256	384	384	396	460	486	473	473	320	294	
192	281	192	102	0	128	153	281	294	332	409	448	460	486	332	345	
307	422	320	217	128	0	140	243	320	371	473	537	576	601	473	486	
204	409	320	256	153	140	0	128	166	230	320	409	448	499	384	435	
281	524	448	384	281	243	128	0	128	204	307	409	473	550	460	537	
204	473	422	384	294	320	166	128	0	76	179	268	345	435	371	460	
192	460	422	396	332	371	230	204	76	0	102	192	281	371	332	435	
230	473	460	460	409	473	320	307	179	102	0	102	204	320	320	435	
256	448	460	486	448	537	409	409	268	192	102	0	102	217	268	384	
268	396	422	473	460	576	448	473	345	281	204	102	0	115	192	307	
307	332	396	473	486	601	499	550	435	371	320	217	115	0	153	243	
179	192	243	320	332	473	384	460	371	332	320	268	192	153	0	115	
256	102	192	294	345	486	435	537	460	435	435	384	307	243	115	0	
V3
0	415	356	356	297	475	316	435	316	297	356	396	415	475	277	396	
415	0	158	316	435	653	633	811	732	712	732	693	613	514	297	158	
356	158	0	158	297	495	495	693	653	653	712	712	653	613	376	297	
356	316	158	0	158	336	396	594	594	613	712	752	732	732	495	455	
297	435	297	158	0	198	237	435	455	514	633	693	712	752	514	534	
475	653	495	336	198	0	217	376	495	574	732	831	891	930	732	752	
316	633	495	396	237	217	0	198	257	356	495	633	693	772	594	673	
435	811	693	594	435	376	198	0	198	316	475	633	732	851	712	831	
316	732	653	594	455	495	257	198	0	118	277	415	534	673	574	712	
297	712	653	613	514	574	356	316	118	0	158	297	435	574	514	673	
356	732	712	712	633	732	495	475	277	158	0	158	316	495	495	673	
396	693	712	752	693	831	633	633	415	297	158	0	158	336	415	594	
415	613	653	732	712	891	693	732	534	435	316	158	0	178	297	475	
475	514	613	732	752	930	772	851	673	574	495	336	178	0	237	376	
277	297	376	495	514	732	594	712	574	514	495	415	297	237	0	178	
396	158	297	455	534	752	673	831	712	673	673	594	475	376	178	0	
Velocidade_Veiculos
1	1	1	1	