M: 4
N: 15
Nun_Veiculos: 9
Capacidade_Total: 618
Demanda_Total: 308
Setup_Min: 1
Setup_Max: 9
Raio: 20
Circulos: 1
Tempo_Processamento_Min: 1
Tempo_Processamento_Max: 49
Demanda_Min: 10
Demanda_Max: 30
Priority_Factor: 0.2
Range_Factor_R: 0.8
U_factor: 2
ALpha: 0.2Replicao: 4
Tempos_Processamentos
0	0	1	0	2	0	3	0	
0	43	1	3	2	4	3	44	
0	2	1	12	2	6	3	44	
0	25	1	27	2	37	3	33	
0	25	1	36	2	43	3	47	
0	39	1	39	2	3	3	35	
0	21	1	9	2	39	3	37	
0	40	1	32	2	11	3	7	
0	4	1	4	2	4	3	18	
0	1	1	20	2	25	3	46	
0	10	1	29	2	49	3	15	
0	42	1	9	2	33	3	32	
0	47	1	33	2	5	3	14	
0	46	1	2	2	15	3	46	
0	29	1	36	2	11	3	23	
0	42	1	44	2	27	3	3	

Tempos_setup
M0
0	0	0	0	0	0	0	0	0	0	0	0	0	0	0	0	
0	0	4	2	5	4	5	5	3	4	4	4	3	4	4	3	
0	3	0	3	5	5	4	2	4	3	3	3	4	4	3	2	
0	1	2	0	3	2	3	3	1	4	2	2	1	2	2	3	
0	3	3	3	0	2	2	2	4	4	3	5	4	2	3	3	
0	2	1	1	3	0	1	1	2	2	2	3	2	2	2	1	
0	2	3	4	6	3	0	4	2	5	1	4	5	5	3	4	
0	1	1	3	6	3	4	0	2	4	1	4	4	5	3	3	
0	3	1	2	4	1	2	2	0	3	3	4	3	3	3	2	
0	3	3	3	6	3	2	2	4	0	3	5	4	5	2	2	
0	4	2	3	5	2	3	3	1	4	0	3	4	4	2	3	
0	3	2	3	2	2	3	3	1	3	1	0	4	1	2	3	
0	4	3	4	2	3	3	4	2	3	2	1	0	1	2	4	
0	4	3	4	1	3	2	3	2	3	3	4	3	0	1	4	
0	5	5	4	4	4	5	5	4	5	4	3	2	3	0	5	
0	4	1	4	5	3	3	3	5	1	4	4	3	4	1	0	
M1
0	0	0	0	0	0	0	0	0	0	0	0	0	0	0	0	
0	0	4	3	3	5	6	7	4	6	5	2	5	4	4	4	
0	2	0	3	1	1	4	4	1	2	3	3	2	3	2	2	
0	5	8	0	7	7	4	7	5	7	5	6	6	6	5	5	
0	1	1	3	0	2	3	5	1	3	2	2	2	3	1	2	
0	3	4	2	3	0	5	3	2	4	4	2	1	3	4	2	
0	2	4	4	3	3	0	5	1	3	1	2	3	3	3	2	
0	2	2	2	1	3	4	0	2	4	1	2	1	2	2	1	
0	1	5	3	4	6	3	4	0	2	3	3	2	2	2	1	
0	2	4	1	3	5	4	5	1	0	1	2	3	2	3	1	
0	3	3	4	2	4	5	6	3	5	0	1	4	3	3	4	
0	2	2	4	1	3	4	5	2	4	3	0	3	2	2	3	
0	2	3	1	2	4	4	5	1	3	4	1	0	2	3	1	
0	5	5	5	4	6	3	3	4	4	4	4	4	0	5	4	
0	2	4	2	3	4	2	5	1	3	3	2	1	3	0	2	
0	4	4	3	3	5	4	4	4	5	5	5	5	1	4	0	
M2
0	0	0	0	0	0	0	0	0	0	0	0	0	0	0	0	
0	0	4	2	3	4	3	2	3	3	3	4	3	2	3	4	
0	3	0	3	2	5	2	1	2	1	2	3	4	4	4	5	
0	2	2	0	1	3	3	2	3	2	2	3	1	4	3	2	
0	5	5	3	0	5	2	2	3	1	2	3	3	4	4	4	
0	1	3	2	1	0	3	1	2	2	2	3	3	3	4	1	
0	4	6	4	4	3	0	2	3	2	3	1	4	3	5	4	
0	3	4	3	4	4	2	0	1	1	1	2	3	4	3	4	
0	2	3	4	5	4	1	3	0	3	2	2	4	4	4	5	
0	4	4	2	3	4	3	4	5	0	2	2	3	3	4	4	
0	4	4	3	4	3	4	3	3	4	0	1	2	4	2	3	
0	3	5	4	3	2	3	3	4	4	4	0	3	4	5	3	
0	3	3	1	2	4	4	3	4	3	3	2	0	4	2	1	
0	5	4	4	5	4	4	4	4	5	1	2	3	0	3	3	
0	3	2	1	2	4	3	1	2	2	1	2	2	3	0	3	
0	3	3	1	2	4	4	3	4	3	3	4	2	3	4	0	
M3
0	0	0	0	0	0	0	0	0	0	0	0	0	0	0	0	
0	0	1	2	4	6	1	4	3	3	3	2	3	5	3	2	
0	3	0	2	3	6	2	3	2	3	2	1	2	5	2	1	
0	4	4	0	4	7	3	4	3	5	1	4	3	3	3	2	
0	4	4	3	0	6	4	4	3	6	4	5	2	6	4	2	
0	3	4	4	1	0	3	2	4	4	1	4	3	6	2	3	
0	2	3	1	3	7	0	5	2	5	2	1	3	4	2	3	
0	5	6	3	4	3	3	0	5	4	2	4	5	6	3	4	
0	1	1	3	4	5	2	4	0	4	3	2	3	5	3	2	
0	1	2	2	3	3	2	5	3	0	3	2	4	4	2	3	
0	4	5	3	3	6	2	3	4	4	0	3	5	6	2	4	
0	2	2	3	2	6	3	4	1	5	4	0	2	5	1	3	
0	2	2	3	1	6	2	4	1	5	4	3	0	6	2	3	
0	2	3	4	5	5	3	2	5	2	2	4	4	0	4	4	
0	5	4	3	1	6	5	3	4	6	4	5	3	4	0	3	
0	2	2	1	2	5	3	2	1	4	2	3	1	4	3	0	
Tamanho_Tarefas
0	22	13	25	36	28	19	17	7	21	19	26	14	15	21	25	
Data_Entrega
0	55	57	56	56	54	57	44	58	50	40	47	40	50	45	39	
Penalidade_Atraso
0	10	19	10	10	3	20	4	12	17	16	5	19	2	18	11	
Capacidade_Veiculo
43	77	58	70	56	106	46	74	88	
Custo_Fixo_Veiculo
430	770	580	700	560	1060	460	740	880	
Coordenadas_Clientes
x	0	y	0
x	16	y	0
x	13	y	6
x	15	y	17
x	5	y	15
x	-2	y	21
x	-7	y	13
x	-12	y	9
x	-17	y	3
x	-17	y	-3
x	-19	y	-14
x	-8	y	-15
x	-2	y	-19
x	5	y	-17
x	10	y	-12
x	13	y	-6
Tempo_Viagem
0	16	14	22	15	21	14	15	17	17	23	17	19	17	15	14	
16	0	6	17	18	27	26	29	33	33	37	28	25	19	12	6	
14	6	0	11	12	21	21	25	30	31	37	29	29	24	18	12	
22	17	11	0	10	17	22	28	34	37	45	39	39	35	29	23	
15	18	12	10	0	9	12	18	25	28	37	32	34	32	27	22	
21	27	21	17	9	0	9	15	22	27	38	36	40	38	35	30	
14	26	21	22	12	9	0	6	13	18	29	28	32	31	29	27	
15	29	25	28	18	15	6	0	7	13	24	24	29	31	30	29	
17	33	30	34	25	22	13	7	0	6	17	20	26	29	30	31	
17	33	31	37	28	27	18	13	6	0	11	15	21	26	28	30	
23	37	37	45	37	38	29	24	17	11	0	11	17	24	29	32	
17	28	29	39	32	36	28	24	20	15	11	0	7	13	18	22	
19	25	29	39	34	40	32	29	26	21	17	7	0	7	13	19	
17	19	24	35	32	38	31	31	29	26	24	13	7	0	7	13	
15	12	18	29	27	35	29	30	30	28	29	18	13	7	0	6	
14	6	12	23	22	30	27	29	31	30	32	22	19	13	6	0	
Custo_Viagem
V0
0	137	120	189	129	180	120	129	146	146	197	146	163	146	129	120	
137	0	51	146	154	232	223	249	283	283	318	240	223	172	111	51	
120	51	0	94	103	180	180	215	258	266	318	249	249	206	154	103	
189	146	94	0	86	146	189	240	292	318	395	335	335	301	249	197	
129	154	103	86	0	77	103	154	215	240	318	275	292	275	232	189	
180	232	180	146	77	0	77	129	197	240	326	309	344	326	301	258	
120	223	180	189	103	77	0	51	120	154	249	240	275	275	258	232	
129	249	215	240	154	129	51	0	60	111	206	206	249	266	258	249	
146	283	258	292	215	197	120	60	0	51	146	172	223	249	258	266	
146	283	266	318	240	240	154	111	51	0	94	129	180	223	240	258	
197	318	318	395	318	326	249	206	146	94	0	94	146	206	249	275	
146	240	249	335	275	309	240	206	172	129	94	0	60	111	154	189	
163	223	249	335	292	344	275	249	223	180	146	60	0	60	111	163	
146	172	206	301	275	326	275	266	249	223	206	111	60	0	60	111	
129	111	154	249	232	301	258	258	258	240	249	154	111	60	0	51	
120	51	103	197	189	258	232	249	266	258	275	189	163	111	51	0	
V1
0	246	215	338	231	323	215	231	261	261	354	261	292	261	231	215	
246	0	92	261	277	415	400	446	508	508	569	431	400	308	200	92	
215	92	0	169	184	323	323	385	462	477	569	446	446	369	277	184	
338	261	169	0	154	261	338	431	523	569	708	600	600	539	446	354	
231	277	184	154	0	138	184	277	385	431	569	492	523	492	415	338	
323	415	323	261	138	0	138	231	354	431	585	554	616	585	539	462	
215	400	323	338	184	138	0	92	215	277	446	431	492	492	462	415	
231	446	385	431	277	231	92	0	107	200	369	369	446	477	462	446	
261	508	462	523	385	354	215	107	0	92	261	308	400	446	462	477	
261	508	477	569	431	431	277	200	92	0	169	231	323	400	431	462	
354	569	569	708	569	585	446	369	261	169	0	169	261	369	446	492	
261	431	446	600	492	554	431	369	308	231	169	0	107	200	277	338	
292	400	446	600	523	616	492	446	400	323	261	107	0	107	200	292	
261	308	369	539	492	585	492	477	446	400	369	200	107	0	107	200	
231	200	277	446	415	539	462	462	462	431	446	277	200	107	0	92	
215	92	184	354	338	462	415	446	477	462	492	338	292	200	92	0	
V2
0	185	162	255	174	243	162	174	197	197	266	197	220	197	174	162	
185	0	69	197	208	313	301	336	382	382	429	324	301	232	150	69	
162	69	0	127	139	243	243	290	348	359	429	336	336	278	208	139	
255	197	127	0	116	197	255	324	394	429	533	452	452	406	336	266	
174	208	139	116	0	104	139	208	290	324	429	371	394	371	313	255	
243	313	243	197	104	0	104	174	266	324	440	417	464	440	406	348	
162	301	243	255	139	104	0	69	162	208	336	324	371	371	348	313	
174	336	290	324	208	174	69	0	81	150	278	278	336	359	348	336	
197	382	348	394	290	266	162	81	0	69	197	232	301	336	348	359	
197	382	359	429	324	324	208	150	69	0	127	174	243	301	324	348	
266	429	429	533	429	440	336	278	197	127	0	127	197	278	336	371	
197	324	336	452	371	417	324	278	232	174	127	0	81	150	208	255	
220	301	336	452	394	464	371	336	301	243	197	81	0	81	150	220	
197	232	278	406	371	440	371	359	336	301	278	150	81	0	81	150	
174	150	208	336	313	406	348	348	348	324	336	208	150	81	0	69	
162	69	139	266	255	348	313	336	359	348	371	255	220	150	69	0	
V3
0	224	196	308	210	294	196	210	238	238	322	238	266	238	210	196	
224	0	84	238	252	378	364	406	462	462	518	392	364	280	182	84	
196	84	0	154	168	294	294	350	420	434	518	406	406	336	252	168	
308	238	154	0	140	238	308	392	476	518	644	546	546	490	406	322	
210	252	168	140	0	126	168	252	350	392	518	448	476	448	378	308	
294	378	294	238	126	0	126	210	322	392	532	504	560	532	490	420	
196	364	294	308	168	126	0	84	196	252	406	392	448	448	420	378	
210	406	350	392	252	210	84	0	98	182	336	336	406	434	420	406	
238	462	420	476	350	322	196	98	0	84	238	280	364	406	420	434	
238	462	434	518	392	392	252	182	84	0	154	210	294	364	392	420	
322	518	518	644	518	532	406	336	238	154	0	154	238	336	406	448	
238	392	406	546	448	504	392	336	280	210	154	0	98	182	252	308	
266	364	406	546	476	560	448	406	364	294	238	98	0	98	182	266	
238	280	336	490	448	532	448	434	406	364	336	182	98	0	98	182	
210	182	252	406	378	490	420	420	420	392	406	252	182	98	0	84	
196	84	168	322	308	420	378	406	434	420	448	308	266	182	84	0	
V4
0	179	156	246	168	235	156	168	190	190	257	190	212	190	168	156	
179	0	67	190	201	302	291	324	369	369	414	313	291	224	145	67	
156	67	0	123	134	235	235	280	336	347	414	324	324	268	201	134	
246	190	123	0	112	190	246	313	380	414	515	436	436	392	324	257	
168	201	134	112	0	100	134	201	280	313	414	358	380	358	302	246	
235	302	235	190	100	0	100	168	257	313	425	403	448	425	392	336	
156	291	235	246	134	100	0	67	156	201	324	313	358	358	336	302	
168	324	280	313	201	168	67	0	78	145	268	268	324	347	336	324	
190	369	336	380	280	257	156	78	0	67	190	224	291	324	336	347	
190	369	347	414	313	313	201	145	67	0	123	168	235	291	313	336	
257	414	414	515	414	425	324	268	190	123	0	123	190	268	324	358	
190	313	324	436	358	403	313	268	224	168	123	0	78	145	201	246	
212	291	324	436	380	448	358	324	291	235	190	78	0	78	145	212	
190	224	268	392	358	425	358	347	324	291	268	145	78	0	78	145	
168	145	201	324	302	392	336	336	336	313	324	201	145	78	0	67	
156	67	134	257	246	336	302	324	347	336	358	246	212	145	67	0	
V5
0	339	296	466	318	445	296	318	360	360	487	360	402	360	318	296	
339	0	127	360	381	572	551	614	699	699	784	593	551	424	275	127	
296	127	0	233	254	445	445	530	636	657	784	614	614	508	381	254	
466	360	233	0	212	360	466	593	720	784	975	826	826	742	614	487	
318	381	254	212	0	190	254	381	530	593	784	678	720	678	572	466	
445	572	445	360	190	0	190	318	487	593	805	763	848	805	742	636	
296	551	445	466	254	190	0	127	296	381	614	593	678	678	636	572	
318	614	530	593	381	318	127	0	148	275	508	508	614	657	636	614	
360	699	636	720	530	487	296	148	0	127	360	424	551	614	636	657	
360	699	657	784	593	593	381	275	127	0	233	318	445	551	593	636	
487	784	784	975	784	805	614	508	360	233	0	233	360	508	614	678	
360	593	614	826	678	763	593	508	424	318	233	0	148	275	381	466	
402	551	614	826	720	848	678	614	551	445	360	148	0	148	275	402	
360	424	508	742	678	805	678	657	614	551	508	275	148	0	148	275	
318	275	381	614	572	742	636	636	636	593	614	381	275	148	0	127	
296	127	254	487	466	636	572	614	657	636	678	466	402	275	127	0	
V6
0	147	128	202	138	193	128	138	156	156	211	156	174	156	138	128	
147	0	55	156	165	248	239	266	303	303	340	257	239	184	119	55	
128	55	0	101	110	193	193	230	276	285	340	266	266	220	165	110	
202	156	101	0	92	156	202	257	312	340	423	358	358	322	266	211	
138	165	110	92	0	82	110	165	230	257	340	294	312	294	248	202	
193	248	193	156	82	0	82	138	211	257	349	331	368	349	322	276	
128	239	193	202	110	82	0	55	128	165	266	257	294	294	276	248	
138	266	230	257	165	138	55	0	64	119	220	220	266	285	276	266	
156	303	276	312	230	211	128	64	0	55	156	184	239	266	276	285	
156	303	285	340	257	257	165	119	55	0	101	138	193	239	257	276	
211	340	340	423	340	349	266	220	156	101	0	101	156	220	266	294	
156	257	266	358	294	331	257	220	184	138	101	0	64	119	165	202	
174	239	266	358	312	368	294	266	239	193	156	64	0	64	119	174	
156	184	220	322	294	349	294	285	266	239	220	119	64	0	64	119	
138	119	165	266	248	322	276	276	276	257	266	165	119	64	0	55	
128	55	110	211	202	276	248	266	285	276	294	202	174	119	55	0	
V7
0	236	207	325	222	310	207	222	251	251	340	251	281	251	222	207	
236	0	88	251	266	399	384	429	488	488	547	414	384	296	192	88	
207	88	0	162	177	310	310	370	444	458	547	429	429	355	266	177	
325	251	162	0	148	251	325	414	503	547	680	577	577	518	429	340	
222	266	177	148	0	133	177	266	370	414	547	473	503	473	399	325	
310	399	310	251	133	0	133	222	340	414	562	532	592	562	518	444	
207	384	310	325	177	133	0	88	207	266	429	414	473	473	444	399	
222	429	370	414	266	222	88	0	103	192	355	355	429	458	444	429	
251	488	444	503	370	340	207	103	0	88	251	296	384	429	444	458	
251	488	458	547	414	414	266	192	88	0	162	222	310	384	414	444	
340	547	547	680	547	562	429	355	251	162	0	162	251	355	429	473	
251	414	429	577	473	532	414	355	296	222	162	0	103	192	266	325	
281	384	429	577	503	592	473	429	384	310	251	103	0	103	192	281	
251	296	355	518	473	562	473	458	429	384	355	192	103	0	103	192	
222	192	266	429	399	518	444	444	444	414	429	266	192	103	0	88	
207	88	177	340	325	444	399	429	458	444	473	325	281	192	88	0	
V8
0	281	246	387	264	369	246	264	299	299	404	299	334	299	264	246	
281	0	105	299	316	475	457	510	580	580	651	492	457	352	228	105	
246	105	0	193	211	369	369	440	528	545	651	510	510	422	316	211	
387	299	193	0	176	299	387	492	598	651	809	686	686	616	510	404	
264	316	211	176	0	158	211	316	440	492	651	563	598	563	475	387	
369	475	369	299	158	0	158	264	404	492	668	633	704	668	616	528	
246	457	369	387	211	158	0	105	246	316	510	492	563	563	528	475	
264	510	440	492	316	264	105	0	123	228	422	422	510	545	528	510	
299	580	528	598	440	404	246	123	0	105	299	352	457	510	528	545	
299	580	545	651	492	492	316	228	105	0	193	264	369	457	492	528	
404	651	651	809	651	668	510	422	299	193	0	193	299	422	510	563	
299	492	510	686	563	633	492	422	352	264	193	0	123	228	316	387	
334	457	510	686	598	704	563	510	457	369	299	123	0	123	228	334	
299	352	422	616	563	668	563	545	510	457	422	228	123	0	123	228	
264	228	316	510	475	616	528	528	528	492	510	316	228	123	0	105	
246	105	211	404	387	528	475	510	545	528	563	387	334	228	105	0	
Velocidade_Veiculos
1	1	1	1	1	1	1	1	1	