M: 4
N: 15
Nun_Veiculos: 6
Capacidade_Total: 328
Demanda_Total: 274
Setup_Min: 1
Setup_Max: 99
Raio: 100
Circulos: 1
Tempo_Processamento_Min: 1
Tempo_Processamento_Max: 49
Demanda_Min: 10
Demanda_Max: 30
Priority_Factor: 0.2
Range_Factor_R: 0.8
U_factor: 2
ALpha: 0.2Replicao: 2
Tempos_Processamentos
0	0	1	0	2	0	3	0	
0	21	1	25	2	6	3	25	
0	39	1	37	2	42	3	1	
0	25	1	17	2	30	3	42	
0	32	1	27	2	30	3	42	
0	43	1	22	2	1	3	42	
0	19	1	43	2	37	3	11	
0	46	1	13	2	13	3	44	
0	47	1	21	2	6	3	43	
0	1	1	35	2	17	3	10	
0	5	1	12	2	17	3	13	
0	22	1	10	2	26	3	24	
0	39	1	31	2	49	3	16	
0	24	1	17	2	8	3	3	
0	24	1	47	2	18	3	11	
0	35	1	41	2	3	3	9	

Tempos_setup
M0
0	0	0	0	0	0	0	0	0	0	0	0	0	0	0	0	
0	0	9	15	36	25	12	7	29	42	31	7	15	27	21	34	
0	30	0	23	30	24	20	15	28	50	24	25	6	26	34	39	
0	22	13	0	32	29	6	18	31	38	25	11	12	31	30	36	
0	6	15	21	0	25	18	13	23	48	30	13	21	27	27	9	
0	19	21	8	13	0	14	16	4	44	33	19	5	2	10	22	
0	19	7	16	26	23	0	12	25	47	19	5	13	25	24	32	
0	24	12	8	31	28	5	0	30	35	24	10	18	30	29	37	
0	27	18	15	21	28	11	20	0	40	29	16	24	30	6	30	
0	22	13	22	16	25	6	18	23	0	25	11	19	27	29	25	
0	13	5	21	7	29	13	20	6	46	0	18	11	31	12	16	
0	14	2	15	31	18	12	7	22	42	26	0	8	20	19	27	
0	24	33	26	24	18	32	31	22	53	51	31	0	20	28	33	
0	28	19	6	23	30	12	14	2	42	31	17	18	0	8	32	
0	21	12	9	15	22	5	17	26	47	23	10	18	24	0	24	
0	11	18	26	18	24	11	18	14	53	21	16	24	26	20	0	
M1
0	0	0	0	0	0	0	0	0	0	0	0	0	0	0	0	
0	0	62	20	34	24	11	22	23	35	33	31	41	28	28	38	
0	4	0	24	24	8	8	26	7	25	17	35	25	14	12	41	
0	24	50	0	32	16	16	2	15	22	16	11	26	18	20	18	
0	25	29	22	0	17	4	23	16	1	26	32	23	23	6	22	
0	12	40	31	21	0	15	30	25	22	9	39	19	6	19	41	
0	21	52	18	23	13	0	19	12	24	22	28	30	19	17	35	
0	43	48	36	31	35	22	0	34	20	14	9	24	16	25	16	
0	13	41	19	17	1	1	20	0	18	10	29	18	7	5	34	
0	24	28	21	26	16	3	22	15	0	25	31	22	22	5	38	
0	30	36	29	17	22	11	21	21	18	0	30	32	2	15	32	
0	34	48	27	29	26	13	29	25	30	12	0	15	14	27	44	
0	36	57	12	44	28	28	14	27	34	28	23	0	30	32	30	
0	28	34	27	15	20	9	28	19	16	29	37	30	0	13	37	
0	36	53	29	51	41	28	31	40	25	45	40	17	47	0	47	
0	27	32	25	27	20	7	1	19	4	15	10	25	12	9	0	
M2
0	0	0	0	0	0	0	0	0	0	0	0	0	0	0	0	
0	0	12	8	13	35	6	8	25	7	9	32	13	5	16	8	
0	26	0	6	1	26	9	6	23	5	7	30	11	9	9	4	
0	20	4	0	5	27	13	3	17	5	1	28	5	6	13	8	
0	28	14	10	0	25	8	10	25	9	11	34	15	13	8	3	
0	27	11	7	12	0	20	10	24	12	8	35	12	13	20	15	
0	22	6	2	7	29	0	2	19	1	3	26	7	5	15	10	
0	23	5	3	6	30	14	0	20	2	4	25	8	3	14	9	
0	3	15	11	6	31	9	11	0	10	12	35	16	8	14	7	
0	21	5	1	6	28	14	1	18	0	2	25	6	4	14	9	
0	26	10	6	11	26	19	6	23	5	0	30	11	9	19	14	
0	7	10	8	10	35	13	5	4	7	9	0	13	8	18	11	
0	15	27	23	18	43	21	23	12	22	19	47	0	20	26	19	
0	37	21	17	22	37	30	17	34	16	11	41	22	0	30	25	
0	29	13	9	14	27	22	9	26	8	10	33	14	12	0	17	
0	27	11	7	11	34	5	7	24	6	8	31	12	10	8	0	
M3
0	0	0	0	0	0	0	0	0	0	0	0	0	0	0	0	
0	0	27	31	16	38	11	22	43	10	34	7	5	19	1	23	
0	3	0	34	7	37	9	22	43	13	26	7	5	19	1	26	
0	9	27	0	25	7	16	31	45	19	16	14	12	21	10	23	
0	13	24	27	0	30	2	35	37	23	19	13	18	13	14	36	
0	2	20	24	18	0	13	24	41	12	9	7	5	21	3	16	
0	14	30	25	30	28	0	36	35	24	37	11	19	11	15	37	
0	17	27	21	30	27	3	0	38	27	12	14	19	14	15	40	
0	15	16	20	12	27	14	37	0	25	31	8	14	12	16	12	
0	14	17	21	15	28	17	36	38	0	34	12	10	28	15	13	
0	17	15	39	18	15	14	24	39	27	0	9	7	20	3	31	
0	28	38	56	44	63	39	50	49	38	56	0	33	25	29	51	
0	30	38	42	38	49	40	47	51	23	57	2	0	27	31	34	
0	3	19	34	19	41	14	25	24	13	31	10	8	0	4	26	
0	16	37	42	15	45	17	21	42	26	33	6	4	18	0	38	
0	7	4	8	11	15	13	26	25	17	24	11	9	23	5	0	
Tamanho_Tarefas
0	14	27	21	29	8	15	29	28	13	6	16	22	6	20	20	
Data_Entrega
0	175	182	175	175	168	168	176	181	189	166	171	170	184	181	164	
Penalidade_Atraso
0	13	10	19	11	9	3	4	9	16	2	15	20	11	2	6	
Capacidade_Veiculo
62	30	45	51	86	54	
Custo_Fixo_Veiculo
620	300	450	510	860	540	
Coordenadas_Clientes
x	0	y	0
x	105	y	0
x	104	y	46
x	50	y	55
x	29	y	91
x	-12	y	118
x	-40	y	69
x	-88	y	64
x	-119	y	25
x	-77	y	-16
x	-97	y	-70
x	-47	y	-83
x	-8	y	-76
x	30	y	-93
x	61	y	-68
x	93	y	-41
Tempo_Viagem
0	105	113	74	95	118	79	108	121	78	119	95	76	97	91	101	
105	0	46	77	118	165	160	203	225	182	213	173	136	119	80	42	
113	46	0	54	87	136	145	192	223	191	232	198	165	157	121	87	
74	77	54	0	41	88	91	138	171	145	192	168	143	149	123	105	
95	118	87	41	0	49	72	120	162	150	204	189	171	184	162	146	
118	165	136	88	49	0	56	93	141	148	205	204	194	215	199	190	
79	160	145	91	72	56	0	48	90	92	149	152	148	176	170	172	
108	203	192	138	120	93	48	0	49	80	134	152	161	196	199	209	
121	225	223	171	162	141	90	49	0	58	97	129	149	189	202	222	
78	182	191	145	150	148	92	80	58	0	57	73	91	131	147	171	
119	213	232	192	204	205	149	134	97	57	0	51	89	128	158	192	
95	173	198	168	189	204	152	152	129	73	51	0	39	77	108	145	
76	136	165	143	171	194	148	161	149	91	89	39	0	41	69	106	
97	119	157	149	184	215	176	196	189	131	128	77	41	0	39	80	
91	80	121	123	162	199	170	199	202	147	158	108	69	39	0	41	
101	42	87	105	146	190	172	209	222	171	192	145	106	80	41	0	
Custo_Viagem
V0
0	1302	1401	917	1178	1463	979	1339	1500	967	1475	1178	942	1202	1128	1252	
1302	0	570	954	1463	2058	1984	2517	2790	2256	2641	2145	1686	1475	992	520	
1401	570	0	669	1078	1686	1798	2380	2765	2368	2876	2455	2046	1946	1500	1078	
917	954	669	0	508	1091	1128	1711	2120	1798	2380	2083	1773	1847	1525	1302	
1178	1463	1078	508	0	607	892	1488	2008	1860	2529	2343	2120	2281	2008	1810	
1463	2058	1686	1091	607	0	694	1153	1748	1835	2554	2529	2405	2666	2467	2356	
979	1984	1798	1128	892	694	0	595	1116	1140	1860	1884	1835	2182	2108	2132	
1339	2517	2380	1711	1488	1153	595	0	607	992	1661	1884	1996	2430	2467	2591	
1500	2790	2765	2120	2008	1748	1116	607	0	719	1202	1599	1860	2356	2504	2752	
967	2256	2368	1798	1860	1835	1140	992	719	0	706	905	1128	1624	1822	2120	
1475	2641	2876	2380	2529	2554	1860	1661	1202	706	0	632	1103	1599	1959	2380	
1178	2145	2455	2083	2343	2529	1884	1884	1599	905	632	0	483	954	1351	1810	
942	1686	2046	1773	2120	2405	1835	1996	1860	1128	1103	483	0	508	855	1314	
1202	1475	1946	1847	2281	2666	2182	2430	2356	1624	1599	954	508	0	483	1004	
1128	992	1500	1525	2008	2467	2108	2467	2504	1822	1959	1351	855	483	0	508	
1252	520	1078	1302	1810	2356	2132	2591	2752	2120	2380	1810	1314	1004	508	0	
V1
0	630	678	444	570	708	474	648	726	468	714	570	456	582	546	606	
630	0	276	462	708	996	960	1218	1350	1092	1278	1038	816	714	480	252	
678	276	0	324	522	816	870	1152	1338	1146	1392	1188	990	942	726	522	
444	462	324	0	246	528	546	828	1026	870	1152	1008	858	894	738	630	
570	708	522	246	0	294	432	720	972	900	1224	1134	1026	1104	972	876	
708	996	816	528	294	0	336	558	846	888	1236	1224	1164	1290	1194	1140	
474	960	870	546	432	336	0	288	540	552	900	912	888	1056	1020	1032	
648	1218	1152	828	720	558	288	0	294	480	804	912	966	1176	1194	1254	
726	1350	1338	1026	972	846	540	294	0	348	582	774	900	1140	1212	1332	
468	1092	1146	870	900	888	552	480	348	0	342	438	546	786	882	1026	
714	1278	1392	1152	1224	1236	900	804	582	342	0	306	534	774	948	1152	
570	1038	1188	1008	1134	1224	912	912	774	438	306	0	234	462	654	876	
456	816	990	858	1026	1164	888	966	900	546	534	234	0	246	414	636	
582	714	942	894	1104	1290	1056	1176	1140	786	774	462	246	0	234	486	
546	480	726	738	972	1194	1020	1194	1212	882	948	654	414	234	0	246	
606	252	522	630	876	1140	1032	1254	1332	1026	1152	876	636	486	246	0	
V2
0	945	1017	666	855	1062	711	972	1089	702	1071	855	684	873	819	909	
945	0	414	693	1062	1494	1440	1827	2025	1638	1917	1557	1224	1071	720	378	
1017	414	0	486	783	1224	1305	1728	2007	1719	2088	1782	1485	1413	1089	783	
666	693	486	0	369	792	819	1242	1539	1305	1728	1512	1287	1341	1107	945	
855	1062	783	369	0	441	648	1080	1458	1350	1836	1701	1539	1656	1458	1314	
1062	1494	1224	792	441	0	504	837	1269	1332	1854	1836	1746	1935	1791	1710	
711	1440	1305	819	648	504	0	432	810	828	1350	1368	1332	1584	1530	1548	
972	1827	1728	1242	1080	837	432	0	441	720	1206	1368	1449	1764	1791	1881	
1089	2025	2007	1539	1458	1269	810	441	0	522	873	1161	1350	1710	1818	1998	
702	1638	1719	1305	1350	1332	828	720	522	0	513	657	819	1179	1323	1539	
1071	1917	2088	1728	1836	1854	1350	1206	873	513	0	459	801	1161	1422	1728	
855	1557	1782	1512	1701	1836	1368	1368	1161	657	459	0	351	693	981	1314	
684	1224	1485	1287	1539	1746	1332	1449	1350	819	801	351	0	369	621	954	
873	1071	1413	1341	1656	1935	1584	1764	1710	1179	1161	693	369	0	351	729	
819	720	1089	1107	1458	1791	1530	1791	1818	1323	1422	981	621	351	0	369	
909	378	783	945	1314	1710	1548	1881	1998	1539	1728	1314	954	729	369	0	
V3
0	1071	1152	754	969	1203	805	1101	1234	795	1213	969	775	989	928	1030	
1071	0	469	785	1203	1693	1632	2070	2295	1856	2172	1764	1387	1213	816	428	
1152	469	0	550	887	1387	1479	1958	2274	1948	2366	2019	1683	1601	1234	887	
754	785	550	0	418	897	928	1407	1744	1479	1958	1713	1458	1519	1254	1071	
969	1203	887	418	0	499	734	1224	1652	1530	2080	1927	1744	1876	1652	1489	
1203	1693	1387	897	499	0	571	948	1438	1509	2101	2080	1978	2193	2029	1938	
805	1632	1479	928	734	571	0	489	918	938	1530	1550	1509	1795	1734	1754	
1101	2070	1958	1407	1224	948	489	0	499	816	1366	1550	1642	1999	2029	2131	
1234	2295	2274	1744	1652	1438	918	499	0	591	989	1315	1530	1938	2060	2264	
795	1856	1948	1479	1530	1509	938	816	591	0	581	744	928	1336	1499	1744	
1213	2172	2366	1958	2080	2101	1530	1366	989	581	0	520	907	1315	1611	1958	
969	1764	2019	1713	1927	2080	1550	1550	1315	744	520	0	397	785	1111	1489	
775	1387	1683	1458	1744	1978	1509	1642	1530	928	907	397	0	418	703	1081	
989	1213	1601	1519	1876	2193	1795	1999	1938	1336	1315	785	418	0	397	826	
928	816	1234	1254	1652	2029	1734	2029	2060	1499	1611	1111	703	397	0	418	
1030	428	887	1071	1489	1938	1754	2131	2264	1744	1958	1489	1081	826	418	0	
V4
0	1806	1943	1272	1634	2029	1358	1857	2081	1341	2046	1634	1307	1668	1565	1737	
1806	0	791	1324	2029	2855	2752	3491	3870	3130	3663	2975	2339	2046	1376	722	
1943	791	0	928	1496	2339	2494	3302	3835	3285	3990	3405	2838	2700	2081	1496	
1272	1324	928	0	705	1513	1565	2373	2941	2494	3302	2889	2459	2562	2115	1806	
1634	2029	1496	705	0	842	1238	2064	2786	2580	3508	3250	2941	3164	2786	2511	
2029	2855	2339	1513	842	0	963	1599	2425	2545	3543	3508	3336	3698	3422	3268	
1358	2752	2494	1565	1238	963	0	825	1548	1582	2580	2614	2545	3027	2924	2958	
1857	3491	3302	2373	2064	1599	825	0	842	1376	2304	2614	2769	3371	3422	3594	
2081	3870	3835	2941	2786	2425	1548	842	0	997	1668	2218	2580	3268	3474	3818	
1341	3130	3285	2494	2580	2545	1582	1376	997	0	980	1255	1565	2253	2528	2941	
2046	3663	3990	3302	3508	3543	2580	2304	1668	980	0	877	1530	2218	2717	3302	
1634	2975	3405	2889	3250	3508	2614	2614	2218	1255	877	0	670	1324	1874	2511	
1307	2339	2838	2459	2941	3336	2545	2769	2580	1565	1530	670	0	705	1186	1823	
1668	2046	2700	2562	3164	3698	3027	3371	3268	2253	2218	1324	705	0	670	1393	
1565	1376	2081	2115	2786	3422	2924	3422	3474	2528	2717	1874	1186	670	0	705	
1737	722	1496	1806	2511	3268	2958	3594	3818	2941	3302	2511	1823	1393	705	0	
V5
0	1134	1220	799	1026	1274	853	1166	1306	842	1285	1026	820	1047	982	1090	
1134	0	496	831	1274	1792	1728	2192	2430	1965	2300	1868	1468	1285	864	453	
1220	496	0	583	939	1468	1566	2073	2408	2062	2505	2138	1782	1695	1306	939	
799	831	583	0	442	950	982	1490	1846	1566	2073	1814	1544	1609	1328	1134	
1026	1274	939	442	0	529	777	1296	1749	1620	2203	2041	1846	1987	1749	1576	
1274	1792	1468	950	529	0	604	1004	1522	1598	2224	2203	2095	2322	2149	2052	
853	1728	1566	982	777	604	0	518	972	993	1620	1641	1598	1900	1836	1857	
1166	2192	2073	1490	1296	1004	518	0	529	864	1447	1641	1738	2116	2149	2257	
1306	2430	2408	1846	1749	1522	972	529	0	626	1047	1393	1620	2052	2181	2397	
842	1965	2062	1566	1620	1598	993	864	626	0	615	788	982	1414	1587	1846	
1285	2300	2505	2073	2203	2224	1620	1447	1047	615	0	550	961	1393	1706	2073	
1026	1868	2138	1814	2041	2203	1641	1641	1393	788	550	0	421	831	1177	1576	
820	1468	1782	1544	1846	2095	1598	1738	1620	982	961	421	0	442	745	1144	
1047	1285	1695	1609	1987	2322	1900	2116	2052	1414	1393	831	442	0	421	874	
982	864	1306	1328	1749	2149	1836	2149	2181	1587	1706	1177	745	421	0	442	
1090	453	939	1134	1576	2052	1857	2257	2397	1846	2073	1576	1144	874	442	0	
Velocidade_Veiculos
1	1	1	1	1	1	