M: 4
N: 15
Nun_Veiculos: 7
Capacidade_Total: 501
Demanda_Total: 280
Setup_Min: 1
Setup_Max: 99
Raio: 100
Circulos: 1
Tempo_Processamento_Min: 1
Tempo_Processamento_Max: 49
Demanda_Min: 10
Demanda_Max: 30
Priority_Factor: 0.2
Range_Factor_R: 0.8
U_factor: 2
ALpha: 0.2Replicao: 2
Tempos_Processamentos
0	0	1	0	2	0	3	0	
0	24	1	24	2	48	3	45	
0	19	1	21	2	30	3	35	
0	47	1	34	2	21	3	5	
0	21	1	11	2	42	3	43	
0	33	1	2	2	13	3	44	
0	40	1	44	2	30	3	35	
0	5	1	46	2	47	3	5	
0	10	1	32	2	11	3	33	
0	10	1	9	2	39	3	14	
0	41	1	19	2	5	3	28	
0	38	1	10	2	25	3	1	
0	47	1	45	2	39	3	26	
0	8	1	32	2	21	3	12	
0	19	1	36	2	45	3	13	
0	22	1	18	2	8	3	37	

Tempos_setup
M0
0	0	0	0	0	0	0	0	0	0	0	0	0	0	0	0	
0	0	34	34	8	12	39	6	38	31	38	26	36	21	27	36	
0	31	0	17	20	24	24	30	39	33	4	24	20	23	4	33	
0	24	22	0	24	13	10	22	28	26	9	10	25	16	15	37	
0	23	26	26	0	4	33	10	32	25	30	30	28	15	19	28	
0	25	39	40	33	0	33	31	34	25	43	30	54	17	32	49	
0	34	43	41	26	15	0	36	18	31	38	31	21	32	36	27	
0	25	28	28	2	6	35	0	34	27	32	32	30	17	21	30	
0	26	30	28	32	7	21	30	0	13	20	18	36	24	23	48	
0	19	17	15	19	8	8	17	26	0	21	5	29	11	10	35	
0	28	47	37	36	35	20	34	38	51	0	47	16	49	40	46	
0	14	12	10	14	3	20	12	23	16	16	0	32	6	5	34	
0	13	47	47	21	25	44	19	51	44	24	39	0	34	40	30	
0	8	22	25	16	18	18	14	17	10	26	15	39	0	15	44	
0	27	7	13	16	20	23	26	35	29	11	23	27	19	0	40	
0	8	42	42	16	20	47	14	46	39	46	34	44	29	35	0	
M1
0	0	0	0	0	0	0	0	0	0	0	0	0	0	0	0	
0	0	15	46	45	36	28	21	17	22	42	36	38	19	21	37	
0	14	0	50	47	27	13	35	2	36	56	31	25	33	12	22	
0	19	24	0	42	2	18	2	7	27	28	26	45	38	17	25	
0	53	40	49	0	41	53	48	42	31	30	43	58	39	26	50	
0	28	22	53	54	0	21	48	24	25	30	39	47	47	34	44	
0	14	29	42	50	43	0	35	22	36	56	50	52	33	32	51	
0	17	32	25	40	27	24	0	13	39	53	24	51	36	23	23	
0	13	28	48	58	25	11	34	0	35	55	39	38	32	10	42	
0	29	20	53	54	22	27	38	16	0	20	14	32	48	20	28	
0	24	10	43	55	20	23	18	12	1	0	13	33	43	19	20	
0	34	25	51	62	8	20	29	27	18	38	0	46	53	6	14	
0	17	30	52	22	21	15	38	4	11	31	25	0	36	14	10	
0	16	31	28	26	28	14	20	3	30	50	42	19	0	13	29	
0	43	37	45	66	15	36	47	39	40	45	54	44	62	0	32	
0	34	20	53	65	11	32	28	22	34	40	48	45	53	32	0	
M2
0	0	0	0	0	0	0	0	0	0	0	0	0	0	0	0	
0	0	34	32	34	41	42	36	79	33	42	30	45	44	55	54	
0	13	0	43	21	36	23	32	55	23	29	41	32	10	45	27	
0	11	45	0	2	11	11	34	47	1	24	22	27	26	47	22	
0	27	47	22	0	33	33	46	68	23	43	20	29	24	45	41	
0	5	39	28	6	0	39	41	46	29	47	26	35	30	44	47	
0	22	51	22	13	18	0	45	45	12	46	33	32	37	58	44	
0	10	21	26	11	5	30	0	51	27	30	24	33	31	19	28	
0	16	41	23	1	11	34	38	0	24	32	21	15	16	39	33	
0	10	44	23	1	15	34	33	61	0	44	21	30	25	46	42	
0	4	38	28	19	13	18	40	59	29	0	34	3	37	57	27	
0	13	27	2	4	13	13	36	49	3	26	0	29	28	25	24	
0	1	35	33	34	28	35	37	70	34	17	31	0	34	56	44	
0	3	37	33	11	27	19	22	64	13	19	31	22	0	41	17	
0	15	2	33	23	24	11	34	49	23	11	43	14	12	0	9	
0	6	40	24	15	15	2	42	47	14	2	35	5	39	59	0	
M3
0	0	0	0	0	0	0	0	0	0	0	0	0	0	0	0	
0	0	9	18	7	27	13	17	22	12	8	21	24	20	1	7	
0	30	0	29	27	18	12	37	31	12	21	32	36	31	21	18	
0	35	13	0	16	31	18	26	26	17	12	3	41	2	10	16	
0	32	2	17	0	20	14	10	15	14	1	20	25	19	20	20	
0	34	4	19	23	0	16	27	15	16	3	20	38	21	20	22	
0	22	1	17	15	19	0	25	19	13	16	20	37	19	9	6	
0	33	6	21	19	24	18	0	8	18	8	19	42	18	13	19	
0	37	13	18	11	31	25	21	0	25	12	11	36	10	5	11	
0	18	2	18	16	20	1	26	20	0	17	21	38	20	10	7	
0	31	1	16	25	19	13	33	14	13	0	19	37	18	19	19	
0	39	15	24	13	33	27	23	28	27	14	0	38	26	7	13	
0	39	15	24	13	33	27	23	28	27	14	15	0	26	7	13	
0	33	11	8	14	29	16	24	24	15	10	1	39	0	8	14	
0	32	8	17	6	26	20	16	21	20	7	20	31	19	0	6	
0	26	11	11	9	20	17	19	24	16	10	14	32	13	3	0	
Tamanho_Tarefas
0	28	22	23	15	5	35	15	10	14	9	14	33	11	26	20	
Data_Entrega
0	201	188	174	187	203	180	190	195	200	182	201	194	183	202	194	
Penalidade_Atraso
0	6	11	20	4	11	20	7	16	6	20	16	16	10	11	15	
Capacidade_Veiculo
68	84	96	41	55	53	104	
Custo_Fixo_Veiculo
680	840	960	410	550	530	1040	
Coordenadas_Clientes
x	0	y	0
x	94	y	0
x	76	y	34
x	80	y	89
x	37	y	116
x	-8	y	79
x	-48	y	83
x	-88	y	64
x	-100	y	21
x	-94	y	-20
x	-99	y	-72
x	-44	y	-77
x	-12	y	-116
x	32	y	-99
x	78	y	-87
x	95	y	-42
Tempo_Viagem
0	94	83	119	121	79	95	108	102	96	122	88	116	104	116	103	
94	0	38	90	128	129	164	192	195	189	205	158	157	116	88	42	
83	38	0	55	90	95	133	166	176	178	204	163	173	140	121	78	
119	90	55	0	50	88	128	169	192	205	240	207	224	194	176	131	
121	128	90	50	0	58	91	135	166	188	232	209	237	215	207	168	
79	129	95	88	58	0	40	81	108	131	176	160	195	182	186	158	
95	164	133	128	91	40	0	44	80	112	163	160	202	198	211	189	
108	192	166	169	135	81	44	0	44	84	136	147	195	202	224	211	
102	195	176	192	166	108	80	44	0	41	93	112	162	178	208	204	
96	189	178	205	188	131	112	84	41	0	52	75	125	148	184	190	
122	205	204	240	232	176	163	136	93	52	0	55	97	133	177	196	
88	158	163	207	209	160	160	147	112	75	55	0	50	79	122	143	
116	157	173	224	237	195	202	195	162	125	97	50	0	47	94	130	
104	116	140	194	215	182	198	202	178	148	133	79	47	0	47	84	
116	88	121	176	207	186	211	224	208	184	177	122	94	47	0	48	
103	42	78	131	168	158	189	211	204	190	196	143	130	84	48	0	
Custo_Viagem
V0
0	1278	1128	1618	1645	1074	1292	1468	1387	1305	1659	1196	1577	1414	1577	1400	
1278	0	516	1224	1754	1754	2230	2611	2652	2570	2788	2148	2135	1577	1196	571	
1128	516	0	748	1224	1292	1808	2257	2393	2420	2774	2216	2352	1904	1645	1060	
1618	1224	748	0	680	1196	1740	2298	2611	2788	3264	2815	3046	2638	2393	1781	
1645	1754	1224	680	0	788	1237	1836	2257	2556	3155	2842	3223	2924	2815	2284	
1074	1754	1292	1196	788	0	544	1101	1468	1781	2393	2176	2652	2475	2529	2148	
1292	2230	1808	1740	1237	544	0	598	1088	1523	2216	2176	2747	2692	2869	2570	
1468	2611	2257	2298	1836	1101	598	0	598	1142	1849	1999	2652	2747	3046	2869	
1387	2652	2393	2611	2257	1468	1088	598	0	557	1264	1523	2203	2420	2828	2774	
1305	2570	2420	2788	2556	1781	1523	1142	557	0	707	1020	1713	2012	2502	2584	
1659	2788	2774	3264	3155	2393	2216	1849	1264	707	0	748	1319	1808	2407	2665	
1196	2148	2216	2815	2842	2176	2176	1999	1523	1020	748	0	680	1074	1659	1944	
1577	2135	2352	3046	3223	2652	2747	2652	2203	1713	1319	680	0	639	1278	1768	
1414	1577	1904	2638	2924	2475	2692	2747	2420	2012	1808	1074	639	0	639	1142	
1577	1196	1645	2393	2815	2529	2869	3046	2828	2502	2407	1659	1278	639	0	652	
1400	571	1060	1781	2284	2148	2570	2869	2774	2584	2665	1944	1768	1142	652	0	
V1
0	1579	1394	1999	2032	1327	1596	1814	1713	1612	2049	1478	1948	1747	1948	1730	
1579	0	638	1512	2167	2167	2755	3225	3276	3175	3444	2654	2637	1948	1478	705	
1394	638	0	924	1512	1596	2234	2788	2956	2990	3427	2738	2906	2352	2032	1310	
1999	1512	924	0	840	1478	2150	2839	3225	3444	4032	3477	3763	3259	2956	2200	
2032	2167	1512	840	0	974	1528	2268	2788	3158	3897	3511	3981	3612	3477	2822	
1327	2167	1596	1478	974	0	672	1360	1814	2200	2956	2688	3276	3057	3124	2654	
1596	2755	2234	2150	1528	672	0	739	1344	1881	2738	2688	3393	3326	3544	3175	
1814	3225	2788	2839	2268	1360	739	0	739	1411	2284	2469	3276	3393	3763	3544	
1713	3276	2956	3225	2788	1814	1344	739	0	688	1562	1881	2721	2990	3494	3427	
1612	3175	2990	3444	3158	2200	1881	1411	688	0	873	1260	2116	2486	3091	3192	
2049	3444	3427	4032	3897	2956	2738	2284	1562	873	0	924	1629	2234	2973	3292	
1478	2654	2738	3477	3511	2688	2688	2469	1881	1260	924	0	840	1327	2049	2402	
1948	2637	2906	3763	3981	3276	3393	3276	2721	2116	1629	840	0	789	1579	2184	
1747	1948	2352	3259	3612	3057	3326	3393	2990	2486	2234	1327	789	0	789	1411	
1948	1478	2032	2956	3477	3124	3544	3763	3494	3091	2973	2049	1579	789	0	806	
1730	705	1310	2200	2822	2654	3175	3544	3427	3192	3292	2402	2184	1411	806	0	
V2
0	1804	1593	2284	2323	1516	1824	2073	1958	1843	2342	1689	2227	1996	2227	1977	
1804	0	729	1728	2476	2476	3148	3686	3744	3628	3936	3033	3014	2227	1689	806	
1593	729	0	1056	1728	1824	2553	3187	3379	3417	3916	3129	3321	2688	2323	1497	
2284	1728	1056	0	960	1689	2457	3244	3686	3936	4608	3974	4300	3724	3379	2515	
2323	2476	1728	960	0	1113	1747	2592	3187	3609	4454	4012	4550	4128	3974	3225	
1516	2476	1824	1689	1113	0	768	1555	2073	2515	3379	3072	3744	3494	3571	3033	
1824	3148	2553	2457	1747	768	0	844	1536	2150	3129	3072	3878	3801	4051	3628	
2073	3686	3187	3244	2592	1555	844	0	844	1612	2611	2822	3744	3878	4300	4051	
1958	3744	3379	3686	3187	2073	1536	844	0	787	1785	2150	3110	3417	3993	3916	
1843	3628	3417	3936	3609	2515	2150	1612	787	0	998	1440	2419	2841	3532	3648	
2342	3936	3916	4608	4454	3379	3129	2611	1785	998	0	1056	1862	2553	3398	3763	
1689	3033	3129	3974	4012	3072	3072	2822	2150	1440	1056	0	960	1516	2342	2745	
2227	3014	3321	4300	4550	3744	3878	3744	3110	2419	1862	960	0	902	1804	2496	
1996	2227	2688	3724	4128	3494	3801	3878	3417	2841	2553	1516	902	0	902	1612	
2227	1689	2323	3379	3974	3571	4051	4300	3993	3532	3398	2342	1804	902	0	921	
1977	806	1497	2515	3225	3033	3628	4051	3916	3648	3763	2745	2496	1612	921	0	
V3
0	770	680	975	992	647	779	885	836	787	1000	721	951	852	951	844	
770	0	311	738	1057	1057	1344	1574	1599	1549	1681	1295	1287	951	721	344	
680	311	0	451	738	779	1090	1361	1443	1459	1672	1336	1418	1148	992	639	
975	738	451	0	410	721	1049	1385	1574	1681	1968	1697	1836	1590	1443	1074	
992	1057	738	410	0	475	746	1107	1361	1541	1902	1713	1943	1763	1697	1377	
647	1057	779	721	475	0	328	664	885	1074	1443	1312	1599	1492	1525	1295	
779	1344	1090	1049	746	328	0	360	656	918	1336	1312	1656	1623	1730	1549	
885	1574	1361	1385	1107	664	360	0	360	688	1115	1205	1599	1656	1836	1730	
836	1599	1443	1574	1361	885	656	360	0	336	762	918	1328	1459	1705	1672	
787	1549	1459	1681	1541	1074	918	688	336	0	426	615	1033	1213	1508	1558	
1000	1681	1672	1968	1902	1443	1336	1115	762	426	0	451	795	1090	1451	1607	
721	1295	1336	1697	1713	1312	1312	1205	918	615	451	0	410	647	1000	1172	
951	1287	1418	1836	1943	1599	1656	1599	1328	1033	795	410	0	385	770	1066	
852	951	1148	1590	1763	1492	1623	1656	1459	1213	1090	647	385	0	385	688	
951	721	992	1443	1697	1525	1730	1836	1705	1508	1451	1000	770	385	0	393	
844	344	639	1074	1377	1295	1549	1730	1672	1558	1607	1172	1066	688	393	0	
V4
0	1034	913	1309	1331	869	1045	1188	1122	1056	1342	968	1276	1144	1276	1133	
1034	0	418	990	1419	1419	1804	2112	2145	2079	2255	1738	1727	1276	968	462	
913	418	0	605	990	1045	1463	1826	1936	1958	2244	1793	1903	1540	1331	858	
1309	990	605	0	550	968	1408	1859	2112	2255	2640	2277	2464	2134	1936	1441	
1331	1419	990	550	0	638	1001	1485	1826	2068	2552	2299	2607	2365	2277	1848	
869	1419	1045	968	638	0	440	891	1188	1441	1936	1760	2145	2002	2046	1738	
1045	1804	1463	1408	1001	440	0	484	880	1232	1793	1760	2222	2178	2321	2079	
1188	2112	1826	1859	1485	891	484	0	484	924	1496	1617	2145	2222	2464	2321	
1122	2145	1936	2112	1826	1188	880	484	0	451	1023	1232	1782	1958	2288	2244	
1056	2079	1958	2255	2068	1441	1232	924	451	0	572	825	1386	1628	2024	2090	
1342	2255	2244	2640	2552	1936	1793	1496	1023	572	0	605	1067	1463	1947	2156	
968	1738	1793	2277	2299	1760	1760	1617	1232	825	605	0	550	869	1342	1573	
1276	1727	1903	2464	2607	2145	2222	2145	1782	1386	1067	550	0	517	1034	1430	
1144	1276	1540	2134	2365	2002	2178	2222	1958	1628	1463	869	517	0	517	924	
1276	968	1331	1936	2277	2046	2321	2464	2288	2024	1947	1342	1034	517	0	528	
1133	462	858	1441	1848	1738	2079	2321	2244	2090	2156	1573	1430	924	528	0	
V5
0	996	879	1261	1282	837	1007	1144	1081	1017	1293	932	1229	1102	1229	1091	
996	0	402	954	1367	1367	1738	2035	2067	2003	2173	1674	1664	1229	932	445	
879	402	0	583	954	1007	1409	1759	1865	1886	2162	1727	1833	1484	1282	826	
1261	954	583	0	530	932	1356	1791	2035	2173	2544	2194	2374	2056	1865	1388	
1282	1367	954	530	0	614	964	1431	1759	1992	2459	2215	2512	2279	2194	1780	
837	1367	1007	932	614	0	424	858	1144	1388	1865	1696	2067	1929	1971	1674	
1007	1738	1409	1356	964	424	0	466	848	1187	1727	1696	2141	2098	2236	2003	
1144	2035	1759	1791	1431	858	466	0	466	890	1441	1558	2067	2141	2374	2236	
1081	2067	1865	2035	1759	1144	848	466	0	434	985	1187	1717	1886	2204	2162	
1017	2003	1886	2173	1992	1388	1187	890	434	0	551	795	1335	1568	1950	2014	
1293	2173	2162	2544	2459	1865	1727	1441	985	551	0	583	1028	1409	1876	2077	
932	1674	1727	2194	2215	1696	1696	1558	1187	795	583	0	530	837	1293	1515	
1229	1664	1833	2374	2512	2067	2141	2067	1717	1335	1028	530	0	498	996	1378	
1102	1229	1484	2056	2279	1929	2098	2141	1886	1568	1409	837	498	0	498	890	
1229	932	1282	1865	2194	1971	2236	2374	2204	1950	1876	1293	996	498	0	508	
1091	445	826	1388	1780	1674	2003	2236	2162	2014	2077	1515	1378	890	508	0	
V6
0	1955	1726	2475	2516	1643	1976	2246	2121	1996	2537	1830	2412	2163	2412	2142	
1955	0	790	1872	2683	2683	3411	3993	4056	3931	4264	3286	3265	2412	1830	873	
1726	790	0	1144	1872	1976	2766	3452	3660	3702	4243	3390	3598	2912	2516	1622	
2475	1872	1144	0	1040	1830	2662	3515	3993	4264	4992	4305	4659	4035	3660	2724	
2516	2683	1872	1040	0	1206	1892	2808	3452	3910	4825	4347	4929	4472	4305	3494	
1643	2683	1976	1830	1206	0	832	1684	2246	2724	3660	3328	4056	3785	3868	3286	
1976	3411	2766	2662	1892	832	0	915	1664	2329	3390	3328	4201	4118	4388	3931	
2246	3993	3452	3515	2808	1684	915	0	915	1747	2828	3057	4056	4201	4659	4388	
2121	4056	3660	3993	3452	2246	1664	915	0	852	1934	2329	3369	3702	4326	4243	
1996	3931	3702	4264	3910	2724	2329	1747	852	0	1081	1560	2620	3078	3827	3952	
2537	4264	4243	4992	4825	3660	3390	2828	1934	1081	0	1144	2017	2766	3681	4076	
1830	3286	3390	4305	4347	3328	3328	3057	2329	1560	1144	0	1040	1643	2537	2974	
2412	3265	3598	4659	4929	4056	4201	4056	3369	2620	2017	1040	0	977	1955	2704	
2163	2412	2912	4035	4472	3785	4118	4201	3702	3078	2766	1643	977	0	977	1747	
2412	1830	2516	3660	4305	3868	4388	4659	4326	3827	3681	2537	1955	977	0	998	
2142	873	1622	2724	3494	3286	3931	4388	4243	3952	4076	2974	2704	1747	998	0	
Velocidade_Veiculos
1	1	1	1	1	1	1	