M: 4
N: 15
Nun_Veiculos: 7
Capacidade_Total: 507
Demanda_Total: 287
Setup_Min: 1
Setup_Max: 99
Raio: 100
Circulos: 1
Tempo_Processamento_Min: 1
Tempo_Processamento_Max: 49
Demanda_Min: 10
Demanda_Max: 30
Priority_Factor: 0.2
Range_Factor_R: 0.8
U_factor: 2
ALpha: 0.2Replicao: 3
Tempos_Processamentos
0	0	1	0	2	0	3	0	
0	11	1	30	2	33	3	39	
0	16	1	13	2	48	3	12	
0	12	1	2	2	26	3	46	
0	31	1	20	2	2	3	34	
0	27	1	22	2	49	3	47	
0	28	1	30	2	45	3	7	
0	1	1	42	2	12	3	36	
0	22	1	43	2	37	3	19	
0	22	1	10	2	45	3	46	
0	16	1	18	2	31	3	15	
0	26	1	30	2	47	3	46	
0	44	1	27	2	20	3	13	
0	44	1	24	2	23	3	6	
0	11	1	32	2	38	3	6	
0	39	1	20	2	33	3	28	

Tempos_setup
M0
0	0	0	0	0	0	0	0	0	0	0	0	0	0	0	0	
0	0	10	25	9	19	16	30	24	29	23	15	29	30	21	22	
0	8	0	26	13	18	24	20	23	19	31	5	35	20	29	26	
0	8	18	0	17	27	24	23	32	24	27	23	37	7	29	30	
0	32	36	29	0	28	44	46	33	25	24	31	22	36	43	35	
0	17	9	13	21	0	33	29	5	14	31	14	34	20	38	33	
0	17	25	9	15	18	0	32	21	16	12	17	13	16	5	6	
0	45	50	51	49	55	61	0	55	39	46	42	36	45	64	40	
0	12	4	8	16	6	28	24	0	9	26	9	29	15	33	28	
0	7	17	30	16	26	23	37	22	0	17	22	36	37	28	29	
0	18	28	23	27	28	21	30	33	29	0	15	34	30	19	27	
0	3	13	21	12	13	19	15	18	14	26	0	32	15	24	21	
0	10	14	30	19	22	26	24	25	3	20	9	0	24	28	30	
0	14	24	6	23	33	30	16	35	30	33	29	43	0	35	36	
0	12	22	4	18	21	3	27	24	19	15	12	16	11	0	9	
0	24	19	23	9	21	27	36	15	24	6	21	31	30	25	0	
M1
0	0	0	0	0	0	0	0	0	0	0	0	0	0	0	0	
0	0	1	24	30	11	2	22	3	8	11	16	19	5	2	8	
0	4	0	23	29	10	6	21	2	7	10	15	18	4	1	7	
0	13	14	0	43	19	4	27	16	14	24	22	32	18	15	21	
0	19	20	17	0	10	11	4	2	10	13	8	26	4	4	10	
0	13	14	32	27	0	15	19	16	21	24	29	32	18	15	21	
0	28	29	47	42	15	0	34	31	10	30	18	47	29	30	36	
0	24	25	13	38	11	17	0	27	18	13	26	34	5	12	18	
0	17	18	31	35	8	9	19	0	15	18	23	31	2	9	15	
0	28	29	39	39	15	30	34	31	0	35	8	42	19	26	32	
0	35	36	31	50	42	35	41	38	43	0	51	54	40	37	43	
0	20	21	32	31	7	22	26	23	24	27	0	39	11	18	24	
0	21	17	19	40	18	23	19	19	6	6	14	0	12	18	3	
0	19	20	29	33	6	21	17	22	13	16	21	29	0	7	13	
0	28	24	22	28	21	26	32	26	6	9	14	22	25	0	6	
0	22	18	16	37	27	20	39	20	25	3	33	36	22	19	0	
M2
0	0	0	0	0	0	0	0	0	0	0	0	0	0	0	0	
0	0	8	19	35	11	10	1	40	37	4	13	19	13	16	6	
0	18	0	37	27	29	20	19	58	38	22	31	37	29	34	24	
0	23	5	0	32	34	25	21	46	43	27	36	42	34	39	29	
0	32	15	10	0	28	27	3	51	45	21	24	42	30	33	20	
0	31	13	8	36	0	11	19	29	26	5	2	14	10	5	34	
0	54	40	35	56	46	0	53	49	52	39	48	37	48	51	36	
0	62	44	39	51	31	30	0	48	51	24	21	45	33	36	17	
0	24	18	13	7	18	17	10	0	3	11	8	25	20	23	27	
0	21	28	23	39	15	14	22	32	0	8	5	22	17	20	27	
0	38	20	15	43	7	6	14	36	33	0	9	21	9	12	31	
0	41	23	18	34	10	9	17	27	30	3	0	24	12	15	34	
0	17	22	17	45	9	8	16	38	35	2	11	0	11	14	23	
0	29	11	26	38	18	17	25	47	44	11	20	32	0	23	24	
0	34	16	19	43	11	21	30	40	21	16	13	22	5	0	29	
0	59	41	44	40	36	46	43	41	44	41	38	45	30	25	0	
M3
0	0	0	0	0	0	0	0	0	0	0	0	0	0	0	0	
0	0	10	21	26	22	12	25	28	26	22	33	18	33	26	14	
0	29	0	34	19	25	25	15	36	16	15	27	12	32	29	4	
0	5	12	0	14	1	4	9	7	10	10	35	20	33	5	16	
0	29	13	24	0	25	23	5	22	6	25	36	21	45	29	17	
0	4	14	25	13	0	16	8	11	9	9	34	19	32	4	18	
0	14	10	9	16	10	0	18	16	19	12	37	22	31	14	14	
0	24	8	19	19	20	18	0	26	1	20	31	16	40	24	12	
0	13	5	32	22	9	25	17	0	14	18	32	17	37	13	9	
0	23	30	18	23	19	22	27	25	0	19	30	15	42	23	34	
0	33	17	28	4	29	27	9	26	10	0	38	25	49	33	21	
0	27	15	29	10	30	33	15	32	16	18	0	27	47	34	7	
0	17	21	32	8	13	29	13	24	14	4	15	0	36	17	22	
0	40	35	46	46	47	45	27	38	28	47	55	43	0	45	39	
0	38	12	33	9	34	32	14	31	15	5	30	24	39	0	16	
0	26	19	30	15	31	29	11	37	12	11	41	27	51	29	0	
Tamanho_Tarefas
0	20	15	13	5	25	7	20	22	28	20	36	13	21	20	22	
Data_Entrega
0	175	199	181	204	176	176	190	176	201	192	197	172	179	198	187	
Penalidade_Atraso
0	11	14	9	5	3	11	1	14	15	7	1	17	4	13	18	
Capacidade_Veiculo
90	69	58	53	55	88	94	
Custo_Fixo_Veiculo
900	690	580	530	550	880	940	
Coordenadas_Clientes
x	0	y	0
x	114	y	0
x	85	y	38
x	72	y	80
x	25	y	78
x	-11	y	112
x	-44	y	76
x	-98	y	71
x	-75	y	16
x	-96	y	-20
x	-77	y	-56
x	-50	y	-88
x	-9	y	-88
x	26	y	-80
x	72	y	-81
x	103	y	-45
Tempo_Viagem
0	114	93	107	81	112	87	121	76	98	95	101	88	84	108	112	
114	0	47	90	118	167	175	223	189	210	199	186	151	118	91	46	
93	47	0	43	72	121	134	185	161	190	187	184	157	131	119	84	
107	90	43	0	47	88	116	170	160	195	201	207	186	166	161	127	
81	118	72	47	0	49	69	123	117	155	168	182	169	158	165	145	
112	167	121	88	49	0	48	96	115	156	180	203	200	195	210	194	
87	175	134	116	69	48	0	54	67	108	136	164	167	170	195	190	
121	223	185	170	123	96	54	0	59	91	128	165	182	195	228	232	
76	189	161	160	117	115	67	59	0	41	72	106	123	139	176	188	
98	210	190	195	155	156	108	91	41	0	40	81	110	135	178	200	
95	199	187	201	168	180	136	128	72	40	0	41	75	105	151	180	
101	186	184	207	182	203	164	165	106	81	41	0	41	76	122	158	
88	151	157	186	169	200	167	182	123	110	75	41	0	35	81	119	
84	118	131	166	158	195	170	195	139	135	105	76	35	0	46	84	
108	91	119	161	165	210	195	228	176	178	151	122	81	46	0	47	
112	46	84	127	145	194	190	232	188	200	180	158	119	84	47	0	
Custo_Viagem
V0
0	2052	1674	1926	1458	2016	1566	2178	1368	1764	1710	1818	1584	1512	1944	2016	
2052	0	846	1620	2124	3006	3150	4014	3402	3780	3582	3348	2718	2124	1638	828	
1674	846	0	774	1296	2178	2412	3330	2898	3420	3366	3312	2826	2358	2142	1512	
1926	1620	774	0	846	1584	2088	3060	2880	3510	3618	3726	3348	2988	2898	2304	
1458	2124	1296	846	0	882	1242	2214	2106	2790	3024	3276	3042	2844	2970	2610	
2016	3006	2178	1584	882	0	864	1728	2070	2826	3240	3654	3600	3510	3780	3492	
1566	3150	2412	2088	1242	864	0	972	1206	1962	2448	2952	3006	3060	3510	3420	
2178	4014	3330	3060	2214	1728	972	0	1062	1638	2304	2988	3276	3510	4104	4176	
1368	3402	2898	2880	2106	2070	1206	1062	0	738	1296	1908	2214	2502	3168	3384	
1764	3780	3420	3510	2790	2826	1962	1638	738	0	720	1476	1980	2430	3204	3600	
1710	3582	3366	3618	3024	3240	2448	2304	1296	720	0	738	1350	1890	2718	3240	
1818	3348	3312	3726	3276	3654	2952	2988	1908	1476	738	0	738	1368	2196	2844	
1584	2718	2826	3348	3042	3600	3006	3276	2214	1980	1350	738	0	630	1458	2142	
1512	2124	2358	2988	2844	3510	3060	3510	2502	2430	1890	1368	630	0	828	1512	
1944	1638	2142	2898	2970	3780	3510	4104	3168	3204	2718	2196	1458	828	0	846	
2016	828	1512	2304	2610	3492	3420	4176	3384	3600	3240	2844	2142	1512	846	0	
V1
0	1573	1283	1476	1117	1545	1200	1669	1048	1352	1311	1393	1214	1159	1490	1545	
1573	0	648	1242	1628	2304	2415	3077	2608	2898	2746	2566	2083	1628	1255	634	
1283	648	0	593	993	1669	1849	2553	2221	2622	2580	2539	2166	1807	1642	1159	
1476	1242	593	0	648	1214	1600	2346	2208	2691	2773	2856	2566	2290	2221	1766	
1117	1628	993	648	0	676	952	1697	1614	2139	2318	2511	2332	2180	2277	2001	
1545	2304	1669	1214	676	0	662	1324	1587	2166	2484	2801	2760	2691	2898	2677	
1200	2415	1849	1600	952	662	0	745	924	1504	1876	2263	2304	2346	2691	2622	
1669	3077	2553	2346	1697	1324	745	0	814	1255	1766	2290	2511	2691	3146	3201	
1048	2608	2221	2208	1614	1587	924	814	0	565	993	1462	1697	1918	2428	2594	
1352	2898	2622	2691	2139	2166	1504	1255	565	0	552	1131	1518	1863	2456	2760	
1311	2746	2580	2773	2318	2484	1876	1766	993	552	0	565	1035	1449	2083	2484	
1393	2566	2539	2856	2511	2801	2263	2290	1462	1131	565	0	565	1048	1683	2180	
1214	2083	2166	2566	2332	2760	2304	2511	1697	1518	1035	565	0	483	1117	1642	
1159	1628	1807	2290	2180	2691	2346	2691	1918	1863	1449	1048	483	0	634	1159	
1490	1255	1642	2221	2277	2898	2691	3146	2428	2456	2083	1683	1117	634	0	648	
1545	634	1159	1766	2001	2677	2622	3201	2594	2760	2484	2180	1642	1159	648	0	
V2
0	1322	1078	1241	939	1299	1009	1403	881	1136	1102	1171	1020	974	1252	1299	
1322	0	545	1044	1368	1937	2030	2586	2192	2436	2308	2157	1751	1368	1055	533	
1078	545	0	498	835	1403	1554	2146	1867	2204	2169	2134	1821	1519	1380	974	
1241	1044	498	0	545	1020	1345	1972	1856	2262	2331	2401	2157	1925	1867	1484	
939	1368	835	545	0	568	800	1426	1357	1798	1948	2111	1960	1832	1914	1682	
1299	1937	1403	1020	568	0	556	1113	1334	1821	2088	2354	2320	2262	2436	2250	
1009	2030	1554	1345	800	556	0	626	777	1264	1577	1902	1937	1972	2262	2204	
1403	2586	2146	1972	1426	1113	626	0	684	1055	1484	1925	2111	2262	2644	2691	
881	2192	1867	1856	1357	1334	777	684	0	475	835	1229	1426	1612	2041	2180	
1136	2436	2204	2262	1798	1821	1264	1055	475	0	464	951	1276	1566	2064	2320	
1102	2308	2169	2331	1948	2088	1577	1484	835	464	0	475	870	1218	1751	2088	
1171	2157	2134	2401	2111	2354	1902	1925	1229	951	475	0	475	881	1415	1832	
1020	1751	1821	2157	1960	2320	1937	2111	1426	1276	870	475	0	406	939	1380	
974	1368	1519	1925	1832	2262	1972	2262	1612	1566	1218	881	406	0	533	974	
1252	1055	1380	1867	1914	2436	2262	2644	2041	2064	1751	1415	939	533	0	545	
1299	533	974	1484	1682	2250	2204	2691	2180	2320	2088	1832	1380	974	545	0	
V3
0	1208	985	1134	858	1187	922	1282	805	1038	1007	1070	932	890	1144	1187	
1208	0	498	954	1250	1770	1855	2363	2003	2226	2109	1971	1600	1250	964	487	
985	498	0	455	763	1282	1420	1961	1706	2014	1982	1950	1664	1388	1261	890	
1134	954	455	0	498	932	1229	1802	1696	2067	2130	2194	1971	1759	1706	1356	
858	1250	763	498	0	519	731	1303	1240	1643	1780	1929	1791	1674	1749	1537	
1187	1770	1282	932	519	0	508	1017	1219	1664	1908	2151	2120	2067	2226	2056	
922	1855	1420	1229	731	508	0	572	710	1155	1441	1738	1770	1802	2067	2014	
1282	2363	1961	1802	1303	1017	572	0	625	964	1356	1759	1929	2067	2416	2459	
805	2003	1706	1696	1240	1219	710	625	0	434	763	1123	1303	1473	1865	1992	
1038	2226	2014	2067	1643	1664	1155	964	434	0	424	869	1166	1431	1886	2120	
1007	2109	1982	2130	1780	1908	1441	1356	763	424	0	434	795	1113	1600	1908	
1070	1971	1950	2194	1929	2151	1738	1759	1123	869	434	0	434	805	1293	1674	
932	1600	1664	1971	1791	2120	1770	1929	1303	1166	795	434	0	371	858	1261	
890	1250	1388	1759	1674	2067	1802	2067	1473	1431	1113	805	371	0	487	890	
1144	964	1261	1706	1749	2226	2067	2416	1865	1886	1600	1293	858	487	0	498	
1187	487	890	1356	1537	2056	2014	2459	1992	2120	1908	1674	1261	890	498	0	
V4
0	1254	1023	1177	891	1232	957	1331	836	1078	1045	1111	968	924	1188	1232	
1254	0	517	990	1298	1837	1925	2453	2079	2310	2189	2046	1661	1298	1001	506	
1023	517	0	473	792	1331	1474	2035	1771	2090	2057	2024	1727	1441	1309	924	
1177	990	473	0	517	968	1276	1870	1760	2145	2211	2277	2046	1826	1771	1408	
891	1298	792	517	0	539	759	1353	1287	1705	1848	2002	1859	1738	1815	1595	
1232	1837	1331	968	539	0	528	1056	1265	1727	1980	2233	2200	2145	2310	2134	
957	1925	1474	1276	759	528	0	594	737	1199	1496	1804	1837	1870	2145	2090	
1331	2453	2035	1870	1353	1056	594	0	649	1001	1408	1826	2002	2145	2508	2552	
836	2079	1771	1760	1287	1265	737	649	0	451	792	1166	1353	1529	1936	2068	
1078	2310	2090	2145	1705	1727	1199	1001	451	0	440	902	1210	1485	1958	2200	
1045	2189	2057	2211	1848	1980	1496	1408	792	440	0	451	825	1155	1661	1980	
1111	2046	2024	2277	2002	2233	1804	1826	1166	902	451	0	451	836	1342	1738	
968	1661	1727	2046	1859	2200	1837	2002	1353	1210	825	451	0	385	891	1309	
924	1298	1441	1826	1738	2145	1870	2145	1529	1485	1155	836	385	0	506	924	
1188	1001	1309	1771	1815	2310	2145	2508	1936	1958	1661	1342	891	506	0	517	
1232	506	924	1408	1595	2134	2090	2552	2068	2200	1980	1738	1309	924	517	0	
V5
0	2006	1636	1883	1425	1971	1531	2129	1337	1724	1672	1777	1548	1478	1900	1971	
2006	0	827	1584	2076	2939	3080	3924	3326	3696	3502	3273	2657	2076	1601	809	
1636	827	0	756	1267	2129	2358	3256	2833	3344	3291	3238	2763	2305	2094	1478	
1883	1584	756	0	827	1548	2041	2992	2816	3432	3537	3643	3273	2921	2833	2252	
1425	2076	1267	827	0	862	1214	2164	2059	2728	2956	3203	2974	2780	2904	2552	
1971	2939	2129	1548	862	0	844	1689	2024	2763	3168	3572	3520	3432	3696	3414	
1531	3080	2358	2041	1214	844	0	950	1179	1918	2393	2886	2939	2992	3432	3344	
2129	3924	3256	2992	2164	1689	950	0	1038	1601	2252	2921	3203	3432	4012	4083	
1337	3326	2833	2816	2059	2024	1179	1038	0	721	1267	1865	2164	2446	3097	3308	
1724	3696	3344	3432	2728	2763	1918	1601	721	0	704	1443	1936	2376	3132	3520	
1672	3502	3291	3537	2956	3168	2393	2252	1267	704	0	721	1320	1848	2657	3168	
1777	3273	3238	3643	3203	3572	2886	2921	1865	1443	721	0	721	1337	2147	2780	
1548	2657	2763	3273	2974	3520	2939	3203	2164	1936	1320	721	0	616	1425	2094	
1478	2076	2305	2921	2780	3432	2992	3432	2446	2376	1848	1337	616	0	809	1478	
1900	1601	2094	2833	2904	3696	3432	4012	3097	3132	2657	2147	1425	809	0	827	
1971	809	1478	2252	2552	3414	3344	4083	3308	3520	3168	2780	2094	1478	827	0	
V6
0	2143	1748	2011	1522	2105	1635	2274	1428	1842	1786	1898	1654	1579	2030	2105	
2143	0	883	1692	2218	3139	3290	4192	3553	3948	3741	3496	2838	2218	1710	864	
1748	883	0	808	1353	2274	2519	3478	3026	3572	3515	3459	2951	2462	2237	1579	
2011	1692	808	0	883	1654	2180	3196	3008	3666	3778	3891	3496	3120	3026	2406	
1522	2218	1353	883	0	921	1297	2312	2199	2914	3158	3421	3177	2970	3102	2726	
2105	3139	2274	1654	921	0	902	1804	2162	2951	3384	3816	3760	3666	3948	3647	
1635	3290	2519	2180	1297	902	0	1015	1259	2049	2556	3083	3139	3196	3666	3572	
2274	4192	3478	3196	2312	1804	1015	0	1109	1710	2406	3120	3421	3666	4286	4361	
1428	3553	3026	3008	2199	2162	1259	1109	0	770	1353	1992	2312	2613	3308	3534	
1842	3948	3572	3666	2914	2951	2049	1710	770	0	752	1541	2068	2538	3346	3760	
1786	3741	3515	3778	3158	3384	2556	2406	1353	752	0	770	1410	1974	2838	3384	
1898	3496	3459	3891	3421	3816	3083	3120	1992	1541	770	0	770	1428	2293	2970	
1654	2838	2951	3496	3177	3760	3139	3421	2312	2068	1410	770	0	658	1522	2237	
1579	2218	2462	3120	2970	3666	3196	3666	2613	2538	1974	1428	658	0	864	1579	
2030	1710	2237	3026	3102	3948	3666	4286	3308	3346	2838	2293	1522	864	0	883	
2105	864	1579	2406	2726	3647	3572	4361	3534	3760	3384	2970	2237	1579	883	0	
Velocidade_Veiculos
1	1	1	1	1	1	1	