M: 4
N: 15
Nun_Veiculos: 6
Capacidade_Total: 414
Demanda_Total: 249
Setup_Min: 1
Setup_Max: 9
Raio: 100
Circulos: 1
Tempo_Processamento_Min: 1
Tempo_Processamento_Max: 49
Demanda_Min: 10
Demanda_Max: 30
Priority_Factor: 0.2
Range_Factor_R: 0.8
U_factor: 2
ALpha: 0.2Replicao: 3
Tempos_Processamentos
0	0	1	0	2	0	3	0	
0	5	1	49	2	6	3	33	
0	7	1	18	2	40	3	19	
0	29	1	43	2	21	3	7	
0	9	1	5	2	16	3	11	
0	27	1	21	2	32	3	31	
0	40	1	14	2	32	3	18	
0	22	1	9	2	19	3	8	
0	21	1	9	2	23	3	2	
0	45	1	10	2	31	3	30	
0	19	1	31	2	19	3	12	
0	22	1	1	2	14	3	5	
0	21	1	17	2	41	3	11	
0	12	1	43	2	22	3	49	
0	45	1	17	2	48	3	25	
0	16	1	45	2	20	3	21	

Tempos_setup
M0
0	0	0	0	0	0	0	0	0	0	0	0	0	0	0	0	
0	0	2	3	2	2	1	4	3	3	2	3	3	1	3	4	
0	1	0	3	3	3	2	5	3	2	1	3	1	2	1	2	
0	3	2	0	5	5	4	6	2	2	3	5	3	4	3	4	
0	4	3	4	0	3	3	5	4	1	2	2	4	3	2	4	
0	1	3	2	3	0	2	2	3	2	1	2	3	2	4	3	
0	1	1	3	1	1	0	3	4	2	2	3	2	2	2	3	
0	1	3	2	3	1	2	0	4	1	2	1	2	2	3	1	
0	4	3	2	4	3	3	5	0	1	2	5	3	3	4	4	
0	3	2	3	3	3	2	5	3	0	1	4	3	2	3	3	
0	2	2	2	2	2	1	4	2	1	0	4	3	3	3	2	
0	2	2	3	2	2	1	4	5	3	3	0	3	3	3	4	
0	3	3	4	2	3	2	4	2	2	3	4	0	4	4	5	
0	4	4	2	4	4	3	4	2	2	2	5	5	0	5	4	
0	3	3	3	3	3	2	5	3	2	1	2	4	4	0	3	
0	4	3	1	4	4	4	6	3	3	3	4	4	5	2	0	
M1
0	0	0	0	0	0	0	0	0	0	0	0	0	0	0	0	
0	0	6	7	6	8	5	6	5	2	3	6	5	7	6	5	
0	2	0	1	4	2	4	4	2	4	3	2	2	4	6	5	
0	5	3	0	3	4	3	4	1	5	2	5	4	4	6	5	
0	3	2	2	0	3	2	1	1	2	2	2	1	3	3	5	
0	2	4	5	4	0	3	5	5	3	3	2	4	6	4	5	
0	3	1	2	1	3	0	2	2	3	2	3	2	4	4	6	
0	4	3	1	1	2	3	0	2	3	3	1	2	4	2	4	
0	4	3	4	3	3	2	4	0	5	4	5	4	3	5	4	
0	1	4	5	4	6	3	4	5	0	4	5	5	6	6	6	
0	5	3	4	5	5	5	4	4	5	0	3	2	4	4	6	
0	5	3	4	2	5	4	3	3	4	2	0	2	4	5	3	
0	3	1	2	3	3	3	2	3	3	1	3	0	2	4	6	
0	3	2	2	2	2	1	1	3	2	3	2	3	0	3	5	
0	4	3	3	1	4	3	2	2	3	1	3	2	3	0	4	
0	2	4	5	3	3	3	4	1	1	3	3	3	4	2	0	
M2
0	0	0	0	0	0	0	0	0	0	0	0	0	0	0	0	
0	0	2	2	3	4	2	4	3	4	1	2	3	3	3	3	
0	2	0	1	3	3	4	3	3	3	3	2	3	3	1	2	
0	1	3	0	3	2	3	2	2	2	2	1	2	2	2	1	
0	1	3	3	0	4	3	4	2	1	2	1	2	3	3	2	
0	1	3	3	2	0	2	3	2	2	2	1	1	3	1	3	
0	3	5	2	5	4	0	4	4	4	4	3	4	4	4	3	
0	2	1	2	4	4	4	0	1	3	3	3	4	3	2	3	
0	4	3	3	5	3	4	5	0	2	2	3	4	5	4	3	
0	4	3	3	5	4	3	4	1	0	3	4	3	4	2	1	
0	2	4	1	3	3	3	3	2	3	0	1	2	3	2	2	
0	3	4	4	2	4	2	3	1	2	3	0	1	4	2	3	
0	4	4	3	5	5	1	3	2	1	4	4	0	3	1	2	
0	3	5	5	6	6	5	4	5	6	4	5	5	0	2	6	
0	4	3	4	5	4	6	2	3	5	3	4	5	2	0	5	
0	3	2	2	4	3	3	3	2	1	4	3	2	3	1	0	
M3
0	0	0	0	0	0	0	0	0	0	0	0	0	0	0	0	
0	0	5	2	1	3	1	2	1	3	4	2	2	3	3	2	
0	3	0	1	2	1	2	2	2	3	3	2	2	1	2	2	
0	3	4	0	2	2	1	2	3	3	2	3	1	2	1	3	
0	1	4	3	0	2	2	3	2	4	5	1	1	2	4	3	
0	3	2	3	3	0	3	1	1	2	5	2	2	2	4	1	
0	5	4	4	5	4	0	1	5	2	4	4	4	3	4	3	
0	4	3	3	4	3	3	0	4	1	4	3	4	2	3	2	
0	3	4	3	3	2	2	3	0	3	5	4	2	3	4	1	
0	3	2	2	3	3	3	4	4	0	4	2	3	3	2	1	
0	5	5	2	4	4	2	2	3	3	0	4	3	4	3	4	
0	4	3	3	4	1	4	2	2	3	5	0	3	3	4	2	
0	2	3	4	1	2	2	3	3	4	4	2	0	1	4	3	
0	4	2	3	4	1	1	2	2	3	3	1	3	0	3	2	
0	5	6	2	4	4	3	4	2	4	4	5	3	4	0	3	
0	2	4	2	2	4	2	3	3	2	4	3	3	4	3	0	
Tamanho_Tarefas
0	23	13	8	9	25	19	10	4	23	14	1	22	24	31	23	
Data_Entrega
0	176	167	166	168	188	186	168	184	168	187	173	184	191	174	172	
Penalidade_Atraso
0	14	5	2	10	7	6	6	13	15	7	20	14	10	11	17	
Capacidade_Veiculo
67	75	74	61	68	69	
Custo_Fixo_Veiculo
670	750	740	610	680	690	
Coordenadas_Clientes
x	0	y	0
x	95	y	0
x	91	y	40
x	69	y	77
x	29	y	90
x	-11	y	108
x	-50	y	87
x	-82	y	59
x	-87	y	18
x	-111	y	-23
x	-73	y	-53
x	-41	y	-72
x	-11	y	-110
x	32	y	-100
x	74	y	-83
x	110	y	-49
Tempo_Viagem
0	95	99	103	94	108	100	101	88	113	90	82	110	104	111	120	
95	0	40	81	111	151	169	186	182	207	176	153	152	118	85	51	
99	40	0	43	79	122	148	174	179	211	188	173	181	151	124	91	
103	81	43	0	42	85	119	152	166	205	192	185	203	180	160	132	
94	111	79	42	0	43	79	115	136	179	175	176	203	190	178	160	
108	151	122	85	43	0	44	86	117	164	172	182	218	212	209	198	
100	169	148	119	79	44	0	42	78	125	141	159	200	204	210	209	
101	186	174	152	115	86	42	0	41	86	112	137	183	195	210	220	
88	182	179	166	136	117	78	41	0	47	72	101	148	167	190	208	
113	207	211	205	179	164	125	86	47	0	48	85	132	162	194	222	
90	176	188	192	175	172	141	112	72	48	0	37	84	115	150	183	
82	153	173	185	176	182	159	137	101	85	37	0	48	78	115	152	
110	152	181	203	203	218	200	183	148	132	84	48	0	44	89	135	
104	118	151	180	190	212	204	195	167	162	115	78	44	0	45	93	
111	85	124	160	178	209	210	210	190	194	150	115	89	45	0	49	
120	51	91	132	160	198	209	220	208	222	183	152	135	93	49	0	
Custo_Viagem
V0
0	1273	1326	1380	1259	1447	1340	1353	1179	1514	1206	1098	1474	1393	1487	1608	
1273	0	536	1085	1487	2023	2264	2492	2438	2773	2358	2050	2036	1581	1139	683	
1326	536	0	576	1058	1634	1983	2331	2398	2827	2519	2318	2425	2023	1661	1219	
1380	1085	576	0	562	1139	1594	2036	2224	2747	2572	2479	2720	2412	2144	1768	
1259	1487	1058	562	0	576	1058	1541	1822	2398	2345	2358	2720	2546	2385	2144	
1447	2023	1634	1139	576	0	589	1152	1567	2197	2304	2438	2921	2840	2800	2653	
1340	2264	1983	1594	1058	589	0	562	1045	1675	1889	2130	2680	2733	2814	2800	
1353	2492	2331	2036	1541	1152	562	0	549	1152	1500	1835	2452	2613	2814	2948	
1179	2438	2398	2224	1822	1567	1045	549	0	629	964	1353	1983	2237	2546	2787	
1514	2773	2827	2747	2398	2197	1675	1152	629	0	643	1139	1768	2170	2599	2974	
1206	2358	2519	2572	2345	2304	1889	1500	964	643	0	495	1125	1541	2010	2452	
1098	2050	2318	2479	2358	2438	2130	1835	1353	1139	495	0	643	1045	1541	2036	
1474	2036	2425	2720	2720	2921	2680	2452	1983	1768	1125	643	0	589	1192	1809	
1393	1581	2023	2412	2546	2840	2733	2613	2237	2170	1541	1045	589	0	603	1246	
1487	1139	1661	2144	2385	2800	2814	2814	2546	2599	2010	1541	1192	603	0	656	
1608	683	1219	1768	2144	2653	2800	2948	2787	2974	2452	2036	1809	1246	656	0	
V1
0	1425	1485	1545	1410	1620	1500	1515	1320	1695	1350	1230	1650	1560	1665	1800	
1425	0	600	1215	1665	2265	2535	2790	2730	3105	2640	2295	2280	1770	1275	765	
1485	600	0	645	1185	1830	2220	2610	2685	3165	2820	2595	2715	2265	1860	1365	
1545	1215	645	0	630	1275	1785	2280	2490	3075	2880	2775	3045	2700	2400	1980	
1410	1665	1185	630	0	645	1185	1725	2040	2685	2625	2640	3045	2850	2670	2400	
1620	2265	1830	1275	645	0	660	1290	1755	2460	2580	2730	3270	3180	3135	2970	
1500	2535	2220	1785	1185	660	0	630	1170	1875	2115	2385	3000	3060	3150	3135	
1515	2790	2610	2280	1725	1290	630	0	615	1290	1680	2055	2745	2925	3150	3300	
1320	2730	2685	2490	2040	1755	1170	615	0	705	1080	1515	2220	2505	2850	3120	
1695	3105	3165	3075	2685	2460	1875	1290	705	0	720	1275	1980	2430	2910	3330	
1350	2640	2820	2880	2625	2580	2115	1680	1080	720	0	555	1260	1725	2250	2745	
1230	2295	2595	2775	2640	2730	2385	2055	1515	1275	555	0	720	1170	1725	2280	
1650	2280	2715	3045	3045	3270	3000	2745	2220	1980	1260	720	0	660	1335	2025	
1560	1770	2265	2700	2850	3180	3060	2925	2505	2430	1725	1170	660	0	675	1395	
1665	1275	1860	2400	2670	3135	3150	3150	2850	2910	2250	1725	1335	675	0	735	
1800	765	1365	1980	2400	2970	3135	3300	3120	3330	2745	2280	2025	1395	735	0	
V2
0	1406	1465	1524	1391	1598	1480	1494	1302	1672	1332	1213	1628	1539	1642	1776	
1406	0	592	1198	1642	2234	2501	2752	2693	3063	2604	2264	2249	1746	1258	754	
1465	592	0	636	1169	1805	2190	2575	2649	3122	2782	2560	2678	2234	1835	1346	
1524	1198	636	0	621	1258	1761	2249	2456	3034	2841	2738	3004	2664	2368	1953	
1391	1642	1169	621	0	636	1169	1702	2012	2649	2590	2604	3004	2812	2634	2368	
1598	2234	1805	1258	636	0	651	1272	1731	2427	2545	2693	3226	3137	3093	2930	
1480	2501	2190	1761	1169	651	0	621	1154	1850	2086	2353	2960	3019	3108	3093	
1494	2752	2575	2249	1702	1272	621	0	606	1272	1657	2027	2708	2886	3108	3256	
1302	2693	2649	2456	2012	1731	1154	606	0	695	1065	1494	2190	2471	2812	3078	
1672	3063	3122	3034	2649	2427	1850	1272	695	0	710	1258	1953	2397	2871	3285	
1332	2604	2782	2841	2590	2545	2086	1657	1065	710	0	547	1243	1702	2220	2708	
1213	2264	2560	2738	2604	2693	2353	2027	1494	1258	547	0	710	1154	1702	2249	
1628	2249	2678	3004	3004	3226	2960	2708	2190	1953	1243	710	0	651	1317	1998	
1539	1746	2234	2664	2812	3137	3019	2886	2471	2397	1702	1154	651	0	666	1376	
1642	1258	1835	2368	2634	3093	3108	3108	2812	2871	2220	1702	1317	666	0	725	
1776	754	1346	1953	2368	2930	3093	3256	3078	3285	2708	2249	1998	1376	725	0	
V3
0	1159	1207	1256	1146	1317	1220	1232	1073	1378	1098	1000	1342	1268	1354	1464	
1159	0	488	988	1354	1842	2061	2269	2220	2525	2147	1866	1854	1439	1037	622	
1207	488	0	524	963	1488	1805	2122	2183	2574	2293	2110	2208	1842	1512	1110	
1256	988	524	0	512	1037	1451	1854	2025	2501	2342	2257	2476	2196	1952	1610	
1146	1354	963	512	0	524	963	1403	1659	2183	2135	2147	2476	2318	2171	1952	
1317	1842	1488	1037	524	0	536	1049	1427	2000	2098	2220	2659	2586	2549	2415	
1220	2061	1805	1451	963	536	0	512	951	1525	1720	1939	2440	2488	2562	2549	
1232	2269	2122	1854	1403	1049	512	0	500	1049	1366	1671	2232	2379	2562	2684	
1073	2220	2183	2025	1659	1427	951	500	0	573	878	1232	1805	2037	2318	2537	
1378	2525	2574	2501	2183	2000	1525	1049	573	0	585	1037	1610	1976	2366	2708	
1098	2147	2293	2342	2135	2098	1720	1366	878	585	0	451	1024	1403	1830	2232	
1000	1866	2110	2257	2147	2220	1939	1671	1232	1037	451	0	585	951	1403	1854	
1342	1854	2208	2476	2476	2659	2440	2232	1805	1610	1024	585	0	536	1085	1647	
1268	1439	1842	2196	2318	2586	2488	2379	2037	1976	1403	951	536	0	549	1134	
1354	1037	1512	1952	2171	2549	2562	2562	2318	2366	1830	1403	1085	549	0	597	
1464	622	1110	1610	1952	2415	2549	2684	2537	2708	2232	1854	1647	1134	597	0	
V4
0	1292	1346	1400	1278	1468	1360	1373	1196	1536	1224	1115	1496	1414	1509	1632	
1292	0	544	1101	1509	2053	2298	2529	2475	2815	2393	2080	2067	1604	1156	693	
1346	544	0	584	1074	1659	2012	2366	2434	2869	2556	2352	2461	2053	1686	1237	
1400	1101	584	0	571	1156	1618	2067	2257	2788	2611	2516	2760	2448	2176	1795	
1278	1509	1074	571	0	584	1074	1564	1849	2434	2380	2393	2760	2584	2420	2176	
1468	2053	1659	1156	584	0	598	1169	1591	2230	2339	2475	2964	2883	2842	2692	
1360	2298	2012	1618	1074	598	0	571	1060	1700	1917	2162	2720	2774	2856	2842	
1373	2529	2366	2067	1564	1169	571	0	557	1169	1523	1863	2488	2652	2856	2992	
1196	2475	2434	2257	1849	1591	1060	557	0	639	979	1373	2012	2271	2584	2828	
1536	2815	2869	2788	2434	2230	1700	1169	639	0	652	1156	1795	2203	2638	3019	
1224	2393	2556	2611	2380	2339	1917	1523	979	652	0	503	1142	1564	2040	2488	
1115	2080	2352	2516	2393	2475	2162	1863	1373	1156	503	0	652	1060	1564	2067	
1496	2067	2461	2760	2760	2964	2720	2488	2012	1795	1142	652	0	598	1210	1836	
1414	1604	2053	2448	2584	2883	2774	2652	2271	2203	1564	1060	598	0	612	1264	
1509	1156	1686	2176	2420	2842	2856	2856	2584	2638	2040	1564	1210	612	0	666	
1632	693	1237	1795	2176	2692	2842	2992	2828	3019	2488	2067	1836	1264	666	0	
V5
0	1311	1366	1421	1297	1490	1380	1393	1214	1559	1242	1131	1518	1435	1531	1656	
1311	0	552	1117	1531	2083	2332	2566	2511	2856	2428	2111	2097	1628	1173	703	
1366	552	0	593	1090	1683	2042	2401	2470	2911	2594	2387	2497	2083	1711	1255	
1421	1117	593	0	579	1173	1642	2097	2290	2829	2649	2553	2801	2484	2208	1821	
1297	1531	1090	579	0	593	1090	1587	1876	2470	2415	2428	2801	2622	2456	2208	
1490	2083	1683	1173	593	0	607	1186	1614	2263	2373	2511	3008	2925	2884	2732	
1380	2332	2042	1642	1090	607	0	579	1076	1725	1945	2194	2760	2815	2898	2884	
1393	2566	2401	2097	1587	1186	579	0	565	1186	1545	1890	2525	2691	2898	3036	
1214	2511	2470	2290	1876	1614	1076	565	0	648	993	1393	2042	2304	2622	2870	
1559	2856	2911	2829	2470	2263	1725	1186	648	0	662	1173	1821	2235	2677	3063	
1242	2428	2594	2649	2415	2373	1945	1545	993	662	0	510	1159	1587	2070	2525	
1131	2111	2387	2553	2428	2511	2194	1890	1393	1173	510	0	662	1076	1587	2097	
1518	2097	2497	2801	2801	3008	2760	2525	2042	1821	1159	662	0	607	1228	1863	
1435	1628	2083	2484	2622	2925	2815	2691	2304	2235	1587	1076	607	0	621	1283	
1531	1173	1711	2208	2456	2884	2898	2898	2622	2677	2070	1587	1228	621	0	676	
1656	703	1255	1821	2208	2732	2884	3036	2870	3063	2525	2097	1863	1283	676	0	
Velocidade_Veiculos
1	1	1	1	1	1	