M: 2
N: 30
Nun_Veiculos: 11
Capacidade_Total: 901
Demanda_Total: 581
Setup_Min: 1
Setup_Max: 99
Raio: 100
Circulos: 1
Tempo_Processamento_Min: 1
Tempo_Processamento_Max: 49
Demanda_Min: 10
Demanda_Max: 30
Priority_Factor: 0.2
Range_Factor_R: 0.8
U_factor: 2
ALpha: 0.2Replicao: 1
Tempos_Processamentos
0	0	1	0	
0	8	1	26	
0	47	1	14	
0	25	1	8	
0	21	1	2	
0	7	1	45	
0	9	1	39	
0	24	1	15	
0	46	1	35	
0	31	1	3	
0	41	1	38	
0	4	1	33	
0	47	1	35	
0	6	1	33	
0	15	1	29	
0	17	1	18	
0	21	1	36	
0	34	1	25	
0	13	1	15	
0	9	1	42	
0	29	1	24	
0	11	1	27	
0	5	1	3	
0	13	1	47	
0	38	1	8	
0	38	1	20	
0	11	1	36	
0	47	1	16	
0	45	1	11	
0	22	1	31	
0	25	1	10	

Tempos_setup
M0
0	0	0	0	0	0	0	0	0	0	0	0	0	0	0	0	0	0	0	0	0	0	0	0	0	0	0	0	0	0	0	
0	0	16	12	16	21	15	8	18	5	21	11	11	19	19	21	13	14	16	12	5	10	8	17	19	19	15	19	14	14	13	
0	17	0	1	14	15	13	5	8	3	19	9	9	14	15	10	11	8	8	10	13	8	10	15	8	9	13	17	18	6	2	
0	16	10	0	13	14	12	4	7	2	18	8	8	16	20	9	10	7	7	9	12	7	9	14	7	8	12	16	17	5	1	
0	6	22	18	0	27	18	14	24	11	27	17	17	25	17	25	19	16	8	18	11	16	14	14	23	16	16	25	20	20	19	
0	17	8	9	16	0	7	5	16	9	10	3	13	14	12	14	15	13	13	12	7	12	14	13	12	14	15	21	19	14	10	
0	15	7	8	9	19	0	8	15	2	18	8	9	17	20	7	11	6	13	9	3	8	10	15	5	16	12	17	18	11	9	
0	12	22	23	24	33	15	0	15	17	33	23	23	31	31	22	25	16	8	24	17	22	20	29	20	31	27	31	26	20	24	
0	20	17	18	14	28	10	15	0	12	28	18	18	25	30	17	20	13	22	19	13	17	19	20	15	22	15	25	12	21	19	
0	16	11	12	19	22	10	8	13	0	16	6	12	17	18	17	14	9	11	7	10	11	13	18	15	20	10	20	21	9	13	
0	17	18	15	11	25	12	12	18	11	0	17	15	22	2	17	17	10	14	18	15	14	16	3	17	4	21	23	9	12	16	
0	14	5	6	13	20	4	2	13	6	18	0	10	11	20	11	12	10	10	9	4	9	11	16	9	14	12	18	19	11	7	
0	17	12	13	11	23	11	11	12	7	14	13	0	8	12	11	2	10	12	14	12	12	1	8	9	10	9	8	9	10	6	
0	12	4	5	7	18	8	3	7	2	10	8	8	0	12	3	10	2	7	9	11	7	9	13	1	13	12	16	17	5	1	
0	17	17	13	12	23	10	13	17	12	27	18	13	21	0	17	15	11	12	19	13	12	14	1	15	3	22	21	22	10	14	
0	10	1	2	4	16	14	6	9	4	20	10	10	15	16	0	12	9	9	11	14	9	10	16	9	10	14	18	19	7	3	
0	15	10	11	9	23	14	9	13	8	12	14	13	6	14	9	0	8	13	15	10	12	14	6	7	8	18	6	7	11	7	
0	14	17	18	20	27	17	2	17	16	23	22	9	17	21	16	11	0	10	23	19	16	10	17	18	19	18	17	18	14	15	
0	22	25	26	26	25	25	10	25	22	29	28	15	23	27	24	17	8	0	29	27	14	16	21	24	23	24	23	24	12	21	
0	9	12	13	14	15	5	4	6	7	9	13	5	13	11	12	7	2	4	0	8	4	6	11	10	13	3	13	14	2	11	
0	23	17	7	17	16	17	11	14	9	20	15	6	14	18	16	8	14	14	16	0	5	7	12	14	14	15	14	15	12	8	
0	18	13	14	12	11	12	12	13	8	15	14	1	9	13	12	3	11	13	15	13	0	2	7	10	9	10	9	10	11	7	
0	22	14	15	17	22	16	13	11	6	22	12	12	20	11	13	14	11	11	13	16	11	0	12	11	14	16	20	21	9	5	
0	16	16	12	11	26	9	12	16	11	27	17	18	26	14	16	20	10	13	18	12	17	19	0	14	2	21	24	23	17	13	
0	11	3	4	6	18	15	3	10	5	21	11	10	17	18	2	12	1	10	12	15	10	11	17	0	12	15	18	19	8	4	
0	14	29	25	9	35	22	21	14	19	29	25	25	28	12	29	27	19	11	26	19	24	22	13	27	0	25	26	26	22	26	
0	17	9	10	11	21	2	10	17	4	15	10	11	19	17	9	13	8	15	11	5	10	6	17	7	18	0	19	20	13	11	
0	19	13	11	16	20	13	11	10	3	19	9	10	18	21	12	12	10	10	10	4	9	11	16	10	18	13	0	19	8	4	
0	8	13	14	2	16	12	3	15	2	18	8	6	13	18	16	8	1	10	9	7	5	7	12	14	14	12	14	0	11	12	
0	16	15	16	14	13	14	4	15	10	17	16	3	11	15	14	5	2	2	17	15	2	4	9	12	11	12	11	12	0	9	
0	17	9	10	12	17	11	8	6	1	17	7	7	15	19	8	9	6	6	8	11	6	8	13	6	15	11	15	16	4	0	
M1
0	0	0	0	0	0	0	0	0	0	0	0	0	0	0	0	0	0	0	0	0	0	0	0	0	0	0	0	0	0	0	
0	0	15	19	14	16	19	11	11	9	9	21	21	7	31	15	15	22	10	17	5	16	14	13	23	22	14	10	14	8	9	
0	10	0	29	24	26	26	18	21	19	19	31	31	17	25	25	25	27	20	27	15	26	24	23	33	25	24	20	24	15	19	
0	4	7	0	15	5	13	13	5	3	7	10	9	9	14	14	9	5	11	6	6	9	7	7	13	12	3	11	7	10	10	
0	7	11	19	0	10	18	11	10	8	12	16	15	14	27	4	2	18	16	20	11	5	12	12	20	11	8	16	14	15	15	
0	12	2	12	11	0	8	11	1	6	2	14	11	8	23	15	11	14	7	14	2	12	7	10	20	13	4	7	11	8	6	
0	20	11	21	13	9	0	12	10	13	11	23	14	13	18	17	15	17	16	19	11	4	16	15	21	16	7	16	19	14	8	
0	20	12	21	19	10	16	0	10	11	10	13	21	9	33	17	12	24	11	18	11	15	13	7	16	23	14	5	20	10	15	
0	14	4	11	10	12	18	10	0	14	12	17	17	16	25	14	10	16	6	13	1	12	17	9	19	19	10	6	10	7	5	
0	16	6	13	12	7	15	12	2	0	7	14	18	13	27	16	6	18	8	15	3	12	12	4	21	20	11	8	12	9	7	
0	12	10	17	16	11	17	9	6	4	0	12	16	15	28	16	10	19	5	12	7	16	5	8	25	18	9	12	16	6	11	
0	7	9	11	9	7	15	12	7	9	7	0	10	14	21	4	3	16	12	17	8	12	12	4	20	19	11	13	17	13	12	
0	13	3	16	7	4	12	11	5	10	6	18	0	8	21	11	4	12	11	14	6	12	11	10	24	9	2	11	12	8	2	
0	14	8	15	10	9	12	4	4	2	2	14	18	0	29	14	8	20	7	12	5	14	7	6	20	15	11	9	14	1	9	
0	11	9	19	13	10	11	10	11	12	12	8	6	14	0	12	6	2	17	4	12	15	4	12	26	15	8	15	18	7	8	
0	3	7	22	17	19	22	14	14	12	12	21	24	10	32	0	18	24	13	20	8	19	14	16	16	25	17	13	17	11	12	
0	14	12	19	7	13	21	9	8	6	13	14	22	18	33	11	0	24	14	21	9	12	10	10	25	18	15	14	18	15	13	
0	9	7	17	11	8	9	13	9	10	10	6	4	12	9	10	4	0	15	2	10	13	2	10	26	13	6	15	16	10	6	
0	18	8	16	16	6	12	4	6	10	6	11	11	10	23	15	14	14	0	7	7	11	11	3	20	13	4	9	12	1	11	
0	11	13	15	13	11	7	11	11	13	11	4	14	16	17	8	7	18	16	0	12	11	16	8	24	22	14	16	21	8	15	
0	16	13	14	9	11	17	9	11	15	11	16	16	15	26	13	11	17	5	12	0	11	16	8	18	18	9	5	9	6	4	
0	17	7	17	16	5	13	8	6	11	7	19	10	9	22	20	14	13	12	15	7	0	12	11	17	12	3	12	15	10	11	
0	7	10	18	16	8	16	17	9	14	10	7	17	14	28	11	10	22	13	20	10	17	0	11	27	21	12	15	19	14	14	
0	15	5	14	13	3	11	12	3	7	3	15	14	11	26	17	13	17	8	15	4	8	8	0	22	16	7	9	13	9	8	
0	17	9	13	17	7	15	16	7	11	7	14	12	15	17	18	12	8	12	10	8	10	10	4	0	20	11	13	8	13	12	
0	12	12	8	20	10	17	9	11	11	11	16	13	10	22	20	17	13	5	12	12	5	15	8	21	0	8	14	3	6	15	
0	14	4	14	13	2	10	10	3	8	4	16	7	6	19	17	11	10	9	12	4	14	9	8	22	9	0	9	12	7	8	
0	24	14	22	22	12	18	10	12	16	12	17	17	16	29	21	20	20	6	13	13	17	17	9	13	19	10	0	18	7	17	
0	9	9	5	18	7	15	10	8	8	9	15	12	11	19	19	14	10	8	11	9	2	12	11	18	14	5	14	0	9	13	
0	23	15	22	22	13	11	3	13	14	13	16	24	12	29	20	15	27	14	21	14	15	16	10	19	14	17	8	17	0	18	
0	12	16	21	5	15	19	11	15	13	17	19	17	19	22	9	7	13	21	15	16	10	15	17	25	16	13	16	16	8	0	
Tamanho_Tarefas
0	10	27	15	5	22	9	18	37	10	39	15	38	11	21	17	26	28	14	19	26	16	4	28	9	23	11	21	24	23	15	
Data_Entrega
0	392	411	291	245	401	273	401	337	352	273	402	380	265	366	276	335	403	316	345	284	308	335	419	413	264	378	234	397	337	241	
Penalidade_Atraso
0	20	7	15	9	8	10	7	6	7	5	8	14	4	19	16	16	10	4	12	3	17	13	17	16	6	14	10	11	6	17	
Capacidade_Veiculo
50	115	47	115	55	105	74	83	94	113	50	
Custo_Fixo_Veiculo
500	1150	470	1150	550	1050	740	830	940	1130	500	
Coordenadas_Clientes
x	0	y	0
x	94	y	0
x	93	y	19
x	76	y	34
x	73	y	53
x	50	y	55
x	59	y	103
x	37	y	115
x	10	y	96
x	-8	y	79
x	-34	y	106
x	-58	y	101
x	-60	y	67
x	-67	y	48
x	-85	y	38
x	-111	y	23
x	-82	y	0
x	-115	y	-24
x	-100	y	-44
x	-97	y	-71
x	-65	y	-72
x	-49	y	-85
x	-34	y	-105
x	-10	y	-95
x	10	y	-98
x	26	y	-81
x	43	y	-75
x	82	y	-92
x	84	y	-61
x	84	y	-37
x	88	y	-18
Tempo_Viagem
0	94	94	83	90	74	118	120	96	79	111	116	89	82	93	113	82	117	109	120	97	98	110	95	98	85	86	123	103	91	89	
94	0	19	38	57	70	108	127	127	129	166	182	167	168	182	206	176	210	198	203	174	166	165	140	128	105	90	92	61	37	18	
94	19	0	22	39	55	90	110	112	117	153	171	160	162	179	204	176	211	203	210	182	176	177	153	143	120	106	111	80	56	37	
83	38	22	0	19	33	70	89	90	95	131	149	139	143	161	187	161	199	192	202	176	172	177	155	147	125	113	126	95	71	53	
90	57	39	19	0	23	51	71	76	85	119	139	133	140	158	186	163	203	198	210	186	184	190	169	163	142	131	145	114	90	72	
74	70	55	33	23	0	48	61	57	62	98	116	110	117	136	164	143	182	179	193	171	171	180	161	158	138	130	150	120	98	82	
118	108	90	70	51	48	0	25	49	71	93	117	124	137	157	187	174	214	216	233	214	216	227	209	206	186	178	196	165	141	123	
120	127	110	89	71	61	25	0	33	57	71	95	108	123	143	173	165	205	209	229	213	217	230	215	214	196	190	211	181	159	142	
96	127	112	90	76	57	49	33	0	24	45	68	75	90	110	140	132	172	177	198	183	190	205	191	194	177	174	201	173	152	138	
79	129	117	95	85	62	71	57	24	0	37	54	53	66	86	116	108	148	153	174	161	169	185	174	177	163	162	193	167	148	136	
111	166	153	131	119	98	93	71	45	37	0	24	46	66	84	113	116	152	163	187	180	191	211	202	208	196	196	229	204	185	173	
116	182	171	149	139	116	117	95	68	54	24	0	34	53	68	94	103	136	150	175	173	186	207	201	210	200	202	238	215	198	188	
89	167	160	139	133	110	124	108	75	53	46	34	0	20	38	67	70	106	117	142	139	152	173	169	179	171	175	212	192	177	170	
82	168	162	143	140	117	137	123	90	66	66	53	20	0	20	50	50	86	97	122	120	134	156	153	165	159	165	204	185	173	168	
93	182	179	161	158	136	157	143	110	86	84	68	38	20	0	30	38	68	83	109	111	128	151	152	165	162	170	211	195	184	181	
113	206	204	187	186	164	187	173	140	116	113	94	67	50	30	0	37	47	67	94	105	124	149	155	171	172	182	224	212	204	202	
82	176	176	161	163	143	174	165	132	108	116	103	70	50	38	37	0	40	47	72	73	91	115	119	134	135	145	187	176	170	170	
117	210	211	199	203	182	214	205	172	148	152	136	106	86	68	47	40	0	25	50	69	89	114	126	145	152	166	208	202	199	203	
109	198	203	192	198	179	216	209	177	153	163	150	117	97	83	67	47	25	0	27	44	64	89	103	122	131	146	188	184	184	189	
120	203	210	202	210	193	233	229	198	174	187	175	142	122	109	94	72	50	27	0	32	50	71	90	110	123	140	180	181	184	192	
97	174	182	176	186	171	214	213	183	161	180	173	139	120	111	105	73	69	44	32	0	20	45	59	79	91	108	148	149	153	162	
98	166	176	172	184	171	216	217	190	169	191	186	152	134	128	124	91	89	64	50	20	0	25	40	60	75	92	131	135	141	152	
110	165	177	177	190	180	227	230	205	185	211	207	173	156	151	149	115	114	89	71	45	25	0	26	44	64	82	116	125	136	149	
95	140	153	155	169	161	209	215	191	174	202	201	169	153	152	155	119	126	103	90	59	40	26	0	20	38	56	92	99	110	124	
98	128	143	147	163	158	206	214	194	177	208	210	179	165	165	171	134	145	122	110	79	60	44	20	0	23	40	72	82	95	111	
85	105	120	125	142	138	186	196	177	163	196	200	171	159	162	172	135	152	131	123	91	75	64	38	23	0	18	57	61	72	88	
86	90	106	113	131	130	178	190	174	162	196	202	175	165	170	182	145	166	146	140	108	92	82	56	40	18	0	42	43	55	72	
123	92	111	126	145	150	196	211	201	193	229	238	212	204	211	224	187	208	188	180	148	131	116	92	72	57	42	0	31	55	74	
103	61	80	95	114	120	165	181	173	167	204	215	192	185	195	212	176	202	184	181	149	135	125	99	82	61	43	31	0	24	43	
91	37	56	71	90	98	141	159	152	148	185	198	177	173	184	204	170	199	184	184	153	141	136	110	95	72	55	55	24	0	19	
89	18	37	53	72	82	123	142	138	136	173	188	170	168	181	202	170	203	189	192	162	152	149	124	111	88	72	74	43	19	0	
Custo_Viagem
V0
0	940	940	830	900	740	1180	1200	960	790	1110	1160	890	820	930	1130	820	1170	1090	1200	970	980	1100	950	980	850	860	1230	1030	910	890	
940	0	190	380	570	700	1080	1280	1270	1290	1660	1820	1670	1680	1820	2060	1760	2100	1980	2030	1740	1660	1650	1400	1290	1050	900	920	610	380	180	
940	190	0	220	390	560	900	1110	1130	1170	1530	1710	1600	1620	1790	2040	1760	2120	2030	2100	1820	1760	1770	1530	1430	1200	1060	1110	800	560	370	
830	380	220	0	190	330	710	890	900	950	1310	1490	1390	1430	1610	1870	1610	1990	1920	2020	1760	1720	1770	1550	1470	1250	1130	1260	950	710	530	
900	570	390	190	0	230	510	710	760	850	1190	1390	1330	1400	1580	1860	1630	2030	1980	2100	1860	1840	1900	1690	1630	1420	1310	1450	1140	900	720	
740	700	560	330	230	0	480	610	570	620	980	1170	1100	1170	1360	1640	1430	1820	1790	1930	1710	1710	1800	1610	1580	1380	1300	1500	1200	980	820	
1180	1080	900	710	510	480	0	250	490	710	930	1170	1240	1370	1570	1870	1740	2150	2160	2330	2140	2160	2270	2090	2060	1860	1780	1960	1650	1420	1240	
1200	1280	1110	890	710	610	250	0	330	570	710	960	1080	1230	1440	1740	1650	2050	2090	2290	2130	2170	2310	2150	2140	1960	1900	2110	1820	1590	1420	
960	1270	1130	900	760	570	490	330	0	240	450	680	750	900	1110	1410	1320	1730	1780	1980	1830	1900	2050	1920	1940	1770	1740	2010	1730	1520	1380	
790	1290	1170	950	850	620	710	570	240	0	370	540	530	660	870	1170	1080	1480	1530	1740	1610	1690	1850	1740	1770	1630	1620	1930	1670	1480	1360	
1110	1660	1530	1310	1190	980	930	710	450	370	0	240	460	660	850	1130	1160	1530	1630	1870	1800	1910	2110	2020	2080	1960	1960	2290	2040	1850	1730	
1160	1820	1710	1490	1390	1170	1170	960	680	540	240	0	340	530	680	940	1030	1370	1500	1760	1730	1860	2070	2010	2100	2000	2020	2380	2150	1980	1880	
890	1670	1600	1390	1330	1100	1240	1080	750	530	460	340	0	200	380	670	700	1060	1170	1420	1390	1520	1730	1690	1790	1710	1750	2130	1920	1770	1700	
820	1680	1620	1430	1400	1170	1370	1230	900	660	660	530	200	0	200	500	500	860	970	1220	1200	1340	1560	1530	1650	1590	1650	2040	1860	1730	1680	
930	1820	1790	1610	1580	1360	1570	1440	1110	870	850	680	380	200	0	300	380	680	830	1090	1110	1280	1510	1520	1650	1620	1700	2110	1950	1840	1810	
1130	2060	2040	1870	1860	1640	1870	1740	1410	1170	1130	940	670	500	300	0	370	470	670	950	1050	1240	1490	1550	1710	1720	1820	2240	2120	2040	2030	
820	1760	1760	1610	1630	1430	1740	1650	1320	1080	1160	1030	700	500	380	370	0	400	470	720	730	910	1150	1190	1340	1350	1450	1880	1760	1700	1700	
1170	2100	2120	1990	2030	1820	2150	2050	1730	1480	1530	1370	1060	860	680	470	400	0	250	500	690	890	1140	1260	1450	1520	1660	2080	2020	1990	2030	
1090	1980	2030	1920	1980	1790	2160	2090	1780	1530	1630	1500	1170	970	830	670	470	250	0	270	440	650	890	1030	1220	1310	1460	1880	1840	1840	1890	
1200	2030	2100	2020	2100	1930	2330	2290	1980	1740	1870	1760	1420	1220	1090	950	720	500	270	0	320	500	710	900	1100	1230	1400	1800	1810	1840	1920	
970	1740	1820	1760	1860	1710	2140	2130	1830	1610	1800	1730	1390	1200	1110	1050	730	690	440	320	0	200	450	590	790	910	1080	1480	1490	1530	1620	
980	1660	1760	1720	1840	1710	2160	2170	1900	1690	1910	1860	1520	1340	1280	1240	910	890	650	500	200	0	250	400	600	750	920	1310	1350	1410	1520	
1100	1650	1770	1770	1900	1800	2270	2310	2050	1850	2110	2070	1730	1560	1510	1490	1150	1140	890	710	450	250	0	260	440	640	820	1160	1250	1360	1490	
950	1400	1530	1550	1690	1610	2090	2150	1920	1740	2020	2010	1690	1530	1520	1550	1190	1260	1030	900	590	400	260	0	200	380	560	920	990	1100	1240	
980	1290	1430	1470	1630	1580	2060	2140	1940	1770	2080	2100	1790	1650	1650	1710	1340	1450	1220	1100	790	600	440	200	0	230	400	720	820	950	1110	
850	1050	1200	1250	1420	1380	1860	1960	1770	1630	1960	2000	1710	1590	1620	1720	1350	1520	1310	1230	910	750	640	380	230	0	180	570	610	720	880	
860	900	1060	1130	1310	1300	1780	1900	1740	1620	1960	2020	1750	1650	1700	1820	1450	1660	1460	1400	1080	920	820	560	400	180	0	420	430	550	720	
1230	920	1110	1260	1450	1500	1960	2110	2010	1930	2290	2380	2130	2040	2110	2240	1880	2080	1880	1800	1480	1310	1160	920	720	570	420	0	310	550	740	
1030	610	800	950	1140	1200	1650	1820	1730	1670	2040	2150	1920	1860	1950	2120	1760	2020	1840	1810	1490	1350	1250	990	820	610	430	310	0	240	430	
910	380	560	710	900	980	1420	1590	1520	1480	1850	1980	1770	1730	1840	2040	1700	1990	1840	1840	1530	1410	1360	1100	950	720	550	550	240	0	190	
890	180	370	530	720	820	1240	1420	1380	1360	1730	1880	1700	1680	1810	2030	1700	2030	1890	1920	1620	1520	1490	1240	1110	880	720	740	430	190	0	
V1
0	2162	2162	1909	2070	1702	2714	2760	2208	1817	2553	2668	2047	1886	2139	2599	1886	2691	2507	2760	2231	2254	2530	2185	2254	1955	1978	2829	2369	2093	2047	
2162	0	437	874	1311	1610	2484	2944	2921	2967	3818	4186	3841	3864	4186	4738	4048	4830	4554	4669	4002	3818	3795	3220	2967	2415	2070	2116	1403	874	414	
2162	437	0	506	897	1288	2070	2553	2599	2691	3519	3933	3680	3726	4117	4692	4048	4876	4669	4830	4186	4048	4071	3519	3289	2760	2438	2553	1840	1288	851	
1909	874	506	0	437	759	1633	2047	2070	2185	3013	3427	3197	3289	3703	4301	3703	4577	4416	4646	4048	3956	4071	3565	3381	2875	2599	2898	2185	1633	1219	
2070	1311	897	437	0	529	1173	1633	1748	1955	2737	3197	3059	3220	3634	4278	3749	4669	4554	4830	4278	4232	4370	3887	3749	3266	3013	3335	2622	2070	1656	
1702	1610	1288	759	529	0	1104	1403	1311	1426	2254	2691	2530	2691	3128	3772	3289	4186	4117	4439	3933	3933	4140	3703	3634	3174	2990	3450	2760	2254	1886	
2714	2484	2070	1633	1173	1104	0	575	1127	1633	2139	2691	2852	3151	3611	4301	4002	4945	4968	5359	4922	4968	5221	4807	4738	4278	4094	4508	3795	3266	2852	
2760	2944	2553	2047	1633	1403	575	0	759	1311	1633	2208	2484	2829	3312	4002	3795	4715	4807	5267	4899	4991	5313	4945	4922	4508	4370	4853	4186	3657	3266	
2208	2921	2599	2070	1748	1311	1127	759	0	552	1035	1564	1725	2070	2553	3243	3036	3979	4094	4554	4209	4370	4715	4416	4462	4071	4002	4623	3979	3496	3174	
1817	2967	2691	2185	1955	1426	1633	1311	552	0	851	1242	1219	1518	2001	2691	2484	3404	3519	4002	3703	3887	4255	4002	4071	3749	3726	4439	3841	3404	3128	
2553	3818	3519	3013	2737	2254	2139	1633	1035	851	0	552	1058	1518	1955	2599	2668	3519	3749	4301	4140	4393	4853	4646	4784	4508	4508	5267	4692	4255	3979	
2668	4186	3933	3427	3197	2691	2691	2208	1564	1242	552	0	782	1219	1564	2162	2369	3151	3450	4048	3979	4278	4761	4623	4830	4600	4646	5474	4945	4554	4324	
2047	3841	3680	3197	3059	2530	2852	2484	1725	1219	1058	782	0	460	874	1541	1610	2438	2691	3266	3197	3496	3979	3887	4117	3933	4025	4899	4416	4071	3910	
1886	3864	3726	3289	3220	2691	3151	2829	2070	1518	1518	1219	460	0	460	1150	1150	1978	2231	2806	2760	3082	3588	3519	3795	3657	3795	4692	4278	3979	3864	
2139	4186	4117	3703	3634	3128	3611	3312	2553	2001	1955	1564	874	460	0	690	874	1564	1909	2507	2553	2944	3473	3496	3795	3726	3910	4853	4485	4232	4163	
2599	4738	4692	4301	4278	3772	4301	4002	3243	2691	2599	2162	1541	1150	690	0	851	1081	1541	2185	2415	2852	3427	3565	3933	3956	4186	5152	4876	4692	4669	
1886	4048	4048	3703	3749	3289	4002	3795	3036	2484	2668	2369	1610	1150	874	851	0	920	1081	1656	1679	2093	2645	2737	3082	3105	3335	4324	4048	3910	3910	
2691	4830	4876	4577	4669	4186	4945	4715	3979	3404	3519	3151	2438	1978	1564	1081	920	0	575	1150	1587	2047	2622	2898	3335	3496	3818	4784	4646	4577	4669	
2507	4554	4669	4416	4554	4117	4968	4807	4094	3519	3749	3450	2691	2231	1909	1541	1081	575	0	621	1012	1495	2047	2369	2806	3013	3358	4324	4232	4232	4347	
2760	4669	4830	4646	4830	4439	5359	5267	4554	4002	4301	4048	3266	2806	2507	2185	1656	1150	621	0	736	1150	1633	2070	2530	2829	3220	4140	4163	4232	4416	
2231	4002	4186	4048	4278	3933	4922	4899	4209	3703	4140	3979	3197	2760	2553	2415	1679	1587	1012	736	0	460	1035	1357	1817	2093	2484	3404	3427	3519	3726	
2254	3818	4048	3956	4232	3933	4968	4991	4370	3887	4393	4278	3496	3082	2944	2852	2093	2047	1495	1150	460	0	575	920	1380	1725	2116	3013	3105	3243	3496	
2530	3795	4071	4071	4370	4140	5221	5313	4715	4255	4853	4761	3979	3588	3473	3427	2645	2622	2047	1633	1035	575	0	598	1012	1472	1886	2668	2875	3128	3427	
2185	3220	3519	3565	3887	3703	4807	4945	4416	4002	4646	4623	3887	3519	3496	3565	2737	2898	2369	2070	1357	920	598	0	460	874	1288	2116	2277	2530	2852	
2254	2967	3289	3381	3749	3634	4738	4922	4462	4071	4784	4830	4117	3795	3795	3933	3082	3335	2806	2530	1817	1380	1012	460	0	529	920	1656	1886	2185	2553	
1955	2415	2760	2875	3266	3174	4278	4508	4071	3749	4508	4600	3933	3657	3726	3956	3105	3496	3013	2829	2093	1725	1472	874	529	0	414	1311	1403	1656	2024	
1978	2070	2438	2599	3013	2990	4094	4370	4002	3726	4508	4646	4025	3795	3910	4186	3335	3818	3358	3220	2484	2116	1886	1288	920	414	0	966	989	1265	1656	
2829	2116	2553	2898	3335	3450	4508	4853	4623	4439	5267	5474	4899	4692	4853	5152	4324	4784	4324	4140	3404	3013	2668	2116	1656	1311	966	0	713	1265	1702	
2369	1403	1840	2185	2622	2760	3795	4186	3979	3841	4692	4945	4416	4278	4485	4876	4048	4646	4232	4163	3427	3105	2875	2277	1886	1403	989	713	0	552	989	
2093	874	1288	1633	2070	2254	3266	3657	3496	3404	4255	4554	4071	3979	4232	4692	3910	4577	4232	4232	3519	3243	3128	2530	2185	1656	1265	1265	552	0	437	
2047	414	851	1219	1656	1886	2852	3266	3174	3128	3979	4324	3910	3864	4163	4669	3910	4669	4347	4416	3726	3496	3427	2852	2553	2024	1656	1702	989	437	0	
V2
0	883	883	780	846	695	1109	1128	902	742	1043	1090	836	770	874	1062	770	1099	1024	1128	911	921	1034	893	921	799	808	1156	968	855	836	
883	0	178	357	535	658	1015	1203	1193	1212	1560	1710	1569	1579	1710	1936	1654	1974	1861	1908	1635	1560	1551	1316	1212	987	846	864	573	357	169	
883	178	0	206	366	526	846	1043	1062	1099	1438	1607	1504	1522	1682	1917	1654	1992	1908	1974	1710	1654	1663	1438	1344	1128	996	1043	752	526	347	
780	357	206	0	178	310	667	836	846	893	1231	1400	1306	1344	1513	1757	1513	1870	1804	1898	1654	1616	1663	1457	1381	1175	1062	1184	893	667	498	
846	535	366	178	0	216	479	667	714	799	1118	1306	1250	1316	1485	1748	1532	1908	1861	1974	1748	1729	1786	1588	1532	1334	1231	1363	1071	846	676	
695	658	526	310	216	0	451	573	535	582	921	1099	1034	1099	1278	1541	1344	1710	1682	1814	1607	1607	1692	1513	1485	1297	1222	1410	1128	921	770	
1109	1015	846	667	479	451	0	235	460	667	874	1099	1165	1287	1475	1757	1635	2021	2030	2190	2011	2030	2133	1964	1936	1748	1673	1842	1551	1334	1165	
1128	1203	1043	836	667	573	235	0	310	535	667	902	1015	1156	1353	1635	1551	1927	1964	2152	2002	2039	2171	2021	2011	1842	1786	1983	1710	1494	1334	
902	1193	1062	846	714	535	460	310	0	225	423	639	705	846	1043	1325	1240	1626	1673	1861	1720	1786	1927	1804	1823	1663	1635	1889	1626	1428	1297	
742	1212	1099	893	799	582	667	535	225	0	347	507	498	620	817	1099	1015	1391	1438	1635	1513	1588	1739	1635	1663	1532	1522	1814	1569	1391	1278	
1043	1560	1438	1231	1118	921	874	667	423	347	0	225	432	620	799	1062	1090	1438	1532	1757	1692	1795	1983	1898	1955	1842	1842	2152	1917	1739	1626	
1090	1710	1607	1400	1306	1099	1099	902	639	507	225	0	319	498	639	883	968	1287	1410	1654	1626	1748	1945	1889	1974	1880	1898	2237	2021	1861	1767	
836	1569	1504	1306	1250	1034	1165	1015	705	498	432	319	0	188	357	629	658	996	1099	1334	1306	1428	1626	1588	1682	1607	1645	2002	1804	1663	1598	
770	1579	1522	1344	1316	1099	1287	1156	846	620	620	498	188	0	188	470	470	808	911	1146	1128	1259	1466	1438	1551	1494	1551	1917	1748	1626	1579	
874	1710	1682	1513	1485	1278	1475	1353	1043	817	799	639	357	188	0	282	357	639	780	1024	1043	1203	1419	1428	1551	1522	1598	1983	1833	1729	1701	
1062	1936	1917	1757	1748	1541	1757	1635	1325	1099	1062	883	629	470	282	0	347	441	629	893	987	1165	1400	1457	1607	1616	1710	2105	1992	1917	1908	
770	1654	1654	1513	1532	1344	1635	1551	1240	1015	1090	968	658	470	357	347	0	376	441	676	686	855	1081	1118	1259	1269	1363	1767	1654	1598	1598	
1099	1974	1992	1870	1908	1710	2021	1927	1626	1391	1438	1287	996	808	639	441	376	0	235	470	648	836	1071	1184	1363	1428	1560	1955	1898	1870	1908	
1024	1861	1908	1804	1861	1682	2030	1964	1673	1438	1532	1410	1099	911	780	629	441	235	0	253	413	611	836	968	1146	1231	1372	1767	1729	1729	1776	
1128	1908	1974	1898	1974	1814	2190	2152	1861	1635	1757	1654	1334	1146	1024	893	676	470	253	0	300	470	667	846	1034	1156	1316	1692	1701	1729	1804	
911	1635	1710	1654	1748	1607	2011	2002	1720	1513	1692	1626	1306	1128	1043	987	686	648	413	300	0	188	423	554	742	855	1015	1391	1400	1438	1522	
921	1560	1654	1616	1729	1607	2030	2039	1786	1588	1795	1748	1428	1259	1203	1165	855	836	611	470	188	0	235	376	564	705	864	1231	1269	1325	1428	
1034	1551	1663	1663	1786	1692	2133	2171	1927	1739	1983	1945	1626	1466	1419	1400	1081	1071	836	667	423	235	0	244	413	601	770	1090	1175	1278	1400	
893	1316	1438	1457	1588	1513	1964	2021	1804	1635	1898	1889	1588	1438	1428	1457	1118	1184	968	846	554	376	244	0	188	357	526	864	930	1034	1165	
921	1212	1344	1381	1532	1485	1936	2011	1823	1663	1955	1974	1682	1551	1551	1607	1259	1363	1146	1034	742	564	413	188	0	216	376	676	770	893	1043	
799	987	1128	1175	1334	1297	1748	1842	1663	1532	1842	1880	1607	1494	1522	1616	1269	1428	1231	1156	855	705	601	357	216	0	169	535	573	676	827	
808	846	996	1062	1231	1222	1673	1786	1635	1522	1842	1898	1645	1551	1598	1710	1363	1560	1372	1316	1015	864	770	526	376	169	0	394	404	517	676	
1156	864	1043	1184	1363	1410	1842	1983	1889	1814	2152	2237	2002	1917	1983	2105	1767	1955	1767	1692	1391	1231	1090	864	676	535	394	0	291	517	695	
968	573	752	893	1071	1128	1551	1710	1626	1569	1917	2021	1804	1748	1833	1992	1654	1898	1729	1701	1400	1269	1175	930	770	573	404	291	0	225	404	
855	357	526	667	846	921	1334	1494	1428	1391	1739	1861	1663	1626	1729	1917	1598	1870	1729	1729	1438	1325	1278	1034	893	676	517	517	225	0	178	
836	169	347	498	676	770	1165	1334	1297	1278	1626	1767	1598	1579	1701	1908	1598	1908	1776	1804	1522	1428	1400	1165	1043	827	676	695	404	178	0	
V3
0	2162	2162	1909	2070	1702	2714	2760	2208	1817	2553	2668	2047	1886	2139	2599	1886	2691	2507	2760	2231	2254	2530	2185	2254	1955	1978	2829	2369	2093	2047	
2162	0	437	874	1311	1610	2484	2944	2921	2967	3818	4186	3841	3864	4186	4738	4048	4830	4554	4669	4002	3818	3795	3220	2967	2415	2070	2116	1403	874	414	
2162	437	0	506	897	1288	2070	2553	2599	2691	3519	3933	3680	3726	4117	4692	4048	4876	4669	4830	4186	4048	4071	3519	3289	2760	2438	2553	1840	1288	851	
1909	874	506	0	437	759	1633	2047	2070	2185	3013	3427	3197	3289	3703	4301	3703	4577	4416	4646	4048	3956	4071	3565	3381	2875	2599	2898	2185	1633	1219	
2070	1311	897	437	0	529	1173	1633	1748	1955	2737	3197	3059	3220	3634	4278	3749	4669	4554	4830	4278	4232	4370	3887	3749	3266	3013	3335	2622	2070	1656	
1702	1610	1288	759	529	0	1104	1403	1311	1426	2254	2691	2530	2691	3128	3772	3289	4186	4117	4439	3933	3933	4140	3703	3634	3174	2990	3450	2760	2254	1886	
2714	2484	2070	1633	1173	1104	0	575	1127	1633	2139	2691	2852	3151	3611	4301	4002	4945	4968	5359	4922	4968	5221	4807	4738	4278	4094	4508	3795	3266	2852	
2760	2944	2553	2047	1633	1403	575	0	759	1311	1633	2208	2484	2829	3312	4002	3795	4715	4807	5267	4899	4991	5313	4945	4922	4508	4370	4853	4186	3657	3266	
2208	2921	2599	2070	1748	1311	1127	759	0	552	1035	1564	1725	2070	2553	3243	3036	3979	4094	4554	4209	4370	4715	4416	4462	4071	4002	4623	3979	3496	3174	
1817	2967	2691	2185	1955	1426	1633	1311	552	0	851	1242	1219	1518	2001	2691	2484	3404	3519	4002	3703	3887	4255	4002	4071	3749	3726	4439	3841	3404	3128	
2553	3818	3519	3013	2737	2254	2139	1633	1035	851	0	552	1058	1518	1955	2599	2668	3519	3749	4301	4140	4393	4853	4646	4784	4508	4508	5267	4692	4255	3979	
2668	4186	3933	3427	3197	2691	2691	2208	1564	1242	552	0	782	1219	1564	2162	2369	3151	3450	4048	3979	4278	4761	4623	4830	4600	4646	5474	4945	4554	4324	
2047	3841	3680	3197	3059	2530	2852	2484	1725	1219	1058	782	0	460	874	1541	1610	2438	2691	3266	3197	3496	3979	3887	4117	3933	4025	4899	4416	4071	3910	
1886	3864	3726	3289	3220	2691	3151	2829	2070	1518	1518	1219	460	0	460	1150	1150	1978	2231	2806	2760	3082	3588	3519	3795	3657	3795	4692	4278	3979	3864	
2139	4186	4117	3703	3634	3128	3611	3312	2553	2001	1955	1564	874	460	0	690	874	1564	1909	2507	2553	2944	3473	3496	3795	3726	3910	4853	4485	4232	4163	
2599	4738	4692	4301	4278	3772	4301	4002	3243	2691	2599	2162	1541	1150	690	0	851	1081	1541	2185	2415	2852	3427	3565	3933	3956	4186	5152	4876	4692	4669	
1886	4048	4048	3703	3749	3289	4002	3795	3036	2484	2668	2369	1610	1150	874	851	0	920	1081	1656	1679	2093	2645	2737	3082	3105	3335	4324	4048	3910	3910	
2691	4830	4876	4577	4669	4186	4945	4715	3979	3404	3519	3151	2438	1978	1564	1081	920	0	575	1150	1587	2047	2622	2898	3335	3496	3818	4784	4646	4577	4669	
2507	4554	4669	4416	4554	4117	4968	4807	4094	3519	3749	3450	2691	2231	1909	1541	1081	575	0	621	1012	1495	2047	2369	2806	3013	3358	4324	4232	4232	4347	
2760	4669	4830	4646	4830	4439	5359	5267	4554	4002	4301	4048	3266	2806	2507	2185	1656	1150	621	0	736	1150	1633	2070	2530	2829	3220	4140	4163	4232	4416	
2231	4002	4186	4048	4278	3933	4922	4899	4209	3703	4140	3979	3197	2760	2553	2415	1679	1587	1012	736	0	460	1035	1357	1817	2093	2484	3404	3427	3519	3726	
2254	3818	4048	3956	4232	3933	4968	4991	4370	3887	4393	4278	3496	3082	2944	2852	2093	2047	1495	1150	460	0	575	920	1380	1725	2116	3013	3105	3243	3496	
2530	3795	4071	4071	4370	4140	5221	5313	4715	4255	4853	4761	3979	3588	3473	3427	2645	2622	2047	1633	1035	575	0	598	1012	1472	1886	2668	2875	3128	3427	
2185	3220	3519	3565	3887	3703	4807	4945	4416	4002	4646	4623	3887	3519	3496	3565	2737	2898	2369	2070	1357	920	598	0	460	874	1288	2116	2277	2530	2852	
2254	2967	3289	3381	3749	3634	4738	4922	4462	4071	4784	4830	4117	3795	3795	3933	3082	3335	2806	2530	1817	1380	1012	460	0	529	920	1656	1886	2185	2553	
1955	2415	2760	2875	3266	3174	4278	4508	4071	3749	4508	4600	3933	3657	3726	3956	3105	3496	3013	2829	2093	1725	1472	874	529	0	414	1311	1403	1656	2024	
1978	2070	2438	2599	3013	2990	4094	4370	4002	3726	4508	4646	4025	3795	3910	4186	3335	3818	3358	3220	2484	2116	1886	1288	920	414	0	966	989	1265	1656	
2829	2116	2553	2898	3335	3450	4508	4853	4623	4439	5267	5474	4899	4692	4853	5152	4324	4784	4324	4140	3404	3013	2668	2116	1656	1311	966	0	713	1265	1702	
2369	1403	1840	2185	2622	2760	3795	4186	3979	3841	4692	4945	4416	4278	4485	4876	4048	4646	4232	4163	3427	3105	2875	2277	1886	1403	989	713	0	552	989	
2093	874	1288	1633	2070	2254	3266	3657	3496	3404	4255	4554	4071	3979	4232	4692	3910	4577	4232	4232	3519	3243	3128	2530	2185	1656	1265	1265	552	0	437	
2047	414	851	1219	1656	1886	2852	3266	3174	3128	3979	4324	3910	3864	4163	4669	3910	4669	4347	4416	3726	3496	3427	2852	2553	2024	1656	1702	989	437	0	
V4
0	1034	1034	913	990	814	1298	1320	1056	869	1221	1276	979	902	1023	1243	902	1287	1199	1320	1067	1078	1210	1045	1078	935	946	1353	1133	1001	979	
1034	0	209	418	627	770	1188	1408	1397	1419	1826	2002	1837	1848	2002	2266	1936	2310	2178	2233	1914	1826	1815	1540	1419	1155	990	1012	671	418	198	
1034	209	0	242	429	616	990	1221	1243	1287	1683	1881	1760	1782	1969	2244	1936	2332	2233	2310	2002	1936	1947	1683	1573	1320	1166	1221	880	616	407	
913	418	242	0	209	363	781	979	990	1045	1441	1639	1529	1573	1771	2057	1771	2189	2112	2222	1936	1892	1947	1705	1617	1375	1243	1386	1045	781	583	
990	627	429	209	0	253	561	781	836	935	1309	1529	1463	1540	1738	2046	1793	2233	2178	2310	2046	2024	2090	1859	1793	1562	1441	1595	1254	990	792	
814	770	616	363	253	0	528	671	627	682	1078	1287	1210	1287	1496	1804	1573	2002	1969	2123	1881	1881	1980	1771	1738	1518	1430	1650	1320	1078	902	
1298	1188	990	781	561	528	0	275	539	781	1023	1287	1364	1507	1727	2057	1914	2365	2376	2563	2354	2376	2497	2299	2266	2046	1958	2156	1815	1562	1364	
1320	1408	1221	979	781	671	275	0	363	627	781	1056	1188	1353	1584	1914	1815	2255	2299	2519	2343	2387	2541	2365	2354	2156	2090	2321	2002	1749	1562	
1056	1397	1243	990	836	627	539	363	0	264	495	748	825	990	1221	1551	1452	1903	1958	2178	2013	2090	2255	2112	2134	1947	1914	2211	1903	1672	1518	
869	1419	1287	1045	935	682	781	627	264	0	407	594	583	726	957	1287	1188	1628	1683	1914	1771	1859	2035	1914	1947	1793	1782	2123	1837	1628	1496	
1221	1826	1683	1441	1309	1078	1023	781	495	407	0	264	506	726	935	1243	1276	1683	1793	2057	1980	2101	2321	2222	2288	2156	2156	2519	2244	2035	1903	
1276	2002	1881	1639	1529	1287	1287	1056	748	594	264	0	374	583	748	1034	1133	1507	1650	1936	1903	2046	2277	2211	2310	2200	2222	2618	2365	2178	2068	
979	1837	1760	1529	1463	1210	1364	1188	825	583	506	374	0	220	418	737	770	1166	1287	1562	1529	1672	1903	1859	1969	1881	1925	2343	2112	1947	1870	
902	1848	1782	1573	1540	1287	1507	1353	990	726	726	583	220	0	220	550	550	946	1067	1342	1320	1474	1716	1683	1815	1749	1815	2244	2046	1903	1848	
1023	2002	1969	1771	1738	1496	1727	1584	1221	957	935	748	418	220	0	330	418	748	913	1199	1221	1408	1661	1672	1815	1782	1870	2321	2145	2024	1991	
1243	2266	2244	2057	2046	1804	2057	1914	1551	1287	1243	1034	737	550	330	0	407	517	737	1045	1155	1364	1639	1705	1881	1892	2002	2464	2332	2244	2233	
902	1936	1936	1771	1793	1573	1914	1815	1452	1188	1276	1133	770	550	418	407	0	440	517	792	803	1001	1265	1309	1474	1485	1595	2068	1936	1870	1870	
1287	2310	2332	2189	2233	2002	2365	2255	1903	1628	1683	1507	1166	946	748	517	440	0	275	550	759	979	1254	1386	1595	1672	1826	2288	2222	2189	2233	
1199	2178	2233	2112	2178	1969	2376	2299	1958	1683	1793	1650	1287	1067	913	737	517	275	0	297	484	715	979	1133	1342	1441	1606	2068	2024	2024	2079	
1320	2233	2310	2222	2310	2123	2563	2519	2178	1914	2057	1936	1562	1342	1199	1045	792	550	297	0	352	550	781	990	1210	1353	1540	1980	1991	2024	2112	
1067	1914	2002	1936	2046	1881	2354	2343	2013	1771	1980	1903	1529	1320	1221	1155	803	759	484	352	0	220	495	649	869	1001	1188	1628	1639	1683	1782	
1078	1826	1936	1892	2024	1881	2376	2387	2090	1859	2101	2046	1672	1474	1408	1364	1001	979	715	550	220	0	275	440	660	825	1012	1441	1485	1551	1672	
1210	1815	1947	1947	2090	1980	2497	2541	2255	2035	2321	2277	1903	1716	1661	1639	1265	1254	979	781	495	275	0	286	484	704	902	1276	1375	1496	1639	
1045	1540	1683	1705	1859	1771	2299	2365	2112	1914	2222	2211	1859	1683	1672	1705	1309	1386	1133	990	649	440	286	0	220	418	616	1012	1089	1210	1364	
1078	1419	1573	1617	1793	1738	2266	2354	2134	1947	2288	2310	1969	1815	1815	1881	1474	1595	1342	1210	869	660	484	220	0	253	440	792	902	1045	1221	
935	1155	1320	1375	1562	1518	2046	2156	1947	1793	2156	2200	1881	1749	1782	1892	1485	1672	1441	1353	1001	825	704	418	253	0	198	627	671	792	968	
946	990	1166	1243	1441	1430	1958	2090	1914	1782	2156	2222	1925	1815	1870	2002	1595	1826	1606	1540	1188	1012	902	616	440	198	0	462	473	605	792	
1353	1012	1221	1386	1595	1650	2156	2321	2211	2123	2519	2618	2343	2244	2321	2464	2068	2288	2068	1980	1628	1441	1276	1012	792	627	462	0	341	605	814	
1133	671	880	1045	1254	1320	1815	2002	1903	1837	2244	2365	2112	2046	2145	2332	1936	2222	2024	1991	1639	1485	1375	1089	902	671	473	341	0	264	473	
1001	418	616	781	990	1078	1562	1749	1672	1628	2035	2178	1947	1903	2024	2244	1870	2189	2024	2024	1683	1551	1496	1210	1045	792	605	605	264	0	209	
979	198	407	583	792	902	1364	1562	1518	1496	1903	2068	1870	1848	1991	2233	1870	2233	2079	2112	1782	1672	1639	1364	1221	968	792	814	473	209	0	
V5
0	1974	1974	1743	1890	1554	2478	2520	2016	1659	2331	2436	1869	1722	1953	2373	1722	2457	2289	2520	2037	2058	2310	1995	2058	1785	1806	2583	2163	1911	1869	
1974	0	399	798	1197	1470	2268	2688	2667	2709	3486	3822	3507	3528	3822	4326	3696	4410	4158	4263	3654	3486	3465	2940	2709	2205	1890	1932	1281	798	378	
1974	399	0	462	819	1176	1890	2331	2373	2457	3213	3591	3360	3402	3759	4284	3696	4452	4263	4410	3822	3696	3717	3213	3003	2520	2226	2331	1680	1176	777	
1743	798	462	0	399	693	1491	1869	1890	1995	2751	3129	2919	3003	3381	3927	3381	4179	4032	4242	3696	3612	3717	3255	3087	2625	2373	2646	1995	1491	1113	
1890	1197	819	399	0	483	1071	1491	1596	1785	2499	2919	2793	2940	3318	3906	3423	4263	4158	4410	3906	3864	3990	3549	3423	2982	2751	3045	2394	1890	1512	
1554	1470	1176	693	483	0	1008	1281	1197	1302	2058	2457	2310	2457	2856	3444	3003	3822	3759	4053	3591	3591	3780	3381	3318	2898	2730	3150	2520	2058	1722	
2478	2268	1890	1491	1071	1008	0	525	1029	1491	1953	2457	2604	2877	3297	3927	3654	4515	4536	4893	4494	4536	4767	4389	4326	3906	3738	4116	3465	2982	2604	
2520	2688	2331	1869	1491	1281	525	0	693	1197	1491	2016	2268	2583	3024	3654	3465	4305	4389	4809	4473	4557	4851	4515	4494	4116	3990	4431	3822	3339	2982	
2016	2667	2373	1890	1596	1197	1029	693	0	504	945	1428	1575	1890	2331	2961	2772	3633	3738	4158	3843	3990	4305	4032	4074	3717	3654	4221	3633	3192	2898	
1659	2709	2457	1995	1785	1302	1491	1197	504	0	777	1134	1113	1386	1827	2457	2268	3108	3213	3654	3381	3549	3885	3654	3717	3423	3402	4053	3507	3108	2856	
2331	3486	3213	2751	2499	2058	1953	1491	945	777	0	504	966	1386	1785	2373	2436	3213	3423	3927	3780	4011	4431	4242	4368	4116	4116	4809	4284	3885	3633	
2436	3822	3591	3129	2919	2457	2457	2016	1428	1134	504	0	714	1113	1428	1974	2163	2877	3150	3696	3633	3906	4347	4221	4410	4200	4242	4998	4515	4158	3948	
1869	3507	3360	2919	2793	2310	2604	2268	1575	1113	966	714	0	420	798	1407	1470	2226	2457	2982	2919	3192	3633	3549	3759	3591	3675	4473	4032	3717	3570	
1722	3528	3402	3003	2940	2457	2877	2583	1890	1386	1386	1113	420	0	420	1050	1050	1806	2037	2562	2520	2814	3276	3213	3465	3339	3465	4284	3906	3633	3528	
1953	3822	3759	3381	3318	2856	3297	3024	2331	1827	1785	1428	798	420	0	630	798	1428	1743	2289	2331	2688	3171	3192	3465	3402	3570	4431	4095	3864	3801	
2373	4326	4284	3927	3906	3444	3927	3654	2961	2457	2373	1974	1407	1050	630	0	777	987	1407	1995	2205	2604	3129	3255	3591	3612	3822	4704	4452	4284	4263	
1722	3696	3696	3381	3423	3003	3654	3465	2772	2268	2436	2163	1470	1050	798	777	0	840	987	1512	1533	1911	2415	2499	2814	2835	3045	3948	3696	3570	3570	
2457	4410	4452	4179	4263	3822	4515	4305	3633	3108	3213	2877	2226	1806	1428	987	840	0	525	1050	1449	1869	2394	2646	3045	3192	3486	4368	4242	4179	4263	
2289	4158	4263	4032	4158	3759	4536	4389	3738	3213	3423	3150	2457	2037	1743	1407	987	525	0	567	924	1365	1869	2163	2562	2751	3066	3948	3864	3864	3969	
2520	4263	4410	4242	4410	4053	4893	4809	4158	3654	3927	3696	2982	2562	2289	1995	1512	1050	567	0	672	1050	1491	1890	2310	2583	2940	3780	3801	3864	4032	
2037	3654	3822	3696	3906	3591	4494	4473	3843	3381	3780	3633	2919	2520	2331	2205	1533	1449	924	672	0	420	945	1239	1659	1911	2268	3108	3129	3213	3402	
2058	3486	3696	3612	3864	3591	4536	4557	3990	3549	4011	3906	3192	2814	2688	2604	1911	1869	1365	1050	420	0	525	840	1260	1575	1932	2751	2835	2961	3192	
2310	3465	3717	3717	3990	3780	4767	4851	4305	3885	4431	4347	3633	3276	3171	3129	2415	2394	1869	1491	945	525	0	546	924	1344	1722	2436	2625	2856	3129	
1995	2940	3213	3255	3549	3381	4389	4515	4032	3654	4242	4221	3549	3213	3192	3255	2499	2646	2163	1890	1239	840	546	0	420	798	1176	1932	2079	2310	2604	
2058	2709	3003	3087	3423	3318	4326	4494	4074	3717	4368	4410	3759	3465	3465	3591	2814	3045	2562	2310	1659	1260	924	420	0	483	840	1512	1722	1995	2331	
1785	2205	2520	2625	2982	2898	3906	4116	3717	3423	4116	4200	3591	3339	3402	3612	2835	3192	2751	2583	1911	1575	1344	798	483	0	378	1197	1281	1512	1848	
1806	1890	2226	2373	2751	2730	3738	3990	3654	3402	4116	4242	3675	3465	3570	3822	3045	3486	3066	2940	2268	1932	1722	1176	840	378	0	882	903	1155	1512	
2583	1932	2331	2646	3045	3150	4116	4431	4221	4053	4809	4998	4473	4284	4431	4704	3948	4368	3948	3780	3108	2751	2436	1932	1512	1197	882	0	651	1155	1554	
2163	1281	1680	1995	2394	2520	3465	3822	3633	3507	4284	4515	4032	3906	4095	4452	3696	4242	3864	3801	3129	2835	2625	2079	1722	1281	903	651	0	504	903	
1911	798	1176	1491	1890	2058	2982	3339	3192	3108	3885	4158	3717	3633	3864	4284	3570	4179	3864	3864	3213	2961	2856	2310	1995	1512	1155	1155	504	0	399	
1869	378	777	1113	1512	1722	2604	2982	2898	2856	3633	3948	3570	3528	3801	4263	3570	4263	3969	4032	3402	3192	3129	2604	2331	1848	1512	1554	903	399	0	
V6
0	1391	1391	1228	1332	1095	1746	1776	1420	1169	1642	1716	1317	1213	1376	1672	1213	1731	1613	1776	1435	1450	1628	1406	1450	1258	1272	1820	1524	1346	1317	
1391	0	281	562	843	1036	1598	1894	1879	1909	2456	2693	2471	2486	2693	3048	2604	3108	2930	3004	2575	2456	2442	2072	1909	1554	1332	1361	902	562	266	
1391	281	0	325	577	828	1332	1642	1672	1731	2264	2530	2368	2397	2649	3019	2604	3137	3004	3108	2693	2604	2619	2264	2116	1776	1568	1642	1184	828	547	
1228	562	325	0	281	488	1050	1317	1332	1406	1938	2205	2057	2116	2382	2767	2382	2945	2841	2989	2604	2545	2619	2294	2175	1850	1672	1864	1406	1050	784	
1332	843	577	281	0	340	754	1050	1124	1258	1761	2057	1968	2072	2338	2752	2412	3004	2930	3108	2752	2723	2812	2501	2412	2101	1938	2146	1687	1332	1065	
1095	1036	828	488	340	0	710	902	843	917	1450	1731	1628	1731	2012	2427	2116	2693	2649	2856	2530	2530	2664	2382	2338	2042	1924	2220	1776	1450	1213	
1746	1598	1332	1050	754	710	0	370	725	1050	1376	1731	1835	2027	2323	2767	2575	3182	3196	3448	3167	3196	3359	3093	3048	2752	2634	2900	2442	2101	1835	
1776	1894	1642	1317	1050	902	370	0	488	843	1050	1420	1598	1820	2131	2575	2442	3034	3093	3389	3152	3211	3418	3182	3167	2900	2812	3122	2693	2353	2101	
1420	1879	1672	1332	1124	843	725	488	0	355	666	1006	1110	1332	1642	2086	1953	2560	2634	2930	2708	2812	3034	2841	2871	2619	2575	2974	2560	2249	2042	
1169	1909	1731	1406	1258	917	1050	843	355	0	547	799	784	976	1287	1731	1598	2190	2264	2575	2382	2501	2738	2575	2619	2412	2397	2856	2471	2190	2012	
1642	2456	2264	1938	1761	1450	1376	1050	666	547	0	355	680	976	1258	1672	1716	2264	2412	2767	2664	2826	3122	2989	3078	2900	2900	3389	3019	2738	2560	
1716	2693	2530	2205	2057	1731	1731	1420	1006	799	355	0	503	784	1006	1391	1524	2027	2220	2604	2560	2752	3063	2974	3108	2960	2989	3522	3182	2930	2782	
1317	2471	2368	2057	1968	1628	1835	1598	1110	784	680	503	0	296	562	991	1036	1568	1731	2101	2057	2249	2560	2501	2649	2530	2590	3152	2841	2619	2516	
1213	2486	2397	2116	2072	1731	2027	1820	1332	976	976	784	296	0	296	740	740	1272	1435	1805	1776	1983	2308	2264	2442	2353	2442	3019	2752	2560	2486	
1376	2693	2649	2382	2338	2012	2323	2131	1642	1287	1258	1006	562	296	0	444	562	1006	1228	1613	1642	1894	2234	2249	2442	2397	2516	3122	2886	2723	2678	
1672	3048	3019	2767	2752	2427	2767	2575	2086	1731	1672	1391	991	740	444	0	547	695	991	1406	1554	1835	2205	2294	2530	2545	2693	3315	3137	3019	3004	
1213	2604	2604	2382	2412	2116	2575	2442	1953	1598	1716	1524	1036	740	562	547	0	592	695	1065	1080	1346	1702	1761	1983	1998	2146	2782	2604	2516	2516	
