M: 2
N: 30
Nun_Veiculos: 8
Capacidade_Total: 917
Demanda_Total: 752
Setup_Min: 1
Setup_Max: 99
Raio: 100
Circulos: 1
Tempo_Processamento_Min: 1
Tempo_Processamento_Max: 49
Demanda_Min: 10
Demanda_Max: 30
Priority_Factor: 0.2
Range_Factor_R: 0.8
U_factor: 2
ALpha: 0.2Replicao: 2
Tempos_Processamentos
0	0	1	0	
0	42	1	21	
0	42	1	43	
0	32	1	21	
0	34	1	39	
0	21	1	21	
0	36	1	46	
0	40	1	17	
0	45	1	34	
0	10	1	49	
0	40	1	32	
0	23	1	12	
0	1	1	25	
0	46	1	12	
0	49	1	49	
0	45	1	42	
0	41	1	44	
0	1	1	47	
0	32	1	41	
0	34	1	1	
0	18	1	1	
0	26	1	45	
0	34	1	46	
0	2	1	16	
0	47	1	16	
0	22	1	22	
0	37	1	18	
0	5	1	33	
0	12	1	48	
0	14	1	10	
0	24	1	27	

Tempos_setup
M0
0	0	0	0	0	0	0	0	0	0	0	0	0	0	0	0	0	0	0	0	0	0	0	0	0	0	0	0	0	0	0	
0	0	13	15	21	20	20	22	9	15	17	16	16	25	16	19	7	11	18	18	22	18	15	2	16	21	20	19	14	10	13	
0	24	0	2	19	13	15	17	7	13	12	11	3	17	16	17	21	1	21	9	21	12	10	21	11	16	7	12	23	16	8	
0	28	9	0	17	11	16	15	5	11	13	20	1	15	17	15	20	10	26	18	28	14	15	21	16	14	5	16	29	14	9	
0	25	28	25	0	18	11	13	16	13	11	23	20	28	15	16	26	21	20	16	11	14	9	21	10	11	28	13	27	20	7	
0	31	23	21	6	0	12	19	20	9	9	18	18	16	13	15	9	13	15	16	17	18	15	20	14	3	26	19	25	22	5	
0	25	30	30	17	22	0	12	20	17	16	29	25	35	20	5	27	28	27	16	28	21	16	22	17	18	27	13	28	27	12	
0	13	22	20	5	22	16	0	11	17	16	18	21	23	20	18	15	16	15	4	16	9	4	10	5	16	17	1	16	15	12	
0	26	20	21	17	11	11	13	0	6	8	15	15	16	12	10	20	16	23	15	23	9	16	19	13	14	22	14	24	9	4	
0	32	28	26	11	5	17	19	24	0	14	23	23	21	18	20	14	18	20	21	17	23	20	25	19	8	31	20	30	27	10	
0	26	18	20	20	22	3	15	11	17	0	13	9	23	4	8	21	16	15	19	21	9	19	25	5	18	25	16	16	13	13	
0	29	5	7	24	18	14	22	12	18	11	0	8	22	15	19	10	6	25	14	26	16	14	21	15	19	12	17	12	21	13	
0	27	21	12	19	15	15	14	4	10	12	19	0	14	16	14	20	20	25	18	27	13	14	23	15	15	17	15	28	13	8	
0	16	14	5	22	16	14	20	9	15	17	16	6	0	19	16	23	14	13	7	23	7	8	18	3	11	10	4	19	13	13	
0	32	14	16	22	20	16	19	9	15	13	9	5	19	0	19	17	15	23	20	32	17	16	24	13	19	21	20	17	18	9	
0	20	29	27	12	26	23	7	15	21	23	25	22	30	17	0	22	23	22	11	23	16	11	17	12	17	24	8	23	22	19	
0	29	19	21	25	27	25	20	19	22	23	14	15	29	10	27	0	4	24	12	35	18	13	15	14	17	24	17	26	23	19	
0	25	15	17	21	27	21	16	16	22	21	10	18	28	25	23	20	0	20	8	32	14	9	21	10	23	20	13	22	20	20	
0	23	8	10	14	12	8	10	15	7	5	3	11	25	9	3	13	9	0	12	24	14	13	16	10	3	15	11	15	18	1	
0	17	20	22	25	19	13	21	8	14	16	15	19	20	18	15	18	13	12	0	24	6	1	13	2	15	13	5	20	12	12	
0	15	22	22	7	18	18	2	7	13	15	20	22	23	19	17	15	18	17	6	0	11	6	10	7	18	17	3	18	16	11	
0	23	17	19	19	13	7	15	2	8	10	12	13	18	12	12	22	7	25	15	25	0	16	21	15	16	22	16	24	6	6	
0	16	19	21	24	18	12	20	7	13	15	14	18	19	17	14	23	12	11	7	23	5	0	18	1	14	20	4	19	11	11	
0	25	12	14	19	18	18	20	7	13	15	14	15	23	14	17	5	9	16	17	20	16	18	0	19	19	19	21	12	8	11	
0	25	18	20	23	17	11	19	6	12	14	13	17	22	16	13	23	11	10	19	29	4	20	25	0	13	20	20	25	10	10	
0	33	23	25	17	11	15	25	23	6	12	25	21	27	16	18	20	24	26	16	23	21	17	23	17	0	29	21	28	25	8	
0	31	28	30	20	14	22	18	20	23	23	30	29	30	27	11	21	25	29	22	31	18	22	16	23	17	0	19	28	24	19	
0	12	21	23	26	21	15	21	10	16	18	17	21	23	20	17	19	15	14	3	19	8	4	14	4	17	16	0	15	14	14	
0	28	21	22	17	15	11	17	7	10	8	17	17	23	12	14	14	12	23	15	27	5	16	9	13	14	27	18	0	11	4	
0	17	11	13	28	24	20	25	15	21	17	6	11	25	6	23	16	12	29	20	29	22	20	19	19	25	18	23	18	0	15	
0	28	22	18	13	11	7	17	15	6	4	17	13	27	8	10	20	20	19	11	23	13	12	15	9	10	23	16	20	17	0	
M1
0	0	0	0	0	0	0	0	0	0	0	0	0	0	0	0	0	0	0	0	0	0	0	0	0	0	0	0	0	0	0	
0	0	15	9	12	14	13	13	8	11	8	22	20	17	7	11	7	14	11	11	12	12	10	21	13	10	11	4	12	14	15	
0	9	0	7	10	13	16	12	1	14	11	15	18	12	5	13	10	12	14	11	15	10	13	20	15	16	9	7	5	9	14	
0	14	10	0	3	10	14	8	9	12	9	14	15	18	13	12	8	17	10	12	13	9	11	21	9	14	2	5	4	15	17	
0	28	23	24	0	26	30	21	24	26	32	37	27	23	23	29	28	17	19	21	27	22	18	31	25	21	26	28	28	29	26	
0	10	3	10	13	0	18	1	4	17	13	18	10	15	8	16	13	15	11	14	18	2	10	22	10	13	12	10	8	12	17	
0	10	7	6	9	4	0	5	2	1	12	16	14	7	6	5	11	13	10	8	2	6	9	15	3	11	8	8	6	4	10	
0	9	2	9	12	15	18	0	3	16	13	17	9	14	7	15	12	14	10	13	17	1	9	22	17	12	11	9	7	11	16	
0	8	13	6	9	12	15	11	0	13	10	14	17	11	4	12	9	11	13	12	14	9	12	19	15	15	8	6	4	8	13	
0	9	6	5	8	3	11	4	1	0	11	15	13	6	5	13	10	12	10	7	1	5	13	14	2	10	7	7	5	3	13	
0	11	12	6	9	9	5	10	3	6	0	17	12	12	7	10	2	11	11	13	7	4	10	14	8	13	8	8	7	9	8	
0	20	13	18	16	12	16	11	14	17	21	0	20	11	18	21	20	17	19	16	16	12	18	12	19	15	20	17	18	8	18	
0	11	11	9	4	12	14	9	3	15	13	17	0	14	7	14	12	14	7	7	16	10	15	17	11	6	11	9	7	11	11	
0	15	14	12	14	15	15	16	10	13	10	14	10	0	14	13	9	18	17	10	14	14	17	20	14	9	14	6	14	15	14	
0	12	12	2	5	12	13	10	11	14	11	16	17	20	0	14	10	7	9	12	15	11	8	15	11	11	4	7	6	17	9	
0	8	9	10	13	12	9	7	10	10	11	24	16	16	9	0	10	16	5	8	11	8	4	11	12	7	12	7	14	13	5	
0	9	10	4	7	7	15	8	1	4	11	15	17	10	5	13	0	9	11	11	5	9	10	18	6	13	6	7	5	7	14	
0	11	6	7	10	10	13	4	7	14	15	21	10	18	6	12	11	0	2	5	15	5	1	15	9	4	9	11	11	15	9	
0	9	4	6	9	16	17	2	5	13	13	19	11	16	4	16	9	11	0	14	14	3	11	19	15	14	8	9	9	13	13	
0	15	8	15	14	5	18	6	9	14	13	16	15	18	13	16	12	18	13	0	15	7	12	10	4	15	17	9	13	15	20	
0	15	8	15	13	18	24	6	9	22	19	23	15	20	13	21	18	20	16	13	0	7	15	23	17	18	15	15	13	17	22	
0	18	13	10	12	17	20	11	11	21	16	24	8	22	13	19	18	20	9	12	22	0	8	22	16	11	12	15	14	19	16	
0	10	5	6	9	9	12	3	6	13	14	20	12	17	5	11	10	12	1	4	14	4	0	14	8	3	8	10	10	14	8	
0	11	2	9	4	1	18	2	3	16	13	17	11	14	7	15	12	14	12	13	17	3	11	0	11	14	11	9	7	11	16	
0	11	4	11	14	1	19	2	5	18	14	19	11	14	9	17	14	16	12	5	19	3	11	12	0	14	13	11	9	11	18	
0	8	9	3	6	6	9	7	10	10	12	17	16	15	12	8	11	19	13	1	11	8	12	11	5	0	5	8	7	12	5	
0	13	11	10	13	8	13	9	7	10	8	12	15	16	11	11	6	15	16	10	11	7	15	19	7	18	0	4	2	13	16	
0	9	13	7	10	10	9	11	4	7	4	18	16	13	8	7	3	12	12	8	8	8	11	18	9	14	9	0	8	10	12	
0	11	15	9	12	12	11	13	6	9	6	10	13	15	10	9	5	14	14	8	10	5	13	18	11	16	11	2	0	12	14	
0	12	5	10	13	4	8	3	6	9	13	17	12	3	10	13	12	17	13	8	8	4	12	16	11	7	12	9	10	0	10	
0	3	8	9	10	7	4	8	6	5	11	20	17	11	7	9	10	14	14	12	6	9	13	6	7	13	11	7	10	8	0	
Tamanho_Tarefas
0	26	42	26	34	21	39	21	38	29	35	12	1	21	49	43	41	4	35	1	1	35	37	9	24	22	26	15	28	12	25	
Data_Entrega
0	341	425	508	358	287	417	391	497	357	303	308	350	380	531	500	397	422	343	297	400	312	421	303	480	420	333	345	529	373	376	
Penalidade_Atraso
0	3	8	13	20	8	15	9	19	2	16	5	8	16	18	4	18	5	9	12	15	1	1	4	17	10	5	7	5	19	12	
Capacidade_Veiculo
129	110	131	80	125	91	127	124	
Custo_Fixo_Veiculo
1290	1100	1310	800	1250	910	1270	1240	
Coordenadas_Clientes
x	0	y	0
x	122	y	0
x	94	y	20
x	114	y	50
x	91	y	66
x	70	y	78
x	59	y	103
x	24	y	75
x	8	y	84
x	-9	y	93
x	-37	y	115
x	-54	y	94
x	-64	y	71
x	-82	y	59
x	-108	y	48
x	-90	y	19
x	-113	y	0
x	-99	y	-21
x	-108	y	-48
x	-76	y	-55
x	-70	y	-78
x	-47	y	-83
x	-33	y	-102
x	-12	y	-122
x	12	y	-118
x	24	y	-75
x	57	y	-99
x	76	y	-84
x	76	y	-55
x	109	y	-48
x	113	y	-24
Tempo_Viagem
0	122	96	124	112	104	118	78	84	93	120	108	95	101	118	91	113	101	118	93	104	95	107	122	118	78	114	113	93	119	115	
122	0	34	50	72	93	120	123	141	160	195	199	199	212	234	212	235	221	234	205	207	188	185	181	160	123	118	95	71	49	25	
96	34	0	36	46	62	89	89	107	126	161	165	166	180	203	184	207	197	213	185	191	174	176	177	160	118	124	105	77	69	47	
124	50	36	0	28	52	76	93	111	130	164	173	179	196	222	206	232	224	242	217	224	208	211	213	196	154	158	139	111	98	74	
112	72	46	28	0	24	48	67	84	103	137	146	155	173	199	187	214	208	229	205	216	203	208	214	200	156	168	150	121	115	92	
104	93	62	52	24	0	27	46	62	80	113	124	134	153	180	170	198	195	218	197	208	199	207	216	203	159	177	162	133	131	109	
118	120	89	76	48	27	0	44	54	68	96	113	127	147	175	171	200	200	224	207	222	213	224	235	225	181	202	187	158	158	136	
78	123	89	93	67	46	44	0	18	37	72	80	88	107	134	127	156	156	180	164	179	173	185	200	193	150	177	167	140	149	133	
84	141	107	111	84	62	54	18	0	19	54	62	73	93	121	117	146	149	175	162	179	175	190	206	202	159	189	181	154	166	150	
93	160	126	130	103	80	68	37	19	0	35	45	59	80	108	109	138	145	172	162	181	180	196	215	211	171	203	196	170	183	169	
120	195	161	164	137	113	96	72	54	35	0	27	51	71	97	109	137	149	177	174	195	198	217	238	238	198	233	228	204	218	204	
108	199	165	173	146	124	113	80	62	45	27	0	25	44	70	83	110	123	151	150	172	177	197	220	222	186	222	220	197	216	204	
95	199	166	179	155	134	127	88	73	59	51	25	0	21	49	58	86	98	126	126	149	154	175	199	203	170	208	208	188	209	200	
101	212	180	196	173	153	147	107	93	80	71	44	21	0	28	40	66	81	109	114	137	146	168	194	200	170	210	213	194	218	211	
118	234	203	222	199	180	175	134	121	108	97	70	49	28	0	34	48	69	96	107	130	144	167	195	204	180	220	226	210	237	232	
91	212	184	206	187	170	171	127	117	109	109	83	58	40	34	0	29	41	69	75	98	110	133	161	170	147	187	195	181	209	206	
113	235	207	232	214	198	200	156	146	138	137	110	86	66	48	29	0	25	48	66	88	105	128	157	171	156	196	206	196	227	227	
101	221	197	224	208	195	200	156	149	145	149	123	98	81	69	41	25	0	28	41	63	80	103	132	147	134	174	185	178	209	212	
118	234	213	242	229	218	224	180	175	172	177	151	126	109	96	69	48	28	0	32	48	70	92	120	138	133	172	185	184	217	222	
93	205	185	217	205	197	207	164	162	162	174	150	126	114	107	75	66	41	32	0	23	40	63	92	108	101	140	153	152	185	191	
104	207	191	224	216	208	222	179	179	181	195	172	149	137	130	98	88	63	48	23	0	23	44	72	91	94	128	146	147	180	190	
95	188	174	208	203	199	213	173	175	180	198	177	154	146	144	110	105	80	70	40	23	0	23	52	68	71	105	123	126	159	170	
107	185	176	211	208	207	224	185	190	196	217	197	175	168	167	133	128	103	92	63	44	23	0	29	47	63	90	110	118	151	165	
122	181	177	213	214	216	235	200	206	215	238	220	199	194	195	161	157	132	120	92	72	52	29	0	24	59	72	95	110	141	158	
118	160	160	196	200	203	225	193	202	211	238	222	203	200	204	170	171	147	138	108	91	68	47	24	0	44	48	72	89	119	137	
78	123	118	154	156	159	181	150	159	171	198	186	170	170	180	147	156	134	133	101	94	71	63	59	44	0	40	52	55	88	102	
114	118	124	158	168	177	202	177	189	203	233	222	208	210	220	187	196	174	172	140	128	105	90	72	48	40	0	24	47	72	93	
113	95	105	139	150	162	187	167	181	196	228	220	208	213	226	195	206	185	185	153	146	123	110	95	72	52	24	0	29	48	70	
93	71	77	111	121	133	158	140	154	170	204	197	188	194	210	181	196	178	184	152	147	126	118	110	89	55	47	29	0	33	48	
119	49	69	98	115	131	158	149	166	183	218	216	209	218	237	209	227	209	217	185	180	159	151	141	119	88	72	48	33	0	24	
115	25	47	74	92	109	136	133	150	169	204	204	200	211	232	206	227	212	222	191	190	170	165	158	137	102	93	70	48	24	0	
Custo_Viagem
V0
0	3147	2476	3199	2889	2683	3044	2012	2167	2399	3096	2786	2451	2605	3044	2347	2915	2605	3044	2399	2683	2451	2760	3147	3044	2012	2941	2915	2399	3070	2967	
3147	0	877	1290	1857	2399	3096	3173	3637	4128	5056	5134	5134	5469	6037	5469	6063	5701	6037	5289	5340	4850	4773	4669	4153	3173	3044	2451	1831	1264	645	
2476	877	0	928	1186	1599	2322	2296	2760	3250	4153	4257	4282	4644	5237	4747	5340	5082	5495	4773	4927	4489	4540	4566	4128	3044	3199	2709	1986	1780	1212	
3199	1290	928	0	722	1341	1960	2399	2863	3354	4231	4463	4618	5056	5727	5314	5985	5779	6243	5598	5779	5366	5443	5495	5056	3973	4102	3586	2863	2528	1909	
2889	1857	1186	722	0	619	1238	1728	2167	2657	3534	3792	3999	4463	5134	4824	5521	5366	5908	5314	5572	5237	5366	5521	5160	4024	4334	3870	3121	2967	2373	
2683	2399	1599	1341	619	0	696	1186	1599	2064	2915	3225	3457	3947	4644	4386	5108	5031	5624	5082	5392	5134	5340	5572	5263	4102	4566	4179	3431	3379	2838	
3044	3096	2322	1960	1238	696	0	1135	1393	1754	2476	2915	3276	3792	4515	4411	5160	5160	5805	5340	5727	5521	5779	6063	5805	4669	5211	4824	4076	4102	3560	
2012	3173	2296	2399	1728	1186	1135	0	464	954	1857	2064	2270	2760	3457	3276	4024	4024	4644	4231	4618	4463	4773	5160	4979	3870	4566	4308	3612	3844	3431	
2167	3637	2760	2863	2167	1599	1393	464	0	490	1393	1599	1883	2399	3121	3018	3792	3844	4515	4179	4618	4515	4902	5314	5211	4102	4876	4669	3973	4282	3870	
2399	4128	3250	3354	2657	2064	1754	954	490	0	903	1161	1522	2064	2786	2812	3586	3741	4437	4179	4669	4644	5056	5547	5469	4411	5237	5056	4386	4721	4360	
3096	5056	4153	4231	3534	2915	2476	1857	1393	903	0	696	1315	1831	2502	2812	3534	3844	4566	4489	5031	5108	5598	6140	6140	5134	6011	5882	5263	5624	5263	
2786	5134	4257	4463	3792	3225	2915	2064	1599	1161	696	0	645	1135	1806	2141	2838	3173	3895	3870	4437	4566	5082	5676	5727	4798	5727	5676	5082	5572	5263	
2451	5134	4282	4618	3999	3457	3276	2270	1883	1522	1315	645	0	541	1264	1496	2218	2528	3250	3250	3844	3973	4515	5134	5237	4386	5366	5366	4850	5392	5160	
2605	5469	4644	5056	4463	3947	3792	2760	2399	2064	1831	1135	541	0	722	1032	1702	2089	2838	2941	3534	3766	4334	5005	5160	4386	5418	5495	5005	5624	5443	
3044	6037	5237	5727	5134	4644	4515	3457	3121	2786	2502	1806	1264	722	0	877	1238	1780	2476	2760	3379	3715	4308	5031	5263	4644	5676	5830	5418	6114	5985	
2347	5469	4747	5314	4824	4386	4411	3276	3018	2812	2812	2141	1496	1032	877	0	748	1057	1780	1935	2554	2838	3431	4153	4386	3792	4850	5031	4669	5392	5340	
2915	6063	5340	5985	5521	5108	5160	4024	3792	3586	3534	2838	2218	1702	1238	748	0	645	1238	1702	2296	2734	3328	4076	4411	4024	5056	5314	5056	5856	5856	
2605	5701	5082	5779	5366	5031	5160	4024	3844	3741	3844	3173	2528	2089	1780	1057	645	0	722	1057	1625	2064	2683	3431	3792	3457	4489	4773	4592	5392	5469	
3044	6037	5495	6243	5908	5624	5805	4644	4515	4437	4566	3895	3250	2838	2476	1780	1238	722	0	825	1238	1806	2373	3121	3560	3457	4437	4824	4747	5598	5727	
2399	5289	4773	5598	5314	5082	5340	4231	4179	4179	4489	3870	3250	2941	2760	1935	1702	1057	825	0	593	1032	1625	2373	2786	2605	3612	3973	3921	4773	4927	
2683	5340	4927	5779	5572	5392	5727	4618	4618	4669	5031	4437	3844	3534	3379	2554	2296	1625	1238	593	0	593	1135	1857	2347	2425	3302	3766	3792	4669	4902	
2451	4850	4489	5366	5237	5134	5521	4463	4515	4644	5108	4566	3973	3766	3715	2838	2734	2064	1806	1032	593	0	593	1341	1754	1831	2709	3173	3250	4102	4386	
2760	4773	4540	5443	5366	5340	5779	4773	4902	5056	5598	5082	4515	4334	4308	3431	3328	2683	2373	1625	1135	593	0	748	1212	1625	2322	2838	3044	3895	4257	
3147	4669	4566	5495	5521	5572	6063	5160	5314	5547	6140	5676	5134	5005	5031	4153	4076	3431	3121	2373	1857	1341	748	0	619	1522	1857	2451	2838	3637	4076	
3044	4153	4128	5056	5160	5263	5805	4979	5211	5469	6140	5727	5237	5160	5263	4386	4411	3792	3560	2786	2347	1754	1212	619	0	1135	1238	1857	2296	3070	3534	
2012	3173	3044	3973	4024	4102	4669	3870	4102	4411	5134	4798	4386	4386	4644	3792	4024	3457	3457	2605	2425	1831	1625	1522	1135	0	1032	1341	1419	2296	2631	
2941	3044	3199	4102	4334	4566	5211	4566	4876	5237	6011	5727	5366	5418	5676	4850	5056	4489	4437	3612	3302	2709	2322	1857	1238	1032	0	619	1212	1857	2399	
2915	2451	2709	3586	3870	4179	4824	4308	4669	5056	5882	5676	5366	5495	5830	5031	5314	4773	4824	3973	3766	3173	2838	2451	1857	1341	619	0	748	1238	1806	
2399	1831	1986	2863	3121	3431	4076	3612	3973	4386	5263	5082	4850	5005	5418	4669	5056	4592	4747	3921	3792	3250	3044	2838	2296	1419	1212	748	0	851	1238	
3070	1264	1780	2528	2967	3379	4102	3844	4282	4721	5624	5572	5392	5624	6114	5392	5856	5392	5598	4773	4669	4102	3895	3637	3070	2296	1857	1238	851	0	619	
2967	645	1212	1909	2373	2838	3560	3431	3870	4360	5263	5263	5160	5443	5985	5340	5856	5469	5727	4927	4902	4386	4257	4076	3534	2631	2399	1806	1238	619	0	
V1
0	2684	2112	2728	2464	2288	2596	1716	1848	2046	2640	2376	2090	2222	2596	2002	2486	2222	2596	2046	2288	2090	2354	2684	2596	1716	2508	2486	2046	2618	2530	
2684	0	748	1100	1584	2046	2640	2706	3102	3520	4312	4378	4378	4664	5148	4664	5170	4862	5148	4510	4554	4136	4070	3982	3542	2706	2596	2090	1562	1078	550	
2112	748	0	792	1012	1364	1980	1958	2354	2772	3542	3630	3652	3960	4466	4048	4554	4334	4686	4070	4202	3828	3872	3894	3520	2596	2728	2310	1694	1518	1034	
2728	1100	792	0	616	1144	1672	2046	2442	2860	3608	3806	3938	4312	4884	4532	5104	4928	5324	4774	4928	4576	4642	4686	4312	3388	3498	3058	2442	2156	1628	
2464	1584	1012	616	0	528	1056	1474	1848	2266	3014	3234	3410	3806	4378	4114	4708	4576	5038	4532	4752	4466	4576	4708	4400	3432	3696	3300	2662	2530	2024	
2288	2046	1364	1144	528	0	594	1012	1364	1760	2486	2750	2948	3366	3960	3740	4356	4290	4796	4334	4598	4378	4554	4752	4488	3498	3894	3564	2926	2882	2420	
2596	2640	1980	1672	1056	594	0	968	1188	1496	2112	2486	2794	3234	3850	3762	4400	4400	4950	4554	4884	4708	4928	5170	4950	3982	4444	4114	3476	3498	3036	
1716	2706	1958	2046	1474	1012	968	0	396	814	1584	1760	1936	2354	2948	2794	3432	3432	3960	3608	3938	3806	4070	4400	4246	3300	3894	3674	3080	3278	2926	
1848	3102	2354	2442	1848	1364	1188	396	0	418	1188	1364	1606	2046	2662	2574	3234	3278	3850	3564	3938	3850	4180	4532	4444	3498	4158	3982	3388	3652	3300	
2046	3520	2772	2860	2266	1760	1496	814	418	0	770	990	1298	1760	2376	2398	3058	3190	3784	3564	3982	3960	4312	4730	4664	3762	4466	4312	3740	4026	3718	
2640	4312	3542	3608	3014	2486	2112	1584	1188	770	0	594	1122	1562	2134	2398	3014	3278	3894	3828	4290	4356	4774	5236	5236	4378	5126	5016	4488	4796	4488	
2376	4378	3630	3806	3234	2750	2486	1760	1364	990	594	0	550	968	1540	1826	2420	2706	3322	3300	3784	3894	4334	4840	4884	4092	4884	4840	4334	4752	4488	
2090	4378	3652	3938	3410	2948	2794	1936	1606	1298	1122	550	0	462	1078	1276	1892	2156	2772	2772	3278	3388	3850	4378	4466	3740	4576	4576	4136	4598	4400	
2222	4664	3960	4312	3806	3366	3234	2354	2046	1760	1562	968	462	0	616	880	1452	1782	2420	2508	3014	3212	3696	4268	4400	3740	4620	4686	4268	4796	4642	
2596	5148	4466	4884	4378	3960	3850	2948	2662	2376	2134	1540	1078	616	0	748	1056	1518	2112	2354	2882	3168	3674	4290	4488	3960	4840	4972	4620	5214	5104	
2002	4664	4048	4532	4114	3740	3762	2794	2574	2398	2398	1826	1276	880	748	0	638	902	1518	1650	2178	2420	2926	3542	3740	3234	4136	4290	3982	4598	4554	
2486	5170	4554	5104	4708	4356	4400	3432	3234	3058	3014	2420	1892	1452	1056	638	0	550	1056	1452	1958	2332	2838	3476	3762	3432	4312	4532	4312	4994	4994	
2222	4862	4334	4928	4576	4290	4400	3432	3278	3190	3278	2706	2156	1782	1518	902	550	0	616	902	1386	1760	2288	2926	3234	2948	3828	4070	3916	4598	4664	
2596	5148	4686	5324	5038	4796	4950	3960	3850	3784	3894	3322	2772	2420	2112	1518	1056	616	0	704	1056	1540	2024	2662	3036	2948	3784	4114	4048	4774	4884	
2046	4510	4070	4774	4532	4334	4554	3608	3564	3564	3828	3300	2772	2508	2354	1650	1452	902	704	0	506	880	1386	2024	2376	2222	3080	3388	3344	4070	4202	
2288	4554	4202	4928	4752	4598	4884	3938	3938	3982	4290	3784	3278	3014	2882	2178	1958	1386	1056	506	0	506	968	1584	2002	2068	2816	3212	3234	3982	4180	
2090	4136	3828	4576	4466	4378	4708	3806	3850	3960	4356	3894	3388	3212	3168	2420	2332	1760	1540	880	506	0	506	1144	1496	1562	2310	2706	2772	3498	3740	
2354	4070	3872	4642	4576	4554	4928	4070	4180	4312	4774	4334	3850	3696	3674	2926	2838	2288	2024	1386	968	506	0	638	1034	1386	1980	2420	2596	3322	3630	
2684	3982	3894	4686	4708	4752	5170	4400	4532	4730	5236	4840	4378	4268	4290	3542	3476	2926	2662	2024	1584	1144	638	0	528	1298	1584	2090	2420	3102	3476	
2596	3542	3520	4312	4400	4488	4950	4246	4444	4664	5236	4884	4466	4400	4488	3740	3762	3234	3036	2376	2002	1496	1034	528	0	968	1056	1584	1958	2618	3014	
1716	2706	2596	3388	3432	3498	3982	3300	3498	3762	4378	4092	3740	3740	3960	3234	3432	2948	2948	2222	2068	1562	1386	1298	968	0	880	1144	1210	1958	2244	
2508	2596	2728	3498	3696	3894	4444	3894	4158	4466	5126	4884	4576	4620	4840	4136	4312	3828	3784	3080	2816	2310	1980	1584	1056	880	0	528	1034	1584	2046	
2486	2090	2310	3058	3300	3564	4114	3674	3982	4312	5016	4840	4576	4686	4972	4290	4532	4070	4114	3388	3212	2706	2420	2090	1584	1144	528	0	638	1056	1540	
2046	1562	1694	2442	2662	2926	3476	3080	3388	3740	4488	4334	4136	4268	4620	3982	4312	3916	4048	3344	3234	2772	2596	2420	1958	1210	1034	638	0	726	1056	
2618	1078	1518	2156	2530	2882	3498	3278	3652	4026	4796	4752	4598	4796	5214	4598	4994	4598	4774	4070	3982	3498	3322	3102	2618	1958	1584	1056	726	0	528	
2530	550	1034	1628	2024	2420	3036	2926	3300	3718	4488	4488	4400	4642	5104	4554	4994	4664	4884	4202	4180	3740	3630	3476	3014	2244	2046	1540	1056	528	0	
V2
0	3196	2515	3248	2934	2724	3091	2043	2200	2436	3144	2829	2489	2646	3091	2384	2960	2646	3091	2436	2724	2489	2803	3196	3091	2043	2986	2960	2436	3117	3013	
3196	0	890	1310	1886	2436	3144	3222	3694	4192	5135	5213	5213	5554	6130	5554	6157	5790	6130	5371	5423	4925	4847	4742	4218	3222	3091	2489	1860	1283	655	
2515	890	0	943	1205	1624	2358	2331	2803	3301	4218	4323	4349	4716	5318	4820	5423	5161	5580	4847	5004	4558	4611	4637	4192	3091	3248	2751	2017	1807	1231	
3248	1310	943	0	733	1362	1991	2436	2908	3406	4296	4532	4689	5135	5816	5397	6078	5868	6340	5685	5868	5449	5528	5580	5135	4034	4165	3641	2908	2567	1938	
2934	1886	1205	733	0	628	1257	1755	2200	2698	3589	3851	4061	4532	5213	4899	5606	5449	5999	5397	5659	5318	5449	5606	5240	4087	4401	3930	3170	3013	2410	
2724	2436	1624	1362	628	0	707	1205	1624	2096	2960	3275	3510	4008	4716	4454	5187	5109	5711	5161	5475	5213	5423	5659	5344	4165	4637	4244	3484	3432	2882	
3091	3144	2358	1991	1257	707	0	1152	1414	1781	2515	2960	3327	3851	4585	4480	5240	5240	5895	5423	5816	5606	5868	6157	5895	4742	5292	4899	4139	4165	3615	
2043	3222	2331	2436	1755	1205	1152	0	471	969	1886	2096	2305	2803	3510	3327	4087	4087	4716	4296	4689	4532	4847	5240	5056	3930	4637	4375	3668	3903	3484	
2200	3694	2803	2908	2200	1624	1414	471	0	497	1414	1624	1912	2436	3170	3065	3851	3903	4585	4244	4689	4585	4978	5397	5292	4165	4951	4742	4034	4349	3930	
2436	4192	3301	3406	2698	2096	1781	969	497	0	917	1179	1545	2096	2829	2855	3641	3799	4506	4244	4742	4716	5135	5633	5554	4480	5318	5135	4454	4794	4427	
3144	5135	4218	4296	3589	2960	2515	1886	1414	917	0	707	1336	1860	2541	2855	3589	3903	4637	4558	5109	5187	5685	6235	6235	5213	6104	5973	5344	5711	5344	
2829	5213	4323	4532	3851	3275	2960	2096	1624	1179	707	0	655	1152	1834	2174	2882	3222	3956	3930	4506	4637	5161	5764	5816	4873	5816	5764	5161	5659	5344	
2489	5213	4349	4689	4061	3510	3327	2305	1912	1545	1336	655	0	550	1283	1519	2253	2567	3301	3301	3903	4034	4585	5213	5318	4454	5449	5449	4925	5475	5240	
2646	5554	4716	5135	4532	4008	3851	2803	2436	2096	1860	1152	550	0	733	1048	1729	2122	2882	2986	3589	3825	4401	5082	5240	4454	5502	5580	5082	5711	5528	
3091	6130	5318	5816	5213	4716	4585	3510	3170	2829	2541	1834	1283	733	0	890	1257	1807	2515	2803	3432	3772	4375	5109	5344	4716	5764	5921	5502	6209	6078	
2384	5554	4820	5397	4899	4454	4480	3327	3065	2855	2855	2174	1519	1048	890	0	759	1074	1807	1965	2593	2882	3484	4218	4454	3851	4925	5109	4742	5475	5423	
2960	6157	5423	6078	5606	5187	5240	4087	3851	3641	3589	2882	2253	1729	1257	759	0	655	1257	1729	2331	2777	3379	4139	4480	4087	5135	5397	5135	5947	5947	
2646	5790	5161	5868	5449	5109	5240	4087	3903	3799	3903	3222	2567	2122	1807	1074	655	0	733	1074	1650	2096	2724	3484	3851	3510	4558	4847	4663	5475	5554	
3091	6130	5580	6340	5999	5711	5895	4716	4585	4506	4637	3956	3301	2882	2515	1807	1257	733	0	838	1257	1834	2410	3170	3615	3510	4506	4899	4820	5685	5816	
2436	5371	4847	5685	5397	5161	5423	4296	4244	4244	4558	3930	3301	2986	2803	1965	1729	1074	838	0	602	1048	1650	2410	2829	2646	3668	4034	3982	4847	5004	
2724	5423	5004	5868	5659	5475	5816	4689	4689	4742	5109	4506	3903	3589	3432	2593	2331	1650	1257	602	0	602	1152	1886	2384	2462	3353	3825	3851	4742	4978	
2489	4925	4558	5449	5318	5213	5606	4532	4585	4716	5187	4637	4034	3825	3772	2882	2777	2096	1834	1048	602	0	602	1362	1781	1860	2751	3222	3301	4165	4454	
2803	4847	4611	5528	5449	5423	5868	4847	4978	5135	5685	5161	4585	4401	4375	3484	3379	2724	2410	1650	1152	602	0	759	1231	1650	2358	2882	3091	3956	4323	
3196	4742	4637	5580	5606	5659	6157	5240	5397	5633	6235	5764	5213	5082	5109	4218	4139	3484	3170	2410	1886	1362	759	0	628	1545	1886	2489	2882	3694	4139	
3091	4218	4192	5135	5240	5344	5895	5056	5292	5554	6235	5816	5318	5240	5344	4454	4480	3851	3615	2829	2384	1781	1231	628	0	1152	1257	1886	2331	3117	3589	
2043	3222	3091	4034	4087	4165	4742	3930	4165	4480	5213	4873	4454	4454	4716	3851	4087	3510	3510	2646	2462	1860	1650	1545	1152	0	1048	1362	1441	2331	2672	
2986	3091	3248	4165	4401	4637	5292	4637	4951	5318	6104	5816	5449	5502	5764	4925	5135	4558	4506	3668	3353	2751	2358	1886	1257	1048	0	628	1231	1886	2436	
2960	2489	2751	3641	3930	4244	4899	4375	4742	5135	5973	5764	5449	5580	5921	5109	5397	4847	4899	4034	3825	3222	2882	2489	1886	1362	628	0	759	1257	1834	
2436	1860	2017	2908	3170	3484	4139	3668	4034	4454	5344	5161	4925	5082	5502	4742	5135	4663	4820	3982	3851	3301	3091	2882	2331	1441	1231	759	0	864	1257	
3117	1283	1807	2567	3013	3432	4165	3903	4349	4794	5711	5659	5475	5711	6209	5475	5947	5475	5685	4847	4742	4165	3956	3694	3117	2331	1886	1257	864	0	628	
3013	655	1231	1938	2410	2882	3615	3484	3930	4427	5344	5344	5240	5528	6078	5423	5947	5554	5816	5004	4978	4454	4323	4139	3589	2672	2436	1834	1257	628	0	
V3
0	1952	1536	1984	1792	1664	1888	1248	1344	1488	1920	1728	1520	1616	1888	1456	1808	1616	1888	1488	1664	1520	1712	1952	1888	1248	1824	1808	1488	1904	1840	
1952	0	544	800	1152	1488	1920	1968	2256	2560	3136	3184	3184	3392	3744	3392	3760	3536	3744	3280	3312	3008	2960	2896	2576	1968	1888	1520	1136	784	400	
1536	544	0	576	736	992	1440	1424	1712	2016	2576	2640	2656	2880	3248	2944	3312	3152	3408	2960	3056	2784	2816	2832	2560	1888	1984	1680	1232	1104	752	
1984	800	576	0	448	832	1216	1488	1776	2080	2624	2768	2864	3136	3552	3296	3712	3584	3872	3472	3584	3328	3376	3408	3136	2464	2544	2224	1776	1568	1184	
1792	1152	736	448	0	384	768	1072	1344	1648	2192	2352	2480	2768	3184	2992	3424	3328	3664	3296	3456	3248	3328	3424	3200	2496	2688	2400	1936	1840	1472	
1664	1488	992	832	384	0	432	736	992	1280	1808	2000	2144	2448	2880	2720	3168	3120	3488	3152	3344	3184	3312	3456	3264	2544	2832	2592	2128	2096	1760	
1888	1920	1440	1216	768	432	0	704	864	1088	1536	1808	2032	2352	2800	2736	3200	3200	3600	3312	3552	3424	3584	3760	3600	2896	3232	2992	2528	2544	2208	
1248	1968	1424	1488	1072	736	704	0	288	592	1152	1280	1408	1712	2144	2032	2496	2496	2880	2624	2864	2768	2960	3200	3088	2400	2832	2672	2240	2384	2128	
1344	2256	1712	1776	1344	992	864	288	0	304	864	992	1168	1488	1936	1872	2352	2384	2800	2592	2864	2800	3040	3296	3232	2544	3024	2896	2464	2656	2400	
1488	2560	2016	2080	1648	1280	1088	592	304	0	560	720	944	1280	1728	1744	2224	2320	2752	2592	2896	2880	3136	3440	3392	2736	3248	3136	2720	2928	2704	
1920	3136	2576	2624	2192	1808	1536	1152	864	560	0	432	816	1136	1552	1744	2192	2384	2832	2784	3120	3168	3472	3808	3808	3184	3728	3648	3264	3488	3264	
1728	3184	2640	2768	2352	2000	1808	1280	992	720	432	0	400	704	1120	1328	1760	1968	2416	2400	2752	2832	3152	3520	3552	2976	3552	3520	3152	3456	3264	
1520	3184	2656	2864	2480	2144	2032	1408	1168	944	816	400	0	336	784	928	1376	1568	2016	2016	2384	2464	2800	3184	3248	2720	3328	3328	3008	3344	3200	
1616	3392	2880	3136	2768	2448	2352	1712	1488	1280	1136	704	336	0	448	640	1056	1296	1760	1824	2192	2336	2688	3104	3200	2720	3360	3408	3104	3488	3376	
1888	3744	3248	3552	3184	2880	2800	2144	1936	1728	1552	1120	784	448	0	544	768	1104	1536	1712	2096	2304	2672	3120	3264	2880	3520	3616	3360	3792	3712	
1456	3392	2944	3296	2992	2720	2736	2032	1872	1744	1744	1328	928	640	544	0	464	656	1104	1200	1584	1760	2128	2576	2720	2352	3008	3120	2896	3344	3312	
1808	3760	3312	3712	3424	3168	3200	2496	2352	2224	2192	1760	1376	1056	768	464	0	400	768	1056	1424	1696	2064	2528	2736	2496	3136	3296	3136	3632	3632	
1616	3536	3152	3584	3328	3120	3200	2496	2384	2320	2384	1968	1568	1296	1104	656	400	0	448	656	1008	1280	1664	2128	2352	2144	2784	2960	2848	3344	3392	
1888	3744	3408	3872	3664	3488	3600	2880	2800	2752	2832	2416	2016	1760	1536	1104	768	448	0	512	768	1120	1472	1936	2208	2144	2752	2992	2944	3472	3552	
1488	3280	2960	3472	3296	3152	3312	2624	2592	2592	2784	2400	2016	1824	1712	1200	1056	656	512	0	368	640	1008	1472	1728	1616	2240	2464	2432	2960	3056	
1664	3312	3056	3584	3456	3344	3552	2864	2864	2896	3120	2752	2384	2192	2096	1584	1424	1008	768	368	0	368	704	1152	1456	1504	2048	2336	2352	2896	3040	
1520	3008	2784	3328	3248	3184	3424	2768	2800	2880	3168	2832	2464	2336	2304	1760	1696	1280	1120	640	368	0	368	832	1088	1136	1680	1968	2016	2544	2720	
1712	2960	2816	3376	3328	3312	3584	2960	3040	3136	3472	3152	2800	2688	2672	2128	2064	1664	1472	1008	704	368	0	464	752	1008	1440	1760	1888	2416	2640	
1952	2896	2832	3408	3424	3456	3760	3200	3296	3440	3808	3520	3184	3104	3120	2576	2528	2128	1936	1472	1152	832	464	0	384	944	1152	1520	1760	2256	2528	
1888	2576	2560	3136	3200	3264	3600	3088	3232	3392	3808	3552	3248	3200	3264	2720	2736	2352	2208	1728	1456	1088	752	384	0	704	768	1152	1424	1904	2192	
1248	1968	1888	2464	2496	2544	2896	2400	2544	2736	3184	2976	2720	2720	2880	2352	2496	2144	2144	1616	1504	1136	1008	944	704	0	640	832	880	1424	1632	
1824	1888	1984	2544	2688	2832	3232	2832	3024	3248	3728	3552	3328	3360	3520	3008	3136	2784	2752	2240	2048	1680	1440	1152	768	640	0	384	752	1152	1488	
1808	1520	1680	2224	2400	2592	2992	2672	2896	3136	3648	3520	3328	3408	3616	3120	3296	2960	2992	2464	2336	1968	1760	1520	1152	832	384	0	464	768	1120	
1488	1136	1232	1776	1936	2128	2528	2240	2464	2720	3264	3152	3008	3104	3360	2896	3136	2848	2944	2432	2352	2016	1888	1760	1424	880	752	464	0	528	768	
1904	784	1104	1568	1840	2096	2544	2384	2656	2928	3488	3456	3344	3488	3792	3344	3632	3344	3472	2960	2896	2544	2416	2256	1904	1424	1152	768	528	0	384	
1840	400	752	1184	1472	1760	2208	2128	2400	2704	3264	3264	3200	3376	3712	3312	3632	3392	3552	3056	3040	2720	2640	2528	2192	1632	1488	1120	768	384	0	
V4
0	3050	2400	3100	2800	2600	2950	1950	2100	2325	3000	2700	2375	2525	2950	2275	2825	2525	2950	2325	2600	2375	2675	3050	2950	1950	2850	2825	2325	2975	2875	
3050	0	850	1250	1800	2325	3000	3075	3525	4000	4900	4975	4975	5300	5850	5300	5875	5525	5850	5125	5175	4700	4625	4525	4025	3075	2950	2375	1775	1225	625	
2400	850	0	900	1150	1550	2250	2225	2675	3150	4025	4125	4150	4500	5075	4600	5175	4925	5325	4625	4775	4350	4400	4425	4000	2950	3100	2625	1925	1725	1175	
3100	1250	900	0	700	1300	1900	2325	2775	3250	4100	4325	4475	4900	5550	5150	5800	5600	6050	5425	5600	5200	5275	5325	4900	3850	3975	3475	2775	2450	1850	
2800	1800	1150	700	0	600	1200	1675	2100	2575	3425	3675	3875	4325	4975	4675	5350	5200	5725	5150	5400	5075	5200	5350	5000	3900	4200	3750	3025	2875	2300	
2600	2325	1550	1300	600	0	675	1150	1550	2000	2825	3125	3350	3825	4500	4250	4950	4875	5450	4925	5225	4975	5175	5400	5100	3975	4425	4050	3325	3275	2750	
2950	3000	2250	1900	1200	675	0	1100	1350	1700	2400	2825	3175	3675	4375	4275	5000	5000	5625	5175	5550	5350	5600	5875	5625	4525	5050	4675	3950	3975	3450	
1950	3075	2225	2325	1675	1150	1100	0	450	925	1800	2000	2200	2675	3350	3175	3900	3900	4500	4100	4475	4325	4625	5000	4825	3750	4425	4175	3500	3725	3325	
2100	3525	2675	2775	2100	1550	1350	450	0	475	1350	1550	1825	2325	3025	2925	3675	3725	4375	4050	4475	4375	4750	5150	5050	3975	4725	4525	3850	4150	3750	
2325	4000	3150	3250	2575	2000	1700	925	475	0	875	1125	1475	2000	2700	2725	3475	3625	4300	4050	4525	4500	4900	5375	5300	4275	5075	4900	4250	4575	4225	
3000	4900	4025	4100	3425	2825	2400	1800	1350	875	0	675	1275	1775	2425	2725	3425	3725	4425	4350	4875	4950	5425	5950	5950	4975	5825	5700	5100	5450	5100	
2700	4975	4125	4325	3675	3125	2825	2000	1550	1125	675	0	625	1100	1750	2075	2750	3075	3775	3750	4300	4425	4925	5500	5550	4650	5550	5500	4925	5400	5100	
2375	4975	4150	4475	3875	3350	3175	2200	1825	1475	1275	625	0	525	1225	1450	2150	2450	3150	3150	3725	3850	4375	4975	5075	4250	5200	5200	4700	5225	5000	
2525	5300	4500	4900	4325	3825	3675	2675	2325	2000	1775	1100	525	0	700	1000	1650	2025	2750	2850	3425	3650	4200	4850	5000	4250	5250	5325	4850	5450	5275	
2950	5850	5075	5550	4975	4500	4375	3350	3025	2700	2425	1750	1225	700	0	850	1200	1725	2400	2675	3275	3600	4175	4875	5100	4500	5500	5650	5250	5925	5800	
2275	5300	4600	5150	4675	4250	4275	3175	2925	2725	2725	2075	1450	1000	850	0	725	1025	1725	1875	2475	2750	3325	4025	4250	3675	4700	4875	4525	5225	5175	
2825	5875	5175	5800	5350	4950	5000	3900	3675	3475	3425	2750	2150	1650	1200	725	0	625	1200	1650	2225	2650	3225	3950	4275	3900	4900	5150	4900	5675	5675	
2525	5525	4925	5600	5200	4875	5000	3900	3725	3625	3725	3075	2450	2025	1725	1025	625	0	700	1025	1575	2000	2600	3325	3675	3350	4350	4625	4450	5225	5300	
2950	5850	5325	6050	5725	5450	5625	4500	4375	4300	4425	3775	3150	2750	2400	1725	1200	700	0	800	1200	1750	2300	3025	3450	3350	4300	4675	4600	5425	5550	
2325	5125	4625	5425	5150	4925	5175	4100	4050	4050	4350	3750	3150	2850	2675	1875	1650	1025	800	0	575	1000	1575	2300	2700	2525	3500	3850	3800	4625	4775	
2600	5175	4775	5600	5400	5225	5550	4475	4475	4525	4875	4300	3725	3425	3275	2475	2225	1575	1200	575	0	575	1100	1800	2275	2350	3200	3650	3675	4525	4750	
2375	4700	4350	5200	5075	4975	5350	4325	4375	4500	4950	4425	3850	3650	3600	2750	2650	2000	1750	1000	575	0	575	1300	1700	1775	2625	3075	3150	3975	4250	
2675	4625	4400	5275	5200	5175	5600	4625	4750	4900	5425	4925	4375	4200	4175	3325	3225	2600	2300	1575	1100	575	0	725	1175	1575	2250	2750	2950	3775	4125	
3050	4525	4425	5325	5350	5400	5875	5000	5150	5375	5950	5500	4975	4850	4875	4025	3950	3325	3025	2300	1800	1300	725	0	600	1475	1800	2375	2750	3525	3950	
2950	4025	4000	4900	5000	5100	5625	4825	5050	5300	5950	5550	5075	5000	5100	4250	4275	3675	3450	2700	2275	1700	1175	600	0	1100	1200	1800	2225	2975	3425	
1950	3075	2950	3850	3900	3975	4525	3750	3975	4275	4975	4650	4250	4250	4500	3675	3900	3350	3350	2525	2350	1775	1575	1475	1100	0	1000	1300	1375	2225	2550	
2850	2950	3100	3975	4200	4425	5050	4425	4725	5075	5825	5550	5200	5250	5500	4700	4900	4350	4300	3500	3200	2625	2250	1800	1200	1000	0	600	1175	1800	2325	
2825	2375	2625	3475	3750	4050	4675	4175	4525	4900	5700	5500	5200	5325	5650	4875	5150	4625	4675	3850	3650	3075	2750	2375	1800	1300	600	0	725	1200	1750	
2325	1775	1925	2775	3025	3325	3950	3500	3850	4250	5100	4925	4700	4850	5250	4525	4900	4450	4600	3800	3675	3150	2950	2750	2225	1375	1175	725	0	825	1200	
2975	1225	1725	2450	2875	3275	3975	3725	4150	4575	5450	5400	5225	5450	5925	5225	5675	5225	5425	4625	4525	3975	3775	3525	2975	2225	1800	1200	825	0	600	
2875	625	1175	1850	2300	2750	3450	3325	3750	4225	5100	5100	5000	5275	5800	5175	5675	5300	5550	4775	4750	4250	4125	3950	3425	2550	2325	1750	1200	600	0	
V5
0	2220	1747	2256	2038	1892	2147	1419	1528	1692	2184	1965	1729	1838	2147	1656	2056	1838	2147	1692	1892	1729	1947	2220	2147	1419	2074	2056	1692	2165	2093	
2220	0	618	910	1310	1692	2184	2238	2566	2912	3567	3621	3621	3858	4258	3858	4277	4022	4258	3731	3767	3421	3367	3294	2930	2238	2147	1729	1292	891	455	
1747	618	0	655	837	1128	1638	1619	1947	2293	2930	3003	3021	3276	3694	3348	3767	3585	3876	3367	3476	3166	3203	3221	2912	2147	2256	1911	1401	1255	855	
2256	910	655	0	509	946	1383	1692	2020	2366	2984	3148	3257	3567	4040	3749	4222	4076	4404	3949	4076	3785	3840	3876	3567	2802	2893	2529	2020	1783	1346	
2038	1310	837	509	0	436	873	1219	1528	1874	2493	2675	2821	3148	3621	3403	3894	3785	4167	3749	3931	3694	3785	3894	3640	2839	3057	2730	2202	2093	1674	
1892	1692	1128	946	436	0	491	837	1128	1456	2056	2275	2438	2784	3276	3094	3603	3549	3967	3585	3803	3621	3767	3931	3712	2893	3221	2948	2420	2384	2002	
2147	2184	1638	1383	873	491	0	800	982	1237	1747	2056	2311	2675	3185	3112	3640	3640	4095	3767	4040	3894	4076	4277	4095	3294	3676	3403	2875	2893	2511	
1419	2238	1619	1692	1219	837	800	0	327	673	1310	1456	1601	1947	2438	2311	2839	2839	3276	2984	3257	3148	3367	3640	3512	2730	3221	3039	2548	2711	2420	
1528	2566	1947	2020	1528	1128	982	327	0	345	982	1128	1328	1692	2202	2129	2675	2711	3185	2948	3257	3185	3458	3749	3676	2893	3439	3294	2802	3021	2730	
1692	2912	2293	2366	1874	1456	1237	673	345	0	637	819	1073	1456	1965	1983	2529	2639	3130	2948	3294	3276	3567	3913	3858	3112	3694	3567	3094	3330	3075	
2184	3567	2930	2984	2493	2056	1747	1310	982	637	0	491	928	1292	1765	1983	2493	2711	3221	3166	3549	3603	3949	4331	4331	3621	4240	4149	3712	3967	3712	
1965	3621	3003	3148	2675	2275	2056	1456	1128	819	491	0	455	800	1274	1510	2002	2238	2748	2730	3130	3221	3585	4004	4040	3385	4040	4004	3585	3931	3712	
1729	3621	3021	3257	2821	2438	2311	1601	1328	1073	928	455	0	382	891	1055	1565	1783	2293	2293	2711	2802	3185	3621	3694	3094	3785	3785	3421	3803	3640	
1838	3858	3276	3567	3148	2784	2675	1947	1692	1456	1292	800	382	0	509	728	1201	1474	2002	2074	2493	2657	3057	3530	3640	3094	3822	3876	3530	3967	3840	
2147	4258	3694	4040	3621	3276	3185	2438	2202	1965	1765	1274	891	509	0	618	873	1255	1747	1947	2384	2620	3039	3549	3712	3276	4004	4113	3822	4313	4222	
1656	3858	3348	3749	3403	3094	3112	2311	2129	1983	1983	1510	1055	728	618	0	527	746	1255	1365	1801	2002	2420	2930	3094	2675	3421	3549	3294	3803	3767	
2056	4277	3767	4222	3894	3603	3640	2839	2675	2529	2493	2002	1565	1201	873	527	0	455	873	1201	1619	1929	2347	2875	3112	2839	3567	3749	3567	4131	4131	
1838	4022	3585	4076	3785	3549	3640	2839	2711	2639	2711	2238	1783	1474	1255	746	455	0	509	746	1146	1456	1892	2420	2675	2438	3166	3367	3239	3803	3858	
2147	4258	3876	4404	4167	3967	4095	3276	3185	3130	3221	2748	2293	2002	1747	1255	873	509	0	582	873	1274	1674	2202	2511	2438	3130	3403	3348	3949	4040	
1692	3731	3367	3949	3749	3585	3767	2984	2948	2948	3166	2730	2293	2074	1947	1365	1201	746	582	0	418	728	1146	1674	1965	1838	2548	2802	2766	3367	3476	
1892	3767	3476	4076	3931	3803	4040	3257	3257	3294	3549	3130	2711	2493	2384	1801	1619	1146	873	418	0	418	800	1310	1656	1710	2329	2657	2675	3294	3458	
1729	3421	3166	3785	3694	3621	3894	3148	3185	3276	3603	3221	2802	2657	2620	2002	1929	1456	1274	728	418	0	418	946	1237	1292	1911	2238	2293	2893	3094	
1947	3367	3203	3840	3785	3767	4076	3367	3458	3567	3949	3585	3185	3057	3039	2420	2347	1892	1674	1146	800	418	0	527	855	1146	1638	2002	2147	2748	3003	
2220	3294	3221	3876	3894	3931	4277	3640	3749	3913	4331	4004	3621	3530	3549	2930	2875	2420	2202	1674	1310	946	527	0	436	1073	1310	1729	2002	2566	2875	
2147	2930	2912	3567	3640	3712	4095	3512	3676	3858	4331	4040	3694	3640	3712	3094	3112	2675	2511	1965	1656	1237	855	436	0	800	873	1310	1619	2165	2493	
1419	2238	2147	2802	2839	2893	3294	2730	2893	3112	3621	3385	3094	3094	3276	2675	2839	2438	2438	1838	1710	1292	1146	1073	800	0	728	946	1001	1619	1856	
2074	2147	2256	2893	3057	3221	3676	3221	3439	3694	4240	4040	3785	3822	4004	3421	3567	3166	3130	2548	2329	1911	1638	1310	873	728	0	436	855	1310	1692	
2056	1729	1911	2529	2730	2948	3403	3039	3294	3567	4149	4004	3785	3876	4113	3549	3749	3367	3403	2802	2657	2238	2002	1729	1310	946	436	0	527	873	1274	
1692	1292	1401	2020	2202	2420	2875	2548	2802	3094	3712	3585	3421	3530	3822	3294	3567	3239	3348	2766	2675	2293	2147	2002	1619	1001	855	527	0	600	873	
2165	891	1255	1783	2093	2384	2893	2711	3021	3330	3967	3931	3803	3967	4313	3803	4131	3803	3949	3367	3294	2893	2748	2566	2165	1619	1310	873	600	0	436	
2093	455	855	1346	1674	2002	2511	2420	2730	3075	3712	3712	3640	3840	4222	3767	4131	3858	4040	3476	3458	3094	3003	2875	2493	1856	1692	1274	873	436	0	
V6
0	3098	2438	3149	2844	2641	2997	1981	2133	2362	3048	2743	2413	2565	2997	2311	2870	2565	2997	2362	2641	2413	2717	3098	2997	1981	2895	2870	2362	3022	2921	
3098	0	863	1270	1828	2362	3048	3124	3581	4064	4978	5054	5054	5384	5943	5384	5969	5613	5943	5207	5257	4775	4699	4597	4089	3124	2997	2413	1803	1244	635	
2438	863	0	914	1168	1574	2286	2260	2717	3200	4089	4191	4216	4572	5156	4673	5257	5003	5410	4699	4851	4419	4470	4495	4064	2997	3149	2667	1955	1752	1193	
3149	1270	914	0	711	1320	1930	2362	2819	3302	4165	4394	4546	4978	5638	5232	5892	5689	6146	5511	5689	5283	5359	5410	4978	3911	4038	3530	2819	2489	1879	
2844	1828	1168	711	0	609	1219	1701	2133	2616	3479	3733	3937	4394	5054	4749	5435	5283	5816	5232	5486	5156	5283	5435	5080	3962	4267	3810	3073	2921	2336	
2641	2362	1574	1320	609	0	685	1168	1574	2032	2870	3175	3403	3886	4572	4318	5029	4953	5537	5003	5308	5054	5257	5486	5181	4038	4495	4114	3378	3327	2794	
2997	3048	2286	1930	1219	685	0	1117	1371	1727	2438	2870	3225	3733	4445	4343	5080	5080	5715	5257	5638	5435	5689	5969	5715	4597	5130	4749	4013	4038	3505	
1981	3124	2260	2362	1701	1168	1117	0	457	939	1828	2032	2235	2717	3403	3225	3962	3962	4572	4165	4546	4394	4699	5080	4902	3810	4495	4241	3556	3784	3378	
2133	3581	2717	2819	2133	1574	1371	457	0	482	1371	1574	1854	2362	3073	2971	3733	3784	4445	4114	4546	4445	4826	5232	5130	4038	4800	4597	3911	4216	3810	
2362	4064	3200	3302	2616	2032	1727	939	482	0	889	1143	1498	2032	2743	2768	3530	3683	4368	4114	4597	4572	4978	5461	5384	4343	5156	4978	4318	4648	4292	
3048	4978	4089	4165	3479	2870	2438	1828	1371	889	0	685	1295	1803	2463	2768	3479	3784	4495	4419	4953	5029	5511	6045	6045	5054	5918	5791	5181	5537	5181	
