M: 2
N: 30
Nun_Veiculos: 11
Capacidade_Total: 1046
Demanda_Total: 542
Setup_Min: 1
Setup_Max: 9
Raio: 100
Circulos: 1
Tempo_Processamento_Min: 1
Tempo_Processamento_Max: 49
Demanda_Min: 10
Demanda_Max: 30
Priority_Factor: 0.2
Range_Factor_R: 0.8
U_factor: 2
ALpha: 0.2Replicao: 1
Tempos_Processamentos
0	0	1	0	
0	30	1	1	
0	48	1	21	
0	13	1	40	
0	19	1	18	
0	2	1	31	
0	29	1	39	
0	20	1	28	
0	21	1	16	
0	36	1	30	
0	1	1	2	
0	12	1	42	
0	8	1	17	
0	48	1	2	
0	40	1	22	
0	35	1	21	
0	14	1	14	
0	35	1	20	
0	2	1	15	
0	39	1	45	
0	14	1	6	
0	12	1	12	
0	38	1	45	
0	1	1	45	
0	19	1	44	
0	15	1	30	
0	20	1	28	
0	47	1	23	
0	6	1	12	
0	9	1	17	
0	17	1	33	

Tempos_setup
M0
0	0	0	0	0	0	0	0	0	0	0	0	0	0	0	0	0	0	0	0	0	0	0	0	0	0	0	0	0	0	0	
0	0	3	3	3	2	3	4	1	2	2	3	2	1	2	3	3	3	3	3	4	1	1	3	3	2	2	2	2	3	2	
0	5	0	4	4	2	3	5	4	4	3	5	4	4	4	4	4	5	4	2	4	3	4	3	3	3	2	5	3	3	4	
0	3	4	0	3	1	3	4	4	4	2	4	3	4	3	4	3	4	3	2	3	2	2	3	3	4	3	4	2	2	3	
0	3	3	3	0	2	4	2	3	1	2	2	3	3	3	3	2	2	2	3	3	2	2	3	4	1	3	1	3	2	3	
0	3	3	2	2	0	2	3	4	3	1	4	3	3	3	3	2	4	2	3	2	3	2	2	3	3	2	3	1	1	2	
0	2	3	3	1	2	0	3	3	2	3	3	2	1	2	3	2	2	3	1	4	1	1	2	3	2	2	2	1	3	2	
0	3	1	2	3	3	3	0	2	3	4	1	2	2	3	1	1	2	2	2	1	2	3	3	3	4	2	2	2	3	3	
0	2	3	3	2	2	4	3	0	1	2	2	3	3	2	3	3	2	2	3	4	3	1	2	3	3	4	3	3	3	2	
0	3	2	2	2	3	3	2	3	0	1	1	2	3	3	2	2	1	1	2	3	2	3	2	3	3	3	2	4	3	2	
0	4	2	1	1	2	4	2	4	2	0	3	3	2	2	3	2	3	1	2	3	3	3	2	4	2	3	2	3	2	1	
0	2	2	1	3	2	2	1	3	4	3	0	1	3	3	2	2	2	2	2	2	1	2	3	3	4	2	1	3	2	3	
0	1	3	2	4	2	3	4	2	3	3	4	0	2	2	3	3	3	3	3	3	2	1	4	2	3	3	3	2	3	2	
0	3	2	2	3	2	4	3	3	3	2	4	2	0	1	2	2	2	2	2	4	2	3	3	4	2	3	1	3	3	1	
0	2	2	1	2	2	3	2	2	3	3	3	1	2	0	3	2	1	1	2	3	3	2	2	3	3	3	3	3	3	3	
0	3	1	3	2	3	3	2	1	2	3	3	2	3	2	0	2	1	3	3	3	3	2	3	3	3	3	3	2	4	3	
0	4	1	1	3	2	2	3	4	3	3	2	3	1	2	3	0	3	3	3	4	3	3	3	2	3	1	2	2	3	2	
0	3	1	2	1	3	2	3	4	2	3	2	3	2	3	3	1	0	3	3	2	2	3	3	2	2	2	2	3	3	3	
0	3	1	2	4	2	3	1	3	3	3	2	3	2	3	2	1	3	0	1	2	2	2	1	3	3	2	3	3	3	3	
0	3	3	2	3	1	3	4	4	3	2	4	2	3	2	3	3	3	3	0	3	1	2	3	2	4	1	4	2	2	3	
0	4	2	3	3	2	2	2	2	2	3	3	3	3	3	3	2	3	1	1	0	2	3	2	3	4	2	3	1	3	3	
0	2	2	3	4	2	3	4	3	3	3	4	1	3	2	3	3	3	3	3	4	0	2	4	2	4	1	4	2	3	3	
0	1	3	2	3	1	3	3	2	3	2	4	2	2	1	3	3	2	2	2	3	2	0	3	2	2	3	3	2	2	1	
0	4	5	4	4	4	5	4	2	3	4	4	4	3	3	4	5	4	4	3	3	4	3	0	5	3	4	4	4	5	2	
0	2	1	2	3	2	3	3	2	1	2	2	2	3	1	1	3	2	2	1	4	1	1	3	0	3	2	3	3	3	2	
0	2	3	3	4	2	4	3	3	3	3	4	3	3	2	2	3	3	2	3	4	3	1	2	3	0	2	4	3	2	2	
0	3	2	3	3	3	2	4	3	2	3	3	3	3	2	2	2	3	3	2	5	2	2	3	1	4	0	3	1	4	3	
0	2	2	2	3	1	3	2	2	3	2	3	2	2	3	3	1	4	1	2	3	1	3	2	3	4	2	0	2	2	3	
0	3	2	2	2	3	1	4	3	3	4	3	2	2	3	3	1	3	4	2	4	2	2	3	3	3	2	3	0	4	2	
0	2	3	3	3	2	3	4	3	3	2	4	3	3	2	3	3	3	3	3	2	2	1	4	2	3	1	4	2	0	2	
0	3	3	2	3	2	4	3	3	4	3	4	2	1	1	3	3	2	2	1	3	2	2	3	3	1	2	2	3	3	0	
M1
0	0	0	0	0	0	0	0	0	0	0	0	0	0	0	0	0	0	0	0	0	0	0	0	0	0	0	0	0	0	0	
0	0	2	4	3	2	2	1	1	3	1	1	3	2	3	1	3	3	2	2	2	2	3	3	4	2	3	4	2	1	2	
0	4	0	4	1	2	3	3	2	4	3	3	2	3	3	1	3	3	2	3	3	2	3	2	4	2	3	3	2	2	2	
0	4	1	0	2	2	2	3	3	3	1	1	3	2	3	2	3	2	2	2	2	3	1	3	3	2	2	3	2	2	2	
0	4	3	3	0	1	2	3	3	3	3	3	1	2	2	2	2	3	2	2	3	1	2	1	4	2	2	2	3	3	2	
0	3	2	2	3	0	2	3	2	2	3	3	3	1	3	1	3	2	1	2	2	3	3	3	4	2	3	4	3	2	2	
0	2	3	3	3	3	0	3	1	3	2	3	1	3	2	2	1	3	2	3	2	3	2	2	4	2	2	5	3	3	3	
0	3	2	3	3	2	1	0	2	3	2	2	2	1	3	2	2	2	3	3	1	4	2	2	4	3	2	5	2	1	1	
0	4	3	4	4	2	4	4	0	3	4	3	2	2	3	3	3	2	2	3	1	3	3	4	3	3	3	5	2	3	2	
0	1	3	3	3	3	3	2	2	0	2	2	4	3	2	2	1	1	2	3	3	3	3	3	5	3	2	2	3	2	2	
0	3	2	3	3	1	1	3	2	3	0	2	2	2	3	2	2	2	1	2	2	3	2	3	4	2	2	5	1	3	1	
0	4	1	3	2	3	2	2	2	3	2	0	3	3	3	2	2	4	3	2	3	3	4	3	3	1	2	3	3	3	3	
0	3	3	2	2	2	2	2	2	2	2	3	0	2	1	2	1	3	2	2	2	2	1	3	3	1	1	4	2	3	3	
0	3	3	3	3	1	3	4	3	2	2	3	2	0	3	2	3	2	2	3	1	4	3	2	5	3	3	4	2	1	3	
0	2	3	3	1	2	2	1	1	1	3	3	2	2	0	3	2	2	2	2	2	1	3	2	4	3	3	3	1	2	2	
0	4	1	3	2	3	2	2	1	3	2	4	3	3	3	0	2	3	3	3	2	2	3	2	3	1	2	4	3	1	3	
0	4	3	2	3	2	2	3	3	3	1	3	3	2	3	3	0	2	1	2	3	3	3	4	4	2	3	5	2	3	2	
0	2	2	2	2	3	3	2	2	1	2	2	3	3	1	3	2	0	2	3	2	2	2	3	5	3	1	3	2	2	1	
0	3	3	3	2	2	2	2	3	2	2	3	3	1	2	3	2	1	0	1	2	2	2	3	3	1	2	4	3	2	2	
0	3	2	3	1	2	2	3	2	3	3	2	2	1	2	3	3	3	2	0	2	1	2	2	5	3	2	3	2	2	1	
0	3	3	3	3	1	3	3	3	2	3	2	1	2	2	2	2	1	2	3	0	3	2	3	4	2	2	4	1	3	2	
0	3	3	2	2	2	1	2	2	2	3	2	2	1	1	3	2	2	1	1	2	0	3	3	4	2	3	2	2	2	2	
0	4	3	2	2	2	2	4	3	3	1	3	2	1	3	3	2	2	2	1	1	2	0	3	5	3	1	4	2	2	2	
0	3	3	3	2	1	3	2	2	2	4	4	3	2	1	2	3	3	2	3	3	2	4	0	3	2	3	4	2	3	3	
0	3	3	2	1	1	3	2	2	2	2	3	2	2	1	2	2	3	2	3	3	2	3	1	0	3	1	3	2	3	3	
0	3	3	2	3	3	1	1	2	2	2	3	2	2	3	3	1	3	2	3	2	4	3	3	2	0	1	4	3	2	2	
0	4	2	1	3	2	2	3	3	3	1	2	3	2	3	3	1	2	1	2	3	3	2	4	4	2	0	4	2	3	2	
0	3	3	2	2	2	2	2	2	2	3	3	3	2	1	3	2	3	3	3	3	2	3	1	3	1	2	0	2	3	3	
0	4	4	5	3	4	4	3	3	3	3	5	4	4	2	3	4	4	4	4	3	3	3	4	3	3	4	5	0	2	4	
0	3	2	4	3	2	2	3	2	2	1	3	3	3	4	1	3	3	2	3	3	3	3	3	4	2	3	4	2	0	2	
0	2	1	2	2	2	3	3	1	3	2	1	2	2	3	2	2	2	2	2	1	3	1	3	4	2	1	4	2	3	0	
Tamanho_Tarefas
0	12	26	15	18	2	34	23	17	31	1	14	10	6	27	22	14	23	4	41	9	12	39	5	22	21	23	30	6	13	22	
Data_Entrega
0	364	385	236	404	400	244	240	302	290	376	376	311	298	250	288	311	333	270	380	341	279	394	409	364	296	275	338	255	267	243	
Penalidade_Atraso
0	4	11	7	14	16	12	15	18	17	10	10	5	1	19	10	12	14	7	18	6	14	2	14	11	5	15	3	16	16	20	
Capacidade_Veiculo
71	79	86	121	93	122	118	56	78	119	103	
Custo_Fixo_Veiculo
710	790	860	1210	930	1220	1180	560	780	1190	1030	
Coordenadas_Clientes
x	0	y	0
x	115	y	0
x	115	y	24
x	90	y	40
x	90	y	65
x	72	y	81
x	56	y	97
x	29	y	90
x	11	y	113
x	-9	y	94
x	-31	y	97
x	-52	y	90
x	-72	y	80
x	-60	y	44
x	-85	y	38
x	-112	y	23
x	-78	y	0
x	-102	y	-21
x	-108	y	-48
x	-88	y	-64
x	-66	y	-73
x	-56	y	-97
x	-26	y	-82
x	-12	y	-122
x	8	y	-81
x	24	y	-76
x	41	y	-71
x	76	y	-84
x	85	y	-62
x	75	y	-33
x	89	y	-19
Tempo_Viagem
0	115	117	98	111	108	112	94	113	94	101	103	107	74	93	114	78	104	118	108	98	112	86	122	81	79	81	113	105	81	91	
115	0	24	47	69	91	113	124	153	155	175	189	203	180	203	228	193	218	228	212	195	196	163	174	133	117	101	91	68	51	32	
117	24	0	29	48	71	93	107	136	141	162	179	195	176	200	227	194	221	234	221	205	209	176	192	149	135	119	114	91	69	50	
98	47	29	0	25	44	66	78	107	112	133	150	166	150	175	202	172	201	216	206	192	200	168	191	146	133	121	124	102	74	59	
111	69	48	25	0	24	46	65	92	103	125	144	162	151	176	206	180	210	227	219	208	218	187	212	167	155	144	149	127	99	84	
108	91	71	44	24	0	22	43	68	81	103	124	144	137	162	192	170	201	221	215	206	219	190	219	174	164	155	165	143	114	101	
112	113	93	66	46	22	0	27	47	65	87	108	128	127	152	182	165	196	218	216	209	224	196	229	184	175	168	182	161	131	120	
94	124	107	78	65	43	27	0	29	38	60	81	101	100	125	155	139	170	194	193	188	205	180	215	172	166	161	180	161	131	124	
113	153	136	107	92	68	47	29	0	27	44	66	88	98	121	151	143	174	199	202	201	220	198	235	194	189	186	207	189	159	153	
94	155	141	112	103	81	65	38	27	0	22	43	64	71	94	124	116	147	172	176	176	196	176	216	175	173	172	197	182	152	149	
101	175	162	133	125	103	87	60	44	22	0	22	44	60	79	109	107	137	163	170	173	195	179	219	182	180	182	210	196	167	166	
103	189	179	150	144	124	108	81	66	43	22	0	22	46	61	89	93	121	148	157	163	187	173	215	181	182	184	216	204	176	178	
107	203	195	166	162	144	128	101	88	64	44	22	0	37	43	69	80	104	131	144	153	177	167	209	179	183	188	220	211	185	189	
74	180	176	150	151	137	127	100	98	71	60	46	37	0	25	55	47	77	103	111	117	141	130	172	142	146	153	186	179	155	161	
93	203	200	175	176	162	152	125	121	94	79	61	43	25	0	30	38	61	88	102	111	137	133	175	151	157	166	202	197	174	183	
114	228	227	202	206	192	182	155	151	124	109	89	69	55	30	0	41	45	71	90	106	132	135	176	158	168	179	216	214	195	205	
78	193	194	172	180	170	165	139	143	116	107	93	80	47	38	41	0	31	56	64	73	99	97	138	118	127	138	175	174	156	168	
104	218	221	201	210	201	196	170	174	147	137	121	104	77	61	45	31	0	27	45	63	88	97	135	125	137	151	188	191	177	191	
118	228	234	216	227	221	218	194	199	172	163	148	131	103	88	71	56	27	0	25	48	70	88	120	120	134	150	186	193	183	199	
108	212	221	206	219	215	216	193	202	176	170	157	144	111	102	90	64	45	25	0	23	45	64	95	97	112	129	164	173	165	182	
98	195	205	192	208	206	209	188	201	176	173	163	153	117	111	106	73	63	48	23	0	26	41	72	74	90	107	142	151	146	164	
112	196	209	200	218	219	224	205	220	196	195	187	177	141	137	132	99	88	70	45	26	0	33	50	65	81	98	132	142	145	164	
86	163	176	168	187	190	196	180	198	176	179	173	167	130	133	135	97	97	88	64	41	33	0	42	34	50	67	102	111	112	131	
122	174	192	191	212	219	229	215	235	216	219	215	209	172	175	176	138	135	120	95	72	50	42	0	45	58	73	95	114	123	142	
81	133	149	146	167	174	184	172	194	175	182	181	179	142	151	158	118	125	120	97	74	65	34	45	0	16	33	68	77	82	101	
79	117	135	133	155	164	175	166	189	173	180	182	183	146	157	168	127	137	134	112	90	81	50	58	16	0	17	52	61	66	85	
81	101	119	121	144	155	168	161	186	172	182	184	188	153	166	179	138	151	150	129	107	98	67	73	33	17	0	37	44	50	69	
113	91	114	124	149	165	182	180	207	197	210	216	220	186	202	216	175	188	186	164	142	132	102	95	68	52	37	0	23	51	66	
105	68	91	102	127	143	161	161	189	182	196	204	211	179	197	214	174	191	193	173	151	142	111	114	77	61	44	23	0	30	43	
81	51	69	74	99	114	131	131	159	152	167	176	185	155	174	195	156	177	183	165	146	145	112	123	82	66	50	51	30	0	19	
91	32	50	59	84	101	120	124	153	149	166	178	189	161	183	205	168	191	199	182	164	164	131	142	101	85	69	66	43	19	0	
Custo_Viagem
V0
0	1633	1661	1391	1576	1533	1590	1334	1604	1334	1434	1462	1519	1050	1320	1618	1107	1476	1675	1533	1391	1590	1221	1732	1150	1121	1150	1604	1491	1150	1292	
1633	0	340	667	979	1292	1604	1760	2172	2201	2485	2683	2882	2556	2882	3237	2740	3095	3237	3010	2769	2783	2314	2499	1902	1675	1448	1306	965	724	454	
1661	340	0	411	681	1008	1320	1533	1931	2016	2314	2541	2769	2499	2840	3223	2754	3138	3322	3138	2911	2967	2499	2740	2115	1917	1704	1618	1292	979	710	
1391	667	411	0	355	624	937	1107	1519	1590	1888	2130	2357	2130	2485	2868	2442	2854	3067	2925	2726	2840	2385	2712	2073	1888	1718	1760	1448	1050	837	
1576	979	681	355	0	340	653	923	1306	1462	1775	2044	2300	2144	2513	2925	2556	2982	3223	3109	2953	3095	2655	3024	2371	2201	2044	2115	1803	1405	1192	
1533	1292	1008	624	340	0	312	610	965	1164	1476	1760	2044	1945	2300	2726	2414	2854	3138	3053	2925	3109	2698	3109	2470	2328	2201	2343	2030	1618	1434	
1590	1604	1320	937	653	312	0	383	667	923	1235	1533	1831	1803	2158	2598	2343	2797	3095	3067	2967	3180	2783	3251	2612	2485	2385	2584	2286	1860	1704	
1334	1760	1533	1107	923	610	383	0	411	539	852	1150	1434	1420	1775	2215	1973	2428	2754	2740	2669	2911	2556	3053	2442	2357	2286	2556	2286	1860	1760	
1604	2172	1931	1519	1306	965	667	411	0	383	624	951	1263	1405	1718	2158	2030	2485	2840	2868	2854	3124	2811	3351	2754	2683	2641	2939	2698	2257	2172	
1334	2201	2016	1590	1462	1164	923	539	383	0	312	610	908	1008	1334	1775	1647	2087	2456	2499	2499	2783	2499	3067	2485	2456	2442	2797	2584	2158	2115	
1434	2485	2314	1888	1775	1476	1235	852	624	312	0	312	624	852	1121	1547	1519	1945	2328	2414	2456	2769	2541	3109	2584	2570	2584	2982	2783	2371	2357	
1462	2683	2541	2130	2044	1760	1533	1150	951	610	312	0	312	653	866	1263	1320	1718	2101	2243	2314	2655	2456	3053	2570	2584	2627	3067	2896	2499	2527	
1519	2882	2769	2357	2300	2044	1831	1434	1263	908	624	312	0	525	610	979	1136	1491	1874	2044	2172	2513	2385	2982	2541	2598	2669	3124	2996	2627	2683	
1050	2556	2499	2130	2144	1945	1803	1420	1405	1008	852	653	525	0	355	795	667	1093	1462	1576	1661	2002	1846	2442	2016	2073	2172	2641	2541	2201	2286	
1320	2882	2840	2485	2513	2300	2158	1775	1718	1334	1121	866	610	355	0	426	539	866	1263	1448	1590	1959	1888	2485	2144	2229	2357	2868	2797	2485	2598	
1618	3237	3223	2868	2925	2726	2598	2215	2158	1775	1547	1263	979	795	426	0	582	639	1008	1278	1505	1874	1917	2499	2243	2385	2541	3067	3038	2769	2911	
1107	2740	2754	2442	2556	2414	2343	1973	2030	1647	1519	1320	1136	667	539	582	0	440	795	908	1036	1405	1377	1959	1675	1803	1959	2485	2470	2215	2385	
1476	3095	3138	2854	2982	2854	2797	2428	2485	2087	1945	1718	1491	1093	866	639	440	0	383	639	894	1249	1377	1917	1775	1945	2144	2669	2712	2513	2712	
1675	3237	3322	3067	3223	3138	3095	2754	2840	2456	2328	2101	1874	1462	1263	1008	795	383	0	355	681	1008	1249	1718	1704	1902	2130	2655	2740	2598	2825	
1533	3010	3138	2925	3109	3053	3067	2740	2868	2499	2414	2243	2044	1576	1448	1278	908	639	355	0	326	639	908	1349	1377	1590	1831	2343	2456	2343	2584	
1391	2769	2911	2726	2953	2925	2967	2669	2854	2499	2456	2314	2172	1661	1590	1505	1036	894	681	326	0	369	582	1022	1050	1278	1519	2016	2144	2073	2328	
1590	2783	2967	2840	3095	3109	3180	2911	3124	2783	2769	2655	2513	2002	1959	1874	1405	1249	1008	639	369	0	468	710	923	1164	1420	1874	2059	2059	2328	
1221	2314	2499	2385	2655	2698	2783	2556	2811	2499	2541	2456	2385	1846	1888	1917	1377	1377	1249	908	582	468	0	596	482	710	951	1448	1590	1590	1860	
1732	2499	2740	2712	3024	3109	3251	3053	3351	3067	3109	3053	2982	2442	2485	2499	1959	1917	1718	1349	1022	710	596	0	639	823	1036	1349	1618	1760	2044	
1150	1902	2115	2073	2371	2470	2612	2442	2754	2485	2584	2570	2541	2016	2144	2243	1675	1775	1704	1377	1050	923	482	639	0	227	482	965	1121	1164	1448	
1121	1675	1917	1888	2201	2328	2485	2357	2683	2456	2570	2584	2598	2073	2229	2385	1803	1945	1902	1590	1278	1164	710	823	227	0	241	738	880	937	1221	
1150	1448	1704	1718	2044	2201	2385	2286	2641	2442	2584	2627	2669	2172	2357	2541	1959	2144	2130	1831	1519	1420	951	1036	482	241	0	525	624	710	994	
1604	1306	1618	1760	2115	2343	2584	2556	2939	2797	2982	3067	3124	2641	2868	3067	2485	2669	2655	2343	2016	1874	1448	1349	965	738	525	0	326	724	937	
1491	965	1292	1448	1803	2030	2286	2286	2698	2584	2783	2896	2996	2541	2797	3038	2470	2712	2740	2456	2144	2059	1590	1618	1121	880	624	326	0	426	610	
1150	724	979	1050	1405	1618	1860	1860	2257	2158	2371	2499	2627	2201	2485	2769	2215	2513	2598	2343	2073	2059	1590	1760	1164	937	710	724	426	0	269	
1292	454	710	837	1192	1434	1704	1760	2172	2115	2357	2527	2683	2286	2598	2911	2385	2712	2825	2584	2328	2328	1860	2044	1448	1221	994	937	610	269	0	
V1
0	1817	1848	1548	1753	1706	1769	1485	1785	1485	1595	1627	1690	1169	1469	1801	1232	1643	1864	1706	1548	1769	1358	1927	1279	1248	1279	1785	1659	1279	1437	
1817	0	379	742	1090	1437	1785	1959	2417	2449	2765	2986	3207	2844	3207	3602	3049	3444	3602	3349	3081	3096	2575	2780	2117	1864	1611	1453	1074	805	505	
1848	379	0	458	758	1121	1469	1706	2148	2243	2575	2828	3081	2780	3160	3586	3065	3491	3697	3491	3239	3302	2780	3049	2354	2133	1896	1801	1437	1090	790	
1548	742	458	0	395	695	1042	1232	1690	1769	2101	2370	2622	2370	2765	3191	2717	3175	3412	3254	3033	3160	2654	3017	2306	2101	1911	1959	1611	1169	932	
1753	1090	758	395	0	379	726	1027	1453	1627	1975	2275	2559	2385	2796	3254	2844	3318	3586	3460	3286	3444	2954	3365	2638	2449	2275	2354	2006	1564	1327	
1706	1437	1121	695	379	0	347	679	1074	1295	1643	1959	2275	2164	2559	3033	2686	3175	3491	3397	3254	3460	3002	3460	2749	2591	2449	2607	2259	1801	1595	
1769	1785	1469	1042	726	347	0	426	742	1027	1374	1706	2038	2006	2401	2891	2607	3112	3444	3412	3302	3539	3096	3618	2907	2765	2654	2875	2543	2069	1896	
1485	1959	1706	1232	1027	679	426	0	458	600	948	1279	1595	1580	1975	2464	2196	2701	3065	3049	2970	3239	2844	3397	2717	2622	2543	2844	2543	2069	1959	
1785	2417	2148	1690	1453	1074	742	458	0	426	695	1058	1406	1564	1911	2401	2259	2765	3160	3191	3175	3476	3128	3728	3065	2986	2938	3270	3002	2512	2417	
1485	2449	2243	1769	1627	1295	1027	600	426	0	347	679	1011	1121	1485	1975	1832	2322	2733	2780	2780	3096	2780	3412	2765	2733	2717	3112	2875	2401	2354	
1595	2765	2575	2101	1975	1643	1374	948	695	347	0	347	695	948	1248	1722	1690	2164	2591	2686	2733	3081	2828	3460	2875	2859	2875	3318	3096	2638	2622	
1627	2986	2828	2370	2275	1959	1706	1279	1058	679	347	0	347	726	963	1406	1469	1911	2338	2496	2575	2954	2733	3397	2859	2875	2923	3412	3223	2780	2812	
1690	3207	3081	2622	2559	2275	2038	1595	1406	1011	695	347	0	584	679	1090	1264	1659	2085	2275	2417	2796	2654	3318	2828	2891	2970	3476	3333	2923	2986	
1169	2844	2780	2370	2385	2164	2006	1580	1564	1121	948	726	584	0	395	884	742	1216	1627	1753	1848	2227	2054	2717	2243	2306	2417	2938	2828	2449	2543	
1469	3207	3160	2765	2796	2559	2401	1975	1911	1485	1248	963	679	395	0	474	600	963	1406	1611	1769	2180	2101	2765	2385	2480	2622	3191	3112	2765	2891	
1801	3602	3586	3191	3254	3033	2891	2464	2401	1975	1722	1406	1090	884	474	0	647	711	1121	1422	1674	2085	2133	2780	2496	2654	2828	3412	3381	3081	3239	
1232	3049	3065	2717	2844	2686	2607	2196	2259	1832	1690	1469	1264	742	600	647	0	489	884	1011	1153	1564	1532	2180	1864	2006	2180	2765	2749	2464	2654	
1643	3444	3491	3175	3318	3175	3112	2701	2765	2322	2164	1911	1659	1216	963	711	489	0	426	711	995	1390	1532	2133	1975	2164	2385	2970	3017	2796	3017	
1864	3602	3697	3412	3586	3491	3444	3065	3160	2733	2591	2338	2085	1627	1406	1121	884	426	0	395	758	1121	1390	1911	1896	2117	2370	2954	3049	2891	3144	
1706	3349	3491	3254	3460	3397	3412	3049	3191	2780	2686	2496	2275	1753	1611	1422	1011	711	395	0	363	711	1011	1501	1532	1769	2038	2607	2733	2607	2875	
1548	3081	3239	3033	3286	3254	3302	2970	3175	2780	2733	2575	2417	1848	1769	1674	1153	995	758	363	0	410	647	1137	1169	1422	1690	2243	2385	2306	2591	
1769	3096	3302	3160	3444	3460	3539	3239	3476	3096	3081	2954	2796	2227	2180	2085	1564	1390	1121	711	410	0	521	790	1027	1295	1580	2085	2291	2291	2591	
1358	2575	2780	2654	2954	3002	3096	2844	3128	2780	2828	2733	2654	2054	2101	2133	1532	1532	1390	1011	647	521	0	663	537	790	1058	1611	1769	1769	2069	
1927	2780	3049	3017	3365	3460	3618	3397	3728	3412	3460	3397	3318	2717	2765	2780	2180	2133	1911	1501	1137	790	663	0	711	916	1153	1501	1801	1959	2275	
1279	2117	2354	2306	2638	2749	2907	2717	3065	2765	2875	2859	2828	2243	2385	2496	1864	1975	1896	1532	1169	1027	537	711	0	252	537	1074	1248	1295	1611	
1248	1864	2133	2101	2449	2591	2765	2622	2986	2733	2859	2875	2891	2306	2480	2654	2006	2164	2117	1769	1422	1295	790	916	252	0	268	821	979	1042	1358	
1279	1611	1896	1911	2275	2449	2654	2543	2938	2717	2875	2923	2970	2417	2622	2828	2180	2385	2370	2038	1690	1580	1058	1153	537	268	0	584	695	790	1106	
1785	1453	1801	1959	2354	2607	2875	2844	3270	3112	3318	3412	3476	2938	3191	3412	2765	2970	2954	2607	2243	2085	1611	1501	1074	821	584	0	363	805	1042	
1659	1074	1437	1611	2006	2259	2543	2543	3002	2875	3096	3223	3333	2828	3112	3381	2749	3017	3049	2733	2385	2291	1769	1801	1248	979	695	363	0	474	679	
1279	805	1090	1169	1564	1801	2069	2069	2512	2401	2638	2780	2923	2449	2765	3081	2464	2796	2891	2607	2306	2291	1769	1959	1295	1042	790	805	474	0	300	
1437	505	790	932	1327	1595	1896	1959	2417	2354	2622	2812	2986	2543	2891	3239	2654	3017	3144	2875	2591	2591	2069	2275	1611	1358	1106	1042	679	300	0	
V2
0	1978	2012	1685	1909	1857	1926	1616	1943	1616	1737	1771	1840	1272	1599	1960	1341	1788	2029	1857	1685	1926	1479	2098	1393	1358	1393	1943	1806	1393	1565	
1978	0	412	808	1186	1565	1943	2132	2631	2666	3010	3250	3491	3096	3491	3921	3319	3749	3921	3646	3354	3371	2803	3027	2304	2029	1754	1582	1169	877	550	
2012	412	0	498	825	1221	1599	1857	2339	2442	2803	3078	3354	3027	3440	3904	3336	3801	4024	3801	3526	3594	3027	3319	2562	2322	2064	1960	1565	1186	860	
1685	808	498	0	430	756	1135	1341	1840	1926	2287	2580	2855	2580	3010	3474	2958	3457	3715	3543	3302	3440	2889	3285	2511	2287	2081	2132	1754	1272	1014	
1909	1186	825	430	0	412	791	1118	1582	1771	2150	2476	2786	2597	3044	3543	3096	3612	3904	3766	3577	3749	3216	3663	2872	2666	2476	2562	2184	1702	1444	
1857	1565	1221	756	412	0	378	739	1169	1410	1788	2132	2476	2356	2786	3302	2924	3457	3801	3698	3543	3766	3268	3766	2992	2820	2666	2838	2459	1960	1737	
1926	1943	1599	1135	791	378	0	464	808	1118	1496	1857	2218	2184	2614	3147	2838	3388	3749	3715	3594	3852	3371	3938	3164	3010	2889	3130	2769	2253	2064	
1616	2132	1857	1341	1118	739	464	0	498	653	1032	1393	1737	1720	2150	2683	2390	2941	3336	3319	3233	3526	3096	3698	2958	2855	2769	3096	2769	2253	2132	
1943	2631	2339	1840	1582	1169	808	498	0	464	756	1152	1530	1702	2081	2614	2459	3010	3440	3474	3457	3784	3405	4059	3336	3250	3199	3560	3268	2734	2631	
1616	2666	2442	1926	1771	1410	1118	653	464	0	378	739	1100	1221	1616	2150	1995	2528	2975	3027	3027	3371	3027	3715	3010	2975	2958	3388	3130	2614	2562	
1737	3010	2803	2287	2150	1788	1496	1032	756	378	0	378	756	1032	1358	1874	1840	2356	2820	2924	2975	3354	3078	3766	3130	3113	3130	3612	3371	2872	2855	
1771	3250	3078	2580	2476	2132	1857	1393	1152	739	378	0	378	791	1049	1530	1599	2081	2545	2717	2803	3216	2975	3698	3113	3130	3182	3715	3508	3027	3061	
1840	3491	3354	2855	2786	2476	2218	1737	1530	1100	756	378	0	636	739	1186	1376	1806	2270	2476	2631	3044	2889	3612	3078	3147	3233	3784	3629	3182	3250	
1272	3096	3027	2580	2597	2356	2184	1720	1702	1221	1032	791	636	0	430	963	808	1324	1771	1909	2012	2425	2236	2958	2442	2511	2631	3199	3078	2666	2769	
1599	3491	3440	3010	3044	2786	2614	2150	2081	1616	1358	1049	739	430	0	516	653	1049	1530	1754	1926	2373	2287	3010	2597	2700	2855	3474	3388	3010	3147	
1960	3921	3904	3474	3543	3302	3147	2683	2614	2150	1874	1530	1186	963	516	0	705	774	1221	1548	1823	2270	2322	3027	2717	2889	3078	3715	3680	3354	3526	
1341	3319	3336	2958	3096	2924	2838	2390	2459	1995	1840	1599	1376	808	653	705	0	533	963	1100	1255	1702	1668	2373	2029	2184	2373	3010	2992	2683	2889	
1788	3749	3801	3457	3612	3457	3388	2941	3010	2528	2356	2081	1806	1324	1049	774	533	0	464	774	1083	1513	1668	2322	2150	2356	2597	3233	3285	3044	3285	
2029	3921	4024	3715	3904	3801	3749	3336	3440	2975	2820	2545	2270	1771	1530	1221	963	464	0	430	825	1221	1513	2081	2064	2304	2580	3216	3319	3147	3422	
1857	3646	3801	3543	3766	3698	3715	3319	3474	3027	2924	2717	2476	1909	1754	1548	1100	774	430	0	395	774	1100	1634	1668	1926	2218	2838	2975	2838	3130	
1685	3354	3526	3302	3577	3543	3594	3233	3457	3027	2975	2803	2631	2012	1926	1823	1255	1083	825	395	0	447	705	1238	1272	1548	1840	2442	2597	2511	2820	
1926	3371	3594	3440	3749	3766	3852	3526	3784	3371	3354	3216	3044	2425	2373	2270	1702	1513	1221	774	447	0	567	860	1118	1410	1720	2270	2494	2494	2820	
1479	2803	3027	2889	3216	3268	3371	3096	3405	3027	3078	2975	2889	2236	2287	2322	1668	1668	1513	1100	705	567	0	722	584	860	1152	1754	1926	1926	2253	
2098	3027	3319	3285	3663	3766	3938	3698	4059	3715	3766	3698	3612	2958	3010	3027	2373	2322	2081	1634	1238	860	722	0	774	997	1255	1634	1960	2132	2476	
1393	2304	2562	2511	2872	2992	3164	2958	3336	3010	3130	3113	3078	2442	2597	2717	2029	2150	2064	1668	1272	1118	584	774	0	275	584	1169	1358	1410	1754	
1358	2029	2322	2287	2666	2820	3010	2855	3250	2975	3113	3130	3147	2511	2700	2889	2184	2356	2304	1926	1548	1410	860	997	275	0	292	894	1066	1135	1479	
1393	1754	2064	2081	2476	2666	2889	2769	3199	2958	3130	3182	3233	2631	2855	3078	2373	2597	2580	2218	1840	1720	1152	1255	584	292	0	636	756	860	1204	
1943	1582	1960	2132	2562	2838	3130	3096	3560	3388	3612	3715	3784	3199	3474	3715	3010	3233	3216	2838	2442	2270	1754	1634	1169	894	636	0	395	877	1135	
1806	1169	1565	1754	2184	2459	2769	2769	3268	3130	3371	3508	3629	3078	3388	3680	2992	3285	3319	2975	2597	2494	1926	1960	1358	1066	756	395	0	516	739	
1393	877	1186	1272	1702	1960	2253	2253	2734	2614	2872	3027	3182	2666	3010	3354	2683	3044	3147	2838	2511	2494	1926	2132	1410	1135	860	877	516	0	326	
1565	550	860	1014	1444	1737	2064	2132	2631	2562	2855	3061	3250	2769	3147	3526	2889	3285	3422	3130	2820	2820	2253	2476	1754	1479	1204	1135	739	326	0	
V3
0	2783	2831	2371	2686	2613	2710	2274	2734	2274	2444	2492	2589	1790	2250	2758	1887	2516	2855	2613	2371	2710	2081	2952	1960	1911	1960	2734	2541	1960	2202	
2783	0	580	1137	1669	2202	2734	3000	3702	3751	4235	4573	4912	4356	4912	5517	4670	5275	5517	5130	4719	4743	3944	4259	3242	2855	2468	2226	1645	1234	774	
2831	580	0	701	1161	1718	2250	2613	3291	3436	3944	4331	4719	4259	4840	5493	4694	5348	5662	5348	4961	5057	4259	4670	3605	3267	2904	2758	2202	1669	1210	
2371	1137	701	0	605	1064	1597	1887	2589	2710	3218	3630	4017	3630	4235	4888	4162	4864	5227	4985	4646	4840	4065	4622	3533	3218	2928	3000	2468	1790	1427	
2686	1669	1161	605	0	580	1113	1573	2226	2492	3025	3484	3920	3654	4283	4985	4356	5082	5493	5299	5033	5275	4525	5154	4041	3751	3484	3605	3073	2395	2032	
2613	2202	1718	1064	580	0	532	1040	1645	1984	2516	3000	3484	3315	3920	4646	4114	4864	5348	5203	4985	5299	4598	5299	4210	3968	3751	3993	3460	2758	2444	
2710	2734	2250	1597	1113	532	0	653	1137	1573	2105	2613	3121	3073	3678	4428	3993	4767	5275	5227	5057	5420	4743	5541	4452	4235	4065	4404	3896	3170	2904	
2274	3000	2613	1887	1573	1040	653	0	701	919	1452	1960	2444	2420	3025	3775	3363	4138	4694	4670	4549	4961	4356	5203	4162	4017	3896	4356	3896	3170	3000	
2734	3702	3291	2589	2226	1645	1137	701	0	653	1064	1621	2153	2395	2928	3678	3460	4235	4840	4888	4864	5324	4791	5711	4694	4573	4501	5009	4598	3847	3702	
2274	3751	3436	2710	2492	1984	1573	919	653	0	532	1040	1548	1718	2274	3025	2807	3557	4186	4259	4259	4743	4259	5227	4235	4186	4162	4767	4404	3678	3605	
2444	4235	3944	3218	3025	2516	2105	1452	1064	532	0	532	1064	1452	1911	2637	2589	3315	3968	4114	4186	4719	4331	5299	4404	4380	4404	5082	4743	4041	4017	
2492	4573	4331	3630	3484	3000	2613	1960	1621	1040	532	0	532	1113	1476	2153	2250	2928	3581	3823	3944	4525	4186	5203	4380	4404	4477	5227	4936	4259	4307	
2589	4912	4719	4017	3920	3484	3121	2444	2153	1548	1064	532	0	895	1040	1669	1936	2541	3194	3484	3702	4283	4065	5082	4331	4428	4549	5324	5106	4477	4573	
1790	4356	4259	3630	3654	3315	3073	2420	2395	1718	1452	1113	895	0	605	1355	1137	1863	2492	2686	2831	3412	3146	4162	3436	3533	3702	4501	4331	3751	3896	
2250	4912	4840	4235	4283	3920	3678	3025	2928	2274	1911	1476	1040	605	0	726	919	1476	2153	2468	2710	3339	3218	4235	3654	3799	4017	4888	4767	4235	4428	
2758	5517	5493	4888	4985	4646	4428	3775	3678	3025	2637	2153	1669	1355	726	0	992	1089	1718	2178	2565	3194	3267	4259	3823	4065	4331	5227	5178	4719	4961	
1887	4670	4694	4162	4356	4114	3993	3363	3460	2807	2589	2250	1936	1137	919	992	0	750	1355	1548	1766	2395	2347	3339	2855	3073	3339	4235	4210	3775	4065	
2516	5275	5348	4864	5082	4864	4767	4138	4235	3557	3315	2928	2541	1863	1476	1089	750	0	653	1089	1524	2129	2347	3267	3025	3315	3654	4549	4622	4283	4622	
2855	5517	5662	5227	5493	5348	5275	4694	4840	4186	3968	3581	3194	2492	2153	1718	1355	653	0	605	1161	1718	2129	2928	2904	3242	3630	4525	4670	4428	4815	
2613	5130	5348	4985	5299	5203	5227	4670	4888	4259	4114	3823	3484	2686	2468	2178	1548	1089	605	0	556	1089	1548	2299	2347	2710	3121	3993	4186	3993	4404	
2371	4719	4961	4646	5033	4985	5057	4549	4864	4259	4186	3944	3702	2831	2710	2565	1766	1524	1161	556	0	629	992	1742	1790	2178	2589	3436	3654	3533	3968	
2710	4743	5057	4840	5275	5299	5420	4961	5324	4743	4719	4525	4283	3412	3339	3194	2395	2129	1718	1089	629	0	798	1210	1573	1984	2420	3194	3509	3509	3968	
2081	3944	4259	4065	4525	4598	4743	4356	4791	4259	4331	4186	4065	3146	3218	3267	2347	2347	2129	1548	992	798	0	1016	822	1210	1621	2468	2710	2710	3170	
2952	4259	4670	4622	5154	5299	5541	5203	5711	5227	5299	5203	5082	4162	4235	4259	3339	3267	2928	2299	1742	1210	1016	0	1089	1403	1766	2299	2758	3000	3484	
1960	3242	3605	3533	4041	4210	4452	4162	4694	4235	4404	4380	4331	3436	3654	3823	2855	3025	2904	2347	1790	1573	822	1089	0	387	822	1645	1911	1984	2468	
1911	2855	3267	3218	3751	3968	4235	4017	4573	4186	4380	4404	4428	3533	3799	4065	3073	3315	3242	2710	2178	1984	1210	1403	387	0	411	1258	1500	1597	2081	
1960	2468	2904	2928	3484	3751	4065	3896	4501	4162	4404	4477	4549	3702	4017	4331	3339	3654	3630	3121	2589	2420	1621	1766	822	411	0	895	1064	1210	1694	
2734	2226	2758	3000	3605	3993	4404	4356	5009	4767	5082	5227	5324	4501	4888	5227	4235	4549	4525	3993	3436	3194	2468	2299	1645	1258	895	0	556	1234	1597	
2541	1645	2202	2468	3073	3460	3896	3896	4598	4404	4743	4936	5106	4331	4767	5178	4210	4622	4670	4186	3654	3509	2710	2758	1911	1500	1064	556	0	726	1040	
1960	1234	1669	1790	2395	2758	3170	3170	3847	3678	4041	4259	4477	3751	4235	4719	3775	4283	4428	3993	3533	3509	2710	3000	1984	1597	1210	1234	726	0	459	
2202	774	1210	1427	2032	2444	2904	3000	3702	3605	4017	4307	4573	3896	4428	4961	4065	4622	4815	4404	3968	3968	3170	3484	2468	2081	1694	1597	1040	459	0	
V4
0	2139	2176	1822	2064	2008	2083	1748	2101	1748	1878	1915	1990	1376	1729	2120	1450	1934	2194	2008	1822	2083	1599	2269	1506	1469	1506	2101	1953	1506	1692	
2139	0	446	874	1283	1692	2101	2306	2845	2883	3255	3515	3775	3348	3775	4240	3589	4054	4240	3943	3627	3645	3031	3273	2492	2194	1897	1711	1264	948	595	
2176	446	0	539	892	1320	1729	2008	2529	2641	3031	3329	3627	3273	3720	4222	3608	4110	4352	4110	3813	3887	3273	3589	2771	2511	2232	2120	1692	1283	930	
1822	874	539	0	465	818	1227	1450	1990	2083	2473	2790	3087	2790	3255	3757	3199	3738	4017	3831	3571	3720	3124	3552	2715	2473	2250	2306	1897	1376	1097	
2064	1283	892	465	0	446	855	1209	1711	1915	2325	2678	3013	2808	3292	3831	3348	3906	4222	4073	3868	4054	3478	3961	3106	2883	2678	2771	2362	1841	1562	
2008	1692	1320	818	446	0	409	799	1264	1525	1934	2306	2678	2548	3013	3571	3162	3738	4110	3999	3831	4073	3534	4073	3236	3050	2883	3069	2659	2120	1878	
2083	2101	1729	1227	855	409	0	502	874	1209	1618	2008	2399	2362	2827	3403	3069	3664	4054	4017	3887	4166	3645	4259	3422	3255	3124	3385	2994	2436	2232	
1748	2306	2008	1450	1209	799	502	0	539	706	1116	1506	1878	1860	2325	2901	2585	3180	3608	3589	3496	3813	3348	3999	3199	3087	2994	3348	2994	2436	2306	
2101	2845	2529	1990	1711	1264	874	539	0	502	818	1246	1655	1841	2250	2827	2659	3255	3720	3757	3738	4092	3682	4389	3608	3515	3459	3850	3534	2957	2845	
1748	2883	2641	2083	1915	1525	1209	706	502	0	409	799	1190	1320	1748	2325	2157	2734	3217	3273	3273	3645	3273	4017	3255	3217	3199	3664	3385	2827	2771	
1878	3255	3031	2473	2325	1934	1618	1116	818	409	0	409	818	1116	1469	2027	1990	2548	3050	3162	3217	3627	3329	4073	3385	3366	3385	3906	3645	3106	3087	
1915	3515	3329	2790	2678	2306	2008	1506	1246	799	409	0	409	855	1134	1655	1729	2250	2752	2938	3031	3478	3217	3999	3366	3385	3441	4017	3794	3273	3310	
1990	3775	3627	3087	3013	2678	2399	1878	1655	1190	818	409	0	688	799	1283	1488	1953	2455	2678	2845	3292	3124	3906	3329	3403	3496	4092	3924	3441	3515	
1376	3348	3273	2790	2808	2548	2362	1860	1841	1320	1116	855	688	0	465	1041	874	1432	1915	2064	2176	2622	2418	3199	2641	2715	2845	3459	3329	2883	2994	
1729	3775	3720	3255	3292	3013	2827	2325	2250	1748	1469	1134	799	465	0	558	706	1134	1655	1897	2083	2566	2473	3255	2808	2920	3087	3757	3664	3255	3403	
2120	4240	4222	3757	3831	3571	3403	2901	2827	2325	2027	1655	1283	1041	558	0	762	837	1320	1674	1971	2455	2511	3273	2938	3124	3329	4017	3980	3627	3813	
1450	3589	3608	3199	3348	3162	3069	2585	2659	2157	1990	1729	1488	874	706	762	0	576	1041	1190	1357	1841	1804	2566	2194	2362	2566	3255	3236	2901	3124	
1934	4054	4110	3738	3906	3738	3664	3180	3255	2734	2548	2250	1953	1432	1134	837	576	0	502	837	1171	1636	1804	2511	2325	2548	2808	3496	3552	3292	3552	
2194	4240	4352	4017	4222	4110	4054	3608	3720	3217	3050	2752	2455	1915	1655	1320	1041	502	0	465	892	1320	1636	2250	2232	2492	2790	3478	3589	3403	3701	
2008	3943	4110	3831	4073	3999	4017	3589	3757	3273	3162	2938	2678	2064	1897	1674	1190	837	465	0	427	837	1190	1767	1804	2083	2399	3069	3217	3069	3385	
1822	3627	3813	3571	3868	3831	3887	3496	3738	3273	3217	3031	2845	2176	2083	1971	1357	1171	892	427	0	483	762	1339	1376	1674	1990	2641	2808	2715	3050	
2083	3645	3887	3720	4054	4073	4166	3813	4092	3645	3627	3478	3292	2622	2566	2455	1841	1636	1320	837	483	0	613	930	1209	1525	1860	2455	2697	2697	3050	
1599	3031	3273	3124	3478	3534	3645	3348	3682	3273	3329	3217	3124	2418	2473	2511	1804	1804	1636	1190	762	613	0	781	632	930	1246	1897	2083	2083	2436	
2269	3273	3589	3552	3961	4073	4259	3999	4389	4017	4073	3999	3906	3199	3255	3273	2566	2511	2250	1767	1339	930	781	0	837	1078	1357	1767	2120	2306	2678	
1506	2492	2771	2715	3106	3236	3422	3199	3608	3255	3385	3366	3329	2641	2808	2938	2194	2325	2232	1804	1376	1209	632	837	0	297	632	1264	1469	1525	1897	
1469	2194	2511	2473	2883	3050	3255	3087	3515	3217	3366	3385	3403	2715	2920	3124	2362	2548	2492	2083	1674	1525	930	1078	297	0	316	967	1153	1227	1599	
1506	1897	2232	2250	2678	2883	3124	2994	3459	3199	3385	3441	3496	2845	3087	3329	2566	2808	2790	2399	1990	1860	1246	1357	632	316	0	688	818	930	1302	
2101	1711	2120	2306	2771	3069	3385	3348	3850	3664	3906	4017	4092	3459	3757	4017	3255	3496	3478	3069	2641	2455	1897	1767	1264	967	688	0	427	948	1227	
1953	1264	1692	1897	2362	2659	2994	2994	3534	3385	3645	3794	3924	3329	3664	3980	3236	3552	3589	3217	2808	2697	2083	2120	1469	1153	818	427	0	558	799	
1506	948	1283	1376	1841	2120	2436	2436	2957	2827	3106	3273	3441	2883	3255	3627	2901	3292	3403	3069	2715	2697	2083	2306	1525	1227	930	948	558	0	353	
1692	595	930	1097	1562	1878	2232	2306	2845	2771	3087	3310	3515	2994	3403	3813	3124	3552	3701	3385	3050	3050	2436	2678	1897	1599	1302	1227	799	353	0	
V5
0	2806	2854	2391	2708	2635	2732	2293	2757	2293	2464	2513	2610	1805	2269	2781	1903	2537	2879	2635	2391	2732	2098	2976	1976	1927	1976	2757	2562	1976	2220	
2806	0	585	1146	1683	2220	2757	3025	3733	3782	4270	4611	4953	4392	4953	5563	4709	5319	5563	5172	4758	4782	3977	4294	3269	2879	2488	2244	1659	1244	780	
2854	585	0	707	1171	1732	2269	2635	3318	3464	3977	4367	4758	4294	4880	5538	4733	5392	5709	5392	5002	5099	4294	4709	3635	3294	2928	2781	2220	1683	1220	
2391	1146	707	0	610	1073	1610	1903	2610	2732	3245	3660	4050	3660	4270	4928	4196	4904	5270	5026	4684	4880	4099	4660	3562	3245	2952	3025	2488	1805	1439	
2708	1683	1171	610	0	585	1122	1586	2244	2513	3050	3513	3952	3684	4318	5026	4392	5124	5538	5343	5075	5319	4562	5197	4074	3782	3513	3635	3098	2415	2049	
2635	2220	1732	1073	585	0	536	1049	1659	2000	2537	3025	3513	3342	3952	4684	4148	4904	5392	5246	5026	5343	4636	5343	4245	4001	3782	4026	3489	2781	2464	
2732	2757	2269	1610	1122	536	0	658	1146	1586	2122	2635	3147	3098	3708	4465	4026	4806	5319	5270	5099	5465	4782	5587	4489	4270	4099	4440	3928	3196	2928	
2293	3025	2635	1903	1586	1049	658	0	707	927	1464	1976	2464	2440	3050	3806	3391	4172	4733	4709	4587	5002	4392	5246	4196	4050	3928	4392	3928	3196	3025	
2757	3733	3318	2610	2244	1659	1146	707	0	658	1073	1634	2171	2415	2952	3708	3489	4270	4880	4928	4904	5368	4831	5758	4733	4611	4538	5050	4636	3879	3733	
2293	3782	3464	2732	2513	2000	1586	927	658	0	536	1049	1561	1732	2293	3050	2830	3586	4221	4294	4294	4782	4294	5270	4270	4221	4196	4806	4440	3708	3635	
2464	4270	3977	3245	3050	2537	2122	1464	1073	536	0	536	1073	1464	1927	2659	2610	3342	4001	4148	4221	4758	4367	5343	4440	4416	4440	5124	4782	4074	4050	
2513	4611	4367	3660	3513	3025	2635	1976	1634	1049	536	0	536	1122	1488	2171	2269	2952	3611	3855	3977	4562	4221	5246	4416	4440	4514	5270	4977	4294	4343	
2610	4953	4758	4050	3952	3513	3147	2464	2171	1561	1073	536	0	902	1049	1683	1952	2562	3220	3513	3733	4318	4099	5124	4367	4465	4587	5368	5148	4514	4611	
1805	4392	4294	3660	3684	3342	3098	2440	2415	1732	1464	1122	902	0	610	1366	1146	1878	2513	2708	2854	3440	3172	4196	3464	3562	3733	4538	4367	3782	3928	
2269	4953	4880	4270	4318	3952	3708	3050	2952	2293	1927	1488	1049	610	0	732	927	1488	2171	2488	2732	3367	3245	4270	3684	3830	4050	4928	4806	4270	4465	
2781	5563	5538	4928	5026	4684	4465	3806	3708	3050	2659	2171	1683	1366	732	0	1000	1098	1732	2196	2586	3220	3294	4294	3855	4099	4367	5270	5221	4758	5002	
1903	4709	4733	4196	4392	4148	4026	3391	3489	2830	2610	2269	1952	1146	927	1000	0	756	1366	1561	1781	2415	2366	3367	2879	3098	3367	4270	4245	3806	4099	
2537	5319	5392	4904	5124	4904	4806	4172	4270	3586	3342	2952	2562	1878	1488	1098	756	0	658	1098	1537	2147	2366	3294	3050	3342	3684	4587	4660	4318	4660	
2879	5563	5709	5270	5538	5392	5319	4733	4880	4221	4001	3611	3220	2513	2171	1732	1366	658	0	610	1171	1732	2147	2952	2928	3269	3660	4562	4709	4465	4855	
2635	5172	5392	5026	5343	5246	5270	4709	4928	4294	4148	3855	3513	2708	2488	2196	1561	1098	610	0	561	1098	1561	2318	2366	2732	3147	4026	4221	4026	4440	
2391	4758	5002	4684	5075	5026	5099	4587	4904	4294	4221	3977	3733	2854	2732	2586	1781	1537	1171	561	0	634	1000	1756	1805	2196	2610	3464	3684	3562	4001	
2732	4782	5099	4880	5319	5343	5465	5002	5368	4782	4758	4562	4318	3440	3367	3220	2415	2147	1732	1098	634	0	805	1220	1586	2000	2440	3220	3538	3538	4001	
2098	3977	4294	4099	4562	4636	4782	4392	4831	4294	4367	4221	4099	3172	3245	3294	2366	2366	2147	1561	1000	805	0	1024	829	1220	1634	2488	2732	2732	3196	
2976	4294	4709	4660	5197	5343	5587	5246	5758	5270	5343	5246	5124	4196	4270	4294	3367	3294	2952	2318	1756	1220	1024	0	1098	1415	1781	2318	2781	3025	3513	
1976	3269	3635	3562	4074	4245	4489	4196	4733	4270	4440	4416	4367	3464	3684	3855	2879	3050	2928	2366	1805	1586	829	1098	0	390	829	1659	1927	2000	2488	
1927	2879	3294	3245	3782	4001	4270	4050	4611	4221	4416	4440	4465	3562	3830	4099	3098	3342	3269	2732	2196	2000	1220	1415	390	0	414	1268	1512	1610	2098	
1976	2488	2928	2952	3513	3782	4099	3928	4538	4196	4440	4514	4587	3733	4050	4367	3367	3684	3660	3147	2610	2440	1634	1781	829	414	0	902	1073	1220	1708	
2757	2244	2781	3025	3635	4026	4440	4392	5050	4806	5124	5270	5368	4538	4928	5270	4270	4587	4562	4026	3464	3220	2488	2318	1659	1268	902	0	561	1244	1610	
2562	1659	2220	2488	3098	3489	3928	3928	4636	4440	4782	4977	5148	4367	4806	5221	4245	4660	4709	4221	3684	3538	2732	2781	1927	1512	1073	561	0	732	1049	
1976	1244	1683	1805	2415	2781	3196	3196	3879	3708	4074	4294	4514	3782	4270	4758	3806	4318	4465	4026	3562	3538	2732	3025	2000	1610	1220	1244	732	0	463	
2220	780	1220	1439	2049	2464	2928	3025	3733	3635	4050	4343	4611	3928	4465	5002	4099	4660	4855	4440	4001	4001	3196	3513	2488	2098	1708	1610	1049	463	0	
V6
0	2714	2761	2312	2619	2548	2643	2218	2666	2218	2383	2430	2525	1746	2194	2690	1840	2454	2784	2548	2312	2643	2029	2879	1911	1864	1911	2666	2478	1911	2147	
2714	0	566	1109	1628	2147	2666	2926	3610	3658	4130	4460	4790	4248	4790	5380	4554	5144	5380	5003	4602	4625	3846	4153	3162	2784	2407	2171	1604	1203	755	
2761	566	0	684	1132	1675	2194	2548	3209	3351	3846	4224	4602	4153	4720	5357	4578	5215	5522	5215	4838	4932	4153	4554	3516	3186	2832	2690	2147	1628	1180	
2312	1109	684	0	590	1038	1557	1840	2525	2643	3138	3540	3917	3540	4130	4767	4059	4743	5097	4861	4531	4720	3964	4507	3445	3138	2855	2926	2407	1746	1392	
2619	1628	1132	590	0	566	1085	1534	2171	2430	2950	3398	3823	3563	4177	4861	4248	4956	5357	5168	4908	5144	4413	5026	3941	3658	3398	3516	2997	2336	1982	
2548	2147	1675	1038	566	0	519	1014	1604	1935	2454	2926	3398	3233	3823	4531	4012	4743	5215	5074	4861	5168	4484	5168	4106	3870	3658	3894	3374	2690	2383	
2643	2666	2194	1557	1085	519	0	637	1109	1534	2053	2548	3044	2997	3587	4318	3894	4649	5144	5097	4932	5286	4625	5404	4342	4130	3964	4295	3799	3091	2832	
2218	2926	2548	1840	1534	1014	637	0	684	896	1416	1911	2383	2360	2950	3681	3280	4035	4578	4554	4436	4838	4248	5074	4059	3917	3799	4248	3799	3091	2926	
2666	3610	3209	2525	2171	1604	1109	684	0	637	1038	1581	2100	2336	2855	3587	3374	4130	4720	4767	4743	5192	4672	5569	4578	4460	4389	4885	4484	3752	3610	
2218	3658	3351	2643	2430	1935	1534	896	637	0	519	1014	1510	1675	2218	2950	2737	3469	4082	4153	4153	4625	4153	5097	4130	4082	4059	4649	4295	3587	3516	
2383	4130	3846	3138	2950	2454	2053	1416	1038	519	0	519	1038	1416	1864	2572	2525	3233	3870	4012	4082	4602	4224	5168	4295	4271	4295	4956	4625	3941	3917	
2430	4460	4224	3540	3398	2926	2548	1911	1581	1014	519	0	519	1085	1439	2100	2194	2855	3492	3728	3846	4413	4082	5074	4271	4295	4366	5097	4814	4153	4200	
2525	4790	4602	3917	3823	3398	3044	2383	2100	1510	1038	519	0	873	1014	1628	1888	2478	3115	3398	3610	4177	3964	4956	4224	4318	4436	5192	4979	4366	4460	
1746	4248	4153	3540	3563	3233	2997	2360	2336	1675	1416	1085	873	0	590	1321	1109	1817	2430	2619	2761	3327	3068	4059	3351	3445	3610	4389	4224	3658	3799	
2194	4790	4720	4130	4177	3823	3587	2950	2855	2218	1864	1439	1014	590	0	708	896	1439	2100	2407	2643	3256	3138	4130	3563	3705	3917	4767	4649	4130	4318	
2690	5380	5357	4767	4861	4531	4318	3681	3587	2950	2572	2100	1628	1321	708	0	967	1062	1675	2124	2501	3115	3186	4153	3728	3964	4224	5097	5050	4602	4838	
1840	4554	4578	4059	4248	4012	3894	3280	3374	2737	2525	2194	1888	1109	896	967	0	731	1321	1510	1722	2336	2289	3256	2784	2997	3256	4130	4106	3681	3964	
2454	5144	5215	4743	4956	4743	4649	4035	4130	3469	3233	2855	2478	1817	1439	1062	731	0	637	1062	1486	2076	2289	3186	2950	3233	3563	4436	4507	4177	4507	
2784	5380	5522	5097	5357	5215	5144	4578	4720	4082	3870	3492	3115	2430	2100	1675	1321	637	0	590	1132	1675	2076	2855	2832	3162	3540	4413	4554	4318	4696	
2548	5003	5215	4861	5168	5074	5097	4554	4767	4153	4012	3728	3398	2619	2407	2124	1510	1062	590	0	542	1062	1510	2242	2289	2643	3044	3894	4082	3894	4295	
2312	4602	4838	4531	4908	4861	4932	4436	4743	4153	4082	3846	3610	2761	2643	2501	1722	1486	1132	542	0	613	967	1699	1746	2124	2525	3351	3563	3445	3870	
