M: 2
N: 30
Nun_Veiculos: 12
Capacidade_Total: 976
Demanda_Total: 634
Setup_Min: 1
Setup_Max: 9
Raio: 100
Circulos: 1
Tempo_Processamento_Min: 1
Tempo_Processamento_Max: 49
Demanda_Min: 10
Demanda_Max: 30
Priority_Factor: 0.2
Range_Factor_R: 0.8
U_factor: 2
ALpha: 0.2Replicao: 3
Tempos_Processamentos
0	0	1	0	
0	16	1	17	
0	47	1	43	
0	22	1	40	
0	8	1	28	
0	36	1	44	
0	5	1	30	
0	5	1	40	
0	26	1	27	
0	16	1	35	
0	18	1	32	
0	37	1	10	
0	31	1	40	
0	40	1	48	
0	33	1	25	
0	37	1	7	
0	13	1	16	
0	17	1	13	
0	24	1	31	
0	6	1	41	
0	23	1	42	
0	1	1	18	
0	4	1	23	
0	2	1	37	
0	49	1	14	
0	21	1	37	
0	49	1	4	
0	35	1	48	
0	37	1	25	
0	10	1	25	
0	47	1	7	

Tempos_setup
M0
0	0	0	0	0	0	0	0	0	0	0	0	0	0	0	0	0	0	0	0	0	0	0	0	0	0	0	0	0	0	0	
0	0	2	1	2	2	1	3	3	3	1	3	1	2	3	3	3	1	3	3	2	3	2	3	4	3	3	2	3	3	3	
0	1	0	2	3	2	2	2	3	4	2	3	2	3	2	3	4	2	3	2	1	3	1	3	4	3	3	2	2	2	2	
0	3	3	0	1	2	2	3	2	2	3	3	3	3	2	3	4	3	2	2	3	3	1	2	4	3	3	1	2	2	2	
0	4	3	2	0	2	2	4	3	3	3	3	3	3	2	3	4	3	4	2	3	3	1	2	4	3	3	2	2	2	2	
0	2	2	1	2	0	1	4	2	3	3	1	3	2	1	1	2	1	3	3	2	1	2	2	2	2	1	2	3	2	3	
0	2	2	3	2	4	0	3	2	5	3	2	3	4	3	4	4	3	3	2	1	4	3	3	4	4	3	3	4	3	2	
0	3	3	3	3	3	3	0	2	2	3	4	4	3	3	1	3	2	3	4	1	2	3	2	3	2	2	3	1	4	3	
0	2	4	3	2	3	2	3	0	3	2	4	3	3	3	3	5	3	2	3	3	4	2	1	2	4	4	1	3	3	3	
0	1	3	2	1	3	2	3	4	0	2	2	2	3	3	4	2	2	4	3	3	3	2	3	3	4	1	2	3	3	3	
0	3	2	1	2	2	1	2	3	3	0	3	1	4	3	3	3	3	3	2	2	3	2	3	4	4	3	2	3	3	3	
0	2	1	2	1	3	3	3	3	3	3	0	3	2	3	3	4	1	4	2	2	4	2	3	4	4	3	3	3	3	3	
0	2	1	2	3	1	2	3	3	4	3	2	0	3	2	2	3	2	4	2	2	2	2	2	3	3	2	3	2	3	3	
0	4	3	1	2	3	3	4	3	3	4	2	4	0	3	3	4	3	3	3	2	4	2	3	5	4	3	2	3	3	3	
0	2	1	1	2	2	2	3	1	3	2	3	3	3	0	3	4	3	3	2	2	2	2	2	2	1	3	1	2	1	3	
0	2	3	3	2	2	3	3	1	3	2	3	3	2	3	0	2	2	3	3	2	1	2	1	2	2	1	2	3	3	3	
0	4	3	3	4	4	4	5	3	3	5	5	4	3	3	4	0	5	5	4	4	5	3	4	5	3	3	4	2	4	4	
0	2	1	1	2	3	3	3	3	2	3	2	3	1	3	4	4	0	3	2	2	3	2	3	5	4	3	2	3	3	3	
0	2	3	2	3	1	2	4	2	4	3	2	2	1	2	1	3	2	0	2	3	2	2	2	3	3	2	3	3	3	3	
0	3	2	1	1	2	3	4	1	3	3	2	1	3	2	3	2	3	3	0	3	2	2	2	3	2	3	2	3	1	3	
0	2	3	3	4	3	2	4	3	5	3	4	3	3	2	3	4	3	2	4	0	4	3	4	4	3	3	3	4	3	2	
0	1	2	2	3	3	2	4	4	3	2	3	2	1	4	3	4	1	2	3	3	0	3	4	5	4	4	3	4	4	4	
0	3	2	2	2	1	2	4	2	3	3	2	2	3	1	2	3	2	4	1	3	2	0	2	3	2	2	1	1	1	1	
0	4	3	2	3	2	2	2	2	4	1	3	2	4	2	3	4	3	4	2	3	3	1	0	4	3	3	2	2	2	2	
0	2	3	2	2	1	2	4	3	1	2	2	3	2	2	2	3	2	1	3	3	2	2	3	0	3	2	2	3	2	1	
0	3	3	2	2	1	1	4	2	3	3	2	4	3	2	2	3	2	4	3	2	2	3	2	3	0	2	1	1	3	3	
0	3	3	3	4	3	2	4	4	3	3	4	4	3	3	4	1	2	3	4	3	2	3	2	2	3	0	1	3	4	3	
0	3	3	3	3	3	1	3	3	2	2	3	3	2	2	3	4	4	4	3	2	4	2	1	4	3	3	0	3	3	3	
0	3	3	3	3	2	2	4	1	3	3	3	4	4	2	2	2	3	3	4	3	3	3	2	3	1	1	2	0	3	4	
0	2	2	2	3	2	2	4	2	4	3	3	3	2	1	3	3	2	3	3	3	1	3	3	3	1	3	2	2	0	4	
0	2	2	1	2	3	2	4	3	3	3	4	3	3	3	4	2	3	3	3	3	3	2	2	3	4	1	1	3	3	0	
M1
0	0	0	0	0	0	0	0	0	0	0	0	0	0	0	0	0	0	0	0	0	0	0	0	0	0	0	0	0	0	0	
0	0	2	3	2	1	2	2	1	2	3	3	3	3	3	2	2	3	2	1	2	3	2	2	2	2	2	2	3	2	1	
0	3	0	3	4	3	1	2	3	3	3	2	4	2	3	4	2	3	4	1	2	4	3	3	2	3	3	3	3	2	3	
0	3	3	0	3	2	2	2	3	3	4	2	1	3	2	4	4	3	3	3	3	4	3	4	4	2	3	2	4	1	2	
0	2	3	2	0	3	1	2	3	2	3	1	3	2	3	3	3	2	3	2	1	3	2	2	2	2	1	2	3	3	3	
0	3	2	2	1	0	2	3	3	3	4	2	3	2	3	2	3	3	1	3	2	2	1	2	3	1	2	2	3	2	3	
0	2	3	2	3	3	0	3	3	2	2	1	3	3	3	3	4	2	3	3	1	3	2	2	4	4	3	2	3	3	3	
0	3	3	3	2	1	2	0	1	2	2	2	3	3	3	2	2	3	2	4	2	3	2	2	3	2	2	3	3	3	2	
0	2	2	2	2	2	1	1	0	1	3	2	3	3	3	1	1	2	3	3	1	3	2	2	4	2	3	2	2	3	3	
0	2	3	3	2	1	3	4	3	0	4	3	4	3	4	3	2	3	2	3	3	3	2	3	4	2	3	3	3	3	3	
0	2	2	2	1	1	2	3	3	2	0	2	3	1	1	3	3	3	2	3	2	3	2	3	2	2	1	3	4	3	3	
0	3	2	3	2	2	2	3	2	1	3	0	2	2	2	3	3	1	2	3	2	2	1	2	3	3	2	1	2	3	3	
0	3	3	2	2	4	3	3	2	3	3	3	0	2	2	3	3	4	5	2	3	4	3	4	3	4	3	4	4	3	4	
0	2	3	3	3	2	2	4	3	2	4	3	3	0	3	4	3	3	3	3	3	2	1	4	1	2	1	2	4	3	3	
0	1	1	1	3	2	2	3	2	3	4	3	2	3	0	3	3	4	3	2	3	4	3	3	3	2	3	3	4	2	2	
0	3	3	3	3	2	2	3	2	3	2	3	2	2	2	0	2	1	2	4	2	2	1	2	3	3	3	3	1	3	3	
0	3	1	2	2	3	2	2	2	3	4	3	2	2	2	3	0	1	2	2	2	3	3	2	3	1	3	3	3	2	3	
0	2	2	2	2	3	2	2	1	2	3	3	1	3	1	2	2	0	1	3	1	3	2	1	4	2	3	2	3	3	2	
0	4	2	2	2	3	3	3	4	3	3	3	2	2	4	2	3	3	0	3	3	3	3	3	3	1	2	1	2	2	4	
0	2	1	3	3	2	1	1	2	3	3	2	3	3	2	3	1	2	3	0	2	3	2	3	1	2	3	2	2	2	2	
0	1	3	1	2	2	3	3	2	2	4	2	2	3	2	3	3	3	3	2	0	3	2	1	3	3	3	2	4	2	2	
0	3	3	3	3	2	3	2	3	1	4	3	3	3	4	3	3	4	1	4	4	0	3	3	4	2	3	2	3	1	4	
0	3	3	2	2	1	1	3	2	2	3	2	3	3	2	3	2	3	2	4	2	1	0	3	4	2	3	3	4	2	2	
0	3	2	3	1	2	2	2	3	2	3	2	4	3	3	4	2	3	3	3	2	2	1	0	3	3	2	2	3	2	1	
0	1	2	3	2	2	1	3	2	3	3	2	4	2	4	3	2	3	3	2	2	2	3	3	0	2	2	1	4	3	2	
0	3	4	1	3	2	3	2	3	3	3	2	2	1	3	4	3	3	3	4	3	2	2	3	2	0	2	3	2	1	3	
0	2	3	2	3	2	2	3	3	1	4	2	2	2	3	4	3	3	3	3	3	3	3	4	1	1	0	2	3	2	3	
0	3	1	3	1	3	2	3	3	2	4	2	3	1	3	4	3	2	3	2	2	3	2	3	2	2	1	0	4	3	4	
0	3	2	3	2	1	3	3	3	2	1	3	3	2	2	3	1	2	2	3	3	1	2	1	3	2	2	3	0	2	2	
0	4	3	2	2	1	2	1	2	3	3	3	3	2	4	3	3	4	2	4	3	3	2	3	3	1	3	3	3	0	3	
0	2	4	2	3	2	1	1	2	2	2	2	3	3	3	3	3	3	3	3	1	4	3	2	2	2	1	3	4	3	0	
Tamanho_Tarefas
0	16	43	30	9	39	16	10	26	20	25	17	32	40	29	15	13	14	24	20	27	4	9	17	23	22	7	40	28	11	8	
Data_Entrega
0	302	286	457	388	252	368	266	372	343	323	260	274	367	311	412	454	341	411	251	281	336	310	356	362	451	422	260	427	254	428	
Penalidade_Atraso
0	7	15	11	1	7	1	11	15	8	1	5	6	2	18	12	1	20	5	16	7	8	16	9	16	6	8	2	6	12	6	
Capacidade_Veiculo
99	103	55	92	60	66	70	120	92	112	44	63	
Custo_Fixo_Veiculo
990	1030	550	920	600	660	700	1200	920	1120	440	630	
Coordenadas_Clientes
x	0	y	0
x	110	y	0
x	79	y	16
x	99	y	44
x	101	y	73
x	68	y	75
x	60	y	105
x	37	y	115
x	10	y	102
x	-12	y	118
x	-36	y	111
x	-46	y	79
x	-72	y	80
x	-78	y	57
x	-110	y	49
x	-109	y	23
x	-104	y	0
x	-104	y	-22
x	-100	y	-44
x	-69	y	-50
x	-62	y	-69
x	-48	y	-84
x	-29	y	-89
x	-10	y	-99
x	9	y	-88
x	24	y	-74
x	48	y	-84
x	62	y	-69
x	90	y	-65
x	108	y	-48
x	84	y	-17
Tempo_Viagem
0	110	80	108	124	101	120	120	102	118	116	91	107	96	120	111	104	106	109	85	92	96	93	99	88	77	96	92	111	118	85	
110	0	34	45	73	85	116	135	142	169	183	173	198	196	225	220	214	215	214	185	185	178	164	154	133	113	104	84	68	48	31	
80	34	0	34	61	60	91	107	110	136	149	139	164	162	191	188	183	186	188	162	164	161	150	145	125	105	104	86	81	70	33	
108	45	34	0	29	43	72	93	106	133	150	149	174	177	209	209	207	213	217	192	196	194	184	179	159	139	137	118	109	92	62	
124	73	61	29	0	33	52	76	95	121	141	147	173	179	211	215	217	225	232	209	216	216	207	204	185	165	165	147	138	121	91	
101	85	60	43	33	0	31	50	63	90	109	114	140	147	179	184	187	197	205	185	193	196	190	190	173	155	160	144	141	129	93	
120	116	91	72	52	31	0	25	50	73	96	109	134	146	178	187	194	207	218	201	212	216	213	215	199	182	189	174	172	160	124	
120	135	107	93	76	50	25	0	29	49	73	89	113	127	159	171	181	196	209	196	208	216	213	219	204	189	199	185	187	177	140	
102	142	110	106	95	63	50	29	0	27	46	60	84	98	130	142	152	168	182	171	185	194	194	201	190	176	189	178	185	179	140	
118	169	136	133	121	90	73	49	27	0	25	51	71	89	119	135	149	167	184	177	193	205	207	217	206	195	210	201	209	204	165	
116	183	149	150	141	109	96	73	46	25	0	33	47	68	96	114	130	149	167	164	181	195	200	211	204	193	212	204	216	214	175	
91	173	139	149	147	114	109	89	60	51	33	0	26	38	70	84	98	116	134	131	148	163	168	181	175	168	187	183	198	199	161	
107	198	164	174	173	140	134	113	84	71	47	26	0	23	49	67	85	106	126	130	149	165	174	189	186	181	203	199	217	220	183	
96	196	162	177	179	147	146	127	98	89	68	38	23	0	32	46	62	83	103	107	127	144	154	170	169	166	189	188	207	213	178	
120	225	191	209	211	179	178	159	130	119	96	70	49	32	0	26	49	71	93	107	127	146	160	178	181	181	206	208	230	238	204	
111	220	188	209	215	184	187	171	142	135	114	84	67	46	26	0	23	45	67	83	103	122	137	157	162	164	189	194	217	228	196	
104	214	183	207	217	187	194	181	152	149	130	98	85	62	49	23	0	22	44	61	80	100	116	136	143	147	173	179	204	217	188	
106	215	186	213	225	197	207	196	168	167	149	116	106	83	71	45	22	0	22	44	63	83	99	120	130	138	164	172	198	213	188	
109	214	188	217	232	205	218	209	182	184	167	134	126	103	93	67	44	22	0	31	45	65	83	104	117	127	152	163	190	208	185	
85	185	162	192	209	185	201	196	171	177	164	131	130	107	107	83	61	44	31	0	20	39	55	76	86	96	121	132	159	177	156	
92	185	164	196	216	193	212	208	185	193	181	148	149	127	127	103	80	63	45	20	0	20	38	59	73	86	111	124	152	171	154	
96	178	161	194	216	196	216	216	194	205	195	163	165	144	146	122	100	83	65	39	20	0	19	40	57	72	96	110	138	159	148	
93	164	150	184	207	190	213	213	194	207	200	168	174	154	160	137	116	99	83	55	38	19	0	21	38	55	77	93	121	142	133	
99	154	145	179	204	190	215	219	201	217	211	181	189	170	178	157	136	120	104	76	59	40	21	0	21	41	59	77	105	127	123	
88	133	125	159	185	173	199	204	190	206	204	175	186	169	181	162	143	130	117	86	73	57	38	21	0	20	39	56	84	106	102	
77	113	105	139	165	155	182	189	176	195	193	168	181	166	181	164	147	138	127	96	86	72	55	41	20	0	26	38	66	87	82	
96	104	104	137	165	160	189	199	189	210	212	187	203	189	206	189	173	164	152	121	111	96	77	59	39	26	0	20	46	69	76	
92	84	86	118	147	144	174	185	178	201	204	183	199	188	208	194	179	172	163	132	124	110	93	77	56	38	20	0	28	50	56	
111	68	81	109	138	141	172	187	185	209	216	198	217	207	230	217	204	198	190	159	152	138	121	105	84	66	46	28	0	24	48	
118	48	70	92	121	129	160	177	179	204	214	199	220	213	238	228	217	213	208	177	171	159	142	127	106	87	69	50	24	0	39	
85	31	33	62	91	93	124	140	140	165	175	161	183	178	204	196	188	188	185	156	154	148	133	123	102	82	76	56	48	39	0	
Custo_Viagem
V0
0	2178	1584	2138	2455	1999	2376	2376	2019	2336	2296	1801	2118	1900	2376	2197	2059	2098	2158	1683	1821	1900	1841	1960	1742	1524	1900	1821	2197	2336	1683	
2178	0	673	891	1445	1683	2296	2692	2811	3346	3623	3445	3920	3880	4455	4356	4237	4257	4237	3663	3663	3524	3267	3069	2633	2237	2059	1663	1346	950	613	
1584	673	0	673	1207	1188	1801	2118	2178	2692	2950	2752	3247	3207	3781	3722	3623	3682	3722	3207	3247	3187	2970	2871	2475	2079	2059	1702	1603	1386	653	
2138	891	673	0	574	851	1425	1861	2098	2633	2970	2950	3445	3504	4138	4138	4098	4217	4296	3801	3880	3841	3643	3544	3148	2752	2712	2336	2158	1821	1227	
2455	1445	1207	574	0	653	1029	1504	1881	2395	2811	2910	3425	3544	4197	4257	4296	4455	4593	4138	4276	4276	4098	4039	3663	3267	3267	2910	2732	2395	1801	
1999	1683	1188	851	653	0	613	990	1247	1782	2178	2257	2772	2910	3544	3643	3702	3900	4059	3663	3841	3880	3762	3762	3425	3069	3168	2851	2791	2554	1841	
2376	2296	1801	1425	1029	613	0	495	990	1445	1900	2158	2653	2890	3524	3702	3841	4098	4316	3979	4197	4296	4217	4257	3940	3603	3742	3445	3405	3168	2455	
2376	2692	2118	1861	1504	990	495	0	574	970	1445	1782	2257	2534	3187	3405	3583	3880	4138	3880	4118	4276	4237	4336	4039	3742	3940	3663	3702	3504	2772	
2019	2811	2178	2098	1881	1247	990	574	0	534	910	1188	1663	1940	2593	2811	3009	3326	3603	3385	3663	3841	3841	3979	3762	3484	3742	3524	3663	3544	2772	
2336	3346	2692	2633	2395	1782	1445	970	534	0	495	1009	1405	1762	2356	2673	2950	3306	3643	3504	3821	4059	4098	4296	4098	3861	4158	3979	4138	4039	3267	
2296	3623	2950	2970	2811	2178	1900	1445	910	495	0	653	930	1346	1900	2257	2574	2950	3306	3247	3583	3861	3960	4177	4039	3841	4197	4039	4276	4237	3465	
1801	3445	2752	2950	2910	2257	2158	1782	1188	1009	653	0	514	752	1386	1663	1940	2296	2653	2593	2930	3227	3326	3583	3465	3326	3722	3623	3920	3940	3187	
2118	3920	3247	3445	3425	2772	2653	2257	1663	1405	930	514	0	455	970	1326	1702	2098	2514	2574	2950	3267	3445	3742	3682	3583	4019	3960	4296	4356	3623	
1900	3880	3207	3504	3544	2910	2890	2534	1940	1762	1346	752	455	0	633	910	1227	1643	2039	2118	2514	2851	3049	3366	3346	3286	3742	3722	4098	4217	3524	
2376	4455	3781	4138	4197	3544	3524	3187	2593	2356	1900	1386	970	633	0	514	970	1405	1841	2118	2514	2890	3168	3524	3583	3583	4078	4118	4554	4712	4039	
2197	4356	3722	4138	4257	3643	3702	3405	2811	2673	2257	1663	1326	910	514	0	455	891	1326	1643	2039	2435	2712	3108	3207	3247	3742	3841	4296	4514	3900	
2059	4237	3623	4098	4296	3702	3841	3583	3009	2950	2574	1940	1702	1227	970	455	0	435	871	1207	1584	1980	2296	2692	2831	2910	3425	3544	4039	4296	3722	
2098	4257	3682	4217	4455	3900	4098	3880	3326	3306	2950	2296	2098	1643	1405	891	435	0	435	871	1247	1643	1980	2395	2574	2732	3247	3405	3920	4217	3722	
2158	4237	3722	4296	4593	4059	4316	4138	3603	3643	3306	2653	2514	2039	1841	1326	871	435	0	613	891	1287	1663	2079	2316	2514	3029	3227	3781	4118	3663	
1683	3663	3207	3801	4138	3663	3979	3880	3385	3504	3247	2593	2574	2118	2118	1643	1207	871	613	0	396	772	1089	1504	1702	1900	2395	2613	3148	3504	3088	
1821	3663	3247	3880	4276	3841	4197	4118	3663	3821	3583	2930	2950	2514	2514	2039	1584	1247	891	396	0	396	752	1188	1445	1702	2197	2455	3009	3385	3049	
1900	3524	3187	3841	4276	3880	4296	4276	3841	4059	3861	3227	3267	2851	2890	2435	1980	1643	1287	772	396	0	376	792	1128	1425	1900	2197	2752	3168	2930	
1841	3267	2970	3643	4098	3762	4217	4237	3841	4098	3960	3326	3445	3049	3168	2712	2296	1980	1663	1089	752	376	0	415	752	1089	1524	1841	2395	2831	2633	
1960	3069	2871	3544	4039	3762	4257	4336	3979	4296	4177	3583	3742	3366	3524	3108	2692	2395	2079	1504	1188	792	415	0	415	831	1168	1544	2079	2534	2455	
1742	2633	2475	3148	3663	3425	3940	4039	3762	4098	4039	3465	3682	3346	3583	3207	2831	2574	2316	1702	1445	1128	752	415	0	396	772	1108	1663	2098	2039	
1524	2237	2079	2752	3267	3069	3603	3742	3484	3861	3841	3326	3583	3286	3583	3247	2910	2732	2514	1900	1702	1425	1089	831	396	0	514	752	1306	1722	1623	
1900	2059	2059	2712	3267	3168	3742	3940	3742	4158	4197	3722	4019	3742	4078	3742	3425	3247	3029	2395	2197	1900	1524	1168	772	514	0	396	910	1366	1504	
1821	1663	1702	2336	2910	2851	3445	3663	3524	3979	4039	3623	3960	3722	4118	3841	3544	3405	3227	2613	2455	2197	1841	1544	1108	752	396	0	554	990	1108	
2197	1346	1603	2158	2732	2791	3405	3702	3663	4138	4276	3920	4296	4098	4554	4296	4039	3920	3781	3148	3009	2752	2395	2079	1663	1306	910	554	0	475	950	
2336	950	1386	1821	2395	2554	3168	3504	3544	4039	4237	3940	4356	4217	4712	4514	4296	4217	4118	3504	3385	3168	2831	2534	2098	1722	1366	990	475	0	772	
1683	613	653	1227	1801	1841	2455	2772	2772	3267	3465	3187	3623	3524	4039	3900	3722	3722	3663	3088	3049	2930	2633	2455	2039	1623	1504	1108	950	772	0	
V1
0	2266	1648	2224	2554	2080	2472	2472	2101	2430	2389	1874	2204	1977	2472	2286	2142	2183	2245	1751	1895	1977	1915	2039	1812	1586	1977	1895	2286	2430	1751	
2266	0	700	927	1503	1751	2389	2801	2925	3481	3769	3584	4078	4037	4635	4532	4408	4429	4408	3811	3811	3666	3399	3193	2739	2327	2142	1730	1400	988	638	
1648	700	0	700	1256	1236	1874	2204	2266	2801	3069	2863	3378	3337	3934	3872	3769	3831	3872	3337	3378	3316	3090	2987	2575	2163	2142	1771	1668	1442	679	
2224	927	700	0	597	885	1483	1936	2183	2739	3090	3069	3584	3646	4305	4305	4264	4387	4470	3955	4037	3996	3790	3687	3275	2863	2822	2430	2245	1895	1277	
2554	1503	1256	597	0	679	1071	1565	1957	2492	2925	3028	3563	3687	4367	4429	4470	4635	4779	4305	4449	4449	4264	4202	3811	3399	3399	3028	2842	2492	1874	
2080	1751	1236	885	679	0	638	1030	1297	1854	2266	2348	2884	3028	3687	3790	3852	4058	4223	3811	3996	4037	3914	3914	3563	3193	3296	2966	2904	2657	1915	
2472	2389	1874	1483	1071	638	0	515	1030	1503	1977	2245	2760	3007	3666	3852	3996	4264	4490	4140	4367	4470	4387	4429	4099	3749	3893	3584	3543	3296	2554	
2472	2801	2204	1936	1565	1030	515	0	597	1009	1503	1854	2348	2636	3316	3543	3728	4037	4305	4037	4284	4449	4408	4511	4202	3893	4099	3811	3852	3646	2884	
2101	2925	2266	2183	1957	1297	1030	597	0	556	947	1236	1730	2018	2698	2925	3131	3460	3749	3522	3811	3996	3996	4140	3914	3625	3893	3666	3811	3687	2884	
2430	3481	2801	2739	2492	1854	1503	1009	556	0	515	1050	1462	1833	2451	2781	3069	3440	3790	3646	3975	4223	4264	4470	4264	4017	4326	4140	4305	4202	3399	
2389	3769	3069	3090	2925	2266	1977	1503	947	515	0	679	968	1400	1977	2348	2678	3069	3440	3378	3728	4017	4120	4346	4202	3996	4367	4202	4449	4408	3605	
1874	3584	2863	3069	3028	2348	2245	1854	1236	1050	679	0	535	782	1442	1730	2018	2389	2760	2698	3048	3357	3460	3728	3605	3460	3872	3769	4078	4099	3316	
2204	4078	3378	3584	3563	2884	2760	2348	1730	1462	968	535	0	473	1009	1380	1771	2183	2616	2678	3069	3399	3584	3893	3831	3728	4181	4120	4470	4532	3769	
1977	4037	3337	3646	3687	3028	3007	2636	2018	1833	1400	782	473	0	659	947	1277	1709	2121	2204	2616	2966	3172	3502	3481	3419	3893	3872	4264	4387	3666	
2472	4635	3934	4305	4367	3687	3666	3316	2698	2451	1977	1442	1009	659	0	535	1009	1462	1915	2204	2616	3007	3296	3666	3728	3728	4243	4284	4738	4902	4202	
2286	4532	3872	4305	4429	3790	3852	3543	2925	2781	2348	1730	1380	947	535	0	473	927	1380	1709	2121	2533	2822	3234	3337	3378	3893	3996	4470	4696	4058	
2142	4408	3769	4264	4470	3852	3996	3728	3131	3069	2678	2018	1771	1277	1009	473	0	453	906	1256	1648	2060	2389	2801	2945	3028	3563	3687	4202	4470	3872	
2183	4429	3831	4387	4635	4058	4264	4037	3460	3440	3069	2389	2183	1709	1462	927	453	0	453	906	1297	1709	2060	2492	2678	2842	3378	3543	4078	4387	3872	
2245	4408	3872	4470	4779	4223	4490	4305	3749	3790	3440	2760	2616	2121	1915	1380	906	453	0	638	927	1339	1730	2163	2410	2616	3151	3357	3934	4284	3811	
1751	3811	3337	3955	4305	3811	4140	4037	3522	3646	3378	2698	2678	2204	2204	1709	1256	906	638	0	412	803	1133	1565	1771	1977	2492	2719	3275	3646	3213	
1895	3811	3378	4037	4449	3996	4367	4284	3811	3975	3728	3048	3069	2616	2616	2121	1648	1297	927	412	0	412	782	1236	1503	1771	2286	2554	3131	3522	3172	
1977	3666	3316	3996	4449	4037	4470	4449	3996	4223	4017	3357	3399	2966	3007	2533	2060	1709	1339	803	412	0	391	824	1174	1483	1977	2286	2863	3296	3048	
1915	3399	3090	3790	4264	3914	4387	4408	3996	4264	4120	3460	3584	3172	3296	2822	2389	2060	1730	1133	782	391	0	432	782	1133	1586	1915	2492	2945	2739	
2039	3193	2987	3687	4202	3914	4429	4511	4140	4470	4346	3728	3893	3502	3666	3234	2801	2492	2163	1565	1236	824	432	0	432	865	1215	1606	2163	2636	2554	
1812	2739	2575	3275	3811	3563	4099	4202	3914	4264	4202	3605	3831	3481	3728	3337	2945	2678	2410	1771	1503	1174	782	432	0	412	803	1153	1730	2183	2121	
1586	2327	2163	2863	3399	3193	3749	3893	3625	4017	3996	3460	3728	3419	3728	3378	3028	2842	2616	1977	1771	1483	1133	865	412	0	535	782	1359	1792	1689	
1977	2142	2142	2822	3399	3296	3893	4099	3893	4326	4367	3872	4181	3893	4243	3893	3563	3378	3151	2492	2286	1977	1586	1215	803	535	0	412	947	1421	1565	
1895	1730	1771	2430	3028	2966	3584	3811	3666	4140	4202	3769	4120	3872	4284	3996	3687	3543	3357	2719	2554	2286	1915	1606	1153	782	412	0	576	1030	1153	
2286	1400	1668	2245	2842	2904	3543	3852	3811	4305	4449	4078	4470	4264	4738	4470	4202	4078	3934	3275	3131	2863	2492	2163	1730	1359	947	576	0	494	988	
2430	988	1442	1895	2492	2657	3296	3646	3687	4202	4408	4099	4532	4387	4902	4696	4470	4387	4284	3646	3522	3296	2945	2636	2183	1792	1421	1030	494	0	803	
1751	638	679	1277	1874	1915	2554	2884	2884	3399	3605	3316	3769	3666	4202	4058	3872	3872	3811	3213	3172	3048	2739	2554	2121	1689	1565	1153	988	803	0	
V2
0	1210	880	1188	1364	1111	1320	1320	1122	1298	1276	1001	1177	1056	1320	1221	1144	1166	1199	935	1012	1056	1023	1089	968	847	1056	1012	1221	1298	935	
1210	0	374	495	803	935	1276	1496	1562	1859	2013	1914	2178	2156	2475	2420	2354	2365	2354	2035	2035	1958	1815	1705	1463	1243	1144	924	748	528	341	
880	374	0	374	671	660	1001	1177	1210	1496	1639	1529	1804	1782	2101	2068	2013	2046	2068	1782	1804	1771	1650	1595	1375	1155	1144	946	891	770	363	
1188	495	374	0	319	473	792	1034	1166	1463	1650	1639	1914	1947	2299	2299	2277	2343	2387	2112	2156	2134	2024	1969	1749	1529	1507	1298	1199	1012	682	
1364	803	671	319	0	363	572	836	1045	1331	1562	1617	1903	1969	2332	2365	2387	2475	2552	2299	2376	2376	2277	2244	2035	1815	1815	1617	1518	1331	1001	
1111	935	660	473	363	0	341	550	693	990	1210	1254	1540	1617	1969	2024	2057	2167	2255	2035	2134	2156	2090	2090	1903	1705	1760	1584	1551	1419	1023	
1320	1276	1001	792	572	341	0	275	550	803	1056	1199	1474	1606	1958	2057	2134	2277	2398	2211	2332	2387	2343	2365	2189	2002	2079	1914	1892	1760	1364	
1320	1496	1177	1034	836	550	275	0	319	539	803	990	1254	1408	1771	1892	1991	2156	2299	2156	2288	2376	2354	2409	2244	2079	2189	2035	2057	1947	1540	
1122	1562	1210	1166	1045	693	550	319	0	297	506	660	924	1078	1441	1562	1672	1848	2002	1881	2035	2134	2134	2211	2090	1936	2079	1958	2035	1969	1540	
1298	1859	1496	1463	1331	990	803	539	297	0	275	561	781	979	1309	1485	1639	1837	2024	1947	2123	2255	2277	2387	2277	2145	2310	2211	2299	2244	1815	
1276	2013	1639	1650	1562	1210	1056	803	506	275	0	363	517	748	1056	1254	1430	1639	1837	1804	1991	2145	2200	2321	2244	2134	2332	2244	2376	2354	1925	
1001	1914	1529	1639	1617	1254	1199	990	660	561	363	0	286	418	770	924	1078	1276	1474	1441	1628	1793	1848	1991	1925	1848	2068	2013	2178	2189	1771	
1177	2178	1804	1914	1903	1540	1474	1254	924	781	517	286	0	253	539	737	946	1166	1397	1430	1639	1815	1914	2079	2046	1991	2233	2200	2387	2420	2013	
1056	2156	1782	1947	1969	1617	1606	1408	1078	979	748	418	253	0	352	506	682	913	1133	1177	1397	1584	1694	1870	1859	1826	2079	2068	2277	2343	1958	
1320	2475	2101	2299	2332	1969	1958	1771	1441	1309	1056	770	539	352	0	286	539	781	1023	1177	1397	1606	1760	1958	1991	1991	2266	2288	2530	2618	2244	
1221	2420	2068	2299	2365	2024	2057	1892	1562	1485	1254	924	737	506	286	0	253	495	737	913	1133	1353	1507	1727	1782	1804	2079	2134	2387	2508	2167	
1144	2354	2013	2277	2387	2057	2134	1991	1672	1639	1430	1078	946	682	539	253	0	242	484	671	880	1100	1276	1496	1573	1617	1903	1969	2244	2387	2068	
1166	2365	2046	2343	2475	2167	2277	2156	1848	1837	1639	1276	1166	913	781	495	242	0	242	484	693	913	1100	1331	1430	1518	1804	1892	2178	2343	2068	
1199	2354	2068	2387	2552	2255	2398	2299	2002	2024	1837	1474	1397	1133	1023	737	484	242	0	341	495	715	924	1155	1287	1397	1683	1793	2101	2288	2035	
935	2035	1782	2112	2299	2035	2211	2156	1881	1947	1804	1441	1430	1177	1177	913	671	484	341	0	220	429	605	836	946	1056	1331	1452	1749	1947	1716	
1012	2035	1804	2156	2376	2134	2332	2288	2035	2123	1991	1628	1639	1397	1397	1133	880	693	495	220	0	220	418	660	803	946	1221	1364	1672	1881	1694	
1056	1958	1771	2134	2376	2156	2387	2376	2134	2255	2145	1793	1815	1584	1606	1353	1100	913	715	429	220	0	209	440	627	792	1056	1221	1529	1760	1628	
1023	1815	1650	2024	2277	2090	2343	2354	2134	2277	2200	1848	1914	1694	1760	1507	1276	1100	924	605	418	209	0	231	418	605	847	1023	1331	1573	1463	
1089	1705	1595	1969	2244	2090	2365	2409	2211	2387	2321	1991	2079	1870	1958	1727	1496	1331	1155	836	660	440	231	0	231	462	649	858	1155	1408	1364	
968	1463	1375	1749	2035	1903	2189	2244	2090	2277	2244	1925	2046	1859	1991	1782	1573	1430	1287	946	803	627	418	231	0	220	429	616	924	1166	1133	
847	1243	1155	1529	1815	1705	2002	2079	1936	2145	2134	1848	1991	1826	1991	1804	1617	1518	1397	1056	946	792	605	462	220	0	286	418	726	957	902	
1056	1144	1144	1507	1815	1760	2079	2189	2079	2310	2332	2068	2233	2079	2266	2079	1903	1804	1683	1331	1221	1056	847	649	429	286	0	220	506	759	836	
1012	924	946	1298	1617	1584	1914	2035	1958	2211	2244	2013	2200	2068	2288	2134	1969	1892	1793	1452	1364	1221	1023	858	616	418	220	0	308	550	616	
1221	748	891	1199	1518	1551	1892	2057	2035	2299	2376	2178	2387	2277	2530	2387	2244	2178	2101	1749	1672	1529	1331	1155	924	726	506	308	0	264	528	
1298	528	770	1012	1331	1419	1760	1947	1969	2244	2354	2189	2420	2343	2618	2508	2387	2343	2288	1947	1881	1760	1573	1408	1166	957	759	550	264	0	429	
935	341	363	682	1001	1023	1364	1540	1540	1815	1925	1771	2013	1958	2244	2167	2068	2068	2035	1716	1694	1628	1463	1364	1133	902	836	616	528	429	0	
V3
0	2024	1472	1987	2281	1858	2208	2208	1876	2171	2134	1674	1968	1766	2208	2042	1913	1950	2005	1564	1692	1766	1711	1821	1619	1416	1766	1692	2042	2171	1564	
2024	0	625	828	1343	1564	2134	2502	2612	3109	3367	3201	3643	3606	4140	4048	3937	3956	3937	3404	3404	3275	3036	2852	2447	2079	1913	1545	1251	883	570	
1472	625	0	625	1122	1104	1674	1968	2024	2502	2741	2557	3017	2980	3514	3459	3367	3422	3459	2980	3017	2962	2760	2668	2300	1932	1913	1582	1490	1288	607	
1987	828	625	0	533	791	1324	1729	1950	2447	2760	2741	3201	3256	3845	3845	3808	3919	3992	3532	3606	3569	3385	3293	2925	2557	2520	2171	2005	1692	1140	
2281	1343	1122	533	0	607	956	1398	1748	2226	2612	2704	3183	3293	3900	3956	3992	4140	4268	3845	3974	3974	3808	3753	3404	3036	3036	2704	2539	2226	1674	
1858	1564	1104	791	607	0	570	920	1159	1656	2024	2097	2576	2704	3293	3385	3440	3624	3772	3404	3569	3606	3496	3496	3183	2852	2944	2649	2594	2373	1711	
2208	2134	1674	1324	956	570	0	460	920	1343	1766	2005	2465	2686	3275	3440	3569	3808	4011	3698	3900	3992	3919	3956	3661	3348	3477	3201	3164	2944	2281	
2208	2502	1968	1729	1398	920	460	0	533	901	1343	1656	2097	2355	2962	3164	3330	3606	3845	3606	3827	3974	3937	4029	3753	3477	3661	3404	3440	3256	2576	
1876	2612	2024	1950	1748	1159	920	533	0	496	846	1104	1545	1803	2410	2612	2796	3091	3348	3146	3404	3569	3569	3698	3496	3238	3477	3275	3404	3293	2576	
2171	3109	2502	2447	2226	1656	1343	901	496	0	460	938	1306	1637	2189	2484	2741	3072	3385	3256	3551	3772	3808	3992	3808	3588	3864	3698	3845	3753	3036	
2134	3367	2741	2760	2612	2024	1766	1343	846	460	0	607	864	1251	1766	2097	2392	2741	3072	3017	3330	3588	3680	3882	3753	3569	3900	3753	3974	3937	3220	
1674	3201	2557	2741	2704	2097	2005	1656	1104	938	607	0	478	699	1288	1545	1803	2134	2465	2410	2723	2999	3091	3330	3220	3091	3459	3367	3643	3661	2962	
1968	3643	3017	3201	3183	2576	2465	2097	1545	1306	864	478	0	423	901	1232	1582	1950	2336	2392	2741	3036	3201	3477	3422	3330	3735	3680	3992	4048	3367	
1766	3606	2980	3256	3293	2704	2686	2355	1803	1637	1251	699	423	0	588	846	1140	1527	1895	1968	2336	2649	2833	3128	3109	3054	3477	3459	3808	3919	3275	
2208	4140	3514	3845	3900	3293	3275	2962	2410	2189	1766	1288	901	588	0	478	901	1306	1711	1968	2336	2686	2944	3275	3330	3330	3790	3827	4232	4379	3753	
2042	4048	3459	3845	3956	3385	3440	3164	2612	2484	2097	1545	1232	846	478	0	423	828	1232	1527	1895	2263	2520	2888	2980	3017	3477	3569	3992	4195	3624	
1913	3937	3367	3808	3992	3440	3569	3330	2796	2741	2392	1803	1582	1140	901	423	0	404	809	1122	1472	1840	2134	2502	2631	2704	3183	3293	3753	3992	3459	
1950	3956	3422	3919	4140	3624	3808	3606	3091	3072	2741	2134	1950	1527	1306	828	404	0	404	809	1159	1527	1840	2226	2392	2539	3017	3164	3643	3919	3459	
2005	3937	3459	3992	4268	3772	4011	3845	3348	3385	3072	2465	2336	1895	1711	1232	809	404	0	570	828	1196	1545	1932	2152	2336	2815	2999	3514	3827	3404	
1564	3404	2980	3532	3845	3404	3698	3606	3146	3256	3017	2410	2392	1968	1968	1527	1122	809	570	0	368	717	1012	1398	1582	1766	2226	2428	2925	3256	2870	
1692	3404	3017	3606	3974	3569	3900	3827	3404	3551	3330	2723	2741	2336	2336	1895	1472	1159	828	368	0	368	699	1104	1343	1582	2042	2281	2796	3146	2833	
1766	3275	2962	3569	3974	3606	3992	3974	3569	3772	3588	2999	3036	2649	2686	2263	1840	1527	1196	717	368	0	349	736	1048	1324	1766	2042	2557	2944	2723	
1711	3036	2760	3385	3808	3496	3919	3937	3569	3808	3680	3091	3201	2833	2944	2520	2134	1840	1545	1012	699	349	0	386	699	1012	1416	1711	2226	2631	2447	
1821	2852	2668	3293	3753	3496	3956	4029	3698	3992	3882	3330	3477	3128	3275	2888	2502	2226	1932	1398	1104	736	386	0	386	772	1085	1435	1932	2355	2281	
1619	2447	2300	2925	3404	3183	3661	3753	3496	3808	3753	3220	3422	3109	3330	2980	2631	2392	2152	1582	1343	1048	699	386	0	368	717	1030	1545	1950	1895	
1416	2079	1932	2557	3036	2852	3348	3477	3238	3588	3569	3091	3330	3054	3330	3017	2704	2539	2336	1766	1582	1324	1012	772	368	0	478	699	1214	1600	1508	
1766	1913	1913	2520	3036	2944	3477	3661	3477	3864	3900	3459	3735	3477	3790	3477	3183	3017	2815	2226	2042	1766	1416	1085	717	478	0	368	846	1269	1398	
1692	1545	1582	2171	2704	2649	3201	3404	3275	3698	3753	3367	3680	3459	3827	3569	3293	3164	2999	2428	2281	2042	1711	1435	1030	699	368	0	515	920	1030	
2042	1251	1490	2005	2539	2594	3164	3440	3404	3845	3974	3643	3992	3808	4232	3992	3753	3643	3514	2925	2796	2557	2226	1932	1545	1214	846	515	0	441	883	
2171	883	1288	1692	2226	2373	2944	3256	3293	3753	3937	3661	4048	3919	4379	4195	3992	3919	3827	3256	3146	2944	2631	2355	1950	1600	1269	920	441	0	717	
1564	570	607	1140	1674	1711	2281	2576	2576	3036	3220	2962	3367	3275	3753	3624	3459	3459	3404	2870	2833	2723	2447	2281	1895	1508	1398	1030	883	717	0	
V4
0	1320	960	1296	1488	1212	1440	1440	1224	1416	1392	1092	1284	1152	1440	1332	1248	1272	1308	1020	1104	1152	1116	1188	1056	924	1152	1104	1332	1416	1020	
1320	0	408	540	876	1020	1392	1632	1704	2028	2196	2088	2376	2352	2700	2640	2568	2580	2568	2220	2220	2136	1980	1860	1596	1356	1248	1008	816	576	372	
960	408	0	408	732	720	1092	1284	1320	1632	1788	1668	1968	1944	2292	2256	2196	2232	2256	1944	1968	1932	1800	1740	1500	1260	1248	1032	972	840	396	
1296	540	408	0	348	516	864	1128	1272	1596	1800	1788	2088	2124	2508	2508	2484	2556	2604	2304	2352	2328	2208	2148	1908	1668	1644	1416	1308	1104	744	
1488	876	732	348	0	396	624	912	1140	1452	1704	1764	2076	2148	2544	2580	2604	2700	2784	2508	2592	2592	2484	2448	2220	1980	1980	1764	1656	1452	1092	
1212	1020	720	516	396	0	372	600	756	1080	1320	1368	1680	1764	2148	2208	2244	2364	2460	2220	2328	2352	2280	2280	2076	1860	1920	1728	1692	1548	1116	
1440	1392	1092	864	624	372	0	300	600	876	1152	1308	1608	1752	2136	2244	2328	2484	2616	2412	2544	2604	2556	2580	2388	2184	2268	2088	2064	1920	1488	
1440	1632	1284	1128	912	600	300	0	348	588	876	1080	1368	1536	1932	2064	2172	2352	2508	2352	2496	2592	2568	2628	2448	2268	2388	2220	2244	2124	1680	
1224	1704	1320	1272	1140	756	600	348	0	324	552	720	1008	1176	1572	1704	1824	2016	2184	2052	2220	2328	2328	2412	2280	2112	2268	2136	2220	2148	1680	
1416	2028	1632	1596	1452	1080	876	588	324	0	300	612	852	1068	1428	1620	1788	2004	2208	2124	2316	2460	2484	2604	2484	2340	2520	2412	2508	2448	1980	
1392	2196	1788	1800	1704	1320	1152	876	552	300	0	396	564	816	1152	1368	1560	1788	2004	1968	2172	2340	2400	2532	2448	2328	2544	2448	2592	2568	2100	
1092	2088	1668	1788	1764	1368	1308	1080	720	612	396	0	312	456	840	1008	1176	1392	1608	1572	1776	1956	2016	2172	2100	2016	2256	2196	2376	2388	1932	
1284	2376	1968	2088	2076	1680	1608	1368	1008	852	564	312	0	276	588	804	1032	1272	1524	1560	1788	1980	2088	2268	2232	2172	2436	2400	2604	2640	2196	
1152	2352	1944	2124	2148	1764	1752	1536	1176	1068	816	456	276	0	384	552	744	996	1236	1284	1524	1728	1848	2040	2028	1992	2268	2256	2484	2556	2136	
1440	2700	2292	2508	2544	2148	2136	1932	1572	1428	1152	840	588	384	0	312	588	852	1116	1284	1524	1752	1920	2136	2172	2172	2472	2496	2760	2856	2448	
1332	2640	2256	2508	2580	2208	2244	2064	1704	1620	1368	1008	804	552	312	0	276	540	804	996	1236	1476	1644	1884	1944	1968	2268	2328	2604	2736	2364	
1248	2568	2196	2484	2604	2244	2328	2172	1824	1788	1560	1176	1032	744	588	276	0	264	528	732	960	1200	1392	1632	1716	1764	2076	2148	2448	2604	2256	
1272	2580	2232	2556	2700	2364	2484	2352	2016	2004	1788	1392	1272	996	852	540	264	0	264	528	756	996	1200	1452	1560	1656	1968	2064	2376	2556	2256	
1308	2568	2256	2604	2784	2460	2616	2508	2184	2208	2004	1608	1524	1236	1116	804	528	264	0	372	540	780	1008	1260	1404	1524	1836	1956	2292	2496	2220	
1020	2220	1944	2304	2508	2220	2412	2352	2052	2124	1968	1572	1560	1284	1284	996	732	528	372	0	240	468	660	912	1032	1152	1452	1584	1908	2124	1872	
1104	2220	1968	2352	2592	2328	2544	2496	2220	2316	2172	1776	1788	1524	1524	1236	960	756	540	240	0	240	456	720	876	1032	1332	1488	1824	2052	1848	
1152	2136	1932	2328	2592	2352	2604	2592	2328	2460	2340	1956	1980	1728	1752	1476	1200	996	780	468	240	0	228	480	684	864	1152	1332	1668	1920	1776	
1116	1980	1800	2208	2484	2280	2556	2568	2328	2484	2400	2016	2088	1848	1920	1644	1392	1200	1008	660	456	228	0	252	456	660	924	1116	1452	1716	1596	
1188	1860	1740	2148	2448	2280	2580	2628	2412	2604	2532	2172	2268	2040	2136	1884	1632	1452	1260	912	720	480	252	0	252	504	708	936	1260	1536	1488	
1056	1596	1500	1908	2220	2076	2388	2448	2280	2484	2448	2100	2232	2028	2172	1944	1716	1560	1404	1032	876	684	456	252	0	240	468	672	1008	1272	1236	
924	1356	1260	1668	1980	1860	2184	2268	2112	2340	2328	2016	2172	1992	2172	1968	1764	1656	1524	1152	1032	864	660	504	240	0	312	456	792	1044	984	
1152	1248	1248	1644	1980	1920	2268	2388	2268	2520	2544	2256	2436	2268	2472	2268	2076	1968	1836	1452	1332	1152	924	708	468	312	0	240	552	828	912	
1104	1008	1032	1416	1764	1728	2088	2220	2136	2412	2448	2196	2400	2256	2496	2328	2148	2064	1956	1584	1488	1332	1116	936	672	456	240	0	336	600	672	
1332	816	972	1308	1656	1692	2064	2244	2220	2508	2592	2376	2604	2484	2760	2604	2448	2376	2292	1908	1824	1668	1452	1260	1008	792	552	336	0	288	576	
1416	576	840	1104	1452	1548	1920	2124	2148	2448	2568	2388	2640	2556	2856	2736	2604	2556	2496	2124	2052	1920	1716	1536	1272	1044	828	600	288	0	468	
1020	372	396	744	1092	1116	1488	1680	1680	1980	2100	1932	2196	2136	2448	2364	2256	2256	2220	1872	1848	1776	1596	1488	1236	984	912	672	576	468	0	
V5
0	1452	1056	1425	1636	1333	1584	1584	1346	1557	1531	1201	1412	1267	1584	1465	1372	1399	1438	1122	1214	1267	1227	1306	1161	1016	1267	1214	1465	1557	1122	
1452	0	448	594	963	1122	1531	1795	1874	2230	2415	2296	2613	2587	2970	2904	2824	2838	2824	2442	2442	2349	2178	2046	1755	1491	1372	1108	897	633	409	
1056	448	0	448	805	792	1201	1412	1452	1795	1966	1834	2164	2138	2521	2481	2415	2455	2481	2138	2164	2125	1980	1914	1650	1386	1372	1135	1069	924	435	
1425	594	448	0	382	567	950	1240	1399	1755	1980	1966	2296	2336	2758	2758	2732	2811	2864	2534	2587	2560	2428	2362	2098	1834	1808	1557	1438	1214	818	
1636	963	805	382	0	435	686	1003	1254	1597	1874	1940	2283	2362	2798	2838	2864	2970	3062	2758	2851	2851	2732	2692	2442	2178	2178	1940	1821	1597	1201	
1333	1122	792	567	435	0	409	660	831	1188	1452	1504	1848	1940	2362	2428	2468	2600	2706	2442	2560	2587	2508	2508	2283	2046	2112	1900	1861	1702	1227	
1584	1531	1201	950	686	409	0	330	660	963	1267	1438	1768	1927	2349	2468	2560	2732	2877	2653	2798	2864	2811	2838	2626	2402	2494	2296	2270	2112	1636	
1584	1795	1412	1240	1003	660	330	0	382	646	963	1188	1504	1689	2125	2270	2389	2587	2758	2587	2745	2851	2824	2890	2692	2494	2626	2442	2468	2336	1848	
1346	1874	1452	1399	1254	831	660	382	0	356	607	792	1108	1293	1729	1874	2006	2217	2402	2257	2442	2560	2560	2653	2508	2323	2494	2349	2442	2362	1848	
1557	2230	1795	1755	1597	1188	963	646	356	0	330	673	937	1174	1570	1782	1966	2204	2428	2336	2547	2706	2732	2864	2732	2574	2772	2653	2758	2692	2178	
1531	2415	1966	1980	1874	1452	1267	963	607	330	0	435	620	897	1267	1504	1716	1966	2204	2164	2389	2574	2640	2785	2692	2560	2798	2692	2851	2824	2310	
1201	2296	1834	1966	1940	1504	1438	1188	792	673	435	0	343	501	924	1108	1293	1531	1768	1729	1953	2151	2217	2389	2310	2217	2481	2415	2613	2626	2125	
1412	2613	2164	2296	2283	1848	1768	1504	1108	937	620	343	0	303	646	884	1135	1399	1676	1716	1966	2178	2296	2494	2455	2389	2679	2640	2864	2904	2415	
1267	2587	2138	2336	2362	1940	1927	1689	1293	1174	897	501	303	0	422	607	818	1095	1359	1412	1676	1900	2032	2244	2230	2191	2494	2481	2732	2811	2349	
1584	2970	2521	2758	2798	2362	2349	2125	1729	1570	1267	924	646	422	0	343	646	937	1227	1412	1676	1927	2112	2349	2389	2389	2719	2745	3036	3141	2692	
1465	2904	2481	2758	2838	2428	2468	2270	1874	1782	1504	1108	884	607	343	0	303	594	884	1095	1359	1623	1808	2072	2138	2164	2494	2560	2864	3009	2600	
1372	2824	2415	2732	2864	2468	2560	2389	2006	1966	1716	1293	1135	818	646	303	0	290	580	805	1056	1320	1531	1795	1887	1940	2283	2362	2692	2864	2481	
1399	2838	2455	2811	2970	2600	2732	2587	2217	2204	1966	1531	1399	1095	937	594	290	0	290	580	831	1095	1320	1597	1716	1821	2164	2270	2613	2811	2481	
1438	2824	2481	2864	3062	2706	2877	2758	2402	2428	2204	1768	1676	1359	1227	884	580	290	0	409	594	858	1108	1386	1544	1676	2019	2151	2521	2745	2442	
1122	2442	2138	2534	2758	2442	2653	2587	2257	2336	2164	1729	1716	1412	1412	1095	805	580	409	0	264	514	726	1003	1135	1267	1597	1742	2098	2336	2059	
1214	2442	2164	2587	2851	2560	2798	2745	2442	2547	2389	1953	1966	1676	1676	1359	1056	831	594	264	0	264	501	792	963	1135	1465	1636	2006	2257	2032	
1267	2349	2125	2560	2851	2587	2864	2851	2560	2706	2574	2151	2178	1900	1927	1623	1320	1095	858	514	264	0	250	528	752	950	1267	1465	1834	2112	1953	
1227	2178	1980	2428	2732	2508	2811	2824	2560	2732	2640	2217	2296	2032	2112	1808	1531	1320	1108	726	501	250	0	277	501	726	1016	1227	1597	1887	1755	
1306	2046	1914	2362	2692	2508	2838	2890	2653	2864	2785	2389	2494	2244	2349	2072	1795	1597	1386	1003	792	528	277	0	277	554	778	1029	1386	1689	1636	
1161	1755	1650	2098	2442	2283	2626	2692	2508	2732	2692	2310	2455	2230	2389	2138	1887	1716	1544	1135	963	752	501	277	0	264	514	739	1108	1399	1359	
1016	1491	1386	1834	2178	2046	2402	2494	2323	2574	2560	2217	2389	2191	2389	2164	1940	1821	1676	1267	1135	950	726	554	264	0	343	501	871	1148	1082	
1267	1372	1372	1808	2178	2112	2494	2626	2494	2772	2798	2481	2679	2494	2719	2494	2283	2164	2019	1597	1465	1267	1016	778	514	343	0	264	607	910	1003	
1214	1108	1135	1557	1940	1900	2296	2442	2349	2653	2692	2415	2640	2481	2745	2560	2362	2270	2151	1742	1636	1465	1227	1029	739	501	264	0	369	660	739	
1465	897	1069	1438	1821	1861	2270	2468	2442	2758	2851	2613	2864	2732	3036	2864	2692	2613	2521	2098	2006	1834	1597	1386	1108	871	607	369	0	316	633	
1557	633	924	1214	1597	1702	2112	2336	2362	2692	2824	2626	2904	2811	3141	3009	2864	2811	2745	2336	2257	2112	1887	1689	1399	1148	910	660	316	0	514	
1122	409	435	818	1201	1227	1636	1848	1848	2178	2310	2125	2415	2349	2692	2600	2481	2481	2442	2059	2032	1953	1755	1636	1359	1082	1003	739	633	514	0	
V6
0	1540	1120	1512	1736	1414	1680	1680	1428	1652	1624	1274	1498	1344	1680	1554	1456	1484	1526	1190	1288	1344	1302	1386	1232	1078	1344	1288	1554	1652	1190	
1540	0	476	630	1022	1190	1624	1904	1988	2366	2562	2436	2772	2744	3150	3080	2996	3010	2996	2590	2590	2492	2310	2170	1862	1582	1456	1176	952	672	434	
1120	476	0	476	854	840	1274	1498	1540	1904	2086	1946	2296	2268	2674	2632	2562	2604	2632	2268	2296	2254	2100	2030	1750	1470	1456	1204	1134	980	462	
1512	630	476	0	406	602	1008	1316	1484	1862	2100	2086	2436	2478	2926	2926	2898	2982	3038	2688	2744	2716	2576	2506	2226	1946	1918	1652	1526	1288	868	
1736	1022	854	406	0	462	728	1064	1330	1694	1988	2058	2422	2506	2968	3010	3038	3150	3248	2926	3024	3024	2898	2856	2590	2310	2310	2058	1932	1694	1274	
1414	1190	840	602	462	0	434	700	882	1260	1540	1596	1960	2058	2506	2576	2618	2758	2870	2590	2716	2744	2660	2660	2422	2170	2240	2016	1974	1806	1302	
1680	1624	1274	1008	728	434	0	350	700	1022	1344	1526	1876	2044	2492	2618	2716	2898	3052	2814	2968	3038	2982	3010	2786	2548	2646	2436	2408	2240	1736	
1680	1904	1498	1316	1064	700	350	0	406	686	1022	1260	1596	1792	2254	2408	2534	2744	2926	2744	2912	3024	2996	3066	2856	2646	2786	2590	2618	2478	1960	
1428	1988	1540	1484	1330	882	700	406	0	378	644	840	1176	1372	1834	1988	2128	2352	2548	2394	2590	2716	2716	2814	2660	2464	2646	2492	2590	2506	1960	
1652	2366	1904	1862	1694	1260	1022	686	378	0	350	714	994	1246	1666	1890	2086	2338	2576	2478	2702	2870	2898	3038	2898	2730	2940	2814	2926	2856	2310	
1624	2562	2086	2100	1988	1540	1344	1022	644	350	0	462	658	952	1344	1596	1820	2086	2338	2296	2534	2730	2800	2954	2856	2716	2968	2856	3024	2996	2450	
1274	2436	1946	2086	2058	1596	1526	1260	840	714	462	0	364	532	980	1176	1372	1624	1876	1834	2072	2282	2352	2534	2450	2352	2632	2562	2772	2786	2254	
1498	2772	2296	2436	2422	1960	1876	1596	1176	994	658	364	0	322	686	938	1204	1484	1778	1820	2086	2310	2436	2646	2604	2534	2842	2800	3038	3080	2562	
1344	2744	2268	2478	2506	2058	2044	1792	1372	1246	952	532	322	0	448	644	868	1162	1442	1498	1778	2016	2156	2380	2366	2324	2646	2632	2898	2982	2492	
1680	3150	2674	2926	2968	2506	2492	2254	1834	1666	1344	980	686	448	0	364	686	994	1302	1498	1778	2044	2240	2492	2534	2534	2884	2912	3220	3332	2856	
1554	3080	2632	2926	3010	2576	2618	2408	1988	1890	1596	1176	938	644	364	0	322	630	938	1162	1442	1722	1918	2198	2268	2296	2646	2716	3038	3192	2758	
1456	2996	2562	2898	3038	2618	2716	2534	2128	2086	1820	1372	1204	868	686	322	0	308	616	854	1120	1400	1624	1904	2002	2058	2422	2506	2856	3038	2632	
1484	3010	2604	2982	3150	2758	2898	2744	2352	2338	2086	1624	1484	1162	994	630	308	0	308	616	882	1162	1400	1694	1820	1932	2296	2408	2772	2982	2632	
1526	2996	2632	3038	3248	2870	3052	2926	2548	2576	2338	1876	1778	1442	1302	938	616	308	0	434	630	910	1176	1470	1638	1778	2142	2282	2674	2912	2590	
1190	2590	2268	2688	2926	2590	2814	2744	2394	2478	2296	1834	1820	1498	1498	1162	854	616	434	0	280	546	770	1064	1204	1344	1694	1848	2226	2478	2184	
1288	2590	2296	2744	3024	2716	2968	2912	2590	2702	2534	2072	2086	1778	1778	1442	1120	882	630	280	0	280	532	840	1022	1204	1554	1736	2128	2394	2156	
1344	2492	2254	2716	3024	2744	3038	3024	2716	2870	2730	2282	2310	2016	2044	1722	1400	1162	910	546	280	0	266	560	798	1008	1344	1554	1946	2240	2072	
1302	2310	2100	2576	2898	2660	2982	2996	2716	2898	2800	2352	2436	2156	2240	1918	1624	1400	1176	770	532	266	0	294	532	770	1078	1302	1694	2002	1862	
1386	2170	2030	2506	2856	2660	3010	3066	2814	3038	2954	2534	2646	2380	2492	2198	1904	1694	1470	1064	840	560	294	0	294	588	826	1092	1470	1792	1736	
