M: 2
N: 30
Nun_Veiculos: 13
Capacidade_Total: 1175
Demanda_Total: 577
Setup_Min: 1
Setup_Max: 9
Raio: 100
Circulos: 1
Tempo_Processamento_Min: 1
Tempo_Processamento_Max: 49
Demanda_Min: 10
Demanda_Max: 30
Priority_Factor: 0.2
Range_Factor_R: 0.8
U_factor: 2
ALpha: 0.2Replicao: 2
Tempos_Processamentos
0	0	1	0	
0	22	1	25	
0	16	1	22	
0	49	1	10	
0	47	1	47	
0	18	1	5	
0	23	1	7	
0	23	1	25	
0	45	1	28	
0	19	1	47	
0	19	1	35	
0	42	1	48	
0	34	1	18	
0	46	1	7	
0	28	1	35	
0	26	1	15	
0	17	1	34	
0	34	1	43	
0	14	1	2	
0	28	1	16	
0	14	1	24	
0	26	1	12	
0	1	1	31	
0	3	1	26	
0	25	1	2	
0	8	1	6	
0	7	1	25	
0	1	1	44	
0	31	1	25	
0	46	1	18	
0	10	1	1	

Tempos_setup
M0
0	0	0	0	0	0	0	0	0	0	0	0	0	0	0	0	0	0	0	0	0	0	0	0	0	0	0	0	0	0	0	
0	0	2	2	3	3	2	3	1	3	2	3	2	1	2	3	3	3	1	1	3	2	2	3	3	3	3	2	2	3	2	
0	3	0	2	2	1	2	1	1	3	3	3	2	3	2	3	3	2	3	2	2	2	3	4	3	2	3	3	3	3	2	
0	3	3	0	2	3	1	3	2	3	2	3	2	2	3	3	2	3	1	3	3	1	3	3	2	3	4	3	1	2	2	
0	1	3	2	0	2	3	3	1	3	2	3	2	2	2	3	2	3	2	2	3	1	2	4	2	3	3	3	3	1	2	
0	4	2	2	3	0	2	3	1	2	2	2	2	3	2	3	3	2	2	1	1	2	3	3	3	1	3	3	3	2	2	
0	3	3	3	3	2	0	3	3	3	1	3	2	3	2	3	4	3	3	3	3	3	2	4	2	3	3	3	2	1	2	
0	2	3	1	1	2	2	0	2	3	3	3	2	2	1	2	2	3	2	2	2	1	3	3	2	3	2	2	2	2	3	
0	3	3	3	2	2	4	2	0	2	2	2	1	2	3	2	3	2	3	3	3	2	4	4	3	2	3	2	2	3	1	
0	3	2	3	3	3	3	2	3	0	3	3	2	3	3	2	1	2	2	2	2	2	3	3	2	1	4	3	3	2	3	
0	3	3	3	2	2	3	4	3	2	0	3	1	3	4	2	3	3	3	3	3	3	3	4	3	2	2	4	4	3	4	
0	2	2	2	3	2	2	3	3	3	2	0	2	2	1	2	1	2	1	1	2	2	4	3	1	2	2	2	2	3	3	
0	2	2	2	1	3	3	3	2	2	3	3	0	3	3	1	3	2	2	2	2	2	3	3	2	1	3	4	3	2	3	
0	4	1	2	3	2	3	2	2	2	3	4	2	0	3	3	2	3	3	2	2	1	3	4	3	3	4	1	3	2	3	
0	2	2	2	2	1	2	3	2	3	2	2	1	2	0	1	2	2	2	1	1	1	3	3	1	2	1	1	1	3	2	
0	3	1	2	2	2	2	2	2	3	2	3	2	3	2	0	4	3	2	1	1	3	4	3	3	2	3	3	3	3	2	
0	2	1	2	2	2	2	2	2	3	2	2	2	2	2	3	0	3	2	1	2	1	3	2	1	2	3	2	3	2	3	
0	3	2	2	3	3	2	2	3	3	2	1	2	1	2	3	2	0	2	1	3	1	4	3	2	3	3	2	3	3	3	
0	4	4	2	3	2	3	2	3	3	4	3	4	3	3	4	4	3	0	3	3	3	4	3	3	2	4	4	1	3	2	
0	3	1	1	3	2	1	2	2	3	1	2	2	3	1	2	3	2	2	0	2	2	3	2	2	3	2	2	2	2	3	
0	3	3	3	3	2	4	2	3	2	3	3	3	2	2	2	3	2	4	3	0	2	4	4	3	3	3	3	2	4	1	
0	3	2	1	2	3	2	2	3	3	2	3	1	1	3	2	1	3	2	2	3	0	4	3	2	2	4	2	2	3	2	
0	3	1	2	3	2	2	2	2	2	3	3	2	2	2	3	2	2	2	3	2	1	0	3	3	1	3	3	2	3	1	
0	3	1	3	3	2	3	2	1	2	2	3	2	3	3	3	2	2	2	3	2	3	2	0	2	1	4	3	2	3	2	
0	1	3	3	4	3	3	3	2	2	3	1	3	2	2	3	2	2	1	2	1	3	3	3	0	1	3	3	2	4	2	
0	3	3	2	4	3	3	3	2	1	3	2	3	2	3	3	2	1	1	2	1	2	4	2	3	0	3	3	2	3	2	
0	2	2	2	2	3	1	3	1	3	1	2	1	1	3	2	3	1	2	2	2	2	3	4	1	2	0	2	3	2	2	
0	4	1	1	3	2	2	2	2	4	2	3	2	3	2	3	3	3	2	1	3	2	2	3	3	3	3	0	2	3	3	
0	3	3	1	3	3	2	2	3	2	3	3	3	2	3	4	3	2	2	2	3	2	3	2	2	3	4	3	0	2	1	
0	2	2	3	2	1	2	2	2	2	1	2	1	2	1	2	3	2	2	2	2	2	1	4	1	2	2	2	2	0	1	
0	2	2	2	2	3	3	1	3	1	3	2	2	1	2	3	2	1	3	2	3	1	4	3	3	2	3	2	1	3	0	
M1
0	0	0	0	0	0	0	0	0	0	0	0	0	0	0	0	0	0	0	0	0	0	0	0	0	0	0	0	0	0	0	
0	0	4	2	2	2	4	2	3	1	2	2	3	3	3	3	3	2	2	2	2	1	3	3	3	1	2	4	4	4	4	
0	2	0	2	3	2	2	3	3	2	3	2	3	4	3	2	3	4	2	3	2	1	3	1	4	3	2	4	4	1	3	
0	3	4	0	4	3	3	3	4	4	1	2	3	2	3	4	3	2	4	2	4	4	4	4	3	3	3	3	4	4	2	
0	2	2	4	0	4	4	2	4	3	3	3	4	3	2	4	1	4	3	4	3	2	1	3	2	3	2	4	4	3	2	
0	1	3	3	3	0	4	3	1	2	3	1	2	3	4	3	4	3	3	3	2	2	3	4	4	2	2	2	4	3	3	
0	3	2	2	2	3	0	3	3	2	1	2	3	2	1	2	3	2	4	3	1	3	2	3	2	3	2	3	3	1	2	
0	3	3	3	3	4	5	0	3	3	3	3	4	3	1	4	3	4	5	3	3	4	4	4	2	3	2	2	5	2	2	
0	4	2	3	2	3	4	3	0	3	3	2	3	3	3	2	3	2	4	4	1	3	2	3	3	3	2	1	3	2	4	
0	2	4	1	4	1	3	1	2	0	2	2	3	3	2	3	2	3	4	1	3	3	3	2	3	1	3	3	4	3	3	
0	3	3	3	3	2	2	3	3	3	0	1	2	1	3	3	3	1	3	3	3	3	4	3	2	2	2	2	3	3	3	
0	2	2	4	2	4	3	4	2	3	3	0	1	4	3	4	3	2	4	2	3	3	3	3	3	1	4	3	4	3	2	
0	1	1	3	3	3	3	3	3	2	3	1	0	3	4	3	2	3	3	1	2	2	3	2	3	2	3	3	4	2	1	
0	3	2	3	3	3	2	3	2	2	1	2	2	0	3	2	3	2	4	2	2	3	4	3	3	3	3	1	3	2	3	
0	2	2	2	3	3	4	3	3	2	3	2	3	2	0	4	2	4	4	2	4	3	3	3	1	2	3	3	5	1	1	
0	3	2	2	1	3	4	3	4	2	3	4	4	4	3	0	2	4	4	3	4	3	2	3	3	3	3	4	5	1	3	
0	2	3	3	3	3	4	3	3	2	3	2	3	2	3	3	0	4	2	3	2	1	3	3	1	2	2	3	3	3	1	
0	2	3	3	4	3	4	3	4	2	3	2	3	2	3	4	2	0	3	3	3	2	3	4	1	2	3	3	2	3	2	
0	2	2	3	3	4	2	3	1	3	2	2	1	3	1	3	2	3	0	2	2	3	3	3	2	1	3	2	4	2	2	
0	3	3	4	4	4	2	3	4	3	3	2	3	3	3	4	1	4	3	0	3	2	2	3	2	3	3	4	3	3	2	
0	3	3	3	1	4	4	2	3	3	2	2	3	3	3	1	2	3	4	3	0	3	2	4	3	2	1	4	2	2	3	
0	3	3	3	2	3	3	2	2	2	2	3	2	3	2	2	2	3	1	3	1	0	3	2	3	2	1	3	3	3	3	
0	3	1	3	2	3	3	1	4	3	4	3	3	3	1	3	2	3	3	3	3	2	0	2	2	3	3	3	5	2	2	
0	2	3	3	2	1	2	3	2	3	3	2	3	4	3	1	3	4	2	4	2	1	3	0	4	3	2	3	4	2	2	
0	1	2	2	3	2	3	2	3	1	2	1	2	1	3	3	1	3	3	2	3	2	2	3	0	1	2	2	4	3	1	
0	4	4	4	4	4	4	3	3	4	4	4	3	4	2	4	2	5	4	4	4	3	5	3	3	0	3	4	4	3	3	
0	3	3	4	1	3	3	1	2	4	1	2	3	2	2	3	2	2	3	4	2	2	2	4	3	1	0	3	4	3	3	
0	3	1	2	2	2	3	3	1	2	2	3	4	3	4	2	3	3	3	3	1	2	3	2	4	3	2	0	3	1	4	
0	2	2	2	3	3	4	2	2	2	3	3	3	3	2	4	3	2	4	3	3	3	1	3	2	3	4	3	0	1	3	
0	3	1	1	4	2	3	2	3	1	2	3	4	3	3	3	3	3	3	2	3	2	2	2	4	2	3	3	5	0	3	
0	1	3	2	3	3	4	3	3	2	3	3	4	2	3	4	4	3	3	3	3	2	2	4	4	2	3	2	5	2	0	
Tamanho_Tarefas
0	23	16	21	47	6	7	23	30	22	20	42	22	25	30	15	22	37	6	17	15	17	10	6	12	7	16	13	26	22	2	
Data_Entrega
0	286	327	274	249	413	285	314	394	310	276	333	320	239	265	313	278	298	299	271	340	255	305	293	415	315	264	345	238	385	367	
Penalidade_Atraso
0	17	4	20	1	13	10	19	11	18	4	6	18	8	18	1	1	5	10	17	3	10	4	17	5	12	15	1	15	13	20	
Capacidade_Veiculo
68	66	65	98	135	119	134	49	91	103	84	75	88	
Custo_Fixo_Veiculo
680	660	650	980	1350	1190	1340	490	910	1030	840	750	880	
Coordenadas_Clientes
x	0	y	0
x	94	y	0
x	112	y	23
x	113	y	50
x	88	y	64
x	50	y	56
x	62	y	108
x	35	y	110
x	8	y	85
x	-12	y	117
x	-28	y	88
x	-45	y	78
x	-61	y	68
x	-84	y	61
x	-106	y	47
x	-75	y	16
x	-91	y	0
x	-93	y	-19
x	-111	y	-49
x	-98	y	-71
x	-78	y	-87
x	-41	y	-72
x	-23	y	-72
x	-8	y	-81
x	8	y	-78
x	31	y	-97
x	60	y	-103
x	54	y	-60
x	86	y	-62
x	95	y	-42
x	74	y	-15
Tempo_Viagem
0	94	114	123	108	75	124	115	85	117	92	90	91	103	115	76	91	94	121	121	116	82	75	81	78	101	119	80	106	103	75	
94	0	29	53	64	71	112	124	120	157	150	159	169	188	205	169	185	187	210	204	192	153	137	130	116	115	108	72	62	42	25	
114	29	0	27	47	70	98	116	121	155	154	166	178	199	219	187	204	208	234	230	219	180	165	158	144	144	136	101	88	67	53	
123	53	27	0	28	63	77	98	110	141	146	160	174	197	219	191	210	217	244	243	235	196	182	178	165	167	161	124	114	93	75	
108	64	47	28	0	38	51	70	82	113	118	133	149	172	194	169	189	199	228	229	224	187	175	173	162	170	169	128	126	106	80	
75	71	70	63	38	0	53	56	51	86	84	97	111	134	156	131	151	161	192	195	191	157	147	148	140	154	159	116	122	107	74	
124	112	98	77	51	53	0	27	58	74	92	111	129	153	178	165	187	200	233	240	240	206	199	201	193	207	211	168	171	153	123	
115	124	116	98	70	56	27	0	36	47	66	85	103	127	152	143	165	180	214	224	227	197	190	195	189	207	214	171	178	163	130	
85	120	121	110	82	51	58	36	0	37	36	53	71	95	120	107	129	144	178	188	192	164	160	166	163	183	195	152	166	153	119	
117	157	155	141	113	86	74	47	37	0	33	51	69	91	117	118	140	157	191	206	214	191	189	198	195	218	231	188	203	190	156	
92	150	154	146	118	84	92	66	36	33	0	19	37	61	86	85	107	124	158	173	182	160	160	170	169	193	210	169	188	178	144	
90	159	166	160	133	97	111	85	53	51	19	0	18	42	67	68	90	107	141	157	168	150	151	163	164	190	209	169	191	184	151	
91	169	178	174	149	111	129	103	71	69	37	18	0	24	49	53	74	92	126	142	155	141	145	158	161	188	209	171	196	190	158	
103	188	199	197	172	134	153	127	95	91	61	42	24	0	26	45	61	80	113	132	148	139	146	161	166	195	218	183	209	206	175	
115	205	219	219	194	156	178	152	120	117	86	67	49	26	0	43	49	67	96	118	136	135	145	160	168	197	222	192	220	218	190	
76	169	187	191	169	131	165	143	107	118	85	68	53	45	43	0	22	39	73	89	103	94	102	117	125	154	179	149	178	179	151	
91	185	204	210	189	151	187	165	129	140	107	90	74	61	49	22	0	19	52	71	87	87	99	115	126	155	182	156	187	190	165	
94	187	208	217	199	161	200	180	144	157	124	107	92	80	67	39	19	0	34	52	69	74	87	104	116	145	173	152	184	189	167	
121	210	234	244	228	192	233	214	178	191	158	141	126	113	96	73	52	34	0	25	50	73	90	107	121	149	178	165	197	206	188	
121	204	230	243	229	195	240	224	188	206	173	157	142	132	118	89	71	52	25	0	25	57	75	90	106	131	160	152	184	195	180	
116	192	219	235	224	191	240	227	192	214	182	168	155	148	136	103	87	69	50	25	0	39	57	70	86	109	138	134	165	178	167	
82	153	180	196	187	157	206	197	164	191	160	150	141	139	135	94	87	74	73	57	39	0	18	34	49	76	105	95	127	139	128	
75	137	165	182	175	147	199	190	160	189	160	151	145	146	145	102	99	87	90	75	57	18	0	17	31	59	88	77	109	121	112	
81	130	158	178	173	148	201	195	166	198	170	163	158	161	160	117	115	104	107	90	70	34	17	0	16	42	71	65	95	109	105	
78	116	144	165	162	140	193	189	163	195	169	164	161	166	168	125	126	116	121	106	86	49	31	16	0	29	57	49	79	93	91	
101	115	144	167	170	154	207	207	183	218	193	190	188	195	197	154	155	145	149	131	109	76	59	42	29	0	29	43	65	84	92	
119	108	136	161	169	159	211	214	195	231	210	209	209	218	222	179	182	173	178	160	138	105	88	71	57	29	0	43	48	69	89	
80	72	101	124	128	116	168	171	152	188	169	169	171	183	192	149	156	152	165	152	134	95	77	65	49	43	43	0	32	44	49	
106	62	88	114	126	122	171	178	166	203	188	191	196	209	220	178	187	184	197	184	165	127	109	95	79	65	48	32	0	21	48	
103	42	67	93	106	107	153	163	153	190	178	184	190	206	218	179	190	189	206	195	178	139	121	109	93	84	69	44	21	0	34	
75	25	53	75	80	74	123	130	119	156	144	151	158	175	190	151	165	167	188	180	167	128	112	105	91	92	89	49	48	34	0	
Custo_Viagem
V0
0	1278	1550	1672	1468	1020	1686	1564	1156	1591	1251	1224	1237	1400	1564	1033	1237	1278	1645	1645	1577	1115	1020	1101	1060	1373	1618	1088	1441	1400	1020	
1278	0	394	720	870	965	1523	1686	1632	2135	2040	2162	2298	2556	2788	2298	2516	2543	2856	2774	2611	2080	1863	1768	1577	1564	1468	979	843	571	340	
1550	394	0	367	639	952	1332	1577	1645	2108	2094	2257	2420	2706	2978	2543	2774	2842	3182	3128	2978	2448	2244	2148	1958	1958	1849	1373	1196	911	720	
1672	720	367	0	380	856	1047	1332	1496	1917	1985	2176	2366	2679	2978	2597	2856	2951	3318	3304	3196	2665	2475	2420	2244	2284	2189	1686	1564	1264	1020	
1468	870	639	380	0	516	693	952	1115	1536	1604	1808	2026	2339	2638	2298	2584	2706	3100	3114	3046	2543	2380	2352	2203	2312	2298	1740	1713	1441	1088	
1020	965	952	856	516	0	720	761	693	1169	1142	1319	1509	1822	2121	1781	2053	2189	2611	2652	2597	2135	1999	2012	1904	2094	2162	1577	1672	1455	1006	
1686	1523	1332	1047	693	720	0	367	788	1006	1251	1509	1754	2080	2420	2244	2543	2720	3168	3264	3264	2815	2706	2733	2624	2815	2869	2284	2325	2080	1672	
1564	1686	1577	1332	952	761	367	0	489	639	897	1169	1414	1740	2094	1958	2271	2461	2924	3046	3087	2679	2597	2652	2570	2815	2910	2325	2434	2216	1768	
1156	1632	1645	1496	1115	693	788	489	0	503	489	720	965	1292	1632	1455	1768	1958	2434	2556	2611	2230	2176	2257	2216	2488	2652	2067	2257	2080	1618	
1591	2135	2108	1917	1536	1169	1006	639	503	0	448	693	938	1237	1591	1618	1917	2148	2624	2801	2910	2597	2570	2692	2665	2964	3141	2556	2774	2597	2135	
1251	2040	2094	1985	1604	1142	1251	897	489	448	0	258	516	843	1196	1156	1468	1700	2176	2352	2475	2176	2176	2312	2298	2638	2856	2298	2556	2420	1958	
1224	2162	2257	2176	1808	1319	1509	1169	720	693	258	0	244	571	924	924	1224	1468	1944	2148	2284	2040	2053	2216	2230	2584	2842	2298	2597	2502	2053	
1237	2298	2420	2366	2026	1509	1754	1414	965	938	516	244	0	326	666	720	1006	1251	1727	1944	2108	1917	1972	2148	2189	2556	2842	2339	2665	2584	2148	
1400	2556	2706	2679	2339	1822	2080	1740	1292	1237	843	571	326	0	353	612	829	1088	1536	1795	2012	1890	1985	2189	2257	2652	2964	2488	2842	2801	2380	
1564	2788	2978	2978	2638	2121	2420	2094	1632	1591	1196	924	666	353	0	584	666	911	1305	1604	1849	1836	1972	2189	2298	2692	3032	2611	2992	2978	2584	
1033	2298	2543	2597	2298	1781	2244	1958	1455	1618	1156	924	720	612	584	0	299	530	1006	1210	1400	1278	1387	1591	1700	2094	2434	2026	2420	2434	2067	
1237	2516	2774	2856	2584	2053	2543	2271	1768	1917	1468	1224	1006	829	666	299	0	258	707	965	1183	1183	1346	1564	1713	2108	2475	2121	2543	2584	2244	
1278	2543	2842	2951	2706	2189	2720	2461	1958	2148	1700	1468	1251	1088	911	530	258	0	462	707	938	1006	1183	1428	1577	1985	2366	2067	2502	2570	2271	
1645	2856	3182	3318	3100	2611	3168	2924	2434	2624	2176	1944	1727	1536	1305	1006	707	462	0	340	680	992	1224	1455	1659	2026	2434	2244	2679	2801	2556	
1645	2774	3128	3304	3114	2652	3264	3046	2556	2801	2352	2148	1944	1795	1604	1210	965	707	340	0	340	775	1020	1224	1441	1781	2189	2067	2502	2652	2448	
1577	2611	2978	3196	3046	2597	3264	3087	2611	2910	2475	2284	2108	2012	1849	1400	1183	938	680	340	0	530	775	952	1169	1482	1876	1822	2244	2420	2284	
1115	2080	2448	2665	2543	2135	2815	2679	2230	2597	2176	2040	1917	1890	1836	1278	1183	1006	992	775	530	0	244	462	666	1033	1428	1292	1727	1890	1740	
1020	1863	2244	2475	2380	1999	2706	2597	2176	2570	2176	2053	1972	1985	1972	1387	1346	1183	1224	1020	775	244	0	231	421	802	1196	1047	1482	1645	1523	
1101	1768	2148	2420	2352	2012	2733	2652	2257	2692	2312	2216	2148	2189	2189	1591	1564	1428	1455	1224	952	462	231	0	217	571	965	884	1292	1496	1428	
1060	1577	1958	2244	2203	1904	2624	2570	2216	2665	2298	2230	2189	2257	2298	1700	1713	1577	1659	1441	1169	666	421	217	0	394	775	666	1074	1278	1237	
1373	1564	1958	2284	2312	2094	2815	2815	2488	2964	2638	2584	2556	2652	2692	2094	2108	1985	2026	1781	1482	1033	802	571	394	0	394	584	884	1142	1251	
1618	1468	1849	2189	2298	2162	2869	2910	2652	3141	2856	2842	2842	2964	3032	2434	2475	2366	2434	2189	1876	1428	1196	965	775	394	0	584	652	952	1210	
1088	979	1373	1686	1740	1577	2284	2325	2067	2556	2298	2298	2339	2488	2611	2026	2121	2067	2244	2067	1822	1292	1047	884	666	584	584	0	435	598	666	
1441	843	1196	1564	1713	1672	2325	2434	2257	2774	2556	2597	2665	2842	2992	2420	2543	2502	2679	2502	2244	1727	1482	1292	1074	884	652	435	0	285	652	
1400	571	911	1264	1441	1455	2080	2216	2080	2597	2420	2502	2584	2801	2978	2434	2584	2570	2801	2652	2420	1890	1645	1496	1278	1142	952	598	285	0	462	
1020	340	720	1020	1088	1006	1672	1768	1618	2135	1958	2053	2148	2380	2584	2067	2244	2271	2556	2448	2284	1740	1523	1428	1237	1251	1210	666	652	462	0	
V1
0	1240	1504	1623	1425	990	1636	1518	1122	1544	1214	1188	1201	1359	1518	1003	1201	1240	1597	1597	1531	1082	990	1069	1029	1333	1570	1056	1399	1359	990	
1240	0	382	699	844	937	1478	1636	1584	2072	1980	2098	2230	2481	2706	2230	2442	2468	2772	2692	2534	2019	1808	1716	1531	1518	1425	950	818	554	330	
1504	382	0	356	620	924	1293	1531	1597	2046	2032	2191	2349	2626	2890	2468	2692	2758	3088	3036	2890	2376	2178	2085	1900	1900	1795	1333	1161	884	699	
1623	699	356	0	369	831	1016	1293	1452	1861	1927	2112	2296	2600	2890	2521	2772	2864	3220	3207	3102	2587	2402	2349	2178	2217	2125	1636	1518	1227	990	
1425	844	620	369	0	501	673	924	1082	1491	1557	1755	1966	2270	2560	2230	2508	2626	3009	3022	2956	2468	2310	2283	2138	2244	2230	1689	1663	1399	1056	
990	937	924	831	501	0	699	739	673	1135	1108	1280	1465	1768	2059	1729	1993	2125	2534	2574	2521	2072	1940	1953	1848	2032	2098	1531	1623	1412	976	
1636	1478	1293	1016	673	699	0	356	765	976	1214	1465	1702	2019	2349	2178	2468	2640	3075	3168	3168	2732	2626	2653	2547	2732	2785	2217	2257	2019	1623	
1518	1636	1531	1293	924	739	356	0	475	620	871	1135	1372	1689	2032	1900	2204	2389	2838	2956	2996	2600	2521	2574	2494	2732	2824	2257	2362	2151	1716	
1122	1584	1597	1452	1082	673	765	475	0	488	475	699	937	1254	1584	1412	1716	1900	2362	2481	2534	2164	2112	2191	2151	2415	2574	2006	2191	2019	1570	
1544	2072	2046	1861	1491	1135	976	620	488	0	435	673	910	1201	1544	1570	1861	2085	2547	2719	2824	2521	2494	2613	2587	2877	3049	2481	2692	2521	2072	
1214	1980	2032	1927	1557	1108	1214	871	475	435	0	250	501	818	1161	1122	1425	1650	2112	2283	2402	2112	2112	2244	2230	2560	2772	2230	2481	2349	1900	
1188	2098	2191	2112	1755	1280	1465	1135	699	673	250	0	237	554	897	897	1188	1425	1887	2085	2217	1980	1993	2151	2164	2508	2758	2230	2521	2428	1993	
1201	2230	2349	2296	1966	1465	1702	1372	937	910	501	237	0	316	646	699	976	1214	1676	1887	2046	1861	1914	2085	2125	2481	2758	2270	2587	2508	2085	
1359	2481	2626	2600	2270	1768	2019	1689	1254	1201	818	554	316	0	343	594	805	1056	1491	1742	1953	1834	1927	2125	2191	2574	2877	2415	2758	2719	2310	
1518	2706	2890	2890	2560	2059	2349	2032	1584	1544	1161	897	646	343	0	567	646	884	1267	1557	1795	1782	1914	2125	2230	2613	2943	2534	2904	2890	2508	
1003	2230	2468	2521	2230	1729	2178	1900	1412	1570	1122	897	699	594	567	0	290	514	976	1174	1359	1240	1346	1544	1650	2032	2362	1966	2349	2362	2006	
1201	2442	2692	2772	2508	1993	2468	2204	1716	1861	1425	1188	976	805	646	290	0	250	686	937	1148	1148	1306	1518	1663	2046	2402	2059	2468	2508	2178	
1240	2468	2758	2864	2626	2125	2640	2389	1900	2085	1650	1425	1214	1056	884	514	250	0	448	686	910	976	1148	1386	1531	1927	2296	2006	2428	2494	2204	
1597	2772	3088	3220	3009	2534	3075	2838	2362	2547	2112	1887	1676	1491	1267	976	686	448	0	330	660	963	1188	1412	1610	1966	2362	2178	2600	2719	2481	
1597	2692	3036	3207	3022	2574	3168	2956	2481	2719	2283	2085	1887	1742	1557	1174	937	686	330	0	330	752	990	1188	1399	1729	2125	2006	2428	2574	2376	
1531	2534	2890	3102	2956	2521	3168	2996	2534	2824	2402	2217	2046	1953	1795	1359	1148	910	660	330	0	514	752	924	1135	1438	1821	1768	2178	2349	2217	
1082	2019	2376	2587	2468	2072	2732	2600	2164	2521	2112	1980	1861	1834	1782	1240	1148	976	963	752	514	0	237	448	646	1003	1386	1254	1676	1834	1689	
990	1808	2178	2402	2310	1940	2626	2521	2112	2494	2112	1993	1914	1927	1914	1346	1306	1148	1188	990	752	237	0	224	409	778	1161	1016	1438	1597	1478	
1069	1716	2085	2349	2283	1953	2653	2574	2191	2613	2244	2151	2085	2125	2125	1544	1518	1386	1412	1188	924	448	224	0	211	554	937	858	1254	1452	1386	
1029	1531	1900	2178	2138	1848	2547	2494	2151	2587	2230	2164	2125	2191	2230	1650	1663	1531	1610	1399	1135	646	409	211	0	382	752	646	1042	1240	1201	
1333	1518	1900	2217	2244	2032	2732	2732	2415	2877	2560	2508	2481	2574	2613	2032	2046	1927	1966	1729	1438	1003	778	554	382	0	382	567	858	1108	1214	
1570	1425	1795	2125	2230	2098	2785	2824	2574	3049	2772	2758	2758	2877	2943	2362	2402	2296	2362	2125	1821	1386	1161	937	752	382	0	567	633	924	1174	
1056	950	1333	1636	1689	1531	2217	2257	2006	2481	2230	2230	2270	2415	2534	1966	2059	2006	2178	2006	1768	1254	1016	858	646	567	567	0	422	580	646	
1399	818	1161	1518	1663	1623	2257	2362	2191	2692	2481	2521	2587	2758	2904	2349	2468	2428	2600	2428	2178	1676	1438	1254	1042	858	633	422	0	277	633	
1359	554	884	1227	1399	1412	2019	2151	2019	2521	2349	2428	2508	2719	2890	2362	2508	2494	2719	2574	2349	1834	1597	1452	1240	1108	924	580	277	0	448	
990	330	699	990	1056	976	1623	1716	1570	2072	1900	1993	2085	2310	2508	2006	2178	2204	2481	2376	2217	1689	1478	1386	1201	1214	1174	646	633	448	0	
V2
0	1222	1482	1599	1404	975	1612	1495	1105	1521	1196	1170	1183	1339	1495	988	1183	1222	1573	1573	1508	1066	975	1053	1014	1313	1547	1040	1378	1339	975	
1222	0	377	689	832	923	1456	1612	1560	2041	1950	2067	2197	2444	2665	2197	2405	2431	2730	2652	2496	1989	1781	1690	1508	1495	1404	936	806	546	325	
1482	377	0	351	611	910	1274	1508	1573	2015	2002	2158	2314	2587	2847	2431	2652	2717	3042	2990	2847	2340	2145	2054	1872	1872	1768	1313	1144	871	689	
1599	689	351	0	364	819	1001	1274	1430	1833	1898	2080	2262	2561	2847	2483	2730	2821	3172	3159	3055	2548	2366	2314	2145	2184	2093	1612	1495	1209	975	
1404	832	611	364	0	494	663	910	1066	1469	1534	1729	1937	2236	2522	2197	2470	2587	2964	2977	2912	2431	2275	2249	2106	2210	2197	1664	1638	1378	1040	
975	923	910	819	494	0	689	728	663	1118	1092	1261	1443	1742	2028	1703	1963	2093	2496	2535	2483	2041	1911	1924	1820	2002	2067	1508	1599	1391	962	
1612	1456	1274	1001	663	689	0	351	754	962	1196	1443	1677	1989	2314	2145	2431	2600	3029	3120	3120	2691	2587	2613	2509	2691	2743	2184	2223	1989	1599	
1495	1612	1508	1274	910	728	351	0	468	611	858	1118	1352	1664	2002	1872	2171	2353	2795	2912	2951	2561	2483	2535	2457	2691	2782	2223	2327	2119	1690	
1105	1560	1573	1430	1066	663	754	468	0	481	468	689	923	1235	1560	1391	1690	1872	2327	2444	2496	2132	2080	2158	2119	2379	2535	1976	2158	1989	1547	
1521	2041	2015	1833	1469	1118	962	611	481	0	429	663	897	1183	1521	1547	1833	2054	2509	2678	2782	2483	2457	2574	2548	2834	3003	2444	2652	2483	2041	
1196	1950	2002	1898	1534	1092	1196	858	468	429	0	247	494	806	1144	1105	1404	1625	2080	2249	2366	2080	2080	2210	2197	2522	2730	2197	2444	2314	1872	
1170	2067	2158	2080	1729	1261	1443	1118	689	663	247	0	234	546	884	884	1170	1404	1859	2054	2184	1950	1963	2119	2132	2470	2717	2197	2483	2392	1963	
1183	2197	2314	2262	1937	1443	1677	1352	923	897	494	234	0	312	637	689	962	1196	1651	1859	2015	1833	1885	2054	2093	2444	2717	2236	2548	2470	2054	
1339	2444	2587	2561	2236	1742	1989	1664	1235	1183	806	546	312	0	338	585	793	1040	1469	1716	1924	1807	1898	2093	2158	2535	2834	2379	2717	2678	2275	
1495	2665	2847	2847	2522	2028	2314	2002	1560	1521	1144	884	637	338	0	559	637	871	1248	1534	1768	1755	1885	2093	2197	2574	2899	2496	2860	2847	2470	
988	2197	2431	2483	2197	1703	2145	1872	1391	1547	1105	884	689	585	559	0	286	507	962	1157	1339	1222	1326	1521	1625	2002	2327	1937	2314	2327	1976	
1183	2405	2652	2730	2470	1963	2431	2171	1690	1833	1404	1170	962	793	637	286	0	247	676	923	1131	1131	1287	1495	1638	2015	2366	2028	2431	2470	2145	
1222	2431	2717	2821	2587	2093	2600	2353	1872	2054	1625	1404	1196	1040	871	507	247	0	442	676	897	962	1131	1365	1508	1898	2262	1976	2392	2457	2171	
1573	2730	3042	3172	2964	2496	3029	2795	2327	2509	2080	1859	1651	1469	1248	962	676	442	0	325	650	949	1170	1391	1586	1937	2327	2145	2561	2678	2444	
1573	2652	2990	3159	2977	2535	3120	2912	2444	2678	2249	2054	1859	1716	1534	1157	923	676	325	0	325	741	975	1170	1378	1703	2093	1976	2392	2535	2340	
1508	2496	2847	3055	2912	2483	3120	2951	2496	2782	2366	2184	2015	1924	1768	1339	1131	897	650	325	0	507	741	910	1118	1417	1794	1742	2145	2314	2184	
1066	1989	2340	2548	2431	2041	2691	2561	2132	2483	2080	1950	1833	1807	1755	1222	1131	962	949	741	507	0	234	442	637	988	1365	1235	1651	1807	1664	
975	1781	2145	2366	2275	1911	2587	2483	2080	2457	2080	1963	1885	1898	1885	1326	1287	1131	1170	975	741	234	0	221	403	767	1144	1001	1417	1573	1456	
1053	1690	2054	2314	2249	1924	2613	2535	2158	2574	2210	2119	2054	2093	2093	1521	1495	1365	1391	1170	910	442	221	0	208	546	923	845	1235	1430	1365	
1014	1508	1872	2145	2106	1820	2509	2457	2119	2548	2197	2132	2093	2158	2197	1625	1638	1508	1586	1378	1118	637	403	208	0	377	741	637	1027	1222	1183	
1313	1495	1872	2184	2210	2002	2691	2691	2379	2834	2522	2470	2444	2535	2574	2002	2015	1898	1937	1703	1417	988	767	546	377	0	377	559	845	1092	1196	
1547	1404	1768	2093	2197	2067	2743	2782	2535	3003	2730	2717	2717	2834	2899	2327	2366	2262	2327	2093	1794	1365	1144	923	741	377	0	559	624	910	1157	
1040	936	1313	1612	1664	1508	2184	2223	1976	2444	2197	2197	2236	2379	2496	1937	2028	1976	2145	1976	1742	1235	1001	845	637	559	559	0	416	572	637	
1378	806	1144	1495	1638	1599	2223	2327	2158	2652	2444	2483	2548	2717	2860	2314	2431	2392	2561	2392	2145	1651	1417	1235	1027	845	624	416	0	273	624	
1339	546	871	1209	1378	1391	1989	2119	1989	2483	2314	2392	2470	2678	2847	2327	2470	2457	2678	2535	2314	1807	1573	1430	1222	1092	910	572	273	0	442	
975	325	689	975	1040	962	1599	1690	1547	2041	1872	1963	2054	2275	2470	1976	2145	2171	2444	2340	2184	1664	1456	1365	1183	1196	1157	637	624	442	0	
V3
0	1842	2234	2410	2116	1470	2430	2254	1666	2293	1803	1764	1783	2018	2254	1489	1783	1842	2371	2371	2273	1607	1470	1587	1528	1979	2332	1568	2077	2018	1470	
1842	0	568	1038	1254	1391	2195	2430	2352	3077	2940	3116	3312	3684	4018	3312	3626	3665	4116	3998	3763	2998	2685	2548	2273	2254	2116	1411	1215	823	490	
2234	568	0	529	921	1372	1920	2273	2371	3038	3018	3253	3488	3900	4292	3665	3998	4096	4586	4508	4292	3528	3234	3096	2822	2822	2665	1979	1724	1313	1038	
2410	1038	529	0	548	1234	1509	1920	2156	2763	2861	3136	3410	3861	4292	3743	4116	4253	4782	4762	4606	3841	3567	3488	3234	3292	3155	2430	2254	1822	1470	
2116	1254	921	548	0	744	999	1372	1607	2214	2312	2606	2920	3371	3802	3312	3724	3900	4468	4488	4390	3665	3430	3390	3175	3332	3312	2508	2469	2077	1568	
1470	1391	1372	1234	744	0	1038	1097	999	1685	1646	1901	2175	2626	3057	2567	2959	3155	3763	3822	3743	3077	2881	2900	2744	3018	3116	2273	2410	2097	1450	
2430	2195	1920	1509	999	1038	0	529	1136	1450	1803	2175	2528	2998	3488	3234	3665	3920	4566	4704	4704	4057	3900	3939	3782	4057	4135	3292	3351	2998	2410	
2254	2430	2273	1920	1372	1097	529	0	705	921	1293	1685	2038	2508	3018	2822	3273	3547	4214	4390	4449	3861	3743	3822	3704	4057	4194	3351	3508	3194	2548	
1666	2352	2371	2156	1607	999	1136	705	0	725	705	1038	1391	1862	2352	2097	2548	2822	3508	3684	3763	3214	3136	3253	3194	3586	3822	2979	3253	2998	2332	
2293	3077	3038	2763	2214	1685	1450	921	725	0	646	999	1352	1783	2293	2332	2763	3096	3782	4037	4194	3743	3704	3880	3841	4272	4527	3684	3998	3743	3077	
1803	2940	3018	2861	2312	1646	1803	1293	705	646	0	372	744	1215	1724	1666	2116	2450	3136	3390	3567	3136	3136	3332	3312	3802	4116	3312	3684	3488	2822	
1764	3116	3253	3136	2606	1901	2175	1685	1038	999	372	0	352	823	1332	1332	1764	2116	2802	3096	3292	2940	2959	3194	3214	3724	4096	3312	3743	3606	2959	
1783	3312	3488	3410	2920	2175	2528	2038	1391	1352	744	352	0	470	960	1038	1450	1803	2489	2802	3038	2763	2842	3096	3155	3684	4096	3371	3841	3724	3096	
2018	3684	3900	3861	3371	2626	2998	2508	1862	1783	1215	823	470	0	509	882	1195	1568	2214	2587	2900	2724	2861	3155	3253	3822	4272	3586	4096	4037	3430	
2254	4018	4292	4292	3802	3057	3488	3018	2352	2293	1724	1332	960	509	0	842	960	1313	1881	2312	2665	2646	2842	3155	3312	3880	4370	3763	4312	4292	3724	
1489	3312	3665	3743	3312	2567	3234	2822	2097	2332	1666	1332	1038	882	842	0	431	764	1450	1744	2018	1842	1999	2293	2450	3018	3508	2920	3488	3508	2979	
1783	3626	3998	4116	3724	2959	3665	3273	2548	2763	2116	1764	1450	1195	960	431	0	372	1019	1391	1705	1705	1940	2254	2469	3038	3567	3057	3665	3724	3234	
1842	3665	4096	4253	3900	3155	3920	3547	2822	3096	2450	2116	1803	1568	1313	764	372	0	666	1019	1352	1450	1705	2058	2273	2861	3410	2979	3606	3704	3273	
2371	4116	4586	4782	4468	3763	4566	4214	3508	3782	3136	2802	2489	2214	1881	1450	1019	666	0	490	980	1430	1764	2097	2391	2920	3508	3234	3861	4037	3684	
2371	3998	4508	4762	4488	3822	4704	4390	3684	4037	3390	3096	2802	2587	2312	1744	1391	1019	490	0	490	1117	1470	1764	2077	2567	3155	2979	3606	3822	3528	
2273	3763	4292	4606	4390	3743	4704	4449	3763	4194	3567	3292	3038	2900	2665	2018	1705	1352	980	490	0	764	1117	1372	1685	2136	2704	2626	3234	3488	3292	
1607	2998	3528	3841	3665	3077	4057	3861	3214	3743	3136	2940	2763	2724	2646	1842	1705	1450	1430	1117	764	0	352	666	960	1489	2058	1862	2489	2724	2508	
1470	2685	3234	3567	3430	2881	3900	3743	3136	3704	3136	2959	2842	2861	2842	1999	1940	1705	1764	1470	1117	352	0	333	607	1156	1724	1509	2136	2371	2195	
1587	2548	3096	3488	3390	2900	3939	3822	3253	3880	3332	3194	3096	3155	3155	2293	2254	2058	2097	1764	1372	666	333	0	313	823	1391	1274	1862	2156	2058	
1528	2273	2822	3234	3175	2744	3782	3704	3194	3841	3312	3214	3155	3253	3312	2450	2469	2273	2391	2077	1685	960	607	313	0	568	1117	960	1548	1842	1783	
1979	2254	2822	3292	3332	3018	4057	4057	3586	4272	3802	3724	3684	3822	3880	3018	3038	2861	2920	2567	2136	1489	1156	823	568	0	568	842	1274	1646	1803	
2332	2116	2665	3155	3312	3116	4135	4194	3822	4527	4116	4096	4096	4272	4370	3508	3567	3410	3508	3155	2704	2058	1724	1391	1117	568	0	842	940	1372	1744	
1568	1411	1979	2430	2508	2273	3292	3351	2979	3684	3312	3312	3371	3586	3763	2920	3057	2979	3234	2979	2626	1862	1509	1274	960	842	842	0	627	862	960	
2077	1215	1724	2254	2469	2410	3351	3508	3253	3998	3684	3743	3841	4096	4312	3488	3665	3606	3861	3606	3234	2489	2136	1862	1548	1274	940	627	0	411	940	
2018	823	1313	1822	2077	2097	2998	3194	2998	3743	3488	3606	3724	4037	4292	3508	3724	3704	4037	3822	3488	2724	2371	2156	1842	1646	1372	862	411	0	666	
1470	490	1038	1470	1568	1450	2410	2548	2332	3077	2822	2959	3096	3430	3724	2979	3234	3273	3684	3528	3292	2508	2195	2058	1783	1803	1744	960	940	666	0	
V4
0	2538	3078	3321	2916	2025	3348	3105	2295	3159	2484	2430	2457	2781	3105	2052	2457	2538	3267	3267	3132	2214	2025	2187	2106	2727	3213	2160	2862	2781	2025	
2538	0	783	1431	1728	1917	3024	3348	3240	4239	4050	4293	4563	5076	5535	4563	4995	5049	5670	5508	5184	4131	3699	3510	3132	3105	2916	1944	1674	1134	675	
3078	783	0	729	1269	1890	2646	3132	3267	4185	4158	4482	4806	5373	5913	5049	5508	5643	6318	6210	5913	4860	4455	4266	3888	3888	3672	2727	2376	1809	1431	
3321	1431	729	0	756	1701	2079	2646	2970	3807	3942	4320	4698	5319	5913	5157	5670	5859	6588	6561	6345	5292	4914	4806	4455	4536	4347	3348	3105	2511	2025	
2916	1728	1269	756	0	1026	1377	1890	2214	3051	3186	3591	4023	4644	5238	4563	5130	5373	6156	6183	6048	5049	4725	4671	4374	4590	4563	3456	3402	2862	2160	
2025	1917	1890	1701	1026	0	1431	1512	1377	2322	2268	2619	2997	3618	4212	3537	4077	4347	5184	5265	5157	4239	3969	3996	3780	4158	4293	3132	3321	2889	1998	
3348	3024	2646	2079	1377	1431	0	729	1566	1998	2484	2997	3483	4131	4806	4455	5049	5400	6291	6480	6480	5589	5373	5427	5211	5589	5697	4536	4617	4131	3321	
3105	3348	3132	2646	1890	1512	729	0	972	1269	1782	2322	2808	3456	4158	3888	4509	4887	5805	6048	6129	5319	5157	5265	5103	5589	5778	4617	4833	4401	3510	
2295	3240	3267	2970	2214	1377	1566	972	0	999	972	1431	1917	2565	3240	2889	3510	3888	4833	5076	5184	4428	4320	4482	4401	4941	5265	4104	4482	4131	3213	
3159	4239	4185	3807	3051	2322	1998	1269	999	0	891	1377	1863	2457	3159	3213	3807	4266	5211	5562	5778	5157	5103	5346	5292	5886	6237	5076	5508	5157	4239	
2484	4050	4158	3942	3186	2268	2484	1782	972	891	0	513	1026	1674	2376	2295	2916	3375	4320	4671	4914	4320	4320	4590	4563	5238	5670	4563	5076	4806	3888	
2430	4293	4482	4320	3591	2619	2997	2322	1431	1377	513	0	486	1134	1836	1836	2430	2916	3861	4266	4536	4050	4077	4401	4428	5130	5643	4563	5157	4968	4077	
2457	4563	4806	4698	4023	2997	3483	2808	1917	1863	1026	486	0	648	1323	1431	1998	2484	3429	3861	4185	3807	3915	4266	4347	5076	5643	4644	5292	5130	4266	
2781	5076	5373	5319	4644	3618	4131	3456	2565	2457	1674	1134	648	0	702	1215	1647	2160	3051	3564	3996	3753	3942	4347	4482	5265	5886	4941	5643	5562	4725	
3105	5535	5913	5913	5238	4212	4806	4158	3240	3159	2376	1836	1323	702	0	1161	1323	1809	2592	3186	3672	3645	3915	4347	4563	5346	6021	5184	5940	5913	5130	
2052	4563	5049	5157	4563	3537	4455	3888	2889	3213	2295	1836	1431	1215	1161	0	594	1053	1998	2403	2781	2538	2754	3159	3375	4158	4833	4023	4806	4833	4104	
2457	4995	5508	5670	5130	4077	5049	4509	3510	3807	2916	2430	1998	1647	1323	594	0	513	1404	1917	2349	2349	2673	3105	3402	4185	4914	4212	5049	5130	4455	
2538	5049	5643	5859	5373	4347	5400	4887	3888	4266	3375	2916	2484	2160	1809	1053	513	0	918	1404	1863	1998	2349	2835	3132	3942	4698	4104	4968	5103	4509	
3267	5670	6318	6588	6156	5184	6291	5805	4833	5211	4320	3861	3429	3051	2592	1998	1404	918	0	675	1350	1971	2430	2889	3294	4023	4833	4455	5319	5562	5076	
3267	5508	6210	6561	6183	5265	6480	6048	5076	5562	4671	4266	3861	3564	3186	2403	1917	1404	675	0	675	1539	2025	2430	2862	3537	4347	4104	4968	5265	4860	
3132	5184	5913	6345	6048	5157	6480	6129	5184	5778	4914	4536	4185	3996	3672	2781	2349	1863	1350	675	0	1053	1539	1890	2322	2943	3726	3618	4455	4806	4536	
2214	4131	4860	5292	5049	4239	5589	5319	4428	5157	4320	4050	3807	3753	3645	2538	2349	1998	1971	1539	1053	0	486	918	1323	2052	2835	2565	3429	3753	3456	
2025	3699	4455	4914	4725	3969	5373	5157	4320	5103	4320	4077	3915	3942	3915	2754	2673	2349	2430	2025	1539	486	0	459	837	1593	2376	2079	2943	3267	3024	
2187	3510	4266	4806	4671	3996	5427	5265	4482	5346	4590	4401	4266	4347	4347	3159	3105	2835	2889	2430	1890	918	459	0	432	1134	1917	1755	2565	2970	2835	
2106	3132	3888	4455	4374	3780	5211	5103	4401	5292	4563	4428	4347	4482	4563	3375	3402	3132	3294	2862	2322	1323	837	432	0	783	1539	1323	2133	2538	2457	
2727	3105	3888	4536	4590	4158	5589	5589	4941	5886	5238	5130	5076	5265	5346	4158	4185	3942	4023	3537	2943	2052	1593	1134	783	0	783	1161	1755	2268	2484	
3213	2916	3672	4347	4563	4293	5697	5778	5265	6237	5670	5643	5643	5886	6021	4833	4914	4698	4833	4347	3726	2835	2376	1917	1539	783	0	1161	1296	1890	2403	
2160	1944	2727	3348	3456	3132	4536	4617	4104	5076	4563	4563	4644	4941	5184	4023	4212	4104	4455	4104	3618	2565	2079	1755	1323	1161	1161	0	864	1188	1323	
2862	1674	2376	3105	3402	3321	4617	4833	4482	5508	5076	5157	5292	5643	5940	4806	5049	4968	5319	4968	4455	3429	2943	2565	2133	1755	1296	864	0	567	1296	
2781	1134	1809	2511	2862	2889	4131	4401	4131	5157	4806	4968	5130	5562	5913	4833	5130	5103	5562	5265	4806	3753	3267	2970	2538	2268	1890	1188	567	0	918	
2025	675	1431	2025	2160	1998	3321	3510	3213	4239	3888	4077	4266	4725	5130	4104	4455	4509	5076	4860	4536	3456	3024	2835	2457	2484	2403	1323	1296	918	0	
V5
0	2237	2713	2927	2570	1785	2951	2737	2023	2784	2189	2142	2165	2451	2737	1808	2165	2237	2879	2879	2760	1951	1785	1927	1856	2403	2832	1904	2522	2451	1785	
2237	0	690	1261	1523	1689	2665	2951	2856	3736	3570	3784	4022	4474	4879	4022	4403	4450	4998	4855	4569	3641	3260	3094	2760	2737	2570	1713	1475	999	595	
2713	690	0	642	1118	1666	2332	2760	2879	3689	3665	3950	4236	4736	5212	4450	4855	4974	5569	5474	5212	4284	3927	3760	3427	3427	3236	2403	2094	1594	1261	
2927	1261	642	0	666	1499	1832	2332	2618	3355	3474	3808	4141	4688	5212	4545	4998	5164	5807	5783	5593	4664	4331	4236	3927	3998	3831	2951	2737	2213	1785	
2570	1523	1118	666	0	904	1213	1666	1951	2689	2808	3165	3546	4093	4617	4022	4522	4736	5426	5450	5331	4450	4165	4117	3855	4046	4022	3046	2998	2522	1904	
1785	1689	1666	1499	904	0	1261	1332	1213	2046	1999	2308	2641	3189	3712	3117	3593	3831	4569	4641	4545	3736	3498	3522	3332	3665	3784	2760	2927	2546	1761	
2951	2665	2332	1832	1213	1261	0	642	1380	1761	2189	2641	3070	3641	4236	3927	4450	4760	5545	5712	5712	4926	4736	4783	4593	4926	5021	3998	4069	3641	2927	
2737	2951	2760	2332	1666	1332	642	0	856	1118	1570	2046	2475	3046	3665	3427	3974	4307	5117	5331	5402	4688	4545	4641	4498	4926	5093	4069	4260	3879	3094	
2023	2856	2879	2618	1951	1213	1380	856	0	880	856	1261	1689	2261	2856	2546	3094	3427	4260	4474	4569	3903	3808	3950	3879	4355	4641	3617	3950	3641	2832	
2784	3736	3689	3355	2689	2046	1761	1118	880	0	785	1213	1642	2165	2784	2832	3355	3760	4593	4902	5093	4545	4498	4712	4664	5188	5497	4474	4855	4545	3736	
2189	3570	3665	3474	2808	1999	2189	1570	856	785	0	452	904	1475	2094	2023	2570	2975	3808	4117	4331	3808	3808	4046	4022	4617	4998	4022	4474	4236	3427	
2142	3784	3950	3808	3165	2308	2641	2046	1261	1213	452	0	428	999	1618	1618	2142	2570	3403	3760	3998	3570	3593	3879	3903	4522	4974	4022	4545	4379	3593	
2165	4022	4236	4141	3546	2641	3070	2475	1689	1642	904	428	0	571	1166	1261	1761	2189	3022	3403	3689	3355	3451	3760	3831	4474	4974	4093	4664	4522	3760	
2451	4474	4736	4688	4093	3189	3641	3046	2261	2165	1475	999	571	0	618	1071	1451	1904	2689	3141	3522	3308	3474	3831	3950	4641	5188	4355	4974	4902	4165	
2737	4879	5212	5212	4617	3712	4236	3665	2856	2784	2094	1618	1166	618	0	1023	1166	1594	2284	2808	3236	3213	3451	3831	4022	4712	5307	4569	5236	5212	4522	
1808	4022	4450	4545	4022	3117	3927	3427	2546	2832	2023	1618	1261	1071	1023	0	523	928	1761	2118	2451	2237	2427	2784	2975	3665	4260	3546	4236	4260	3617	
2165	4403	4855	4998	4522	3593	4450	3974	3094	3355	2570	2142	1761	1451	1166	523	0	452	1237	1689	2070	2070	2356	2737	2998	3689	4331	3712	4450	4522	3927	
2237	4450	4974	5164	4736	3831	4760	4307	3427	3760	2975	2570	2189	1904	1594	928	452	0	809	1237	1642	1761	2070	2499	2760	3474	4141	3617	4379	4498	3974	
2879	4998	5569	5807	5426	4569	5545	5117	4260	4593	3808	3403	3022	2689	2284	1761	1237	809	0	595	1190	1737	2142	2546	2903	3546	4260	3927	4688	4902	4474	
2879	4855	5474	5783	5450	4641	5712	5331	4474	4902	4117	3760	3403	3141	2808	2118	1689	1237	595	0	595	1356	1785	2142	2522	3117	3831	3617	4379	4641	4284	
2760	4569	5212	5593	5331	4545	5712	5402	4569	5093	4331	3998	3689	3522	3236	2451	2070	1642	1190	595	0	928	1356	1666	2046	2594	3284	3189	3927	4236	3998	
1951	3641	4284	4664	4450	3736	4926	4688	3903	4545	3808	3570	3355	3308	3213	2237	2070	1761	1737	1356	928	0	428	809	1166	1808	2499	2261	3022	3308	3046	
1785	3260	3927	4331	4165	3498	4736	4545	3808	4498	3808	3593	3451	3474	3451	2427	2356	2070	2142	1785	1356	428	0	404	737	1404	2094	1832	2594	2879	2665	
1927	3094	3760	4236	4117	3522	4783	4641	3950	4712	4046	3879	3760	3831	3831	2784	2737	2499	2546	2142	1666	809	404	0	380	999	1689	1547	2261	2618	2499	
1856	2760	3427	3927	3855	3332	4593	4498	3879	4664	4022	3903	3831	3950	4022	2975	2998	2760	2903	2522	2046	1166	737	380	0	690	1356	1166	1880	2237	2165	
2403	2737	3427	3998	4046	3665	4926	4926	4355	5188	4617	4522	4474	4641	4712	3665	3689	3474	3546	3117	2594	1808	1404	999	690	0	690	1023	1547	1999	2189	
2832	2570	3236	3831	4022	3784	5021	5093	4641	5497	4998	4974	4974	5188	5307	4260	4331	4141	4260	3831	3284	2499	2094	1689	1356	690	0	1023	1142	1666	2118	
1904	1713	2403	2951	3046	2760	3998	4069	3617	4474	4022	4022	4093	4355	4569	3546	3712	3617	3927	3617	3189	2261	1832	1547	1166	1023	1023	0	761	1047	1166	
2522	1475	2094	2737	2998	2927	4069	4260	3950	4855	4474	4545	4664	4974	5236	4236	4450	4379	4688	4379	3927	3022	2594	2261	1880	1547	1142	761	0	499	1142	
2451	999	1594	2213	2522	2546	3641	3879	3641	4545	4236	4379	4522	4902	5212	4260	4522	4498	4902	4641	4236	3308	2879	2618	2237	1999	1666	1047	499	0	809	
1785	595	1261	1785	1904	1761	2927	3094	2832	3736	3427	3593	3760	4165	4522	3617	3927	3974	4474	4284	3998	3046	2665	2499	2165	2189	2118	1166	1142	809	0	
V6
0	2519	3055	3296	2894	2010	3323	3082	2278	3135	2465	2412	2438	2760	3082	2036	2438	2519	3242	3242	3108	2197	2010	2170	2090	2706	3189	2144	2840	2760	2010	
2519	0	777	1420	1715	1902	3001	3323	3216	4207	4020	4261	4529	5038	5494	4529	4958	5011	5628	5467	5145	4100	3671	3484	3108	3082	2894	1929	1661	1125	670	
3055	777	0	723	1259	1876	2626	3108	3242	4154	4127	4448	4770	5333	5869	5011	5467	5601	6271	6164	5869	4824	4422	4234	3859	3859	3644	2706	2358	1795	1420	
3296	1420	723	0	750	1688	2063	2626	2948	3778	3912	4288	4663	5279	5869	5118	5628	5815	6539	6512	6298	5252	4877	4770	4422	4502	4314	3323	3082	2492	2010	
2894	1715	1259	750	0	1018	1366	1876	2197	3028	3162	3564	3993	4609	5199	4529	5092	5333	6110	6137	6003	5011	4690	4636	4341	4556	4529	3430	3376	2840	2144	
2010	1902	1876	1688	1018	0	1420	1500	1366	2304	2251	2599	2974	3591	4180	3510	4046	4314	5145	5226	5118	4207	3939	3966	3752	4127	4261	3108	3296	2867	1983	
3323	3001	2626	2063	1366	1420	0	723	1554	1983	2465	2974	3457	4100	4770	4422	5011	5360	6244	6432	6432	5547	5333	5386	5172	5547	5654	4502	4582	4100	3296	
3082	3323	3108	2626	1876	1500	723	0	964	1259	1768	2304	2787	3430	4127	3859	4475	4850	5762	6003	6083	5279	5118	5226	5065	5547	5735	4582	4797	4368	3484	
2278	3216	3242	2948	2197	1366	1554	964	0	991	964	1420	1902	2546	3216	2867	3484	3859	4797	5038	5145	4395	4288	4448	4368	4904	5226	4073	4448	4100	3189	
3135	4207	4154	3778	3028	2304	1983	1259	991	0	884	1366	1849	2438	3135	3189	3778	4234	5172	5520	5735	5118	5065	5306	5252	5842	6190	5038	5467	5118	4207	
2465	4020	4127	3912	3162	2251	2465	1768	964	884	0	509	1018	1661	2358	2278	2894	3350	4288	4636	4877	4288	4288	4556	4529	5199	5628	4529	5038	4770	3859	
2412	4261	4448	4288	3564	2599	2974	2304	1420	1366	509	0	482	1125	1822	1822	2412	2894	3832	4234	4502	4020	4046	4368	4395	5092	5601	4529	5118	4931	4046	
2438	4529	4770	4663	3993	2974	3457	2787	1902	1849	1018	482	0	643	1313	1420	1983	2465	3403	3832	4154	3778	3886	4234	4314	5038	5601	4609	5252	5092	4234	
2760	5038	5333	5279	4609	3591	4100	3430	2546	2438	1661	1125	643	0	696	1206	1634	2144	3028	3537	3966	3725	3912	4314	4448	5226	5842	4904	5601	5520	4690	
3082	5494	5869	5869	5199	4180	4770	4127	3216	3135	2358	1822	1313	696	0	1152	1313	1795	2572	3162	3644	3618	3886	4314	4529	5306	5976	5145	5896	5869	5092	
2036	4529	5011	5118	4529	3510	4422	3859	2867	3189	2278	1822	1420	1206	1152	0	589	1045	1983	2385	2760	2519	2733	3135	3350	4127	4797	3993	4770	4797	4073	
2438	4958	5467	5628	5092	4046	5011	4475	3484	3778	2894	2412	1983	1634	1313	589	0	509	1393	1902	2331	2331	2653	3082	3376	4154	4877	4180	5011	5092	4422	
2519	5011	5601	5815	5333	4314	5360	4850	3859	4234	3350	2894	2465	2144	1795	1045	509	0	911	1393	1849	1983	2331	2814	3108	3912	4663	4073	4931	5065	4475	
3242	5628	6271	6539	6110	5145	6244	5762	4797	5172	4288	3832	3403	3028	2572	1983	1393	911	0	670	1340	1956	2412	2867	3269	3993	4797	4422	5279	5520	5038	
3242	5467	6164	6512	6137	5226	6432	6003	5038	5520	4636	4234	3832	3537	3162	2385	1902	1393	670	0	670	1527	2010	2412	2840	3510	4314	4073	4931	5226	4824	
3108	5145	5869	6298	6003	5118	6432	6083	5145	5735	4877	4502	4154	3966	3644	2760	2331	1849	1340	670	0	1045	1527	1876	2304	2921	3698	3591	4422	4770	4502	
2197	4100	4824	5252	5011	4207	5547	5279	4395	5118	4288	4020	3778	3725	3618	2519	2331	1983	1956	1527	1045	0	482	911	1313	2036	2814	2546	3403	3725	3430	
