M: 2
N: 30
Nun_Veiculos: 12
Capacidade_Total: 983
Demanda_Total: 498
Setup_Min: 1
Setup_Max: 99
Raio: 100
Circulos: 1
Tempo_Processamento_Min: 1
Tempo_Processamento_Max: 49
Demanda_Min: 10
Demanda_Max: 30
Priority_Factor: 0.2
Range_Factor_R: 0.8
U_factor: 2
ALpha: 0.2Replicao: 3
Tempos_Processamentos
0	0	1	0	
0	24	1	42	
0	46	1	48	
0	13	1	9	
0	7	1	3	
0	8	1	21	
0	32	1	22	
0	25	1	2	
0	18	1	18	
0	16	1	6	
0	27	1	48	
0	37	1	39	
0	35	1	14	
0	39	1	9	
0	26	1	41	
0	32	1	29	
0	31	1	36	
0	12	1	32	
0	3	1	13	
0	25	1	8	
0	5	1	14	
0	31	1	25	
0	48	1	3	
0	17	1	6	
0	43	1	20	
0	8	1	30	
0	39	1	15	
0	3	1	12	
0	2	1	20	
0	6	1	13	
0	32	1	13	

Tempos_setup
M0
0	0	0	0	0	0	0	0	0	0	0	0	0	0	0	0	0	0	0	0	0	0	0	0	0	0	0	0	0	0	0	
0	0	19	23	11	21	19	22	10	17	13	17	20	15	26	14	15	18	7	20	19	27	27	10	18	12	17	19	27	39	15	
0	24	0	23	11	8	19	5	10	15	11	17	18	11	18	14	13	11	7	18	17	25	25	8	18	10	21	19	21	32	11	
0	27	16	0	14	9	22	19	19	12	16	20	8	12	21	17	18	17	16	23	24	30	30	21	21	14	24	22	22	33	8	
0	13	13	12	0	10	19	12	10	8	15	6	19	9	17	3	15	8	13	20	21	24	21	15	18	11	13	8	23	30	14	
0	20	7	21	11	0	13	10	10	11	15	17	13	3	20	14	17	16	7	14	15	29	29	12	12	5	15	19	13	24	8	
0	27	4	19	15	12	0	9	14	18	15	21	18	10	22	18	17	15	11	1	21	29	29	12	19	12	17	23	25	36	10	
0	20	12	26	15	14	14	0	14	10	6	21	13	8	13	11	8	15	11	13	12	20	20	3	17	5	20	16	20	32	6	
0	34	32	25	36	33	33	35	0	33	29	42	32	28	27	30	31	31	32	34	31	43	43	26	37	19	37	33	43	36	22	
0	27	14	27	18	15	15	16	17	0	22	24	14	10	9	12	24	21	14	16	13	36	30	19	19	12	22	17	28	22	15	
0	28	10	21	19	16	12	15	18	4	0	15	18	11	13	16	2	17	15	7	10	14	28	16	15	13	18	21	14	26	16	
0	20	7	6	8	13	13	10	4	2	15	0	13	3	11	6	13	2	7	14	15	18	24	12	12	5	14	11	22	24	8	
0	21	8	22	12	1	14	11	11	4	16	18	0	4	13	15	18	15	8	15	16	30	30	13	13	6	16	20	14	25	6	
0	17	4	18	8	11	10	7	7	8	12	14	10	0	17	11	14	13	4	11	12	26	26	9	9	2	12	16	19	30	5	
0	18	5	19	9	6	8	8	8	9	13	15	5	1	0	3	15	12	5	9	13	27	21	10	10	3	13	8	19	30	6	
0	23	14	17	10	7	19	9	11	14	12	16	20	10	19	0	12	9	14	17	20	24	18	12	19	12	10	5	20	31	15	
0	29	8	19	19	14	10	13	17	2	10	13	16	12	11	14	0	15	15	5	8	12	32	16	13	14	16	19	12	24	14	
0	18	5	18	6	11	11	8	2	9	13	12	11	1	18	4	15	0	5	12	13	27	22	10	10	3	12	9	20	31	6	
0	17	16	16	4	14	12	16	3	12	19	10	23	13	21	7	19	12	0	13	17	28	25	17	11	15	14	12	21	34	18	
0	27	3	26	14	11	22	8	13	18	14	20	21	14	21	17	16	14	10	0	20	28	28	11	21	13	16	22	24	35	9	
0	26	6	14	13	14	2	11	12	19	17	19	15	12	24	14	19	17	9	3	0	31	31	14	20	14	19	19	27	38	12	
0	26	16	25	13	18	22	20	16	18	15	19	22	15	17	11	16	14	19	21	24	0	21	23	24	17	13	8	28	40	20	
0	32	12	19	19	20	8	17	17	15	23	13	21	16	24	14	25	15	15	9	6	31	0	20	25	18	24	19	33	37	18	
0	17	9	23	13	11	11	12	12	7	3	18	10	5	16	16	5	14	9	10	9	17	17	0	14	2	17	16	17	29	5	
0	22	5	20	10	13	1	10	6	13	16	16	15	5	12	8	18	4	9	2	6	30	26	13	0	7	3	13	10	24	10	
0	15	16	30	18	18	18	19	14	14	10	24	17	12	23	16	12	12	16	17	16	24	24	7	21	0	18	14	24	36	3	
0	19	6	19	7	12	12	9	3	10	14	13	12	2	9	5	16	1	6	13	14	28	23	11	11	4	0	10	21	32	7	
0	18	11	17	5	10	14	12	8	10	7	11	17	7	14	3	8	6	11	13	16	20	13	15	16	9	5	0	20	32	12	
0	29	16	28	20	17	19	19	19	20	24	22	16	12	11	12	20	21	16	15	24	32	30	21	21	14	22	17	0	14	17	
0	18	17	16	18	15	20	20	14	12	20	10	14	13	21	16	10	12	17	15	18	22	34	22	22	15	24	21	13	0	18	
0	27	14	27	15	20	20	17	11	18	22	21	20	10	27	13	24	9	14	21	22	36	29	19	19	12	21	18	24	38	0	
M1
0	0	0	0	0	0	0	0	0	0	0	0	0	0	0	0	0	0	0	0	0	0	0	0	0	0	0	0	0	0	0	
0	0	15	26	24	20	19	23	20	15	14	17	8	19	18	14	12	17	14	16	22	6	22	25	20	20	21	11	18	5	18	
0	37	0	29	17	24	26	29	27	16	25	8	24	19	17	18	22	17	19	26	13	9	27	21	24	22	14	24	22	8	9	
0	34	28	0	14	22	23	27	24	19	29	24	18	16	7	15	22	14	21	23	8	16	30	21	16	26	17	23	19	15	12	
0	20	18	25	0	16	9	13	10	11	19	13	9	8	14	1	8	6	7	15	15	2	22	12	7	16	19	13	5	1	14	
0	15	21	15	12	0	21	25	22	20	20	20	14	12	3	13	17	10	19	19	23	14	11	16	12	18	18	19	17	13	21	
0	25	13	29	5	18	0	4	15	16	24	14	14	13	17	6	13	11	12	19	13	7	27	17	12	21	14	18	10	6	9	
0	39	9	31	19	30	28	0	29	18	34	10	28	27	19	20	24	25	21	34	15	15	29	23	26	29	16	26	24	17	11	
0	37	27	20	17	28	26	27	0	15	26	8	26	17	17	18	22	15	19	10	13	6	26	21	24	20	14	22	14	13	9	
0	36	13	27	16	23	11	13	15	0	20	14	11	10	18	3	15	8	9	17	17	3	11	14	9	17	18	8	7	14	15	
0	38	1	26	18	25	25	10	27	17	0	9	14	16	14	19	18	14	20	23	14	10	28	22	12	19	15	19	23	9	10	
0	29	21	21	9	20	18	21	19	8	28	0	18	17	9	10	14	15	11	24	5	11	19	13	16	25	6	16	14	10	1	
0	27	12	22	16	12	11	15	19	13	11	13	0	19	10	15	4	17	6	19	18	12	23	17	19	14	18	8	19	11	14	
0	27	20	26	7	22	10	14	17	15	21	20	10	0	20	8	14	13	14	22	22	9	26	19	8	23	24	15	12	8	19	
0	29	21	12	9	23	18	22	19	20	22	17	11	9	0	10	15	7	16	16	20	11	25	14	9	19	20	16	14	10	18	
0	33	17	24	13	20	8	12	13	20	18	12	8	7	15	0	12	5	6	14	14	12	31	11	6	22	18	12	4	11	13	
0	23	27	18	15	8	23	27	23	17	26	9	17	15	6	15	0	13	2	19	14	8	19	13	15	22	15	22	19	7	10	
0	29	22	19	9	16	12	16	13	17	23	10	12	2	14	10	8	0	10	9	15	11	27	21	10	25	16	17	14	10	11	
0	32	25	21	18	20	24	28	28	15	26	17	20	18	9	16	12	16	0	25	22	6	26	11	18	20	23	20	20	5	18	
0	30	22	10	10	21	16	17	4	9	26	1	16	15	10	8	15	13	12	0	6	10	20	14	14	24	7	17	12	10	2	
0	39	24	31	21	24	24	28	21	29	33	22	24	14	26	22	20	12	22	21	0	23	35	33	22	28	28	19	26	22	23	
0	40	21	29	20	27	20	22	23	9	20	11	20	13	20	12	19	11	18	19	16	0	20	23	18	14	17	17	16	21	12	
0	29	10	22	13	14	16	19	16	21	9	13	16	6	12	8	6	4	8	12	18	14	0	5	14	7	19	14	6	13	14	
0	24	14	19	16	9	15	19	20	17	27	10	18	16	7	16	1	14	3	16	15	9	20	0	16	23	15	9	20	8	11	
0	29	12	18	18	14	13	17	18	15	13	15	2	19	12	12	6	17	8	21	20	14	25	19	0	16	17	7	16	13	16	
0	34	7	15	14	21	9	13	9	14	6	6	9	8	15	1	13	6	7	5	11	13	25	12	7	0	12	13	5	12	7	
0	29	15	15	12	14	13	15	17	2	22	16	13	12	3	5	17	10	11	19	19	5	13	16	11	19	0	10	9	13	17	
0	39	5	25	22	24	23	25	11	12	29	13	23	22	13	15	25	20	13	15	14	9	23	24	21	23	10	0	19	8	10	
0	30	13	20	10	17	13	15	14	16	18	8	13	3	15	11	9	1	11	10	13	12	27	21	11	26	14	8	0	11	9	
0	31	21	30	21	16	21	23	24	10	21	12	16	14	19	13	20	12	19	20	17	1	21	24	19	15	18	16	17	0	13	
0	34	20	20	17	19	18	20	19	7	27	21	18	17	8	10	22	15	16	24	4	10	18	21	16	24	5	15	14	18	0	
Tamanho_Tarefas
0	24	46	9	4	10	23	10	18	8	28	37	21	15	29	29	31	13	5	8	6	26	5	7	24	11	16	5	8	8	14	
Data_Entrega
0	412	337	371	274	420	432	311	266	366	325	326	362	280	355	270	319	262	388	376	396	284	363	329	326	400	283	284	361	429	279	
Penalidade_Atraso
0	13	2	19	12	11	14	2	13	4	8	10	5	15	6	18	3	12	10	15	13	6	4	6	14	5	14	19	5	15	13	
Capacidade_Veiculo
125	68	65	47	66	55	53	73	126	109	127	69	
Custo_Fixo_Veiculo
1250	680	650	470	660	550	530	730	1260	1090	1270	690	
Coordenadas_Clientes
x	0	y	0
x	124	y	0
x	120	y	25
x	104	y	46
x	71	y	51
x	82	y	91
x	56	y	97
x	31	y	97
x	11	y	110
x	-8	y	77
x	-25	y	79
x	-42	y	73
x	-57	y	63
x	-97	y	70
x	-110	y	49
x	-99	y	21
x	-92	y	0
x	-77	y	-16
x	-87	y	-39
x	-93	y	-68
x	-54	y	-60
x	-52	y	-90
x	-33	y	-102
x	-10	y	-96
x	8	y	-76
x	24	y	-75
x	45	y	-78
x	74	y	-83
x	94	y	-68
x	113	y	-50
x	105	y	-22
Tempo_Viagem
0	124	122	113	87	122	112	101	110	77	82	84	84	119	120	101	92	78	95	115	80	103	107	96	76	78	90	111	116	123	107	
124	0	25	50	73	100	118	133	156	152	168	181	191	231	239	223	216	201	214	226	187	197	186	164	138	125	111	96	74	51	29	
122	25	0	26	55	76	96	114	137	138	154	168	181	221	231	219	213	200	216	232	193	206	198	176	150	138	127	117	96	75	49	
113	50	26	0	33	50	70	89	112	116	133	148	161	201	214	204	201	191	208	227	190	206	201	181	155	145	137	132	114	96	68	
87	73	55	33	0	41	48	60	83	83	100	115	128	168	181	172	170	162	181	202	167	187	185	167	141	134	131	134	121	109	80	
122	100	76	50	41	0	26	51	72	91	107	125	141	179	195	194	196	191	213	236	202	225	224	208	182	175	172	174	159	144	115	
112	118	96	70	48	26	0	25	46	67	82	100	117	154	171	172	176	174	197	222	191	215	217	203	179	174	175	180	169	157	128	
101	133	114	89	60	51	25	0	23	43	58	76	93	130	147	149	156	156	180	206	178	204	208	197	174	172	175	185	176	168	140	
110	156	137	112	83	72	46	23	0	38	47	64	82	115	135	141	150	153	178	206	182	209	216	206	186	185	191	203	196	189	162	
77	152	138	116	83	91	67	43	38	0	17	34	50	89	104	106	113	115	140	168	144	172	180	173	153	155	163	179	177	175	150	
82	168	154	133	100	107	82	58	47	17	0	18	35	72	89	94	103	108	133	161	141	171	181	175	158	160	171	189	189	188	164	
84	181	168	148	115	125	100	76	64	34	18	0	18	55	72	77	88	95	120	149	133	163	175	172	157	162	174	194	195	197	175	
84	191	181	161	128	141	117	93	82	50	35	18	0	40	54	59	72	81	106	135	123	153	166	165	153	160	174	195	199	204	182	
119	231	221	201	168	179	154	130	115	89	72	55	40	0	24	49	70	88	109	138	136	166	182	187	179	188	205	229	235	241	221	
120	239	231	214	181	195	171	147	135	104	89	72	54	24	0	30	52	72	90	118	121	150	167	176	171	182	200	226	235	243	226	
101	223	219	204	172	194	172	149	141	106	94	77	59	49	30	0	22	43	61	89	92	120	138	147	144	156	174	201	212	223	208	
92	216	213	201	170	196	176	156	150	113	103	88	72	70	52	22	0	21	39	68	70	98	116	125	125	137	157	185	198	211	198	
78	201	200	191	162	191	174	156	153	115	108	95	81	88	72	43	21	0	25	54	49	78	95	104	104	116	136	165	178	193	182	
95	214	216	208	181	213	197	180	178	140	133	120	106	109	90	61	39	25	0	29	39	61	82	95	101	116	137	166	183	200	192	
115	226	232	227	202	236	222	206	206	168	161	149	135	138	118	89	68	54	29	0	39	46	68	87	101	117	138	167	187	206	202	
80	187	193	190	167	202	191	178	182	144	141	133	123	136	121	92	70	49	39	39	0	30	46	56	64	79	100	129	148	167	163	
103	197	206	206	187	225	215	204	209	172	171	163	153	166	150	120	98	78	61	46	30	0	22	42	61	77	97	126	147	169	171	
107	186	198	201	185	224	217	208	216	180	181	175	166	182	167	138	116	95	82	68	46	22	0	23	48	62	80	108	130	153	158	
96	164	176	181	167	208	203	197	206	173	175	172	165	187	176	147	125	104	95	87	56	42	23	0	26	39	57	85	107	130	135	
76	138	150	155	141	182	179	174	186	153	158	157	153	179	171	144	125	104	101	101	64	61	48	26	0	16	37	66	86	108	111	
78	125	138	145	134	175	174	172	185	155	160	162	160	188	182	156	137	116	116	117	79	77	62	39	16	0	21	50	70	92	96	
90	111	127	137	131	172	175	175	191	163	171	174	174	205	200	174	157	136	137	138	100	97	80	57	37	21	0	29	50	73	82	
111	96	117	132	134	174	180	185	203	179	189	194	195	229	226	201	185	165	166	167	129	126	108	85	66	50	29	0	25	51	68	
116	74	96	114	121	159	169	176	196	177	189	195	199	235	235	212	198	178	183	187	148	147	130	107	86	70	50	25	0	26	47	
123	51	75	96	109	144	157	168	189	175	188	197	204	241	243	223	211	193	200	206	167	169	153	130	108	92	73	51	26	0	29	
107	29	49	68	80	115	128	140	162	150	164	175	182	221	226	208	198	182	192	202	163	171	158	135	111	96	82	68	47	29	0	
Custo_Viagem
V0
0	3100	3050	2825	2175	3050	2800	2525	2750	1925	2050	2100	2100	2975	3000	2525	2300	1950	2375	2875	2000	2575	2675	2400	1900	1950	2250	2775	2900	3075	2675	
3100	0	625	1250	1825	2500	2950	3350	3925	3800	4200	4525	4775	5775	5975	5575	5400	5025	5350	5675	4675	4925	4675	4100	3450	3125	2775	2400	1850	1275	725	
3050	625	0	650	1375	1900	2400	2850	3450	3450	3850	4200	4525	5525	5775	5475	5325	5025	5400	5800	4825	5150	4950	4425	3750	3450	3175	2925	2400	1875	1225	
2825	1250	650	0	825	1250	1750	2225	2800	2900	3325	3700	4025	5050	5350	5100	5025	4775	5225	5675	4750	5150	5025	4550	3875	3625	3425	3300	2850	2400	1700	
2175	1825	1375	825	0	1025	1200	1500	2100	2075	2500	2875	3200	4225	4525	4300	4250	4050	4525	5050	4175	4675	4625	4175	3525	3350	3275	3350	3025	2725	2000	
3050	2500	1900	1250	1025	0	650	1275	1825	2275	2675	3125	3525	4500	4900	4850	4900	4775	5325	5900	5075	5625	5600	5200	4550	4375	4325	4350	3975	3600	2875	
2800	2950	2400	1750	1200	650	0	625	1150	1675	2050	2500	2950	3875	4300	4300	4400	4350	4925	5550	4775	5375	5425	5075	4475	4350	4375	4500	4225	3925	3200	
2525	3350	2850	2225	1500	1275	625	0	575	1075	1450	1900	2350	3250	3700	3750	3900	3900	4500	5150	4450	5100	5225	4925	4350	4300	4375	4625	4400	4200	3500	
2750	3925	3450	2800	2100	1825	1150	575	0	950	1175	1600	2050	2875	3375	3525	3750	3825	4450	5150	4550	5225	5400	5175	4650	4625	4775	5075	4900	4725	4050	
1925	3800	3450	2900	2075	2275	1675	1075	950	0	425	850	1250	2225	2625	2650	2825	2875	3500	4200	3600	4300	4500	4325	3825	3875	4075	4475	4425	4375	3750	
2050	4200	3850	3325	2500	2675	2050	1450	1175	425	0	450	875	1800	2250	2350	2575	2700	3325	4025	3525	4275	4525	4375	3950	4025	4275	4725	4725	4700	4100	
2100	4525	4200	3700	2875	3125	2500	1900	1600	850	450	0	450	1375	1800	1925	2200	2375	3000	3725	3325	4075	4375	4300	3925	4050	4350	4850	4875	4925	4375	
2100	4775	4525	4025	3200	3525	2950	2350	2050	1250	875	450	0	1000	1350	1475	1800	2025	2650	3375	3075	3825	4150	4125	3825	4000	4350	4900	4975	5100	4550	
2975	5775	5525	5050	4225	4500	3875	3250	2875	2225	1800	1375	1000	0	600	1225	1750	2200	2725	3450	3400	4150	4575	4675	4475	4700	5125	5725	5875	6025	5525	
3000	5975	5775	5350	4525	4900	4300	3700	3375	2625	2250	1800	1350	600	0	750	1300	1800	2250	2950	3050	3750	4225	4400	4275	4550	5000	5650	5875	6075	5650	
2525	5575	5475	5100	4300	4850	4300	3750	3525	2650	2350	1925	1475	1225	750	0	550	1075	1525	2225	2300	3000	3475	3675	3600	3900	4350	5025	5300	5575	5200	
2300	5400	5325	5025	4250	4900	4400	3900	3750	2825	2575	2200	1800	1750	1300	550	0	525	975	1700	1775	2450	2925	3150	3125	3450	3925	4625	4950	5275	4950	
1950	5025	5025	4775	4050	4775	4350	3900	3825	2875	2700	2375	2025	2200	1800	1075	525	0	625	1350	1225	1950	2400	2600	2600	2900	3400	4125	4450	4825	4550	
2375	5350	5400	5225	4525	5325	4925	4500	4450	3500	3325	3000	2650	2725	2250	1525	975	625	0	725	975	1525	2050	2375	2525	2900	3425	4150	4575	5000	4800	
2875	5675	5800	5675	5050	5900	5550	5150	5150	4200	4025	3725	3375	3450	2950	2225	1700	1350	725	0	975	1150	1700	2175	2525	2925	3450	4175	4675	5150	5075	
2000	4675	4825	4750	4175	5075	4775	4450	4550	3600	3525	3325	3075	3400	3050	2300	1775	1225	975	975	0	750	1150	1400	1600	1975	2500	3250	3700	4175	4075	
2575	4925	5150	5150	4675	5625	5375	5100	5225	4300	4275	4075	3825	4150	3750	3000	2450	1950	1525	1150	750	0	550	1050	1525	1925	2425	3150	3675	4225	4275	
2675	4675	4950	5025	4625	5600	5425	5225	5400	4500	4525	4375	4150	4575	4225	3475	2925	2400	2050	1700	1150	550	0	575	1200	1575	2025	2700	3275	3850	3975	
2400	4100	4425	4550	4175	5200	5075	4925	5175	4325	4375	4300	4125	4675	4400	3675	3150	2600	2375	2175	1400	1050	575	0	650	975	1425	2125	2675	3275	3400	
1900	3450	3750	3875	3525	4550	4475	4350	4650	3825	3950	3925	3825	4475	4275	3600	3125	2600	2525	2525	1600	1525	1200	650	0	400	925	1650	2150	2700	2775	
1950	3125	3450	3625	3350	4375	4350	4300	4625	3875	4025	4050	4000	4700	4550	3900	3450	2900	2900	2925	1975	1925	1575	975	400	0	525	1250	1750	2300	2400	
2250	2775	3175	3425	3275	4325	4375	4375	4775	4075	4275	4350	4350	5125	5000	4350	3925	3400	3425	3450	2500	2425	2025	1425	925	525	0	725	1250	1825	2050	
2775	2400	2925	3300	3350	4350	4500	4625	5075	4475	4725	4850	4900	5725	5650	5025	4625	4125	4150	4175	3250	3150	2700	2125	1650	1250	725	0	625	1275	1700	
2900	1850	2400	2850	3025	3975	4225	4400	4900	4425	4725	4875	4975	5875	5875	5300	4950	4450	4575	4675	3700	3675	3275	2675	2150	1750	1250	625	0	650	1175	
3075	1275	1875	2400	2725	3600	3925	4200	4725	4375	4700	4925	5100	6025	6075	5575	5275	4825	5000	5150	4175	4225	3850	3275	2700	2300	1825	1275	650	0	725	
2675	725	1225	1700	2000	2875	3200	3500	4050	3750	4100	4375	4550	5525	5650	5200	4950	4550	4800	5075	4075	4275	3975	3400	2775	2400	2050	1700	1175	725	0	
V1
0	1686	1659	1536	1183	1659	1523	1373	1496	1047	1115	1142	1142	1618	1632	1373	1251	1060	1292	1564	1088	1400	1455	1305	1033	1060	1224	1509	1577	1672	1455	
1686	0	340	680	992	1360	1604	1822	2135	2067	2284	2461	2597	3141	3250	3032	2937	2733	2910	3087	2543	2679	2543	2230	1876	1700	1509	1305	1006	693	394	
1659	340	0	353	748	1033	1305	1550	1876	1876	2094	2284	2461	3005	3141	2978	2896	2733	2937	3155	2624	2801	2692	2407	2040	1876	1727	1591	1305	1020	666	
1536	680	353	0	448	680	952	1210	1523	1577	1808	2012	2189	2747	2910	2774	2733	2597	2842	3087	2584	2801	2733	2475	2108	1972	1863	1795	1550	1305	924	
1183	992	748	448	0	557	652	816	1142	1128	1360	1564	1740	2298	2461	2339	2312	2203	2461	2747	2271	2543	2516	2271	1917	1822	1781	1822	1645	1482	1088	
1659	1360	1033	680	557	0	353	693	992	1237	1455	1700	1917	2448	2665	2638	2665	2597	2896	3209	2760	3060	3046	2828	2475	2380	2352	2366	2162	1958	1564	
1523	1604	1305	952	652	353	0	340	625	911	1115	1360	1604	2108	2339	2339	2393	2366	2679	3019	2597	2924	2951	2760	2434	2366	2380	2448	2298	2135	1740	
1373	1822	1550	1210	816	693	340	0	312	584	788	1033	1278	1768	2012	2040	2121	2121	2448	2801	2420	2774	2842	2679	2366	2339	2380	2516	2393	2284	1904	
1496	2135	1876	1523	1142	992	625	312	0	516	639	870	1115	1564	1836	1917	2040	2080	2420	2801	2475	2842	2937	2815	2529	2516	2597	2760	2665	2570	2203	
1047	2067	1876	1577	1128	1237	911	584	516	0	231	462	680	1210	1428	1441	1536	1564	1904	2284	1958	2339	2448	2352	2080	2108	2216	2434	2407	2380	2040	
1115	2284	2094	1808	1360	1455	1115	788	639	231	0	244	476	979	1224	1278	1400	1468	1808	2189	1917	2325	2461	2380	2148	2189	2325	2570	2570	2556	2230	
1142	2461	2284	2012	1564	1700	1360	1033	870	462	244	0	244	748	979	1047	1196	1292	1632	2026	1808	2216	2380	2339	2135	2203	2366	2638	2652	2679	2380	
1142	2597	2461	2189	1740	1917	1604	1278	1115	680	476	244	0	544	734	802	979	1101	1441	1836	1672	2080	2257	2244	2080	2176	2366	2665	2706	2774	2475	
1618	3141	3005	2747	2298	2448	2108	1768	1564	1210	979	748	544	0	326	666	952	1196	1482	1876	1849	2257	2488	2543	2434	2556	2788	3114	3196	3277	3005	
1632	3250	3141	2910	2461	2665	2339	2012	1836	1428	1224	979	734	326	0	408	707	979	1224	1604	1659	2040	2298	2393	2325	2475	2720	3073	3196	3304	3073	
1373	3032	2978	2774	2339	2638	2339	2040	1917	1441	1278	1047	802	666	408	0	299	584	829	1210	1251	1632	1890	1999	1958	2121	2366	2733	2883	3032	2828	
1251	2937	2896	2733	2312	2665	2393	2121	2040	1536	1400	1196	979	952	707	299	0	285	530	924	965	1332	1591	1713	1700	1876	2135	2516	2692	2869	2692	
1060	2733	2733	2597	2203	2597	2366	2121	2080	1564	1468	1292	1101	1196	979	584	285	0	340	734	666	1060	1305	1414	1414	1577	1849	2244	2420	2624	2475	
1292	2910	2937	2842	2461	2896	2679	2448	2420	1904	1808	1632	1441	1482	1224	829	530	340	0	394	530	829	1115	1292	1373	1577	1863	2257	2488	2720	2611	
1564	3087	3155	3087	2747	3209	3019	2801	2801	2284	2189	2026	1836	1876	1604	1210	924	734	394	0	530	625	924	1183	1373	1591	1876	2271	2543	2801	2760	
1088	2543	2624	2584	2271	2760	2597	2420	2475	1958	1917	1808	1672	1849	1659	1251	965	666	530	530	0	408	625	761	870	1074	1360	1768	2012	2271	2216	
1400	2679	2801	2801	2543	3060	2924	2774	2842	2339	2325	2216	2080	2257	2040	1632	1332	1060	829	625	408	0	299	571	829	1047	1319	1713	1999	2298	2325	
1455	2543	2692	2733	2516	3046	2951	2842	2937	2448	2461	2380	2257	2488	2298	1890	1591	1305	1115	924	625	299	0	312	652	856	1101	1468	1781	2094	2162	
1305	2230	2407	2475	2271	2828	2760	2679	2815	2352	2380	2339	2244	2543	2393	1999	1713	1414	1292	1183	761	571	312	0	353	530	775	1156	1455	1781	1849	
1033	1876	2040	2108	1917	2475	2434	2366	2529	2080	2148	2135	2080	2434	2325	1958	1700	1414	1373	1373	870	829	652	353	0	217	503	897	1169	1468	1509	
1060	1700	1876	1972	1822	2380	2366	2339	2516	2108	2189	2203	2176	2556	2475	2121	1876	1577	1577	1591	1074	1047	856	530	217	0	285	680	952	1251	1305	
1224	1509	1727	1863	1781	2352	2380	2380	2597	2216	2325	2366	2366	2788	2720	2366	2135	1849	1863	1876	1360	1319	1101	775	503	285	0	394	680	992	1115	
1509	1305	1591	1795	1822	2366	2448	2516	2760	2434	2570	2638	2665	3114	3073	2733	2516	2244	2257	2271	1768	1713	1468	1156	897	680	394	0	340	693	924	
1577	1006	1305	1550	1645	2162	2298	2393	2665	2407	2570	2652	2706	3196	3196	2883	2692	2420	2488	2543	2012	1999	1781	1455	1169	952	680	340	0	353	639	
1672	693	1020	1305	1482	1958	2135	2284	2570	2380	2556	2679	2774	3277	3304	3032	2869	2624	2720	2801	2271	2298	2094	1781	1468	1251	992	693	353	0	394	
1455	394	666	924	1088	1564	1740	1904	2203	2040	2230	2380	2475	3005	3073	2828	2692	2475	2611	2760	2216	2325	2162	1849	1509	1305	1115	924	639	394	0	
V2
0	1612	1586	1469	1131	1586	1456	1313	1430	1001	1066	1092	1092	1547	1560	1313	1196	1014	1235	1495	1040	1339	1391	1248	988	1014	1170	1443	1508	1599	1391	
1612	0	325	650	949	1300	1534	1742	2041	1976	2184	2353	2483	3003	3107	2899	2808	2613	2782	2951	2431	2561	2431	2132	1794	1625	1443	1248	962	663	377	
1586	325	0	338	715	988	1248	1482	1794	1794	2002	2184	2353	2873	3003	2847	2769	2613	2808	3016	2509	2678	2574	2301	1950	1794	1651	1521	1248	975	637	
1469	650	338	0	429	650	910	1157	1456	1508	1729	1924	2093	2626	2782	2652	2613	2483	2717	2951	2470	2678	2613	2366	2015	1885	1781	1716	1482	1248	884	
1131	949	715	429	0	533	624	780	1092	1079	1300	1495	1664	2197	2353	2236	2210	2106	2353	2626	2171	2431	2405	2171	1833	1742	1703	1742	1573	1417	1040	
1586	1300	988	650	533	0	338	663	949	1183	1391	1625	1833	2340	2548	2522	2548	2483	2769	3068	2639	2925	2912	2704	2366	2275	2249	2262	2067	1872	1495	
1456	1534	1248	910	624	338	0	325	598	871	1066	1300	1534	2015	2236	2236	2288	2262	2561	2886	2483	2795	2821	2639	2327	2262	2275	2340	2197	2041	1664	
1313	1742	1482	1157	780	663	325	0	299	559	754	988	1222	1690	1924	1950	2028	2028	2340	2678	2314	2652	2717	2561	2262	2236	2275	2405	2288	2184	1820	
1430	2041	1794	1456	1092	949	598	299	0	494	611	832	1066	1495	1755	1833	1950	1989	2314	2678	2366	2717	2808	2691	2418	2405	2483	2639	2548	2457	2106	
1001	1976	1794	1508	1079	1183	871	559	494	0	221	442	650	1157	1365	1378	1469	1495	1820	2184	1872	2236	2340	2249	1989	2015	2119	2327	2301	2275	1950	
1066	2184	2002	1729	1300	1391	1066	754	611	221	0	234	455	936	1170	1222	1339	1404	1729	2093	1833	2223	2353	2275	2054	2093	2223	2457	2457	2444	2132	
1092	2353	2184	1924	1495	1625	1300	988	832	442	234	0	234	715	936	1001	1144	1235	1560	1937	1729	2119	2275	2236	2041	2106	2262	2522	2535	2561	2275	
1092	2483	2353	2093	1664	1833	1534	1222	1066	650	455	234	0	520	702	767	936	1053	1378	1755	1599	1989	2158	2145	1989	2080	2262	2548	2587	2652	2366	
1547	3003	2873	2626	2197	2340	2015	1690	1495	1157	936	715	520	0	312	637	910	1144	1417	1794	1768	2158	2379	2431	2327	2444	2665	2977	3055	3133	2873	
1560	3107	3003	2782	2353	2548	2236	1924	1755	1365	1170	936	702	312	0	390	676	936	1170	1534	1586	1950	2197	2288	2223	2366	2600	2938	3055	3159	2938	
1313	2899	2847	2652	2236	2522	2236	1950	1833	1378	1222	1001	767	637	390	0	286	559	793	1157	1196	1560	1807	1911	1872	2028	2262	2613	2756	2899	2704	
1196	2808	2769	2613	2210	2548	2288	2028	1950	1469	1339	1144	936	910	676	286	0	273	507	884	923	1274	1521	1638	1625	1794	2041	2405	2574	2743	2574	
1014	2613	2613	2483	2106	2483	2262	2028	1989	1495	1404	1235	1053	1144	936	559	273	0	325	702	637	1014	1248	1352	1352	1508	1768	2145	2314	2509	2366	
1235	2782	2808	2717	2353	2769	2561	2340	2314	1820	1729	1560	1378	1417	1170	793	507	325	0	377	507	793	1066	1235	1313	1508	1781	2158	2379	2600	2496	
1495	2951	3016	2951	2626	3068	2886	2678	2678	2184	2093	1937	1755	1794	1534	1157	884	702	377	0	507	598	884	1131	1313	1521	1794	2171	2431	2678	2639	
1040	2431	2509	2470	2171	2639	2483	2314	2366	1872	1833	1729	1599	1768	1586	1196	923	637	507	507	0	390	598	728	832	1027	1300	1690	1924	2171	2119	
1339	2561	2678	2678	2431	2925	2795	2652	2717	2236	2223	2119	1989	2158	1950	1560	1274	1014	793	598	390	0	286	546	793	1001	1261	1638	1911	2197	2223	
1391	2431	2574	2613	2405	2912	2821	2717	2808	2340	2353	2275	2158	2379	2197	1807	1521	1248	1066	884	598	286	0	299	624	819	1053	1404	1703	2002	2067	
1248	2132	2301	2366	2171	2704	2639	2561	2691	2249	2275	2236	2145	2431	2288	1911	1638	1352	1235	1131	728	546	299	0	338	507	741	1105	1391	1703	1768	
988	1794	1950	2015	1833	2366	2327	2262	2418	1989	2054	2041	1989	2327	2223	1872	1625	1352	1313	1313	832	793	624	338	0	208	481	858	1118	1404	1443	
1014	1625	1794	1885	1742	2275	2262	2236	2405	2015	2093	2106	2080	2444	2366	2028	1794	1508	1508	1521	1027	1001	819	507	208	0	273	650	910	1196	1248	
1170	1443	1651	1781	1703	2249	2275	2275	2483	2119	2223	2262	2262	2665	2600	2262	2041	1768	1781	1794	1300	1261	1053	741	481	273	0	377	650	949	1066	
1443	1248	1521	1716	1742	2262	2340	2405	2639	2327	2457	2522	2548	2977	2938	2613	2405	2145	2158	2171	1690	1638	1404	1105	858	650	377	0	325	663	884	
1508	962	1248	1482	1573	2067	2197	2288	2548	2301	2457	2535	2587	3055	3055	2756	2574	2314	2379	2431	1924	1911	1703	1391	1118	910	650	325	0	338	611	
1599	663	975	1248	1417	1872	2041	2184	2457	2275	2444	2561	2652	3133	3159	2899	2743	2509	2600	2678	2171	2197	2002	1703	1404	1196	949	663	338	0	377	
1391	377	637	884	1040	1495	1664	1820	2106	1950	2132	2275	2366	2873	2938	2704	2574	2366	2496	2639	2119	2223	2067	1768	1443	1248	1066	884	611	377	0	
V3
0	1165	1146	1062	817	1146	1052	949	1034	723	770	789	789	1118	1128	949	864	733	893	1081	752	968	1005	902	714	733	846	1043	1090	1156	1005	
1165	0	235	470	686	940	1109	1259	1475	1428	1579	1701	1795	2171	2246	2096	2030	1889	2011	2133	1757	1851	1757	1541	1297	1175	1043	902	695	479	272	
1146	235	0	244	517	714	902	1071	1297	1297	1447	1579	1701	2077	2171	2058	2002	1889	2030	2180	1814	1936	1861	1663	1410	1297	1193	1099	902	705	460	
1062	470	244	0	310	470	658	836	1052	1090	1250	1391	1513	1898	2011	1917	1889	1795	1964	2133	1786	1936	1889	1710	1457	1363	1287	1240	1071	902	639	
817	686	517	310	0	385	451	564	789	780	940	1081	1203	1588	1701	1616	1598	1522	1701	1898	1569	1757	1739	1569	1325	1259	1231	1259	1137	1024	752	
1146	940	714	470	385	0	244	479	686	855	1005	1175	1325	1692	1842	1823	1842	1795	2002	2218	1908	2115	2105	1955	1710	1645	1626	1635	1494	1353	1081	
1052	1109	902	658	451	244	0	235	432	629	770	940	1109	1457	1616	1616	1654	1635	1851	2086	1795	2021	2039	1908	1682	1635	1645	1692	1588	1475	1203	
949	1259	1071	836	564	479	235	0	216	404	545	714	883	1222	1391	1410	1466	1466	1692	1936	1673	1917	1964	1851	1635	1616	1645	1739	1654	1579	1316	
1034	1475	1297	1052	789	686	432	216	0	357	441	601	770	1081	1269	1325	1410	1438	1673	1936	1710	1964	2030	1945	1748	1739	1795	1908	1842	1776	1522	
723	1428	1297	1090	780	855	629	404	357	0	159	319	470	836	987	996	1062	1081	1316	1579	1353	1616	1692	1626	1438	1457	1532	1682	1663	1645	1410	
770	1579	1447	1250	940	1005	770	545	441	159	0	169	329	676	846	883	968	1015	1250	1513	1325	1607	1701	1645	1485	1513	1607	1776	1776	1767	1541	
789	1701	1579	1391	1081	1175	940	714	601	319	169	0	169	517	676	723	827	893	1128	1400	1250	1532	1645	1616	1475	1522	1635	1823	1833	1851	1645	
789	1795	1701	1513	1203	1325	1109	883	770	470	329	169	0	376	507	554	676	761	996	1269	1156	1438	1560	1551	1438	1504	1635	1842	1870	1917	1710	
1118	2171	2077	1898	1588	1692	1457	1222	1081	836	676	517	376	0	225	460	658	827	1024	1297	1278	1560	1720	1757	1682	1767	1927	2152	2209	2265	2077	
1128	2246	2171	2011	1701	1842	1616	1391	1269	987	846	676	507	225	0	282	488	676	846	1109	1146	1410	1588	1654	1607	1710	1880	2124	2209	2284	2124	
949	2096	2058	1917	1616	1823	1616	1410	1325	996	883	723	554	460	282	0	206	404	573	836	864	1128	1306	1381	1353	1466	1635	1889	1992	2096	1955	
864	2030	2002	1889	1598	1842	1654	1466	1410	1062	968	827	676	658	488	206	0	197	366	639	667	921	1099	1184	1175	1297	1475	1739	1861	1983	1861	
733	1889	1889	1795	1522	1795	1635	1466	1438	1081	1015	893	761	827	676	404	197	0	235	507	460	733	902	977	977	1090	1278	1551	1673	1814	1710	
893	2011	2030	1964	1701	2002	1851	1692	1673	1316	1250	1128	996	1024	846	573	366	235	0	272	366	573	770	893	949	1090	1287	1560	1720	1880	1804	
1081	2133	2180	2133	1898	2218	2086	1936	1936	1579	1513	1400	1269	1297	1109	836	639	507	272	0	366	432	639	817	949	1099	1297	1569	1757	1936	1908	
752	1757	1814	1786	1569	1908	1795	1673	1710	1353	1325	1250	1156	1278	1146	864	667	460	366	366	0	282	432	526	601	742	940	1222	1391	1569	1532	
968	1851	1936	1936	1757	2115	2021	1917	1964	1616	1607	1532	1438	1560	1410	1128	921	733	573	432	282	0	206	394	573	723	911	1184	1381	1588	1607	
1005	1757	1861	1889	1739	2105	2039	1964	2030	1692	1701	1645	1560	1720	1588	1306	1099	902	770	639	432	206	0	216	451	592	761	1015	1231	1447	1494	
902	1541	1663	1710	1569	1955	1908	1851	1945	1626	1645	1616	1551	1757	1654	1381	1184	977	893	817	526	394	216	0	244	366	535	799	1005	1231	1278	
714	1297	1410	1457	1325	1710	1682	1635	1748	1438	1485	1475	1438	1682	1607	1353	1175	977	949	949	601	573	451	244	0	150	347	620	808	1015	1043	
733	1175	1297	1363	1259	1645	1635	1616	1739	1457	1513	1522	1504	1767	1710	1466	1297	1090	1090	1099	742	723	592	366	150	0	197	470	658	864	902	
846	1043	1193	1287	1231	1626	1645	1645	1795	1532	1607	1635	1635	1927	1880	1635	1475	1278	1287	1297	940	911	761	535	347	197	0	272	470	686	770	
1043	902	1099	1240	1259	1635	1692	1739	1908	1682	1776	1823	1842	2152	2124	1889	1739	1551	1560	1569	1222	1184	1015	799	620	470	272	0	235	479	639	
1090	695	902	1071	1137	1494	1588	1654	1842	1663	1776	1833	1870	2209	2209	1992	1861	1673	1720	1757	1391	1381	1231	1005	808	658	470	235	0	244	441	
1156	479	705	902	1024	1353	1475	1579	1776	1645	1767	1851	1917	2265	2284	2096	1983	1814	1880	1936	1569	1588	1447	1231	1015	864	686	479	244	0	272	
1005	272	460	639	752	1081	1203	1316	1522	1410	1541	1645	1710	2077	2124	1955	1861	1710	1804	1908	1532	1607	1494	1278	1043	902	770	639	441	272	0	
V4
0	1636	1610	1491	1148	1610	1478	1333	1452	1016	1082	1108	1108	1570	1584	1333	1214	1029	1254	1518	1056	1359	1412	1267	1003	1029	1188	1465	1531	1623	1412	
1636	0	330	660	963	1320	1557	1768	2072	2006	2217	2389	2521	3049	3154	2943	2851	2653	2824	2996	2468	2600	2468	2164	1821	1650	1465	1267	976	673	382	
1610	330	0	343	726	1003	1267	1504	1821	1821	2032	2217	2389	2917	3049	2890	2811	2653	2851	3062	2547	2719	2613	2336	1980	1821	1676	1544	1267	990	646	
1491	660	343	0	435	660	924	1174	1478	1531	1755	1953	2125	2666	2824	2692	2653	2521	2758	2996	2508	2719	2653	2402	2046	1914	1808	1742	1504	1267	897	
1148	963	726	435	0	541	633	792	1108	1095	1320	1518	1689	2230	2389	2270	2244	2138	2389	2666	2204	2468	2442	2204	1861	1768	1729	1768	1597	1438	1056	
1610	1320	1003	660	541	0	343	673	963	1201	1412	1650	1861	2376	2587	2560	2587	2521	2811	3115	2679	2970	2956	2745	2402	2310	2283	2296	2098	1900	1518	
1478	1557	1267	924	633	343	0	330	607	884	1082	1320	1557	2046	2270	2270	2323	2296	2600	2930	2521	2838	2864	2679	2362	2296	2310	2376	2230	2072	1689	
1333	1768	1504	1174	792	673	330	0	303	567	765	1003	1240	1716	1953	1980	2059	2059	2376	2719	2349	2692	2758	2600	2296	2270	2310	2442	2323	2217	1848	
1452	2072	1821	1478	1108	963	607	303	0	501	620	844	1082	1518	1782	1861	1980	2019	2349	2719	2402	2758	2851	2732	2455	2442	2521	2679	2587	2494	2138	
1016	2006	1821	1531	1095	1201	884	567	501	0	224	448	660	1174	1386	1399	1491	1518	1848	2217	1900	2270	2376	2283	2019	2046	2151	2362	2336	2310	1980	
1082	2217	2032	1755	1320	1412	1082	765	620	224	0	237	462	950	1188	1240	1359	1425	1755	2125	1861	2257	2389	2310	2085	2125	2257	2494	2494	2481	2164	
1108	2389	2217	1953	1518	1650	1320	1003	844	448	237	0	237	726	950	1016	1161	1254	1584	1966	1755	2151	2310	2270	2072	2138	2296	2560	2574	2600	2310	
1108	2521	2389	2125	1689	1861	1557	1240	1082	660	462	237	0	528	712	778	950	1069	1399	1782	1623	2019	2191	2178	2019	2112	2296	2587	2626	2692	2402	
1570	3049	2917	2666	2230	2376	2046	1716	1518	1174	950	726	528	0	316	646	924	1161	1438	1821	1795	2191	2415	2468	2362	2481	2706	3022	3102	3181	2917	
1584	3154	3049	2824	2389	2587	2270	1953	1782	1386	1188	950	712	316	0	396	686	950	1188	1557	1610	1980	2230	2323	2257	2402	2640	2983	3102	3207	2983	
1333	2943	2890	2692	2270	2560	2270	1980	1861	1399	1240	1016	778	646	396	0	290	567	805	1174	1214	1584	1834	1940	1900	2059	2296	2653	2798	2943	2745	
1214	2851	2811	2653	2244	2587	2323	2059	1980	1491	1359	1161	950	924	686	290	0	277	514	897	937	1293	1544	1663	1650	1821	2072	2442	2613	2785	2613	
1029	2653	2653	2521	2138	2521	2296	2059	2019	1518	1425	1254	1069	1161	950	567	277	0	330	712	646	1029	1267	1372	1372	1531	1795	2178	2349	2547	2402	
1254	2824	2851	2758	2389	2811	2600	2376	2349	1848	1755	1584	1399	1438	1188	805	514	330	0	382	514	805	1082	1254	1333	1531	1808	2191	2415	2640	2534	
1518	2996	3062	2996	2666	3115	2930	2719	2719	2217	2125	1966	1782	1821	1557	1174	897	712	382	0	514	607	897	1148	1333	1544	1821	2204	2468	2719	2679	
1056	2468	2547	2508	2204	2679	2521	2349	2402	1900	1861	1755	1623	1795	1610	1214	937	646	514	514	0	396	607	739	844	1042	1320	1716	1953	2204	2151	
1359	2600	2719	2719	2468	2970	2838	2692	2758	2270	2257	2151	2019	2191	1980	1584	1293	1029	805	607	396	0	290	554	805	1016	1280	1663	1940	2230	2257	
1412	2468	2613	2653	2442	2956	2864	2758	2851	2376	2389	2310	2191	2415	2230	1834	1544	1267	1082	897	607	290	0	303	633	831	1069	1425	1729	2032	2098	
1267	2164	2336	2402	2204	2745	2679	2600	2732	2283	2310	2270	2178	2468	2323	1940	1663	1372	1254	1148	739	554	303	0	343	514	752	1122	1412	1729	1795	
1003	1821	1980	2046	1861	2402	2362	2296	2455	2019	2085	2072	2019	2362	2257	1900	1650	1372	1333	1333	844	805	633	343	0	211	488	871	1135	1425	1465	
1029	1650	1821	1914	1768	2310	2296	2270	2442	2046	2125	2138	2112	2481	2402	2059	1821	1531	1531	1544	1042	1016	831	514	211	0	277	660	924	1214	1267	
1188	1465	1676	1808	1729	2283	2310	2310	2521	2151	2257	2296	2296	2706	2640	2296	2072	1795	1808	1821	1320	1280	1069	752	488	277	0	382	660	963	1082	
1465	1267	1544	1742	1768	2296	2376	2442	2679	2362	2494	2560	2587	3022	2983	2653	2442	2178	2191	2204	1716	1663	1425	1122	871	660	382	0	330	673	897	
1531	976	1267	1504	1597	2098	2230	2323	2587	2336	2494	2574	2626	3102	3102	2798	2613	2349	2415	2468	1953	1940	1729	1412	1135	924	660	330	0	343	620	
1623	673	990	1267	1438	1900	2072	2217	2494	2310	2481	2600	2692	3181	3207	2943	2785	2547	2640	2719	2204	2230	2032	1729	1425	1214	963	673	343	0	382	
1412	382	646	897	1056	1518	1689	1848	2138	1980	2164	2310	2402	2917	2983	2745	2613	2402	2534	2679	2151	2257	2098	1795	1465	1267	1082	897	620	382	0	
V5
0	1364	1342	1243	957	1342	1232	1111	1210	847	902	924	924	1309	1320	1111	1012	858	1045	1265	880	1133	1177	1056	836	858	990	1221	1276	1353	1177	
1364	0	275	550	803	1100	1298	1474	1727	1672	1848	1991	2101	2541	2629	2453	2376	2211	2354	2497	2057	2167	2057	1804	1518	1375	1221	1056	814	561	319	
1342	275	0	286	605	836	1056	1254	1518	1518	1694	1848	1991	2431	2541	2409	2343	2211	2376	2552	2123	2266	2178	1947	1650	1518	1397	1287	1056	825	539	
1243	550	286	0	363	550	770	979	1232	1276	1463	1628	1771	2222	2354	2244	2211	2101	2299	2497	2090	2266	2211	2002	1705	1595	1507	1452	1254	1056	748	
957	803	605	363	0	451	528	660	924	913	1100	1265	1408	1859	1991	1892	1870	1782	1991	2222	1837	2057	2035	1837	1551	1474	1441	1474	1331	1199	880	
1342	1100	836	550	451	0	286	561	803	1001	1177	1375	1551	1980	2156	2134	2156	2101	2343	2596	2233	2475	2464	2288	2002	1925	1903	1914	1749	1584	1265	
1232	1298	1056	770	528	286	0	275	506	737	902	1100	1298	1705	1892	1892	1936	1914	2167	2442	2101	2365	2387	2233	1969	1914	1925	1980	1859	1727	1408	
1111	1474	1254	979	660	561	275	0	253	473	638	836	1034	1430	1628	1650	1716	1716	1980	2266	1958	2244	2299	2167	1914	1892	1925	2035	1936	1848	1540	
1210	1727	1518	1232	924	803	506	253	0	418	517	704	902	1265	1485	1551	1650	1683	1958	2266	2002	2299	2376	2277	2046	2035	2101	2233	2156	2079	1782	
847	1672	1518	1276	913	1001	737	473	418	0	187	374	550	979	1155	1166	1243	1265	1540	1848	1584	1892	1980	1903	1683	1705	1793	1969	1947	1925	1650	
902	1848	1694	1463	1100	1177	902	638	517	187	0	198	385	792	990	1034	1133	1188	1463	1771	1551	1881	1991	1925	1738	1771	1881	2079	2079	2068	1804	
924	1991	1848	1628	1265	1375	1100	836	704	374	198	0	198	605	792	847	968	1045	1320	1639	1463	1793	1925	1892	1727	1782	1914	2134	2145	2167	1925	
924	2101	1991	1771	1408	1551	1298	1034	902	550	385	198	0	440	594	649	792	891	1166	1485	1353	1683	1826	1815	1683	1760	1914	2156	2189	2244	2002	
1309	2541	2431	2222	1859	1980	1705	1430	1265	979	792	605	440	0	264	539	770	968	1199	1518	1496	1826	2013	2057	1969	2068	2255	2519	2585	2651	2431	
1320	2629	2541	2354	1991	2156	1892	1628	1485	1155	990	792	594	264	0	330	572	792	990	1298	1342	1650	1859	1936	1881	2002	2200	2486	2585	2673	2486	
1111	2453	2409	2244	1892	2134	1892	1650	1551	1166	1034	847	649	539	330	0	242	473	671	979	1012	1320	1529	1617	1584	1716	1914	2211	2332	2453	2288	
1012	2376	2343	2211	1870	2156	1936	1716	1650	1243	1133	968	792	770	572	242	0	231	429	748	781	1078	1287	1386	1375	1518	1727	2035	2178	2321	2178	
858	2211	2211	2101	1782	2101	1914	1716	1683	1265	1188	1045	891	968	792	473	231	0	275	594	539	858	1056	1144	1144	1276	1496	1815	1958	2123	2002	
1045	2354	2376	2299	1991	2343	2167	1980	1958	1540	1463	1320	1166	1199	990	671	429	275	0	319	429	671	902	1045	1111	1276	1507	1826	2013	2200	2112	
1265	2497	2552	2497	2222	2596	2442	2266	2266	1848	1771	1639	1485	1518	1298	979	748	594	319	0	429	506	748	957	1111	1287	1518	1837	2057	2266	2233	
880	2057	2123	2090	1837	2233	2101	1958	2002	1584	1551	1463	1353	1496	1342	1012	781	539	429	429	0	330	506	616	704	869	1100	1430	1628	1837	1793	
1133	2167	2266	2266	2057	2475	2365	2244	2299	1892	1881	1793	1683	1826	1650	1320	1078	858	671	506	330	0	242	462	671	847	1067	1386	1617	1859	1881	
1177	2057	2178	2211	2035	2464	2387	2299	2376	1980	1991	1925	1826	2013	1859	1529	1287	1056	902	748	506	242	0	253	528	693	891	1188	1441	1694	1749	
1056	1804	1947	2002	1837	2288	2233	2167	2277	1903	1925	1892	1815	2057	1936	1617	1386	1144	1045	957	616	462	253	0	286	429	627	935	1177	1441	1496	
836	1518	1650	1705	1551	2002	1969	1914	2046	1683	1738	1727	1683	1969	1881	1584	1375	1144	1111	1111	704	671	528	286	0	176	407	726	946	1188	1221	
858	1375	1518	1595	1474	1925	1914	1892	2035	1705	1771	1782	1760	2068	2002	1716	1518	1276	1276	1287	869	847	693	429	176	0	231	550	770	1012	1056	
990	1221	1397	1507	1441	1903	1925	1925	2101	1793	1881	1914	1914	2255	2200	1914	1727	1496	1507	1518	1100	1067	891	627	407	231	0	319	550	803	902	
1221	1056	1287	1452	1474	1914	1980	2035	2233	1969	2079	2134	2156	2519	2486	2211	2035	1815	1826	1837	1430	1386	1188	935	726	550	319	0	275	561	748	
1276	814	1056	1254	1331	1749	1859	1936	2156	1947	2079	2145	2189	2585	2585	2332	2178	1958	2013	2057	1628	1617	1441	1177	946	770	550	275	0	286	517	
1353	561	825	1056	1199	1584	1727	1848	2079	1925	2068	2167	2244	2651	2673	2453	2321	2123	2200	2266	1837	1859	1694	1441	1188	1012	803	561	286	0	319	
1177	319	539	748	880	1265	1408	1540	1782	1650	1804	1925	2002	2431	2486	2288	2178	2002	2112	2233	1793	1881	1749	1496	1221	1056	902	748	517	319	0	
V6
0	1314	1293	1197	922	1293	1187	1070	1166	816	869	890	890	1261	1272	1070	975	826	1007	1219	848	1091	1134	1017	805	826	954	1176	1229	1303	1134	
1314	0	265	530	773	1060	1250	1420	1664	1611	1780	1918	2024	2448	2533	2363	2289	2130	2268	2406	1982	2088	1982	1738	1462	1325	1176	1017	784	540	307	
1293	265	0	275	583	805	1017	1208	1462	1462	1632	1780	1918	2342	2448	2321	2257	2130	2289	2459	2045	2183	2098	1876	1590	1462	1346	1240	1017	795	519	
1197	530	275	0	349	530	742	943	1187	1229	1409	1568	1706	2141	2268	2162	2130	2024	2215	2406	2014	2183	2130	1929	1643	1537	1452	1399	1208	1017	720	
922	773	583	349	0	434	508	636	890	879	1060	1219	1356	1791	1918	1823	1802	1717	1918	2141	1770	1982	1961	1770	1494	1420	1388	1420	1282	1155	848	
1293	1060	805	530	434	0	275	540	773	964	1134	1325	1494	1908	2077	2056	2077	2024	2257	2501	2151	2385	2374	2204	1929	1855	1833	1844	1685	1526	1219	
1187	1250	1017	742	508	275	0	265	487	710	869	1060	1250	1643	1823	1823	1865	1844	2088	2353	2024	2279	2300	2151	1897	1844	1855	1908	1791	1664	1356	
1070	1420	1208	943	636	540	265	0	243	455	614	805	996	1378	1568	1590	1653	1653	1908	2183	1886	2162	2215	2088	1844	1823	1855	1961	1865	1780	1484	
1166	1664	1462	1187	890	773	487	243	0	402	498	678	869	1219	1431	1494	1590	1621	1886	2183	1929	2215	2289	2194	1971	1961	2024	2151	2077	2003	1717	
816	1611	1462	1229	879	964	710	455	402	0	180	360	530	943	1113	1123	1197	1219	1484	1780	1526	1823	1908	1833	1621	1643	1727	1897	1876	1855	1590	
869	1780	1632	1409	1060	1134	869	614	498	180	0	190	371	763	954	996	1091	1144	1409	1706	1494	1812	1918	1855	1674	1706	1812	2003	2003	1992	1738	
890	1918	1780	1568	1219	1325	1060	805	678	360	190	0	190	583	763	816	932	1007	1272	1579	1409	1727	1855	1823	1664	1717	1844	2056	2067	2088	1855	
890	2024	1918	1706	1356	1494	1250	996	869	530	371	190	0	424	572	625	763	858	1123	1431	1303	1621	1759	1749	1621	1696	1844	2077	2109	2162	1929	
1261	2448	2342	2141	1791	1908	1643	1378	1219	943	763	583	424	0	254	519	742	932	1155	1462	1441	1759	1939	1982	1897	1992	2173	2427	2491	2554	2342	
1272	2533	2448	2268	1918	2077	1823	1568	1431	1113	954	763	572	254	0	318	551	763	954	1250	1293	1590	1791	1865	1812	1929	2120	2395	2491	2575	2395	
1070	2363	2321	2162	1823	2056	1823	1590	1494	1123	996	816	625	519	318	0	233	455	646	943	975	1272	1473	1558	1526	1653	1844	2130	2247	2363	2204	
