M: 4
N: 30
Nun_Veiculos: 14
Capacidade_Total: 919
Demanda_Total: 572
Setup_Min: 1
Setup_Max: 99
Raio: 100
Circulos: 1
Tempo_Processamento_Min: 1
Tempo_Processamento_Max: 49
Demanda_Min: 10
Demanda_Max: 30
Priority_Factor: 0.2
Range_Factor_R: 0.8
U_factor: 2
ALpha: 0.2Replicao: 4
Tempos_Processamentos
0	0	1	0	2	0	3	0	
0	1	1	6	2	12	3	4	
0	12	1	40	2	16	3	28	
0	38	1	47	2	27	3	18	
0	20	1	33	2	24	3	46	
0	12	1	8	2	6	3	24	
0	46	1	6	2	48	3	4	
0	18	1	49	2	11	3	37	
0	34	1	40	2	47	3	12	
0	24	1	6	2	1	3	32	
0	13	1	5	2	48	3	45	
0	20	1	27	2	16	3	24	
0	12	1	43	2	37	3	5	
0	14	1	46	2	8	3	1	
0	45	1	14	2	42	3	38	
0	22	1	38	2	9	3	23	
0	20	1	27	2	46	3	8	
0	2	1	45	2	19	3	32	
0	38	1	16	2	43	3	26	
0	49	1	28	2	23	3	23	
0	17	1	38	2	8	3	45	
0	7	1	1	2	47	3	9	
0	38	1	20	2	27	3	23	
0	36	1	43	2	4	3	49	
0	46	1	16	2	47	3	32	
0	18	1	28	2	18	3	15	
0	40	1	14	2	45	3	8	
0	38	1	45	2	46	3	5	
0	3	1	38	2	20	3	17	
0	28	1	29	2	31	3	49	
0	26	1	29	2	10	3	22	

Tempos_setup
M0
0	0	0	0	0	0	0	0	0	0	0	0	0	0	0	0	0	0	0	0	0	0	0	0	0	0	0	0	0	0	0	
0	0	5	17	7	19	14	13	5	26	10	20	8	31	26	23	8	19	4	5	14	3	12	15	5	17	10	7	17	13	5	
0	20	0	15	27	29	26	15	25	33	22	27	16	41	31	34	22	23	24	19	18	23	7	14	25	13	24	25	27	32	23	
0	10	14	0	16	14	11	12	14	18	20	12	18	26	23	25	16	8	14	15	3	12	16	21	14	22	12	16	12	17	14	
0	18	14	20	0	22	10	12	13	21	9	15	15	32	22	22	19	16	22	18	11	11	6	13	13	12	20	3	18	25	13	
0	10	15	27	17	0	14	19	15	28	20	30	18	16	16	11	8	20	14	5	15	13	22	18	15	22	10	12	22	23	10	
0	8	12	18	5	12	0	10	3	26	14	20	12	24	12	23	10	6	12	13	1	1	11	14	3	15	10	6	10	15	4	
0	18	2	8	18	22	13	0	16	26	24	20	18	34	24	19	16	16	22	21	11	14	9	16	16	15	9	14	20	25	17	
0	11	15	27	18	20	13	22	0	36	21	30	18	30	25	31	7	14	14	16	14	14	22	19	16	21	9	11	21	23	9	
0	20	23	15	9	27	19	21	22	0	18	24	23	32	31	31	16	23	23	13	18	20	14	21	22	20	18	12	27	32	18	
0	19	5	11	21	25	16	3	19	29	0	23	21	34	18	13	15	19	22	24	14	17	12	19	19	18	12	17	9	28	17	
0	8	12	21	15	22	10	17	11	6	18	0	15	27	12	31	4	16	11	13	11	11	19	16	13	18	6	8	18	21	6	
0	20	22	18	12	31	21	20	23	18	17	12	0	39	24	30	16	25	23	25	20	22	18	25	24	24	18	15	26	19	18	
0	7	12	19	13	20	8	11	11	31	8	27	15	0	17	12	15	14	11	12	9	9	15	21	11	16	4	9	17	20	12	
0	18	7	13	16	23	11	5	10	31	25	25	14	35	0	24	17	17	22	23	12	12	14	12	14	20	14	4	14	26	2	
0	14	10	16	9	18	15	8	15	19	18	24	16	30	5	0	18	12	18	19	7	16	15	17	7	16	16	9	16	21	7	
0	4	8	20	11	18	6	15	9	29	14	23	11	23	18	27	0	12	7	9	7	7	15	12	9	14	2	4	14	17	2	
0	2	7	19	9	6	16	15	7	26	12	22	10	18	22	17	10	0	6	7	16	5	14	17	7	19	12	9	19	9	7	
0	17	1	13	13	21	18	16	21	22	21	16	4	33	28	32	20	15	0	20	10	19	8	15	11	14	18	13	19	20	11	
0	7	11	23	14	14	9	18	12	32	17	26	14	26	21	25	3	15	10	0	10	10	18	13	12	17	5	7	17	20	5	
0	7	11	17	13	11	8	9	11	31	17	27	15	23	20	22	15	5	11	12	0	9	13	18	11	19	9	14	9	14	12	
0	13	17	24	4	22	14	16	2	25	13	19	11	32	26	24	9	16	16	18	15	0	10	17	2	14	11	7	22	25	11	
0	13	10	16	20	22	19	8	18	27	23	21	9	34	24	27	15	16	17	12	11	16	0	7	18	6	17	18	20	25	16	
0	6	11	20	13	25	20	19	11	20	16	14	2	37	17	29	14	25	10	11	20	9	18	0	11	23	16	13	23	19	11	
0	15	16	22	2	24	12	14	15	23	11	17	9	34	24	22	11	18	18	20	13	13	8	15	0	14	13	5	20	27	13	
0	12	4	10	18	16	13	2	16	28	22	22	15	28	25	21	9	10	11	6	5	14	11	18	16	0	11	12	14	19	10	
0	12	16	22	9	16	4	14	7	30	18	24	16	28	16	27	14	10	16	17	5	5	15	17	7	12	0	5	14	19	8	
0	15	19	25	12	19	7	17	10	33	21	27	19	31	19	26	17	13	19	20	8	8	18	21	10	22	17	0	17	22	11	
0	10	14	26	17	24	12	21	13	35	20	29	17	27	24	33	6	18	13	15	13	13	21	18	15	20	8	10	0	23	8	
0	20	13	23	25	29	26	15	25	34	28	28	16	20	31	32	22	23	12	19	18	23	7	14	23	13	24	25	27	0	23	
0	16	15	21	14	21	9	13	12	30	23	24	12	33	21	28	18	15	20	21	10	10	20	10	12	24	15	2	12	24	0	
M1
0	0	0	0	0	0	0	0	0	0	0	0	0	0	0	0	0	0	0	0	0	0	0	0	0	0	0	0	0	0	0	
0	0	11	3	4	4	5	5	7	8	8	4	3	14	10	8	7	21	13	16	12	4	8	17	11	10	6	6	6	9	2	
0	12	0	9	13	4	14	7	7	8	8	4	3	8	8	7	6	18	18	15	10	9	17	21	1	10	6	15	4	7	12	
0	18	8	0	12	4	13	15	15	16	12	12	11	14	7	15	5	18	21	14	9	13	16	14	9	15	6	14	3	6	11	
0	19	11	13	0	2	20	10	14	12	12	11	10	12	10	5	14	21	22	20	15	16	4	19	9	11	4	21	15	9	18	
0	17	19	11	14	0	22	16	16	12	10	14	13	10	11	13	15	22	20	18	20	14	18	17	7	11	2	21	14	17	16	
0	9	9	3	13	7	0	14	12	10	13	11	11	9	8	3	8	19	8	17	12	13	17	17	10	9	9	1	6	7	2	
0	16	18	10	20	13	21	0	15	11	9	13	12	9	10	12	14	21	15	23	19	13	21	24	6	10	1	22	13	16	15	
0	16	17	10	20	14	21	21	0	24	22	20	19	24	17	24	15	28	29	24	19	20	24	24	18	25	16	22	13	16	9	
0	10	15	7	10	2	13	5	5	0	6	2	1	12	10	15	5	21	16	14	16	10	14	19	9	8	4	14	10	13	11	
0	19	9	1	11	5	14	16	16	17	0	13	12	15	8	16	6	15	10	15	10	4	15	15	10	16	7	15	4	7	12	
0	8	19	11	12	6	13	3	3	4	10	0	5	11	12	14	9	21	18	18	20	12	16	20	8	12	3	14	14	17	10	
0	9	14	6	11	1	12	4	4	5	5	1	0	11	9	14	4	20	15	13	15	9	15	18	8	7	3	13	9	12	10	
0	7	15	7	11	11	12	12	14	15	15	11	10	0	14	15	12	25	18	21	16	11	15	21	16	17	13	13	10	13	6	
0	14	14	6	16	10	19	19	21	20	5	18	17	7	0	19	11	11	15	17	14	9	20	16	13	21	8	20	9	12	13	
0	17	6	11	17	9	20	12	12	7	10	9	8	12	5	0	12	16	20	21	10	14	17	21	7	6	11	21	10	4	18	
0	13	15	7	7	8	8	15	16	18	13	17	16	17	14	11	0	25	16	9	16	8	11	21	15	17	10	9	10	13	6	
0	11	14	12	15	6	16	12	17	15	11	15	14	13	6	13	8	0	21	6	3	15	19	5	7	17	8	17	9	12	13	
0	26	18	20	7	9	27	17	21	19	19	18	17	19	17	12	21	28	0	27	22	23	11	26	16	18	11	28	22	16	25	
0	18	8	12	12	12	13	6	15	16	12	12	11	13	7	15	5	18	21	0	9	13	16	20	9	16	7	14	3	6	11	
0	18	16	12	12	13	13	17	17	12	14	14	13	20	13	10	5	21	21	13	0	13	16	26	4	16	15	14	15	14	11	
0	20	18	14	7	9	23	17	19	17	13	18	17	13	14	12	15	25	23	23	10	0	11	26	10	18	5	24	17	16	19	
0	18	7	12	18	10	18	6	13	8	11	10	9	13	6	1	13	17	21	22	11	15	0	22	8	7	7	19	11	5	19	
0	6	9	7	10	1	11	7	13	13	6	10	9	8	1	14	6	12	16	1	10	10	14	0	8	12	3	12	4	7	8	
0	18	12	11	18	10	21	13	13	8	10	10	9	16	9	6	13	17	20	20	16	14	22	22	0	12	12	22	14	10	19	
0	11	16	8	11	3	14	6	6	1	7	3	2	13	11	12	6	22	17	15	17	10	11	20	10	0	5	15	11	14	12	
0	15	17	9	19	13	20	17	14	12	8	14	13	8	9	11	13	20	18	22	18	12	23	23	5	17	0	21	12	15	14	
0	8	10	2	12	6	13	13	11	16	14	12	11	16	9	16	7	20	21	16	11	12	16	16	11	17	8	0	5	8	1	
0	15	5	9	9	9	10	12	12	13	9	9	8	11	4	12	2	15	18	11	6	10	13	20	6	15	11	11	0	3	8	
0	14	2	7	15	6	16	9	9	10	6	6	5	8	1	9	8	12	16	17	6	10	19	17	3	12	8	17	6	0	14	
0	7	9	1	11	5	12	12	10	15	13	11	10	15	8	15	6	19	20	15	10	11	15	15	10	16	7	13	4	7	0	
M2
0	0	0	0	0	0	0	0	0	0	0	0	0	0	0	0	0	0	0	0	0	0	0	0	0	0	0	0	0	0	0	
0	0	14	7	12	19	14	8	6	21	9	13	11	16	4	21	23	19	15	3	18	9	24	6	11	2	16	10	3	4	24	
0	13	0	20	13	20	14	18	19	20	22	22	24	26	14	23	27	24	15	16	31	22	10	16	22	15	10	11	16	17	29	
0	20	7	0	5	12	19	8	23	20	15	26	20	10	4	22	16	17	12	12	28	26	17	6	20	11	14	3	9	10	22	
0	31	24	19	0	20	21	19	18	19	11	21	19	25	18	22	24	27	7	15	30	21	32	20	21	14	9	22	4	5	32	
0	14	19	21	19	0	20	22	20	8	23	17	25	19	18	10	7	23	11	14	32	23	21	13	10	16	24	17	12	13	28	
0	25	18	23	21	25	0	16	22	23	23	19	17	23	12	16	18	10	1	9	24	15	28	14	17	8	24	24	9	10	15	
0	36	23	19	17	30	11	0	19	18	7	20	28	24	23	19	29	21	12	20	31	22	30	20	20	19	8	22	14	15	26	
0	21	8	1	6	13	9	9	0	21	16	26	12	10	5	17	17	17	10	4	12	3	18	7	12	12	15	4	10	11	22	
0	18	25	18	11	18	15	19	20	0	22	31	19	23	17	26	11	23	16	6	32	23	13	16	2	10	20	9	4	5	28	
0	35	28	30	30	23	10	14	32	31	0	29	27	24	22	12	28	20	11	19	34	25	23	15	26	18	22	28	19	20	25	
0	16	3	20	16	19	17	16	20	19	23	0	27	4	12	26	26	6	18	19	32	23	13	12	21	18	9	14	6	7	11	
0	33	20	28	18	27	29	25	28	27	29	17	0	12	21	25	27	19	10	18	33	24	30	20	22	17	17	26	14	15	24	
0	24	19	16	16	15	17	17	16	15	24	16	28	0	13	25	22	7	18	20	28	19	27	8	17	25	5	14	2	3	12	
0	37	25	23	16	23	15	4	23	22	11	24	32	24	0	23	30	25	16	24	24	26	34	2	24	23	12	14	18	19	22	
0	25	18	18	23	11	20	16	23	19	23	20	17	24	12	0	18	19	1	9	24	15	28	3	17	8	24	21	9	10	23	
0	7	21	14	19	26	21	15	13	28	16	20	18	23	11	17	0	26	18	10	25	16	31	13	18	9	23	17	10	11	31	
0	25	12	29	19	26	20	10	29	28	17	9	21	13	6	29	33	0	17	25	30	31	20	8	30	24	18	17	15	16	5	
0	24	17	23	25	24	19	15	22	26	22	21	16	24	11	15	17	25	0	8	23	14	27	13	16	7	23	23	8	9	30	
0	27	23	16	17	24	21	24	15	32	28	26	20	25	20	32	31	17	22	0	27	18	27	22	8	16	26	15	17	18	22	
0	25	20	17	17	16	18	18	17	16	25	17	22	1	14	5	23	8	6	14	0	20	28	8	16	13	6	15	3	4	13	
0	29	25	18	19	22	23	26	17	25	30	25	22	10	22	14	25	17	15	2	9	0	29	17	10	18	15	17	12	13	22	
0	28	22	24	7	14	4	8	24	22	15	23	21	27	4	13	21	14	5	13	28	19	0	6	21	12	13	5	8	9	19	
0	36	23	26	31	38	34	25	25	39	30	24	35	28	21	42	42	30	28	29	37	28	33	0	37	35	33	29	29	17	20	
0	30	26	24	9	16	13	24	23	24	20	30	17	21	21	25	23	23	14	9	35	26	36	14	0	8	18	7	9	10	28	
0	28	23	16	18	17	12	16	15	19	23	26	9	21	20	27	24	18	13	1	27	18	28	6	9	0	24	16	1	2	23	
0	28	15	11	16	23	12	14	11	10	21	12	23	16	15	28	21	18	13	15	23	14	23	17	12	20	0	14	14	15	23	
0	23	19	21	2	9	23	18	20	17	13	23	21	27	14	19	16	29	9	17	32	23	29	16	19	16	11	0	6	7	34	
0	30	24	17	17	16	25	15	16	24	22	33	28	23	21	26	23	30	24	20	28	19	34	23	26	28	23	20	0	1	35	
0	35	23	16	21	28	35	24	28	36	31	38	36	22	20	32	30	29	28	22	27	31	33	22	30	27	27	19	12	0	34	
0	20	7	24	14	21	16	5	24	23	12	4	16	8	1	24	28	10	17	23	25	27	17	3	25	22	13	12	10	11	0	
M3
0	0	0	0	0	0	0	0	0	0	0	0	0	0	0	0	0	0	0	0	0	0	0	0	0	0	0	0	0	0	0	
0	0	14	6	4	10	21	16	13	17	16	4	11	18	19	2	5	24	12	15	1	9	12	11	13	6	14	14	7	13	7	
0	10	0	16	11	7	8	3	15	17	18	14	19	19	16	12	14	22	9	17	11	11	22	14	14	15	23	16	15	10	16	
0	22	19	0	20	12	27	22	20	17	24	19	19	23	16	18	20	27	14	21	23	16	23	19	7	21	29	26	20	10	21	
0	25	25	9	0	15	24	28	23	20	27	25	14	14	24	5	26	29	17	24	24	19	26	9	16	22	30	29	10	18	24	
0	15	12	10	8	0	20	15	8	10	16	18	12	12	9	6	19	15	2	10	15	4	16	7	17	18	24	14	8	3	9	
0	26	31	27	18	26	0	33	34	31	38	21	28	32	30	23	22	41	28	35	27	30	32	27	33	23	31	40	26	24	33	
0	15	16	14	12	4	24	0	12	14	20	19	16	16	13	10	11	19	6	14	16	8	20	11	21	12	20	18	12	7	13	
0	15	20	5	10	14	23	11	0	13	15	10	17	20	16	8	11	11	16	2	7	7	18	17	12	10	18	17	13	15	1	
0	5	19	11	6	9	10	21	17	0	7	9	16	7	18	7	10	24	11	19	6	13	17	15	18	11	19	19	12	12	12	
0	11	20	5	15	11	20	18	19	16	0	15	10	17	20	1	7	19	13	20	12	11	15	18	12	8	16	21	6	14	18	
0	5	10	11	9	6	18	12	14	15	21	0	9	16	15	7	1	21	8	16	6	10	11	7	12	2	10	19	5	9	12	
0	21	11	18	22	18	19	14	26	28	29	25	0	30	27	23	23	33	20	28	22	22	33	25	25	24	26	27	26	21	27	
0	17	14	5	10	2	22	17	10	12	18	20	10	0	11	8	21	17	4	12	17	6	18	9	12	18	26	16	6	5	11	
0	20	17	17	15	21	25	20	24	25	32	15	6	29	0	13	16	35	23	26	12	24	23	22	24	17	15	33	18	24	18	
0	20	20	4	18	10	19	23	18	15	22	22	9	16	19	0	23	25	12	19	19	14	21	17	11	17	25	24	5	13	19	
0	4	17	10	8	5	21	11	13	15	20	8	15	17	14	6	0	20	7	15	5	9	16	12	16	1	9	18	11	8	11	
0	7	20	13	8	11	12	23	19	2	9	11	11	9	5	9	12	0	10	21	8	15	19	15	20	13	20	21	14	11	14	
0	13	10	8	6	3	18	13	11	8	15	17	13	15	7	4	18	18	0	12	14	7	14	5	15	19	22	17	9	1	12	
0	16	22	3	10	15	21	23	22	11	18	20	20	18	14	15	21	9	17	0	17	19	26	19	10	13	21	29	20	13	23	
0	8	13	5	3	9	20	15	12	16	20	3	10	17	18	1	4	23	11	14	0	13	11	10	12	5	13	22	6	12	6	
0	22	19	17	15	7	27	21	15	17	12	24	11	19	16	13	19	22	9	17	22	0	23	14	24	20	28	10	15	10	11	
0	9	5	6	4	9	13	8	13	14	18	4	11	17	13	2	5	24	6	15	1	6	0	11	1	6	14	16	7	7	7	
0	31	30	15	6	21	16	33	29	26	33	29	20	20	23	11	30	35	23	30	30	25	32	0	17	28	36	35	16	21	30	
0	17	22	21	21	18	30	24	26	27	33	12	12	16	27	19	13	33	20	28	18	22	23	19	0	14	22	31	17	21	24	
0	19	16	14	12	4	20	10	12	14	20	22	16	16	13	10	21	19	6	14	19	8	20	11	15	0	8	18	12	7	13	
0	15	22	13	16	16	12	14	24	10	17	19	11	17	25	9	20	26	18	17	16	9	23	23	20	19	0	19	7	19	20	
0	13	18	7	17	13	22	12	8	18	2	15	12	19	22	3	9	19	15	10	14	13	13	20	14	10	18	0	8	16	2	
0	15	15	6	16	12	20	18	20	10	17	17	4	11	21	2	18	23	14	14	14	16	16	19	13	12	20	26	0	15	20	
0	12	9	12	10	2	17	12	10	7	14	16	12	14	6	8	17	17	4	11	13	6	13	9	14	18	21	16	10	0	11	
0	18	23	11	16	13	29	10	6	19	14	13	20	25	22	11	14	17	15	8	13	13	24	20	18	9	17	23	16	16	0	
Tamanho_Tarefas
0	3	24	32	23	11	23	18	20	4	22	17	6	9	32	12	25	23	28	26	17	4	26	26	33	16	24	11	7	33	17	
Data_Entrega
0	181	185	215	184	205	173	202	216	200	178	174	191	220	216	208	206	175	202	205	170	186	201	165	165	183	185	200	190	221	176	
Penalidade_Atraso
0	7	7	6	11	17	17	7	1	11	10	14	13	13	4	2	2	14	18	20	13	13	13	9	8	17	13	6	3	10	6	
Capacidade_Veiculo
61	77	54	34	66	75	47	77	51	91	83	45	64	94	
Custo_Fixo_Veiculo
610	770	540	340	660	750	470	770	510	910	830	450	640	940	
Coordenadas_Clientes
x	0	y	0
x	93	y	0
x	108	y	23
x	70	y	31
x	73	y	53
x	76	y	85
x	41	y	71
x	32	y	99
x	8	y	80
x	-10	y	96
x	-31	y	97
x	-42	y	72
x	-50	y	55
x	-72	y	52
x	-70	y	31
x	-94	y	20
x	-89	y	0
x	-96	y	-20
x	-68	y	-30
x	-69	y	-50
x	-74	y	-82
x	-51	y	-89
x	-27	y	-85
x	-12	y	-114
x	12	y	-119
x	25	y	-78
x	54	y	-93
x	54	y	-60
x	83	y	-60
x	106	y	-47
x	113	y	-24
Tempo_Viagem
0	93	110	76	90	114	81	104	80	96	101	83	74	88	76	96	89	98	74	85	110	102	89	114	119	81	107	80	102	115	115	
93	0	27	38	56	86	87	115	116	140	157	153	153	173	165	188	182	190	163	169	186	169	147	154	143	103	100	71	60	48	31	
110	27	0	38	46	69	82	107	115	138	157	157	160	181	178	202	198	208	183	191	210	194	172	181	170	130	127	98	86	70	47	
76	38	38	0	22	54	49	77	79	103	120	119	122	143	140	164	161	173	150	160	183	170	151	166	160	117	125	92	91	85	69	
90	56	46	22	0	32	36	61	70	92	112	116	123	145	144	170	170	184	163	175	199	188	170	187	182	139	147	114	113	104	86	
114	86	69	54	32	0	37	46	68	86	107	118	129	151	154	180	185	201	184	198	224	215	198	217	213	170	179	146	145	134	115	
81	87	82	49	36	37	0	29	34	56	76	83	92	114	117	143	148	164	148	163	191	183	170	192	192	149	164	131	137	134	118	
104	115	107	77	61	46	29	0	30	42	63	78	93	114	122	148	155	174	163	180	209	205	193	217	218	177	193	160	166	162	146	
80	116	115	79	70	68	34	30	0	24	42	50	63	84	92	118	125	144	133	151	181	179	168	194	199	158	179	147	158	160	147	
96	140	138	103	92	86	56	42	24	0	21	40	57	76	88	113	124	144	138	157	189	189	181	210	215	177	199	168	181	184	171	
101	157	157	120	112	107	76	63	42	21	0	27	45	60	76	98	112	132	131	151	183	187	182	211	220	182	208	178	194	198	188	
83	153	157	119	116	118	83	78	50	40	27	0	18	36	49	73	85	105	104	124	156	161	157	188	198	164	190	163	181	189	182	
74	153	160	122	123	129	92	93	63	57	45	18	0	22	31	56	67	87	86	106	138	144	141	173	184	152	180	154	175	186	181	
88	173	181	143	145	151	114	114	84	76	60	36	22	0	21	38	54	75	82	102	134	142	144	176	190	162	192	168	190	203	200	
76	165	178	140	144	154	117	122	92	88	76	49	31	21	0	26	36	57	61	81	113	121	123	155	170	144	175	153	178	191	191	
96	188	202	164	170	180	143	148	118	113	98	73	56	38	26	0	20	40	56	73	103	115	124	156	174	154	186	168	194	210	211	
89	182	198	161	170	185	148	155	125	124	112	85	67	54	36	20	0	21	36	53	83	95	104	136	155	138	170	155	182	200	203	
98	190	208	173	184	201	164	174	144	144	132	105	87	75	57	40	21	0	29	40	65	82	94	125	145	133	165	154	182	203	209	
74	163	183	150	163	184	148	163	133	138	131	104	86	82	61	56	36	29	0	20	52	61	68	100	119	104	136	125	153	174	181	
85	169	191	160	175	198	163	180	151	157	151	124	106	102	81	73	53	40	20	0	32	42	54	85	105	98	130	123	152	175	183	
110	186	210	183	199	224	191	209	181	189	183	156	138	134	113	103	83	65	52	32	0	24	47	69	93	99	128	129	158	182	195	
102	169	194	170	188	215	183	205	179	189	187	161	144	142	121	115	95	82	61	42	24	0	24	46	69	76	105	108	136	161	176	
89	147	172	151	170	198	170	193	168	181	182	157	141	144	123	124	104	94	68	54	47	24	0	32	51	52	81	84	112	137	152	
114	154	181	166	187	217	192	217	194	210	211	188	173	176	155	156	136	125	100	85	69	46	32	0	24	51	69	85	109	135	154	
119	143	170	160	182	213	192	218	199	215	220	198	184	190	170	174	155	145	119	105	93	69	51	24	0	43	49	72	92	118	138	
81	103	130	117	139	170	149	177	158	177	182	164	152	162	144	154	138	133	104	98	99	76	52	51	43	0	32	34	60	86	103	
107	100	127	125	147	179	164	193	179	199	208	190	180	192	175	186	170	165	136	130	128	105	81	69	49	32	0	33	43	69	89	
80	71	98	92	114	146	131	160	147	168	178	163	154	168	153	168	155	154	125	123	129	108	84	85	72	34	33	0	29	53	69	
102	60	86	91	113	145	137	166	158	181	194	181	175	190	178	194	182	182	153	152	158	136	112	109	92	60	43	29	0	26	46	
115	48	70	85	104	134	134	162	160	184	198	189	186	203	191	210	200	203	174	175	182	161	137	135	118	86	69	53	26	0	24	
115	31	47	69	86	115	118	146	147	171	188	182	181	200	191	211	203	209	181	183	195	176	152	154	138	103	89	69	46	24	0	
Custo_Viagem
V0
0	1134	1342	927	1098	1390	988	1268	976	1171	1232	1012	902	1073	927	1171	1085	1195	902	1037	1342	1244	1085	1390	1451	988	1305	976	1244	1403	1403	
1134	0	329	463	683	1049	1073	1415	1415	1708	1915	1866	1866	2110	2013	2293	2220	2318	1988	2061	2269	2061	1793	1878	1744	1256	1220	866	732	585	378	
1342	329	0	463	561	841	1000	1305	1403	1683	1915	1915	1964	2220	2171	2464	2415	2537	2232	2330	2562	2366	2098	2220	2086	1586	1549	1207	1049	854	573	
927	463	463	0	268	658	597	939	963	1256	1464	1451	1488	1744	1708	2000	1964	2110	1830	1952	2232	2074	1842	2025	1952	1427	1525	1122	1110	1037	841	
1098	683	561	268	0	390	439	744	854	1134	1366	1415	1500	1769	1756	2074	2074	2244	1988	2135	2427	2293	2074	2281	2220	1695	1793	1390	1378	1281	1049	
1390	1049	841	658	390	0	451	561	829	1049	1305	1439	1573	1842	1891	2220	2257	2452	2244	2415	2732	2623	2415	2647	2598	2074	2183	1781	1769	1647	1403	
988	1073	1000	597	439	451	0	353	414	683	927	1012	1122	1390	1427	1756	1805	2000	1805	1988	2330	2244	2074	2342	2342	1817	2000	1598	1671	1634	1451	
1268	1415	1305	939	744	561	353	0	366	512	768	951	1134	1390	1488	1805	1903	2122	1988	2196	2549	2501	2354	2647	2659	2159	2354	1952	2025	1988	1793	
976	1415	1403	963	854	829	414	366	0	292	512	610	768	1024	1122	1439	1525	1756	1622	1842	2208	2183	2049	2379	2427	1927	2183	1793	1927	1952	1793	
1171	1708	1683	1256	1134	1049	683	512	292	0	256	488	695	927	1073	1378	1512	1756	1683	1915	2305	2305	2208	2562	2635	2159	2427	2049	2208	2244	2086	
1232	1915	1915	1464	1366	1305	927	768	512	256	0	329	561	732	927	1207	1378	1622	1610	1842	2244	2281	2220	2574	2684	2232	2537	2171	2366	2415	2293	
1012	1866	1915	1451	1415	1439	1012	951	610	488	329	0	219	439	597	890	1037	1293	1281	1512	1915	1964	1915	2293	2415	2000	2318	1988	2208	2305	2220	
902	1866	1964	1488	1500	1573	1122	1134	768	695	561	219	0	268	378	683	817	1061	1049	1293	1695	1756	1720	2110	2244	1854	2196	1891	2135	2269	2208	
1073	2110	2220	1744	1769	1842	1390	1390	1024	927	732	439	268	0	256	463	658	915	1000	1244	1634	1732	1756	2147	2318	1976	2342	2049	2330	2476	2440	
927	2013	2171	1708	1756	1891	1427	1488	1122	1073	927	597	378	256	0	317	439	695	744	988	1378	1476	1500	1903	2074	1756	2135	1866	2171	2342	2330	
1171	2293	2464	2000	2074	2220	1756	1805	1439	1378	1207	890	683	463	317	0	244	488	683	902	1256	1427	1512	1915	2122	1878	2269	2049	2366	2562	2574	
1085	2220	2415	1964	2074	2257	1805	1903	1525	1512	1378	1037	817	658	439	244	0	256	439	646	1012	1171	1281	1671	1903	1683	2074	1891	2220	2440	2476	
1195	2318	2537	2110	2244	2452	2000	2122	1756	1756	1622	1293	1061	915	695	488	256	0	353	488	793	1000	1146	1537	1781	1634	2025	1891	2232	2476	2549	
902	1988	2232	1830	1988	2244	1805	1988	1622	1683	1610	1281	1049	1000	744	683	439	353	0	244	634	744	829	1220	1451	1268	1671	1525	1866	2122	2208	
1037	2061	2330	1952	2135	2415	1988	2196	1842	1915	1842	1512	1293	1244	988	902	646	488	244	0	390	512	658	1037	1293	1195	1586	1500	1854	2135	2232	
1342	2269	2562	2232	2427	2732	2330	2549	2208	2305	2244	1915	1695	1634	1378	1256	1012	793	634	390	0	292	573	841	1134	1207	1561	1573	1927	2232	2379	
1244	2061	2366	2074	2293	2623	2244	2501	2183	2305	2281	1964	1756	1732	1476	1427	1171	1000	744	512	292	0	292	561	841	927	1281	1317	1671	1976	2147	
1085	1793	2098	1842	2074	2415	2074	2354	2049	2208	2220	1915	1720	1756	1500	1512	1281	1146	829	658	573	292	0	390	622	634	988	1024	1366	1683	1854	
1390	1878	2220	2025	2281	2647	2342	2647	2379	2562	2574	2293	2110	2147	1903	1915	1671	1537	1220	1037	841	561	390	0	292	622	841	1037	1329	1647	1878	
1451	1744	2086	1952	2220	2598	2342	2659	2427	2635	2684	2415	2244	2318	2074	2122	1903	1781	1451	1293	1134	841	622	292	0	524	597	878	1122	1439	1683	
988	1256	1586	1427	1695	2074	1817	2159	1927	2159	2232	2000	1854	1976	1756	1878	1683	1634	1268	1195	1207	927	634	622	524	0	390	414	732	1049	1256	
1305	1220	1549	1525	1793	2183	2000	2354	2183	2427	2537	2318	2196	2342	2135	2269	2074	2025	1671	1586	1561	1281	988	841	597	390	0	402	524	841	1098	
976	866	1207	1122	1390	1781	1598	1952	1793	2049	2171	1988	1891	2049	1866	2049	1891	1891	1525	1500	1573	1317	1024	1037	878	414	402	0	353	646	841	
1244	732	1049	1110	1378	1769	1671	2025	1927	2208	2366	2208	2135	2330	2171	2366	2220	2232	1866	1854	1927	1671	1366	1329	1122	732	524	353	0	317	561	
1403	585	854	1037	1281	1647	1634	1988	1952	2244	2415	2305	2269	2476	2342	2562	2440	2476	2122	2135	2232	1976	1683	1647	1439	1049	841	646	317	0	292	
1403	378	573	841	1049	1403	1451	1793	1793	2086	2293	2220	2208	2440	2330	2574	2476	2549	2208	2232	2379	2147	1854	1878	1683	1256	1098	841	561	292	0	
V1
0	1432	1694	1170	1386	1755	1247	1601	1232	1478	1555	1278	1139	1355	1170	1478	1370	1509	1139	1309	1694	1570	1370	1755	1832	1247	1647	1232	1570	1771	1771	
1432	0	415	585	862	1324	1355	1786	1786	2156	2417	2356	2356	2664	2541	2895	2802	2926	2510	2602	2864	2602	2263	2371	2202	1586	1540	1093	924	739	477	
1694	415	0	585	708	1062	1262	1647	1771	2125	2417	2417	2479	2802	2741	3110	3049	3203	2818	2941	3234	2987	2648	2802	2633	2002	1955	1524	1324	1078	723	
1170	585	585	0	338	831	754	1185	1216	1586	1848	1832	1878	2202	2156	2525	2479	2664	2310	2464	2818	2618	2325	2556	2464	1801	1925	1416	1401	1309	1062	
1386	862	708	338	0	492	554	939	1078	1432	1724	1786	1894	2233	2217	2618	2618	2833	2510	2695	3064	2895	2618	2879	2802	2140	2263	1755	1740	1617	1324	
1755	1324	1062	831	492	0	569	708	1047	1324	1647	1817	1986	2325	2387	2802	2849	3095	2833	3049	3449	3311	3049	3341	3280	2618	2756	2248	2233	2079	1771	
1247	1355	1262	754	554	569	0	446	523	862	1170	1278	1416	1755	1801	2217	2279	2525	2279	2510	2941	2833	2618	2956	2956	2294	2525	2017	2109	2063	1832	
1601	1786	1647	1185	939	708	446	0	462	646	970	1201	1432	1755	1878	2279	2402	2679	2510	2772	3218	3157	2972	3341	3357	2725	2972	2464	2556	2510	2263	
1232	1786	1771	1216	1078	1047	523	462	0	369	646	770	970	1293	1416	1817	1925	2217	2048	2325	2787	2756	2587	3003	3064	2433	2756	2263	2433	2464	2263	
1478	2156	2125	1586	1432	1324	862	646	369	0	323	616	877	1170	1355	1740	1909	2217	2125	2417	2910	2910	2787	3234	3326	2725	3064	2587	2787	2833	2633	
1555	2417	2417	1848	1724	1647	1170	970	646	323	0	415	708	924	1170	1524	1740	2048	2032	2325	2833	2879	2802	3249	3388	2818	3203	2741	2987	3049	2895	
1278	2356	2417	1832	1786	1817	1278	1201	770	616	415	0	277	554	754	1124	1309	1632	1617	1909	2417	2479	2417	2895	3049	2525	2926	2510	2787	2910	2802	
1139	2356	2479	1878	1894	1986	1416	1432	970	877	708	277	0	338	477	862	1031	1339	1324	1632	2140	2217	2171	2664	2833	2340	2772	2387	2695	2864	2787	
1355	2664	2802	2202	2233	2325	1755	1755	1293	1170	924	554	338	0	323	585	831	1155	1262	1570	2063	2186	2217	2710	2926	2494	2956	2587	2941	3126	3080	
1170	2541	2741	2156	2217	2387	1801	1878	1416	1355	1170	754	477	323	0	400	554	877	939	1247	1740	1863	1894	2402	2618	2217	2695	2356	2741	2956	2941	
1478	2895	3110	2525	2618	2802	2217	2279	1817	1740	1524	1124	862	585	400	0	308	616	862	1139	1586	1801	1909	2417	2679	2371	2864	2587	2987	3234	3249	
1370	2802	3049	2479	2618	2849	2279	2402	1925	1909	1740	1309	1031	831	554	308	0	323	554	816	1278	1478	1617	2109	2402	2125	2618	2387	2802	3080	3126	
1509	2926	3203	2664	2833	3095	2525	2679	2217	2217	2048	1632	1339	1155	877	616	323	0	446	616	1001	1262	1447	1940	2248	2063	2556	2387	2818	3126	3218	
1139	2510	2818	2310	2510	2833	2279	2510	2048	2125	2032	1617	1324	1262	939	862	554	446	0	308	800	939	1047	1540	1832	1601	2109	1925	2356	2679	2787	
1309	2602	2941	2464	2695	3049	2510	2772	2325	2417	2325	1909	1632	1570	1247	1139	816	616	308	0	492	646	831	1309	1632	1509	2002	1894	2340	2695	2818	
1694	2864	3234	2818	3064	3449	2941	3218	2787	2910	2833	2417	2140	2063	1740	1586	1278	1001	800	492	0	369	723	1062	1432	1524	1971	1986	2433	2818	3003	
1570	2602	2987	2618	2895	3311	2833	3157	2756	2910	2879	2479	2217	2186	1863	1801	1478	1262	939	646	369	0	369	708	1062	1170	1617	1663	2109	2494	2710	
1370	2263	2648	2325	2618	3049	2618	2972	2587	2787	2802	2417	2171	2217	1894	1909	1617	1447	1047	831	723	369	0	492	785	800	1247	1293	1724	2125	2340	
1755	2371	2802	2556	2879	3341	2956	3341	3003	3234	3249	2895	2664	2710	2402	2417	2109	1940	1540	1309	1062	708	492	0	369	785	1062	1309	1678	2079	2371	
1832	2202	2633	2464	2802	3280	2956	3357	3064	3326	3388	3049	2833	2926	2618	2679	2402	2248	1832	1632	1432	1062	785	369	0	662	754	1108	1416	1817	2125	
1247	1586	2002	1801	2140	2618	2294	2725	2433	2725	2818	2525	2340	2494	2217	2371	2125	2063	1601	1509	1524	1170	800	785	662	0	492	523	924	1324	1586	
1647	1540	1955	1925	2263	2756	2525	2972	2756	3064	3203	2926	2772	2956	2695	2864	2618	2556	2109	2002	1971	1617	1247	1062	754	492	0	508	662	1062	1386	
1232	1093	1524	1416	1755	2248	2017	2464	2263	2587	2741	2510	2387	2587	2356	2587	2387	2387	1925	1894	1986	1663	1293	1309	1108	523	508	0	446	816	1062	
1570	924	1324	1401	1740	2233	2109	2556	2433	2787	2987	2787	2695	2941	2741	2987	2802	2818	2356	2340	2433	2109	1724	1678	1416	924	662	446	0	400	708	
1771	739	1078	1309	1617	2079	2063	2510	2464	2833	3049	2910	2864	3126	2956	3234	3080	3126	2679	2695	2818	2494	2125	2079	1817	1324	1062	816	400	0	369	
1771	477	723	1062	1324	1771	1832	2263	2263	2633	2895	2802	2787	3080	2941	3249	3126	3218	2787	2818	3003	2710	2340	2371	2125	1586	1386	1062	708	369	0	
V2
0	1004	1188	820	972	1231	874	1123	864	1036	1090	896	799	950	820	1036	961	1058	799	918	1188	1101	961	1231	1285	874	1155	864	1101	1242	1242	
1004	0	291	410	604	928	950	1252	1252	1512	1695	1652	1652	1868	1782	2030	1965	2052	1760	1825	2008	1825	1587	1663	1544	1112	1080	766	648	518	334	
1188	291	0	410	496	745	885	1155	1242	1490	1695	1695	1738	1965	1922	2181	2138	2246	1976	2062	2268	2095	1857	1965	1846	1404	1371	1069	928	756	507	
820	410	410	0	237	583	529	831	853	1112	1296	1285	1317	1544	1512	1771	1738	1868	1620	1728	1976	1836	1630	1792	1728	1263	1350	993	982	918	745	
972	604	496	237	0	345	388	658	756	1004	1209	1252	1328	1566	1555	1836	1836	1987	1760	1890	2149	2030	1836	2019	1965	1501	1587	1231	1220	1134	928	
1231	928	745	583	345	0	399	496	734	928	1155	1274	1393	1630	1674	1965	1998	2170	1987	2138	2419	2322	2138	2343	2300	1836	1933	1576	1566	1458	1242	
874	950	885	529	388	399	0	313	367	604	820	896	993	1231	1263	1555	1598	1771	1598	1760	2062	1987	1836	2073	2073	1609	1771	1414	1479	1447	1285	
1123	1252	1155	831	658	496	313	0	324	453	680	842	1004	1231	1317	1598	1684	1879	1760	1944	2257	2214	2084	2343	2354	1911	2084	1728	1792	1760	1587	
864	1252	1242	853	756	734	367	324	0	259	453	540	680	907	993	1274	1350	1555	1436	1630	1954	1933	1814	2106	2149	1706	1933	1587	1706	1728	1587	
1036	1512	1490	1112	1004	928	604	453	259	0	226	432	615	820	950	1220	1339	1555	1490	1695	2041	2041	1954	2268	2332	1911	2149	1814	1954	1987	1846	
1090	1695	1695	1296	1209	1155	820	680	453	226	0	291	496	648	820	1069	1220	1436	1425	1630	1987	2019	1965	2278	2376	1976	2246	1922	2095	2138	2030	
896	1652	1695	1285	1252	1274	896	842	540	432	291	0	194	388	529	788	918	1144	1134	1339	1695	1738	1695	2030	2138	1771	2052	1760	1954	2041	1965	
799	1652	1738	1317	1328	1393	993	1004	680	615	496	194	0	237	334	604	723	939	928	1144	1501	1555	1522	1868	1987	1641	1944	1674	1890	2008	1954	
950	1868	1965	1544	1566	1630	1231	1231	907	820	648	388	237	0	226	410	583	810	885	1101	1447	1533	1555	1900	2052	1749	2073	1814	2062	2192	2160	
820	1782	1922	1512	1555	1674	1263	1317	993	950	820	529	334	226	0	280	388	615	658	874	1220	1306	1328	1684	1836	1555	1890	1652	1922	2073	2062	
1036	2030	2181	1771	1836	1965	1555	1598	1274	1220	1069	788	604	410	280	0	216	432	604	799	1112	1263	1339	1695	1879	1663	2008	1814	2095	2268	2278	
961	1965	2138	1738	1836	1998	1598	1684	1350	1339	1220	918	723	583	388	216	0	226	388	572	896	1036	1134	1479	1684	1490	1836	1674	1965	2160	2192	
1058	2052	2246	1868	1987	2170	1771	1879	1555	1555	1436	1144	939	810	615	432	226	0	313	432	702	885	1015	1360	1576	1447	1792	1674	1976	2192	2257	
799	1760	1976	1620	1760	1987	1598	1760	1436	1490	1425	1134	928	885	658	604	388	313	0	216	561	658	734	1080	1285	1123	1479	1350	1652	1879	1954	
918	1825	2062	1728	1890	2138	1760	1944	1630	1695	1630	1339	1144	1101	874	799	572	432	216	0	345	453	583	918	1144	1058	1404	1328	1641	1890	1976	
1188	2008	2268	1976	2149	2419	2062	2257	1954	2041	1987	1695	1501	1447	1220	1112	896	702	561	345	0	259	507	745	1004	1069	1382	1393	1706	1976	2106	
1101	1825	2095	1836	2030	2322	1987	2214	1933	2041	2019	1738	1555	1533	1306	1263	1036	885	658	453	259	0	259	496	745	820	1134	1166	1479	1749	1900	
961	1587	1857	1630	1836	2138	1836	2084	1814	1954	1965	1695	1522	1555	1328	1339	1134	1015	734	583	507	259	0	345	550	561	874	907	1209	1490	1641	
1231	1663	1965	1792	2019	2343	2073	2343	2106	2268	2278	2030	1868	1900	1684	1695	1479	1360	1080	918	745	496	345	0	259	550	745	918	1177	1458	1663	
1285	1544	1846	1728	1965	2300	2073	2354	2149	2332	2376	2138	1987	2052	1836	1879	1684	1576	1285	1144	1004	745	550	259	0	464	529	777	993	1274	1490	
874	1112	1404	1263	1501	1836	1609	1911	1706	1911	1976	1771	1641	1749	1555	1663	1490	1447	1123	1058	1069	820	561	550	464	0	345	367	648	928	1112	
1155	1080	1371	1350	1587	1933	1771	2084	1933	2149	2246	2052	1944	2073	1890	2008	1836	1792	1479	1404	1382	1134	874	745	529	345	0	356	464	745	972	
864	766	1069	993	1231	1576	1414	1728	1587	1814	1922	1760	1674	1814	1652	1814	1674	1674	1350	1328	1393	1166	907	918	777	367	356	0	313	572	745	
1101	648	928	982	1220	1566	1479	1792	1706	1954	2095	1954	1890	2062	1922	2095	1965	1976	1652	1641	1706	1479	1209	1177	993	648	464	313	0	280	496	
1242	518	756	918	1134	1458	1447	1760	1728	1987	2138	2041	2008	2192	2073	2268	2160	2192	1879	1890	1976	1749	1490	1458	1274	928	745	572	280	0	259	
1242	334	507	745	928	1242	1285	1587	1587	1846	2030	1965	1954	2160	2062	2278	2192	2257	1954	1976	2106	1900	1641	1663	1490	1112	972	745	496	259	0	
V3
0	632	748	516	612	775	550	707	544	652	686	564	503	598	516	652	605	666	503	578	748	693	605	775	809	550	727	544	693	782	782	
632	0	183	258	380	584	598	788	788	952	1067	1040	1040	1176	1122	1278	1237	1292	1108	1149	1264	1149	999	1047	972	700	680	482	408	326	210	
748	183	0	258	312	469	557	727	782	938	1067	1067	1094	1237	1210	1373	1346	1414	1244	1298	1428	1319	1169	1237	1162	884	863	673	584	476	319	
516	258	258	0	149	367	333	523	537	700	816	809	829	972	952	1115	1094	1176	1020	1088	1244	1156	1026	1128	1088	795	850	625	618	578	469	
612	380	312	149	0	217	244	414	476	632	761	788	836	986	979	1156	1156	1251	1108	1190	1353	1278	1156	1271	1237	945	999	775	768	714	584	
775	584	469	367	217	0	251	312	462	584	727	802	877	1026	1054	1237	1258	1366	1251	1346	1523	1462	1346	1475	1448	1156	1217	992	986	918	782	
550	598	557	333	244	251	0	197	231	380	516	564	625	775	795	979	1006	1115	1006	1108	1298	1251	1156	1305	1305	1013	1115	890	931	911	809	
707	788	727	523	414	312	197	0	204	285	428	530	632	775	829	1006	1060	1183	1108	1224	1421	1394	1312	1475	1482	1203	1312	1088	1128	1108	999	
544	788	782	537	476	462	231	204	0	163	285	340	428	571	625	802	850	979	904	1026	1230	1217	1142	1326	1353	1074	1217	999	1074	1088	999	
652	952	938	700	632	584	380	285	163	0	142	272	387	516	598	768	843	979	938	1067	1285	1285	1230	1428	1468	1203	1353	1142	1230	1251	1162	
686	1067	1067	816	761	727	516	428	285	142	0	183	312	408	516	673	768	904	897	1026	1251	1271	1237	1434	1496	1244	1414	1210	1319	1346	1278	
564	1040	1067	809	788	802	564	530	340	272	183	0	122	244	333	496	578	720	714	843	1067	1094	1067	1278	1346	1115	1292	1108	1230	1285	1237	
503	1040	1094	829	836	877	625	632	428	387	312	122	0	149	210	380	455	591	584	720	945	979	958	1176	1251	1033	1224	1054	1190	1264	1230	
598	1176	1237	972	986	1026	775	775	571	516	408	244	149	0	142	258	367	510	557	693	911	965	979	1196	1292	1101	1305	1142	1298	1380	1360	
516	1122	1210	952	979	1054	795	829	625	598	516	333	210	142	0	176	244	387	414	550	768	822	836	1060	1156	979	1190	1040	1210	1305	1298	
652	1278	1373	1115	1156	1237	979	1006	802	768	673	496	380	258	176	0	136	272	380	503	700	795	843	1067	1183	1047	1264	1142	1319	1428	1434	
605	1237	1346	1094	1156	1258	1006	1060	850	843	768	578	455	367	244	136	0	142	244	360	564	652	714	931	1060	938	1156	1054	1237	1360	1380	
666	1292	1414	1176	1251	1366	1115	1183	979	979	904	720	591	510	387	272	142	0	197	272	442	557	639	856	992	911	1128	1054	1244	1380	1421	
503	1108	1244	1020	1108	1251	1006	1108	904	938	897	714	584	557	414	380	244	197	0	136	353	414	462	680	809	707	931	850	1040	1183	1230	
578	1149	1298	1088	1190	1346	1108	1224	1026	1067	1026	843	720	693	550	503	360	272	136	0	217	285	367	578	720	666	884	836	1033	1190	1244	
748	1264	1428	1244	1353	1523	1298	1421	1230	1285	1251	1067	945	911	768	700	564	442	353	217	0	163	319	469	632	673	870	877	1074	1244	1326	
693	1149	1319	1156	1278	1462	1251	1394	1217	1285	1271	1094	979	965	822	795	652	557	414	285	163	0	163	312	469	516	714	734	931	1101	1196	
605	999	1169	1026	1156	1346	1156	1312	1142	1230	1237	1067	958	979	836	843	714	639	462	367	319	163	0	217	346	353	550	571	761	938	1033	
775	1047	1237	1128	1271	1475	1305	1475	1326	1428	1434	1278	1176	1196	1060	1067	931	856	680	578	469	312	217	0	163	346	469	578	741	918	1047	
809	972	1162	1088	1237	1448	1305	1482	1353	1468	1496	1346	1251	1292	1156	1183	1060	992	809	720	632	469	346	163	0	292	333	489	625	802	938	
550	700	884	795	945	1156	1013	1203	1074	1203	1244	1115	1033	1101	979	1047	938	911	707	666	673	516	353	346	292	0	217	231	408	584	700	
727	680	863	850	999	1217	1115	1312	1217	1353	1414	1292	1224	1305	1190	1264	1156	1128	931	884	870	714	550	469	333	217	0	224	292	469	612	
544	482	673	625	775	992	890	1088	999	1142	1210	1108	1054	1142	1040	1142	1054	1054	850	836	877	734	571	578	489	231	224	0	197	360	469	
693	408	584	618	768	986	931	1128	1074	1230	1319	1230	1190	1298	1210	1319	1237	1244	1040	1033	1074	931	761	741	625	408	292	197	0	176	312	
782	326	476	578	714	918	911	1108	1088	1251	1346	1285	1264	1380	1305	1428	1360	1380	1183	1190	1244	1101	938	918	802	584	469	360	176	0	163	
782	210	319	469	584	782	809	999	999	1162	1278	1237	1230	1360	1298	1434	1380	1421	1230	1244	1326	1196	1033	1047	938	700	612	469	312	163	0	
V4
0	1227	1452	1003	1188	1504	1069	1372	1056	1267	1333	1095	976	1161	1003	1267	1174	1293	976	1122	1452	1346	1174	1504	1570	1069	1412	1056	1346	1518	1518	
1227	0	356	501	739	1135	1161	1531	1531	1848	2072	2019	2019	2283	2178	2481	2402	2508	2151	2230	2455	2230	1940	2032	1887	1359	1320	937	792	633	409	
1452	356	0	501	607	910	1082	1412	1518	1821	2072	2072	2125	2402	2349	2666	2613	2745	2415	2521	2772	2560	2270	2402	2257	1716	1676	1306	1135	924	620	
1003	501	501	0	290	712	646	1016	1042	1359	1584	1570	1610	1887	1848	2164	2125	2283	1980	2112	2415	2244	1993	2191	2112	1544	1650	1214	1201	1122	910	
1188	739	607	290	0	422	475	805	924	1227	1478	1531	1623	1914	1900	2244	2244	2428	2151	2310	2626	2481	2244	2468	2402	1834	1940	1504	1491	1386	1135	
1504	1135	910	712	422	0	488	607	897	1135	1412	1557	1702	1993	2046	2402	2442	2653	2428	2613	2956	2838	2613	2864	2811	2244	2362	1927	1914	1782	1518	
1069	1161	1082	646	475	488	0	382	448	739	1003	1095	1214	1504	1544	1900	1953	2164	1953	2151	2521	2428	2244	2534	2534	1966	2164	1729	1808	1768	1570	
1372	1531	1412	1016	805	607	382	0	396	554	831	1029	1227	1504	1610	1953	2059	2296	2151	2376	2758	2706	2547	2864	2877	2336	2547	2112	2191	2151	1940	
1056	1531	1518	1042	924	897	448	396	0	316	554	660	831	1108	1214	1557	1650	1900	1755	1993	2389	2362	2217	2574	2626	2085	2362	1940	2085	2112	1940	
1267	1848	1821	1359	1227	1135	739	554	316	0	277	528	752	1003	1161	1491	1636	1900	1821	2072	2494	2494	2389	2772	2851	2336	2626	2217	2389	2428	2257	
1333	2072	2072	1584	1478	1412	1003	831	554	277	0	356	607	792	1003	1306	1491	1755	1742	1993	2428	2468	2402	2785	2904	2415	2745	2349	2560	2613	2481	
1095	2019	2072	1570	1531	1557	1095	1029	660	528	356	0	237	475	646	963	1122	1399	1386	1636	2072	2125	2072	2481	2613	2164	2508	2151	2389	2494	2402	
976	2019	2125	1610	1623	1702	1214	1227	831	752	607	237	0	290	409	739	884	1148	1135	1399	1834	1900	1861	2283	2428	2006	2376	2046	2310	2455	2389	
1161	2283	2402	1887	1914	1993	1504	1504	1108	1003	792	475	290	0	277	501	712	990	1082	1346	1768	1874	1900	2323	2508	2138	2534	2217	2521	2679	2640	
1003	2178	2349	1848	1900	2046	1544	1610	1214	1161	1003	646	409	277	0	343	475	752	805	1069	1491	1597	1623	2059	2244	1900	2310	2019	2349	2534	2521	
1267	2481	2666	2164	2244	2402	1900	1953	1557	1491	1306	963	739	501	343	0	264	528	739	976	1359	1544	1636	2072	2296	2032	2455	2217	2560	2772	2785	
1174	2402	2613	2125	2244	2442	1953	2059	1650	1636	1491	1122	884	712	475	264	0	277	475	699	1095	1267	1386	1808	2059	1821	2244	2046	2402	2640	2679	
1293	2508	2745	2283	2428	2653	2164	2296	1900	1900	1755	1399	1148	990	752	528	277	0	382	528	858	1082	1240	1663	1927	1768	2191	2046	2415	2679	2758	
976	2151	2415	1980	2151	2428	1953	2151	1755	1821	1742	1386	1135	1082	805	739	475	382	0	264	686	805	897	1320	1570	1372	1808	1650	2019	2296	2389	
1122	2230	2521	2112	2310	2613	2151	2376	1993	2072	1993	1636	1399	1346	1069	976	699	528	264	0	422	554	712	1122	1399	1293	1716	1623	2006	2310	2415	
1452	2455	2772	2415	2626	2956	2521	2758	2389	2494	2428	2072	1834	1768	1491	1359	1095	858	686	422	0	316	620	910	1227	1306	1689	1702	2085	2415	2574	
1346	2230	2560	2244	2481	2838	2428	2706	2362	2494	2468	2125	1900	1874	1597	1544	1267	1082	805	554	316	0	316	607	910	1003	1386	1425	1808	2138	2323	
1174	1940	2270	1993	2244	2613	2244	2547	2217	2389	2402	2072	1861	1900	1623	1636	1386	1240	897	712	620	316	0	422	673	686	1069	1108	1478	1821	2006	
1504	2032	2402	2191	2468	2864	2534	2864	2574	2772	2785	2481	2283	2323	2059	2072	1808	1663	1320	1122	910	607	422	0	316	673	910	1122	1438	1782	2032	
1570	1887	2257	2112	2402	2811	2534	2877	2626	2851	2904	2613	2428	2508	2244	2296	2059	1927	1570	1399	1227	910	673	316	0	567	646	950	1214	1557	1821	
1069	1359	1716	1544	1834	2244	1966	2336	2085	2336	2415	2164	2006	2138	1900	2032	1821	1768	1372	1293	1306	1003	686	673	567	0	422	448	792	1135	1359	
1412	1320	1676	1650	1940	2362	2164	2547	2362	2626	2745	2508	2376	2534	2310	2455	2244	2191	1808	1716	1689	1386	1069	910	646	422	0	435	567	910	1188	
1056	937	1306	1214	1504	1927	1729	2112	1940	2217	2349	2151	2046	2217	2019	2217	2046	2046	1650	1623	1702	1425	1108	1122	950	448	435	0	382	699	910	
1346	792	1135	1201	1491	1914	1808	2191	2085	2389	2560	2389	2310	2521	2349	2560	2402	2415	2019	2006	2085	1808	1478	1438	1214	792	567	382	0	343	607	
1518	633	924	1122	1386	1782	1768	2151	2112	2428	2613	2494	2455	2679	2534	2772	2640	2679	2296	2310	2415	2138	1821	1782	1557	1135	910	699	343	0	316	
1518	409	620	910	1135	1518	1570	1940	1940	2257	2481	2402	2389	2640	2521	2785	2679	2758	2389	2415	2574	2323	2006	2032	1821	1359	1188	910	607	316	0	
V5
0	1395	1650	1140	1350	1710	1215	1560	1200	1440	1515	1245	1110	1320	1140	1440	1335	1470	1110	1275	1650	1530	1335	1710	1785	1215	1605	1200	1530	1725	1725	
1395	0	405	570	840	1290	1320	1740	1740	2100	2355	2295	2295	2595	2475	2820	2730	2850	2445	2535	2790	2535	2205	2310	2145	1545	1500	1065	900	720	465	
1650	405	0	570	690	1035	1230	1605	1725	2070	2355	2355	2415	2730	2670	3030	2970	3120	2745	2865	3150	2910	2580	2730	2565	1950	1905	1485	1290	1050	705	
1140	570	570	0	330	810	735	1155	1185	1545	1800	1785	1830	2145	2100	2460	2415	2595	2250	2400	2745	2550	2265	2490	2400	1755	1875	1380	1365	1275	1035	
1350	840	690	330	0	480	540	915	1050	1395	1680	1740	1845	2175	2160	2550	2550	2760	2445	2625	2985	2820	2550	2805	2730	2085	2205	1710	1695	1575	1290	
1710	1290	1035	810	480	0	555	690	1020	1290	1605	1770	1935	2265	2325	2730	2775	3015	2760	2970	3360	3225	2970	3255	3195	2550	2685	2190	2175	2025	1725	
1215	1320	1230	735	540	555	0	435	510	840	1140	1245	1380	1710	1755	2160	2220	2460	2220	2445	2865	2760	2550	2880	2880	2235	2460	1965	2055	2010	1785	
1560	1740	1605	1155	915	690	435	0	450	630	945	1170	1395	1710	1830	2220	2340	2610	2445	2700	3135	3075	2895	3255	3270	2655	2895	2400	2490	2445	2205	
1200	1740	1725	1185	1050	1020	510	450	0	360	630	750	945	1260	1380	1770	1875	2160	1995	2265	2715	2685	2520	2925	2985	2370	2685	2205	2370	2400	2205	
1440	2100	2070	1545	1395	1290	840	630	360	0	315	600	855	1140	1320	1695	1860	2160	2070	2355	2835	2835	2715	3150	3240	2655	2985	2520	2715	2760	2565	
1515	2355	2355	1800	1680	1605	1140	945	630	315	0	405	690	900	1140	1485	1695	1995	1980	2265	2760	2805	2730	3165	3300	2745	3120	2670	2910	2970	2820	
1245	2295	2355	1785	1740	1770	1245	1170	750	600	405	0	270	540	735	1095	1275	1590	1575	1860	2355	2415	2355	2820	2970	2460	2850	2445	2715	2835	2730	
