M: 4
N: 30
Nun_Veiculos: 8
Capacidade_Total: 650
Demanda_Total: 499
Setup_Min: 1
Setup_Max: 9
Raio: 100
Circulos: 1
Tempo_Processamento_Min: 1
Tempo_Processamento_Max: 49
Demanda_Min: 10
Demanda_Max: 30
Priority_Factor: 0.2
Range_Factor_R: 0.8
U_factor: 2
ALpha: 0.2Replicao: 4
Tempos_Processamentos
0	0	1	0	2	0	3	0	
0	40	1	6	2	41	3	41	
0	30	1	26	2	32	3	36	
0	35	1	2	2	19	3	24	
0	11	1	28	2	32	3	38	
0	7	1	3	2	28	3	8	
0	5	1	6	2	17	3	48	
0	23	1	24	2	44	3	41	
0	48	1	10	2	21	3	6	
0	47	1	45	2	18	3	4	
0	44	1	5	2	2	3	40	
0	17	1	25	2	21	3	23	
0	29	1	29	2	3	3	28	
0	30	1	31	2	16	3	17	
0	5	1	6	2	9	3	7	
0	15	1	40	2	6	3	25	
0	10	1	8	2	31	3	30	
0	1	1	27	2	9	3	17	
0	2	1	46	2	13	3	16	
0	9	1	47	2	6	3	38	
0	22	1	16	2	48	3	38	
0	33	1	36	2	7	3	34	
0	33	1	40	2	2	3	25	
0	3	1	28	2	11	3	46	
0	27	1	19	2	37	3	20	
0	49	1	13	2	10	3	49	
0	38	1	27	2	11	3	5	
0	29	1	32	2	42	3	18	
0	26	1	12	2	14	3	13	
0	39	1	47	2	18	3	46	
0	7	1	6	2	27	3	10	

Tempos_setup
M0
0	0	0	0	0	0	0	0	0	0	0	0	0	0	0	0	0	0	0	0	0	0	0	0	0	0	0	0	0	0	0	
0	0	4	4	5	5	4	3	4	4	4	4	3	4	3	3	2	4	4	2	3	3	4	4	3	2	3	5	5	4	3	
0	3	0	3	2	2	1	3	2	2	2	3	3	3	3	2	2	1	2	2	4	2	2	1	2	3	1	4	3	1	3	
0	2	2	0	2	2	3	2	2	4	1	4	3	3	3	2	3	3	3	4	2	3	3	3	3	3	3	3	4	3	3	
0	1	4	3	0	2	2	3	3	2	3	2	1	2	2	3	1	1	2	2	3	1	3	2	2	1	3	3	5	2	3	
0	2	2	1	3	0	2	3	1	4	2	2	2	3	1	3	3	3	3	2	3	3	1	1	2	3	3	3	5	3	2	
0	2	3	3	2	2	0	2	3	4	1	2	3	3	2	3	1	3	3	2	3	3	3	3	3	2	4	3	4	3	3	
0	3	3	4	3	4	2	0	1	2	3	3	2	2	3	3	2	3	4	3	4	1	2	2	2	1	4	4	5	3	3	
0	2	2	4	3	3	3	3	0	4	3	2	1	2	4	3	3	2	3	3	3	3	1	2	3	4	3	3	5	2	2	
0	2	4	4	2	3	3	1	2	0	2	3	3	1	3	3	3	3	2	2	2	2	3	3	2	2	3	4	5	2	1	
0	1	3	2	1	1	3	1	2	3	0	3	2	2	2	4	2	2	2	3	4	2	2	2	2	2	3	4	3	2	3	
0	2	3	2	1	2	2	1	2	2	1	0	1	2	3	2	2	1	3	1	3	1	2	2	3	2	2	1	3	3	3	
0	3	3	3	2	2	3	2	2	3	2	1	0	3	3	3	3	1	3	2	2	2	3	1	4	3	3	2	4	4	4	
0	2	3	3	1	3	3	2	3	3	3	2	2	0	3	2	2	2	3	1	3	2	2	3	1	2	3	3	4	3	2	
0	2	3	2	2	2	4	2	3	3	1	4	3	3	0	3	3	3	2	2	3	3	3	3	1	2	3	5	4	2	1	
0	4	3	3	3	2	4	2	3	3	4	3	2	3	3	0	3	3	2	3	4	3	2	3	2	3	3	4	5	2	1	
0	3	4	2	3	3	3	3	4	3	2	2	3	3	1	2	0	3	3	1	4	2	3	2	2	3	3	3	4	3	2	
0	3	3	2	4	1	2	3	2	5	3	3	3	4	2	4	2	0	4	3	4	4	2	2	3	4	4	4	4	4	3	
0	3	2	3	2	2	2	2	2	1	2	3	3	1	1	2	2	3	0	1	3	1	3	3	2	2	1	4	3	3	2	
0	4	3	2	3	3	2	3	3	2	3	4	3	2	3	1	2	4	2	0	4	1	2	2	3	2	2	5	3	3	2	
0	3	3	3	3	2	2	2	3	2	3	2	3	2	2	3	3	3	1	2	0	2	3	3	3	3	2	2	3	4	3	
0	3	4	3	2	3	1	2	3	1	2	3	2	1	2	3	1	3	3	2	3	0	3	3	2	1	4	4	4	3	2	
0	2	1	4	3	3	2	2	3	3	3	2	1	3	3	3	2	2	2	2	3	3	0	2	2	3	2	3	4	2	1	
0	4	4	3	4	4	3	4	4	3	3	5	4	3	3	2	3	5	3	1	5	2	3	0	4	3	3	6	4	4	3	
0	5	2	3	4	3	3	4	4	3	4	3	2	3	4	2	3	2	3	1	2	2	3	3	0	1	3	4	4	3	3	
0	4	3	4	3	3	3	3	3	2	3	2	1	3	3	2	2	2	4	2	3	2	4	2	1	0	4	3	5	2	3	
0	3	1	3	2	3	2	2	1	1	3	3	2	2	4	1	3	2	3	1	3	2	2	2	1	2	0	4	2	2	2	
0	2	2	2	3	3	3	2	2	1	3	3	2	2	4	1	3	3	3	2	3	3	1	3	2	3	1	0	3	3	2	
0	3	3	1	2	3	3	2	3	3	2	3	3	3	3	2	3	2	2	1	1	2	3	3	3	3	3	3	0	3	2	
0	2	5	3	1	3	3	3	4	3	3	3	2	3	2	3	1	2	3	2	4	2	4	3	3	2	4	4	5	0	3	
0	3	3	4	2	3	3	1	2	2	3	4	3	2	2	3	2	3	1	2	3	2	3	3	1	2	2	5	4	1	0	
M1
0	0	0	0	0	0	0	0	0	0	0	0	0	0	0	0	0	0	0	0	0	0	0	0	0	0	0	0	0	0	0	
0	0	3	2	3	3	2	2	1	2	2	3	2	1	2	2	2	2	3	2	1	2	1	2	3	3	2	2	2	2	1	
0	2	0	3	4	4	4	2	3	3	2	3	3	3	3	4	2	2	4	3	3	3	3	4	4	5	2	3	3	3	3	
0	3	1	0	2	3	2	2	4	3	3	3	3	3	4	2	3	2	4	3	1	3	4	2	3	3	2	3	3	3	1	
0	2	3	2	0	2	2	2	3	1	2	1	2	3	3	2	2	2	2	2	3	2	2	3	1	4	2	2	1	2	1	
0	1	3	2	2	0	3	3	2	1	3	2	3	2	2	3	1	3	3	2	2	2	2	3	3	3	3	2	3	2	2	
0	4	4	3	4	3	0	3	3	4	3	4	5	3	4	3	2	4	3	3	4	4	4	3	3	5	3	1	2	4	3	
0	3	1	1	3	4	3	0	4	3	2	2	3	3	4	3	2	3	5	3	2	3	3	3	4	4	3	3	4	1	2	
0	4	3	2	2	3	4	3	0	1	3	2	3	2	3	2	2	3	3	2	3	2	3	3	3	5	1	3	2	2	3	
0	3	2	1	1	3	3	2	2	0	3	2	3	3	4	2	1	3	2	2	2	1	2	2	2	4	3	2	2	1	2	
0	3	3	2	2	3	3	2	2	1	0	3	3	2	5	2	2	1	3	1	3	1	1	2	3	5	3	3	3	2	3	
0	3	2	3	3	3	2	3	3	4	3	0	1	2	3	1	3	1	3	4	3	2	3	3	3	5	1	3	2	2	2	
0	3	3	3	2	4	3	3	4	3	3	3	0	4	4	1	3	3	3	3	3	4	4	2	3	5	3	3	2	2	2	
0	4	4	3	3	3	3	3	2	2	1	4	2	0	5	3	3	2	4	2	4	2	2	3	4	5	3	1	4	3	2	
0	4	2	1	3	3	3	3	1	2	4	1	2	3	0	2	3	2	4	3	2	3	4	3	4	4	2	4	3	3	2	
0	2	3	2	2	3	2	2	3	3	2	2	3	3	3	0	2	2	2	3	2	3	3	3	3	4	2	3	1	1	1	
0	4	3	2	2	3	2	3	4	3	3	3	4	2	5	3	0	3	4	1	2	3	2	3	3	4	3	1	3	3	3	
0	3	4	3	3	2	4	4	3	3	2	4	2	1	4	3	3	0	4	3	4	3	3	4	4	5	4	2	3	4	3	
0	2	3	2	2	1	3	2	2	1	2	3	3	3	3	2	1	2	0	2	3	2	1	2	3	2	2	2	1	2	2	
0	3	2	1	3	4	3	3	4	3	3	3	4	4	4	2	4	3	3	0	2	4	4	3	4	4	3	4	2	3	2	
0	3	2	2	3	3	1	1	3	3	2	3	3	3	3	1	3	3	3	2	0	2	3	1	2	2	1	2	2	2	2	
0	3	3	3	3	2	2	2	1	2	3	2	3	3	4	2	2	2	3	2	2	0	1	1	2	4	2	2	3	1	2	
0	2	3	2	2	3	3	2	2	3	2	2	3	2	4	1	1	1	2	1	2	1	0	2	2	4	3	2	2	1	2	
0	2	3	2	4	3	3	3	2	3	4	3	3	3	4	3	3	2	3	1	3	2	2	0	1	5	3	1	3	3	2	
0	1	3	2	3	2	2	3	2	2	3	3	3	2	3	2	2	1	2	1	2	1	1	2	0	4	3	3	3	2	1	
0	1	3	2	3	1	2	2	2	2	2	3	1	2	3	2	2	2	2	3	2	3	2	3	4	0	2	3	1	3	1	
0	3	3	3	4	2	3	2	2	3	2	3	4	2	2	2	3	3	2	3	3	1	2	2	2	4	0	2	1	2	2	
0	3	3	3	4	2	5	2	4	3	4	4	5	4	4	5	3	4	5	3	4	3	4	2	3	5	5	0	4	3	4	
0	3	2	2	3	2	2	1	3	2	1	3	3	3	2	1	2	2	1	2	3	2	2	3	3	3	1	3	0	2	1	
0	4	2	2	2	4	2	1	3	3	3	1	2	3	4	2	1	2	4	2	1	3	3	2	3	3	2	2	3	0	3	
0	3	2	1	3	2	1	3	4	2	3	4	3	2	4	3	3	1	4	3	2	3	4	2	3	3	3	2	3	3	0	
M2
0	0	0	0	0	0	0	0	0	0	0	0	0	0	0	0	0	0	0	0	0	0	0	0	0	0	0	0	0	0	0	
0	0	2	3	1	2	3	3	2	2	2	2	2	1	2	2	3	3	3	2	1	3	1	3	2	3	3	1	2	3	2	
0	1	0	3	2	3	1	2	2	3	2	1	2	1	2	3	1	2	2	2	2	2	2	3	3	1	2	1	2	3	2	
0	2	3	0	3	4	1	2	2	3	3	3	1	2	4	2	2	3	3	3	3	3	2	4	3	2	3	2	2	2	3	
0	2	1	3	0	1	2	2	3	1	3	1	1	2	1	1	2	3	2	2	2	2	3	2	3	2	2	2	2	3	2	
0	3	2	3	3	0	3	4	3	4	4	2	4	3	2	3	3	4	1	4	2	4	4	3	2	3	4	3	4	4	3	
0	3	3	3	2	3	0	2	1	2	2	2	3	3	3	3	1	2	3	3	3	2	2	3	3	2	2	1	2	3	2	
0	2	3	4	3	4	3	0	4	3	2	4	2	1	4	4	2	3	3	2	3	3	3	4	3	3	3	3	2	2	3	
0	3	2	2	1	2	3	2	0	2	3	2	2	3	2	2	3	3	2	2	3	3	3	2	4	1	1	3	1	2	2	
0	2	2	2	3	2	2	4	2	0	3	3	2	2	4	4	3	2	3	1	3	1	3	1	4	3	2	3	3	3	2	
0	3	3	3	3	3	2	2	2	1	0	3	3	3	3	3	3	2	2	2	1	2	2	2	3	3	3	3	1	1	2	
0	1	2	4	1	2	3	3	2	2	3	0	2	2	1	2	3	3	2	3	1	3	2	2	3	3	3	2	3	3	2	
0	3	3	4	4	3	2	2	3	2	3	3	0	3	3	3	3	4	2	2	3	3	4	3	5	1	4	2	1	3	3	
0	1	2	4	2	3	3	2	3	2	1	3	3	0	3	3	3	3	2	1	2	3	2	3	3	2	3	2	1	2	2	
0	2	1	3	3	3	2	3	2	4	3	2	2	2	0	3	2	3	1	3	1	2	3	1	3	2	2	1	3	2	2	
0	2	1	2	3	3	2	1	3	1	3	2	3	2	3	0	2	2	2	2	3	1	3	2	2	2	3	2	3	2	2	
0	3	2	2	4	2	2	1	3	3	3	3	3	2	2	3	0	1	2	2	2	1	4	2	2	3	1	2	3	3	2	
0	3	2	3	3	1	3	2	3	4	3	2	2	2	2	4	3	0	1	3	2	2	3	1	3	3	2	3	3	2	3	
0	2	1	4	2	2	2	3	2	3	3	1	3	2	1	3	2	3	0	3	1	3	3	2	4	2	3	2	3	3	2	
0	1	1	4	2	3	2	3	3	3	3	2	3	2	3	3	2	2	3	0	2	3	2	3	3	2	3	2	3	4	2	
0	3	2	3	2	3	3	3	1	3	4	3	3	3	3	3	2	3	3	3	0	2	3	3	3	2	2	3	2	3	1	
0	3	3	1	3	2	1	3	2	2	3	3	2	3	3	3	2	1	2	3	3	0	3	2	4	3	3	2	3	3	1	
0	3	3	2	3	3	3	3	2	3	5	4	3	4	4	2	3	2	3	2	1	3	0	3	1	3	3	3	3	4	2	
0	2	3	2	3	3	2	3	3	3	2	3	1	1	3	4	3	2	2	2	2	1	3	0	3	2	1	3	2	3	2	
0	3	2	1	4	3	2	2	3	2	4	3	2	3	4	1	3	2	3	3	4	2	3	3	0	2	4	3	2	3	3	
0	3	2	4	3	3	2	3	3	3	2	2	1	3	2	2	3	3	1	3	2	3	3	2	4	0	3	3	2	2	3	
0	2	2	3	3	3	2	3	3	4	3	2	2	2	2	4	2	3	1	1	2	2	3	1	4	3	0	3	3	4	1	
0	2	3	3	2	3	3	3	1	3	4	1	3	3	2	3	2	3	3	2	2	2	3	3	4	2	2	0	2	3	1	
0	2	2	4	3	4	3	1	4	2	3	3	3	2	4	2	3	3	4	1	3	3	3	3	4	3	4	3	0	3	3	
0	3	2	3	3	2	1	3	2	3	3	2	3	3	2	2	2	1	1	3	2	3	1	2	2	3	3	2	3	0	3	
0	3	3	2	3	3	2	2	3	3	4	4	3	3	3	4	1	2	3	2	3	1	2	3	3	4	2	3	4	4	0	
M3
0	0	0	0	0	0	0	0	0	0	0	0	0	0	0	0	0	0	0	0	0	0	0	0	0	0	0	0	0	0	0	
0	0	2	2	2	1	3	3	2	1	2	3	2	2	3	3	3	2	3	1	1	2	3	3	2	2	2	3	3	4	3	
0	2	0	3	2	3	3	2	3	3	2	1	3	3	2	3	3	2	2	2	3	3	2	2	3	3	3	1	3	3	2	
0	3	2	0	3	2	3	2	1	3	3	2	3	2	4	3	2	3	2	3	2	3	3	3	1	3	3	2	4	3	3	
0	2	3	4	0	2	4	4	3	3	2	4	2	3	2	4	4	2	2	3	2	3	3	3	3	3	1	4	3	3	2	
0	3	1	3	3	0	2	3	2	3	2	2	2	1	2	3	3	2	2	1	3	3	3	3	3	3	1	2	3	3	2	
0	2	3	3	2	2	0	3	3	3	3	1	2	2	4	1	1	2	3	3	3	2	2	2	2	2	2	2	2	1	2	
0	2	3	3	1	2	3	0	3	3	3	2	3	3	3	3	4	3	2	3	3	3	2	2	2	2	2	1	4	1	1	
0	2	2	1	2	1	3	2	0	3	2	1	3	2	3	2	1	2	1	2	3	2	2	2	2	2	2	1	3	2	2	
0	3	2	1	3	3	3	2	2	0	1	2	3	3	2	3	2	1	3	3	2	1	2	2	1	3	2	3	2	3	2	
0	3	4	2	3	3	2	2	2	3	0	3	4	4	3	3	3	4	3	4	4	4	1	4	3	3	4	3	4	3	2	
0	1	2	2	3	2	3	2	2	2	3	0	2	3	3	3	2	1	3	2	2	3	1	1	3	3	3	2	2	3	2	
0	3	3	4	3	2	3	3	3	3	2	4	0	1	4	3	4	1	3	2	3	4	3	1	2	3	3	2	2	3	2	
0	4	4	3	4	3	3	3	2	4	1	3	2	0	3	3	3	3	3	1	3	4	2	3	2	4	4	3	3	4	3	
0	2	3	2	2	2	4	2	2	1	2	2	2	2	0	2	2	2	3	3	1	1	2	1	2	2	2	2	2	1	1	
0	3	3	3	3	3	4	3	3	2	3	4	1	2	3	0	3	2	2	3	3	2	3	2	3	3	3	2	1	3	3	
0	3	3	2	1	3	2	2	2	3	2	3	2	1	3	1	0	3	2	2	3	1	1	3	3	1	2	3	2	3	2	
0	2	3	3	3	3	4	3	3	2	2	3	3	2	4	3	4	0	2	2	3	3	3	1	2	2	4	2	1	3	1	
0	3	1	3	3	2	3	3	2	4	1	2	2	3	3	4	3	3	0	2	4	3	2	3	4	4	2	2	4	1	3	
0	3	3	2	3	2	4	3	1	4	3	2	4	3	4	3	2	3	2	0	4	3	3	3	3	3	3	2	4	3	3	
0	3	3	2	1	2	4	2	1	4	3	2	1	2	3	2	2	2	2	3	0	2	3	2	3	1	2	2	3	3	3	
0	3	3	3	2	2	3	3	3	4	2	4	2	2	4	2	1	2	2	2	3	0	2	3	3	2	1	2	3	3	3	
0	2	3	1	2	2	4	1	1	3	3	2	3	3	2	3	2	3	2	3	3	3	0	3	2	2	3	2	3	2	1	
0	2	4	4	2	3	3	2	3	3	3	3	3	4	3	2	4	4	3	3	3	4	3	0	2	2	3	1	3	2	1	
0	3	2	3	2	3	2	1	2	2	3	3	2	3	4	3	3	3	2	4	1	3	3	2	0	2	3	2	4	2	2	
0	3	2	2	2	2	4	1	3	3	2	3	2	3	3	1	4	3	1	2	4	3	3	3	3	0	3	2	2	2	2	
0	3	2	3	4	1	3	3	3	3	1	3	1	2	3	4	4	1	1	2	3	4	2	2	2	3	0	3	2	2	2	
0	2	4	3	1	3	2	1	2	3	2	2	3	4	3	3	3	3	3	3	2	3	3	1	2	2	2	0	3	2	1	
0	3	2	2	3	3	4	3	2	1	2	3	3	1	3	3	3	1	1	2	2	2	3	1	2	3	3	2	0	2	2	
0	2	2	2	2	1	3	2	2	3	2	1	2	2	3	4	3	2	2	2	3	2	1	2	3	3	1	1	3	0	2	
0	1	3	3	3	2	3	2	2	2	3	2	2	3	3	2	3	3	2	2	2	3	3	3	1	1	3	2	3	3	0	
Tamanho_Tarefas
0	30	30	3	14	10	17	33	14	5	6	21	11	20	5	21	16	12	12	19	20	20	15	20	20	16	18	28	15	22	6	
Data_Entrega
0	179	188	212	168	212	186	179	177	192	200	207	198	186	209	185	183	207	181	202	183	206	205	192	208	202	208	193	210	180	180	
Penalidade_Atraso
0	5	15	16	15	10	18	6	3	5	11	11	8	18	6	15	7	19	6	11	18	4	13	19	18	7	7	20	9	6	3	
Capacidade_Veiculo
79	74	79	96	36	91	97	98	
Custo_Fixo_Veiculo
790	740	790	960	360	910	970	980	
Coordenadas_Clientes
x	0	y	0
x	81	y	0
x	92	y	19
x	101	y	45
x	99	y	72
x	83	y	92
x	46	y	81
x	28	y	87
x	10	y	96
x	-12	y	123
x	-31	y	97
x	-55	y	96
x	-63	y	70
x	-63	y	46
x	-80	y	35
x	-75	y	16
x	-89	y	0
x	-108	y	-23
x	-82	y	-36
x	-75	y	-54
x	-67	y	-75
x	-54	y	-94
x	-27	y	-84
x	-8	y	-83
x	9	y	-90
x	36	y	-113
x	62	y	-108
x	74	y	-83
x	92	y	-67
x	73	y	-32
x	104	y	-22
Tempo_Viagem
0	81	93	110	122	123	93	91	96	123	101	110	94	78	87	76	89	110	89	92	100	108	88	83	90	118	124	111	113	79	106	
81	0	21	48	74	92	88	101	119	153	148	166	160	151	164	156	170	190	166	165	165	164	136	121	115	121	108	83	67	32	31	
93	21	0	27	53	73	77	93	112	146	145	165	163	157	172	167	181	203	182	182	184	184	157	142	136	142	129	103	86	53	42	
110	48	27	0	27	50	65	83	103	136	141	164	165	164	181	178	195	219	199	201	206	208	181	168	163	169	156	130	112	80	67	
122	74	53	27	0	25	53	71	91	122	130	154	162	164	182	182	201	227	210	214	221	225	200	188	185	195	182	156	139	106	94	
123	92	73	50	25	0	38	55	73	99	114	138	147	152	172	175	195	222	208	215	223	231	207	197	196	210	200	175	159	124	115	
93	88	77	65	53	38	0	18	38	71	77	101	109	114	134	137	157	185	173	181	192	201	180	172	174	194	189	166	154	116	118	
91	101	93	83	71	55	18	0	20	53	59	83	92	99	119	125	145	174	165	174	187	198	179	173	178	200	197	176	166	127	132	
96	119	112	103	91	73	38	20	0	34	41	65	77	88	108	116	137	166	160	172	187	200	183	179	186	210	210	190	181	142	150	
123	153	146	136	122	99	71	53	34	0	32	50	73	92	111	124	144	173	173	187	205	221	207	206	213	240	242	223	215	176	184	
101	148	145	141	130	114	77	59	41	32	0	24	41	60	79	92	112	141	142	157	175	192	181	181	191	219	225	208	204	165	179	
110	166	165	164	154	138	101	83	65	50	24	0	27	50	65	82	101	129	134	150	171	190	182	185	196	227	234	220	219	181	197	
94	160	163	165	162	147	109	92	77	73	41	27	0	24	38	55	74	102	107	124	145	164	158	162	175	208	217	205	206	170	190	
78	151	157	164	164	152	114	99	88	92	60	50	24	0	20	32	52	81	84	100	121	140	134	140	153	187	198	188	191	156	180	
87	164	172	181	182	172	134	119	108	111	79	65	38	20	0	19	36	64	71	89	110	130	129	138	153	188	201	194	199	166	192	
76	156	167	178	182	175	137	125	116	124	92	82	55	32	19	0	21	50	52	70	91	111	110	119	135	170	184	178	186	155	182	
89	170	181	195	201	195	157	145	137	144	112	101	74	52	36	21	0	29	36	55	77	100	104	115	133	168	185	182	193	165	194	
110	190	203	219	227	222	185	174	166	173	141	129	102	81	64	50	29	0	29	45	66	89	101	116	134	169	189	191	204	181	212	
89	166	182	199	210	208	173	165	160	173	142	134	107	84	71	52	36	29	0	19	41	64	73	87	105	140	160	162	176	155	186	
92	165	182	201	214	215	181	174	172	187	157	150	124	100	89	70	55	45	19	0	22	45	56	73	91	125	146	151	167	149	181	
100	165	184	206	221	223	192	187	187	205	175	171	145	121	110	91	77	66	41	22	0	23	41	59	77	109	132	141	159	146	178	
108	164	184	208	225	231	201	198	200	221	192	190	164	140	130	111	100	89	64	45	23	0	28	47	63	91	116	128	148	140	172	
88	136	157	181	200	207	180	179	183	207	181	182	158	134	129	110	104	101	73	56	41	28	0	19	36	69	91	101	120	112	144	
83	121	142	168	188	197	172	173	179	206	181	185	162	140	138	119	115	116	87	73	59	47	19	0	18	53	73	82	101	95	127	
90	115	136	163	185	196	174	178	186	213	191	196	175	153	153	135	133	134	105	91	77	63	36	18	0	35	55	65	86	86	116	
118	121	142	169	195	210	194	200	210	240	219	227	208	187	188	170	168	169	140	125	109	91	69	53	35	0	26	48	72	89	113	
124	108	129	156	182	200	189	197	210	242	225	234	217	198	201	184	185	189	160	146	132	116	91	73	55	26	0	27	50	76	94	
111	83	103	130	156	175	166	176	190	223	208	220	205	188	194	178	182	191	162	151	141	128	101	82	65	48	27	0	24	51	67	
113	67	86	112	139	159	154	166	181	215	204	219	206	191	199	186	193	204	176	167	159	148	120	101	86	72	50	24	0	39	46	
79	32	53	80	106	124	116	127	142	176	165	181	170	156	166	155	165	181	155	149	146	140	112	95	86	89	76	51	39	0	32	
106	31	42	67	94	115	118	132	150	184	179	197	190	180	192	182	194	212	186	181	178	172	144	127	116	113	94	67	46	32	0	
Custo_Viagem
V0
0	1279	1469	1738	1927	1943	1469	1437	1516	1943	1595	1738	1485	1232	1374	1200	1406	1738	1406	1453	1580	1706	1390	1311	1422	1864	1959	1753	1785	1248	1674	
1279	0	331	774	1169	1453	1390	1595	1880	2433	2338	2622	2528	2385	2591	2464	2686	3002	2622	2607	2607	2591	2148	1911	1817	1911	1722	1311	1058	505	489	
1469	331	0	426	837	1153	1216	1469	1769	2322	2291	2607	2575	2480	2717	2638	2859	3223	2875	2875	2907	2907	2480	2243	2164	2259	2054	1627	1358	853	663	
1738	774	426	0	426	790	1027	1327	1643	2164	2227	2591	2607	2591	2859	2812	3081	3460	3160	3175	3254	3286	2859	2654	2575	2686	2480	2054	1769	1279	1058	
1927	1169	837	426	0	395	837	1137	1453	1927	2085	2449	2559	2591	2875	2875	3175	3586	3318	3381	3491	3555	3160	2970	2923	3081	2891	2480	2196	1690	1485	
1943	1453	1153	790	395	0	600	869	1153	1564	1801	2180	2322	2417	2717	2765	3081	3507	3286	3397	3539	3649	3270	3112	3096	3318	3175	2765	2512	1959	1817	
1469	1390	1216	1027	837	600	0	284	616	1121	1232	1611	1722	1801	2117	2164	2480	2923	2733	2859	3033	3175	2844	2717	2749	3065	2986	2622	2433	1832	1864	
1437	1595	1469	1327	1137	869	284	0	316	837	932	1311	1453	1564	1880	1975	2291	2749	2607	2749	2954	3128	2828	2733	2812	3160	3112	2780	2622	2006	2085	
1516	1880	1769	1643	1453	1153	616	316	0	537	647	1027	1216	1390	1706	1832	2164	2638	2528	2717	2954	3160	2891	2828	2938	3318	3318	3002	2875	2243	2370	
1943	2433	2322	2164	1927	1564	1121	837	537	0	505	790	1153	1453	1753	1959	2291	2749	2733	2954	3239	3491	3270	3254	3381	3792	3823	3523	3412	2780	2923	
1595	2338	2291	2227	2085	1801	1232	932	647	505	0	379	647	948	1248	1453	1785	2243	2243	2480	2765	3033	2859	2859	3017	3476	3555	3286	3239	2607	2828	
1738	2622	2607	2591	2449	2180	1611	1311	1027	790	379	0	426	790	1027	1295	1595	2054	2117	2385	2701	3002	2875	2923	3096	3586	3713	3476	3460	2859	3128	
1485	2528	2575	2607	2559	2322	1722	1453	1216	1153	647	426	0	379	600	869	1169	1627	1690	1959	2291	2591	2496	2559	2765	3286	3428	3239	3254	2686	3002	
1232	2385	2480	2591	2591	2417	1801	1564	1390	1453	948	790	379	0	316	505	821	1295	1327	1580	1911	2212	2117	2212	2417	2954	3128	2970	3017	2464	2844	
1374	2591	2717	2859	2875	2717	2117	1880	1706	1753	1248	1027	600	316	0	300	568	1011	1121	1406	1738	2069	2054	2180	2417	2970	3175	3065	3144	2638	3033	
1200	2464	2638	2812	2875	2765	2164	1975	1832	1959	1453	1295	869	505	300	0	331	805	821	1106	1437	1753	1738	1880	2133	2686	2907	2812	2938	2449	2875	
1406	2686	2859	3081	3175	3081	2480	2291	2164	2291	1785	1595	1169	821	568	331	0	458	568	869	1232	1580	1643	1817	2101	2654	2923	2875	3049	2607	3065	
1738	3002	3223	3460	3586	3507	2923	2749	2638	2749	2243	2054	1627	1295	1011	805	458	0	458	711	1042	1406	1595	1832	2117	2670	3002	3017	3223	2859	3349	
1406	2622	2875	3160	3318	3286	2733	2607	2528	2733	2243	2117	1690	1327	1121	821	568	458	0	300	647	1011	1153	1374	1659	2212	2528	2559	2780	2449	2938	
1453	2607	2875	3175	3381	3397	2859	2749	2717	2954	2480	2385	1959	1580	1406	1106	869	711	300	0	347	711	884	1153	1437	1975	2322	2385	2638	2354	2859	
1580	2607	2907	3254	3491	3539	3033	2954	2954	3239	2765	2701	2291	1911	1738	1437	1232	1042	647	347	0	363	647	932	1216	1722	2101	2227	2512	2306	2828	
1706	2591	2907	3286	3555	3649	3175	3128	3160	3491	3033	3002	2591	2212	2069	1753	1580	1406	1011	711	363	0	442	742	995	1437	1832	2022	2338	2227	2733	
1390	2148	2480	2859	3160	3270	2844	2828	2891	3270	2859	2875	2496	2117	2054	1738	1643	1595	1153	884	647	442	0	300	568	1090	1453	1595	1896	1769	2275	
1311	1911	2243	2654	2970	3112	2717	2733	2828	3254	2859	2923	2559	2212	2180	1880	1817	1832	1374	1153	932	742	300	0	284	837	1169	1295	1595	1501	2006	
1422	1817	2164	2575	2923	3096	2749	2812	2938	3381	3017	3096	2765	2417	2417	2133	2101	2117	1659	1437	1216	995	568	284	0	553	869	1027	1358	1358	1832	
1864	1911	2259	2686	3081	3318	3065	3160	3318	3792	3476	3586	3286	2954	2970	2686	2654	2670	2212	1975	1722	1437	1090	837	553	0	410	758	1137	1406	1785	
1959	1722	2054	2480	2891	3175	2986	3112	3318	3823	3555	3713	3428	3128	3175	2907	2923	3002	2528	2322	2101	1832	1453	1169	869	410	0	426	790	1200	1501	
1753	1311	1627	2054	2480	2765	2622	2780	3002	3523	3286	3476	3239	2970	3065	2812	2875	3017	2559	2385	2227	2022	1595	1295	1027	758	426	0	379	805	1058	
1785	1058	1358	1769	2196	2512	2433	2622	2875	3412	3239	3460	3254	3017	3144	2938	3049	3223	2780	2638	2512	2338	1896	1595	1358	1137	790	379	0	616	726	
1248	505	853	1279	1690	1959	1832	2006	2243	2780	2607	2859	2686	2464	2638	2449	2607	2859	2449	2354	2306	2227	1769	1501	1358	1406	1200	805	616	0	505	
1674	489	663	1058	1485	1817	1864	2085	2370	2923	2828	3128	3002	2844	3033	2875	3065	3349	2938	2859	2828	2733	2275	2006	1832	1785	1501	1058	726	505	0	
V1
0	1198	1376	1628	1805	1820	1376	1346	1420	1820	1494	1628	1391	1154	1287	1124	1317	1628	1317	1361	1480	1598	1302	1228	1332	1746	1835	1642	1672	1169	1568	
1198	0	310	725	1095	1361	1302	1494	1761	2279	2190	2456	2368	2234	2427	2308	2516	2812	2456	2442	2442	2427	2012	1790	1702	1790	1613	1228	991	473	458	
1376	310	0	399	784	1080	1139	1376	1657	2175	2146	2442	2412	2323	2545	2471	2678	3019	2693	2693	2723	2723	2323	2101	2027	2116	1924	1524	1272	799	621	
1628	725	399	0	399	740	962	1243	1539	2027	2086	2427	2442	2427	2678	2634	2886	3241	2960	2974	3048	3078	2678	2486	2412	2516	2323	1924	1657	1198	991	
1805	1095	784	399	0	370	784	1065	1361	1805	1953	2294	2397	2427	2693	2693	2974	3359	3108	3167	3270	3330	2960	2782	2738	2886	2708	2323	2057	1583	1391	
1820	1361	1080	740	370	0	562	814	1080	1465	1687	2042	2175	2264	2545	2590	2886	3285	3078	3182	3315	3418	3063	2915	2900	3108	2974	2590	2353	1835	1702	
1376	1302	1139	962	784	562	0	266	577	1050	1154	1509	1613	1687	1983	2027	2323	2738	2560	2678	2841	2974	2664	2545	2575	2871	2797	2456	2279	1716	1746	
1346	1494	1376	1243	1065	814	266	0	296	784	873	1228	1361	1465	1761	1850	2146	2575	2442	2575	2767	2930	2649	2560	2634	2960	2915	2604	2456	1879	1953	
1420	1761	1657	1539	1361	1080	577	296	0	503	606	962	1139	1302	1598	1716	2027	2471	2368	2545	2767	2960	2708	2649	2752	3108	3108	2812	2693	2101	2220	
1820	2279	2175	2027	1805	1465	1050	784	503	0	473	740	1080	1361	1642	1835	2146	2575	2560	2767	3034	3270	3063	3048	3167	3552	3581	3300	3196	2604	2738	
1494	2190	2146	2086	1953	1687	1154	873	606	473	0	355	606	888	1169	1361	1672	2101	2101	2323	2590	2841	2678	2678	2826	3256	3330	3078	3034	2442	2649	
1628	2456	2442	2427	2294	2042	1509	1228	962	740	355	0	399	740	962	1213	1494	1924	1983	2234	2530	2812	2693	2738	2900	3359	3478	3256	3241	2678	2930	
1391	2368	2412	2442	2397	2175	1613	1361	1139	1080	606	399	0	355	562	814	1095	1524	1583	1835	2146	2427	2338	2397	2590	3078	3211	3034	3048	2516	2812	
1154	2234	2323	2427	2427	2264	1687	1465	1302	1361	888	740	355	0	296	473	769	1213	1243	1480	1790	2072	1983	2072	2264	2767	2930	2782	2826	2308	2664	
1287	2427	2545	2678	2693	2545	1983	1761	1598	1642	1169	962	562	296	0	281	532	947	1050	1317	1628	1938	1924	2042	2264	2782	2974	2871	2945	2471	2841	
1124	2308	2471	2634	2693	2590	2027	1850	1716	1835	1361	1213	814	473	281	0	310	754	769	1036	1346	1642	1628	1761	1998	2516	2723	2634	2752	2294	2693	
1317	2516	2678	2886	2974	2886	2323	2146	2027	2146	1672	1494	1095	769	532	310	0	429	532	814	1154	1480	1539	1702	1968	2486	2738	2693	2856	2442	2871	
1628	2812	3019	3241	3359	3285	2738	2575	2471	2575	2101	1924	1524	1213	947	754	429	0	429	666	976	1317	1494	1716	1983	2501	2812	2826	3019	2678	3137	
1317	2456	2693	2960	3108	3078	2560	2442	2368	2560	2101	1983	1583	1243	1050	769	532	429	0	281	606	947	1080	1287	1554	2072	2368	2397	2604	2294	2752	
1361	2442	2693	2974	3167	3182	2678	2575	2545	2767	2323	2234	1835	1480	1317	1036	814	666	281	0	325	666	828	1080	1346	1850	2175	2234	2471	2205	2678	
1480	2442	2723	3048	3270	3315	2841	2767	2767	3034	2590	2530	2146	1790	1628	1346	1154	976	606	325	0	340	606	873	1139	1613	1968	2086	2353	2160	2649	
1598	2427	2723	3078	3330	3418	2974	2930	2960	3270	2841	2812	2427	2072	1938	1642	1480	1317	947	666	340	0	414	695	932	1346	1716	1894	2190	2086	2560	
1302	2012	2323	2678	2960	3063	2664	2649	2708	3063	2678	2693	2338	1983	1924	1628	1539	1494	1080	828	606	414	0	281	532	1021	1361	1494	1776	1657	2131	
1228	1790	2101	2486	2782	2915	2545	2560	2649	3048	2678	2738	2397	2072	2042	1761	1702	1716	1287	1080	873	695	281	0	266	784	1095	1213	1494	1406	1879	
1332	1702	2027	2412	2738	2900	2575	2634	2752	3167	2826	2900	2590	2264	2264	1998	1968	1983	1554	1346	1139	932	532	266	0	518	814	962	1272	1272	1716	
1746	1790	2116	2516	2886	3108	2871	2960	3108	3552	3256	3359	3078	2767	2782	2516	2486	2501	2072	1850	1613	1346	1021	784	518	0	384	710	1065	1317	1672	
1835	1613	1924	2323	2708	2974	2797	2915	3108	3581	3330	3478	3211	2930	2974	2723	2738	2812	2368	2175	1968	1716	1361	1095	814	384	0	399	740	1124	1406	
1642	1228	1524	1924	2323	2590	2456	2604	2812	3300	3078	3256	3034	2782	2871	2634	2693	2826	2397	2234	2086	1894	1494	1213	962	710	399	0	355	754	991	
1672	991	1272	1657	2057	2353	2279	2456	2693	3196	3034	3241	3048	2826	2945	2752	2856	3019	2604	2471	2353	2190	1776	1494	1272	1065	740	355	0	577	680	
1169	473	799	1198	1583	1835	1716	1879	2101	2604	2442	2678	2516	2308	2471	2294	2442	2678	2294	2205	2160	2086	1657	1406	1272	1317	1124	754	577	0	473	
1568	458	621	991	1391	1702	1746	1953	2220	2738	2649	2930	2812	2664	2841	2693	2871	3137	2752	2678	2649	2560	2131	1879	1716	1672	1406	991	680	473	0	
V2
0	1279	1469	1738	1927	1943	1469	1437	1516	1943	1595	1738	1485	1232	1374	1200	1406	1738	1406	1453	1580	1706	1390	1311	1422	1864	1959	1753	1785	1248	1674	
1279	0	331	774	1169	1453	1390	1595	1880	2433	2338	2622	2528	2385	2591	2464	2686	3002	2622	2607	2607	2591	2148	1911	1817	1911	1722	1311	1058	505	489	
1469	331	0	426	837	1153	1216	1469	1769	2322	2291	2607	2575	2480	2717	2638	2859	3223	2875	2875	2907	2907	2480	2243	2164	2259	2054	1627	1358	853	663	
1738	774	426	0	426	790	1027	1327	1643	2164	2227	2591	2607	2591	2859	2812	3081	3460	3160	3175	3254	3286	2859	2654	2575	2686	2480	2054	1769	1279	1058	
1927	1169	837	426	0	395	837	1137	1453	1927	2085	2449	2559	2591	2875	2875	3175	3586	3318	3381	3491	3555	3160	2970	2923	3081	2891	2480	2196	1690	1485	
1943	1453	1153	790	395	0	600	869	1153	1564	1801	2180	2322	2417	2717	2765	3081	3507	3286	3397	3539	3649	3270	3112	3096	3318	3175	2765	2512	1959	1817	
1469	1390	1216	1027	837	600	0	284	616	1121	1232	1611	1722	1801	2117	2164	2480	2923	2733	2859	3033	3175	2844	2717	2749	3065	2986	2622	2433	1832	1864	
1437	1595	1469	1327	1137	869	284	0	316	837	932	1311	1453	1564	1880	1975	2291	2749	2607	2749	2954	3128	2828	2733	2812	3160	3112	2780	2622	2006	2085	
1516	1880	1769	1643	1453	1153	616	316	0	537	647	1027	1216	1390	1706	1832	2164	2638	2528	2717	2954	3160	2891	2828	2938	3318	3318	3002	2875	2243	2370	
1943	2433	2322	2164	1927	1564	1121	837	537	0	505	790	1153	1453	1753	1959	2291	2749	2733	2954	3239	3491	3270	3254	3381	3792	3823	3523	3412	2780	2923	
1595	2338	2291	2227	2085	1801	1232	932	647	505	0	379	647	948	1248	1453	1785	2243	2243	2480	2765	3033	2859	2859	3017	3476	3555	3286	3239	2607	2828	
1738	2622	2607	2591	2449	2180	1611	1311	1027	790	379	0	426	790	1027	1295	1595	2054	2117	2385	2701	3002	2875	2923	3096	3586	3713	3476	3460	2859	3128	
1485	2528	2575	2607	2559	2322	1722	1453	1216	1153	647	426	0	379	600	869	1169	1627	1690	1959	2291	2591	2496	2559	2765	3286	3428	3239	3254	2686	3002	
1232	2385	2480	2591	2591	2417	1801	1564	1390	1453	948	790	379	0	316	505	821	1295	1327	1580	1911	2212	2117	2212	2417	2954	3128	2970	3017	2464	2844	
1374	2591	2717	2859	2875	2717	2117	1880	1706	1753	1248	1027	600	316	0	300	568	1011	1121	1406	1738	2069	2054	2180	2417	2970	3175	3065	3144	2638	3033	
1200	2464	2638	2812	2875	2765	2164	1975	1832	1959	1453	1295	869	505	300	0	331	805	821	1106	1437	1753	1738	1880	2133	2686	2907	2812	2938	2449	2875	
1406	2686	2859	3081	3175	3081	2480	2291	2164	2291	1785	1595	1169	821	568	331	0	458	568	869	1232	1580	1643	1817	2101	2654	2923	2875	3049	2607	3065	
1738	3002	3223	3460	3586	3507	2923	2749	2638	2749	2243	2054	1627	1295	1011	805	458	0	458	711	1042	1406	1595	1832	2117	2670	3002	3017	3223	2859	3349	
1406	2622	2875	3160	3318	3286	2733	2607	2528	2733	2243	2117	1690	1327	1121	821	568	458	0	300	647	1011	1153	1374	1659	2212	2528	2559	2780	2449	2938	
1453	2607	2875	3175	3381	3397	2859	2749	2717	2954	2480	2385	1959	1580	1406	1106	869	711	300	0	347	711	884	1153	1437	1975	2322	2385	2638	2354	2859	
1580	2607	2907	3254	3491	3539	3033	2954	2954	3239	2765	2701	2291	1911	1738	1437	1232	1042	647	347	0	363	647	932	1216	1722	2101	2227	2512	2306	2828	
1706	2591	2907	3286	3555	3649	3175	3128	3160	3491	3033	3002	2591	2212	2069	1753	1580	1406	1011	711	363	0	442	742	995	1437	1832	2022	2338	2227	2733	
1390	2148	2480	2859	3160	3270	2844	2828	2891	3270	2859	2875	2496	2117	2054	1738	1643	1595	1153	884	647	442	0	300	568	1090	1453	1595	1896	1769	2275	
1311	1911	2243	2654	2970	3112	2717	2733	2828	3254	2859	2923	2559	2212	2180	1880	1817	1832	1374	1153	932	742	300	0	284	837	1169	1295	1595	1501	2006	
1422	1817	2164	2575	2923	3096	2749	2812	2938	3381	3017	3096	2765	2417	2417	2133	2101	2117	1659	1437	1216	995	568	284	0	553	869	1027	1358	1358	1832	
1864	1911	2259	2686	3081	3318	3065	3160	3318	3792	3476	3586	3286	2954	2970	2686	2654	2670	2212	1975	1722	1437	1090	837	553	0	410	758	1137	1406	1785	
1959	1722	2054	2480	2891	3175	2986	3112	3318	3823	3555	3713	3428	3128	3175	2907	2923	3002	2528	2322	2101	1832	1453	1169	869	410	0	426	790	1200	1501	
1753	1311	1627	2054	2480	2765	2622	2780	3002	3523	3286	3476	3239	2970	3065	2812	2875	3017	2559	2385	2227	2022	1595	1295	1027	758	426	0	379	805	1058	
1785	1058	1358	1769	2196	2512	2433	2622	2875	3412	3239	3460	3254	3017	3144	2938	3049	3223	2780	2638	2512	2338	1896	1595	1358	1137	790	379	0	616	726	
1248	505	853	1279	1690	1959	1832	2006	2243	2780	2607	2859	2686	2464	2638	2449	2607	2859	2449	2354	2306	2227	1769	1501	1358	1406	1200	805	616	0	505	
1674	489	663	1058	1485	1817	1864	2085	2370	2923	2828	3128	3002	2844	3033	2875	3065	3349	2938	2859	2828	2733	2275	2006	1832	1785	1501	1058	726	505	0	
V3
0	1555	1785	2112	2342	2361	1785	1747	1843	2361	1939	2112	1804	1497	1670	1459	1708	2112	1708	1766	1920	2073	1689	1593	1728	2265	2380	2131	2169	1516	2035	
1555	0	403	940	1420	1766	1689	1939	2284	2956	2841	3187	3072	2899	3148	2995	3264	3648	3187	3168	3168	3148	2611	2323	2208	2323	2092	1593	1286	614	595	
1785	403	0	518	1017	1401	1478	1785	2150	2822	2784	3168	3129	3014	3302	3206	3475	3916	3494	3494	3532	3532	3014	2726	2630	2745	2496	1977	1651	1036	806	
2112	940	518	0	518	960	1248	1612	1996	2630	2707	3148	3168	3148	3475	3417	3744	4204	3840	3859	3955	3993	3475	3225	3129	3264	3014	2496	2150	1555	1286	
2342	1420	1017	518	0	480	1017	1382	1766	2342	2534	2976	3110	3148	3494	3494	3859	4358	4032	4108	4243	4320	3840	3609	3552	3744	3513	3014	2668	2054	1804	
2361	1766	1401	960	480	0	729	1056	1401	1900	2188	2649	2822	2937	3302	3360	3744	4262	3993	4128	4300	4435	3974	3782	3763	4032	3859	3360	3052	2380	2208	
1785	1689	1478	1248	1017	729	0	345	748	1363	1497	1958	2092	2188	2572	2630	3014	3552	3321	3475	3686	3859	3456	3302	3340	3724	3628	3187	2956	2227	2265	
1747	1939	1785	1612	1382	1056	345	0	384	1017	1132	1593	1766	1900	2284	2400	2784	3340	3168	3340	3590	3801	3436	3321	3417	3840	3782	3379	3187	2438	2534	
1843	2284	2150	1996	1766	1401	748	384	0	652	787	1248	1478	1689	2073	2227	2630	3206	3072	3302	3590	3840	3513	3436	3571	4032	4032	3648	3494	2726	2880	
2361	2956	2822	2630	2342	1900	1363	1017	652	0	614	960	1401	1766	2131	2380	2784	3340	3321	3590	3936	4243	3974	3955	4108	4608	4646	4281	4147	3379	3552	
1939	2841	2784	2707	2534	2188	1497	1132	787	614	0	460	787	1152	1516	1766	2169	2726	2726	3014	3360	3686	3475	3475	3667	4224	4320	3993	3936	3168	3436	
2112	3187	3168	3148	2976	2649	1958	1593	1248	960	460	0	518	960	1248	1574	1939	2496	2572	2899	3283	3648	3494	3552	3763	4358	4512	4224	4204	3475	3801	
1804	3072	3129	3168	3110	2822	2092	1766	1478	1401	787	518	0	460	729	1056	1420	1977	2054	2380	2784	3148	3033	3110	3360	3993	4166	3936	3955	3264	3648	
1497	2899	3014	3148	3148	2937	2188	1900	1689	1766	1152	960	460	0	384	614	998	1574	1612	1920	2323	2688	2572	2688	2937	3590	3801	3609	3667	2995	3456	
1670	3148	3302	3475	3494	3302	2572	2284	2073	2131	1516	1248	729	384	0	364	691	1228	1363	1708	2112	2515	2496	2649	2937	3609	3859	3724	3820	3206	3686	
1459	2995	3206	3417	3494	3360	2630	2400	2227	2380	1766	1574	1056	614	364	0	403	979	998	1344	1747	2131	2112	2284	2592	3264	3532	3417	3571	2976	3494	
1708	3264	3475	3744	3859	3744	3014	2784	2630	2784	2169	1939	1420	998	691	403	0	556	691	1056	1497	1920	1996	2208	2553	3225	3552	3494	3705	3168	3724	
2112	3648	3916	4204	4358	4262	3552	3340	3206	3340	2726	2496	1977	1574	1228	979	556	0	556	864	1267	1708	1939	2227	2572	3244	3648	3667	3916	3475	4070	
1708	3187	3494	3840	4032	3993	3321	3168	3072	3321	2726	2572	2054	1612	1363	998	691	556	0	364	787	1228	1401	1670	2016	2688	3072	3110	3379	2976	3571	
1766	3168	3494	3859	4108	4128	3475	3340	3302	3590	3014	2899	2380	1920	1708	1344	1056	864	364	0	422	864	1075	1401	1747	2400	2822	2899	3206	2860	3475	
1920	3168	3532	3955	4243	4300	3686	3590	3590	3936	3360	3283	2784	2323	2112	1747	1497	1267	787	422	0	441	787	1132	1478	2092	2553	2707	3052	2803	3436	
2073	3148	3532	3993	4320	4435	3859	3801	3840	4243	3686	3648	3148	2688	2515	2131	1920	1708	1228	864	441	0	537	902	1209	1747	2227	2457	2841	2707	3321	
1689	2611	3014	3475	3840	3974	3456	3436	3513	3974	3475	3494	3033	2572	2496	2112	1996	1939	1401	1075	787	537	0	364	691	1324	1766	1939	2304	2150	2764	
1593	2323	2726	3225	3609	3782	3302	3321	3436	3955	3475	3552	3110	2688	2649	2284	2208	2227	1670	1401	1132	902	364	0	345	1017	1420	1574	1939	1824	2438	
1728	2208	2630	3129	3552	3763	3340	3417	3571	4108	3667	3763	3360	2937	2937	2592	2553	2572	2016	1747	1478	1209	691	345	0	672	1056	1248	1651	1651	2227	
2265	2323	2745	3264	3744	4032	3724	3840	4032	4608	4224	4358	3993	3590	3609	3264	3225	3244	2688	2400	2092	1747	1324	1017	672	0	499	921	1382	1708	2169	
2380	2092	2496	3014	3513	3859	3628	3782	4032	4646	4320	4512	4166	3801	3859	3532	3552	3648	3072	2822	2553	2227	1766	1420	1056	499	0	518	960	1459	1824	
2131	1593	1977	2496	3014	3360	3187	3379	3648	4281	3993	4224	3936	3609	3724	3417	3494	3667	3110	2899	2707	2457	1939	1574	1248	921	518	0	460	979	1286	
2169	1286	1651	2150	2668	3052	2956	3187	3494	4147	3936	4204	3955	3667	3820	3571	3705	3916	3379	3206	3052	2841	2304	1939	1651	1382	960	460	0	748	883	
1516	614	1036	1555	2054	2380	2227	2438	2726	3379	3168	3475	3264	2995	3206	2976	3168	3475	2976	2860	2803	2707	2150	1824	1651	1708	1459	979	748	0	614	
2035	595	806	1286	1804	2208	2265	2534	2880	3552	3436	3801	3648	3456	3686	3494	3724	4070	3571	3475	3436	3321	2764	2438	2227	2169	1824	1286	883	614	0	
V4
0	583	669	792	878	885	669	655	691	885	727	792	676	561	626	547	640	792	640	662	720	777	633	597	648	849	892	799	813	568	763	
583	0	151	352	532	662	633	727	856	1108	1065	1195	1152	1087	1180	1123	1224	1368	1195	1188	1188	1180	979	871	828	871	784	597	482	230	223	
669	151	0	194	381	525	554	669	806	1058	1044	1188	1173	1130	1238	1202	1303	1468	1310	1310	1324	1324	1130	1022	986	1029	936	741	619	388	302	
792	352	194	0	194	360	468	604	748	986	1015	1180	1188	1180	1303	1281	1404	1576	1440	1447	1483	1497	1303	1209	1173	1224	1130	936	806	583	482	
878	532	381	194	0	180	381	518	662	878	950	1116	1166	1180	1310	1310	1447	1634	1512	1540	1591	1620	1440	1353	1332	1404	1317	1130	1000	770	676	
885	662	525	360	180	0	273	396	525	712	820	993	1058	1101	1238	1260	1404	1598	1497	1548	1612	1663	1490	1418	1411	1512	1447	1260	1144	892	828	
669	633	554	468	381	273	0	129	280	511	561	734	784	820	964	986	1130	1332	1245	1303	1382	1447	1296	1238	1252	1396	1360	1195	1108	835	849	
655	727	669	604	518	396	129	0	144	381	424	597	662	712	856	900	1044	1252	1188	1252	1346	1425	1288	1245	1281	1440	1418	1267	1195	914	950	
691	856	806	748	662	525	280	144	0	244	295	468	554	633	777	835	986	1202	1152	1238	1346	1440	1317	1288	1339	1512	1512	1368	1310	1022	1080	
885	1108	1058	986	878	712	511	381	244	0	230	360	525	662	799	892	1044	1252	1245	1346	1476	1591	1490	1483	1540	1728	1742	1605	1555	1267	1332	
727	1065	1044	1015	950	820	561	424	295	230	0	172	295	432	568	662	813	1022	1022	1130	1260	1382	1303	1303	1375	1584	1620	1497	1476	1188	1288	
792	1195	1188	1180	1116	993	734	597	468	360	172	0	194	360	468	590	727	936	964	1087	1231	1368	1310	1332	1411	1634	1692	1584	1576	1303	1425	
676	1152	1173	1188	1166	1058	784	662	554	525	295	194	0	172	273	396	532	741	770	892	1044	1180	1137	1166	1260	1497	1562	1476	1483	1224	1368	
561	1087	1130	1180	1180	1101	820	712	633	662	432	360	172	0	144	230	374	590	604	720	871	1008	964	1008	1101	1346	1425	1353	1375	1123	1296	
626	1180	1238	1303	1310	1238	964	856	777	799	568	468	273	144	0	136	259	460	511	640	792	943	936	993	1101	1353	1447	1396	1432	1202	1382	
547	1123	1202	1281	1310	1260	986	900	835	892	662	590	396	230	136	0	151	367	374	504	655	799	792	856	972	1224	1324	1281	1339	1116	1310	
640	1224	1303	1404	1447	1404	1130	1044	986	1044	813	727	532	374	259	151	0	208	259	396	561	720	748	828	957	1209	1332	1310	1389	1188	1396	
792	1368	1468	1576	1634	1598	1332	1252	1202	1252	1022	936	741	590	460	367	208	0	208	324	475	640	727	835	964	1216	1368	1375	1468	1303	1526	
640	1195	1310	1440	1512	1497	1245	1188	1152	1245	1022	964	770	604	511	374	259	208	0	136	295	460	525	626	756	1008	1152	1166	1267	1116	1339	
662	1188	1310	1447	1540	1548	1303	1252	1238	1346	1130	1087	892	720	640	504	396	324	136	0	158	324	403	525	655	900	1058	1087	1202	1072	1303	
720	1188	1324	1483	1591	1612	1382	1346	1346	1476	1260	1231	1044	871	792	655	561	475	295	158	0	165	295	424	554	784	957	1015	1144	1051	1288	
777	1180	1324	1497	1620	1663	1447	1425	1440	1591	1382	1368	1180	1008	943	799	720	640	460	324	165	0	201	338	453	655	835	921	1065	1015	1245	
633	979	1130	1303	1440	1490	1296	1288	1317	1490	1303	1310	1137	964	936	792	748	727	525	403	295	201	0	136	259	496	662	727	864	806	1036	
597	871	1022	1209	1353	1418	1238	1245	1288	1483	1303	1332	1166	1008	993	856	828	835	626	525	424	338	136	0	129	381	532	590	727	684	914	
648	828	986	1173	1332	1411	1252	1281	1339	1540	1375	1411	1260	1101	1101	972	957	964	756	655	554	453	259	129	0	252	396	468	619	619	835	
849	871	1029	1224	1404	1512	1396	1440	1512	1728	1584	1634	1497	1346	1353	1224	1209	1216	1008	900	784	655	496	381	252	0	187	345	518	640	813	
892	784	936	1130	1317	1447	1360	1418	1512	1742	1620	1692	1562	1425	1447	1324	1332	1368	1152	1058	957	835	662	532	396	187	0	194	360	547	684	
799	597	741	936	1130	1260	1195	1267	1368	1605	1497	1584	1476	1353	1396	1281	1310	1375	1166	1087	1015	921	727	590	468	345	194	0	172	367	482	
813	482	619	806	1000	1144	1108	1195	1310	1555	1476	1576	1483	1375	1432	1339	1389	1468	1267	1202	1144	1065	864	727	619	518	360	172	0	280	331	
568	230	388	583	770	892	835	914	1022	1267	1188	1303	1224	1123	1202	1116	1188	1303	1116	1072	1051	1015	806	684	619	640	547	367	280	0	230	
763	223	302	482	676	828	849	950	1080	1332	1288	1425	1368	1296	1382	1310	1396	1526	1339	1303	1288	1245	1036	914	835	813	684	482	331	230	0	
V5
0	1474	1692	2002	2220	2238	1692	1656	1747	2238	1838	2002	1710	1419	1583	1383	1619	2002	1619	1674	1820	1965	1601	1510	1638	2147	2256	2020	2056	1437	1929	
1474	0	382	891	1346	1674	1601	1838	2165	2802	2693	3021	2912	2748	2984	2839	3094	3458	3021	3003	3003	2984	2475	2202	2093	2202	1983	1510	1219	582	564	
1692	382	0	491	964	1328	1401	1692	2038	2675	2639	3003	2966	2857	3130	3039	3294	3712	3312	3312	3348	3348	2857	2584	2493	2602	2366	1874	1565	982	764	
2002	891	491	0	491	910	1183	1528	1892	2493	2566	2984	3003	2984	3294	3239	3549	3985	3640	3658	3749	3785	3294	3057	2966	3094	2857	2366	2038	1474	1219	
2220	1346	964	491	0	455	964	1310	1674	2220	2402	2821	2948	2984	3312	3312	3658	4131	3822	3894	4022	4095	3640	3421	3367	3549	3330	2857	2529	1947	1710	
2238	1674	1328	910	455	0	691	1001	1328	1801	2074	2511	2675	2784	3130	3185	3549	4040	3785	3913	4076	4204	3767	3585	3567	3822	3658	3185	2893	2256	2093	
1692	1601	1401	1183	964	691	0	327	709	1292	1419	1856	1983	2074	2438	2493	2857	3367	3148	3294	3494	3658	3276	3130	3166	3530	3439	3021	2802	2111	2147	
1656	1838	1692	1528	1310	1001	327	0	364	964	1073	1510	1674	1801	2165	2275	2639	3166	3003	3166	3403	3603	3257	3148	3239	3640	3585	3203	3021	2311	2402	
1747	2165	2038	1892	1674	1328	709	364	0	618	746	1183	1401	1601	1965	2111	2493	3039	2912	3130	3403	3640	3330	3257	3385	3822	3822	3458	3312	2584	2730	
2238	2802	2675	2493	2220	1801	1292	964	618	0	582	910	1328	1674	2020	2256	2639	3166	3148	3403	3731	4022	3767	3749	3894	4368	4404	4058	3931	3203	3367	
1838	2693	2639	2566	2402	2074	1419	1073	746	582	0	436	746	1092	1437	1674	2056	2584	2584	2857	3185	3494	3294	3294	3476	4004	4095	3785	3731	3003	3257	
2002	3021	3003	2984	2821	2511	1856	1510	1183	910	436	0	491	910	1183	1492	1838	2366	2438	2748	3112	3458	3312	3367	3567	4131	4277	4004	3985	3294	3603	
1710	2912	2966	3003	2948	2675	1983	1674	1401	1328	746	491	0	436	691	1001	1346	1874	1947	2256	2639	2984	2875	2948	3185	3785	3949	3731	3749	3094	3458	
1419	2748	2857	2984	2984	2784	2074	1801	1601	1674	1092	910	436	0	364	582	946	1492	1528	1820	2202	2548	2438	2548	2784	3403	3603	3421	3476	2839	3276	
1583	2984	3130	3294	3312	3130	2438	2165	1965	2020	1437	1183	691	364	0	345	655	1164	1292	1619	2002	2384	2366	2511	2784	3421	3658	3530	3621	3039	3494	
1383	2839	3039	3239	3312	3185	2493	2275	2111	2256	1674	1492	1001	582	345	0	382	928	946	1274	1656	2020	2002	2165	2457	3094	3348	3239	3385	2821	3312	
1619	3094	3294	3549	3658	3549	2857	2639	2493	2639	2056	1838	1346	946	655	382	0	527	655	1001	1419	1820	1892	2093	2420	3057	3367	3312	3512	3003	3530	
2002	3458	3712	3985	4131	4040	3367	3166	3039	3166	2584	2366	1874	1492	1164	928	527	0	527	819	1201	1619	1838	2111	2438	3075	3458	3476	3712	3294	3858	
1619	3021	3312	3640	3822	3785	3148	3003	2912	3148	2584	2438	1947	1528	1292	946	655	527	0	345	746	1164	1328	1583	1911	2548	2912	2948	3203	2821	3385	
1674	3003	3312	3658	3894	3913	3294	3166	3130	3403	2857	2748	2256	1820	1619	1274	1001	819	345	0	400	819	1019	1328	1656	2275	2675	2748	3039	2711	3294	
1820	3003	3348	3749	4022	4076	3494	3403	3403	3731	3185	3112	2639	2202	2002	1656	1419	1201	746	400	0	418	746	1073	1401	1983	2420	2566	2893	2657	3257	
1965	2984	3348	3785	4095	4204	3658	3603	3640	4022	3494	3458	2984	2548	2384	2020	1820	1619	1164	819	418	0	509	855	1146	1656	2111	2329	2693	2566	3148	
1601	2475	2857	3294	3640	3767	3276	3257	3330	3767	3294	3312	2875	2438	2366	2002	1892	1838	1328	1019	746	509	0	345	655	1255	1674	1838	2184	2038	2620	
1510	2202	2584	3057	3421	3585	3130	3148	3257	3749	3294	3367	2948	2548	2511	2165	2093	2111	1583	1328	1073	855	345	0	327	964	1346	1492	1838	1729	2311	
1638	2093	2493	2966	3367	3567	3166	3239	3385	3894	3476	3567	3185	2784	2784	2457	2420	2438	1911	1656	1401	1146	655	327	0	637	1001	1183	1565	1565	2111	
2147	2202	2602	3094	3549	3822	3530	3640	3822	4368	4004	4131	3785	3403	3421	3094	3057	3075	2548	2275	1983	1656	1255	964	637	0	473	873	1310	1619	2056	
2256	1983	2366	2857	3330	3658	3439	3585	3822	4404	4095	4277	3949	3603	3658	3348	3367	3458	2912	2675	2420	2111	1674	1346	1001	473	0	491	910	1383	1729	
2020	1510	1874	2366	2857	3185	3021	3203	3458	4058	3785	4004	3731	3421	3530	3239	3312	3476	2948	2748	2566	2329	1838	1492	1183	873	491	0	436	928	1219	
