M: 4
N: 30
Nun_Veiculos: 15
Capacidade_Total: 1164
Demanda_Total: 575
Setup_Min: 1
Setup_Max: 9
Raio: 100
Circulos: 1
Tempo_Processamento_Min: 1
Tempo_Processamento_Max: 49
Demanda_Min: 10
Demanda_Max: 30
Priority_Factor: 0.2
Range_Factor_R: 0.8
U_factor: 2
ALpha: 0.2Replicao: 2
Tempos_Processamentos
0	0	1	0	2	0	3	0	
0	24	1	40	2	14	3	48	
0	28	1	47	2	38	3	36	
0	23	1	1	2	27	3	8	
0	37	1	16	2	31	3	28	
0	1	1	30	2	23	3	13	
0	33	1	46	2	4	3	40	
0	39	1	17	2	41	3	43	
0	12	1	16	2	39	3	20	
0	19	1	24	2	31	3	18	
0	38	1	35	2	48	3	24	
0	45	1	19	2	6	3	20	
0	39	1	16	2	11	3	23	
0	10	1	43	2	21	3	43	
0	49	1	37	2	17	3	46	
0	29	1	13	2	42	3	10	
0	27	1	32	2	30	3	42	
0	7	1	5	2	49	3	30	
0	34	1	39	2	39	3	15	
0	27	1	2	2	3	3	16	
0	42	1	21	2	4	3	23	
0	25	1	33	2	26	3	36	
0	31	1	38	2	27	3	42	
0	32	1	16	2	45	3	1	
0	13	1	18	2	38	3	30	
0	44	1	11	2	32	3	36	
0	47	1	30	2	44	3	26	
0	12	1	34	2	35	3	43	
0	25	1	33	2	45	3	16	
0	3	1	40	2	10	3	6	
0	33	1	49	2	43	3	40	

Tempos_setup
M0
0	0	0	0	0	0	0	0	0	0	0	0	0	0	0	0	0	0	0	0	0	0	0	0	0	0	0	0	0	0	0	
0	0	2	3	4	3	4	3	3	3	2	3	2	1	2	1	3	3	2	3	3	2	3	2	3	2	3	3	1	3	3	
0	2	0	1	3	4	2	4	2	3	1	3	4	1	2	2	4	4	3	2	4	3	3	3	2	2	4	2	2	3	2	
0	3	3	0	4	3	1	4	3	4	2	2	3	1	3	3	3	3	3	4	4	3	2	3	3	2	4	5	2	4	3	
0	3	3	3	0	3	2	1	1	1	3	4	1	2	4	2	2	2	2	3	3	2	3	2	3	3	4	3	1	4	4	
0	3	3	3	5	0	3	3	3	3	2	2	4	3	4	2	3	4	3	1	5	1	2	1	3	3	4	3	2	2	1	
0	3	2	2	4	3	0	3	4	4	3	2	2	3	4	4	3	3	2	4	4	3	1	4	4	2	3	4	4	4	4	
0	3	3	3	4	4	1	0	3	3	3	3	3	4	5	1	4	3	3	3	5	4	2	4	4	3	3	3	4	4	3	
0	3	4	4	5	3	4	5	0	4	3	3	4	3	4	2	4	4	3	2	4	1	3	2	3	3	4	4	2	3	4	
0	3	3	3	3	4	4	3	3	0	2	3	2	1	4	3	3	2	3	3	4	2	4	3	3	2	5	2	2	3	3	
0	3	3	3	4	4	4	3	1	3	0	3	4	3	2	1	4	3	3	3	5	2	2	3	1	3	3	3	3	3	1	
0	1	2	2	4	1	3	4	2	2	3	0	3	2	3	2	1	3	2	2	4	2	3	2	3	3	4	4	2	3	2	
0	2	4	2	3	2	2	1	2	3	2	4	0	3	3	2	1	2	1	3	5	2	3	3	2	4	4	3	3	4	3	
0	2	2	2	4	3	3	3	2	3	1	2	3	0	3	2	3	3	2	3	3	2	3	2	2	1	4	4	1	4	2	
0	3	2	2	4	3	3	2	1	2	1	2	4	3	0	2	3	4	3	3	4	2	1	2	2	2	3	4	2	1	2	
0	2	3	4	3	3	5	4	2	2	3	3	4	3	4	0	4	2	2	2	4	3	3	3	4	4	2	2	3	3	2	
0	4	3	1	5	4	2	3	1	5	3	3	2	2	4	3	0	4	3	3	5	2	3	3	4	3	5	5	3	4	4	
0	4	2	3	1	3	3	2	2	2	3	4	2	3	2	3	3	0	3	4	4	3	3	3	2	4	5	4	2	3	4	
0	1	3	4	2	1	3	2	3	3	3	3	3	2	3	2	4	1	0	2	4	2	2	2	3	3	4	4	2	3	2	
0	2	2	3	4	2	3	4	2	3	1	1	4	3	3	2	2	4	3	0	4	3	1	2	2	2	3	2	3	2	2	
0	1	2	3	4	1	3	2	3	3	3	1	1	2	3	2	2	3	2	2	0	1	2	2	3	3	2	4	2	2	2	
0	3	3	4	4	2	3	4	3	4	2	2	3	2	3	3	3	3	2	1	5	0	2	1	2	3	4	3	1	3	3	
0	2	1	2	3	2	3	4	3	3	2	1	3	2	3	3	2	4	3	3	3	2	0	3	3	1	2	3	3	3	3	
0	3	3	4	5	3	2	5	3	4	4	2	4	4	4	2	3	4	4	4	5	4	2	0	3	3	4	4	4	3	4	
0	4	3	2	5	4	3	3	2	3	2	3	3	3	1	3	4	4	3	4	5	3	2	3	0	3	4	4	3	2	2	
0	3	1	1	3	3	2	4	3	2	2	2	3	2	3	3	3	4	3	2	2	1	3	2	3	0	4	3	2	3	3	
0	3	3	2	4	3	3	2	2	1	2	3	3	2	4	3	4	3	2	3	4	3	2	2	3	2	0	3	1	1	2	
0	2	1	2	4	2	3	3	2	2	2	3	2	2	3	2	3	3	3	3	2	3	2	3	3	3	4	0	2	1	1	
0	2	2	3	3	2	3	3	3	4	2	3	2	1	3	3	3	2	1	2	4	2	3	1	3	2	5	4	0	4	3	
0	3	2	1	4	3	2	3	1	1	1	2	3	2	3	2	3	3	2	3	3	2	1	2	2	2	3	3	1	0	1	
0	3	2	3	4	3	3	2	3	2	3	2	4	3	4	1	3	3	3	3	4	3	1	4	4	2	3	3	4	4	0	
M1
0	0	0	0	0	0	0	0	0	0	0	0	0	0	0	0	0	0	0	0	0	0	0	0	0	0	0	0	0	0	0	
0	0	3	3	1	1	2	3	2	4	2	3	2	2	2	2	3	1	2	1	3	3	3	3	3	3	2	2	3	2	4	
0	4	0	3	5	4	3	5	4	2	3	4	4	2	3	2	3	4	3	4	3	3	3	2	4	4	2	3	3	2	1	
0	3	4	0	4	2	3	4	2	3	4	2	3	2	2	1	3	3	1	3	1	4	2	2	2	2	2	3	3	1	3	
0	3	3	2	0	3	3	4	3	3	2	2	1	1	3	3	2	3	1	2	3	2	2	2	4	2	1	3	3	1	3	
0	4	3	3	4	0	2	5	2	4	4	4	3	2	4	3	4	1	3	3	3	3	3	3	2	2	3	1	2	3	3	
0	2	1	1	3	1	0	5	3	3	4	3	3	3	3	2	4	2	1	3	2	4	2	3	2	2	3	1	3	2	2	
0	3	2	2	4	2	1	0	3	3	4	4	4	2	2	3	3	3	2	4	3	3	3	2	3	3	2	2	3	1	3	
0	3	2	2	4	2	1	4	0	3	4	2	3	4	3	3	4	3	2	3	1	4	2	2	2	2	3	2	3	3	3	
0	4	3	3	4	2	3	3	4	0	1	3	2	3	4	3	2	3	1	3	2	1	2	2	3	2	2	1	3	2	2	
0	4	4	2	4	2	3	2	4	3	0	2	2	3	3	3	2	3	1	3	1	1	2	2	2	2	1	2	3	3	3	
0	4	3	3	2	2	2	5	3	3	3	0	3	2	3	2	3	3	2	2	1	2	1	2	2	2	2	1	3	2	1	
0	2	4	1	3	2	3	4	3	2	3	1	0	2	3	2	1	3	2	3	2	1	2	2	3	3	1	2	3	2	2	
0	4	2	3	5	4	3	6	2	3	4	3	2	0	4	2	2	4	2	4	3	3	3	4	4	3	3	4	4	3	3	
0	4	3	3	4	3	2	4	3	2	3	2	2	3	0	2	3	3	3	3	1	3	1	1	1	2	2	3	2	2	2	
0	2	4	3	3	3	3	4	3	3	4	3	2	2	4	0	3	3	4	3	3	3	4	2	4	4	3	3	3	1	3	
0	3	3	4	4	3	3	4	3	1	2	3	3	1	4	3	0	4	2	4	2	2	2	3	3	3	3	2	2	3	3	
0	4	3	3	5	3	2	5	1	4	5	3	3	1	4	2	3	0	3	4	2	4	3	3	3	3	4	3	4	3	4	
0	3	3	3	3	2	2	4	3	3	3	3	2	3	3	2	3	2	0	2	3	3	1	2	4	1	3	3	3	2	3	
0	3	4	3	1	3	3	3	4	3	1	3	2	2	1	1	3	3	1	0	2	2	2	2	2	2	2	2	3	2	3	
0	3	3	3	3	2	2	4	3	2	3	1	2	3	2	3	3	2	3	2	0	3	2	1	1	1	2	2	2	3	2	
0	3	3	2	4	1	2	4	3	2	3	2	1	3	4	2	2	2	3	4	2	0	3	1	3	3	2	2	2	3	2	
0	3	2	2	4	2	1	4	2	3	3	4	3	2	4	1	4	3	2	4	3	4	0	2	3	3	4	2	3	1	3	
0	3	2	2	3	2	1	3	4	1	2	2	3	2	3	2	3	3	2	3	1	2	3	0	2	2	2	2	1	2	1	
0	3	3	2	4	3	4	4	3	2	3	2	1	2	3	2	2	2	3	4	3	2	3	3	0	3	1	3	4	2	1	
0	2	3	2	2	1	2	3	2	2	2	2	1	2	2	2	2	1	2	1	2	2	3	1	3	0	2	2	2	3	2	
0	4	4	1	4	3	4	3	3	2	3	3	2	2	3	2	1	3	2	3	2	3	3	3	3	2	0	3	3	2	4	
0	3	4	3	3	2	3	4	3	3	3	3	2	3	3	3	3	2	3	2	3	3	4	2	4	1	3	0	3	2	3	
0	4	4	2	2	2	3	5	3	3	4	3	2	3	4	3	3	2	3	4	3	1	4	2	3	4	3	3	0	3	3	
0	3	3	3	4	3	2	3	2	2	3	3	3	1	3	3	3	4	3	4	2	3	3	1	3	3	3	3	2	0	2	
0	3	3	2	4	4	3	4	3	3	4	4	3	1	2	1	2	4	3	3	3	4	3	2	3	3	1	2	3	1	0	
M2
0	0	0	0	0	0	0	0	0	0	0	0	0	0	0	0	0	0	0	0	0	0	0	0	0	0	0	0	0	0	0	
0	0	2	3	3	3	3	2	2	2	3	3	3	2	2	2	3	1	1	2	2	1	2	2	2	3	3	4	2	2	2	
0	5	0	3	3	4	5	4	2	3	5	3	3	3	5	4	4	3	4	2	4	1	3	3	2	3	4	4	4	4	2	
0	4	3	0	3	3	3	3	1	2	4	3	4	2	4	3	3	3	1	3	2	2	2	2	2	1	3	2	2	4	3	
0	3	1	4	0	3	4	4	3	3	3	4	1	2	4	2	2	3	2	3	3	2	3	2	3	4	3	4	3	4	3	
0	4	3	3	3	0	3	3	3	2	3	1	4	2	3	1	4	3	2	3	2	3	3	3	2	4	4	4	3	2	1	
0	3	2	3	1	1	0	2	3	2	2	1	2	2	2	2	1	3	1	3	2	3	2	2	2	4	3	3	2	3	2	
0	1	2	4	2	1	4	0	3	3	2	2	1	2	3	2	1	2	2	3	3	2	1	3	3	3	3	3	3	3	2	
0	3	3	1	3	3	3	4	0	3	3	3	3	2	3	4	2	3	2	3	3	2	1	1	2	1	2	3	3	3	3	
0	3	2	3	1	4	4	3	2	0	2	2	2	3	5	3	3	2	3	4	3	3	3	3	3	3	4	3	3	3	2	
0	3	3	4	3	3	2	2	3	2	0	2	3	3	4	3	2	4	1	3	2	2	1	2	3	4	3	1	1	4	3	
0	4	3	2	2	2	4	3	2	3	2	0	3	1	4	3	4	2	3	2	2	2	3	2	1	3	3	3	3	3	2	
0	2	2	4	3	2	4	3	3	3	2	3	0	1	4	3	1	2	3	2	2	2	3	2	3	4	3	3	3	3	2	
0	3	2	3	3	1	3	2	2	2	3	2	3	0	3	2	3	1	3	1	1	3	3	1	2	3	2	2	3	2	1	
0	3	2	3	4	3	3	2	3	3	1	3	2	2	0	2	1	1	2	2	2	2	2	2	3	4	3	2	2	2	3	
0	5	2	5	3	2	2	4	4	2	2	3	3	2	2	0	3	3	3	3	1	3	3	3	2	3	4	3	3	3	2	
0	3	1	4	4	3	3	3	3	3	1	3	1	2	5	4	0	3	2	3	3	2	2	3	3	4	4	2	2	4	3	
0	2	2	3	3	2	3	1	3	2	2	3	2	1	3	1	2	0	2	2	1	3	2	1	2	3	2	3	3	1	2	
0	4	2	3	2	2	2	4	3	1	3	2	3	3	3	2	2	3	0	2	1	2	1	1	2	3	2	3	1	3	2	
0	4	3	2	2	3	3	3	1	2	4	2	3	2	3	3	3	2	2	0	3	3	2	2	1	2	3	2	2	3	1	
0	4	1	4	2	1	4	3	3	1	3	2	2	2	4	2	3	2	3	3	0	2	4	3	1	2	4	4	3	3	1	
0	4	1	2	2	3	4	3	1	2	4	2	3	2	4	3	3	2	3	1	3	0	2	2	1	2	3	3	3	3	1	
0	4	2	3	3	3	4	4	2	2	2	3	2	2	5	4	1	3	3	2	3	1	0	3	2	3	4	3	3	4	2	
0	4	3	2	3	3	2	3	2	2	3	3	2	3	2	4	3	3	3	2	4	2	3	0	2	3	1	2	4	2	3	
0	3	2	3	1	3	3	2	3	3	3	1	2	2	4	2	3	1	3	3	2	3	3	2	0	4	3	4	2	2	2	
0	4	3	3	2	2	2	3	2	3	4	2	3	1	4	3	3	2	3	2	2	2	3	2	1	0	3	3	3	3	2	
0	3	2	3	2	3	3	2	2	3	3	2	1	2	5	3	2	2	2	2	3	1	3	3	1	3	0	1	3	3	2	
0	2	2	3	3	2	4	1	2	4	2	1	2	2	4	3	1	3	3	3	3	3	2	3	2	3	4	0	3	4	3	
0	4	3	3	2	2	1	3	3	3	3	1	3	2	3	3	2	3	2	3	3	3	3	3	2	4	4	4	0	4	3	
0	4	4	2	3	3	2	3	2	3	1	3	4	4	2	2	3	3	2	4	3	3	2	3	4	3	4	2	2	0	4	
0	4	3	4	2	2	4	3	3	1	3	3	3	1	4	3	4	2	4	2	2	4	4	2	3	4	3	3	3	3	0	
M3
0	0	0	0	0	0	0	0	0	0	0	0	0	0	0	0	0	0	0	0	0	0	0	0	0	0	0	0	0	0	0	
0	0	2	3	3	3	3	3	3	3	3	2	3	3	3	4	3	1	3	4	3	4	3	2	3	4	3	2	2	4	1	
0	2	0	2	3	3	4	1	4	3	2	3	1	4	3	2	1	2	3	3	3	2	2	3	3	2	3	2	3	3	3	
0	3	3	0	2	3	2	3	3	2	3	3	4	3	2	3	4	1	2	2	2	3	3	2	3	1	3	1	2	2	3	
0	3	2	2	0	2	4	3	3	2	3	2	3	1	2	3	2	3	2	2	1	1	2	2	3	1	3	3	4	2	3	
0	2	2	3	3	0	4	3	3	2	1	3	3	2	2	3	3	3	2	2	1	2	3	2	3	1	1	2	2	2	3	
0	1	2	3	1	2	0	2	3	1	2	1	3	2	2	3	3	2	2	2	2	1	3	2	3	2	3	3	2	3	1	
0	2	3	3	2	2	4	0	4	2	3	3	4	3	2	1	3	3	3	3	2	1	4	3	2	2	3	1	4	3	3	
0	3	3	3	2	4	4	4	0	2	3	3	4	3	2	3	2	3	4	3	3	3	2	4	2	3	4	3	4	4	3	
0	1	2	2	2	2	2	2	3	0	1	2	3	1	3	3	3	1	3	1	3	2	2	3	3	2	2	2	2	2	2	
0	1	1	2	2	3	4	2	4	2	0	2	2	3	2	3	2	2	2	3	2	1	2	2	2	3	1	1	1	1	2	
0	3	2	3	3	1	2	1	2	2	2	0	3	2	2	2	3	3	3	3	1	2	3	1	2	2	2	2	3	2	3	
0	3	3	2	3	3	4	3	3	3	2	3	0	3	2	3	4	1	2	2	2	3	3	2	3	1	3	2	3	2	3	
0	3	1	1	1	2	3	2	3	3	3	1	2	0	3	3	2	2	3	3	2	2	1	2	2	2	3	2	3	3	4	
0	3	3	3	2	3	3	3	3	2	3	2	4	2	0	3	4	3	3	3	1	2	3	2	3	3	4	4	2	2	1	
0	3	3	3	3	1	3	3	4	2	2	2	4	3	3	0	3	3	2	3	2	3	3	3	1	2	2	3	3	3	3	
0	3	1	1	3	2	3	2	4	3	3	3	2	3	3	3	0	2	2	3	3	3	3	3	4	2	3	2	3	3	4	
0	3	3	2	2	4	4	4	2	2	3	3	4	3	2	5	4	0	3	3	3	3	3	4	3	3	2	1	2	4	3	
0	4	2	1	1	2	3	2	3	3	3	1	3	1	3	3	3	2	0	3	2	2	1	2	2	2	3	2	3	3	3	
0	2	4	4	2	3	2	1	3	2	3	3	3	3	2	2	4	3	3	0	3	2	4	4	2	3	4	1	4	1	3	
0	2	2	2	2	3	3	3	2	1	2	2	3	1	1	2	3	2	4	2	0	1	2	2	3	3	3	3	3	2	2	
0	3	3	3	3	4	4	3	3	2	3	3	3	2	1	3	2	3	4	2	1	0	3	3	4	4	3	3	3	3	2	
0	3	2	3	2	2	2	2	3	2	3	1	3	3	2	3	2	3	3	3	2	3	0	2	1	3	3	1	3	2	3	
0	3	2	2	2	1	4	3	4	3	2	2	3	1	2	2	3	3	2	3	2	3	2	0	3	2	2	3	3	3	3	
0	3	3	2	3	4	2	2	3	2	2	3	3	2	2	3	4	3	2	3	1	2	2	3	0	3	3	2	2	3	2	
0	2	3	2	2	2	3	2	3	2	3	2	4	2	1	2	4	2	1	1	1	2	2	1	2	0	3	2	3	1	2	
0	2	1	3	4	4	5	2	3	4	3	4	2	4	2	3	2	3	3	4	3	3	3	4	3	3	0	3	4	4	3	
0	2	3	3	1	3	3	3	4	1	2	2	4	2	1	4	3	2	3	2	2	2	3	3	2	2	3	0	3	3	2	
0	3	3	2	2	3	3	3	3	2	2	2	4	2	3	4	2	1	1	3	3	2	1	3	2	3	3	2	0	2	4	
0	1	3	3	3	4	3	2	4	3	3	3	4	3	2	3	4	2	2	4	2	3	3	3	1	4	4	3	3	0	2	
0	3	3	3	3	2	2	2	3	3	3	1	4	2	3	3	3	2	2	4	2	3	2	1	2	3	3	3	1	3	0	
Tamanho_Tarefas
0	20	31	5	20	10	7	24	19	22	27	10	11	19	31	15	27	15	24	3	12	29	29	3	15	19	34	18	24	13	39	
Data_Entrega
0	231	205	198	212	245	245	231	238	249	197	246	239	206	228	253	253	249	198	180	184	190	187	205	229	206	192	196	248	221	194	
Penalidade_Atraso
0	17	11	2	13	6	8	10	13	14	8	14	20	16	3	20	5	10	5	4	2	10	7	14	16	1	6	2	4	2	19	
Capacidade_Veiculo
46	108	92	105	58	87	110	58	110	51	46	49	66	88	90	
Custo_Fixo_Veiculo
460	1080	920	1050	580	870	1100	580	1100	510	460	490	660	880	900	
Coordenadas_Clientes
x	0	y	0
x	124	y	0
x	91	y	19
x	101	y	45
x	93	y	67
x	72	y	81
x	49	y	85
x	23	y	73
x	10	y	101
x	-11	y	110
x	-30	y	95
x	-44	y	76
x	-57	y	63
x	-69	y	50
x	-73	y	32
x	-104	y	22
x	-112	y	0
x	-78	y	-16
x	-105	y	-46
x	-80	y	-58
x	-66	y	-73
x	-40	y	-70
x	-33	y	-101
x	-10	y	-97
x	10	y	-100
x	33	y	-104
x	39	y	-68
x	60	y	-66
x	93	y	-68
x	113	y	-50
x	74	y	-15
Tempo_Viagem
0	124	92	110	114	108	98	76	101	110	99	87	84	85	79	106	112	79	114	98	98	80	106	97	100	109	78	89	115	123	75	
124	0	38	50	73	96	113	124	152	174	180	184	191	199	199	229	236	202	233	211	203	178	186	164	151	137	108	91	74	51	52	
92	38	0	27	48	64	78	86	115	136	142	146	154	162	164	195	203	171	206	187	181	158	172	153	143	135	101	90	87	72	38	
110	50	27	0	23	46	65	82	106	128	139	148	159	170	174	206	217	189	224	208	204	181	198	180	170	162	128	117	113	95	65	
114	73	48	23	0	25	47	70	89	111	126	137	150	162	169	201	215	190	227	212	211	190	210	193	186	181	145	136	135	118	84	
108	96	64	46	25	0	23	49	65	87	102	116	129	143	153	185	201	178	217	205	206	188	210	195	191	188	152	147	150	136	96	
98	113	78	65	47	23	0	28	42	64	79	93	108	122	132	164	181	162	202	192	195	178	203	191	189	189	153	151	159	149	103	
76	124	86	82	70	49	28	0	30	50	57	67	80	94	104	136	153	134	174	166	170	156	182	173	173	177	141	143	157	152	101	
101	152	115	106	89	65	42	30	0	22	40	59	77	94	107	138	157	146	186	182	189	178	206	198	201	206	171	173	187	182	131	
110	174	136	128	111	87	64	50	22	0	24	47	65	82	99	126	147	142	182	181	191	182	212	207	210	218	184	189	206	202	151	
99	180	142	139	126	102	79	57	40	24	0	23	41	58	75	102	123	120	159	160	171	165	196	193	199	208	177	184	204	203	151	
87	184	146	148	137	116	93	67	59	47	23	0	18	35	52	79	100	98	136	138	150	146	177	176	184	195	165	176	198	201	149	
84	191	154	159	150	129	108	80	77	65	41	18	0	17	34	61	82	81	118	123	136	134	165	166	176	189	162	173	199	204	152	
85	199	162	170	162	143	122	94	94	82	58	35	17	0	18	44	65	66	102	108	123	123	154	158	169	184	159	173	200	207	157	
79	199	164	174	169	153	132	104	107	99	75	52	34	18	0	32	50	48	84	90	105	107	138	143	155	172	150	165	193	202	154	
106	229	195	206	201	185	164	136	138	126	102	79	61	44	32	0	23	46	68	83	102	112	142	151	166	186	168	186	216	228	181	
112	236	203	217	215	201	181	153	157	147	123	100	82	65	50	23	0	37	46	66	86	100	128	140	157	178	165	183	215	230	186	
79	202	171	189	190	178	162	134	146	142	120	98	81	66	48	46	37	0	40	42	58	66	96	105	121	141	128	146	178	194	152	
114	233	206	224	227	217	202	174	186	182	159	136	118	102	84	68	46	40	0	27	47	68	90	107	126	148	145	166	199	218	181	
98	211	187	208	212	205	192	166	182	181	160	138	123	108	90	83	66	42	27	0	20	41	63	80	99	121	119	140	173	193	159	
98	203	181	204	211	206	195	170	189	191	171	150	136	123	105	102	86	58	47	20	0	26	43	60	80	103	105	126	159	180	151	
80	178	158	181	190	188	178	156	178	182	165	146	134	123	107	112	100	66	68	41	26	0	31	40	58	80	79	100	133	154	126	
106	186	172	198	210	210	203	182	206	212	196	177	165	154	138	142	128	96	90	63	43	31	0	23	43	66	79	99	130	154	137	
97	164	153	180	193	195	191	173	198	207	193	176	166	158	143	151	140	105	107	80	60	40	23	0	20	43	56	76	107	131	117	
100	151	143	170	186	191	189	173	201	210	199	184	176	169	155	166	157	121	126	99	80	58	43	20	0	23	43	60	88	114	106	
109	137	135	162	181	188	189	177	206	218	208	195	189	184	172	186	178	141	148	121	103	80	66	43	23	0	36	46	69	95	97	
78	108	101	128	145	152	153	141	171	184	177	165	162	159	150	168	165	128	145	119	105	79	79	56	43	36	0	21	54	76	63	
89	91	90	117	136	147	151	143	173	189	184	176	173	173	165	186	183	146	166	140	126	100	99	76	60	46	21	0	33	55	52	
115	74	87	113	135	150	159	157	187	206	204	198	199	200	193	216	215	178	199	173	159	133	130	107	88	69	54	33	0	26	56	
123	51	72	95	118	136	149	152	182	202	203	201	204	207	202	228	230	194	218	193	180	154	154	131	114	95	76	55	26	0	52	
75	52	38	65	84	96	103	101	131	151	151	149	152	157	154	181	186	152	181	159	151	126	137	117	106	97	63	52	56	52	0	
Custo_Viagem
V0
0	1140	846	1012	1048	993	901	699	929	1012	910	800	772	782	726	975	1030	726	1048	901	901	736	975	892	920	1002	717	818	1058	1131	690	
1140	0	349	460	671	883	1039	1140	1398	1600	1656	1692	1757	1830	1830	2106	2171	1858	2143	1950	1867	1637	1711	1518	1389	1269	993	837	680	469	478	
846	349	0	248	441	588	717	791	1058	1251	1306	1343	1416	1490	1508	1794	1867	1582	1895	1720	1665	1453	1582	1407	1315	1242	929	828	800	662	349	
1012	460	248	0	211	423	598	754	975	1186	1288	1361	1462	1564	1600	1895	1996	1738	2070	1913	1876	1665	1821	1656	1573	1499	1177	1085	1039	874	598	
1048	671	441	211	0	230	432	644	818	1030	1159	1260	1380	1490	1554	1858	1978	1748	2088	1959	1941	1748	1932	1775	1711	1665	1334	1260	1242	1085	772	
993	883	588	423	230	0	211	450	598	800	938	1067	1196	1324	1407	1702	1849	1637	1996	1886	1895	1729	1932	1794	1757	1738	1398	1352	1380	1260	883	
901	1039	717	598	432	211	0	257	386	598	726	855	993	1131	1223	1518	1674	1490	1858	1766	1794	1637	1867	1757	1738	1738	1407	1389	1462	1370	947	
699	1140	791	754	644	450	257	0	276	460	524	616	736	864	956	1251	1407	1232	1600	1527	1564	1435	1674	1591	1591	1628	1297	1315	1444	1398	929	
929	1398	1058	975	818	598	386	276	0	202	368	542	708	864	984	1269	1453	1343	1711	1674	1738	1637	1895	1830	1849	1895	1573	1600	1729	1674	1214	
1012	1600	1251	1186	1030	800	598	460	202	0	220	432	598	763	910	1177	1370	1306	1674	1665	1757	1674	1950	1904	1941	2005	1692	1738	1895	1858	1389	
910	1656	1306	1288	1159	938	726	524	368	220	0	211	377	542	699	947	1150	1104	1462	1472	1573	1518	1803	1775	1830	1913	1628	1692	1876	1867	1389	
800	1692	1343	1361	1260	1067	855	616	542	432	211	0	165	331	478	736	929	901	1251	1269	1380	1343	1628	1619	1692	1794	1527	1619	1821	1849	1370	
772	1757	1416	1462	1380	1196	993	736	708	598	377	165	0	156	312	570	763	745	1094	1131	1251	1232	1518	1527	1619	1738	1490	1600	1830	1876	1398	
782	1830	1490	1564	1490	1324	1131	864	864	763	542	331	156	0	165	404	598	607	938	993	1131	1131	1426	1453	1554	1692	1462	1591	1840	1904	1444	
726	1830	1508	1600	1554	1407	1223	956	984	910	699	478	312	165	0	294	460	441	772	828	966	984	1269	1315	1426	1582	1380	1518	1775	1867	1416	
975	2106	1794	1895	1858	1702	1518	1251	1269	1177	947	736	570	404	294	0	211	423	625	763	938	1030	1306	1389	1527	1711	1545	1711	1987	2097	1665	
1030	2171	1867	1996	1978	1849	1674	1407	1453	1370	1150	929	763	598	460	211	0	340	423	607	791	920	1177	1288	1444	1637	1518	1692	1978	2116	1711	
726	1858	1582	1738	1748	1637	1490	1232	1343	1306	1104	901	745	607	441	423	340	0	368	386	533	607	883	966	1113	1297	1177	1343	1637	1784	1398	
1048	2143	1895	2070	2088	1996	1858	1600	1711	1674	1462	1251	1094	938	772	625	423	368	0	248	432	634	828	984	1168	1370	1334	1527	1830	2005	1665	
901	1950	1720	1913	1959	1886	1766	1527	1674	1665	1472	1269	1131	993	828	763	607	386	248	0	184	377	579	736	910	1122	1094	1288	1591	1775	1462	
901	1867	1665	1876	1941	1895	1794	1564	1738	1757	1573	1380	1251	1131	966	938	791	533	432	184	0	239	395	552	736	947	966	1159	1462	1656	1389	
736	1637	1453	1665	1748	1729	1637	1435	1637	1674	1518	1343	1232	1131	984	1030	920	607	634	377	239	0	285	368	533	736	726	920	1223	1416	1159	
975	1711	1582	1821	1932	1932	1867	1674	1895	1950	1803	1628	1518	1426	1269	1306	1177	883	828	579	395	285	0	211	395	607	726	910	1196	1416	1260	
892	1518	1407	1656	1775	1794	1757	1591	1830	1904	1775	1619	1527	1453	1315	1389	1288	966	984	736	552	368	211	0	184	395	515	699	984	1205	1076	
920	1389	1315	1573	1711	1757	1738	1591	1849	1941	1830	1692	1619	1554	1426	1527	1444	1113	1168	910	736	533	395	184	0	211	395	552	809	1048	975	
1002	1269	1242	1499	1665	1738	1738	1628	1895	2005	1913	1794	1738	1692	1582	1711	1637	1297	1370	1122	947	736	607	395	211	0	331	423	634	883	892	
717	993	929	1177	1334	1398	1407	1297	1573	1692	1628	1527	1490	1462	1380	1545	1518	1177	1334	1094	966	726	726	515	395	331	0	193	496	699	579	
818	837	828	1085	1260	1352	1389	1315	1600	1738	1692	1619	1600	1591	1518	1711	1692	1343	1527	1288	1159	920	910	699	552	423	193	0	303	506	478	
1058	680	800	1039	1242	1380	1462	1444	1729	1895	1876	1821	1830	1840	1775	1987	1978	1637	1830	1591	1462	1223	1196	984	809	634	496	303	0	239	515	
1131	469	662	874	1085	1260	1370	1398	1674	1858	1867	1849	1876	1904	1867	2097	2116	1784	2005	1775	1656	1416	1416	1205	1048	883	699	506	239	0	478	
690	478	349	598	772	883	947	929	1214	1389	1389	1370	1398	1444	1416	1665	1711	1398	1665	1462	1389	1159	1260	1076	975	892	579	478	515	478	0	
V1
0	2678	1987	2376	2462	2332	2116	1641	2181	2376	2138	1879	1814	1836	1706	2289	2419	1706	2462	2116	2116	1728	2289	2095	2160	2354	1684	1922	2484	2656	1620	
2678	0	820	1080	1576	2073	2440	2678	3283	3758	3888	3974	4125	4298	4298	4946	5097	4363	5032	4579	4384	3844	4017	3564	3261	2980	2332	1965	1598	1101	1123	
1987	820	0	583	1036	1382	1684	1857	2484	2937	3067	3153	3326	3499	3542	4212	4384	3715	4449	4039	3909	3412	3715	3304	3088	2916	2181	1944	1879	1555	820	
2376	1080	583	0	496	993	1404	1771	2289	2786	3024	3196	3434	3672	3758	4449	4687	4082	4860	4492	4406	3909	4276	3888	3693	3520	2764	2548	2440	2052	1404	
2462	1576	1036	496	0	540	1015	1512	1922	2419	2721	2959	3240	3499	3650	4363	4644	4104	4903	4600	4557	4104	4536	4168	4017	3909	3132	2959	2916	2548	1814	
2332	2073	1382	993	540	0	496	1058	1404	1879	2203	2505	2808	3110	3304	3996	4341	3844	4687	4428	4449	4060	4536	4212	4125	4082	3283	3175	3240	2959	2073	
2116	2440	1684	1404	1015	496	0	604	907	1404	1706	2008	2332	2656	2872	3564	3931	3499	4363	4147	4212	3844	4384	4125	4082	4082	3304	3261	3434	3218	2224	
1641	2678	1857	1771	1512	1058	604	0	648	1080	1231	1447	1728	2030	2246	2937	3304	2894	3758	3585	3672	3369	3931	3736	3736	3823	3045	3088	3391	3283	2181	
2181	3283	2484	2289	1922	1404	907	648	0	475	864	1274	1663	2030	2311	2980	3412	3153	4017	3931	4082	3844	4449	4298	4341	4449	3693	3758	4060	3931	2851	
2376	3758	2937	2786	2419	1879	1404	1080	475	0	518	1015	1404	1792	2138	2764	3218	3067	3931	3909	4125	3931	4579	4471	4557	4708	3974	4082	4449	4363	3261	
2138	3888	3067	3024	2721	2203	1706	1231	864	518	0	496	885	1274	1641	2224	2700	2592	3434	3456	3693	3564	4233	4168	4298	4492	3823	3974	4406	4384	3261	
1879	3974	3153	3196	2959	2505	2008	1447	1274	1015	496	0	388	777	1123	1728	2181	2116	2937	2980	3240	3153	3823	3801	3974	4212	3585	3801	4276	4341	3218	
1814	4125	3326	3434	3240	2808	2332	1728	1663	1404	885	388	0	367	734	1339	1792	1749	2570	2656	2937	2894	3564	3585	3801	4082	3499	3758	4298	4406	3283	
1836	4298	3499	3672	3499	3110	2656	2030	2030	1792	1274	777	367	0	388	950	1404	1425	2203	2332	2656	2656	3348	3412	3650	3974	3434	3736	4320	4471	3391	
1706	4298	3542	3758	3650	3304	2872	2246	2311	2138	1641	1123	734	388	0	691	1080	1036	1814	1944	2268	2311	2980	3088	3348	3715	3240	3564	4168	4384	3326	
2289	4946	4212	4449	4363	3996	3564	2937	2980	2764	2224	1728	1339	950	691	0	496	993	1468	1792	2203	2419	3067	3261	3585	4017	3628	4017	4665	4924	3909	
2419	5097	4384	4687	4644	4341	3931	3304	3412	3218	2700	2181	1792	1404	1080	496	0	799	993	1425	1857	2160	2764	3024	3391	3844	3564	3974	4644	4968	4017	
1706	4363	3715	4082	4104	3844	3499	2894	3153	3067	2592	2116	1749	1425	1036	993	799	0	864	907	1252	1425	2073	2268	2613	3045	2764	3153	3844	4190	3283	
2462	5032	4449	4860	4903	4687	4363	3758	4017	3931	3434	2937	2570	2203	1814	1468	993	864	0	583	1015	1490	1944	2311	2743	3218	3132	3585	4298	4708	3909	
2116	4579	4039	4492	4600	4428	4147	3585	3931	3909	3456	2980	2656	2332	1944	1792	1425	907	583	0	432	885	1360	1728	2138	2635	2570	3024	3736	4168	3434	
2116	4384	3909	4406	4557	4449	4212	3672	4082	4125	3693	3240	2937	2656	2268	2203	1857	1252	1015	432	0	561	928	1296	1728	2224	2268	2721	3434	3888	3261	
1728	3844	3412	3909	4104	4060	3844	3369	3844	3931	3564	3153	2894	2656	2311	2419	2160	1425	1490	885	561	0	669	864	1252	1728	1706	2160	2872	3326	2721	
2289	4017	3715	4276	4536	4536	4384	3931	4449	4579	4233	3823	3564	3348	2980	3067	2764	2073	1944	1360	928	669	0	496	928	1425	1706	2138	2808	3326	2959	
2095	3564	3304	3888	4168	4212	4125	3736	4298	4471	4168	3801	3585	3412	3088	3261	3024	2268	2311	1728	1296	864	496	0	432	928	1209	1641	2311	2829	2527	
2160	3261	3088	3693	4017	4125	4082	3736	4341	4557	4298	3974	3801	3650	3348	3585	3391	2613	2743	2138	1728	1252	928	432	0	496	928	1296	1900	2462	2289	
2354	2980	2916	3520	3909	4082	4082	3823	4449	4708	4492	4212	4082	3974	3715	4017	3844	3045	3218	2635	2224	1728	1425	928	496	0	777	993	1490	2073	2095	
1684	2332	2181	2764	3132	3283	3304	3045	3693	3974	3823	3585	3499	3434	3240	3628	3564	2764	3132	2570	2268	1706	1706	1209	928	777	0	453	1166	1641	1360	
1922	1965	1944	2548	2959	3175	3261	3088	3758	4082	3974	3801	3758	3736	3564	4017	3974	3153	3585	3024	2721	2160	2138	1641	1296	993	453	0	712	1188	1123	
2484	1598	1879	2440	2916	3240	3434	3391	4060	4449	4406	4276	4298	4320	4168	4665	4644	3844	4298	3736	3434	2872	2808	2311	1900	1490	1166	712	0	561	1209	
2656	1101	1555	2052	2548	2959	3218	3283	3931	4363	4384	4341	4406	4471	4384	4924	4968	4190	4708	4168	3888	3326	3326	2829	2462	2073	1641	1188	561	0	1123	
1620	1123	820	1404	1814	2073	2224	2181	2851	3261	3261	3218	3283	3391	3326	3909	4017	3283	3909	3434	3261	2721	2959	2527	2289	2095	1360	1123	1209	1123	0	
V2
0	2281	1692	2024	2097	1987	1803	1398	1858	2024	1821	1600	1545	1564	1453	1950	2060	1453	2097	1803	1803	1472	1950	1784	1840	2005	1435	1637	2116	2263	1380	
2281	0	699	920	1343	1766	2079	2281	2796	3201	3312	3385	3514	3661	3661	4213	4342	3716	4287	3900	3735	3275	3422	3036	2778	2539	1987	1674	1361	938	956	
1692	699	0	496	883	1177	1435	1582	2116	2502	2612	2686	2833	2980	3017	3588	3735	3164	3790	3440	3330	2907	3164	2815	2631	2484	1858	1656	1600	1324	699	
2024	920	496	0	423	846	1196	1508	1950	2373	2576	2723	2925	3128	3201	3790	3992	3477	4140	3827	3753	3330	3643	3312	3146	2999	2355	2171	2079	1748	1196	
2097	1343	883	423	0	460	864	1288	1637	2060	2318	2520	2760	2980	3109	3716	3956	3496	4176	3919	3882	3496	3864	3551	3422	3330	2668	2520	2484	2171	1545	
1987	1766	1177	846	460	0	423	901	1196	1600	1876	2134	2392	2649	2815	3404	3698	3275	3992	3772	3790	3459	3864	3588	3514	3477	2796	2704	2760	2520	1766	
1803	2079	1435	1196	864	423	0	515	772	1196	1453	1711	1987	2263	2447	3036	3348	2980	3716	3532	3588	3275	3735	3514	3477	3477	2815	2778	2925	2741	1895	
1398	2281	1582	1508	1288	901	515	0	552	920	1048	1232	1472	1729	1913	2502	2815	2465	3201	3054	3128	2870	3348	3183	3183	3256	2594	2631	2888	2796	1858	
1858	2796	2116	1950	1637	1196	772	552	0	404	736	1085	1416	1729	1968	2539	2907	2686	3422	3348	3477	3275	3790	3661	3698	3790	3146	3201	3459	3348	2428	
2024	3201	2502	2373	2060	1600	1196	920	404	0	441	864	1196	1527	1821	2355	2741	2612	3348	3330	3514	3348	3900	3808	3882	4011	3385	3477	3790	3716	2778	
1821	3312	2612	2576	2318	1876	1453	1048	736	441	0	423	754	1085	1398	1895	2300	2208	2925	2944	3146	3036	3606	3551	3661	3827	3256	3385	3753	3735	2778	
1600	3385	2686	2723	2520	2134	1711	1232	1085	864	423	0	331	662	956	1472	1858	1803	2502	2539	2760	2686	3256	3238	3385	3588	3054	3238	3643	3698	2741	
1545	3514	2833	2925	2760	2392	1987	1472	1416	1196	754	331	0	312	625	1140	1527	1490	2189	2263	2502	2465	3036	3054	3238	3477	2980	3201	3661	3753	2796	
1564	3661	2980	3128	2980	2649	2263	1729	1729	1527	1085	662	312	0	331	809	1196	1214	1876	1987	2263	2263	2852	2907	3109	3385	2925	3183	3680	3808	2888	
1453	3661	3017	3201	3109	2815	2447	1913	1968	1821	1398	956	625	331	0	588	920	883	1545	1656	1932	1968	2539	2631	2852	3164	2760	3036	3551	3735	2833	
1950	4213	3588	3790	3716	3404	3036	2502	2539	2355	1895	1472	1140	809	588	0	423	846	1251	1527	1876	2060	2612	2778	3054	3422	3091	3422	3974	4195	3330	
2060	4342	3735	3992	3956	3698	3348	2815	2907	2741	2300	1858	1527	1196	920	423	0	680	846	1214	1582	1840	2355	2576	2888	3275	3036	3385	3956	4232	3422	
1453	3716	3164	3477	3496	3275	2980	2465	2686	2612	2208	1803	1490	1214	883	846	680	0	736	772	1067	1214	1766	1932	2226	2594	2355	2686	3275	3569	2796	
2097	4287	3790	4140	4176	3992	3716	3201	3422	3348	2925	2502	2189	1876	1545	1251	846	736	0	496	864	1269	1656	1968	2336	2741	2668	3054	3661	4011	3330	
1803	3900	3440	3827	3919	3772	3532	3054	3348	3330	2944	2539	2263	1987	1656	1527	1214	772	496	0	368	754	1159	1472	1821	2244	2189	2576	3183	3551	2925	
1803	3735	3330	3753	3882	3790	3588	3128	3477	3514	3146	2760	2502	2263	1932	1876	1582	1067	864	368	0	478	791	1104	1472	1895	1932	2318	2925	3312	2778	
1472	3275	2907	3330	3496	3459	3275	2870	3275	3348	3036	2686	2465	2263	1968	2060	1840	1214	1269	754	478	0	570	736	1067	1472	1453	1840	2447	2833	2318	
1950	3422	3164	3643	3864	3864	3735	3348	3790	3900	3606	3256	3036	2852	2539	2612	2355	1766	1656	1159	791	570	0	423	791	1214	1453	1821	2392	2833	2520	
1784	3036	2815	3312	3551	3588	3514	3183	3661	3808	3551	3238	3054	2907	2631	2778	2576	1932	1968	1472	1104	736	423	0	368	791	1030	1398	1968	2410	2152	
1840	2778	2631	3146	3422	3514	3477	3183	3698	3882	3661	3385	3238	3109	2852	3054	2888	2226	2336	1821	1472	1067	791	368	0	423	791	1104	1619	2097	1950	
2005	2539	2484	2999	3330	3477	3477	3256	3790	4011	3827	3588	3477	3385	3164	3422	3275	2594	2741	2244	1895	1472	1214	791	423	0	662	846	1269	1766	1784	
1435	1987	1858	2355	2668	2796	2815	2594	3146	3385	3256	3054	2980	2925	2760	3091	3036	2355	2668	2189	1932	1453	1453	1030	791	662	0	386	993	1398	1159	
1637	1674	1656	2171	2520	2704	2778	2631	3201	3477	3385	3238	3201	3183	3036	3422	3385	2686	3054	2576	2318	1840	1821	1398	1104	846	386	0	607	1012	956	
2116	1361	1600	2079	2484	2760	2925	2888	3459	3790	3753	3643	3661	3680	3551	3974	3956	3275	3661	3183	2925	2447	2392	1968	1619	1269	993	607	0	478	1030	
2263	938	1324	1748	2171	2520	2741	2796	3348	3716	3735	3698	3753	3808	3735	4195	4232	3569	4011	3551	3312	2833	2833	2410	2097	1766	1398	1012	478	0	956	
1380	956	699	1196	1545	1766	1895	1858	2428	2778	2778	2741	2796	2888	2833	3330	3422	2796	3330	2925	2778	2318	2520	2152	1950	1784	1159	956	1030	956	0	
V3
0	2604	1932	2310	2394	2268	2058	1596	2121	2310	2079	1827	1764	1785	1659	2226	2352	1659	2394	2058	2058	1680	2226	2037	2100	2289	1638	1869	2415	2583	1575	
2604	0	798	1050	1533	2016	2373	2604	3192	3654	3780	3864	4011	4179	4179	4809	4956	4242	4893	4452	4263	3738	3906	3465	3171	2898	2268	1911	1554	1071	1092	
1932	798	0	567	1008	1344	1638	1806	2415	2856	2982	3066	3234	3402	3444	4095	4263	3612	4326	3927	3801	3318	3612	3213	3003	2835	2121	1890	1827	1512	798	
2310	1050	567	0	483	966	1365	1722	2226	2709	2940	3108	3339	3570	3654	4326	4557	3969	4725	4368	4284	3801	4158	3780	3591	3423	2688	2478	2373	1995	1365	
2394	1533	1008	483	0	525	987	1470	1869	2352	2646	2877	3150	3402	3549	4242	4515	3990	4767	4473	4431	3990	4410	4053	3906	3801	3045	2877	2835	2478	1764	
2268	2016	1344	966	525	0	483	1029	1365	1827	2142	2436	2730	3024	3213	3885	4221	3738	4557	4305	4326	3948	4410	4095	4011	3969	3192	3087	3150	2877	2016	
2058	2373	1638	1365	987	483	0	588	882	1365	1659	1953	2268	2583	2793	3465	3822	3402	4242	4032	4095	3738	4263	4011	3969	3969	3213	3171	3339	3129	2163	
1596	2604	1806	1722	1470	1029	588	0	630	1050	1197	1407	1680	1974	2184	2856	3213	2814	3654	3486	3570	3276	3822	3633	3633	3717	2961	3003	3297	3192	2121	
2121	3192	2415	2226	1869	1365	882	630	0	462	840	1239	1617	1974	2247	2898	3318	3066	3906	3822	3969	3738	4326	4179	4221	4326	3591	3654	3948	3822	2772	
2310	3654	2856	2709	2352	1827	1365	1050	462	0	504	987	1365	1743	2079	2688	3129	2982	3822	3801	4011	3822	4452	4347	4431	4578	3864	3969	4326	4242	3171	
2079	3780	2982	2940	2646	2142	1659	1197	840	504	0	483	861	1239	1596	2163	2625	2520	3339	3360	3591	3465	4116	4053	4179	4368	3717	3864	4284	4263	3171	
1827	3864	3066	3108	2877	2436	1953	1407	1239	987	483	0	378	756	1092	1680	2121	2058	2856	2898	3150	3066	3717	3696	3864	4095	3486	3696	4158	4221	3129	
1764	4011	3234	3339	3150	2730	2268	1680	1617	1365	861	378	0	357	714	1302	1743	1701	2499	2583	2856	2814	3465	3486	3696	3969	3402	3654	4179	4284	3192	
1785	4179	3402	3570	3402	3024	2583	1974	1974	1743	1239	756	357	0	378	924	1365	1386	2142	2268	2583	2583	3255	3318	3549	3864	3339	3633	4200	4347	3297	
1659	4179	3444	3654	3549	3213	2793	2184	2247	2079	1596	1092	714	378	0	672	1050	1008	1764	1890	2205	2247	2898	3003	3255	3612	3150	3465	4053	4263	3234	
2226	4809	4095	4326	4242	3885	3465	2856	2898	2688	2163	1680	1302	924	672	0	483	966	1428	1743	2142	2352	2982	3171	3486	3906	3528	3906	4536	4788	3801	
2352	4956	4263	4557	4515	4221	3822	3213	3318	3129	2625	2121	1743	1365	1050	483	0	777	966	1386	1806	2100	2688	2940	3297	3738	3465	3864	4515	4830	3906	
1659	4242	3612	3969	3990	3738	3402	2814	3066	2982	2520	2058	1701	1386	1008	966	777	0	840	882	1218	1386	2016	2205	2541	2961	2688	3066	3738	4074	3192	
2394	4893	4326	4725	4767	4557	4242	3654	3906	3822	3339	2856	2499	2142	1764	1428	966	840	0	567	987	1449	1890	2247	2667	3129	3045	3486	4179	4578	3801	
2058	4452	3927	4368	4473	4305	4032	3486	3822	3801	3360	2898	2583	2268	1890	1743	1386	882	567	0	420	861	1323	1680	2079	2562	2499	2940	3633	4053	3339	
2058	4263	3801	4284	4431	4326	4095	3570	3969	4011	3591	3150	2856	2583	2205	2142	1806	1218	987	420	0	546	903	1260	1680	2163	2205	2646	3339	3780	3171	
1680	3738	3318	3801	3990	3948	3738	3276	3738	3822	3465	3066	2814	2583	2247	2352	2100	1386	1449	861	546	0	651	840	1218	1680	1659	2100	2793	3234	2646	
2226	3906	3612	4158	4410	4410	4263	3822	4326	4452	4116	3717	3465	3255	2898	2982	2688	2016	1890	1323	903	651	0	483	903	1386	1659	2079	2730	3234	2877	
2037	3465	3213	3780	4053	4095	4011	3633	4179	4347	4053	3696	3486	3318	3003	3171	2940	2205	2247	1680	1260	840	483	0	420	903	1176	1596	2247	2751	2457	
2100	3171	3003	3591	3906	4011	3969	3633	4221	4431	4179	3864	3696	3549	3255	3486	3297	2541	2667	2079	1680	1218	903	420	0	483	903	1260	1848	2394	2226	
2289	2898	2835	3423	3801	3969	3969	3717	4326	4578	4368	4095	3969	3864	3612	3906	3738	2961	3129	2562	2163	1680	1386	903	483	0	756	966	1449	2016	2037	
1638	2268	2121	2688	3045	3192	3213	2961	3591	3864	3717	3486	3402	3339	3150	3528	3465	2688	3045	2499	2205	1659	1659	1176	903	756	0	441	1134	1596	1323	
1869	1911	1890	2478	2877	3087	3171	3003	3654	3969	3864	3696	3654	3633	3465	3906	3864	3066	3486	2940	2646	2100	2079	1596	1260	966	441	0	693	1155	1092	
2415	1554	1827	2373	2835	3150	3339	3297	3948	4326	4284	4158	4179	4200	4053	4536	4515	3738	4179	3633	3339	2793	2730	2247	1848	1449	1134	693	0	546	1176	
2583	1071	1512	1995	2478	2877	3129	3192	3822	4242	4263	4221	4284	4347	4263	4788	4830	4074	4578	4053	3780	3234	3234	2751	2394	2016	1596	1155	546	0	1092	
1575	1092	798	1365	1764	2016	2163	2121	2772	3171	3171	3129	3192	3297	3234	3801	3906	3192	3801	3339	3171	2646	2877	2457	2226	2037	1323	1092	1176	1092	0	
V4
0	1438	1067	1276	1322	1252	1136	881	1171	1276	1148	1009	974	986	916	1229	1299	916	1322	1136	1136	928	1229	1125	1160	1264	904	1032	1334	1426	870	
1438	0	440	580	846	1113	1310	1438	1763	2018	2088	2134	2215	2308	2308	2656	2737	2343	2702	2459	2354	2064	2157	1914	1751	1600	1252	1055	858	591	603	
1067	440	0	313	556	742	904	997	1334	1577	1647	1693	1786	1879	1902	2262	2354	1995	2389	2169	2099	1832	1995	1774	1658	1566	1171	1044	1009	835	440	
1276	580	313	0	266	533	754	951	1229	1496	1624	1716	1844	1972	2018	2389	2517	2192	2610	2412	2366	2099	2296	2088	1983	1890	1484	1368	1310	1102	754	
1322	846	556	266	0	290	545	812	1032	1299	1461	1589	1740	1879	1960	2343	2494	2204	2633	2470	2447	2204	2436	2238	2157	2099	1682	1589	1566	1368	974	
1252	1113	742	533	290	0	266	568	754	1009	1183	1345	1508	1670	1774	2146	2331	2064	2517	2378	2389	2180	2436	2262	2215	2192	1763	1705	1740	1589	1113	
1136	1310	904	754	545	266	0	324	487	754	916	1078	1252	1426	1542	1914	2111	1879	2343	2227	2262	2064	2354	2215	2192	2192	1774	1751	1844	1728	1194	
881	1438	997	951	812	568	324	0	348	580	661	777	928	1090	1206	1577	1774	1554	2018	1925	1972	1809	2111	2006	2006	2053	1635	1658	1821	1763	1171	
1171	1763	1334	1229	1032	754	487	348	0	255	464	684	893	1090	1241	1600	1832	1693	2157	2111	2192	2064	2389	2308	2331	2389	1983	2018	2180	2111	1531	
1276	2018	1577	1496	1299	1009	754	580	255	0	278	545	754	962	1148	1484	1728	1647	2111	2099	2215	2111	2459	2401	2447	2528	2134	2192	2389	2343	1751	
1148	2088	1647	1624	1461	1183	916	661	464	278	0	266	475	684	881	1194	1450	1392	1844	1856	1983	1914	2273	2238	2308	2412	2053	2134	2366	2354	1751	
1009	2134	1693	1716	1589	1345	1078	777	684	545	266	0	208	417	603	928	1171	1136	1577	1600	1740	1693	2053	2041	2134	2262	1925	2041	2296	2331	1728	
974	2215	1786	1844	1740	1508	1252	928	893	754	475	208	0	197	394	719	962	939	1380	1426	1577	1554	1914	1925	2041	2192	1879	2018	2308	2366	1763	
986	2308	1879	1972	1879	1670	1426	1090	1090	962	684	417	197	0	208	510	754	765	1183	1252	1426	1426	1798	1832	1960	2134	1844	2006	2320	2401	1821	
916	2308	1902	2018	1960	1774	1542	1206	1241	1148	881	603	394	208	0	371	580	556	974	1044	1218	1241	1600	1658	1798	1995	1740	1914	2238	2354	1786	
1229	2656	2262	2389	2343	2146	1914	1577	1600	1484	1194	928	719	510	371	0	266	533	788	962	1183	1299	1647	1751	1925	2157	1948	2157	2505	2644	2099	
1299	2737	2354	2517	2494	2331	2111	1774	1832	1728	1450	1171	962	754	580	266	0	429	533	765	997	1160	1484	1624	1821	2064	1914	2134	2494	2668	2157	
916	2343	1995	2192	2204	2064	1879	1554	1693	1647	1392	1136	939	765	556	533	429	0	464	487	672	765	1113	1218	1403	1635	1484	1693	2064	2250	1763	
1322	2702	2389	2610	2633	2517	2343	2018	2157	2111	1844	1577	1380	1183	974	788	533	464	0	313	545	800	1044	1241	1473	1728	1682	1925	2308	2528	2099	
1136	2459	2169	2412	2470	2378	2227	1925	2111	2099	1856	1600	1426	1252	1044	962	765	487	313	0	232	475	730	928	1148	1415	1380	1624	2006	2238	1844	
1136	2354	2099	2366	2447	2389	2262	1972	2192	2215	1983	1740	1577	1426	1218	1183	997	672	545	232	0	301	498	696	928	1194	1218	1461	1844	2088	1751	
928	2064	1832	2099	2204	2180	2064	1809	2064	2111	1914	1693	1554	1426	1241	1299	1160	765	800	475	301	0	359	464	672	928	916	1160	1542	1786	1461	
1229	2157	1995	2296	2436	2436	2354	2111	2389	2459	2273	2053	1914	1798	1600	1647	1484	1113	1044	730	498	359	0	266	498	765	916	1148	1508	1786	1589	
1125	1914	1774	2088	2238	2262	2215	2006	2308	2401	2238	2041	1925	1832	1658	1751	1624	1218	1241	928	696	464	266	0	232	498	649	881	1241	1519	1357	
1160	1751	1658	1983	2157	2215	2192	2006	2331	2447	2308	2134	2041	1960	1798	1925	1821	1403	1473	1148	928	672	498	232	0	266	498	696	1020	1322	1229	
1264	1600	1566	1890	2099	2192	2192	2053	2389	2528	2412	2262	2192	2134	1995	2157	2064	1635	1728	1415	1194	928	765	498	266	0	417	533	800	1113	1125	
904	1252	1171	1484	1682	1763	1774	1635	1983	2134	2053	1925	1879	1844	1740	1948	1914	1484	1682	1380	1218	916	916	649	498	417	0	243	626	881	730	
1032	1055	1044	1368	1589	1705	1751	1658	2018	2192	2134	2041	2018	2006	1914	2157	2134	1693	1925	1624	1461	1160	1148	881	696	533	243	0	382	638	603	
1334	858	1009	1310	1566	1740	1844	1821	2180	2389	2366	2296	2308	2320	2238	2505	2494	2064	2308	2006	1844	1542	1508	1241	1020	800	626	382	0	301	649	
1426	591	835	1102	1368	1589	1728	1763	2111	2343	2354	2331	2366	2401	2354	2644	2668	2250	2528	2238	2088	1786	1786	1519	1322	1113	881	638	301	0	603	
870	603	440	754	974	1113	1194	1171	1531	1751	1751	1728	1763	1821	1786	2099	2157	1763	2099	1844	1751	1461	1589	1357	1229	1125	730	603	649	603	0	
V5
0	2157	1600	1914	1983	1879	1705	1322	1757	1914	1722	1513	1461	1479	1374	1844	1948	1374	1983	1705	1705	1392	1844	1687	1740	1896	1357	1548	2001	2140	1305	
2157	0	661	870	1270	1670	1966	2157	2644	3027	3132	3201	3323	3462	3462	3984	4106	3514	4054	3688	3532	3097	3236	2871	2627	2401	1879	1583	1287	887	904	
1600	661	0	469	835	1113	1357	1496	2001	2366	2470	2540	2679	2818	2853	3393	3532	2992	3584	3253	3149	2749	2992	2662	2488	2349	1757	1566	1513	1252	661	
1914	870	469	0	400	800	1131	1426	1844	2244	2436	2575	2766	2958	3027	3584	3775	3288	3915	3619	3549	3149	3445	3132	2975	2836	2227	2053	1966	1653	1131	
1983	1270	835	400	0	435	817	1218	1548	1948	2192	2383	2610	2818	2940	3514	3741	3306	3949	3706	3671	3306	3654	3358	3236	3149	2523	2383	2349	2053	1461	
1879	1670	1113	800	435	0	400	852	1131	1513	1774	2018	2262	2505	2662	3219	3497	3097	3775	3567	3584	3271	3654	3393	3323	3288	2644	2557	2610	2383	1670	
1705	1966	1357	1131	817	400	0	487	730	1131	1374	1618	1879	2140	2314	2871	3166	2818	3514	3340	3393	3097	3532	3323	3288	3288	2662	2627	2766	2592	1792	
1322	2157	1496	1426	1218	852	487	0	522	870	991	1165	1392	1635	1809	2366	2662	2331	3027	2888	2958	2714	3166	3010	3010	3079	2453	2488	2731	2644	1757	
1757	2644	2001	1844	1548	1131	730	522	0	382	696	1026	1339	1635	1861	2401	2749	2540	3236	3166	3288	3097	3584	3462	3497	3584	2975	3027	3271	3166	2296	
1914	3027	2366	2244	1948	1513	1131	870	382	0	417	817	1131	1444	1722	2227	2592	2470	3166	3149	3323	3166	3688	3601	3671	3793	3201	3288	3584	3514	2627	
1722	3132	2470	2436	2192	1774	1374	991	696	417	0	400	713	1026	1322	1792	2175	2088	2766	2784	2975	2871	3410	3358	3462	3619	3079	3201	3549	3532	2627	
1513	3201	2540	2575	2383	2018	1618	1165	1026	817	400	0	313	626	904	1392	1757	1705	2366	2401	2610	2540	3079	3062	3201	3393	2888	3062	3445	3497	2592	
1461	3323	2679	2766	2610	2262	1879	1392	1339	1131	713	313	0	295	591	1078	1444	1409	2070	2140	2366	2331	2871	2888	3062	3288	2818	3027	3462	3549	2644	
1479	3462	2818	2958	2818	2505	2140	1635	1635	1444	1026	626	295	0	313	765	1131	1148	1774	1879	2140	2140	2697	2749	2940	3201	2766	3010	3480	3601	2731	
1374	3462	2853	3027	2940	2662	2314	1809	1861	1722	1322	904	591	313	0	556	870	835	1461	1566	1827	1861	2401	2488	2697	2992	2610	2871	3358	3532	2679	
1844	3984	3393	3584	3514	3219	2871	2366	2401	2227	1792	1392	1078	765	556	0	400	800	1183	1444	1774	1948	2470	2627	2888	3236	2923	3236	3758	3967	3149	
1948	4106	3532	3775	3741	3497	3166	2662	2749	2592	2175	1757	1444	1131	870	400	0	643	800	1148	1496	1740	2227	2436	2731	3097	2871	3201	3741	4002	3236	
1374	3514	2992	3288	3306	3097	2818	2331	2540	2470	2088	1705	1409	1148	835	800	643	0	696	730	1009	1148	1670	1827	2105	2453	2227	2540	3097	3375	2644	
1983	4054	3584	3915	3949	3775	3514	3027	3236	3166	2766	2366	2070	1774	1461	1183	800	696	0	469	817	1200	1566	1861	2209	2592	2523	2888	3462	3793	3149	
1705	3688	3253	3619	3706	3567	3340	2888	3166	3149	2784	2401	2140	1879	1566	1444	1148	730	469	0	348	713	1096	1392	1722	2122	2070	2436	3010	3358	2766	
1705	3532	3149	3549	3671	3584	3393	2958	3288	3323	2975	2610	2366	2140	1827	1774	1496	1009	817	348	0	452	748	1044	1392	1792	1827	2192	2766	3132	2627	
1392	3097	2749	3149	3306	3271	3097	2714	3097	3166	2871	2540	2331	2140	1861	1948	1740	1148	1200	713	452	0	539	696	1009	1392	1374	1740	2314	2679	2192	
1844	3236	2992	3445	3654	3654	3532	3166	3584	3688	3410	3079	2871	2697	2401	2470	2227	1670	1566	1096	748	539	0	400	748	1148	1374	1722	2262	2679	2383	
1687	2871	2662	3132	3358	3393	3323	3010	3462	3601	3358	3062	2888	2749	2488	2627	2436	1827	1861	1392	1044	696	400	0	348	748	974	1322	1861	2279	2035	
1740	2627	2488	2975	3236	3323	3288	3010	3497	3671	3462	3201	3062	2940	2697	2888	2731	2105	2209	1722	1392	1009	748	348	0	400	748	1044	1531	1983	1844	
1896	2401	2349	2836	3149	3288	3288	3079	3584	3793	3619	3393	3288	3201	2992	3236	3097	2453	2592	2122	1792	1392	1148	748	400	0	626	800	1200	1670	1687	
1357	1879	1757	2227	2523	2644	2662	2453	2975	3201	3079	2888	2818	2766	2610	2923	2871	2227	2523	2070	1827	1374	1374	974	748	626	0	365	939	1322	1096	
