M: 4
N: 30
Nun_Veiculos: 8
Capacidade_Total: 575
Demanda_Total: 466
Setup_Min: 1
Setup_Max: 99
Raio: 100
Circulos: 1
Tempo_Processamento_Min: 1
Tempo_Processamento_Max: 49
Demanda_Min: 10
Demanda_Max: 30
Priority_Factor: 0.2
Range_Factor_R: 0.8
U_factor: 2
ALpha: 0.2Replicao: 3
Tempos_Processamentos
0	0	1	0	2	0	3	0	
0	34	1	39	2	22	3	45	
0	30	1	27	2	2	3	25	
0	33	1	17	2	20	3	34	
0	7	1	28	2	2	3	12	
0	21	1	11	2	2	3	23	
0	30	1	6	2	13	3	5	
0	19	1	20	2	20	3	20	
0	12	1	38	2	20	3	24	
0	3	1	32	2	2	3	9	
0	17	1	6	2	49	3	36	
0	45	1	3	2	45	3	45	
0	33	1	22	2	6	3	5	
0	13	1	7	2	34	3	13	
0	34	1	8	2	42	3	49	
0	25	1	5	2	46	3	43	
0	7	1	33	2	19	3	40	
0	36	1	48	2	33	3	15	
0	24	1	16	2	24	3	16	
0	44	1	44	2	1	3	6	
0	2	1	27	2	44	3	31	
0	33	1	46	2	21	3	28	
0	2	1	24	2	44	3	4	
0	19	1	49	2	7	3	23	
0	12	1	20	2	24	3	30	
0	41	1	9	2	42	3	34	
0	11	1	47	2	31	3	33	
0	3	1	49	2	18	3	5	
0	3	1	21	2	28	3	28	
0	1	1	36	2	35	3	13	
0	31	1	32	2	18	3	43	

Tempos_setup
M0
0	0	0	0	0	0	0	0	0	0	0	0	0	0	0	0	0	0	0	0	0	0	0	0	0	0	0	0	0	0	0	
0	0	31	16	21	18	16	17	16	19	8	5	8	11	18	16	17	13	16	2	20	14	2	17	20	21	15	15	12	13	20	
0	11	0	7	9	11	14	12	4	13	6	10	13	16	11	17	14	1	4	13	23	12	7	12	18	9	3	12	12	17	12	
0	16	25	0	11	19	16	14	6	14	18	17	9	23	13	18	15	13	16	8	18	5	18	23	27	11	15	21	14	19	10	
0	12	29	14	0	10	5	19	11	17	11	15	18	21	18	24	18	22	25	14	17	19	12	29	23	16	24	27	19	25	13	
0	2	19	17	19	0	18	10	18	7	10	7	10	13	9	15	8	15	17	4	16	15	4	19	22	7	17	17	10	15	3	
0	16	25	9	11	17	0	14	6	23	6	10	13	16	13	19	22	17	20	17	12	14	7	26	18	11	19	28	14	23	19	
0	18	21	7	18	16	20	0	13	21	19	3	15	9	20	15	11	20	17	13	25	12	20	17	27	18	22	21	10	24	17	
0	10	19	3	5	13	10	8	0	17	16	11	12	17	7	13	18	16	14	11	21	8	12	25	25	5	13	24	8	22	13	
0	24	15	14	12	22	17	7	19	0	16	10	12	16	6	12	1	16	14	10	16	19	17	24	24	4	18	23	7	21	24	
0	19	30	15	20	17	15	16	15	24	0	4	7	10	16	16	16	25	18	14	19	13	1	20	12	20	21	22	11	17	20	
0	15	26	11	16	13	17	19	11	20	16	0	12	6	18	12	12	21	14	10	24	9	17	25	24	16	21	18	7	21	16	
0	25	25	16	20	25	25	9	15	30	28	12	0	18	22	24	20	26	26	22	12	21	26	26	36	20	28	30	19	33	26	
0	9	26	5	16	7	21	16	11	14	16	14	7	0	16	22	15	18	16	11	19	3	11	20	28	14	15	22	17	22	10	
0	19	22	8	17	17	11	1	14	21	10	4	6	10	0	6	12	15	8	4	15	13	11	18	18	19	17	17	1	15	18	
0	14	25	15	21	12	19	10	16	19	4	8	11	14	9	0	11	24	2	13	23	16	5	14	12	19	21	26	10	17	15	
0	25	14	19	23	25	28	12	18	27	20	15	27	21	25	24	0	15	18	13	15	24	21	26	32	23	17	26	22	21	26	
0	13	22	6	8	16	13	11	3	15	5	9	12	15	10	16	13	0	3	14	22	11	6	11	17	8	2	11	11	16	11	
0	21	29	14	22	19	17	8	17	26	2	6	9	12	7	13	18	22	0	11	21	15	3	12	14	22	23	24	8	19	22	
0	24	32	17	19	26	24	15	14	17	16	16	22	22	16	14	18	11	14	0	25	22	17	15	26	19	13	13	17	11	22	
0	13	13	6	8	16	13	11	3	20	19	14	15	20	10	16	21	14	17	14	0	11	15	25	28	8	16	18	11	25	16	
0	18	27	2	13	21	18	13	8	16	20	16	4	22	15	20	17	15	18	10	16	0	20	25	29	13	17	23	16	21	12	
0	18	29	14	19	16	14	15	14	23	6	3	6	9	21	15	15	24	17	13	18	12	0	26	18	19	24	21	10	23	19	
0	17	27	6	17	15	12	6	12	16	18	2	14	8	18	14	14	19	16	8	24	11	19	0	26	16	20	20	9	16	12	
0	7	23	3	9	5	14	12	4	12	12	10	12	16	11	8	13	16	10	9	21	8	9	11	0	9	9	19	12	5	8	
0	21	14	10	19	19	13	3	16	23	12	6	8	12	2	8	14	15	10	6	17	15	13	20	20	0	17	19	3	17	20	
0	11	20	4	6	14	11	9	1	13	3	7	10	13	8	14	14	17	1	12	20	9	4	13	15	6	0	25	9	18	9	
0	30	32	28	37	28	31	21	32	26	20	24	26	30	20	16	27	33	18	24	35	32	21	25	28	18	35	0	21	33	22	
0	19	30	8	19	17	10	14	14	20	9	13	5	19	14	5	16	14	7	3	17	13	10	18	17	19	16	16	0	14	18	
0	15	24	8	10	15	15	13	5	17	7	5	14	11	12	3	14	21	5	15	24	13	8	17	15	10	4	23	12	0	13	
0	12	16	14	16	10	17	7	15	4	16	10	12	16	6	12	5	12	14	10	13	12	14	23	24	4	14	17	7	21	0	
M1
0	0	0	0	0	0	0	0	0	0	0	0	0	0	0	0	0	0	0	0	0	0	0	0	0	0	0	0	0	0	0	
0	0	35	20	15	31	25	30	17	27	18	25	1	18	20	27	20	22	26	22	20	21	23	14	24	25	20	16	24	16	15	
0	12	0	7	10	16	8	15	13	17	11	8	13	8	9	14	5	16	11	1	13	4	17	18	10	15	14	11	6	12	11	
0	14	20	0	17	16	11	18	11	28	14	9	12	6	16	7	16	17	18	2	13	13	13	11	6	16	10	9	18	10	7	
0	21	38	25	0	34	27	31	17	38	24	27	19	22	26	32	26	27	26	27	19	23	23	28	21	24	20	15	24	16	22	
0	7	4	11	14	0	12	2	11	16	13	12	8	12	13	18	9	20	15	5	13	8	17	7	14	18	14	9	10	10	8	
0	11	26	15	17	22	0	21	7	28	14	9	9	2	16	13	16	17	16	17	9	13	13	17	14	14	10	5	14	6	15	
0	13	20	11	17	16	16	0	9	14	16	19	11	17	16	18	18	19	17	13	11	12	15	5	16	16	12	7	13	8	6	
0	4	21	8	16	17	19	19	0	27	19	10	2	12	21	15	21	17	12	10	8	15	18	18	14	17	18	15	7	16	11	
0	9	30	21	17	26	26	10	19	0	26	29	10	27	26	28	28	29	27	23	21	22	25	15	26	26	22	17	23	18	16	
0	5	24	11	3	20	9	12	10	14	0	12	6	5	2	18	2	20	15	13	10	5	16	17	17	17	13	8	10	9	18	
0	20	23	20	19	19	14	21	16	24	16	0	11	11	18	10	18	14	9	14	18	11	15	14	18	7	16	14	23	15	15	
0	22	39	26	14	35	28	32	18	34	23	24	0	17	24	33	23	21	29	28	24	24	24	29	25	28	21	20	25	17	26	
0	9	26	13	15	22	15	19	5	26	12	7	7	0	14	17	14	15	14	15	7	11	11	16	12	12	8	3	12	4	13	
0	3	32	12	1	28	23	22	17	17	21	19	4	12	0	19	12	25	25	14	19	23	23	17	18	24	20	15	24	16	18	
0	12	13	10	13	9	4	11	8	24	10	13	10	6	12	0	12	13	16	12	10	9	9	4	10	15	6	6	15	7	5	
0	7	26	16	5	22	18	10	8	12	15	10	8	3	4	20	0	18	13	18	8	14	14	15	15	15	11	6	15	7	16	
0	7	26	13	5	22	11	14	12	13	2	14	8	7	4	20	4	0	17	15	12	7	18	19	19	19	15	10	12	11	20	
0	11	28	15	10	24	11	19	7	15	7	17	9	12	9	22	9	5	0	12	15	12	6	18	14	6	10	15	14	6	15	
0	25	30	27	23	26	21	28	23	31	20	7	14	18	22	17	19	18	16	0	25	18	22	21	25	14	23	21	30	22	22	
0	15	36	22	17	32	11	26	18	28	14	13	16	13	16	23	16	27	22	24	0	7	24	27	25	20	21	16	24	17	26	
0	12	30	18	10	26	4	19	11	21	7	13	13	6	9	17	9	20	20	20	13	0	17	21	18	18	14	9	17	10	19	
0	6	25	12	4	21	10	13	11	15	1	13	3	6	3	19	3	4	16	14	11	6	0	18	18	18	14	9	11	10	19	
0	8	21	6	14	17	11	18	4	24	11	14	6	12	13	13	13	14	12	8	6	7	10	0	11	11	7	2	11	3	1	
0	9	21	11	11	17	11	15	5	22	8	8	6	1	10	18	10	11	12	13	8	7	7	12	0	13	4	4	12	5	1	
0	13	29	17	12	26	8	21	9	17	9	17	4	10	11	21	11	7	2	14	17	14	8	20	11	0	12	13	16	8	12	
0	9	25	14	7	21	7	11	9	18	4	12	6	5	6	20	6	7	16	16	12	3	3	8	4	17	0	8	14	9	5	
0	6	23	10	12	19	12	16	2	23	9	12	4	10	11	17	11	12	11	12	4	8	8	13	9	9	5	0	9	1	10	
0	15	14	1	14	10	12	12	12	20	12	10	13	7	14	8	14	10	5	3	14	14	11	12	7	11	11	10	0	11	8	
0	5	22	9	11	18	11	15	1	22	8	11	3	9	10	16	10	11	13	11	9	7	7	12	8	18	4	12	8	0	9	
0	12	20	10	18	16	21	18	8	23	18	18	10	16	20	17	20	16	11	12	16	20	17	13	16	17	20	15	15	16	0	
M2
0	0	0	0	0	0	0	0	0	0	0	0	0	0	0	0	0	0	0	0	0	0	0	0	0	0	0	0	0	0	0	
0	0	15	21	22	15	22	25	11	23	9	9	13	8	21	10	25	22	6	8	16	8	16	6	12	18	4	21	20	12	8	
0	7	0	25	17	18	19	25	15	9	13	15	20	15	11	17	26	7	13	14	19	15	23	13	19	6	11	22	17	18	15	
0	18	13	0	26	10	26	23	6	22	11	7	17	5	21	14	20	20	10	21	13	12	13	8	16	13	8	16	22	18	12	
0	7	8	15	0	14	9	16	10	17	8	2	6	7	18	3	13	15	5	7	15	1	15	5	5	12	3	18	18	7	7	
0	14	15	16	21	0	22	21	8	17	6	9	13	6	19	10	18	15	6	22	14	8	14	3	12	15	10	14	17	14	8	
0	22	26	27	33	23	0	34	20	33	18	14	21	13	26	21	33	31	17	13	21	19	21	15	20	25	15	30	29	17	19	
0	9	11	18	3	17	12	0	13	19	11	5	8	10	21	6	16	18	8	10	16	4	18	8	7	14	6	21	4	9	10	
0	12	7	14	20	4	20	17	0	16	5	1	11	5	15	8	14	14	4	15	13	6	13	2	10	7	2	10	16	12	6	
0	14	7	21	24	15	20	25	11	0	9	12	16	9	2	8	25	14	9	21	17	11	17	6	15	13	13	21	13	17	11	
0	14	9	12	15	6	22	19	2	18	0	3	13	7	17	10	16	16	6	17	15	8	10	4	12	9	4	12	18	14	8	
0	11	12	13	19	12	19	22	8	20	6	0	10	5	16	7	20	19	3	19	13	5	13	3	9	15	1	16	16	11	5	
0	1	15	19	20	12	22	20	10	12	8	6	0	2	14	10	17	10	6	9	10	8	10	5	4	11	4	20	19	1	8	
0	20	15	18	21	10	28	24	8	24	6	9	19	0	19	16	21	22	12	23	8	14	8	10	18	15	10	18	19	20	14	
0	20	27	29	35	24	18	37	20	27	22	16	26	21	0	6	34	25	19	28	29	21	15	19	25	27	17	30	26	27	21	
0	21	21	23	29	18	12	31	14	21	16	10	20	15	23	0	28	19	13	25	23	15	23	13	19	21	11	24	26	21	15	
0	11	14	16	6	8	15	3	11	10	9	3	10	7	12	9	0	20	6	13	11	7	15	6	9	16	4	19	7	6	8	
0	16	9	23	10	17	19	26	13	2	11	12	16	11	4	10	23	0	11	17	19	11	19	8	15	15	13	23	15	17	13	
0	8	9	16	22	12	16	21	10	17	8	3	7	2	19	4	23	16	0	16	10	2	10	6	6	13	4	19	19	8	2	
0	9	13	14	20	10	20	23	9	20	7	1	8	5	13	8	20	18	4	0	13	6	13	4	7	12	2	17	17	4	6	
0	14	15	20	22	17	22	19	17	24	15	9	13	11	11	10	16	22	9	22	0	8	19	12	12	19	10	12	11	14	11	
0	6	7	14	20	13	14	23	9	16	7	1	5	6	17	2	21	14	4	14	14	0	14	4	4	11	2	17	17	6	6	
0	23	23	25	24	22	31	34	18	16	18	12	22	17	18	19	32	14	15	31	25	17	0	15	21	25	13	28	28	23	17	
0	11	12	15	18	9	19	19	5	20	3	6	10	3	20	7	19	19	3	19	11	5	11	0	9	12	7	15	14	11	5	
0	2	13	20	21	13	20	21	11	13	9	7	1	3	15	8	18	11	4	10	11	6	11	6	0	7	5	21	20	2	6	
0	17	21	22	22	12	13	19	17	28	15	9	16	13	8	14	20	26	12	8	13	14	21	12	15	0	10	16	23	12	14	
0	10	11	17	18	11	18	21	7	19	5	5	9	4	21	6	21	18	2	18	12	4	12	2	8	14	0	17	16	10	4	
0	15	18	20	10	5	19	7	13	14	11	7	14	11	16	13	4	20	10	17	15	11	19	8	13	20	8	0	11	10	12	
0	10	13	28	16	19	23	13	15	21	17	15	9	11	17	11	26	19	12	18	12	14	19	14	8	15	13	24	0	10	14	
0	5	14	18	21	11	21	19	9	16	7	5	4	1	18	9	16	14	5	13	9	7	9	4	3	10	3	19	18	0	7	
0	11	12	19	22	15	19	19	13	15	11	6	10	5	17	7	26	19	3	18	13	5	11	9	9	16	7	22	22	11	0	
M3
0	0	0	0	0	0	0	0	0	0	0	0	0	0	0	0	0	0	0	0	0	0	0	0	0	0	0	0	0	0	0	
0	0	6	18	8	8	7	9	11	6	13	5	12	8	7	9	17	10	8	10	21	11	10	5	3	8	2	11	5	12	11	
0	3	0	21	8	7	1	12	14	5	16	8	15	2	7	12	16	13	11	4	20	7	10	8	6	11	5	14	8	11	9	
0	13	12	0	7	12	13	6	4	10	14	17	14	14	6	16	17	16	15	9	20	5	4	11	14	14	8	2	11	11	9	
0	10	9	20	0	5	10	8	16	3	18	15	12	11	5	19	14	15	11	2	14	9	8	13	11	10	10	10	10	13	6	
0	12	9	15	11	0	10	9	14	8	13	17	15	11	10	15	19	13	6	13	21	14	13	8	15	8	5	11	5	12	12	
0	2	8	20	7	6	0	11	13	4	15	7	14	1	6	11	15	12	10	3	19	6	9	7	5	10	4	13	7	10	8	
0	7	6	24	7	9	7	0	16	10	19	12	8	8	6	15	21	15	15	9	14	5	4	12	8	15	9	2	12	5	3	
0	9	8	24	9	11	9	2	0	12	10	14	10	10	8	12	23	17	17	11	16	7	6	14	10	17	11	4	14	7	5	
0	14	11	17	13	2	12	11	16	0	15	19	14	13	12	17	11	15	8	15	20	16	15	10	13	10	7	13	7	14	14	
0	9	6	14	4	9	7	12	16	7	0	14	16	8	3	2	18	15	14	6	14	4	3	11	9	14	11	8	14	5	9	
0	10	12	16	6	3	13	12	17	1	10	0	8	9	5	4	12	16	3	8	16	6	5	11	4	11	8	10	8	12	12	
0	19	16	32	12	17	17	18	16	15	26	22	0	18	11	26	17	22	20	14	24	10	9	17	19	22	16	7	19	15	18	
0	1	7	19	9	9	8	10	12	7	14	6	13	0	8	10	18	11	9	11	18	5	11	6	4	9	3	12	6	9	12	
0	11	10	21	1	6	10	9	17	4	19	12	13	11	0	16	15	16	12	3	15	10	9	14	12	11	11	11	11	14	7	
0	12	10	12	2	7	11	10	14	5	20	13	14	12	1	0	16	13	12	4	12	2	1	9	13	12	12	6	12	15	8	
0	10	9	16	10	12	10	3	11	13	21	15	11	9	9	18	0	10	18	12	9	8	7	13	11	16	10	5	13	8	6	
0	9	6	25	10	12	7	3	1	11	11	14	11	8	9	13	22	0	10	10	17	8	7	14	11	14	11	5	14	8	6	
0	11	10	28	18	13	11	17	20	15	24	16	23	10	17	20	26	19	0	14	18	15	20	16	13	11	13	19	16	9	13	
0	9	8	18	4	3	9	12	17	1	16	14	15	10	3	18	12	16	9	0	18	7	6	11	10	8	8	14	8	12	5	
0	10	7	23	4	8	8	4	2	6	12	15	12	9	9	14	17	1	11	6	0	9	8	15	12	14	12	6	13	9	7	
0	18	17	28	8	13	18	16	24	11	26	23	20	19	11	27	22	23	11	10	22	0	16	21	19	18	18	18	18	20	14	
0	12	9	23	3	8	10	11	14	6	21	14	15	11	2	18	17	13	11	5	17	1	0	8	14	13	13	13	13	15	9	
0	4	1	22	9	8	2	8	6	6	16	9	16	3	8	13	17	5	12	5	21	8	11	0	7	12	6	10	9	12	10	
0	6	12	24	13	14	13	15	17	12	19	11	18	5	13	15	23	16	14	15	20	10	16	11	0	14	8	17	11	11	15	
0	8	5	23	13	8	6	17	15	10	21	13	20	7	12	17	21	14	14	9	13	12	15	13	8	0	10	17	13	4	7	
0	7	4	16	6	8	5	7	9	6	11	12	10	6	5	13	17	8	14	8	19	11	11	3	10	6	0	9	3	10	10	
0	14	11	25	5	10	12	13	16	8	20	15	17	13	4	19	19	15	13	7	19	3	2	10	16	15	9	0	12	15	11	
0	11	8	20	11	5	9	4	18	3	8	16	12	10	10	10	14	17	11	12	16	9	8	13	11	3	10	6	0	7	7	
0	4	1	19	9	4	2	13	11	6	17	9	16	3	8	13	17	10	10	5	9	8	11	9	4	12	6	15	9	0	4	
0	4	3	22	11	10	4	13	15	8	17	9	16	5	10	13	19	14	12	7	14	6	13	9	5	12	6	15	9	14	0	
Tamanho_Tarefas
0	28	3	24	11	9	11	19	20	10	25	7	7	14	18	6	18	18	17	7	24	27	17	8	12	30	12	10	18	13	23	
Data_Entrega
0	169	209	198	189	204	213	176	175	194	202	201	197	174	187	208	176	198	179	173	185	209	166	201	172	182	213	189	201	179	169	
Penalidade_Atraso
0	5	7	17	11	14	15	14	1	15	14	3	9	16	11	1	10	9	1	10	3	20	14	10	19	14	18	19	3	6	18	
Capacidade_Veiculo
71	60	56	73	75	90	72	78	
Custo_Fixo_Veiculo
710	600	560	730	750	900	720	780	
Coordenadas_Clientes
x	0	y	0
x	87	y	0
x	100	y	21
x	98	y	43
x	76	y	55
x	76	y	84
x	61	y	107
x	33	y	102
x	10	y	102
x	-12	y	116
x	-29	y	91
x	-49	y	84
x	-74	y	83
x	-83	y	60
x	-69	y	30
x	-90	y	19
x	-117	y	0
x	-118	y	-25
x	-94	y	-41
x	-89	y	-65
x	-69	y	-77
x	-57	y	-99
x	-23	y	-71
x	-9	y	-89
x	11	y	-106
x	28	y	-87
x	61	y	-106
x	58	y	-64
x	89	y	-65
x	81	y	-36
x	87	y	-18
Tempo_Viagem
0	87	102	107	93	113	123	107	102	116	95	97	111	102	75	91	117	120	102	110	103	114	74	89	106	91	122	86	110	88	88	
87	0	24	44	56	84	110	115	127	152	147	159	181	180	158	178	204	206	185	187	173	174	130	130	130	105	108	70	65	36	18	
102	24	0	22	41	67	94	104	121	146	146	161	184	187	169	190	218	222	203	207	195	197	153	154	154	129	131	94	86	59	41	
107	44	22	0	25	46	73	87	105	131	135	152	176	181	167	189	219	226	209	215	205	210	166	169	172	147	151	114	108	79	61	
93	56	41	25	0	29	54	63	81	107	111	128	152	159	147	169	200	209	195	203	196	203	160	167	173	149	161	120	120	91	73	
113	84	67	46	29	0	27	46	68	93	105	125	150	160	154	177	210	222	211	222	216	226	183	192	200	177	190	149	149	120	102	
123	110	94	73	54	27	0	28	51	73	90	111	135	151	151	174	207	222	214	228	225	237	196	208	218	196	213	171	174	144	127	
107	115	104	87	63	46	28	0	23	47	62	83	107	123	124	147	180	197	191	206	206	220	181	195	209	189	209	167	176	146	131	
102	127	121	105	81	68	51	23	0	26	40	61	85	102	106	129	162	179	176	194	195	211	176	191	208	189	214	172	184	155	142	
116	152	146	131	107	93	73	47	26	0	30	48	70	89	102	124	156	175	177	196	201	219	187	205	222	206	233	193	207	178	166	
95	147	146	135	111	105	90	62	40	30	0	21	45	62	72	94	126	145	147	167	172	192	162	181	201	186	216	177	195	168	159	
97	159	161	152	128	125	111	83	61	48	21	0	25	41	57	76	108	128	132	154	162	183	157	177	199	187	219	182	203	176	170	
111	181	184	176	152	150	135	107	85	70	45	25	0	24	53	65	92	115	125	148	160	182	162	183	207	198	232	197	220	195	190	
102	180	187	181	159	160	151	123	102	89	62	41	24	0	33	41	68	91	101	125	137	161	143	165	190	184	219	187	212	190	187	
75	158	169	167	147	154	151	124	106	102	72	57	53	33	0	23	56	73	75	97	107	129	110	132	157	151	188	158	184	163	163	
91	178	190	189	169	177	174	147	129	124	94	76	65	41	23	0	33	52	60	84	98	122	112	134	160	158	196	169	197	179	179	
117	204	218	219	200	210	207	180	162	156	126	108	92	68	56	33	0	25	47	70	90	115	117	139	165	169	207	186	216	201	204	
120	206	222	226	209	222	222	197	179	175	145	128	115	91	73	52	25	0	28	49	71	95	105	125	151	158	196	180	210	199	205	
102	185	203	209	195	211	214	191	176	177	147	132	125	101	75	60	47	28	0	24	43	68	77	97	123	130	168	153	184	175	182	
110	187	207	215	203	222	228	206	194	196	167	154	148	125	97	84	70	49	24	0	23	46	66	83	108	119	155	147	178	172	182	
103	173	195	205	196	216	225	206	195	201	172	162	160	137	107	98	90	71	43	23	0	25	46	61	85	97	133	127	158	155	166	
114	174	197	210	203	226	237	220	211	219	192	183	182	161	129	122	115	95	68	46	25	0	44	49	68	85	118	120	149	151	165	
74	130	153	166	160	183	196	181	176	187	162	157	162	143	110	112	117	105	77	66	46	44	0	22	48	53	91	81	112	109	122	
89	130	154	169	167	192	208	195	191	205	181	177	183	165	132	134	139	125	97	83	61	49	22	0	26	37	72	71	100	104	119	
106	130	154	172	173	200	218	209	208	222	201	199	207	190	157	160	165	151	123	108	85	68	48	26	0	25	50	62	88	98	115	
91	105	129	147	149	177	196	189	189	206	186	187	198	184	151	158	169	158	130	119	97	85	53	37	25	0	38	37	64	73	90	
122	108	131	151	161	190	213	209	214	233	216	219	232	219	188	196	207	196	168	155	133	118	91	72	50	38	0	42	49	72	90	
86	70	94	114	120	149	171	167	172	193	177	182	197	187	158	169	186	180	153	147	127	120	81	71	62	37	42	0	31	36	54	
110	65	86	108	120	149	174	176	184	207	195	203	220	212	184	197	216	210	184	178	158	149	112	100	88	64	49	31	0	30	47	
88	36	59	79	91	120	144	146	155	178	168	176	195	190	163	179	201	199	175	172	155	151	109	104	98	73	72	36	30	0	18	
88	18	41	61	73	102	127	131	142	166	159	170	190	187	163	179	204	205	182	182	166	165	122	119	115	90	90	54	47	18	0	
Custo_Viagem
V0
0	1235	1448	1519	1320	1604	1746	1519	1448	1647	1349	1377	1576	1448	1065	1292	1661	1704	1448	1562	1462	1618	1050	1263	1505	1292	1732	1221	1562	1249	1249	
1235	0	340	624	795	1192	1562	1633	1803	2158	2087	2257	2570	2556	2243	2527	2896	2925	2627	2655	2456	2470	1846	1846	1846	1491	1547	994	923	511	255	
1448	340	0	312	582	951	1334	1491	1718	2073	2073	2286	2612	2655	2399	2698	3095	3152	2882	2939	2769	2797	2172	2186	2201	1831	1874	1334	1221	852	582	
1519	624	312	0	355	653	1036	1235	1491	1874	1917	2158	2499	2570	2371	2683	3109	3209	2967	3053	2911	2982	2357	2399	2442	2087	2172	1618	1533	1136	866	
1320	795	582	355	0	411	766	894	1150	1519	1576	1817	2158	2257	2087	2399	2840	2967	2769	2896	2783	2882	2272	2371	2456	2115	2286	1704	1704	1292	1036	
1604	1192	951	653	411	0	383	653	965	1320	1491	1775	2130	2272	2186	2527	2982	3152	2996	3152	3067	3209	2598	2726	2840	2513	2698	2115	2115	1704	1448	
1746	1562	1334	1036	766	383	0	397	724	1036	1292	1590	1945	2144	2144	2470	2939	3152	3038	3237	3195	3365	2783	2953	3095	2783	3024	2428	2470	2044	1803	
1519	1633	1491	1235	894	653	397	0	326	667	880	1178	1533	1746	1760	2101	2570	2797	2712	2925	2925	3124	2570	2769	2967	2683	2967	2371	2499	2073	1860	
1448	1803	1718	1491	1150	965	724	326	0	369	568	866	1221	1448	1505	1831	2300	2556	2499	2754	2769	2996	2499	2712	2953	2683	3038	2442	2612	2201	2016	
1647	2158	2073	1874	1519	1320	1036	667	369	0	426	681	994	1278	1462	1760	2215	2499	2513	2783	2854	3109	2655	2911	3166	2925	3308	2740	2939	2527	2357	
1349	2087	2073	1917	1576	1491	1292	880	568	426	0	298	639	880	1022	1334	1789	2073	2087	2371	2442	2726	2300	2570	2854	2641	3067	2513	2769	2385	2257	
1377	2257	2286	2158	1817	1775	1590	1178	866	681	298	0	355	582	809	1079	1533	1831	1874	2186	2300	2598	2229	2513	2825	2655	3109	2584	2882	2499	2414	
1576	2570	2612	2499	2158	2130	1945	1533	1221	994	639	355	0	340	752	923	1320	1647	1775	2101	2272	2584	2300	2598	2939	2811	3294	2797	3124	2769	2698	
1448	2556	2655	2570	2257	2272	2144	1746	1448	1278	880	582	340	0	468	582	965	1292	1434	1775	1945	2286	2044	2357	2698	2612	3109	2655	3010	2698	2655	
1065	2243	2399	2371	2087	2186	2144	1760	1505	1462	1022	809	752	468	0	326	795	1036	1065	1377	1519	1831	1562	1888	2229	2144	2669	2243	2612	2314	2314	
1292	2527	2698	2683	2399	2527	2470	2101	1831	1760	1334	1079	923	582	326	0	468	738	852	1192	1391	1732	1590	1917	2272	2243	2783	2399	2797	2541	2556	
1661	2896	3095	3109	2840	2982	2939	2570	2300	2215	1789	1533	1320	965	795	468	0	355	667	994	1278	1633	1661	1973	2357	2399	2939	2641	3067	2854	2896	
1704	2925	3152	3209	2967	3152	3152	2797	2556	2499	2073	1831	1647	1292	1036	738	355	0	397	695	1008	1349	1491	1789	2158	2243	2783	2556	2982	2825	2911	
1448	2627	2882	2967	2769	2996	3038	2712	2499	2513	2087	1874	1775	1434	1065	852	667	397	0	340	610	965	1093	1377	1746	1846	2385	2172	2612	2485	2584	
1562	2655	2939	3053	2896	3152	3237	2925	2754	2783	2371	2186	2101	1775	1377	1192	994	695	340	0	326	653	937	1178	1533	1689	2201	2087	2527	2442	2584	
1462	2456	2769	2911	2783	3067	3195	2925	2769	2854	2442	2300	2272	1945	1519	1391	1278	1008	610	326	0	355	653	866	1207	1377	1888	1803	2243	2201	2357	
1618	2470	2797	2982	2882	3209	3365	3124	2996	3109	2726	2598	2584	2286	1831	1732	1633	1349	965	653	355	0	624	695	965	1207	1675	1704	2115	2144	2343	
1050	1846	2172	2357	2272	2598	2783	2570	2499	2655	2300	2229	2300	2044	1562	1590	1661	1491	1093	937	653	624	0	312	681	752	1292	1150	1590	1547	1732	
1263	1846	2186	2399	2371	2726	2953	2769	2712	2911	2570	2513	2598	2357	1888	1917	1973	1789	1377	1178	866	695	312	0	369	525	1022	1008	1420	1476	1689	
1505	1846	2201	2442	2456	2840	3095	2967	2953	3166	2854	2825	2939	2698	2229	2272	2357	2158	1746	1533	1207	965	681	369	0	355	710	894	1249	1391	1647	
1292	1491	1831	2087	2115	2513	2783	2683	2683	2925	2641	2655	2811	2612	2144	2243	2399	2243	1846	1689	1377	1207	752	525	355	0	539	525	908	1036	1278	
1732	1547	1874	2172	2286	2698	3024	2967	3038	3308	3067	3109	3294	3109	2669	2783	2939	2783	2385	2201	1888	1675	1292	1022	710	539	0	596	695	1022	1292	
1221	994	1334	1618	1704	2115	2428	2371	2442	2740	2513	2584	2797	2655	2243	2399	2641	2556	2172	2087	1803	1704	1150	1008	894	525	596	0	440	511	766	
1562	923	1221	1533	1704	2115	2470	2499	2612	2939	2769	2882	3124	3010	2612	2797	3067	2982	2612	2527	2243	2115	1590	1420	1249	908	695	440	0	426	667	
1249	511	852	1136	1292	1704	2044	2073	2201	2527	2385	2499	2769	2698	2314	2541	2854	2825	2485	2442	2201	2144	1547	1476	1391	1036	1022	511	426	0	255	
1249	255	582	866	1036	1448	1803	1860	2016	2357	2257	2414	2698	2655	2314	2556	2896	2911	2584	2584	2357	2343	1732	1689	1647	1278	1292	766	667	255	0	
V1
0	1044	1224	1284	1116	1356	1476	1284	1224	1392	1140	1164	1332	1224	900	1092	1404	1440	1224	1320	1236	1368	888	1068	1272	1092	1464	1032	1320	1056	1056	
1044	0	288	528	672	1008	1320	1380	1524	1824	1764	1908	2172	2160	1896	2136	2448	2472	2220	2244	2076	2088	1560	1560	1560	1260	1308	840	780	432	216	
1224	288	0	264	492	804	1128	1260	1452	1752	1752	1932	2208	2244	2028	2280	2616	2664	2436	2484	2340	2364	1836	1848	1860	1548	1584	1128	1032	720	492	
1284	528	264	0	300	552	876	1044	1260	1584	1620	1824	2112	2172	2004	2268	2628	2712	2508	2580	2460	2520	1992	2028	2064	1764	1836	1368	1296	960	732	
1116	672	492	300	0	348	648	756	972	1284	1332	1536	1824	1908	1764	2028	2400	2508	2340	2448	2352	2436	1920	2004	2076	1788	1932	1440	1440	1092	876	
1356	1008	804	552	348	0	324	552	816	1116	1260	1500	1800	1920	1848	2136	2520	2664	2532	2664	2592	2712	2196	2304	2400	2124	2280	1788	1788	1440	1224	
1476	1320	1128	876	648	324	0	336	612	876	1092	1344	1644	1812	1812	2088	2484	2664	2568	2736	2700	2844	2352	2496	2616	2352	2556	2052	2088	1728	1524	
1284	1380	1260	1044	756	552	336	0	276	564	744	996	1296	1476	1488	1776	2172	2364	2292	2472	2472	2640	2172	2340	2508	2268	2508	2004	2112	1752	1572	
1224	1524	1452	1260	972	816	612	276	0	312	480	732	1032	1224	1272	1548	1944	2160	2112	2328	2340	2532	2112	2292	2496	2268	2568	2064	2208	1860	1704	
1392	1824	1752	1584	1284	1116	876	564	312	0	360	576	840	1080	1236	1488	1872	2112	2124	2352	2412	2628	2244	2460	2676	2472	2796	2316	2484	2136	1992	
1140	1764	1752	1620	1332	1260	1092	744	480	360	0	252	540	744	864	1128	1512	1752	1764	2004	2064	2304	1944	2172	2412	2232	2592	2124	2340	2016	1908	
1164	1908	1932	1824	1536	1500	1344	996	732	576	252	0	300	492	684	912	1296	1548	1584	1848	1944	2196	1884	2124	2388	2244	2628	2184	2436	2112	2040	
1332	2172	2208	2112	1824	1800	1644	1296	1032	840	540	300	0	288	636	780	1116	1392	1500	1776	1920	2184	1944	2196	2484	2376	2784	2364	2640	2340	2280	
1224	2160	2244	2172	1908	1920	1812	1476	1224	1080	744	492	288	0	396	492	816	1092	1212	1500	1644	1932	1728	1992	2280	2208	2628	2244	2544	2280	2244	
900	1896	2028	2004	1764	1848	1812	1488	1272	1236	864	684	636	396	0	276	672	876	900	1164	1284	1548	1320	1596	1884	1812	2256	1896	2208	1956	1956	
1092	2136	2280	2268	2028	2136	2088	1776	1548	1488	1128	912	780	492	276	0	396	624	720	1008	1176	1464	1344	1620	1920	1896	2352	2028	2364	2148	2160	
1404	2448	2616	2628	2400	2520	2484	2172	1944	1872	1512	1296	1116	816	672	396	0	300	564	840	1080	1380	1404	1668	1992	2028	2484	2232	2592	2412	2448	
1440	2472	2664	2712	2508	2664	2664	2364	2160	2112	1752	1548	1392	1092	876	624	300	0	336	588	852	1140	1260	1512	1824	1896	2352	2160	2520	2388	2460	
1224	2220	2436	2508	2340	2532	2568	2292	2112	2124	1764	1584	1500	1212	900	720	564	336	0	288	516	816	924	1164	1476	1560	2016	1836	2208	2100	2184	
1320	2244	2484	2580	2448	2664	2736	2472	2328	2352	2004	1848	1776	1500	1164	1008	840	588	288	0	276	552	792	996	1296	1428	1860	1764	2136	2064	2184	
1236	2076	2340	2460	2352	2592	2700	2472	2340	2412	2064	1944	1920	1644	1284	1176	1080	852	516	276	0	300	552	732	1020	1164	1596	1524	1896	1860	1992	
1368	2088	2364	2520	2436	2712	2844	2640	2532	2628	2304	2196	2184	1932	1548	1464	1380	1140	816	552	300	0	528	588	816	1020	1416	1440	1788	1812	1980	
888	1560	1836	1992	1920	2196	2352	2172	2112	2244	1944	1884	1944	1728	1320	1344	1404	1260	924	792	552	528	0	264	576	636	1092	972	1344	1308	1464	
1068	1560	1848	2028	2004	2304	2496	2340	2292	2460	2172	2124	2196	1992	1596	1620	1668	1512	1164	996	732	588	264	0	312	444	864	852	1200	1248	1428	
1272	1560	1860	2064	2076	2400	2616	2508	2496	2676	2412	2388	2484	2280	1884	1920	1992	1824	1476	1296	1020	816	576	312	0	300	600	756	1056	1176	1392	
1092	1260	1548	1764	1788	2124	2352	2268	2268	2472	2232	2244	2376	2208	1812	1896	2028	1896	1560	1428	1164	1020	636	444	300	0	456	444	768	876	1080	
1464	1308	1584	1836	1932	2280	2556	2508	2568	2796	2592	2628	2784	2628	2256	2352	2484	2352	2016	1860	1596	1416	1092	864	600	456	0	504	588	864	1092	
1032	840	1128	1368	1440	1788	2052	2004	2064	2316	2124	2184	2364	2244	1896	2028	2232	2160	1836	1764	1524	1440	972	852	756	444	504	0	372	432	648	
1320	780	1032	1296	1440	1788	2088	2112	2208	2484	2340	2436	2640	2544	2208	2364	2592	2520	2208	2136	1896	1788	1344	1200	1056	768	588	372	0	360	564	
1056	432	720	960	1092	1440	1728	1752	1860	2136	2016	2112	2340	2280	1956	2148	2412	2388	2100	2064	1860	1812	1308	1248	1176	876	864	432	360	0	216	
1056	216	492	732	876	1224	1524	1572	1704	1992	1908	2040	2280	2244	1956	2160	2448	2460	2184	2184	1992	1980	1464	1428	1392	1080	1092	648	564	216	0	
V2
0	974	1142	1198	1041	1265	1377	1198	1142	1299	1064	1086	1243	1142	840	1019	1310	1344	1142	1232	1153	1276	828	996	1187	1019	1366	963	1232	985	985	
974	0	268	492	627	940	1232	1288	1422	1702	1646	1780	2027	2016	1769	1993	2284	2307	2072	2094	1937	1948	1456	1456	1456	1176	1220	784	728	403	201	
1142	268	0	246	459	750	1052	1176	1355	1635	1635	1803	2060	2094	1892	2128	2441	2486	2273	2318	2184	2206	1713	1724	1736	1444	1478	1052	963	672	459	
1198	492	246	0	280	515	817	974	1176	1478	1512	1702	1971	2027	1870	2116	2452	2531	2340	2408	2296	2352	1859	1892	1926	1646	1713	1276	1209	896	683	
1041	627	459	280	0	324	604	705	907	1198	1243	1433	1702	1780	1646	1892	2240	2340	2184	2284	2195	2273	1792	1870	1937	1668	1803	1344	1344	1019	817	
1265	940	750	515	324	0	302	515	761	1041	1176	1400	1680	1792	1724	1993	2352	2486	2363	2486	2419	2531	2049	2150	2240	1982	2128	1668	1668	1344	1142	
1377	1232	1052	817	604	302	0	313	571	817	1019	1254	1534	1691	1691	1948	2318	2486	2396	2553	2520	2654	2195	2329	2441	2195	2385	1915	1948	1612	1422	
1198	1288	1176	974	705	515	313	0	257	526	694	929	1209	1377	1388	1657	2027	2206	2139	2307	2307	2464	2027	2184	2340	2116	2340	1870	1971	1635	1467	
1142	1422	1355	1176	907	761	571	257	0	291	448	683	963	1142	1187	1444	1814	2016	1971	2172	2184	2363	1971	2139	2329	2116	2396	1926	2060	1736	1590	
1299	1702	1635	1478	1198	1041	817	526	291	0	336	537	784	1008	1153	1388	1747	1971	1982	2195	2251	2452	2094	2296	2497	2307	2609	2161	2318	1993	1859	
1064	1646	1635	1512	1243	1176	1019	694	448	336	0	235	504	694	806	1052	1411	1635	1646	1870	1926	2150	1814	2027	2251	2083	2419	1982	2184	1881	1780	
1086	1780	1803	1702	1433	1400	1254	929	683	537	235	0	280	459	638	851	1209	1444	1478	1724	1814	2049	1758	1982	2228	2094	2452	2038	2273	1971	1904	
1243	2027	2060	1971	1702	1680	1534	1209	963	784	504	280	0	268	593	728	1041	1299	1400	1657	1792	2038	1814	2049	2318	2217	2598	2206	2464	2184	2128	
1142	2016	2094	2027	1780	1792	1691	1377	1142	1008	694	459	268	0	369	459	761	1019	1131	1400	1534	1803	1612	1859	2128	2060	2452	2094	2374	2128	2094	
840	1769	1892	1870	1646	1724	1691	1388	1187	1153	806	638	593	369	0	257	627	817	840	1086	1198	1444	1232	1489	1758	1691	2105	1769	2060	1825	1825	
1019	1993	2128	2116	1892	1993	1948	1657	1444	1388	1052	851	728	459	257	0	369	582	672	940	1097	1366	1254	1512	1792	1769	2195	1892	2206	2004	2016	
1310	2284	2441	2452	2240	2352	2318	2027	1814	1747	1411	1209	1041	761	627	369	0	280	526	784	1008	1288	1310	1556	1859	1892	2318	2083	2419	2251	2284	
1344	2307	2486	2531	2340	2486	2486	2206	2016	1971	1635	1444	1299	1019	817	582	280	0	313	548	795	1064	1176	1411	1702	1769	2195	2016	2352	2228	2296	
1142	2072	2273	2340	2184	2363	2396	2139	1971	1982	1646	1478	1400	1131	840	672	526	313	0	268	481	761	862	1086	1377	1456	1881	1713	2060	1960	2038	
1232	2094	2318	2408	2284	2486	2553	2307	2172	2195	1870	1724	1657	1400	1086	940	784	548	268	0	257	515	739	929	1209	1332	1736	1646	1993	1926	2038	
1153	1937	2184	2296	2195	2419	2520	2307	2184	2251	1926	1814	1792	1534	1198	1097	1008	795	481	257	0	280	515	683	952	1086	1489	1422	1769	1736	1859	
1276	1948	2206	2352	2273	2531	2654	2464	2363	2452	2150	2049	2038	1803	1444	1366	1288	1064	761	515	280	0	492	548	761	952	1321	1344	1668	1691	1848	
828	1456	1713	1859	1792	2049	2195	2027	1971	2094	1814	1758	1814	1612	1232	1254	1310	1176	862	739	515	492	0	246	537	593	1019	907	1254	1220	1366	
996	1456	1724	1892	1870	2150	2329	2184	2139	2296	2027	1982	2049	1859	1489	1512	1556	1411	1086	929	683	548	246	0	291	414	806	795	1120	1164	1332	
1187	1456	1736	1926	1937	2240	2441	2340	2329	2497	2251	2228	2318	2128	1758	1792	1859	1702	1377	1209	952	761	537	291	0	280	560	705	985	1097	1299	
1019	1176	1444	1646	1668	1982	2195	2116	2116	2307	2083	2094	2217	2060	1691	1769	1892	1769	1456	1332	1086	952	593	414	280	0	425	414	716	817	1008	
1366	1220	1478	1713	1803	2128	2385	2340	2396	2609	2419	2452	2598	2452	2105	2195	2318	2195	1881	1736	1489	1321	1019	806	560	425	0	470	548	806	1019	
963	784	1052	1276	1344	1668	1915	1870	1926	2161	1982	2038	2206	2094	1769	1892	2083	2016	1713	1646	1422	1344	907	795	705	414	470	0	347	403	604	
1232	728	963	1209	1344	1668	1948	1971	2060	2318	2184	2273	2464	2374	2060	2206	2419	2352	2060	1993	1769	1668	1254	1120	985	716	548	347	0	336	526	
985	403	672	896	1019	1344	1612	1635	1736	1993	1881	1971	2184	2128	1825	2004	2251	2228	1960	1926	1736	1691	1220	1164	1097	817	806	403	336	0	201	
985	201	459	683	817	1142	1422	1467	1590	1859	1780	1904	2128	2094	1825	2016	2284	2296	2038	2038	1859	1848	1366	1332	1299	1008	1019	604	526	201	0	
V3
0	1270	1489	1562	1357	1649	1795	1562	1489	1693	1387	1416	1620	1489	1095	1328	1708	1752	1489	1606	1503	1664	1080	1299	1547	1328	1781	1255	1606	1284	1284	
1270	0	350	642	817	1226	1606	1679	1854	2219	2146	2321	2642	2628	2306	2598	2978	3007	2701	2730	2525	2540	1898	1898	1898	1533	1591	1022	949	525	262	
1489	350	0	321	598	978	1372	1533	1766	2131	2131	2350	2686	2730	2467	2774	3182	3241	2963	3022	2847	2876	2233	2248	2263	1883	1927	1372	1255	876	598	
1562	642	321	0	365	671	1065	1270	1533	1927	1971	2219	2569	2642	2438	2759	3197	3299	3051	3139	2993	3066	2423	2467	2511	2146	2233	1664	1576	1168	890	
1357	817	598	365	0	423	788	919	1182	1562	1620	1868	2219	2321	2146	2467	2920	3051	2847	2978	2861	2963	2336	2438	2525	2175	2350	1752	1752	1328	1065	
1649	1226	978	671	423	0	394	671	992	1357	1533	1825	2190	2336	2248	2598	3066	3241	3080	3241	3153	3299	2671	2803	2920	2584	2774	2175	2175	1752	1489	
1795	1606	1372	1065	788	394	0	408	744	1065	1328	1635	2000	2204	2204	2540	3022	3241	3124	3328	3285	3460	2861	3036	3182	2861	3109	2496	2540	2102	1854	
1562	1679	1533	1270	919	671	408	0	335	686	905	1211	1576	1795	1810	2160	2642	2876	2788	3007	3007	3212	2642	2847	3051	2759	3051	2438	2569	2131	1912	
1489	1854	1766	1533	1182	992	744	335	0	379	584	890	1255	1489	1547	1883	2365	2628	2569	2832	2847	3080	2569	2788	3036	2759	3124	2511	2686	2263	2073	
1693	2219	2131	1927	1562	1357	1065	686	379	0	438	700	1022	1314	1503	1810	2277	2569	2584	2861	2934	3197	2730	2993	3255	3007	3401	2817	3022	2598	2423	
1387	2146	2131	1971	1620	1533	1328	905	584	438	0	306	657	905	1051	1372	1839	2131	2146	2438	2511	2803	2365	2642	2934	2715	3153	2584	2847	2452	2321	
1416	2321	2350	2219	1868	1825	1635	1211	890	700	306	0	365	598	832	1109	1576	1883	1927	2248	2365	2671	2292	2584	2905	2730	3197	2657	2963	2569	2482	
1620	2642	2686	2569	2219	2190	2000	1576	1255	1022	657	365	0	350	773	949	1357	1693	1825	2160	2336	2657	2365	2671	3022	2890	3387	2876	3212	2847	2774	
1489	2628	2730	2642	2321	2336	2204	1795	1489	1314	905	598	350	0	481	598	992	1328	1474	1825	2000	2350	2102	2423	2774	2686	3197	2730	3095	2774	2730	
1095	2306	2467	2438	2146	2248	2204	1810	1547	1503	1051	832	773	481	0	335	817	1065	1095	1416	1562	1883	1606	1941	2292	2204	2744	2306	2686	2379	2379	
1328	2598	2774	2759	2467	2598	2540	2160	1883	1810	1372	1109	949	598	335	0	481	759	876	1226	1430	1781	1635	1971	2336	2306	2861	2467	2876	2613	2628	
1708	2978	3182	3197	2920	3066	3022	2642	2365	2277	1839	1576	1357	992	817	481	0	365	686	1022	1314	1679	1708	2029	2423	2467	3022	2715	3153	2934	2978	
1752	3007	3241	3299	3051	3241	3241	2876	2628	2569	2131	1883	1693	1328	1065	759	365	0	408	715	1036	1387	1533	1839	2219	2306	2861	2628	3066	2905	2993	
1489	2701	2963	3051	2847	3080	3124	2788	2569	2584	2146	1927	1825	1474	1095	876	686	408	0	350	627	992	1124	1416	1795	1898	2452	2233	2686	2555	2657	
1606	2730	3022	3139	2978	3241	3328	3007	2832	2861	2438	2248	2160	1825	1416	1226	1022	715	350	0	335	671	963	1211	1576	1737	2263	2146	2598	2511	2657	
1503	2525	2847	2993	2861	3153	3285	3007	2847	2934	2511	2365	2336	2000	1562	1430	1314	1036	627	335	0	365	671	890	1241	1416	1941	1854	2306	2263	2423	
1664	2540	2876	3066	2963	3299	3460	3212	3080	3197	2803	2671	2657	2350	1883	1781	1679	1387	992	671	365	0	642	715	992	1241	1722	1752	2175	2204	2409	
1080	1898	2233	2423	2336	2671	2861	2642	2569	2730	2365	2292	2365	2102	1606	1635	1708	1533	1124	963	671	642	0	321	700	773	1328	1182	1635	1591	1781	
1299	1898	2248	2467	2438	2803	3036	2847	2788	2993	2642	2584	2671	2423	1941	1971	2029	1839	1416	1211	890	715	321	0	379	540	1051	1036	1460	1518	1737	
1547	1898	2263	2511	2525	2920	3182	3051	3036	3255	2934	2905	3022	2774	2292	2336	2423	2219	1795	1576	1241	992	700	379	0	365	730	919	1284	1430	1693	
1328	1533	1883	2146	2175	2584	2861	2759	2759	3007	2715	2730	2890	2686	2204	2306	2467	2306	1898	1737	1416	1241	773	540	365	0	554	540	934	1065	1314	
1781	1591	1927	2233	2350	2774	3109	3051	3124	3401	3153	3197	3387	3197	2744	2861	3022	2861	2452	2263	1941	1722	1328	1051	730	554	0	613	715	1051	1328	
1255	1022	1372	1664	1752	2175	2496	2438	2511	2817	2584	2657	2876	2730	2306	2467	2715	2628	2233	2146	1854	1752	1182	1036	919	540	613	0	452	525	788	
1606	949	1255	1576	1752	2175	2540	2569	2686	3022	2847	2963	3212	3095	2686	2876	3153	3066	2686	2598	2306	2175	1635	1460	1284	934	715	452	0	438	686	
1284	525	876	1168	1328	1752	2102	2131	2263	2598	2452	2569	2847	2774	2379	2613	2934	2905	2555	2511	2263	2204	1591	1518	1430	1065	1051	525	438	0	262	
1284	262	598	890	1065	1489	1854	1912	2073	2423	2321	2482	2774	2730	2379	2628	2978	2993	2657	2657	2423	2409	1781	1737	1693	1314	1328	788	686	262	0	
V4
0	1305	1530	1605	1395	1695	1845	1605	1530	1740	1425	1455	1665	1530	1125	1365	1755	1800	1530	1650	1545	1710	1110	1335	1590	1365	1830	1290	1650	1320	1320	
1305	0	360	660	840	1260	1650	1725	1905	2280	2205	2385	2715	2700	2370	2670	3060	3090	2775	2805	2595	2610	1950	1950	1950	1575	1635	1050	975	540	270	
1530	360	0	330	615	1005	1410	1575	1815	2190	2190	2415	2760	2805	2535	2850	3270	3330	3045	3105	2925	2955	2295	2310	2325	1935	1980	1410	1290	900	615	
1605	660	330	0	375	690	1095	1305	1575	1980	2025	2280	2640	2715	2505	2835	3285	3390	3135	3225	3075	3150	2490	2535	2580	2205	2295	1710	1620	1200	915	
1395	840	615	375	0	435	810	945	1215	1605	1665	1920	2280	2385	2205	2535	3000	3135	2925	3060	2940	3045	2400	2505	2595	2235	2415	1800	1800	1365	1095	
1695	1260	1005	690	435	0	405	690	1020	1395	1575	1875	2250	2400	2310	2670	3150	3330	3165	3330	3240	3390	2745	2880	3000	2655	2850	2235	2235	1800	1530	
1845	1650	1410	1095	810	405	0	420	765	1095	1365	1680	2055	2265	2265	2610	3105	3330	3210	3420	3375	3555	2940	3120	3270	2940	3195	2565	2610	2160	1905	
1605	1725	1575	1305	945	690	420	0	345	705	930	1245	1620	1845	1860	2220	2715	2955	2865	3090	3090	3300	2715	2925	3135	2835	3135	2505	2640	2190	1965	
1530	1905	1815	1575	1215	1020	765	345	0	390	600	915	1290	1530	1590	1935	2430	2700	2640	2910	2925	3165	2640	2865	3120	2835	3210	2580	2760	2325	2130	
1740	2280	2190	1980	1605	1395	1095	705	390	0	450	720	1050	1350	1545	1860	2340	2640	2655	2940	3015	3285	2805	3075	3345	3090	3495	2895	3105	2670	2490	
1425	2205	2190	2025	1665	1575	1365	930	600	450	0	315	675	930	1080	1410	1890	2190	2205	2505	2580	2880	2430	2715	3015	2790	3240	2655	2925	2520	2385	
1455	2385	2415	2280	1920	1875	1680	1245	915	720	315	0	375	615	855	1140	1620	1935	1980	2310	2430	2745	2355	2655	2985	2805	3285	2730	3045	2640	2550	
1665	2715	2760	2640	2280	2250	2055	1620	1290	1050	675	375	0	360	795	975	1395	1740	1875	2220	2400	2730	2430	2745	3105	2970	3480	2955	3300	2925	2850	
1530	2700	2805	2715	2385	2400	2265	1845	1530	1350	930	615	360	0	495	615	1020	1365	1515	1875	2055	2415	2160	2490	2850	2760	3285	2805	3180	2850	2805	
1125	2370	2535	2505	2205	2310	2265	1860	1590	1545	1080	855	795	495	0	345	840	1095	1125	1455	1605	1935	1650	1995	2355	2265	2820	2370	2760	2445	2445	
1365	2670	2850	2835	2535	2670	2610	2220	1935	1860	1410	1140	975	615	345	0	495	780	900	1260	1470	1830	1680	2025	2400	2370	2940	2535	2955	2685	2700	
1755	3060	3270	3285	3000	3150	3105	2715	2430	2340	1890	1620	1395	1020	840	495	0	375	705	1050	1350	1725	1755	2085	2490	2535	3105	2790	3240	3015	3060	
1800	3090	3330	3390	3135	3330	3330	2955	2700	2640	2190	1935	1740	1365	1095	780	375	0	420	735	1065	1425	1575	1890	2280	2370	2940	2700	3150	2985	3075	
1530	2775	3045	3135	2925	3165	3210	2865	2640	2655	2205	1980	1875	1515	1125	900	705	420	0	360	645	1020	1155	1455	1845	1950	2520	2295	2760	2625	2730	
1650	2805	3105	3225	3060	3330	3420	3090	2910	2940	2505	2310	2220	1875	1455	1260	1050	735	360	0	345	690	990	1245	1620	1785	2325	2205	2670	2580	2730	
1545	2595	2925	3075	2940	3240	3375	3090	2925	3015	2580	2430	2400	2055	1605	1470	1350	1065	645	345	0	375	690	915	1275	1455	1995	1905	2370	2325	2490	
1710	2610	2955	3150	3045	3390	3555	3300	3165	3285	2880	2745	2730	2415	1935	1830	1725	1425	1020	690	375	0	660	735	1020	1275	1770	1800	2235	2265	2475	
1110	1950	2295	2490	2400	2745	2940	2715	2640	2805	2430	2355	2430	2160	1650	1680	1755	1575	1155	990	690	660	0	330	720	795	1365	1215	1680	1635	1830	
1335	1950	2310	2535	2505	2880	3120	2925	2865	3075	2715	2655	2745	2490	1995	2025	2085	1890	1455	1245	915	735	330	0	390	555	1080	1065	1500	1560	1785	
1590	1950	2325	2580	2595	3000	3270	3135	3120	3345	3015	2985	3105	2850	2355	2400	2490	2280	1845	1620	1275	1020	720	390	0	375	750	945	1320	1470	1740	
1365	1575	1935	2205	2235	2655	2940	2835	2835	3090	2790	2805	2970	2760	2265	2370	2535	2370	1950	1785	1455	1275	795	555	375	0	570	555	960	1095	1350	
1830	1635	1980	2295	2415	2850	3195	3135	3210	3495	3240	3285	3480	3285	2820	2940	3105	2940	2520	2325	1995	1770	1365	1080	750	570	0	630	735	1080	1365	
1290	1050	1410	1710	1800	2235	2565	2505	2580	2895	2655	2730	2955	2805	2370	2535	2790	2700	2295	2205	1905	1800	1215	1065	945	555	630	0	465	540	810	
1650	975	1290	1620	1800	2235	2610	2640	2760	3105	2925	3045	3300	3180	2760	2955	3240	3150	2760	2670	2370	2235	1680	1500	1320	960	735	465	0	450	705	
1320	540	900	1200	1365	1800	2160	2190	2325	2670	2520	2640	2925	2850	2445	2685	3015	2985	2625	2580	2325	2265	1635	1560	1470	1095	1080	540	450	0	270	
1320	270	615	915	1095	1530	1905	1965	2130	2490	2385	2550	2850	2805	2445	2700	3060	3075	2730	2730	2490	2475	1830	1785	1740	1350	1365	810	705	270	0	
V5
0	1566	1836	1926	1674	2034	2214	1926	1836	2088	1710	1746	1998	1836	1350	1638	2106	2160	1836	1980	1854	2052	1332	1602	1908	1638	2196	1548	1980	1584	1584	
1566	0	432	792	1008	1512	1980	2070	2286	2736	2646	2862	3258	3240	2844	3204	3672	3708	3330	3366	3114	3132	2340	2340	2340	1890	1962	1260	1170	648	324	
1836	432	0	396	738	1206	1692	1890	2178	2628	2628	2898	3312	3366	3042	3420	3924	3996	3654	3726	3510	3546	2754	2772	2790	2322	2376	1692	1548	1080	738	
1926	792	396	0	450	828	1314	1566	1890	2376	2430	2736	3168	3258	3006	3402	3942	4068	3762	3870	3690	3780	2988	3042	3096	2646	2754	2052	1944	1440	1098	
1674	1008	738	450	0	522	972	1134	1458	1926	1998	2304	2736	2862	2646	3042	3600	3762	3510	3672	3528	3654	2880	3006	3114	2682	2898	2160	2160	1638	1314	
2034	1512	1206	828	522	0	486	828	1224	1674	1890	2250	2700	2880	2772	3204	3780	3996	3798	3996	3888	4068	3294	3456	3600	3186	3420	2682	2682	2160	1836	
2214	1980	1692	1314	972	486	0	504	918	1314	1638	2016	2466	2718	2718	3132	3726	3996	3852	4104	4050	4266	3528	3744	3924	3528	3834	3078	3132	2592	2286	
1926	2070	1890	1566	1134	828	504	0	414	846	1116	1494	1944	2214	2232	2664	3258	3546	3438	3708	3708	3960	3258	3510	3762	3402	3762	3006	3168	2628	2358	
1836	2286	2178	1890	1458	1224	918	414	0	468	720	1098	1548	1836	1908	2322	2916	3240	3168	3492	3510	3798	3168	3438	3744	3402	3852	3096	3312	2790	2556	
2088	2736	2628	2376	1926	1674	1314	846	468	0	540	864	1260	1620	1854	2232	2808	3168	3186	3528	3618	3942	3366	3690	4014	3708	4194	3474	3726	3204	2988	
