M: 4
N: 30
Nun_Veiculos: 12
Capacidade_Total: 1096
Demanda_Total: 566
Setup_Min: 1
Setup_Max: 99
Raio: 100
Circulos: 1
Tempo_Processamento_Min: 1
Tempo_Processamento_Max: 49
Demanda_Min: 10
Demanda_Max: 30
Priority_Factor: 0.2
Range_Factor_R: 0.8
U_factor: 2
ALpha: 0.2Replicao: 1
Tempos_Processamentos
0	0	1	0	2	0	3	0	
0	42	1	27	2	2	3	49	
0	32	1	40	2	42	3	16	
0	38	1	46	2	7	3	24	
0	36	1	33	2	23	3	44	
0	7	1	32	2	21	3	48	
0	25	1	32	2	8	3	15	
0	38	1	27	2	19	3	2	
0	2	1	19	2	10	3	8	
0	20	1	12	2	37	3	41	
0	12	1	32	2	38	3	11	
0	22	1	12	2	32	3	48	
0	16	1	3	2	45	3	49	
0	48	1	24	2	28	3	27	
0	22	1	39	2	40	3	3	
0	6	1	25	2	3	3	18	
0	31	1	7	2	39	3	28	
0	17	1	42	2	5	3	11	
0	49	1	19	2	48	3	41	
0	29	1	37	2	6	3	13	
0	21	1	35	2	32	3	34	
0	8	1	24	2	34	3	24	
0	41	1	29	2	7	3	29	
0	17	1	39	2	48	3	12	
0	45	1	16	2	10	3	25	
0	3	1	8	2	15	3	13	
0	28	1	30	2	30	3	18	
0	10	1	14	2	19	3	25	
0	30	1	14	2	10	3	18	
0	19	1	25	2	19	3	14	
0	30	1	49	2	49	3	22	

Tempos_setup
M0
0	0	0	0	0	0	0	0	0	0	0	0	0	0	0	0	0	0	0	0	0	0	0	0	0	0	0	0	0	0	0	
0	0	9	15	13	14	4	11	25	17	4	3	6	6	10	12	15	8	17	3	15	14	9	8	7	7	3	8	5	2	4	
0	10	0	14	5	15	9	2	22	19	3	7	10	5	12	13	16	7	21	11	14	13	12	4	8	11	9	14	13	10	10	
0	9	4	0	9	19	8	1	25	18	2	6	9	4	14	12	15	6	20	10	13	12	13	3	7	10	10	13	12	9	9	
0	9	4	13	0	19	8	1	25	16	2	6	7	4	8	12	13	6	20	9	13	12	7	3	7	8	4	13	11	9	9	
0	10	11	12	15	0	9	13	12	15	14	10	13	16	7	18	12	18	15	8	14	24	6	10	13	9	10	10	7	9	6	
0	1	8	12	12	13	0	10	24	14	5	4	5	7	7	11	12	9	14	2	14	15	6	7	6	6	2	5	4	1	3	
0	8	3	12	8	18	7	0	24	17	1	5	8	3	13	11	14	5	19	9	12	11	12	2	6	9	9	12	11	8	8	
0	13	16	17	17	22	12	13	0	7	6	16	9	8	14	16	4	10	16	12	17	16	13	15	11	10	12	12	14	11	8	
0	7	11	10	13	18	6	8	23	0	1	10	7	2	10	10	12	4	17	8	12	9	9	10	5	8	8	8	10	7	4	
0	7	10	11	15	19	6	7	23	16	0	10	7	2	12	10	13	4	18	8	11	10	11	9	5	8	8	11	10	7	7	
0	19	23	29	27	28	18	25	39	29	23	0	20	25	21	26	26	27	31	17	28	33	23	22	21	21	17	22	19	16	18	
0	7	11	17	15	16	6	13	27	19	11	10	0	13	12	14	17	12	19	5	19	18	11	10	9	1	5	10	7	4	6	
0	5	12	9	14	17	4	10	21	14	9	8	5	0	10	8	11	2	16	6	17	8	9	11	3	6	6	9	8	5	5	
0	13	16	18	16	24	14	16	31	8	9	11	10	10	0	17	5	12	18	13	7	17	14	17	13	8	13	13	14	12	12	
0	2	9	13	13	14	1	11	25	15	6	5	6	8	8	0	13	10	15	3	12	13	7	8	7	7	3	6	5	2	4	
0	10	14	13	16	19	9	11	26	3	4	13	5	5	13	13	0	7	13	8	15	12	12	13	8	6	8	11	10	7	7	
0	3	10	7	14	15	2	8	19	12	7	6	3	9	8	6	9	0	14	4	15	6	7	9	1	4	4	7	6	3	5	
0	4	8	11	11	13	3	10	14	16	6	7	5	8	9	3	14	10	0	2	15	16	8	7	6	6	2	7	4	1	3	
0	2	6	13	11	11	1	8	23	15	6	5	6	8	8	10	13	10	15	0	15	16	7	5	5	7	3	6	2	2	4	
0	8	9	13	14	20	10	11	28	16	12	4	12	14	8	10	13	12	15	9	0	18	7	10	10	1	11	6	7	10	12	
0	5	5	1	10	14	4	2	14	6	3	7	8	5	2	13	3	7	16	3	9	0	1	4	8	9	6	9	5	5	7	
0	4	8	6	13	13	3	7	25	9	8	7	8	10	1	12	6	12	17	2	8	18	0	7	7	9	5	8	4	4	6	
0	11	1	15	6	16	10	3	23	20	4	5	11	6	13	14	17	8	22	12	15	14	13	0	9	12	10	15	14	11	11	
0	2	9	13	13	14	1	11	18	15	6	5	2	8	8	5	13	10	15	3	15	16	7	8	0	3	3	6	5	2	4	
0	14	19	18	15	26	13	16	30	23	17	17	14	19	19	17	20	11	25	15	18	17	18	18	12	0	15	18	17	14	16	
0	6	11	17	16	18	5	13	22	19	10	9	3	12	12	9	17	14	18	7	19	20	11	10	4	4	0	10	7	6	8	
0	2	9	7	14	14	4	8	23	10	6	5	8	8	2	12	7	10	9	3	9	16	1	8	8	9	5	0	5	4	6	
0	7	4	18	9	19	11	6	26	23	7	8	13	9	16	17	20	11	24	10	18	17	16	3	12	14	10	15	0	9	11	
0	3	7	13	11	12	2	9	23	15	7	6	4	9	8	10	13	11	15	1	15	17	7	6	5	5	1	6	3	0	2	
0	6	13	11	9	14	8	10	26	14	10	9	12	12	6	16	11	14	13	7	13	20	5	12	12	13	9	4	9	8	0	
M1
0	0	0	0	0	0	0	0	0	0	0	0	0	0	0	0	0	0	0	0	0	0	0	0	0	0	0	0	0	0	0	
0	0	15	14	9	12	25	11	16	9	13	18	18	19	19	7	9	15	14	8	11	15	12	15	12	17	10	20	5	9	7	
0	3	0	11	6	9	22	8	13	6	10	15	15	17	12	10	6	8	7	5	8	12	11	12	9	14	7	13	8	12	4	
0	19	16	0	15	9	20	17	23	16	14	24	25	21	13	16	16	12	11	15	18	12	15	15	13	22	14	17	24	23	14	
0	11	10	5	0	3	20	2	9	10	8	9	11	15	10	10	10	6	5	9	12	6	9	9	7	14	1	11	16	8	8	
0	10	7	12	7	0	17	9	14	7	5	16	16	12	7	7	7	3	2	6	9	3	6	6	4	13	5	8	15	15	5	
0	4	1	12	7	7	0	9	14	7	5	16	16	12	7	7	7	3	8	6	9	7	6	7	4	13	5	14	9	13	5	
0	9	14	16	11	14	31	0	19	12	19	7	13	24	16	16	12	17	16	11	14	16	11	20	18	16	12	15	14	6	15	
0	18	15	13	8	11	25	10	0	17	7	13	2	20	15	7	15	11	13	16	19	9	14	15	12	5	9	19	23	15	16	
0	16	15	10	5	8	25	7	12	0	13	14	14	12	15	15	5	11	10	4	7	11	14	14	12	8	6	16	21	13	3	
0	11	8	15	10	8	18	12	17	10	0	19	19	13	8	8	10	4	10	9	12	2	7	8	5	13	6	16	16	18	12	
0	16	15	10	5	8	25	7	12	5	12	0	14	17	15	15	5	11	10	4	7	11	14	14	12	13	6	16	21	13	8	
0	17	16	11	6	9	26	8	15	16	14	11	0	21	16	16	16	12	11	15	18	12	15	15	13	3	7	17	22	14	14	
0	10	7	14	9	7	17	11	18	13	5	15	20	0	7	7	11	3	9	12	15	7	6	7	4	13	5	15	15	17	11	
0	13	12	7	2	5	22	4	11	8	10	11	13	17	0	12	12	8	7	11	14	8	11	11	9	16	3	13	18	10	10	
0	24	21	28	23	25	31	25	32	27	19	32	34	30	25	0	27	21	26	26	29	21	24	21	18	31	23	32	29	31	25	
0	16	21	23	18	21	38	7	22	19	26	14	20	31	23	23	0	24	23	18	21	23	18	27	25	23	19	22	21	13	22	
0	7	4	11	6	4	14	8	15	10	2	15	17	9	4	4	8	0	6	9	12	4	3	4	1	10	2	12	12	14	8	
0	8	5	10	5	5	15	7	12	5	3	14	14	10	5	5	5	1	0	4	7	5	4	5	2	11	3	6	13	13	3	
0	12	11	6	1	4	21	3	8	1	9	10	10	13	11	11	1	7	6	0	3	7	10	10	8	9	2	12	17	9	4	
0	27	24	22	17	20	29	19	9	26	16	22	11	29	24	16	24	20	22	25	0	18	23	23	21	14	18	28	32	24	25	
0	9	6	13	8	6	16	10	15	8	4	17	17	11	6	6	8	2	8	7	10	0	5	6	3	12	4	14	14	16	10	
0	15	12	17	12	5	22	12	19	12	10	15	21	17	12	12	5	8	7	11	13	8	0	11	9	7	3	13	20	18	10	
0	7	10	15	10	4	20	12	17	10	8	19	19	15	10	10	10	6	5	9	11	7	9	0	7	16	8	11	12	16	8	
0	6	3	10	5	7	13	7	14	9	1	14	16	12	7	7	9	3	8	8	11	3	6	3	0	13	5	14	11	13	7	
0	20	23	18	13	16	33	15	20	13	20	8	22	25	23	23	13	19	18	12	15	19	22	13	20	0	14	24	25	21	16	
0	12	9	14	9	2	19	11	16	9	7	18	18	14	9	9	9	5	4	8	11	5	8	8	6	15	0	10	17	17	7	
0	9	6	17	12	15	28	14	17	12	16	21	19	16	18	16	12	14	13	11	14	18	17	18	15	20	13	0	14	18	10	
0	7	16	21	16	12	29	13	22	16	17	20	24	24	14	2	12	15	14	15	13	15	7	18	16	14	10	20	0	4	14	
0	3	15	17	12	10	25	9	18	12	13	16	20	20	15	10	10	11	12	11	9	13	5	15	12	12	8	18	8	0	10	
0	13	12	7	2	5	22	4	9	2	10	11	11	14	12	12	2	8	7	1	4	8	11	11	9	10	3	13	18	10	0	
M2
0	0	0	0	0	0	0	0	0	0	0	0	0	0	0	0	0	0	0	0	0	0	0	0	0	0	0	0	0	0	0	
0	0	28	16	10	19	22	16	5	13	14	8	14	14	19	18	8	14	14	11	16	23	11	8	15	21	18	7	9	8	16	
0	6	0	17	13	18	28	22	11	12	15	11	20	10	22	20	7	16	13	5	10	5	13	8	15	20	22	11	10	14	16	
0	3	16	0	4	16	20	19	8	12	2	8	17	8	19	12	7	16	13	5	10	11	5	2	15	15	10	1	9	11	10	
0	1	19	13	0	16	16	17	6	12	11	5	15	4	16	8	7	15	13	5	10	20	1	6	11	15	19	5	6	9	12	
0	20	26	25	19	0	31	25	14	10	23	17	23	23	28	27	25	31	11	24	29	28	4	21	13	21	27	24	18	17	14	
0	2	21	5	9	12	0	18	7	6	7	10	16	13	21	14	1	16	7	6	11	16	10	4	9	11	15	6	11	10	10	
0	10	27	15	9	14	24	0	12	8	13	7	18	13	18	16	3	12	9	1	6	10	8	11	11	16	21	11	8	15	12	
0	6	23	11	5	21	17	11	0	16	9	3	9	9	14	13	11	17	17	10	15	18	6	7	10	20	13	10	4	3	11	
0	10	27	15	9	12	21	15	4	0	13	7	13	13	18	17	15	21	1	14	19	18	10	11	3	11	17	14	8	7	4	
0	5	14	2	6	14	22	21	10	14	0	10	19	10	21	14	9	18	15	7	12	13	7	4	17	13	8	3	11	13	12	
0	3	20	8	2	18	18	19	8	14	6	0	17	6	11	10	9	14	15	7	12	15	3	4	7	17	14	7	1	11	8	
0	10	29	13	15	20	8	26	15	14	15	13	0	14	10	22	9	13	15	14	14	24	16	12	11	19	23	14	14	18	12	
0	3	21	9	3	12	19	19	8	8	7	1	17	0	12	11	3	12	9	1	6	16	4	2	8	11	15	1	2	11	9	
0	15	22	17	17	10	23	23	12	16	18	15	21	16	0	15	19	3	9	17	22	16	14	15	1	9	23	17	16	15	2	
0	3	11	13	10	18	8	19	8	12	14	8	17	14	19	0	7	16	13	5	10	16	11	2	15	18	21	10	9	11	16	
0	15	24	20	14	11	21	20	9	5	18	12	15	18	23	13	0	26	6	18	23	23	15	15	8	13	22	19	13	12	9	
0	12	40	28	22	25	34	28	17	13	26	20	26	26	27	30	20	0	14	23	28	31	23	20	16	24	30	19	21	20	17	
0	9	26	14	8	24	20	14	3	19	12	6	12	12	17	16	14	20	0	13	18	21	9	10	13	23	16	13	7	6	14	
0	12	26	22	16	13	23	22	11	7	20	14	17	19	25	15	2	11	8	0	5	19	8	11	10	15	24	10	15	14	11	
0	12	29	17	11	14	23	17	6	2	15	9	15	15	20	19	17	23	3	16	0	14	12	13	5	13	19	16	10	9	6	
0	1	29	17	11	14	23	17	6	14	15	9	15	15	20	18	9	15	15	12	17	0	12	9	16	22	17	8	10	9	17	
0	25	39	27	24	37	38	32	21	33	25	24	30	25	34	32	28	37	18	26	31	25	0	24	10	36	32	26	25	24	11	
0	1	26	14	8	16	23	17	6	10	12	6	15	12	17	16	5	14	11	3	8	21	9	0	13	18	19	8	7	9	14	
0	15	34	22	16	27	28	22	11	23	20	14	20	15	25	24	18	27	8	16	21	15	17	14	0	26	22	16	15	14	1	
0	14	24	12	16	1	24	15	15	11	10	18	16	20	26	24	18	27	12	16	21	13	5	14	14	0	18	13	19	18	15	
0	12	25	19	13	27	22	19	8	21	17	11	17	17	22	14	16	25	22	14	19	26	14	11	18	26	0	10	12	11	19	
0	2	27	15	9	17	24	18	7	11	13	7	16	13	18	17	6	15	12	4	9	22	10	1	14	19	20	0	8	10	15	
0	10	19	7	10	19	26	26	15	15	5	8	24	7	19	18	10	19	14	8	13	18	11	9	6	18	13	8	0	18	7	
0	10	33	19	14	22	14	26	15	16	21	15	6	17	16	22	11	19	17	12	17	30	15	9	17	24	10	8	16	0	18	
0	16	33	21	15	29	27	21	10	26	19	13	19	19	24	23	21	27	7	20	25	15	16	17	20	30	21	20	14	13	0	
M3
0	0	0	0	0	0	0	0	0	0	0	0	0	0	0	0	0	0	0	0	0	0	0	0	0	0	0	0	0	0	0	
0	0	2	10	7	8	9	10	11	15	8	7	9	20	10	12	8	1	12	11	12	8	6	14	4	15	2	11	6	12	13	
0	17	0	17	24	17	9	21	28	16	17	16	18	29	20	26	15	18	22	20	14	17	15	16	13	24	19	20	19	20	22	
0	13	15	0	15	16	14	18	14	12	9	15	1	17	19	20	13	14	13	3	15	16	11	10	12	12	10	5	2	14	14	
0	14	16	14	0	12	15	5	14	21	14	13	15	15	19	20	14	15	11	12	18	14	12	16	10	10	8	14	16	14	19	
0	15	4	2	15	0	13	19	16	11	11	16	3	12	21	22	15	16	6	5	15	17	13	12	13	7	11	7	4	16	16	
0	12	14	17	19	19	0	21	22	22	19	18	18	30	22	24	19	13	23	16	14	19	17	16	15	25	13	18	18	20	21	
0	9	11	11	10	9	10	0	9	16	9	8	10	10	14	15	9	10	6	7	13	9	7	11	5	5	3	9	11	9	14	
0	9	11	3	1	13	10	6	0	15	9	10	4	16	16	15	9	10	4	6	4	11	7	6	10	11	9	8	5	10	14	
0	17	19	16	20	17	18	20	28	0	17	16	17	29	16	18	17	7	21	19	13	16	15	15	13	24	19	19	12	15	22	
0	16	7	17	15	16	8	18	14	12	0	15	1	17	11	21	16	17	13	3	15	16	14	17	12	12	10	5	2	21	5	
0	10	12	8	14	10	11	5	13	11	9	0	9	15	6	14	10	11	6	11	5	1	8	7	10	10	8	4	10	11	14	
0	15	15	16	14	15	16	17	13	11	8	14	0	16	19	20	15	16	12	2	14	15	13	16	11	11	9	4	1	20	13	
0	4	6	10	3	9	5	8	15	15	4	8	5	0	14	11	4	5	12	7	13	9	2	1	5	11	6	9	6	5	9	
0	15	10	18	18	19	11	21	17	5	3	18	4	16	0	23	13	12	16	6	18	19	17	17	15	15	13	8	5	20	8	
0	21	14	21	16	19	22	15	24	23	17	20	18	19	18	0	21	22	15	20	25	21	19	20	17	14	15	22	19	24	12	
0	14	16	13	18	14	15	10	17	16	14	5	14	20	11	19	0	9	11	16	10	6	12	12	10	15	8	9	14	16	19	
0	10	12	12	13	10	11	13	21	14	10	9	11	22	9	11	10	0	14	12	14	9	8	16	6	17	12	12	5	11	15	
0	22	24	9	24	23	23	25	23	21	18	22	10	26	28	29	22	23	0	12	24	23	20	19	19	21	17	14	11	23	23	
0	13	15	14	12	13	14	15	11	9	13	12	14	14	18	18	13	14	10	0	12	13	11	14	9	9	7	2	15	18	18	
0	5	7	3	12	10	6	14	16	15	5	9	4	20	15	12	5	6	15	6	0	10	3	2	6	15	7	8	5	6	10	
0	11	13	11	13	9	12	4	12	10	11	12	12	14	18	18	11	12	5	11	13	0	9	8	9	9	7	3	13	12	16	
0	2	4	12	9	10	3	12	13	14	2	7	3	19	12	14	2	3	13	5	12	8	0	14	6	14	4	7	4	14	7	
0	3	5	9	10	8	4	12	14	14	3	7	4	19	13	10	3	4	13	6	12	8	1	0	4	15	5	8	5	4	8	
0	4	6	6	11	4	5	8	15	14	4	3	5	16	9	16	4	5	9	7	8	4	2	10	0	11	6	7	6	14	9	
0	9	9	7	8	5	10	13	20	16	9	13	8	5	19	16	9	10	1	10	18	14	7	6	10	0	11	12	9	10	14	
0	6	8	8	10	6	7	8	9	16	6	5	7	18	11	18	6	7	10	9	10	6	4	12	2	13	0	9	8	16	11	
0	15	17	12	10	20	16	15	9	7	15	19	13	21	23	22	15	14	13	15	10	20	13	12	16	20	17	0	14	16	20	
0	20	14	21	19	20	15	22	18	16	7	19	8	21	18	25	20	21	13	7	19	20	18	21	16	16	14	9	0	25	12	
0	18	19	5	20	21	19	18	19	17	14	13	6	22	19	6	8	17	18	8	18	14	16	15	17	17	15	10	7	0	18	
0	17	2	19	22	19	11	23	21	11	7	18	8	22	6	24	17	18	20	10	16	19	15	14	15	19	17	12	9	18	0	
Tamanho_Tarefas
0	8	27	25	23	23	20	19	5	23	18	25	13	24	23	13	8	16	37	9	28	20	16	13	19	5	24	13	16	19	34	
Data_Entrega
0	184	169	218	193	171	216	170	188	191	188	217	181	191	170	195	226	169	224	182	194	212	207	215	219	183	172	177	173	211	166	
Penalidade_Atraso
0	9	16	6	10	11	7	13	6	8	11	17	19	8	15	17	19	17	19	8	6	9	14	1	13	19	2	2	17	14	8	
Capacidade_Veiculo
108	108	111	103	109	73	74	74	111	63	106	56	
Custo_Fixo_Veiculo
1080	1080	1110	1030	1090	730	740	740	1110	630	1060	560	
Coordenadas_Clientes
x	0	y	0
x	76	y	0
x	86	y	18
x	110	y	49
x	81	y	59
x	80	y	89
x	43	y	76
x	29	y	89
x	10	y	96
x	-12	y	121
x	-36	y	111
x	-48	y	84
x	-77	y	86
x	-81	y	59
x	-105	y	47
x	-110	y	23
x	-86	y	0
x	-111	y	-23
x	-77	y	-34
x	-73	y	-53
x	-72	y	-80
x	-50	y	-87
x	-24	y	-76
x	-10	y	-102
x	8	y	-76
x	29	y	-92
x	47	y	-81
x	58	y	-65
x	80	y	-58
x	70	y	-31
x	89	y	-18
Tempo_Viagem
0	76	87	120	100	119	87	93	96	121	116	96	115	100	115	112	86	113	84	90	107	100	79	102	76	96	93	87	98	76	90	
76	0	20	59	59	89	82	100	116	149	157	149	175	167	187	187	162	188	156	158	168	153	125	132	101	103	86	67	58	31	22	
87	20	0	39	41	71	72	91	108	141	153	149	176	171	193	196	172	200	171	174	185	171	144	152	121	123	106	87	76	51	36	
120	59	39	0	30	50	71	90	109	141	157	161	190	191	215	221	202	232	204	209	223	209	183	191	160	162	144	125	111	89	70	
100	59	41	30	0	30	41	60	79	111	127	131	160	162	186	194	177	208	183	190	206	196	171	184	153	159	144	126	117	90	77	
119	89	71	50	30	0	39	51	70	97	118	128	157	163	189	200	188	221	199	208	226	218	195	211	180	188	173	155	147	120	107	
87	82	72	71	41	39	0	19	38	71	86	91	120	125	150	161	149	182	162	173	193	187	166	185	155	168	157	141	138	110	104	
93	100	91	90	60	51	19	0	20	52	68	77	106	114	140	153	145	178	162	174	196	192	172	194	166	181	170	156	154	126	122	
96	116	108	109	79	70	38	20	0	33	48	59	87	98	124	140	135	168	156	170	194	192	175	198	172	188	180	168	168	140	138	
121	149	141	141	111	97	71	52	33	0	26	51	73	92	118	137	141	174	168	184	209	211	197	223	197	216	210	198	200	172	171	
116	157	153	157	127	118	86	68	48	26	0	29	48	68	94	114	121	153	150	168	194	198	187	214	192	212	209	199	204	177	179	
96	149	149	161	131	128	91	77	59	51	29	0	29	41	67	86	92	124	121	139	165	171	161	189	169	192	189	182	191	164	170	
115	175	176	190	160	157	120	106	87	73	48	29	0	27	48	71	86	114	120	139	166	175	170	199	182	207	208	202	213	187	195	
100	167	171	191	162	163	125	114	98	92	68	41	27	0	26	46	59	87	93	112	139	149	146	175	161	186	189	186	198	175	186	
115	187	193	215	186	189	150	140	124	118	94	67	48	26	0	24	50	70	85	104	131	144	147	176	167	193	198	197	212	191	204	
112	187	196	221	194	200	161	153	140	137	114	86	71	46	24	0	33	46	65	84	109	124	131	160	153	179	188	189	206	187	202	
86	162	172	202	177	188	149	145	135	141	121	92	86	59	50	33	0	33	35	54	81	94	98	127	120	146	155	157	175	159	175	
113	188	200	232	208	221	182	178	168	174	153	124	114	87	70	46	33	0	35	48	69	88	101	127	129	155	167	173	193	181	200	
84	156	171	204	183	199	162	162	156	168	150	121	120	93	85	65	35	35	0	19	46	59	67	95	94	120	132	138	158	147	166	
90	158	174	209	190	208	173	174	170	184	168	139	139	112	104	84	54	48	19	0	27	41	54	79	84	109	123	131	153	144	165	
107	168	185	223	206	226	193	196	194	209	194	165	166	139	131	109	81	69	46	27	0	23	48	65	80	101	119	130	153	150	172	
100	153	171	209	196	218	187	192	192	211	198	171	175	149	144	124	94	88	59	41	23	0	28	42	59	79	97	110	133	132	155	
79	125	144	183	171	195	166	172	175	197	187	161	170	146	147	131	98	101	67	54	48	28	0	29	32	55	71	82	105	104	127	
102	132	152	191	184	211	185	194	198	223	214	189	199	175	176	160	127	127	95	79	65	42	29	0	31	40	60	77	100	106	129	
76	101	121	160	153	180	155	166	172	197	192	169	182	161	167	153	120	129	94	84	80	59	32	31	0	26	39	51	74	76	99	
96	103	123	162	159	188	168	181	188	216	212	192	207	186	193	179	146	155	120	109	101	79	55	40	26	0	21	39	61	73	95	
93	86	106	144	144	173	157	170	180	210	209	189	208	189	198	188	155	167	132	123	119	97	71	60	39	21	0	19	40	55	75	
87	67	87	125	126	155	141	156	168	198	199	182	202	186	197	189	157	173	138	131	130	110	82	77	51	39	19	0	23	36	56	
98	58	76	111	117	147	138	154	168	200	204	191	213	198	212	206	175	193	158	153	153	133	105	100	74	61	40	23	0	28	41	
76	31	51	89	90	120	110	126	140	172	177	164	187	175	191	187	159	181	147	144	150	132	104	106	76	73	55	36	28	0	23	
90	22	36	70	77	107	104	122	138	171	179	170	195	186	204	202	175	200	166	165	172	155	127	129	99	95	75	56	41	23	0	
Custo_Viagem
V0
0	1641	1879	2592	2160	2570	1879	2008	2073	2613	2505	2073	2484	2160	2484	2419	1857	2440	1814	1944	2311	2160	1706	2203	1641	2073	2008	1879	2116	1641	1944	
1641	0	432	1274	1274	1922	1771	2160	2505	3218	3391	3218	3780	3607	4039	4039	3499	4060	3369	3412	3628	3304	2700	2872	2181	2224	1857	1447	1252	669	475	
1879	432	0	842	885	1533	1555	1965	2332	3067	3304	3218	3801	3693	4168	4233	3715	4341	3693	3758	3996	3693	3110	3304	2635	2656	2289	1879	1641	1101	777	
2592	1274	842	0	648	1080	1555	1944	2376	3045	3412	3477	4104	4125	4644	4773	4363	5011	4406	4514	4816	4514	3952	4147	3477	3499	3110	2700	2397	1922	1512	
2160	1274	885	648	0	648	885	1296	1728	2397	2764	2829	3456	3499	4017	4190	3823	4492	3952	4104	4449	4233	3693	3974	3304	3434	3110	2721	2527	1944	1663	
2570	1922	1533	1080	648	0	842	1101	1512	2095	2548	2764	3391	3520	4082	4341	4060	4773	4298	4492	4903	4708	4212	4557	3888	4060	3736	3348	3175	2592	2311	
1879	1771	1555	1555	885	842	0	410	820	1533	1857	1965	2592	2700	3240	3477	3218	3952	3499	3736	4168	4039	3585	3996	3348	3628	3391	3045	3002	2376	2246	
2008	2160	1965	1944	1296	1101	410	0	432	1123	1468	1663	2289	2462	3024	3304	3132	3866	3499	3758	4233	4147	3736	4190	3585	3909	3672	3369	3348	2721	2635	
2073	2505	2332	2376	1728	1512	820	432	0	712	1036	1274	1879	2116	2700	3024	2916	3650	3369	3672	4190	4147	3780	4298	3715	4060	3888	3628	3650	3024	2980	
2613	3218	3067	3045	2397	2095	1533	1123	712	0	561	1101	1576	1987	2548	2980	3045	3758	3628	3974	4514	4557	4255	4816	4276	4665	4536	4276	4341	3715	3693	
2505	3391	3304	3412	2764	2548	1857	1468	1036	561	0	626	1036	1468	2030	2462	2613	3304	3240	3628	4190	4276	4039	4622	4147	4600	4514	4298	4406	3823	3866	
2073	3218	3218	3477	2829	2764	1965	1663	1274	1101	626	0	626	885	1447	1857	1987	2678	2613	3002	3564	3693	3477	4082	3650	4147	4104	3931	4125	3542	3672	
2484	3780	3801	4104	3456	3391	2592	2289	1879	1576	1036	626	0	583	1036	1533	1857	2462	2592	3002	3585	3780	3672	4298	3931	4471	4492	4363	4600	4039	4212	
2160	3607	3693	4125	3499	3520	2700	2462	2116	1987	1468	885	583	0	561	993	1274	1879	2008	2419	3002	3218	3153	3780	3477	4017	4082	4017	4298	3780	4017	
2484	4039	4168	4644	4017	4082	3240	3024	2700	2548	2030	1447	1036	561	0	518	1080	1512	1836	2246	2829	3110	3175	3801	3607	4168	4276	4255	4579	4125	4406	
2419	4039	4233	4773	4190	4341	3477	3304	3024	2980	2462	1857	1533	993	518	0	712	993	1404	1814	2354	2700	2829	3456	3326	3888	4060	4082	4449	4039	4384	
1857	3499	3715	4363	3823	4060	3218	3132	2916	3045	2613	1987	1857	1274	1080	712	0	712	756	1166	1749	2030	2116	2743	2592	3175	3348	3391	3780	3434	3780	
2440	4060	4341	5011	4492	4773	3952	3866	3650	3758	3304	2678	2462	1879	1512	993	712	0	756	1036	1490	1900	2181	2764	2808	3369	3628	3758	4190	3909	4320	
1814	3369	3693	4406	3952	4298	3499	3499	3369	3628	3240	2613	2592	2008	1836	1404	756	756	0	410	993	1274	1447	2052	2030	2592	2851	2980	3412	3175	3585	
1944	3412	3758	4514	4104	4492	3736	3758	3672	3974	3628	3002	3002	2419	2246	1814	1166	1036	410	0	583	885	1166	1706	1814	2354	2656	2829	3304	3110	3564	
2311	3628	3996	4816	4449	4903	4168	4233	4190	4514	4190	3564	3585	3002	2829	2354	1749	1490	993	583	0	496	1036	1404	1728	2181	2570	2808	3304	3240	3715	
2160	3304	3693	4514	4233	4708	4039	4147	4147	4557	4276	3693	3780	3218	3110	2700	2030	1900	1274	885	496	0	604	907	1274	1706	2095	2376	2872	2851	3348	
1706	2700	3110	3952	3693	4212	3585	3736	3780	4255	4039	3477	3672	3153	3175	2829	2116	2181	1447	1166	1036	604	0	626	691	1188	1533	1771	2268	2246	2743	
2203	2872	3304	4147	3974	4557	3996	4190	4298	4816	4622	4082	4298	3780	3801	3456	2743	2764	2052	1706	1404	907	626	0	669	864	1296	1663	2160	2289	2786	
1641	2181	2635	3477	3304	3888	3348	3585	3715	4276	4147	3650	3931	3477	3607	3326	2592	2808	2030	1814	1728	1274	691	669	0	561	842	1101	1598	1641	2138	
2073	2224	2656	3499	3434	4060	3628	3909	4060	4665	4600	4147	4471	4017	4168	3888	3175	3369	2592	2354	2181	1706	1188	864	561	0	453	842	1317	1576	2052	
2008	1857	2289	3110	3110	3736	3391	3672	3888	4536	4514	4104	4492	4082	4276	4060	3348	3628	2851	2656	2570	2095	1533	1296	842	453	0	410	864	1188	1620	
1879	1447	1879	2700	2721	3348	3045	3369	3628	4276	4298	3931	4363	4017	4255	4082	3391	3758	2980	2829	2808	2376	1771	1663	1101	842	410	0	496	777	1209	
2116	1252	1641	2397	2527	3175	3002	3348	3650	4341	4406	4125	4600	4298	4579	4449	3780	4190	3412	3304	3304	2872	2268	2160	1598	1317	864	496	0	604	885	
1641	669	1101	1922	1944	2592	2376	2721	3024	3715	3823	3542	4039	3780	4125	4039	3434	3909	3175	3110	3240	2851	2246	2289	1641	1576	1188	777	604	0	496	
1944	475	777	1512	1663	2311	2246	2635	2980	3693	3866	3672	4212	4017	4406	4384	3780	4320	3585	3564	3715	3348	2743	2786	2138	2052	1620	1209	885	496	0	
V1
0	1641	1879	2592	2160	2570	1879	2008	2073	2613	2505	2073	2484	2160	2484	2419	1857	2440	1814	1944	2311	2160	1706	2203	1641	2073	2008	1879	2116	1641	1944	
1641	0	432	1274	1274	1922	1771	2160	2505	3218	3391	3218	3780	3607	4039	4039	3499	4060	3369	3412	3628	3304	2700	2872	2181	2224	1857	1447	1252	669	475	
1879	432	0	842	885	1533	1555	1965	2332	3067	3304	3218	3801	3693	4168	4233	3715	4341	3693	3758	3996	3693	3110	3304	2635	2656	2289	1879	1641	1101	777	
2592	1274	842	0	648	1080	1555	1944	2376	3045	3412	3477	4104	4125	4644	4773	4363	5011	4406	4514	4816	4514	3952	4147	3477	3499	3110	2700	2397	1922	1512	
2160	1274	885	648	0	648	885	1296	1728	2397	2764	2829	3456	3499	4017	4190	3823	4492	3952	4104	4449	4233	3693	3974	3304	3434	3110	2721	2527	1944	1663	
2570	1922	1533	1080	648	0	842	1101	1512	2095	2548	2764	3391	3520	4082	4341	4060	4773	4298	4492	4903	4708	4212	4557	3888	4060	3736	3348	3175	2592	2311	
1879	1771	1555	1555	885	842	0	410	820	1533	1857	1965	2592	2700	3240	3477	3218	3952	3499	3736	4168	4039	3585	3996	3348	3628	3391	3045	3002	2376	2246	
2008	2160	1965	1944	1296	1101	410	0	432	1123	1468	1663	2289	2462	3024	3304	3132	3866	3499	3758	4233	4147	3736	4190	3585	3909	3672	3369	3348	2721	2635	
2073	2505	2332	2376	1728	1512	820	432	0	712	1036	1274	1879	2116	2700	3024	2916	3650	3369	3672	4190	4147	3780	4298	3715	4060	3888	3628	3650	3024	2980	
2613	3218	3067	3045	2397	2095	1533	1123	712	0	561	1101	1576	1987	2548	2980	3045	3758	3628	3974	4514	4557	4255	4816	4276	4665	4536	4276	4341	3715	3693	
2505	3391	3304	3412	2764	2548	1857	1468	1036	561	0	626	1036	1468	2030	2462	2613	3304	3240	3628	4190	4276	4039	4622	4147	4600	4514	4298	4406	3823	3866	
2073	3218	3218	3477	2829	2764	1965	1663	1274	1101	626	0	626	885	1447	1857	1987	2678	2613	3002	3564	3693	3477	4082	3650	4147	4104	3931	4125	3542	3672	
2484	3780	3801	4104	3456	3391	2592	2289	1879	1576	1036	626	0	583	1036	1533	1857	2462	2592	3002	3585	3780	3672	4298	3931	4471	4492	4363	4600	4039	4212	
2160	3607	3693	4125	3499	3520	2700	2462	2116	1987	1468	885	583	0	561	993	1274	1879	2008	2419	3002	3218	3153	3780	3477	4017	4082	4017	4298	3780	4017	
2484	4039	4168	4644	4017	4082	3240	3024	2700	2548	2030	1447	1036	561	0	518	1080	1512	1836	2246	2829	3110	3175	3801	3607	4168	4276	4255	4579	4125	4406	
2419	4039	4233	4773	4190	4341	3477	3304	3024	2980	2462	1857	1533	993	518	0	712	993	1404	1814	2354	2700	2829	3456	3326	3888	4060	4082	4449	4039	4384	
1857	3499	3715	4363	3823	4060	3218	3132	2916	3045	2613	1987	1857	1274	1080	712	0	712	756	1166	1749	2030	2116	2743	2592	3175	3348	3391	3780	3434	3780	
2440	4060	4341	5011	4492	4773	3952	3866	3650	3758	3304	2678	2462	1879	1512	993	712	0	756	1036	1490	1900	2181	2764	2808	3369	3628	3758	4190	3909	4320	
1814	3369	3693	4406	3952	4298	3499	3499	3369	3628	3240	2613	2592	2008	1836	1404	756	756	0	410	993	1274	1447	2052	2030	2592	2851	2980	3412	3175	3585	
1944	3412	3758	4514	4104	4492	3736	3758	3672	3974	3628	3002	3002	2419	2246	1814	1166	1036	410	0	583	885	1166	1706	1814	2354	2656	2829	3304	3110	3564	
2311	3628	3996	4816	4449	4903	4168	4233	4190	4514	4190	3564	3585	3002	2829	2354	1749	1490	993	583	0	496	1036	1404	1728	2181	2570	2808	3304	3240	3715	
2160	3304	3693	4514	4233	4708	4039	4147	4147	4557	4276	3693	3780	3218	3110	2700	2030	1900	1274	885	496	0	604	907	1274	1706	2095	2376	2872	2851	3348	
1706	2700	3110	3952	3693	4212	3585	3736	3780	4255	4039	3477	3672	3153	3175	2829	2116	2181	1447	1166	1036	604	0	626	691	1188	1533	1771	2268	2246	2743	
2203	2872	3304	4147	3974	4557	3996	4190	4298	4816	4622	4082	4298	3780	3801	3456	2743	2764	2052	1706	1404	907	626	0	669	864	1296	1663	2160	2289	2786	
1641	2181	2635	3477	3304	3888	3348	3585	3715	4276	4147	3650	3931	3477	3607	3326	2592	2808	2030	1814	1728	1274	691	669	0	561	842	1101	1598	1641	2138	
2073	2224	2656	3499	3434	4060	3628	3909	4060	4665	4600	4147	4471	4017	4168	3888	3175	3369	2592	2354	2181	1706	1188	864	561	0	453	842	1317	1576	2052	
2008	1857	2289	3110	3110	3736	3391	3672	3888	4536	4514	4104	4492	4082	4276	4060	3348	3628	2851	2656	2570	2095	1533	1296	842	453	0	410	864	1188	1620	
1879	1447	1879	2700	2721	3348	3045	3369	3628	4276	4298	3931	4363	4017	4255	4082	3391	3758	2980	2829	2808	2376	1771	1663	1101	842	410	0	496	777	1209	
2116	1252	1641	2397	2527	3175	3002	3348	3650	4341	4406	4125	4600	4298	4579	4449	3780	4190	3412	3304	3304	2872	2268	2160	1598	1317	864	496	0	604	885	
1641	669	1101	1922	1944	2592	2376	2721	3024	3715	3823	3542	4039	3780	4125	4039	3434	3909	3175	3110	3240	2851	2246	2289	1641	1576	1188	777	604	0	496	
1944	475	777	1512	1663	2311	2246	2635	2980	3693	3866	3672	4212	4017	4406	4384	3780	4320	3585	3564	3715	3348	2743	2786	2138	2052	1620	1209	885	496	0	
V2
0	1687	1931	2664	2220	2641	1931	2064	2131	2686	2575	2131	2553	2220	2553	2486	1909	2508	1864	1998	2375	2220	1753	2264	1687	2131	2064	1931	2175	1687	1998	
1687	0	444	1309	1309	1975	1820	2220	2575	3307	3485	3307	3885	3707	4151	4151	3596	4173	3463	3507	3729	3396	2775	2952	2242	2286	1909	1487	1287	688	488	
1931	444	0	865	910	1576	1598	2020	2397	3152	3396	3307	3907	3796	4284	4351	3818	4462	3796	3862	4107	3796	3196	3396	2708	2730	2353	1931	1687	1132	799	
2664	1309	865	0	666	1110	1598	1998	2442	3130	3507	3574	4218	4240	4773	4906	4484	5150	4528	4639	4950	4639	4062	4262	3574	3596	3196	2775	2464	1975	1554	
2220	1309	910	666	0	666	910	1332	1776	2464	2841	2908	3552	3596	4129	4306	3929	4617	4062	4218	4573	4351	3796	4084	3396	3529	3196	2797	2597	1998	1709	
2641	1975	1576	1110	666	0	865	1132	1554	2153	2619	2841	3485	3618	4195	4462	4173	4906	4417	4617	5039	4839	4329	4684	3996	4173	3840	3441	3263	2664	2375	
1931	1820	1598	1598	910	865	0	421	843	1576	1909	2020	2664	2775	3330	3574	3307	4062	3596	3840	4284	4151	3685	4107	3441	3729	3485	3130	3085	2442	2308	
2064	2220	2020	1998	1332	1132	421	0	444	1154	1509	1709	2353	2530	3108	3396	3219	3973	3596	3862	4351	4262	3840	4306	3685	4018	3774	3463	3441	2797	2708	
2131	2575	2397	2442	1776	1554	843	444	0	732	1065	1309	1931	2175	2775	3108	2997	3751	3463	3774	4306	4262	3885	4417	3818	4173	3996	3729	3751	3108	3063	
2686	3307	3152	3130	2464	2153	1576	1154	732	0	577	1132	1620	2042	2619	3063	3130	3862	3729	4084	4639	4684	4373	4950	4395	4795	4662	4395	4462	3818	3796	
2575	3485	3396	3507	2841	2619	1909	1509	1065	577	0	643	1065	1509	2086	2530	2686	3396	3330	3729	4306	4395	4151	4750	4262	4728	4639	4417	4528	3929	3973	
2131	3307	3307	3574	2908	2841	2020	1709	1309	1132	643	0	643	910	1487	1909	2042	2752	2686	3085	3663	3796	3574	4195	3751	4262	4218	4040	4240	3640	3774	
2553	3885	3907	4218	3552	3485	2664	2353	1931	1620	1065	643	0	599	1065	1576	1909	2530	2664	3085	3685	3885	3774	4417	4040	4595	4617	4484	4728	4151	4329	
2220	3707	3796	4240	3596	3618	2775	2530	2175	2042	1509	910	599	0	577	1021	1309	1931	2064	2486	3085	3307	3241	3885	3574	4129	4195	4129	4417	3885	4129	
2553	4151	4284	4773	4129	4195	3330	3108	2775	2619	2086	1487	1065	577	0	532	1110	1554	1887	2308	2908	3196	3263	3907	3707	4284	4395	4373	4706	4240	4528	
2486	4151	4351	4906	4306	4462	3574	3396	3108	3063	2530	1909	1576	1021	532	0	732	1021	1443	1864	2419	2775	2908	3552	3418	3996	4173	4195	4573	4151	4506	
1909	3596	3818	4484	3929	4173	3307	3219	2997	3130	2686	2042	1909	1309	1110	732	0	732	777	1198	1798	2086	2175	2819	2664	3263	3441	3485	3885	3529	3885	
2508	4173	4462	5150	4617	4906	4062	3973	3751	3862	3396	2752	2530	1931	1554	1021	732	0	777	1065	1531	1953	2242	2841	2886	3463	3729	3862	4306	4018	4440	
1864	3463	3796	4528	4062	4417	3596	3596	3463	3729	3330	2686	2664	2064	1887	1443	777	777	0	421	1021	1309	1487	2109	2086	2664	2930	3063	3507	3263	3685	
1998	3507	3862	4639	4218	4617	3840	3862	3774	4084	3729	3085	3085	2486	2308	1864	1198	1065	421	0	599	910	1198	1753	1864	2419	2730	2908	3396	3196	3663	
2375	3729	4107	4950	4573	5039	4284	4351	4306	4639	4306	3663	3685	3085	2908	2419	1798	1531	1021	599	0	510	1065	1443	1776	2242	2641	2886	3396	3330	3818	
2220	3396	3796	4639	4351	4839	4151	4262	4262	4684	4395	3796	3885	3307	3196	2775	2086	1953	1309	910	510	0	621	932	1309	1753	2153	2442	2952	2930	3441	
1753	2775	3196	4062	3796	4329	3685	3840	3885	4373	4151	3574	3774	3241	3263	2908	2175	2242	1487	1198	1065	621	0	643	710	1221	1576	1820	2331	2308	2819	
2264	2952	3396	4262	4084	4684	4107	4306	4417	4950	4750	4195	4417	3885	3907	3552	2819	2841	2109	1753	1443	932	643	0	688	888	1332	1709	2220	2353	2863	
1687	2242	2708	3574	3396	3996	3441	3685	3818	4395	4262	3751	4040	3574	3707	3418	2664	2886	2086	1864	1776	1309	710	688	0	577	865	1132	1642	1687	2197	
2131	2286	2730	3596	3529	4173	3729	4018	4173	4795	4728	4262	4595	4129	4284	3996	3263	3463	2664	2419	2242	1753	1221	888	577	0	466	865	1354	1620	2109	
2064	1909	2353	3196	3196	3840	3485	3774	3996	4662	4639	4218	4617	4195	4395	4173	3441	3729	2930	2730	2641	2153	1576	1332	865	466	0	421	888	1221	1665	
1931	1487	1931	2775	2797	3441	3130	3463	3729	4395	4417	4040	4484	4129	4373	4195	3485	3862	3063	2908	2886	2442	1820	1709	1132	865	421	0	510	799	1243	
2175	1287	1687	2464	2597	3263	3085	3441	3751	4462	4528	4240	4728	4417	4706	4573	3885	4306	3507	3396	3396	2952	2331	2220	1642	1354	888	510	0	621	910	
1687	688	1132	1975	1998	2664	2442	2797	3108	3818	3929	3640	4151	3885	4240	4151	3529	4018	3263	3196	3330	2930	2308	2353	1687	1620	1221	799	621	0	510	
1998	488	799	1554	1709	2375	2308	2708	3063	3796	3973	3774	4329	4129	4528	4506	3885	4440	3685	3663	3818	3441	2819	2863	2197	2109	1665	1243	910	510	0	
V3
0	1565	1792	2472	2060	2451	1792	1915	1977	2492	2389	1977	2369	2060	2369	2307	1771	2327	1730	1854	2204	2060	1627	2101	1565	1977	1915	1792	2018	1565	1854	
1565	0	412	1215	1215	1833	1689	2060	2389	3069	3234	3069	3605	3440	3852	3852	3337	3872	3213	3254	3460	3151	2575	2739	2080	2121	1771	1380	1194	638	453	
1792	412	0	803	844	1462	1483	1874	2224	2925	3151	3069	3625	3522	3975	4037	3543	4140	3522	3584	3811	3522	2966	3151	2513	2533	2183	1792	1565	1050	741	
2472	1215	803	0	618	1030	1483	1854	2266	2904	3254	3316	3914	3934	4429	4552	4161	4779	4202	4305	4593	4305	3769	3955	3316	3337	2966	2575	2286	1833	1442	
2060	1215	844	618	0	618	844	1236	1648	2286	2636	2698	3296	3337	3831	3996	3646	4284	3769	3914	4243	4037	3522	3790	3151	3275	2966	2595	2410	1854	1586	
2451	1833	1462	1030	618	0	803	1050	1442	1998	2430	2636	3234	3357	3893	4140	3872	4552	4099	4284	4676	4490	4017	4346	3708	3872	3563	3193	3028	2472	2204	
1792	1689	1483	1483	844	803	0	391	782	1462	1771	1874	2472	2575	3090	3316	3069	3769	3337	3563	3975	3852	3419	3811	3193	3460	3234	2904	2863	2266	2142	
1915	2060	1874	1854	1236	1050	391	0	412	1071	1400	1586	2183	2348	2884	3151	2987	3687	3337	3584	4037	3955	3563	3996	3419	3728	3502	3213	3193	2595	2513	
1977	2389	2224	2266	1648	1442	782	412	0	679	988	1215	1792	2018	2575	2884	2781	3481	3213	3502	3996	3955	3605	4099	3543	3872	3708	3460	3481	2884	2842	
2492	3069	2925	2904	2286	1998	1462	1071	679	0	535	1050	1503	1895	2430	2842	2904	3584	3460	3790	4305	4346	4058	4593	4078	4449	4326	4078	4140	3543	3522	
2389	3234	3151	3254	2636	2430	1771	1400	988	535	0	597	988	1400	1936	2348	2492	3151	3090	3460	3996	4078	3852	4408	3955	4387	4305	4099	4202	3646	3687	
1977	3069	3069	3316	2698	2636	1874	1586	1215	1050	597	0	597	844	1380	1771	1895	2554	2492	2863	3399	3522	3316	3893	3481	3955	3914	3749	3934	3378	3502	
2369	3605	3625	3914	3296	3234	2472	2183	1792	1503	988	597	0	556	988	1462	1771	2348	2472	2863	3419	3605	3502	4099	3749	4264	4284	4161	4387	3852	4017	
2060	3440	3522	3934	3337	3357	2575	2348	2018	1895	1400	844	556	0	535	947	1215	1792	1915	2307	2863	3069	3007	3605	3316	3831	3893	3831	4099	3605	3831	
2369	3852	3975	4429	3831	3893	3090	2884	2575	2430	1936	1380	988	535	0	494	1030	1442	1751	2142	2698	2966	3028	3625	3440	3975	4078	4058	4367	3934	4202	
2307	3852	4037	4552	3996	4140	3316	3151	2884	2842	2348	1771	1462	947	494	0	679	947	1339	1730	2245	2575	2698	3296	3172	3708	3872	3893	4243	3852	4181	
1771	3337	3543	4161	3646	3872	3069	2987	2781	2904	2492	1895	1771	1215	1030	679	0	679	721	1112	1668	1936	2018	2616	2472	3028	3193	3234	3605	3275	3605	
2327	3872	4140	4779	4284	4552	3769	3687	3481	3584	3151	2554	2348	1792	1442	947	679	0	721	988	1421	1812	2080	2636	2678	3213	3460	3584	3996	3728	4120	
1730	3213	3522	4202	3769	4099	3337	3337	3213	3460	3090	2492	2472	1915	1751	1339	721	721	0	391	947	1215	1380	1957	1936	2472	2719	2842	3254	3028	3419	
1854	3254	3584	4305	3914	4284	3563	3584	3502	3790	3460	2863	2863	2307	2142	1730	1112	988	391	0	556	844	1112	1627	1730	2245	2533	2698	3151	2966	3399	
2204	3460	3811	4593	4243	4676	3975	4037	3996	4305	3996	3399	3419	2863	2698	2245	1668	1421	947	556	0	473	988	1339	1648	2080	2451	2678	3151	3090	3543	
2060	3151	3522	4305	4037	4490	3852	3955	3955	4346	4078	3522	3605	3069	2966	2575	1936	1812	1215	844	473	0	576	865	1215	1627	1998	2266	2739	2719	3193	
1627	2575	2966	3769	3522	4017	3419	3563	3605	4058	3852	3316	3502	3007	3028	2698	2018	2080	1380	1112	988	576	0	597	659	1133	1462	1689	2163	2142	2616	
2101	2739	3151	3955	3790	4346	3811	3996	4099	4593	4408	3893	4099	3605	3625	3296	2616	2636	1957	1627	1339	865	597	0	638	824	1236	1586	2060	2183	2657	
1565	2080	2513	3316	3151	3708	3193	3419	3543	4078	3955	3481	3749	3316	3440	3172	2472	2678	1936	1730	1648	1215	659	638	0	535	803	1050	1524	1565	2039	
1977	2121	2533	3337	3275	3872	3460	3728	3872	4449	4387	3955	4264	3831	3975	3708	3028	3213	2472	2245	2080	1627	1133	824	535	0	432	803	1256	1503	1957	
1915	1771	2183	2966	2966	3563	3234	3502	3708	4326	4305	3914	4284	3893	4078	3872	3193	3460	2719	2533	2451	1998	1462	1236	803	432	0	391	824	1133	1545	
1792	1380	1792	2575	2595	3193	2904	3213	3460	4078	4099	3749	4161	3831	4058	3893	3234	3584	2842	2698	2678	2266	1689	1586	1050	803	391	0	473	741	1153	
2018	1194	1565	2286	2410	3028	2863	3193	3481	4140	4202	3934	4387	4099	4367	4243	3605	3996	3254	3151	3151	2739	2163	2060	1524	1256	824	473	0	576	844	
1565	638	1050	1833	1854	2472	2266	2595	2884	3543	3646	3378	3852	3605	3934	3852	3275	3728	3028	2966	3090	2719	2142	2183	1565	1503	1133	741	576	0	473	
1854	453	741	1442	1586	2204	2142	2513	2842	3522	3687	3502	4017	3831	4202	4181	3605	4120	3419	3399	3543	3193	2616	2657	2039	1957	1545	1153	844	473	0	
V4
0	1656	1896	2616	2180	2594	1896	2027	2092	2637	2528	2092	2507	2180	2507	2441	1874	2463	1831	1962	2332	2180	1722	2223	1656	2092	2027	1896	2136	1656	1962	
1656	0	436	1286	1286	1940	1787	2180	2528	3248	3422	3248	3815	3640	4076	4076	3531	4098	3400	3444	3662	3335	2725	2899	2201	2245	1874	1460	1264	675	479	
1896	436	0	850	893	1547	1569	1983	2354	3095	3335	3248	3836	3727	4207	4272	3749	4381	3727	3793	4033	3727	3139	3335	2659	2681	2310	1896	1656	1111	784	
2616	1286	850	0	654	1090	1569	1962	2398	3073	3444	3509	4142	4163	4687	4817	4403	5057	4447	4556	4861	4556	3989	4185	3509	3531	3139	2725	2419	1940	1526	
2180	1286	893	654	0	654	893	1308	1744	2419	2790	2855	3488	3531	4054	4229	3858	4534	3989	4142	4490	4272	3727	4011	3335	3466	3139	2746	2550	1962	1678	
2594	1940	1547	1090	654	0	850	1111	1526	2114	2572	2790	3422	3553	4120	4381	4098	4817	4338	4534	4948	4752	4251	4599	3924	4098	3771	3379	3204	2616	2332	
1896	1787	1569	1569	893	850	0	414	828	1547	1874	1983	2616	2725	3270	3509	3248	3989	3531	3771	4207	4076	3618	4033	3379	3662	3422	3073	3030	2398	2267	
2027	2180	1983	1962	1308	1111	414	0	436	1133	1482	1678	2310	2485	3052	3335	3161	3902	3531	3793	4272	4185	3771	4229	3618	3945	3706	3400	3379	2746	2659	
2092	2528	2354	2398	1744	1526	828	436	0	719	1046	1286	1896	2136	2725	3052	2943	3684	3400	3706	4229	4185	3815	4338	3749	4098	3924	3662	3684	3052	3008	
2637	3248	3095	3073	2419	2114	1547	1133	719	0	566	1111	1591	2005	2572	3008	3073	3793	3662	4011	4556	4599	4294	4861	4316	4708	4578	4316	4381	3749	3727	
2528	3422	3335	3444	2790	2572	1874	1482	1046	566	0	632	1046	1482	2049	2485	2637	3335	3270	3662	4229	4316	4076	4665	4185	4643	4556	4338	4447	3858	3902	
2092	3248	3248	3509	2855	2790	1983	1678	1286	1111	632	0	632	893	1460	1874	2005	2703	2637	3030	3597	3727	3509	4120	3684	4185	4142	3967	4163	3575	3706	
2507	3815	3836	4142	3488	3422	2616	2310	1896	1591	1046	632	0	588	1046	1547	1874	2485	2616	3030	3618	3815	3706	4338	3967	4512	4534	4403	4643	4076	4251	
2180	3640	3727	4163	3531	3553	2725	2485	2136	2005	1482	893	588	0	566	1002	1286	1896	2027	2441	3030	3248	3182	3815	3509	4054	4120	4054	4338	3815	4054	
2507	4076	4207	4687	4054	4120	3270	3052	2725	2572	2049	1460	1046	566	0	523	1090	1526	1853	2267	2855	3139	3204	3836	3640	4207	4316	4294	4621	4163	4447	
2441	4076	4272	4817	4229	4381	3509	3335	3052	3008	2485	1874	1547	1002	523	0	719	1002	1417	1831	2376	2725	2855	3488	3357	3924	4098	4120	4490	4076	4425	
1874	3531	3749	4403	3858	4098	3248	3161	2943	3073	2637	2005	1874	1286	1090	719	0	719	763	1177	1765	2049	2136	2768	2616	3204	3379	3422	3815	3466	3815	
2463	4098	4381	5057	4534	4817	3989	3902	3684	3793	3335	2703	2485	1896	1526	1002	719	0	763	1046	1504	1918	2201	2790	2834	3400	3662	3793	4229	3945	4360	
1831	3400	3727	4447	3989	4338	3531	3531	3400	3662	3270	2637	2616	2027	1853	1417	763	763	0	414	1002	1286	1460	2071	2049	2616	2877	3008	3444	3204	3618	
1962	3444	3793	4556	4142	4534	3771	3793	3706	4011	3662	3030	3030	2441	2267	1831	1177	1046	414	0	588	893	1177	1722	1831	2376	2681	2855	3335	3139	3597	
2332	3662	4033	4861	4490	4948	4207	4272	4229	4556	4229	3597	3618	3030	2855	2376	1765	1504	1002	588	0	501	1046	1417	1744	2201	2594	2834	3335	3270	3749	
2180	3335	3727	4556	4272	4752	4076	4185	4185	4599	4316	3727	3815	3248	3139	2725	2049	1918	1286	893	501	0	610	915	1286	1722	2114	2398	2899	2877	3379	
1722	2725	3139	3989	3727	4251	3618	3771	3815	4294	4076	3509	3706	3182	3204	2855	2136	2201	1460	1177	1046	610	0	632	697	1199	1547	1787	2289	2267	2768	
2223	2899	3335	4185	4011	4599	4033	4229	4338	4861	4665	4120	4338	3815	3836	3488	2768	2790	2071	1722	1417	915	632	0	675	872	1308	1678	2180	2310	2812	
1656	2201	2659	3509	3335	3924	3379	3618	3749	4316	4185	3684	3967	3509	3640	3357	2616	2834	2049	1831	1744	1286	697	675	0	566	850	1111	1613	1656	2158	
2092	2245	2681	3531	3466	4098	3662	3945	4098	4708	4643	4185	4512	4054	4207	3924	3204	3400	2616	2376	2201	1722	1199	872	566	0	457	850	1329	1591	2071	
2027	1874	2310	3139	3139	3771	3422	3706	3924	4578	4556	4142	4534	4120	4316	4098	3379	3662	2877	2681	2594	2114	1547	1308	850	457	0	414	872	1199	1635	
1896	1460	1896	2725	2746	3379	3073	3400	3662	4316	4338	3967	4403	4054	4294	4120	3422	3793	3008	2855	2834	2398	1787	1678	1111	850	414	0	501	784	1220	
2136	1264	1656	2419	2550	3204	3030	3379	3684	4381	4447	4163	4643	4338	4621	4490	3815	4229	3444	3335	3335	2899	2289	2180	1613	1329	872	501	0	610	893	
1656	675	1111	1940	1962	2616	2398	2746	3052	3749	3858	3575	4076	3815	4163	4076	3466	3945	3204	3139	3270	2877	2267	2310	1656	1591	1199	784	610	0	501	
1962	479	784	1526	1678	2332	2267	2659	3008	3727	3902	3706	4251	4054	4447	4425	3815	4360	3618	3597	3749	3379	2768	2812	2158	2071	1635	1220	893	501	0	
V5
0	1109	1270	1752	1460	1737	1270	1357	1401	1766	1693	1401	1679	1460	1679	1635	1255	1649	1226	1314	1562	1460	1153	1489	1109	1401	1357	1270	1430	1109	1314	
1109	0	292	861	861	1299	1197	1460	1693	2175	2292	2175	2555	2438	2730	2730	2365	2744	2277	2306	2452	2233	1825	1941	1474	1503	1255	978	846	452	321	
1270	292	0	569	598	1036	1051	1328	1576	2073	2233	2175	2569	2496	2817	2861	2511	2934	2496	2540	2701	2496	2102	2233	1781	1795	1547	1270	1109	744	525	
1752	861	569	0	438	730	1051	1314	1606	2058	2306	2350	2774	2788	3139	3226	2949	3387	2978	3051	3255	3051	2671	2803	2350	2365	2102	1825	1620	1299	1022	
1460	861	598	438	0	438	598	876	1168	1620	1868	1912	2336	2365	2715	2832	2584	3036	2671	2774	3007	2861	2496	2686	2233	2321	2102	1839	1708	1314	1124	
1737	1299	1036	730	438	0	569	744	1022	1416	1722	1868	2292	2379	2759	2934	2744	3226	2905	3036	3314	3182	2847	3080	2628	2744	2525	2263	2146	1752	1562	
1270	1197	1051	1051	598	569	0	277	554	1036	1255	1328	1752	1825	2190	2350	2175	2671	2365	2525	2817	2730	2423	2701	2263	2452	2292	2058	2029	1606	1518	
1357	1460	1328	1314	876	744	277	0	292	759	992	1124	1547	1664	2044	2233	2117	2613	2365	2540	2861	2803	2525	2832	2423	2642	2482	2277	2263	1839	1781	
