M: 4
N: 30
Nun_Veiculos: 11
Capacidade_Total: 628
Demanda_Total: 493
Setup_Min: 1
Setup_Max: 9
Raio: 100
Circulos: 1
Tempo_Processamento_Min: 1
Tempo_Processamento_Max: 49
Demanda_Min: 10
Demanda_Max: 30
Priority_Factor: 0.2
Range_Factor_R: 0.8
U_factor: 2
ALpha: 0.2Replicao: 2
Tempos_Processamentos
0	0	1	0	2	0	3	0	
0	3	1	30	2	44	3	38	
0	49	1	2	2	3	3	28	
0	27	1	14	2	41	3	45	
0	41	1	37	2	5	3	36	
0	20	1	28	2	22	3	29	
0	28	1	15	2	1	3	47	
0	5	1	23	2	13	3	26	
0	47	1	2	2	27	3	39	
0	19	1	8	2	35	3	7	
0	11	1	45	2	3	3	37	
0	36	1	41	2	19	3	28	
0	46	1	26	2	33	3	20	
0	5	1	22	2	9	3	45	
0	19	1	11	2	20	3	27	
0	6	1	18	2	13	3	42	
0	42	1	37	2	45	3	15	
0	28	1	25	2	27	3	29	
0	8	1	7	2	11	3	30	
0	14	1	21	2	17	3	8	
0	29	1	49	2	11	3	11	
0	16	1	43	2	31	3	22	
0	6	1	29	2	8	3	32	
0	15	1	28	2	19	3	22	
0	3	1	17	2	3	3	14	
0	3	1	31	2	38	3	47	
0	12	1	11	2	43	3	7	
0	26	1	34	2	34	3	36	
0	10	1	36	2	20	3	19	
0	26	1	2	2	43	3	21	
0	29	1	14	2	6	3	29	

Tempos_setup
M0
0	0	0	0	0	0	0	0	0	0	0	0	0	0	0	0	0	0	0	0	0	0	0	0	0	0	0	0	0	0	0	
0	0	1	2	4	2	2	3	2	3	3	2	1	3	2	3	2	3	4	3	2	3	3	3	2	3	2	3	2	3	2	
0	3	0	1	3	1	1	3	1	2	2	2	3	2	4	2	1	3	3	2	1	2	2	2	2	3	2	3	2	2	2	
0	4	3	0	2	3	2	2	3	3	3	3	4	2	3	3	2	4	2	3	2	1	3	2	3	3	3	2	3	1	3	
0	3	1	2	0	2	2	4	2	3	3	3	4	2	2	3	2	4	3	3	2	3	1	3	3	3	3	4	3	3	3	
0	3	4	2	3	0	2	4	4	3	3	2	2	3	3	3	4	3	2	1	3	3	3	3	2	2	4	3	3	2	3	
0	3	3	3	3	1	0	2	3	1	1	3	3	3	3	2	4	2	2	2	2	2	1	3	3	3	3	4	2	3	4	
0	2	3	2	3	1	3	0	3	2	4	3	3	3	4	3	4	3	3	1	3	3	3	2	2	3	1	3	3	2	3	
0	4	3	4	2	2	1	3	0	2	2	3	3	1	3	2	2	3	2	3	2	3	2	2	3	2	3	2	3	1	3	
0	2	2	2	3	2	2	2	2	0	2	2	3	2	3	1	3	1	2	1	1	1	1	3	2	3	2	3	2	2	4	
0	3	4	4	3	3	2	2	2	3	0	3	4	3	3	3	4	4	2	3	2	2	3	4	3	4	3	4	1	3	4	
0	1	2	2	3	2	2	3	3	1	3	0	2	2	2	2	3	2	2	2	1	2	2	2	1	1	2	4	2	3	3	
0	3	3	1	3	2	2	3	3	2	3	2	0	3	3	2	3	3	3	3	1	2	3	3	2	3	2	2	3	2	1	
0	3	2	3	3	2	2	2	2	3	3	4	2	0	2	1	1	2	2	2	3	3	3	2	2	1	3	3	2	2	3	
0	1	2	3	3	2	3	4	3	3	2	3	2	4	0	3	2	3	2	3	3	4	4	3	3	4	3	3	3	3	2	
0	3	1	2	3	2	2	1	1	3	2	3	3	1	3	0	2	1	3	2	2	2	3	3	3	2	2	3	1	2	3	
0	3	2	2	3	2	2	2	2	3	3	3	3	2	4	1	0	2	3	1	2	3	3	1	2	3	3	3	1	2	2	
0	3	4	4	3	2	3	2	3	2	1	4	4	3	4	3	4	0	3	3	3	3	3	3	4	4	3	3	2	2	4	
0	2	2	3	1	2	3	3	3	3	3	3	3	3	1	4	3	3	0	2	3	4	2	4	3	4	4	3	2	3	2	
0	4	3	1	2	1	3	3	3	3	3	3	2	2	3	3	3	2	2	0	2	2	3	2	1	2	3	2	3	1	3	
0	2	2	3	4	2	1	2	2	2	2	1	3	2	3	1	3	2	3	2	0	2	2	3	1	2	1	4	2	3	3	
0	3	3	4	2	3	3	2	3	4	4	4	3	1	2	2	2	3	1	3	3	0	3	3	3	2	3	4	2	3	3	
0	3	3	3	3	2	1	3	3	2	2	2	4	3	3	2	3	3	2	2	1	3	0	4	2	3	2	3	3	3	4	
0	3	4	2	3	2	2	3	1	2	3	2	4	2	3	3	3	2	3	3	3	2	3	0	1	3	4	2	2	2	1	
0	4	3	3	3	1	3	2	3	2	2	3	3	1	3	2	2	1	2	2	3	1	2	3	0	2	3	4	3	3	4	
0	2	2	3	2	2	1	2	2	2	2	3	2	2	1	1	3	2	1	3	2	2	2	4	1	0	3	4	1	3	3	
0	3	4	2	3	2	3	3	3	3	3	2	4	2	3	3	3	2	2	3	3	2	2	4	1	2	0	3	3	3	2	
0	3	3	2	3	2	4	3	4	3	4	2	3	3	4	4	4	3	3	1	3	3	4	3	2	3	4	0	4	2	4	
0	2	3	3	4	2	2	1	3	3	3	2	3	3	4	2	4	3	4	2	1	3	2	3	2	3	2	4	0	3	4	
0	3	2	3	1	3	2	3	2	3	3	2	3	1	2	2	2	3	1	2	1	3	2	1	2	2	2	1	3	0	2	
0	3	3	1	2	1	3	2	3	1	3	3	3	2	2	2	3	2	2	2	2	2	2	2	3	3	3	1	3	1	0	
M1
0	0	0	0	0	0	0	0	0	0	0	0	0	0	0	0	0	0	0	0	0	0	0	0	0	0	0	0	0	0	0	
0	0	3	3	4	3	2	3	3	3	1	2	3	4	2	3	2	3	3	4	2	1	2	1	2	3	2	3	3	4	3	
0	2	0	3	2	2	3	2	3	1	2	3	3	2	3	3	2	2	2	3	3	2	2	2	3	1	2	1	3	1	1	
0	2	2	0	2	3	1	4	2	2	3	3	2	4	3	3	3	3	3	3	1	2	3	3	3	3	3	1	3	3	2	
0	4	3	3	0	3	4	3	5	3	4	4	4	3	4	3	4	5	2	4	4	3	3	3	2	2	2	2	3	4	4	
0	3	3	2	2	0	3	3	3	2	2	3	2	2	1	3	2	3	2	1	2	3	1	1	3	2	2	2	1	2	2	
0	1	3	1	2	2	0	3	3	1	2	3	3	4	3	3	3	3	2	2	2	2	2	2	3	4	3	2	3	4	1	
0	3	4	3	3	2	2	0	2	1	2	3	3	1	2	3	3	2	2	3	3	3	2	3	4	4	3	3	2	1	3	
0	4	3	3	3	2	4	3	0	2	3	4	3	4	3	2	3	3	2	3	3	3	3	3	4	4	3	2	2	2	3	
0	3	3	3	3	1	4	3	3	0	1	2	3	3	2	2	2	2	1	2	2	3	1	2	3	3	2	2	2	3	2	
0	2	2	2	3	3	3	4	2	3	0	1	2	4	3	3	3	3	3	3	1	3	3	3	3	3	3	3	2	3	2	
0	2	3	2	4	2	3	3	2	4	3	0	2	4	2	2	3	3	4	2	1	3	2	3	2	3	3	3	3	3	3	
0	2	3	2	3	1	1	2	3	2	1	2	0	3	1	4	2	1	3	2	2	3	2	2	4	3	3	3	2	1	2	
0	2	4	2	3	2	1	2	4	2	2	3	4	0	1	4	3	2	3	3	3	3	2	3	4	3	3	3	3	1	2	
0	3	3	3	3	3	4	4	4	2	3	2	3	4	0	3	4	4	3	4	3	3	1	3	3	4	2	2	4	4	2	
0	3	1	3	2	3	4	2	2	2	1	2	3	3	2	0	1	2	2	4	2	3	3	2	4	2	3	2	3	2	1	
0	3	3	3	3	3	3	1	1	2	3	3	4	2	1	2	0	1	3	4	4	2	2	4	3	1	2	3	3	2	3	
0	5	3	4	2	2	4	5	5	4	3	4	4	4	2	4	4	0	3	3	4	3	3	3	4	4	4	3	3	4	2	
0	4	2	3	2	3	3	3	3	2	2	2	3	3	3	1	2	3	0	3	3	2	3	3	3	3	3	1	2	3	2	
0	4	4	3	4	4	3	4	4	3	3	4	3	5	3	4	3	4	3	0	3	2	3	2	3	4	3	4	2	4	3	
0	3	3	1	3	2	2	3	1	3	2	3	1	4	2	3	2	2	3	3	0	2	3	3	3	3	2	2	2	2	2	
0	2	2	2	3	2	1	2	4	2	3	3	3	3	1	2	3	4	2	3	3	0	2	2	1	3	1	2	2	3	2	
0	4	2	2	2	2	3	3	4	3	3	3	4	4	3	2	3	4	2	3	3	2	0	2	2	3	1	1	3	3	1	
0	3	3	3	3	3	4	2	2	3	1	2	3	3	2	3	1	2	3	4	2	3	1	0	3	2	2	2	3	3	2	
0	3	2	1	2	3	2	1	3	2	2	3	2	2	2	1	2	3	2	2	2	1	1	1	0	3	2	2	1	2	2	
0	2	2	2	4	2	2	3	3	3	2	3	3	1	2	3	4	3	2	3	3	2	3	3	3	0	1	3	3	2	3	
0	3	1	1	3	1	2	2	3	2	2	3	3	3	2	2	3	3	1	2	2	3	2	2	2	2	0	2	2	2	2	
0	3	2	2	1	3	2	3	4	3	2	2	3	4	2	2	3	3	2	3	3	1	3	3	2	3	2	0	2	2	3	
0	2	2	1	3	2	2	3	3	3	2	2	1	3	2	2	3	2	1	1	2	3	3	3	4	2	3	2	0	2	3	
0	3	3	3	3	3	3	1	3	2	1	2	3	2	3	4	3	1	3	3	2	2	3	2	3	3	3	4	3	0	3	
0	4	3	3	1	4	3	3	3	3	2	3	3	4	3	2	2	3	1	4	3	2	2	1	3	3	3	1	3	3	0	
M2
0	0	0	0	0	0	0	0	0	0	0	0	0	0	0	0	0	0	0	0	0	0	0	0	0	0	0	0	0	0	0	
0	0	3	4	2	4	5	3	3	4	2	4	3	4	4	3	4	3	4	3	4	4	4	1	4	4	3	4	3	3	3	
0	2	0	2	2	3	3	1	3	2	2	2	3	2	2	3	2	2	2	3	1	3	2	2	3	2	2	2	3	3	1	
0	2	3	0	3	1	3	3	3	4	2	2	3	3	2	4	4	2	2	3	2	4	2	3	3	2	2	3	3	3	2	
0	3	1	3	0	3	4	2	2	3	3	3	4	2	3	1	3	3	2	3	2	2	3	3	3	3	2	2	2	3	1	
0	1	3	2	3	0	2	2	2	3	1	1	2	2	3	3	3	1	1	2	3	3	1	2	2	3	2	2	2	2	3	
0	3	2	1	1	2	0	3	2	4	2	2	2	3	3	2	1	3	3	1	3	3	2	2	4	3	3	2	3	3	2	
0	2	3	1	3	2	3	0	3	3	3	1	3	2	2	3	4	1	2	3	3	3	2	1	2	1	3	2	4	2	3	
0	3	3	3	3	2	2	4	0	3	3	3	2	2	4	3	3	3	3	2	4	2	3	4	3	3	3	2	4	4	4	
0	1	3	4	3	2	3	3	4	0	3	3	1	3	2	2	2	2	3	3	4	3	3	2	3	2	3	3	3	4	4	
0	1	3	3	2	2	3	2	1	3	0	3	1	2	3	2	2	1	3	1	2	3	2	1	2	2	2	2	1	2	3	
0	1	3	1	2	2	2	2	3	2	3	0	3	2	3	3	3	3	3	2	2	3	1	2	2	3	2	2	4	1	3	
0	3	2	3	4	2	4	2	3	3	2	2	0	2	3	1	1	1	3	2	3	2	3	2	2	1	2	2	2	3	3	
0	2	3	2	3	2	3	2	1	1	3	3	2	0	2	3	3	2	3	2	4	1	2	3	1	3	2	3	4	3	2	
0	1	1	2	1	2	1	2	3	3	3	1	1	3	0	2	2	2	3	2	2	3	2	2	3	2	3	3	3	2	2	
0	3	1	3	3	2	4	2	2	2	3	3	3	1	3	0	3	2	3	2	2	1	3	2	2	3	2	1	1	2	2	
0	2	1	2	3	3	3	2	2	3	1	1	2	3	2	3	0	2	3	1	2	3	2	1	3	3	3	2	2	2	2	
0	2	2	2	4	1	3	1	2	2	2	2	3	1	3	2	3	0	2	2	3	2	2	2	1	2	3	1	3	3	2	
0	3	2	2	3	2	3	1	3	4	3	2	2	3	2	3	3	2	0	1	3	3	3	1	3	2	1	1	3	3	2	
0	3	2	3	4	2	4	3	2	3	3	3	1	2	3	2	2	2	3	0	3	3	3	3	3	2	3	1	3	3	2	
0	1	1	3	1	2	2	2	3	2	3	3	3	3	3	2	3	3	3	2	0	2	1	2	3	3	3	2	3	2	2	
0	2	3	2	3	1	3	2	3	1	2	2	2	2	2	3	3	1	2	1	3	0	2	3	2	3	1	2	3	3	2	
0	3	2	2	2	2	1	1	3	2	3	2	3	3	3	3	2	2	3	2	3	3	0	2	2	2	2	1	3	1	3	
0	4	4	3	4	4	4	2	4	4	3	3	3	3	3	4	4	3	3	4	4	4	4	0	3	3	2	3	4	4	2	
0	4	3	3	3	3	2	2	4	3	4	3	4	4	3	4	3	3	4	3	4	4	1	3	0	3	3	2	4	2	4	
0	3	3	2	3	3	3	1	4	4	3	2	4	3	3	4	4	2	3	4	2	4	2	2	3	0	3	3	4	3	4	
0	2	2	3	2	3	2	3	3	3	4	2	2	2	1	3	3	3	2	3	2	3	3	3	3	2	0	2	4	2	1	
0	2	1	2	3	1	3	2	3	3	2	2	2	3	2	3	3	2	2	1	2	2	2	3	3	3	3	0	3	3	2	
0	2	2	2	2	3	3	1	3	2	3	2	2	3	2	3	3	2	3	1	1	2	2	1	2	2	1	2	0	1	2	
0	2	4	4	4	3	3	3	2	1	4	4	2	3	3	3	3	3	4	4	4	4	2	2	1	3	4	3	3	0	4	
0	3	2	2	3	2	3	2	2	2	3	3	3	1	2	4	4	3	1	2	3	2	3	2	2	3	1	1	3	3	0	
M3
0	0	0	0	0	0	0	0	0	0	0	0	0	0	0	0	0	0	0	0	0	0	0	0	0	0	0	0	0	0	0	
0	0	2	1	1	2	3	3	1	2	3	3	2	3	2	2	3	1	3	3	2	2	2	3	3	3	2	3	3	3	3	
0	4	0	3	3	2	1	2	3	3	2	2	2	1	1	3	3	2	3	4	3	3	3	2	3	3	2	3	2	2	3	
0	3	2	0	3	3	3	3	4	1	3	2	3	2	2	2	3	2	4	3	3	2	4	3	4	3	3	3	2	3	3	
0	4	3	3	0	2	3	2	3	3	3	2	2	3	1	3	3	3	3	3	3	1	4	2	3	2	3	3	2	3	3	
0	3	2	3	2	0	3	2	2	2	2	3	2	1	3	3	3	3	2	3	1	2	3	2	3	1	3	2	2	2	1	
0	4	3	4	3	3	0	3	3	4	2	3	2	4	4	4	3	3	2	4	2	3	2	3	4	4	1	3	3	4	2	
0	2	3	3	3	2	3	0	3	1	2	2	3	2	2	1	2	3	3	2	3	3	3	3	4	2	2	4	2	3	2	
0	1	2	2	2	2	3	2	0	3	3	2	1	3	1	2	2	1	2	2	2	2	1	3	3	3	2	3	2	3	3	
0	2	4	3	3	2	4	2	3	0	3	1	3	3	1	3	4	3	4	3	2	2	3	2	3	3	4	3	2	2	3	
0	3	2	4	3	2	3	3	3	2	0	3	2	3	2	2	1	1	2	3	2	2	2	3	2	2	1	3	3	3	3	
0	4	3	3	2	3	3	2	3	3	2	0	3	4	3	3	3	2	3	3	1	3	2	1	4	3	3	2	3	1	4	
0	3	2	4	2	3	3	3	2	3	2	3	0	2	2	4	3	3	1	3	4	1	2	2	2	3	1	3	3	3	3	
0	3	1	3	2	2	2	2	3	3	1	3	1	0	2	3	2	2	2	4	3	2	2	2	3	2	2	4	1	1	3	
0	3	3	2	3	1	4	1	3	2	2	1	2	2	0	2	3	3	3	3	2	3	3	2	2	2	3	2	1	2	2	
0	3	2	4	2	2	2	2	3	3	2	3	2	1	3	0	1	3	2	1	2	3	3	2	3	2	3	3	1	2	1	
0	4	2	3	3	1	2	3	3	3	3	4	2	2	3	4	0	4	3	4	2	3	4	3	2	2	3	3	3	3	2	
0	4	1	4	3	1	2	2	3	3	3	3	3	2	2	1	2	0	3	2	1	3	2	2	4	2	1	2	2	2	2	
0	2	1	3	3	3	2	3	1	3	1	3	2	2	2	3	2	2	0	3	3	3	2	1	3	3	1	4	3	3	4	
0	3	3	4	3	2	1	1	3	2	1	3	2	2	3	1	1	2	3	0	3	3	3	2	3	2	2	4	1	2	2	
0	3	3	4	3	3	2	1	3	2	3	3	2	3	2	2	2	2	3	2	0	3	2	1	4	3	3	1	3	3	3	
0	4	3	4	1	3	2	3	3	2	3	3	1	3	2	3	2	2	2	2	3	0	3	3	3	3	2	2	3	4	4	
0	4	3	4	1	2	3	2	3	3	4	3	2	3	2	3	1	3	3	3	3	2	0	2	3	2	3	4	1	2	3	
0	3	2	4	4	2	3	3	2	4	3	3	3	3	2	2	2	1	2	3	2	4	3	0	4	3	2	3	3	2	3	
0	3	3	4	2	3	3	1	3	2	3	2	4	3	3	2	3	3	2	3	2	3	2	2	0	3	1	3	3	3	3	
0	2	3	2	2	3	3	3	1	1	4	2	2	3	2	2	3	2	3	3	3	1	2	3	2	0	3	3	3	2	3	
0	3	3	4	2	2	2	3	2	4	4	4	3	3	3	4	2	3	4	4	3	2	1	3	4	3	0	4	2	3	3	
0	3	3	3	2	2	3	2	2	3	3	2	3	3	1	3	1	3	4	4	3	3	1	3	3	3	3	0	2	3	3	
0	3	3	3	3	3	4	1	2	2	3	2	1	3	3	2	3	2	2	3	3	2	3	1	3	1	2	4	0	1	3	
0	5	4	2	5	3	4	3	5	3	3	3	3	4	2	4	2	4	4	5	4	4	4	4	4	4	4	4	3	0	4	
0	2	3	3	1	3	3	3	3	3	3	3	3	3	2	3	3	2	4	2	3	2	4	3	4	3	3	4	2	2	0	
Tamanho_Tarefas
0	28	14	23	8	20	14	11	27	10	23	29	22	12	15	10	21	26	11	15	12	21	10	15	6	17	11	28	11	10	13	
Data_Entrega
0	168	191	190	188	206	181	159	197	167	160	162	182	196	172	180	205	159	211	161	199	186	196	185	181	207	175	206	167	162	210	
Penalidade_Atraso
0	4	7	17	3	7	4	14	1	11	16	13	14	5	5	14	2	3	7	10	16	3	16	6	17	5	13	15	11	14	17	
Capacidade_Veiculo
70	59	78	39	76	76	37	41	57	45	50	
Custo_Fixo_Veiculo
700	590	780	390	760	760	370	410	570	450	500	
Coordenadas_Clientes
x	0	y	0
x	88	y	0
x	86	y	18
x	81	y	36
x	60	y	44
x	54	y	60
x	47	y	82
x	30	y	95
x	11	y	109
x	-9	y	94
x	-38	y	116
x	-40	y	69
x	-76	y	84
x	-94	y	68
x	-74	y	33
x	-91	y	19
x	-121	y	0
x	-109	y	-23
x	-70	y	-31
x	-92	y	-67
x	-54	y	-60
x	-39	y	-68
x	-29	y	-91
x	-8	y	-81
x	12	y	-115
x	33	y	-104
x	46	y	-79
x	71	y	-79
x	60	y	-44
x	85	y	-38
x	100	y	-21
Tempo_Viagem
0	88	87	88	74	80	94	99	109	94	122	79	113	116	81	92	121	111	76	113	80	78	95	81	115	109	91	106	74	93	102	
88	0	18	36	52	68	91	110	133	135	171	145	184	194	165	180	209	198	161	192	154	144	148	125	137	117	89	80	52	38	24	
87	18	0	18	36	52	74	94	117	121	157	135	174	186	160	177	207	198	163	197	160	151	158	136	152	132	104	98	67	56	41	
88	36	18	0	22	36	57	77	100	107	143	125	163	177	155	172	205	198	164	201	165	158	168	147	166	147	119	115	82	74	59	
74	52	36	22	0	17	40	59	81	85	121	103	141	155	134	153	186	181	150	187	154	149	161	142	166	150	123	123	88	85	76	
80	68	52	36	17	0	23	42	65	71	107	94	132	148	130	150	185	182	153	193	160	158	172	154	179	165	139	140	104	102	92	
94	91	74	57	40	23	0	21	44	57	91	87	123	141	130	151	186	188	162	203	174	172	188	172	200	186	161	162	126	125	115	
99	110	94	77	59	42	21	0	23	39	71	74	106	126	121	142	177	182	160	202	176	177	194	180	210	199	174	178	142	143	134	
109	133	117	100	81	65	44	23	0	25	49	64	90	112	113	135	170	178	161	203	181	183	203	190	224	214	191	196	160	164	157	
94	135	121	107	85	71	57	39	25	0	36	39	67	88	88	110	145	153	139	181	160	164	186	175	209	202	181	190	154	162	158	
122	171	157	143	121	107	91	71	49	36	0	47	49	73	90	110	142	155	150	190	176	184	207	199	236	231	212	223	187	197	194	
79	145	135	125	103	94	87	74	64	39	47	0	39	54	49	71	106	115	104	145	129	137	160	153	191	187	170	185	150	164	166	
113	184	174	163	141	132	123	106	90	67	49	39	0	24	51	66	95	111	115	151	145	156	181	178	217	217	203	219	186	202	204	
116	194	186	177	155	148	141	126	112	88	73	54	24	0	40	49	73	92	101	135	134	146	171	171	210	213	203	220	190	208	213	
81	165	160	155	134	130	130	121	113	88	90	49	51	40	0	22	57	66	64	101	95	106	131	131	170	173	164	183	154	174	182	
92	180	177	172	153	150	151	142	135	110	110	71	66	49	22	0	35	45	54	86	87	101	126	129	168	174	168	189	163	185	194	
121	209	207	205	186	185	186	177	170	145	142	106	95	73	57	35	0	25	59	72	89	106	128	138	174	185	184	207	186	209	221	
111	198	198	198	181	182	188	182	178	153	155	115	111	92	66	45	25	0	39	47	66	83	104	116	151	163	164	187	169	194	209	
76	161	163	164	150	153	162	160	161	139	150	104	115	101	64	54	59	39	0	42	33	48	72	79	117	126	125	148	130	155	170	
113	192	197	201	187	193	203	202	203	181	190	145	151	135	101	86	72	47	42	0	38	53	67	85	114	130	138	163	153	178	196	
80	154	160	165	154	160	174	176	181	160	176	129	145	134	95	87	89	66	33	38	0	17	39	50	85	97	101	126	115	140	158	
78	144	151	158	149	158	172	177	183	164	184	137	156	146	106	101	106	83	48	53	17	0	25	33	69	80	85	110	101	126	146	
95	148	158	168	161	172	188	194	203	186	207	160	181	171	131	126	128	104	72	67	39	25	0	23	47	63	75	100	100	125	146	
81	125	136	147	142	154	172	180	190	175	199	153	178	171	131	129	138	116	79	85	50	33	23	0	39	47	54	79	77	102	123	
115	137	152	166	166	179	200	210	224	209	236	191	217	210	170	168	174	151	117	114	85	69	47	39	0	23	49	68	85	105	127	
109	117	132	147	150	165	186	199	214	202	231	187	217	213	173	174	185	163	126	130	97	80	63	47	23	0	28	45	65	84	106	
91	89	104	119	123	139	161	174	191	181	212	170	203	203	164	168	184	164	125	138	101	85	75	54	49	28	0	25	37	56	78	
106	80	98	115	123	140	162	178	196	190	223	185	219	220	183	189	207	187	148	163	126	110	100	79	68	45	25	0	36	43	64	
74	52	67	82	88	104	126	142	160	154	187	150	186	190	154	163	186	169	130	153	115	101	100	77	85	65	37	36	0	25	46	
93	38	56	74	85	102	125	143	164	162	197	164	202	208	174	185	209	194	155	178	140	126	125	102	105	84	56	43	25	0	22	
102	24	41	59	76	92	115	134	157	158	194	166	204	213	182	194	221	209	170	196	158	146	146	123	127	106	78	64	46	22	0	
Custo_Viagem
V0
0	1232	1218	1232	1036	1120	1316	1386	1526	1316	1708	1106	1582	1624	1134	1288	1694	1554	1064	1582	1120	1092	1330	1134	1610	1526	1274	1484	1036	1302	1428	
1232	0	252	504	728	952	1274	1554	1862	1890	2394	2030	2576	2716	2310	2520	2926	2772	2254	2688	2156	2016	2072	1750	1918	1638	1246	1120	728	532	336	
1218	252	0	252	504	728	1036	1330	1638	1694	2212	1890	2436	2604	2240	2478	2898	2786	2282	2758	2240	2114	2212	1904	2128	1862	1456	1372	938	784	574	
1232	504	252	0	308	504	798	1078	1414	1498	2002	1750	2296	2478	2170	2408	2870	2772	2310	2814	2310	2212	2352	2058	2324	2072	1680	1610	1148	1036	840	
1036	728	504	308	0	238	560	826	1134	1190	1694	1442	1974	2170	1876	2142	2604	2534	2100	2632	2156	2086	2254	1988	2324	2100	1722	1722	1232	1190	1064	
1120	952	728	504	238	0	322	588	910	994	1498	1316	1848	2072	1820	2100	2590	2548	2142	2702	2254	2212	2408	2156	2506	2310	1946	1960	1456	1428	1302	
1316	1274	1036	798	560	322	0	294	630	798	1274	1218	1722	1974	1820	2114	2604	2632	2268	2842	2436	2408	2632	2408	2800	2604	2254	2268	1764	1750	1610	
1386	1554	1330	1078	826	588	294	0	322	546	994	1036	1484	1764	1694	1988	2492	2548	2240	2828	2464	2478	2730	2520	2940	2786	2436	2492	1988	2002	1890	
1526	1862	1638	1414	1134	910	630	322	0	350	686	896	1260	1568	1596	1904	2394	2492	2254	2842	2534	2562	2842	2660	3136	2996	2674	2758	2240	2296	2198	
1316	1890	1694	1498	1190	994	798	546	350	0	504	546	938	1232	1246	1554	2044	2142	1946	2534	2240	2296	2604	2450	2940	2828	2534	2660	2156	2268	2212	
1708	2394	2212	2002	1694	1498	1274	994	686	504	0	658	686	1022	1260	1540	1988	2184	2100	2660	2464	2576	2898	2786	3304	3234	2968	3122	2618	2758	2716	
1106	2030	1890	1750	1442	1316	1218	1036	896	546	658	0	546	756	686	994	1484	1610	1456	2030	1806	1918	2240	2142	2674	2618	2394	2590	2100	2296	2324	
1582	2576	2436	2296	1974	1848	1722	1484	1260	938	686	546	0	336	714	924	1330	1554	1610	2114	2030	2184	2534	2492	3038	3038	2842	3066	2604	2828	2856	
1624	2716	2604	2478	2170	2072	1974	1764	1568	1232	1022	756	336	0	560	686	1022	1288	1414	1890	1876	2044	2394	2408	2954	2982	2842	3080	2660	2912	2982	
1134	2310	2240	2170	1876	1820	1820	1694	1596	1246	1260	686	714	560	0	308	798	924	896	1414	1330	1484	1834	1834	2394	2422	2296	2562	2156	2436	2548	
1288	2520	2478	2408	2142	2100	2114	1988	1904	1554	1540	994	924	686	308	0	490	630	756	1204	1218	1414	1764	1806	2366	2436	2352	2646	2282	2590	2730	
1694	2926	2898	2870	2604	2590	2604	2492	2394	2044	1988	1484	1330	1022	798	490	0	350	826	1022	1246	1484	1806	1946	2450	2590	2576	2898	2604	2926	3094	
1554	2772	2786	2772	2534	2548	2632	2548	2492	2142	2184	1610	1554	1288	924	630	350	0	546	658	924	1162	1456	1624	2128	2282	2296	2632	2380	2716	2926	
1064	2254	2282	2310	2100	2142	2268	2240	2254	1946	2100	1456	1610	1414	896	756	826	546	0	588	462	672	1008	1106	1638	1764	1750	2072	1820	2170	2380	
1582	2688	2758	2814	2632	2702	2842	2828	2842	2534	2660	2030	2114	1890	1414	1204	1022	658	588	0	532	742	938	1190	1596	1820	1932	2282	2142	2506	2758	
1120	2156	2240	2310	2156	2254	2436	2464	2534	2240	2464	1806	2030	1876	1330	1218	1246	924	462	532	0	238	546	700	1190	1358	1414	1764	1610	1960	2212	
1092	2016	2114	2212	2086	2212	2408	2478	2562	2296	2576	1918	2184	2044	1484	1414	1484	1162	672	742	238	0	350	462	966	1120	1190	1540	1414	1778	2044	
1330	2072	2212	2352	2254	2408	2632	2730	2842	2604	2898	2240	2534	2394	1834	1764	1806	1456	1008	938	546	350	0	322	658	882	1050	1400	1400	1750	2044	
1134	1750	1904	2058	1988	2156	2408	2520	2660	2450	2786	2142	2492	2408	1834	1806	1946	1624	1106	1190	700	462	322	0	546	658	756	1106	1078	1428	1722	
1610	1918	2128	2324	2324	2506	2800	2940	3136	2940	3304	2674	3038	2954	2394	2366	2450	2128	1638	1596	1190	966	658	546	0	322	686	966	1190	1484	1792	
1526	1638	1862	2072	2100	2310	2604	2786	2996	2828	3234	2618	3038	2982	2422	2436	2590	2282	1764	1820	1358	1120	882	658	322	0	392	630	910	1176	1484	
1274	1246	1456	1680	1722	1946	2254	2436	2674	2534	2968	2394	2842	2842	2296	2352	2576	2296	1750	1932	1414	1190	1050	756	686	392	0	350	518	784	1106	
1484	1120	1372	1610	1722	1960	2268	2492	2758	2660	3122	2590	3066	3080	2562	2646	2898	2632	2072	2282	1764	1540	1400	1106	966	630	350	0	504	602	896	
1036	728	938	1148	1232	1456	1764	1988	2240	2156	2618	2100	2604	2660	2156	2282	2604	2380	1820	2142	1610	1414	1400	1078	1190	910	518	504	0	350	644	
1302	532	784	1036	1190	1428	1750	2002	2296	2268	2758	2296	2828	2912	2436	2590	2926	2716	2170	2506	1960	1778	1750	1428	1484	1176	784	602	350	0	308	
1428	336	574	840	1064	1302	1610	1890	2198	2212	2716	2324	2856	2982	2548	2730	3094	2926	2380	2758	2212	2044	2044	1722	1792	1484	1106	896	644	308	0	
V1
0	1038	1026	1038	873	944	1109	1168	1286	1109	1439	932	1333	1368	955	1085	1427	1309	896	1333	944	920	1121	955	1357	1286	1073	1250	873	1097	1203	
1038	0	212	424	613	802	1073	1309	1569	1593	2017	1711	2171	2289	1947	2124	2466	2336	1899	2265	1817	1699	1746	1475	1616	1380	1050	944	613	448	283	
1026	212	0	212	424	613	873	1121	1380	1427	1864	1593	2053	2194	1888	2088	2442	2348	1923	2324	1888	1781	1864	1604	1793	1569	1227	1156	790	660	483	
1038	424	212	0	259	424	672	908	1191	1262	1687	1475	1935	2088	1829	2029	2419	2336	1947	2371	1947	1864	1982	1734	1958	1746	1416	1357	967	873	708	
873	613	424	259	0	200	472	696	955	1003	1427	1215	1663	1829	1581	1805	2194	2135	1770	2218	1817	1758	1899	1675	1958	1770	1451	1451	1038	1003	896	
944	802	613	424	200	0	271	495	767	837	1262	1109	1557	1746	1534	1770	2183	2147	1805	2277	1899	1864	2029	1817	2112	1947	1640	1652	1227	1203	1097	
1109	1073	873	672	472	271	0	247	531	672	1073	1026	1451	1663	1534	1781	2194	2218	1911	2395	2053	2029	2218	2029	2360	2194	1899	1911	1486	1475	1357	
1168	1309	1121	908	696	495	247	0	271	460	837	873	1250	1486	1427	1675	2100	2147	1888	2383	2076	2088	2301	2124	2478	2348	2053	2100	1675	1687	1593	
1286	1569	1380	1191	955	767	531	271	0	295	578	755	1062	1321	1345	1604	2017	2100	1899	2395	2135	2159	2395	2242	2643	2525	2253	2324	1888	1935	1852	
1109	1593	1427	1262	1003	837	672	460	295	0	424	460	790	1038	1050	1309	1722	1805	1640	2135	1888	1935	2194	2065	2478	2383	2135	2242	1817	1911	1864	
1439	2017	1864	1687	1427	1262	1073	837	578	424	0	554	578	861	1062	1298	1675	1840	1770	2242	2076	2171	2442	2348	2784	2725	2501	2631	2206	2324	2289	
932	1711	1593	1475	1215	1109	1026	873	755	460	554	0	460	637	578	837	1250	1357	1227	1711	1522	1616	1888	1805	2253	2206	2017	2183	1770	1935	1958	
1333	2171	2053	1935	1663	1557	1451	1250	1062	790	578	460	0	283	601	778	1121	1309	1357	1781	1711	1840	2135	2100	2560	2560	2395	2584	2194	2383	2407	
1368	2289	2194	2088	1829	1746	1663	1486	1321	1038	861	637	283	0	472	578	861	1085	1191	1593	1581	1722	2017	2029	2489	2513	2395	2596	2242	2454	2513	
955	1947	1888	1829	1581	1534	1534	1427	1345	1050	1062	578	601	472	0	259	672	778	755	1191	1121	1250	1545	1545	2017	2041	1935	2159	1817	2053	2147	
1085	2124	2088	2029	1805	1770	1781	1675	1604	1309	1298	837	778	578	259	0	413	531	637	1014	1026	1191	1486	1522	1994	2053	1982	2230	1923	2183	2301	
1427	2466	2442	2419	2194	2183	2194	2100	2017	1722	1675	1250	1121	861	672	413	0	295	696	861	1050	1250	1522	1640	2065	2183	2171	2442	2194	2466	2607	
1309	2336	2348	2336	2135	2147	2218	2147	2100	1805	1840	1357	1309	1085	778	531	295	0	460	554	778	979	1227	1368	1793	1923	1935	2218	2006	2289	2466	
896	1899	1923	1947	1770	1805	1911	1888	1899	1640	1770	1227	1357	1191	755	637	696	460	0	495	389	566	849	932	1380	1486	1475	1746	1534	1829	2006	
1333	2265	2324	2371	2218	2277	2395	2383	2395	2135	2242	1711	1781	1593	1191	1014	861	554	495	0	448	625	790	1003	1345	1534	1628	1923	1805	2112	2324	
944	1817	1888	1947	1817	1899	2053	2076	2135	1888	2076	1522	1711	1581	1121	1026	1050	778	389	448	0	200	460	590	1003	1144	1191	1486	1357	1652	1864	
920	1699	1781	1864	1758	1864	2029	2088	2159	1935	2171	1616	1840	1722	1250	1191	1250	979	566	625	200	0	295	389	814	944	1003	1298	1191	1498	1722	
1121	1746	1864	1982	1899	2029	2218	2301	2395	2194	2442	1888	2135	2017	1545	1486	1522	1227	849	790	460	295	0	271	554	743	885	1180	1180	1475	1722	
955	1475	1604	1734	1675	1817	2029	2124	2242	2065	2348	1805	2100	2029	1545	1522	1640	1368	932	1003	590	389	271	0	460	554	637	932	908	1203	1451	
1357	1616	1793	1958	1958	2112	2360	2478	2643	2478	2784	2253	2560	2489	2017	1994	2065	1793	1380	1345	1003	814	554	460	0	271	578	814	1003	1250	1510	
1286	1380	1569	1746	1770	1947	2194	2348	2525	2383	2725	2206	2560	2513	2041	2053	2183	1923	1486	1534	1144	944	743	554	271	0	330	531	767	991	1250	
1073	1050	1227	1416	1451	1640	1899	2053	2253	2135	2501	2017	2395	2395	1935	1982	2171	1935	1475	1628	1191	1003	885	637	578	330	0	295	436	660	932	
1250	944	1156	1357	1451	1652	1911	2100	2324	2242	2631	2183	2584	2596	2159	2230	2442	2218	1746	1923	1486	1298	1180	932	814	531	295	0	424	507	755	
873	613	790	967	1038	1227	1486	1675	1888	1817	2206	1770	2194	2242	1817	1923	2194	2006	1534	1805	1357	1191	1180	908	1003	767	436	424	0	295	542	
1097	448	660	873	1003	1203	1475	1687	1935	1911	2324	1935	2383	2454	2053	2183	2466	2289	1829	2112	1652	1498	1475	1203	1250	991	660	507	295	0	259	
1203	283	483	708	896	1097	1357	1593	1852	1864	2289	1958	2407	2513	2147	2301	2607	2466	2006	2324	1864	1722	1722	1451	1510	1250	932	755	542	259	0	
V2
0	1372	1357	1372	1154	1248	1466	1544	1700	1466	1903	1232	1762	1809	1263	1435	1887	1731	1185	1762	1248	1216	1482	1263	1794	1700	1419	1653	1154	1450	1591	
1372	0	280	561	811	1060	1419	1731	2074	2106	2667	2262	2870	3026	2574	2808	3260	3088	2511	2995	2402	2246	2308	1950	2137	1825	1388	1248	811	592	374	
1357	280	0	280	561	811	1154	1482	1825	1887	2464	2106	2714	2901	2496	2761	3229	3104	2542	3073	2496	2355	2464	2121	2371	2074	1622	1528	1045	873	639	
1372	561	280	0	343	561	889	1201	1575	1669	2230	1950	2558	2761	2418	2683	3198	3088	2574	3135	2574	2464	2620	2293	2589	2308	1872	1794	1279	1154	936	
1154	811	561	343	0	265	624	920	1263	1326	1887	1606	2199	2418	2090	2386	2901	2823	2340	2932	2402	2324	2511	2215	2589	2340	1918	1918	1372	1326	1185	
1248	1060	811	561	265	0	358	655	1014	1107	1669	1466	2059	2308	2028	2340	2886	2839	2386	3010	2511	2464	2683	2402	2792	2574	2168	2184	1622	1591	1450	
1466	1419	1154	889	624	358	0	327	702	889	1419	1357	1918	2199	2028	2355	2901	2932	2527	3166	2714	2683	2932	2683	3120	2901	2511	2527	1965	1950	1794	
1544	1731	1482	1201	920	655	327	0	358	608	1107	1154	1653	1965	1887	2215	2776	2839	2496	3151	2745	2761	3042	2808	3276	3104	2714	2776	2215	2230	2106	
1700	2074	1825	1575	1263	1014	702	358	0	390	764	998	1404	1747	1778	2121	2667	2776	2511	3166	2823	2854	3166	2964	3494	3338	2979	3073	2496	2558	2449	
1466	2106	1887	1669	1326	1107	889	608	390	0	561	608	1045	1372	1388	1731	2277	2386	2168	2823	2496	2558	2901	2730	3276	3151	2823	2964	2402	2527	2464	
1903	2667	2464	2230	1887	1669	1419	1107	764	561	0	733	764	1138	1404	1716	2215	2433	2340	2964	2745	2870	3229	3104	3681	3603	3307	3478	2917	3073	3026	
1232	2262	2106	1950	1606	1466	1357	1154	998	608	733	0	608	842	764	1107	1653	1794	1622	2262	2012	2137	2496	2386	2979	2917	2667	2886	2340	2558	2589	
1762	2870	2714	2558	2199	2059	1918	1653	1404	1045	764	608	0	374	795	1029	1482	1731	1794	2355	2262	2433	2823	2776	3385	3385	3166	3416	2901	3151	3182	
1809	3026	2901	2761	2418	2308	2199	1965	1747	1372	1138	842	374	0	624	764	1138	1435	1575	2106	2090	2277	2667	2683	3291	3322	3166	3432	2964	3244	3322	
1263	2574	2496	2418	2090	2028	2028	1887	1778	1388	1404	764	795	624	0	343	889	1029	998	1575	1482	1653	2043	2043	2667	2698	2558	2854	2402	2714	2839	
1435	2808	2761	2683	2386	2340	2355	2215	2121	1731	1716	1107	1029	764	343	0	546	702	842	1341	1357	1575	1965	2012	2636	2714	2620	2948	2542	2886	3042	
1887	3260	3229	3198	2901	2886	2901	2776	2667	2277	2215	1653	1482	1138	889	546	0	390	920	1138	1388	1653	2012	2168	2730	2886	2870	3229	2901	3260	3447	
1731	3088	3104	3088	2823	2839	2932	2839	2776	2386	2433	1794	1731	1435	1029	702	390	0	608	733	1029	1294	1622	1809	2371	2542	2558	2932	2652	3026	3260	
1185	2511	2542	2574	2340	2386	2527	2496	2511	2168	2340	1622	1794	1575	998	842	920	608	0	655	514	748	1123	1232	1825	1965	1950	2308	2028	2418	2652	
1762	2995	3073	3135	2932	3010	3166	3151	3166	2823	2964	2262	2355	2106	1575	1341	1138	733	655	0	592	826	1045	1326	1778	2028	2152	2542	2386	2792	3073	
1248	2402	2496	2574	2402	2511	2714	2745	2823	2496	2745	2012	2262	2090	1482	1357	1388	1029	514	592	0	265	608	780	1326	1513	1575	1965	1794	2184	2464	
1216	2246	2355	2464	2324	2464	2683	2761	2854	2558	2870	2137	2433	2277	1653	1575	1653	1294	748	826	265	0	390	514	1076	1248	1326	1716	1575	1981	2277	
1482	2308	2464	2620	2511	2683	2932	3042	3166	2901	3229	2496	2823	2667	2043	1965	2012	1622	1123	1045	608	390	0	358	733	982	1170	1560	1560	1950	2277	
1263	1950	2121	2293	2215	2402	2683	2808	2964	2730	3104	2386	2776	2683	2043	2012	2168	1809	1232	1326	780	514	358	0	608	733	842	1232	1201	1591	1918	
1794	2137	2371	2589	2589	2792	3120	3276	3494	3276	3681	2979	3385	3291	2667	2636	2730	2371	1825	1778	1326	1076	733	608	0	358	764	1076	1326	1653	1996	
1700	1825	2074	2308	2340	2574	2901	3104	3338	3151	3603	2917	3385	3322	2698	2714	2886	2542	1965	2028	1513	1248	982	733	358	0	436	702	1014	1310	1653	
1419	1388	1622	1872	1918	2168	2511	2714	2979	2823	3307	2667	3166	3166	2558	2620	2870	2558	1950	2152	1575	1326	1170	842	764	436	0	390	577	873	1232	
1653	1248	1528	1794	1918	2184	2527	2776	3073	2964	3478	2886	3416	3432	2854	2948	3229	2932	2308	2542	1965	1716	1560	1232	1076	702	390	0	561	670	998	
1154	811	1045	1279	1372	1622	1965	2215	2496	2402	2917	2340	2901	2964	2402	2542	2901	2652	2028	2386	1794	1575	1560	1201	1326	1014	577	561	0	390	717	
1450	592	873	1154	1326	1591	1950	2230	2558	2527	3073	2558	3151	3244	2714	2886	3260	3026	2418	2792	2184	1981	1950	1591	1653	1310	873	670	390	0	343	
1591	374	639	936	1185	1450	1794	2106	2449	2464	3026	2589	3182	3322	2839	3042	3447	3260	2652	3073	2464	2277	2277	1918	1996	1653	1232	998	717	343	0	
V3
0	686	678	686	577	624	733	772	850	733	951	616	881	904	631	717	943	865	592	881	624	608	741	631	897	850	709	826	577	725	795	
686	0	140	280	405	530	709	865	1037	1053	1333	1131	1435	1513	1287	1404	1630	1544	1255	1497	1201	1123	1154	975	1068	912	694	624	405	296	187	
678	140	0	140	280	405	577	741	912	943	1232	1053	1357	1450	1248	1380	1614	1552	1271	1536	1248	1177	1232	1060	1185	1037	811	764	522	436	319	
686	280	140	0	171	280	444	600	787	834	1115	975	1279	1380	1209	1341	1599	1544	1287	1567	1287	1232	1310	1146	1294	1154	936	897	639	577	468	
577	405	280	171	0	132	312	460	631	663	943	803	1099	1209	1045	1193	1450	1411	1170	1466	1201	1162	1255	1107	1294	1170	959	959	686	663	592	
624	530	405	280	132	0	179	327	507	553	834	733	1029	1154	1014	1170	1443	1419	1193	1505	1255	1232	1341	1201	1396	1287	1084	1092	811	795	725	
733	709	577	444	312	179	0	163	351	444	709	678	959	1099	1014	1177	1450	1466	1263	1583	1357	1341	1466	1341	1560	1450	1255	1263	982	975	897	
772	865	741	600	460	327	163	0	179	304	553	577	826	982	943	1107	1388	1419	1248	1575	1372	1380	1521	1404	1638	1552	1357	1388	1107	1115	1053	
850	1037	912	787	631	507	351	179	0	195	382	499	702	873	889	1060	1333	1388	1255	1583	1411	1427	1583	1482	1747	1669	1489	1536	1248	1279	1224	
733	1053	943	834	663	553	444	304	195	0	280	304	522	686	694	865	1138	1193	1084	1411	1248	1279	1450	1365	1638	1575	1411	1482	1201	1263	1232	
951	1333	1232	1115	943	834	709	553	382	280	0	366	382	569	702	858	1107	1216	1170	1482	1372	1435	1614	1552	1840	1801	1653	1739	1458	1536	1513	
616	1131	1053	975	803	733	678	577	499	304	366	0	304	421	382	553	826	897	811	1131	1006	1068	1248	1193	1489	1458	1333	1443	1170	1279	1294	
881	1435	1357	1279	1099	1029	959	826	702	522	382	304	0	187	397	514	741	865	897	1177	1131	1216	1411	1388	1692	1692	1583	1708	1450	1575	1591	
904	1513	1450	1380	1209	1154	1099	982	873	686	569	421	187	0	312	382	569	717	787	1053	1045	1138	1333	1341	1645	1661	1583	1716	1482	1622	1661	
631	1287	1248	1209	1045	1014	1014	943	889	694	702	382	397	312	0	171	444	514	499	787	741	826	1021	1021	1333	1349	1279	1427	1201	1357	1419	
717	1404	1380	1341	1193	1170	1177	1107	1060	865	858	553	514	382	171	0	273	351	421	670	678	787	982	1006	1318	1357	1310	1474	1271	1443	1521	
943	1630	1614	1599	1450	1443	1450	1388	1333	1138	1107	826	741	569	444	273	0	195	460	569	694	826	1006	1084	1365	1443	1435	1614	1450	1630	1723	
865	1544	1552	1544	1411	1419	1466	1419	1388	1193	1216	897	865	717	514	351	195	0	304	366	514	647	811	904	1185	1271	1279	1466	1326	1513	1630	
592	1255	1271	1287	1170	1193	1263	1248	1255	1084	1170	811	897	787	499	421	460	304	0	327	257	374	561	616	912	982	975	1154	1014	1209	1326	
881	1497	1536	1567	1466	1505	1583	1575	1583	1411	1482	1131	1177	1053	787	670	569	366	327	0	296	413	522	663	889	1014	1076	1271	1193	1396	1536	
624	1201	1248	1287	1201	1255	1357	1372	1411	1248	1372	1006	1131	1045	741	678	694	514	257	296	0	132	304	390	663	756	787	982	897	1092	1232	
608	1123	1177	1232	1162	1232	1341	1380	1427	1279	1435	1068	1216	1138	826	787	826	647	374	413	132	0	195	257	538	624	663	858	787	990	1138	
741	1154	1232	1310	1255	1341	1466	1521	1583	1450	1614	1248	1411	1333	1021	982	1006	811	561	522	304	195	0	179	366	491	585	780	780	975	1138	
631	975	1060	1146	1107	1201	1341	1404	1482	1365	1552	1193	1388	1341	1021	1006	1084	904	616	663	390	257	179	0	304	366	421	616	600	795	959	
897	1068	1185	1294	1294	1396	1560	1638	1747	1638	1840	1489	1692	1645	1333	1318	1365	1185	912	889	663	538	366	304	0	179	382	538	663	826	998	
850	912	1037	1154	1170	1287	1450	1552	1669	1575	1801	1458	1692	1661	1349	1357	1443	1271	982	1014	756	624	491	366	179	0	218	351	507	655	826	
709	694	811	936	959	1084	1255	1357	1489	1411	1653	1333	1583	1583	1279	1310	1435	1279	975	1076	787	663	585	421	382	218	0	195	288	436	616	
826	624	764	897	959	1092	1263	1388	1536	1482	1739	1443	1708	1716	1427	1474	1614	1466	1154	1271	982	858	780	616	538	351	195	0	280	335	499	
577	405	522	639	686	811	982	1107	1248	1201	1458	1170	1450	1482	1201	1271	1450	1326	1014	1193	897	787	780	600	663	507	288	280	0	195	358	
725	296	436	577	663	795	975	1115	1279	1263	1536	1279	1575	1622	1357	1443	1630	1513	1209	1396	1092	990	975	795	826	655	436	335	195	0	171	
795	187	319	468	592	725	897	1053	1224	1232	1513	1294	1591	1661	1419	1521	1723	1630	1326	1536	1232	1138	1138	959	998	826	616	499	358	171	0	
V4
0	1337	1322	1337	1124	1216	1428	1504	1656	1428	1854	1200	1717	1763	1231	1398	1839	1687	1155	1717	1216	1185	1444	1231	1748	1656	1383	1611	1124	1413	1550	
1337	0	273	547	790	1033	1383	1687	2021	2052	2599	2204	2796	2948	2508	2736	3176	3009	2447	2918	2340	2188	2249	1900	2082	1778	1352	1216	790	577	364	
1322	273	0	273	547	790	1124	1444	1778	1839	2401	2052	2644	2827	2432	2690	3146	3024	2477	2994	2432	2295	2401	2067	2310	2021	1580	1489	1018	851	623	
1337	547	273	0	334	547	866	1170	1535	1626	2173	1900	2492	2690	2356	2614	3116	3009	2508	3055	2508	2401	2553	2234	2523	2249	1824	1748	1246	1124	912	
1124	790	547	334	0	258	608	896	1231	1292	1839	1565	2143	2356	2036	2325	2827	2751	2280	2857	2340	2264	2447	2158	2523	2280	1869	1869	1337	1292	1155	
1216	1033	790	547	258	0	349	638	988	1079	1626	1428	2006	2249	1976	2280	2812	2766	2325	2933	2447	2401	2614	2340	2720	2508	2112	2128	1580	1550	1413	
1428	1383	1124	866	608	349	0	319	684	866	1383	1322	1869	2143	1976	2295	2827	2857	2462	3085	2644	2614	2857	2614	3040	2827	2447	2462	1915	1900	1748	
1504	1687	1444	1170	896	638	319	0	349	592	1079	1124	1611	1915	1839	2158	2705	2766	2432	3070	2675	2690	2964	2736	3192	3024	2644	2705	2158	2173	2052	
1656	2021	1778	1535	1231	988	684	349	0	380	744	972	1368	1702	1732	2067	2599	2705	2447	3085	2751	2781	3085	2888	3404	3252	2903	2994	2432	2492	2386	
1428	2052	1839	1626	1292	1079	866	592	380	0	547	592	1018	1337	1352	1687	2219	2325	2112	2751	2432	2492	2827	2660	3192	3070	2751	2888	2340	2462	2401	
1854	2599	2401	2173	1839	1626	1383	1079	744	547	0	714	744	1109	1368	1672	2158	2371	2280	2888	2675	2796	3146	3024	3587	3511	3222	3389	2842	2994	2948	
1200	2204	2052	1900	1565	1428	1322	1124	972	592	714	0	592	820	744	1079	1611	1748	1580	2204	1960	2082	2432	2325	2903	2842	2599	2812	2280	2492	2523	
1717	2796	2644	2492	2143	2006	1869	1611	1368	1018	744	592	0	364	775	1003	1444	1687	1748	2295	2204	2371	2751	2705	3298	3298	3085	3328	2827	3070	3100	
1763	2948	2827	2690	2356	2249	2143	1915	1702	1337	1109	820	364	0	608	744	1109	1398	1535	2052	2036	2219	2599	2614	3207	3237	3085	3344	2888	3161	3237	
1231	2508	2432	2356	2036	1976	1976	1839	1732	1352	1368	744	775	608	0	334	866	1003	972	1535	1444	1611	1991	1991	2599	2629	2492	2781	2340	2644	2766	
1398	2736	2690	2614	2325	2280	2295	2158	2067	1687	1672	1079	1003	744	334	0	532	684	820	1307	1322	1535	1915	1960	2568	2644	2553	2872	2477	2812	2964	
1839	3176	3146	3116	2827	2812	2827	2705	2599	2219	2158	1611	1444	1109	866	532	0	380	896	1109	1352	1611	1960	2112	2660	2812	2796	3146	2827	3176	3359	
1687	3009	3024	3009	2751	2766	2857	2766	2705	2325	2371	1748	1687	1398	1003	684	380	0	592	714	1003	1261	1580	1763	2310	2477	2492	2857	2584	2948	3176	
1155	2447	2477	2508	2280	2325	2462	2432	2447	2112	2280	1580	1748	1535	972	820	896	592	0	638	501	729	1094	1200	1778	1915	1900	2249	1976	2356	2584	
1717	2918	2994	3055	2857	2933	3085	3070	3085	2751	2888	2204	2295	2052	1535	1307	1109	714	638	0	577	805	1018	1292	1732	1976	2097	2477	2325	2720	2994	
1216	2340	2432	2508	2340	2447	2644	2675	2751	2432	2675	1960	2204	2036	1444	1322	1352	1003	501	577	0	258	592	760	1292	1474	1535	1915	1748	2128	2401	
1185	2188	2295	2401	2264	2401	2614	2690	2781	2492	2796	2082	2371	2219	1611	1535	1611	1261	729	805	258	0	380	501	1048	1216	1292	1672	1535	1930	2219	
1444	2249	2401	2553	2447	2614	2857	2964	3085	2827	3146	2432	2751	2599	1991	1915	1960	1580	1094	1018	592	380	0	349	714	957	1140	1520	1520	1900	2219	
1231	1900	2067	2234	2158	2340	2614	2736	2888	2660	3024	2325	2705	2614	1991	1960	2112	1763	1200	1292	760	501	349	0	592	714	820	1200	1170	1550	1869	
1748	2082	2310	2523	2523	2720	3040	3192	3404	3192	3587	2903	3298	3207	2599	2568	2660	2310	1778	1732	1292	1048	714	592	0	349	744	1048	1292	1611	1945	
1656	1778	2021	2249	2280	2508	2827	3024	3252	3070	3511	2842	3298	3237	2629	2644	2812	2477	1915	1976	1474	1216	957	714	349	0	425	684	988	1276	1611	
1383	1352	1580	1824	1869	2112	2447	2644	2903	2751	3222	2599	3085	3085	2492	2553	2796	2492	1900	2097	1535	1292	1140	820	744	425	0	380	562	851	1200	
1611	1216	1489	1748	1869	2128	2462	2705	2994	2888	3389	2812	3328	3344	2781	2872	3146	2857	2249	2477	1915	1672	1520	1200	1048	684	380	0	547	653	972	
1124	790	1018	1246	1337	1580	1915	2158	2432	2340	2842	2280	2827	2888	2340	2477	2827	2584	1976	2325	1748	1535	1520	1170	1292	988	562	547	0	380	699	
1413	577	851	1124	1292	1550	1900	2173	2492	2462	2994	2492	3070	3161	2644	2812	3176	2948	2356	2720	2128	1930	1900	1550	1611	1276	851	653	380	0	334	
1550	364	623	912	1155	1413	1748	2052	2386	2401	2948	2523	3100	3237	2766	2964	3359	3176	2584	2994	2401	2219	2219	1869	1945	1611	1200	972	699	334	0	
V5
0	1337	1322	1337	1124	1216	1428	1504	1656	1428	1854	1200	1717	1763	1231	1398	1839	1687	1155	1717	1216	1185	1444	1231	1748	1656	1383	1611	1124	1413	1550	
1337	0	273	547	790	1033	1383	1687	2021	2052	2599	2204	2796	2948	2508	2736	3176	3009	2447	2918	2340	2188	2249	1900	2082	1778	1352	1216	790	577	364	
1322	273	0	273	547	790	1124	1444	1778	1839	2401	2052	2644	2827	2432	2690	3146	3024	2477	2994	2432	2295	2401	2067	2310	2021	1580	1489	1018	851	623	
1337	547	273	0	334	547	866	1170	1535	1626	2173	1900	2492	2690	2356	2614	3116	3009	2508	3055	2508	2401	2553	2234	2523	2249	1824	1748	1246	1124	912	
1124	790	547	334	0	258	608	896	1231	1292	1839	1565	2143	2356	2036	2325	2827	2751	2280	2857	2340	2264	2447	2158	2523	2280	1869	1869	1337	1292	1155	
1216	1033	790	547	258	0	349	638	988	1079	1626	1428	2006	2249	1976	2280	2812	2766	2325	2933	2447	2401	2614	2340	2720	2508	2112	2128	1580	1550	1413	
1428	1383	1124	866	608	349	0	319	684	866	1383	1322	1869	2143	1976	2295	2827	2857	2462	3085	2644	2614	2857	2614	3040	2827	2447	2462	1915	1900	1748	
1504	1687	1444	1170	896	638	319	0	349	592	1079	1124	1611	1915	1839	2158	2705	2766	2432	3070	2675	2690	2964	2736	3192	3024	2644	2705	2158	2173	2052	
1656	2021	1778	1535	1231	988	684	349	0	380	744	972	1368	1702	1732	2067	2599	2705	2447	3085	2751	2781	3085	2888	3404	3252	2903	2994	2432	2492	2386	
1428	2052	1839	1626	1292	1079	866	592	380	0	547	592	1018	1337	1352	1687	2219	2325	2112	2751	2432	2492	2827	2660	3192	3070	2751	2888	2340	2462	2401	
1854	2599	2401	2173	1839	1626	1383	1079	744	547	0	714	744	1109	1368	1672	2158	2371	2280	2888	2675	2796	3146	3024	3587	3511	3222	3389	2842	2994	2948	
1200	2204	2052	1900	1565	1428	1322	1124	972	592	714	0	592	820	744	1079	1611	1748	1580	2204	1960	2082	2432	2325	2903	2842	2599	2812	2280	2492	2523	
1717	2796	2644	2492	2143	2006	1869	1611	1368	1018	744	592	0	364	775	1003	1444	1687	1748	2295	2204	2371	2751	2705	3298	3298	3085	3328	2827	3070	3100	
1763	2948	2827	2690	2356	2249	2143	1915	1702	1337	1109	820	364	0	608	744	1109	1398	1535	2052	2036	2219	2599	2614	3207	3237	3085	3344	2888	3161	3237	
1231	2508	2432	2356	2036	1976	1976	1839	1732	1352	1368	744	775	608	0	334	866	1003	972	1535	1444	1611	1991	1991	2599	2629	2492	2781	2340	2644	2766	
1398	2736	2690	2614	2325	2280	2295	2158	2067	1687	1672	1079	1003	744	334	0	532	684	820	1307	1322	1535	1915	1960	2568	2644	2553	2872	2477	2812	2964	
1839	3176	3146	3116	2827	2812	2827	2705	2599	2219	2158	1611	1444	1109	866	532	0	380	896	1109	1352	1611	1960	2112	2660	2812	2796	3146	2827	3176	3359	
1687	3009	3024	3009	2751	2766	2857	2766	2705	2325	2371	1748	1687	1398	1003	684	380	0	592	714	1003	1261	1580	1763	2310	2477	2492	2857	2584	2948	3176	
1155	2447	2477	2508	2280	2325	2462	2432	2447	2112	2280	1580	1748	1535	972	820	896	592	0	638	501	729	1094	1200	1778	1915	1900	2249	1976	2356	2584	
1717	2918	2994	3055	2857	2933	3085	3070	3085	2751	2888	2204	2295	2052	1535	1307	1109	714	638	0	577	805	1018	1292	1732	1976	2097	2477	2325	2720	2994	
1216	2340	2432	2508	2340	2447	2644	2675	2751	2432	2675	1960	2204	2036	1444	1322	1352	1003	501	577	0	258	592	760	1292	1474	1535	1915	1748	2128	2401	
1185	2188	2295	2401	2264	2401	2614	2690	2781	2492	2796	2082	2371	2219	1611	1535	1611	1261	729	805	258	0	380	501	1048	1216	1292	1672	1535	1930	2219	
1444	2249	2401	2553	2447	2614	2857	2964	3085	2827	3146	2432	2751	2599	1991	1915	1960	1580	1094	1018	592	380	0	349	714	957	1140	1520	1520	1900	2219	
1231	1900	2067	2234	2158	2340	2614	2736	2888	2660	3024	2325	2705	2614	1991	1960	2112	1763	1200	1292	760	501	349	0	592	714	820	1200	1170	1550	1869	
1748	2082	2310	2523	2523	2720	3040	3192	3404	3192	3587	2903	3298	3207	2599	2568	2660	2310	1778	1732	1292	1048	714	592	0	349	744	1048	1292	1611	1945	
1656	1778	2021	2249	2280	2508	2827	3024	3252	3070	3511	2842	3298	3237	2629	2644	2812	2477	1915	1976	1474	1216	957	714	349	0	425	684	988	1276	1611	
1383	1352	1580	1824	1869	2112	2447	2644	2903	2751	3222	2599	3085	3085	2492	2553	2796	2492	1900	2097	1535	1292	1140	820	744	425	0	380	562	851	1200	
1611	1216	1489	1748	1869	2128	2462	2705	2994	2888	3389	2812	3328	3344	2781	2872	3146	2857	2249	2477	1915	1672	1520	1200	1048	684	380	0	547	653	972	
1124	790	1018	1246	1337	1580	1915	2158	2432	2340	2842	2280	2827	2888	2340	2477	2827	2584	1976	2325	1748	1535	1520	1170	1292	988	562	547	0	380	699	
