M: 4
N: 30
Nun_Veiculos: 16
Capacidade_Total: 1021
Demanda_Total: 515
Setup_Min: 1
Setup_Max: 99
Raio: 100
Circulos: 1
Tempo_Processamento_Min: 1
Tempo_Processamento_Max: 49
Demanda_Min: 10
Demanda_Max: 30
Priority_Factor: 0.2
Range_Factor_R: 0.8
U_factor: 2
ALpha: 0.2Replicao: 0
Tempos_Processamentos
0	0	1	0	2	0	3	0	
0	7	1	35	2	48	3	12	
0	32	1	10	2	7	3	49	
0	39	1	17	2	25	3	42	
0	28	1	9	2	15	3	24	
0	26	1	3	2	27	3	38	
0	14	1	11	2	33	3	40	
0	42	1	38	2	37	3	20	
0	17	1	42	2	21	3	3	
0	45	1	15	2	11	3	5	
0	45	1	13	2	24	3	24	
0	6	1	33	2	9	3	46	
0	33	1	19	2	19	3	21	
0	39	1	38	2	18	3	45	
0	14	1	11	2	37	3	4	
0	45	1	12	2	10	3	3	
0	31	1	29	2	21	3	49	
0	38	1	15	2	39	3	15	
0	25	1	16	2	31	3	25	
0	28	1	29	2	28	3	18	
0	36	1	39	2	37	3	31	
0	22	1	47	2	45	3	14	
0	15	1	49	2	37	3	42	
0	39	1	27	2	14	3	5	
0	4	1	8	2	15	3	47	
0	29	1	9	2	40	3	40	
0	14	1	8	2	6	3	38	
0	44	1	17	2	31	3	34	
0	35	1	37	2	37	3	3	
0	37	1	17	2	32	3	15	
0	31	1	5	2	38	3	15	

Tempos_setup
M0
0	0	0	0	0	0	0	0	0	0	0	0	0	0	0	0	0	0	0	0	0	0	0	0	0	0	0	0	0	0	0	
0	0	13	18	4	17	12	7	5	23	12	6	8	2	15	9	13	14	5	5	12	8	10	6	10	11	1	13	7	7	7	
0	9	0	16	13	7	17	13	9	27	1	12	13	11	18	15	18	20	11	2	20	11	17	7	16	14	10	6	10	4	8	
0	13	4	0	17	9	21	17	13	28	5	16	17	15	22	19	21	24	15	6	23	15	20	8	20	18	14	10	14	8	12	
0	19	18	16	0	16	9	12	1	19	14	16	13	16	20	19	15	12	15	1	17	13	6	5	8	11	20	13	12	14	3	
0	19	20	16	17	0	14	25	18	36	21	13	23	15	25	22	15	17	18	18	17	18	11	19	13	11	14	18	20	14	20	
0	26	25	23	24	7	0	21	15	33	26	20	20	22	32	18	22	23	21	25	24	25	18	19	20	18	21	23	27	21	23	
0	11	15	15	15	15	8	0	11	23	16	5	1	13	19	8	18	11	4	16	20	12	5	5	7	16	12	12	12	6	16	
0	21	25	27	24	20	13	20	0	18	20	15	21	21	29	18	14	23	14	25	16	23	17	4	19	10	21	24	22	16	8	
0	13	17	17	17	11	4	2	13	0	2	7	3	15	21	10	20	13	6	9	22	14	7	7	9	18	14	14	14	8	9	
0	22	19	15	26	24	19	29	22	40	0	16	17	23	22	26	28	22	22	21	27	24	16	23	18	27	23	23	23	17	7	
0	6	13	24	10	18	14	13	6	24	14	0	10	8	15	15	15	20	11	11	17	8	16	10	16	11	7	19	7	1	13	
0	12	16	18	16	19	12	12	12	26	17	6	0	14	18	9	19	14	5	17	21	11	17	6	10	17	13	15	13	7	17	
0	26	17	24	30	23	16	28	26	40	18	25	20	0	29	10	27	15	24	19	29	28	27	20	16	27	27	19	27	21	18	
0	24	23	21	5	21	14	17	6	24	19	21	18	21	0	24	20	17	20	6	22	18	11	10	13	16	25	18	17	19	8	
0	16	7	14	20	14	8	18	16	32	8	17	19	14	19	0	17	5	16	9	19	18	17	12	6	17	17	11	17	11	8	
0	24	24	30	20	30	23	22	21	23	25	18	12	7	15	17	0	22	17	21	2	22	26	12	22	25	25	26	21	19	23	
0	12	13	9	16	10	3	13	11	27	14	12	14	9	21	15	12	0	11	15	14	14	18	7	1	12	13	6	13	7	19	
0	7	11	13	11	14	7	7	7	21	12	1	8	9	16	4	14	9	0	12	16	9	12	1	5	12	8	10	8	2	12	
0	22	17	26	24	24	18	11	22	28	13	16	12	21	19	19	19	22	15	0	21	12	16	16	18	15	23	23	11	17	20	
0	22	22	28	18	28	21	20	19	21	23	16	10	5	13	15	1	20	15	19	0	20	24	13	20	23	23	24	19	17	21	
0	14	5	21	12	12	21	18	13	31	6	17	18	9	7	19	21	24	16	7	20	0	18	12	20	19	15	11	15	9	13	
0	13	14	10	17	10	3	14	12	26	15	10	15	10	17	13	13	6	9	16	15	10	0	8	2	13	14	7	9	8	20	
0	17	21	23	21	18	17	17	17	20	19	11	18	17	26	14	13	19	10	22	15	19	22	0	15	22	18	20	18	12	22	
0	11	12	8	15	9	2	12	10	26	13	11	13	8	20	14	11	11	10	14	13	13	17	6	0	15	12	5	12	6	18	
0	22	23	20	14	10	3	22	15	27	24	16	16	11	19	19	4	23	15	15	6	18	20	16	12	0	11	17	17	17	17	
0	11	12	17	3	18	11	11	4	22	13	5	12	1	14	8	14	13	4	4	16	7	9	5	9	10	0	14	6	6	6	
0	12	14	18	11	19	12	12	12	21	15	6	9	9	21	9	14	14	5	12	16	14	17	1	10	17	8	0	13	7	14	
0	15	6	22	13	13	7	19	14	17	7	18	19	10	8	20	8	25	17	8	10	1	19	13	16	4	15	12	0	10	14	
0	5	12	23	9	19	13	12	5	23	13	11	9	7	14	14	14	19	10	10	16	7	15	9	15	10	6	18	6	0	12	
0	22	23	19	26	19	12	23	21	35	24	19	24	19	26	22	21	15	18	25	20	19	9	17	11	20	23	16	18	17	0	
M1
0	0	0	0	0	0	0	0	0	0	0	0	0	0	0	0	0	0	0	0	0	0	0	0	0	0	0	0	0	0	0	
0	0	26	18	14	5	8	18	8	10	9	10	13	10	9	4	12	7	14	10	7	13	12	19	8	10	11	16	7	5	18	
0	23	0	24	13	12	15	27	20	16	17	17	22	17	25	17	11	15	13	26	14	14	24	25	21	16	24	12	20	21	24	
0	5	27	0	14	10	13	13	13	15	14	11	15	3	14	9	17	7	7	8	12	6	17	1	11	2	16	21	12	10	23	
0	29	42	28	0	30	25	28	24	20	27	34	23	31	19	33	28	29	30	36	32	28	28	29	22	30	25	26	21	34	34	
0	12	28	13	9	0	3	25	15	13	18	22	20	5	21	16	18	9	20	14	2	8	19	14	20	5	23	17	19	9	25	
0	26	25	30	6	24	0	22	19	26	22	29	17	13	25	23	23	23	25	28	16	22	23	11	21	12	30	31	26	23	29	
0	8	14	15	11	2	5	0	8	15	10	18	4	3	15	6	12	11	14	16	4	10	12	1	1	2	13	19	9	11	15	
0	16	30	20	6	7	10	18	0	20	3	10	13	12	20	19	4	9	6	15	9	8	4	19	19	9	16	14	22	10	10	
0	13	35	8	14	15	18	21	8	0	11	18	21	11	19	17	12	9	14	16	17	8	12	9	19	10	24	6	20	18	18	
0	19	33	23	9	10	13	21	3	17	0	13	16	15	17	19	7	9	9	12	12	11	7	22	20	12	19	11	19	7	13	
0	6	28	24	20	11	14	24	14	16	15	0	19	16	15	10	18	13	20	16	13	19	18	25	14	2	17	22	13	11	24	
0	13	19	13	16	7	10	5	13	18	15	23	0	8	20	11	17	16	19	21	9	15	17	6	6	7	18	24	14	16	20	
0	26	32	30	11	17	20	28	10	30	13	20	23	0	30	29	14	19	16	15	19	18	14	29	29	6	24	24	32	17	20	
0	10	27	9	11	12	12	13	5	1	8	15	8	12	0	14	9	10	11	17	14	9	9	10	3	11	6	7	2	15	15	
0	11	28	14	10	1	4	14	4	14	5	14	9	6	20	0	8	7	10	15	3	9	8	15	4	6	7	16	3	10	14	
0	12	31	16	2	3	6	28	18	16	20	6	23	8	21	15	0	5	2	17	5	4	22	17	19	6	22	20	18	12	28	
0	31	33	43	31	33	25	32	26	35	23	25	36	29	40	34	30	0	21	35	35	25	30	31	14	27	41	34	37	30	36	
0	10	32	24	19	14	17	27	17	16	18	4	22	18	19	13	21	5	0	20	16	4	21	25	17	6	20	22	16	15	27	
0	25	37	24	25	16	19	28	19	16	20	23	23	21	15	15	23	9	19	0	18	15	23	25	18	17	21	13	17	7	29	
0	10	26	24	7	15	1	23	13	18	16	20	18	3	19	14	16	7	18	12	0	6	17	12	18	3	21	15	17	7	23	
0	25	28	20	26	27	21	33	20	12	23	20	29	23	31	29	24	1	22	20	20	0	20	21	15	2	36	18	32	27	26	
0	18	26	22	20	16	19	14	14	21	17	23	9	17	27	20	18	12	19	13	18	17	0	15	15	16	24	15	23	17	6	
0	28	27	32	13	19	20	25	12	29	15	22	25	2	32	31	16	19	18	17	19	20	16	0	10	1	26	26	34	19	22	
0	26	32	29	18	19	22	18	12	21	9	22	22	21	26	24	16	18	18	21	21	20	16	19	0	20	28	20	27	16	22	
0	28	26	41	25	31	19	33	24	36	27	34	28	21	37	31	28	18	30	30	18	24	19	30	32	0	38	33	34	25	25	
0	4	21	15	14	8	11	7	8	14	11	14	2	10	13	8	12	11	12	14	10	16	12	8	8	9	0	20	11	9	18	
0	19	30	14	20	11	14	26	14	6	17	22	21	16	13	23	18	3	20	19	13	2	18	15	16	4	19	0	15	20	24	
0	8	25	17	9	10	13	11	3	18	6	13	6	14	17	12	7	12	9	18	12	11	7	12	1	12	4	17	0	13	13	
0	22	30	29	21	21	17	24	24	21	25	16	22	19	20	20	26	2	12	5	16	16	28	25	16	15	20	18	22	0	34	
0	12	37	23	14	15	18	26	8	15	11	17	21	20	21	16	12	6	13	7	17	11	12	24	20	13	23	9	19	11	0	
M2
0	0	0	0	0	0	0	0	0	0	0	0	0	0	0	0	0	0	0	0	0	0	0	0	0	0	0	0	0	0	0	
0	0	12	8	4	5	20	20	8	7	7	16	11	18	3	23	17	4	7	9	10	9	12	1	7	10	5	4	14	9	21	
0	10	0	8	14	10	25	11	13	12	17	20	21	28	13	27	16	14	17	19	20	19	1	11	17	18	4	14	12	12	19	
0	17	14	0	16	2	28	25	5	15	20	29	14	28	16	32	9	21	16	26	19	22	9	18	12	12	7	18	17	10	16	
0	17	17	25	0	22	16	28	24	3	23	23	18	21	19	30	17	21	14	18	17	10	10	18	22	15	21	14	26	5	31	
0	16	12	15	14	0	30	23	3	17	21	30	12	26	17	33	20	20	20	25	23	24	7	17	13	10	11	20	17	11	31	
0	1	13	9	5	6	0	21	9	8	8	7	12	19	4	24	1	5	8	10	11	10	13	2	8	11	6	5	15	10	22	
0	13	18	15	5	11	21	0	14	8	20	28	17	22	16	29	5	10	13	22	16	15	15	14	18	20	11	9	1	10	26	
0	19	9	12	11	14	27	20	0	14	18	27	21	23	14	33	18	23	17	28	20	21	10	20	10	7	8	22	14	8	28	
0	14	26	22	18	19	13	26	22	0	21	20	21	18	17	37	14	18	21	23	24	7	13	15	19	24	19	11	27	23	35	
0	7	11	15	11	12	22	18	15	14	0	23	7	11	10	19	15	11	3	16	6	16	12	8	14	16	12	11	15	16	28	
0	11	12	9	15	5	23	22	8	13	5	0	11	16	14	23	18	4	7	20	10	7	12	12	12	15	5	15	15	16	25	
0	16	24	24	12	21	28	11	24	15	23	32	0	32	19	37	8	20	21	25	24	22	17	17	23	22	21	16	8	12	33	
0	12	12	9	4	10	11	23	12	7	7	16	14	0	3	26	12	9	10	21	13	14	13	13	7	10	10	11	20	9	25	
0	11	9	6	1	8	17	20	9	4	4	13	11	15	0	23	15	15	7	19	10	11	10	12	4	7	13	15	19	6	22	
0	11	12	9	4	7	20	8	10	7	7	16	13	18	3	0	13	6	9	6	12	11	13	3	7	10	7	6	9	9	19	
0	8	20	16	12	13	28	28	16	15	15	24	19	24	11	31	0	12	15	17	18	17	20	9	15	18	13	9	22	17	29	
0	7	8	5	11	1	22	18	4	9	14	23	7	18	10	19	14	0	3	16	6	7	8	8	8	11	1	11	11	12	21	
0	4	8	12	8	9	24	15	12	11	11	20	4	22	7	16	12	8	0	13	3	13	9	5	11	14	9	8	12	13	25	
0	5	10	7	2	9	18	11	10	5	5	14	12	16	1	24	16	9	8	0	10	12	11	6	5	8	10	9	12	7	13	
0	1	5	9	5	6	21	16	9	8	8	17	12	19	4	24	18	5	8	10	0	10	6	2	8	11	6	5	15	10	22	
0	17	23	20	15	21	22	19	17	18	18	27	25	11	14	37	23	20	21	26	23	0	21	18	12	21	21	21	20	16	36	
0	9	19	17	13	14	24	29	17	11	16	25	20	27	12	26	25	13	16	18	19	18	0	10	16	17	14	13	23	18	30	
0	9	11	8	6	4	22	19	7	9	13	22	10	19	9	22	17	3	6	8	9	8	11	0	7	14	4	3	13	11	21	
0	12	13	10	5	12	21	24	5	8	8	17	15	19	4	27	19	16	11	21	11	15	9	13	0	11	13	16	19	4	26	
0	12	2	10	4	12	20	13	15	7	19	22	14	16	15	26	18	16	10	21	13	14	3	13	19	0	6	16	14	1	21	
0	21	18	4	14	6	21	29	9	8	24	28	18	26	20	36	13	25	20	30	23	15	13	22	16	16	0	18	10	14	20	
0	6	18	14	10	11	26	21	14	13	13	22	10	24	9	29	18	10	13	15	14	15	18	7	13	16	11	0	18	15	27	
0	12	21	20	4	17	20	29	20	7	19	27	18	25	15	34	4	16	18	21	21	14	14	13	19	19	17	8	0	9	25	
0	13	12	20	14	18	29	23	21	16	20	29	13	26	16	25	21	17	9	22	12	15	5	14	20	10	16	17	21	0	31	
0	18	19	22	21	7	33	29	10	24	11	34	18	22	21	30	26	22	14	27	17	27	14	19	20	17	18	22	24	18	0	
M3
0	0	0	0	0	0	0	0	0	0	0	0	0	0	0	0	0	0	0	0	0	0	0	0	0	0	0	0	0	0	0	
0	0	19	23	29	13	21	27	17	13	8	21	9	22	20	18	17	14	14	12	23	23	3	21	14	13	18	25	24	24	22	
0	20	0	8	24	11	22	10	15	15	11	19	17	4	16	9	9	9	17	14	18	18	11	3	12	19	17	10	9	6	7	
0	29	16	0	28	15	27	16	20	12	3	24	12	13	20	17	14	13	9	15	10	18	6	12	17	16	19	2	25	15	16	
0	27	7	15	0	17	24	17	8	15	18	12	20	11	23	11	16	12	24	14	25	14	16	10	5	18	23	17	16	13	14	
0	28	8	16	32	0	26	14	19	17	17	23	25	12	24	17	17	17	23	16	17	25	19	11	16	23	25	18	17	14	15	
0	23	8	11	18	8	0	7	12	2	11	16	12	1	10	7	6	3	17	1	2	10	6	6	9	16	20	13	3	3	10	
0	25	18	13	23	14	12	0	5	12	16	9	17	10	11	8	15	9	22	11	9	11	13	9	2	9	14	15	15	12	12	
0	20	17	8	19	9	18	21	0	20	11	18	12	19	17	3	20	4	17	19	18	13	13	20	22	24	27	10	21	17	7	
0	22	6	10	16	6	28	16	21	0	13	20	14	10	14	5	15	1	19	20	20	10	15	9	18	25	23	12	15	12	9	
0	30	13	16	25	13	24	22	17	9	0	21	9	16	17	14	11	10	6	12	20	19	3	16	14	27	25	18	22	18	17	
0	25	9	13	19	8	12	18	21	3	16	0	17	12	13	8	17	4	22	2	14	13	18	12	18	6	11	15	15	14	12	
0	32	12	20	32	4	25	18	21	16	21	13	0	16	26	21	21	17	21	15	21	26	23	15	18	19	24	22	21	18	19	
0	28	8	16	27	17	18	6	11	11	12	15	13	0	16	14	5	12	18	10	15	17	7	11	8	15	20	13	17	2	15	
0	21	15	16	26	7	19	19	8	15	10	12	8	13	0	11	10	12	16	14	21	14	13	12	5	18	23	18	22	15	15	
0	17	15	5	21	11	27	18	23	17	8	15	9	18	19	0	17	6	14	17	15	15	10	17	20	21	24	7	24	14	4	
0	27	21	12	31	19	13	15	20	15	15	24	15	14	23	20	0	16	21	14	15	23	18	19	17	20	25	14	16	11	23	
0	33	13	21	15	5	31	19	21	22	22	22	16	17	13	22	20	0	28	21	22	9	24	16	18	28	30	23	22	19	20	
0	24	9	10	19	9	18	16	19	3	13	16	17	10	11	8	5	4	0	13	14	13	16	12	16	22	19	12	18	12	11	
0	23	7	11	17	7	28	16	21	1	14	21	15	10	15	6	15	2	20	0	21	11	16	10	18	25	24	13	16	12	10	
0	34	14	22	33	6	22	10	15	20	20	19	11	18	21	18	19	19	26	19	0	8	23	17	12	19	24	17	23	6	21	
0	32	14	20	32	6	24	19	24	16	20	13	7	18	23	15	11	17	26	15	23	0	23	17	21	19	24	16	23	15	19	
0	29	16	20	26	10	29	24	14	10	5	18	6	19	22	15	16	11	11	9	25	20	0	18	11	24	29	22	25	21	19	
0	17	9	5	21	11	19	7	12	12	8	16	14	1	17	6	6	6	14	11	15	15	8	0	9	16	14	7	18	3	4	
0	23	16	11	21	12	19	14	3	10	14	7	15	8	20	6	13	7	20	9	21	9	11	7	0	13	18	13	22	10	10	
0	25	14	13	24	14	26	24	15	8	16	19	15	18	7	13	17	9	22	21	23	18	14	17	12	0	5	15	11	20	12	
0	38	20	26	22	12	27	24	28	18	18	15	23	22	20	23	27	7	24	17	19	16	21	21	25	21	0	11	29	24	25	
0	27	19	15	31	14	26	14	19	16	7	23	16	11	21	16	16	16	13	19	8	16	10	10	16	14	19	0	25	13	14	
0	28	19	23	29	13	26	26	15	13	8	19	9	20	7	18	17	14	14	12	21	21	3	19	12	25	30	13	0	22	22	
0	29	20	17	27	18	16	4	9	14	14	13	21	14	15	12	19	13	20	13	13	15	17	13	6	13	18	11	19	0	16	
0	13	15	1	17	7	26	17	21	13	4	17	11	14	15	2	13	2	10	16	11	11	7	13	18	17	20	3	24	16	0	
Tamanho_Tarefas
0	11	9	24	13	7	14	20	6	17	14	16	23	18	5	14	32	20	21	21	31	16	17	9	16	29	12	17	20	23	20	
Data_Entrega
0	236	211	234	209	236	229	179	192	216	184	187	206	221	214	232	233	194	228	201	204	173	219	211	228	198	211	212	202	224	215	
Penalidade_Atraso
0	5	10	16	12	3	20	11	5	9	1	9	2	10	6	17	12	15	20	16	19	7	1	9	17	18	8	6	20	19	13	
Capacidade_Veiculo
77	75	80	49	46	76	37	43	84	93	38	75	77	39	43	89	
Custo_Fixo_Veiculo
770	750	800	490	460	760	370	430	840	930	380	750	770	390	430	890	
Coordenadas_Clientes
x	0	y	0
x	124	y	0
x	106	y	22
x	84	y	37
x	95	y	69
x	62	y	69
x	45	y	78
x	25	y	77
x	8	y	79
x	-11	y	107
x	-25	y	78
x	-40	y	69
x	-67	y	75
x	-76	y	55
x	-112	y	50
x	-86	y	18
x	-84	y	0
x	-101	y	-21
x	-93	y	-41
x	-80	y	-58
x	-79	y	-88
x	-40	y	-70
x	-26	y	-81
x	-10	y	-96
x	9	y	-91
x	36	y	-113
x	47	y	-81
x	80	y	-89
x	69	y	-50
x	105	y	-46
x	99	y	-21
Tempo_Viagem
0	124	108	91	117	92	90	80	79	107	81	79	100	93	122	87	84	103	101	98	118	80	85	96	91	118	93	119	85	114	101	
124	0	28	54	74	92	110	125	140	171	168	177	204	207	241	210	208	225	220	212	220	178	170	164	145	143	111	98	73	49	32	
108	28	0	26	48	64	82	97	112	143	142	153	180	184	219	192	191	211	208	202	214	172	167	165	148	151	118	113	80	68	43	
91	54	26	0	33	38	56	71	86	117	116	128	155	161	196	171	172	193	192	189	205	163	161	162	148	156	123	126	88	84	59	
117	74	48	33	0	33	50	70	87	112	120	135	162	171	207	188	191	215	217	215	234	193	192	195	181	189	156	158	121	115	90	
92	92	64	38	33	0	19	37	54	82	87	102	129	138	174	156	161	186	190	190	210	172	173	180	168	183	150	159	119	122	97	
90	110	82	56	50	19	0	20	37	63	70	85	112	123	159	144	150	176	182	184	207	170	174	182	172	191	159	170	130	137	112	
80	125	97	71	70	37	20	0	17	46	50	65	92	103	139	125	133	159	166	171	195	160	165	176	168	190	159	174	134	146	122	
79	140	112	86	87	54	37	17	0	33	33	49	75	87	123	112	121	147	156	162	188	156	163	175	170	194	164	182	142	158	135	
107	171	143	117	112	82	63	46	33	0	32	47	64	83	115	115	128	155	169	178	206	179	188	203	198	224	196	215	175	191	168	
81	168	142	116	120	87	70	50	33	32	0	17	42	55	91	85	97	124	137	146	174	148	159	174	172	199	174	197	158	179	158	
79	177	153	128	135	102	85	65	49	47	17	0	27	38	74	68	81	108	122	133	161	139	150	167	167	197	172	198	161	185	165	
100	204	180	155	162	129	112	92	75	64	42	27	0	21	51	59	76	100	117	133	163	147	161	180	182	214	193	219	184	210	191	
93	207	184	161	171	138	123	103	87	83	55	38	21	0	36	38	55	79	96	113	143	130	144	164	168	201	183	212	178	207	190	
122	241	219	196	207	174	159	139	123	115	91	74	51	36	0	41	57	71	92	112	141	139	156	177	185	219	206	237	206	236	222	
87	210	192	171	188	156	144	125	112	115	85	68	59	38	41	0	18	41	59	76	106	99	115	136	144	178	165	197	169	201	188	
84	208	191	172	191	161	150	133	121	128	97	81	76	55	57	18	0	27	41	58	88	82	99	120	130	164	154	186	160	194	184	
103	225	211	193	215	186	176	159	147	155	124	108	100	79	71	41	27	0	21	42	70	78	95	116	130	164	159	192	172	207	200	
101	220	208	192	217	190	182	166	156	169	137	122	117	96	92	59	41	21	0	21	49	60	77	98	113	146	145	178	162	198	193	
98	212	202	189	215	190	184	171	162	178	146	133	133	113	112	76	58	42	21	0	30	41	58	79	94	127	128	161	149	185	182	
118	220	214	205	234	210	207	195	188	206	174	161	163	143	141	106	88	70	49	30	0	42	53	69	88	117	126	159	152	188	189	
80	178	172	163	193	172	170	160	156	179	148	139	147	130	139	99	82	78	60	41	42	0	17	38	53	86	87	120	110	146	147	
85	170	167	161	192	173	174	165	163	188	159	150	161	144	156	115	99	95	77	58	53	17	0	21	36	69	73	106	99	135	138	
96	164	165	162	195	180	182	176	175	203	174	167	180	164	177	136	120	116	98	79	69	38	21	0	19	49	58	90	91	125	132	
91	145	148	148	181	168	172	168	170	198	172	167	182	168	185	144	130	130	113	94	88	53	36	19	0	34	39	71	72	106	113	
118	143	151	156	189	183	191	190	194	224	199	197	214	201	219	178	164	164	146	127	117	86	69	49	34	0	33	50	71	96	111	
93	111	118	123	156	150	159	159	164	196	174	172	193	183	206	165	154	159	145	128	126	87	73	58	39	33	0	33	38	67	79	
119	98	113	126	158	159	170	174	182	215	197	198	219	212	237	197	186	192	178	161	159	120	106	90	71	50	33	0	40	49	70	
85	73	80	88	121	119	130	134	142	175	158	161	184	178	206	169	160	172	162	149	152	110	99	91	72	71	38	40	0	36	41	
114	49	68	84	115	122	137	146	158	191	179	185	210	207	236	201	194	207	198	185	188	146	135	125	106	96	67	49	36	0	25	
101	32	43	59	90	97	112	122	135	168	158	165	191	190	222	188	184	200	193	182	189	147	138	132	113	111	79	70	41	25	0	
Custo_Viagem
V0
0	1909	1663	1401	1801	1416	1386	1232	1216	1647	1247	1216	1540	1432	1878	1339	1293	1586	1555	1509	1817	1232	1309	1478	1401	1817	1432	1832	1309	1755	1555	
1909	0	431	831	1139	1416	1709	1925	2156	2648	2587	2725	3157	3187	3711	3234	3203	3465	3388	3264	3403	2741	2618	2525	2248	2202	1709	1524	1139	754	492	
1663	431	0	400	739	985	1262	1493	1740	2217	2186	2356	2772	2833	3372	2956	2941	3249	3203	3110	3311	2648	2571	2541	2279	2340	1817	1755	1232	1047	662	
1401	831	400	0	508	585	862	1093	1324	1817	1786	1971	2387	2479	3018	2633	2648	2972	2972	2910	3157	2510	2479	2494	2279	2417	1894	1940	1355	1309	908	
1801	1139	739	508	0	508	770	1078	1339	1724	1848	2079	2494	2633	3187	2895	2941	3311	3341	3326	3603	2972	2956	3003	2787	2941	2417	2433	1863	1771	1386	
1416	1416	985	585	508	0	292	569	831	1262	1339	1570	1986	2125	2695	2402	2479	2864	2926	2926	3249	2648	2664	2772	2587	2818	2310	2448	1832	1878	1493	
1386	1709	1262	862	770	292	0	308	569	970	1078	1309	1724	1894	2448	2217	2310	2710	2802	2833	3187	2618	2679	2802	2648	2941	2448	2618	2002	2109	1724	
1232	1925	1493	1093	1078	569	308	0	261	708	770	1001	1416	1586	2140	1925	2048	2448	2556	2633	3003	2464	2556	2710	2587	2926	2448	2679	2063	2248	1878	
1216	2156	1740	1324	1339	831	569	261	0	508	508	754	1155	1339	1894	1724	1863	2263	2402	2494	2895	2402	2510	2695	2618	2987	2525	2802	2186	2433	2079	
1647	2648	2217	1817	1724	1262	970	708	508	0	492	723	985	1278	1771	1786	1986	2402	2602	2741	3172	2756	2895	3126	3064	3449	3018	3326	2710	2956	2587	
1247	2587	2186	1786	1848	1339	1078	770	508	492	0	261	646	847	1401	1309	1493	1909	2109	2248	2679	2279	2448	2679	2648	3080	2679	3033	2433	2756	2433	
1216	2725	2356	1971	2079	1570	1309	1001	754	723	261	0	415	585	1139	1047	1247	1663	1878	2048	2479	2140	2310	2571	2571	3033	2664	3049	2479	2849	2541	
1540	3157	2772	2387	2494	1986	1724	1416	1155	985	646	415	0	323	785	924	1170	1555	1817	2048	2510	2263	2479	2772	2802	3295	2972	3388	2833	3234	2941	
1432	3187	2833	2479	2633	2125	1894	1586	1339	1278	847	585	323	0	554	585	847	1232	1493	1740	2202	2002	2217	2525	2587	3095	2818	3264	2756	3187	2926	
1878	3711	3372	3018	3187	2695	2448	2140	1894	1771	1401	1139	785	554	0	631	877	1093	1416	1724	2171	2140	2402	2741	2849	3388	3172	3649	3172	3649	3418	
1339	3234	2956	2633	2895	2402	2217	1925	1724	1786	1309	1047	924	585	631	0	277	631	908	1170	1632	1524	1771	2109	2217	2756	2541	3033	2602	3095	2910	
1293	3203	2941	2648	2941	2479	2310	2048	1863	1986	1493	1247	1170	847	877	277	0	415	631	893	1355	1262	1524	1863	2002	2525	2371	2864	2464	2987	2833	
1586	3465	3249	2972	3311	2864	2710	2448	2263	2402	1909	1663	1555	1232	1093	631	415	0	323	646	1078	1201	1478	1801	2002	2541	2448	2972	2648	3187	3080	
1555	3388	3203	2972	3341	2926	2802	2556	2402	2602	2109	1878	1817	1493	1416	908	631	323	0	323	754	924	1201	1524	1740	2263	2233	2756	2494	3049	2972	
1509	3264	3110	2910	3326	2926	2833	2633	2494	2741	2248	2048	2048	1740	1724	1170	893	646	323	0	462	631	893	1216	1447	1971	1986	2494	2294	2849	2802	
1817	3403	3311	3157	3603	3249	3187	3003	2895	3172	2679	2479	2510	2202	2171	1632	1355	1078	754	462	0	646	816	1062	1355	1801	1940	2448	2340	2895	2926	
1232	2741	2648	2510	2972	2648	2618	2464	2402	2756	2279	2140	2263	2002	2140	1524	1262	1201	924	631	646	0	261	600	816	1339	1339	1863	1694	2248	2263	
1309	2618	2571	2479	2956	2664	2679	2556	2510	2895	2448	2310	2479	2217	2402	1771	1524	1478	1201	893	816	261	0	323	554	1062	1124	1632	1524	2079	2125	
1478	2525	2541	2494	3003	2772	2802	2710	2695	3126	2679	2571	2772	2525	2741	2109	1863	1801	1524	1216	1062	600	323	0	292	754	893	1386	1401	1925	2032	
1401	2248	2279	2279	2787	2587	2648	2587	2618	3064	2648	2571	2802	2587	2849	2217	2002	2002	1740	1447	1355	816	554	292	0	523	600	1093	1108	1632	1755	
1817	2202	2340	2417	2941	2818	2941	2926	2987	3449	3080	3033	3295	3095	3388	2756	2525	2541	2263	1971	1801	1339	1062	754	523	0	508	770	1093	1478	1709	
1432	1709	1817	1894	2417	2310	2448	2448	2525	3018	2679	2664	2972	2818	3172	2541	2371	2448	2233	1986	1940	1339	1124	893	600	508	0	508	585	1031	1216	
1832	1524	1755	1940	2433	2448	2618	2679	2802	3326	3033	3049	3388	3264	3649	3033	2864	2972	2756	2494	2448	1863	1632	1386	1093	770	508	0	616	754	1078	
1309	1139	1232	1355	1863	1832	2002	2063	2186	2710	2433	2479	2833	2756	3172	2602	2464	2648	2494	2294	2340	1694	1524	1401	1108	1093	585	616	0	554	631	
1755	754	1047	1309	1771	1878	2109	2248	2433	2956	2756	2849	3234	3187	3649	3095	2987	3187	3049	2849	2895	2248	2079	1925	1632	1478	1031	754	554	0	385	
1555	492	662	908	1386	1493	1724	1878	2079	2587	2433	2541	2941	2926	3418	2910	2833	3080	2972	2802	2926	2263	2125	2032	1755	1709	1216	1078	631	385	0	
V1
0	1860	1620	1365	1755	1380	1350	1200	1185	1605	1215	1185	1500	1395	1830	1305	1260	1545	1515	1470	1770	1200	1275	1440	1365	1770	1395	1785	1275	1710	1515	
1860	0	420	810	1110	1380	1665	1875	2100	2580	2520	2655	3075	3105	3615	3150	3120	3375	3300	3180	3315	2670	2550	2460	2190	2145	1665	1485	1110	735	480	
1620	420	0	390	720	960	1230	1455	1695	2160	2130	2295	2700	2760	3285	2880	2865	3165	3120	3030	3225	2580	2505	2475	2220	2280	1770	1710	1200	1020	645	
1365	810	390	0	495	570	840	1065	1290	1770	1740	1920	2325	2415	2940	2565	2580	2895	2895	2835	3075	2445	2415	2430	2220	2355	1845	1890	1320	1275	885	
1755	1110	720	495	0	495	750	1050	1305	1680	1800	2025	2430	2565	3105	2820	2865	3225	3255	3240	3510	2895	2880	2925	2715	2865	2355	2370	1815	1725	1350	
1380	1380	960	570	495	0	285	555	810	1230	1305	1530	1935	2070	2625	2340	2415	2790	2850	2850	3165	2580	2595	2700	2520	2745	2250	2385	1785	1830	1455	
1350	1665	1230	840	750	285	0	300	555	945	1050	1275	1680	1845	2385	2160	2250	2640	2730	2760	3105	2550	2610	2730	2580	2865	2385	2550	1950	2055	1680	
1200	1875	1455	1065	1050	555	300	0	255	690	750	975	1380	1545	2085	1875	1995	2385	2490	2565	2925	2400	2490	2640	2520	2850	2385	2610	2010	2190	1830	
1185	2100	1695	1290	1305	810	555	255	0	495	495	735	1125	1305	1845	1680	1815	2205	2340	2430	2820	2340	2445	2625	2550	2910	2460	2730	2130	2370	2025	
1605	2580	2160	1770	1680	1230	945	690	495	0	480	705	960	1245	1725	1740	1935	2340	2535	2670	3090	2685	2820	3045	2985	3360	2940	3240	2640	2880	2520	
1215	2520	2130	1740	1800	1305	1050	750	495	480	0	255	630	825	1365	1275	1455	1860	2055	2190	2610	2220	2385	2610	2580	3000	2610	2955	2370	2685	2370	
1185	2655	2295	1920	2025	1530	1275	975	735	705	255	0	405	570	1110	1020	1215	1620	1830	1995	2415	2085	2250	2505	2505	2955	2595	2970	2415	2775	2475	
1500	3075	2700	2325	2430	1935	1680	1380	1125	960	630	405	0	315	765	900	1140	1515	1770	1995	2445	2205	2415	2700	2730	3210	2895	3300	2760	3150	2865	
1395	3105	2760	2415	2565	2070	1845	1545	1305	1245	825	570	315	0	540	570	825	1200	1455	1695	2145	1950	2160	2460	2520	3015	2745	3180	2685	3105	2850	
1830	3615	3285	2940	3105	2625	2385	2085	1845	1725	1365	1110	765	540	0	615	855	1065	1380	1680	2115	2085	2340	2670	2775	3300	3090	3555	3090	3555	3330	
1305	3150	2880	2565	2820	2340	2160	1875	1680	1740	1275	1020	900	570	615	0	270	615	885	1140	1590	1485	1725	2055	2160	2685	2475	2955	2535	3015	2835	
1260	3120	2865	2580	2865	2415	2250	1995	1815	1935	1455	1215	1140	825	855	270	0	405	615	870	1320	1230	1485	1815	1950	2460	2310	2790	2400	2910	2760	
1545	3375	3165	2895	3225	2790	2640	2385	2205	2340	1860	1620	1515	1200	1065	615	405	0	315	630	1050	1170	1440	1755	1950	2475	2385	2895	2580	3105	3000	
1515	3300	3120	2895	3255	2850	2730	2490	2340	2535	2055	1830	1770	1455	1380	885	615	315	0	315	735	900	1170	1485	1695	2205	2175	2685	2430	2970	2895	
1470	3180	3030	2835	3240	2850	2760	2565	2430	2670	2190	1995	1995	1695	1680	1140	870	630	315	0	450	615	870	1185	1410	1920	1935	2430	2235	2775	2730	
1770	3315	3225	3075	3510	3165	3105	2925	2820	3090	2610	2415	2445	2145	2115	1590	1320	1050	735	450	0	630	795	1035	1320	1755	1890	2385	2280	2820	2850	
1200	2670	2580	2445	2895	2580	2550	2400	2340	2685	2220	2085	2205	1950	2085	1485	1230	1170	900	615	630	0	255	585	795	1305	1305	1815	1650	2190	2205	
1275	2550	2505	2415	2880	2595	2610	2490	2445	2820	2385	2250	2415	2160	2340	1725	1485	1440	1170	870	795	255	0	315	540	1035	1095	1590	1485	2025	2070	
1440	2460	2475	2430	2925	2700	2730	2640	2625	3045	2610	2505	2700	2460	2670	2055	1815	1755	1485	1185	1035	585	315	0	285	735	870	1350	1365	1875	1980	
1365	2190	2220	2220	2715	2520	2580	2520	2550	2985	2580	2505	2730	2520	2775	2160	1950	1950	1695	1410	1320	795	540	285	0	510	585	1065	1080	1590	1710	
1770	2145	2280	2355	2865	2745	2865	2850	2910	3360	3000	2955	3210	3015	3300	2685	2460	2475	2205	1920	1755	1305	1035	735	510	0	495	750	1065	1440	1665	
1395	1665	1770	1845	2355	2250	2385	2385	2460	2940	2610	2595	2895	2745	3090	2475	2310	2385	2175	1935	1890	1305	1095	870	585	495	0	495	570	1005	1185	
1785	1485	1710	1890	2370	2385	2550	2610	2730	3240	2955	2970	3300	3180	3555	2955	2790	2895	2685	2430	2385	1815	1590	1350	1065	750	495	0	600	735	1050	
1275	1110	1200	1320	1815	1785	1950	2010	2130	2640	2370	2415	2760	2685	3090	2535	2400	2580	2430	2235	2280	1650	1485	1365	1080	1065	570	600	0	540	615	
1710	735	1020	1275	1725	1830	2055	2190	2370	2880	2685	2775	3150	3105	3555	3015	2910	3105	2970	2775	2820	2190	2025	1875	1590	1440	1005	735	540	0	375	
1515	480	645	885	1350	1455	1680	1830	2025	2520	2370	2475	2865	2850	3330	2835	2760	3000	2895	2730	2850	2205	2070	1980	1710	1665	1185	1050	615	375	0	
V2
0	1984	1728	1456	1872	1472	1440	1280	1264	1712	1296	1264	1600	1488	1952	1392	1344	1648	1616	1568	1888	1280	1360	1536	1456	1888	1488	1904	1360	1824	1616	
1984	0	448	864	1184	1472	1776	2000	2240	2752	2688	2832	3280	3312	3856	3360	3328	3600	3520	3392	3536	2848	2720	2624	2336	2288	1776	1584	1184	784	512	
1728	448	0	416	768	1024	1312	1552	1808	2304	2272	2448	2880	2944	3504	3072	3056	3376	3328	3232	3440	2752	2672	2640	2368	2432	1888	1824	1280	1088	688	
1456	864	416	0	528	608	896	1136	1376	1888	1856	2048	2480	2576	3136	2736	2752	3088	3088	3024	3280	2608	2576	2592	2368	2512	1968	2016	1408	1360	944	
1872	1184	768	528	0	528	800	1120	1392	1792	1920	2160	2592	2736	3312	3008	3056	3440	3472	3456	3744	3088	3072	3120	2896	3056	2512	2528	1936	1840	1440	
1472	1472	1024	608	528	0	304	592	864	1312	1392	1632	2064	2208	2800	2496	2576	2976	3040	3040	3376	2752	2768	2880	2688	2928	2400	2544	1904	1952	1552	
1440	1776	1312	896	800	304	0	320	592	1008	1120	1360	1792	1968	2544	2304	2400	2816	2912	2944	3312	2720	2784	2912	2752	3056	2544	2720	2080	2192	1792	
1280	2000	1552	1136	1120	592	320	0	272	736	800	1040	1472	1648	2224	2000	2128	2544	2656	2736	3120	2560	2656	2816	2688	3040	2544	2784	2144	2336	1952	
1264	2240	1808	1376	1392	864	592	272	0	528	528	784	1200	1392	1968	1792	1936	2352	2496	2592	3008	2496	2608	2800	2720	3104	2624	2912	2272	2528	2160	
1712	2752	2304	1888	1792	1312	1008	736	528	0	512	752	1024	1328	1840	1856	2064	2496	2704	2848	3296	2864	3008	3248	3184	3584	3136	3456	2816	3072	2688	
1296	2688	2272	1856	1920	1392	1120	800	528	512	0	272	672	880	1456	1360	1552	1984	2192	2336	2784	2368	2544	2784	2752	3200	2784	3152	2528	2864	2528	
1264	2832	2448	2048	2160	1632	1360	1040	784	752	272	0	432	608	1184	1088	1296	1728	1952	2128	2576	2224	2400	2672	2672	3152	2768	3168	2576	2960	2640	
1600	3280	2880	2480	2592	2064	1792	1472	1200	1024	672	432	0	336	816	960	1216	1616	1888	2128	2608	2352	2576	2880	2912	3424	3088	3520	2944	3360	3056	
1488	3312	2944	2576	2736	2208	1968	1648	1392	1328	880	608	336	0	576	608	880	1280	1552	1808	2288	2080	2304	2624	2688	3216	2928	3392	2864	3312	3040	
1952	3856	3504	3136	3312	2800	2544	2224	1968	1840	1456	1184	816	576	0	656	912	1136	1472	1792	2256	2224	2496	2848	2960	3520	3296	3792	3296	3792	3552	
1392	3360	3072	2736	3008	2496	2304	2000	1792	1856	1360	1088	960	608	656	0	288	656	944	1216	1696	1584	1840	2192	2304	2864	2640	3152	2704	3216	3024	
1344	3328	3056	2752	3056	2576	2400	2128	1936	2064	1552	1296	1216	880	912	288	0	432	656	928	1408	1312	1584	1936	2080	2624	2464	2976	2560	3104	2944	
1648	3600	3376	3088	3440	2976	2816	2544	2352	2496	1984	1728	1616	1280	1136	656	432	0	336	672	1120	1248	1536	1872	2080	2640	2544	3088	2752	3312	3200	
1616	3520	3328	3088	3472	3040	2912	2656	2496	2704	2192	1952	1888	1552	1472	944	656	336	0	336	784	960	1248	1584	1808	2352	2320	2864	2592	3168	3088	
1568	3392	3232	3024	3456	3040	2944	2736	2592	2848	2336	2128	2128	1808	1792	1216	928	672	336	0	480	656	928	1264	1504	2048	2064	2592	2384	2960	2912	
1888	3536	3440	3280	3744	3376	3312	3120	3008	3296	2784	2576	2608	2288	2256	1696	1408	1120	784	480	0	672	848	1104	1408	1872	2016	2544	2432	3008	3040	
1280	2848	2752	2608	3088	2752	2720	2560	2496	2864	2368	2224	2352	2080	2224	1584	1312	1248	960	656	672	0	272	624	848	1392	1392	1936	1760	2336	2352	
1360	2720	2672	2576	3072	2768	2784	2656	2608	3008	2544	2400	2576	2304	2496	1840	1584	1536	1248	928	848	272	0	336	576	1104	1168	1696	1584	2160	2208	
1536	2624	2640	2592	3120	2880	2912	2816	2800	3248	2784	2672	2880	2624	2848	2192	1936	1872	1584	1264	1104	624	336	0	304	784	928	1440	1456	2000	2112	
1456	2336	2368	2368	2896	2688	2752	2688	2720	3184	2752	2672	2912	2688	2960	2304	2080	2080	1808	1504	1408	848	576	304	0	544	624	1136	1152	1696	1824	
1888	2288	2432	2512	3056	2928	3056	3040	3104	3584	3200	3152	3424	3216	3520	2864	2624	2640	2352	2048	1872	1392	1104	784	544	0	528	800	1136	1536	1776	
1488	1776	1888	1968	2512	2400	2544	2544	2624	3136	2784	2768	3088	2928	3296	2640	2464	2544	2320	2064	2016	1392	1168	928	624	528	0	528	608	1072	1264	
1904	1584	1824	2016	2528	2544	2720	2784	2912	3456	3152	3168	3520	3392	3792	3152	2976	3088	2864	2592	2544	1936	1696	1440	1136	800	528	0	640	784	1120	
1360	1184	1280	1408	1936	1904	2080	2144	2272	2816	2528	2576	2944	2864	3296	2704	2560	2752	2592	2384	2432	1760	1584	1456	1152	1136	608	640	0	576	656	
1824	784	1088	1360	1840	1952	2192	2336	2528	3072	2864	2960	3360	3312	3792	3216	3104	3312	3168	2960	3008	2336	2160	2000	1696	1536	1072	784	576	0	400	
1616	512	688	944	1440	1552	1792	1952	2160	2688	2528	2640	3056	3040	3552	3024	2944	3200	3088	2912	3040	2352	2208	2112	1824	1776	1264	1120	656	400	0	
V3
0	1215	1058	891	1146	901	882	784	774	1048	793	774	980	911	1195	852	823	1009	989	960	1156	784	833	940	891	1156	911	1166	833	1117	989	
1215	0	274	529	725	901	1087	1225	1372	1685	1646	1734	2009	2028	2361	2058	2038	2205	2156	2077	2165	1744	1666	1607	1430	1401	1087	970	725	480	313	
1058	274	0	254	470	627	803	950	1107	1411	1391	1499	1764	1803	2146	1881	1871	2067	2038	1979	2107	1685	1636	1617	1450	1489	1156	1117	784	666	421	
891	529	254	0	323	372	548	695	842	1156	1136	1254	1519	1577	1920	1675	1685	1891	1891	1852	2009	1597	1577	1587	1450	1538	1205	1234	862	833	578	
1146	725	470	323	0	323	490	686	852	1097	1176	1323	1587	1675	2028	1842	1871	2107	2126	2116	2293	1891	1881	1911	1773	1871	1538	1548	1185	1127	882	
901	901	627	372	323	0	186	362	529	803	852	999	1264	1352	1715	1528	1577	1822	1862	1862	2067	1685	1695	1764	1646	1793	1470	1558	1166	1195	950	
882	1087	803	548	490	186	0	196	362	617	686	833	1097	1205	1558	1411	1470	1724	1783	1803	2028	1666	1705	1783	1685	1871	1558	1666	1274	1342	1097	
784	1225	950	695	686	362	196	0	166	450	490	637	901	1009	1362	1225	1303	1558	1626	1675	1911	1568	1626	1724	1646	1862	1558	1705	1313	1430	1195	
774	1372	1107	842	852	529	362	166	0	323	323	480	735	852	1205	1097	1185	1440	1528	1587	1842	1528	1597	1715	1666	1901	1607	1783	1391	1548	1323	
1048	1685	1411	1156	1097	803	617	450	323	0	313	460	627	813	1127	1136	1264	1528	1656	1744	2018	1754	1842	1989	1950	2195	1920	2116	1724	1881	1646	
793	1646	1391	1136	1176	852	686	490	323	313	0	166	411	539	891	833	950	1215	1342	1430	1705	1450	1558	1705	1685	1960	1705	1930	1548	1754	1548	
774	1734	1499	1254	1323	999	833	637	480	460	166	0	264	372	725	666	793	1058	1195	1303	1577	1362	1470	1636	1636	1930	1695	1940	1577	1813	1617	
980	2009	1764	1519	1587	1264	1097	901	735	627	411	264	0	205	499	588	744	989	1156	1303	1597	1440	1577	1764	1783	2097	1891	2156	1803	2058	1871	
911	2028	1803	1577	1675	1352	1205	1009	852	813	539	372	205	0	352	372	539	784	950	1107	1401	1274	1411	1607	1646	1969	1793	2077	1754	2028	1862	
1195	2361	2146	1920	2028	1715	1558	1362	1205	1127	891	725	499	352	0	401	558	695	901	1097	1381	1362	1528	1744	1813	2156	2018	2322	2018	2322	2175	
852	2058	1881	1675	1842	1528	1411	1225	1097	1136	833	666	588	372	401	0	176	401	578	744	1038	970	1127	1342	1411	1754	1617	1930	1656	1969	1852	
823	2038	1871	1685	1871	1577	1470	1303	1185	1264	950	793	744	539	558	176	0	264	401	568	862	803	970	1185	1274	1607	1509	1822	1568	1901	1803	
1009	2205	2067	1891	2107	1822	1724	1558	1440	1528	1215	1058	989	784	695	401	264	0	205	411	686	764	940	1146	1274	1617	1558	1891	1685	2028	1960	
989	2156	2038	1891	2126	1862	1783	1626	1528	1656	1342	1195	1156	950	901	578	401	205	0	205	480	588	764	970	1107	1440	1421	1754	1587	1940	1891	
960	2077	1979	1852	2116	1862	1803	1675	1587	1744	1430	1303	1303	1107	1097	744	568	411	205	0	294	401	568	774	921	1254	1264	1587	1460	1813	1783	
1156	2165	2107	2009	2293	2067	2028	1911	1842	2018	1705	1577	1597	1401	1381	1038	862	686	480	294	0	411	519	676	862	1146	1234	1558	1489	1842	1862	
784	1744	1685	1597	1891	1685	1666	1568	1528	1754	1450	1362	1440	1274	1362	970	803	764	588	401	411	0	166	382	519	852	852	1185	1078	1430	1440	
833	1666	1636	1577	1881	1695	1705	1626	1597	1842	1558	1470	1577	1411	1528	1127	970	940	764	568	519	166	0	205	352	676	715	1038	970	1323	1352	
940	1607	1617	1587	1911	1764	1783	1724	1715	1989	1705	1636	1764	1607	1744	1342	1185	1146	970	774	676	382	205	0	186	480	568	882	891	1225	1293	
891	1430	1450	1450	1773	1646	1685	1646	1666	1950	1685	1636	1783	1646	1813	1411	1274	1274	1107	921	862	519	352	186	0	333	382	695	705	1038	1117	
1156	1401	1489	1538	1871	1793	1871	1862	1901	2195	1960	1930	2097	1969	2156	1754	1607	1617	1440	1254	1146	852	676	480	333	0	323	490	695	940	1087	
911	1087	1156	1205	1538	1470	1558	1558	1607	1920	1705	1695	1891	1793	2018	1617	1509	1558	1421	1264	1234	852	715	568	382	323	0	323	372	656	774	
1166	970	1117	1234	1548	1558	1666	1705	1783	2116	1930	1940	2156	2077	2322	1930	1822	1891	1754	1587	1558	1185	1038	882	695	490	323	0	392	480	686	
833	725	784	862	1185	1166	1274	1313	1391	1724	1548	1577	1803	1754	2018	1656	1568	1685	1587	1460	1489	1078	970	891	705	695	372	392	0	352	401	
1117	480	666	833	1127	1195	1342	1430	1548	1881	1754	1813	2058	2028	2322	1969	1901	2028	1940	1813	1842	1430	1323	1225	1038	940	656	480	352	0	245	
989	313	421	578	882	950	1097	1195	1323	1646	1548	1617	1871	1862	2175	1852	1803	1960	1891	1783	1862	1440	1352	1293	1117	1087	774	686	401	245	0	
V4
0	1140	993	837	1076	846	828	736	726	984	745	726	920	855	1122	800	772	947	929	901	1085	736	782	883	837	1085	855	1094	782	1048	929	
1140	0	257	496	680	846	1021	1150	1288	1582	1545	1628	1886	1904	2217	1932	1913	2070	2024	1950	2033	1637	1564	1508	1343	1315	1021	910	680	450	294	
993	257	0	239	441	588	754	892	1039	1324	1306	1407	1656	1692	2014	1766	1757	1941	1913	1858	1978	1582	1536	1518	1361	1398	1085	1048	736	625	395	
837	496	239	0	303	349	515	653	791	1085	1067	1177	1426	1481	1803	1573	1582	1775	1775	1738	1886	1499	1481	1490	1361	1444	1131	1159	809	782	542	
1076	680	441	303	0	303	460	644	800	1030	1104	1242	1490	1573	1904	1729	1757	1978	1996	1987	2152	1775	1766	1794	1665	1757	1444	1453	1113	1058	828	
846	846	588	349	303	0	174	340	496	754	800	938	1186	1269	1610	1435	1481	1711	1748	1748	1941	1582	1591	1656	1545	1683	1380	1462	1094	1122	892	
828	1021	754	515	460	174	0	184	340	579	644	782	1030	1131	1462	1324	1380	1619	1674	1692	1904	1564	1600	1674	1582	1757	1462	1564	1196	1260	1030	
736	1150	892	653	644	340	184	0	156	423	460	598	846	947	1278	1150	1223	1462	1527	1573	1794	1472	1527	1619	1545	1748	1462	1600	1232	1343	1122	
726	1288	1039	791	800	496	340	156	0	303	303	450	690	800	1131	1030	1113	1352	1435	1490	1729	1435	1499	1610	1564	1784	1508	1674	1306	1453	1242	
984	1582	1324	1085	1030	754	579	423	303	0	294	432	588	763	1058	1067	1186	1435	1554	1637	1895	1646	1729	1867	1830	2060	1803	1987	1619	1766	1545	
745	1545	1306	1067	1104	800	644	460	303	294	0	156	386	506	837	782	892	1140	1260	1343	1600	1361	1462	1600	1582	1840	1600	1812	1453	1646	1453	
726	1628	1407	1177	1242	938	782	598	450	432	156	0	248	349	680	625	745	993	1122	1223	1481	1278	1380	1536	1536	1812	1591	1821	1481	1702	1518	
920	1886	1656	1426	1490	1186	1030	846	690	588	386	248	0	193	469	552	699	929	1085	1223	1499	1352	1481	1656	1674	1968	1775	2024	1692	1932	1757	
855	1904	1692	1481	1573	1269	1131	947	800	763	506	349	193	0	331	349	506	736	892	1039	1315	1196	1324	1508	1545	1849	1683	1950	1646	1904	1748	
1122	2217	2014	1803	1904	1610	1462	1278	1131	1058	837	680	469	331	0	377	524	653	846	1030	1297	1278	1435	1637	1702	2024	1895	2180	1895	2180	2042	
800	1932	1766	1573	1729	1435	1324	1150	1030	1067	782	625	552	349	377	0	165	377	542	699	975	910	1058	1260	1324	1646	1518	1812	1554	1849	1738	
772	1913	1757	1582	1757	1481	1380	1223	1113	1186	892	745	699	506	524	165	0	248	377	533	809	754	910	1113	1196	1508	1416	1711	1472	1784	1692	
947	2070	1941	1775	1978	1711	1619	1462	1352	1435	1140	993	929	736	653	377	248	0	193	386	644	717	883	1076	1196	1518	1462	1775	1582	1904	1840	
929	2024	1913	1775	1996	1748	1674	1527	1435	1554	1260	1122	1085	892	846	542	377	193	0	193	450	552	717	910	1039	1352	1334	1646	1490	1821	1775	
901	1950	1858	1738	1987	1748	1692	1573	1490	1637	1343	1223	1223	1039	1030	699	533	386	193	0	276	377	533	726	864	1177	1186	1490	1370	1702	1674	
1085	2033	1978	1886	2152	1941	1904	1794	1729	1895	1600	1481	1499	1315	1297	975	809	644	450	276	0	386	487	634	809	1076	1159	1462	1398	1729	1748	
736	1637	1582	1499	1775	1582	1564	1472	1435	1646	1361	1278	1352	1196	1278	910	754	717	552	377	386	0	156	358	487	800	800	1113	1012	1343	1352	
782	1564	1536	1481	1766	1591	1600	1527	1499	1729	1462	1380	1481	1324	1435	1058	910	883	717	533	487	156	0	193	331	634	671	975	910	1242	1269	
883	1508	1518	1490	1794	1656	1674	1619	1610	1867	1600	1536	1656	1508	1637	1260	1113	1076	910	726	634	358	193	0	174	450	533	828	837	1150	1214	
837	1343	1361	1361	1665	1545	1582	1545	1564	1830	1582	1536	1674	1545	1702	1324	1196	1196	1039	864	809	487	331	174	0	312	358	653	662	975	1048	
1085	1315	1398	1444	1757	1683	1757	1748	1784	2060	1840	1812	1968	1849	2024	1646	1508	1518	1352	1177	1076	800	634	450	312	0	303	460	653	883	1021	
855	1021	1085	1131	1444	1380	1462	1462	1508	1803	1600	1591	1775	1683	1895	1518	1416	1462	1334	1186	1159	800	671	533	358	303	0	303	349	616	726	
1094	910	1048	1159	1453	1462	1564	1600	1674	1987	1812	1821	2024	1950	2180	1812	1711	1775	1646	1490	1462	1113	975	828	653	460	303	0	368	450	644	
782	680	736	809	1113	1094	1196	1232	1306	1619	1453	1481	1692	1646	1895	1554	1472	1582	1490	1370	1398	1012	910	837	662	653	349	368	0	331	377	
1048	450	625	782	1058	1122	1260	1343	1453	1766	1646	1702	1932	1904	2180	1849	1784	1904	1821	1702	1729	1343	1242	1150	975	883	616	450	331	0	230	
929	294	395	542	828	892	1030	1122	1242	1545	1453	1518	1757	1748	2042	1738	1692	1840	1775	1674	1748	1352	1269	1214	1048	1021	726	644	377	230	0	
V5
0	1884	1641	1383	1778	1398	1368	1216	1200	1626	1231	1200	1520	1413	1854	1322	1276	1565	1535	1489	1793	1216	1292	1459	1383	1793	1413	1808	1292	1732	1535	
1884	0	425	820	1124	1398	1687	1900	2128	2614	2553	2690	3116	3146	3663	3192	3161	3420	3344	3222	3359	2705	2584	2492	2219	2173	1687	1504	1124	744	486	
1641	425	0	395	729	972	1246	1474	1717	2188	2158	2325	2736	2796	3328	2918	2903	3207	3161	3070	3268	2614	2538	2508	2249	2310	1793	1732	1216	1033	653	
1383	820	395	0	501	577	851	1079	1307	1793	1763	1945	2356	2447	2979	2599	2614	2933	2933	2872	3116	2477	2447	2462	2249	2386	1869	1915	1337	1292	896	
1778	1124	729	501	0	501	760	1064	1322	1702	1824	2052	2462	2599	3146	2857	2903	3268	3298	3283	3556	2933	2918	2964	2751	2903	2386	2401	1839	1748	1368	
1398	1398	972	577	501	0	288	562	820	1246	1322	1550	1960	2097	2660	2371	2447	2827	2888	2888	3207	2614	2629	2736	2553	2781	2280	2416	1808	1854	1474	
1368	1687	1246	851	760	288	0	304	562	957	1064	1292	1702	1869	2416	2188	2280	2675	2766	2796	3146	2584	2644	2766	2614	2903	2416	2584	1976	2082	1702	
1216	1900	1474	1079	1064	562	304	0	258	699	760	988	1398	1565	2112	1900	2021	2416	2523	2599	2964	2432	2523	2675	2553	2888	2416	2644	2036	2219	1854	
1200	2128	1717	1307	1322	820	562	258	0	501	501	744	1140	1322	1869	1702	1839	2234	2371	2462	2857	2371	2477	2660	2584	2948	2492	2766	2158	2401	2052	
