M: 4
N: 30
Nun_Veiculos: 15
Capacidade_Total: 1068
Demanda_Total: 535
Setup_Min: 1
Setup_Max: 99
Raio: 100
Circulos: 1
Tempo_Processamento_Min: 1
Tempo_Processamento_Max: 49
Demanda_Min: 10
Demanda_Max: 30
Priority_Factor: 0.2
Range_Factor_R: 0.8
U_factor: 2
ALpha: 0.2Replicao: 2
Tempos_Processamentos
0	0	1	0	2	0	3	0	
0	10	1	3	2	14	3	36	
0	10	1	44	2	24	3	15	
0	18	1	5	2	10	3	44	
0	20	1	43	2	1	3	28	
0	1	1	17	2	33	3	22	
0	31	1	48	2	34	3	9	
0	20	1	26	2	36	3	23	
0	36	1	10	2	5	3	39	
0	32	1	45	2	43	3	4	
0	12	1	38	2	48	3	29	
0	38	1	28	2	5	3	38	
0	21	1	31	2	10	3	42	
0	15	1	29	2	41	3	49	
0	17	1	15	2	21	3	31	
0	19	1	14	2	34	3	9	
0	28	1	26	2	37	3	40	
0	49	1	31	2	15	3	23	
0	1	1	47	2	10	3	19	
0	44	1	17	2	49	3	34	
0	25	1	8	2	22	3	44	
0	16	1	28	2	1	3	49	
0	32	1	25	2	38	3	43	
0	46	1	15	2	13	3	8	
0	4	1	42	2	48	3	28	
0	24	1	48	2	44	3	39	
0	28	1	45	2	22	3	39	
0	41	1	25	2	27	3	24	
0	9	1	13	2	14	3	28	
0	11	1	36	2	34	3	45	
0	32	1	31	2	8	3	40	

Tempos_setup
M0
0	0	0	0	0	0	0	0	0	0	0	0	0	0	0	0	0	0	0	0	0	0	0	0	0	0	0	0	0	0	0	
0	0	5	8	9	17	8	9	15	8	13	7	12	12	10	1	10	14	8	15	18	15	17	9	9	8	19	15	15	16	3	
0	26	0	3	6	12	11	4	12	9	15	2	9	7	13	23	14	9	12	15	14	15	14	10	13	5	16	10	10	14	15	
0	29	3	0	9	9	8	1	15	6	12	5	12	4	14	20	17	6	9	16	11	12	12	7	10	2	16	7	12	12	12	
0	20	14	11	0	11	6	12	6	10	15	10	3	9	7	17	13	12	9	9	13	18	8	11	10	9	10	10	14	8	16	
0	25	15	12	5	0	4	13	11	6	15	15	8	14	12	12	13	7	5	12	14	13	13	7	6	4	15	13	18	3	12	
0	21	13	10	1	12	0	11	7	4	13	11	4	10	8	18	9	13	3	10	14	15	9	5	4	10	11	11	15	9	10	
0	28	10	7	8	8	7	0	14	5	11	6	11	3	13	19	16	5	8	15	10	11	11	6	9	1	15	6	11	11	11	
0	33	18	15	16	12	15	16	0	9	18	18	19	7	15	24	7	12	8	15	14	18	15	10	9	9	20	14	19	15	12	
0	24	15	17	14	15	13	18	20	0	26	16	17	21	13	19	22	16	16	23	17	11	18	1	17	13	14	24	18	12	6	
0	23	7	6	3	14	2	7	9	6	0	5	6	10	2	11	11	8	5	12	15	3	11	7	6	5	13	13	13	4	12	
0	24	4	1	4	10	9	2	10	7	13	0	7	5	11	21	12	7	10	13	12	13	12	8	11	3	14	8	8	12	13	
0	17	11	8	3	11	3	9	3	7	12	7	0	6	4	14	10	9	6	6	13	15	11	8	7	6	11	7	12	5	13	
0	30	19	16	10	5	9	17	16	6	19	15	13	0	16	17	18	12	10	17	7	17	8	7	11	2	20	14	19	8	12	
0	27	7	4	7	13	7	5	13	10	16	3	10	8	0	15	15	10	10	16	15	16	14	11	11	6	17	11	11	6	16	
0	30	4	7	10	16	15	8	16	7	19	6	13	11	9	0	18	13	16	18	18	14	18	8	12	9	20	14	14	15	2	
0	31	15	16	11	22	10	17	17	14	23	15	14	20	12	18	0	5	13	20	20	11	19	14	14	10	21	21	16	9	5	
0	27	10	12	7	18	8	13	13	12	21	12	10	16	14	14	17	0	11	16	18	6	15	13	12	8	17	17	11	7	16	
0	25	10	7	10	13	9	8	16	1	10	10	13	11	7	16	10	13	0	7	15	12	16	2	1	9	12	8	13	13	7	
0	23	10	7	3	6	2	8	9	6	6	11	6	9	8	17	11	13	5	0	8	9	9	7	6	8	5	1	6	9	12	
0	32	12	9	12	13	17	10	18	15	21	8	15	13	19	25	20	15	18	19	0	21	1	16	13	11	22	16	16	16	21	
0	23	4	7	3	14	2	8	9	6	15	6	6	11	10	8	11	5	5	12	12	0	11	7	6	2	13	13	14	1	10	
0	41	21	18	21	22	20	19	27	24	24	17	24	22	26	24	21	20	23	18	9	26	0	19	12	20	23	19	24	25	24	
0	23	19	16	13	16	19	17	19	22	28	15	16	20	12	20	26	22	21	22	26	17	21	0	22	18	23	23	23	18	5	
0	29	16	13	9	12	8	14	15	12	12	17	12	15	14	15	9	14	11	6	14	15	15	13	0	14	11	7	12	15	14	
0	28	19	19	14	19	17	20	20	4	23	18	17	23	17	23	26	20	20	23	10	15	11	5	21	0	18	24	22	16	10	
0	22	8	5	6	1	5	6	7	7	16	10	5	9	9	13	11	8	6	11	3	13	4	8	7	3	0	12	4	4	10	
0	22	9	6	2	13	1	7	8	5	5	10	5	10	7	16	10	12	4	11	15	8	9	6	5	8	12	0	5	9	11	
0	18	4	1	4	10	4	2	4	7	13	6	1	5	5	15	11	7	7	7	12	13	12	8	8	3	12	8	0	6	6	
0	22	13	11	2	13	1	12	8	5	14	12	5	11	9	9	10	4	4	11	11	10	10	6	5	1	12	12	15	0	11	
0	34	14	11	14	20	14	12	20	17	23	10	17	15	7	20	22	17	17	23	22	12	21	18	18	13	24	18	18	13	0	
M1
0	0	0	0	0	0	0	0	0	0	0	0	0	0	0	0	0	0	0	0	0	0	0	0	0	0	0	0	0	0	0	
0	0	19	21	24	20	16	8	13	22	19	10	8	31	6	16	24	18	13	17	26	10	25	7	15	10	13	19	21	18	16	
0	15	0	29	19	21	16	16	15	23	21	18	10	30	8	7	23	20	18	8	16	12	16	7	17	15	13	17	5	13	21	
0	9	3	0	18	18	15	11	14	17	6	13	12	32	10	10	22	21	8	11	19	14	19	1	16	13	16	13	8	16	9	
0	5	24	26	0	15	10	13	18	14	24	15	13	25	11	20	19	22	18	21	27	15	25	12	20	15	18	20	18	23	21	
0	13	14	22	23	0	13	10	8	15	14	7	3	26	13	11	4	15	6	12	24	16	20	13	10	8	17	5	17	16	18	
0	17	25	30	23	14	0	21	16	28	14	18	11	17	9	12	18	12	19	13	27	13	15	19	18	16	16	16	27	19	22	
0	17	11	14	17	12	12	0	13	14	19	2	11	29	9	9	16	16	5	10	18	13	18	14	15	2	15	13	13	10	8	
0	9	20	20	18	19	14	13	0	18	6	15	1	24	15	9	15	7	9	9	20	8	15	5	2	6	11	16	21	14	17	
0	8	14	23	24	1	9	11	9	0	15	8	4	26	12	12	5	16	7	9	13	2	21	14	11	9	6	6	16	10	11	
0	3	22	24	22	23	19	11	8	25	0	13	9	32	9	10	23	15	16	11	25	13	19	10	10	13	16	20	24	17	19	
0	15	23	26	19	18	14	12	11	17	17	0	12	30	15	7	22	18	8	8	22	19	16	12	13	14	13	17	25	14	20	
0	14	22	19	20	18	15	12	5	17	11	14	0	23	15	8	20	12	8	9	21	13	17	10	7	5	14	16	20	13	20	
0	21	17	24	21	18	22	22	20	17	26	16	16	0	14	13	22	24	24	14	28	18	17	21	22	21	19	14	19	20	14	
0	9	16	21	21	20	10	14	7	19	13	15	2	25	0	10	20	12	10	11	20	4	19	12	9	7	7	13	18	12	13	
0	8	20	23	12	18	9	9	20	17	21	11	16	23	14	0	16	16	14	1	15	17	9	14	22	11	6	10	21	7	17	
0	16	17	20	22	12	9	6	12	11	13	3	11	26	9	10	0	16	2	11	24	13	19	15	14	8	16	1	13	16	14	
0	9	13	25	11	19	10	14	18	18	21	11	13	27	11	17	8	0	10	2	16	1	9	14	20	7	7	9	15	8	10	
0	16	15	18	21	10	7	4	14	9	20	6	9	24	7	13	14	19	0	14	22	11	22	18	16	6	14	15	17	14	12	
0	7	23	28	26	17	8	15	19	16	20	17	15	25	13	20	15	20	17	0	14	17	23	13	21	17	5	16	20	6	23	
0	14	9	25	13	5	6	15	5	13	11	12	6	23	15	14	9	12	11	14	0	13	20	10	7	11	16	10	14	3	22	
0	14	12	30	28	19	15	22	17	18	21	11	12	32	10	16	22	22	19	7	16	0	25	15	19	17	12	9	14	8	9	
0	9	19	16	18	18	10	15	12	20	13	3	13	27	15	10	12	7	11	9	19	8	0	15	14	14	7	1	13	15	17	
0	17	21	24	17	22	19	10	23	24	22	12	21	36	19	18	26	26	15	11	25	23	27	0	18	12	16	12	16	17	18	
0	7	26	28	26	26	12	15	12	29	4	16	13	29	13	14	25	19	20	15	22	17	13	14	0	17	9	14	26	21	23	
0	19	18	21	15	13	10	7	17	12	23	9	12	27	10	16	17	14	3	16	16	14	19	17	19	0	17	11	15	8	15	
0	2	21	23	26	17	3	10	15	24	17	12	10	20	8	15	21	15	15	16	28	12	18	9	17	12	0	19	23	20	18	
0	15	25	28	21	20	16	14	11	19	12	2	12	32	15	9	24	18	10	10	24	19	18	14	13	16	15	0	12	16	22	
0	10	19	24	14	19	11	11	10	18	16	13	5	25	3	2	18	15	13	3	16	7	11	2	12	10	8	12	0	8	16	
0	18	17	30	21	11	14	16	13	10	19	18	14	31	19	22	15	20	12	19	8	12	24	18	15	18	16	16	22	0	21	
0	10	3	22	19	14	10	15	8	13	14	16	3	26	1	7	18	13	11	8	19	5	16	7	10	8	8	14	5	13	0	
M2
0	0	0	0	0	0	0	0	0	0	0	0	0	0	0	0	0	0	0	0	0	0	0	0	0	0	0	0	0	0	0	
0	0	7	11	4	5	6	13	10	14	3	12	9	2	10	6	19	8	11	16	11	8	1	4	7	5	9	20	12	8	12	
0	11	0	4	15	14	10	16	14	12	6	15	13	13	12	15	17	8	9	19	17	19	12	7	15	16	15	28	14	19	23	
0	7	14	0	11	12	13	19	17	21	10	11	16	9	17	13	13	15	5	15	18	15	8	11	14	12	16	27	19	15	19	
0	7	6	7	0	1	11	10	15	11	7	8	14	9	6	2	19	13	11	14	11	15	8	8	3	12	5	16	8	15	19	
0	12	5	6	14	0	10	13	14	10	6	17	13	12	9	1	18	12	10	13	14	17	11	7	2	13	4	15	11	14	24	
0	12	1	5	16	15	0	10	4	13	7	16	3	10	6	13	18	2	10	20	11	16	13	8	12	17	9	25	8	19	24	
0	11	13	10	15	16	12	0	15	14	8	11	15	13	12	4	17	14	9	16	1	19	12	9	6	16	8	19	3	11	23	
0	18	19	14	22	23	18	23	0	11	16	21	21	20	19	20	27	20	19	16	24	18	19	17	12	23	14	25	21	24	30	
0	10	10	3	14	12	9	14	13	0	13	11	12	12	15	13	16	11	8	18	15	7	11	8	14	15	16	27	17	18	22	
0	10	5	9	14	8	4	14	8	12	0	20	7	12	10	9	16	6	8	18	15	15	11	1	9	15	11	22	12	18	22	
0	7	13	13	10	11	12	8	16	20	9	0	15	8	16	12	13	14	5	15	9	14	7	10	13	11	15	26	11	14	13	
0	13	14	13	17	18	14	7	1	12	10	13	0	7	3	10	19	13	11	17	8	13	14	11	9	18	11	22	5	18	25	
0	18	7	11	22	19	8	13	12	19	13	13	11	0	10	17	24	6	16	16	14	6	19	14	16	23	13	29	12	23	26	
0	10	12	10	14	15	11	4	15	14	7	10	14	12	0	7	16	13	8	16	5	18	11	8	6	15	8	19	2	15	22	
0	18	14	18	22	23	14	12	18	22	15	17	17	20	8	0	24	13	16	12	13	26	19	16	14	18	16	27	10	16	30	
0	13	2	6	6	7	1	11	5	14	8	7	4	11	7	8	0	3	11	2	12	12	14	9	9	18	10	22	9	20	20	
0	12	1	5	16	15	11	8	15	13	7	14	14	14	4	11	18	0	10	20	9	20	13	8	10	17	7	23	6	17	24	
0	2	9	10	6	7	8	15	12	16	5	14	11	4	12	8	8	10	0	10	13	10	3	6	9	7	11	22	14	10	14	
0	12	3	7	15	16	2	12	6	15	9	5	5	12	8	15	18	4	10	0	13	18	12	10	14	16	11	27	10	19	18	
0	10	12	9	14	15	11	15	15	13	7	10	14	12	11	3	16	13	8	15	0	18	11	8	5	15	7	18	2	10	22	
0	14	3	7	18	17	2	7	6	15	9	18	5	12	8	11	20	4	12	22	8	0	15	10	13	19	11	26	10	18	26	
0	10	6	10	3	4	5	12	9	13	2	11	8	1	9	5	18	7	10	15	10	7	0	3	6	4	8	19	11	7	22	
0	15	4	8	15	13	3	13	7	16	10	19	6	13	9	14	21	5	13	23	14	14	12	0	15	16	12	28	11	19	27	
0	10	9	4	12	12	8	11	12	8	4	15	11	10	7	13	16	10	8	18	12	15	9	5	0	11	2	13	9	12	22	
0	13	2	6	12	13	1	9	5	9	8	15	4	10	5	12	19	3	11	21	10	16	9	8	11	0	10	24	7	16	25	
0	9	16	2	13	14	15	9	19	6	12	13	18	11	5	12	15	17	7	17	10	13	10	13	11	14	0	24	7	10	21	
0	15	4	8	19	8	10	20	11	16	10	19	13	17	16	9	21	12	13	21	17	23	16	11	10	20	12	0	18	14	27	
0	8	10	14	12	13	9	16	13	17	5	8	12	10	15	14	14	11	6	14	17	16	9	6	14	13	16	27	0	14	20	
0	12	7	11	16	10	6	6	10	14	2	13	9	14	12	6	18	8	10	8	3	17	13	3	8	14	10	21	5	0	24	
0	12	13	17	15	11	12	12	16	20	8	5	15	9	18	12	18	14	10	14	9	15	12	9	13	16	15	26	11	6	0	
M3
0	0	0	0	0	0	0	0	0	0	0	0	0	0	0	0	0	0	0	0	0	0	0	0	0	0	0	0	0	0	0	
0	0	28	24	9	29	22	25	24	27	30	11	25	23	20	13	27	42	23	24	28	18	14	22	21	23	21	30	13	37	28	
0	9	0	18	18	14	23	10	18	31	19	17	8	17	3	15	15	25	15	19	16	19	15	26	7	25	18	31	19	25	12	
0	17	20	0	25	29	33	25	24	43	32	15	24	23	21	30	29	37	24	19	30	19	15	36	16	24	13	31	17	13	29	
0	17	22	18	0	22	23	18	23	18	29	25	16	22	11	30	23	33	14	27	24	9	5	26	13	17	22	21	27	31	19	
0	5	11	7	11	0	19	8	7	23	25	3	9	6	7	18	12	29	10	19	13	5	1	22	9	21	13	17	5	16	1	
0	7	9	13	16	10	0	6	5	20	27	13	6	4	12	20	10	28	16	18	11	6	7	3	11	21	12	13	4	20	11	
0	16	23	25	25	27	32	0	22	21	30	14	31	21	26	29	27	45	33	30	28	28	24	20	14	24	24	30	16	27	23	
0	13	4	14	12	18	20	1	0	22	23	13	12	21	7	19	19	29	11	23	20	6	2	21	10	22	19	18	15	27	16	
0	4	12	8	13	13	21	9	8	0	30	15	20	7	15	17	13	31	19	21	14	14	10	24	14	7	16	26	17	21	2	
0	18	19	7	27	20	20	2	21	23	0	16	26	20	22	31	20	38	30	26	8	25	21	22	10	6	20	28	18	17	15	
0	2	19	23	11	27	24	18	17	29	26	0	19	21	20	15	16	34	25	16	17	20	16	24	10	25	10	25	2	26	28	
0	1	19	15	10	8	15	2	15	23	26	11	0	14	13	14	7	25	18	16	8	13	9	18	10	24	10	25	13	17	9	
0	11	5	13	13	6	14	2	1	23	23	9	13	0	8	20	6	24	12	14	7	7	3	17	7	17	9	19	11	16	7	
0	6	19	15	15	11	20	7	15	28	31	14	5	14	0	19	12	22	21	16	13	16	12	23	15	29	15	28	16	22	9	
0	27	32	21	10	32	31	19	31	23	17	29	26	30	21	0	23	41	24	32	24	19	15	34	23	20	26	31	31	33	25	
0	8	12	21	17	17	8	13	13	28	19	6	11	12	6	21	0	18	21	9	1	14	15	11	3	21	3	18	8	10	15	
0	12	7	25	21	19	14	13	14	34	26	22	11	13	10	22	18	0	22	26	19	20	16	12	14	30	21	22	18	28	19	
0	9	19	11	12	16	20	10	20	22	26	11	8	19	8	22	15	30	0	14	16	6	2	23	10	22	8	18	13	24	16	
0	6	10	18	15	11	19	7	6	28	28	14	5	5	13	19	11	29	17	0	12	12	8	22	12	22	14	24	16	21	12	
0	19	11	21	28	22	12	15	17	32	18	18	18	16	14	26	12	30	26	21	0	18	19	15	2	20	15	25	16	9	23	
0	22	19	16	21	21	29	16	15	32	38	20	27	15	22	34	21	36	26	23	22	0	17	26	22	32	17	33	22	29	10	
0	12	17	20	10	17	18	13	19	28	24	20	11	19	6	25	18	28	9	22	19	4	0	21	8	20	17	16	22	28	14	
0	12	6	14	14	7	12	3	2	24	24	10	14	1	9	21	7	25	13	15	8	8	4	0	8	18	10	10	12	17	8	
0	18	9	23	27	23	26	13	23	34	16	24	17	26	12	24	18	34	24	27	19	22	24	29	0	22	21	36	14	28	21	
0	18	19	1	26	20	28	16	15	31	33	16	25	14	22	31	20	38	25	20	21	20	16	31	17	0	14	26	13	14	9	
0	5	16	24	14	17	25	13	12	32	29	3	11	11	19	18	17	24	23	6	18	18	14	27	13	28	0	28	5	27	18	
0	9	11	14	15	12	2	8	7	22	29	14	8	6	5	22	12	27	3	17	13	8	5	5	13	23	11	0	6	22	13	
0	13	19	29	22	25	33	16	15	37	37	11	19	19	18	26	25	32	26	14	26	21	17	35	21	28	8	33	0	35	26	
0	16	12	12	21	19	27	15	14	33	19	22	20	13	15	27	19	37	25	27	20	20	16	30	3	11	22	32	17	0	20	
0	16	10	6	18	11	19	7	6	22	28	14	18	5	13	25	11	29	17	19	12	12	8	22	12	22	14	24	16	19	0	
Tamanho_Tarefas
0	8	10	16	5	2	14	24	12	8	26	20	11	19	18	12	32	24	6	34	19	18	26	13	16	26	28	27	11	31	19	
Data_Entrega
0	172	185	177	224	195	184	234	208	216	198	220	172	185	200	230	220	185	213	211	215	196	190	195	199	175	204	233	232	211	200	
Penalidade_Atraso
0	4	8	3	17	14	16	6	15	17	12	11	17	11	11	17	5	2	3	1	9	2	1	6	7	15	10	9	16	20	9	
Capacidade_Veiculo
50	90	81	71	37	99	35	76	93	66	65	95	101	41	68	
Custo_Fixo_Veiculo
500	900	810	710	370	990	350	760	930	660	650	950	1010	410	680	
Coordenadas_Clientes
x	0	y	0
x	117	y	0
x	113	y	24
x	74	y	33
x	84	y	61
x	74	y	82
x	50	y	88
x	31	y	96
x	11	y	106
x	-11	y	112
x	-28	y	87
x	-45	y	77
x	-75	y	83
x	-97	y	71
x	-104	y	46
x	-76	y	16
x	-112	y	0
x	-90	y	-19
x	-101	y	-45
x	-72	y	-52
x	-73	y	-81
x	-52	y	-90
x	-25	y	-78
x	-11	y	-112
x	9	y	-91
x	32	y	-98
x	59	y	-103
x	60	y	-67
x	63	y	-46
x	96	y	-43
x	96	y	-20
Tempo_Viagem
0	117	115	81	103	110	101	100	106	112	91	89	111	120	113	77	112	91	110	88	109	103	81	112	91	103	118	89	78	105	98	
117	0	24	54	69	92	110	128	149	170	169	179	209	225	225	193	229	207	222	196	206	191	162	169	140	128	117	87	70	47	29	
115	24	0	40	47	69	89	109	130	152	154	166	196	215	218	189	226	206	224	200	213	200	171	184	155	146	137	105	86	69	47	
81	54	40	0	29	49	60	76	96	116	115	126	156	175	178	150	188	172	191	168	186	176	148	168	140	137	136	100	79	79	57	
103	69	47	29	0	23	43	63	85	107	114	129	159	181	188	166	205	191	213	191	211	203	176	197	169	166	165	129	108	104	81	
110	92	69	49	23	0	24	44	66	88	102	119	149	171	181	163	202	192	216	198	219	213	188	211	184	184	185	149	128	126	104	
101	110	89	60	43	24	0	20	42	64	78	95	125	147	159	145	184	176	201	185	209	204	182	209	183	186	191	155	134	138	117	
100	128	109	76	63	44	20	0	22	44	59	78	106	129	143	133	172	166	193	180	205	203	181	212	188	194	200	165	145	153	132	
106	149	130	96	85	66	42	22	0	22	43	62	89	113	128	125	162	160	188	178	205	205	187	218	197	205	214	179	160	171	151	
112	170	152	116	107	88	64	44	22	0	30	48	70	95	114	115	150	152	180	174	202	206	190	224	203	214	226	192	174	188	169	
91	169	154	115	114	102	78	59	43	30	0	19	47	70	85	85	120	122	150	145	173	178	165	199	181	194	208	177	161	179	163	
89	179	166	126	129	119	95	78	62	48	19	0	30	52	66	68	102	105	133	131	160	167	156	192	176	191	207	178	163	185	171	
111	209	196	156	159	149	125	106	89	70	47	30	0	25	47	67	90	103	130	135	164	174	168	204	193	210	229	200	188	212	199	
120	225	215	175	181	171	147	129	113	95	70	52	25	0	25	58	71	90	116	125	153	166	164	200	193	212	233	209	198	224	213	
113	225	218	178	188	181	159	143	128	114	85	66	47	25	0	41	46	66	91	103	130	145	147	183	177	198	220	199	190	218	210	
77	193	189	150	166	163	145	133	125	115	85	68	67	58	41	0	39	37	65	68	97	108	106	142	136	157	179	159	152	181	175	
112	229	226	188	205	202	184	172	162	150	120	102	90	71	46	39	0	29	46	65	89	107	116	150	151	174	199	184	180	212	208	
91	207	206	172	191	192	176	166	160	152	122	105	103	90	66	37	29	0	28	37	64	79	87	122	122	145	171	157	155	187	186	
110	222	224	191	213	216	201	193	188	180	150	133	130	116	91	65	46	28	0	29	45	66	82	112	118	142	169	161	164	197	198	
88	196	200	168	191	198	185	180	178	174	145	131	135	125	103	68	65	37	29	0	29	42	53	85	89	113	140	132	135	168	171	
109	206	213	186	211	219	209	205	205	202	173	160	164	153	130	97	89	64	45	29	0	22	48	68	82	106	133	133	140	173	179	
103	191	200	176	203	213	204	203	205	206	178	167	174	166	145	108	107	79	66	42	22	0	29	46	61	84	111	114	122	154	163	
81	162	171	148	176	188	182	181	187	190	165	156	168	164	147	106	116	87	82	53	48	29	0	36	36	60	87	85	93	125	134	
112	169	184	168	197	211	209	212	218	224	199	192	204	200	183	142	150	122	112	85	68	46	36	0	29	45	70	84	99	127	141	
91	140	155	140	169	184	183	188	197	203	181	176	193	193	177	136	151	122	118	89	82	61	36	29	0	24	51	56	70	99	112	
103	128	146	137	166	184	186	194	205	214	194	191	210	212	198	157	174	145	142	113	106	84	60	45	24	0	27	41	60	84	100	
118	117	137	136	165	185	191	200	214	226	208	207	229	233	220	179	199	171	169	140	133	111	87	70	51	27	0	36	57	70	90	
89	87	105	100	129	149	155	165	179	192	177	178	200	209	199	159	184	157	161	132	133	114	85	84	56	41	36	0	21	43	59	
78	70	86	79	108	128	134	145	160	174	161	163	188	198	190	152	180	155	164	135	140	122	93	99	70	60	57	21	0	33	42	
105	47	69	79	104	126	138	153	171	188	179	185	212	224	218	181	212	187	197	168	173	154	125	127	99	84	70	43	33	0	23	
98	29	47	57	81	104	117	132	151	169	163	171	199	213	210	175	208	186	198	171	179	163	134	141	112	100	90	59	42	23	0	
Custo_Viagem
V0
0	1170	1150	810	1030	1100	1010	1000	1060	1120	910	890	1110	1200	1130	770	1120	910	1100	880	1090	1030	810	1120	910	1030	1180	890	780	1050	980	
1170	0	240	540	690	920	1100	1280	1490	1700	1690	1790	2090	2250	2250	1930	2290	2070	2220	1960	2060	1910	1620	1700	1410	1290	1180	870	700	470	290	
1150	240	0	400	470	690	890	1090	1300	1520	1540	1660	1970	2150	2180	1890	2260	2070	2240	2000	2130	2000	1710	1840	1550	1460	1380	1050	860	690	470	
810	540	400	0	290	490	600	760	960	1160	1150	1260	1570	1750	1780	1500	1880	1720	1910	1680	1860	1760	1480	1680	1400	1370	1360	1000	790	790	570	
1030	690	470	290	0	230	430	630	850	1070	1140	1290	1600	1810	1880	1660	2050	1910	2130	1920	2110	2030	1760	1970	1690	1670	1650	1300	1090	1040	810	
1100	920	690	490	230	0	240	450	670	900	1020	1190	1490	1710	1810	1630	2030	1920	2160	1980	2190	2130	1880	2110	1840	1840	1850	1490	1280	1260	1040	
1010	1100	890	600	430	240	0	200	420	650	780	950	1250	1470	1590	1450	1840	1760	2010	1850	2090	2050	1820	2090	1830	1860	1910	1550	1340	1380	1170	
1000	1280	1090	760	630	450	200	0	220	440	590	780	1060	1300	1430	1330	1720	1660	1930	1800	2050	2030	1820	2120	1880	1940	2000	1650	1450	1530	1320	
1060	1490	1300	960	850	670	420	220	0	220	430	630	890	1130	1290	1250	1620	1600	1880	1780	2050	2050	1870	2190	1970	2050	2140	1790	1600	1710	1510	
1120	1700	1520	1160	1070	900	650	440	220	0	300	480	700	950	1140	1150	1500	1520	1800	1740	2020	2060	1900	2240	2030	2140	2260	1920	1740	1880	1690	
910	1690	1540	1150	1140	1020	780	590	430	300	0	190	470	700	860	850	1200	1220	1500	1450	1730	1780	1650	1990	1810	1940	2080	1770	1610	1790	1630	
890	1790	1660	1260	1290	1190	950	780	630	480	190	0	300	520	660	680	1020	1060	1340	1310	1600	1670	1560	1920	1760	1910	2070	1780	1630	1850	1710	
1110	2090	1970	1570	1600	1490	1250	1060	890	700	470	300	0	250	470	670	900	1030	1300	1350	1640	1740	1680	2050	1930	2100	2290	2010	1880	2120	1990	
1200	2250	2150	1750	1810	1710	1470	1300	1130	950	700	520	250	0	250	580	720	900	1160	1250	1530	1670	1650	2020	1930	2120	2330	2090	1980	2240	2130	
1130	2250	2180	1780	1880	1810	1590	1430	1290	1140	860	660	470	250	0	410	460	660	910	1030	1300	1450	1470	1830	1770	1980	2200	1990	1900	2180	2100	
770	1930	1890	1500	1660	1630	1450	1330	1250	1150	850	680	670	580	410	0	390	370	650	680	970	1080	1060	1430	1360	1570	1790	1590	1520	1810	1750	
1120	2290	2260	1880	2050	2030	1840	1720	1620	1500	1200	1020	900	720	460	390	0	290	460	650	890	1080	1160	1500	1510	1740	1990	1840	1800	2120	2080	
910	2070	2070	1720	1910	1920	1760	1660	1600	1520	1220	1060	1030	900	660	370	290	0	280	370	640	800	870	1220	1220	1450	1710	1570	1550	1870	1860	
1100	2220	2240	1910	2130	2160	2010	1930	1880	1800	1500	1340	1300	1160	910	650	460	280	0	290	450	660	820	1120	1190	1430	1700	1620	1640	1970	1980	
880	1960	2000	1680	1920	1980	1850	1800	1780	1740	1450	1310	1350	1250	1030	680	650	370	290	0	290	420	530	850	890	1130	1400	1320	1350	1680	1710	
1090	2060	2130	1860	2110	2190	2090	2050	2050	2020	1730	1600	1640	1530	1300	970	890	640	450	290	0	220	480	690	820	1060	1330	1330	1400	1730	1790	
1030	1910	2000	1760	2030	2130	2050	2030	2050	2060	1780	1670	1740	1670	1450	1080	1080	800	660	420	220	0	290	460	610	840	1110	1140	1230	1550	1630	
810	1620	1710	1480	1760	1880	1820	1820	1870	1900	1650	1560	1680	1650	1470	1060	1160	870	820	530	480	290	0	360	360	600	870	850	930	1250	1340	
1120	1700	1840	1680	1970	2110	2090	2120	2190	2240	1990	1920	2050	2020	1830	1430	1500	1220	1120	850	690	460	360	0	290	450	700	840	990	1270	1410	
910	1410	1550	1400	1690	1840	1830	1880	1970	2030	1810	1760	1930	1930	1770	1360	1510	1220	1190	890	820	610	360	290	0	240	510	560	700	990	1120	
1030	1290	1460	1370	1670	1840	1860	1940	2050	2140	1940	1910	2100	2120	1980	1570	1740	1450	1430	1130	1060	840	600	450	240	0	270	410	600	840	1000	
1180	1180	1380	1360	1650	1850	1910	2000	2140	2260	2080	2070	2290	2330	2200	1790	1990	1710	1700	1400	1330	1110	870	700	510	270	0	360	570	700	900	
890	870	1050	1000	1300	1490	1550	1650	1790	1920	1770	1780	2010	2090	1990	1590	1840	1570	1620	1320	1330	1140	850	840	560	410	360	0	210	430	590	
780	700	860	790	1090	1280	1340	1450	1600	1740	1610	1630	1880	1980	1900	1520	1800	1550	1640	1350	1400	1230	930	990	700	600	570	210	0	330	420	
1050	470	690	790	1040	1260	1380	1530	1710	1880	1790	1850	2120	2240	2180	1810	2120	1870	1970	1680	1730	1550	1250	1270	990	840	700	430	330	0	230	
980	290	470	570	810	1040	1170	1320	1510	1690	1630	1710	1990	2130	2100	1750	2080	1860	1980	1710	1790	1630	1340	1410	1120	1000	900	590	420	230	0	
V1
0	2106	2070	1458	1854	1980	1818	1800	1908	2016	1638	1602	1998	2160	2034	1386	2016	1638	1980	1584	1962	1854	1458	2016	1638	1854	2124	1602	1404	1890	1764	
2106	0	432	972	1242	1656	1980	2304	2682	3060	3042	3222	3762	4050	4050	3474	4122	3726	3996	3528	3708	3438	2916	3060	2538	2322	2124	1566	1260	846	522	
2070	432	0	720	846	1242	1602	1962	2340	2736	2772	2988	3546	3870	3924	3402	4068	3726	4032	3600	3834	3600	3078	3312	2790	2628	2484	1890	1548	1242	846	
1458	972	720	0	522	882	1080	1368	1728	2088	2070	2268	2826	3150	3204	2700	3384	3096	3438	3024	3348	3168	2664	3024	2520	2466	2448	1800	1422	1422	1026	
1854	1242	846	522	0	414	774	1134	1530	1926	2052	2322	2880	3258	3384	2988	3690	3438	3834	3456	3798	3654	3168	3546	3042	3006	2970	2340	1962	1872	1458	
1980	1656	1242	882	414	0	432	810	1206	1620	1836	2142	2682	3078	3258	2934	3654	3456	3888	3564	3942	3834	3384	3798	3312	3312	3330	2682	2304	2268	1872	
1818	1980	1602	1080	774	432	0	360	756	1170	1404	1710	2250	2646	2862	2610	3312	3168	3618	3330	3762	3690	3276	3762	3294	3348	3438	2790	2412	2484	2106	
1800	2304	1962	1368	1134	810	360	0	396	792	1062	1404	1908	2340	2574	2394	3096	2988	3474	3240	3690	3654	3276	3816	3384	3492	3600	2970	2610	2754	2376	
1908	2682	2340	1728	1530	1206	756	396	0	396	774	1134	1602	2034	2322	2250	2916	2880	3384	3204	3690	3690	3366	3942	3546	3690	3852	3222	2880	3078	2718	
2016	3060	2736	2088	1926	1620	1170	792	396	0	540	864	1260	1710	2052	2070	2700	2736	3240	3132	3636	3708	3420	4032	3654	3852	4068	3456	3132	3384	3042	
1638	3042	2772	2070	2052	1836	1404	1062	774	540	0	342	846	1260	1548	1530	2160	2196	2700	2610	3114	3204	2970	3582	3258	3492	3744	3186	2898	3222	2934	
1602	3222	2988	2268	2322	2142	1710	1404	1134	864	342	0	540	936	1188	1224	1836	1908	2412	2358	2880	3006	2808	3456	3168	3438	3726	3204	2934	3330	3078	
1998	3762	3546	2826	2880	2682	2250	1908	1602	1260	846	540	0	450	846	1206	1620	1854	2340	2430	2952	3132	3024	3690	3474	3780	4122	3618	3384	3816	3582	
2160	4050	3870	3150	3258	3078	2646	2340	2034	1710	1260	936	450	0	450	1044	1296	1620	2088	2250	2754	3006	2970	3636	3474	3816	4194	3762	3564	4032	3834	
2034	4050	3924	3204	3384	3258	2862	2574	2322	2052	1548	1188	846	450	0	738	828	1188	1638	1854	2340	2610	2646	3294	3186	3564	3960	3582	3420	3924	3780	
1386	3474	3402	2700	2988	2934	2610	2394	2250	2070	1530	1224	1206	1044	738	0	702	666	1170	1224	1746	1944	1908	2574	2448	2826	3222	2862	2736	3258	3150	
2016	4122	4068	3384	3690	3654	3312	3096	2916	2700	2160	1836	1620	1296	828	702	0	522	828	1170	1602	1944	2088	2700	2718	3132	3582	3312	3240	3816	3744	
1638	3726	3726	3096	3438	3456	3168	2988	2880	2736	2196	1908	1854	1620	1188	666	522	0	504	666	1152	1440	1566	2196	2196	2610	3078	2826	2790	3366	3348	
1980	3996	4032	3438	3834	3888	3618	3474	3384	3240	2700	2412	2340	2088	1638	1170	828	504	0	522	810	1188	1476	2016	2142	2574	3060	2916	2952	3546	3564	
1584	3528	3600	3024	3456	3564	3330	3240	3204	3132	2610	2358	2430	2250	1854	1224	1170	666	522	0	522	756	954	1530	1602	2034	2520	2376	2430	3024	3078	
1962	3708	3834	3348	3798	3942	3762	3690	3690	3636	3114	2880	2952	2754	2340	1746	1602	1152	810	522	0	396	864	1242	1476	1908	2394	2394	2520	3114	3222	
1854	3438	3600	3168	3654	3834	3690	3654	3690	3708	3204	3006	3132	3006	2610	1944	1944	1440	1188	756	396	0	522	828	1098	1512	1998	2052	2214	2790	2934	
1458	2916	3078	2664	3168	3384	3276	3276	3366	3420	2970	2808	3024	2970	2646	1908	2088	1566	1476	954	864	522	0	648	648	1080	1566	1530	1674	2250	2412	
2016	3060	3312	3024	3546	3798	3762	3816	3942	4032	3582	3456	3690	3636	3294	2574	2700	2196	2016	1530	1242	828	648	0	522	810	1260	1512	1782	2286	2538	
1638	2538	2790	2520	3042	3312	3294	3384	3546	3654	3258	3168	3474	3474	3186	2448	2718	2196	2142	1602	1476	1098	648	522	0	432	918	1008	1260	1782	2016	
1854	2322	2628	2466	3006	3312	3348	3492	3690	3852	3492	3438	3780	3816	3564	2826	3132	2610	2574	2034	1908	1512	1080	810	432	0	486	738	1080	1512	1800	
2124	2124	2484	2448	2970	3330	3438	3600	3852	4068	3744	3726	4122	4194	3960	3222	3582	3078	3060	2520	2394	1998	1566	1260	918	486	0	648	1026	1260	1620	
1602	1566	1890	1800	2340	2682	2790	2970	3222	3456	3186	3204	3618	3762	3582	2862	3312	2826	2916	2376	2394	2052	1530	1512	1008	738	648	0	378	774	1062	
1404	1260	1548	1422	1962	2304	2412	2610	2880	3132	2898	2934	3384	3564	3420	2736	3240	2790	2952	2430	2520	2214	1674	1782	1260	1080	1026	378	0	594	756	
1890	846	1242	1422	1872	2268	2484	2754	3078	3384	3222	3330	3816	4032	3924	3258	3816	3366	3546	3024	3114	2790	2250	2286	1782	1512	1260	774	594	0	414	
1764	522	846	1026	1458	1872	2106	2376	2718	3042	2934	3078	3582	3834	3780	3150	3744	3348	3564	3078	3222	2934	2412	2538	2016	1800	1620	1062	756	414	0	
V2
0	1895	1863	1312	1668	1782	1636	1620	1717	1814	1474	1441	1798	1944	1830	1247	1814	1474	1782	1425	1765	1668	1312	1814	1474	1668	1911	1441	1263	1701	1587	
1895	0	388	874	1117	1490	1782	2073	2413	2754	2737	2899	3385	3645	3645	3126	3709	3353	3596	3175	3337	3094	2624	2754	2284	2089	1911	1409	1134	761	469	
1863	388	0	648	761	1117	1441	1765	2106	2462	2494	2689	3191	3483	3531	3061	3661	3353	3628	3240	3450	3240	2770	2980	2511	2365	2235	1701	1393	1117	761	
1312	874	648	0	469	793	972	1231	1555	1879	1863	2041	2543	2835	2883	2430	3045	2786	3094	2721	3013	2851	2397	2721	2268	2219	2203	1620	1279	1279	923	
1668	1117	761	469	0	372	696	1020	1377	1733	1846	2089	2592	2932	3045	2689	3321	3094	3450	3110	3418	3288	2851	3191	2737	2705	2673	2106	1765	1684	1312	
1782	1490	1117	793	372	0	388	729	1085	1458	1652	1927	2413	2770	2932	2640	3288	3110	3499	3207	3547	3450	3045	3418	2980	2980	2997	2413	2073	2041	1684	
1636	1782	1441	972	696	388	0	324	680	1053	1263	1539	2025	2381	2575	2349	2980	2851	3256	2997	3385	3321	2948	3385	2964	3013	3094	2511	2170	2235	1895	
1620	2073	1765	1231	1020	729	324	0	356	712	955	1263	1717	2106	2316	2154	2786	2689	3126	2916	3321	3288	2948	3434	3045	3142	3240	2673	2349	2478	2138	
1717	2413	2106	1555	1377	1085	680	356	0	356	696	1020	1441	1830	2089	2025	2624	2592	3045	2883	3321	3321	3029	3547	3191	3321	3466	2899	2592	2770	2446	
1814	2754	2462	1879	1733	1458	1053	712	356	0	486	777	1134	1539	1846	1863	2430	2462	2916	2818	3272	3337	3078	3628	3288	3466	3661	3110	2818	3045	2737	
1474	2737	2494	1863	1846	1652	1263	955	696	486	0	307	761	1134	1393	1377	1944	1976	2430	2349	2802	2883	2673	3223	2932	3142	3369	2867	2608	2899	2640	
1441	2899	2689	2041	2089	1927	1539	1263	1020	777	307	0	486	842	1069	1101	1652	1717	2170	2122	2592	2705	2527	3110	2851	3094	3353	2883	2640	2997	2770	
1798	3385	3191	2543	2592	2413	2025	1717	1441	1134	761	486	0	405	761	1085	1458	1668	2106	2187	2656	2818	2721	3321	3126	3402	3709	3256	3045	3434	3223	
1944	3645	3483	2835	2932	2770	2381	2106	1830	1539	1134	842	405	0	405	939	1166	1458	1879	2025	2478	2705	2673	3272	3126	3434	3774	3385	3207	3628	3450	
1830	3645	3531	2883	3045	2932	2575	2316	2089	1846	1393	1069	761	405	0	664	745	1069	1474	1668	2106	2349	2381	2964	2867	3207	3564	3223	3078	3531	3402	
1247	3126	3061	2430	2689	2640	2349	2154	2025	1863	1377	1101	1085	939	664	0	631	599	1053	1101	1571	1749	1717	2316	2203	2543	2899	2575	2462	2932	2835	
1814	3709	3661	3045	3321	3288	2980	2786	2624	2430	1944	1652	1458	1166	745	631	0	469	745	1053	1441	1749	1879	2430	2446	2818	3223	2980	2916	3434	3369	
1474	3353	3353	2786	3094	3110	2851	2689	2592	2462	1976	1717	1668	1458	1069	599	469	0	453	599	1036	1296	1409	1976	1976	2349	2770	2543	2511	3029	3013	
1782	3596	3628	3094	3450	3499	3256	3126	3045	2916	2430	2170	2106	1879	1474	1053	745	453	0	469	729	1069	1328	1814	1927	2316	2754	2624	2656	3191	3207	
1425	3175	3240	2721	3110	3207	2997	2916	2883	2818	2349	2122	2187	2025	1668	1101	1053	599	469	0	469	680	858	1377	1441	1830	2268	2138	2187	2721	2770	
1765	3337	3450	3013	3418	3547	3385	3321	3321	3272	2802	2592	2656	2478	2106	1571	1441	1036	729	469	0	356	777	1117	1328	1717	2154	2154	2268	2802	2899	
1668	3094	3240	2851	3288	3450	3321	3288	3321	3337	2883	2705	2818	2705	2349	1749	1749	1296	1069	680	356	0	469	745	988	1360	1798	1846	1992	2511	2640	
1312	2624	2770	2397	2851	3045	2948	2948	3029	3078	2673	2527	2721	2673	2381	1717	1879	1409	1328	858	777	469	0	583	583	972	1409	1377	1506	2025	2170	
1814	2754	2980	2721	3191	3418	3385	3434	3547	3628	3223	3110	3321	3272	2964	2316	2430	1976	1814	1377	1117	745	583	0	469	729	1134	1360	1603	2057	2284	
1474	2284	2511	2268	2737	2980	2964	3045	3191	3288	2932	2851	3126	3126	2867	2203	2446	1976	1927	1441	1328	988	583	469	0	388	826	907	1134	1603	1814	
1668	2089	2365	2219	2705	2980	3013	3142	3321	3466	3142	3094	3402	3434	3207	2543	2818	2349	2316	1830	1717	1360	972	729	388	0	437	664	972	1360	1620	
1911	1911	2235	2203	2673	2997	3094	3240	3466	3661	3369	3353	3709	3774	3564	2899	3223	2770	2754	2268	2154	1798	1409	1134	826	437	0	583	923	1134	1458	
1441	1409	1701	1620	2106	2413	2511	2673	2899	3110	2867	2883	3256	3385	3223	2575	2980	2543	2624	2138	2154	1846	1377	1360	907	664	583	0	340	696	955	
1263	1134	1393	1279	1765	2073	2170	2349	2592	2818	2608	2640	3045	3207	3078	2462	2916	2511	2656	2187	2268	1992	1506	1603	1134	972	923	340	0	534	680	
1701	761	1117	1279	1684	2041	2235	2478	2770	3045	2899	2997	3434	3628	3531	2932	3434	3029	3191	2721	2802	2511	2025	2057	1603	1360	1134	696	534	0	372	
1587	469	761	923	1312	1684	1895	2138	2446	2737	2640	2770	3223	3450	3402	2835	3369	3013	3207	2770	2899	2640	2170	2284	1814	1620	1458	955	680	372	0	
V3
0	1661	1633	1150	1462	1562	1434	1420	1505	1590	1292	1263	1576	1704	1604	1093	1590	1292	1562	1249	1547	1462	1150	1590	1292	1462	1675	1263	1107	1491	1391	
1661	0	340	766	979	1306	1562	1817	2115	2414	2399	2541	2967	3195	3195	2740	3251	2939	3152	2783	2925	2712	2300	2414	2002	1831	1675	1235	994	667	411	
1633	340	0	568	667	979	1263	1547	1846	2158	2186	2357	2797	3053	3095	2683	3209	2939	3180	2840	3024	2840	2428	2612	2201	2073	1959	1491	1221	979	667	
1150	766	568	0	411	695	852	1079	1363	1647	1633	1789	2229	2485	2527	2130	2669	2442	2712	2385	2641	2499	2101	2385	1988	1945	1931	1420	1121	1121	809	
1462	979	667	411	0	326	610	894	1207	1519	1618	1831	2272	2570	2669	2357	2911	2712	3024	2726	2996	2882	2499	2797	2399	2371	2343	1846	1547	1476	1150	
1562	1306	979	695	326	0	340	639	951	1278	1448	1689	2115	2428	2570	2314	2882	2726	3067	2811	3109	3024	2669	2996	2612	2612	2627	2115	1817	1789	1476	
1434	1562	1263	852	610	340	0	284	596	923	1107	1349	1775	2087	2257	2059	2612	2499	2854	2627	2967	2911	2584	2967	2598	2641	2712	2201	1902	1959	1661	
1420	1817	1547	1079	894	639	284	0	312	624	837	1107	1505	1846	2030	1888	2442	2357	2740	2556	2911	2882	2584	3010	2669	2754	2840	2343	2059	2172	1874	
1505	2115	1846	1363	1207	951	596	312	0	312	610	894	1263	1604	1831	1775	2300	2272	2669	2527	2911	2911	2655	3109	2797	2911	3038	2541	2272	2428	2144	
1590	2414	2158	1647	1519	1278	923	624	312	0	426	681	994	1349	1618	1633	2130	2158	2556	2470	2868	2925	2698	3180	2882	3038	3209	2726	2470	2669	2399	
1292	2399	2186	1633	1618	1448	1107	837	610	426	0	269	667	994	1221	1207	1704	1732	2130	2059	2456	2527	2343	2825	2570	2754	2953	2513	2286	2541	2314	
1263	2541	2357	1789	1831	1689	1349	1107	894	681	269	0	426	738	937	965	1448	1505	1902	1860	2272	2371	2215	2726	2499	2712	2939	2527	2314	2627	2428	
1576	2967	2797	2229	2272	2115	1775	1505	1263	994	667	426	0	355	667	951	1278	1462	1846	1917	2328	2470	2385	2911	2740	2982	3251	2854	2669	3010	2825	
1704	3195	3053	2485	2570	2428	2087	1846	1604	1349	994	738	355	0	355	823	1022	1278	1647	1775	2172	2371	2343	2868	2740	3010	3308	2967	2811	3180	3024	
1604	3195	3095	2527	2669	2570	2257	2030	1831	1618	1221	937	667	355	0	582	653	937	1292	1462	1846	2059	2087	2598	2513	2811	3124	2825	2698	3095	2982	
1093	2740	2683	2130	2357	2314	2059	1888	1775	1633	1207	965	951	823	582	0	553	525	923	965	1377	1533	1505	2030	1931	2229	2541	2257	2158	2570	2485	
1590	3251	3209	2669	2911	2882	2612	2442	2300	2130	1704	1448	1278	1022	653	553	0	411	653	923	1263	1533	1647	2130	2144	2470	2825	2612	2556	3010	2953	
1292	2939	2939	2442	2712	2726	2499	2357	2272	2158	1732	1505	1462	1278	937	525	411	0	397	525	908	1136	1235	1732	1732	2059	2428	2229	2201	2655	2641	
1562	3152	3180	2712	3024	3067	2854	2740	2669	2556	2130	1902	1846	1647	1292	923	653	397	0	411	639	937	1164	1590	1689	2030	2414	2300	2328	2797	2811	
1249	2783	2840	2385	2726	2811	2627	2556	2527	2470	2059	1860	1917	1775	1462	965	923	525	411	0	411	596	752	1207	1263	1604	1988	1874	1917	2385	2428	
1547	2925	3024	2641	2996	3109	2967	2911	2911	2868	2456	2272	2328	2172	1846	1377	1263	908	639	411	0	312	681	979	1164	1505	1888	1888	1988	2456	2541	
1462	2712	2840	2499	2882	3024	2911	2882	2911	2925	2527	2371	2470	2371	2059	1533	1533	1136	937	596	312	0	411	653	866	1192	1576	1618	1746	2201	2314	
1150	2300	2428	2101	2499	2669	2584	2584	2655	2698	2343	2215	2385	2343	2087	1505	1647	1235	1164	752	681	411	0	511	511	852	1235	1207	1320	1775	1902	
1590	2414	2612	2385	2797	2996	2967	3010	3109	3180	2825	2726	2911	2868	2598	2030	2130	1732	1590	1207	979	653	511	0	411	639	994	1192	1405	1803	2002	
1292	2002	2201	1988	2399	2612	2598	2669	2797	2882	2570	2499	2740	2740	2513	1931	2144	1732	1689	1263	1164	866	511	411	0	340	724	795	994	1405	1590	
1462	1831	2073	1945	2371	2612	2641	2754	2911	3038	2754	2712	2982	3010	2811	2229	2470	2059	2030	1604	1505	1192	852	639	340	0	383	582	852	1192	1420	
1675	1675	1959	1931	2343	2627	2712	2840	3038	3209	2953	2939	3251	3308	3124	2541	2825	2428	2414	1988	1888	1576	1235	994	724	383	0	511	809	994	1278	
1263	1235	1491	1420	1846	2115	2201	2343	2541	2726	2513	2527	2854	2967	2825	2257	2612	2229	2300	1874	1888	1618	1207	1192	795	582	511	0	298	610	837	
1107	994	1221	1121	1547	1817	1902	2059	2272	2470	2286	2314	2669	2811	2698	2158	2556	2201	2328	1917	1988	1746	1320	1405	994	852	809	298	0	468	596	
1491	667	979	1121	1476	1789	1959	2172	2428	2669	2541	2627	3010	3180	3095	2570	3010	2655	2797	2385	2456	2201	1775	1803	1405	1192	994	610	468	0	326	
1391	411	667	809	1150	1476	1661	1874	2144	2399	2314	2428	2825	3024	2982	2485	2953	2641	2811	2428	2541	2314	1902	2002	1590	1420	1278	837	596	326	0	
V4
0	865	851	599	762	814	747	740	784	828	673	658	821	888	836	569	828	673	814	651	806	762	599	828	673	762	873	658	577	777	725	
865	0	177	399	510	680	814	947	1102	1258	1250	1324	1546	1665	1665	1428	1694	1531	1642	1450	1524	1413	1198	1258	1043	954	873	643	518	347	214	
851	177	0	296	347	510	658	806	962	1124	1139	1228	1457	1591	1613	1398	1672	1531	1657	1480	1576	1480	1265	1361	1147	1080	1021	777	636	510	347	
599	399	296	0	214	362	444	562	710	858	851	932	1161	1295	1317	1110	1391	1272	1413	1243	1376	1302	1095	1243	1036	1013	1006	740	584	584	421	
762	510	347	214	0	170	318	466	629	791	843	954	1184	1339	1391	1228	1517	1413	1576	1420	1561	1502	1302	1457	1250	1235	1221	962	806	769	599	
814	680	510	362	170	0	177	333	495	666	754	880	1102	1265	1339	1206	1502	1420	1598	1465	1620	1576	1391	1561	1361	1361	1369	1102	947	932	769	
747	814	658	444	318	177	0	148	310	481	577	703	925	1087	1176	1073	1361	1302	1487	1369	1546	1517	1346	1546	1354	1376	1413	1147	991	1021	865	
740	947	806	562	466	333	148	0	162	325	436	577	784	962	1058	984	1272	1228	1428	1332	1517	1502	1346	1568	1391	1435	1480	1221	1073	1132	976	
784	1102	962	710	629	495	310	162	0	162	318	466	658	836	954	925	1198	1184	1391	1317	1517	1517	1383	1620	1457	1517	1583	1324	1184	1265	1117	
828	1258	1124	858	791	666	481	325	162	0	222	355	518	703	843	851	1110	1124	1332	1287	1494	1524	1406	1657	1502	1583	1672	1420	1287	1391	1250	
673	1250	1139	851	843	754	577	436	318	222	0	140	347	518	636	629	888	902	1110	1073	1280	1317	1221	1472	1339	1435	1539	1309	1191	1324	1206	
658	1324	1228	932	954	880	703	577	466	355	140	0	222	384	488	503	754	784	991	969	1184	1235	1154	1420	1302	1413	1531	1317	1206	1369	1265	
821	1546	1457	1161	1184	1102	925	784	658	518	347	222	0	185	347	495	666	762	962	999	1213	1287	1243	1517	1428	1554	1694	1487	1391	1568	1472	
888	1665	1591	1295	1339	1265	1087	962	836	703	518	384	185	0	185	429	532	666	858	925	1132	1235	1221	1494	1428	1568	1724	1546	1465	1657	1576	
836	1665	1613	1317	1391	1339	1176	1058	954	843	636	488	347	185	0	303	340	488	673	762	962	1073	1087	1354	1309	1465	1628	1472	1406	1613	1554	
569	1428	1398	1110	1228	1206	1073	984	925	851	629	503	495	429	303	0	288	273	481	503	717	799	784	1058	1006	1161	1324	1176	1124	1339	1295	
828	1694	1672	1391	1517	1502	1361	1272	1198	1110	888	754	666	532	340	288	0	214	340	481	658	799	858	1110	1117	1287	1472	1361	1332	1568	1539	
673	1531	1531	1272	1413	1420	1302	1228	1184	1124	902	784	762	666	488	273	214	0	207	273	473	592	643	902	902	1073	1265	1161	1147	1383	1376	
814	1642	1657	1413	1576	1598	1487	1428	1391	1332	1110	991	962	858	673	481	340	207	0	214	333	488	606	828	880	1058	1258	1198	1213	1457	1465	
651	1450	1480	1243	1420	1465	1369	1332	1317	1287	1073	969	999	925	762	503	481	273	214	0	214	310	392	629	658	836	1036	976	999	1243	1265	
806	1524	1576	1376	1561	1620	1546	1517	1517	1494	1280	1184	1213	1132	962	717	658	473	333	214	0	162	355	510	606	784	984	984	1036	1280	1324	
762	1413	1480	1302	1502	1576	1517	1502	1517	1524	1317	1235	1287	1235	1073	799	799	592	488	310	162	0	214	340	451	621	821	843	910	1147	1206	
599	1198	1265	1095	1302	1391	1346	1346	1383	1406	1221	1154	1243	1221	1087	784	858	643	606	392	355	214	0	266	266	444	643	629	688	925	991	
828	1258	1361	1243	1457	1561	1546	1568	1620	1657	1472	1420	1517	1494	1354	1058	1110	902	828	629	510	340	266	0	214	333	518	621	732	939	1043	
673	1043	1147	1036	1250	1361	1354	1391	1457	1502	1339	1302	1428	1428	1309	1006	1117	902	880	658	606	451	266	214	0	177	377	414	518	732	828	
762	954	1080	1013	1235	1361	1376	1435	1517	1583	1435	1413	1554	1568	1465	1161	1287	1073	1058	836	784	621	444	333	177	0	199	303	444	621	740	
873	873	1021	1006	1221	1369	1413	1480	1583	1672	1539	1531	1694	1724	1628	1324	1472	1265	1258	1036	984	821	643	518	377	199	0	266	421	518	666	
658	643	777	740	962	1102	1147	1221	1324	1420	1309	1317	1487	1546	1472	1176	1361	1161	1198	976	984	843	629	621	414	303	266	0	155	318	436	
577	518	636	584	806	947	991	1073	1184	1287	1191	1206	1391	1465	1406	1124	1332	1147	1213	999	1036	910	688	732	518	444	421	155	0	244	310	
777	347	510	584	769	932	1021	1132	1265	1391	1324	1369	1568	1657	1613	1339	1568	1383	1457	1243	1280	1147	925	939	732	621	518	318	244	0	170	
725	214	347	421	599	769	865	976	1117	1250	1206	1265	1472	1576	1554	1295	1539	1376	1465	1265	1324	1206	991	1043	828	740	666	436	310	170	0	
V5
0	2316	2277	1603	2039	2178	1999	1980	2098	2217	1801	1762	2197	2376	2237	1524	2217	1801	2178	1742	2158	2039	1603	2217	1801	2039	2336	1762	1544	2079	1940	
2316	0	475	1069	1366	1821	2178	2534	2950	3366	3346	3544	4138	4455	4455	3821	4534	4098	4395	3880	4078	3781	3207	3366	2791	2554	2336	1722	1386	930	574	
2277	475	0	792	930	1366	1762	2158	2574	3009	3049	3286	3900	4257	4316	3742	4474	4098	4435	3960	4217	3960	3385	3643	3069	2890	2732	2079	1702	1366	930	
1603	1069	792	0	574	970	1188	1504	1900	2296	2277	2494	3108	3465	3524	2970	3722	3405	3781	3326	3682	3484	2930	3326	2772	2712	2692	1980	1564	1564	1128	
2039	1366	930	574	0	455	851	1247	1683	2118	2257	2554	3168	3583	3722	3286	4059	3781	4217	3801	4177	4019	3484	3900	3346	3306	3267	2574	2158	2059	1603	
2178	1821	1366	970	455	0	475	891	1326	1782	2019	2356	2950	3385	3583	3227	4019	3801	4276	3920	4336	4217	3722	4177	3643	3643	3663	2950	2534	2494	2059	
1999	2178	1762	1188	851	475	0	396	831	1287	1544	1881	2475	2910	3148	2871	3643	3484	3979	3663	4138	4059	3603	4138	3623	3682	3781	3069	2653	2732	2316	
1980	2534	2158	1504	1247	891	396	0	435	871	1168	1544	2098	2574	2831	2633	3405	3286	3821	3564	4059	4019	3603	4197	3722	3841	3960	3267	2871	3029	2613	
2098	2950	2574	1900	1683	1326	831	435	0	435	851	1247	1762	2237	2554	2475	3207	3168	3722	3524	4059	4059	3702	4336	3900	4059	4237	3544	3168	3385	2989	
2217	3366	3009	2296	2118	1782	1287	871	435	0	594	950	1386	1881	2257	2277	2970	3009	3564	3445	3999	4078	3762	4435	4019	4237	4474	3801	3445	3722	3346	
1801	3346	3049	2277	2257	2019	1544	1168	851	594	0	376	930	1386	1702	1683	2376	2415	2970	2871	3425	3524	3267	3940	3583	3841	4118	3504	3187	3544	3227	
