M: 4
N: 30
Nun_Veiculos: 15
Capacidade_Total: 1040
Demanda_Total: 507
Setup_Min: 1
Setup_Max: 99
Raio: 100
Circulos: 1
Tempo_Processamento_Min: 1
Tempo_Processamento_Max: 49
Demanda_Min: 10
Demanda_Max: 30
Priority_Factor: 0.2
Range_Factor_R: 0.8
U_factor: 2
ALpha: 0.2Replicao: 4
Tempos_Processamentos
0	0	1	0	2	0	3	0	
0	48	1	38	2	1	3	25	
0	25	1	30	2	20	3	29	
0	5	1	7	2	43	3	3	
0	5	1	4	2	8	3	41	
0	24	1	17	2	49	3	15	
0	40	1	32	2	20	3	17	
0	13	1	19	2	25	3	29	
0	45	1	36	2	10	3	7	
0	39	1	36	2	40	3	15	
0	38	1	13	2	46	3	5	
0	37	1	6	2	30	3	11	
0	1	1	22	2	19	3	48	
0	6	1	15	2	38	3	30	
0	7	1	41	2	22	3	49	
0	47	1	36	2	44	3	35	
0	14	1	11	2	24	3	40	
0	26	1	29	2	4	3	11	
0	31	1	35	2	38	3	41	
0	4	1	7	2	12	3	30	
0	27	1	1	2	15	3	42	
0	18	1	29	2	22	3	10	
0	5	1	36	2	33	3	22	
0	29	1	25	2	33	3	11	
0	23	1	15	2	3	3	30	
0	31	1	19	2	47	3	11	
0	40	1	34	2	37	3	28	
0	3	1	8	2	42	3	29	
0	6	1	38	2	33	3	31	
0	18	1	17	2	31	3	25	
0	24	1	29	2	27	3	34	

Tempos_setup
M0
0	0	0	0	0	0	0	0	0	0	0	0	0	0	0	0	0	0	0	0	0	0	0	0	0	0	0	0	0	0	0	
0	0	11	17	12	22	4	15	22	16	17	18	20	17	12	7	20	19	8	6	10	16	10	15	18	19	10	10	11	14	19	
0	8	0	15	20	23	12	19	21	15	10	13	11	16	9	15	12	8	15	14	17	15	7	4	16	15	9	14	17	22	8	
0	18	12	0	11	21	5	7	15	7	3	16	6	9	11	8	10	13	9	14	11	13	18	16	1	11	8	2	16	15	6	
0	13	5	14	0	10	1	12	10	13	15	15	16	14	14	4	11	13	5	15	7	13	12	9	15	16	7	7	10	11	13	
0	16	10	15	14	0	6	5	17	13	18	9	21	7	17	6	12	11	7	11	3	15	16	14	16	11	9	9	17	13	18	
0	15	7	13	8	18	0	11	18	12	16	14	18	13	14	3	16	15	4	16	6	12	13	11	14	15	6	6	14	10	15	
0	11	12	18	23	19	15	0	12	14	18	23	23	2	16	18	7	6	13	17	15	14	14	16	16	17	8	8	16	25	20	
0	15	10	6	17	25	11	13	0	13	9	17	12	15	12	12	13	18	7	5	9	15	17	14	7	12	9	8	12	19	9	
0	22	14	8	14	19	13	15	23	0	11	24	14	17	4	14	13	21	15	22	17	21	17	18	9	19	14	10	22	21	14	
0	30	24	12	22	26	17	19	27	17	0	26	16	21	20	20	14	25	21	26	23	20	26	28	13	23	11	14	17	16	13	
0	12	8	6	17	17	11	9	13	4	9	0	12	3	8	10	5	11	5	2	7	13	10	12	7	2	6	7	14	17	12	
0	22	18	16	16	26	17	17	23	14	19	10	0	13	18	18	14	21	15	12	15	15	20	22	17	12	15	16	23	25	18	
0	14	14	16	22	23	18	22	10	19	19	25	22	0	22	20	23	8	15	15	17	12	21	18	17	22	17	17	22	27	19	
0	18	10	20	25	21	17	16	28	16	20	21	21	18	0	10	9	18	11	23	13	19	13	14	21	20	10	11	18	17	18	
0	12	4	10	15	25	7	8	20	9	13	11	15	10	11	0	13	12	1	13	3	9	10	8	11	12	3	3	11	7	12	
0	18	19	15	18	12	18	7	19	7	18	21	21	9	9	18	0	13	19	22	15	21	21	20	16	11	1	2	9	22	21	
0	6	6	16	18	15	10	14	13	11	16	17	17	16	15	12	18	0	7	12	9	15	13	10	17	18	9	9	17	19	14	
0	11	3	9	14	24	6	7	19	8	12	10	14	9	12	5	12	11	0	12	2	8	10	7	10	11	2	2	10	12	11	
0	10	19	22	20	30	12	23	30	24	23	20	18	23	18	15	19	27	16	0	18	22	20	11	23	22	18	18	21	22	15	
0	15	7	13	12	22	4	11	17	12	16	14	18	13	14	3	11	15	4	16	0	12	13	11	14	15	6	6	14	10	15	
0	23	15	20	10	20	11	22	20	22	23	25	16	24	24	14	17	23	15	25	17	0	22	19	21	26	16	17	20	21	13	
0	20	12	16	13	23	14	18	23	8	7	23	22	20	2	12	11	20	13	25	15	20	0	16	17	22	2	13	10	19	20	
0	21	17	11	19	20	11	15	22	13	14	9	7	12	7	14	8	20	14	11	16	11	9	0	12	11	9	10	17	21	4	
0	17	15	12	10	20	11	6	18	6	2	18	8	8	10	14	9	12	15	13	17	12	20	19	0	10	9	1	17	18	5	
0	21	16	10	16	15	15	10	22	2	13	24	16	12	6	16	3	16	17	24	18	23	19	20	11	0	4	5	12	23	16	
0	28	20	14	20	25	19	20	29	6	17	28	20	22	10	20	19	26	21	28	23	27	23	19	15	25	0	16	8	21	20	
0	16	17	19	16	24	17	5	17	11	22	27	25	7	15	20	12	11	17	20	19	19	19	21	20	9	13	0	21	27	25	
0	23	24	22	31	31	27	12	24	26	25	25	28	14	17	27	19	18	25	27	27	26	26	28	23	27	20	20	0	13	28	
0	22	14	9	20	25	14	16	24	16	12	12	15	15	4	14	13	22	15	14	17	22	17	18	10	14	14	11	22	0	15	
0	22	14	7	15	16	7	11	19	11	10	13	3	13	13	10	4	17	11	14	13	7	20	18	8	15	5	6	13	17	0	
M1
0	0	0	0	0	0	0	0	0	0	0	0	0	0	0	0	0	0	0	0	0	0	0	0	0	0	0	0	0	0	0	
0	0	15	10	5	21	3	4	13	13	12	21	13	21	16	9	14	12	3	22	27	12	13	7	21	16	20	9	2	14	5	
0	16	0	19	16	26	19	17	14	12	14	23	14	15	21	20	12	19	19	10	28	21	13	21	25	11	15	23	18	30	21	
0	15	14	0	7	17	9	10	13	3	5	17	9	17	12	19	11	8	15	19	26	15	12	15	11	20	10	17	17	20	18	
0	11	19	5	0	22	14	13	14	8	10	22	14	22	17	20	15	13	14	23	28	13	17	8	16	24	15	10	13	25	11	
0	14	7	16	18	0	16	16	8	19	19	19	17	18	19	14	9	16	17	7	22	7	17	14	21	8	22	4	16	27	14	
0	7	12	7	2	18	0	1	16	10	12	18	16	18	13	16	17	15	10	22	26	15	19	10	18	14	17	12	9	11	12	
0	6	21	16	11	17	9	0	19	19	18	17	19	17	12	15	20	18	9	24	26	18	19	13	17	22	26	15	8	20	11	
0	11	15	14	16	16	14	12	0	17	17	11	10	10	20	6	14	9	14	22	14	12	22	7	13	16	20	9	13	25	10	
0	14	19	9	4	14	17	13	10	0	2	14	15	14	9	16	8	14	12	21	23	17	9	12	16	20	7	14	16	19	15	
0	13	17	16	18	12	16	17	20	16	0	12	16	12	7	22	21	15	16	19	21	19	25	20	14	18	21	16	15	17	18	
0	6	9	16	11	25	9	10	17	11	13	0	4	24	20	15	18	3	9	19	31	16	19	13	2	6	9	15	8	20	11	
0	15	5	16	11	21	18	15	17	7	9	9	0	20	16	23	15	12	18	15	30	16	16	11	11	15	14	13	17	26	13	
0	1	5	4	6	21	4	5	14	7	9	15	7	0	10	10	15	6	4	15	24	13	14	8	15	16	14	10	3	15	6	
0	6	10	9	11	26	9	10	19	12	14	5	9	5	0	15	20	8	9	20	14	18	19	13	7	11	14	15	8	10	11	
0	12	9	15	15	23	15	6	7	11	11	13	4	17	18	0	8	3	15	16	21	6	16	1	15	17	18	3	14	26	4	
0	13	13	16	18	18	16	14	2	15	17	13	8	12	10	8	0	7	11	23	16	14	21	9	15	15	22	11	15	20	12	
0	16	6	17	12	22	19	16	17	8	10	10	1	21	17	23	15	0	19	16	31	17	17	12	12	16	15	14	18	27	14	
0	15	30	17	20	31	18	14	28	20	22	31	26	31	26	24	28	25	0	36	40	27	10	22	28	31	27	24	17	29	20	
0	16	19	16	11	24	9	10	12	19	12	20	14	20	15	18	25	21	19	0	26	11	21	18	22	1	15	20	18	20	21	
0	15	17	3	10	20	12	9	8	6	8	14	12	18	15	14	9	11	18	14	0	7	15	14	14	2	13	4	17	23	14	
0	12	16	9	16	17	15	12	1	12	14	12	11	11	21	7	14	10	15	10	15	0	10	7	14	11	19	9	14	26	10	
0	5	20	7	10	21	8	4	18	10	12	21	16	21	16	14	18	15	8	26	30	17	0	12	18	21	17	14	7	19	10	
0	11	20	14	16	22	14	5	6	17	10	17	15	16	17	12	7	14	14	15	20	5	15	0	19	16	24	2	13	25	3	
0	4	7	14	9	23	7	8	17	9	11	11	2	22	18	13	16	1	7	17	31	16	17	11	0	17	16	13	6	18	9	
0	20	24	19	25	23	23	22	11	22	11	19	21	19	14	17	24	20	23	20	25	10	20	17	21	0	28	19	22	24	20	
0	20	24	21	25	24	23	19	25	24	12	24	22	24	19	18	26	21	5	31	26	24	15	19	26	26	0	21	22	23	22	
0	12	18	12	17	20	15	12	4	15	17	15	13	14	15	10	5	12	15	13	18	3	13	10	17	14	22	0	14	25	10	
0	9	14	9	4	20	2	3	11	12	10	20	11	20	15	7	12	10	1	20	25	10	11	5	20	16	19	7	0	13	3	
0	7	1	17	12	26	10	11	14	13	14	22	15	16	17	16	13	19	10	11	15	13	14	14	24	3	16	16	9	0	12	
0	8	22	16	13	19	11	2	8	19	7	19	17	18	14	14	9	16	11	17	22	7	13	2	19	18	26	4	10	22	0	
M2
0	0	0	0	0	0	0	0	0	0	0	0	0	0	0	0	0	0	0	0	0	0	0	0	0	0	0	0	0	0	0	
0	0	12	12	11	23	13	13	7	9	14	3	21	24	8	9	13	5	15	17	11	18	6	19	2	12	10	11	19	14	14	
0	13	0	9	21	20	1	5	6	17	19	8	26	14	13	7	1	17	15	18	21	18	11	16	7	18	15	24	19	14	11	
0	13	10	0	13	27	11	15	14	22	13	8	20	24	13	2	11	18	16	22	24	19	5	23	9	25	9	20	29	24	21	
0	1	13	13	0	24	5	9	8	10	15	4	22	21	9	10	14	6	16	18	12	19	7	20	3	13	11	12	18	13	15	
0	9	18	21	20	0	19	11	2	18	15	4	22	30	7	14	17	14	14	24	20	17	7	25	3	21	11	20	18	13	23	
0	12	14	19	20	23	0	4	5	16	18	7	25	28	12	6	15	17	14	17	20	17	10	19	6	21	14	23	31	26	25	
0	26	24	33	25	31	25	0	26	32	33	22	38	38	13	31	25	28	20	32	22	23	25	30	21	23	27	37	35	37	35	
0	7	18	19	18	27	19	13	0	16	13	2	20	30	7	12	17	12	14	22	18	17	5	23	1	19	9	18	26	21	21	
0	10	10	3	9	30	11	15	16	0	16	11	23	24	13	5	11	15	19	8	21	21	8	26	12	22	12	21	19	14	11	
0	11	22	23	22	14	23	17	4	20	0	6	24	23	11	16	21	16	18	26	17	15	9	10	5	18	13	10	20	25	25	
0	5	16	17	16	27	17	11	12	14	19	0	26	29	5	14	17	10	12	22	16	15	11	23	7	17	15	16	24	19	19	
0	16	7	3	16	27	8	2	13	11	16	11	0	21	7	5	8	17	3	2	23	6	8	23	12	24	12	23	26	21	18	
0	9	19	15	20	31	20	14	16	13	23	12	12	0	9	17	20	14	15	4	20	18	15	27	11	21	19	19	28	23	23	
0	20	11	20	31	22	12	16	17	26	29	19	31	25	0	18	12	25	7	28	25	10	22	18	18	26	20	31	22	25	22	
0	13	8	17	14	28	9	13	12	22	19	8	26	22	13	0	9	18	20	26	24	23	11	24	7	25	15	24	27	22	19	
0	15	19	27	25	38	20	24	22	24	25	18	25	13	16	11	0	20	23	17	26	26	21	34	17	27	25	26	34	29	29	
0	7	14	7	6	18	11	15	14	4	20	10	22	27	8	9	15	0	15	12	6	16	12	14	9	7	11	18	14	9	9	
0	13	4	13	24	24	5	9	10	21	22	12	24	18	17	11	5	18	0	22	20	3	15	20	11	21	13	24	23	18	15	
0	19	16	12	18	27	17	21	22	9	25	20	32	30	5	14	17	15	12	0	21	15	17	23	21	22	21	30	27	23	20	
0	13	20	13	12	12	17	18	14	10	26	16	16	26	14	15	13	6	19	10	0	19	18	8	15	1	5	16	20	15	15	
0	23	27	24	22	33	13	17	18	29	19	20	21	29	25	19	16	25	24	23	31	0	23	29	19	31	10	21	39	34	34	
0	19	15	14	27	22	16	17	12	26	8	14	15	25	19	16	12	24	11	17	25	14	0	18	13	25	4	15	28	27	24	
0	13	20	20	13	4	14	15	6	17	19	8	23	32	11	18	20	13	16	17	7	11	11	0	7	8	12	23	22	17	15	
0	6	17	18	17	26	18	12	5	15	12	1	19	29	6	11	16	11	13	21	17	16	4	22	0	18	8	17	25	20	20	
0	12	19	12	11	23	16	17	17	9	25	15	15	25	13	14	12	5	18	17	11	21	17	19	14	0	4	15	19	14	14	
0	18	18	14	27	38	19	13	13	22	26	15	11	21	18	16	8	23	14	13	29	17	18	34	14	30	0	11	37	32	29	
0	13	24	25	24	35	25	19	20	22	27	8	25	13	13	22	25	18	20	17	24	23	19	31	15	25	23	0	27	27	27	
0	22	9	18	24	29	10	14	15	15	21	17	20	23	11	16	10	21	18	6	27	2	20	25	16	27	12	23	0	23	20	
0	14	14	23	25	29	15	19	7	20	20	9	25	28	7	19	15	19	14	11	25	7	12	25	8	26	16	25	5	0	25	
0	9	6	13	11	24	7	11	10	10	23	4	28	20	9	13	7	6	16	14	12	10	15	20	11	13	17	20	8	3	0	
M3
0	0	0	0	0	0	0	0	0	0	0	0	0	0	0	0	0	0	0	0	0	0	0	0	0	0	0	0	0	0	0	
0	0	28	21	1	6	5	13	10	21	20	15	8	20	14	9	11	16	13	19	10	25	9	15	18	20	25	13	11	18	9	
0	8	0	13	5	10	9	14	11	15	5	12	11	15	9	10	7	13	9	17	6	21	5	14	14	19	21	5	7	15	8	
0	18	37	0	15	20	19	14	18	26	29	19	15	30	25	17	18	11	13	26	17	12	16	16	19	21	25	30	11	8	13	
0	10	27	20	0	5	4	13	10	24	19	14	7	19	13	9	10	16	12	18	9	24	8	14	17	19	24	23	10	18	8	
0	14	22	24	15	0	19	21	18	24	14	21	11	26	24	17	14	24	16	27	13	28	12	21	21	19	28	27	14	22	15	
0	6	23	16	7	1	0	9	6	20	15	10	3	18	15	5	6	12	8	15	5	20	4	10	13	15	20	19	6	14	4	
0	16	28	19	14	18	18	0	13	12	20	15	13	17	11	12	9	9	11	13	8	23	7	21	5	25	18	17	9	6	15	
0	17	22	22	17	17	16	3	0	15	14	17	16	15	9	15	3	12	14	9	11	26	10	21	8	26	21	17	12	9	15	
0	12	29	20	2	7	6	14	11	0	21	9	9	21	15	10	12	17	10	20	10	24	10	9	19	14	6	20	10	19	3	
0	3	8	18	4	9	8	15	12	10	0	18	11	20	17	11	8	18	10	21	7	22	6	18	15	23	16	13	8	16	12	
0	8	27	11	9	11	10	11	8	11	19	0	5	20	15	11	8	18	3	16	7	15	6	15	15	20	15	11	1	16	9	
0	3	22	13	4	9	8	10	7	17	14	10	0	15	16	6	3	13	5	16	2	17	1	10	10	15	17	16	3	11	4	
0	10	22	13	11	6	5	10	7	17	14	6	7	0	16	6	3	13	5	16	2	17	1	15	10	20	17	17	3	11	9	
0	16	28	19	17	12	11	16	13	23	20	12	13	6	0	12	9	19	11	22	8	23	7	21	16	26	23	23	9	17	15	
0	13	23	22	14	17	16	4	1	16	15	18	16	16	10	0	4	7	14	10	12	26	11	16	9	21	22	18	12	9	16	
0	14	19	24	15	20	19	24	21	21	11	28	18	31	28	22	0	14	16	29	18	28	17	28	26	33	27	24	14	11	22	
0	7	31	15	8	12	11	15	12	26	23	19	9	24	21	15	12	0	7	20	11	19	10	19	19	24	19	19	5	2	13	
0	22	27	27	22	19	18	8	5	20	19	22	21	20	14	20	8	17	0	14	16	31	15	26	13	31	12	22	17	14	20	
0	15	29	20	15	13	12	13	10	23	21	12	14	7	19	13	10	20	5	0	9	24	8	12	17	17	17	23	10	18	6	
0	23	35	26	14	19	18	23	20	30	27	19	20	13	27	19	16	23	16	22	0	30	14	28	23	33	28	30	16	24	22	
0	10	28	16	3	8	7	2	6	14	20	7	10	19	13	5	9	6	5	15	8	0	9	4	7	9	14	18	6	3	1	
0	9	21	12	10	15	14	9	6	16	13	16	6	14	15	5	2	12	4	15	1	16	0	16	9	21	16	21	2	10	10	
0	13	24	17	14	18	17	5	2	17	16	19	10	15	9	1	5	8	1	11	7	27	11	0	10	5	13	19	13	10	14	
0	11	23	14	9	13	13	11	8	7	15	10	8	12	7	7	4	4	6	17	3	18	2	16	0	20	13	12	4	1	10	
0	8	27	18	9	14	13	15	12	16	19	15	5	11	5	11	8	18	10	21	2	22	6	15	15	0	22	21	8	16	9	
0	12	29	22	13	7	6	15	12	26	21	16	9	24	20	11	12	13	14	21	11	26	10	16	19	21	0	25	12	15	10	
0	12	29	8	13	16	15	14	11	18	21	7	12	10	4	10	10	14	10	20	10	20	11	9	13	14	22	0	8	11	3	
0	7	26	10	8	13	12	10	7	21	18	14	4	19	16	10	7	17	2	15	6	14	5	14	14	19	14	20	0	15	8	
0	10	29	13	11	15	14	13	10	24	21	17	7	22	19	13	10	3	5	18	9	17	8	17	17	22	17	22	3	0	11	
0	9	30	17	10	15	14	11	8	17	22	6	11	20	15	7	11	14	7	17	7	21	12	6	16	11	19	17	7	16	0	
Tamanho_Tarefas
0	7	22	10	5	25	20	16	11	19	10	14	1	13	27	38	15	7	31	12	18	19	5	15	8	18	28	20	26	22	25	
Data_Entrega
0	225	207	222	228	210	223	211	217	197	188	224	186	175	185	179	180	226	179	205	197	213	200	207	163	186	218	164	184	205	205	
Penalidade_Atraso
0	15	3	17	13	16	11	3	4	13	5	11	13	11	2	18	3	6	15	20	9	8	19	20	4	14	13	2	7	11	15	
Capacidade_Veiculo
57	100	69	49	91	99	79	42	56	74	53	44	78	60	89	
Custo_Fixo_Veiculo
570	1000	690	490	910	990	790	420	560	740	530	440	780	600	890	
Coordenadas_Clientes
x	0	y	0
x	100	y	0
x	73	y	15
x	85	y	38
x	80	y	58
x	54	y	60
x	42	y	73
x	24	y	76
x	8	y	84
x	-12	y	115
x	-23	y	73
x	-49	y	84
x	-54	y	60
x	-68	y	49
x	-107	y	47
x	-95	y	20
x	-99	y	0
x	-86	y	-18
x	-73	y	-32
x	-82	y	-59
x	-73	y	-81
x	-48	y	-84
x	-27	y	-84
x	-9	y	-87
x	12	y	-120
x	23	y	-73
x	40	y	-70
x	77	y	-86
x	92	y	-67
x	106	y	-47
x	97	y	-20
Tempo_Viagem
0	100	74	93	98	80	84	79	84	115	76	97	80	83	116	97	99	87	79	101	109	96	88	87	120	76	80	115	113	115	99	
100	0	30	40	60	75	92	107	124	160	142	170	164	175	212	196	199	186	175	191	191	170	152	139	148	106	92	88	67	47	20	
74	30	0	25	43	48	65	78	94	130	112	140	134	145	182	168	172	161	153	171	174	156	140	130	148	101	91	101	84	70	42	
93	40	25	0	20	38	55	71	88	123	113	141	140	153	192	180	187	179	172	193	197	180	165	155	173	126	116	124	105	87	59	
98	60	43	20	0	26	40	58	75	108	104	131	134	148	187	179	188	182	177	199	206	191	177	170	190	142	134	144	125	107	79	
80	75	48	38	26	0	17	34	51	85	78	105	108	122	161	154	164	160	156	180	189	176	165	159	184	136	130	147	132	118	90	
84	92	65	55	40	17	0	18	35	68	65	91	96	112	150	146	158	157	155	181	192	180	171	167	195	147	143	162	148	135	107	
79	107	78	71	58	34	18	0	17	53	47	73	79	95	133	131	144	144	145	171	184	175	167	166	196	149	146	170	158	147	120	
84	124	94	88	75	51	35	17	0	36	32	57	65	82	119	121	136	138	141	168	183	177	171	171	204	157	157	183	172	163	136	
115	160	130	123	108	85	68	53	36	0	43	48	69	86	116	125	143	152	159	187	204	201	199	202	235	191	192	219	208	199	172	
76	142	112	113	104	78	65	47	32	43	0	28	33	50	87	89	105	110	116	144	161	158	157	160	196	152	156	187	181	176	151	
97	170	140	141	131	105	91	73	57	48	28	0	24	39	68	78	96	108	117	145	166	168	169	175	212	172	177	211	206	202	179	
80	164	134	140	134	108	96	79	65	69	33	24	0	17	54	56	74	84	93	121	142	144	146	153	191	153	160	195	193	192	170	
83	175	145	153	148	122	112	95	82	86	50	39	17	0	39	39	57	69	81	108	130	134	139	148	186	152	160	198	196	198	178	
116	212	182	192	187	161	150	133	119	116	87	68	54	39	0	29	47	68	85	108	131	142	153	166	205	176	187	227	229	231	214	
97	196	168	180	179	154	146	131	121	125	89	78	56	39	29	0	20	39	56	80	103	113	124	137	176	150	162	202	206	211	196	
99	199	172	187	188	164	158	144	136	143	105	96	74	57	47	20	0	22	41	61	84	98	110	125	163	142	155	195	202	210	197	
87	186	161	179	182	160	157	144	138	152	110	108	84	69	68	39	22	0	19	41	64	76	88	103	141	122	136	176	184	194	183	
79	175	153	172	177	156	155	145	141	159	116	117	93	81	85	56	41	19	0	28	49	57	69	84	122	104	119	159	168	179	170	
101	191	171	193	199	180	181	171	168	187	144	145	121	108	108	80	61	41	28	0	23	42	60	78	111	105	122	160	174	188	183	
109	191	174	197	206	189	192	184	183	204	161	166	142	130	131	103	84	64	49	23	0	25	46	64	93	96	113	150	165	182	180	
96	170	156	180	191	176	180	175	177	201	158	168	144	134	142	113	98	76	57	42	25	0	21	39	69	71	88	125	140	157	158	
88	152	140	165	177	165	171	167	171	199	157	169	146	139	153	124	110	88	69	60	46	21	0	18	53	51	68	104	120	137	139	
87	139	130	155	170	159	167	166	171	202	160	175	153	148	166	137	125	103	84	78	64	39	18	0	39	34	51	86	102	120	125	
120	148	148	173	190	184	195	196	204	235	196	212	191	186	205	176	163	141	122	111	93	69	53	39	0	48	57	73	95	119	131	
76	106	101	126	142	136	147	149	157	191	152	172	153	152	176	150	142	122	104	105	96	71	51	34	48	0	17	55	69	86	91	
80	92	91	116	134	130	143	146	157	192	156	177	160	160	187	162	155	136	119	122	113	88	68	51	57	17	0	40	52	69	75	
115	88	101	124	144	147	162	170	183	219	187	211	195	198	227	202	195	176	159	160	150	125	104	86	73	55	40	0	24	48	68	
113	67	84	105	125	132	148	158	172	208	181	206	193	196	229	206	202	184	168	174	165	140	120	102	95	69	52	24	0	24	47	
115	47	70	87	107	118	135	147	163	199	176	202	192	198	231	211	210	194	179	188	182	157	137	120	119	86	69	48	24	0	28	
99	20	42	59	79	90	107	120	136	172	151	179	170	178	214	196	197	183	170	183	180	158	139	125	131	91	75	68	47	28	0	
Custo_Viagem
V0
0	1140	843	1060	1117	912	957	900	957	1311	866	1105	912	946	1322	1105	1128	991	900	1151	1242	1094	1003	991	1368	866	912	1311	1288	1311	1128	
1140	0	342	456	695	855	1060	1219	1413	1824	1630	1949	1881	1995	2416	2234	2268	2120	1995	2177	2177	1938	1732	1584	1687	1208	1048	1014	763	535	228	
843	342	0	285	490	547	741	889	1071	1493	1276	1596	1527	1653	2074	1915	1960	1846	1744	1949	1983	1778	1596	1482	1687	1151	1037	1151	957	798	478	
1060	456	285	0	228	433	627	809	1014	1402	1288	1607	1596	1744	2188	2052	2131	2040	1960	2200	2245	2052	1881	1778	1983	1447	1333	1413	1197	991	672	
1117	695	490	228	0	296	456	661	866	1231	1185	1493	1527	1687	2131	2040	2143	2074	2017	2268	2348	2177	2017	1938	2166	1618	1527	1641	1425	1231	900	
912	855	547	433	296	0	193	387	581	969	889	1197	1231	1390	1835	1755	1869	1824	1778	2052	2154	2006	1881	1812	2097	1550	1482	1675	1504	1345	1026	
957	1060	741	627	456	193	0	205	399	775	741	1037	1094	1276	1721	1664	1801	1789	1767	2063	2188	2052	1949	1903	2223	1675	1630	1846	1687	1550	1231	
900	1219	889	809	661	387	205	0	193	604	535	832	900	1083	1527	1493	1641	1641	1653	1949	2097	1995	1903	1892	2234	1698	1664	1938	1801	1675	1368	
957	1413	1071	1014	866	581	399	193	0	410	364	649	752	946	1368	1379	1550	1573	1607	1915	2086	2017	1949	1949	2325	1789	1789	2086	1960	1858	1550	
1311	1824	1493	1402	1231	969	775	604	410	0	490	547	786	980	1322	1436	1641	1732	1812	2131	2337	2302	2268	2302	2690	2177	2188	2496	2382	2280	1972	
866	1630	1276	1288	1185	889	741	535	364	490	0	319	376	581	991	1014	1197	1254	1322	1641	1835	1801	1789	1824	2234	1744	1778	2131	2063	2006	1721	
1105	1949	1596	1607	1493	1197	1037	832	649	547	319	0	273	444	775	889	1105	1231	1345	1664	1892	1915	1926	1995	2416	1960	2017	2405	2348	2302	2040	
912	1881	1527	1596	1527	1231	1094	900	752	786	376	273	0	193	615	649	855	957	1060	1390	1618	1641	1664	1744	2177	1744	1824	2234	2200	2188	1938	
946	1995	1653	1744	1687	1390	1276	1083	946	980	581	444	193	0	444	444	649	786	923	1231	1482	1527	1584	1687	2120	1732	1824	2257	2245	2257	2029	
1322	2416	2074	2188	2131	1835	1721	1527	1368	1322	991	775	615	444	0	330	535	775	980	1231	1504	1630	1744	1892	2337	2006	2131	2587	2610	2644	2439	
1105	2234	1915	2052	2040	1755	1664	1493	1379	1436	1014	889	649	444	330	0	228	444	638	912	1174	1299	1413	1561	2006	1710	1846	2302	2348	2405	2234	
1128	2268	1960	2131	2143	1869	1801	1641	1550	1641	1197	1105	855	649	535	228	0	250	467	695	969	1117	1254	1425	1858	1618	1767	2223	2302	2394	2245	
991	2120	1846	2040	2074	1824	1789	1641	1573	1732	1254	1231	957	786	775	444	250	0	216	467	729	866	1003	1174	1607	1390	1550	2006	2097	2211	2086	
900	1995	1744	1960	2017	1778	1767	1653	1607	1812	1322	1345	1060	923	980	638	467	216	0	319	558	649	786	957	1390	1185	1356	1812	1915	2040	1938	
1151	2177	1949	2200	2268	2052	2063	1949	1915	2131	1641	1664	1390	1231	1231	912	695	467	319	0	262	478	684	889	1276	1197	1390	1835	1983	2143	2086	
1242	2177	1983	2245	2348	2154	2188	2097	2086	2337	1835	1892	1618	1482	1504	1174	969	729	558	262	0	285	524	729	1060	1094	1288	1710	1881	2074	2052	
1094	1938	1778	2052	2177	2006	2052	1995	2017	2302	1801	1915	1641	1527	1630	1299	1117	866	649	478	285	0	239	444	786	809	1014	1425	1607	1801	1801	
1003	1732	1596	1881	2017	1881	1949	1903	1949	2268	1789	1926	1664	1584	1744	1413	1254	1003	786	684	524	239	0	205	604	581	775	1185	1368	1573	1584	
991	1584	1482	1778	1938	1812	1903	1892	1949	2302	1824	1995	1744	1687	1892	1561	1425	1174	957	889	729	444	205	0	444	387	581	980	1162	1379	1425	
1368	1687	1687	1983	2166	2097	2223	2234	2325	2690	2234	2416	2177	2120	2337	2006	1858	1607	1390	1276	1060	786	604	444	0	547	649	832	1083	1356	1493	
866	1208	1151	1447	1618	1550	1675	1698	1789	2177	1744	1960	1744	1732	2006	1710	1618	1390	1185	1197	1094	809	581	387	547	0	193	627	786	980	1037	
912	1048	1037	1333	1527	1482	1630	1664	1789	2188	1778	2017	1824	1824	2131	1846	1767	1550	1356	1390	1288	1014	775	581	649	193	0	456	592	786	855	
1311	1014	1151	1413	1641	1675	1846	1938	2086	2496	2131	2405	2234	2257	2587	2302	2223	2006	1812	1835	1710	1425	1185	980	832	627	456	0	273	547	775	
1288	763	957	1197	1425	1504	1687	1801	1960	2382	2063	2348	2200	2245	2610	2348	2302	2097	1915	1983	1881	1607	1368	1162	1083	786	592	273	0	273	535	
1311	535	798	991	1231	1345	1550	1675	1858	2280	2006	2302	2188	2257	2644	2405	2394	2211	2040	2143	2074	1801	1573	1379	1356	980	786	547	273	0	319	
1128	228	478	672	900	1026	1231	1368	1550	1972	1721	2040	1938	2029	2439	2234	2245	2086	1938	2086	2052	1801	1584	1425	1493	1037	855	775	535	319	0	
V1
0	2000	1480	1860	1960	1600	1680	1580	1680	2300	1520	1940	1600	1660	2320	1940	1980	1740	1580	2020	2180	1920	1760	1740	2400	1520	1600	2300	2260	2300	1980	
2000	0	600	800	1220	1500	1860	2140	2480	3200	2860	3420	3300	3500	4240	3920	3980	3720	3500	3820	3820	3400	3040	2780	2960	2120	1840	1780	1340	940	400	
1480	600	0	500	860	960	1300	1560	1880	2620	2240	2800	2680	2900	3640	3360	3440	3240	3060	3420	3480	3120	2800	2600	2960	2020	1820	2020	1680	1400	840	
1860	800	500	0	400	760	1100	1420	1780	2460	2260	2820	2800	3060	3840	3600	3740	3580	3440	3860	3940	3600	3300	3120	3480	2540	2340	2480	2100	1740	1180	
1960	1220	860	400	0	520	800	1160	1520	2160	2080	2620	2680	2960	3740	3580	3760	3640	3540	3980	4120	3820	3540	3400	3800	2840	2680	2880	2500	2160	1580	
1600	1500	960	760	520	0	340	680	1020	1700	1560	2100	2160	2440	3220	3080	3280	3200	3120	3600	3780	3520	3300	3180	3680	2720	2600	2940	2640	2360	1800	
1680	1860	1300	1100	800	340	0	360	700	1360	1300	1820	1920	2240	3020	2920	3160	3140	3100	3620	3840	3600	3420	3340	3900	2940	2860	3240	2960	2720	2160	
1580	2140	1560	1420	1160	680	360	0	340	1060	940	1460	1580	1900	2680	2620	2880	2880	2900	3420	3680	3500	3340	3320	3920	2980	2920	3400	3160	2940	2400	
1680	2480	1880	1780	1520	1020	700	340	0	720	640	1140	1320	1660	2400	2420	2720	2760	2820	3360	3660	3540	3420	3420	4080	3140	3140	3660	3440	3260	2720	
2300	3200	2620	2460	2160	1700	1360	1060	720	0	860	960	1380	1720	2320	2520	2880	3040	3180	3740	4100	4040	3980	4040	4720	3820	3840	4380	4180	4000	3460	
1520	2860	2240	2260	2080	1560	1300	940	640	860	0	560	660	1020	1740	1780	2100	2200	2320	2880	3220	3160	3140	3200	3920	3060	3120	3740	3620	3520	3020	
1940	3420	2800	2820	2620	2100	1820	1460	1140	960	560	0	480	780	1360	1560	1940	2160	2360	2920	3320	3360	3380	3500	4240	3440	3540	4220	4120	4040	3580	
1600	3300	2680	2800	2680	2160	1920	1580	1320	1380	660	480	0	340	1080	1140	1500	1680	1860	2440	2840	2880	2920	3060	3820	3060	3200	3920	3860	3840	3400	
1660	3500	2900	3060	2960	2440	2240	1900	1660	1720	1020	780	340	0	780	780	1140	1380	1620	2160	2600	2680	2780	2960	3720	3040	3200	3960	3940	3960	3560	
2320	4240	3640	3840	3740	3220	3020	2680	2400	2320	1740	1360	1080	780	0	580	940	1360	1720	2160	2640	2860	3060	3320	4100	3520	3740	4540	4580	4640	4280	
1940	3920	3360	3600	3580	3080	2920	2620	2420	2520	1780	1560	1140	780	580	0	400	780	1120	1600	2060	2280	2480	2740	3520	3000	3240	4040	4120	4220	3920	
1980	3980	3440	3740	3760	3280	3160	2880	2720	2880	2100	1940	1500	1140	940	400	0	440	820	1220	1700	1960	2200	2500	3260	2840	3100	3900	4040	4200	3940	
1740	3720	3240	3580	3640	3200	3140	2880	2760	3040	2200	2160	1680	1380	1360	780	440	0	380	820	1280	1520	1760	2060	2820	2440	2720	3520	3680	3880	3660	
1580	3500	3060	3440	3540	3120	3100	2900	2820	3180	2320	2360	1860	1620	1720	1120	820	380	0	560	980	1140	1380	1680	2440	2080	2380	3180	3360	3580	3400	
2020	3820	3420	3860	3980	3600	3620	3420	3360	3740	2880	2920	2440	2160	2160	1600	1220	820	560	0	460	840	1200	1560	2240	2100	2440	3220	3480	3760	3660	
2180	3820	3480	3940	4120	3780	3840	3680	3660	4100	3220	3320	2840	2600	2640	2060	1700	1280	980	460	0	500	920	1280	1860	1920	2260	3000	3300	3640	3600	
1920	3400	3120	3600	3820	3520	3600	3500	3540	4040	3160	3360	2880	2680	2860	2280	1960	1520	1140	840	500	0	420	780	1380	1420	1780	2500	2820	3160	3160	
1760	3040	2800	3300	3540	3300	3420	3340	3420	3980	3140	3380	2920	2780	3060	2480	2200	1760	1380	1200	920	420	0	360	1060	1020	1360	2080	2400	2760	2780	
1740	2780	2600	3120	3400	3180	3340	3320	3420	4040	3200	3500	3060	2960	3320	2740	2500	2060	1680	1560	1280	780	360	0	780	680	1020	1720	2040	2420	2500	
2400	2960	2960	3480	3800	3680	3900	3920	4080	4720	3920	4240	3820	3720	4100	3520	3260	2820	2440	2240	1860	1380	1060	780	0	960	1140	1460	1900	2380	2620	
1520	2120	2020	2540	2840	2720	2940	2980	3140	3820	3060	3440	3060	3040	3520	3000	2840	2440	2080	2100	1920	1420	1020	680	960	0	340	1100	1380	1720	1820	
1600	1840	1820	2340	2680	2600	2860	2920	3140	3840	3120	3540	3200	3200	3740	3240	3100	2720	2380	2440	2260	1780	1360	1020	1140	340	0	800	1040	1380	1500	
2300	1780	2020	2480	2880	2940	3240	3400	3660	4380	3740	4220	3920	3960	4540	4040	3900	3520	3180	3220	3000	2500	2080	1720	1460	1100	800	0	480	960	1360	
2260	1340	1680	2100	2500	2640	2960	3160	3440	4180	3620	4120	3860	3940	4580	4120	4040	3680	3360	3480	3300	2820	2400	2040	1900	1380	1040	480	0	480	940	
2300	940	1400	1740	2160	2360	2720	2940	3260	4000	3520	4040	3840	3960	4640	4220	4200	3880	3580	3760	3640	3160	2760	2420	2380	1720	1380	960	480	0	560	
1980	400	840	1180	1580	1800	2160	2400	2720	3460	3020	3580	3400	3560	4280	3920	3940	3660	3400	3660	3600	3160	2780	2500	2620	1820	1500	1360	940	560	0	
V2
0	1380	1021	1283	1352	1104	1159	1090	1159	1587	1048	1338	1104	1145	1600	1338	1366	1200	1090	1393	1504	1324	1214	1200	1656	1048	1104	1587	1559	1587	1366	
1380	0	414	552	841	1035	1283	1476	1711	2208	1973	2359	2277	2415	2925	2704	2746	2566	2415	2635	2635	2346	2097	1918	2042	1462	1269	1228	924	648	276	
1021	414	0	345	593	662	897	1076	1297	1807	1545	1932	1849	2001	2511	2318	2373	2235	2111	2359	2401	2152	1932	1794	2042	1393	1255	1393	1159	966	579	
1283	552	345	0	276	524	759	979	1228	1697	1559	1945	1932	2111	2649	2484	2580	2470	2373	2663	2718	2484	2277	2152	2401	1752	1614	1711	1449	1200	814	
1352	841	593	276	0	358	552	800	1048	1490	1435	1807	1849	2042	2580	2470	2594	2511	2442	2746	2842	2635	2442	2346	2622	1959	1849	1987	1725	1490	1090	
1104	1035	662	524	358	0	234	469	703	1173	1076	1449	1490	1683	2221	2125	2263	2208	2152	2484	2608	2428	2277	2194	2539	1876	1794	2028	1821	1628	1242	
1159	1283	897	759	552	234	0	248	483	938	897	1255	1324	1545	2083	2014	2180	2166	2139	2497	2649	2484	2359	2304	2691	2028	1973	2235	2042	1876	1490	
1090	1476	1076	979	800	469	248	0	234	731	648	1007	1090	1311	1849	1807	1987	1987	2001	2359	2539	2415	2304	2290	2704	2056	2014	2346	2180	2028	1656	
1159	1711	1297	1228	1048	703	483	234	0	496	441	786	910	1145	1656	1669	1876	1904	1945	2318	2525	2442	2359	2359	2815	2166	2166	2525	2373	2249	1876	
1587	2208	1807	1697	1490	1173	938	731	496	0	593	662	952	1186	1600	1738	1987	2097	2194	2580	2829	2787	2746	2787	3256	2635	2649	3022	2884	2760	2387	
1048	1973	1545	1559	1435	1076	897	648	441	593	0	386	455	703	1200	1228	1449	1518	1600	1987	2221	2180	2166	2208	2704	2111	2152	2580	2497	2428	2083	
1338	2359	1932	1945	1807	1449	1255	1007	786	662	386	0	331	538	938	1076	1338	1490	1628	2014	2290	2318	2332	2415	2925	2373	2442	2911	2842	2787	2470	
1104	2277	1849	1932	1849	1490	1324	1090	910	952	455	331	0	234	745	786	1035	1159	1283	1683	1959	1987	2014	2111	2635	2111	2208	2704	2663	2649	2346	
1145	2415	2001	2111	2042	1683	1545	1311	1145	1186	703	538	234	0	538	538	786	952	1117	1490	1794	1849	1918	2042	2566	2097	2208	2732	2718	2732	2456	
1600	2925	2511	2649	2580	2221	2083	1849	1656	1600	1200	938	745	538	0	400	648	938	1186	1490	1821	1973	2111	2290	2829	2428	2580	3132	3160	3201	2953	
1338	2704	2318	2484	2470	2125	2014	1807	1669	1738	1228	1076	786	538	400	0	276	538	772	1104	1421	1573	1711	1890	2428	2070	2235	2787	2842	2911	2704	
1366	2746	2373	2580	2594	2263	2180	1987	1876	1987	1449	1338	1035	786	648	276	0	303	565	841	1173	1352	1518	1725	2249	1959	2139	2691	2787	2898	2718	
1200	2566	2235	2470	2511	2208	2166	1987	1904	2097	1518	1490	1159	952	938	538	303	0	262	565	883	1048	1214	1421	1945	1683	1876	2428	2539	2677	2525	
1090	2415	2111	2373	2442	2152	2139	2001	1945	2194	1600	1628	1283	1117	1186	772	565	262	0	386	676	786	952	1159	1683	1435	1642	2194	2318	2470	2346	
1393	2635	2359	2663	2746	2484	2497	2359	2318	2580	1987	2014	1683	1490	1490	1104	841	565	386	0	317	579	828	1076	1545	1449	1683	2221	2401	2594	2525	
1504	2635	2401	2718	2842	2608	2649	2539	2525	2829	2221	2290	1959	1794	1821	1421	1173	883	676	317	0	345	634	883	1283	1324	1559	2070	2277	2511	2484	
1324	2346	2152	2484	2635	2428	2484	2415	2442	2787	2180	2318	1987	1849	1973	1573	1352	1048	786	579	345	0	289	538	952	979	1228	1725	1945	2180	2180	
1214	2097	1932	2277	2442	2277	2359	2304	2359	2746	2166	2332	2014	1918	2111	1711	1518	1214	952	828	634	289	0	248	731	703	938	1435	1656	1904	1918	
1200	1918	1794	2152	2346	2194	2304	2290	2359	2787	2208	2415	2111	2042	2290	1890	1725	1421	1159	1076	883	538	248	0	538	469	703	1186	1407	1669	1725	
1656	2042	2042	2401	2622	2539	2691	2704	2815	3256	2704	2925	2635	2566	2829	2428	2249	1945	1683	1545	1283	952	731	538	0	662	786	1007	1311	1642	1807	
1048	1462	1393	1752	1959	1876	2028	2056	2166	2635	2111	2373	2111	2097	2428	2070	1959	1683	1435	1449	1324	979	703	469	662	0	234	759	952	1186	1255	
1104	1269	1255	1614	1849	1794	1973	2014	2166	2649	2152	2442	2208	2208	2580	2235	2139	1876	1642	1683	1559	1228	938	703	786	234	0	552	717	952	1035	
1587	1228	1393	1711	1987	2028	2235	2346	2525	3022	2580	2911	2704	2732	3132	2787	2691	2428	2194	2221	2070	1725	1435	1186	1007	759	552	0	331	662	938	
1559	924	1159	1449	1725	1821	2042	2180	2373	2884	2497	2842	2663	2718	3160	2842	2787	2539	2318	2401	2277	1945	1656	1407	1311	952	717	331	0	331	648	
1587	648	966	1200	1490	1628	1876	2028	2249	2760	2428	2787	2649	2732	3201	2911	2898	2677	2470	2594	2511	2180	1904	1669	1642	1186	952	662	331	0	386	
1366	276	579	814	1090	1242	1490	1656	1876	2387	2083	2470	2346	2456	2953	2704	2718	2525	2346	2525	2484	2180	1918	1725	1807	1255	1035	938	648	386	0	
V3
0	980	725	911	960	784	823	774	823	1127	744	950	784	813	1136	950	970	852	774	989	1068	940	862	852	1176	744	784	1127	1107	1127	970	
980	0	294	392	597	735	911	1048	1215	1568	1401	1675	1617	1715	2077	1920	1950	1822	1715	1871	1871	1666	1489	1362	1450	1038	901	872	656	460	196	
725	294	0	245	421	470	637	764	921	1283	1097	1372	1313	1421	1783	1646	1685	1587	1499	1675	1705	1528	1372	1274	1450	989	891	989	823	686	411	
911	392	245	0	196	372	539	695	872	1205	1107	1381	1372	1499	1881	1764	1832	1754	1685	1891	1930	1764	1617	1528	1705	1244	1146	1215	1029	852	578	
960	597	421	196	0	254	392	568	744	1058	1019	1283	1313	1450	1832	1754	1842	1783	1734	1950	2018	1871	1734	1666	1862	1391	1313	1411	1225	1058	774	
784	735	470	372	254	0	166	333	499	833	764	1029	1058	1195	1577	1509	1607	1568	1528	1764	1852	1724	1617	1558	1803	1332	1274	1440	1293	1156	882	
823	911	637	539	392	166	0	176	343	666	637	891	940	1097	1479	1430	1548	1538	1519	1773	1881	1764	1675	1636	1911	1440	1401	1587	1450	1332	1058	
774	1048	764	695	568	333	176	0	166	519	460	715	774	931	1313	1283	1411	1411	1421	1675	1803	1715	1636	1626	1920	1460	1430	1666	1548	1440	1176	
823	1215	921	872	744	499	343	166	0	352	313	558	646	813	1176	1185	1332	1352	1381	1646	1793	1734	1675	1675	1999	1538	1538	1793	1685	1597	1332	
1127	1568	1283	1205	1058	833	666	519	352	0	421	470	676	842	1136	1234	1411	1489	1558	1832	2009	1979	1950	1979	2312	1871	1881	2146	2048	1960	1695	
744	1401	1097	1107	1019	764	637	460	313	421	0	274	323	499	852	872	1029	1078	1136	1411	1577	1548	1538	1568	1920	1499	1528	1832	1773	1724	1479	
950	1675	1372	1381	1283	1029	891	715	558	470	274	0	235	382	666	764	950	1058	1156	1430	1626	1646	1656	1715	2077	1685	1734	2067	2018	1979	1754	
784	1617	1313	1372	1313	1058	940	774	646	676	323	235	0	166	529	558	735	823	911	1195	1391	1411	1430	1499	1871	1499	1568	1920	1891	1881	1666	
813	1715	1421	1499	1450	1195	1097	931	813	842	499	382	166	0	382	382	558	676	793	1058	1274	1313	1362	1450	1822	1489	1568	1940	1930	1940	1744	
1136	2077	1783	1881	1832	1577	1479	1313	1176	1136	852	666	529	382	0	284	460	666	842	1058	1293	1401	1499	1626	2009	1724	1832	2224	2244	2273	2097	
950	1920	1646	1764	1754	1509	1430	1283	1185	1234	872	764	558	382	284	0	196	382	548	784	1009	1117	1215	1342	1724	1470	1587	1979	2018	2067	1920	
970	1950	1685	1832	1842	1607	1548	1411	1332	1411	1029	950	735	558	460	196	0	215	401	597	833	960	1078	1225	1597	1391	1519	1911	1979	2058	1930	
852	1822	1587	1754	1783	1568	1538	1411	1352	1489	1078	1058	823	676	666	382	215	0	186	401	627	744	862	1009	1381	1195	1332	1724	1803	1901	1793	
774	1715	1499	1685	1734	1528	1519	1421	1381	1558	1136	1156	911	793	842	548	401	186	0	274	480	558	676	823	1195	1019	1166	1558	1646	1754	1666	
989	1871	1675	1891	1950	1764	1773	1675	1646	1832	1411	1430	1195	1058	1058	784	597	401	274	0	225	411	588	764	1097	1029	1195	1577	1705	1842	1793	
1068	1871	1705	1930	2018	1852	1881	1803	1793	2009	1577	1626	1391	1274	1293	1009	833	627	480	225	0	245	450	627	911	940	1107	1470	1617	1783	1764	
940	1666	1528	1764	1871	1724	1764	1715	1734	1979	1548	1646	1411	1313	1401	1117	960	744	558	411	245	0	205	382	676	695	872	1225	1381	1548	1548	
862	1489	1372	1617	1734	1617	1675	1636	1675	1950	1538	1656	1430	1362	1499	1215	1078	862	676	588	450	205	0	176	519	499	666	1019	1176	1352	1362	
852	1362	1274	1528	1666	1558	1636	1626	1675	1979	1568	1715	1499	1450	1626	1342	1225	1009	823	764	627	382	176	0	382	333	499	842	999	1185	1225	
1176	1450	1450	1705	1862	1803	1911	1920	1999	2312	1920	2077	1871	1822	2009	1724	1597	1381	1195	1097	911	676	519	382	0	470	558	715	931	1166	1283	
744	1038	989	1244	1391	1332	1440	1460	1538	1871	1499	1685	1499	1489	1724	1470	1391	1195	1019	1029	940	695	499	333	470	0	166	539	676	842	891	
784	901	891	1146	1313	1274	1401	1430	1538	1881	1528	1734	1568	1568	1832	1587	1519	1332	1166	1195	1107	872	666	499	558	166	0	392	509	676	735	
1127	872	989	1215	1411	1440	1587	1666	1793	2146	1832	2067	1920	1940	2224	1979	1911	1724	1558	1577	1470	1225	1019	842	715	539	392	0	235	470	666	
1107	656	823	1029	1225	1293	1450	1548	1685	2048	1773	2018	1891	1930	2244	2018	1979	1803	1646	1705	1617	1381	1176	999	931	676	509	235	0	235	460	
1127	460	686	852	1058	1156	1332	1440	1597	1960	1724	1979	1881	1940	2273	2067	2058	1901	1754	1842	1783	1548	1352	1185	1166	842	676	470	235	0	274	
970	196	411	578	774	882	1058	1176	1332	1695	1479	1754	1666	1744	2097	1920	1930	1793	1666	1793	1764	1548	1362	1225	1283	891	735	666	460	274	0	
V4
0	1820	1346	1692	1783	1456	1528	1437	1528	2093	1383	1765	1456	1510	2111	1765	1801	1583	1437	1838	1983	1747	1601	1583	2184	1383	1456	2093	2056	2093	1801	
1820	0	546	728	1110	1365	1692	1947	2256	2912	2602	3112	3003	3185	3858	3567	3621	3385	3185	3476	3476	3094	2766	2529	2693	1929	1674	1619	1219	855	364	
1346	546	0	455	782	873	1183	1419	1710	2384	2038	2548	2438	2639	3312	3057	3130	2948	2784	3112	3166	2839	2548	2366	2693	1838	1656	1838	1528	1274	764	
1692	728	455	0	364	691	1001	1292	1619	2238	2056	2566	2548	2784	3494	3276	3403	3257	3130	3512	3585	3276	3003	2839	3166	2311	2129	2256	1911	1583	1073	
1783	1110	782	364	0	473	728	1055	1383	1965	1892	2384	2438	2693	3403	3257	3421	3312	3221	3621	3749	3476	3221	3094	3458	2584	2438	2620	2275	1965	1437	
1456	1365	873	691	473	0	309	618	928	1547	1419	1911	1965	2220	2930	2802	2984	2912	2839	3276	3439	3203	3003	2893	3348	2475	2366	2675	2402	2147	1638	
1528	1692	1183	1001	728	309	0	327	637	1237	1183	1656	1747	2038	2748	2657	2875	2857	2821	3294	3494	3276	3112	3039	3549	2675	2602	2948	2693	2475	1965	
1437	1947	1419	1292	1055	618	327	0	309	964	855	1328	1437	1729	2438	2384	2620	2620	2639	3112	3348	3185	3039	3021	3567	2711	2657	3094	2875	2675	2184	
1528	2256	1710	1619	1383	928	637	309	0	655	582	1037	1201	1510	2184	2202	2475	2511	2566	3057	3330	3221	3112	3112	3712	2857	2857	3330	3130	2966	2475	
2093	2912	2384	2238	1965	1547	1237	964	655	0	782	873	1255	1565	2111	2293	2620	2766	2893	3403	3731	3676	3621	3676	4295	3476	3494	3985	3803	3640	3148	
1383	2602	2038	2056	1892	1419	1183	855	582	782	0	509	600	928	1583	1619	1911	2002	2111	2620	2930	2875	2857	2912	3567	2784	2839	3403	3294	3203	2748	
1765	3112	2548	2566	2384	1911	1656	1328	1037	873	509	0	436	709	1237	1419	1765	1965	2147	2657	3021	3057	3075	3185	3858	3130	3221	3840	3749	3676	3257	
1456	3003	2438	2548	2438	1965	1747	1437	1201	1255	600	436	0	309	982	1037	1365	1528	1692	2220	2584	2620	2657	2784	3476	2784	2912	3567	3512	3494	3094	
1510	3185	2639	2784	2693	2220	2038	1729	1510	1565	928	709	309	0	709	709	1037	1255	1474	1965	2366	2438	2529	2693	3385	2766	2912	3603	3585	3603	3239	
2111	3858	3312	3494	3403	2930	2748	2438	2184	2111	1583	1237	982	709	0	527	855	1237	1565	1965	2402	2602	2784	3021	3731	3203	3403	4131	4167	4222	3894	
1765	3567	3057	3276	3257	2802	2657	2384	2202	2293	1619	1419	1037	709	527	0	364	709	1019	1456	1874	2074	2256	2493	3203	2730	2948	3676	3749	3840	3567	
1801	3621	3130	3403	3421	2984	2875	2620	2475	2620	1911	1765	1365	1037	855	364	0	400	746	1110	1547	1783	2002	2275	2966	2584	2821	3549	3676	3822	3585	
1583	3385	2948	3257	3312	2912	2857	2620	2511	2766	2002	1965	1528	1255	1237	709	400	0	345	746	1164	1383	1601	1874	2566	2220	2475	3203	3348	3530	3330	
1437	3185	2784	3130	3221	2839	2821	2639	2566	2893	2111	2147	1692	1474	1565	1019	746	345	0	509	891	1037	1255	1528	2220	1892	2165	2893	3057	3257	3094	
1838	3476	3112	3512	3621	3276	3294	3112	3057	3403	2620	2657	2220	1965	1965	1456	1110	746	509	0	418	764	1092	1419	2038	1911	2220	2930	3166	3421	3330	
1983	3476	3166	3585	3749	3439	3494	3348	3330	3731	2930	3021	2584	2366	2402	1874	1547	1164	891	418	0	455	837	1164	1692	1747	2056	2730	3003	3312	3276	
1747	3094	2839	3276	3476	3203	3276	3185	3221	3676	2875	3057	2620	2438	2602	2074	1783	1383	1037	764	455	0	382	709	1255	1292	1619	2275	2566	2875	2875	
1601	2766	2548	3003	3221	3003	3112	3039	3112	3621	2857	3075	2657	2529	2784	2256	2002	1601	1255	1092	837	382	0	327	964	928	1237	1892	2184	2511	2529	
1583	2529	2366	2839	3094	2893	3039	3021	3112	3676	2912	3185	2784	2693	3021	2493	2275	1874	1528	1419	1164	709	327	0	709	618	928	1565	1856	2202	2275	
2184	2693	2693	3166	3458	3348	3549	3567	3712	4295	3567	3858	3476	3385	3731	3203	2966	2566	2220	2038	1692	1255	964	709	0	873	1037	1328	1729	2165	2384	
1383	1929	1838	2311	2584	2475	2675	2711	2857	3476	2784	3130	2784	2766	3203	2730	2584	2220	1892	1911	1747	1292	928	618	873	0	309	1001	1255	1565	1656	
1456	1674	1656	2129	2438	2366	2602	2657	2857	3494	2839	3221	2912	2912	3403	2948	2821	2475	2165	2220	2056	1619	1237	928	1037	309	0	728	946	1255	1365	
2093	1619	1838	2256	2620	2675	2948	3094	3330	3985	3403	3840	3567	3603	4131	3676	3549	3203	2893	2930	2730	2275	1892	1565	1328	1001	728	0	436	873	1237	
2056	1219	1528	1911	2275	2402	2693	2875	3130	3803	3294	3749	3512	3585	4167	3749	3676	3348	3057	3166	3003	2566	2184	1856	1729	1255	946	436	0	436	855	
2093	855	1274	1583	1965	2147	2475	2675	2966	3640	3203	3676	3494	3603	4222	3840	3822	3530	3257	3421	3312	2875	2511	2202	2165	1565	1255	873	436	0	509	
1801	364	764	1073	1437	1638	1965	2184	2475	3148	2748	3257	3094	3239	3894	3567	3585	3330	3094	3330	3276	2875	2529	2275	2384	1656	1365	1237	855	509	0	
V5
0	1980	1465	1841	1940	1584	1663	1564	1663	2277	1504	1920	1584	1643	2296	1920	1960	1722	1564	1999	2158	1900	1742	1722	2376	1504	1584	2277	2237	2277	1960	
1980	0	594	792	1207	1485	1841	2118	2455	3168	2831	3385	3267	3465	4197	3880	3940	3682	3465	3781	3781	3366	3009	2752	2930	2098	1821	1762	1326	930	396	
1465	594	0	495	851	950	1287	1544	1861	2593	2217	2772	2653	2871	3603	3326	3405	3207	3029	3385	3445	3088	2772	2574	2930	1999	1801	1999	1663	1386	831	
1841	792	495	0	396	752	1089	1405	1762	2435	2237	2791	2772	3029	3801	3564	3702	3544	3405	3821	3900	3564	3267	3088	3445	2514	2316	2455	2079	1722	1168	
1940	1207	851	396	0	514	792	1148	1504	2138	2059	2593	2653	2930	3702	3544	3722	3603	3504	3940	4078	3781	3504	3366	3762	2811	2653	2851	2475	2138	1564	
1584	1485	950	752	514	0	336	673	1009	1683	1544	2079	2138	2415	3187	3049	3247	3168	3088	3564	3742	3484	3267	3148	3643	2692	2574	2910	2613	2336	1782	
1663	1841	1287	1089	792	336	0	356	693	1346	1287	1801	1900	2217	2989	2890	3128	3108	3069	3583	3801	3564	3385	3306	3861	2910	2831	3207	2930	2692	2138	
1564	2118	1544	1405	1148	673	356	0	336	1049	930	1445	1564	1881	2653	2593	2851	2851	2871	3385	3643	3465	3306	3286	3880	2950	2890	3366	3128	2910	2376	
1663	2455	1861	1762	1504	1009	693	336	0	712	633	1128	1306	1643	2376	2395	2692	2732	2791	3326	3623	3504	3385	3385	4039	3108	3108	3623	3405	3227	2692	
