M: 4
N: 30
Nun_Veiculos: 14
Capacidade_Total: 1034
Demanda_Total: 535
Setup_Min: 1
Setup_Max: 99
Raio: 100
Circulos: 1
Tempo_Processamento_Min: 1
Tempo_Processamento_Max: 49
Demanda_Min: 10
Demanda_Max: 30
Priority_Factor: 0.2
Range_Factor_R: 0.8
U_factor: 2
ALpha: 0.2Replicao: 3
Tempos_Processamentos
0	0	1	0	2	0	3	0	
0	41	1	45	2	29	3	45	
0	20	1	45	2	14	3	8	
0	24	1	15	2	34	3	28	
0	14	1	31	2	2	3	1	
0	15	1	4	2	45	3	15	
0	37	1	47	2	36	3	6	
0	29	1	19	2	13	3	37	
0	14	1	48	2	1	3	8	
0	1	1	35	2	31	3	19	
0	24	1	6	2	46	3	23	
0	2	1	21	2	24	3	23	
0	32	1	13	2	24	3	36	
0	27	1	21	2	11	3	32	
0	28	1	43	2	13	3	7	
0	45	1	34	2	14	3	49	
0	29	1	40	2	5	3	37	
0	24	1	24	2	46	3	5	
0	45	1	15	2	16	3	5	
0	14	1	34	2	7	3	10	
0	34	1	44	2	11	3	12	
0	38	1	40	2	46	3	49	
0	25	1	6	2	15	3	14	
0	29	1	8	2	37	3	12	
0	4	1	18	2	36	3	14	
0	24	1	10	2	22	3	9	
0	34	1	31	2	11	3	26	
0	42	1	43	2	48	3	8	
0	10	1	4	2	17	3	19	
0	16	1	25	2	5	3	30	
0	20	1	37	2	44	3	31	

Tempos_setup
M0
0	0	0	0	0	0	0	0	0	0	0	0	0	0	0	0	0	0	0	0	0	0	0	0	0	0	0	0	0	0	0	
0	0	14	27	18	13	15	20	15	18	19	15	13	22	14	30	21	17	13	17	14	10	9	22	15	22	25	18	12	20	12	
0	14	0	13	12	22	1	14	15	4	13	17	25	9	23	27	11	21	12	9	4	18	23	14	6	14	20	20	26	17	6	
0	20	11	0	13	14	12	1	16	15	18	14	14	11	15	14	22	18	8	11	10	5	10	16	10	16	24	19	13	19	7	
0	21	11	24	0	15	12	20	17	15	21	17	15	18	16	23	22	9	9	13	11	6	11	18	11	18	13	20	14	12	8	
0	18	6	15	18	0	7	13	8	10	6	2	9	9	1	17	14	4	11	6	8	10	10	11	12	11	12	5	8	7	12	
0	18	10	12	11	26	0	13	19	3	20	16	24	8	27	26	10	20	20	13	8	17	22	18	16	18	24	19	25	16	5	
0	22	10	23	15	23	11	0	16	14	23	25	28	19	24	33	21	24	22	10	12	21	26	15	16	15	23	28	29	27	9	
0	25	13	14	20	7	12	5	0	6	13	9	16	8	8	17	6	11	18	13	15	17	17	18	19	18	16	12	15	14	14	
0	19	7	9	18	23	8	10	22	0	20	17	23	9	24	23	7	27	17	16	11	14	19	21	13	21	23	16	22	17	12	
0	27	15	16	22	9	14	7	2	8	0	11	18	10	10	19	8	13	20	15	17	19	19	20	21	20	18	14	17	16	16	
0	18	13	20	25	13	14	11	6	12	4	0	22	14	14	23	12	17	24	12	17	23	23	17	19	17	18	11	21	20	19	
0	19	5	18	16	17	6	19	18	9	18	19	0	14	18	32	16	21	8	12	9	22	27	17	11	17	25	22	3	22	11	
0	22	17	6	19	20	18	7	14	20	12	8	20	0	21	20	20	24	14	17	16	11	16	22	16	15	26	19	19	8	13	
0	20	6	14	18	13	7	13	8	10	6	15	13	8	0	16	14	17	13	5	10	10	9	10	12	10	11	4	12	16	12	
0	22	8	21	17	12	9	19	14	12	18	14	3	17	13	0	19	16	11	13	12	9	8	11	14	18	19	12	6	19	11	
0	24	11	8	17	22	6	9	16	9	14	10	20	2	23	22	0	26	16	10	14	13	18	15	17	15	16	9	21	10	11	
0	14	2	15	14	15	3	16	11	6	15	17	15	9	16	28	13	0	7	9	4	6	11	14	8	10	20	20	14	3	8	
0	26	19	24	8	17	15	15	10	16	18	14	23	18	18	27	16	17	0	4	19	14	19	9	19	9	21	22	22	20	16	
0	22	16	20	19	13	11	11	6	12	19	15	22	14	14	23	12	17	18	0	16	18	23	5	22	5	22	18	21	20	13	
0	10	17	19	18	18	7	16	11	10	24	20	23	15	19	28	17	21	23	5	0	20	19	10	23	10	16	23	22	23	12	
0	15	10	22	8	9	11	14	11	13	15	11	9	18	10	25	17	13	3	7	5	0	5	12	5	12	21	14	8	16	2	
0	15	5	18	9	4	6	11	6	9	10	6	4	13	5	21	12	8	4	8	5	1	0	13	6	13	16	9	3	11	3	
0	17	17	19	21	22	18	20	15	10	25	24	22	19	23	32	17	26	13	9	18	13	18	0	18	14	28	21	21	27	15	
0	20	20	22	9	23	17	19	18	18	16	12	21	16	24	32	14	18	17	15	10	14	19	20	0	20	22	23	22	21	7	
0	21	14	15	14	8	6	6	1	7	14	10	17	9	9	18	7	12	16	14	11	18	18	19	20	0	17	13	16	15	8	
0	28	14	20	25	26	15	21	20	12	18	14	9	14	27	34	12	30	17	21	18	17	22	26	20	24	0	21	12	17	19	
0	16	2	15	14	14	3	12	7	6	15	16	16	11	15	24	13	18	14	1	6	19	24	6	8	6	7	0	19	19	8	
0	16	2	15	13	14	3	16	15	6	15	16	1	11	15	29	13	18	5	9	6	19	24	14	8	14	22	19	0	19	8	
0	28	21	12	21	15	13	13	8	14	18	14	17	6	16	25	14	19	20	21	18	17	22	26	22	7	24	20	20	0	15	
0	13	17	20	6	21	10	12	14	11	27	23	19	18	22	29	18	15	15	8	3	12	17	13	17	13	19	26	20	18	0	
M1
0	0	0	0	0	0	0	0	0	0	0	0	0	0	0	0	0	0	0	0	0	0	0	0	0	0	0	0	0	0	0	
0	0	9	3	7	20	16	4	21	16	5	16	18	12	13	14	16	25	24	27	8	17	23	19	10	12	9	10	13	14	4	
0	15	0	6	12	11	13	7	19	13	1	12	14	12	12	13	15	16	21	26	13	20	14	10	6	8	5	13	17	12	9	
0	17	10	0	8	17	17	1	18	13	6	17	18	9	13	14	13	22	21	24	9	14	23	16	7	12	6	7	14	11	5	
0	11	9	14	0	17	16	15	14	11	10	13	11	7	6	7	9	22	22	23	1	16	19	16	15	17	14	5	13	9	15	
0	12	9	10	4	0	14	7	18	15	5	9	11	11	10	11	13	25	18	23	3	11	23	19	10	12	9	9	13	1	4	
0	23	20	21	18	29	0	14	26	12	16	25	23	22	18	19	21	34	25	35	19	27	31	28	10	15	19	20	24	21	15	
0	16	10	15	9	16	21	0	20	12	10	19	17	8	12	13	15	21	20	23	10	13	24	15	6	11	5	6	18	10	9	
0	18	11	1	9	18	18	2	0	14	7	18	19	10	14	15	14	23	22	25	10	15	24	17	8	13	7	8	15	12	6	
0	24	30	20	28	33	23	21	19	0	26	33	13	28	32	33	33	42	41	25	29	34	42	36	26	28	25	26	20	29	25	
0	14	13	5	11	22	19	6	19	12	0	11	13	14	11	12	14	27	20	25	12	19	24	21	5	7	4	12	16	16	8	
0	3	11	6	9	17	10	7	23	17	7	0	2	15	15	16	18	22	26	14	10	20	25	16	12	14	11	13	7	17	6	
0	22	21	22	19	26	28	11	29	15	17	28	0	19	21	22	24	32	31	12	20	24	34	26	17	15	16	17	25	21	16	
0	17	15	20	6	21	22	21	20	17	16	19	17	0	12	13	15	27	28	29	5	22	25	22	21	23	20	11	19	15	21	
0	5	13	8	12	11	17	9	8	11	10	7	5	7	0	1	3	16	17	17	12	10	13	10	15	17	14	9	14	10	9	
0	9	12	12	11	21	16	13	25	14	13	6	8	10	17	0	20	28	16	20	12	9	26	22	18	20	17	8	13	12	12	
0	11	14	6	12	8	16	7	5	8	12	8	10	12	11	2	0	13	18	22	11	11	10	7	13	18	12	10	15	9	11	
0	7	14	4	12	21	3	5	3	10	10	21	22	13	17	18	17	0	25	28	13	18	27	20	11	16	10	11	18	15	9	
0	11	14	14	9	5	18	12	23	17	10	8	10	16	15	16	18	30	0	22	8	16	28	24	15	17	14	14	15	6	9	
0	10	9	10	7	20	16	11	21	3	5	16	16	14	13	14	16	25	25	0	8	23	23	19	10	12	9	12	13	16	4	
0	12	10	15	1	18	17	16	15	12	11	14	12	8	7	8	10	23	23	24	0	17	20	17	16	18	15	6	14	10	16	
0	3	12	6	10	12	19	7	24	15	8	15	9	15	16	17	19	28	7	21	11	0	26	22	13	15	12	13	16	13	7	
0	10	4	10	4	15	9	11	18	15	5	16	15	11	10	11	13	20	25	27	5	20	0	14	10	12	9	9	6	13	13	
0	9	10	10	5	1	9	8	9	9	6	7	9	11	4	5	7	6	14	21	4	12	14	0	11	13	10	10	14	2	5	
0	13	10	11	8	19	17	4	16	16	6	15	13	12	8	9	11	24	15	25	9	17	21	18	0	13	9	10	14	11	5	
0	11	19	14	18	17	23	15	14	17	16	13	11	13	6	7	9	22	23	23	18	16	19	16	21	0	20	15	20	16	15	
0	12	9	10	7	18	16	5	15	17	5	14	12	13	7	8	10	23	16	24	8	17	20	17	1	12	0	11	13	12	4	
0	13	4	10	3	15	17	10	17	6	5	16	14	2	9	10	12	20	21	26	4	14	18	14	10	12	9	0	16	4	13	
0	4	13	7	11	23	3	8	20	15	9	13	15	16	12	13	15	28	21	27	12	19	25	22	6	11	5	14	0	17	8	
0	13	12	16	3	20	19	6	17	14	13	16	14	10	9	10	12	25	17	26	2	10	22	19	12	14	11	8	16	0	15	
0	13	5	6	3	16	12	7	17	13	1	12	14	10	9	10	12	21	21	26	4	19	19	15	6	8	5	8	9	12	0	
M2
0	0	0	0	0	0	0	0	0	0	0	0	0	0	0	0	0	0	0	0	0	0	0	0	0	0	0	0	0	0	0	
0	0	23	15	26	14	37	19	22	22	10	15	23	15	16	20	16	15	19	17	15	20	13	11	16	19	16	13	14	12	8	
0	20	0	14	22	10	31	13	15	16	6	7	16	12	14	5	13	23	11	13	11	18	8	7	8	17	14	6	5	8	12	
0	20	32	0	26	14	28	19	22	22	6	18	16	15	16	5	16	24	20	13	15	21	11	14	15	4	17	13	12	12	16	
0	38	23	21	0	17	38	20	22	23	20	16	23	15	21	25	16	15	20	25	18	21	16	14	17	24	17	16	17	15	19	
0	24	21	4	12	0	23	5	12	8	4	6	17	9	4	9	3	13	7	10	1	8	7	5	7	8	4	7	8	6	2	
0	25	18	9	17	5	0	6	8	9	7	3	9	1	1	11	2	10	6	11	6	7	4	4	4	10	3	6	5	5	7	
0	29	27	9	16	10	18	0	15	3	13	11	21	13	14	14	13	19	15	5	11	18	9	7	12	13	14	6	10	8	12	
0	18	28	12	20	8	26	9	0	12	4	11	14	13	12	3	5	21	9	11	9	10	9	7	12	2	6	9	10	8	10	
0	28	28	11	19	7	30	12	12	0	10	8	18	10	11	15	10	20	12	17	8	15	6	4	9	14	11	3	7	5	9	
0	32	29	12	20	8	31	13	16	16	0	12	19	11	12	17	11	21	15	7	9	16	7	8	11	16	12	7	8	6	10	
0	28	23	11	19	7	28	10	12	13	4	0	13	5	11	12	6	20	4	11	8	11	1	4	1	14	7	3	2	5	9	
0	20	28	10	24	12	31	13	22	16	10	15	0	15	16	15	9	25	13	17	7	14	13	11	16	14	10	13	14	12	8	
0	24	24	8	16	4	23	5	7	8	8	7	8	0	8	10	1	17	5	10	5	6	5	3	8	9	2	5	6	4	6	
0	28	17	11	19	7	24	6	14	9	6	2	15	7	0	14	8	9	6	11	8	6	3	4	3	15	3	5	4	5	7	
0	31	30	13	21	9	32	14	17	17	1	13	11	10	13	0	11	22	15	8	10	16	6	9	10	17	12	8	7	7	11	
0	23	23	7	15	3	22	4	13	7	7	6	16	8	7	12	0	16	4	9	4	5	4	2	7	11	1	4	5	3	5	
0	28	8	12	20	8	29	11	13	14	5	1	14	6	12	13	7	0	5	12	9	12	2	5	2	15	8	4	3	6	10	
0	28	19	12	20	8	27	9	13	12	11	9	19	11	12	16	5	21	0	14	9	10	7	5	10	15	6	4	8	6	10	
0	35	35	15	32	20	35	22	25	25	18	21	26	18	24	20	19	33	16	0	21	13	19	17	22	19	20	16	15	18	20	
0	23	25	3	17	5	24	6	15	9	3	8	16	8	9	8	2	18	6	10	0	7	6	4	9	7	3	6	7	5	1	
0	28	22	11	19	7	27	9	12	12	5	8	18	10	11	15	8	20	3	12	8	0	6	4	9	14	9	3	2	5	7	
0	27	27	10	18	6	27	9	11	12	4	7	12	4	10	14	5	19	9	11	7	10	0	3	4	13	6	2	1	4	8	
0	24	24	7	15	3	26	8	11	11	6	4	14	6	7	12	6	16	8	13	4	11	2	0	5	11	7	2	3	1	5	
0	34	34	17	25	13	35	17	21	20	12	14	22	16	17	11	16	26	18	13	14	21	12	10	0	21	17	12	13	11	15	
0	16	31	14	22	10	24	15	18	18	2	14	12	11	14	1	12	23	16	9	11	17	7	10	11	0	13	9	8	8	12	
0	25	22	8	16	4	21	3	12	6	6	5	15	7	8	13	7	17	3	8	5	4	3	1	6	12	0	3	4	2	4	
0	25	25	8	16	4	27	9	9	12	7	5	15	7	8	12	7	17	9	14	5	12	3	1	6	11	8	0	4	2	6	
0	26	26	9	17	5	26	8	10	11	3	6	16	8	9	13	8	18	10	10	6	13	4	2	7	12	9	1	0	3	7	
0	26	23	6	14	2	25	7	10	10	5	6	13	5	6	11	5	15	9	12	3	10	1	2	5	10	6	1	2	0	4	
0	27	25	10	18	6	29	11	14	14	2	7	15	7	8	15	8	17	11	9	7	13	5	3	8	14	9	5	6	4	0	
M3
0	0	0	0	0	0	0	0	0	0	0	0	0	0	0	0	0	0	0	0	0	0	0	0	0	0	0	0	0	0	0	
0	0	11	10	12	12	12	19	22	11	16	5	15	15	16	11	7	9	10	19	10	8	16	13	22	9	7	19	19	9	10	
0	12	0	15	9	14	12	13	12	7	11	17	11	14	15	16	19	14	13	16	6	4	15	2	11	14	12	17	17	14	17	
0	4	1	0	7	15	13	12	13	8	6	9	12	7	14	15	11	1	2	17	7	5	13	3	12	13	11	11	18	3	14	
0	3	11	10	0	15	15	21	22	14	10	8	13	15	7	11	10	9	10	22	10	8	6	13	22	9	7	17	13	9	12	
0	5	16	15	8	0	17	17	15	16	6	10	20	8	7	16	12	2	3	19	10	8	14	18	20	14	12	7	17	14	15	
0	8	19	18	11	20	0	18	16	19	9	13	11	9	5	19	15	14	15	20	13	11	4	21	21	10	15	15	11	17	13	
0	8	7	6	8	20	14	0	4	14	12	13	18	11	7	7	13	5	6	8	6	4	14	9	3	5	3	15	15	5	8	
0	5	7	15	8	17	17	17	0	14	18	10	18	8	3	12	9	14	3	4	13	11	14	9	18	14	12	12	21	14	15	
0	5	10	9	2	17	17	16	13	0	12	10	4	7	9	13	12	10	6	17	12	10	8	12	12	11	9	14	10	8	14	
0	5	11	10	2	17	17	21	15	16	0	10	15	15	9	11	12	9	10	19	4	2	8	13	16	9	7	15	15	9	12	
0	9	13	12	12	7	7	14	18	20	13	0	17	12	12	20	2	6	7	14	17	15	11	15	17	17	16	14	18	15	5	
0	24	21	20	27	35	33	32	20	28	26	29	0	27	23	32	10	21	22	24	22	25	33	23	19	24	30	31	34	23	27	
0	7	14	15	15	19	19	9	7	18	21	12	22	0	10	16	14	14	10	11	15	13	21	16	12	14	12	19	24	14	17	
0	3	14	13	15	15	15	22	25	14	19	8	18	18	0	14	10	12	13	22	13	11	19	16	25	12	10	22	22	12	13	
0	4	2	11	1	16	14	15	14	9	11	9	13	16	8	0	11	10	11	18	2	6	7	4	13	10	8	13	14	10	13	
0	14	11	10	17	25	23	22	23	18	16	19	15	17	24	25	0	11	12	27	17	15	23	13	22	23	21	21	28	13	24	
0	3	14	13	6	15	15	15	13	14	16	8	18	6	13	14	10	0	1	17	13	11	12	16	18	12	10	10	19	12	13	
0	2	13	12	5	14	14	14	12	13	15	7	17	5	12	13	9	11	0	16	12	10	11	15	17	11	9	9	18	11	12	
0	4	3	14	7	16	15	14	12	10	14	9	14	5	14	15	5	13	2	0	9	7	13	5	14	13	11	11	20	13	14	
0	14	13	12	14	26	25	23	23	20	18	19	24	17	18	13	21	11	12	27	0	10	20	15	24	11	9	11	21	11	14	
0	13	12	11	13	25	24	22	15	19	17	18	23	16	17	12	20	10	11	19	2	0	19	14	14	10	8	13	20	10	13	
0	4	15	14	7	16	16	23	17	15	5	9	7	17	1	15	11	13	14	21	9	7	0	17	21	13	11	11	7	13	14	
0	13	14	13	11	25	10	11	10	21	9	18	21	18	13	14	19	12	13	14	4	2	14	0	9	12	10	15	21	12	15	
0	6	8	14	9	18	18	17	1	15	19	11	19	9	4	13	10	9	4	5	11	9	14	10	0	5	11	13	15	13	8	
0	6	10	9	10	18	18	12	16	17	14	11	16	10	10	9	13	4	5	20	9	7	9	12	15	0	6	14	10	8	3	
0	5	4	3	5	17	16	14	15	11	9	10	15	8	9	4	12	2	3	19	3	1	11	6	15	2	0	12	12	2	5	
0	13	19	21	20	25	25	15	12	24	22	18	18	6	15	22	20	20	15	16	21	19	20	21	18	20	18	0	10	20	19	
0	15	16	15	18	19	19	26	10	23	21	12	8	18	13	17	10	16	13	14	19	20	23	18	27	24	22	22	0	14	17	
0	5	2	1	8	16	14	13	14	9	7	10	13	8	15	16	12	2	3	18	8	6	14	4	13	14	12	12	19	0	15	
0	4	8	14	7	16	16	9	13	15	11	9	13	7	7	15	11	1	2	17	14	12	6	10	12	13	11	11	13	13	0	
Tamanho_Tarefas
0	35	20	19	8	10	29	13	8	16	16	16	26	21	19	32	19	8	13	10	21	39	9	19	18	14	13	14	9	8	33	
Data_Entrega
0	194	196	203	202	202	171	219	179	196	179	191	220	176	175	206	210	175	222	205	219	174	215	185	193	219	223	217	185	193	180	
Penalidade_Atraso
0	1	11	13	14	4	15	19	1	19	19	11	20	3	9	12	4	7	4	15	6	10	18	5	4	15	4	19	20	20	5	
Capacidade_Veiculo
75	49	79	44	78	116	96	108	42	93	100	56	52	46	
Custo_Fixo_Veiculo
750	490	790	440	780	1160	960	1080	420	930	1000	560	520	460	
Coordenadas_Clientes
x	0	y	0
x	116	y	0
x	104	y	22
x	106	y	47
x	98	y	71
x	70	y	78
x	53	y	92
x	37	y	115
x	10	y	102
x	-11	y	113
x	-27	y	84
x	-49	y	85
x	-59	y	66
x	-65	y	47
x	-90	y	40
x	-105	y	22
x	-111	y	0
x	-89	y	-18
x	-112	y	-50
x	-82	y	-59
x	-83	y	-92
x	-58	y	-101
x	-36	y	-112
x	-10	y	-103
x	11	y	-109
x	23	y	-72
x	52	y	-90
x	50	y	-55
x	101	y	-73
x	84	y	-37
x	102	y	-21
Tempo_Viagem
0	116	106	115	121	104	106	120	102	113	88	98	88	80	98	107	111	90	122	101	123	116	117	103	109	75	103	74	124	91	104	
116	0	25	48	73	90	111	139	147	169	165	185	187	187	209	222	227	205	233	206	219	201	187	161	150	116	109	85	74	48	25	
106	25	0	25	49	65	86	114	123	146	144	165	168	170	194	209	216	196	227	202	219	203	193	169	160	124	123	94	95	62	43	
115	48	25	0	25	47	69	96	110	133	138	159	166	171	196	212	222	205	237	215	234	220	213	189	182	145	147	116	120	86	68	
121	73	49	25	0	28	49	75	92	115	125	147	157	164	189	208	220	207	242	222	243	232	226	204	199	161	167	134	144	108	92	
104	90	65	47	28	0	22	49	64	87	97	119	129	138	163	183	197	185	222	204	227	220	217	197	195	157	168	134	154	115	104	
106	111	86	69	49	22	0	28	44	67	80	102	114	126	151	172	188	179	217	202	228	222	222	204	204	166	182	147	171	132	123	
120	139	114	96	75	49	28	0	29	48	70	90	106	122	146	169	187	183	222	210	239	235	237	223	225	187	205	170	198	159	150	
102	147	123	110	92	64	44	29	0	23	41	61	77	93	117	140	158	155	194	185	215	214	218	205	211	174	196	162	196	157	153	
113	169	146	133	115	87	67	48	23	0	33	47	67	85	107	130	150	152	191	186	217	219	226	216	222	188	212	178	216	177	175	
88	165	144	138	125	97	80	70	41	33	0	22	36	53	76	99	118	119	158	153	184	187	196	187	196	163	191	158	202	164	166	
98	185	165	159	147	119	102	90	61	47	22	0	21	40	60	83	105	109	147	147	180	186	197	192	203	172	201	171	217	180	184	
88	187	168	166	157	129	114	106	77	67	36	21	0	19	40	63	84	88	126	126	159	167	179	175	188	160	191	162	211	176	183	
80	187	170	171	164	138	126	122	93	85	53	40	19	0	25	47	65	69	107	107	140	148	161	159	173	148	180	153	204	171	180	
98	209	194	196	189	163	151	146	117	107	76	60	40	25	0	23	45	58	92	99	132	144	161	163	180	159	192	169	221	189	201	
107	222	209	212	208	183	172	169	140	130	99	83	63	47	23	0	22	43	72	84	116	131	150	157	174	158	192	173	226	197	211	
111	227	216	222	220	197	188	187	158	150	118	105	84	65	45	22	0	28	50	65	96	113	134	144	163	152	186	170	224	198	214	
90	205	196	205	207	185	179	183	155	152	119	109	88	69	58	43	28	0	39	41	74	88	107	116	135	124	158	143	197	174	191	
122	233	227	237	242	222	217	222	194	191	158	147	126	107	92	72	50	39	0	31	51	74	98	114	135	136	168	162	214	196	215	
101	206	202	215	222	204	202	210	185	186	153	147	126	107	99	84	65	41	31	0	33	48	70	84	105	105	137	132	183	167	187	
123	219	219	234	243	227	228	239	215	217	184	180	159	140	132	116	96	74	51	33	0	26	50	73	94	107	135	138	184	175	198	
116	201	203	220	232	220	222	235	214	219	187	186	167	148	144	131	113	88	74	48	26	0	24	48	69	86	110	117	161	155	178	
117	187	193	213	226	217	222	237	218	226	196	197	179	161	161	150	134	107	98	70	50	24	0	27	47	71	90	102	141	140	164	
103	161	169	189	204	197	204	223	205	216	187	192	175	159	163	157	144	116	114	84	73	48	27	0	21	45	63	76	114	114	138	
109	150	160	182	199	195	204	225	211	222	196	203	188	173	180	174	163	135	135	105	94	69	47	21	0	38	45	66	96	102	126	
75	116	124	145	161	157	166	187	174	188	163	172	160	148	159	158	152	124	136	105	107	86	71	45	38	0	34	31	78	69	93	
103	109	123	147	167	168	182	205	196	212	191	201	191	180	192	192	186	158	168	137	135	110	90	63	45	34	0	35	51	61	85	
74	85	94	116	134	134	147	170	162	178	158	171	162	153	169	173	170	143	162	132	138	117	102	76	66	31	35	0	54	38	62	
124	74	95	120	144	154	171	198	196	216	202	217	211	204	221	226	224	197	214	183	184	161	141	114	96	78	51	54	0	39	52	
91	48	62	86	108	115	132	159	157	177	164	180	176	171	189	197	198	174	196	167	175	155	140	114	102	69	61	38	39	0	24	
104	25	43	68	92	104	123	150	153	175	166	184	183	180	201	211	214	191	215	187	198	178	164	138	126	93	85	62	52	24	0	
Custo_Viagem
V0
0	1740	1590	1725	1815	1560	1590	1800	1530	1695	1320	1470	1320	1200	1470	1605	1665	1350	1830	1515	1845	1740	1755	1545	1635	1125	1545	1110	1860	1365	1560	
1740	0	375	720	1095	1350	1665	2085	2205	2535	2475	2775	2805	2805	3135	3330	3405	3075	3495	3090	3285	3015	2820	2430	2265	1755	1650	1275	1110	720	375	
1590	375	0	375	735	975	1290	1710	1845	2190	2160	2475	2520	2550	2910	3135	3240	2955	3405	3030	3285	3045	2895	2535	2400	1860	1845	1410	1425	930	645	
1725	720	375	0	375	705	1035	1440	1650	2010	2070	2385	2490	2565	2940	3180	3330	3075	3570	3225	3510	3300	3195	2835	2730	2175	2205	1740	1800	1290	1020	
1815	1095	735	375	0	420	735	1125	1395	1740	1875	2205	2355	2460	2850	3120	3300	3105	3630	3330	3645	3480	3390	3060	2985	2415	2505	2010	2160	1620	1380	
1560	1350	975	705	420	0	330	735	960	1320	1455	1785	1935	2070	2460	2745	2955	2775	3330	3060	3420	3300	3255	2955	2940	2355	2520	2010	2310	1725	1560	
1590	1665	1290	1035	735	330	0	420	660	1005	1200	1530	1710	1890	2280	2580	2820	2685	3255	3030	3420	3330	3330	3060	3075	2490	2730	2205	2565	1980	1845	
1800	2085	1710	1440	1125	735	420	0	435	720	1065	1365	1605	1830	2205	2535	2805	2745	3330	3150	3585	3525	3570	3345	3375	2805	3075	2550	2970	2385	2250	
1530	2205	1845	1650	1395	960	660	435	0	345	615	915	1155	1395	1755	2100	2370	2325	2910	2775	3225	3210	3270	3075	3165	2610	2940	2430	2955	2355	2295	
1695	2535	2190	2010	1740	1320	1005	720	345	0	495	705	1005	1275	1605	1950	2250	2280	2865	2790	3255	3285	3390	3240	3345	2820	3180	2670	3255	2655	2625	
1320	2475	2160	2070	1875	1455	1200	1065	615	495	0	330	540	795	1140	1485	1770	1785	2370	2295	2760	2805	2940	2805	2940	2445	2865	2370	3030	2460	2490	
1470	2775	2475	2385	2205	1785	1530	1365	915	705	330	0	315	615	900	1260	1575	1650	2220	2205	2700	2790	2955	2880	3045	2580	3030	2565	3255	2700	2760	
1320	2805	2520	2490	2355	1935	1710	1605	1155	1005	540	315	0	285	600	945	1260	1335	1905	1905	2385	2505	2685	2625	2820	2400	2865	2430	3165	2640	2745	
1200	2805	2550	2565	2460	2070	1890	1830	1395	1275	795	615	285	0	375	705	975	1035	1605	1605	2100	2220	2415	2385	2595	2220	2700	2295	3060	2565	2700	
1470	3135	2910	2940	2850	2460	2280	2205	1755	1605	1140	900	600	375	0	345	675	870	1380	1485	1980	2160	2415	2445	2700	2385	2880	2535	3315	2850	3015	
1605	3330	3135	3180	3120	2745	2580	2535	2100	1950	1485	1260	945	705	345	0	330	645	1080	1260	1740	1965	2250	2355	2610	2370	2880	2595	3390	2955	3165	
1665	3405	3240	3330	3300	2955	2820	2805	2370	2250	1770	1575	1260	975	675	330	0	420	750	975	1440	1710	2010	2160	2445	2280	2790	2550	3360	2970	3210	
1350	3075	2955	3075	3105	2775	2685	2745	2325	2280	1785	1650	1335	1035	870	645	420	0	585	615	1110	1320	1605	1740	2025	1860	2370	2145	2955	2610	2865	
1830	3495	3405	3570	3630	3330	3255	3330	2910	2865	2370	2220	1905	1605	1380	1080	750	585	0	465	765	1110	1470	1710	2040	2040	2520	2430	3210	2940	3225	
1515	3090	3030	3225	3330	3060	3030	3150	2775	2790	2295	2205	1905	1605	1485	1260	975	615	465	0	495	720	1050	1260	1575	1575	2055	1980	2745	2505	2805	
1845	3285	3285	3510	3645	3420	3420	3585	3225	3255	2760	2700	2385	2100	1980	1740	1440	1110	765	495	0	390	765	1095	1425	1605	2025	2070	2760	2625	2970	
1740	3015	3045	3300	3480	3300	3330	3525	3210	3285	2805	2790	2505	2220	2160	1965	1710	1320	1110	720	390	0	360	720	1035	1290	1650	1755	2415	2325	2670	
1755	2820	2895	3195	3390	3255	3330	3570	3270	3390	2940	2955	2685	2415	2415	2250	2010	1605	1470	1050	765	360	0	405	705	1065	1350	1545	2130	2115	2475	
1545	2430	2535	2835	3060	2955	3060	3345	3075	3240	2805	2880	2625	2385	2445	2355	2160	1740	1710	1260	1095	720	405	0	315	675	945	1140	1710	1710	2070	
1635	2265	2400	2730	2985	2940	3075	3375	3165	3345	2940	3045	2820	2595	2700	2610	2445	2025	2040	1575	1425	1035	705	315	0	570	675	990	1440	1530	1890	
1125	1755	1860	2175	2415	2355	2490	2805	2610	2820	2445	2580	2400	2220	2385	2370	2280	1860	2040	1575	1605	1290	1065	675	570	0	510	465	1170	1050	1410	
1545	1650	1845	2205	2505	2520	2730	3075	2940	3180	2865	3030	2865	2700	2880	2880	2790	2370	2520	2055	2025	1650	1350	945	675	510	0	525	765	915	1275	
1110	1275	1410	1740	2010	2010	2205	2550	2430	2670	2370	2565	2430	2295	2535	2595	2550	2145	2430	1980	2070	1755	1545	1140	990	465	525	0	810	570	930	
1860	1110	1425	1800	2160	2310	2565	2970	2955	3255	3030	3255	3165	3060	3315	3390	3360	2955	3210	2745	2760	2415	2130	1710	1440	1170	765	810	0	585	780	
1365	720	930	1290	1620	1725	1980	2385	2355	2655	2460	2700	2640	2565	2850	2955	2970	2610	2940	2505	2625	2325	2115	1710	1530	1050	915	570	585	0	360	
1560	375	645	1020	1380	1560	1845	2250	2295	2625	2490	2760	2745	2700	3015	3165	3210	2865	3225	2805	2970	2670	2475	2070	1890	1410	1275	930	780	360	0	
V1
0	1136	1038	1127	1185	1019	1038	1176	999	1107	862	960	862	784	960	1048	1087	882	1195	989	1205	1136	1146	1009	1068	735	1009	725	1215	891	1019	
1136	0	245	470	715	882	1087	1362	1440	1656	1617	1813	1832	1832	2048	2175	2224	2009	2283	2018	2146	1969	1842	1587	1479	1146	1078	833	725	470	245	
1038	245	0	245	480	637	842	1117	1205	1430	1411	1617	1646	1666	1901	2048	2116	1930	2224	1979	2146	1989	1891	1656	1568	1215	1205	921	931	607	421	
1127	470	245	0	245	460	676	940	1078	1313	1352	1558	1626	1675	1920	2077	2175	2009	2332	2107	2293	2156	2087	1852	1783	1421	1440	1136	1176	842	666	
1185	715	480	245	0	274	480	735	911	1136	1225	1440	1538	1607	1862	2038	2156	2028	2371	2175	2381	2273	2214	1999	1950	1577	1636	1313	1411	1058	901	
1019	882	637	460	274	0	215	480	627	862	950	1166	1264	1352	1607	1793	1930	1813	2175	1999	2234	2156	2126	1930	1920	1538	1646	1313	1509	1127	1019	
1038	1087	842	676	480	215	0	274	431	656	784	999	1117	1234	1489	1685	1842	1754	2126	1979	2234	2175	2175	1999	2009	1626	1783	1440	1675	1293	1205	
1176	1362	1117	940	735	480	274	0	284	470	695	891	1048	1195	1440	1656	1832	1793	2175	2058	2342	2303	2332	2185	2205	1832	2009	1666	1940	1558	1470	
999	1440	1205	1078	911	627	431	284	0	225	401	597	754	911	1146	1372	1548	1519	1901	1813	2107	2097	2136	2009	2067	1705	1920	1587	1930	1538	1499	
1107	1656	1430	1313	1136	862	656	470	225	0	323	460	656	833	1048	1274	1470	1489	1871	1822	2126	2146	2214	2116	2185	1842	2077	1744	2126	1734	1715	
862	1617	1411	1352	1225	950	784	695	401	323	0	215	352	519	744	970	1156	1166	1548	1499	1803	1832	1920	1832	1920	1597	1871	1548	1979	1607	1626	
960	1813	1617	1558	1440	1166	999	891	597	460	215	0	205	401	588	823	1029	1078	1450	1440	1764	1822	1930	1881	1989	1685	1979	1675	2126	1764	1803	
862	1832	1646	1626	1538	1264	1117	1048	754	656	352	205	0	186	392	617	823	872	1244	1244	1558	1636	1754	1715	1842	1568	1871	1587	2067	1724	1793	
784	1832	1666	1675	1607	1352	1234	1195	911	833	519	401	186	0	245	460	637	676	1048	1048	1372	1450	1577	1558	1695	1450	1764	1499	1999	1675	1764	
960	2048	1901	1920	1862	1607	1489	1440	1146	1048	744	588	392	245	0	225	441	568	901	970	1293	1411	1577	1597	1764	1558	1881	1656	2165	1862	1969	
1048	2175	2048	2077	2038	1793	1685	1656	1372	1274	970	823	617	460	225	0	215	421	705	823	1136	1283	1470	1538	1705	1548	1881	1695	2214	1930	2067	
1087	2224	2116	2175	2156	1930	1842	1832	1548	1470	1156	1029	823	637	441	215	0	274	490	637	940	1117	1313	1411	1597	1489	1822	1666	2195	1940	2097	
882	2009	1930	2009	2028	1813	1754	1793	1519	1489	1166	1078	872	676	568	421	274	0	382	401	725	862	1048	1136	1323	1215	1548	1401	1930	1705	1871	
1195	2283	2224	2332	2371	2175	2126	2175	1901	1871	1548	1450	1244	1048	901	705	490	382	0	303	499	725	960	1117	1332	1332	1646	1587	2097	1920	2107	
989	2018	1979	2107	2175	1999	1979	2058	1813	1822	1499	1440	1244	1048	970	823	637	401	303	0	323	470	686	823	1029	1029	1342	1293	1793	1636	1832	
1205	2146	2146	2293	2381	2234	2234	2342	2107	2126	1803	1764	1558	1372	1293	1136	940	725	499	323	0	254	499	715	931	1048	1323	1352	1803	1715	1940	
1136	1969	1989	2156	2273	2156	2175	2303	2097	2146	1832	1822	1636	1450	1411	1283	1117	862	725	470	254	0	235	470	676	842	1078	1146	1577	1519	1744	
1146	1842	1891	2087	2214	2126	2175	2332	2136	2214	1920	1930	1754	1577	1577	1470	1313	1048	960	686	499	235	0	264	460	695	882	1009	1391	1381	1617	
1009	1587	1656	1852	1999	1930	1999	2185	2009	2116	1832	1881	1715	1558	1597	1538	1411	1136	1117	823	715	470	264	0	205	441	617	744	1117	1117	1352	
1068	1479	1568	1783	1950	1920	2009	2205	2067	2185	1920	1989	1842	1695	1764	1705	1597	1323	1332	1029	931	676	460	205	0	372	441	646	940	999	1234	
735	1146	1215	1421	1577	1538	1626	1832	1705	1842	1597	1685	1568	1450	1558	1548	1489	1215	1332	1029	1048	842	695	441	372	0	333	303	764	686	921	
1009	1078	1205	1440	1636	1646	1783	2009	1920	2077	1871	1979	1871	1764	1881	1881	1822	1548	1646	1342	1323	1078	882	617	441	333	0	343	499	597	833	
725	833	921	1136	1313	1313	1440	1666	1587	1744	1548	1675	1587	1499	1656	1695	1666	1401	1587	1293	1352	1146	1009	744	646	303	343	0	529	372	607	
1215	725	931	1176	1411	1509	1675	1940	1930	2126	1979	2126	2067	1999	2165	2214	2195	1930	2097	1793	1803	1577	1391	1117	940	764	499	529	0	382	509	
891	470	607	842	1058	1127	1293	1558	1538	1734	1607	1764	1724	1675	1862	1930	1940	1705	1920	1636	1715	1519	1381	1117	999	686	597	372	382	0	235	
1019	245	421	666	901	1019	1205	1470	1499	1715	1626	1803	1793	1764	1969	2067	2097	1871	2107	1832	1940	1744	1617	1352	1234	921	833	607	509	235	0	
V2
0	1832	1674	1817	1911	1643	1674	1896	1611	1785	1390	1548	1390	1264	1548	1690	1753	1422	1927	1595	1943	1832	1848	1627	1722	1185	1627	1169	1959	1437	1643	
1832	0	395	758	1153	1422	1753	2196	2322	2670	2607	2923	2954	2954	3302	3507	3586	3239	3681	3254	3460	3175	2970	2559	2385	1848	1738	1343	1169	758	395	
1674	395	0	395	774	1027	1358	1801	1943	2306	2275	2607	2654	2686	3065	3302	3412	3112	3586	3191	3460	3207	3049	2670	2528	1959	1943	1485	1501	979	679	
1817	758	395	0	395	742	1090	1516	1738	2117	2180	2512	2622	2701	3096	3349	3507	3239	3760	3397	3697	3476	3365	2986	2875	2291	2322	1832	1896	1358	1074	
1911	1153	774	395	0	442	774	1185	1469	1832	1975	2322	2480	2591	3002	3286	3476	3270	3823	3507	3839	3665	3570	3223	3144	2543	2638	2117	2275	1706	1453	
1643	1422	1027	742	442	0	347	774	1011	1390	1532	1880	2038	2180	2591	2891	3112	2923	3507	3223	3602	3476	3428	3112	3096	2480	2654	2117	2433	1817	1643	
1674	1753	1358	1090	774	347	0	442	695	1058	1264	1611	1801	1990	2401	2717	2970	2828	3428	3191	3602	3507	3507	3223	3239	2622	2875	2322	2701	2085	1943	
1896	2196	1801	1516	1185	774	442	0	458	758	1121	1437	1690	1927	2322	2670	2954	2891	3507	3318	3776	3713	3760	3523	3555	2954	3239	2686	3128	2512	2370	
1611	2322	1943	1738	1469	1011	695	458	0	363	647	963	1216	1469	1848	2212	2496	2449	3065	2923	3397	3381	3444	3239	3333	2749	3096	2559	3112	2480	2417	
1785	2670	2306	2117	1832	1390	1058	758	363	0	521	742	1058	1343	1690	2054	2370	2401	3017	2938	3428	3460	3570	3412	3523	2970	3349	2812	3428	2796	2765	
1390	2607	2275	2180	1975	1532	1264	1121	647	521	0	347	568	837	1200	1564	1864	1880	2496	2417	2907	2954	3096	2954	3096	2575	3017	2496	3191	2591	2622	
1548	2923	2607	2512	2322	1880	1611	1437	963	742	347	0	331	647	948	1327	1659	1738	2338	2322	2844	2938	3112	3033	3207	2717	3191	2701	3428	2844	2907	
1390	2954	2654	2622	2480	2038	1801	1690	1216	1058	568	331	0	300	632	995	1327	1406	2006	2006	2512	2638	2828	2765	2970	2528	3017	2559	3333	2780	2891	
1264	2954	2686	2701	2591	2180	1990	1927	1469	1343	837	647	300	0	395	742	1027	1090	1690	1690	2212	2338	2543	2512	2733	2338	2844	2417	3223	2701	2844	
1548	3302	3065	3096	3002	2591	2401	2322	1848	1690	1200	948	632	395	0	363	711	916	1453	1564	2085	2275	2543	2575	2844	2512	3033	2670	3491	3002	3175	
1690	3507	3302	3349	3286	2891	2717	2670	2212	2054	1564	1327	995	742	363	0	347	679	1137	1327	1832	2069	2370	2480	2749	2496	3033	2733	3570	3112	3333	
1753	3586	3412	3507	3476	3112	2970	2954	2496	2370	1864	1659	1327	1027	711	347	0	442	790	1027	1516	1801	2117	2275	2575	2401	2938	2686	3539	3128	3381	
1422	3239	3112	3239	3270	2923	2828	2891	2449	2401	1880	1738	1406	1090	916	679	442	0	616	647	1169	1390	1690	1832	2133	1959	2496	2259	3112	2749	3017	
1927	3681	3586	3760	3823	3507	3428	3507	3065	3017	2496	2338	2006	1690	1453	1137	790	616	0	489	805	1169	1548	1801	2148	2148	2654	2559	3381	3096	3397	
1595	3254	3191	3397	3507	3223	3191	3318	2923	2938	2417	2322	2006	1690	1564	1327	1027	647	489	0	521	758	1106	1327	1659	1659	2164	2085	2891	2638	2954	
1943	3460	3460	3697	3839	3602	3602	3776	3397	3428	2907	2844	2512	2212	2085	1832	1516	1169	805	521	0	410	805	1153	1501	1690	2133	2180	2907	2765	3128	
1832	3175	3207	3476	3665	3476	3507	3713	3381	3460	2954	2938	2638	2338	2275	2069	1801	1390	1169	758	410	0	379	758	1090	1358	1738	1848	2543	2449	2812	
1848	2970	3049	3365	3570	3428	3507	3760	3444	3570	3096	3112	2828	2543	2543	2370	2117	1690	1548	1106	805	379	0	426	742	1121	1422	1627	2243	2227	2607	
1627	2559	2670	2986	3223	3112	3223	3523	3239	3412	2954	3033	2765	2512	2575	2480	2275	1832	1801	1327	1153	758	426	0	331	711	995	1200	1801	1801	2180	
1722	2385	2528	2875	3144	3096	3239	3555	3333	3523	3096	3207	2970	2733	2844	2749	2575	2133	2148	1659	1501	1090	742	331	0	600	711	1042	1516	1611	1990	
1185	1848	1959	2291	2543	2480	2622	2954	2749	2970	2575	2717	2528	2338	2512	2496	2401	1959	2148	1659	1690	1358	1121	711	600	0	537	489	1232	1106	1485	
1627	1738	1943	2322	2638	2654	2875	3239	3096	3349	3017	3191	3017	2844	3033	3033	2938	2496	2654	2164	2133	1738	1422	995	711	537	0	553	805	963	1343	
1169	1343	1485	1832	2117	2117	2322	2686	2559	2812	2496	2701	2559	2417	2670	2733	2686	2259	2559	2085	2180	1848	1627	1200	1042	489	553	0	853	600	979	
1959	1169	1501	1896	2275	2433	2701	3128	3112	3428	3191	3428	3333	3223	3491	3570	3539	3112	3381	2891	2907	2543	2243	1801	1516	1232	805	853	0	616	821	
1437	758	979	1358	1706	1817	2085	2512	2480	2796	2591	2844	2780	2701	3002	3112	3128	2749	3096	2638	2765	2449	2227	1801	1611	1106	963	600	616	0	379	
1643	395	679	1074	1453	1643	1943	2370	2417	2765	2622	2907	2891	2844	3175	3333	3381	3017	3397	2954	3128	2812	2607	2180	1990	1485	1343	979	821	379	0	
V3
0	1020	932	1012	1064	915	932	1056	897	994	774	862	774	704	862	941	976	792	1073	888	1082	1020	1029	906	959	660	906	651	1091	800	915	
1020	0	220	422	642	792	976	1223	1293	1487	1452	1628	1645	1645	1839	1953	1997	1804	2050	1812	1927	1768	1654	1425	1328	1029	968	748	651	422	220	
932	220	0	220	431	572	756	1003	1082	1284	1267	1452	1478	1496	1707	1839	1900	1733	1997	1777	1927	1786	1698	1487	1408	1091	1082	827	836	545	378	
1012	422	220	0	220	413	607	844	968	1179	1214	1399	1460	1504	1724	1865	1953	1804	2094	1892	2059	1936	1874	1663	1601	1276	1293	1020	1056	756	598	
1064	642	431	220	0	246	431	660	818	1020	1100	1293	1381	1443	1672	1830	1936	1821	2129	1953	2138	2041	1988	1795	1751	1416	1469	1179	1267	950	809	
915	792	572	413	246	0	193	431	563	774	853	1047	1135	1214	1443	1610	1733	1628	1953	1795	2006	1936	1909	1733	1724	1381	1478	1179	1355	1012	915	
932	976	756	607	431	193	0	246	387	589	704	897	1003	1108	1337	1513	1654	1575	1909	1777	2006	1953	1953	1795	1804	1460	1601	1293	1504	1161	1082	
1056	1223	1003	844	660	431	246	0	255	422	624	800	941	1073	1293	1487	1645	1610	1953	1848	2103	2068	2094	1962	1980	1645	1804	1496	1742	1399	1320	
897	1293	1082	968	818	563	387	255	0	202	360	536	677	818	1029	1232	1390	1364	1707	1628	1892	1883	1918	1804	1856	1531	1724	1425	1733	1381	1346	
994	1487	1284	1179	1020	774	589	422	202	0	290	413	589	748	941	1144	1320	1337	1680	1636	1909	1927	1988	1900	1962	1654	1865	1566	1909	1557	1540	
774	1452	1267	1214	1100	853	704	624	360	290	0	193	316	466	668	871	1038	1047	1390	1346	1619	1645	1724	1645	1724	1434	1680	1390	1777	1443	1460	
862	1628	1452	1399	1293	1047	897	800	536	413	193	0	184	360	528	739	924	968	1302	1293	1584	1636	1733	1689	1786	1513	1777	1504	1909	1584	1619	
774	1645	1478	1460	1381	1135	1003	941	677	589	316	184	0	167	352	554	739	783	1117	1117	1399	1469	1575	1540	1654	1408	1680	1425	1856	1548	1610	
704	1645	1496	1504	1443	1214	1108	1073	818	748	466	360	167	0	220	413	572	607	941	941	1232	1302	1416	1399	1522	1302	1584	1346	1795	1504	1584	
862	1839	1707	1724	1672	1443	1337	1293	1029	941	668	528	352	220	0	202	396	510	809	871	1161	1267	1416	1434	1584	1399	1689	1487	1944	1672	1768	
941	1953	1839	1865	1830	1610	1513	1487	1232	1144	871	739	554	413	202	0	193	378	633	739	1020	1152	1320	1381	1531	1390	1689	1522	1988	1733	1856	
976	1997	1900	1953	1936	1733	1654	1645	1390	1320	1038	924	739	572	396	193	0	246	440	572	844	1003	1179	1267	1434	1337	1636	1496	1971	1742	1883	
792	1804	1733	1804	1821	1628	1575	1610	1364	1337	1047	968	783	607	510	378	246	0	343	360	651	774	941	1020	1188	1091	1390	1258	1733	1531	1680	
1073	2050	1997	2094	2129	1953	1909	1953	1707	1680	1390	1302	1117	941	809	633	440	343	0	272	448	651	862	1003	1196	1196	1478	1425	1883	1724	1892	
888	1812	1777	1892	1953	1795	1777	1848	1628	1636	1346	1293	1117	941	871	739	572	360	272	0	290	422	616	739	924	924	1205	1161	1610	1469	1645	
1082	1927	1927	2059	2138	2006	2006	2103	1892	1909	1619	1584	1399	1232	1161	1020	844	651	448	290	0	228	448	642	836	941	1188	1214	1619	1540	1742	
1020	1768	1786	1936	2041	1936	1953	2068	1883	1927	1645	1636	1469	1302	1267	1152	1003	774	651	422	228	0	211	422	607	756	968	1029	1416	1364	1566	
1029	1654	1698	1874	1988	1909	1953	2094	1918	1988	1724	1733	1575	1416	1416	1320	1179	941	862	616	448	211	0	237	413	624	792	906	1249	1240	1452	
906	1425	1487	1663	1795	1733	1795	1962	1804	1900	1645	1689	1540	1399	1434	1381	1267	1020	1003	739	642	422	237	0	184	396	554	668	1003	1003	1214	
959	1328	1408	1601	1751	1724	1804	1980	1856	1962	1724	1786	1654	1522	1584	1531	1434	1188	1196	924	836	607	413	184	0	334	396	580	844	897	1108	
660	1029	1091	1276	1416	1381	1460	1645	1531	1654	1434	1513	1408	1302	1399	1390	1337	1091	1196	924	941	756	624	396	334	0	299	272	686	616	827	
906	968	1082	1293	1469	1478	1601	1804	1724	1865	1680	1777	1680	1584	1689	1689	1636	1390	1478	1205	1188	968	792	554	396	299	0	308	448	536	748	
651	748	827	1020	1179	1179	1293	1496	1425	1566	1390	1504	1425	1346	1487	1522	1496	1258	1425	1161	1214	1029	906	668	580	272	308	0	475	334	545	
1091	651	836	1056	1267	1355	1504	1742	1733	1909	1777	1909	1856	1795	1944	1988	1971	1733	1883	1610	1619	1416	1249	1003	844	686	448	475	0	343	457	
800	422	545	756	950	1012	1161	1399	1381	1557	1443	1584	1548	1504	1672	1733	1742	1531	1724	1469	1540	1364	1240	1003	897	616	536	334	343	0	211	
915	220	378	598	809	915	1082	1320	1346	1540	1460	1619	1610	1584	1768	1856	1883	1680	1892	1645	1742	1566	1452	1214	1108	827	748	545	457	211	0	
V4
0	1809	1653	1794	1887	1622	1653	1872	1591	1762	1372	1528	1372	1248	1528	1669	1731	1404	1903	1575	1918	1809	1825	1606	1700	1170	1606	1154	1934	1419	1622	
1809	0	390	748	1138	1404	1731	2168	2293	2636	2574	2886	2917	2917	3260	3463	3541	3198	3634	3213	3416	3135	2932	2527	2355	1825	1716	1326	1154	748	390	
1653	390	0	390	764	1014	1341	1778	1918	2277	2246	2574	2620	2652	3026	3260	3369	3073	3541	3151	3416	3166	3010	2636	2496	1934	1918	1466	1482	967	670	
1794	748	390	0	390	733	1076	1497	1716	2090	2152	2480	2589	2667	3057	3307	3463	3198	3712	3354	3650	3432	3322	2948	2839	2262	2293	1809	1872	1341	1060	
1887	1138	764	390	0	436	764	1170	1450	1809	1950	2293	2449	2558	2964	3244	3432	3229	3775	3463	3790	3619	3525	3182	3104	2511	2605	2090	2246	1684	1435	
1622	1404	1014	733	436	0	343	764	998	1372	1513	1856	2012	2152	2558	2854	3073	2886	3463	3182	3556	3432	3385	3073	3057	2449	2620	2090	2402	1794	1622	
1653	1731	1341	1076	764	343	0	436	686	1045	1248	1591	1778	1965	2371	2683	2932	2792	3385	3151	3556	3463	3463	3182	3198	2589	2839	2293	2667	2059	1918	
1872	2168	1778	1497	1170	764	436	0	452	748	1107	1419	1669	1903	2293	2636	2917	2854	3463	3276	3728	3666	3712	3478	3510	2917	3198	2652	3088	2480	2340	
1591	2293	1918	1716	1450	998	686	452	0	358	639	951	1201	1450	1825	2184	2464	2418	3026	2886	3354	3338	3400	3198	3291	2714	3057	2527	3073	2449	2386	
1762	2636	2277	2090	1809	1372	1045	748	358	0	514	733	1045	1326	1669	2028	2340	2371	2979	2901	3385	3416	3525	3369	3478	2932	3307	2776	3385	2761	2730	
1372	2574	2246	2152	1950	1513	1248	1107	639	514	0	343	561	826	1185	1544	1840	1856	2464	2386	2870	2917	3057	2917	3057	2542	2979	2464	3151	2558	2589	
1528	2886	2574	2480	2293	1856	1591	1419	951	733	343	0	327	639	936	1310	1638	1716	2308	2293	2808	2901	3073	2995	3166	2683	3151	2667	3385	2808	2870	
1372	2917	2620	2589	2449	2012	1778	1669	1201	1045	561	327	0	296	624	982	1310	1388	1981	1981	2480	2605	2792	2730	2932	2496	2979	2527	3291	2745	2854	
1248	2917	2652	2667	2558	2152	1965	1903	1450	1326	826	639	296	0	390	733	1014	1076	1669	1669	2184	2308	2511	2480	2698	2308	2808	2386	3182	2667	2808	
1528	3260	3026	3057	2964	2558	2371	2293	1825	1669	1185	936	624	390	0	358	702	904	1435	1544	2059	2246	2511	2542	2808	2480	2995	2636	3447	2964	3135	
1669	3463	3260	3307	3244	2854	2683	2636	2184	2028	1544	1310	982	733	358	0	343	670	1123	1310	1809	2043	2340	2449	2714	2464	2995	2698	3525	3073	3291	
1731	3541	3369	3463	3432	3073	2932	2917	2464	2340	1840	1638	1310	1014	702	343	0	436	780	1014	1497	1778	2090	2246	2542	2371	2901	2652	3494	3088	3338	
1404	3198	3073	3198	3229	2886	2792	2854	2418	2371	1856	1716	1388	1076	904	670	436	0	608	639	1154	1372	1669	1809	2106	1934	2464	2230	3073	2714	2979	
1903	3634	3541	3712	3775	3463	3385	3463	3026	2979	2464	2308	1981	1669	1435	1123	780	608	0	483	795	1154	1528	1778	2121	2121	2620	2527	3338	3057	3354	
1575	3213	3151	3354	3463	3182	3151	3276	2886	2901	2386	2293	1981	1669	1544	1310	1014	639	483	0	514	748	1092	1310	1638	1638	2137	2059	2854	2605	2917	
1918	3416	3416	3650	3790	3556	3556	3728	3354	3385	2870	2808	2480	2184	2059	1809	1497	1154	795	514	0	405	795	1138	1482	1669	2106	2152	2870	2730	3088	
1809	3135	3166	3432	3619	3432	3463	3666	3338	3416	2917	2901	2605	2308	2246	2043	1778	1372	1154	748	405	0	374	748	1076	1341	1716	1825	2511	2418	2776	
1825	2932	3010	3322	3525	3385	3463	3712	3400	3525	3057	3073	2792	2511	2511	2340	2090	1669	1528	1092	795	374	0	421	733	1107	1404	1606	2215	2199	2574	
1606	2527	2636	2948	3182	3073	3182	3478	3198	3369	2917	2995	2730	2480	2542	2449	2246	1809	1778	1310	1138	748	421	0	327	702	982	1185	1778	1778	2152	
1700	2355	2496	2839	3104	3057	3198	3510	3291	3478	3057	3166	2932	2698	2808	2714	2542	2106	2121	1638	1482	1076	733	327	0	592	702	1029	1497	1591	1965	
1170	1825	1934	2262	2511	2449	2589	2917	2714	2932	2542	2683	2496	2308	2480	2464	2371	1934	2121	1638	1669	1341	1107	702	592	0	530	483	1216	1092	1466	
1606	1716	1918	2293	2605	2620	2839	3198	3057	3307	2979	3151	2979	2808	2995	2995	2901	2464	2620	2137	2106	1716	1404	982	702	530	0	546	795	951	1326	
1154	1326	1466	1809	2090	2090	2293	2652	2527	2776	2464	2667	2527	2386	2636	2698	2652	2230	2527	2059	2152	1825	1606	1185	1029	483	546	0	842	592	967	
1934	1154	1482	1872	2246	2402	2667	3088	3073	3385	3151	3385	3291	3182	3447	3525	3494	3073	3338	2854	2870	2511	2215	1778	1497	1216	795	842	0	608	811	
1419	748	967	1341	1684	1794	2059	2480	2449	2761	2558	2808	2745	2667	2964	3073	3088	2714	3057	2605	2730	2418	2199	1778	1591	1092	951	592	608	0	374	
1622	390	670	1060	1435	1622	1918	2340	2386	2730	2589	2870	2854	2808	3135	3291	3338	2979	3354	2917	3088	2776	2574	2152	1965	1466	1326	967	811	374	0	
V5
0	2691	2459	2668	2807	2412	2459	2784	2366	2621	2041	2273	2041	1856	2273	2482	2575	2088	2830	2343	2853	2691	2714	2389	2528	1740	2389	1716	2876	2111	2412	
2691	0	580	1113	1693	2088	2575	3224	3410	3920	3828	4292	4338	4338	4848	5150	5266	4756	5405	4779	5080	4663	4361	3758	3503	2714	2552	1972	1716	1113	580	
2459	580	0	580	1136	1508	1995	2644	2853	3387	3340	3828	3897	3944	4500	4848	5011	4570	5266	4686	5080	4709	4477	3920	3712	2876	2853	2180	2204	1438	997	
2668	1113	580	0	580	1090	1600	2227	2552	3108	3201	3688	3851	3967	4547	4918	5150	4756	5521	4988	5428	5104	4941	4384	4222	3364	3410	2691	2784	1995	1577	
2807	1693	1136	580	0	649	1136	1740	2157	2691	2900	3410	3642	3804	4408	4825	5104	4802	5614	5150	5637	5382	5243	4732	4616	3735	3874	3108	3340	2505	2134	
2412	2088	1508	1090	649	0	510	1136	1484	2041	2250	2760	2992	3201	3804	4245	4570	4292	5150	4732	5289	5104	5034	4570	4547	3642	3897	3108	3572	2668	2412	
2459	2575	1995	1600	1136	510	0	649	1020	1554	1856	2366	2644	2923	3526	3990	4361	4152	5034	4686	5289	5150	5150	4732	4756	3851	4222	3410	3967	3062	2853	
2784	3224	2644	2227	1740	1136	649	0	672	1113	1647	2111	2482	2830	3410	3920	4338	4245	5150	4872	5544	5452	5521	5173	5220	4338	4756	3944	4593	3688	3480	
2366	3410	2853	2552	2157	1484	1020	672	0	533	951	1415	1786	2157	2714	3248	3665	3596	4500	4292	4988	4964	5057	4756	4895	4036	4547	3758	4570	3642	3549	
2621	3920	3387	3108	2691	2041	1554	1113	533	0	765	1090	1554	1972	2482	3016	3480	3526	4431	4315	5034	5080	5243	5011	5173	4361	4918	4129	5034	4106	4060	
