M: 4
N: 30
Nun_Veiculos: 8
Capacidade_Total: 661
Demanda_Total: 525
Setup_Min: 1
Setup_Max: 99
Raio: 100
Circulos: 1
Tempo_Processamento_Min: 1
Tempo_Processamento_Max: 49
Demanda_Min: 10
Demanda_Max: 30
Priority_Factor: 0.2
Range_Factor_R: 0.8
U_factor: 2
ALpha: 0.2Replicao: 2
Tempos_Processamentos
0	0	1	0	2	0	3	0	
0	7	1	37	2	21	3	36	
0	41	1	7	2	33	3	39	
0	43	1	37	2	32	3	4	
0	35	1	39	2	24	3	47	
0	33	1	7	2	21	3	9	
0	42	1	26	2	12	3	29	
0	13	1	17	2	46	3	1	
0	6	1	21	2	36	3	22	
0	26	1	5	2	48	3	3	
0	22	1	17	2	19	3	3	
0	46	1	24	2	2	3	15	
0	25	1	4	2	9	3	23	
0	45	1	34	2	19	3	32	
0	9	1	19	2	35	3	44	
0	15	1	39	2	47	3	7	
0	44	1	7	2	27	3	40	
0	5	1	17	2	10	3	48	
0	2	1	39	2	43	3	23	
0	19	1	4	2	18	3	45	
0	8	1	32	2	25	3	45	
0	39	1	47	2	12	3	30	
0	28	1	31	2	11	3	5	
0	30	1	46	2	8	3	13	
0	5	1	2	2	20	3	30	
0	29	1	27	2	31	3	47	
0	8	1	34	2	7	3	42	
0	28	1	9	2	13	3	42	
0	31	1	6	2	21	3	47	
0	8	1	16	2	37	3	47	
0	46	1	20	2	45	3	43	

Tempos_setup
M0
0	0	0	0	0	0	0	0	0	0	0	0	0	0	0	0	0	0	0	0	0	0	0	0	0	0	0	0	0	0	0	
0	0	17	6	13	12	18	13	8	11	8	7	15	15	15	14	19	12	11	21	15	12	12	19	10	8	11	1	2	9	6	
0	11	0	1	8	5	11	6	1	9	6	2	10	8	11	10	19	8	10	16	10	9	10	12	5	12	6	10	11	4	12	
0	12	11	0	7	8	14	9	11	8	5	1	9	11	10	13	23	7	13	15	9	17	18	15	4	16	5	13	13	3	11	
0	7	10	11	0	1	7	2	6	8	12	12	12	4	13	6	16	10	6	8	2	10	11	8	8	9	7	8	6	12	4	
0	6	9	10	12	0	6	1	5	7	14	11	11	3	14	5	15	14	5	16	10	9	10	7	7	12	6	7	8	11	8	
0	8	12	9	11	12	0	4	8	14	11	10	14	6	8	17	13	15	9	19	13	3	4	10	13	6	9	4	5	12	9	
0	6	8	9	14	8	5	0	4	15	14	10	10	2	13	13	14	13	5	15	9	8	9	6	10	11	5	7	8	10	7	
0	10	13	14	16	4	10	5	0	11	15	15	15	7	18	9	19	18	9	20	14	13	14	11	11	16	10	9	12	15	12	
0	13	11	12	10	7	13	8	3	0	9	13	13	10	19	12	22	16	12	16	10	16	17	9	14	17	13	12	9	15	10	
0	13	14	15	6	7	13	8	6	3	0	16	15	10	19	12	22	16	12	14	8	16	17	12	14	15	13	14	12	18	10	
0	17	18	19	10	11	17	12	10	7	4	0	19	14	9	16	26	6	16	17	11	20	21	16	18	18	7	18	15	10	14	
0	3	20	9	16	15	21	16	11	14	11	10	0	18	18	17	22	15	14	24	18	15	15	19	13	11	14	4	5	12	9	
0	12	14	15	12	6	12	7	2	13	17	16	16	0	20	11	20	19	11	19	13	15	16	12	8	9	9	11	14	12	13	
0	10	27	16	23	22	28	23	18	21	18	17	25	25	0	24	27	20	21	20	23	20	21	29	20	18	21	11	12	19	14	
0	14	14	15	10	11	17	12	10	18	17	16	17	14	18	0	26	20	16	13	7	20	21	18	2	14	3	15	11	6	14	
0	6	23	12	19	18	11	15	14	17	14	13	3	17	6	20	0	18	17	26	21	14	15	21	16	14	17	7	8	15	12	
0	13	12	13	8	9	15	10	13	14	11	7	20	12	3	14	24	0	14	16	10	18	19	16	12	17	13	14	14	4	12	
0	1	18	7	14	13	19	14	9	12	9	8	16	16	14	15	19	13	0	22	16	9	10	17	11	9	12	2	3	10	7	
0	11	15	16	11	12	18	13	9	12	9	10	8	15	19	17	27	16	12	0	8	20	13	19	3	15	4	12	3	7	15	
0	14	21	20	15	13	19	14	10	13	10	16	14	16	24	18	28	22	13	6	0	21	14	20	9	7	10	15	4	13	19	
0	12	18	18	13	12	15	10	8	11	8	11	13	12	5	17	10	17	11	21	15	0	1	16	19	3	14	13	2	12	17	
0	15	17	18	20	17	14	9	13	18	15	18	19	11	12	22	17	22	14	24	18	7	0	15	19	10	14	16	9	19	16	
0	7	2	3	10	7	13	8	3	11	8	4	4	10	10	12	14	7	12	18	12	7	8	0	7	9	8	8	9	6	1	
0	12	12	13	8	9	15	10	8	16	15	14	15	12	16	14	24	18	14	11	5	18	19	16	0	12	1	13	9	4	12	
0	28	31	32	34	22	28	23	18	29	33	33	33	25	36	27	37	36	27	38	32	31	29	29	29	0	28	27	30	33	30	
0	11	13	14	9	10	16	11	14	16	14	15	14	13	22	15	25	19	15	10	4	19	18	17	13	11	0	12	8	5	13	
0	17	16	5	12	13	19	14	13	13	10	6	14	16	14	13	18	11	18	20	14	11	12	20	9	7	10	0	13	8	5	
0	10	19	16	11	10	16	11	6	9	6	17	21	13	20	15	25	21	9	19	13	17	10	17	17	18	12	11	0	17	15	
0	11	8	9	4	5	11	6	9	12	14	10	16	8	17	10	20	14	10	12	6	14	15	12	12	13	11	12	10	0	8	
0	18	18	19	14	15	21	16	14	17	14	13	16	18	9	20	13	6	17	22	16	6	7	22	18	9	19	19	8	10	0	
M1
0	0	0	0	0	0	0	0	0	0	0	0	0	0	0	0	0	0	0	0	0	0	0	0	0	0	0	0	0	0	0	
0	0	18	2	12	14	16	4	10	15	14	3	7	11	10	11	10	10	15	8	18	16	9	21	7	18	11	9	5	8	1	
0	32	0	16	12	22	17	19	11	18	16	17	10	16	24	12	21	13	17	22	20	18	5	7	25	20	20	21	5	8	16	
0	16	16	0	12	19	14	15	8	13	12	1	20	15	8	9	19	16	13	6	16	14	15	23	19	26	9	7	21	16	15	
0	29	15	13	0	30	16	24	5	12	23	14	16	14	19	21	22	19	26	19	8	23	17	22	19	20	14	9	14	4	12	
0	22	15	8	17	0	19	8	13	12	5	9	19	14	16	14	17	18	20	11	21	7	8	22	16	19	14	12	20	19	19	
0	32	15	16	10	35	0	20	15	12	28	17	19	14	24	25	19	16	18	22	18	7	6	22	16	24	24	19	20	8	17	
0	32	32	27	26	42	28	0	22	29	35	28	33	28	31	28	17	36	22	33	20	34	34	39	20	41	31	21	37	25	29	
0	24	10	8	4	27	20	19	0	7	20	9	13	9	16	17	17	16	21	14	12	22	12	17	14	20	9	13	15	8	7	
0	27	3	12	15	25	14	12	14	0	19	13	7	2	20	15	10	10	15	18	15	21	5	10	7	13	21	16	8	11	11	
0	27	10	11	12	26	14	3	8	7	0	12	14	9	17	9	12	13	15	6	16	2	3	17	11	14	9	7	15	14	14	
0	33	19	17	13	18	15	14	9	16	11	0	22	18	7	20	18	15	12	17	21	13	14	26	18	25	8	8	24	17	16	
0	28	13	13	10	26	18	15	15	10	19	8	0	6	15	20	20	3	13	17	18	21	2	14	17	23	15	16	15	13	13	
0	25	18	10	15	29	12	20	18	15	22	11	5	0	18	19	14	8	18	16	23	19	7	19	20	28	19	17	20	18	9	
0	31	14	15	15	11	17	7	11	11	4	16	18	13	0	13	11	17	16	10	20	6	7	21	11	18	13	10	19	15	18	
0	31	14	15	19	19	21	12	15	11	9	6	14	13	13	0	18	17	18	15	14	6	12	21	15	23	14	14	17	20	21	
0	26	24	10	9	29	20	7	14	21	22	11	25	23	18	19	0	26	5	16	17	21	25	31	6	27	19	13	23	11	21	
0	26	22	10	7	23	20	19	12	19	16	5	23	21	12	19	23	0	17	16	15	18	19	29	23	27	12	13	12	11	19	
0	34	24	25	25	38	30	2	21	21	30	26	28	23	33	25	19	27	0	31	22	16	26	31	22	27	30	23	29	11	28	
0	23	16	17	14	22	12	15	11	13	12	9	17	15	16	3	20	15	21	0	17	8	15	23	17	26	3	10	20	18	18	
0	26	12	10	6	22	8	18	2	9	15	11	15	11	11	19	19	18	23	16	0	15	14	19	16	22	11	1	17	10	9	
0	25	8	9	18	28	19	17	17	5	21	10	12	7	17	18	12	11	17	15	20	0	10	15	9	18	18	16	13	14	15	
0	28	28	12	17	31	26	14	20	25	24	13	17	21	20	21	31	10	12	18	25	26	0	31	31	25	21	19	22	11	11	
0	31	2	15	8	18	13	14	7	13	12	11	3	9	18	8	23	6	12	18	15	14	5	0	20	13	16	16	1	4	14	
0	29	27	13	12	32	23	10	17	24	17	14	28	26	21	22	3	29	8	19	20	19	20	34	0	21	22	16	26	5	24	
0	22	14	12	8	24	10	20	4	11	17	13	17	13	13	21	21	20	25	18	2	17	16	21	18	0	13	3	19	12	11	
0	25	18	16	11	28	14	16	8	15	21	15	21	17	17	25	25	24	27	22	19	21	20	25	22	28	0	7	23	15	15	
0	25	11	9	5	21	7	17	1	8	14	10	14	10	10	18	18	17	22	15	13	14	13	18	15	21	10	0	16	9	8	
0	30	16	14	7	17	12	14	6	13	11	13	19	15	20	7	23	22	25	17	15	13	14	23	20	19	15	16	0	3	13	
0	38	30	28	18	40	26	36	20	27	33	29	33	29	29	37	37	36	41	34	18	33	32	37	34	16	29	19	32	0	27	
0	17	17	1	13	20	15	16	9	14	13	2	6	10	9	10	20	9	14	7	17	15	8	20	20	27	10	8	21	12	0	
M2
0	0	0	0	0	0	0	0	0	0	0	0	0	0	0	0	0	0	0	0	0	0	0	0	0	0	0	0	0	0	0	
0	0	5	20	11	7	5	9	15	11	21	11	5	21	7	10	26	14	30	15	7	7	1	18	8	10	16	17	18	14	9	
0	6	0	19	13	13	11	15	14	17	27	17	10	23	12	15	27	11	27	10	13	13	7	13	13	5	20	15	13	15	4	
0	11	16	0	11	11	5	8	15	16	20	11	16	26	18	7	21	14	14	19	13	5	12	18	8	14	18	2	23	11	15	
0	6	11	15	0	13	11	15	17	13	20	17	11	15	13	16	26	3	19	13	13	13	7	16	13	16	14	17	12	20	4	
0	11	16	24	21	0	16	17	15	17	18	7	16	32	18	19	22	21	33	15	13	14	12	18	8	10	25	20	28	10	20	
0	8	13	21	6	8	0	4	10	14	16	6	13	21	15	6	21	9	25	18	10	2	9	13	5	13	20	12	18	9	10	
0	18	23	23	15	14	18	0	18	27	12	13	23	28	25	2	26	18	32	14	23	20	19	17	21	9	24	19	27	14	16	
0	9	14	23	8	12	4	2	0	16	14	10	14	18	14	4	24	6	18	12	14	6	10	3	9	11	10	5	15	13	7	
0	15	20	29	14	18	10	8	6	0	20	16	20	24	20	10	19	12	24	18	20	12	16	9	15	17	16	11	21	19	13	
0	9	14	18	3	7	10	11	20	16	0	14	14	16	16	13	29	6	22	16	16	12	10	9	13	17	16	11	15	17	7	
0	13	18	31	23	7	18	18	16	19	25	0	18	33	20	20	15	21	33	22	15	16	14	18	10	17	25	20	30	3	22	
0	4	9	24	10	11	4	8	14	13	19	10	0	16	2	5	25	13	29	19	9	6	5	17	9	14	11	16	16	13	13	
0	5	10	22	7	12	10	13	11	9	22	16	10	0	12	15	25	5	21	7	12	12	6	10	13	15	17	7	1	16	6	
0	2	7	22	9	9	3	6	13	13	17	9	7	14	0	3	24	12	28	17	9	5	3	16	8	12	9	15	14	12	11	
0	21	26	26	18	17	21	3	21	30	15	16	26	31	28	0	29	21	35	17	26	23	22	20	24	12	27	22	30	17	19	
0	12	17	32	17	19	12	16	22	21	27	18	8	23	10	13	0	15	31	25	17	14	13	25	17	21	19	24	24	21	16	
0	3	8	17	2	10	8	12	14	10	17	14	8	12	10	13	28	0	16	10	10	10	4	13	10	13	16	15	9	17	1	
0	22	27	22	21	20	18	6	24	26	18	19	27	17	28	8	27	20	0	20	25	20	23	17	23	15	24	19	18	20	21	
0	9	14	23	8	12	4	6	4	13	18	10	14	18	14	8	24	6	18	0	9	6	10	3	9	15	10	5	15	12	7	
0	4	9	24	9	4	9	10	8	4	22	11	9	24	11	12	19	12	26	19	0	7	5	11	1	14	18	13	15	7	13	
0	6	11	26	11	6	5	9	10	12	21	6	11	26	13	11	21	14	25	21	8	0	7	13	3	16	20	10	19	9	15	
0	10	4	23	17	17	15	19	18	21	31	21	14	27	16	19	31	15	31	14	17	17	0	17	17	9	24	19	17	19	8	
0	6	11	20	5	9	1	5	11	13	15	7	11	15	11	7	21	3	15	9	11	3	7	0	6	14	7	2	12	10	4	
0	3	8	23	14	3	8	9	7	9	21	10	8	24	10	11	24	13	25	18	5	6	4	10	0	13	17	12	20	12	12	
0	14	17	14	13	17	9	11	9	18	23	15	18	23	19	13	29	11	23	5	14	11	13	8	14	0	15	10	20	17	12	
0	7	12	24	11	14	8	9	7	18	8	14	12	19	5	8	26	13	25	15	14	10	8	10	13	10	0	12	19	14	14	
0	16	21	26	14	16	8	12	18	14	24	14	21	29	21	14	19	17	15	17	18	10	17	20	13	12	16	0	26	9	18	
0	4	9	21	6	11	9	13	13	8	21	15	9	16	11	14	25	4	20	9	11	11	5	12	12	14	19	6	0	15	5	
0	10	15	30	20	10	15	16	14	16	28	17	15	30	17	18	12	18	30	24	12	13	11	15	7	20	22	17	27	0	19	
0	2	7	22	9	9	7	11	16	13	23	13	7	19	9	12	28	7	23	17	9	9	3	19	9	12	18	19	16	16	0	
M3
0	0	0	0	0	0	0	0	0	0	0	0	0	0	0	0	0	0	0	0	0	0	0	0	0	0	0	0	0	0	0	
0	0	7	13	14	17	30	10	13	13	12	17	10	11	21	18	15	22	8	14	24	12	23	27	15	10	20	12	12	23	7	
0	12	0	6	7	10	27	3	11	14	10	10	11	11	19	16	13	15	9	8	18	10	16	21	8	8	14	6	5	16	17	
0	26	19	0	21	17	28	22	11	21	17	19	18	18	19	17	20	24	16	15	25	17	22	28	23	15	10	13	24	23	23	
0	5	8	11	0	8	27	1	4	10	6	12	7	7	12	10	9	14	5	4	14	6	14	17	6	4	10	2	13	14	12	
0	13	13	3	15	0	23	8	13	14	7	16	11	12	12	14	14	19	9	9	19	11	15	22	13	9	13	7	17	6	8	
0	13	7	13	9	12	0	10	6	9	5	5	6	6	14	3	8	10	4	3	13	5	17	14	11	3	9	1	12	18	19	
0	17	16	10	15	7	29	0	12	18	11	18	15	16	19	18	17	20	13	16	26	14	13	29	5	12	11	14	21	13	15	
0	15	11	9	13	6	24	14	0	10	9	8	7	8	8	6	12	13	5	11	21	9	11	17	19	7	17	9	13	12	13	
0	10	9	4	5	13	17	6	9	0	7	8	8	8	17	13	10	13	6	5	15	7	17	18	11	5	11	3	3	19	15	
0	17	16	11	12	20	24	13	16	7	0	15	15	15	24	20	17	20	13	12	22	14	24	25	18	12	18	10	10	26	22	
0	17	10	16	12	16	29	13	13	12	8	0	9	9	21	14	11	5	7	6	16	8	23	19	14	6	12	4	15	18	20	
0	15	8	11	10	8	27	11	11	10	6	14	0	1	12	12	9	14	5	4	14	6	21	17	12	4	10	2	13	14	16	
0	25	21	19	23	16	34	24	10	20	19	18	17	0	18	16	22	23	15	17	31	19	21	27	29	17	9	19	23	22	23	
0	17	6	10	13	7	26	9	2	10	11	9	9	10	0	7	7	11	7	13	19	4	13	18	14	9	10	11	11	13	15	
0	19	12	16	14	13	31	15	15	14	10	2	5	6	17	0	13	7	9	8	18	10	25	11	16	8	14	6	17	19	21	
0	22	15	8	17	11	33	18	18	17	13	5	8	9	20	3	0	10	12	11	21	13	26	14	9	11	17	9	20	17	19	
0	23	13	13	18	20	24	16	22	15	14	19	12	13	24	17	14	0	10	16	26	11	26	28	21	12	22	14	18	26	28	
0	13	6	9	8	10	22	9	12	5	4	12	2	3	14	10	7	16	0	6	16	4	16	19	14	2	12	4	8	16	18	
0	22	17	16	20	13	31	20	7	17	16	15	14	15	15	13	10	10	12	0	28	16	18	13	19	14	6	16	20	19	20	
0	10	12	15	5	13	25	6	9	14	7	8	11	11	17	15	14	3	9	9	0	11	19	8	11	9	15	7	3	6	8	
0	14	2	8	9	12	23	5	13	6	12	8	11	12	21	6	3	13	11	10	20	0	18	17	10	10	16	8	7	18	19	
0	4	9	12	11	11	25	4	8	8	7	15	5	6	16	13	10	7	3	9	19	7	0	22	9	5	15	7	11	17	2	
0	16	4	7	11	14	28	7	15	11	10	14	8	5	20	16	13	19	6	12	22	10	20	0	12	8	14	10	9	20	21	
0	15	15	5	10	2	24	10	14	16	9	13	13	14	14	16	16	18	11	11	21	13	17	24	0	11	15	9	19	8	10	
0	11	4	10	6	11	23	7	10	6	2	10	3	4	15	8	5	15	1	7	17	2	17	19	12	0	13	5	9	17	18	
0	16	12	10	14	7	25	15	1	11	10	9	8	9	9	7	13	14	6	12	22	10	12	18	20	8	0	10	14	13	14	
0	13	6	12	8	12	25	9	9	8	4	12	5	5	17	10	7	12	3	2	12	4	19	15	10	2	8	0	11	18	20	
0	7	10	13	2	10	29	3	6	12	8	5	9	9	14	12	11	10	7	6	16	8	16	19	8	6	12	4	0	16	12	
0	7	9	12	11	9	19	2	8	8	1	15	5	6	16	13	10	19	3	9	19	7	15	22	7	5	13	7	11	0	2	
0	5	7	10	9	11	23	10	6	6	5	13	3	4	14	11	8	17	1	7	17	5	17	20	15	3	13	5	9	17	0	
Tamanho_Tarefas
0	25	25	22	35	12	12	5	19	6	15	7	12	25	13	26	9	19	15	10	19	14	16	14	11	27	17	23	21	20	31	
Data_Entrega
0	187	208	195	206	176	197	167	170	168	196	171	208	200	186	206	205	175	198	163	184	208	193	172	172	208	178	180	181	163	200	
Penalidade_Atraso
0	14	13	7	15	5	8	9	13	9	20	9	11	13	6	11	1	3	20	13	8	13	9	4	19	11	4	9	12	4	8	
Capacidade_Veiculo
82	86	92	86	78	91	53	93	
Custo_Fixo_Veiculo
820	860	920	860	780	910	530	930	
Coordenadas_Clientes
x	0	y	0
x	76	y	0
x	111	y	23
x	97	y	43
x	86	y	62
x	55	y	61
x	48	y	84
x	29	y	91
x	11	y	107
x	-11	y	107
x	-37	y	115
x	-55	y	95
x	-54	y	60
x	-87	y	63
x	-81	y	36
x	-77	y	16
x	-82	y	0
x	-91	y	-19
x	-84	y	-37
x	-75	y	-54
x	-67	y	-75
x	-43	y	-76
x	-38	y	-117
x	-11	y	-109
x	9	y	-93
x	32	y	-98
x	56	y	-97
x	76	y	-84
x	64	y	-47
x	78	y	-34
x	111	y	-23
Tempo_Viagem
0	76	113	106	106	82	96	95	107	107	120	109	80	107	88	78	82	92	91	92	100	87	123	109	93	103	112	113	79	85	113	
76	0	41	47	62	64	88	102	125	137	161	161	143	174	161	153	158	168	164	160	161	141	163	139	114	107	98	84	48	34	41	
113	41	0	24	45	67	87	106	130	147	173	180	169	202	192	188	194	205	204	201	202	182	204	179	154	143	131	112	84	65	46	
106	47	24	0	21	45	63	83	106	125	151	160	151	184	178	176	184	197	197	197	202	183	209	186	161	154	145	128	95	79	67	
106	62	45	21	0	31	43	63	86	106	133	144	140	173	169	169	179	194	196	198	205	188	217	196	173	168	160	146	110	96	88	
82	64	67	45	31	0	24	39	63	80	106	115	109	142	138	139	149	166	170	173	182	168	200	182	160	160	158	146	108	97	100	
96	88	87	63	43	24	0	20	43	63	90	103	104	136	137	142	154	173	179	184	196	183	218	201	181	182	181	169	131	121	124	
95	102	106	83	63	39	20	0	24	43	70	84	88	119	122	129	143	162	170	178	191	181	218	203	185	189	189	180	142	134	139	
107	125	130	106	86	63	43	24	0	22	48	67	80	107	116	126	141	162	172	182	198	190	229	216	200	206	208	200	162	156	163	
107	137	147	125	106	80	63	43	22	0	27	45	63	87	99	112	128	149	161	173	190	185	225	216	200	209	214	209	171	166	178	
120	161	173	151	133	106	90	70	48	27	0	26	57	71	90	106	122	143	158	172	192	191	232	225	213	223	231	228	190	188	202	
109	161	180	160	144	115	103	84	67	45	26	0	35	45	64	82	98	119	135	150	170	171	212	208	198	211	221	221	185	185	202	
80	143	169	151	140	109	104	88	80	63	57	35	0	33	36	49	65	86	101	115	135	136	177	174	165	179	191	193	159	162	184	
107	174	202	184	173	142	136	119	107	87	71	45	33	0	27	47	63	82	100	117	138	145	185	188	183	200	214	219	186	191	215	
88	161	192	178	169	138	137	122	116	99	90	64	36	27	0	20	36	55	73	90	111	118	158	161	157	175	190	197	167	173	200	
78	153	188	176	169	139	142	129	126	112	106	82	49	47	20	0	16	37	53	70	91	98	138	141	138	157	174	182	154	162	191	
82	158	194	184	179	149	154	143	141	128	122	98	65	63	36	16	0	21	37	54	76	85	125	130	130	150	168	178	153	163	194	
92	168	205	197	194	166	173	162	162	149	143	119	86	82	55	37	21	0	19	38	60	74	111	119	124	146	166	179	157	169	202	
91	164	204	197	196	170	179	170	172	161	158	135	101	100	73	53	37	19	0	19	41	56	92	101	108	131	152	166	148	162	195	
92	160	201	197	198	173	184	178	182	173	172	150	115	117	90	70	54	38	19	0	22	38	73	83	92	115	137	153	139	154	188	
100	161	202	202	205	182	196	191	198	190	192	170	135	138	111	91	76	60	41	22	0	24	51	65	78	101	124	143	133	150	184	
87	141	182	183	188	168	183	181	190	185	191	171	136	145	118	98	85	74	56	38	24	0	41	45	54	77	101	119	110	128	162	
123	163	204	209	217	200	218	218	229	225	232	212	177	185	158	138	125	111	92	73	51	41	0	28	52	72	96	118	123	142	175	
109	139	179	186	196	182	201	203	216	216	225	208	174	188	161	141	130	119	101	83	65	45	28	0	25	44	68	90	96	115	148	
93	114	154	161	173	160	181	185	200	200	213	198	165	183	157	138	130	124	108	92	78	54	52	25	0	23	47	67	71	90	123	
103	107	143	154	168	160	182	189	206	209	223	211	179	200	175	157	150	146	131	115	101	77	72	44	23	0	24	46	60	78	108	
112	98	131	145	160	158	181	189	208	214	231	221	191	214	190	174	168	166	152	137	124	101	96	68	47	24	0	23	50	66	92	
113	84	112	128	146	146	169	180	200	209	228	221	193	219	197	182	178	179	166	153	143	119	118	90	67	46	23	0	38	50	70	
79	48	84	95	110	108	131	142	162	171	190	185	159	186	167	154	153	157	148	139	133	110	123	96	71	60	50	38	0	19	52	
85	34	65	79	96	97	121	134	156	166	188	185	162	191	173	162	163	169	162	154	150	128	142	115	90	78	66	50	19	0	34	
113	41	46	67	88	100	124	139	163	178	202	202	184	215	200	191	194	202	195	188	184	162	175	148	123	108	92	70	52	34	0	
Custo_Viagem
V0
0	1246	1853	1738	1738	1344	1574	1558	1754	1754	1968	1787	1312	1754	1443	1279	1344	1508	1492	1508	1640	1426	2017	1787	1525	1689	1836	1853	1295	1394	1853	
1246	0	672	770	1016	1049	1443	1672	2050	2246	2640	2640	2345	2853	2640	2509	2591	2755	2689	2624	2640	2312	2673	2279	1869	1754	1623	1377	787	557	672	
1853	672	0	393	754	1098	1426	1738	2132	2427	2853	2952	2771	3312	3148	3083	3181	3378	3345	3296	3329	3001	3345	2935	2525	2361	2164	1836	1377	1066	754	
1738	770	393	0	344	738	1033	1361	1754	2050	2492	2624	2476	3034	2919	2886	3017	3230	3230	3230	3312	3001	3427	3050	2640	2542	2378	2099	1558	1295	1098	
1738	1016	754	344	0	508	705	1033	1426	1738	2181	2361	2296	2837	2771	2771	2935	3181	3214	3247	3362	3083	3558	3214	2837	2755	2640	2394	1820	1574	1443	
1344	1049	1098	738	508	0	393	639	1033	1312	1738	1886	1787	2328	2263	2279	2443	2722	2788	2837	2984	2755	3280	2984	2624	2624	2591	2394	1771	1590	1640	
1574	1443	1426	1033	705	393	0	328	705	1033	1476	1689	1705	2230	2246	2328	2525	2837	2935	3017	3214	3017	3575	3296	2968	2984	2968	2788	2148	1984	2033	
1558	1672	1738	1361	1033	639	328	0	393	705	1148	1377	1443	1951	2000	2115	2345	2656	2788	2919	3132	2968	3575	3329	3034	3099	3099	2968	2328	2197	2296	
1754	2050	2132	1754	1426	1033	705	393	0	360	787	1098	1312	1754	1902	2066	2312	2656	2820	2984	3247	3116	3755	3558	3280	3378	3411	3296	2656	2558	2689	
1754	2246	2427	2050	1738	1312	1033	705	360	0	442	738	1033	1426	1623	1836	2099	2443	2640	2837	3116	3034	3690	3542	3280	3427	3509	3427	2804	2722	2919	
1968	2640	2853	2492	2181	1738	1476	1148	787	442	0	426	934	1180	1476	1738	2017	2361	2607	2837	3148	3132	3804	3690	3493	3657	3788	3739	3116	3083	3312	
1787	2640	2952	2624	2361	1886	1689	1377	1098	738	426	0	574	738	1049	1344	1607	1951	2214	2460	2788	2804	3476	3411	3247	3460	3624	3624	3034	3034	3329	
1312	2345	2771	2476	2296	1787	1705	1443	1312	1033	934	574	0	541	590	803	1082	1426	1656	1886	2214	2230	2902	2853	2706	2935	3132	3181	2607	2656	3017	
1754	2853	3312	3034	2837	2328	2230	1951	1754	1426	1180	738	541	0	442	787	1033	1344	1640	1918	2279	2378	3050	3083	3001	3280	3509	3591	3050	3132	3526	
1443	2640	3148	2919	2771	2263	2246	2000	1902	1623	1476	1049	590	442	0	328	590	902	1197	1476	1820	1935	2591	2640	2574	2870	3116	3230	2738	2837	3280	
1279	2509	3083	2886	2771	2279	2328	2115	2066	1836	1738	1344	803	787	328	0	262	606	869	1148	1492	1607	2263	2312	2263	2574	2853	2984	2525	2656	3148	
1344	2591	3181	3017	2935	2443	2525	2345	2312	2099	2017	1607	1082	1033	590	262	0	344	606	885	1246	1394	2050	2132	2132	2460	2755	2919	2509	2673	3181	
1508	2755	3378	3230	3181	2722	2837	2656	2656	2443	2361	1951	1426	1344	902	606	344	0	311	623	984	1213	1820	1968	2033	2394	2722	2935	2574	2771	3312	
1492	2689	3345	3230	3214	2788	2935	2788	2820	2640	2607	2214	1656	1640	1197	869	606	311	0	311	672	918	1508	1672	1771	2148	2492	2722	2427	2656	3198	
1508	2624	3296	3230	3247	2837	3017	2919	2984	2837	2837	2460	1886	1918	1476	1148	885	623	311	0	360	623	1197	1377	1508	1886	2246	2509	2279	2525	3083	
1640	2640	3329	3312	3362	2984	3214	3132	3247	3116	3148	2788	2214	2279	1820	1492	1246	984	672	360	0	393	836	1066	1279	1656	2033	2345	2181	2460	3034	
1426	2312	3001	3001	3083	2755	3017	2968	3116	3034	3132	2804	2230	2378	1935	1607	1394	1213	918	623	393	0	672	738	885	1279	1656	1951	1804	2099	2656	
2017	2673	3345	3427	3558	3280	3575	3575	3755	3690	3804	3476	2902	3050	2591	2263	2050	1820	1508	1197	836	672	0	459	852	1180	1574	1935	2017	2328	2886	
1787	2279	2935	3050	3214	2984	3296	3329	3558	3542	3690	3411	2853	3083	2640	2312	2132	1968	1672	1377	1066	738	459	0	410	721	1115	1476	1590	1902	2443	
1525	1869	2525	2640	2837	2624	2968	3034	3280	3280	3493	3247	2706	3001	2574	2263	2132	2033	1771	1508	1279	885	852	410	0	377	770	1098	1164	1476	2017	
1689	1754	2361	2542	2755	2624	2984	3099	3378	3427	3657	3460	2935	3280	2870	2574	2460	2394	2148	1886	1656	1279	1180	721	377	0	393	754	984	1279	1771	
1836	1623	2164	2378	2640	2591	2968	3099	3411	3509	3788	3624	3132	3509	3116	2853	2755	2722	2492	2246	2033	1656	1574	1115	770	393	0	377	820	1082	1508	
1853	1377	1836	2099	2394	2394	2788	2968	3296	3427	3739	3624	3181	3591	3230	2984	2919	2935	2722	2509	2345	1951	1935	1476	1098	754	377	0	623	820	1148	
1295	787	1377	1558	1820	1771	2148	2328	2656	2804	3116	3034	2607	3050	2738	2525	2509	2574	2427	2279	2181	1804	2017	1590	1164	984	820	623	0	311	852	
1394	557	1066	1295	1574	1590	1984	2197	2558	2722	3083	3034	2656	3132	2837	2656	2673	2771	2656	2525	2460	2099	2328	1902	1476	1279	1082	820	311	0	557	
1853	672	754	1098	1443	1640	2033	2296	2689	2919	3312	3329	3017	3526	3280	3148	3181	3312	3198	3083	3034	2656	2886	2443	2017	1771	1508	1148	852	557	0	
V1
0	1307	1943	1823	1823	1410	1651	1634	1840	1840	2064	1874	1376	1840	1513	1341	1410	1582	1565	1582	1720	1496	2115	1874	1599	1771	1926	1943	1358	1462	1943	
1307	0	705	808	1066	1100	1513	1754	2150	2356	2769	2769	2459	2992	2769	2631	2717	2889	2820	2752	2769	2425	2803	2390	1960	1840	1702	1444	825	584	705	
1943	705	0	412	791	1152	1496	1823	2236	2545	2992	3096	2906	3474	3302	3233	3336	3543	3508	3457	3491	3147	3508	3078	2648	2476	2270	1926	1444	1118	791	
1823	808	412	0	361	774	1083	1427	1840	2150	2614	2752	2597	3182	3061	3027	3164	3388	3388	3388	3474	3147	3594	3199	2769	2666	2494	2201	1634	1358	1152	
1823	1066	791	361	0	533	739	1083	1496	1823	2287	2476	2408	2975	2906	2906	3078	3336	3371	3405	3526	3233	3732	3371	2975	2889	2769	2511	1909	1651	1513	
1410	1100	1152	774	533	0	412	670	1083	1376	1823	1978	1874	2442	2373	2390	2562	2855	2924	2975	3130	2889	3440	3130	2752	2752	2717	2511	1857	1668	1720	
1651	1513	1496	1083	739	412	0	344	739	1083	1548	1771	1788	2339	2356	2442	2648	2975	3078	3164	3371	3164	3749	3457	3113	3130	3113	2924	2253	2081	2132	
1634	1754	1823	1427	1083	670	344	0	412	739	1204	1444	1513	2046	2098	2218	2459	2786	2924	3061	3285	3113	3749	3491	3182	3250	3250	3113	2442	2304	2408	
1840	2150	2236	1840	1496	1083	739	412	0	378	825	1152	1376	1840	1995	2167	2425	2786	2958	3130	3405	3268	3938	3732	3440	3543	3577	3457	2786	2683	2820	
1840	2356	2545	2150	1823	1376	1083	739	378	0	464	774	1083	1496	1702	1926	2201	2562	2769	2975	3268	3182	3870	3715	3440	3594	3680	3594	2941	2855	3061	
2064	2769	2992	2614	2287	1823	1548	1204	825	464	0	447	980	1238	1548	1823	2115	2476	2734	2975	3302	3285	3990	3870	3663	3835	3973	3921	3268	3233	3474	
1874	2769	3096	2752	2476	1978	1771	1444	1152	774	447	0	602	774	1100	1410	1685	2046	2322	2580	2924	2941	3646	3577	3405	3629	3801	3801	3182	3182	3491	
1376	2459	2906	2597	2408	1874	1788	1513	1376	1083	980	602	0	567	619	842	1135	1496	1737	1978	2322	2339	3044	2992	2838	3078	3285	3336	2734	2786	3164	
1840	2992	3474	3182	2975	2442	2339	2046	1840	1496	1238	774	567	0	464	825	1083	1410	1720	2012	2390	2494	3199	3233	3147	3440	3680	3766	3199	3285	3698	
1513	2769	3302	3061	2906	2373	2356	2098	1995	1702	1548	1100	619	464	0	344	619	946	1255	1548	1909	2029	2717	2769	2700	3010	3268	3388	2872	2975	3440	
1341	2631	3233	3027	2906	2390	2442	2218	2167	1926	1823	1410	842	825	344	0	275	636	911	1204	1565	1685	2373	2425	2373	2700	2992	3130	2648	2786	3302	
1410	2717	3336	3164	3078	2562	2648	2459	2425	2201	2115	1685	1135	1083	619	275	0	361	636	928	1307	1462	2150	2236	2236	2580	2889	3061	2631	2803	3336	
1582	2889	3543	3388	3336	2855	2975	2786	2786	2562	2476	2046	1496	1410	946	636	361	0	326	653	1032	1272	1909	2064	2132	2511	2855	3078	2700	2906	3474	
1565	2820	3508	3388	3371	2924	3078	2924	2958	2769	2734	2322	1737	1720	1255	911	636	326	0	326	705	963	1582	1754	1857	2253	2614	2855	2545	2786	3354	
1582	2752	3457	3388	3405	2975	3164	3061	3130	2975	2975	2580	1978	2012	1548	1204	928	653	326	0	378	653	1255	1444	1582	1978	2356	2631	2390	2648	3233	
1720	2769	3491	3474	3526	3130	3371	3285	3405	3268	3302	2924	2322	2390	1909	1565	1307	1032	705	378	0	412	877	1118	1341	1737	2132	2459	2287	2580	3182	
1496	2425	3147	3147	3233	2889	3164	3113	3268	3182	3285	2941	2339	2494	2029	1685	1462	1272	963	653	412	0	705	774	928	1341	1737	2046	1892	2201	2786	
2115	2803	3508	3594	3732	3440	3749	3749	3938	3870	3990	3646	3044	3199	2717	2373	2150	1909	1582	1255	877	705	0	481	894	1238	1651	2029	2115	2442	3027	
1874	2390	3078	3199	3371	3130	3457	3491	3732	3715	3870	3577	2992	3233	2769	2425	2236	2064	1754	1444	1118	774	481	0	430	756	1169	1548	1668	1995	2562	
1599	1960	2648	2769	2975	2752	3113	3182	3440	3440	3663	3405	2838	3147	2700	2373	2236	2132	1857	1582	1341	928	894	430	0	395	808	1152	1221	1548	2115	
1771	1840	2476	2666	2889	2752	3130	3250	3543	3594	3835	3629	3078	3440	3010	2700	2580	2511	2253	1978	1737	1341	1238	756	395	0	412	791	1032	1341	1857	
1926	1702	2270	2494	2769	2717	3113	3250	3577	3680	3973	3801	3285	3680	3268	2992	2889	2855	2614	2356	2132	1737	1651	1169	808	412	0	395	860	1135	1582	
1943	1444	1926	2201	2511	2511	2924	3113	3457	3594	3921	3801	3336	3766	3388	3130	3061	3078	2855	2631	2459	2046	2029	1548	1152	791	395	0	653	860	1204	
1358	825	1444	1634	1909	1857	2253	2442	2786	2941	3268	3182	2734	3199	2872	2648	2631	2700	2545	2390	2287	1892	2115	1668	1221	1032	860	653	0	326	894	
1462	584	1118	1358	1651	1668	2081	2304	2683	2855	3233	3182	2786	3285	2975	2786	2803	2906	2786	2648	2580	2201	2442	1995	1548	1341	1135	860	326	0	584	
1943	705	791	1152	1513	1720	2132	2408	2820	3061	3474	3491	3164	3698	3440	3302	3336	3474	3354	3233	3182	2786	3027	2562	2115	1857	1582	1204	894	584	0	
V2
0	1398	2079	1950	1950	1508	1766	1748	1968	1968	2208	2005	1472	1968	1619	1435	1508	1692	1674	1692	1840	1600	2263	2005	1711	1895	2060	2079	1453	1564	2079	
1398	0	754	864	1140	1177	1619	1876	2300	2520	2962	2962	2631	3201	2962	2815	2907	3091	3017	2944	2962	2594	2999	2557	2097	1968	1821	1545	883	625	754	
2079	754	0	441	846	1232	1600	1950	2392	2723	3201	3312	3109	3716	3532	3459	3569	3790	3753	3698	3735	3367	3753	3293	2833	2649	2428	2060	1545	1196	846	
1950	864	441	0	386	828	1159	1527	1968	2300	2796	2944	2778	3404	3275	3238	3385	3624	3624	3624	3716	3367	3845	3422	2962	2852	2668	2355	1748	1453	1232	
1950	1140	846	386	0	570	791	1159	1600	1950	2447	2649	2576	3183	3109	3109	3293	3569	3606	3643	3772	3459	3992	3606	3183	3091	2962	2686	2042	1766	1619	
1508	1177	1232	828	570	0	441	717	1159	1472	1950	2116	2005	2612	2539	2557	2741	3054	3128	3183	3348	3091	3680	3348	2944	2944	2907	2686	1987	1784	1840	
1766	1619	1600	1159	791	441	0	368	791	1159	1656	1895	1913	2502	2520	2612	2833	3183	3293	3385	3606	3385	4011	3698	3330	3348	3330	3128	2410	2226	2281	
1748	1876	1950	1527	1159	717	368	0	441	791	1288	1545	1619	2189	2244	2373	2631	2980	3128	3275	3514	3330	4011	3735	3404	3477	3477	3330	2612	2465	2576	
1968	2300	2392	1968	1600	1159	791	441	0	404	883	1232	1472	1968	2134	2318	2594	2980	3164	3348	3643	3496	4213	3992	3680	3790	3827	3698	2980	2870	3017	
1968	2520	2723	2300	1950	1472	1159	791	404	0	496	828	1159	1600	1821	2060	2355	2741	2962	3183	3496	3404	4140	3974	3680	3845	3937	3845	3146	3054	3275	
2208	2962	3201	2796	2447	1950	1656	1288	883	496	0	478	1048	1324	1656	1950	2263	2649	2925	3183	3532	3514	4268	4140	3919	4103	4250	4195	3496	3459	3716	
2005	2962	3312	2944	2649	2116	1895	1545	1232	828	478	0	644	828	1177	1508	1803	2189	2484	2760	3128	3146	3900	3827	3643	3882	4066	4066	3404	3404	3735	
1472	2631	3109	2778	2576	2005	1913	1619	1472	1159	1048	644	0	607	662	901	1214	1600	1858	2116	2484	2502	3256	3201	3036	3293	3514	3569	2925	2980	3385	
1968	3201	3716	3404	3183	2612	2502	2189	1968	1600	1324	828	607	0	496	883	1159	1508	1840	2152	2557	2668	3422	3459	3367	3680	3937	4029	3422	3514	3956	
1619	2962	3532	3275	3109	2539	2520	2244	2134	1821	1656	1177	662	496	0	368	662	1012	1343	1656	2042	2171	2907	2962	2888	3220	3496	3624	3072	3183	3680	
1435	2815	3459	3238	3109	2557	2612	2373	2318	2060	1950	1508	901	883	368	0	294	680	975	1288	1674	1803	2539	2594	2539	2888	3201	3348	2833	2980	3532	
1508	2907	3569	3385	3293	2741	2833	2631	2594	2355	2263	1803	1214	1159	662	294	0	386	680	993	1398	1564	2300	2392	2392	2760	3091	3275	2815	2999	3569	
1692	3091	3790	3624	3569	3054	3183	2980	2980	2741	2649	2189	1600	1508	1012	680	386	0	349	699	1104	1361	2042	2208	2281	2686	3054	3293	2888	3109	3716	
1674	3017	3753	3624	3606	3128	3293	3128	3164	2962	2925	2484	1858	1840	1343	975	680	349	0	349	754	1030	1692	1876	1987	2410	2796	3054	2723	2980	3588	
1692	2944	3698	3624	3643	3183	3385	3275	3348	3183	3183	2760	2116	2152	1656	1288	993	699	349	0	404	699	1343	1545	1692	2116	2520	2815	2557	2833	3459	
1840	2962	3735	3716	3772	3348	3606	3514	3643	3496	3532	3128	2484	2557	2042	1674	1398	1104	754	404	0	441	938	1196	1435	1858	2281	2631	2447	2760	3404	
1600	2594	3367	3367	3459	3091	3385	3330	3496	3404	3514	3146	2502	2668	2171	1803	1564	1361	1030	699	441	0	754	828	993	1435	1858	2189	2024	2355	2980	
2263	2999	3753	3845	3992	3680	4011	4011	4213	4140	4268	3900	3256	3422	2907	2539	2300	2042	1692	1343	938	754	0	515	956	1324	1766	2171	2263	2612	3238	
2005	2557	3293	3422	3606	3348	3698	3735	3992	3974	4140	3827	3201	3459	2962	2594	2392	2208	1876	1545	1196	828	515	0	460	809	1251	1656	1784	2134	2741	
1711	2097	2833	2962	3183	2944	3330	3404	3680	3680	3919	3643	3036	3367	2888	2539	2392	2281	1987	1692	1435	993	956	460	0	423	864	1232	1306	1656	2263	
1895	1968	2649	2852	3091	2944	3348	3477	3790	3845	4103	3882	3293	3680	3220	2888	2760	2686	2410	2116	1858	1435	1324	809	423	0	441	846	1104	1435	1987	
2060	1821	2428	2668	2962	2907	3330	3477	3827	3937	4250	4066	3514	3937	3496	3201	3091	3054	2796	2520	2281	1858	1766	1251	864	441	0	423	920	1214	1692	
2079	1545	2060	2355	2686	2686	3128	3330	3698	3845	4195	4066	3569	4029	3624	3348	3275	3293	3054	2815	2631	2189	2171	1656	1232	846	423	0	699	920	1288	
1453	883	1545	1748	2042	1987	2410	2612	2980	3146	3496	3404	2925	3422	3072	2833	2815	2888	2723	2557	2447	2024	2263	1784	1306	1104	920	699	0	349	956	
1564	625	1196	1453	1766	1784	2226	2465	2870	3054	3459	3404	2980	3514	3183	2980	2999	3109	2980	2833	2760	2355	2612	2134	1656	1435	1214	920	349	0	625	
2079	754	846	1232	1619	1840	2281	2576	3017	3275	3716	3735	3385	3956	3680	3532	3569	3716	3588	3459	3404	2980	3238	2741	2263	1987	1692	1288	956	625	0	
V3
0	1307	1943	1823	1823	1410	1651	1634	1840	1840	2064	1874	1376	1840	1513	1341	1410	1582	1565	1582	1720	1496	2115	1874	1599	1771	1926	1943	1358	1462	1943	
1307	0	705	808	1066	1100	1513	1754	2150	2356	2769	2769	2459	2992	2769	2631	2717	2889	2820	2752	2769	2425	2803	2390	1960	1840	1702	1444	825	584	705	
1943	705	0	412	791	1152	1496	1823	2236	2545	2992	3096	2906	3474	3302	3233	3336	3543	3508	3457	3491	3147	3508	3078	2648	2476	2270	1926	1444	1118	791	
1823	808	412	0	361	774	1083	1427	1840	2150	2614	2752	2597	3182	3061	3027	3164	3388	3388	3388	3474	3147	3594	3199	2769	2666	2494	2201	1634	1358	1152	
1823	1066	791	361	0	533	739	1083	1496	1823	2287	2476	2408	2975	2906	2906	3078	3336	3371	3405	3526	3233	3732	3371	2975	2889	2769	2511	1909	1651	1513	
1410	1100	1152	774	533	0	412	670	1083	1376	1823	1978	1874	2442	2373	2390	2562	2855	2924	2975	3130	2889	3440	3130	2752	2752	2717	2511	1857	1668	1720	
1651	1513	1496	1083	739	412	0	344	739	1083	1548	1771	1788	2339	2356	2442	2648	2975	3078	3164	3371	3164	3749	3457	3113	3130	3113	2924	2253	2081	2132	
1634	1754	1823	1427	1083	670	344	0	412	739	1204	1444	1513	2046	2098	2218	2459	2786	2924	3061	3285	3113	3749	3491	3182	3250	3250	3113	2442	2304	2408	
1840	2150	2236	1840	1496	1083	739	412	0	378	825	1152	1376	1840	1995	2167	2425	2786	2958	3130	3405	3268	3938	3732	3440	3543	3577	3457	2786	2683	2820	
1840	2356	2545	2150	1823	1376	1083	739	378	0	464	774	1083	1496	1702	1926	2201	2562	2769	2975	3268	3182	3870	3715	3440	3594	3680	3594	2941	2855	3061	
2064	2769	2992	2614	2287	1823	1548	1204	825	464	0	447	980	1238	1548	1823	2115	2476	2734	2975	3302	3285	3990	3870	3663	3835	3973	3921	3268	3233	3474	
1874	2769	3096	2752	2476	1978	1771	1444	1152	774	447	0	602	774	1100	1410	1685	2046	2322	2580	2924	2941	3646	3577	3405	3629	3801	3801	3182	3182	3491	
1376	2459	2906	2597	2408	1874	1788	1513	1376	1083	980	602	0	567	619	842	1135	1496	1737	1978	2322	2339	3044	2992	2838	3078	3285	3336	2734	2786	3164	
1840	2992	3474	3182	2975	2442	2339	2046	1840	1496	1238	774	567	0	464	825	1083	1410	1720	2012	2390	2494	3199	3233	3147	3440	3680	3766	3199	3285	3698	
1513	2769	3302	3061	2906	2373	2356	2098	1995	1702	1548	1100	619	464	0	344	619	946	1255	1548	1909	2029	2717	2769	2700	3010	3268	3388	2872	2975	3440	
1341	2631	3233	3027	2906	2390	2442	2218	2167	1926	1823	1410	842	825	344	0	275	636	911	1204	1565	1685	2373	2425	2373	2700	2992	3130	2648	2786	3302	
1410	2717	3336	3164	3078	2562	2648	2459	2425	2201	2115	1685	1135	1083	619	275	0	361	636	928	1307	1462	2150	2236	2236	2580	2889	3061	2631	2803	3336	
1582	2889	3543	3388	3336	2855	2975	2786	2786	2562	2476	2046	1496	1410	946	636	361	0	326	653	1032	1272	1909	2064	2132	2511	2855	3078	2700	2906	3474	
1565	2820	3508	3388	3371	2924	3078	2924	2958	2769	2734	2322	1737	1720	1255	911	636	326	0	326	705	963	1582	1754	1857	2253	2614	2855	2545	2786	3354	
1582	2752	3457	3388	3405	2975	3164	3061	3130	2975	2975	2580	1978	2012	1548	1204	928	653	326	0	378	653	1255	1444	1582	1978	2356	2631	2390	2648	3233	
1720	2769	3491	3474	3526	3130	3371	3285	3405	3268	3302	2924	2322	2390	1909	1565	1307	1032	705	378	0	412	877	1118	1341	1737	2132	2459	2287	2580	3182	
1496	2425	3147	3147	3233	2889	3164	3113	3268	3182	3285	2941	2339	2494	2029	1685	1462	1272	963	653	412	0	705	774	928	1341	1737	2046	1892	2201	2786	
2115	2803	3508	3594	3732	3440	3749	3749	3938	3870	3990	3646	3044	3199	2717	2373	2150	1909	1582	1255	877	705	0	481	894	1238	1651	2029	2115	2442	3027	
1874	2390	3078	3199	3371	3130	3457	3491	3732	3715	3870	3577	2992	3233	2769	2425	2236	2064	1754	1444	1118	774	481	0	430	756	1169	1548	1668	1995	2562	
1599	1960	2648	2769	2975	2752	3113	3182	3440	3440	3663	3405	2838	3147	2700	2373	2236	2132	1857	1582	1341	928	894	430	0	395	808	1152	1221	1548	2115	
1771	1840	2476	2666	2889	2752	3130	3250	3543	3594	3835	3629	3078	3440	3010	2700	2580	2511	2253	1978	1737	1341	1238	756	395	0	412	791	1032	1341	1857	
1926	1702	2270	2494	2769	2717	3113	3250	3577	3680	3973	3801	3285	3680	3268	2992	2889	2855	2614	2356	2132	1737	1651	1169	808	412	0	395	860	1135	1582	
1943	1444	1926	2201	2511	2511	2924	3113	3457	3594	3921	3801	3336	3766	3388	3130	3061	3078	2855	2631	2459	2046	2029	1548	1152	791	395	0	653	860	1204	
1358	825	1444	1634	1909	1857	2253	2442	2786	2941	3268	3182	2734	3199	2872	2648	2631	2700	2545	2390	2287	1892	2115	1668	1221	1032	860	653	0	326	894	
1462	584	1118	1358	1651	1668	2081	2304	2683	2855	3233	3182	2786	3285	2975	2786	2803	2906	2786	2648	2580	2201	2442	1995	1548	1341	1135	860	326	0	584	
1943	705	791	1152	1513	1720	2132	2408	2820	3061	3474	3491	3164	3698	3440	3302	3336	3474	3354	3233	3182	2786	3027	2562	2115	1857	1582	1204	894	584	0	
V4
0	1185	1762	1653	1653	1279	1497	1482	1669	1669	1872	1700	1248	1669	1372	1216	1279	1435	1419	1435	1560	1357	1918	1700	1450	1606	1747	1762	1232	1326	1762	
1185	0	639	733	967	998	1372	1591	1950	2137	2511	2511	2230	2714	2511	2386	2464	2620	2558	2496	2511	2199	2542	2168	1778	1669	1544	1310	748	530	639	
1762	639	0	374	717	1045	1357	1653	2028	2308	2714	2808	2636	3151	2995	2932	3026	3213	3182	3135	3166	2854	3182	2792	2402	2246	2059	1747	1310	1014	717	
1653	733	374	0	327	702	982	1294	1669	1950	2371	2496	2355	2886	2776	2745	2870	3073	3073	3073	3151	2854	3260	2901	2511	2418	2262	1996	1482	1232	1045	
1653	967	717	327	0	483	670	982	1357	1653	2074	2246	2184	2698	2636	2636	2792	3026	3057	3088	3198	2932	3385	3057	2698	2620	2511	2277	1731	1497	1372	
1279	998	1045	702	483	0	374	608	982	1248	1653	1794	1700	2215	2152	2168	2324	2589	2652	2698	2839	2620	3120	2839	2496	2496	2464	2277	1684	1513	1560	
1497	1372	1357	982	670	374	0	312	670	982	1404	1606	1622	2121	2137	2215	2402	2698	2792	2870	3057	2870	3400	3135	2823	2839	2823	2652	2043	1887	1934	
1482	1591	1653	1294	982	608	312	0	374	670	1092	1310	1372	1856	1903	2012	2230	2527	2652	2776	2979	2823	3400	3166	2886	2948	2948	2823	2215	2090	2184	
1669	1950	2028	1669	1357	982	670	374	0	343	748	1045	1248	1669	1809	1965	2199	2527	2683	2839	3088	2964	3572	3385	3120	3213	3244	3135	2527	2433	2558	
1669	2137	2308	1950	1653	1248	982	670	343	0	421	702	982	1357	1544	1747	1996	2324	2511	2698	2964	2886	3510	3369	3120	3260	3338	3260	2667	2589	2776	
1872	2511	2714	2371	2074	1653	1404	1092	748	421	0	405	889	1123	1404	1653	1918	2246	2480	2698	2995	2979	3619	3510	3322	3478	3603	3556	2964	2932	3151	
1700	2511	2808	2496	2246	1794	1606	1310	1045	702	405	0	546	702	998	1279	1528	1856	2106	2340	2652	2667	3307	3244	3088	3291	3447	3447	2886	2886	3166	
1248	2230	2636	2355	2184	1700	1622	1372	1248	982	889	546	0	514	561	764	1029	1357	1575	1794	2106	2121	2761	2714	2574	2792	2979	3026	2480	2527	2870	
1669	2714	3151	2886	2698	2215	2121	1856	1669	1357	1123	702	514	0	421	748	982	1279	1560	1825	2168	2262	2901	2932	2854	3120	3338	3416	2901	2979	3354	
1372	2511	2995	2776	2636	2152	2137	1903	1809	1544	1404	998	561	421	0	312	561	858	1138	1404	1731	1840	2464	2511	2449	2730	2964	3073	2605	2698	3120	
1216	2386	2932	2745	2636	2168	2215	2012	1965	1747	1653	1279	764	748	312	0	249	577	826	1092	1419	1528	2152	2199	2152	2449	2714	2839	2402	2527	2995	
1279	2464	3026	2870	2792	2324	2402	2230	2199	1996	1918	1528	1029	982	561	249	0	327	577	842	1185	1326	1950	2028	2028	2340	2620	2776	2386	2542	3026	
1435	2620	3213	3073	3026	2589	2698	2527	2527	2324	2246	1856	1357	1279	858	577	327	0	296	592	936	1154	1731	1872	1934	2277	2589	2792	2449	2636	3151	
1419	2558	3182	3073	3057	2652	2792	2652	2683	2511	2480	2106	1575	1560	1138	826	577	296	0	296	639	873	1435	1591	1684	2043	2371	2589	2308	2527	3042	
1435	2496	3135	3073	3088	2698	2870	2776	2839	2698	2698	2340	1794	1825	1404	1092	842	592	296	0	343	592	1138	1310	1435	1794	2137	2386	2168	2402	2932	
1560	2511	3166	3151	3198	2839	3057	2979	3088	2964	2995	2652	2106	2168	1731	1419	1185	936	639	343	0	374	795	1014	1216	1575	1934	2230	2074	2340	2886	
1357	2199	2854	2854	2932	2620	2870	2823	2964	2886	2979	2667	2121	2262	1840	1528	1326	1154	873	592	374	0	639	702	842	1216	1575	1856	1716	1996	2527	
1918	2542	3182	3260	3385	3120	3400	3400	3572	3510	3619	3307	2761	2901	2464	2152	1950	1731	1435	1138	795	639	0	436	811	1123	1497	1840	1918	2215	2745	
1700	2168	2792	2901	3057	2839	3135	3166	3385	3369	3510	3244	2714	2932	2511	2199	2028	1872	1591	1310	1014	702	436	0	390	686	1060	1404	1513	1809	2324	
1450	1778	2402	2511	2698	2496	2823	2886	3120	3120	3322	3088	2574	2854	2449	2152	2028	1934	1684	1435	1216	842	811	390	0	358	733	1045	1107	1404	1918	
1606	1669	2246	2418	2620	2496	2839	2948	3213	3260	3478	3291	2792	3120	2730	2449	2340	2277	2043	1794	1575	1216	1123	686	358	0	374	717	936	1216	1684	
1747	1544	2059	2262	2511	2464	2823	2948	3244	3338	3603	3447	2979	3338	2964	2714	2620	2589	2371	2137	1934	1575	1497	1060	733	374	0	358	780	1029	1435	
1762	1310	1747	1996	2277	2277	2652	2823	3135	3260	3556	3447	3026	3416	3073	2839	2776	2792	2589	2386	2230	1856	1840	1404	1045	717	358	0	592	780	1092	
1232	748	1310	1482	1731	1684	2043	2215	2527	2667	2964	2886	2480	2901	2605	2402	2386	2449	2308	2168	2074	1716	1918	1513	1107	936	780	592	0	296	811	
1326	530	1014	1232	1497	1513	1887	2090	2433	2589	2932	2886	2527	2979	2698	2527	2542	2636	2527	2402	2340	1996	2215	1809	1404	1216	1029	780	296	0	530	
1762	639	717	1045	1372	1560	1934	2184	2558	2776	3151	3166	2870	3354	3120	2995	3026	3151	3042	2932	2886	2527	2745	2324	1918	1684	1435	1092	811	530	0	
V5
0	1383	2056	1929	1929	1492	1747	1729	1947	1947	2184	1983	1456	1947	1601	1419	1492	1674	1656	1674	1820	1583	2238	1983	1692	1874	2038	2056	1437	1547	2056	
1383	0	746	855	1128	1164	1601	1856	2275	2493	2930	2930	2602	3166	2930	2784	2875	3057	2984	2912	2930	2566	2966	2529	2074	1947	1801	1528	873	618	746	
2056	746	0	436	837	1219	1583	1929	2366	2693	3166	3276	3075	3676	3494	3421	3530	3749	3712	3658	3694	3330	3712	3257	2802	2620	2402	2038	1528	1183	837	
1929	855	436	0	382	819	1146	1510	1947	2275	2766	2912	2748	3367	3239	3203	3348	3585	3585	3585	3676	3330	3803	3385	2930	2821	2639	2329	1729	1437	1219	
1929	1128	837	382	0	564	782	1146	1583	1929	2420	2620	2548	3148	3075	3075	3257	3530	3567	3603	3731	3421	3949	3567	3148	3057	2930	2657	2020	1747	1601	
1492	1164	1219	819	564	0	436	709	1146	1456	1929	2093	1983	2584	2511	2529	2711	3021	3094	3148	3312	3057	3640	3312	2912	2912	2875	2657	1965	1765	1820	
1747	1601	1583	1146	782	436	0	364	782	1146	1638	1874	1892	2475	2493	2584	2802	3148	3257	3348	3567	3348	3967	3658	3294	3312	3294	3094	2384	2202	2256	
1729	1856	1929	1510	1146	709	364	0	436	782	1274	1528	1601	2165	2220	2347	2602	2948	3094	3239	3476	3294	3967	3694	3367	3439	3439	3294	2584	2438	2548	
