M: 4
N: 30
Nun_Veiculos: 9
Capacidade_Total: 575
Demanda_Total: 443
Setup_Min: 1
Setup_Max: 9
Raio: 100
Circulos: 1
Tempo_Processamento_Min: 1
Tempo_Processamento_Max: 49
Demanda_Min: 10
Demanda_Max: 30
Priority_Factor: 0.2
Range_Factor_R: 0.8
U_factor: 2
ALpha: 0.2Replicao: 3
Tempos_Processamentos
0	0	1	0	2	0	3	0	
0	12	1	41	2	13	3	10	
0	19	1	14	2	30	3	12	
0	29	1	19	2	5	3	43	
0	2	1	49	2	21	3	35	
0	3	1	22	2	46	3	45	
0	26	1	11	2	36	3	34	
0	16	1	22	2	47	3	21	
0	43	1	35	2	17	3	12	
0	16	1	25	2	26	3	3	
0	2	1	2	2	47	3	9	
0	46	1	49	2	9	3	40	
0	38	1	7	2	12	3	23	
0	34	1	33	2	22	3	1	
0	27	1	34	2	1	3	3	
0	7	1	32	2	16	3	1	
0	22	1	24	2	15	3	29	
0	19	1	33	2	23	3	35	
0	14	1	45	2	41	3	21	
0	49	1	2	2	14	3	41	
0	12	1	33	2	7	3	13	
0	4	1	23	2	4	3	31	
0	45	1	48	2	12	3	36	
0	35	1	1	2	7	3	40	
0	1	1	2	2	46	3	3	
0	28	1	16	2	25	3	15	
0	41	1	49	2	30	3	7	
0	40	1	5	2	4	3	2	
0	8	1	45	2	28	3	36	
0	7	1	46	2	46	3	21	
0	22	1	12	2	43	3	44	

Tempos_setup
M0
0	0	0	0	0	0	0	0	0	0	0	0	0	0	0	0	0	0	0	0	0	0	0	0	0	0	0	0	0	0	0	
0	0	2	3	2	2	1	2	3	2	1	2	2	3	2	1	4	3	3	3	2	2	3	1	2	2	3	3	3	2	2	
0	3	0	3	2	1	1	3	2	2	4	2	2	2	4	2	4	2	3	2	4	2	2	3	2	2	2	3	2	2	1	
0	3	2	0	3	3	2	3	3	2	4	2	3	2	2	2	1	2	3	2	3	2	2	1	2	3	3	3	1	3	3	
0	3	3	3	0	3	3	2	4	4	2	3	4	4	3	3	4	2	1	3	3	3	2	3	3	3	4	2	4	3	4	
0	3	2	3	1	0	1	2	2	3	3	1	2	2	3	2	3	2	2	1	4	2	2	3	1	2	1	3	2	1	1	
0	2	2	2	2	2	0	2	3	3	3	3	2	2	4	2	3	2	3	3	4	1	3	3	2	1	3	3	2	3	1	
0	2	2	3	2	3	3	0	2	2	3	3	2	3	2	1	3	4	3	3	3	2	3	1	1	1	2	3	3	3	3	
0	2	1	1	2	2	2	1	0	3	3	3	2	1	3	2	2	3	1	3	4	3	1	2	1	2	3	4	2	2	2	
0	2	2	2	2	2	2	2	4	0	3	3	2	3	4	1	3	4	1	3	4	3	2	3	3	3	1	3	3	3	3	
0	4	1	3	2	2	2	3	2	3	0	3	3	2	1	3	4	2	2	3	1	2	3	3	3	1	3	3	2	1	2	
0	2	1	3	2	2	2	3	2	2	3	0	3	2	2	3	4	1	3	2	3	3	1	3	3	2	2	2	1	2	2	
0	2	2	4	3	3	3	3	3	2	3	4	0	1	4	3	5	4	3	4	2	4	1	3	4	4	3	5	4	2	3	
0	4	1	4	2	2	2	3	3	2	4	3	2	0	4	3	5	3	3	3	4	3	3	3	3	3	3	4	3	2	2	
0	3	2	3	3	3	3	3	2	2	4	2	3	2	0	3	4	3	2	3	1	3	2	2	3	3	3	4	1	3	2	
0	1	1	4	1	2	2	3	3	3	2	3	1	2	3	0	5	3	2	3	3	3	2	2	3	3	3	2	3	3	2	
0	2	2	2	2	2	1	2	3	3	3	3	2	2	3	1	0	1	3	2	4	1	3	3	2	2	3	2	2	3	2	
0	3	3	3	2	1	1	3	3	3	4	2	3	3	2	3	4	0	2	1	3	2	2	4	2	2	2	1	2	2	2	
0	2	3	4	1	4	3	1	3	3	3	3	3	4	3	2	4	3	0	4	4	3	1	2	2	2	3	3	4	2	4	
0	3	2	4	3	2	2	3	3	2	4	2	4	2	3	3	3	1	2	0	4	3	2	4	3	3	3	2	1	3	3	
0	3	2	2	2	3	3	2	1	3	4	3	2	1	3	2	3	2	1	2	0	2	2	3	2	3	4	3	3	2	1	
0	3	2	1	1	1	2	1	3	2	3	2	3	1	3	2	2	3	2	2	4	0	2	2	1	2	2	2	1	2	2	
0	1	3	3	3	3	2	3	2	2	2	3	3	3	3	2	4	3	3	4	3	3	0	2	3	3	3	4	4	1	3	
0	3	3	3	3	3	3	3	2	1	4	2	3	3	1	2	4	3	2	4	2	2	3	0	3	4	2	4	2	2	3	
0	4	4	4	4	4	3	4	5	5	3	5	4	4	4	3	2	3	5	4	4	3	5	5	0	4	5	4	4	4	3	
0	4	3	2	2	2	3	2	2	3	2	3	4	2	3	3	3	3	3	2	3	1	3	3	2	0	3	3	2	3	3	
0	3	3	3	3	3	1	3	4	2	3	4	3	3	4	3	4	3	2	4	4	2	3	4	3	2	0	4	3	4	2	
0	3	2	4	2	3	3	2	3	3	4	1	4	2	1	3	5	2	1	3	2	4	2	3	3	3	2	0	2	2	3	
0	2	1	3	2	2	2	3	2	1	3	1	3	1	3	2	3	2	2	3	3	3	1	3	3	2	2	3	0	2	2	
0	3	2	2	3	3	2	2	1	4	3	2	3	2	4	3	3	2	2	3	4	3	2	3	2	3	4	3	3	0	2	
0	2	1	2	2	2	2	3	2	3	3	2	1	1	3	1	3	1	3	2	3	3	2	3	3	2	3	2	3	3	0	
M1
0	0	0	0	0	0	0	0	0	0	0	0	0	0	0	0	0	0	0	0	0	0	0	0	0	0	0	0	0	0	0	
0	0	3	2	2	3	3	3	2	3	1	3	1	4	3	2	3	2	1	2	2	1	3	1	2	2	1	3	2	2	3	
0	2	0	3	3	3	4	2	3	4	2	5	1	1	4	2	4	3	3	2	3	3	3	2	4	4	3	4	4	4	4	
0	2	4	0	2	3	1	2	3	2	2	2	3	4	3	3	2	3	2	2	2	2	2	3	1	3	1	1	3	3	2	
0	3	3	3	0	3	4	2	2	3	2	3	4	3	2	2	1	1	2	2	3	3	3	2	3	3	3	4	3	2	2	
0	3	3	2	4	0	3	2	3	3	2	3	4	4	3	2	1	2	3	2	2	1	3	1	3	1	3	3	4	2	2	
0	2	3	3	1	3	0	2	2	1	1	2	2	3	3	2	2	2	3	3	3	3	1	3	2	3	2	1	2	3	3	
0	2	2	2	4	2	3	0	4	3	3	4	3	3	4	2	3	3	1	1	3	3	2	2	2	2	3	3	2	4	3	
0	3	3	2	3	3	3	2	0	2	2	3	4	4	3	2	1	2	1	2	1	3	2	2	3	2	3	3	2	4	3	
0	2	2	3	3	4	3	3	1	0	2	2	2	3	4	3	2	3	2	3	2	3	3	3	2	3	2	1	3	4	3	
0	4	2	3	4	2	3	3	3	2	0	4	3	3	3	1	3	2	2	4	4	3	3	2	4	3	4	3	3	4	3	
0	3	3	1	2	3	2	2	2	2	2	0	4	3	2	2	2	1	1	3	2	3	2	1	2	1	2	2	1	3	2	
0	1	3	2	3	2	3	3	3	3	1	4	0	4	3	2	3	2	2	1	2	2	2	1	3	3	2	3	3	3	3	
0	3	4	3	2	4	4	3	2	4	3	4	2	0	4	4	3	3	3	3	3	4	3	2	4	4	2	4	4	4	4	
0	4	5	4	2	5	4	3	3	5	4	5	3	1	0	4	3	3	3	4	4	5	4	3	5	3	3	4	4	4	4	
0	3	1	3	3	1	2	3	4	3	3	3	2	2	4	0	2	3	4	3	3	2	2	2	3	2	3	2	3	3	3	
0	2	2	2	4	2	3	1	2	3	1	2	3	3	3	1	0	2	2	1	3	3	2	1	3	3	3	3	3	4	3	
0	2	3	3	3	3	4	1	2	3	3	5	3	2	1	3	3	0	2	2	3	2	3	3	3	3	3	4	3	2	1	
0	4	2	3	4	2	3	3	4	4	2	3	3	3	3	1	2	3	0	3	4	3	3	3	3	1	4	3	1	4	3	
0	3	2	1	3	1	2	2	3	2	3	3	3	3	4	1	2	3	3	0	3	2	1	2	2	2	2	2	4	3	2	
0	4	3	3	4	3	3	2	3	2	3	2	4	3	4	2	2	3	3	3	0	2	1	3	4	3	4	3	2	3	3	
0	3	3	3	4	3	3	3	3	2	1	3	3	3	4	2	3	3	3	2	1	0	2	3	2	4	4	3	3	1	3	
0	3	3	3	3	3	2	1	2	1	2	2	3	4	4	3	3	3	2	2	3	4	0	3	3	3	3	2	3	5	4	
0	3	4	1	3	2	2	2	3	3	3	3	4	3	2	4	3	1	3	3	3	3	3	0	2	3	2	2	4	3	2	
0	1	3	2	2	2	1	2	3	2	2	2	2	4	3	2	3	3	2	1	1	2	1	2	0	3	2	2	2	3	1	
0	3	5	4	4	5	4	3	4	3	4	3	4	3	2	4	3	4	4	4	4	4	2	4	3	0	3	2	4	5	4	
0	4	4	3	1	4	2	3	3	3	3	2	4	4	3	3	2	2	3	3	4	4	3	3	4	3	0	3	3	3	3	
0	1	3	2	2	3	2	2	2	2	2	1	2	4	3	2	1	2	2	2	2	2	2	2	1	2	1	0	2	3	2	
0	3	3	3	4	3	3	2	3	3	1	2	4	4	4	2	1	3	1	2	3	4	3	2	2	2	4	4	0	4	3	
0	2	3	2	3	2	2	3	2	1	3	3	2	2	4	2	3	4	3	1	2	3	2	3	1	3	3	2	3	0	2	
0	1	3	3	2	3	4	4	3	3	2	4	2	4	3	3	3	3	2	2	3	2	3	2	3	3	2	4	3	3	0	
M2
0	0	0	0	0	0	0	0	0	0	0	0	0	0	0	0	0	0	0	0	0	0	0	0	0	0	0	0	0	0	0	
0	0	3	4	3	3	2	4	2	3	3	1	3	2	3	3	2	3	2	3	2	2	3	4	2	2	3	2	1	2	3	
0	4	0	4	3	3	2	4	3	2	3	1	1	3	3	2	3	3	2	3	2	3	3	2	2	2	3	3	4	2	4	
0	3	2	0	3	2	3	3	2	2	3	3	3	2	2	3	2	3	2	2	3	2	2	4	2	3	2	3	1	4	3	
0	4	4	5	0	3	3	4	3	4	2	3	4	3	4	3	2	4	1	4	4	2	2	4	3	3	3	3	2	3	3	
0	3	2	2	3	0	3	1	2	3	2	2	2	2	3	3	2	2	2	2	3	1	3	2	1	3	3	2	1	3	3	
0	2	3	3	2	1	0	2	2	2	2	3	3	3	3	3	1	3	1	3	3	2	2	3	2	2	1	2	2	3	2	
0	3	2	3	2	1	2	0	3	3	3	1	2	3	2	3	1	2	3	2	2	2	3	1	2	2	3	2	2	2	2	
0	2	1	4	4	2	3	2	0	3	2	2	2	3	3	2	3	3	3	3	3	2	1	2	2	3	3	2	2	3	4	
0	3	2	4	2	2	3	3	1	0	2	2	3	3	3	1	2	3	2	3	3	1	2	2	2	2	4	3	3	4	3	
0	2	3	4	2	2	1	3	3	3	0	2	4	2	3	3	1	3	2	4	2	2	3	4	3	2	2	1	3	4	2	
0	3	3	4	2	2	1	3	3	2	2	0	4	2	2	2	2	3	2	4	1	2	3	4	3	1	2	2	3	4	3	
0	4	3	4	3	2	3	3	2	4	3	2	0	2	3	1	3	3	2	3	3	2	3	4	2	2	3	3	3	4	3	
0	4	3	2	2	3	2	2	3	2	3	3	3	0	4	3	2	1	3	3	3	2	2	3	2	3	1	3	2	3	2	
0	2	1	5	3	3	2	4	3	3	1	1	2	3	0	2	2	4	3	4	2	3	4	3	3	2	3	2	3	3	3	
0	3	2	3	2	1	2	2	1	3	2	2	2	2	2	0	2	3	1	2	3	1	2	3	1	1	3	3	2	3	3	
0	2	2	4	2	3	2	4	2	2	2	2	3	2	2	2	0	3	3	4	3	2	3	4	3	1	3	1	3	4	1	
0	3	3	1	3	3	3	4	2	3	2	2	2	2	3	3	1	0	2	2	2	1	1	4	1	2	3	2	1	4	2	
0	3	3	4	2	3	2	4	2	3	1	3	4	3	3	3	2	4	0	4	3	2	1	4	3	3	2	2	2	2	2	
0	3	2	4	2	4	3	4	2	2	4	2	3	3	4	3	4	3	3	0	3	3	3	4	3	3	4	4	4	3	1	
0	2	4	3	1	4	3	4	4	4	3	2	4	2	4	4	2	3	2	4	0	2	3	5	3	3	3	1	3	4	3	
0	3	3	4	3	3	2	4	2	2	1	1	2	2	3	3	1	3	3	2	2	0	3	4	1	2	3	2	2	4	2	
0	2	2	4	3	3	4	3	1	4	3	3	3	2	4	3	2	3	2	3	4	2	0	3	2	3	3	1	1	4	3	
0	3	2	2	4	3	3	4	3	4	2	2	3	2	1	3	2	1	3	3	3	2	2	0	2	3	3	3	2	4	3	
0	3	2	4	3	3	4	3	1	3	3	3	1	3	4	2	4	4	3	1	4	3	2	3	0	3	3	3	3	3	2	
0	3	2	4	1	2	1	3	2	3	1	2	3	3	1	1	2	3	2	3	3	1	3	4	2	0	2	2	3	4	3	
0	3	2	2	1	2	1	3	2	2	3	3	3	3	3	3	2	3	2	3	4	3	1	4	3	3	0	2	2	2	1	
0	1	3	3	3	4	3	3	3	3	2	2	3	1	3	3	1	2	3	3	3	1	3	4	2	2	2	0	2	3	2	
0	2	2	3	3	2	3	3	1	3	2	2	2	1	3	3	1	2	1	2	3	1	2	3	1	2	2	2	0	3	2	
0	3	2	2	2	1	2	2	1	3	3	3	3	3	3	1	3	3	2	3	4	2	2	3	2	2	1	3	2	0	2	
0	2	1	3	3	3	3	3	1	1	3	2	2	2	3	2	3	2	3	4	3	2	2	3	3	3	3	3	3	3	0	
M3
0	0	0	0	0	0	0	0	0	0	0	0	0	0	0	0	0	0	0	0	0	0	0	0	0	0	0	0	0	0	0	
0	0	2	2	2	3	4	4	3	3	2	2	3	3	3	4	3	4	3	2	2	3	1	4	3	2	3	2	4	4	3	
0	2	0	3	2	2	3	3	3	2	3	2	3	2	2	3	3	3	1	3	1	4	2	5	3	3	2	3	4	3	1	
0	3	2	0	3	2	2	3	2	3	2	2	3	1	3	3	3	2	3	3	1	3	3	4	3	3	2	3	2	4	2	
0	3	3	2	0	2	4	3	1	3	2	2	3	3	1	2	1	4	3	3	1	3	3	4	2	3	2	3	3	2	2	
0	2	3	1	3	0	2	1	3	2	3	3	3	2	3	3	3	3	2	1	2	2	2	3	3	3	2	2	3	4	3	
0	3	2	3	1	3	0	3	2	2	2	3	2	1	2	3	1	2	2	3	2	3	4	4	3	2	3	3	1	3	3	
0	2	2	2	2	3	1	0	3	1	2	3	2	1	2	2	2	2	2	1	3	2	3	2	2	3	1	1	2	3	2	
0	4	3	4	4	3	4	3	0	4	4	3	2	4	4	2	4	4	4	4	4	3	3	3	3	4	4	3	4	3	4	
0	2	2	4	2	4	1	4	3	0	3	3	3	2	1	2	2	3	1	3	3	3	3	4	2	3	2	2	2	2	3	
0	3	3	1	3	2	2	2	3	1	0	3	3	2	2	3	3	3	2	3	2	1	4	2	2	3	2	3	2	3	3	
0	2	1	3	3	3	4	3	4	3	3	0	3	2	2	3	1	3	2	1	2	2	3	3	3	3	3	4	3	3	2	
0	3	1	3	3	3	3	3	3	2	3	3	0	3	3	4	2	3	2	3	2	4	2	5	4	4	3	1	2	2	2	
0	3	1	2	2	3	3	3	3	2	1	3	4	0	2	2	2	1	2	4	2	2	3	3	3	2	3	4	3	3	2	
0	2	3	3	3	3	4	3	2	3	2	2	2	2	0	1	2	3	2	3	4	2	3	3	1	2	2	3	3	1	3	
0	3	2	4	3	4	4	3	4	3	3	1	2	2	3	0	2	3	2	2	3	2	4	3	1	2	2	3	3	3	3	
0	3	4	2	4	3	3	4	3	4	3	3	3	3	1	2	0	4	3	4	3	3	3	4	2	3	3	3	2	2	4	
0	4	3	3	1	3	2	3	2	4	3	2	3	3	2	1	2	0	3	3	2	2	4	3	2	3	3	3	3	3	3	
0	1	1	3	1	3	4	4	2	3	3	3	3	3	1	2	2	4	0	3	2	3	2	4	2	3	3	3	4	2	2	
0	1	2	3	2	4	3	2	3	2	3	3	2	3	2	3	3	4	1	0	3	1	2	2	3	2	3	3	2	3	3	
0	2	2	2	3	1	3	2	4	3	2	1	3	2	3	2	2	3	3	2	0	3	2	4	3	3	1	2	4	4	1	
0	2	3	3	3	4	2	1	4	2	2	4	2	2	3	3	2	3	3	2	4	0	3	1	3	4	2	2	1	4	3	
0	2	1	2	1	3	3	3	2	2	1	3	3	3	2	3	2	4	2	1	2	2	0	3	2	2	3	4	3	3	2	
0	2	2	3	3	4	3	2	4	3	2	3	1	3	3	3	3	2	2	1	3	1	2	0	4	3	3	2	2	3	3	
0	2	2	3	2	4	3	2	3	2	2	3	1	1	2	2	1	2	1	3	3	1	3	2	0	1	1	2	2	3	2	
0	3	2	3	4	3	4	3	5	3	2	3	2	2	4	2	3	3	3	4	3	2	4	3	3	0	1	2	3	4	2	
0	3	2	2	3	3	3	3	4	2	1	2	2	1	3	1	2	2	3	3	3	2	4	3	2	3	0	1	3	4	1	
0	3	2	3	3	2	2	2	3	1	2	4	1	3	2	3	1	2	2	3	3	3	3	4	3	4	3	0	3	3	3	
0	2	2	3	2	3	1	4	3	3	3	3	1	2	2	3	1	3	3	2	3	3	3	3	2	3	3	2	0	3	2	
0	1	2	2	3	3	3	4	1	2	2	3	3	1	1	2	3	2	3	3	3	3	2	4	2	3	3	3	4	0	3	
0	3	1	3	3	3	4	4	3	3	2	3	2	1	3	3	3	2	2	4	2	3	3	4	4	2	3	3	4	4	0	
Tamanho_Tarefas
0	17	15	22	10	29	25	19	19	16	4	11	16	1	14	7	16	23	15	3	16	6	33	8	12	15	14	4	8	17	28	
Data_Entrega
0	202	175	186	166	197	180	182	204	194	172	180	193	196	192	173	206	168	194	198	179	179	194	193	192	196	184	203	190	179	208	
Penalidade_Atraso
0	11	12	20	7	10	4	19	12	5	3	4	18	16	18	17	11	17	6	9	3	5	20	11	3	17	2	18	9	18	18	
Capacidade_Veiculo
64	86	54	46	45	34	97	95	54	
Custo_Fixo_Veiculo
640	860	540	460	450	340	970	950	540	
Coordenadas_Clientes
x	0	y	0
x	84	y	0
x	107	y	22
x	78	y	34
x	76	y	55
x	77	y	86
x	59	y	103
x	38	y	118
x	12	y	122
x	-12	y	117
x	-26	y	81
x	-61	y	106
x	-62	y	69
x	-92	y	67
x	-107	y	47
x	-106	y	22
x	-75	y	0
x	-115	y	-24
x	-104	y	-46
x	-84	y	-61
x	-79	y	-88
x	-41	y	-71
x	-34	y	-106
x	-8	y	-81
x	9	y	-89
x	36	y	-111
x	40	y	-69
x	72	y	-80
x	91	y	-66
x	96	y	-43
x	95	y	-20
Tempo_Viagem
0	84	109	85	93	115	118	123	122	117	85	122	92	113	116	108	75	117	113	103	118	81	111	81	89	116	79	107	112	105	97	
84	0	31	34	55	86	105	126	141	151	136	179	161	188	196	191	159	200	193	178	184	143	158	122	116	120	81	80	66	44	22	
109	31	0	31	45	70	94	118	137	152	145	187	175	204	215	213	183	226	221	208	215	174	189	153	147	150	112	107	88	65	43	
85	34	31	0	21	52	71	93	110	122	114	156	144	173	185	184	156	201	198	187	198	158	179	143	141	150	109	114	100	78	56	
93	55	45	21	0	31	50	73	92	107	105	146	138	168	183	184	160	206	206	196	210	171	194	159	158	170	129	135	121	99	77	
115	86	70	52	31	0	24	49	74	94	103	139	140	170	188	193	174	220	224	218	233	196	221	187	187	201	159	166	152	130	107	
118	105	94	71	50	24	0	25	50	72	87	120	124	154	174	183	169	215	220	217	235	199	228	195	198	215	173	183	171	149	127	
123	126	118	93	73	49	25	0	26	50	73	99	110	139	160	172	163	208	216	216	236	204	234	204	209	229	187	200	191	170	148	
122	141	137	110	92	74	50	26	0	24	55	74	91	117	140	154	149	192	203	206	228	200	232	203	211	234	193	210	203	185	163	
117	151	152	122	107	94	72	50	24	0	38	50	69	94	118	133	132	174	186	191	215	190	224	198	206	232	193	214	209	193	173	
85	136	145	114	105	103	87	73	55	38	0	43	37	67	87	99	94	137	148	153	177	152	187	162	173	201	163	188	187	173	157	
122	179	187	156	146	139	120	99	74	50	43	0	37	49	74	95	106	140	157	167	194	178	213	194	207	237	201	228	229	216	200	
92	161	175	144	138	140	124	110	91	69	37	37	0	30	50	64	70	107	122	131	157	141	176	159	173	204	171	199	204	193	180	
113	188	204	173	168	170	154	139	117	94	67	49	30	0	25	47	69	93	113	128	155	147	182	170	185	219	189	220	225	217	206	
116	196	215	185	183	188	174	160	140	118	87	74	50	25	0	25	56	71	93	110	137	134	169	161	178	212	187	219	227	221	212	
108	191	213	184	184	193	183	172	154	133	99	95	64	47	25	0	38	46	68	85	112	113	146	142	159	193	172	205	215	212	205	
75	159	183	156	160	174	169	163	149	132	94	106	70	69	56	38	0	46	54	61	88	78	113	105	122	156	134	167	178	176	171	
117	200	226	201	206	220	215	208	192	174	137	140	107	93	71	46	46	0	24	48	72	87	115	121	139	173	161	194	210	211	210	
113	193	221	198	206	224	220	216	203	186	148	157	122	113	93	68	54	24	0	25	48	67	92	101	119	153	145	178	196	200	200	
103	178	208	187	196	218	217	216	206	191	153	167	131	128	110	85	61	48	25	0	27	44	67	78	96	130	124	157	175	180	183	
118	184	215	198	210	233	235	236	228	215	177	194	157	155	137	112	88	72	48	27	0	41	48	71	88	117	120	151	171	180	186	
81	143	174	158	171	196	199	204	200	190	152	178	141	147	134	113	78	87	67	44	41	0	35	34	52	86	81	113	132	139	145	
111	158	189	179	194	221	228	234	232	224	187	213	176	182	169	146	113	115	92	67	48	35	0	36	46	70	82	109	131	143	155	
81	122	153	143	159	187	195	204	203	198	162	194	159	170	161	142	105	121	101	78	71	34	36	0	18	52	49	80	100	110	119	
89	116	147	141	158	187	198	209	211	206	173	207	173	185	178	159	122	139	119	96	88	52	46	18	0	34	36	63	85	97	109	
116	120	150	150	170	201	215	229	234	232	201	237	204	219	212	193	156	173	153	130	117	86	70	52	34	0	42	47	70	90	108	
79	81	112	109	129	159	173	187	193	193	163	201	171	189	187	172	134	161	145	124	120	81	82	49	36	42	0	33	51	61	73	
107	80	107	114	135	166	183	200	210	214	188	228	199	220	219	205	167	194	178	157	151	113	109	80	63	47	33	0	23	44	64	
112	66	88	100	121	152	171	191	203	209	187	229	204	225	227	215	178	210	196	175	171	132	131	100	85	70	51	23	0	23	46	
105	44	65	78	99	130	149	170	185	193	173	216	193	217	221	212	176	211	200	180	180	139	143	110	97	90	61	44	23	0	23	
97	22	43	56	77	107	127	148	163	173	157	200	180	206	212	205	171	210	200	183	186	145	155	119	109	108	73	64	46	23	0	
Custo_Viagem
V0
0	1075	1395	1088	1190	1472	1510	1574	1561	1497	1088	1561	1177	1446	1484	1382	960	1497	1446	1318	1510	1036	1420	1036	1139	1484	1011	1369	1433	1344	1241	
1075	0	396	435	704	1100	1344	1612	1804	1932	1740	2291	2060	2406	2508	2444	2035	2560	2470	2278	2368	1830	2022	1561	1484	1536	1036	1024	844	563	281	
1395	396	0	396	576	896	1203	1510	1753	1945	1856	2393	2240	2611	2752	2726	2342	2892	2828	2662	2764	2227	2432	1971	1894	1920	1446	1369	1139	832	550	
1088	435	396	0	268	665	908	1190	1408	1561	1459	1996	1843	2214	2368	2355	1996	2572	2534	2393	2534	2022	2291	1830	1804	1920	1395	1459	1280	1011	716	
1190	704	576	268	0	396	640	934	1177	1369	1344	1868	1766	2150	2342	2355	2048	2636	2636	2521	2688	2188	2483	2035	2022	2176	1651	1728	1548	1280	985	
1472	1100	896	665	396	0	307	640	947	1203	1318	1779	1792	2176	2406	2470	2227	2828	2867	2790	2982	2508	2828	2393	2393	2572	2035	2124	1945	1664	1369	
1510	1344	1203	908	640	307	0	320	640	921	1113	1536	1600	1984	2240	2342	2163	2752	2816	2777	3008	2560	2918	2496	2534	2752	2214	2342	2201	1920	1638	
1574	1612	1510	1190	934	640	320	0	332	640	934	1267	1420	1779	2060	2214	2086	2662	2764	2764	3020	2611	3008	2611	2675	2931	2393	2560	2444	2188	1907	
1561	1804	1753	1408	1177	947	640	332	0	307	704	947	1164	1497	1792	1971	1907	2470	2611	2636	2918	2560	2969	2598	2700	2995	2470	2688	2598	2368	2099	
1497	1932	1945	1561	1369	1203	921	640	307	0	486	640	883	1203	1510	1702	1689	2227	2393	2457	2752	2432	2867	2534	2649	2969	2470	2739	2675	2470	2214	
1088	1740	1856	1459	1344	1318	1113	934	704	486	0	550	473	857	1113	1267	1203	1753	1907	1958	2265	1945	2393	2073	2214	2572	2086	2406	2393	2214	2009	
1561	2291	2393	1996	1868	1779	1536	1267	947	640	550	0	473	627	947	1216	1356	1792	2009	2150	2483	2278	2726	2483	2649	3033	2585	2918	2931	2764	2560	
1177	2060	2240	1843	1766	1792	1600	1420	1164	883	473	473	0	384	640	819	896	1369	1561	1676	2009	1804	2265	2035	2214	2611	2188	2560	2611	2470	2304	
1446	2406	2611	2214	2150	2176	1984	1779	1497	1203	857	627	384	0	320	601	883	1190	1446	1638	1984	1881	2329	2176	2368	2803	2419	2816	2892	2777	2636	
1484	2508	2752	2368	2342	2406	2240	2060	1792	1510	1113	947	640	320	0	320	716	908	1190	1408	1753	1728	2163	2060	2278	2726	2393	2803	2905	2841	2713	
1382	2444	2726	2355	2355	2470	2342	2214	1971	1702	1267	1216	819	601	320	0	486	588	870	1088	1446	1446	1868	1817	2035	2483	2201	2624	2752	2713	2624	
960	2035	2342	1996	2048	2227	2163	2086	1907	1689	1203	1356	896	883	716	486	0	588	691	780	1126	998	1446	1344	1561	1996	1715	2137	2278	2252	2188	
1497	2560	2892	2572	2636	2828	2752	2662	2470	2227	1753	1792	1369	1190	908	588	588	0	307	614	934	1113	1472	1548	1792	2227	2060	2496	2688	2700	2688	
1446	2470	2828	2534	2636	2867	2816	2764	2611	2393	1907	2009	1561	1446	1190	870	691	307	0	320	614	857	1177	1305	1536	1971	1856	2291	2508	2560	2560	
1318	2278	2662	2393	2521	2790	2777	2764	2636	2457	1958	2150	1676	1638	1408	1088	780	614	320	0	345	563	857	998	1241	1664	1587	2009	2240	2304	2342	
1510	2368	2764	2534	2688	2982	3008	3020	2918	2752	2265	2483	2009	1984	1753	1446	1126	934	614	345	0	524	614	908	1126	1497	1536	1932	2188	2304	2380	
1036	1830	2227	2022	2188	2508	2560	2611	2560	2432	1945	2278	1804	1881	1728	1446	998	1113	857	563	524	0	448	435	678	1100	1036	1446	1689	1779	1856	
1420	2022	2432	2291	2483	2828	2918	3008	2969	2867	2393	2726	2265	2329	2163	1868	1446	1472	1177	857	614	448	0	460	588	896	1049	1395	1676	1843	1984	
1036	1561	1971	1830	2035	2393	2496	2611	2598	2534	2073	2483	2035	2176	2060	1817	1344	1548	1305	998	908	435	460	0	230	678	627	1024	1280	1408	1523	
1139	1484	1894	1804	2022	2393	2534	2675	2700	2649	2214	2649	2214	2368	2278	2035	1561	1792	1536	1241	1126	678	588	230	0	435	460	806	1088	1254	1408	
1484	1536	1920	1920	2176	2572	2752	2931	2995	2969	2572	3033	2611	2803	2726	2483	1996	2227	1971	1664	1497	1100	896	678	435	0	537	601	908	1152	1382	
1011	1036	1446	1395	1651	2035	2214	2393	2470	2470	2086	2585	2188	2419	2393	2201	1715	2060	1856	1587	1536	1036	1049	627	460	537	0	422	652	780	934	
1369	1024	1369	1459	1728	2124	2342	2560	2688	2739	2406	2918	2560	2816	2803	2624	2137	2496	2291	2009	1932	1446	1395	1024	806	601	422	0	294	563	819	
1433	844	1139	1280	1548	1945	2201	2444	2598	2675	2393	2931	2611	2892	2905	2752	2278	2688	2508	2240	2188	1689	1676	1280	1088	908	652	294	0	294	588	
1344	563	832	1011	1280	1664	1920	2188	2368	2470	2214	2764	2470	2777	2841	2713	2252	2700	2560	2304	2304	1779	1843	1408	1254	1152	780	563	294	0	294	
1241	281	550	716	985	1369	1638	1907	2099	2214	2009	2560	2304	2636	2713	2624	2188	2688	2560	2342	2380	1856	1984	1523	1408	1382	934	819	588	294	0	
V1
0	1444	1874	1462	1599	1978	2029	2115	2098	2012	1462	2098	1582	1943	1995	1857	1290	2012	1943	1771	2029	1393	1909	1393	1530	1995	1358	1840	1926	1806	1668	
1444	0	533	584	946	1479	1806	2167	2425	2597	2339	3078	2769	3233	3371	3285	2734	3440	3319	3061	3182	2459	2717	2098	1995	2064	1393	1376	1135	756	378	
1874	533	0	533	774	1204	1616	2029	2356	2614	2494	3216	3010	3508	3698	3663	3147	3887	3801	3577	3715	2992	3268	2648	2545	2580	1943	1840	1530	1118	739	
1462	584	533	0	361	894	1221	1599	1892	2098	1960	2683	2476	2975	3182	3164	2683	3457	3405	3216	3405	2717	3078	2459	2425	2580	1874	1960	1720	1358	963	
1599	946	774	361	0	533	860	1255	1582	1840	1806	2511	2373	2889	3147	3164	2752	3543	3543	3388	3612	2941	3336	2734	2717	2924	2218	2322	2081	1720	1324	
1978	1479	1204	894	533	0	412	860	1272	1616	1771	2390	2408	2924	3233	3319	2992	3801	3852	3749	4007	3371	3801	3216	3216	3457	2734	2855	2614	2236	1840	
2029	1806	1616	1221	860	412	0	430	860	1238	1496	2064	2150	2666	3010	3147	2906	3698	3784	3732	4042	3440	3921	3354	3405	3698	2975	3147	2958	2580	2201	
2115	2167	2029	1599	1255	860	430	0	447	860	1255	1702	1909	2390	2769	2975	2803	3577	3715	3715	4059	3508	4042	3508	3594	3938	3216	3440	3285	2941	2562	
2098	2425	2356	1892	1582	1272	860	447	0	412	946	1272	1565	2012	2408	2648	2562	3319	3508	3543	3921	3440	3990	3491	3629	4024	3319	3612	3491	3182	2820	
2012	2597	2614	2098	1840	1616	1238	860	412	0	653	860	1186	1616	2029	2287	2270	2992	3216	3302	3698	3268	3852	3405	3560	3990	3319	3680	3594	3319	2975	
1462	2339	2494	1960	1806	1771	1496	1255	946	653	0	739	636	1152	1496	1702	1616	2356	2562	2631	3044	2614	3216	2786	2975	3457	2803	3233	3216	2975	2700	
2098	3078	3216	2683	2511	2390	2064	1702	1272	860	739	0	636	842	1272	1634	1823	2408	2700	2889	3336	3061	3663	3336	3560	4076	3474	3921	3938	3715	3440	
1582	2769	3010	2476	2373	2408	2150	1909	1565	1186	636	636	0	516	860	1100	1204	1840	2098	2253	2700	2425	3044	2734	2975	3508	2941	3440	3508	3319	3096	
1943	3233	3508	2975	2889	2924	2666	2390	2012	1616	1152	842	516	0	430	808	1186	1599	1943	2201	2666	2528	3130	2924	3182	3766	3250	3784	3887	3732	3543	
1995	3371	3698	3182	3147	3233	3010	2769	2408	2029	1496	1272	860	430	0	430	963	1221	1599	1892	2356	2322	2906	2769	3061	3663	3216	3766	3904	3818	3646	
1857	3285	3663	3164	3164	3319	3147	2975	2648	2287	1702	1634	1100	808	430	0	653	791	1169	1462	1943	1943	2511	2442	2734	3336	2958	3526	3698	3646	3526	
1290	2734	3147	2683	2752	2992	2906	2803	2562	2270	1616	1823	1204	1186	963	653	0	791	928	1049	1513	1341	1943	1806	2098	2683	2304	2872	3061	3027	2941	
2012	3440	3887	3457	3543	3801	3698	3577	3319	2992	2356	2408	1840	1599	1221	791	791	0	412	825	1255	1496	1978	2081	2408	2992	2769	3354	3612	3629	3612	
1943	3319	3801	3405	3543	3852	3784	3715	3508	3216	2562	2700	2098	1943	1599	1169	928	412	0	430	825	1152	1582	1754	2064	2648	2494	3078	3371	3440	3440	
1771	3061	3577	3216	3388	3749	3732	3715	3543	3302	2631	2889	2253	2201	1892	1462	1049	825	430	0	464	756	1152	1341	1668	2236	2132	2700	3010	3096	3147	
2029	3182	3715	3405	3612	4007	4042	4059	3921	3698	3044	3336	2700	2666	2356	1943	1513	1255	825	464	0	705	825	1221	1513	2012	2064	2597	2941	3096	3199	
1393	2459	2992	2717	2941	3371	3440	3508	3440	3268	2614	3061	2425	2528	2322	1943	1341	1496	1152	756	705	0	602	584	911	1479	1393	1943	2270	2390	2494	
1909	2717	3268	3078	3336	3801	3921	4042	3990	3852	3216	3663	3044	3130	2906	2511	1943	1978	1582	1152	825	602	0	619	791	1204	1410	1874	2253	2476	2666	
1393	2098	2648	2459	2734	3216	3354	3508	3491	3405	2786	3336	2734	2924	2769	2442	1806	2081	1754	1341	1221	584	619	0	309	911	842	1376	1720	1892	2046	
1530	1995	2545	2425	2717	3216	3405	3594	3629	3560	2975	3560	2975	3182	3061	2734	2098	2408	2064	1668	1513	911	791	309	0	584	619	1083	1462	1685	1892	
1995	2064	2580	2580	2924	3457	3698	3938	4024	3990	3457	4076	3508	3766	3663	3336	2683	2992	2648	2236	2012	1479	1204	911	584	0	722	808	1221	1548	1857	
1358	1393	1943	1874	2218	2734	2975	3216	3319	3319	2803	3474	2941	3250	3216	2958	2304	2769	2494	2132	2064	1393	1410	842	619	722	0	567	877	1049	1255	
1840	1376	1840	1960	2322	2855	3147	3440	3612	3680	3233	3921	3440	3784	3766	3526	2872	3354	3078	2700	2597	1943	1874	1376	1083	808	567	0	395	756	1100	
1926	1135	1530	1720	2081	2614	2958	3285	3491	3594	3216	3938	3508	3887	3904	3698	3061	3612	3371	3010	2941	2270	2253	1720	1462	1221	877	395	0	395	791	
1806	756	1118	1358	1720	2236	2580	2941	3182	3319	2975	3715	3319	3732	3818	3646	3027	3629	3440	3096	3096	2390	2476	1892	1685	1548	1049	756	395	0	395	
1668	378	739	963	1324	1840	2201	2562	2820	2975	2700	3440	3096	3543	3646	3526	2941	3612	3440	3147	3199	2494	2666	2046	1892	1857	1255	1100	791	395	0	
V2
0	907	1177	918	1004	1242	1274	1328	1317	1263	918	1317	993	1220	1252	1166	810	1263	1220	1112	1274	874	1198	874	961	1252	853	1155	1209	1134	1047	
907	0	334	367	594	928	1134	1360	1522	1630	1468	1933	1738	2030	2116	2062	1717	2160	2084	1922	1998	1544	1706	1317	1252	1296	874	864	712	475	237	
1177	334	0	334	486	756	1015	1274	1479	1641	1566	2019	1890	2203	2322	2300	1976	2440	2386	2246	2332	1879	2052	1663	1598	1620	1220	1155	961	702	464	
918	367	334	0	226	561	766	1004	1188	1317	1231	1684	1555	1868	1998	1987	1684	2170	2138	2019	2138	1706	1933	1544	1522	1620	1177	1231	1080	853	604	
1004	594	486	226	0	334	540	788	993	1155	1134	1576	1490	1814	1976	1987	1728	2224	2224	2127	2268	1846	2095	1717	1706	1836	1393	1458	1306	1080	831	
1242	928	756	561	334	0	259	540	799	1015	1112	1501	1512	1836	2030	2084	1879	2386	2419	2354	2516	2116	2386	2019	2019	2170	1717	1792	1641	1404	1155	
1274	1134	1015	766	540	259	0	270	540	777	939	1296	1350	1674	1890	1976	1825	2322	2376	2343	2538	2160	2462	2106	2138	2322	1868	1976	1857	1620	1382	
1328	1360	1274	1004	788	540	270	0	280	540	788	1069	1198	1501	1738	1868	1760	2246	2332	2332	2548	2203	2538	2203	2257	2473	2019	2160	2062	1846	1609	
1317	1522	1479	1188	993	799	540	280	0	259	594	799	982	1263	1512	1663	1609	2084	2203	2224	2462	2160	2505	2192	2278	2527	2084	2268	2192	1998	1771	
1263	1630	1641	1317	1155	1015	777	540	259	0	410	540	745	1015	1274	1436	1425	1879	2019	2073	2322	2052	2419	2138	2235	2505	2084	2311	2257	2084	1868	
918	1468	1566	1231	1134	1112	939	788	594	410	0	464	399	723	939	1069	1015	1479	1609	1652	1911	1641	2019	1749	1868	2170	1760	2030	2019	1868	1695	
1317	1933	2019	1684	1576	1501	1296	1069	799	540	464	0	399	529	799	1026	1144	1512	1695	1814	2095	1922	2300	2095	2235	2559	2181	2462	2473	2332	2160	
993	1738	1890	1555	1490	1512	1350	1198	982	745	399	399	0	324	540	691	756	1155	1317	1414	1695	1522	1911	1717	1868	2203	1846	2160	2203	2084	1944	
1220	2030	2203	1868	1814	1836	1674	1501	1263	1015	723	529	324	0	270	507	745	1004	1220	1382	1674	1587	1965	1836	1998	2365	2041	2376	2440	2343	2224	
1252	2116	2322	1998	1976	2030	1890	1738	1512	1274	939	799	540	270	0	270	604	766	1004	1188	1479	1458	1825	1738	1922	2300	2019	2365	2451	2397	2289	
1166	2062	2300	1987	1987	2084	1976	1868	1663	1436	1069	1026	691	507	270	0	410	496	734	918	1220	1220	1576	1533	1717	2095	1857	2214	2322	2289	2214	
810	1717	1976	1684	1728	1879	1825	1760	1609	1425	1015	1144	756	745	604	410	0	496	583	658	950	842	1220	1134	1317	1684	1447	1803	1922	1900	1846	
1263	2160	2440	2170	2224	2386	2322	2246	2084	1879	1479	1512	1155	1004	766	496	496	0	259	518	788	939	1242	1306	1512	1879	1738	2106	2268	2278	2268	
1220	2084	2386	2138	2224	2419	2376	2332	2203	2019	1609	1695	1317	1220	1004	734	583	259	0	270	518	723	993	1101	1296	1663	1566	1933	2116	2160	2160	
1112	1922	2246	2019	2127	2354	2343	2332	2224	2073	1652	1814	1414	1382	1188	918	658	518	270	0	291	475	723	842	1047	1404	1339	1695	1890	1944	1976	
1274	1998	2332	2138	2268	2516	2538	2548	2462	2322	1911	2095	1695	1674	1479	1220	950	788	518	291	0	442	518	766	950	1263	1296	1630	1846	1944	2008	
874	1544	1879	1706	1846	2116	2160	2203	2160	2052	1641	1922	1522	1587	1458	1220	842	939	723	475	442	0	378	367	572	928	874	1220	1425	1501	1566	
1198	1706	2052	1933	2095	2386	2462	2538	2505	2419	2019	2300	1911	1965	1825	1576	1220	1242	993	723	518	378	0	388	496	756	885	1177	1414	1555	1674	
874	1317	1663	1544	1717	2019	2106	2203	2192	2138	1749	2095	1717	1836	1738	1533	1134	1306	1101	842	766	367	388	0	194	572	529	864	1080	1188	1285	
961	1252	1598	1522	1706	2019	2138	2257	2278	2235	1868	2235	1868	1998	1922	1717	1317	1512	1296	1047	950	572	496	194	0	367	388	680	918	1058	1188	
1252	1296	1620	1620	1836	2170	2322	2473	2527	2505	2170	2559	2203	2365	2300	2095	1684	1879	1663	1404	1263	928	756	572	367	0	453	507	766	972	1166	
853	874	1220	1177	1393	1717	1868	2019	2084	2084	1760	2181	1846	2041	2019	1857	1447	1738	1566	1339	1296	874	885	529	388	453	0	356	550	658	788	
1155	864	1155	1231	1458	1792	1976	2160	2268	2311	2030	2462	2160	2376	2365	2214	1803	2106	1933	1695	1630	1220	1177	864	680	507	356	0	248	475	691	
1209	712	961	1080	1306	1641	1857	2062	2192	2257	2019	2473	2203	2440	2451	2322	1922	2268	2116	1890	1846	1425	1414	1080	918	766	550	248	0	248	496	
1134	475	702	853	1080	1404	1620	1846	1998	2084	1868	2332	2084	2343	2397	2289	1900	2278	2160	1944	1944	1501	1555	1188	1058	972	658	475	248	0	248	
1047	237	464	604	831	1155	1382	1609	1771	1868	1695	2160	1944	2224	2289	2214	1846	2268	2160	1976	2008	1566	1674	1285	1188	1166	788	691	496	248	0	
V3
0	772	1002	782	855	1058	1085	1131	1122	1076	782	1122	846	1039	1067	993	690	1076	1039	947	1085	745	1021	745	818	1067	726	984	1030	966	892	
772	0	285	312	506	791	966	1159	1297	1389	1251	1646	1481	1729	1803	1757	1462	1840	1775	1637	1702	1315	1453	1122	1067	1104	745	736	607	404	202	
1002	285	0	285	414	644	864	1085	1260	1398	1334	1720	1610	1876	1978	1959	1683	2079	2033	1913	1987	1600	1748	1416	1361	1380	1039	984	818	598	395	
782	312	285	0	193	478	653	855	1012	1122	1048	1435	1324	1591	1702	1692	1435	1849	1821	1720	1821	1453	1646	1315	1297	1380	1002	1048	920	726	515	
855	506	414	193	0	285	460	671	846	984	966	1343	1269	1545	1683	1692	1472	1895	1895	1812	1932	1573	1784	1462	1453	1564	1186	1242	1113	920	708	
1058	791	644	478	285	0	220	460	680	864	947	1278	1288	1564	1729	1775	1600	2033	2060	2005	2143	1803	2033	1720	1720	1849	1462	1527	1398	1196	984	
1085	966	864	653	460	220	0	230	460	662	800	1104	1150	1426	1610	1683	1554	1978	2024	1996	2162	1840	2097	1794	1821	1978	1591	1683	1582	1380	1177	
1131	1159	1085	855	671	460	230	0	239	460	671	910	1021	1278	1481	1591	1499	1913	1987	1987	2171	1876	2162	1876	1922	2106	1720	1840	1757	1573	1370	
1122	1297	1260	1012	846	680	460	239	0	220	506	680	837	1076	1288	1416	1370	1775	1876	1895	2097	1840	2134	1867	1941	2152	1775	1932	1867	1702	1508	
1076	1389	1398	1122	984	864	662	460	220	0	349	460	634	864	1085	1223	1214	1600	1720	1766	1978	1748	2060	1821	1904	2134	1775	1968	1922	1775	1591	
782	1251	1334	1048	966	947	800	671	506	349	0	395	340	616	800	910	864	1260	1370	1407	1628	1398	1720	1490	1591	1849	1499	1729	1720	1591	1444	
1122	1646	1720	1435	1343	1278	1104	910	680	460	395	0	340	450	680	874	975	1288	1444	1545	1784	1637	1959	1784	1904	2180	1858	2097	2106	1987	1840	
846	1481	1610	1324	1269	1288	1150	1021	837	634	340	340	0	276	460	588	644	984	1122	1205	1444	1297	1628	1462	1591	1876	1573	1840	1876	1775	1656	
1039	1729	1876	1591	1545	1564	1426	1278	1076	864	616	450	276	0	230	432	634	855	1039	1177	1426	1352	1674	1564	1702	2014	1738	2024	2079	1996	1895	
1067	1803	1978	1702	1683	1729	1610	1481	1288	1085	800	680	460	230	0	230	515	653	855	1012	1260	1242	1554	1481	1637	1959	1720	2014	2088	2042	1950	
993	1757	1959	1692	1692	1775	1683	1591	1416	1223	910	874	588	432	230	0	349	423	625	782	1039	1039	1343	1306	1462	1784	1582	1886	1978	1950	1886	
690	1462	1683	1435	1472	1600	1554	1499	1370	1214	864	975	644	634	515	349	0	423	496	561	809	717	1039	966	1122	1435	1232	1536	1637	1619	1573	
1076	1840	2079	1849	1895	2033	1978	1913	1775	1600	1260	1288	984	855	653	423	423	0	220	441	671	800	1058	1113	1288	1600	1481	1794	1932	1941	1932	
1039	1775	2033	1821	1895	2060	2024	1987	1876	1720	1370	1444	1122	1039	855	625	496	220	0	230	441	616	846	938	1104	1416	1334	1646	1803	1840	1840	
947	1637	1913	1720	1812	2005	1996	1987	1895	1766	1407	1545	1205	1177	1012	782	561	441	230	0	248	404	616	717	892	1196	1140	1444	1610	1656	1683	
1085	1702	1987	1821	1932	2143	2162	2171	2097	1978	1628	1784	1444	1426	1260	1039	809	671	441	248	0	377	441	653	809	1076	1104	1389	1573	1656	1711	
745	1315	1600	1453	1573	1803	1840	1876	1840	1748	1398	1637	1297	1352	1242	1039	717	800	616	404	377	0	322	312	487	791	745	1039	1214	1278	1334	
1021	1453	1748	1646	1784	2033	2097	2162	2134	2060	1720	1959	1628	1674	1554	1343	1039	1058	846	616	441	322	0	331	423	644	754	1002	1205	1324	1426	
745	1122	1416	1315	1462	1720	1794	1876	1867	1821	1490	1784	1462	1564	1481	1306	966	1113	938	717	653	312	331	0	165	487	450	736	920	1012	1094	
818	1067	1361	1297	1453	1720	1821	1922	1941	1904	1591	1904	1591	1702	1637	1462	1122	1288	1104	892	809	487	423	165	0	312	331	579	782	901	1012	
1067	1104	1380	1380	1564	1849	1978	2106	2152	2134	1849	2180	1876	2014	1959	1784	1435	1600	1416	1196	1076	791	644	487	312	0	386	432	653	828	993	
726	745	1039	1002	1186	1462	1591	1720	1775	1775	1499	1858	1573	1738	1720	1582	1232	1481	1334	1140	1104	745	754	450	331	386	0	303	469	561	671	
984	736	984	1048	1242	1527	1683	1840	1932	1968	1729	2097	1840	2024	2014	1886	1536	1794	1646	1444	1389	1039	1002	736	579	432	303	0	211	404	588	
1030	607	818	920	1113	1398	1582	1757	1867	1922	1720	2106	1876	2079	2088	1978	1637	1932	1803	1610	1573	1214	1205	920	782	653	469	211	0	211	423	
966	404	598	726	920	1196	1380	1573	1702	1775	1591	1987	1775	1996	2042	1950	1619	1941	1840	1656	1656	1278	1324	1012	901	828	561	404	211	0	211	
892	202	395	515	708	984	1177	1370	1508	1591	1444	1840	1656	1895	1950	1886	1573	1932	1840	1683	1711	1334	1426	1094	1012	993	671	588	423	211	0	
V4
0	756	981	765	837	1035	1062	1107	1098	1053	765	1098	828	1017	1044	972	675	1053	1017	927	1062	729	999	729	801	1044	711	963	1008	945	873	
756	0	279	306	495	774	945	1134	1269	1359	1224	1611	1449	1692	1764	1719	1431	1800	1737	1602	1665	1287	1422	1098	1044	1080	729	720	594	396	198	
981	279	0	279	405	630	846	1062	1233	1368	1305	1683	1575	1836	1935	1917	1647	2034	1989	1872	1944	1566	1710	1386	1332	1350	1017	963	801	585	387	
765	306	279	0	189	468	639	837	990	1098	1026	1404	1296	1557	1665	1656	1404	1809	1782	1683	1782	1422	1611	1287	1269	1350	981	1026	900	711	504	
837	495	405	189	0	279	450	657	828	963	945	1314	1242	1512	1647	1656	1440	1854	1854	1773	1890	1539	1746	1431	1422	1530	1161	1215	1089	900	693	
1035	774	630	468	279	0	216	450	666	846	927	1251	1260	1530	1692	1737	1566	1989	2016	1962	2097	1764	1989	1683	1683	1809	1431	1494	1368	1170	963	
1062	945	846	639	450	216	0	225	450	648	783	1080	1125	1395	1575	1647	1521	1935	1980	1953	2115	1800	2052	1755	1782	1935	1557	1647	1548	1350	1152	
1107	1134	1062	837	657	450	225	0	234	450	657	891	999	1251	1449	1557	1467	1872	1944	1944	2124	1836	2115	1836	1881	2061	1683	1800	1719	1539	1341	
1098	1269	1233	990	828	666	450	234	0	216	495	666	819	1053	1260	1386	1341	1737	1836	1854	2052	1800	2088	1827	1899	2106	1737	1890	1827	1665	1476	
1053	1359	1368	1098	963	846	648	450	216	0	342	450	621	846	1062	1197	1188	1566	1683	1728	1935	1710	2016	1782	1863	2088	1737	1926	1881	1737	1557	
765	1224	1305	1026	945	927	783	657	495	342	0	387	333	603	783	891	846	1233	1341	1377	1593	1368	1683	1458	1557	1809	1467	1692	1683	1557	1413	
1098	1611	1683	1404	1314	1251	1080	891	666	450	387	0	333	441	666	855	954	1260	1413	1512	1746	1602	1917	1746	1863	2133	1818	2052	2061	1944	1800	
828	1449	1575	1296	1242	1260	1125	999	819	621	333	333	0	270	450	576	630	963	1098	1179	1413	1269	1593	1431	1557	1836	1539	1800	1836	1737	1620	
1017	1692	1836	1557	1512	1530	1395	1251	1053	846	603	441	270	0	225	423	621	837	1017	1152	1395	1323	1638	1530	1665	1971	1701	1980	2034	1953	1854	
1044	1764	1935	1665	1647	1692	1575	1449	1260	1062	783	666	450	225	0	225	504	639	837	990	1233	1215	1521	1449	1602	1917	1683	1971	2043	1998	1908	
972	1719	1917	1656	1656	1737	1647	1557	1386	1197	891	855	576	423	225	0	342	414	612	765	1017	1017	1314	1278	1431	1746	1548	1845	1935	1908	1845	
675	1431	1647	1404	1440	1566	1521	1467	1341	1188	846	954	630	621	504	342	0	414	486	549	792	702	1017	945	1098	1404	1206	1503	1602	1584	1539	
1053	1800	2034	1809	1854	1989	1935	1872	1737	1566	1233	1260	963	837	639	414	414	0	216	432	657	783	1035	1089	1260	1566	1449	1755	1890	1899	1890	
1017	1737	1989	1782	1854	2016	1980	1944	1836	1683	1341	1413	1098	1017	837	612	486	216	0	225	432	603	828	918	1080	1386	1305	1611	1764	1800	1800	
927	1602	1872	1683	1773	1962	1953	1944	1854	1728	1377	1512	1179	1152	990	765	549	432	225	0	243	396	603	702	873	1170	1116	1413	1575	1620	1647	
1062	1665	1944	1782	1890	2097	2115	2124	2052	1935	1593	1746	1413	1395	1233	1017	792	657	432	243	0	369	432	639	792	1053	1080	1359	1539	1620	1674	
729	1287	1566	1422	1539	1764	1800	1836	1800	1710	1368	1602	1269	1323	1215	1017	702	783	603	396	369	0	315	306	477	774	729	1017	1188	1251	1305	
999	1422	1710	1611	1746	1989	2052	2115	2088	2016	1683	1917	1593	1638	1521	1314	1017	1035	828	603	432	315	0	324	414	630	738	981	1179	1296	1395	
729	1098	1386	1287	1431	1683	1755	1836	1827	1782	1458	1746	1431	1530	1449	1278	945	1089	918	702	639	306	324	0	162	477	441	720	900	990	1071	
801	1044	1332	1269	1422	1683	1782	1881	1899	1863	1557	1863	1557	1665	1602	1431	1098	1260	1080	873	792	477	414	162	0	306	324	567	765	882	990	
1044	1080	1350	1350	1530	1809	1935	2061	2106	2088	1809	2133	1836	1971	1917	1746	1404	1566	1386	1170	1053	774	630	477	306	0	378	423	639	810	972	
711	729	1017	981	1161	1431	1557	1683	1737	1737	1467	1818	1539	1701	1683	1548	1206	1449	1305	1116	1080	729	738	441	324	378	0	297	459	549	657	
963	720	963	1026	1215	1494	1647	1800	1890	1926	1692	2052	1800	1980	1971	1845	1503	1755	1611	1413	1359	1017	981	720	567	423	297	0	207	396	576	
1008	594	801	900	1089	1368	1548	1719	1827	1881	1683	2061	1836	2034	2043	1935	1602	1890	1764	1575	1539	1188	1179	900	765	639	459	207	0	207	414	
945	396	585	711	900	1170	1350	1539	1665	1737	1557	1944	1737	1953	1998	1908	1584	1899	1800	1620	1620	1251	1296	990	882	810	549	396	207	0	207	
873	198	387	504	693	963	1152	1341	1476	1557	1413	1800	1620	1854	1908	1845	1539	1890	1800	1647	1674	1305	1395	1071	990	972	657	576	414	207	0	
V5
0	571	741	578	632	782	802	836	829	795	578	829	625	768	788	734	510	795	768	700	802	550	754	550	605	788	537	727	761	714	659	
571	0	210	231	374	584	714	856	958	1026	924	1217	1094	1278	1332	1298	1081	1360	1312	1210	1258	972	1074	829	788	816	550	544	448	299	149	
741	210	0	210	306	476	639	802	931	1033	986	1271	1190	1387	1462	1448	1244	1536	1502	1414	1468	1183	1292	1047	1006	1020	768	727	605	442	292	
578	231	210	0	142	353	482	632	748	829	775	1060	979	1176	1258	1251	1060	1366	1346	1271	1346	1074	1217	972	958	1020	741	775	680	537	380	
632	374	306	142	0	210	340	496	625	727	714	992	938	1142	1244	1251	1088	1400	1400	1339	1428	1162	1319	1081	1074	1156	877	918	822	680	523	
782	584	476	353	210	0	163	340	503	639	700	945	952	1156	1278	1312	1183	1502	1523	1482	1584	1332	1502	1271	1271	1366	1081	1128	1033	884	727	
802	714	639	482	340	163	0	170	340	489	591	816	850	1054	1190	1244	1149	1462	1496	1475	1598	1360	1550	1326	1346	1462	1176	1244	1169	1020	870	
836	856	802	632	496	340	170	0	176	340	496	673	754	945	1094	1176	1108	1414	1468	1468	1604	1387	1598	1387	1421	1557	1271	1360	1298	1162	1013	
829	958	931	748	625	503	340	176	0	163	374	503	618	795	952	1047	1013	1312	1387	1400	1550	1360	1577	1380	1434	1591	1312	1428	1380	1258	1115	
795	1026	1033	829	727	639	489	340	163	0	258	340	469	639	802	904	897	1183	1271	1305	1462	1292	1523	1346	1407	1577	1312	1455	1421	1312	1176	
578	924	986	775	714	700	591	496	374	258	0	292	251	455	591	673	639	931	1013	1040	1203	1033	1271	1101	1176	1366	1108	1278	1271	1176	1067	
829	1217	1271	1060	992	945	816	673	503	340	292	0	251	333	503	646	720	952	1067	1142	1319	1210	1448	1319	1407	1611	1373	1550	1557	1468	1360	
625	1094	1190	979	938	952	850	754	618	469	251	251	0	204	340	435	476	727	829	890	1067	958	1203	1081	1176	1387	1162	1360	1387	1312	1224	
768	1278	1387	1176	1142	1156	1054	945	795	639	455	333	204	0	170	319	469	632	768	870	1054	999	1237	1156	1258	1489	1285	1496	1536	1475	1400	
788	1332	1462	1258	1244	1278	1190	1094	952	802	591	503	340	170	0	170	380	482	632	748	931	918	1149	1094	1210	1448	1271	1489	1543	1509	1441	
734	1298	1448	1251	1251	1312	1244	1176	1047	904	673	646	435	319	170	0	258	312	462	578	768	768	992	965	1081	1319	1169	1394	1462	1441	1394	
510	1081	1244	1060	1088	1183	1149	1108	1013	897	639	720	476	469	380	258	0	312	367	414	598	530	768	714	829	1060	911	1135	1210	1196	1162	
795	1360	1536	1366	1400	1502	1462	1414	1312	1183	931	952	727	632	482	312	312	0	163	326	496	591	782	822	952	1183	1094	1326	1428	1434	1428	
768	1312	1502	1346	1400	1523	1496	1468	1387	1271	1013	1067	829	768	632	462	367	163	0	170	326	455	625	693	816	1047	986	1217	1332	1360	1360	
700	1210	1414	1271	1339	1482	1475	1468	1400	1305	1040	1142	890	870	748	578	414	326	170	0	183	299	455	530	659	884	843	1067	1190	1224	1244	
802	1258	1468	1346	1428	1584	1598	1604	1550	1462	1203	1319	1067	1054	931	768	598	496	326	183	0	278	326	482	598	795	816	1026	1162	1224	1264	
550	972	1183	1074	1162	1332	1360	1387	1360	1292	1033	1210	958	999	918	768	530	591	455	299	278	0	238	231	360	584	550	768	897	945	986	
754	1074	1292	1217	1319	1502	1550	1598	1577	1523	1271	1448	1203	1237	1149	992	768	782	625	455	326	238	0	244	312	476	557	741	890	979	1054	
550	829	1047	972	1081	1271	1326	1387	1380	1346	1101	1319	1081	1156	1094	965	714	822	693	530	482	231	244	0	122	360	333	544	680	748	809	
605	788	1006	958	1074	1271	1346	1421	1434	1407	1176	1407	1176	1258	1210	1081	829	952	816	659	598	360	312	122	0	231	244	428	578	666	748	
788	816	1020	1020	1156	1366	1462	1557	1591	1577	1366	1611	1387	1489	1448	1319	1060	1183	1047	884	795	584	476	360	231	0	285	319	482	612	734	
537	550	768	741	877	1081	1176	1271	1312	1312	1108	1373	1162	1285	1271	1169	911	1094	986	843	816	550	557	333	244	285	0	224	346	414	496	
727	544	727	775	918	1128	1244	1360	1428	1455	1278	1550	1360	1496	1489	1394	1135	1326	1217	1067	1026	768	741	544	428	319	224	0	156	299	435	
761	448	605	680	822	1033	1169	1298	1380	1421	1271	1557	1387	1536	1543	1462	1210	1428	1332	1190	1162	897	890	680	578	482	346	156	0	156	312	
714	299	442	537	680	884	1020	1162	1258	1312	1176	1468	1312	1475	1509	1441	1196	1434	1360	1224	1224	945	979	748	666	612	414	299	156	0	156	
659	149	292	380	523	727	870	1013	1115	1176	1067	1360	1224	1400	1441	1394	1162	1428	1360	1244	1264	986	1054	809	748	734	496	435	312	156	0	
V6
