M: 8
N: 30
Nun_Veiculos: 10
Capacidade_Total: 611
Demanda_Total: 439
Setup_Min: 1
Setup_Max: 9
Raio: 100
Circulos: 1
Tempo_Processamento_Min: 1
Tempo_Processamento_Max: 49
Demanda_Min: 10
Demanda_Max: 30
Priority_Factor: 0.2
Range_Factor_R: 0.8
U_factor: 2
ALpha: 0.2Replicao: 1
Tempos_Processamentos
0	0	1	0	2	0	3	0	4	0	5	0	6	0	7	0	
0	29	1	48	2	17	3	17	4	20	5	6	6	30	7	26	
0	34	1	4	2	33	3	11	4	49	5	14	6	5	7	26	
0	39	1	22	2	3	3	45	4	17	5	19	6	16	7	28	
0	49	1	49	2	17	3	19	4	5	5	3	6	19	7	48	
0	38	1	16	2	38	3	33	4	27	5	32	6	9	7	5	
0	38	1	39	2	22	3	1	4	28	5	42	6	41	7	6	
0	4	1	46	2	47	3	43	4	17	5	43	6	49	7	2	
0	45	1	2	2	43	3	3	4	43	5	13	6	11	7	22	
0	3	1	13	2	34	3	6	4	39	5	24	6	44	7	14	
0	19	1	10	2	22	3	13	4	5	5	41	6	45	7	9	
0	29	1	25	2	28	3	4	4	23	5	18	6	22	7	13	
0	35	1	25	2	12	3	32	4	14	5	17	6	28	7	3	
0	21	1	36	2	30	3	4	4	35	5	4	6	18	7	47	
0	38	1	18	2	32	3	21	4	44	5	42	6	42	7	45	
0	18	1	27	2	29	3	43	4	35	5	6	6	46	7	16	
0	13	1	10	2	26	3	21	4	23	5	5	6	34	7	12	
0	39	1	41	2	45	3	1	4	5	5	9	6	46	7	35	
0	25	1	44	2	31	3	20	4	10	5	22	6	3	7	34	
0	41	1	1	2	5	3	26	4	19	5	27	6	49	7	31	
0	21	1	4	2	29	3	26	4	22	5	6	6	48	7	12	
0	44	1	10	2	16	3	14	4	44	5	11	6	47	7	36	
0	46	1	23	2	31	3	43	4	48	5	37	6	4	7	15	
0	38	1	30	2	35	3	43	4	41	5	41	6	34	7	30	
0	11	1	22	2	23	3	25	4	28	5	45	6	8	7	27	
0	34	1	36	2	40	3	44	4	42	5	13	6	37	7	47	
0	49	1	7	2	37	3	11	4	7	5	28	6	38	7	47	
0	20	1	16	2	7	3	5	4	12	5	45	6	7	7	11	
0	29	1	4	2	23	3	15	4	49	5	36	6	22	7	2	
0	15	1	40	2	36	3	19	4	9	5	46	6	12	7	27	
0	16	1	49	2	11	3	35	4	21	5	22	6	33	7	49	

Tempos_setup
M0
0	0	0	0	0	0	0	0	0	0	0	0	0	0	0	0	0	0	0	0	0	0	0	0	0	0	0	0	0	0	0	
0	0	3	1	3	2	1	2	3	3	3	3	2	3	2	2	3	3	3	2	3	3	3	3	3	2	1	3	2	1	2	
0	2	0	3	2	2	3	3	3	2	5	2	3	3	3	1	3	3	3	2	4	2	2	4	4	3	3	4	3	2	1	
0	2	2	0	2	2	3	2	2	3	4	2	3	2	1	2	2	3	2	1	4	3	3	3	2	3	3	2	1	3	1	
0	2	4	3	0	2	2	2	3	2	3	2	3	3	3	1	3	2	3	2	3	2	3	3	4	1	3	3	3	2	2	
0	2	3	1	2	0	3	3	3	4	5	3	3	3	2	3	3	4	3	2	4	4	4	4	3	3	3	3	2	2	2	
0	1	4	2	3	3	0	1	4	3	3	4	3	3	3	3	4	3	4	2	4	3	2	2	4	1	2	4	3	2	3	
0	3	4	3	2	3	3	0	4	3	3	3	3	2	3	2	3	2	4	2	3	2	1	1	3	3	1	3	3	2	2	
0	2	3	2	3	2	2	2	0	3	3	2	2	2	2	3	3	4	3	2	3	1	1	3	3	1	1	3	3	1	3	
0	2	2	3	2	3	1	2	1	0	3	3	3	2	3	3	4	2	4	3	2	2	2	3	3	2	2	3	4	2	3	
0	3	3	2	2	1	3	3	1	3	0	3	2	3	2	2	2	3	3	3	3	2	2	3	1	2	2	2	3	2	2	
0	2	2	3	1	3	3	2	4	3	3	0	4	2	2	2	1	2	1	3	2	2	3	3	3	2	1	3	4	3	3	
0	2	2	3	2	2	1	2	3	3	2	3	0	2	3	2	3	2	4	3	1	3	3	1	1	2	1	2	3	3	1	
0	2	4	3	3	4	1	2	2	3	4	2	2	0	3	3	3	4	3	1	3	3	3	3	3	2	3	4	2	3	3	
0	2	1	3	2	3	3	1	4	3	3	1	3	3	0	2	1	3	2	3	3	3	2	2	2	3	2	3	4	3	2	
0	1	3	2	2	1	2	3	2	1	4	1	2	3	2	0	2	3	2	3	3	1	3	3	3	3	2	4	2	1	3	
0	1	2	2	2	3	2	2	4	3	4	3	3	2	3	2	0	2	1	3	3	2	3	3	3	2	2	2	3	2	2	
0	3	2	1	3	3	3	2	3	3	2	3	2	3	2	3	3	0	3	2	1	3	3	3	2	4	3	1	2	4	2	
0	3	1	2	3	3	2	1	3	3	3	3	3	1	3	2	4	1	0	2	2	1	2	2	3	3	2	2	3	3	2	
0	2	3	3	2	3	2	3	2	2	4	3	4	2	2	2	3	3	2	0	4	3	3	4	4	3	3	4	1	3	4	
0	3	1	3	3	2	2	3	2	2	1	3	3	4	3	2	3	4	4	3	0	2	3	4	2	3	3	3	4	3	2	
0	2	3	1	3	3	3	3	3	4	4	3	2	2	2	3	3	4	3	2	3	0	3	3	3	4	2	3	2	3	2	
0	3	3	4	2	4	3	1	3	3	3	3	3	2	2	3	3	3	3	1	4	3	0	2	2	3	1	3	2	3	3	
0	2	3	2	2	2	2	3	3	2	3	2	3	1	2	1	3	1	3	2	2	2	3	0	3	3	3	2	3	2	1	
0	3	3	4	1	3	2	2	3	3	2	3	1	3	4	2	3	3	3	3	2	3	3	2	0	2	2	3	2	3	2	
0	2	3	2	3	2	1	1	3	2	2	3	2	3	2	3	3	3	3	1	3	3	2	2	3	0	2	4	2	1	3	
0	3	3	3	3	3	4	3	3	4	2	4	3	3	3	3	4	3	4	4	4	2	4	2	2	4	0	2	3	4	3	
0	3	1	2	2	3	2	1	4	3	3	3	1	3	3	2	4	1	2	3	2	3	2	2	1	3	2	0	3	3	2	
0	2	2	3	1	2	2	2	1	2	4	2	3	1	3	1	3	2	1	1	3	2	2	3	4	2	2	3	0	2	3	
0	3	2	1	3	1	2	2	2	3	3	2	1	3	1	2	2	3	2	2	2	3	3	2	2	3	2	3	2	0	2	
0	1	4	2	1	1	2	3	3	3	4	3	2	2	3	2	2	2	3	3	3	3	2	3	3	2	2	3	3	2	0	
M1
0	0	0	0	0	0	0	0	0	0	0	0	0	0	0	0	0	0	0	0	0	0	0	0	0	0	0	0	0	0	0	
0	0	3	1	2	2	3	2	3	3	2	2	3	2	3	2	3	2	3	1	4	3	3	4	4	4	1	3	2	4	3	
0	3	0	3	4	4	5	5	5	4	3	3	4	3	4	4	4	4	4	4	5	4	4	5	5	5	2	5	3	5	4	
0	3	3	0	1	1	3	4	2	2	3	2	3	3	2	1	3	2	2	3	3	2	4	3	3	3	2	4	3	3	4	
0	4	3	2	0	2	4	4	3	3	2	3	3	4	3	2	3	4	3	3	4	3	3	4	4	4	1	4	4	4	4	
0	4	3	3	4	0	2	3	1	1	3	1	3	2	1	2	2	2	2	2	2	3	3	4	2	2	2	3	3	4	3	
0	3	4	4	5	5	0	2	5	4	3	4	4	5	5	5	4	2	4	4	4	3	4	4	4	6	4	5	3	5	4	
0	1	2	2	3	3	2	0	3	3	1	2	2	3	3	3	2	1	2	2	3	1	2	3	2	4	2	3	3	3	3	
0	3	3	3	4	3	2	4	0	2	3	3	2	3	2	1	4	3	2	3	4	2	4	4	3	1	2	2	2	3	3	
0	3	2	2	3	2	2	2	2	0	2	3	3	2	1	2	3	3	1	1	2	3	3	3	2	3	1	3	3	4	4	
0	4	1	4	2	2	3	4	2	3	0	1	4	2	3	3	1	4	3	3	3	3	2	4	3	3	3	2	4	3	2	
0	3	2	4	4	3	2	3	2	2	4	0	3	1	3	3	1	3	3	3	3	3	2	3	3	3	3	2	4	3	2	
0	3	2	4	4	2	4	2	3	3	2	3	0	4	3	2	3	3	3	1	2	2	4	3	3	4	3	3	3	4	2	
0	5	4	5	3	2	2	4	3	3	4	3	2	0	3	4	4	2	4	3	3	4	5	5	3	4	4	5	4	6	4	
0	4	3	3	3	3	1	3	3	2	4	4	2	3	0	2	4	2	2	3	4	3	4	4	1	4	3	5	4	4	4	
0	2	3	3	4	3	2	3	3	1	2	2	2	3	2	0	3	2	2	2	3	1	3	3	2	2	2	3	2	2	3	
0	3	2	3	4	3	2	3	1	2	3	2	3	1	2	2	0	3	2	2	2	2	1	3	2	2	3	1	3	2	1	
0	4	4	5	6	4	1	3	4	3	4	2	5	3	4	4	3	0	4	3	2	4	4	5	5	5	4	4	3	5	4	
0	2	1	3	4	1	3	4	1	2	4	2	3	1	2	2	3	3	0	3	3	3	3	5	3	2	3	3	3	4	4	
0	2	2	3	3	1	3	1	2	2	1	2	2	3	2	1	2	2	3	0	3	2	3	4	3	3	3	2	3	3	3	
0	2	3	3	4	2	3	2	2	2	2	3	3	2	3	2	1	3	3	1	0	2	2	4	3	3	2	2	1	3	2	
0	1	2	2	3	2	2	3	2	3	2	1	1	2	2	2	2	1	1	2	3	0	3	2	1	3	1	2	3	3	2	
0	2	1	2	3	2	1	2	2	1	3	1	2	2	2	3	2	3	1	2	1	3	0	3	2	3	2	1	2	1	2	
0	2	3	2	3	3	3	1	3	2	2	3	3	3	3	1	2	2	3	3	3	2	3	0	3	3	3	3	3	3	3	
0	3	3	2	2	3	2	3	2	2	3	3	1	4	3	1	4	1	3	2	3	2	4	3	0	3	3	4	3	3	3	
0	3	2	3	4	2	1	3	2	2	3	3	1	2	3	3	4	3	1	2	3	2	4	4	2	0	2	1	1	2	2	
0	4	2	1	2	2	3	4	3	3	1	2	2	3	2	2	2	3	3	3	3	3	2	3	3	4	0	3	4	3	3	
0	2	2	3	3	3	3	2	3	2	3	4	2	3	3	2	3	2	3	2	2	3	4	4	1	3	2	0	3	1	2	
0	2	3	2	3	3	3	3	3	1	2	2	2	3	2	2	3	2	2	2	3	1	3	3	2	3	1	3	0	4	1	
0	1	1	2	3	3	3	1	3	1	2	3	3	3	2	3	2	2	2	2	3	2	3	3	3	4	1	3	3	0	1	
0	2	2	2	3	2	2	2	2	3	2	3	3	2	1	2	3	3	1	1	2	3	4	2	2	3	3	3	3	4	0	
M2
0	0	0	0	0	0	0	0	0	0	0	0	0	0	0	0	0	0	0	0	0	0	0	0	0	0	0	0	0	0	0	
0	0	3	3	3	3	3	4	3	1	3	2	2	3	2	1	3	4	3	2	2	2	3	2	4	3	4	2	4	4	4	
0	2	0	1	3	2	2	2	2	2	3	1	2	2	2	2	2	2	1	2	2	3	2	2	4	3	1	2	2	2	3	
0	1	3	0	2	2	2	2	1	2	2	2	2	2	1	2	1	2	2	1	1	3	3	1	3	2	1	1	3	2	3	
0	3	3	3	0	2	3	3	2	2	3	2	3	1	2	3	3	3	3	3	2	4	4	4	4	2	2	2	2	3	1	
0	1	1	2	2	0	3	3	3	2	2	2	3	3	3	2	3	3	2	1	3	3	3	2	5	2	2	1	3	3	3	
0	2	3	4	3	2	0	4	3	3	2	4	2	3	3	3	3	3	2	3	1	3	3	4	3	3	3	1	2	2	3	
0	3	3	4	3	3	1	0	3	1	3	3	2	2	1	2	2	4	3	2	2	3	3	3	3	3	4	2	3	3	4	
0	2	2	3	2	2	3	4	0	2	1	3	2	1	2	2	2	1	1	3	2	3	2	3	3	3	3	2	4	2	3	
0	3	2	3	5	4	3	4	3	0	2	3	3	4	3	3	2	4	3	4	3	4	2	3	5	3	3	2	4	3	3	
0	2	1	2	3	2	2	3	3	2	0	2	2	3	1	2	3	2	2	2	1	3	3	2	3	3	2	3	3	3	4	
0	2	1	1	2	1	3	3	2	3	2	0	3	3	2	2	2	2	1	2	2	3	2	2	4	3	2	2	3	3	2	
0	3	3	2	3	3	1	4	1	2	2	3	0	2	1	2	3	2	1	2	2	2	2	3	3	3	3	2	3	3	3	
0	2	2	3	1	1	3	4	1	2	2	3	2	0	3	2	2	2	2	2	1	3	3	3	3	3	3	1	3	3	2	
0	4	2	3	2	3	2	4	2	1	3	3	1	3	0	1	3	3	2	1	3	2	3	2	2	2	3	3	4	4	3	
0	3	3	3	2	2	2	4	2	3	3	2	1	2	2	0	3	3	2	1	3	1	2	1	4	2	3	2	4	4	3	
0	3	2	2	3	2	1	4	1	3	2	1	2	2	3	1	0	2	2	2	2	2	3	2	4	1	3	2	3	3	3	
0	2	3	4	1	3	4	4	2	1	3	3	3	2	3	3	3	0	3	4	3	4	3	4	3	3	3	2	3	4	2	
0	3	3	2	2	3	3	4	3	2	3	3	2	3	3	1	2	1	0	2	3	2	1	2	4	3	3	2	4	4	2	
0	3	4	3	1	3	4	4	3	3	3	3	3	2	3	3	3	3	2	0	3	2	3	1	5	1	3	2	3	4	2	
0	1	2	3	3	1	2	3	2	2	1	3	1	2	2	2	3	2	1	2	0	3	2	3	2	3	2	2	2	3	3	
0	2	2	2	3	1	3	4	1	3	2	3	2	2	3	3	2	2	2	2	3	0	1	2	4	3	3	1	4	3	4	
0	2	2	1	3	3	2	3	2	3	2	2	1	3	2	2	1	3	2	2	2	3	0	2	4	2	2	1	4	3	4	
0	2	3	4	2	2	3	3	2	3	2	3	3	1	3	3	2	3	3	3	2	4	4	0	4	3	2	2	4	3	3	
0	3	3	3	2	2	2	5	3	4	4	3	3	3	3	3	2	4	3	1	3	3	2	2	0	2	4	3	4	4	3	
0	3	3	2	3	3	3	3	3	3	2	4	2	3	2	3	3	4	3	3	3	3	4	3	4	0	3	1	2	3	4	
0	2	2	3	2	1	1	1	2	1	3	3	1	3	2	3	2	3	2	2	2	3	3	3	4	3	0	2	3	1	2	
0	3	2	3	3	3	3	4	2	3	1	3	3	2	2	3	3	3	3	3	2	2	3	3	4	2	3	0	4	2	4	
0	4	3	4	2	4	3	2	3	3	2	4	4	3	3	4	3	4	4	3	3	3	4	4	5	3	3	1	0	3	3	
0	2	2	3	3	1	2	4	2	1	3	2	3	3	3	2	1	2	3	2	3	3	2	3	5	2	3	2	4	0	4	
0	4	3	3	3	3	2	3	3	1	3	4	2	4	1	2	3	4	3	2	3	3	3	3	3	1	2	2	3	3	0	
M3
0	0	0	0	0	0	0	0	0	0	0	0	0	0	0	0	0	0	0	0	0	0	0	0	0	0	0	0	0	0	0	
0	0	2	2	2	2	2	3	1	1	2	3	2	2	2	3	1	1	3	2	2	2	4	3	2	3	3	3	2	1	3	
0	3	0	2	3	2	3	3	3	3	3	1	2	2	2	3	3	2	4	3	3	3	2	2	3	2	4	1	3	1	2	
0	2	3	0	3	3	2	2	3	3	4	3	3	2	3	2	3	3	4	4	1	3	2	3	2	2	3	1	4	2	3	
0	2	3	3	0	3	2	2	2	2	2	2	1	2	1	2	3	1	1	1	1	3	2	3	2	1	2	1	2	3	2	
0	3	1	3	3	0	3	3	2	4	3	2	1	3	1	2	3	3	3	3	2	3	2	3	2	2	3	2	1	2	3	
0	2	2	2	3	2	0	2	3	2	3	3	2	2	2	2	3	3	3	3	1	3	2	3	2	3	3	1	3	1	3	
0	2	1	2	2	3	2	0	2	3	3	2	2	3	3	3	3	3	3	3	1	3	3	1	2	1	3	2	3	2	3	
0	3	3	3	3	3	1	3	0	3	4	2	3	1	3	2	4	3	4	4	2	2	3	3	3	3	3	2	1	2	3	
0	2	1	3	3	3	4	3	3	0	2	2	3	3	3	3	3	3	3	1	2	4	3	2	3	3	2	2	4	2	3	
0	2	3	2	3	2	2	3	2	3	0	2	2	3	1	2	3	3	1	2	2	3	2	2	2	3	3	2	3	3	1	
0	2	3	2	2	2	2	2	2	3	3	0	2	3	1	2	3	1	3	2	3	4	3	1	2	1	3	2	2	3	1	
0	4	3	3	2	3	2	2	1	4	3	3	0	2	3	3	2	3	3	3	3	3	3	3	3	1	3	3	2	3	4	
0	3	3	3	3	2	3	2	3	4	3	1	3	0	2	1	4	2	4	3	3	5	4	2	3	2	4	3	3	4	2	
0	3	2	2	2	4	2	2	1	4	2	3	2	2	0	1	2	2	2	3	3	3	3	3	1	3	4	3	2	3	3	
0	3	2	3	3	4	2	1	2	4	2	3	3	2	3	0	4	2	3	4	2	4	4	2	3	2	3	3	3	3	3	
0	3	4	1	1	3	2	3	1	3	1	3	2	2	2	3	0	2	2	2	2	1	3	3	1	2	2	2	2	3	2	
0	1	3	3	3	2	3	3	2	2	2	2	3	2	3	3	2	0	3	3	2	3	3	3	3	3	2	3	1	2	3	
0	1	3	3	3	2	1	3	2	2	3	1	1	3	2	2	2	2	0	2	2	2	1	2	3	2	3	2	3	2	1	
0	2	2	3	3	3	3	2	3	1	1	2	3	3	2	3	3	3	2	0	1	4	3	3	2	3	1	2	4	2	2	
0	1	2	3	2	3	3	1	2	2	3	3	3	2	3	3	2	2	3	3	0	3	2	2	1	2	2	1	3	2	2	
0	3	3	3	1	2	3	3	3	2	2	3	2	3	2	2	2	2	2	2	2	0	3	4	3	2	1	2	3	4	1	
0	2	3	2	2	2	3	2	2	3	2	3	3	3	3	2	1	3	3	2	1	2	0	3	2	3	2	2	3	3	1	
0	3	2	1	1	4	2	3	1	2	3	3	2	2	2	3	4	2	2	2	2	3	3	0	3	2	2	2	2	3	3	
0	3	4	2	1	4	3	3	2	3	2	3	2	3	2	3	1	2	2	2	2	2	2	2	0	2	3	2	3	4	3	
0	3	2	3	1	3	1	3	2	3	2	3	1	3	2	2	3	2	2	2	2	4	3	4	3	0	2	2	3	2	3	
0	3	3	3	3	3	3	2	2	2	1	3	3	3	2	3	4	2	2	1	2	4	3	3	3	3	0	2	3	3	2	
0	3	3	3	3	3	4	3	3	4	3	2	4	1	3	2	2	3	3	3	2	2	1	3	3	3	3	0	4	4	2	
0	2	3	4	3	4	3	2	2	3	3	4	2	3	2	3	3	3	3	3	1	2	2	3	2	3	2	2	0	3	3	
0	3	1	1	3	1	3	3	2	2	2	2	1	3	1	2	3	2	3	3	2	4	3	2	2	2	4	2	2	0	3	
0	3	2	4	3	1	3	2	3	2	2	2	2	2	2	1	3	3	3	1	2	3	2	3	3	2	2	1	2	3	0	
M4
0	0	0	0	0	0	0	0	0	0	0	0	0	0	0	0	0	0	0	0	0	0	0	0	0	0	0	0	0	0	0	
0	0	3	3	2	1	3	3	2	2	2	2	3	3	1	3	2	3	3	1	2	2	3	3	3	2	1	2	3	3	2	
0	1	0	3	2	2	4	3	1	3	2	2	2	4	1	3	3	3	3	2	3	3	2	4	2	3	2	2	3	2	3	
0	2	4	0	2	3	3	3	3	4	2	2	3	2	3	3	2	1	3	3	2	4	3	3	4	2	1	4	3	3	2	
0	2	2	4	0	2	3	3	3	3	3	3	1	4	3	1	2	3	2	3	2	4	3	3	2	2	2	3	3	1	2	
0	3	2	3	3	0	5	3	2	2	4	3	4	4	3	3	4	3	3	3	4	4	3	4	2	1	3	4	3	2	2	
0	3	3	1	3	1	0	3	2	2	3	2	1	3	2	3	3	2	2	1	2	4	3	1	2	2	2	2	3	3	3	
0	2	1	3	2	3	3	0	1	2	2	2	3	2	2	3	2	1	3	2	3	4	2	2	3	2	3	3	3	2	3	
0	2	1	3	3	3	3	3	0	3	3	1	2	3	2	2	3	2	3	1	2	4	1	3	3	2	2	3	3	1	2	
0	2	2	1	2	3	4	1	2	0	2	3	3	3	3	1	2	1	3	3	3	4	2	3	3	3	2	4	1	2	3	
0	2	3	4	1	2	3	2	3	3	0	3	1	4	3	2	2	2	2	3	2	4	1	3	2	3	2	3	1	2	3	
0	4	4	2	2	3	4	3	3	2	2	0	2	4	3	3	2	1	3	4	3	3	3	3	3	4	3	4	3	3	2	
0	2	3	3	3	1	2	2	2	2	2	3	0	3	3	2	2	3	1	3	1	3	3	2	1	2	1	2	3	2	2	
0	2	2	4	3	3	4	1	2	3	2	3	2	0	3	1	2	2	3	3	3	4	3	3	3	3	3	4	3	2	3	
0	3	2	4	1	3	4	2	1	4	4	2	2	3	0	2	3	3	3	2	3	5	2	4	3	3	3	4	4	2	2	
0	1	1	3	2	2	3	4	2	3	3	2	2	3	2	0	1	2	2	2	3	3	3	2	3	2	2	3	2	1	2	
0	3	3	2	1	3	2	3	2	3	2	1	2	2	2	2	0	2	1	3	3	3	3	1	2	2	3	2	3	2	3	
0	3	3	3	1	3	3	3	3	4	1	2	2	3	3	2	1	0	2	4	3	4	2	2	3	3	2	3	2	2	3	
0	2	2	2	3	3	2	3	3	4	4	2	3	4	2	1	2	3	0	3	4	2	3	3	3	1	3	4	3	2	2	
0	4	3	3	3	3	2	2	2	3	2	3	3	3	3	3	2	3	2	0	1	4	3	2	4	3	1	4	3	2	2	
0	3	2	2	3	2	1	1	1	3	3	2	2	3	2	2	3	2	3	2	0	5	2	1	3	2	2	3	3	1	2	
0	2	1	2	2	3	2	3	2	2	2	2	2	3	2	2	1	3	1	3	2	0	1	1	1	2	1	3	3	3	2	
0	3	3	3	3	2	3	3	3	3	3	4	1	4	4	3	3	3	2	4	2	3	0	3	2	3	2	3	2	3	2	
0	3	2	1	2	2	1	3	1	3	2	1	2	3	1	3	3	2	3	2	3	4	2	0	3	1	2	3	2	2	2	
0	3	3	2	3	4	3	2	2	1	3	3	4	4	4	2	3	2	2	3	4	2	3	3	0	3	3	5	2	3	2	
0	4	3	3	2	4	4	4	3	4	3	2	3	3	2	3	3	3	2	4	4	4	2	3	4	0	2	5	3	3	1	
0	3	4	2	2	3	3	3	3	4	1	2	2	2	3	3	1	3	2	4	3	4	2	2	3	3	0	3	2	3	1	
0	3	3	4	2	3	3	3	2	4	1	3	2	4	1	3	3	2	3	3	2	5	2	3	3	4	3	0	2	3	3	
0	1	3	4	2	2	4	4	3	3	2	2	2	4	2	2	2	1	3	2	3	3	1	3	3	3	2	3	0	3	3	
0	4	4	3	2	4	4	3	3	2	4	3	3	3	3	3	4	3	2	4	4	4	2	4	4	1	3	5	3	0	1	
0	3	3	3	1	3	3	3	3	4	4	3	2	2	3	2	3	3	1	4	3	3	1	4	3	2	3	4	2	2	0	
M5
0	0	0	0	0	0	0	0	0	0	0	0	0	0	0	0	0	0	0	0	0	0	0	0	0	0	0	0	0	0	0	
0	0	3	3	1	3	3	2	3	2	2	4	1	2	3	3	3	3	2	3	2	3	2	2	2	3	2	2	3	3	3	
0	1	0	2	2	3	3	3	2	3	1	3	2	3	2	3	3	1	3	2	3	2	3	2	3	3	2	3	3	2	2	
0	3	2	0	3	2	1	3	3	3	3	3	4	2	3	3	2	3	4	3	3	4	3	2	4	3	4	2	2	2	1	
0	3	2	2	0	3	2	1	3	2	1	3	2	2	2	3	2	2	1	2	1	2	3	3	1	2	3	1	2	2	2	
0	4	3	3	2	0	3	3	3	4	3	3	3	3	4	3	3	3	2	1	3	3	4	4	2	1	4	3	4	2	2	
0	3	2	4	2	1	0	2	2	3	3	2	4	4	4	2	1	3	3	2	3	4	5	4	3	2	3	1	3	1	3	
0	2	1	3	3	4	3	0	2	2	2	3	3	2	3	3	4	2	3	3	2	3	3	3	4	3	3	2	1	3	3	
0	3	2	2	2	3	2	2	0	2	3	1	4	3	3	2	3	2	3	1	2	3	3	3	3	2	1	1	3	3	2	
0	3	3	1	3	3	2	2	1	0	3	2	2	3	2	1	3	3	1	2	2	3	3	3	2	1	2	2	2	2	2	
0	4	3	4	3	4	3	2	3	3	0	4	4	2	3	2	2	4	4	4	3	4	3	5	4	3	3	3	2	1	1	
0	2	1	2	3	3	3	3	2	1	2	0	3	2	3	1	2	2	2	2	1	2	4	3	3	2	2	3	2	2	3	
0	3	3	2	4	2	3	2	2	1	3	3	0	1	2	2	4	4	2	3	2	3	1	1	3	2	1	2	3	3	2	
0	2	3	4	3	3	3	3	3	3	2	3	3	0	1	1	3	3	2	2	1	2	4	4	3	1	2	2	2	2	2	
0	1	2	3	2	2	2	2	2	2	3	3	2	2	0	3	3	2	1	2	2	1	3	3	2	3	3	1	1	3	1	
0	3	2	3	3	2	3	2	2	2	2	3	3	3	4	0	2	3	3	3	2	3	4	3	4	2	1	2	1	1	2	
0	2	1	3	1	2	1	2	3	3	2	3	3	3	3	3	0	2	2	3	2	3	4	3	2	1	3	2	2	2	3	
0	2	3	1	2	2	2	2	1	3	3	2	3	3	1	2	2	0	2	1	3	1	3	1	2	2	1	2	2	1	2	
0	3	2	2	2	2	2	1	3	3	2	3	2	2	3	3	3	2	0	1	1	2	3	2	1	2	3	3	2	3	2	
0	4	3	3	1	4	3	2	4	3	2	2	3	2	3	3	3	3	2	0	2	2	3	4	2	3	4	2	3	3	1	
0	3	3	3	2	2	2	3	2	3	1	2	3	1	2	2	3	2	2	1	0	1	4	3	3	2	3	3	3	2	2	
0	3	3	2	2	2	1	2	2	4	3	3	3	3	2	3	2	1	1	2	2	0	4	2	2	3	2	2	3	2	3	
0	3	3	2	3	3	2	4	4	4	3	4	4	2	2	3	3	4	3	2	2	3	0	4	4	3	4	1	3	3	3	
0	2	3	4	3	1	3	2	3	3	4	4	3	3	1	3	4	3	2	2	3	2	2	0	3	2	2	2	2	3	2	
0	3	3	1	3	2	1	2	2	2	2	3	1	2	2	3	2	1	3	2	3	2	2	2	0	1	2	2	3	2	2	
0	3	2	3	3	2	3	2	2	4	3	3	3	3	4	2	2	3	4	2	2	3	4	4	2	0	3	3	3	1	3	
0	3	2	4	3	3	4	1	2	3	3	3	4	2	3	1	3	3	4	2	3	4	3	2	3	1	0	3	2	2	1	
0	4	3	4	2	2	1	3	3	4	3	3	4	3	4	3	2	4	2	1	2	3	4	4	3	3	4	0	4	2	2	
0	2	1	2	3	3	2	3	1	1	2	2	2	2	3	2	3	2	2	2	1	2	3	3	3	2	2	1	0	3	2	
0	3	2	4	2	3	2	1	3	3	3	4	4	3	4	1	1	3	3	4	3	4	4	4	3	2	2	3	2	0	3	
0	3	2	4	2	4	4	3	4	4	3	4	3	1	2	2	4	3	3	3	2	3	2	4	3	2	3	3	3	3	0	
M6
0	0	0	0	0	0	0	0	0	0	0	0	0	0	0	0	0	0	0	0	0	0	0	0	0	0	0	0	0	0	0	
0	0	3	5	4	4	3	4	4	1	4	4	4	5	4	3	3	4	2	2	3	3	4	3	2	3	3	3	4	2	4	
0	1	0	3	3	2	3	2	3	2	1	3	3	3	3	2	2	2	2	3	2	3	3	3	3	3	2	1	3	1	1	
0	2	4	0	4	3	4	2	2	2	3	3	4	3	3	2	4	3	3	3	2	3	3	1	1	2	2	2	4	3	3	
0	4	4	4	0	3	3	2	2	2	4	3	4	2	3	4	4	3	3	1	3	4	3	1	3	2	3	2	3	3	3	
0	2	3	3	3	0	3	2	3	3	1	2	3	4	2	3	2	3	3	4	2	1	2	3	1	1	2	3	3	2	3	
0	3	3	3	1	3	0	3	3	3	4	3	3	3	2	4	4	4	3	2	3	1	2	2	4	3	4	2	3	3	3	
0	4	4	3	3	3	4	0	3	3	4	5	2	4	3	2	2	3	3	3	4	2	3	3	3	4	2	4	2	1	3	
0	3	3	4	2	1	2	3	0	3	2	3	3	1	3	3	3	4	2	2	3	2	3	3	2	2	3	2	2	2	4	
0	4	4	4	3	3	4	3	3	0	4	3	5	4	3	2	2	3	3	1	2	3	3	2	3	2	2	2	3	1	4	
0	1	2	3	2	4	2	1	3	2	0	4	3	4	2	3	1	2	3	3	3	3	4	2	3	3	3	3	3	2	3	
0	4	4	4	2	2	3	2	1	2	3	0	4	2	4	3	1	2	3	3	3	3	3	1	3	2	3	2	2	3	3	
0	3	4	1	3	3	2	2	2	1	3	3	0	3	3	3	2	3	3	2	2	3	3	1	1	2	3	2	3	2	1	
0	4	3	3	2	3	1	3	3	3	3	3	2	0	3	2	2	3	2	3	2	2	3	3	3	2	2	1	3	1	3	
0	1	3	1	3	3	2	3	2	2	3	3	4	3	0	3	4	4	3	2	3	3	4	2	2	3	3	3	1	3	3	
0	3	4	3	2	1	3	2	2	3	2	3	3	3	2	0	3	1	3	2	2	1	1	3	1	2	2	3	3	3	2	
0	4	4	4	1	3	3	1	2	2	4	3	3	3	4	2	0	1	3	2	2	3	3	1	3	2	3	2	3	2	3	
0	4	4	3	2	2	2	1	1	3	3	3	2	2	3	1	3	0	3	1	3	2	2	3	2	2	3	3	3	2	2	
0	2	1	3	3	2	4	3	3	3	2	4	3	4	3	1	3	2	0	3	3	2	2	2	2	3	3	2	2	2	2	
0	3	4	3	3	3	3	4	3	3	4	2	5	4	2	3	3	4	3	0	2	4	2	3	3	1	3	2	2	2	3	
0	3	2	3	3	3	4	2	2	1	3	1	4	3	2	2	2	3	1	2	0	3	3	2	1	3	3	1	3	2	3	
0	2	4	2	2	2	3	4	3	3	3	4	2	4	1	3	4	4	4	3	4	0	1	3	3	3	4	3	2	4	2	
0	3	3	3	1	1	2	3	3	3	2	3	3	3	2	2	3	3	3	2	3	2	0	2	2	2	3	2	3	3	1	
0	3	3	4	3	2	3	1	1	1	3	2	3	2	4	3	3	4	2	2	2	3	2	0	2	1	2	1	3	2	2	
0	3	3	4	4	4	3	3	3	2	4	2	5	4	3	3	3	4	2	3	1	4	4	3	0	4	4	2	4	3	3	
0	4	3	4	2	2	2	3	2	2	3	1	4	3	3	2	2	3	2	3	1	3	1	2	2	0	2	2	3	1	2	
0	3	4	3	3	1	4	2	2	4	2	3	3	3	2	2	2	3	4	4	3	1	2	3	2	2	0	3	3	1	2	
0	3	2	4	3	3	3	2	3	2	2	2	3	2	3	2	2	3	1	3	1	3	3	3	2	4	2	0	2	1	3	
0	2	4	2	3	3	2	3	3	3	2	3	3	4	3	4	3	4	4	1	3	3	3	3	3	2	4	3	0	3	4	
0	4	5	4	2	2	4	2	2	3	3	4	4	3	3	1	1	2	4	3	3	2	2	2	2	3	1	3	2	0	3	
0	4	3	3	2	4	3	3	3	3	3	2	2	2	4	3	3	4	2	3	2	4	4	3	3	4	3	1	3	2	0	
M7
0	0	0	0	0	0	0	0	0	0	0	0	0	0	0	0	0	0	0	0	0	0	0	0	0	0	0	0	0	0	0	
0	0	2	3	2	2	3	3	1	3	2	3	2	2	2	2	3	1	2	3	1	2	3	1	2	1	1	2	4	3	2	
0	5	0	4	4	4	1	4	5	4	3	4	4	5	4	3	4	2	4	2	4	3	3	3	3	3	4	3	3	3	2	
0	3	2	0	2	2	1	3	2	2	2	2	3	4	1	2	2	2	1	3	3	3	1	2	2	2	2	3	2	1	2	
0	2	3	3	0	2	3	4	3	3	4	2	1	3	3	2	3	3	2	2	3	3	3	3	2	3	2	3	4	4	3	
0	3	1	4	3	0	2	4	3	2	3	2	3	3	1	1	1	3	2	3	2	3	3	3	3	4	2	1	3	2	2	
0	4	4	3	3	3	0	3	4	3	2	4	3	4	4	2	3	1	3	3	3	2	3	2	3	3	3	2	2	3	1	
0	2	3	3	2	3	3	0	3	3	3	2	3	1	3	2	3	2	3	4	2	2	2	3	1	3	3	1	3	2	2	
0	3	3	3	2	2	2	4	0	2	3	2	3	4	1	3	2	3	1	4	3	3	2	3	3	4	2	3	3	2	2	
0	2	2	3	2	3	3	2	3	0	2	2	1	3	2	4	3	3	2	3	3	3	3	2	2	3	2	3	2	1	3	
0	2	2	1	3	1	2	1	3	3	0	3	4	2	2	2	2	3	2	3	3	3	2	3	2	3	3	2	3	2	3	
0	1	2	2	2	3	1	2	2	1	2	0	2	2	2	3	2	2	1	4	1	1	2	2	2	2	2	3	3	2	2	
0	1	3	2	1	2	2	3	2	2	3	1	0	3	3	3	2	2	1	3	2	2	2	2	1	2	1	3	3	3	2	
0	1	3	2	1	2	3	2	2	2	2	3	2	0	3	2	2	1	3	3	2	1	3	2	2	2	2	3	3	2	1	
0	2	2	3	2	3	2	3	2	1	2	1	2	3	0	4	3	3	2	3	2	2	3	2	2	3	1	3	2	1	1	
0	3	3	3	2	3	3	4	2	3	3	2	3	4	3	0	2	3	1	4	3	3	2	2	2	4	1	3	3	2	2	
0	3	3	4	3	4	1	3	4	1	3	3	2	3	3	3	0	2	3	4	4	3	3	3	2	4	3	3	3	2	2	
0	3	3	4	3	4	4	3	3	4	3	3	4	3	3	1	3	0	2	5	2	4	3	3	3	3	2	4	4	3	3	
0	3	3	2	1	3	2	4	1	2	3	3	2	4	2	2	1	2	0	3	4	4	1	3	2	4	2	3	2	3	2	
0	3	2	3	2	3	3	2	4	3	2	2	3	3	2	3	3	2	3	0	3	2	2	4	1	1	3	2	3	3	3	
0	1	1	2	2	2	2	2	2	2	1	2	2	1	1	3	3	2	2	3	0	2	2	1	3	2	2	3	3	2	2	
0	2	2	1	1	3	2	1	3	2	2	2	1	2	2	3	1	3	2	3	3	0	2	2	1	3	2	2	2	1	3	
0	3	2	1	3	3	2	4	3	3	3	2	2	3	2	1	3	3	2	2	3	3	0	3	1	3	2	4	1	2	2	
0	2	3	3	2	2	3	2	3	3	2	2	1	3	3	3	3	3	2	3	3	3	3	0	2	3	2	3	4	4	3	
0	2	3	2	3	4	2	3	3	2	3	1	3	3	3	2	3	3	2	3	2	2	1	3	0	2	2	3	2	3	3	
0	3	1	2	1	2	2	2	4	3	1	3	2	3	3	2	2	1	3	3	2	1	2	3	2	0	3	1	3	2	2	
0	3	4	2	1	3	3	3	4	2	2	2	2	4	3	3	4	4	3	3	3	3	2	2	1	3	0	2	3	3	1	
0	2	2	3	3	3	3	3	3	3	2	3	3	2	2	4	4	3	3	4	1	3	3	2	3	3	3	0	3	2	3	
0	3	3	3	3	3	3	3	2	3	2	3	4	2	3	3	2	3	3	1	4	3	2	3	2	2	4	3	0	3	2	
0	3	1	2	2	2	2	2	2	3	1	3	2	3	3	3	2	3	1	2	2	4	2	1	3	3	3	3	1	0	3	
0	3	3	2	3	2	3	2	3	3	1	3	2	3	3	3	3	3	3	4	4	4	3	1	3	4	3	3	3	2	0	
Tamanho_Tarefas
0	21	20	18	5	12	14	13	7	12	7	9	10	15	24	25	12	11	4	21	15	13	13	32	16	15	28	8	6	16	17	
Data_Entrega
0	132	131	135	132	134	133	139	131	130	136	139	130	133	138	132	136	135	132	137	132	136	137	138	138	138	131	136	130	132	139	
Penalidade_Atraso
0	1	18	16	14	16	16	7	15	5	13	4	20	9	18	14	20	17	15	8	20	11	12	15	5	15	6	14	5	18	5	
Capacidade_Veiculo
49	46	73	52	44	77	59	49	67	95	
Custo_Fixo_Veiculo
490	460	730	520	440	770	590	490	670	950	
Coordenadas_Clientes
x	0	y	0
x	83	y	0
x	76	y	16
x	73	y	32
x	67	y	49
x	66	y	74
x	41	y	71
x	25	y	77
x	8	y	82
x	-12	y	114
x	-26	y	80
x	-48	y	83
x	-77	y	86
x	-63	y	45
x	-100	y	44
x	-86	y	18
x	-88	y	0
x	-78	y	-16
x	-106	y	-47
x	-61	y	-44
x	-58	y	-65
x	-37	y	-65
x	-26	y	-81
x	-8	y	-76
x	11	y	-107
x	25	y	-77
x	47	y	-82
x	54	y	-60
x	84	y	-61
x	95	y	-42
x	104	y	-22
Tempo_Viagem
0	83	77	79	83	99	81	80	82	114	84	95	115	77	109	87	88	79	115	75	87	74	85	76	107	80	94	80	103	103	106	
83	0	17	33	51	75	82	96	111	148	135	155	181	152	188	169	171	161	194	150	155	136	135	118	128	96	89	66	61	43	30	
77	17	0	16	34	58	65	79	94	131	120	140	168	141	178	162	164	156	192	149	156	139	140	124	139	106	102	79	77	60	47	
79	33	16	0	18	42	50	65	82	117	110	131	159	136	173	159	164	158	194	154	163	146	150	135	152	119	116	93	93	76	62	
83	51	34	18	0	25	34	50	67	102	98	119	148	130	167	156	162	158	197	158	169	154	159	145	165	132	132	109	111	94	80	
99	75	58	42	25	0	25	41	58	87	92	114	143	132	168	161	170	169	210	173	186	173	180	167	189	156	157	134	135	118	103	
81	82	65	50	34	25	0	17	34	68	67	89	118	107	143	137	147	147	188	153	168	155	166	154	180	148	153	131	138	125	112	
80	96	79	65	50	41	17	0	17	52	51	73	102	93	129	125	136	138	179	148	164	154	165	156	184	154	160	140	150	138	126	
82	111	94	82	67	58	34	17	0	37	34	56	85	80	114	113	126	130	171	143	161	153	166	158	189	159	168	149	161	151	141	
114	148	131	117	102	87	68	52	37	0	36	47	70	85	112	120	136	145	186	164	184	180	195	190	221	194	204	186	198	188	178	
84	135	120	110	98	92	67	51	34	36	0	22	51	50	82	85	101	109	150	128	148	145	161	157	190	164	177	161	178	171	165	
95	155	140	131	119	114	89	73	56	47	22	0	29	40	65	75	91	102	141	127	148	148	165	163	198	175	189	175	195	189	184	
115	181	168	159	148	143	118	102	85	70	51	29	0	43	47	68	86	102	136	130	151	156	174	175	211	192	208	195	218	214	210	
77	152	141	136	130	132	107	93	80	85	50	40	43	0	37	35	51	62	101	89	110	113	131	132	168	150	168	157	180	180	179	
109	188	178	173	167	168	143	129	114	112	82	65	47	37	0	29	45	63	91	95	115	125	144	151	187	173	193	185	211	212	214	
87	169	162	159	156	161	137	125	113	120	85	75	68	35	29	0	18	34	68	66	86	96	115	122	158	146	166	160	187	190	193	
88	171	164	164	162	170	147	136	126	136	101	91	86	51	45	18	0	18	50	50	70	81	100	110	144	136	157	154	182	187	193	
79	161	156	158	158	169	147	138	130	145	109	102	102	62	63	34	18	0	41	32	52	63	82	92	126	119	141	139	168	174	182	
115	194	192	194	197	210	188	179	171	186	150	141	136	101	91	68	50	41	0	45	51	71	86	102	131	134	156	160	190	201	211	
75	150	149	154	158	173	153	148	143	164	128	127	130	89	95	66	50	32	45	0	21	31	50	61	94	92	114	116	145	156	166	
87	155	156	163	169	186	168	164	161	184	148	148	151	110	115	86	70	52	51	21	0	21	35	51	80	83	105	112	142	154	167	
74	136	139	146	154	173	155	154	153	180	145	148	156	113	125	96	81	63	71	31	21	0	19	31	63	63	85	91	121	133	147	
85	135	140	150	159	180	166	165	166	195	161	165	174	131	144	115	100	82	86	50	35	19	0	18	45	51	73	82	111	126	142	
76	118	124	135	145	167	154	156	158	190	157	163	175	132	151	122	110	92	102	61	51	31	18	0	36	33	55	64	93	108	124	
107	128	139	152	165	189	180	184	189	221	190	198	211	168	187	158	144	126	131	94	80	63	45	36	0	33	43	63	85	105	125	
80	96	106	119	132	156	148	154	159	194	164	175	192	150	173	146	136	119	134	92	83	63	51	33	33	0	22	33	61	77	95	
94	89	102	116	132	157	153	160	168	204	177	189	208	168	193	166	157	141	156	114	105	85	73	55	43	22	0	23	42	62	82	
80	66	79	93	109	134	131	140	149	186	161	175	195	157	185	160	154	139	160	116	112	91	82	64	63	33	23	0	30	44	62	
103	61	77	93	111	135	138	150	161	198	178	195	218	180	211	187	182	168	190	145	142	121	111	93	85	61	42	30	0	21	42	
103	43	60	76	94	118	125	138	151	188	171	189	214	180	212	190	187	174	201	156	154	133	126	108	105	77	62	44	21	0	21	
106	30	47	62	80	103	112	126	141	178	165	184	210	179	214	193	193	182	211	166	167	147	142	124	125	95	82	62	42	21	0	
Custo_Viagem
V0
0	813	754	774	813	970	793	784	803	1117	823	931	1127	754	1068	852	862	774	1127	735	852	725	833	744	1048	784	921	784	1009	1009	1038	
813	0	166	323	499	735	803	940	1087	1450	1323	1519	1773	1489	1842	1656	1675	1577	1901	1470	1519	1332	1323	1156	1254	940	872	646	597	421	294	
754	166	0	156	333	568	637	774	921	1283	1176	1372	1646	1381	1744	1587	1607	1538	1881	1460	1528	1362	1372	1215	1362	1038	999	774	754	597	460	
774	323	156	0	176	411	490	637	803	1156	1078	1283	1558	1332	1695	1558	1607	1548	1911	1509	1597	1430	1470	1323	1489	1166	1136	911	911	754	607	
813	499	333	176	0	245	333	490	656	999	960	1166	1450	1274	1636	1528	1587	1548	1930	1548	1656	1509	1558	1421	1617	1293	1293	1068	1087	931	784	
970	735	568	411	245	0	245	401	568	852	901	1117	1401	1293	1646	1577	1666	1656	2058	1695	1822	1695	1764	1636	1852	1528	1538	1313	1332	1166	1009	
793	803	637	490	333	245	0	166	333	666	656	872	1156	1048	1401	1342	1440	1440	1842	1499	1646	1528	1626	1509	1764	1450	1499	1283	1352	1225	1097	
784	940	774	637	490	401	166	0	166	509	499	715	999	911	1264	1225	1332	1352	1764	1450	1607	1509	1626	1528	1803	1509	1568	1372	1470	1352	1234	
803	1087	921	803	656	568	333	166	0	362	333	548	833	784	1117	1107	1234	1274	1685	1401	1577	1499	1626	1548	1852	1558	1646	1460	1577	1479	1381	
1117	1450	1283	1156	999	852	666	509	362	0	352	460	686	833	1097	1185	1342	1421	1822	1617	1803	1764	1911	1862	2175	1901	1999	1822	1950	1852	1744	
823	1323	1176	1078	960	901	656	499	333	352	0	215	499	490	803	842	989	1068	1470	1254	1450	1421	1577	1538	1862	1617	1734	1577	1744	1675	1617	
931	1519	1372	1283	1166	1117	872	715	548	460	215	0	284	392	637	735	901	1009	1391	1244	1450	1450	1617	1597	1940	1715	1862	1715	1911	1852	1803	
1127	1773	1646	1558	1450	1401	1156	999	833	686	499	284	0	421	460	666	842	999	1332	1274	1489	1528	1705	1724	2077	1881	2038	1920	2136	2097	2058	
754	1489	1381	1332	1274	1293	1048	911	784	833	490	392	421	0	362	343	499	607	989	872	1078	1107	1283	1293	1656	1470	1646	1538	1773	1764	1754	
1068	1842	1744	1695	1636	1646	1401	1264	1117	1097	803	637	460	362	0	284	441	617	891	940	1136	1225	1421	1479	1832	1695	1891	1813	2067	2087	2097	
852	1656	1587	1558	1528	1577	1342	1225	1107	1185	842	735	666	343	284	0	176	333	666	646	852	940	1127	1195	1548	1430	1626	1568	1832	1862	1901	
862	1675	1607	1607	1587	1666	1440	1332	1234	1342	989	901	842	499	441	176	0	176	490	499	695	803	999	1078	1421	1332	1538	1509	1783	1832	1891	
774	1577	1538	1548	1548	1656	1440	1352	1274	1421	1068	1009	999	607	617	333	176	0	401	313	509	617	813	901	1244	1166	1381	1362	1646	1705	1783	
1127	1901	1881	1911	1930	2058	1842	1764	1685	1822	1470	1391	1332	989	891	666	490	401	0	441	499	695	842	999	1283	1313	1528	1568	1862	1969	2067	
735	1470	1460	1509	1548	1695	1499	1450	1401	1617	1254	1244	1274	872	940	646	499	313	441	0	205	303	490	597	931	901	1117	1136	1421	1528	1626	
852	1519	1528	1597	1656	1822	1646	1607	1577	1803	1450	1450	1489	1078	1136	852	695	509	499	205	0	205	343	499	784	813	1038	1097	1391	1509	1636	
725	1332	1362	1430	1509	1695	1528	1509	1499	1764	1421	1450	1528	1107	1225	940	803	617	695	303	205	0	186	303	617	617	833	891	1185	1303	1440	
833	1323	1372	1470	1558	1764	1626	1626	1626	1911	1577	1617	1705	1283	1421	1127	999	813	842	490	343	186	0	176	441	499	715	803	1087	1244	1391	
744	1156	1215	1323	1421	1636	1509	1528	1548	1862	1538	1597	1724	1293	1479	1195	1078	901	999	597	499	303	176	0	352	323	539	627	911	1058	1215	
1048	1254	1362	1489	1617	1852	1764	1803	1852	2175	1862	1940	2077	1656	1832	1548	1421	1244	1283	931	784	617	441	352	0	323	421	617	842	1038	1225	
784	940	1038	1166	1293	1528	1450	1509	1558	1901	1617	1715	1881	1470	1695	1430	1332	1166	1313	901	813	617	499	323	323	0	215	323	597	764	940	
921	872	999	1136	1293	1538	1499	1568	1646	1999	1734	1862	2038	1646	1891	1626	1538	1381	1528	1117	1038	833	715	539	421	215	0	225	411	607	803	
784	646	774	911	1068	1313	1283	1372	1460	1822	1577	1715	1920	1538	1813	1568	1509	1362	1568	1136	1097	891	803	627	617	323	225	0	294	431	607	
1009	597	754	911	1087	1332	1352	1470	1577	1950	1744	1911	2136	1773	2067	1832	1783	1646	1862	1421	1391	1185	1087	911	842	597	411	294	0	205	421	
1009	421	597	754	931	1166	1225	1352	1479	1852	1675	1852	2097	1764	2087	1862	1832	1705	1969	1528	1509	1303	1244	1058	1038	764	607	431	205	0	205	
1038	294	460	607	784	1009	1097	1234	1381	1744	1617	1803	2058	1754	2097	1901	1891	1783	2067	1626	1636	1440	1391	1215	1225	940	803	607	421	205	0	
V1
0	763	708	726	763	910	745	736	754	1048	772	874	1058	708	1002	800	809	726	1058	690	800	680	782	699	984	736	864	736	947	947	975	
763	0	156	303	469	690	754	883	1021	1361	1242	1426	1665	1398	1729	1554	1573	1481	1784	1380	1426	1251	1242	1085	1177	883	818	607	561	395	276	
708	156	0	147	312	533	598	726	864	1205	1104	1288	1545	1297	1637	1490	1508	1444	1766	1370	1435	1278	1288	1140	1278	975	938	726	708	561	432	
726	303	147	0	165	386	460	598	754	1085	1012	1205	1462	1251	1591	1462	1508	1453	1794	1416	1499	1343	1380	1242	1398	1094	1067	855	855	708	570	
763	469	312	165	0	230	312	460	616	938	901	1094	1361	1196	1536	1435	1490	1453	1812	1453	1554	1416	1462	1334	1518	1214	1214	1002	1021	874	736	
910	690	533	386	230	0	230	377	533	800	846	1048	1315	1214	1545	1481	1564	1554	1932	1591	1711	1591	1656	1536	1738	1435	1444	1232	1251	1094	947	
745	754	598	460	312	230	0	156	312	625	616	818	1085	984	1315	1260	1352	1352	1729	1407	1545	1435	1527	1416	1656	1361	1407	1205	1269	1150	1030	
736	883	726	598	460	377	156	0	156	478	469	671	938	855	1186	1150	1251	1269	1656	1361	1508	1416	1527	1435	1692	1416	1472	1288	1380	1269	1159	
754	1021	864	754	616	533	312	156	0	340	312	515	782	736	1048	1039	1159	1196	1582	1315	1481	1407	1527	1453	1738	1462	1545	1370	1481	1389	1297	
1048	1361	1205	1085	938	800	625	478	340	0	331	432	644	782	1030	1113	1260	1334	1711	1518	1692	1656	1794	1748	2042	1784	1876	1711	1830	1738	1637	
772	1242	1104	1012	901	846	616	469	312	331	0	202	469	460	754	791	929	1002	1380	1177	1361	1334	1481	1444	1748	1518	1628	1481	1637	1573	1518	
874	1426	1288	1205	1094	1048	818	671	515	432	202	0	266	368	598	690	846	947	1306	1168	1361	1361	1518	1499	1821	1610	1748	1610	1794	1738	1692	
1058	1665	1545	1462	1361	1315	1085	938	782	644	469	266	0	395	432	625	791	938	1251	1196	1398	1435	1600	1619	1950	1766	1913	1803	2005	1968	1932	
708	1398	1297	1251	1196	1214	984	855	736	782	460	368	395	0	340	322	469	570	929	818	1012	1039	1205	1214	1554	1380	1545	1444	1665	1656	1646	
1002	1729	1637	1591	1536	1545	1315	1186	1048	1030	754	598	432	340	0	266	414	579	837	883	1067	1150	1334	1389	1720	1591	1775	1702	1941	1959	1968	
800	1554	1490	1462	1435	1481	1260	1150	1039	1113	791	690	625	322	266	0	165	312	625	607	800	883	1058	1122	1453	1343	1527	1472	1720	1748	1784	
809	1573	1508	1508	1490	1564	1352	1251	1159	1260	929	846	791	469	414	165	0	165	460	469	653	754	938	1012	1334	1251	1444	1416	1674	1720	1775	
726	1481	1444	1453	1453	1554	1352	1269	1196	1334	1002	947	938	570	579	312	165	0	377	294	478	579	763	846	1168	1094	1297	1278	1545	1600	1674	
1058	1784	1766	1794	1812	1932	1729	1656	1582	1711	1380	1306	1251	929	837	625	460	377	0	414	469	653	791	938	1205	1232	1435	1472	1748	1849	1941	
690	1380	1370	1416	1453	1591	1407	1361	1315	1518	1177	1168	1196	818	883	607	469	294	414	0	193	285	460	561	874	846	1048	1067	1334	1435	1527	
800	1426	1435	1499	1554	1711	1545	1508	1481	1692	1361	1361	1398	1012	1067	800	653	478	469	193	0	193	322	469	736	763	975	1030	1306	1416	1536	
680	1251	1278	1343	1416	1591	1435	1416	1407	1656	1334	1361	1435	1039	1150	883	754	579	653	285	193	0	174	285	579	579	782	837	1113	1223	1352	
782	1242	1288	1380	1462	1656	1527	1527	1527	1794	1481	1518	1600	1205	1334	1058	938	763	791	460	322	174	0	165	414	469	671	754	1021	1168	1306	
699	1085	1140	1242	1334	1536	1416	1435	1453	1748	1444	1499	1619	1214	1389	1122	1012	846	938	561	469	285	165	0	331	303	506	588	855	993	1140	
984	1177	1278	1398	1518	1738	1656	1692	1738	2042	1748	1821	1950	1554	1720	1453	1334	1168	1205	874	736	579	414	331	0	303	395	579	791	975	1150	
736	883	975	1094	1214	1435	1361	1416	1462	1784	1518	1610	1766	1380	1591	1343	1251	1094	1232	846	763	579	469	303	303	0	202	303	561	717	883	
864	818	938	1067	1214	1444	1407	1472	1545	1876	1628	1748	1913	1545	1775	1527	1444	1297	1435	1048	975	782	671	506	395	202	0	211	386	570	754	
736	607	726	855	1002	1232	1205	1288	1370	1711	1481	1610	1803	1444	1702	1472	1416	1278	1472	1067	1030	837	754	588	579	303	211	0	276	404	570	
947	561	708	855	1021	1251	1269	1380	1481	1830	1637	1794	2005	1665	1941	1720	1674	1545	1748	1334	1306	1113	1021	855	791	561	386	276	0	193	395	
947	395	561	708	874	1094	1150	1269	1389	1738	1573	1738	1968	1656	1959	1748	1720	1600	1849	1435	1416	1223	1168	993	975	717	570	404	193	0	193	
975	276	432	570	736	947	1030	1159	1297	1637	1518	1692	1932	1646	1968	1784	1775	1674	1941	1527	1536	1352	1306	1140	1150	883	754	570	395	193	0	
V2
0	1211	1124	1153	1211	1445	1182	1168	1197	1664	1226	1387	1679	1124	1591	1270	1284	1153	1679	1095	1270	1080	1241	1109	1562	1168	1372	1168	1503	1503	1547	
1211	0	248	481	744	1095	1197	1401	1620	2160	1971	2263	2642	2219	2744	2467	2496	2350	2832	2190	2263	1985	1971	1722	1868	1401	1299	963	890	627	438	
1124	248	0	233	496	846	949	1153	1372	1912	1752	2044	2452	2058	2598	2365	2394	2292	2803	2175	2277	2029	2044	1810	2029	1547	1489	1153	1124	890	686	
1153	481	233	0	262	613	730	949	1197	1722	1606	1912	2321	1985	2525	2321	2394	2306	2847	2248	2379	2131	2190	1971	2219	1737	1693	1357	1357	1124	905	
1211	744	496	262	0	365	496	730	978	1489	1430	1737	2160	1898	2438	2277	2365	2306	2876	2306	2467	2248	2321	2117	2409	1927	1927	1591	1620	1387	1168	
1445	1095	846	613	365	0	365	598	846	1270	1343	1664	2087	1927	2452	2350	2482	2467	3066	2525	2715	2525	2628	2438	2759	2277	2292	1956	1985	1737	1503	
1182	1197	949	730	496	365	0	248	496	992	978	1299	1722	1562	2087	2000	2146	2146	2744	2233	2452	2277	2423	2248	2628	2160	2233	1912	2014	1825	1635	
1168	1401	1153	949	730	598	248	0	248	759	744	1065	1489	1357	1883	1825	1985	2014	2628	2160	2394	2248	2423	2277	2686	2248	2336	2044	2190	2014	1839	
1197	1620	1372	1197	978	846	496	248	0	540	496	817	1241	1168	1664	1649	1839	1898	2511	2087	2350	2233	2423	2306	2759	2321	2452	2175	2350	2204	2058	
1664	2160	1912	1722	1489	1270	992	759	540	0	525	686	1022	1241	1635	1766	2000	2117	2715	2409	2686	2628	2847	2774	3241	2832	2978	2715	2905	2759	2598	
1226	1971	1752	1606	1430	1343	978	744	496	525	0	321	744	730	1197	1255	1474	1591	2190	1868	2160	2117	2350	2292	2774	2409	2584	2350	2598	2496	2409	
1387	2263	2044	1912	1737	1664	1299	1065	817	686	321	0	423	584	949	1095	1343	1503	2073	1854	2160	2160	2409	2379	2890	2555	2774	2555	2847	2759	2686	
1679	2642	2452	2321	2160	2087	1722	1489	1241	1022	744	423	0	627	686	992	1255	1489	1985	1898	2219	2277	2540	2569	3095	2803	3036	2861	3182	3124	3066	
1124	2219	2058	1985	1898	1927	1562	1357	1168	1241	730	584	627	0	540	511	744	905	1474	1299	1606	1649	1912	1927	2467	2190	2452	2292	2642	2628	2613	
1591	2744	2598	2525	2438	2452	2087	1883	1664	1635	1197	949	686	540	0	423	657	919	1328	1401	1693	1825	2117	2204	2730	2525	2817	2701	3080	3109	3124	
1270	2467	2365	2321	2277	2350	2000	1825	1649	1766	1255	1095	992	511	423	0	262	496	992	963	1270	1401	1679	1781	2306	2131	2423	2336	2730	2774	2832	
1284	2496	2394	2394	2365	2482	2146	1985	1839	2000	1474	1343	1255	744	657	262	0	262	730	744	1036	1197	1489	1606	2117	1985	2292	2248	2657	2730	2817	
1153	2350	2292	2306	2306	2467	2146	2014	1898	2117	1591	1503	1489	905	919	496	262	0	598	467	759	919	1211	1343	1854	1737	2058	2029	2452	2540	2657	
1679	2832	2803	2847	2876	3066	2744	2628	2511	2715	2190	2073	1985	1474	1328	992	730	598	0	657	744	1036	1255	1489	1912	1956	2277	2336	2774	2934	3080	
1095	2190	2175	2248	2306	2525	2233	2160	2087	2409	1868	1854	1898	1299	1401	963	744	467	657	0	306	452	730	890	1387	1343	1664	1693	2117	2277	2423	
1270	2263	2277	2379	2467	2715	2452	2394	2350	2686	2160	2160	2219	1606	1693	1270	1036	759	744	306	0	306	511	744	1168	1211	1547	1635	2073	2248	2438	
1080	1985	2029	2131	2248	2525	2277	2248	2233	2628	2117	2160	2277	1649	1825	1401	1197	919	1036	452	306	0	277	452	919	919	1241	1328	1766	1941	2146	
1241	1971	2044	2190	2321	2628	2423	2423	2423	2847	2350	2409	2540	1912	2117	1679	1489	1211	1255	730	511	277	0	262	657	744	1065	1197	1620	1854	2073	
1109	1722	1810	1971	2117	2438	2248	2277	2306	2774	2292	2379	2569	1927	2204	1781	1606	1343	1489	890	744	452	262	0	525	481	803	934	1357	1576	1810	
1562	1868	2029	2219	2409	2759	2628	2686	2759	3241	2774	2890	3095	2467	2730	2306	2117	1854	1912	1387	1168	919	657	525	0	481	627	919	1255	1547	1825	
1168	1401	1547	1737	1927	2277	2160	2248	2321	2832	2409	2555	2803	2190	2525	2131	1985	1737	1956	1343	1211	919	744	481	481	0	321	481	890	1138	1401	
1372	1299	1489	1693	1927	2292	2233	2336	2452	2978	2584	2774	3036	2452	2817	2423	2292	2058	2277	1664	1547	1241	1065	803	627	321	0	335	613	905	1197	
1168	963	1153	1357	1591	1956	1912	2044	2175	2715	2350	2555	2861	2292	2701	2336	2248	2029	2336	1693	1635	1328	1197	934	919	481	335	0	438	642	905	
1503	890	1124	1357	1620	1985	2014	2190	2350	2905	2598	2847	3182	2642	3080	2730	2657	2452	2774	2117	2073	1766	1620	1357	1255	890	613	438	0	306	627	
1503	627	890	1124	1387	1737	1825	2014	2204	2759	2496	2759	3124	2628	3109	2774	2730	2540	2934	2277	2248	1941	1854	1576	1547	1138	905	642	306	0	306	
1547	438	686	905	1168	1503	1635	1839	2058	2598	2409	2686	3066	2613	3124	2832	2817	2657	3080	2423	2438	2146	2073	1810	1825	1401	1197	905	627	306	0	
V3
0	863	800	821	863	1029	842	832	852	1185	873	988	1196	800	1133	904	915	821	1196	780	904	769	884	790	1112	832	977	832	1071	1071	1102	
863	0	176	343	530	780	852	998	1154	1539	1404	1612	1882	1580	1955	1757	1778	1674	2017	1560	1612	1414	1404	1227	1331	998	925	686	634	447	312	
800	176	0	166	353	603	676	821	977	1362	1248	1456	1747	1466	1851	1684	1705	1632	1996	1549	1622	1445	1456	1289	1445	1102	1060	821	800	634	488	
821	343	166	0	187	436	520	676	852	1227	1144	1362	1653	1414	1799	1653	1705	1643	2028	1601	1695	1518	1560	1404	1580	1237	1206	967	967	800	644	
863	530	353	187	0	260	353	520	696	1060	1019	1237	1539	1352	1736	1622	1684	1643	2048	1643	1757	1601	1653	1508	1716	1372	1372	1133	1154	988	832	
1029	780	603	436	260	0	260	426	603	904	956	1185	1487	1372	1747	1674	1768	1757	2184	1799	1934	1799	1872	1736	1965	1622	1632	1393	1414	1237	1071	
842	852	676	520	353	260	0	176	353	707	696	925	1227	1112	1487	1424	1528	1528	1955	1591	1747	1622	1726	1601	1872	1539	1591	1362	1435	1300	1164	
832	998	821	676	520	426	176	0	176	540	530	759	1060	967	1341	1300	1414	1435	1872	1539	1705	1601	1726	1622	1913	1601	1664	1456	1560	1435	1310	
852	1154	977	852	696	603	353	176	0	384	353	582	884	832	1185	1175	1310	1352	1788	1487	1674	1591	1726	1643	1965	1653	1747	1549	1674	1570	1466	
1185	1539	1362	1227	1060	904	707	540	384	0	374	488	728	884	1164	1258	1424	1508	1934	1716	1913	1872	2028	1976	2308	2017	2121	1934	2069	1965	1851	
873	1404	1248	1144	1019	956	696	530	353	374	0	228	530	520	852	894	1050	1133	1560	1331	1539	1508	1674	1632	1976	1716	1840	1674	1851	1778	1716	
988	1612	1456	1362	1237	1185	925	759	582	488	228	0	301	416	676	780	956	1071	1476	1320	1539	1539	1716	1695	2059	1820	1976	1820	2028	1965	1913	
1196	1882	1747	1653	1539	1487	1227	1060	884	728	530	301	0	447	488	707	894	1060	1414	1352	1580	1622	1809	1830	2204	1996	2163	2038	2267	2225	2184	
800	1580	1466	1414	1352	1372	1112	967	832	884	520	416	447	0	384	364	530	644	1050	925	1144	1175	1362	1372	1757	1560	1747	1632	1882	1872	1861	
1133	1955	1851	1799	1736	1747	1487	1341	1185	1164	852	676	488	384	0	301	468	655	946	998	1206	1300	1508	1570	1944	1799	2007	1924	2194	2215	2225	
904	1757	1684	1653	1622	1674	1424	1300	1175	1258	894	780	707	364	301	0	187	353	707	686	904	998	1196	1268	1643	1518	1726	1664	1944	1976	2017	
915	1778	1705	1705	1684	1768	1528	1414	1310	1424	1050	956	894	530	468	187	0	187	520	530	738	852	1060	1144	1508	1414	1632	1601	1892	1944	2007	
821	1674	1632	1643	1643	1757	1528	1435	1352	1508	1133	1071	1060	644	655	353	187	0	426	332	540	655	863	956	1320	1237	1466	1445	1747	1809	1892	
1196	2017	1996	2028	2048	2184	1955	1872	1788	1934	1560	1476	1414	1050	946	707	520	426	0	468	530	738	894	1060	1362	1393	1622	1664	1976	2090	2194	
780	1560	1549	1601	1643	1799	1591	1539	1487	1716	1331	1320	1352	925	998	686	530	332	468	0	218	322	520	634	988	956	1185	1206	1508	1622	1726	
904	1612	1622	1695	1757	1934	1747	1705	1674	1913	1539	1539	1580	1144	1206	904	738	540	530	218	0	218	364	530	832	863	1102	1164	1476	1601	1736	
769	1414	1445	1518	1601	1799	1622	1601	1591	1872	1508	1539	1622	1175	1300	998	852	655	738	322	218	0	197	322	655	655	884	946	1258	1383	1528	
884	1404	1456	1560	1653	1872	1726	1726	1726	2028	1674	1716	1809	1362	1508	1196	1060	863	894	520	364	197	0	187	468	530	759	852	1154	1320	1476	
790	1227	1289	1404	1508	1736	1601	1622	1643	1976	1632	1695	1830	1372	1570	1268	1144	956	1060	634	530	322	187	0	374	343	572	665	967	1123	1289	
1112	1331	1445	1580	1716	1965	1872	1913	1965	2308	1976	2059	2204	1757	1944	1643	1508	1320	1362	988	832	655	468	374	0	343	447	655	894	1102	1300	
832	998	1102	1237	1372	1622	1539	1601	1653	2017	1716	1820	1996	1560	1799	1518	1414	1237	1393	956	863	655	530	343	343	0	228	343	634	811	998	
977	925	1060	1206	1372	1632	1591	1664	1747	2121	1840	1976	2163	1747	2007	1726	1632	1466	1622	1185	1102	884	759	572	447	228	0	239	436	644	852	
832	686	821	967	1133	1393	1362	1456	1549	1934	1674	1820	2038	1632	1924	1664	1601	1445	1664	1206	1164	946	852	665	655	343	239	0	312	457	644	
1071	634	800	967	1154	1414	1435	1560	1674	2069	1851	2028	2267	1882	2194	1944	1892	1747	1976	1508	1476	1258	1154	967	894	634	436	312	0	218	447	
1071	447	634	800	988	1237	1300	1435	1570	1965	1778	1965	2225	1872	2215	1976	1944	1809	2090	1622	1601	1383	1320	1123	1102	811	644	457	218	0	218	
1102	312	488	644	832	1071	1164	1310	1466	1851	1716	1913	2184	1861	2225	2017	2007	1892	2194	1726	1736	1528	1476	1289	1300	998	852	644	447	218	0	
V4
0	730	677	695	730	871	712	704	721	1003	739	836	1012	677	959	765	774	695	1012	660	765	651	748	668	941	704	827	704	906	906	932	
730	0	149	290	448	660	721	844	976	1302	1188	1364	1592	1337	1654	1487	1504	1416	1707	1320	1364	1196	1188	1038	1126	844	783	580	536	378	264	
677	149	0	140	299	510	572	695	827	1152	1056	1232	1478	1240	1566	1425	1443	1381	1689	1311	1372	1223	1232	1091	1223	932	897	695	677	536	413	
695	290	140	0	158	369	440	572	721	1038	968	1152	1399	1196	1522	1399	1443	1390	1716	1355	1434	1284	1320	1188	1337	1047	1020	818	818	677	545	
730	448	299	158	0	220	299	440	589	897	862	1047	1302	1144	1469	1372	1425	1390	1733	1390	1487	1355	1399	1276	1452	1161	1161	959	976	836	704	
871	660	510	369	220	0	220	360	510	765	809	1003	1258	1161	1478	1416	1496	1487	1848	1522	1636	1522	1584	1469	1663	1372	1381	1179	1196	1047	906	
