M: 8
N: 30
Nun_Veiculos: 8
Capacidade_Total: 613
Demanda_Total: 460
Setup_Min: 1
Setup_Max: 9
Raio: 100
Circulos: 1
Tempo_Processamento_Min: 1
Tempo_Processamento_Max: 49
Demanda_Min: 10
Demanda_Max: 30
Priority_Factor: 0.2
Range_Factor_R: 0.8
U_factor: 2
ALpha: 0.2Replicao: 3
Tempos_Processamentos
0	0	1	0	2	0	3	0	4	0	5	0	6	0	7	0	
0	35	1	1	2	46	3	27	4	40	5	7	6	37	7	36	
0	3	1	7	2	45	3	48	4	11	5	2	6	31	7	45	
0	23	1	31	2	6	3	2	4	12	5	47	6	18	7	12	
0	49	1	29	2	19	3	16	4	43	5	27	6	31	7	32	
0	25	1	42	2	38	3	12	4	39	5	28	6	11	7	14	
0	12	1	18	2	7	3	26	4	40	5	44	6	40	7	48	
0	43	1	10	2	13	3	16	4	14	5	33	6	7	7	14	
0	29	1	2	2	27	3	38	4	28	5	15	6	2	7	43	
0	2	1	43	2	23	3	4	4	46	5	12	6	25	7	5	
0	8	1	10	2	39	3	46	4	47	5	9	6	18	7	17	
0	39	1	6	2	32	3	34	4	37	5	39	6	2	7	41	
0	12	1	36	2	31	3	21	4	7	5	32	6	45	7	41	
0	11	1	1	2	19	3	6	4	31	5	37	6	49	7	18	
0	5	1	1	2	19	3	17	4	5	5	30	6	48	7	46	
0	25	1	14	2	49	3	16	4	29	5	10	6	22	7	41	
0	3	1	23	2	22	3	3	4	37	5	44	6	25	7	16	
0	7	1	36	2	43	3	21	4	34	5	31	6	27	7	49	
0	41	1	38	2	26	3	38	4	9	5	20	6	44	7	2	
0	22	1	45	2	48	3	15	4	20	5	5	6	25	7	24	
0	38	1	43	2	19	3	29	4	23	5	42	6	46	7	18	
0	40	1	9	2	19	3	20	4	1	5	5	6	21	7	19	
0	7	1	13	2	47	3	23	4	47	5	15	6	33	7	48	
0	49	1	14	2	23	3	28	4	31	5	47	6	20	7	17	
0	13	1	38	2	16	3	2	4	33	5	41	6	4	7	9	
0	12	1	35	2	42	3	5	4	13	5	41	6	45	7	22	
0	49	1	30	2	38	3	23	4	38	5	32	6	36	7	41	
0	19	1	12	2	40	3	21	4	18	5	20	6	16	7	19	
0	48	1	20	2	40	3	49	4	21	5	47	6	6	7	27	
0	25	1	28	2	45	3	13	4	19	5	40	6	19	7	2	
0	46	1	9	2	45	3	12	4	4	5	28	6	26	7	49	

Tempos_setup
M0
0	0	0	0	0	0	0	0	0	0	0	0	0	0	0	0	0	0	0	0	0	0	0	0	0	0	0	0	0	0	0	
0	0	2	1	2	1	2	2	4	2	2	2	3	3	2	2	2	3	3	1	3	1	1	4	3	2	3	3	2	4	2	
0	4	0	4	3	3	2	3	4	3	3	5	4	2	4	3	4	4	3	4	4	3	3	2	3	4	4	3	4	3	3	
0	3	2	0	3	3	2	2	3	1	2	1	3	3	2	2	3	3	4	2	3	2	2	4	2	3	2	2	1	3	3	
0	3	3	4	0	4	4	3	4	4	3	2	4	4	3	3	3	4	3	2	4	3	2	5	4	3	4	3	4	5	4	
0	2	2	1	1	0	1	3	3	2	1	2	2	2	2	1	1	3	3	3	4	3	3	3	2	2	2	3	2	4	2	
0	2	1	3	1	3	0	4	3	3	1	3	4	1	3	3	3	2	3	3	4	2	3	3	1	2	2	3	3	3	3	
0	2	1	1	3	3	3	0	2	2	2	2	2	2	3	2	4	1	2	1	1	3	3	3	2	3	3	1	2	2	2	
0	2	1	3	2	3	2	2	0	4	2	3	2	3	2	1	3	3	1	1	2	3	3	3	3	3	2	3	2	3	3	
0	2	2	3	2	2	2	2	2	0	1	2	2	2	2	2	2	3	3	2	3	1	1	3	2	2	1	2	1	3	2	
0	3	3	3	1	2	3	3	3	2	0	3	4	4	3	3	3	4	3	3	4	2	3	2	1	1	2	2	2	3	3	
0	3	3	3	2	3	3	2	2	2	3	0	2	2	1	3	4	3	3	2	3	1	3	4	4	4	3	1	2	3	2	
0	4	3	3	1	4	4	3	4	3	3	3	0	4	4	2	4	2	3	3	2	3	3	4	2	4	3	3	4	3	1	
0	4	3	2	2	4	4	4	2	3	2	3	3	0	2	3	3	5	3	3	3	4	2	4	3	3	4	4	3	3	4	
0	3	3	2	1	2	3	4	2	3	3	3	1	1	0	3	3	3	3	3	3	4	3	5	3	4	4	4	3	4	2	
0	2	4	3	1	2	3	3	4	4	3	3	1	4	3	0	3	3	2	2	3	3	3	4	3	3	3	4	4	4	2	
0	1	3	2	1	2	3	3	2	3	3	2	2	4	3	2	0	4	3	2	4	2	2	4	4	3	1	3	2	4	1	
0	2	3	1	2	2	3	3	3	2	3	2	2	2	3	1	3	0	3	3	4	3	3	3	2	2	2	3	2	1	1	
0	1	2	2	2	2	2	3	2	3	3	2	1	2	1	2	3	3	0	2	2	2	2	4	3	3	1	2	3	2	2	
0	1	2	2	2	2	2	1	3	3	1	3	2	3	3	2	3	2	3	0	2	2	2	3	2	2	3	2	3	3	3	
0	2	3	3	2	3	2	3	3	4	2	2	1	3	2	3	3	3	1	2	0	2	3	3	1	3	2	3	3	3	2	
0	3	4	3	2	3	3	3	3	2	2	3	2	2	1	3	4	4	2	2	4	0	3	4	3	3	2	3	3	4	1	
0	2	1	3	2	2	3	3	3	4	3	3	2	3	3	1	1	4	3	2	4	2	0	3	3	1	2	2	2	4	2	
0	2	3	3	2	3	3	2	2	3	3	3	2	3	2	1	4	3	1	3	3	1	3	0	2	2	2	1	2	1	1	
0	2	3	3	2	3	3	3	2	3	1	2	3	3	2	2	2	4	2	3	4	1	3	2	0	2	1	3	2	3	2	
0	3	2	2	2	1	2	2	2	3	2	3	3	3	3	2	2	3	3	3	3	4	2	4	3	0	3	1	1	3	2	
0	1	2	2	2	2	3	3	1	3	3	1	2	3	2	1	3	4	2	2	3	2	2	4	4	3	0	2	3	4	1	
0	2	2	2	2	3	2	1	1	3	2	3	3	3	3	2	4	2	2	2	2	3	3	3	3	3	3	0	1	3	1	
0	3	2	2	2	3	1	1	2	3	2	3	2	2	4	1	4	2	3	2	2	3	4	4	2	2	3	1	0	2	2	
0	1	2	2	1	2	3	3	2	3	2	2	4	4	3	3	3	4	3	2	4	2	2	2	1	1	2	2	2	0	2	
0	3	4	4	3	4	3	3	5	5	3	5	4	4	4	4	4	4	5	2	4	4	4	5	4	4	4	4	3	5	0	
M1
0	0	0	0	0	0	0	0	0	0	0	0	0	0	0	0	0	0	0	0	0	0	0	0	0	0	0	0	0	0	0	
0	0	2	1	2	3	4	2	2	3	3	2	3	3	3	1	2	4	3	4	3	3	3	3	3	4	4	1	2	3	4	
0	2	0	3	2	4	3	1	3	3	1	3	2	2	2	3	2	3	2	3	1	3	3	1	4	3	2	3	4	2	3	
0	1	2	0	1	2	4	1	3	3	3	3	2	2	3	2	3	3	2	4	3	2	3	3	3	3	3	2	3	2	3	
0	1	3	1	0	3	3	2	2	3	4	3	2	3	3	2	3	3	1	5	4	1	2	3	4	3	2	2	3	3	4	
0	3	2	4	4	0	4	3	3	3	3	2	3	3	3	1	2	4	4	2	3	2	4	3	3	4	3	1	3	3	5	
0	2	4	2	1	3	0	2	3	1	2	1	2	3	2	3	3	2	2	4	2	2	3	2	2	3	1	2	2	2	1	
0	3	4	2	3	3	3	0	3	2	2	2	1	1	2	3	3	2	1	4	2	3	2	2	3	3	3	2	3	1	3	
0	3	1	3	2	3	2	2	0	3	2	3	3	2	1	2	2	3	3	3	2	3	1	1	3	2	2	3	4	3	2	
0	2	3	2	1	2	2	2	3	0	1	3	2	2	2	2	2	1	2	3	2	2	3	2	1	3	1	2	1	3	3	
0	1	3	2	1	3	2	3	3	2	0	3	1	4	2	2	3	3	2	5	4	2	2	2	3	3	1	2	3	4	3	
0	2	3	3	3	3	3	2	4	2	3	0	3	3	2	3	3	2	2	3	2	3	3	3	2	2	3	2	1	1	3	
0	3	3	3	3	4	4	4	2	5	4	4	0	4	3	4	4	5	2	5	3	4	3	3	5	4	4	3	5	4	4	
0	3	4	3	2	3	3	3	3	3	4	1	4	0	2	3	3	3	2	4	3	3	3	1	3	3	2	3	2	2	3	
0	3	2	3	2	3	3	3	2	3	2	2	3	3	0	1	1	2	3	4	2	3	3	1	3	1	2	2	3	3	3	
0	3	1	4	3	4	3	2	2	2	2	1	2	3	3	0	1	3	3	4	2	4	3	2	2	3	3	3	2	2	4	
0	2	2	3	2	4	2	2	1	3	1	2	2	2	2	2	0	4	3	3	1	3	2	2	4	3	2	3	3	3	3	
0	2	2	2	1	1	1	1	3	2	3	2	2	1	2	1	2	0	1	3	3	2	2	1	3	3	2	2	3	2	2	
0	2	3	1	2	3	2	2	4	3	4	3	2	3	3	3	4	3	0	5	4	3	1	3	4	2	2	3	4	3	3	
0	3	3	3	2	3	2	2	4	2	3	1	2	3	2	3	3	2	2	0	2	3	3	2	1	3	1	2	2	1	3	
0	3	4	3	3	4	3	1	3	2	3	3	1	2	3	3	4	3	2	2	0	2	2	3	3	3	3	2	3	2	2	
0	1	2	2	2	3	3	3	1	2	3	2	3	3	2	1	2	2	3	4	3	0	2	2	3	3	3	2	3	2	3	
0	3	3	2	2	2	1	1	3	2	3	2	2	2	3	3	4	2	2	4	3	3	0	3	3	1	2	3	3	2	2	
0	2	3	2	1	4	2	3	2	2	3	3	3	4	1	2	2	3	2	5	3	2	3	0	3	2	1	2	3	4	2	
0	2	2	2	1	2	3	2	3	3	3	3	1	3	3	3	4	4	2	2	1	2	3	2	0	4	2	1	4	3	3	
0	3	3	3	2	2	2	2	3	3	4	3	3	2	3	2	3	1	2	4	2	2	3	2	2	0	3	3	4	3	3	
0	2	3	2	2	3	1	3	3	1	2	2	2	3	1	2	2	2	3	4	3	3	4	1	2	2	0	2	2	3	2	
0	3	4	4	3	3	4	4	3	4	2	3	3	2	2	3	3	4	4	5	4	2	4	3	4	3	3	0	4	3	5	
0	3	2	2	2	3	3	2	3	1	2	3	2	3	1	2	2	2	1	2	1	3	2	2	1	2	2	2	0	3	3	
0	3	3	2	2	2	2	1	3	1	2	2	2	2	1	2	2	1	1	4	3	2	2	2	2	2	2	1	2	0	2	
0	3	3	2	2	2	3	1	3	3	3	3	1	2	3	3	4	3	1	3	2	3	2	3	1	3	3	1	2	2	0	
M2
0	0	0	0	0	0	0	0	0	0	0	0	0	0	0	0	0	0	0	0	0	0	0	0	0	0	0	0	0	0	0	
0	0	2	2	3	3	3	4	3	4	3	3	3	3	3	4	2	3	4	2	4	3	3	4	4	4	1	3	2	3	4	
0	3	0	3	3	3	3	3	3	3	4	4	3	2	2	3	3	1	2	2	3	4	3	2	4	4	2	2	3	2	3	
0	3	4	0	1	2	2	4	2	2	2	2	3	1	1	3	1	3	3	2	2	3	2	3	2	3	2	3	3	3	2	
0	3	4	3	0	1	4	3	3	2	1	4	2	3	3	3	3	2	2	1	4	3	4	2	2	4	2	3	2	2	4	
0	3	5	3	2	0	3	4	3	3	3	3	3	3	2	2	2	2	1	3	3	4	3	2	1	4	3	2	3	3	4	
0	3	5	3	2	3	0	3	3	2	3	4	3	2	2	3	3	3	3	2	1	3	3	2	2	1	3	2	3	3	1	
0	2	4	3	4	2	2	0	2	1	3	3	2	3	1	2	3	3	3	3	2	1	2	3	3	3	3	3	2	2	3	
0	1	3	1	2	2	3	2	0	2	3	2	3	2	2	2	2	3	3	2	2	3	3	2	3	1	1	2	1	1	2	
0	3	5	2	3	1	4	3	4	0	2	4	3	3	3	1	3	2	2	2	2	3	2	3	2	4	2	3	3	2	3	
0	2	3	2	3	2	3	3	3	1	0	3	1	2	3	2	2	3	3	2	3	3	3	1	3	3	1	3	2	3	3	
0	3	3	3	3	3	3	3	3	3	3	0	2	3	3	2	3	1	2	2	3	4	3	2	4	4	2	2	3	2	1	
0	2	4	2	2	1	4	2	4	3	3	4	0	2	3	3	3	3	2	3	3	3	4	1	2	3	3	2	2	4	2	
0	3	3	2	3	1	3	3	3	2	4	3	3	0	3	3	2	3	2	2	1	3	3	2	2	4	4	3	3	3	1	
0	3	5	2	3	3	1	3	3	2	4	2	3	2	0	3	3	3	2	3	1	2	1	2	2	2	4	3	3	2	2	
0	2	4	1	2	3	3	2	3	2	1	3	2	2	2	0	2	2	3	1	1	2	1	2	2	3	1	3	2	1	2	
0	2	4	2	3	2	3	3	1	3	4	1	3	2	2	3	0	2	3	3	3	2	1	2	2	2	2	3	2	2	2	
0	2	4	2	3	3	3	2	2	2	3	3	2	2	3	2	2	0	4	1	3	3	3	1	3	3	1	1	2	1	2	
0	2	4	2	1	2	2	3	4	3	2	3	2	2	1	3	3	3	0	2	2	3	2	1	3	3	3	3	2	3	3	
0	3	5	3	4	2	4	2	2	2	4	3	3	3	3	3	3	3	3	0	3	2	4	4	3	3	3	2	1	1	4	
0	3	4	3	3	2	3	2	2	1	3	3	3	1	3	2	2	2	2	3	0	2	3	3	1	3	3	3	3	3	2	
0	2	4	2	3	2	3	2	1	2	4	3	1	3	2	3	3	2	3	3	3	0	3	2	3	2	2	3	2	1	3	
0	2	4	1	2	3	2	2	2	2	3	3	2	2	1	3	2	2	2	3	2	1	0	1	1	3	3	3	2	1	3	
0	1	3	1	2	2	3	3	3	3	3	3	1	1	2	3	2	3	3	3	2	4	3	0	2	4	2	2	1	4	2	
0	2	4	3	2	3	2	3	2	3	3	2	3	3	2	3	1	1	1	2	3	3	2	2	0	3	2	2	3	2	3	
0	2	4	2	1	2	3	3	3	2	2	4	2	1	3	3	3	3	3	1	1	3	4	1	2	0	2	3	2	2	1	
0	3	5	1	2	3	2	3	2	3	2	2	3	2	2	4	1	3	4	1	3	3	2	3	3	3	0	3	2	2	3	
0	1	3	2	3	3	4	3	2	2	2	4	2	2	3	1	3	2	4	2	2	3	2	3	3	3	2	0	3	2	3	
0	2	4	3	3	1	3	4	3	3	3	3	2	2	3	2	2	3	2	3	2	4	3	3	2	4	3	1	0	3	3	
0	3	5	3	3	2	3	1	2	1	3	3	3	4	2	2	3	3	3	2	3	2	3	4	2	3	3	4	3	0	4	
0	2	4	2	3	3	2	4	4	4	3	4	2	2	2	4	3	4	2	4	3	4	3	1	3	3	3	3	2	3	0	
M3
0	0	0	0	0	0	0	0	0	0	0	0	0	0	0	0	0	0	0	0	0	0	0	0	0	0	0	0	0	0	0	
0	0	3	4	3	3	2	2	4	2	1	3	1	3	3	2	3	3	2	4	2	4	3	2	2	3	2	3	3	3	1	
0	3	0	2	4	4	3	3	5	4	4	4	4	4	3	4	4	4	4	3	3	3	4	4	3	4	3	4	4	2	4	
0	1	3	0	2	3	1	1	3	2	2	3	2	2	1	2	2	3	3	3	1	1	2	2	2	2	2	3	2	2	2	
0	2	2	1	0	2	2	2	1	2	3	3	2	3	2	1	3	4	4	4	2	2	3	3	3	3	2	3	2	3	3	
0	3	2	2	3	0	3	2	3	3	2	4	3	3	1	2	2	4	3	3	3	3	2	2	3	2	1	1	2	3	3	
0	3	3	2	1	2	0	2	2	1	1	3	3	3	3	2	1	3	2	4	2	2	1	2	2	1	2	2	2	3	1	
0	2	2	3	3	2	3	0	4	3	3	2	3	4	3	3	2	2	3	2	3	3	2	3	1	3	3	2	3	1	3	
0	3	3	2	3	1	3	2	0	3	3	4	3	3	2	2	2	3	4	4	3	3	2	3	3	3	1	2	3	3	3	
0	4	2	3	4	3	4	3	2	0	3	4	5	3	3	4	4	4	4	3	4	4	2	4	3	4	3	3	1	4	4	
0	3	3	3	3	2	2	1	3	1	0	3	3	2	3	2	2	3	1	3	2	3	3	3	2	3	3	3	2	2	1	
0	2	3	1	2	2	2	2	3	3	3	0	2	2	2	2	3	1	4	3	1	1	2	1	3	2	2	3	2	2	2	
0	4	2	3	2	3	2	2	3	1	1	3	0	2	2	2	2	3	2	3	1	3	2	1	2	2	1	3	2	2	1	
0	4	1	3	4	3	3	3	5	3	4	3	5	0	4	4	4	3	5	4	4	3	4	4	2	4	4	3	4	3	4	
0	2	3	3	3	3	3	2	2	2	1	3	2	2	0	1	3	4	2	4	2	4	3	1	3	1	2	4	2	3	2	
0	4	2	3	2	3	3	3	2	1	2	4	1	3	3	0	3	4	3	3	2	4	3	2	3	3	2	3	1	3	2	
0	2	2	1	3	3	2	2	2	2	1	3	2	2	2	3	0	3	2	4	2	1	2	1	2	2	2	1	3	3	2	
0	1	3	3	3	2	3	3	2	2	2	2	2	4	3	1	3	0	3	4	2	3	3	3	3	1	2	3	2	3	2	
0	3	2	3	2	1	1	2	3	2	2	3	2	4	2	2	2	3	0	3	1	2	2	3	2	2	2	2	2	2	2	
0	3	1	2	1	3	3	2	2	3	2	1	2	3	3	2	4	2	3	0	2	2	2	2	3	3	3	2	1	1	3	
0	3	2	4	3	2	3	1	2	3	3	3	2	4	3	3	3	3	3	2	0	4	3	3	2	3	3	3	1	1	2	
0	3	3	2	2	2	1	2	3	2	2	3	3	3	3	3	2	3	3	3	1	0	1	3	2	2	1	3	2	2	2	
0	2	3	1	3	1	2	2	3	2	3	2	3	3	2	2	3	2	3	4	2	2	0	3	1	3	2	2	3	2	3	
0	3	2	2	3	3	3	3	2	2	2	3	1	1	1	2	3	3	3	4	2	3	3	0	2	1	2	3	3	3	2	
0	2	2	2	3	1	3	1	3	2	2	1	3	3	2	2	3	1	3	3	2	2	3	2	0	2	2	1	3	1	3	
0	4	3	3	3	2	2	2	1	2	1	2	3	3	3	2	2	3	2	3	1	3	2	3	2	0	1	3	2	2	1	
0	3	3	2	4	2	3	1	2	3	2	3	3	2	3	2	1	3	3	3	3	2	1	2	2	3	0	2	3	2	2	
0	2	1	1	3	3	2	2	3	2	1	4	2	2	2	3	3	4	2	4	2	2	3	1	3	2	3	0	3	3	2	
0	4	1	3	3	2	4	2	1	3	2	3	4	4	2	3	3	4	3	2	3	3	3	3	3	3	2	2	0	3	3	
0	4	3	3	3	3	2	2	4	3	3	2	3	3	3	3	3	3	2	4	3	3	3	2	2	3	4	2	4	0	3	
0	3	3	3	2	2	1	2	3	2	2	2	2	4	2	1	2	2	3	4	3	3	2	3	1	2	3	2	2	2	0	
M4
0	0	0	0	0	0	0	0	0	0	0	0	0	0	0	0	0	0	0	0	0	0	0	0	0	0	0	0	0	0	0	
0	0	2	2	3	3	3	1	3	3	4	2	3	2	2	2	1	2	4	3	2	2	3	2	2	4	3	2	1	3	2	
0	1	0	2	4	4	1	2	2	3	2	3	3	3	3	3	2	3	4	4	3	3	3	2	3	3	3	3	2	4	3	
0	2	1	0	2	2	2	2	2	2	3	1	2	2	2	1	2	3	2	2	3	2	3	2	1	3	1	2	1	3	2	
0	2	1	3	0	2	2	3	2	3	3	2	2	2	1	3	3	2	3	1	2	3	2	3	3	2	2	2	3	1	2	
0	2	2	2	2	0	2	3	3	2	4	2	2	2	2	2	1	3	1	3	1	3	1	4	3	2	3	2	3	2	3	
0	3	2	1	3	3	0	3	3	2	4	2	3	2	3	2	2	4	3	3	3	3	3	3	2	2	2	3	2	3	3	
0	2	1	1	2	3	2	0	2	3	3	1	2	2	3	2	3	3	3	3	3	2	2	3	1	3	2	2	2	3	1	
0	3	3	2	2	2	2	3	0	1	4	3	1	3	1	2	1	3	3	3	2	1	2	3	2	3	2	2	2	2	2	
0	4	3	2	3	3	3	4	2	0	3	3	1	2	2	3	2	3	3	4	3	2	3	4	2	4	3	2	1	1	3	
0	3	4	4	3	3	3	3	2	2	0	3	3	3	2	3	3	2	3	4	3	1	1	3	2	2	2	2	3	3	3	
0	4	4	3	3	2	3	3	1	2	4	0	1	3	2	3	2	3	3	4	3	1	2	2	2	3	2	2	3	3	1	
0	3	3	3	3	2	2	3	1	2	4	4	0	4	2	2	2	4	3	4	2	2	2	4	3	3	3	1	3	3	3	
0	3	2	1	3	2	3	3	1	2	4	2	2	0	2	2	2	4	3	3	2	2	1	3	2	2	2	3	2	3	3	
0	2	2	2	1	1	1	3	3	3	4	2	3	3	0	3	2	3	2	2	1	3	1	3	3	2	2	1	3	2	1	
0	3	2	1	3	2	2	2	3	1	2	2	2	3	3	0	2	2	2	3	3	3	3	2	2	3	1	3	2	2	3	
0	2	2	1	2	3	2	3	3	2	3	2	3	3	2	1	0	2	3	3	1	3	2	3	2	3	2	1	2	2	3	
0	3	2	3	4	4	3	4	3	3	4	4	4	3	4	2	4	0	4	4	3	4	3	2	3	4	3	4	4	3	5	
0	3	2	2	1	3	3	3	2	3	3	3	3	1	2	2	3	3	0	2	3	3	1	3	3	1	2	2	3	1	3	
0	3	3	3	3	2	2	2	1	2	4	3	2	3	2	2	2	4	2	0	3	2	2	2	2	1	1	2	3	3	2	
0	1	1	2	2	2	1	2	3	3	3	3	3	3	1	2	2	3	3	3	0	3	2	3	3	3	3	2	2	3	2	
0	3	3	3	2	2	2	2	1	1	3	3	2	2	1	2	2	3	2	3	2	0	2	2	1	3	1	1	2	2	2	
0	2	3	3	2	4	4	2	2	3	4	2	3	2	3	2	3	4	2	3	3	3	0	4	3	1	3	3	3	3	3	
0	3	3	2	2	3	3	3	1	2	2	3	2	1	2	3	2	4	3	2	3	2	1	0	3	2	3	3	3	3	3	
0	3	2	2	1	3	2	3	2	3	2	3	3	1	2	3	3	2	3	2	3	3	2	3	0	3	2	1	3	2	3	
0	3	3	2	2	3	3	3	3	2	3	3	3	2	3	1	3	3	1	3	2	4	1	3	3	0	2	2	3	2	4	
0	3	2	2	2	1	1	1	2	2	3	2	3	2	3	1	1	3	1	3	2	3	2	1	2	2	0	2	3	2	2	
0	2	3	2	3	4	1	3	3	3	5	3	3	3	3	3	3	4	3	4	4	2	1	4	3	2	3	0	3	4	4	
0	3	2	1	2	2	2	3	2	2	3	2	3	1	1	2	1	2	3	3	2	1	2	3	1	3	2	1	0	3	2	
0	3	3	2	3	3	2	4	2	3	2	3	3	1	2	3	3	4	4	4	3	3	2	4	3	3	3	1	3	0	3	
0	3	3	2	3	2	3	2	2	3	5	1	2	3	3	3	3	4	3	4	3	2	1	3	3	2	3	2	2	4	0	
M5
0	0	0	0	0	0	0	0	0	0	0	0	0	0	0	0	0	0	0	0	0	0	0	0	0	0	0	0	0	0	0	
0	0	3	3	2	3	3	3	3	2	2	3	3	2	2	2	2	2	2	4	2	2	1	1	3	1	4	2	3	2	3	
0	2	0	2	3	3	2	3	3	2	4	2	1	2	3	2	4	3	1	4	3	2	3	3	1	3	2	3	3	3	2	
0	2	3	0	4	3	3	4	3	3	3	2	3	4	1	3	3	2	4	3	2	3	3	3	3	3	4	3	1	2	1	
0	3	1	2	0	3	2	3	3	2	3	2	1	2	1	2	3	2	2	4	2	2	2	1	1	2	2	2	3	2	2	
0	2	3	3	2	0	3	3	3	2	2	3	3	2	3	3	2	2	3	3	2	2	1	3	3	3	4	2	1	2	3	
0	1	2	2	1	2	0	1	2	3	2	2	2	3	2	2	2	2	2	2	1	1	2	2	2	1	3	3	2	2	3	
0	2	1	1	3	1	3	0	2	3	2	2	1	3	2	3	3	3	2	1	2	3	2	3	2	3	2	3	1	3	2	
0	3	1	1	3	2	3	3	0	3	2	3	2	2	2	2	4	3	2	1	3	3	3	4	2	3	3	4	2	2	2	
0	2	3	2	2	3	1	2	3	0	2	3	3	2	3	3	2	2	3	3	2	2	1	3	3	2	2	2	3	2	1	
0	2	3	4	3	1	3	4	3	3	0	3	3	3	3	3	3	2	4	4	2	3	2	3	4	3	4	3	2	3	3	
0	3	3	4	3	1	4	4	4	3	3	0	3	3	1	4	3	2	3	4	3	3	2	4	3	2	4	3	2	3	4	
0	3	3	1	4	3	3	4	2	2	3	3	0	4	2	3	4	3	2	3	3	2	3	3	3	3	1	4	2	2	1	
0	3	2	2	3	3	3	2	1	2	3	2	2	0	3	1	2	1	3	2	3	3	2	2	3	3	3	2	3	2	3	
0	3	4	4	3	2	3	3	4	2	2	1	4	3	0	3	4	1	3	4	3	3	2	4	2	2	3	2	3	3	3	
0	3	2	2	4	2	4	1	3	3	3	3	1	4	3	0	3	2	3	2	3	3	3	2	3	3	2	3	2	3	2	
0	3	1	3	4	3	3	3	2	3	3	2	2	3	3	2	0	2	2	2	1	3	4	4	2	3	3	4	3	2	3	
0	3	3	3	2	3	2	2	3	1	3	3	3	3	2	4	3	0	4	3	3	3	2	3	3	3	2	3	3	3	2	
0	3	1	3	3	2	3	3	3	3	4	1	2	3	2	2	4	3	0	4	3	2	3	3	2	3	3	4	3	2	3	
0	2	1	2	3	1	3	3	1	2	1	2	2	3	3	2	3	3	1	0	2	3	2	3	2	3	3	3	1	2	3	
0	2	2	2	3	2	3	2	1	2	3	1	1	3	2	1	1	1	3	2	0	3	3	3	3	2	2	3	3	1	2	
0	3	3	1	3	1	2	3	3	2	3	3	3	2	2	3	3	2	2	4	2	0	2	1	4	3	4	2	2	2	2	
0	1	2	2	1	2	2	2	2	1	1	3	2	1	2	2	3	1	3	3	2	1	0	2	2	2	3	1	2	1	2	
0	2	2	2	2	3	3	2	2	2	2	2	2	2	2	2	2	1	3	3	1	2	1	0	3	2	3	1	2	1	3	
0	2	3	2	2	2	1	2	2	1	3	3	2	1	3	1	3	2	3	3	2	1	2	2	0	2	3	3	2	3	2	
0	4	2	3	4	3	3	3	2	2	3	2	2	4	1	2	4	2	1	3	4	3	3	4	3	0	3	3	4	3	2	
0	3	2	2	3	3	2	3	1	1	3	2	2	3	3	3	3	3	3	2	2	3	2	4	2	3	0	3	3	3	2	
0	2	2	2	2	2	2	1	2	1	2	2	2	2	1	2	2	2	3	2	1	1	1	2	2	3	3	0	1	2	2	
0	1	3	3	3	3	2	3	2	3	3	2	2	3	3	2	2	2	3	2	1	2	2	2	4	2	3	3	0	2	3	
0	3	1	1	3	3	3	2	2	2	3	2	2	3	2	2	2	1	2	3	1	3	3	3	2	1	3	2	2	0	2	
0	4	2	2	4	3	3	3	3	2	2	3	3	4	3	3	3	2	3	4	2	4	3	4	3	2	4	3	3	1	0	
M6
0	0	0	0	0	0	0	0	0	0	0	0	0	0	0	0	0	0	0	0	0	0	0	0	0	0	0	0	0	0	0	
0	0	3	2	1	2	2	1	3	2	2	3	2	1	1	3	3	3	2	4	2	2	3	2	3	3	2	1	2	2	2	
0	1	0	3	2	2	3	2	3	2	3	3	3	1	2	3	2	4	2	3	2	1	3	2	2	2	3	2	2	3	2	
0	4	3	0	2	2	4	4	3	3	4	4	3	4	4	4	4	4	3	4	3	1	4	5	2	3	3	3	3	3	5	
0	2	2	4	0	2	3	3	2	2	3	3	1	3	3	4	3	2	2	3	3	3	2	3	3	2	3	2	2	1	4	
0	2	3	3	1	0	2	2	1	2	2	3	2	3	3	3	2	2	1	3	3	3	3	3	3	2	3	1	2	1	3	
0	2	3	3	2	3	0	3	4	2	2	2	3	2	3	1	2	3	3	3	3	1	1	2	1	2	4	1	2	2	3	
0	3	3	3	2	3	2	0	4	1	3	3	2	1	4	3	3	3	2	3	2	3	3	2	2	2	1	2	2	3	1	
0	3	2	3	2	2	4	4	0	4	3	2	3	3	4	5	2	4	3	2	2	3	2	4	3	1	3	3	4	3	3	
0	3	2	2	2	3	2	4	3	0	2	3	3	3	3	3	2	3	3	2	3	2	3	3	3	1	3	1	3	2	3	
0	2	3	3	2	3	3	3	3	3	0	2	3	3	3	2	2	3	2	3	3	2	1	1	2	3	2	3	1	2	3	
0	2	1	4	2	1	2	3	2	2	1	0	3	2	3	3	3	3	2	4	3	1	2	2	1	3	3	2	2	2	3	
0	2	1	3	1	3	2	3	3	1	2	3	0	2	2	3	2	3	1	2	2	2	3	3	3	1	3	1	2	2	3	
0	2	3	3	1	3	3	3	3	1	3	2	2	0	3	2	2	3	1	3	1	2	3	1	2	2	2	2	1	2	3	
0	1	3	2	2	3	2	2	2	3	1	3	3	2	0	3	3	3	3	3	3	3	2	2	2	2	1	2	2	3	2	
0	3	2	3	1	3	1	2	3	3	3	3	2	3	4	0	2	3	3	2	3	2	2	3	2	1	3	2	3	2	3	
0	2	3	1	3	3	3	2	2	3	3	3	3	3	3	4	0	3	1	4	1	2	4	3	3	3	3	3	3	2	3	
0	2	2	3	2	2	2	3	3	3	2	1	3	3	3	2	2	0	1	3	3	2	3	1	2	2	1	3	3	3	3	
0	1	2	2	2	3	3	2	3	3	2	2	3	2	2	4	1	2	0	3	2	3	3	3	2	2	3	2	3	3	3	
0	4	3	4	3	2	2	4	1	4	2	3	4	4	5	3	3	4	3	0	3	3	2	3	3	2	3	2	3	3	4	
0	2	3	3	3	2	3	3	3	3	4	3	2	3	3	3	4	2	3	4	0	2	4	2	3	3	2	3	2	1	3	
0	3	3	4	3	3	4	3	3	2	4	3	4	4	4	3	3	3	4	3	2	0	4	4	4	2	4	3	3	2	4	
0	2	2	2	1	2	3	3	3	3	2	1	2	3	3	4	1	2	2	3	2	2	0	3	2	3	3	3	2	1	3	
0	1	3	3	2	2	2	2	3	3	3	2	3	2	2	1	2	4	3	3	3	3	3	0	2	2	3	2	3	3	2	
0	3	3	3	3	3	3	3	3	1	3	3	4	4	3	2	3	2	2	3	3	2	3	3	0	2	3	2	1	3	4	
0	2	1	2	1	3	3	3	2	3	3	2	2	2	3	4	1	3	2	1	2	2	2	3	3	0	2	2	3	2	3	
0	3	2	3	1	2	1	2	3	3	3	3	2	3	4	2	2	2	3	2	3	2	2	3	2	1	0	2	3	2	3	
0	2	4	4	3	2	1	3	3	3	1	3	3	3	3	2	3	2	2	3	2	2	2	2	2	3	3	0	2	1	2	
0	2	3	3	3	4	4	2	2	2	3	3	4	3	3	3	2	2	1	4	3	1	2	3	1	3	3	3	0	3	3	
0	1	3	3	2	1	3	2	2	2	3	2	3	2	2	3	3	1	2	4	3	2	3	2	2	3	2	2	1	0	3	
0	3	2	4	2	4	3	4	4	2	3	3	1	3	3	3	3	3	2	3	3	3	2	4	1	2	3	2	2	3	0	
M7
0	0	0	0	0	0	0	0	0	0	0	0	0	0	0	0	0	0	0	0	0	0	0	0	0	0	0	0	0	0	0	
0	0	2	2	2	1	3	2	2	3	1	2	1	2	3	1	2	2	2	2	3	2	1	3	1	3	1	2	3	2	4	
0	4	0	3	3	2	1	2	3	2	2	2	1	2	3	1	1	2	2	1	1	2	2	2	2	3	2	2	3	2	5	
0	4	1	0	2	2	2	3	2	3	2	2	2	3	3	2	2	2	1	2	2	3	3	3	3	3	1	3	3	2	4	
0	3	3	4	0	3	2	3	2	1	3	3	4	3	4	4	2	2	1	3	2	3	3	2	3	3	3	3	3	2	5	
0	4	2	1	3	0	2	2	2	2	2	2	3	2	4	3	2	1	2	3	3	3	3	3	3	2	2	3	3	1	3	
0	3	3	2	3	2	0	3	2	1	1	2	2	2	3	3	2	3	2	1	1	2	2	2	1	3	3	2	3	3	5	
0	3	3	4	2	3	3	0	2	3	3	3	2	3	3	3	3	2	3	3	2	3	1	4	4	3	2	2	2	2	4	
0	2	2	3	3	2	2	2	0	3	2	3	3	3	2	2	1	2	2	3	2	4	2	3	3	3	2	1	1	2	3	
0	2	3	3	3	2	4	4	3	0	2	2	3	3	3	3	3	3	3	2	1	3	2	1	3	4	3	2	2	3	4	
0	2	2	2	3	2	3	2	3	4	0	4	1	2	2	2	2	3	2	2	3	2	3	3	3	3	3	1	3	3	5	
0	2	2	1	2	2	2	2	3	1	2	0	3	1	2	2	1	2	2	3	2	1	3	2	2	3	2	1	1	2	3	
0	3	1	3	2	2	2	3	2	3	1	3	0	1	2	2	2	2	1	1	2	1	3	2	3	3	3	1	3	2	5	
0	4	4	5	3	4	3	4	2	4	3	4	4	0	4	4	3	2	4	4	3	2	4	5	4	5	4	3	3	4	5	
0	4	3	2	3	3	4	4	3	2	3	3	2	2	0	3	4	4	3	3	3	3	2	3	3	1	2	3	4	3	5	
0	4	3	4	2	3	2	1	2	3	3	4	3	3	4	0	2	2	1	2	3	3	2	3	2	3	3	3	3	2	5	
0	4	3	3	2	2	1	1	3	2	2	2	2	2	3	2	0	1	2	2	2	3	2	3	2	3	1	3	3	3	4	
0	4	4	3	2	3	1	4	2	2	2	3	3	1	4	3	3	0	3	2	2	3	3	3	2	3	3	3	3	3	4	
0	3	2	3	1	2	1	2	1	2	2	3	3	2	3	3	1	1	0	2	2	2	3	3	2	2	2	2	2	1	4	
0	3	3	3	2	2	2	2	2	3	3	4	2	3	2	3	2	2	1	0	3	3	2	1	3	3	3	2	2	2	4	
0	3	3	2	2	1	3	3	2	1	1	1	2	2	2	2	2	2	2	1	0	2	1	2	3	3	3	2	2	2	4	
0	2	3	3	1	3	1	3	3	2	1	3	2	3	3	3	3	3	2	2	2	0	3	3	2	4	3	2	4	3	6	
0	3	2	4	1	3	3	2	1	2	2	4	1	2	2	3	2	3	2	2	3	2	0	3	4	2	3	2	2	1	4	
0	2	3	3	2	3	4	3	2	3	3	4	2	3	2	3	3	4	3	3	4	3	1	0	2	3	3	3	1	2	3	
0	3	3	4	2	3	2	2	1	3	3	3	3	1	3	3	1	2	1	1	3	3	3	2	0	2	2	2	2	2	4	
0	4	2	3	2	2	3	3	2	3	3	2	2	3	3	2	3	3	3	3	3	2	1	4	4	0	1	3	3	2	4	
0	3	2	2	1	1	3	2	3	2	2	1	1	2	2	1	2	2	2	2	3	2	3	3	3	2	0	2	2	2	3	
0	3	1	2	2	1	2	2	2	3	1	3	2	3	1	1	1	2	1	2	2	3	3	3	2	2	2	0	2	2	4	
0	1	2	3	3	2	3	3	3	2	2	3	2	3	4	2	3	3	3	3	3	3	2	3	2	2	2	3	0	1	2	
0	3	1	3	3	2	2	3	3	1	1	3	2	3	3	2	2	3	3	2	2	3	2	2	3	1	2	2	3	0	4	
0	3	1	2	1	1	2	2	2	1	1	2	2	2	3	2	2	2	1	2	1	3	2	2	1	3	3	2	3	2	0	
Tamanho_Tarefas
0	11	2	3	26	20	20	17	11	10	24	4	25	6	18	19	11	7	12	21	30	6	15	27	10	7	34	12	28	7	17	
Data_Entrega
0	140	152	142	140	142	146	145	144	153	144	151	140	144	153	148	141	154	143	141	148	143	144	149	142	142	144	147	154	142	147	
Penalidade_Atraso
0	9	12	13	4	1	7	20	11	10	6	17	12	16	18	20	1	17	12	3	20	16	12	1	9	1	13	14	8	20	6	
Capacidade_Veiculo
100	64	98	99	51	48	80	73	
Custo_Fixo_Veiculo
1000	640	980	990	510	480	800	730	
Coordenadas_Clientes
x	0	y	0
x	108	y	0
x	90	y	19
x	91	y	40
x	70	y	51
x	72	y	81
x	48	y	84
x	31	y	97
x	8	y	84
x	-7	y	75
x	-23	y	73
x	-55	y	96
x	-80	y	89
x	-97	y	71
x	-92	y	41
x	-80	y	17
x	-103	y	0
x	-104	y	-22
x	-85	y	-38
x	-80	y	-58
x	-71	y	-79
x	-37	y	-64
x	-35	y	-110
x	-8	y	-79
x	10	y	-100
x	24	y	-76
x	42	y	-72
x	53	y	-59
x	100	y	-72
x	97	y	-43
x	76	y	-16
Tempo_Viagem
0	108	91	99	86	108	96	101	84	75	76	110	119	120	100	81	103	106	93	98	106	73	115	79	100	79	83	79	123	106	77	
108	0	26	43	63	88	102	123	130	137	149	188	208	216	204	188	211	213	196	196	194	157	180	140	139	113	97	80	72	44	35	
91	26	0	21	37	64	76	97	104	112	125	164	183	194	183	170	193	197	184	186	188	151	179	138	142	115	102	85	91	62	37	
99	43	21	0	23	45	61	82	93	103	118	155	177	190	183	172	198	204	192	197	201	164	195	154	160	133	122	105	112	83	57	
86	63	37	23	0	30	39	60	70	80	95	132	154	168	162	153	180	188	178	184	191	157	192	151	162	135	126	111	126	97	67	
108	88	64	45	30	0	24	44	64	79	95	127	152	169	168	164	192	203	197	205	214	181	218	178	191	164	155	141	155	126	97	
96	102	76	61	39	24	0	21	40	55	71	103	128	145	146	144	172	185	180	191	201	169	211	172	187	161	156	143	163	136	103	
101	123	97	82	60	44	21	0	26	43	58	86	111	130	134	136	164	179	177	190	203	174	216	180	198	173	169	157	181	154	121	
84	130	104	93	70	64	40	26	0	17	32	64	88	105	108	110	138	154	153	167	181	154	198	163	184	160	159	149	180	154	120	
75	137	112	103	80	79	55	43	17	0	16	52	74	90	91	93	121	137	137	151	166	142	187	154	175	154	154	146	181	157	123	
76	149	125	118	95	95	71	58	32	16	0	39	59	74	76	79	107	124	127	142	159	137	183	152	176	155	158	152	190	166	133	
110	188	164	155	132	127	103	86	64	52	39	0	25	48	66	82	107	127	137	156	175	161	206	181	206	189	193	188	228	205	172	
119	208	183	177	154	152	128	111	88	74	59	25	0	24	49	72	91	113	127	147	168	158	204	182	209	195	202	198	241	220	188	
120	216	194	190	168	169	145	130	105	90	74	48	24	0	30	56	71	93	109	129	151	147	190	174	201	190	199	198	243	225	193	
100	204	183	183	162	168	146	134	108	91	76	66	49	30	0	26	42	64	79	99	121	117	160	146	173	164	175	176	222	206	177	
81	188	170	172	153	164	144	136	110	93	79	82	72	56	26	0	28	45	55	75	96	91	134	120	147	139	151	153	200	186	158	
103	211	193	198	180	192	172	164	138	121	107	107	91	71	42	28	0	22	42	62	84	91	129	123	150	148	161	166	214	204	179	
106	213	197	204	188	203	185	179	154	137	124	127	113	93	64	45	22	0	24	43	65	78	111	110	137	138	154	161	209	202	180	
93	196	184	192	178	197	180	177	153	137	127	137	127	109	79	55	42	24	0	20	42	54	87	86	113	115	131	139	187	182	162	
98	196	186	197	184	205	191	190	167	151	142	156	147	129	99	75	62	43	20	0	22	43	68	75	99	105	122	133	180	177	161	
106	194	188	201	191	214	201	203	181	166	159	175	168	151	121	96	84	65	42	22	0	37	47	63	83	95	113	125	171	171	159	
73	157	151	164	157	181	169	174	154	142	137	161	158	147	117	91	91	78	54	43	37	0	46	32	59	62	79	90	137	135	122	
115	180	179	195	192	218	211	216	198	187	183	206	204	190	160	134	129	111	87	68	47	46	0	41	46	68	85	101	140	147	145	
79	140	138	154	151	178	172	180	163	154	152	181	182	174	146	120	123	110	86	75	63	32	41	0	27	32	50	64	108	110	105	
100	139	142	160	162	191	187	198	184	175	176	206	209	201	173	147	150	137	113	99	83	59	46	27	0	27	42	59	94	104	106	
79	113	115	133	135	164	161	173	160	154	155	189	195	190	164	139	148	138	115	105	95	62	68	32	27	0	18	33	76	79	79	
83	97	102	122	126	155	156	169	159	154	158	193	202	199	175	151	161	154	131	122	113	79	85	50	42	18	0	17	58	62	65	
79	80	85	105	111	141	143	157	149	146	152	188	198	198	176	153	166	161	139	133	125	90	101	64	59	33	17	0	48	46	48	
123	72	91	112	126	155	163	181	180	181	190	228	241	243	222	200	214	209	187	180	171	137	140	108	94	76	58	48	0	29	60	
106	44	62	83	97	126	136	154	154	157	166	205	220	225	206	186	204	202	182	177	171	135	147	110	104	79	62	46	29	0	34	
77	35	37	57	67	97	103	121	120	123	133	172	188	193	177	158	179	180	162	161	159	122	145	105	106	79	65	48	60	34	0	
Custo_Viagem
V0
0	2160	1820	1980	1720	2160	1920	2020	1680	1500	1520	2200	2380	2400	2000	1620	2060	2120	1860	1960	2120	1460	2300	1580	2000	1580	1660	1580	2460	2120	1540	
2160	0	520	860	1260	1760	2060	2460	2600	2740	2980	3780	4160	4320	4080	3760	4220	4260	3920	3920	3900	3160	3600	2800	2800	2260	1940	1600	1440	880	700	
1820	520	0	420	740	1280	1540	1940	2080	2240	2500	3280	3660	3880	3660	3400	3860	3960	3680	3720	3760	3020	3580	2760	2860	2300	2040	1720	1820	1240	740	
1980	860	420	0	460	900	1220	1640	1860	2080	2360	3120	3540	3800	3660	3440	3960	4080	3840	3940	4020	3280	3900	3080	3220	2660	2440	2120	2240	1660	1140	
1720	1260	740	460	0	600	780	1200	1400	1600	1900	2640	3080	3360	3240	3060	3600	3760	3560	3700	3820	3140	3840	3020	3240	2700	2520	2220	2520	1940	1340	
2160	1760	1280	900	600	0	480	880	1280	1580	1900	2540	3040	3380	3360	3280	3840	4060	3940	4100	4280	3620	4360	3560	3820	3280	3100	2820	3100	2520	1940	
1920	2060	1540	1220	780	480	0	420	800	1100	1420	2060	2560	2900	2920	2880	3440	3700	3600	3820	4020	3400	4220	3440	3740	3220	3120	2860	3280	2720	2060	
2020	2460	1940	1640	1200	880	420	0	520	860	1180	1720	2220	2600	2700	2720	3300	3580	3540	3800	4060	3480	4340	3600	3960	3460	3380	3140	3640	3080	2420	
1680	2600	2080	1860	1400	1280	800	520	0	340	640	1280	1760	2100	2160	2200	2780	3080	3060	3340	3620	3080	3960	3260	3680	3200	3180	2980	3620	3100	2400	
1500	2740	2240	2080	1600	1580	1100	860	340	0	320	1040	1480	1800	1820	1860	2420	2740	2740	3020	3320	2840	3740	3080	3500	3080	3080	2920	3620	3140	2460	
1520	2980	2500	2360	1900	1900	1420	1180	640	320	0	780	1180	1480	1520	1580	2160	2480	2540	2840	3180	2740	3660	3040	3520	3120	3160	3040	3800	3320	2660	
2200	3780	3280	3120	2640	2540	2060	1720	1280	1040	780	0	500	960	1320	1640	2140	2540	2740	3120	3500	3220	4120	3620	4120	3780	3860	3760	4560	4100	3440	
2380	4160	3660	3540	3080	3040	2560	2220	1760	1480	1180	500	0	480	980	1440	1820	2260	2540	2940	3360	3160	4080	3640	4180	3900	4040	3960	4820	4400	3760	
2400	4320	3880	3800	3360	3380	2900	2600	2100	1800	1480	960	480	0	600	1120	1420	1860	2180	2600	3040	2940	3820	3480	4020	3800	3980	3960	4860	4500	3860	
2000	4080	3660	3660	3240	3360	2920	2700	2160	1820	1520	1320	980	600	0	520	840	1280	1580	1980	2420	2360	3220	2920	3480	3280	3500	3520	4440	4120	3540	
1620	3760	3400	3440	3060	3280	2880	2720	2200	1860	1580	1640	1440	1120	520	0	560	900	1100	1500	1920	1820	2680	2400	2940	2780	3020	3060	4000	3720	3180	
2060	4220	3860	3960	3600	3840	3440	3300	2780	2420	2160	2140	1820	1420	840	560	0	440	840	1240	1700	1820	2580	2460	3000	2960	3220	3320	4300	4080	3580	
2120	4260	3960	4080	3760	4060	3700	3580	3080	2740	2480	2540	2260	1860	1280	900	440	0	480	860	1300	1580	2220	2220	2760	2760	3080	3220	4200	4040	3600	
1860	3920	3680	3840	3560	3940	3600	3540	3060	2740	2540	2740	2540	2180	1580	1100	840	480	0	400	860	1080	1740	1740	2260	2300	2620	2780	3760	3640	3240	
1960	3920	3720	3940	3700	4100	3820	3800	3340	3020	2840	3120	2940	2600	1980	1500	1240	860	400	0	440	860	1360	1500	1980	2100	2440	2660	3600	3540	3220	
2120	3900	3760	4020	3820	4280	4020	4060	3620	3320	3180	3500	3360	3040	2420	1920	1700	1300	860	440	0	740	940	1260	1660	1900	2260	2500	3420	3420	3180	
1460	3160	3020	3280	3140	3620	3400	3480	3080	2840	2740	3220	3160	2940	2360	1820	1820	1580	1080	860	740	0	920	640	1180	1240	1580	1800	2740	2700	2440	
2300	3600	3580	3900	3840	4360	4220	4340	3960	3740	3660	4120	4080	3820	3220	2680	2580	2220	1740	1360	940	920	0	820	920	1360	1700	2020	2800	2960	2900	
1580	2800	2760	3080	3020	3560	3440	3600	3260	3080	3040	3620	3640	3480	2920	2400	2460	2220	1740	1500	1260	640	820	0	540	640	1000	1280	2160	2220	2100	
2000	2800	2860	3220	3240	3820	3740	3960	3680	3500	3520	4120	4180	4020	3480	2940	3000	2760	2260	1980	1660	1180	920	540	0	540	840	1180	1880	2080	2120	
1580	2260	2300	2660	2700	3280	3220	3460	3200	3080	3120	3780	3900	3800	3280	2780	2960	2760	2300	2100	1900	1240	1360	640	540	0	360	660	1520	1600	1580	
1660	1940	2040	2440	2520	3100	3120	3380	3180	3080	3160	3860	4040	3980	3500	3020	3220	3080	2620	2440	2260	1580	1700	1000	840	360	0	340	1160	1240	1300	
1580	1600	1720	2120	2220	2820	2860	3140	2980	2920	3040	3760	3960	3960	3520	3060	3320	3220	2780	2660	2500	1800	2020	1280	1180	660	340	0	960	920	960	
2460	1440	1820	2240	2520	3100	3280	3640	3620	3620	3800	4560	4820	4860	4440	4000	4300	4200	3760	3600	3420	2740	2800	2160	1880	1520	1160	960	0	580	1200	
2120	880	1240	1660	1940	2520	2720	3080	3100	3140	3320	4100	4400	4500	4120	3720	4080	4040	3640	3540	3420	2700	2960	2220	2080	1600	1240	920	580	0	680	
1540	700	740	1140	1340	1940	2060	2420	2400	2460	2660	3440	3760	3860	3540	3180	3580	3600	3240	3220	3180	2440	2900	2100	2120	1580	1300	960	1200	680	0	
V1
0	1382	1164	1267	1100	1382	1228	1292	1075	960	972	1408	1523	1536	1280	1036	1318	1356	1190	1254	1356	934	1472	1011	1280	1011	1062	1011	1574	1356	985	
1382	0	332	550	806	1126	1318	1574	1664	1753	1907	2419	2662	2764	2611	2406	2700	2726	2508	2508	2496	2022	2304	1792	1792	1446	1241	1024	921	563	448	
1164	332	0	268	473	819	985	1241	1331	1433	1600	2099	2342	2483	2342	2176	2470	2534	2355	2380	2406	1932	2291	1766	1830	1472	1305	1100	1164	793	473	
1267	550	268	0	294	576	780	1049	1190	1331	1510	1996	2265	2432	2342	2201	2534	2611	2457	2521	2572	2099	2496	1971	2060	1702	1561	1356	1433	1062	729	
1100	806	473	294	0	384	499	768	896	1024	1216	1689	1971	2150	2073	1958	2304	2406	2278	2368	2444	2009	2457	1932	2073	1728	1612	1420	1612	1241	857	
1382	1126	819	576	384	0	307	563	819	1011	1216	1625	1945	2163	2150	2099	2457	2598	2521	2624	2739	2316	2790	2278	2444	2099	1984	1804	1984	1612	1241	
1228	1318	985	780	499	307	0	268	512	704	908	1318	1638	1856	1868	1843	2201	2368	2304	2444	2572	2176	2700	2201	2393	2060	1996	1830	2099	1740	1318	
1292	1574	1241	1049	768	563	268	0	332	550	755	1100	1420	1664	1728	1740	2112	2291	2265	2432	2598	2227	2777	2304	2534	2214	2163	2009	2329	1971	1548	
1075	1664	1331	1190	896	819	512	332	0	217	409	819	1126	1344	1382	1408	1779	1971	1958	2137	2316	1971	2534	2086	2355	2048	2035	1907	2316	1984	1536	
960	1753	1433	1331	1024	1011	704	550	217	0	204	665	947	1152	1164	1190	1548	1753	1753	1932	2124	1817	2393	1971	2240	1971	1971	1868	2316	2009	1574	
972	1907	1600	1510	1216	1216	908	755	409	204	0	499	755	947	972	1011	1382	1587	1625	1817	2035	1753	2342	1945	2252	1996	2022	1945	2432	2124	1702	
1408	2419	2099	1996	1689	1625	1318	1100	819	665	499	0	320	614	844	1049	1369	1625	1753	1996	2240	2060	2636	2316	2636	2419	2470	2406	2918	2624	2201	
1523	2662	2342	2265	1971	1945	1638	1420	1126	947	755	320	0	307	627	921	1164	1446	1625	1881	2150	2022	2611	2329	2675	2496	2585	2534	3084	2816	2406	
1536	2764	2483	2432	2150	2163	1856	1664	1344	1152	947	614	307	0	384	716	908	1190	1395	1664	1945	1881	2444	2227	2572	2432	2547	2534	3110	2880	2470	
1280	2611	2342	2342	2073	2150	1868	1728	1382	1164	972	844	627	384	0	332	537	819	1011	1267	1548	1510	2060	1868	2227	2099	2240	2252	2841	2636	2265	
1036	2406	2176	2201	1958	2099	1843	1740	1408	1190	1011	1049	921	716	332	0	358	576	704	960	1228	1164	1715	1536	1881	1779	1932	1958	2560	2380	2035	
1318	2700	2470	2534	2304	2457	2201	2112	1779	1548	1382	1369	1164	908	537	358	0	281	537	793	1088	1164	1651	1574	1920	1894	2060	2124	2752	2611	2291	
1356	2726	2534	2611	2406	2598	2368	2291	1971	1753	1587	1625	1446	1190	819	576	281	0	307	550	832	1011	1420	1420	1766	1766	1971	2060	2688	2585	2304	
1190	2508	2355	2457	2278	2521	2304	2265	1958	1753	1625	1753	1625	1395	1011	704	537	307	0	256	550	691	1113	1113	1446	1472	1676	1779	2406	2329	2073	
1254	2508	2380	2521	2368	2624	2444	2432	2137	1932	1817	1996	1881	1664	1267	960	793	550	256	0	281	550	870	960	1267	1344	1561	1702	2304	2265	2060	
1356	2496	2406	2572	2444	2739	2572	2598	2316	2124	2035	2240	2150	1945	1548	1228	1088	832	550	281	0	473	601	806	1062	1216	1446	1600	2188	2188	2035	
934	2022	1932	2099	2009	2316	2176	2227	1971	1817	1753	2060	2022	1881	1510	1164	1164	1011	691	550	473	0	588	409	755	793	1011	1152	1753	1728	1561	
1472	2304	2291	2496	2457	2790	2700	2777	2534	2393	2342	2636	2611	2444	2060	1715	1651	1420	1113	870	601	588	0	524	588	870	1088	1292	1792	1894	1856	
1011	1792	1766	1971	1932	2278	2201	2304	2086	1971	1945	2316	2329	2227	1868	1536	1574	1420	1113	960	806	409	524	0	345	409	640	819	1382	1420	1344	
1280	1792	1830	2060	2073	2444	2393	2534	2355	2240	2252	2636	2675	2572	2227	1881	1920	1766	1446	1267	1062	755	588	345	0	345	537	755	1203	1331	1356	
1011	1446	1472	1702	1728	2099	2060	2214	2048	1971	1996	2419	2496	2432	2099	1779	1894	1766	1472	1344	1216	793	870	409	345	0	230	422	972	1024	1011	
1062	1241	1305	1561	1612	1984	1996	2163	2035	1971	2022	2470	2585	2547	2240	1932	2060	1971	1676	1561	1446	1011	1088	640	537	230	0	217	742	793	832	
1011	1024	1100	1356	1420	1804	1830	2009	1907	1868	1945	2406	2534	2534	2252	1958	2124	2060	1779	1702	1600	1152	1292	819	755	422	217	0	614	588	614	
1574	921	1164	1433	1612	1984	2099	2329	2316	2316	2432	2918	3084	3110	2841	2560	2752	2688	2406	2304	2188	1753	1792	1382	1203	972	742	614	0	371	768	
1356	563	793	1062	1241	1612	1740	1971	1984	2009	2124	2624	2816	2880	2636	2380	2611	2585	2329	2265	2188	1728	1894	1420	1331	1024	793	588	371	0	435	
985	448	473	729	857	1241	1318	1548	1536	1574	1702	2201	2406	2470	2265	2035	2291	2304	2073	2060	2035	1561	1856	1344	1356	1011	832	614	768	435	0	
V2
0	2116	1783	1940	1685	2116	1881	1979	1646	1470	1489	2156	2332	2352	1960	1587	2018	2077	1822	1920	2077	1430	2254	1548	1960	1548	1626	1548	2410	2077	1509	
2116	0	509	842	1234	1724	2018	2410	2548	2685	2920	3704	4076	4233	3998	3684	4135	4174	3841	3841	3822	3096	3528	2744	2744	2214	1901	1568	1411	862	686	
1783	509	0	411	725	1254	1509	1901	2038	2195	2450	3214	3586	3802	3586	3332	3782	3880	3606	3645	3684	2959	3508	2704	2802	2254	1999	1685	1783	1215	725	
1940	842	411	0	450	882	1195	1607	1822	2038	2312	3057	3469	3724	3586	3371	3880	3998	3763	3861	3939	3214	3822	3018	3155	2606	2391	2077	2195	1626	1117	
1685	1234	725	450	0	588	764	1176	1372	1568	1862	2587	3018	3292	3175	2998	3528	3684	3488	3626	3743	3077	3763	2959	3175	2646	2469	2175	2469	1901	1313	
2116	1724	1254	882	588	0	470	862	1254	1548	1862	2489	2979	3312	3292	3214	3763	3978	3861	4018	4194	3547	4272	3488	3743	3214	3038	2763	3038	2469	1901	
1881	2018	1509	1195	764	470	0	411	784	1078	1391	2018	2508	2842	2861	2822	3371	3626	3528	3743	3939	3332	4135	3371	3665	3155	3057	2802	3214	2665	2018	
1979	2410	1901	1607	1176	862	411	0	509	842	1156	1685	2175	2548	2646	2665	3234	3508	3469	3724	3978	3410	4253	3528	3880	3390	3312	3077	3567	3018	2371	
1646	2548	2038	1822	1372	1254	784	509	0	333	627	1254	1724	2058	2116	2156	2724	3018	2998	3273	3547	3018	3880	3194	3606	3136	3116	2920	3547	3038	2352	
1470	2685	2195	2038	1568	1548	1078	842	333	0	313	1019	1450	1764	1783	1822	2371	2685	2685	2959	3253	2783	3665	3018	3430	3018	3018	2861	3547	3077	2410	
1489	2920	2450	2312	1862	1862	1391	1156	627	313	0	764	1156	1450	1489	1548	2116	2430	2489	2783	3116	2685	3586	2979	3449	3057	3096	2979	3724	3253	2606	
2156	3704	3214	3057	2587	2489	2018	1685	1254	1019	764	0	490	940	1293	1607	2097	2489	2685	3057	3430	3155	4037	3547	4037	3704	3782	3684	4468	4018	3371	
2332	4076	3586	3469	3018	2979	2508	2175	1724	1450	1156	490	0	470	960	1411	1783	2214	2489	2881	3292	3096	3998	3567	4096	3822	3959	3880	4723	4312	3684	
2352	4233	3802	3724	3292	3312	2842	2548	2058	1764	1450	940	470	0	588	1097	1391	1822	2136	2548	2979	2881	3743	3410	3939	3724	3900	3880	4762	4410	3782	
1960	3998	3586	3586	3175	3292	2861	2646	2116	1783	1489	1293	960	588	0	509	823	1254	1548	1940	2371	2312	3155	2861	3410	3214	3430	3449	4351	4037	3469	
1587	3684	3332	3371	2998	3214	2822	2665	2156	1822	1548	1607	1411	1097	509	0	548	882	1078	1470	1881	1783	2626	2352	2881	2724	2959	2998	3920	3645	3116	
2018	4135	3782	3880	3528	3763	3371	3234	2724	2371	2116	2097	1783	1391	823	548	0	431	823	1215	1666	1783	2528	2410	2940	2900	3155	3253	4214	3998	3508	
2077	4174	3880	3998	3684	3978	3626	3508	3018	2685	2430	2489	2214	1822	1254	882	431	0	470	842	1274	1548	2175	2175	2704	2704	3018	3155	4116	3959	3528	
1822	3841	3606	3763	3488	3861	3528	3469	2998	2685	2489	2685	2489	2136	1548	1078	823	470	0	392	842	1058	1705	1705	2214	2254	2567	2724	3684	3567	3175	
1920	3841	3645	3861	3626	4018	3743	3724	3273	2959	2783	3057	2881	2548	1940	1470	1215	842	392	0	431	842	1332	1470	1940	2058	2391	2606	3528	3469	3155	
2077	3822	3684	3939	3743	4194	3939	3978	3547	3253	3116	3430	3292	2979	2371	1881	1666	1274	842	431	0	725	921	1234	1626	1862	2214	2450	3351	3351	3116	
1430	3096	2959	3214	3077	3547	3332	3410	3018	2783	2685	3155	3096	2881	2312	1783	1783	1548	1058	842	725	0	901	627	1156	1215	1548	1764	2685	2646	2391	
2254	3528	3508	3822	3763	4272	4135	4253	3880	3665	3586	4037	3998	3743	3155	2626	2528	2175	1705	1332	921	901	0	803	901	1332	1666	1979	2744	2900	2842	
1548	2744	2704	3018	2959	3488	3371	3528	3194	3018	2979	3547	3567	3410	2861	2352	2410	2175	1705	1470	1234	627	803	0	529	627	980	1254	2116	2175	2058	
1960	2744	2802	3155	3175	3743	3665	3880	3606	3430	3449	4037	4096	3939	3410	2881	2940	2704	2214	1940	1626	1156	901	529	0	529	823	1156	1842	2038	2077	
1548	2214	2254	2606	2646	3214	3155	3390	3136	3018	3057	3704	3822	3724	3214	2724	2900	2704	2254	2058	1862	1215	1332	627	529	0	352	646	1489	1568	1548	
1626	1901	1999	2391	2469	3038	3057	3312	3116	3018	3096	3782	3959	3900	3430	2959	3155	3018	2567	2391	2214	1548	1666	980	823	352	0	333	1136	1215	1274	
1548	1568	1685	2077	2175	2763	2802	3077	2920	2861	2979	3684	3880	3880	3449	2998	3253	3155	2724	2606	2450	1764	1979	1254	1156	646	333	0	940	901	940	
2410	1411	1783	2195	2469	3038	3214	3567	3547	3547	3724	4468	4723	4762	4351	3920	4214	4116	3684	3528	3351	2685	2744	2116	1842	1489	1136	940	0	568	1176	
2077	862	1215	1626	1901	2469	2665	3018	3038	3077	3253	4018	4312	4410	4037	3645	3998	3959	3567	3469	3351	2646	2900	2175	2038	1568	1215	901	568	0	666	
1509	686	725	1117	1313	1901	2018	2371	2352	2410	2606	3371	3684	3782	3469	3116	3508	3528	3175	3155	3116	2391	2842	2058	2077	1548	1274	940	1176	666	0	
V3
0	2138	1801	1960	1702	2138	1900	1999	1663	1485	1504	2178	2356	2376	1980	1603	2039	2098	1841	1940	2098	1445	2277	1564	1980	1564	1643	1564	2435	2098	1524	
2138	0	514	851	1247	1742	2039	2435	2574	2712	2950	3742	4118	4276	4039	3722	4177	4217	3880	3880	3861	3128	3564	2772	2772	2237	1920	1584	1425	871	693	
1801	514	0	415	732	1267	1524	1920	2059	2217	2475	3247	3623	3841	3623	3366	3821	3920	3643	3682	3722	2989	3544	2732	2831	2277	2019	1702	1801	1227	732	
1960	851	415	0	455	891	1207	1623	1841	2059	2336	3088	3504	3762	3623	3405	3920	4039	3801	3900	3979	3247	3861	3049	3187	2633	2415	2098	2217	1643	1128	
1702	1247	732	455	0	594	772	1188	1386	1584	1881	2613	3049	3326	3207	3029	3564	3722	3524	3663	3781	3108	3801	2989	3207	2673	2494	2197	2494	1920	1326	
2138	1742	1267	891	594	0	475	871	1267	1564	1881	2514	3009	3346	3326	3247	3801	4019	3900	4059	4237	3583	4316	3524	3781	3247	3069	2791	3069	2494	1920	
1900	2039	1524	1207	772	475	0	415	792	1089	1405	2039	2534	2871	2890	2851	3405	3663	3564	3781	3979	3366	4177	3405	3702	3187	3088	2831	3247	2692	2039	
1999	2435	1920	1623	1188	871	415	0	514	851	1168	1702	2197	2574	2673	2692	3267	3544	3504	3762	4019	3445	4296	3564	3920	3425	3346	3108	3603	3049	2395	
1663	2574	2059	1841	1386	1267	792	514	0	336	633	1267	1742	2079	2138	2178	2752	3049	3029	3306	3583	3049	3920	3227	3643	3168	3148	2950	3583	3069	2376	
1485	2712	2217	2059	1584	1564	1089	851	336	0	316	1029	1465	1782	1801	1841	2395	2712	2712	2989	3286	2811	3702	3049	3465	3049	3049	2890	3583	3108	2435	
1504	2950	2475	2336	1881	1881	1405	1168	633	316	0	772	1168	1465	1504	1564	2138	2455	2514	2811	3148	2712	3623	3009	3484	3088	3128	3009	3762	3286	2633	
2178	3742	3247	3088	2613	2514	2039	1702	1267	1029	772	0	495	950	1306	1623	2118	2514	2712	3088	3465	3187	4078	3583	4078	3742	3821	3722	4514	4059	3405	
2356	4118	3623	3504	3049	3009	2534	2197	1742	1465	1168	495	0	475	970	1425	1801	2237	2514	2910	3326	3128	4039	3603	4138	3861	3999	3920	4771	4356	3722	
2376	4276	3841	3762	3326	3346	2871	2574	2079	1782	1465	950	475	0	594	1108	1405	1841	2158	2574	3009	2910	3781	3445	3979	3762	3940	3920	4811	4455	3821	
1980	4039	3623	3623	3207	3326	2890	2673	2138	1801	1504	1306	970	594	0	514	831	1267	1564	1960	2395	2336	3187	2890	3445	3247	3465	3484	4395	4078	3504	
1603	3722	3366	3405	3029	3247	2851	2692	2178	1841	1564	1623	1425	1108	514	0	554	891	1089	1485	1900	1801	2653	2376	2910	2752	2989	3029	3960	3682	3148	
2039	4177	3821	3920	3564	3801	3405	3267	2752	2395	2138	2118	1801	1405	831	554	0	435	831	1227	1683	1801	2554	2435	2970	2930	3187	3286	4257	4039	3544	
2098	4217	3920	4039	3722	4019	3663	3544	3049	2712	2455	2514	2237	1841	1267	891	435	0	475	851	1287	1564	2197	2197	2732	2732	3049	3187	4158	3999	3564	
1841	3880	3643	3801	3524	3900	3564	3504	3029	2712	2514	2712	2514	2158	1564	1089	831	475	0	396	851	1069	1722	1722	2237	2277	2593	2752	3722	3603	3207	
1940	3880	3682	3900	3663	4059	3781	3762	3306	2989	2811	3088	2910	2574	1960	1485	1227	851	396	0	435	851	1346	1485	1960	2079	2415	2633	3564	3504	3187	
2098	3861	3722	3979	3781	4237	3979	4019	3583	3286	3148	3465	3326	3009	2395	1900	1683	1287	851	435	0	732	930	1247	1643	1881	2237	2475	3385	3385	3148	
1445	3128	2989	3247	3108	3583	3366	3445	3049	2811	2712	3187	3128	2910	2336	1801	1801	1564	1069	851	732	0	910	633	1168	1227	1564	1782	2712	2673	2415	
2277	3564	3544	3861	3801	4316	4177	4296	3920	3702	3623	4078	4039	3781	3187	2653	2554	2197	1722	1346	930	910	0	811	910	1346	1683	1999	2772	2930	2871	
1564	2772	2732	3049	2989	3524	3405	3564	3227	3049	3009	3583	3603	3445	2890	2376	2435	2197	1722	1485	1247	633	811	0	534	633	990	1267	2138	2197	2079	
1980	2772	2831	3187	3207	3781	3702	3920	3643	3465	3484	4078	4138	3979	3445	2910	2970	2732	2237	1960	1643	1168	910	534	0	534	831	1168	1861	2059	2098	
1564	2237	2277	2633	2673	3247	3187	3425	3168	3049	3088	3742	3861	3762	3247	2752	2930	2732	2277	2079	1881	1227	1346	633	534	0	356	653	1504	1584	1564	
1643	1920	2019	2415	2494	3069	3088	3346	3148	3049	3128	3821	3999	3940	3465	2989	3187	3049	2593	2415	2237	1564	1683	990	831	356	0	336	1148	1227	1287	
1564	1584	1702	2098	2197	2791	2831	3108	2950	2890	3009	3722	3920	3920	3484	3029	3286	3187	2752	2633	2475	1782	1999	1267	1168	653	336	0	950	910	950	
2435	1425	1801	2217	2494	3069	3247	3603	3583	3583	3762	4514	4771	4811	4395	3960	4257	4158	3722	3564	3385	2712	2772	2138	1861	1504	1148	950	0	574	1188	
2098	871	1227	1643	1920	2494	2692	3049	3069	3108	3286	4059	4356	4455	4078	3682	4039	3999	3603	3504	3385	2673	2930	2197	2059	1584	1227	910	574	0	673	
1524	693	732	1128	1326	1920	2039	2395	2376	2435	2633	3405	3722	3821	3504	3148	3544	3564	3207	3187	3148	2415	2871	2079	2098	1564	1287	950	1188	673	0	
V4
