M: 8
N: 30
Nun_Veiculos: 11
Capacidade_Total: 642
Demanda_Total: 401
Setup_Min: 1
Setup_Max: 99
Raio: 100
Circulos: 1
Tempo_Processamento_Min: 1
Tempo_Processamento_Max: 49
Demanda_Min: 10
Demanda_Max: 30
Priority_Factor: 0.2
Range_Factor_R: 0.8
U_factor: 2
ALpha: 0.2Replicao: 1
Tempos_Processamentos
0	0	1	0	2	0	3	0	4	0	5	0	6	0	7	0	
0	7	1	3	2	13	3	35	4	47	5	35	6	24	7	26	
0	7	1	33	2	23	3	14	4	31	5	41	6	38	7	31	
0	9	1	22	2	34	3	10	4	20	5	37	6	27	7	6	
0	19	1	31	2	24	3	43	4	21	5	49	6	26	7	5	
0	7	1	30	2	15	3	24	4	17	5	6	6	23	7	23	
0	3	1	18	2	29	3	36	4	32	5	22	6	42	7	49	
0	17	1	22	2	39	3	46	4	34	5	3	6	29	7	34	
0	23	1	23	2	17	3	29	4	11	5	23	6	2	7	6	
0	18	1	8	2	23	3	33	4	47	5	13	6	29	7	11	
0	15	1	5	2	27	3	22	4	15	5	43	6	27	7	43	
0	17	1	42	2	8	3	32	4	18	5	14	6	13	7	39	
0	23	1	9	2	23	3	12	4	3	5	42	6	2	7	19	
0	33	1	24	2	45	3	6	4	11	5	43	6	24	7	35	
0	33	1	6	2	43	3	30	4	15	5	45	6	30	7	14	
0	24	1	6	2	3	3	7	4	20	5	25	6	4	7	6	
0	46	1	35	2	39	3	48	4	11	5	18	6	11	7	32	
0	32	1	26	2	5	3	4	4	42	5	4	6	45	7	26	
0	5	1	43	2	9	3	30	4	39	5	33	6	7	7	15	
0	10	1	10	2	47	3	19	4	35	5	38	6	38	7	22	
0	5	1	19	2	22	3	20	4	40	5	33	6	40	7	40	
0	40	1	49	2	34	3	41	4	15	5	13	6	46	7	7	
0	6	1	10	2	45	3	15	4	25	5	42	6	30	7	20	
0	29	1	19	2	12	3	39	4	39	5	3	6	35	7	37	
0	43	1	18	2	25	3	30	4	39	5	17	6	2	7	48	
0	21	1	27	2	45	3	46	4	8	5	47	6	36	7	19	
0	12	1	11	2	11	3	8	4	11	5	47	6	26	7	49	
0	47	1	30	2	9	3	39	4	14	5	21	6	24	7	31	
0	23	1	1	2	3	3	20	4	27	5	17	6	48	7	5	
0	9	1	19	2	24	3	2	4	45	5	40	6	18	7	29	
0	5	1	49	2	10	3	19	4	18	5	22	6	1	7	14	

Tempos_setup
M0
0	0	0	0	0	0	0	0	0	0	0	0	0	0	0	0	0	0	0	0	0	0	0	0	0	0	0	0	0	0	0	
0	0	18	5	10	16	14	7	5	12	23	17	12	11	15	15	9	6	9	22	6	12	7	10	5	7	14	12	11	11	23	
0	3	0	5	5	11	9	1	7	10	5	12	7	6	10	10	4	2	3	17	3	1	4	5	8	9	9	6	6	6	18	
0	9	13	0	11	17	15	7	11	7	18	18	13	12	16	16	10	1	9	23	9	7	2	11	4	13	15	12	12	10	24	
0	15	22	20	0	15	11	21	19	16	27	12	13	18	17	22	16	17	15	16	20	23	19	14	20	15	9	18	18	15	19	
0	15	12	17	16	0	18	13	19	6	17	17	16	15	17	13	16	14	15	20	15	13	15	17	20	17	12	9	9	18	7	
0	10	13	15	8	6	0	12	10	7	18	3	9	9	13	13	7	8	6	20	11	14	10	3	15	6	11	9	9	4	13	
0	6	15	11	4	10	8	0	6	9	18	11	9	5	9	9	3	4	2	16	2	11	6	4	11	8	8	5	5	5	17	
0	8	17	6	5	12	10	2	0	11	20	13	11	7	11	11	5	6	4	18	1	11	6	6	10	2	10	7	7	7	18	
0	9	6	11	11	17	15	7	13	0	11	18	12	12	16	16	10	8	9	20	9	7	10	11	14	15	15	12	12	12	24	
0	10	21	15	8	14	12	12	10	19	0	15	13	9	13	13	7	8	6	20	11	15	10	8	15	12	12	9	9	9	21	
0	7	10	12	5	3	9	9	7	4	15	0	10	6	10	10	4	5	3	17	8	11	7	5	12	3	9	6	6	6	10	
0	2	9	7	10	18	16	9	7	14	14	19	0	13	13	17	11	8	11	24	8	10	9	12	7	9	16	5	13	13	25	
0	1	16	6	11	5	3	8	6	10	21	6	12	0	9	14	8	7	9	21	7	13	8	6	6	8	13	1	10	7	12	
0	13	21	11	10	17	15	7	5	16	25	18	16	12	0	16	10	11	9	23	6	16	11	11	15	7	15	12	12	12	23	
0	6	8	11	4	10	8	8	6	15	13	11	9	5	8	0	3	4	2	7	7	9	6	4	11	8	8	5	5	5	17	
0	3	14	8	8	7	5	5	3	12	18	8	7	2	6	6	0	7	7	13	4	13	8	1	8	5	5	3	2	2	14	
0	9	22	14	11	17	15	7	13	16	25	18	13	12	16	16	10	0	9	23	9	7	2	11	14	15	15	12	12	12	24	
0	4	15	9	2	8	6	6	4	13	16	9	7	3	7	7	1	2	0	14	5	9	4	2	9	6	6	3	3	3	15	
0	9	14	12	8	13	11	8	6	17	19	14	11	8	1	6	9	7	8	0	7	13	8	10	14	8	5	9	2	11	15	
0	7	16	12	4	11	9	1	7	10	19	12	10	6	10	10	4	5	3	17	0	12	7	5	12	9	9	6	6	6	18	
0	2	15	7	12	18	16	9	7	14	20	19	6	13	17	17	11	8	11	24	8	0	9	12	7	9	16	11	13	13	25	
0	7	20	12	9	15	13	5	11	14	23	16	11	10	14	14	8	9	7	21	7	5	0	9	12	13	13	10	10	10	22	
0	8	15	13	16	18	12	15	13	19	17	15	6	19	19	23	17	14	17	30	14	16	15	0	13	15	8	11	19	1	18	
0	9	20	14	11	15	13	7	13	16	25	16	11	10	16	16	10	11	9	23	9	7	2	11	0	15	15	11	12	6	22	
0	10	21	12	8	12	12	8	6	17	22	15	13	9	13	13	7	8	6	20	7	15	10	8	15	0	12	9	9	9	19	
0	8	15	13	16	23	21	15	13	20	20	24	6	18	11	16	17	14	17	23	14	16	15	18	13	15	0	11	12	19	10	
0	7	22	12	17	23	21	14	12	19	27	24	13	18	8	22	16	13	16	29	13	19	14	17	12	14	21	0	18	18	30	
0	10	12	15	7	14	12	11	10	19	17	15	9	9	12	4	7	5	6	11	11	11	6	8	15	12	3	9	0	9	13	
0	7	14	12	15	17	11	14	12	18	19	14	5	18	18	22	16	13	16	29	13	15	14	14	12	14	21	10	18	0	24	
0	9	18	14	19	13	11	16	14	18	23	14	9	8	10	22	16	15	17	18	15	13	16	14	14	16	21	2	18	15	0	
M1
0	0	0	0	0	0	0	0	0	0	0	0	0	0	0	0	0	0	0	0	0	0	0	0	0	0	0	0	0	0	0	
0	0	24	4	9	17	6	14	10	17	12	8	7	17	35	8	6	22	11	13	5	22	14	11	8	16	6	24	7	24	9	
0	10	0	12	13	13	15	6	18	17	12	12	15	18	41	7	14	8	20	19	15	7	13	8	14	15	16	21	6	23	16	
0	4	21	0	5	13	7	14	6	13	13	7	3	21	31	5	2	19	10	9	6	18	11	11	4	16	8	20	9	20	5	
0	14	21	18	0	22	17	19	23	17	18	13	13	24	36	5	12	14	16	22	16	13	11	18	12	11	3	15	4	15	15	
0	16	29	13	16	0	17	9	19	12	15	15	16	22	31	18	15	14	22	22	16	13	18	13	17	21	18	24	18	10	18	
0	5	27	9	14	16	0	9	15	20	9	13	12	22	40	13	11	19	5	18	10	27	19	5	13	21	11	29	12	26	14	
0	20	20	16	14	7	16	0	22	11	22	13	19	29	38	12	18	10	15	25	15	20	17	12	19	12	17	23	18	17	10	
0	8	22	12	8	8	3	9	0	20	9	12	14	25	25	6	14	15	5	3	2	14	12	5	13	14	4	23	5	18	17	
0	10	24	14	12	12	5	5	11	0	11	14	17	27	36	8	16	15	10	14	4	23	6	1	15	16	6	12	7	22	15	
0	6	27	10	14	22	12	20	16	19	0	13	13	23	39	11	12	23	17	17	11	22	17	17	10	19	12	29	13	29	12	
0	11	22	15	1	23	17	18	21	18	19	0	14	25	37	6	13	15	11	23	16	14	12	14	12	12	4	16	5	16	16	
0	9	23	13	2	10	4	11	10	19	10	13	0	26	31	7	14	16	9	9	3	15	13	9	14	13	5	17	6	17	17	
0	15	21	17	11	6	13	1	19	12	10	12	9	0	23	10	19	11	16	1	12	12	16	13	17	13	14	24	9	16	11	
0	20	18	24	13	16	19	11	25	18	20	12	19	10	0	2	22	21	23	11	18	22	8	19	9	23	13	25	14	26	21	
0	21	16	25	11	17	17	14	23	16	20	10	21	34	40	0	20	24	21	18	16	23	6	17	7	22	14	23	15	26	23	
0	2	21	6	3	11	5	12	11	19	11	6	1	19	32	5	0	17	8	10	4	16	11	10	10	14	6	18	7	18	3	
0	16	20	18	12	28	22	24	24	19	18	13	21	24	44	11	20	0	24	25	21	13	17	20	10	23	15	27	16	23	23	
0	17	22	21	11	19	13	20	12	28	11	22	9	29	35	16	23	25	0	15	12	24	22	17	21	22	14	26	15	26	23	
0	14	25	16	14	5	20	14	22	17	9	13	19	22	22	9	18	12	24	0	19	11	15	18	16	17	17	29	8	15	21	
0	6	20	10	11	15	1	10	7	20	7	10	13	23	32	4	12	20	6	10	0	19	10	6	11	12	2	26	3	22	15	
0	3	21	5	6	17	9	12	11	18	5	5	8	11	34	10	7	1	14	12	8	0	16	14	9	17	9	21	10	21	10	
0	16	28	20	17	11	16	8	25	19	14	20	15	33	34	16	14	18	21	12	18	22	0	20	23	20	20	31	20	21	17	
0	19	24	20	11	11	20	4	26	15	26	17	18	26	42	16	17	14	19	27	19	24	21	0	23	16	14	26	15	21	14	
0	14	17	18	4	18	12	14	18	9	18	3	17	28	40	1	16	18	14	19	11	17	7	10	0	15	7	19	8	19	18	
0	13	24	17	3	25	19	20	23	19	21	2	16	27	39	8	15	17	13	25	18	16	14	16	10	0	6	18	7	18	18	
0	20	18	19	13	19	15	16	21	18	21	12	11	21	38	2	21	18	20	20	14	17	8	19	9	10	0	25	1	20	24	
0	14	28	18	7	15	9	14	15	24	15	10	5	31	36	12	19	8	8	14	8	20	6	14	18	18	10	0	11	22	22	
0	22	17	22	12	18	18	15	24	17	21	11	22	20	39	1	21	22	22	19	17	21	7	18	8	9	15	24	0	19	24	
0	7	24	3	8	14	7	7	9	2	13	10	6	24	21	8	5	17	12	12	6	21	8	3	7	18	8	14	9	0	8	
0	10	18	6	4	15	6	15	12	18	12	3	9	27	37	2	8	18	5	15	5	17	8	11	9	15	7	19	8	19	0	
M2
0	0	0	0	0	0	0	0	0	0	0	0	0	0	0	0	0	0	0	0	0	0	0	0	0	0	0	0	0	0	0	
0	0	15	11	11	16	12	12	21	10	8	14	15	13	9	21	12	16	17	8	21	19	2	11	12	9	8	14	6	14	10	
0	27	0	20	22	25	18	21	28	21	18	12	26	22	18	19	14	22	21	18	13	19	20	15	22	25	15	22	15	14	23	
0	17	11	0	17	5	13	1	25	16	14	20	9	15	15	19	11	19	18	15	10	16	8	12	18	15	6	19	12	5	16	
0	6	5	6	0	6	17	7	10	16	11	13	4	10	15	12	13	5	18	12	12	9	8	12	11	10	3	3	12	11	1	
0	14	12	13	12	0	11	2	21	14	15	19	13	15	11	22	7	15	14	11	6	12	16	8	18	12	7	15	8	6	13	
0	23	20	16	18	21	0	17	28	17	18	22	22	18	14	27	10	20	17	14	26	17	22	11	21	21	12	18	11	21	19	
0	19	10	13	17	18	12	0	24	17	13	19	11	17	14	24	10	18	17	14	9	15	19	11	17	17	5	18	11	4	18	
0	16	19	21	17	23	27	22	0	22	24	18	21	17	19	25	15	22	22	19	29	26	18	16	16	14	17	20	16	20	18	
0	7	6	7	1	7	18	8	11	0	12	6	5	11	13	13	14	6	19	13	13	10	9	13	4	11	4	4	13	8	2	
0	19	7	15	15	16	21	16	25	14	0	6	14	17	13	13	9	19	16	6	20	23	6	10	4	20	9	17	10	8	14	
0	21	13	23	17	23	27	24	27	16	11	0	21	21	24	7	20	22	24	17	26	21	8	21	15	27	3	20	21	2	16	
0	8	13	2	10	7	15	3	20	17	16	19	0	6	16	21	12	15	14	11	12	18	10	8	20	6	8	13	13	7	9	
0	18	14	18	12	18	25	19	22	11	12	17	16	0	18	23	21	17	26	18	20	21	18	22	15	22	4	15	22	3	13	
0	9	11	11	9	15	14	12	19	8	16	14	13	4	0	18	13	11	8	12	21	10	11	9	12	7	8	9	6	7	10	
0	14	15	16	10	16	20	17	20	9	21	15	14	20	17	0	16	15	17	19	22	14	1	17	13	20	13	13	14	17	9	
0	13	10	6	8	11	12	7	18	7	10	12	12	8	4	17	0	10	7	4	16	14	12	1	11	11	2	8	1	11	9	
0	21	9	11	17	16	24	12	11	16	19	8	16	19	24	7	22	0	24	7	21	21	8	23	6	22	11	20	21	10	16	
0	17	3	14	11	17	6	15	14	19	16	11	15	18	17	10	13	3	0	10	16	7	11	9	9	21	8	1	14	13	12	
0	18	16	18	12	18	27	19	22	24	19	8	16	22	21	15	25	17	21	0	24	21	16	24	13	22	11	15	18	10	13	
0	14	11	7	9	12	5	8	15	8	11	13	13	9	5	16	1	9	8	5	0	6	13	2	12	12	3	9	2	12	10	
0	22	12	14	20	19	21	9	14	19	22	11	19	11	13	10	13	3	20	10	18	0	11	14	9	20	14	21	14	13	19	
0	13	14	15	9	15	19	16	19	8	20	14	13	19	19	21	15	14	22	19	21	18	0	16	12	19	12	12	16	16	8	
0	17	9	10	12	15	11	11	20	11	9	11	16	12	8	16	4	9	6	3	20	13	15	0	13	15	1	7	5	13	13	
0	18	3	12	19	12	21	13	28	18	13	2	10	16	21	9	17	17	24	10	16	22	10	18	0	16	5	22	18	4	15	
0	2	9	10	4	10	13	11	14	12	10	13	8	9	10	16	6	9	8	5	16	13	4	2	14	0	3	7	7	12	5	
0	27	15	23	23	24	29	24	33	22	8	14	22	25	21	21	17	27	24	14	27	31	14	18	12	28	0	25	18	16	22	
0	16	2	13	10	16	20	14	13	18	20	10	14	17	19	9	16	2	22	9	15	6	10	17	8	20	13	0	17	12	11	
0	12	12	5	7	10	17	6	17	6	10	12	11	7	3	19	14	12	11	11	15	13	13	10	10	10	2	10	0	10	8	
0	28	11	24	24	25	29	25	34	23	9	15	23	26	22	20	18	28	25	15	24	30	15	19	13	29	1	26	19	0	23	
0	5	20	16	16	21	17	17	26	15	13	19	20	13	14	22	14	15	21	13	13	12	7	15	17	14	13	19	11	16	0	
M3
0	0	0	0	0	0	0	0	0	0	0	0	0	0	0	0	0	0	0	0	0	0	0	0	0	0	0	0	0	0	0	
0	0	10	7	9	12	17	15	12	25	11	10	16	14	13	15	11	19	15	10	17	5	17	7	8	21	15	17	16	15	17	
0	15	0	13	15	12	17	16	16	20	15	14	6	16	8	14	12	12	5	11	18	11	21	15	9	22	7	15	11	10	21	
0	13	3	0	2	13	10	16	5	18	4	15	9	17	9	17	15	13	8	14	18	14	24	18	10	14	8	15	11	11	10	
0	16	17	14	0	19	18	18	3	16	2	15	7	19	13	16	14	25	16	13	20	12	27	17	14	12	22	14	10	11	13	
0	13	12	9	3	0	17	11	6	13	5	7	10	12	1	11	7	19	17	6	13	15	21	12	2	15	17	8	4	3	16	
0	17	17	14	8	5	0	16	11	18	10	12	15	17	6	16	12	24	22	11	18	20	26	17	7	13	22	11	9	8	14	
0	5	15	12	12	14	21	0	14	26	13	15	10	7	14	17	13	12	18	12	2	10	10	9	13	6	20	12	8	11	7	
0	13	14	11	13	16	15	15	0	25	15	18	4	16	13	15	11	23	19	10	17	9	25	16	14	9	19	11	7	14	10	
0	7	4	1	3	14	11	14	4	0	5	10	8	15	6	14	10	14	7	9	16	12	23	14	7	3	9	9	5	6	4	
0	14	15	12	5	17	16	16	1	21	0	19	5	17	14	14	12	23	20	11	18	10	25	15	15	10	20	12	8	15	11	
0	13	9	6	8	16	16	11	11	24	10	0	6	9	12	11	4	16	14	6	13	11	21	12	13	17	14	12	15	14	16	
0	9	10	7	9	12	11	23	12	25	11	19	0	14	13	23	19	20	15	18	25	5	26	16	14	21	15	20	16	15	17	
0	6	14	11	10	7	21	13	13	20	12	14	12	0	8	13	9	21	11	8	15	11	23	13	9	19	19	15	11	10	20	
0	12	11	8	10	13	16	10	8	12	7	6	12	11	0	10	6	18	16	5	12	14	20	11	1	15	16	7	3	2	16	
0	2	9	7	6	13	11	9	9	13	8	7	11	6	1	0	5	9	14	4	11	7	11	1	2	15	15	2	4	3	15	
0	11	5	2	4	12	12	18	7	20	6	16	11	5	10	14	0	12	10	13	20	16	25	15	11	16	10	8	13	12	12	
0	10	11	8	10	11	16	10	13	14	12	6	12	4	9	10	6	0	15	5	12	15	20	11	10	16	16	7	3	2	9	
0	10	8	8	10	12	12	11	13	22	12	15	1	12	10	9	7	18	0	6	13	6	16	10	11	17	15	10	6	12	18	
0	7	6	3	5	13	13	5	8	18	7	9	12	6	6	5	1	13	11	0	7	12	15	6	7	11	11	7	9	8	12	
0	3	13	10	12	12	20	18	12	24	11	13	16	5	13	18	12	10	16	13	0	8	8	10	11	15	18	17	13	12	16	
0	4	5	2	4	7	12	18	7	20	6	14	11	9	8	18	14	15	10	13	20	0	21	11	9	16	10	15	11	10	12	
0	14	15	12	8	17	19	19	4	24	3	22	8	12	17	17	15	25	9	14	21	10	0	18	18	13	20	15	11	18	14	
0	10	9	6	8	16	16	8	11	18	10	12	15	9	6	8	4	12	14	3	10	15	10	0	7	14	14	10	9	8	14	
0	17	21	18	11	23	22	12	7	27	6	25	11	19	20	20	18	24	26	17	14	16	22	21	0	16	26	18	14	21	17	
0	4	14	11	6	12	15	13	9	20	8	9	13	14	8	13	9	16	19	8	15	9	21	11	9	0	19	6	2	5	1	
0	13	12	9	8	5	17	11	9	13	8	7	13	9	1	11	7	5	17	6	13	15	21	12	2	16	0	8	4	3	14	
0	14	13	10	4	14	9	12	7	14	6	8	9	13	2	12	8	20	18	7	14	14	22	13	3	16	18	0	5	4	17	
0	18	17	14	8	10	13	16	11	18	10	12	13	17	6	16	12	24	20	11	18	18	26	17	7	20	22	4	0	8	21	
0	10	9	6	8	11	14	8	11	19	10	4	10	9	7	8	4	16	14	3	10	15	18	9	8	14	14	5	1	0	15	
0	3	13	10	5	11	14	12	8	19	7	8	12	13	7	12	8	16	18	7	14	8	20	10	8	17	18	5	1	4	0	
M4
0	0	0	0	0	0	0	0	0	0	0	0	0	0	0	0	0	0	0	0	0	0	0	0	0	0	0	0	0	0	0	
0	0	16	13	6	12	14	10	11	11	12	15	13	7	5	6	7	15	12	24	3	20	17	12	18	5	19	13	13	17	16	
0	22	0	16	3	19	17	16	18	14	19	18	11	13	20	21	14	22	19	17	18	13	25	19	21	12	18	22	20	23	19	
0	23	23	0	12	15	19	16	16	16	12	19	13	8	11	12	11	15	16	20	9	23	25	7	23	14	14	24	16	18	20	
0	28	34	26	0	24	22	13	26	24	27	23	28	14	25	26	14	30	19	32	30	29	22	19	31	29	26	30	25	24	25	
0	9	17	12	9	0	12	13	14	14	15	4	16	16	8	9	10	15	2	27	6	8	22	15	13	14	10	20	1	7	12	
0	15	25	6	18	13	0	13	9	12	10	1	11	13	17	18	17	13	15	26	15	7	12	13	19	12	12	8	14	20	12	
0	19	32	13	25	24	11	0	19	11	18	12	19	13	20	21	24	20	26	33	22	18	9	20	18	20	23	19	25	23	16	
0	11	16	5	17	17	6	4	0	3	1	7	2	4	12	13	16	4	11	22	14	13	13	9	10	3	16	13	10	14	8	
0	8	21	2	14	15	3	12	8	0	7	4	8	10	9	10	13	9	17	22	11	10	15	9	7	9	15	11	16	13	5	
0	12	15	6	18	16	7	8	4	4	0	8	1	3	13	14	17	3	10	21	15	14	15	8	11	2	15	12	9	13	9	
0	21	29	24	21	12	24	25	26	25	27	0	22	24	20	21	22	27	14	39	18	6	24	27	25	23	11	32	13	19	24	
0	11	24	5	17	16	6	15	11	3	10	7	0	2	12	13	16	12	9	21	14	13	14	8	10	1	15	11	17	12	8	
0	15	23	15	21	18	15	16	12	15	13	16	14	0	11	12	22	16	20	27	18	22	25	21	21	15	27	23	19	10	12	
0	14	12	8	15	7	9	10	6	6	7	10	8	10	0	1	17	10	9	19	13	15	19	15	13	9	17	17	8	14	11	
0	32	11	26	14	26	24	13	29	24	30	14	22	24	31	0	25	31	28	28	29	20	22	30	31	23	25	29	27	33	29	
0	14	20	14	20	13	8	21	17	18	18	9	15	6	15	12	0	21	5	18	17	15	20	5	24	16	12	16	14	16	15	
0	12	12	6	15	13	7	5	1	4	2	8	3	5	12	12	17	0	12	18	15	14	14	5	11	4	12	14	11	11	9	
0	9	15	16	15	16	23	19	20	20	21	20	22	16	14	15	16	21	0	28	12	24	26	15	19	14	16	22	17	18	10	
0	13	28	15	19	14	16	16	21	13	20	3	10	12	18	17	20	22	16	0	16	9	24	18	20	11	14	21	15	21	18	
0	16	14	10	3	9	11	7	8	8	9	12	10	10	2	3	4	12	9	21	0	17	16	9	15	11	16	19	10	15	13	
0	15	23	18	15	6	18	19	20	19	21	10	16	18	14	15	16	21	8	33	12	0	18	21	19	17	5	26	7	13	18	
0	17	27	8	20	15	2	15	11	14	12	3	13	4	15	16	19	15	17	28	17	9	0	15	21	14	14	10	16	14	14	
0	16	18	16	17	8	16	17	13	16	14	12	15	1	12	7	18	17	10	13	14	16	20	0	21	16	7	24	9	11	13	
0	9	14	8	8	8	9	7	3	6	4	10	5	7	2	3	16	2	10	20	12	16	16	7	0	6	14	16	9	13	6	
0	17	23	17	23	15	16	17	13	16	14	17	15	2	13	14	22	12	8	20	20	15	14	7	16	0	14	10	16	12	14	
0	10	18	13	10	1	13	14	15	15	16	5	17	17	9	10	11	16	3	28	7	9	13	16	14	15	0	21	2	8	13	
0	7	23	10	13	17	6	17	15	17	13	7	14	8	12	13	12	15	17	30	10	11	4	17	13	12	16	0	18	12	4	
0	8	24	17	14	10	11	18	15	18	16	12	17	15	13	14	15	14	12	32	11	7	22	19	12	13	9	19	0	17	18	
0	5	13	5	11	8	5	11	7	7	8	6	9	11	1	2	12	11	10	20	8	12	17	12	14	10	17	13	9	0	12	
0	3	19	6	9	15	13	13	12	14	13	14	14	10	8	9	10	11	15	26	6	20	20	13	9	8	20	16	16	8	0	
M5
0	0	0	0	0	0	0	0	0	0	0	0	0	0	0	0	0	0	0	0	0	0	0	0	0	0	0	0	0	0	0	
0	0	24	16	25	23	26	11	18	24	24	26	23	25	25	17	24	19	15	28	12	24	24	14	29	25	14	23	22	13	19	
0	6	0	6	11	11	6	17	9	2	2	7	3	1	16	9	4	10	12	13	4	9	14	11	18	8	7	10	10	19	6	
0	26	23	0	18	27	26	24	21	23	25	14	23	24	13	16	24	17	20	27	15	23	23	19	29	29	23	33	27	26	18	
0	15	14	9	0	17	15	26	11	16	11	16	12	15	18	10	13	12	2	9	5	17	11	1	11	12	13	16	9	12	12	
0	14	19	14	14	0	21	25	3	10	21	11	18	20	10	17	12	4	16	16	15	16	17	15	25	11	10	17	13	26	14	
0	10	9	10	15	15	0	21	13	6	6	11	7	5	20	16	8	14	17	17	11	13	18	16	22	12	16	14	14	23	10	
0	12	14	11	14	19	15	0	13	16	13	16	12	15	20	12	13	14	4	17	7	18	13	3	18	14	3	18	11	2	14	
0	11	16	11	11	18	18	22	0	7	18	8	15	17	7	14	9	1	13	13	12	16	14	12	22	8	7	21	10	23	11	
0	20	17	4	10	21	20	28	11	0	19	6	17	18	17	10	18	9	11	19	5	17	20	11	16	19	14	25	19	21	12	
0	4	3	9	9	9	4	15	11	5	0	5	1	4	18	11	2	8	11	11	7	7	12	10	20	6	10	8	8	17	4	
0	16	13	13	4	17	16	27	15	13	15	0	13	14	22	6	14	3	6	13	9	13	15	5	15	16	9	20	13	16	8	
0	3	2	8	8	10	3	14	11	4	4	4	0	3	18	10	1	7	10	12	6	6	16	9	19	7	9	12	9	16	3	
0	5	4	5	10	10	5	16	8	1	1	6	2	0	15	11	3	9	12	12	6	8	13	11	17	7	11	9	9	18	5	
0	17	14	14	5	18	17	28	16	14	16	1	14	15	0	7	15	4	7	14	10	14	10	6	16	17	10	21	14	17	9	
0	10	7	11	12	11	10	21	14	7	9	11	7	8	21	0	8	14	14	12	11	7	21	13	23	14	14	17	16	23	2	
0	2	7	11	15	11	10	13	13	7	9	11	7	8	20	16	0	14	17	12	11	7	21	16	23	14	14	17	16	15	2	
0	15	27	23	20	20	24	26	23	25	25	16	25	24	30	22	26	0	22	23	19	16	31	21	31	18	6	28	20	25	24	
0	13	12	7	18	18	13	24	9	14	9	14	10	13	16	8	11	10	0	20	3	15	9	11	29	15	11	14	16	10	10	
0	27	21	27	30	32	27	38	30	23	23	28	24	22	37	27	25	31	28	0	25	30	31	27	39	29	28	27	26	32	27	
0	15	12	4	17	16	15	26	6	12	14	14	12	13	13	5	13	7	19	17	0	12	20	18	28	14	9	22	16	28	7	
0	13	12	13	14	4	13	24	7	9	9	10	10	8	14	16	11	8	16	20	13	0	15	15	25	15	14	12	17	26	13	
0	13	19	18	13	11	20	24	7	14	16	15	17	15	14	21	16	8	15	15	18	7	0	14	24	12	14	19	9	25	18	
0	14	13	8	12	16	14	25	10	15	10	15	11	14	17	9	12	11	1	14	4	16	10	0	23	11	12	15	8	11	11	
0	6	11	11	19	15	14	17	13	11	13	15	11	12	20	12	4	5	4	16	7	11	13	15	0	18	11	18	20	14	6	
0	10	9	14	6	10	10	21	13	11	11	11	7	10	20	16	8	14	8	5	11	13	15	7	17	0	16	19	2	18	10	
0	26	27	21	30	16	18	37	19	24	24	27	25	23	26	22	26	20	21	32	17	29	30	20	40	27	0	32	28	19	24	
0	14	13	5	14	15	15	25	3	10	15	11	13	14	10	6	12	4	16	16	1	11	4	15	25	11	10	0	13	26	8	
0	8	12	12	4	8	13	19	11	14	14	13	10	13	18	14	11	12	6	6	9	16	15	5	15	3	17	20	0	16	13	
0	10	12	9	13	17	13	21	11	14	11	14	10	13	18	10	11	12	2	15	5	16	11	1	24	12	1	16	9	0	12	
0	8	5	9	13	9	8	19	12	5	7	9	5	6	19	14	6	12	15	10	9	5	19	14	21	12	12	15	14	21	0	
M6
0	0	0	0	0	0	0	0	0	0	0	0	0	0	0	0	0	0	0	0	0	0	0	0	0	0	0	0	0	0	0	
0	0	10	13	20	20	14	18	11	13	6	20	27	21	19	17	18	18	28	21	15	27	22	19	20	24	22	39	24	20	22	
0	13	0	3	10	19	4	8	1	13	13	10	17	11	9	7	8	8	18	11	9	17	12	9	10	17	12	31	17	10	12	
0	10	11	0	7	16	1	5	10	18	14	7	14	8	6	10	14	5	15	8	6	14	9	10	7	16	9	28	14	11	9	
0	3	4	5	0	15	6	10	5	11	9	6	7	7	11	9	12	4	18	1	8	18	2	9	6	15	2	27	13	10	8	
0	7	8	3	4	0	4	8	9	15	11	4	11	5	3	7	11	2	16	5	9	17	6	7	4	8	6	19	11	8	6	
0	9	10	11	6	20	0	4	9	17	15	12	13	13	5	15	15	10	14	7	5	13	8	15	12	20	8	32	18	16	14	
0	5	6	7	2	17	8	0	7	13	11	8	9	9	13	11	11	6	20	3	1	9	4	11	8	17	4	29	15	12	10	
0	12	13	2	9	18	3	7	0	12	16	9	16	10	8	12	16	7	17	10	8	16	11	8	9	18	11	30	16	13	11	
0	20	21	16	17	26	17	21	22	0	24	17	18	18	22	20	24	15	29	18	19	16	13	20	17	26	19	36	24	21	19	
0	17	4	7	14	16	8	12	5	7	0	14	21	15	13	11	12	12	22	15	9	21	16	13	14	20	16	35	18	14	16	
0	12	13	2	9	18	3	7	12	20	13	0	16	10	8	12	16	7	17	10	8	16	11	3	9	18	11	30	16	13	11	
0	14	12	4	11	18	5	9	13	22	15	2	0	12	10	8	18	9	19	12	10	18	13	5	11	20	10	32	18	15	13	
0	12	15	11	12	8	12	16	16	18	11	12	16	0	11	9	11	10	16	10	7	21	14	15	12	8	14	27	6	8	6	
0	12	13	14	9	23	3	7	12	17	18	15	16	15	0	18	18	13	17	10	8	16	11	18	15	23	11	35	21	19	17	
0	22	23	16	19	24	13	17	22	27	27	23	26	16	10	0	27	21	27	20	18	26	21	26	15	14	21	43	22	24	22	
0	18	21	13	17	27	14	18	22	28	24	11	9	19	19	17	0	16	28	16	13	27	19	14	18	9	19	39	25	22	20	
0	5	6	1	2	11	2	6	7	13	9	2	9	3	7	5	9	0	14	3	7	15	4	5	2	11	4	23	9	6	4	
0	19	8	9	16	20	10	14	9	11	4	7	5	17	14	4	16	14	0	17	13	23	18	10	16	18	10	35	22	15	13	
0	2	12	15	22	22	16	20	13	15	8	22	20	23	20	19	20	20	30	0	17	29	24	21	22	26	24	28	26	22	24	
0	19	20	21	16	31	13	14	21	23	16	21	19	23	18	25	10	20	21	17	0	23	18	22	22	19	18	43	29	13	24	
0	15	11	14	15	11	15	19	12	21	14	15	19	3	14	5	13	13	19	13	10	0	17	18	2	11	9	20	9	11	9	
0	7	8	3	4	13	4	8	9	9	11	4	5	5	9	7	11	2	16	5	6	17	0	7	4	13	6	25	11	8	6	
0	16	14	17	23	26	17	21	15	17	10	24	29	25	14	21	20	22	31	16	10	30	25	0	24	29	25	44	28	23	26	
0	13	9	12	13	9	13	17	10	19	12	13	17	1	12	3	12	11	17	11	8	22	15	16	0	9	7	28	7	9	7	
0	9	12	8	8	18	9	13	13	19	15	9	15	10	14	12	14	7	21	7	4	22	10	12	9	0	10	30	16	13	11	
0	9	2	5	12	19	6	10	3	15	15	8	19	13	11	9	10	10	20	7	11	16	14	11	12	19	0	28	17	12	14	
0	16	17	11	13	22	7	11	16	20	13	9	15	19	4	14	13	16	10	14	12	20	15	12	18	11	15	0	25	10	8	
0	6	10	5	6	2	6	10	11	17	11	6	13	7	5	3	13	4	18	4	6	19	8	9	6	2	8	21	0	10	8	
0	11	7	10	17	19	11	15	8	10	3	14	12	12	16	12	3	15	8	18	12	24	19	9	17	12	18	38	18	0	18	
0	13	9	12	19	21	13	17	10	12	5	16	14	13	18	10	5	17	10	20	14	26	21	11	19	14	20	40	19	2	0	
M7
0	0	0	0	0	0	0	0	0	0	0	0	0	0	0	0	0	0	0	0	0	0	0	0	0	0	0	0	0	0	0	
0	0	7	15	9	8	16	14	13	17	17	4	12	16	17	13	10	7	19	9	16	11	13	16	16	6	12	3	5	10	12	
0	35	0	37	33	32	38	33	37	35	32	28	36	40	35	37	22	31	14	44	34	24	48	33	34	30	36	27	29	34	35	
0	10	17	0	16	15	18	8	21	24	20	14	15	21	22	20	4	11	26	19	24	18	23	22	20	13	22	13	15	13	15	
0	12	15	13	0	16	14	17	11	8	25	12	10	7	12	4	13	5	17	21	14	8	25	17	14	14	10	11	3	14	16	
0	14	16	16	15	0	26	12	23	23	20	16	21	22	21	19	20	9	16	15	13	3	19	12	16	17	22	15	15	21	23	
0	10	5	9	7	6	0	8	11	15	15	2	10	10	13	11	8	5	17	19	14	9	23	13	14	4	4	1	3	4	6	
0	2	9	4	8	7	18	0	15	16	12	6	14	15	18	12	8	3	21	11	18	10	15	18	12	5	14	5	7	9	11	
0	13	8	12	7	9	3	11	0	7	18	5	13	6	4	3	11	8	13	22	3	11	22	16	6	7	7	4	6	7	9	
0	12	12	11	14	8	21	10	18	0	21	9	17	19	15	18	15	12	17	18	14	4	22	13	17	11	17	8	10	6	8	
0	16	16	17	13	3	15	15	12	19	0	13	8	17	16	15	19	6	12	18	15	6	22	15	15	15	11	12	4	15	17	
0	13	13	17	15	14	12	20	9	16	20	0	8	14	13	12	16	3	22	22	12	17	26	22	12	12	8	9	1	16	18	
0	19	14	9	13	15	9	17	6	13	24	11	0	12	10	9	13	14	19	14	9	17	18	22	12	13	13	10	12	13	15	
0	13	16	14	1	17	15	18	12	9	26	13	11	0	13	5	14	6	18	22	15	9	26	18	15	15	11	12	4	15	17	
0	18	5	8	17	16	24	16	21	25	25	12	20	24	0	21	12	15	19	27	24	19	20	24	24	14	20	11	13	18	20	
0	16	16	9	4	12	17	14	15	4	25	13	14	3	16	0	13	9	13	22	18	8	26	17	18	15	14	12	7	10	12	
0	26	23	20	14	24	28	28	25	22	30	20	24	21	26	18	0	19	28	24	28	22	28	24	21	22	24	19	17	26	17	
0	19	10	18	12	11	19	17	16	16	20	7	15	15	20	12	13	0	23	26	19	14	25	19	9	9	15	6	8	13	15	
0	29	27	28	22	25	24	27	33	27	32	26	32	26	34	23	8	27	0	32	36	28	36	32	20	23	28	25	25	27	25	
0	19	20	15	19	5	15	17	12	19	21	7	6	18	16	15	18	10	10	0	15	8	4	11	18	19	15	16	8	19	21	
0	22	10	15	10	18	16	20	21	10	15	16	20	9	22	6	10	15	10	28	0	14	19	23	3	18	16	15	13	16	18	
0	11	18	13	12	16	26	9	23	20	17	15	22	19	24	16	17	12	13	20	10	0	24	9	13	14	22	14	15	18	20	
0	15	16	11	15	1	11	13	8	15	21	13	2	14	12	11	15	10	14	16	11	4	0	13	14	15	15	12	8	15	17	
0	13	16	7	15	18	18	11	15	22	23	6	14	14	19	18	11	9	4	22	14	21	26	0	17	16	14	15	7	20	22	
0	19	7	12	7	15	13	17	18	7	12	15	17	6	19	3	7	12	16	25	21	11	16	20	0	17	17	14	10	13	15	
0	10	10	9	3	2	17	8	14	11	20	7	13	10	13	7	11	8	17	17	15	5	21	13	17	0	13	6	6	4	6	
0	19	22	20	7	23	21	24	18	15	32	19	17	6	19	11	20	12	24	28	21	15	32	24	21	21	0	18	10	21	19	
0	13	4	12	6	5	13	11	10	14	14	1	9	13	14	10	7	4	17	20	13	8	24	13	13	3	9	0	2	7	9	
0	12	12	16	14	13	11	19	8	15	22	9	7	13	12	11	15	2	21	21	11	16	25	21	11	11	7	8	0	15	17	
0	6	6	5	8	7	15	4	12	16	16	3	11	15	9	12	9	6	13	15	15	10	19	9	15	5	11	2	4	0	2	
0	13	15	3	8	7	21	11	18	16	23	12	12	15	18	12	7	13	11	22	20	10	26	7	22	5	18	11	11	9	0	
Tamanho_Tarefas
0	9	23	17	12	10	27	8	2	20	8	9	2	7	17	6	22	23	14	23	12	27	13	13	19	15	12	9	9	10	3	
Data_Entrega
0	146	146	148	149	152	152	150	153	149	151	150	147	152	152	150	150	153	150	149	150	147	147	149	149	149	148	149	148	147	150	
Penalidade_Atraso
0	12	20	16	7	15	13	11	18	17	19	7	16	14	12	17	5	18	18	12	3	15	10	11	3	10	10	2	5	14	2	
Capacidade_Veiculo
79	43	78	60	28	52	58	81	42	67	54	
Custo_Fixo_Veiculo
790	430	780	600	280	520	580	810	420	670	540	
Coordenadas_Clientes
x	0	y	0
x	113	y	0
x	73	y	15
x	112	y	50
x	67	y	49
x	54	y	60
x	40	y	70
x	37	y	115
x	12	y	121
x	-11	y	110
x	-34	y	106
x	-41	y	71
x	-67	y	75
x	-83	y	60
x	-100	y	44
x	-109	y	23
x	-119	y	0
x	-115	y	-24
x	-103	y	-45
x	-73	y	-53
x	-56	y	-62
x	-58	y	-101
x	-29	y	-91
x	-7	y	-74
x	12	y	-115
x	31	y	-96
x	54	y	-93
x	63	y	-70
x	93	y	-68
x	81	y	-36
x	121	y	-25
Tempo_Viagem
0	113	74	122	83	80	80	120	121	110	111	81	100	102	109	111	119	117	112	90	83	116	95	74	115	100	107	94	115	88	123	
113	0	42	50	67	84	101	137	157	165	181	169	194	204	217	223	232	229	220	193	180	197	167	140	152	126	110	86	70	48	26	
74	42	0	52	34	48	64	105	122	126	140	127	152	162	175	182	192	191	185	161	150	174	146	119	143	118	109	85	85	51	62	
122	50	52	0	45	58	74	99	122	136	156	153	179	195	212	222	236	238	234	211	201	226	198	171	192	166	153	129	119	91	75	
83	67	34	45	0	17	34	72	90	98	115	110	136	150	167	177	192	196	194	173	165	195	169	143	172	149	142	119	119	85	91	
80	84	48	58	17	0	17	57	74	81	99	95	121	137	154	167	183	188	188	169	163	196	172	147	179	157	153	130	133	99	108	
80	101	64	74	34	17	0	45	58	64	82	81	107	123	142	156	173	181	183	167	163	196	175	151	187	166	163	141	147	113	124	
120	137	105	99	72	57	45	0	25	48	71	89	111	132	153	172	193	205	212	200	199	235	215	194	231	211	208	186	190	156	163	
121	157	122	122	90	74	58	25	0	25	48	72	91	112	135	155	177	192	201	193	195	232	215	195	236	217	218	197	205	171	181	
110	165	126	136	98	81	64	48	25	0	23	49	66	87	110	131	154	169	180	174	177	216	201	184	225	210	213	194	206	172	188	
111	181	140	156	115	99	82	71	48	23	0	35	45	66	89	111	135	153	166	163	168	207	197	182	225	211	217	200	215	182	202	
81	169	127	153	110	95	81	89	72	49	35	0	26	43	64	83	105	120	131	128	133	172	162	148	193	181	188	175	193	162	188	
100	194	152	179	136	121	107	111	91	66	45	26	0	21	44	66	90	110	125	128	137	176	170	160	205	197	207	194	214	185	212	
102	204	162	195	150	137	123	132	112	87	66	43	21	0	23	45	69	89	106	113	124	162	160	154	199	193	205	195	217	190	221	
109	217	175	212	167	154	142	153	135	110	89	64	44	23	0	22	47	69	89	100	114	150	152	150	194	191	206	198	223	197	231	
111	223	182	222	177	167	156	172	155	131	111	83	66	45	22	0	25	47	68	84	100	134	139	140	183	183	200	195	221	198	234	
119	232	192	236	192	183	173	193	177	154	135	105	90	69	47	25	0	24	47	70	88	117	127	134	174	177	196	194	222	203	241	
117	229	191	238	196	188	181	205	192	169	153	120	110	89	69	47	24	0	24	51	70	95	109	119	156	162	182	183	212	196	236	
112	220	185	234	194	188	183	212	201	180	166	131	125	106	89	68	47	24	0	31	49	71	87	99	134	142	162	167	197	184	224	
90	193	161	211	173	169	167	200	193	174	163	128	128	113	100	84	70	51	31	0	19	50	58	69	105	112	132	137	166	154	195	
83	180	150	201	165	163	163	199	195	177	168	133	137	124	114	100	88	70	49	19	0	39	39	50	86	93	113	119	149	139	180	
116	197	174	226	195	196	196	235	232	216	207	172	176	162	150	134	117	95	71	50	39	0	30	57	71	89	112	124	154	152	193	
95	167	146	198	169	172	175	215	215	201	197	162	170	160	152	139	127	109	87	58	39	30	0	27	47	60	83	94	124	122	163	
74	140	119	171	143	147	151	194	195	184	182	148	160	154	150	140	134	119	99	69	50	57	27	0	45	43	63	70	100	95	136	
115	152	143	192	172	179	187	231	236	225	225	193	205	199	194	183	174	156	134	105	86	71	47	45	0	26	47	67	93	104	140	
100	126	118	166	149	157	166	211	217	210	211	181	197	193	191	183	177	162	142	112	93	89	60	43	26	0	23	41	68	78	114	
107	110	109	153	142	153	163	208	218	213	217	188	207	205	206	200	196	182	162	132	113	112	83	63	47	23	0	24	46	62	95	
94	86	85	129	119	130	141	186	197	194	200	175	194	195	198	195	194	183	167	137	119	124	94	70	67	41	24	0	30	38	73	
115	70	85	119	119	133	147	190	205	206	215	193	214	217	223	221	222	212	197	166	149	154	124	100	93	68	46	30	0	34	51	
88	48	51	91	85	99	113	156	171	172	182	162	185	190	197	198	203	196	184	154	139	152	122	95	104	78	62	38	34	0	41	
123	26	62	75	91	108	124	163	181	188	202	188	212	221	231	234	241	236	224	195	180	193	163	136	140	114	95	73	51	41	0	
Custo_Viagem
V0
0	1785	1169	1927	1311	1264	1264	1896	1911	1738	1753	1279	1580	1611	1722	1753	1880	1848	1769	1422	1311	1832	1501	1169	1817	1580	1690	1485	1817	1390	1943	
1785	0	663	790	1058	1327	1595	2164	2480	2607	2859	2670	3081	3223	3428	3523	3665	3618	3476	3049	2844	3128	2654	2212	2417	1990	1738	1358	1106	758	410	
1169	663	0	821	537	758	1011	1674	1927	1990	2212	2006	2401	2559	2765	2875	3033	3033	2923	2543	2370	2749	2322	1880	2259	1864	1722	1343	1343	805	979	
1927	790	821	0	711	916	1169	1564	1927	2148	2464	2433	2844	3081	3349	3507	3728	3760	3713	3333	3175	3586	3144	2701	3033	2622	2433	2038	1880	1437	1185	
1311	1058	537	711	0	268	537	1137	1422	1564	1817	1738	2148	2370	2638	2796	3033	3096	3065	2733	2607	3081	2670	2259	2717	2354	2243	1880	1880	1358	1437	
1264	1327	758	916	268	0	268	900	1169	1295	1564	1501	1911	2164	2433	2638	2891	2970	2970	2670	2591	3096	2717	2322	2828	2480	2417	2054	2101	1564	1706	
1264	1595	1011	1169	537	268	0	711	916	1011	1295	1279	1690	1943	2243	2464	2733	2859	2891	2638	2575	3112	2765	2385	2954	2622	2575	2227	2322	1785	1959	
1896	2164	1674	1564	1137	900	711	0	395	758	1121	1406	1753	2085	2433	2717	3049	3239	3349	3160	3144	3713	3412	3065	3649	3333	3286	2938	3017	2480	2575	
1911	2480	1927	1927	1422	1169	916	395	0	395	758	1137	1437	1769	2133	2449	2812	3033	3175	3049	3081	3665	3397	3081	3728	3428	3444	3112	3239	2701	2875	
1738	2607	1990	2148	1564	1295	1011	758	395	0	363	774	1042	1374	1738	2069	2433	2670	2844	2749	2796	3412	3175	2907	3570	3318	3365	3065	3254	2717	2970	
1753	2859	2212	2464	1817	1564	1295	1121	758	363	0	553	711	1058	1422	1753	2133	2417	2622	2575	2670	3286	3112	2875	3555	3349	3428	3160	3397	2875	3191	
1279	2670	2006	2433	1738	1501	1279	1406	1137	774	553	0	410	679	1011	1311	1659	1896	2069	2022	2101	2717	2559	2338	3049	2859	2986	2765	3049	2559	2970	
1580	3081	2401	2844	2148	1911	1690	1753	1437	1042	711	410	0	331	711	1042	1437	1738	1975	2022	2164	2780	2686	2528	3239	3112	3270	3065	3381	2923	3349	
1611	3223	2559	3081	2370	2164	1943	2085	1769	1374	1058	679	331	0	363	711	1090	1406	1674	1785	1959	2559	2528	2433	3144	3049	3239	3081	3428	3002	3491	
1722	3428	2765	3349	2638	2433	2243	2433	2133	1738	1422	1011	711	363	0	347	742	1090	1406	1580	1801	2370	2401	2370	3065	3017	3254	3128	3523	3112	3649	
1753	3523	2875	3507	2796	2638	2464	2717	2449	2069	1753	1311	1042	711	347	0	395	742	1074	1327	1580	2117	2196	2212	2891	2891	3160	3081	3491	3128	3697	
1880	3665	3033	3728	3033	2891	2733	3049	2812	2433	2133	1659	1437	1090	742	395	0	379	742	1106	1390	1848	2006	2117	2749	2812	3096	3065	3507	3207	3807	
1848	3618	3033	3760	3096	2970	2859	3239	3033	2670	2417	1896	1738	1406	1090	742	379	0	379	805	1106	1501	1722	1880	2464	2559	2875	2891	3349	3096	3728	
1769	3476	2923	3713	3065	2970	2891	3349	3175	2844	2622	2069	1975	1674	1406	1074	742	379	0	489	774	1121	1374	1580	2117	2259	2591	2638	3112	2907	3539	
1422	3049	2543	3333	2733	2670	2638	3160	3049	2749	2575	2022	2022	1785	1580	1327	1106	805	489	0	300	790	916	1090	1659	1769	2101	2164	2622	2433	3096	
1311	2844	2370	3175	2607	2591	2575	3144	3081	2796	2670	2101	2164	1959	1801	1580	1390	1106	774	300	0	616	616	790	1358	1469	1801	1880	2354	2196	2844	
1832	3128	2749	3586	3081	3096	3112	3713	3665	3412	3286	2717	2780	2559	2370	2117	1848	1501	1121	790	616	0	474	900	1121	1406	1769	1959	2433	2417	3065	
1501	2654	2322	3144	2670	2717	2765	3412	3397	3175	3112	2559	2686	2528	2401	2196	2006	1722	1374	916	616	474	0	426	742	948	1311	1485	1959	1927	2575	
1169	2212	1880	2701	2259	2322	2385	3065	3081	2907	2875	2338	2528	2433	2370	2212	2117	1880	1580	1090	790	900	426	0	711	679	995	1106	1580	1501	2164	
1817	2417	2259	3033	2717	2828	2954	3649	3728	3570	3555	3049	3239	3144	3065	2891	2749	2464	2117	1659	1358	1121	742	711	0	410	742	1074	1469	1643	2227	
1580	1990	1864	2622	2354	2480	2622	3333	3428	3318	3349	2859	3112	3049	3017	2891	2812	2559	2259	1769	1469	1406	948	679	410	0	363	647	1074	1232	1801	
1690	1738	1722	2433	2243	2417	2575	3286	3444	3365	3428	2986	3270	3239	3254	3160	3096	2875	2591	2101	1801	1769	1311	995	742	363	0	379	726	995	1501	
1485	1358	1343	2038	1880	2054	2227	2938	3112	3065	3160	2765	3065	3081	3128	3081	3065	2891	2638	2164	1880	1959	1485	1106	1074	647	379	0	474	600	1153	
1817	1106	1343	1880	1880	2101	2322	3017	3239	3254	3397	3049	3381	3428	3523	3491	3507	3349	3112	2622	2354	2433	1959	1580	1469	1074	726	474	0	537	805	
1390	758	805	1437	1358	1564	1785	2480	2701	2717	2875	2559	2923	3002	3112	3128	3207	3096	2907	2433	2196	2417	1927	1501	1643	1232	995	600	537	0	647	
1943	410	979	1185	1437	1706	1959	2575	2875	2970	3191	2970	3349	3491	3649	3697	3807	3728	3539	3096	2844	3065	2575	2164	2227	1801	1501	1153	805	647	0	
V1
0	971	636	1049	713	688	688	1032	1040	946	954	696	860	877	937	954	1023	1006	963	774	713	997	817	636	989	860	920	808	989	756	1057	
971	0	361	430	576	722	868	1178	1350	1419	1556	1453	1677	1754	1866	1917	1995	1969	1892	1659	1548	1702	1444	1204	1315	1083	946	739	602	412	223	
636	361	0	447	292	412	550	911	1049	1083	1204	1092	1307	1393	1505	1565	1651	1651	1591	1384	1290	1496	1264	1023	1229	1014	937	731	731	438	533	
1049	430	447	0	387	498	636	851	1049	1169	1341	1324	1548	1677	1823	1909	2029	2046	2021	1814	1728	1952	1711	1470	1651	1427	1324	1109	1023	782	645	
713	576	292	387	0	146	292	619	774	851	989	946	1169	1290	1436	1522	1651	1685	1668	1487	1419	1677	1453	1229	1479	1281	1221	1023	1023	739	782	
688	722	412	498	146	0	146	490	636	705	851	817	1040	1178	1324	1436	1573	1616	1616	1453	1410	1685	1479	1264	1539	1350	1315	1118	1143	851	928	
688	868	550	636	292	146	0	387	498	550	705	696	920	1057	1221	1341	1487	1556	1573	1436	1401	1694	1505	1298	1608	1427	1401	1212	1264	971	1066	
1032	1178	911	851	619	490	387	0	215	412	610	765	954	1135	1324	1479	1659	1763	1823	1720	1711	2021	1857	1668	1986	1814	1788	1599	1642	1350	1401	
1040	1350	1049	1049	774	636	498	215	0	215	412	619	782	963	1161	1333	1530	1651	1728	1659	1677	1995	1849	1677	2029	1866	1874	1694	1763	1470	1565	
946	1419	1083	1169	851	705	550	412	215	0	197	421	567	748	946	1126	1324	1453	1548	1496	1522	1857	1728	1582	1943	1806	1831	1668	1771	1479	1616	
954	1556	1204	1341	989	851	705	610	412	197	0	301	387	576	774	954	1161	1315	1427	1401	1453	1788	1694	1565	1935	1823	1866	1720	1849	1565	1737	
696	1453	1092	1324	946	817	696	765	619	421	301	0	223	369	550	713	903	1032	1126	1100	1143	1479	1393	1272	1659	1556	1625	1505	1659	1393	1616	
860	1677	1307	1548	1169	1040	920	954	782	567	387	223	0	180	387	567	782	946	1075	1100	1178	1513	1462	1376	1763	1694	1780	1668	1840	1591	1823	
877	1754	1393	1677	1290	1178	1057	1135	963	748	576	369	180	0	197	387	593	765	911	971	1066	1393	1376	1324	1711	1659	1763	1677	1866	1634	1900	
937	1866	1505	1823	1436	1324	1221	1324	1161	946	774	550	387	197	0	189	404	593	765	860	980	1290	1307	1290	1668	1642	1771	1702	1917	1694	1986	
954	1917	1565	1909	1522	1436	1341	1479	1333	1126	954	713	567	387	189	0	215	404	584	722	860	1152	1195	1204	1573	1573	1720	1677	1900	1702	2012	
1023	1995	1651	2029	1651	1573	1487	1659	1530	1324	1161	903	782	593	404	215	0	206	404	602	756	1006	1092	1152	1496	1530	1685	1668	1909	1745	2072	
1006	1969	1651	2046	1685	1616	1556	1763	1651	1453	1315	1032	946	765	593	404	206	0	206	438	602	817	937	1023	1341	1393	1565	1573	1823	1685	2029	
963	1892	1591	2021	1668	1616	1573	1823	1728	1548	1427	1126	1075	911	765	584	404	206	0	266	421	610	748	860	1152	1229	1410	1436	1694	1582	1926	
774	1659	1384	1814	1487	1453	1436	1720	1659	1496	1401	1100	1100	971	860	722	602	438	266	0	163	430	498	593	903	963	1143	1178	1427	1324	1685	
713	1548	1290	1728	1419	1410	1401	1711	1677	1522	1453	1143	1178	1066	980	860	756	602	421	163	0	335	335	430	739	799	980	1023	1281	1195	1548	
997	1702	1496	1952	1677	1685	1694	2021	1995	1857	1788	1479	1513	1393	1290	1152	1006	817	610	430	335	0	258	490	610	765	963	1066	1324	1315	1668	
817	1444	1264	1711	1453	1479	1505	1857	1849	1728	1694	1393	1462	1376	1307	1195	1092	937	748	498	335	258	0	232	404	516	713	808	1066	1049	1401	
636	1204	1023	1470	1229	1264	1298	1668	1677	1582	1565	1272	1376	1324	1290	1204	1152	1023	860	593	430	490	232	0	387	369	541	602	860	817	1178	
989	1315	1229	1651	1479	1539	1608	1986	2029	1943	1935	1659	1763	1711	1668	1573	1496	1341	1152	903	739	610	404	387	0	223	404	584	799	894	1212	
860	1083	1014	1427	1281	1350	1427	1814	1866	1806	1823	1556	1694	1659	1642	1573	1530	1393	1229	963	799	765	516	369	223	0	197	352	584	670	980	
920	946	937	1324	1221	1315	1401	1788	1874	1831	1866	1625	1780	1763	1771	1720	1685	1565	1410	1143	980	963	713	541	404	197	0	206	395	541	817	
808	739	731	1109	1023	1118	1212	1599	1694	1668	1720	1505	1668	1677	1702	1677	1668	1573	1436	1178	1023	1066	808	602	584	352	206	0	258	326	627	
989	602	731	1023	1023	1143	1264	1642	1763	1771	1849	1659	1840	1866	1917	1900	1909	1823	1694	1427	1281	1324	1066	860	799	584	395	258	0	292	438	
756	412	438	782	739	851	971	1350	1470	1479	1565	1393	1591	1634	1694	1702	1745	1685	1582	1324	1195	1315	1049	817	894	670	541	326	292	0	352	
1057	223	533	645	782	928	1066	1401	1565	1616	1737	1616	1823	1900	1986	2012	2072	2029	1926	1685	1548	1668	1401	1178	1212	980	817	627	438	352	0	
V2
0	1762	1154	1903	1294	1248	1248	1872	1887	1716	1731	1263	1560	1591	1700	1731	1856	1825	1747	1404	1294	1809	1482	1154	1794	1560	1669	1466	1794	1372	1918	
1762	0	655	780	1045	1310	1575	2137	2449	2574	2823	2636	3042	3182	3385	3478	3619	3572	3432	3010	2808	3088	2620	2184	2386	1965	1716	1341	1092	748	405	
1154	655	0	811	530	748	998	1653	1903	1965	2184	1981	2371	2527	2730	2839	2995	2995	2886	2511	2340	2714	2293	1856	2230	1840	1700	1326	1326	795	967	
1903	780	811	0	702	904	1154	1544	1903	2121	2433	2402	2808	3042	3307	3463	3681	3712	3666	3291	3135	3541	3104	2667	2995	2589	2402	2012	1856	1419	1170	
1294	1045	530	702	0	265	530	1123	1404	1544	1794	1716	2121	2340	2605	2761	2995	3057	3026	2698	2574	3042	2636	2230	2683	2324	2215	1856	1856	1341	1419	
1248	1310	748	904	265	0	265	889	1154	1279	1544	1482	1887	2137	2402	2605	2854	2932	2932	2636	2558	3057	2683	2293	2792	2449	2386	2028	2074	1544	1684	
1248	1575	998	1154	530	265	0	702	904	998	1279	1263	1669	1918	2215	2433	2698	2823	2854	2605	2542	3073	2730	2355	2917	2589	2542	2199	2293	1762	1934	
1872	2137	1653	1544	1123	889	702	0	390	748	1107	1388	1731	2059	2402	2683	3010	3198	3307	3120	3104	3666	3369	3026	3603	3291	3244	2901	2979	2449	2542	
1887	2449	1903	1903	1404	1154	904	390	0	390	748	1123	1419	1747	2106	2418	2776	2995	3135	3010	3042	3619	3354	3042	3681	3385	3400	3073	3198	2667	2839	
1716	2574	1965	2121	1544	1279	998	748	390	0	358	764	1029	1357	1716	2043	2402	2636	2808	2714	2761	3369	3135	2870	3525	3276	3322	3026	3213	2683	2932	
1731	2823	2184	2433	1794	1544	1279	1107	748	358	0	546	702	1045	1404	1731	2106	2386	2589	2542	2636	3244	3073	2839	3510	3307	3385	3120	3354	2839	3151	
1263	2636	1981	2402	1716	1482	1263	1388	1123	764	546	0	405	670	998	1294	1638	1872	2043	1996	2074	2683	2527	2308	3010	2823	2948	2730	3010	2527	2932	
1560	3042	2371	2808	2121	1887	1669	1731	1419	1029	702	405	0	327	702	1029	1419	1716	1950	1996	2137	2745	2652	2496	3198	3073	3229	3026	3338	2886	3307	
1591	3182	2527	3042	2340	2137	1918	2059	1747	1357	1045	670	327	0	358	702	1076	1388	1653	1762	1934	2527	2496	2402	3104	3010	3198	3042	3385	2964	3447	
1700	3385	2730	3307	2605	2402	2215	2402	2106	1716	1404	998	702	358	0	343	733	1076	1388	1560	1778	2340	2371	2340	3026	2979	3213	3088	3478	3073	3603	
1731	3478	2839	3463	2761	2605	2433	2683	2418	2043	1731	1294	1029	702	343	0	390	733	1060	1310	1560	2090	2168	2184	2854	2854	3120	3042	3447	3088	3650	
1856	3619	2995	3681	2995	2854	2698	3010	2776	2402	2106	1638	1419	1076	733	390	0	374	733	1092	1372	1825	1981	2090	2714	2776	3057	3026	3463	3166	3759	
1825	3572	2995	3712	3057	2932	2823	3198	2995	2636	2386	1872	1716	1388	1076	733	374	0	374	795	1092	1482	1700	1856	2433	2527	2839	2854	3307	3057	3681	
1747	3432	2886	3666	3026	2932	2854	3307	3135	2808	2589	2043	1950	1653	1388	1060	733	374	0	483	764	1107	1357	1560	2090	2230	2558	2605	3073	2870	3494	
1404	3010	2511	3291	2698	2636	2605	3120	3010	2714	2542	1996	1996	1762	1560	1310	1092	795	483	0	296	780	904	1076	1638	1747	2074	2137	2589	2402	3057	
1294	2808	2340	3135	2574	2558	2542	3104	3042	2761	2636	2074	2137	1934	1778	1560	1372	1092	764	296	0	608	608	780	1341	1450	1778	1856	2324	2168	2808	
1809	3088	2714	3541	3042	3057	3073	3666	3619	3369	3244	2683	2745	2527	2340	2090	1825	1482	1107	780	608	0	468	889	1107	1388	1747	1934	2402	2386	3026	
1482	2620	2293	3104	2636	2683	2730	3369	3354	3135	3073	2527	2652	2496	2371	2168	1981	1700	1357	904	608	468	0	421	733	936	1294	1466	1934	1903	2542	
1154	2184	1856	2667	2230	2293	2355	3026	3042	2870	2839	2308	2496	2402	2340	2184	2090	1856	1560	1076	780	889	421	0	702	670	982	1092	1560	1482	2137	
1794	2386	2230	2995	2683	2792	2917	3603	3681	3525	3510	3010	3198	3104	3026	2854	2714	2433	2090	1638	1341	1107	733	702	0	405	733	1060	1450	1622	2199	
1560	1965	1840	2589	2324	2449	2589	3291	3385	3276	3307	2823	3073	3010	2979	2854	2776	2527	2230	1747	1450	1388	936	670	405	0	358	639	1060	1216	1778	
1669	1716	1700	2402	2215	2386	2542	3244	3400	3322	3385	2948	3229	3198	3213	3120	3057	2839	2558	2074	1778	1747	1294	982	733	358	0	374	717	982	1482	
1466	1341	1326	2012	1856	2028	2199	2901	3073	3026	3120	2730	3026	3042	3088	3042	3026	2854	2605	2137	1856	1934	1466	1092	1060	639	374	0	468	592	1138	
