M: 4
N: 50
Nun_Veiculos: 16
Capacidade_Total: 1373
Demanda_Total: 897
Setup_Min: 1
Setup_Max: 9
Raio: 100
Circulos: 1
Tempo_Processamento_Min: 1
Tempo_Processamento_Max: 49
Demanda_Min: 10
Demanda_Max: 30
Priority_Factor: 0.2
Range_Factor_R: 0.8
U_factor: 2
ALpha: 0.2Replicao: 2
Tempos_Processamentos
0	0	1	0	2	0	3	0	
0	31	1	46	2	3	3	17	
0	2	1	49	2	42	3	27	
0	6	1	15	2	21	3	43	
0	3	1	9	2	37	3	47	
0	39	1	19	2	12	3	29	
0	25	1	11	2	8	3	3	
0	27	1	18	2	39	3	45	
0	26	1	21	2	15	3	42	
0	1	1	6	2	13	3	13	
0	46	1	16	2	32	3	49	
0	22	1	40	2	33	3	24	
0	49	1	32	2	17	3	37	
0	17	1	21	2	36	3	44	
0	22	1	34	2	12	3	36	
0	41	1	24	2	43	3	13	
0	49	1	24	2	14	3	39	
0	44	1	21	2	2	3	7	
0	49	1	3	2	31	3	37	
0	20	1	41	2	32	3	45	
0	35	1	14	2	41	3	4	
0	31	1	45	2	32	3	24	
0	41	1	17	2	37	3	40	
0	13	1	48	2	17	3	35	
0	40	1	40	2	33	3	22	
0	49	1	16	2	32	3	7	
0	30	1	24	2	20	3	15	
0	41	1	23	2	16	3	33	
0	13	1	23	2	4	3	32	
0	20	1	44	2	40	3	26	
0	46	1	41	2	19	3	17	
0	27	1	46	2	49	3	17	
0	45	1	33	2	42	3	3	
0	49	1	18	2	28	3	2	
0	3	1	13	2	21	3	17	
0	8	1	48	2	17	3	13	
0	30	1	25	2	39	3	37	
0	2	1	6	2	45	3	23	
0	23	1	49	2	9	3	3	
0	3	1	48	2	14	3	37	
0	46	1	41	2	11	3	19	
0	6	1	49	2	16	3	15	
0	29	1	12	2	19	3	40	
0	11	1	38	2	5	3	9	
0	36	1	24	2	6	3	19	
0	9	1	26	2	11	3	14	
0	14	1	46	2	23	3	29	
0	39	1	41	2	40	3	40	
0	29	1	22	2	3	3	19	
0	45	1	24	2	17	3	39	
0	15	1	11	2	4	3	11	

Tempos_setup
M0
0	0	0	0	0	0	0	0	0	0	0	0	0	0	0	0	0	0	0	0	0	0	0	0	0	0	0	0	0	0	0	0	0	0	0	0	0	0	0	0	0	0	0	0	0	0	0	0	0	0	0	
0	0	3	2	2	2	2	2	2	1	3	3	3	2	3	2	2	3	2	2	1	1	2	3	2	1	2	3	3	3	2	2	2	2	3	2	2	2	3	2	2	1	3	2	2	1	4	3	1	3	3	
0	3	0	2	1	2	3	3	2	1	2	3	1	2	2	3	2	2	3	2	2	3	1	2	2	2	1	2	3	2	2	2	2	2	3	2	2	3	3	3	3	2	2	3	2	3	3	2	2	2	1	
0	3	1	0	2	3	2	3	3	2	1	2	2	3	2	4	2	3	3	2	3	3	2	3	3	2	1	1	2	2	1	3	2	2	2	3	3	3	3	3	3	2	2	3	2	2	2	2	2	3	2	
0	3	3	2	0	3	3	2	2	4	3	2	3	2	1	3	3	3	2	2	3	2	2	2	3	3	3	1	3	3	3	3	3	1	2	3	3	3	2	3	3	2	2	2	3	3	4	3	3	1	3	
0	2	1	2	2	0	2	1	2	2	2	2	2	2	2	1	2	1	1	2	1	3	2	1	2	2	1	1	2	3	3	3	2	1	2	2	2	3	3	2	3	2	3	1	2	3	3	2	3	2	2	
0	2	3	3	2	2	0	1	2	3	2	2	2	2	2	2	2	2	2	3	1	3	2	3	1	2	2	2	2	3	3	1	3	2	2	2	3	2	1	2	1	3	3	3	2	3	3	3	3	3	2	
0	2	2	3	3	2	2	0	2	3	3	3	3	2	2	3	3	2	2	2	2	3	3	3	2	3	2	2	1	3	2	3	3	1	2	3	3	2	3	1	3	2	2	3	3	2	2	3	2	2	1	
0	2	3	4	2	3	3	2	0	3	3	3	2	3	3	1	2	3	2	3	3	2	3	3	3	2	3	2	2	3	3	2	3	3	2	2	3	3	3	3	1	3	3	3	3	3	3	2	3	1	2	
0	3	3	3	1	3	3	3	3	0	2	3	2	1	2	2	2	3	3	1	3	2	3	3	3	3	2	2	4	3	1	3	2	2	2	1	2	3	3	3	2	3	2	2	2	2	3	2	2	2	3	
0	2	3	2	2	3	1	2	2	3	0	3	3	3	3	3	3	3	2	1	2	3	2	2	2	3	2	2	3	2	1	2	1	3	1	2	2	2	2	3	2	1	2	2	2	2	1	2	2	2	3	
0	2	2	2	2	2	1	2	2	2	2	0	2	3	2	3	3	1	3	2	2	3	2	2	1	3	3	2	3	3	2	2	3	2	2	2	1	2	2	2	2	3	2	3	3	3	2	3	3	3	1	
0	2	1	2	2	3	3	2	3	2	3	2	0	2	3	3	1	2	3	2	3	3	2	3	2	3	2	3	2	1	2	1	2	3	3	3	3	3	4	3	3	1	3	3	3	2	2	3	3	3	2	
0	3	2	3	2	2	2	2	2	3	1	3	1	0	3	3	1	2	3	1	3	1	2	2	2	3	2	2	3	2	2	2	2	3	1	2	2	3	3	2	3	2	3	2	2	2	2	2	3	3	3	
0	2	2	1	2	2	3	3	3	3	2	2	2	1	0	2	2	3	2	1	2	2	2	1	2	2	2	1	3	3	2	3	3	2	2	2	3	2	1	3	3	3	1	3	2	3	3	3	3	2	3	
0	3	2	3	1	2	2	2	3	3	3	3	1	3	2	0	2	3	2	3	3	2	3	2	2	2	3	2	3	2	3	2	2	2	3	3	2	2	3	2	3	2	2	3	3	3	3	1	3	1	3	
0	2	3	2	3	2	3	1	3	3	2	2	2	3	3	3	0	1	3	3	3	3	3	2	2	3	3	3	2	3	3	3	2	2	3	2	3	3	4	2	3	1	3	2	3	2	3	4	3	3	2	
0	1	2	1	3	3	2	3	3	2	1	1	3	3	3	3	3	0	3	2	2	2	3	3	2	2	2	2	3	3	2	3	2	3	2	3	2	3	3	3	3	2	2	3	3	2	2	3	2	3	2	
0	2	3	2	2	3	3	2	2	3	2	2	3	2	1	3	3	1	0	1	2	2	2	2	1	3	2	2	3	3	2	2	1	3	3	2	2	2	2	3	3	3	2	3	3	3	3	3	3	1	3	
0	3	2	2	3	3	2	3	3	2	3	2	3	3	2	4	2	3	3	0	2	4	2	3	3	2	1	1	3	3	3	3	2	2	3	3	3	3	3	2	3	2	3	4	2	3	4	4	3	4	3	
0	3	2	3	2	1	1	1	3	2	2	3	3	2	3	2	3	2	2	3	0	2	2	2	1	3	2	2	2	3	3	2	3	2	3	1	2	2	2	2	2	3	2	2	3	3	3	3	3	2	2	
0	2	2	3	2	1	1	2	1	2	2	3	2	2	3	2	1	2	2	3	2	0	2	2	1	3	2	2	2	3	2	1	2	2	2	1	1	2	2	2	2	2	2	1	1	1	3	3	3	2	2	
0	3	2	1	3	2	2	3	2	3	1	3	2	3	3	3	2	3	3	2	2	3	0	3	3	3	2	2	3	3	2	3	2	3	2	3	3	2	3	3	2	2	1	3	2	3	2	3	1	2	3	
0	3	2	2	1	3	2	2	3	3	1	3	1	1	1	3	2	2	3	2	3	2	3	0	3	2	3	2	3	2	2	2	2	1	2	3	3	2	2	3	3	2	2	3	3	3	2	2	2	1	3	
0	2	2	2	1	2	2	2	3	2	1	2	2	3	2	3	3	1	3	2	1	2	1	2	0	3	3	1	3	2	2	3	2	2	2	1	2	1	2	2	2	2	2	2	3	3	2	3	2	2	2	
0	2	2	2	3	3	3	3	3	3	2	2	3	2	2	3	2	2	1	2	2	3	1	2	2	0	1	3	2	2	1	1	2	1	2	2	2	1	2	2	3	2	2	3	2	2	3	2	2	2	2	
0	2	3	2	3	2	3	2	2	3	2	3	3	2	1	3	1	2	2	2	2	3	1	2	2	1	0	2	3	2	2	2	1	2	3	2	2	2	2	2	2	1	2	3	1	2	3	3	2	3	3	
0	3	3	2	3	2	2	3	3	3	2	1	2	4	3	3	3	2	3	3	3	3	1	3	2	3	2	0	2	3	2	3	2	3	3	2	2	3	3	3	3	3	2	3	3	3	3	3	2	3	2	
0	1	2	2	2	3	3	2	3	2	2	3	3	3	2	3	2	2	1	2	2	2	2	2	1	2	1	2	0	2	2	2	2	2	3	2	2	1	2	2	3	1	3	2	2	1	1	3	2	1	2	
0	3	3	2	3	3	2	1	3	3	3	1	3	3	3	4	2	2	3	1	3	3	2	3	2	3	2	2	2	0	1	3	3	2	3	3	2	3	3	2	3	3	2	4	3	2	3	2	2	3	2	
0	3	3	2	2	2	2	2	2	4	3	4	2	2	3	3	2	3	3	2	3	3	3	3	2	3	2	3	3	3	0	3	3	2	3	3	2	2	3	2	2	3	1	3	3	1	3	1	1	2	3	
0	1	3	3	3	3	2	3	3	2	2	3	2	1	3	3	2	3	2	2	2	2	3	3	2	2	2	2	1	2	3	0	3	3	2	3	3	2	3	3	2	2	3	3	3	2	2	3	2	2	3	
0	1	2	1	3	3	3	3	1	2	2	3	2	2	2	2	2	2	1	2	2	2	3	3	2	2	2	2	2	3	2	1	0	3	3	3	1	3	3	2	2	2	2	3	3	2	3	3	2	2	2	
0	3	4	3	2	3	3	3	3	3	3	3	3	3	3	4	3	3	3	3	4	2	2	2	3	4	4	3	4	2	3	3	2	0	1	2	3	4	4	3	3	4	3	3	3	3	3	2	3	2	3	
0	2	3	2	1	2	3	2	2	2	2	2	2	2	2	3	3	2	2	2	3	2	1	1	2	3	3	2	3	1	2	2	1	2	0	1	2	3	3	3	2	3	2	2	3	3	3	1	2	2	2	
0	3	2	2	2	2	2	2	2	1	3	3	2	2	3	3	2	3	3	2	2	1	3	3	2	2	2	3	3	2	2	2	3	3	2	0	1	2	3	2	1	3	1	1	2	2	2	3	3	2	2	
0	3	1	3	2	2	3	3	2	2	3	3	1	2	2	3	2	2	3	2	2	3	2	2	3	2	2	3	3	2	1	2	3	3	2	2	0	3	2	1	1	2	2	3	3	2	3	2	2	3	1	
0	3	1	3	2	2	3	2	2	2	2	2	2	2	2	2	2	2	2	2	2	2	2	1	2	2	2	3	3	1	2	3	3	1	2	1	2	0	1	1	2	3	2	2	3	2	3	3	3	2	1	
0	3	3	2	2	2	2	2	3	3	2	1	2	2	1	1	3	2	1	2	1	2	2	2	1	1	2	2	3	3	2	2	2	2	3	2	2	2	0	3	3	3	2	3	2	3	3	2	3	2	2	
0	2	1	2	2	3	2	3	3	2	2	2	2	1	3	4	2	1	3	2	3	2	2	2	3	3	2	3	4	2	1	3	2	2	1	2	3	3	3	0	3	3	2	3	2	2	3	2	2	2	2	
0	2	2	3	2	2	3	2	1	2	3	3	1	2	2	2	1	2	2	2	2	2	2	2	3	1	2	3	2	2	2	1	2	2	1	1	2	2	2	2	0	2	2	2	3	3	3	2	3	2	1	
0	2	2	1	2	3	3	3	2	3	2	3	3	3	3	3	3	2	2	3	2	3	2	2	1	3	2	2	3	3	2	2	1	3	3	2	2	2	3	3	3	0	3	3	3	1	3	3	2	3	2	
0	2	2	1	3	1	2	2	3	3	2	3	1	2	3	2	2	2	2	1	2	2	2	2	3	3	2	2	3	2	2	2	3	2	3	2	3	1	2	2	3	2	0	2	3	3	2	3	3	1	2	
0	3	2	2	2	3	3	1	3	2	2	3	2	2	3	4	3	2	3	3	2	2	2	2	1	3	3	2	2	2	2	2	2	2	1	1	1	2	3	2	2	3	2	0	3	3	3	2	3	3	2	
0	2	2	2	3	1	3	2	2	2	3	2	2	3	2	2	2	2	2	3	2	2	2	2	2	2	1	2	3	3	3	2	1	2	2	1	2	3	1	2	1	2	2	2	0	3	3	3	3	3	2	
0	3	2	3	2	3	3	3	3	3	2	3	2	3	2	2	2	2	3	3	2	3	2	3	1	2	1	2	4	3	1	3	2	3	3	2	1	2	3	2	2	2	2	3	2	0	3	2	2	3	2	
0	2	2	3	2	3	3	2	3	3	2	3	2	3	2	3	3	2	3	3	2	3	2	2	1	3	3	2	2	2	2	3	3	2	2	2	1	1	2	2	2	3	3	1	4	3	0	3	2	3	2	
0	3	2	2	2	2	3	1	3	3	2	3	2	3	3	3	3	2	3	2	2	3	2	3	1	3	3	2	2	3	2	3	2	2	3	2	1	2	3	2	2	3	1	3	3	3	3	0	3	2	2	
0	3	3	3	3	3	4	2	1	3	3	3	2	3	3	2	1	2	3	2	3	3	3	3	3	2	3	3	2	3	2	2	3	2	2	2	3	3	3	3	1	2	3	3	4	3	3	3	0	2	2	
0	3	3	3	3	2	2	1	2	3	2	2	3	3	3	3	2	3	3	3	2	1	2	3	2	3	2	1	2	4	3	2	3	2	3	2	2	3	3	2	3	2	2	2	2	2	3	4	3	0	2	
0	2	2	2	3	1	2	2	1	3	2	2	2	2	1	2	2	1	2	1	1	3	3	2	2	3	2	2	3	3	3	3	3	2	3	2	3	2	2	3	2	3	1	2	3	3	3	3	3	2	0	
M1
0	0	0	0	0	0	0	0	0	0	0	0	0	0	0	0	0	0	0	0	0	0	0	0	0	0	0	0	0	0	0	0	0	0	0	0	0	0	0	0	0	0	0	0	0	0	0	0	0	0	0	
0	0	1	3	2	2	1	2	2	1	3	2	2	3	1	2	2	2	2	2	2	2	2	2	2	2	1	3	2	2	2	2	3	3	3	3	3	2	2	3	3	2	2	2	3	2	3	2	2	2	2	
0	3	0	2	1	2	3	1	2	2	3	2	3	2	2	4	2	3	2	2	1	3	2	1	3	2	2	2	1	2	2	2	2	2	2	2	2	2	3	2	3	2	2	1	2	2	2	3	1	3	2	
0	3	3	0	2	3	2	2	3	3	3	3	2	2	3	3	3	2	1	3	1	3	2	2	2	3	3	2	2	3	2	1	2	1	2	3	2	3	3	1	3	3	2	2	1	2	3	1	2	2	2	
0	2	3	2	0	3	3	2	1	1	3	3	2	2	2	4	2	3	2	1	3	2	3	3	2	2	2	2	3	2	2	2	2	2	3	3	3	2	3	1	2	3	1	2	2	1	2	3	2	3	2	
0	3	2	3	3	0	3	3	3	3	2	3	3	3	1	3	2	2	3	2	3	4	2	3	1	3	3	2	2	2	2	3	2	3	2	3	3	2	3	3	3	2	2	2	3	3	1	2	3	2	2	
0	2	2	3	2	2	0	2	2	3	2	2	1	2	3	1	2	2	1	2	1	2	2	3	2	2	2	3	1	2	2	2	3	2	2	2	2	2	2	2	2	3	2	3	3	1	2	3	1	3	1	
0	2	3	3	2	2	2	0	2	1	3	2	3	2	2	3	2	3	3	3	3	2	3	3	3	2	2	1	3	2	2	2	3	2	1	3	3	2	3	2	2	2	2	1	2	1	3	2	2	3	2	
0	2	3	1	2	2	2	2	0	2	2	3	2	2	2	3	2	2	2	1	2	1	2	2	2	1	1	3	2	2	3	2	2	1	2	3	2	2	2	2	1	2	2	3	1	2	2	2	2	2	1	
0	2	2	2	3	2	3	3	2	0	2	2	3	2	3	4	2	2	2	2	2	1	3	2	2	1	2	2	2	2	3	1	2	2	2	2	3	2	2	2	2	3	1	3	2	2	2	3	1	3	1	
0	3	3	3	2	3	1	1	2	2	0	2	2	2	3	2	3	3	1	3	2	2	2	3	3	3	2	2	2	3	2	2	3	3	2	3	3	2	3	2	3	3	2	2	3	1	3	3	2	3	2	
0	3	2	2	2	2	2	2	2	3	2	0	3	2	3	2	2	2	1	3	3	2	2	3	2	3	2	3	2	3	1	2	3	3	2	3	1	2	3	3	2	1	2	3	1	1	2	3	3	1	3	
0	4	2	2	3	2	2	2	2	3	2	2	0	1	2	3	3	1	3	3	2	3	3	2	3	1	2	3	3	1	3	3	4	2	2	1	1	2	2	2	2	2	3	2	3	2	3	3	2	3	3	
0	3	3	1	2	1	2	3	2	3	3	3	3	0	2	3	2	2	2	2	2	3	2	3	2	3	1	2	2	2	3	2	3	2	1	3	3	2	3	2	3	2	3	3	2	2	2	2	2	3	2	
0	3	3	3	2	1	3	2	3	3	2	2	3	2	0	3	2	1	3	3	2	3	3	3	2	3	2	3	2	1	1	3	2	2	3	3	2	2	2	2	2	1	2	2	3	2	2	1	3	3	2	
0	1	2	3	2	2	2	3	2	2	3	3	2	2	2	0	2	3	3	1	3	3	3	3	2	3	2	4	3	3	3	2	2	3	3	3	3	3	3	3	2	3	3	3	3	3	2	3	3	2	3	
0	1	2	1	2	3	2	2	2	2	3	2	3	2	2	3	0	2	2	3	2	2	3	3	3	2	2	2	3	1	1	2	3	2	1	2	3	2	1	2	2	3	2	2	2	1	3	1	1	3	2	
0	3	3	2	2	3	2	2	2	3	3	3	3	2	3	3	2	0	2	2	1	2	2	3	3	3	1	3	2	3	2	2	3	1	3	3	1	2	3	2	3	2	2	3	2	1	2	2	3	3	3	
0	3	3	4	3	3	2	2	3	2	2	3	3	3	3	3	3	3	0	3	3	3	1	3	3	3	2	2	3	2	3	3	2	3	1	3	4	2	3	3	3	3	3	3	3	2	3	3	2	3	3	
0	2	2	2	1	2	3	3	1	1	3	3	1	1	1	3	1	2	3	0	2	2	2	2	1	2	2	3	2	2	2	1	1	2	2	2	2	2	2	2	2	2	2	2	2	2	1	2	2	3	2	
0	3	3	2	1	2	3	2	2	2	3	3	3	1	3	4	3	2	1	2	0	2	2	3	2	3	2	2	2	3	2	2	3	1	2	3	2	2	4	1	3	2	2	2	2	1	3	2	2	2	2	
0	1	2	3	2	3	2	3	2	2	4	2	2	2	2	3	2	3	2	1	3	0	2	2	2	3	2	3	2	3	3	2	2	3	3	2	3	2	2	2	3	3	2	2	3	3	1	3	1	3	2	
0	3	3	3	2	3	1	1	3	1	3	3	2	3	3	2	3	3	2	3	2	2	0	3	3	2	3	2	2	3	3	2	3	2	2	3	3	3	3	3	3	2	2	2	3	2	2	3	2	2	2	
0	3	2	1	2	3	2	2	2	2	2	1	2	2	2	3	2	2	2	1	2	3	2	0	2	2	2	3	1	2	2	2	2	2	3	2	1	2	3	2	3	1	3	2	2	2	1	2	3	2	2	
0	3	1	3	2	2	3	2	2	2	3	3	2	2	2	2	2	3	3	1	2	3	2	2	0	2	2	3	2	3	3	2	1	2	3	2	3	3	3	2	3	3	1	2	2	3	2	3	2	3	3	
0	3	3	2	2	3	2	2	1	3	1	2	3	2	2	3	3	2	2	2	3	2	3	1	2	0	2	2	2	1	2	2	3	1	3	3	2	2	1	1	1	2	2	2	2	1	2	2	2	3	2	
0	2	2	2	2	2	2	2	1	2	2	2	2	2	2	3	1	1	2	1	1	2	1	2	2	2	0	3	2	2	2	1	2	2	2	3	2	1	2	2	2	1	3	3	2	2	2	2	2	3	2	
0	1	2	2	3	1	1	1	3	2	2	1	2	1	1	2	3	2	2	3	2	3	3	3	2	3	2	0	2	2	2	1	2	1	2	3	2	3	3	1	1	2	2	2	1	2	2	1	2	2	2	
0	2	1	2	2	2	2	2	2	2	3	2	2	1	2	3	1	3	3	1	2	3	1	2	2	3	2	3	0	1	2	1	2	3	2	1	3	2	2	3	2	3	3	2	2	2	2	2	2	2	1	
0	3	2	2	2	2	3	1	2	2	2	3	3	2	1	3	2	2	3	3	3	2	4	2	3	3	3	2	3	0	2	2	3	3	2	3	3	1	1	2	1	2	3	1	2	2	3	2	2	2	3	
0	2	2	2	3	3	3	1	3	2	2	1	3	3	3	2	1	1	2	2	2	3	3	3	3	3	2	2	3	2	0	3	3	2	2	3	2	3	2	3	3	2	3	2	2	2	3	2	2	2	3	
0	3	2	1	3	2	3	3	3	3	3	3	2	2	3	3	2	3	2	2	2	3	2	2	2	3	3	3	1	2	3	0	1	2	3	2	3	2	3	2	3	2	3	3	2	3	2	2	2	3	2	
0	3	3	2	3	1	3	2	3	3	3	2	1	2	2	4	2	2	2	2	3	4	3	1	2	2	2	2	2	2	3	3	0	3	3	2	2	2	3	1	3	2	2	2	3	3	2	3	1	3	2	
0	3	2	2	2	3	2	2	2	3	3	3	3	2	3	3	2	1	3	2	2	2	2	2	3	3	2	3	1	2	2	2	3	0	3	2	1	2	3	3	3	3	2	2	1	1	3	1	3	2	2	
0	2	2	3	2	2	1	2	3	3	3	2	2	2	2	2	2	3	2	3	2	3	2	2	3	2	2	1	2	1	3	2	3	2	0	2	3	1	2	2	2	3	3	2	2	2	2	2	1	3	2	
0	4	1	3	2	3	3	2	3	3	3	1	1	2	3	3	3	2	2	3	1	3	3	2	3	2	3	3	2	2	2	3	3	2	3	0	2	3	3	2	2	2	3	2	2	2	3	3	2	2	3	
0	3	2	1	2	2	1	2	2	2	3	3	2	2	3	2	3	2	2	3	2	2	3	3	2	3	2	3	2	3	2	2	3	2	3	3	0	2	3	2	3	3	2	3	2	1	3	2	2	3	2	
0	2	1	2	1	1	3	2	2	2	2	2	3	1	2	4	2	3	3	2	2	3	3	1	2	3	2	2	2	3	2	3	3	3	2	3	2	0	3	1	3	2	2	2	3	2	2	3	2	3	2	
0	4	4	4	4	4	3	3	3	4	2	3	4	4	3	4	3	2	2	4	3	3	3	4	4	3	3	4	3	2	2	3	3	3	3	4	3	3	0	4	3	4	2	3	3	3	2	3	4	4	3	
0	2	2	3	3	2	2	1	2	2	3	2	3	2	2	3	2	2	2	2	2	3	3	3	1	2	2	1	3	2	3	2	2	2	2	2	3	2	3	0	2	3	1	1	2	2	3	2	1	3	1	
0	2	3	2	3	3	2	1	3	2	1	3	3	3	3	3	3	4	2	3	2	3	3	3	3	3	3	2	2	3	3	1	2	3	2	3	2	3	4	3	0	3	3	2	2	2	3	3	3	3	3	
0	3	2	2	3	3	2	1	2	2	1	3	3	2	3	3	2	2	2	2	2	3	2	3	1	3	1	2	1	2	3	2	2	3	2	2	1	2	3	3	3	0	2	2	3	2	3	3	2	3	2	
0	3	3	2	3	2	2	2	1	2	2	3	2	3	3	3	2	2	3	2	2	2	2	2	3	1	1	3	2	2	3	1	1	1	3	3	2	2	2	2	2	2	0	3	1	2	3	2	2	2	2	
0	2	2	2	2	2	2	2	2	3	3	2	2	2	1	3	1	2	2	3	3	2	3	2	3	3	2	3	3	2	2	2	3	2	2	2	2	1	2	2	3	2	2	0	1	1	3	2	1	2	3	
0	3	2	1	3	2	1	3	2	3	2	2	2	3	3	2	2	3	2	3	2	3	3	3	3	3	3	3	2	3	3	2	3	2	3	3	1	3	3	2	2	2	3	3	0	2	2	2	2	1	2	
0	2	2	2	1	2	3	1	1	2	3	2	3	1	3	3	2	2	3	2	2	1	2	2	3	2	1	2	2	3	1	1	2	2	2	3	3	1	3	2	2	2	1	2	2	0	2	3	2	3	2	
0	2	2	2	2	2	2	2	2	2	3	3	2	2	2	3	1	3	3	2	2	3	1	2	2	3	3	3	1	2	2	2	1	3	2	2	3	1	2	2	3	3	3	1	2	2	0	2	2	3	1	
0	3	3	2	3	2	3	2	3	3	3	2	3	1	2	2	2	2	3	3	2	3	3	2	2	4	2	3	3	2	1	2	3	3	2	3	3	2	3	3	3	3	3	1	2	2	3	0	2	3	1	
0	2	2	2	3	3	2	2	2	3	3	1	2	3	3	3	1	2	1	2	2	3	2	3	3	3	1	3	3	2	2	2	3	3	2	1	2	2	2	3	2	2	3	3	2	2	3	2	0	2	3	
0	3	1	2	2	1	2	2	3	3	2	3	3	3	2	3	2	3	3	3	2	3	2	2	2	3	3	3	2	3	2	2	2	3	3	3	2	2	3	2	1	3	3	2	1	3	1	3	2	0	2	
0	3	2	3	2	1	2	2	3	2	3	3	3	2	2	3	3	3	2	2	1	3	3	3	1	3	3	2	3	1	3	3	2	2	1	3	3	2	2	2	2	3	2	2	3	2	2	2	2	3	0	
M2
0	0	0	0	0	0	0	0	0	0	0	0	0	0	0	0	0	0	0	0	0	0	0	0	0	0	0	0	0	0	0	0	0	0	0	0	0	0	0	0	0	0	0	0	0	0	0	0	0	0	0	
0	0	1	3	1	2	2	2	2	2	3	3	2	2	2	2	2	3	2	3	3	2	3	1	3	3	3	3	3	3	3	3	3	2	3	1	3	1	3	3	2	2	2	2	2	3	3	2	1	2	2	
0	3	0	4	3	2	3	3	3	2	3	3	3	2	2	2	2	2	2	3	3	2	3	2	4	3	3	3	4	3	2	3	2	3	4	1	3	3	3	3	1	3	3	3	2	3	3	4	3	2	2	
0	3	3	0	2	2	2	2	2	2	2	3	2	1	3	2	2	3	3	2	2	1	2	2	2	3	2	1	3	2	2	1	3	1	2	2	2	1	2	3	3	3	3	3	2	3	2	1	1	1	3	
0	3	2	2	0	1	3	1	2	2	4	2	3	1	2	3	3	2	3	2	3	3	3	2	2	3	2	3	3	2	3	2	3	2	2	2	4	2	2	3	2	1	2	1	3	2	3	2	3	2	3	
0	2	2	3	2	0	2	2	1	3	3	2	2	2	2	2	3	3	3	3	3	3	2	1	3	2	3	3	2	2	3	2	3	2	3	2	3	1	2	2	2	3	1	3	3	1	4	2	2	3	2	
0	2	3	1	2	2	0	2	2	2	1	1	2	1	1	3	3	3	1	2	3	2	2	3	3	3	2	2	3	3	2	2	3	2	2	3	2	2	2	2	3	3	3	3	3	2	3	1	2	1	3	
0	3	1	3	3	1	2	0	2	1	3	3	2	2	3	2	2	2	3	3	2	2	2	2	2	3	2	3	3	2	2	1	2	1	1	2	4	2	2	3	2	2	2	3	2	2	3	3	3	2	3	
0	3	2	3	2	2	2	3	0	3	2	3	2	3	3	3	3	3	3	4	4	2	3	3	4	4	3	3	1	3	2	3	4	2	2	2	3	3	1	1	3	3	3	3	2	2	3	3	1	2	4	
0	2	2	3	3	2	2	2	2	0	3	2	2	2	2	2	1	2	2	2	2	1	1	1	2	2	2	2	3	2	2	1	1	1	3	3	3	2	2	2	1	2	3	3	1	3	3	3	2	3	3	
0	3	4	3	3	4	3	3	4	4	0	3	4	3	1	3	3	4	4	4	4	4	3	3	3	2	4	4	3	4	4	3	4	3	4	3	3	2	4	4	5	3	5	4	3	2	4	3	4	4	5	
0	1	2	4	2	1	3	3	2	3	3	0	3	3	3	3	3	4	3	4	4	3	3	2	4	3	4	4	3	3	4	3	4	3	4	2	3	2	3	3	3	3	2	3	3	2	4	3	2	3	3	
0	2	2	2	2	2	3	3	2	1	2	2	0	2	2	2	2	1	1	2	2	2	2	1	2	3	3	3	1	3	2	1	2	2	2	3	3	2	2	2	2	3	3	3	2	3	2	1	3	3	3	
0	2	2	3	3	3	3	3	3	1	3	3	3	0	2	3	2	2	2	1	3	2	2	2	3	3	1	3	3	3	3	2	2	2	2	3	4	3	1	2	2	3	2	2	2	2	3	4	2	3	2	
0	3	3	2	3	3	2	2	3	3	3	3	3	2	0	2	3	3	3	3	3	3	2	2	3	2	3	3	2	3	3	2	4	2	3	2	3	1	3	3	4	3	4	4	2	1	4	3	3	3	4	
0	3	2	2	3	3	3	3	2	2	2	3	2	2	3	0	2	3	3	3	1	2	2	2	2	3	3	2	2	3	2	1	3	3	2	2	3	2	2	1	2	3	4	3	2	1	3	2	3	2	2	
0	2	2	3	3	3	3	3	3	3	3	4	3	2	1	3	0	3	4	3	4	2	3	3	3	2	1	3	3	3	2	3	1	3	2	3	4	2	3	3	3	4	3	2	3	2	3	4	3	3	2	
0	1	2	3	2	2	3	3	2	1	3	3	2	1	2	3	2	0	1	2	1	2	2	2	3	3	2	3	2	3	3	2	2	2	3	2	4	2	2	2	2	3	2	3	2	2	1	2	2	2	2	
0	2	2	3	3	3	2	2	3	3	2	3	2	2	3	2	4	3	0	3	3	2	3	2	4	3	3	3	3	3	3	3	4	2	2	3	3	1	1	1	3	4	4	4	3	2	4	3	2	2	4	
0	3	3	3	4	3	2	2	3	2	2	3	2	3	1	3	2	3	3	0	2	2	3	2	3	3	3	3	3	2	3	3	3	3	1	3	3	2	2	1	2	2	4	4	3	2	4	3	3	3	3	
0	2	1	4	2	2	3	2	1	1	3	3	2	1	2	2	1	3	2	2	0	2	2	1	3	3	2	2	2	2	2	2	2	2	2	1	3	3	2	2	2	3	3	3	2	1	3	1	2	1	1	
0	3	3	2	3	1	1	3	2	2	2	2	3	1	2	3	3	3	2	2	3	0	3	2	3	2	2	3	3	3	3	2	2	3	3	2	3	2	2	3	2	3	2	3	2	2	4	2	1	2	3	
0	2	1	3	3	3	3	3	3	2	2	2	2	3	1	3	3	2	1	3	3	2	0	2	2	3	1	1	3	2	3	3	3	3	2	2	2	2	1	1	2	1	3	2	1	2	2	3	2	3	2	
0	1	1	3	2	3	3	3	3	3	3	3	3	3	1	1	3	3	3	4	2	3	3	0	3	3	3	3	2	4	3	2	3	3	3	2	2	2	3	2	2	3	3	3	2	2	3	2	2	3	3	
0	3	3	3	3	2	2	3	2	2	3	3	2	1	2	3	2	3	3	2	2	1	3	2	0	3	2	2	3	1	2	1	2	3	2	2	3	2	2	2	2	1	2	3	2	3	1	3	1	2	2	
0	1	2	2	1	2	3	1	2	2	2	3	3	1	3	3	3	3	3	2	3	2	3	2	1	0	2	3	3	2	3	2	3	2	2	2	3	2	2	3	3	2	3	2	3	3	2	3	2	2	3	
0	1	1	2	2	3	3	2	2	2	4	3	3	2	3	3	3	2	3	2	3	3	3	2	4	3	0	2	3	2	2	3	3	2	3	2	3	2	2	3	2	3	2	1	3	3	2	3	2	2	1	
0	2	2	3	3	3	3	3	2	2	2	2	2	3	2	2	3	3	3	4	3	2	3	1	2	3	4	0	2	2	3	2	3	3	3	3	1	3	2	3	2	3	2	4	3	3	1	3	3	3	3	
0	3	3	3	4	3	4	2	3	3	1	2	3	3	2	3	2	3	4	4	4	3	4	3	4	3	3	4	0	3	1	3	3	2	3	3	4	3	3	2	3	4	3	2	4	3	2	4	4	3	4	
0	3	3	3	3	3	2	2	2	2	2	2	2	1	3	3	2	2	3	2	2	2	3	2	2	3	2	1	3	0	2	1	3	3	1	3	2	2	2	1	3	3	3	2	1	3	2	3	3	3	1	
0	3	2	2	3	2	3	1	2	2	2	3	2	3	3	3	3	2	3	4	3	2	3	3	3	3	3	3	3	3	0	2	3	2	2	3	3	3	2	1	2	3	2	1	3	3	3	3	3	2	4	
0	3	2	3	2	2	2	2	1	2	3	2	3	2	2	2	1	2	3	3	1	1	3	2	1	2	2	2	2	2	1	0	2	2	3	2	3	1	2	2	3	2	3	2	3	2	2	2	2	2	2	
0	2	1	3	2	3	2	2	3	2	3	3	3	1	1	3	3	3	3	2	4	3	2	3	2	1	2	3	2	3	1	3	0	3	3	2	4	2	2	2	2	3	3	2	3	2	3	3	3	3	3	
0	2	2	3	3	1	2	1	2	2	2	3	2	1	3	1	2	3	3	2	2	3	3	2	3	3	1	2	3	1	3	2	3	0	2	3	3	1	2	2	3	3	2	2	2	2	3	3	3	2	2	
0	2	2	2	3	2	1	1	3	1	2	2	1	2	2	2	2	2	2	3	3	2	2	1	3	3	3	3	2	3	3	2	2	2	0	3	3	3	1	3	2	3	3	3	2	2	3	2	2	2	4	
0	3	3	3	3	1	2	3	2	1	3	2	2	2	2	3	1	2	2	3	3	1	2	2	3	3	2	2	3	3	3	2	2	2	3	0	3	2	3	3	2	2	2	3	1	2	3	3	2	3	3	
0	3	3	3	3	2	2	2	2	2	1	3	3	2	2	3	2	2	3	3	2	1	3	3	2	2	3	3	1	3	2	1	3	3	3	2	0	2	3	3	3	3	3	3	3	3	2	3	2	2	3	
0	2	2	2	3	2	1	1	3	2	2	2	2	1	2	1	3	3	2	2	2	3	3	1	3	3	2	3	3	2	3	2	3	1	2	3	3	0	2	2	3	3	3	3	3	2	4	2	3	2	3	
0	3	2	3	3	2	2	2	2	3	3	2	3	2	3	2	3	3	3	3	3	1	2	2	3	3	3	2	2	2	3	2	3	2	3	2	3	3	0	3	3	3	3	4	2	1	3	3	1	2	3	
0	2	3	3	3	2	2	2	3	2	1	3	1	2	2	3	3	2	2	3	3	1	3	2	3	3	2	4	2	4	3	2	3	3	1	2	2	3	2	0	3	4	3	3	3	3	3	2	2	3	3	
0	3	2	3	2	2	2	2	3	3	2	3	3	2	1	1	3	3	1	2	2	1	3	3	3	2	3	3	3	4	1	2	1	3	3	3	4	2	2	2	0	3	3	2	3	2	4	3	2	3	3	
0	2	2	4	3	2	3	2	3	2	3	3	3	2	3	2	2	2	3	2	3	2	3	3	1	4	3	2	4	1	2	2	3	3	2	1	3	3	3	2	3	0	3	3	2	3	2	4	2	2	2	
0	1	2	3	1	2	3	2	3	2	2	1	1	2	2	3	2	2	2	3	3	2	3	2	2	1	3	2	2	1	3	2	3	3	2	1	3	2	3	2	3	2	0	2	2	3	3	2	2	3	2	
0	2	3	1	2	3	3	2	2	2	3	2	2	2	2	2	3	1	2	3	2	2	3	3	3	2	3	2	3	2	2	2	2	2	3	2	3	2	1	3	1	3	1	0	3	2	2	2	2	1	3	
0	2	2	3	3	2	3	3	3	1	3	1	1	2	2	3	2	1	2	3	2	2	2	2	3	3	1	3	2	3	3	2	2	2	3	3	4	3	3	3	2	3	3	2	0	3	2	2	3	3	2	
0	2	2	3	3	2	3	3	2	2	2	3	3	2	2	1	2	3	2	3	2	2	1	1	2	3	2	2	1	3	2	1	3	3	2	1	2	2	2	2	3	2	3	3	2	0	3	3	3	3	3	
0	2	2	2	2	3	3	3	1	2	3	2	1	3	1	2	3	2	2	3	3	2	3	1	3	2	4	3	2	2	2	2	2	3	3	2	3	2	1	2	1	2	1	3	3	2	0	2	2	3	3	
0	2	2	3	1	1	2	2	1	2	3	3	2	2	2	3	2	3	2	3	3	3	1	2	3	3	2	2	2	3	1	2	3	3	1	3	2	2	2	2	3	2	2	2	2	2	3	0	2	3	3	
0	2	3	2	2	2	1	2	1	2	2	2	2	2	2	2	2	2	2	3	3	2	3	3	3	4	2	2	2	3	3	2	3	2	3	1	3	3	2	2	3	2	3	3	1	3	3	2	0	1	3	
0	3	2	3	3	2	3	1	1	2	3	3	1	3	3	3	2	2	2	3	2	2	3	2	2	3	3	1	2	3	2	1	3	2	2	3	2	2	2	2	3	3	2	2	3	3	2	2	2	0	3	
0	3	2	3	3	2	3	1	3	1	3	3	2	2	2	3	2	3	3	1	3	2	2	2	3	3	3	2	3	1	1	2	2	2	2	2	3	3	3	2	2	3	3	2	2	3	3	2	3	3	0	
M3
0	0	0	0	0	0	0	0	0	0	0	0	0	0	0	0	0	0	0	0	0	0	0	0	0	0	0	0	0	0	0	0	0	0	0	0	0	0	0	0	0	0	0	0	0	0	0	0	0	0	0	
0	0	2	3	2	4	1	3	2	2	2	3	2	2	3	2	3	2	3	2	1	2	3	3	2	3	3	2	1	2	3	2	3	3	2	2	2	3	2	2	2	3	1	3	3	2	2	1	2	2	1	
0	3	0	3	3	2	1	2	2	3	4	3	2	2	3	2	3	2	2	1	3	3	2	3	2	1	2	2	2	2	3	2	3	3	3	1	3	2	1	2	3	3	3	2	2	2	3	2	3	2	3	
0	2	3	0	3	1	3	2	2	1	2	3	3	2	2	2	2	3	1	2	2	2	2	1	3	3	1	2	2	2	1	2	2	2	2	3	2	2	2	3	2	2	2	1	2	3	3	2	3	2	2	
0	2	2	3	0	2	2	3	2	2	3	2	2	2	3	3	4	2	2	2	1	3	2	3	2	1	1	2	2	1	2	2	3	3	2	2	2	2	1	2	3	1	3	2	1	2	2	2	2	2	2	
0	3	3	4	2	0	3	2	2	3	3	3	3	2	3	2	4	2	3	2	1	3	3	3	3	2	1	3	2	2	3	2	3	1	2	3	1	3	2	3	3	3	3	1	2	2	2	2	3	1	2	
0	2	3	3	2	4	0	2	2	3	3	3	3	1	2	2	3	1	2	2	3	2	3	3	2	3	2	1	1	3	2	2	2	3	3	3	3	2	1	2	3	3	3	2	2	2	2	2	2	2	2	
0	3	2	2	2	3	3	0	2	2	2	2	2	2	2	2	2	1	3	3	2	2	2	1	3	3	1	2	2	2	1	2	3	3	2	3	2	2	2	3	2	1	2	1	2	2	1	2	2	3	1	
0	2	2	2	2	3	1	2	0	2	2	2	2	2	3	2	4	2	3	3	2	3	3	3	1	2	3	2	2	2	2	3	3	3	3	1	3	3	2	3	2	3	3	2	2	1	1	3	3	2	3	
0	2	2	3	3	3	2	3	3	0	3	2	3	3	3	3	2	2	3	2	2	2	3	4	2	2	1	3	1	3	3	2	2	3	2	3	2	3	2	3	1	3	3	3	3	2	2	2	2	2	2	
0	3	2	2	2	3	2	2	1	3	0	2	3	1	1	3	4	3	2	2	2	2	1	2	1	3	2	3	3	2	1	2	3	3	1	2	2	2	1	2	2	1	2	2	2	2	2	2	2	3	2	
0	3	2	4	2	3	3	2	3	2	2	0	2	1	3	3	4	3	3	2	2	2	3	3	3	2	2	3	2	3	3	2	3	3	2	1	2	2	2	2	3	1	1	2	2	1	2	2	1	1	3	
0	3	4	3	2	3	2	2	3	3	2	3	0	1	3	3	4	2	3	1	3	3	3	3	2	3	2	2	3	2	2	2	3	1	2	2	3	3	2	3	3	3	3	2	2	3	2	3	1	2	3	
0	3	3	3	1	3	3	3	3	3	4	3	2	0	3	3	4	3	3	1	2	3	3	4	2	2	1	2	2	2	3	3	4	3	3	3	2	3	2	3	3	2	4	3	2	3	3	2	3	2	2	
0	3	3	4	3	3	3	3	2	2	3	2	3	2	0	2	4	3	3	2	2	2	2	4	3	2	3	2	2	2	3	2	3	2	1	3	2	3	2	2	3	3	1	1	3	3	1	2	2	3	3	
0	3	3	3	2	3	1	3	1	1	3	1	3	1	3	0	3	2	1	2	3	3	3	4	2	2	2	2	2	3	3	3	3	4	3	2	3	3	2	3	2	2	2	3	3	2	2	3	2	2	3	
0	3	3	3	3	4	3	2	2	2	4	3	2	2	3	2	0	3	3	3	3	2	2	3	3	3	3	3	3	2	1	2	3	3	2	3	3	2	2	3	2	3	1	1	3	3	3	2	3	3	2	
0	2	2	3	1	3	2	3	2	2	3	2	2	2	1	1	4	0	2	2	2	3	3	2	2	2	1	1	2	2	2	3	3	2	2	3	2	1	1	2	2	2	2	2	1	1	2	2	2	2	1	
0	3	4	3	3	4	2	3	4	2	3	3	3	3	2	3	4	3	0	2	2	3	3	4	2	4	3	1	2	3	2	2	3	4	3	3	3	4	3	4	2	4	3	3	4	3	2	4	2	3	3	
0	3	3	2	3	3	2	2	3	3	3	2	3	3	2	3	4	3	3	0	2	3	3	3	1	4	1	1	2	3	2	3	3	2	3	3	2	3	2	3	2	3	3	2	3	3	2	2	2	3	2	
0	3	2	3	1	3	3	3	3	3	3	3	3	3	3	3	4	3	3	1	0	4	3	4	2	2	2	2	3	2	3	3	4	3	3	3	3	3	2	3	3	2	3	3	2	1	3	2	2	3	3	
0	3	2	2	2	3	2	2	2	2	2	3	2	1	2	3	4	3	3	2	3	0	3	3	3	3	2	2	2	2	2	2	1	3	2	2	3	2	2	3	2	1	3	3	3	2	2	3	1	2	1	
0	3	3	2	3	3	3	3	3	3	4	3	2	3	2	3	4	3	3	2	2	3	0	2	2	2	1	3	2	3	2	3	3	2	2	1	2	1	2	3	3	3	3	2	3	3	2	2	3	2	2	
0	3	2	3	4	4	3	2	3	3	3	3	4	3	1	3	4	3	3	2	3	3	3	0	2	3	2	3	2	3	2	3	3	2	2	3	3	1	2	3	3	1	2	2	3	3	2	3	3	3	3	
0	3	2	1	3	2	1	1	2	2	3	1	3	2	2	2	3	2	2	2	3	2	2	2	0	3	2	2	2	2	1	2	2	3	2	2	2	3	2	3	1	2	2	1	3	2	2	3	2	2	2	
0	2	4	2	3	1	2	3	3	2	3	2	1	2	3	2	4	3	2	2	2	3	1	2	3	0	2	3	2	1	3	1	3	2	3	1	2	2	2	2	3	3	3	2	3	3	2	3	2	2	3	
0	2	2	3	2	4	2	2	2	3	3	3	2	3	3	2	3	2	3	2	1	2	3	3	2	3	0	3	1	2	3	2	3	2	2	3	1	2	2	2	2	3	3	3	3	2	2	1	2	2	1	
0	3	3	2	3	3	1	2	3	2	2	2	3	2	3	3	4	2	3	3	2	2	2	3	1	3	3	0	2	2	1	2	3	4	3	2	3	3	2	3	2	3	2	2	3	3	1	3	1	2	2	
0	1	2	2	2	3	2	2	3	2	3	2	3	2	2	2	4	1	3	3	2	1	3	3	1	2	2	2	0	2	2	1	2	3	2	2	3	2	2	3	2	2	2	2	2	1	1	2	2	1	2	
0	1	3	3	2	3	2	2	3	1	2	1	3	1	2	3	3	3	3	2	2	3	1	3	3	2	2	3	2	0	3	2	3	3	2	2	3	2	2	3	2	2	2	2	3	2	2	2	1	1	2	
0	2	3	3	3	4	3	1	2	2	3	2	2	2	3	3	3	2	2	3	3	1	1	2	2	3	2	2	3	1	0	2	2	3	2	2	3	2	1	2	2	2	1	2	3	2	2	2	2	2	1	
0	3	3	3	3	4	2	2	2	2	4	2	2	2	2	1	4	3	2	3	3	3	3	3	3	3	3	3	2	2	3	0	4	3	3	1	3	4	3	3	3	3	3	2	3	3	1	2	3	2	3	
0	2	3	3	2	3	1	2	3	3	3	3	3	1	2	3	4	2	3	2	3	1	2	3	2	3	2	1	1	2	1	2	0	2	2	3	3	1	2	2	3	2	2	3	3	2	2	3	2	2	2	
0	3	3	3	2	4	3	3	2	3	2	3	3	2	2	2	5	1	2	3	2	3	3	3	2	3	2	2	3	3	3	2	2	0	2	3	3	2	2	3	2	3	3	1	2	2	3	3	3	2	2	
0	3	2	3	2	3	2	2	1	3	2	2	3	3	2	2	4	2	3	1	1	3	3	3	2	3	2	2	2	3	3	1	4	3	0	2	1	3	2	3	3	3	3	3	3	2	2	2	1	2	3	
0	2	3	3	3	3	3	3	2	3	3	3	1	2	2	2	5	2	3	2	2	2	2	3	2	2	3	3	1	3	3	2	3	2	2	0	3	3	2	3	3	3	3	1	3	2	2	3	2	1	3	
0	2	2	3	2	3	2	1	3	2	3	2	3	2	2	2	3	1	2	2	3	2	2	2	2	2	2	2	1	2	2	2	3	2	3	3	0	2	2	3	3	2	2	2	2	2	1	1	3	1	2	
0	2	3	3	3	3	3	2	2	2	3	2	3	3	1	3	4	2	2	1	2	2	2	2	2	3	2	2	1	2	1	2	2	1	1	3	2	0	1	2	3	3	2	2	3	2	1	2	2	2	2	
0	3	2	2	3	3	2	2	1	3	3	2	3	2	2	2	3	3	1	3	2	2	3	3	1	2	3	2	2	2	2	2	2	3	2	2	2	3	0	1	2	3	3	1	2	1	2	1	3	3	3	
0	2	2	3	3	2	1	3	1	3	3	1	2	2	1	3	4	2	2	2	2	1	2	2	2	1	3	2	1	2	2	2	1	2	1	2	2	2	1	0	3	2	2	2	2	1	2	2	2	2	2	
0	3	3	3	2	4	2	2	2	1	3	1	3	2	2	2	3	1	2	1	2	2	3	3	2	3	1	2	2	3	2	2	1	3	1	2	1	2	1	2	0	2	2	2	2	2	2	2	2	2	2	
0	3	1	4	3	3	2	3	2	3	2	3	3	3	2	3	4	3	3	2	2	3	2	3	3	2	3	3	2	3	2	2	3	2	1	2	2	1	2	3	4	0	3	3	3	2	2	3	2	3	3	
0	3	2	3	3	3	2	3	3	1	3	3	3	2	3	2	3	3	2	3	3	1	3	4	3	2	2	3	2	2	3	1	2	4	3	2	2	3	2	3	2	2	0	3	2	3	2	1	2	2	2	
0	3	3	3	2	4	2	3	1	2	3	2	2	1	2	1	4	3	2	2	2	3	4	4	2	3	2	3	3	3	3	1	3	3	1	2	2	4	1	2	3	3	2	0	3	2	2	2	2	3	3	
0	1	2	3	2	3	2	2	3	2	3	2	3	3	2	2	4	1	2	3	2	2	2	3	2	2	2	1	2	2	1	3	3	3	2	2	3	2	2	3	2	1	2	3	0	2	1	2	2	1	2	
0	2	1	4	2	3	2	3	3	3	4	2	2	2	3	3	4	2	3	2	1	3	3	3	3	2	3	2	3	3	2	3	3	3	3	2	4	3	2	2	3	2	2	3	1	0	2	3	3	2	3	
0	2	3	3	3	4	3	3	3	1	3	1	3	2	2	3	3	2	2	3	3	2	2	4	2	3	2	3	1	1	3	2	3	4	2	2	3	3	3	3	2	2	2	3	3	2	0	3	2	2	3	
0	2	1	3	2	3	1	2	2	2	2	2	3	2	3	1	2	2	2	2	3	3	2	3	2	2	3	2	2	1	3	3	3	3	3	2	1	3	1	2	3	3	3	2	3	2	2	0	2	2	3	
0	3	3	3	3	2	3	1	2	2	1	2	2	2	2	2	3	2	2	3	3	3	2	2	2	2	2	2	2	2	2	1	3	3	2	1	3	3	1	2	3	2	3	2	3	2	1	2	0	1	2	
0	2	2	3	4	2	3	3	3	3	2	3	2	3	3	3	5	4	3	3	3	2	2	2	2	1	3	4	3	2	3	2	3	3	3	2	3	3	3	3	3	3	3	3	4	3	3	3	3	0	2	
0	2	3	3	3	3	2	2	1	2	2	2	1	2	3	2	4	2	3	2	2	3	2	3	2	3	2	3	3	1	3	2	2	2	1	2	2	3	2	3	1	3	3	3	3	2	2	3	1	2	0	
Tamanho_Tarefas
0	12	2	7	13	15	6	30	19	3	30	28	22	24	26	20	15	12	6	29	8	24	25	16	23	10	17	20	5	28	17	33	27	19	8	15	25	15	18	20	28	10	20	14	12	15	24	39	12	21	10	
Data_Entrega
0	203	274	253	239	249	204	258	186	190	217	245	229	188	265	238	199	252	191	235	227	265	284	254	273	217	236	279	251	282	195	256	203	222	264	200	265	206	277	194	191	226	267	224	228	272	186	252	193	236	202	
Penalidade_Atraso
0	15	17	1	6	14	2	15	3	18	2	10	2	4	6	19	11	6	15	7	7	4	12	8	14	8	4	9	15	20	3	17	9	16	3	12	19	9	5	16	1	17	15	3	10	19	20	16	9	5	9	
Capacidade_Veiculo
111	117	109	111	41	80	41	93	95	84	106	115	43	108	71	48	
Custo_Fixo_Veiculo
1110	1170	1090	1110	410	800	410	930	950	840	1060	1150	430	1080	710	480	
Coordenadas_Clientes
x	0	y	0
x	102	y	0
x	90	y	11
x	121	y	31
x	87	y	34
x	103	y	56
x	60	y	44
x	89	y	84
x	71	y	86
x	64	y	102
x	38	y	81
x	23	y	72
x	17	y	91
x	6	y	96
x	-5	y	88
x	-16	y	84
x	-34	y	107
x	-38	y	81
x	-47	y	74
x	-67	y	81
x	-81	y	76
x	-88	y	64
x	-102	y	56
x	-80	y	32
x	-100	y	25
x	-80	y	10
x	-96	y	0
x	-82	y	-10
x	-81	y	-20
x	-115	y	-45
x	-75	y	-41
x	-69	y	-50
x	-86	y	-80
x	-50	y	-61
x	-43	y	-68
x	-45	y	-95
x	-25	y	-79
x	-15	y	-81
x	-7	y	-120
x	5	y	-81
x	14	y	-76
x	23	y	-71
x	33	y	-71
x	43	y	-68
x	61	y	-74
x	87	y	-82
x	97	y	-70
x	102	y	-56
x	109	y	-43
x	99	y	-25
x	120	y	-15
Tempo_Viagem
0	102	90	124	93	117	74	122	111	120	89	75	92	96	88	85	112	89	87	105	111	108	116	86	103	80	96	82	83	123	85	85	117	78	80	105	82	82	120	81	77	74	78	80	95	119	119	116	117	102	120	
102	0	16	36	37	56	60	85	91	108	103	106	123	134	138	144	172	161	166	187	198	200	211	184	203	182	198	184	184	221	181	178	203	163	160	174	149	142	162	126	116	106	99	90	84	83	70	56	43	25	23	
90	16	0	36	23	46	44	73	77	94	87	90	107	118	122	128	156	145	150	171	182	185	197	171	190	170	186	172	173	212	173	170	197	157	154	171	146	139	162	125	115	105	99	91	89	93	81	68	57	37	39	
124	36	36	0	34	30	62	61	73	90	96	106	119	131	138	146	172	166	173	194	206	211	224	201	221	202	219	206	207	247	208	206	233	193	190	207	182	175	197	161	151	141	134	126	120	117	102	88	74	60	46	
93	37	23	34	0	27	28	50	54	71	67	74	90	102	106	113	140	132	139	160	172	177	190	167	187	168	186	174	176	216	178	177	206	166	165	184	159	153	179	141	132	122	118	111	111	116	104	91	80	60	59	
117	56	46	30	27	0	44	31	43	60	69	81	92	104	112	121	145	142	151	171	185	191	205	184	205	188	206	195	198	240	202	202	232	192	191	211	186	180	206	168	159	149	145	137	135	138	126	112	99	81	73	
74	60	44	62	28	44	0	49	43	58	43	46	63	74	78	85	112	104	111	132	144	149	162	140	161	144	162	151	154	196	159	159	191	152	152	174	149	145	176	136	128	120	118	113	118	128	119	108	99	79	83	
122	85	73	61	50	31	49	0	18	30	51	67	72	83	94	105	124	127	136	156	170	178	193	176	197	184	202	195	199	241	206	207	239	200	201	223	198	194	224	185	176	168	164	158	160	166	154	140	128	109	103	
111	91	77	73	54	43	43	18	0	17	33	50	54	65	76	87	106	109	118	138	152	160	175	160	181	169	187	180	185	227	193	195	228	189	191	214	190	187	219	179	171	163	161	156	160	168	158	145	134	114	112	
120	108	94	90	71	60	58	30	17	0	33	50	48	58	70	81	98	103	113	132	146	155	170	160	181	170	188	183	188	230	199	201	235	198	200	225	201	199	232	192	184	177	175	171	176	185	175	162	151	131	129	
89	103	87	96	67	69	43	51	33	33	0	17	23	35	43	54	76	76	85	105	119	127	142	127	148	137	155	150	155	197	166	169	203	167	169	194	171	170	205	165	158	152	152	149	156	170	162	151	142	122	126	
75	106	90	106	74	81	46	67	50	50	17	0	19	29	32	40	66	61	70	90	104	111	126	110	131	120	138	133	138	180	149	152	186	151	154	180	157	157	194	154	148	143	143	141	150	166	160	150	143	123	129	
92	123	107	119	90	92	63	72	54	48	23	19	0	12	22	33	53	55	65	84	98	107	122	113	134	126	144	141	148	189	160	165	199	166	169	196	174	174	212	172	167	162	162	160	169	185	179	169	162	142	146	
96	134	118	131	102	104	74	83	65	58	35	29	12	0	13	24	41	46	56	74	88	98	113	106	126	121	139	137	145	185	159	164	198	166	171	197	177	178	216	177	172	167	169	168	178	195	189	179	172	152	157	
88	138	122	138	106	112	78	94	76	70	43	32	22	13	0	11	34	33	43	62	76	85	100	93	113	108	126	124	132	172	146	152	186	155	160	187	168	169	208	169	165	161	163	163	174	193	188	179	173	153	161	
85	144	128	146	113	121	85	105	87	81	54	40	33	24	11	0	29	22	32	51	65	74	89	82	102	97	115	114	122	162	138	144	178	148	154	181	163	165	204	166	162	159	162	163	175	195	191	183	178	158	167	
112	172	156	172	140	145	112	124	106	98	76	66	53	41	34	29	0	26	35	42	56	69	85	87	105	107	122	126	134	170	153	160	193	168	175	202	186	188	227	192	189	186	190	191	204	224	220	212	207	187	195	
89	161	145	166	132	142	104	127	109	103	76	61	55	46	33	22	26	0	11	29	43	52	68	64	83	82	99	101	109	147	127	134	167	142	149	176	160	163	202	167	165	163	167	169	183	205	202	195	192	173	184	
87	166	150	173	139	151	111	136	118	113	85	70	65	56	43	32	35	11	0	21	34	42	57	53	72	72	88	91	99	136	118	125	158	135	142	169	154	158	197	163	161	161	165	167	182	205	203	197	195	176	189	
105	187	171	194	160	171	132	156	138	132	105	90	84	74	62	51	42	29	21	0	14	27	43	50	65	72	85	92	101	133	122	131	161	143	150	177	165	170	209	177	176	176	181	185	200	224	222	217	215	196	210	
111	198	182	206	172	185	144	170	152	146	119	104	98	88	76	65	56	43	34	14	0	13	29	44	53	66	77	86	96	124	117	126	156	140	148	174	164	170	208	179	179	180	186	190	206	230	230	225	224	206	220	
108	200	185	211	177	191	149	178	160	155	127	111	107	98	85	74	69	52	42	27	13	0	16	32	40	54	64	74	84	111	105	114	144	129	138	163	155	162	199	172	173	174	181	185	203	227	227	224	224	207	222	
116	211	197	224	190	205	162	193	175	170	142	126	122	113	100	89	85	68	57	43	29	16	0	32	31	50	56	68	78	101	99	109	136	127	136	160	154	161	198	173	175	177	184	190	208	234	235	232	233	216	233	
86	184	171	201	167	184	140	176	160	160	127	110	113	106	93	82	87	64	53	50	44	32	32	0	21	22	35	42	52	83	73	82	112	97	106	131	123	130	167	141	143	145	152	158	176	202	204	202	203	187	205	
103	203	190	221	187	205	161	197	181	181	148	131	134	126	113	102	105	83	72	65	53	40	31	21	0	25	25	39	48	71	69	79	105	99	108	130	128	135	171	149	152	156	164	170	188	215	218	217	219	205	223	
80	182	170	202	168	188	144	184	169	170	137	120	126	121	108	97	107	82	72	72	66	54	50	22	25	0	18	20	30	65	51	61	90	77	86	110	104	111	148	124	127	131	139	145	163	190	194	193	196	182	200	
96	198	186	219	186	206	162	202	187	188	155	138	144	139	126	115	122	99	88	85	77	64	56	35	25	18	0	17	25	48	46	56	80	76	85	107	106	114	148	129	133	138	147	154	172	199	205	205	209	196	216	
82	184	172	206	174	195	151	195	180	183	150	133	141	137	124	114	126	101	91	92	86	74	68	42	39	20	17	0	10	48	31	41	70	60	69	92	89	97	132	112	116	121	130	137	155	182	188	189	193	181	202	
83	184	173	207	176	198	154	199	185	188	155	138	148	145	132	122	134	109	99	101	96	84	78	52	48	30	25	10	0	42	21	31	60	51	60	82	81	89	123	105	110	115	124	132	150	177	184	186	191	180	201	
123	221	212	247	216	240	196	241	227	230	197	180	189	185	172	162	170	147	136	133	124	111	101	83	71	65	48	48	42	0	40	46	45	66	75	86	96	105	131	124	131	139	149	159	177	203	213	217	224	214	236	
85	181	173	208	178	202	159	206	193	199	166	149	160	159	146	138	153	127	118	122	117	105	99	73	69	51	46	31	21	40	0	10	40	31	40	61	61	70	103	89	95	102	112	121	139	166	174	177	184	174	196	
85	178	170	206	177	202	159	207	195	201	169	152	165	164	152	144	160	134	125	131	126	114	109	82	79	61	56	41	31	46	10	0	34	21	30	51	51	60	93	79	86	94	104	113	131	158	167	171	178	169	192	
117	203	197	233	206	232	191	239	228	235	203	186	199	198	186	178	193	167	158	161	156	144	136	112	105	90	80	70	60	45	40	34	0	40	44	43	61	71	88	91	100	109	119	129	147	173	183	189	198	192	215	
78	163	157	193	166	192	152	200	189	198	167	151	166	166	155	148	168	142	135	143	140	129	127	97	99	77	76	60	51	66	31	21	40	0	9	34	30	39	72	58	65	73	83	93	111	137	147	152	160	153	176	
80	160	154	190	165	191	152	201	191	200	169	154	169	171	160	154	175	149	142	150	148	138	136	106	108	86	85	69	60	75	40	30	44	9	0	27	21	30	63	49	57	66	76	86	104	130	140	145	154	148	171	
105	174	171	207	184	211	174	223	214	225	194	180	196	197	187	181	202	176	169	177	174	163	160	131	130	110	107	92	82	86	61	51	43	34	27	0	25	33	45	51	61	71	80	90	107	132	143	150	160	159	182	
82	149	146	182	159	186	149	198	190	201	171	157	174	177	168	163	186	160	154	165	164	155	154	123	128	104	106	89	81	96	61	51	61	30	21	25	0	10	44	30	39	48	58	68	86	112	122	128	138	135	158	
82	142	139	175	153	180	145	194	187	199	170	157	174	178	169	165	188	163	158	170	170	162	161	130	135	111	114	97	89	105	70	60	71	39	30	33	10	0	39	20	29	39	48	58	76	102	112	118	128	127	150	
120	162	162	197	179	206	176	224	219	232	205	194	212	216	208	204	227	202	197	209	208	199	198	167	171	148	148	132	123	131	103	93	88	72	63	45	44	39	0	40	48	57	63	72	82	101	115	126	139	142	164	
81	126	125	161	141	168	136	185	179	192	165	154	172	177	169	166	192	167	163	177	179	172	173	141	149	124	129	112	105	124	89	79	91	58	49	51	30	20	40	0	10	20	29	39	56	82	92	99	109	108	131	
77	116	115	151	132	159	128	176	171	184	158	148	167	172	165	162	189	165	161	176	179	173	175	143	152	127	133	116	110	131	95	86	100	65	57	61	39	29	48	10	0	10	19	29	47	73	83	89	99	98	121	
74	106	105	141	122	149	120	168	163	177	152	143	162	167	161	159	186	163	161	176	180	174	177	145	156	131	138	121	115	139	102	94	109	73	66	71	48	39	57	20	10	0	10	20	38	64	74	80	90	88	111	
78	99	99	134	118	145	118	164	161	175	152	143	162	169	163	162	190	167	165	181	186	181	184	152	164	139	147	130	124	149	112	104	119	83	76	80	58	48	63	29	19	10	0	10	28	55	64	70	80	80	103	
80	90	91	126	111	137	113	158	156	171	149	141	160	168	163	163	191	169	167	185	190	185	190	158	170	145	154	137	132	159	121	113	129	93	86	90	68	58	72	39	29	20	10	0	18	45	54	60	70	70	93	
95	84	89	120	111	135	118	160	160	176	156	150	169	178	174	175	204	183	182	200	206	203	208	176	188	163	172	155	150	177	139	131	147	111	104	107	86	76	82	56	47	38	28	18	0	27	36	44	57	62	83	
119	83	93	117	116	138	128	166	168	185	170	166	185	195	193	195	224	205	205	224	230	227	234	202	215	190	199	182	177	203	166	158	173	137	130	132	112	102	101	82	73	64	55	45	27	0	15	29	43	58	73	
119	70	81	102	104	126	119	154	158	175	162	160	179	189	188	191	220	202	203	222	230	227	235	204	218	194	205	188	184	213	174	167	183	147	140	143	122	112	115	92	83	74	64	54	36	15	0	14	28	45	58	
116	56	68	88	91	112	108	140	145	162	151	150	169	179	179	183	212	195	197	217	225	224	232	202	217	193	205	189	186	217	177	171	189	152	145	150	128	118	126	99	89	80	70	60	44	29	14	0	14	31	44	
117	43	57	74	80	99	99	128	134	151	142	143	162	172	173	178	207	192	195	215	224	224	233	203	219	196	209	193	191	224	184	178	198	160	154	160	138	128	139	109	99	90	80	70	57	43	28	14	0	20	30	
102	25	37	60	60	81	79	109	114	131	122	123	142	152	153	158	187	173	176	196	206	207	216	187	205	182	196	181	180	214	174	169	192	153	148	159	135	127	142	108	98	88	80	70	62	58	45	31	20	0	23	
120	23	39	46	59	73	83	103	112	129	126	129	146	157	161	167	195	184	189	210	220	222	233	205	223	200	216	202	201	236	196	192	215	176	171	182	158	150	164	131	121	111	103	93	83	73	58	44	30	23	0	
Custo_Viagem
V0
0	2264	1998	2752	2064	2597	1642	2708	2464	2664	1975	1665	2042	2131	1953	1887	2486	1975	1931	2331	2464	2397	2575	1909	2286	1776	2131	1820	1842	2730	1887	1887	2597	1731	1776	2331	1820	1820	2664	1798	1709	1642	1731	1776	2109	2641	2641	2575	2597	2264	2664	
2264	0	355	799	821	1243	1332	1887	2020	2397	2286	2353	2752	2997	3063	3196	3840	3574	3685	4151	4395	4440	4684	4084	4506	4040	4395	4084	4084	4906	4018	3951	4528	3618	3552	3885	3307	3152	3596	2797	2575	2353	2197	1998	1864	1842	1554	1243	954	555	510	
1998	355	0	799	510	1021	976	1620	1709	2086	1931	1998	2397	2641	2708	2841	3463	3219	3330	3796	4040	4107	4373	3796	4218	3774	4129	3840	3840	4706	3840	3774	4395	3485	3418	3796	3241	3085	3618	2775	2553	2331	2197	2020	1975	2064	1798	1509	1265	821	865	
2752	799	799	0	754	666	1376	1354	1642	2020	2131	2353	2664	2930	3063	3241	3818	3685	3840	4306	4573	4684	4972	4462	4906	4484	4861	4595	4617	5483	4617	4573	5194	4306	4240	4617	4040	3907	4373	3574	3352	3130	2974	2797	2664	2619	2286	1975	1642	1332	1021	
2064	821	510	754	0	599	621	1110	1198	1576	1487	1642	1998	2264	2353	2530	3130	2952	3085	3574	3840	3929	4218	3707	4151	3729	4129	3862	3907	4795	3951	3929	4595	3685	3663	4084	3529	3396	3996	3130	2930	2708	2619	2464	2464	2575	2308	2020	1776	1332	1309	
2597	1243	1021	666	599	0	976	688	954	1332	1531	1798	2042	2308	2486	2708	3241	3174	3352	3796	4107	4240	4551	4084	4551	4173	4573	4351	4417	5328	4484	4484	5150	4262	4240	4684	4129	3996	4595	3729	3529	3330	3219	3041	3019	3063	2797	2486	2197	1798	1620	
1642	1332	976	1376	621	976	0	1087	954	1287	954	1021	1398	1642	1731	1887	2508	2308	2464	2930	3196	3307	3596	3108	3574	3196	3596	3352	3418	4351	3529	3529	4240	3374	3374	3862	3307	3219	3929	3019	2841	2664	2619	2508	2619	2841	2641	2397	2197	1753	1864	
2708	1887	1620	1354	1110	688	1087	0	399	666	1132	1487	1598	1842	2086	2331	2775	2819	3019	3463	3774	3951	4284	3907	4373	4084	4506	4329	4417	5350	4573	4595	5305	4440	4462	4950	4395	4329	4995	4107	3907	3729	3640	3507	3552	3685	3418	3108	2841	2419	2286	
2464	2020	1709	1642	1198	954	954	399	0	377	732	1110	1198	1443	1687	1931	2375	2419	2619	3063	3374	3552	3885	3552	4018	3751	4151	3996	4107	5039	4284	4329	5061	4218	4240	4750	4218	4151	4884	3973	3796	3640	3574	3463	3552	3729	3507	3219	2974	2530	2486	
2664	2397	2086	2020	1576	1332	1287	666	377	0	732	1110	1065	1287	1554	1820	2175	2308	2530	2930	3263	3463	3818	3552	4018	3774	4195	4084	4195	5128	4417	4462	5217	4395	4440	4995	4462	4417	5172	4262	4084	3929	3885	3796	3907	4107	3885	3596	3352	2908	2863	
1975	2286	1931	2131	1487	1531	954	1132	732	732	0	377	510	777	954	1198	1687	1687	1887	2331	2641	2819	3152	2819	3285	3041	3463	3330	3463	4395	3685	3751	4506	3707	3751	4306	3796	3774	4551	3663	3507	3374	3374	3307	3463	3774	3596	3352	3152	2708	2797	
1665	2353	1998	2353	1642	1798	1021	1487	1110	1110	377	0	421	643	710	888	1465	1354	1554	1998	2308	2464	2797	2442	2908	2664	3085	2952	3063	3996	3307	3374	4151	3352	3418	3996	3507	3485	4306	3418	3285	3174	3174	3130	3330	3685	3552	3330	3174	2730	2886	
2042	2752	2397	2664	1998	2042	1398	1598	1198	1065	510	421	0	266	488	732	1176	1221	1465	1864	2197	2397	2752	2508	2974	2797	3219	3130	3285	4195	3552	3663	4417	3685	3751	4351	3885	3862	4706	3818	3707	3596	3596	3574	3774	4129	3973	3751	3596	3152	3263	
2131	2997	2641	2930	2264	2308	1642	1842	1443	1287	777	643	266	0	288	555	910	1021	1265	1642	1975	2197	2553	2375	2819	2686	3108	3041	3219	4107	3529	3640	4395	3685	3796	4373	3929	3951	4795	3929	3818	3707	3751	3729	3951	4329	4195	3973	3840	3374	3529	
1953	3063	2708	3063	2353	2486	1731	2086	1687	1554	954	710	488	288	0	244	754	732	976	1376	1687	1909	2264	2064	2508	2397	2797	2752	2930	3818	3241	3374	4129	3441	3552	4151	3729	3751	4617	3751	3663	3574	3618	3618	3862	4284	4173	3973	3840	3396	3574	
1887	3196	2841	3241	2530	2708	1887	2331	1931	1820	1198	888	732	555	244	0	643	488	710	1132	1443	1642	1998	1820	2264	2153	2575	2530	2708	3596	3063	3196	3951	3285	3418	4018	3618	3663	4528	3685	3596	3529	3596	3618	3885	4329	4240	4062	3951	3507	3729	
2486	3840	3463	3818	3130	3241	2508	2775	2375	2175	1687	1465	1176	910	754	643	0	577	777	932	1243	1531	1887	1931	2331	2375	2730	2797	2997	3818	3396	3552	4306	3729	3885	4484	4129	4173	5061	4262	4195	4129	4218	4240	4528	4972	4884	4706	4595	4151	4351	
1975	3574	3219	3685	2952	3174	2308	2819	2419	2308	1687	1354	1221	1021	732	488	577	0	244	643	954	1154	1509	1420	1842	1820	2197	2242	2419	3263	2819	2974	3729	3152	3307	3907	3552	3618	4506	3707	3663	3618	3707	3751	4062	4551	4484	4329	4262	3840	4084	
1931	3685	3330	3840	3085	3352	2464	3019	2619	2530	1887	1554	1465	1265	976	710	777	244	0	466	754	932	1265	1176	1598	1598	1953	2020	2197	3041	2619	2775	3507	2997	3152	3751	3418	3507	4395	3618	3574	3574	3663	3729	4062	4551	4506	4373	4329	3907	4195	
2331	4151	3796	4306	3574	3796	2930	3463	3063	2930	2331	1998	1864	1642	1376	1132	932	643	466	0	310	599	954	1110	1443	1598	1909	2042	2242	2974	2708	2908	3596	3174	3330	3929	3663	3774	4639	3929	3907	3907	4018	4107	4462	4972	4928	4817	4773	4351	4662	
2464	4395	4040	4573	3840	4107	3196	3774	3374	3263	2641	2308	2197	1975	1687	1443	1243	954	754	310	0	288	643	976	1198	1465	1709	1909	2131	2775	2597	2797	3463	3108	3285	3862	3640	3774	4639	3973	3973	3996	4129	4218	4573	5106	5106	4995	4972	4573	4884	
2397	4440	4107	4684	3929	4240	3307	3951	3552	3463	2819	2464	2397	2197	1909	1642	1531	1154	932	599	288	0	355	710	888	1198	1420	1642	1864	2486	2331	2553	3196	2886	3085	3640	3463	3596	4462	3818	3840	3862	4018	4107	4506	5039	5061	4972	4972	4595	4928	
2575	4684	4373	4972	4218	4551	3596	4284	3885	3818	3152	2797	2752	2553	2264	1998	1887	1509	1265	954	643	355	0	710	688	1110	1243	1509	1731	2242	2220	2464	3019	2841	3041	3574	3441	3596	4440	3840	3885	3951	4107	4218	4617	5194	5217	5150	5172	4795	5172	
1909	4084	3796	4462	3707	4084	3108	3907	3552	3552	2819	2442	2508	2375	2064	1820	1931	1420	1176	1110	976	710	710	0	466	488	777	932	1154	1864	1620	1820	2486	2153	2353	2908	2730	2886	3729	3130	3174	3219	3374	3507	3907	4484	4528	4484	4506	4151	4551	
2286	4506	4218	4906	4151	4551	3574	4373	4018	4018	3285	2908	2974	2819	2508	2264	2331	1842	1598	1443	1198	888	688	466	0	555	555	865	1065	1576	1554	1798	2331	2197	2419	2930	2841	2997	3818	3307	3374	3463	3640	3774	4195	4773	4839	4817	4861	4551	4950	
1776	4040	3774	4484	3729	4173	3196	4084	3751	3774	3041	2664	2797	2686	2397	2153	2375	1820	1598	1598	1465	1198	1110	488	555	0	399	444	666	1443	1132	1354	1998	1709	1909	2442	2308	2464	3307	2752	2819	2908	3085	3219	3640	4218	4306	4284	4351	4040	4462	
2131	4395	4129	4861	4129	4573	3596	4506	4151	4195	3463	3085	3219	3108	2797	2575	2730	2197	1953	1909	1709	1420	1243	777	555	399	0	377	555	1065	1021	1243	1776	1687	1909	2375	2353	2530	3307	2863	2952	3063	3263	3418	3840	4440	4551	4551	4639	4351	4795	
