M: 4
N: 50
Nun_Veiculos: 20
Capacidade_Total: 1727
Demanda_Total: 891
Setup_Min: 1
Setup_Max: 9
Raio: 100
Circulos: 1
Tempo_Processamento_Min: 1
Tempo_Processamento_Max: 49
Demanda_Min: 10
Demanda_Max: 30
Priority_Factor: 0.2
Range_Factor_R: 0.8
U_factor: 2
ALpha: 0.2Replicao: 3
Tempos_Processamentos
0	0	1	0	2	0	3	0	
0	17	1	36	2	7	3	29	
0	43	1	5	2	45	3	13	
0	8	1	42	2	14	3	32	
0	4	1	4	2	49	3	1	
0	12	1	40	2	1	3	12	
0	30	1	12	2	5	3	47	
0	1	1	38	2	44	3	46	
0	16	1	29	2	36	3	37	
0	15	1	2	2	28	3	12	
0	10	1	22	2	6	3	26	
0	11	1	7	2	22	3	19	
0	36	1	41	2	40	3	32	
0	25	1	26	2	43	3	6	
0	27	1	24	2	7	3	24	
0	41	1	17	2	40	3	36	
0	27	1	27	2	37	3	25	
0	32	1	27	2	45	3	21	
0	1	1	38	2	31	3	32	
0	32	1	3	2	47	3	33	
0	15	1	19	2	47	3	45	
0	7	1	40	2	10	3	7	
0	20	1	4	2	3	3	47	
0	6	1	16	2	45	3	5	
0	15	1	42	2	23	3	9	
0	39	1	42	2	1	3	21	
0	33	1	42	2	18	3	17	
0	34	1	7	2	6	3	49	
0	1	1	31	2	7	3	11	
0	12	1	48	2	2	3	38	
0	49	1	13	2	29	3	20	
0	41	1	22	2	44	3	9	
0	43	1	6	2	2	3	10	
0	20	1	28	2	21	3	16	
0	5	1	13	2	1	3	2	
0	32	1	25	2	18	3	37	
0	2	1	28	2	23	3	27	
0	17	1	38	2	30	3	29	
0	17	1	13	2	11	3	48	
0	40	1	20	2	20	3	25	
0	40	1	41	2	5	3	27	
0	29	1	22	2	9	3	31	
0	4	1	43	2	38	3	43	
0	48	1	36	2	49	3	47	
0	9	1	20	2	49	3	30	
0	48	1	23	2	23	3	22	
0	21	1	38	2	9	3	38	
0	20	1	37	2	17	3	13	
0	1	1	14	2	44	3	13	
0	18	1	25	2	37	3	39	
0	36	1	21	2	40	3	33	

Tempos_setup
M0
0	0	0	0	0	0	0	0	0	0	0	0	0	0	0	0	0	0	0	0	0	0	0	0	0	0	0	0	0	0	0	0	0	0	0	0	0	0	0	0	0	0	0	0	0	0	0	0	0	0	0	
0	0	3	3	3	3	2	1	3	3	3	4	2	3	3	4	2	2	3	3	3	3	3	3	3	2	2	3	1	2	4	2	4	3	3	3	4	3	3	3	3	3	2	2	3	3	2	2	4	3	3	
0	3	0	3	2	2	2	2	2	1	1	3	1	2	3	3	3	3	2	1	3	2	3	3	2	2	3	2	2	2	3	2	1	2	2	1	3	2	2	2	2	2	2	2	3	2	4	2	2	1	2	
0	1	2	0	2	3	3	2	3	2	3	2	3	2	2	1	1	3	2	2	3	2	2	3	2	3	3	2	2	3	3	2	3	2	2	1	3	2	2	2	3	2	3	3	1	3	3	3	3	3	2	
0	2	2	2	0	3	3	3	3	2	3	2	2	2	3	1	3	2	2	3	3	3	2	2	2	3	3	3	3	4	3	3	3	2	2	3	4	4	2	2	4	1	3	3	2	2	4	2	1	3	3	
0	2	3	1	2	0	2	3	2	3	2	3	2	2	3	2	2	3	3	2	1	3	3	3	2	1	1	2	2	2	1	2	1	2	3	1	2	2	2	3	2	2	2	2	2	3	3	3	2	3	2	
0	2	2	1	2	2	0	2	3	2	2	2	2	3	3	2	2	1	2	3	1	2	2	3	1	2	3	1	2	3	2	2	2	2	3	2	2	2	3	2	3	1	3	3	2	3	4	3	2	1	2	
0	2	2	2	3	2	2	0	3	2	2	3	2	2	3	3	1	1	2	3	2	2	2	2	3	2	2	3	3	1	3	3	3	2	2	3	3	2	2	2	2	3	1	1	2	2	2	1	3	2	3	
0	2	3	1	2	3	2	2	0	3	2	1	3	2	2	2	2	3	3	3	2	3	3	2	3	3	2	2	3	2	1	2	2	3	3	2	3	1	3	1	3	3	2	2	2	1	3	2	2	3	2	
0	3	3	2	2	1	2	3	2	0	2	2	3	2	3	2	2	2	1	2	2	3	2	3	3	2	2	2	1	2	2	1	2	3	2	2	3	3	3	1	3	1	1	3	2	2	3	2	3	3	2	
0	3	3	2	2	2	1	3	2	1	0	2	3	2	3	3	3	2	2	2	2	2	3	3	2	3	2	2	2	3	3	2	1	3	3	2	3	3	3	1	1	1	2	2	2	3	3	3	3	2	2	
0	2	3	1	2	2	2	2	2	2	1	0	2	2	1	1	2	3	2	2	3	2	2	3	2	2	3	1	2	3	2	2	2	2	2	1	2	2	2	2	2	2	3	3	2	3	4	3	2	3	3	
0	3	3	3	3	2	2	2	2	3	2	3	0	2	3	3	2	3	1	2	3	3	2	3	2	3	3	2	3	3	2	1	3	3	2	3	3	3	3	3	2	3	2	2	2	2	3	3	3	3	2	
0	2	3	2	3	1	2	2	2	3	2	3	2	0	1	3	3	2	1	3	2	2	1	2	1	1	2	1	2	3	2	2	2	2	2	2	2	3	3	2	3	2	3	2	2	2	3	3	2	3	2	
0	2	2	3	2	2	2	1	3	2	1	3	2	2	0	3	2	2	2	2	3	3	2	2	3	1	2	3	3	2	1	1	2	2	3	3	3	3	2	2	2	2	2	2	3	2	3	2	1	3	2	
0	2	3	1	1	2	2	3	2	3	2	1	3	1	2	0	2	2	1	3	3	2	1	2	1	2	3	2	2	3	2	3	3	2	1	2	3	3	2	2	3	2	3	2	2	2	3	3	2	3	2	
0	3	1	3	2	2	2	3	2	1	2	2	2	2	2	2	0	3	1	2	2	1	3	2	2	2	2	2	2	3	2	2	2	3	2	2	3	3	1	1	2	2	2	3	2	2	3	3	3	2	2	
0	3	3	3	3	2	2	1	2	1	1	3	3	3	2	2	2	0	1	3	3	3	3	3	3	3	3	2	2	2	2	2	2	3	2	3	3	3	3	2	2	2	2	2	1	2	3	2	3	3	3	
0	2	3	2	2	1	2	2	1	3	3	2	2	2	2	2	3	3	0	3	2	2	2	2	3	2	2	1	3	2	1	3	2	2	1	2	2	2	3	2	3	2	3	3	1	1	2	3	3	3	3	
0	2	3	3	3	2	3	1	3	3	2	2	1	1	2	2	2	2	2	0	3	2	2	2	2	2	3	1	3	1	2	2	3	3	2	2	2	1	3	3	2	2	2	2	2	1	3	1	2	3	3	
0	2	2	2	3	2	2	3	3	2	1	3	2	2	2	3	3	3	3	3	0	2	3	2	2	2	2	1	3	3	2	3	2	2	3	2	1	2	2	2	2	2	3	3	3	2	3	3	1	3	1	
0	3	3	2	1	2	1	2	2	2	1	2	1	2	1	1	2	2	2	2	1	0	2	3	2	1	3	2	3	2	2	2	2	3	2	3	2	3	3	2	1	2	1	3	3	2	3	2	2	2	2	
0	3	2	2	2	2	2	3	2	3	2	3	2	2	2	2	3	3	3	3	2	1	0	1	3	2	2	2	4	3	3	2	2	3	2	3	3	3	3	1	2	3	2	1	2	2	3	3	2	2	2	
0	2	2	1	3	2	2	3	3	2	3	3	2	2	3	2	2	3	3	3	2	2	2	0	3	2	2	1	3	3	2	2	2	2	1	2	2	3	2	1	3	2	3	3	2	2	2	3	1	3	2	
0	2	3	3	2	2	3	2	2	2	2	2	2	3	3	3	3	1	1	3	3	2	1	2	0	2	2	1	1	2	2	2	3	1	2	2	2	2	3	2	3	1	3	2	2	2	3	2	3	2	3	
0	3	3	2	3	1	2	4	3	2	1	3	3	3	4	3	3	3	3	3	2	3	4	3	3	0	2	3	3	2	2	3	2	2	3	2	2	3	3	2	2	2	3	3	3	3	2	3	2	3	1	
0	3	3	3	2	3	3	3	2	3	3	3	1	3	4	2	2	2	2	2	3	3	2	3	2	3	0	2	2	3	3	2	3	2	3	1	2	2	2	3	1	3	2	3	3	3	4	3	3	3	3	
0	1	3	2	2	1	2	2	2	3	2	3	1	2	2	2	3	3	2	2	2	1	2	3	3	1	2	0	2	2	1	2	2	2	3	1	1	2	2	2	2	3	2	3	3	3	3	3	3	3	2	
0	4	2	3	2	2	2	3	3	3	2	3	2	2	2	3	2	3	3	2	3	2	2	2	3	1	1	3	0	1	3	1	3	3	3	2	3	2	2	3	2	3	2	3	3	3	3	2	3	3	2	
0	3	3	2	2	2	3	3	2	2	3	3	3	1	2	3	3	2	2	2	3	3	2	1	2	2	3	2	3	0	3	3	3	3	2	3	2	2	3	2	1	3	2	3	3	3	3	3	2	3	3	
0	3	2	2	1	2	1	3	2	3	3	3	3	1	2	2	3	2	2	3	2	3	2	2	2	2	3	2	3	1	0	3	1	3	3	2	3	3	3	3	2	2	3	2	3	2	4	3	2	2	2	
0	3	2	2	3	2	1	2	2	2	1	3	2	1	2	3	2	2	2	1	2	2	1	2	2	2	2	2	3	2	2	0	2	2	3	3	2	2	3	2	2	2	1	2	3	2	2	2	2	2	1	
0	3	2	2	2	2	3	3	1	3	3	2	3	1	2	3	3	2	2	2	2	3	2	3	2	2	3	2	2	3	2	2	0	2	3	1	2	2	2	2	1	1	2	1	3	2	3	3	3	2	3	
0	3	2	2	2	2	2	3	1	1	2	2	1	2	3	3	2	2	2	3	2	3	2	3	1	2	2	2	2	2	1	2	2	0	1	2	2	2	3	1	3	2	2	1	2	2	3	1	3	2	2	
0	3	3	2	3	2	1	2	2	2	3	3	2	1	2	3	3	2	2	2	2	2	1	2	2	2	3	2	2	3	2	2	3	1	0	1	3	2	2	2	3	2	2	2	3	1	4	2	3	2	3	
0	2	3	3	3	2	2	2	2	2	2	3	2	2	3	2	2	3	3	1	3	2	2	3	2	2	2	1	1	2	2	1	3	1	2	0	2	1	1	2	3	3	2	2	2	2	3	2	2	3	2	
0	3	3	3	3	2	3	3	2	4	3	3	2	1	2	2	4	3	2	3	3	3	2	2	2	2	2	2	3	4	3	3	1	3	3	2	0	3	3	3	2	2	3	2	3	3	4	4	3	3	3	
0	2	2	2	2	2	2	2	2	2	2	2	2	2	3	1	2	3	2	2	2	3	2	2	2	3	3	3	2	2	3	1	2	2	2	3	3	0	2	2	3	2	1	3	3	2	3	3	1	3	2	
0	2	2	3	3	2	3	3	3	2	2	3	1	3	2	2	1	2	2	3	3	2	2	3	1	2	2	1	2	3	2	2	2	2	3	2	2	3	0	2	3	2	3	2	1	3	2	3	3	3	3	
0	3	3	3	3	3	2	2	2	3	2	3	2	2	2	2	3	3	3	2	1	3	2	3	3	3	1	2	3	3	3	1	1	2	3	2	2	3	3	0	2	2	2	2	1	3	2	2	2	3	1	
0	3	3	2	1	2	2	2	1	2	2	2	2	2	3	2	2	1	1	1	2	3	2	3	1	3	2	2	2	2	2	3	2	2	2	3	3	2	3	2	0	2	1	3	2	2	3	2	2	2	3	
0	3	3	2	1	2	3	2	2	2	2	1	3	2	2	2	3	1	2	3	2	3	3	3	3	3	2	2	3	3	2	2	2	3	3	2	3	3	3	1	3	0	3	3	2	3	3	3	2	4	2	
0	3	2	2	3	1	3	2	3	2	2	3	3	1	2	3	1	3	2	3	1	2	2	2	2	2	2	2	2	1	2	3	2	2	3	2	2	3	2	2	2	3	0	3	3	1	4	3	2	3	2	
0	2	1	1	2	1	2	3	3	2	2	3	2	3	3	2	2	3	3	2	2	2	3	4	2	2	2	2	3	3	2	2	2	3	3	2	3	2	3	3	3	3	3	0	2	3	2	2	3	1	3	
0	3	3	2	2	3	3	2	3	3	2	2	3	2	1	1	3	2	2	3	3	3	2	3	2	2	3	3	3	2	2	2	3	3	2	3	2	3	3	2	3	1	3	3	0	3	2	3	2	2	3	
0	3	3	2	4	2	3	1	3	3	3	3	3	3	4	3	2	2	2	2	3	3	3	1	3	3	3	2	2	2	3	2	3	2	2	1	3	2	2	2	3	3	2	2	3	0	3	2	2	3	3	
0	3	1	3	2	2	2	3	2	2	2	2	2	2	3	2	3	2	1	2	2	3	3	3	3	3	3	2	3	3	2	2	2	3	2	2	3	1	3	2	3	1	2	3	2	2	0	3	2	2	3	
0	4	2	3	3	2	2	3	3	2	1	3	1	2	3	3	2	3	2	3	2	2	1	2	3	1	3	3	3	3	2	2	2	2	1	2	3	3	3	2	2	2	3	2	3	2	3	0	3	3	2	
0	1	1	2	2	2	3	2	2	1	2	2	1	3	3	3	2	2	2	2	3	3	3	1	2	2	3	2	2	3	2	2	2	1	2	2	3	3	1	2	3	1	2	2	2	1	3	2	0	2	3	
0	3	3	2	1	3	1	3	2	2	1	3	3	2	3	2	2	2	2	2	2	3	2	3	1	3	2	2	2	2	3	1	1	2	3	2	3	2	2	2	2	2	2	2	3	3	3	3	2	0	2	
0	2	2	3	3	3	2	3	2	2	1	3	2	2	3	3	3	2	2	3	3	3	3	2	2	3	1	3	3	2	2	3	2	1	2	2	1	2	2	2	2	2	3	2	2	2	2	2	1	3	0	
M1
0	0	0	0	0	0	0	0	0	0	0	0	0	0	0	0	0	0	0	0	0	0	0	0	0	0	0	0	0	0	0	0	0	0	0	0	0	0	0	0	0	0	0	0	0	0	0	0	0	0	0	
0	0	3	3	2	2	2	2	3	3	3	1	3	3	3	2	3	2	3	3	2	2	3	3	1	1	2	2	3	2	3	3	1	3	3	2	3	2	1	3	2	2	2	2	2	2	2	3	2	3	3	
0	2	0	2	2	2	2	2	2	2	1	3	3	2	2	2	3	3	3	1	3	2	3	3	2	1	2	2	1	1	2	3	2	3	1	2	2	3	2	2	3	2	3	4	1	2	2	1	2	3	1	
0	1	2	0	2	2	2	2	2	1	2	1	2	3	2	1	2	1	3	2	3	1	2	1	2	2	1	3	2	2	3	2	2	1	3	1	3	2	2	3	3	2	2	2	2	2	2	2	2	2	2	
0	1	2	2	0	3	3	2	3	2	1	2	2	1	3	3	2	3	3	3	3	3	1	3	2	2	3	1	1	3	2	1	2	2	3	3	2	2	2	3	3	3	2	3	3	2	2	3	3	3	2	
0	2	2	3	2	0	2	2	2	1	2	1	2	1	2	2	2	2	2	2	2	1	2	1	2	3	1	2	3	2	2	2	3	3	2	2	2	3	1	2	3	2	2	2	2	2	2	2	2	1	2	
0	4	3	3	3	2	0	3	3	3	3	2	2	1	3	3	3	3	3	3	3	3	4	2	3	3	2	3	4	3	2	3	2	4	1	3	4	4	2	3	3	3	3	3	3	2	1	3	3	3	4	
0	2	3	3	3	2	3	0	3	3	3	2	2	3	2	2	2	3	1	2	3	3	2	3	2	1	2	3	4	1	3	1	2	3	3	3	4	3	2	2	3	3	3	3	2	2	2	3	2	3	2	
0	3	3	3	3	1	2	3	0	2	2	2	3	2	3	2	2	3	2	3	2	2	3	2	2	1	2	3	4	3	1	3	2	2	3	3	3	2	2	1	3	3	3	3	3	2	2	3	2	2	2	
0	1	1	3	2	2	2	2	2	0	2	1	3	3	2	2	3	3	3	1	3	2	1	1	2	2	3	3	2	2	2	3	2	2	2	1	2	2	2	2	3	2	3	2	2	2	3	2	2	1	2	
0	2	1	3	3	3	2	3	3	1	0	2	2	2	2	2	2	3	3	2	3	3	2	2	1	2	3	1	2	2	2	3	1	3	2	2	3	3	3	3	2	3	2	3	2	1	2	2	3	2	2	
0	2	2	2	1	1	1	1	2	2	2	0	3	2	2	3	2	3	2	2	2	1	2	2	2	2	2	2	2	1	3	2	3	3	2	2	2	3	2	3	3	1	2	1	1	2	2	2	3	2	2	
0	2	2	2	2	3	1	3	3	2	1	3	0	2	2	2	3	3	2	2	1	3	2	1	2	3	2	2	3	3	3	3	1	3	2	2	3	3	2	3	2	2	2	3	1	2	2	3	1	2	3	
0	4	3	4	3	3	2	3	2	3	3	2	2	0	3	3	2	3	3	3	3	3	4	2	4	3	2	4	4	3	2	3	3	4	3	4	4	4	4	3	4	3	3	3	3	2	1	2	3	4	4	
0	1	3	2	3	2	2	3	3	3	2	2	3	2	0	1	2	3	2	4	1	3	2	2	2	2	3	3	4	2	3	2	2	3	3	3	3	3	2	4	3	3	3	3	2	2	3	3	2	2	2	
0	2	3	1	2	2	3	2	2	2	2	2	3	2	2	0	3	2	3	3	2	2	3	1	3	2	2	3	3	1	3	3	2	2	2	2	2	3	2	3	2	2	3	3	1	2	2	2	1	1	1	
0	2	3	3	1	1	1	3	2	2	2	2	3	2	3	3	0	3	3	3	3	2	2	2	3	2	2	2	2	3	2	2	3	2	2	3	3	3	2	3	3	3	3	3	3	3	2	1	3	2	3	
0	3	3	3	2	2	1	2	2	3	2	1	3	2	2	2	2	0	3	2	2	1	2	2	2	2	2	3	3	1	2	1	3	3	2	1	3	2	3	3	2	2	3	2	2	2	2	2	3	2	2	
0	2	2	3	2	2	2	2	3	3	2	1	2	2	3	3	3	3	0	3	3	2	1	3	3	3	3	3	3	2	2	3	1	2	3	3	3	2	2	3	2	2	2	2	2	1	2	3	3	3	3	
0	3	4	2	3	2	3	1	4	3	3	3	3	3	3	3	3	2	2	0	2	3	3	2	2	2	3	4	2	2	2	2	3	3	3	2	3	3	3	1	2	1	3	4	2	3	2	3	3	3	3	
0	2	2	2	2	2	1	3	2	3	2	2	2	1	3	1	3	3	1	3	0	2	1	2	3	3	2	3	3	2	2	3	1	2	2	2	2	2	2	3	2	2	2	3	1	1	2	3	2	1	2	
0	3	2	3	2	2	2	2	1	2	1	1	3	3	3	2	1	3	3	3	3	0	3	3	1	2	2	2	3	2	2	3	2	3	3	3	2	3	2	2	3	2	3	2	2	2	2	1	3	1	1	
0	3	2	3	3	3	2	3	2	2	1	2	3	3	2	2	3	2	2	2	2	3	0	3	2	2	2	2	3	2	1	3	2	1	3	2	3	1	1	3	3	2	2	3	3	2	2	2	2	3	2	
0	2	2	2	3	3	3	3	3	3	3	3	2	2	1	1	3	3	2	3	2	3	3	0	2	3	2	2	3	2	2	3	3	2	3	2	3	3	3	4	3	3	3	2	2	1	2	3	2	2	2	
0	3	3	3	2	2	2	3	3	2	2	2	2	2	3	3	4	3	3	3	3	3	3	2	0	3	2	3	2	3	2	3	3	2	3	3	3	2	3	4	3	2	3	3	3	2	1	3	3	3	4	
0	2	2	2	2	3	2	3	2	3	3	2	2	2	2	1	3	2	3	3	2	3	3	2	1	0	2	2	3	2	2	3	2	3	2	2	3	3	1	3	2	2	2	3	2	1	1	3	1	2	2	
0	2	3	2	2	2	1	2	2	3	2	1	1	2	2	2	2	1	3	1	2	2	2	2	2	2	0	2	3	1	3	1	2	3	2	2	3	2	3	2	2	2	1	2	2	2	2	2	1	3	2	
0	3	3	2	3	3	2	3	2	2	3	2	2	3	3	2	4	2	2	2	3	3	3	2	1	2	2	0	3	2	1	3	3	3	2	3	3	2	2	3	2	3	1	3	2	2	1	2	3	2	3	
0	1	3	1	3	2	2	1	3	2	3	2	2	3	3	2	3	2	2	2	3	2	3	2	2	2	2	3	0	2	1	2	2	2	3	2	1	3	2	3	3	3	3	3	2	2	1	2	3	3	3	
0	2	3	2	3	1	2	3	3	2	3	2	2	2	1	2	3	2	3	2	2	2	3	2	2	1	1	3	4	0	3	2	3	3	3	3	3	3	2	3	2	3	2	3	3	2	2	3	2	2	3	
0	3	2	2	2	3	3	3	3	2	3	2	2	2	3	1	3	3	1	2	3	3	2	2	2	1	2	2	3	2	0	2	2	3	3	3	3	3	2	3	3	3	3	3	2	1	2	3	2	2	2	
0	3	2	3	2	2	2	4	2	2	3	3	3	3	2	2	1	2	4	3	3	3	3	3	2	1	3	3	3	3	3	0	3	3	3	3	3	4	2	3	3	3	3	4	3	2	2	2	2	3	1	
0	2	3	2	3	3	1	3	2	2	3	3	2	2	3	2	3	2	3	2	3	2	3	3	2	3	3	2	4	2	2	2	0	2	2	3	3	2	3	2	1	3	1	4	2	3	2	2	2	3	3	
0	3	1	3	3	2	2	3	1	3	2	2	2	3	3	2	3	3	3	2	3	3	4	2	3	2	2	3	2	2	2	3	3	0	2	3	3	1	2	2	3	3	3	3	2	2	1	1	3	3	2	
0	3	4	2	4	4	2	4	3	3	3	3	2	3	4	3	4	2	3	3	2	3	3	3	2	4	2	2	4	3	3	3	3	3	0	2	4	3	1	2	3	4	2	4	3	3	2	3	3	3	3	
0	3	2	2	2	2	2	3	2	2	1	2	3	2	2	1	2	3	3	3	3	3	1	1	2	3	2	2	2	2	2	3	2	2	3	0	2	1	2	3	3	2	3	3	1	2	3	2	2	2	2	
0	1	2	2	2	3	1	2	2	2	2	2	3	2	3	2	2	3	3	1	3	1	2	2	2	2	2	3	1	2	2	1	2	1	2	1	0	2	2	2	2	2	3	3	2	3	2	1	3	2	2	
0	2	3	3	2	2	2	2	3	3	3	1	2	3	3	3	3	2	3	3	2	2	3	3	2	3	2	2	3	2	2	2	3	4	3	2	3	0	1	3	3	2	2	2	2	3	3	3	3	3	3	
0	3	3	3	3	3	1	3	2	3	2	2	2	2	3	2	3	1	2	2	1	2	2	2	1	3	1	1	3	2	2	2	2	3	2	1	3	2	0	2	2	3	1	3	2	2	2	2	2	2	2	
0	3	3	2	3	3	2	4	3	3	3	3	3	2	4	2	3	3	2	3	1	2	2	3	3	2	3	3	4	3	1	3	2	2	3	3	3	3	2	0	3	3	3	4	2	2	2	3	3	2	3	
0	1	2	1	3	2	3	3	2	1	2	2	2	3	2	1	2	2	2	2	3	1	2	2	2	2	2	2	3	1	1	1	2	2	1	2	3	3	2	3	0	3	3	3	2	2	3	1	2	2	2	
0	3	3	3	3	1	2	3	3	2	3	2	2	2	3	2	3	3	2	3	1	2	2	2	1	3	2	3	3	3	2	3	2	2	3	3	3	3	2	3	3	0	3	3	2	2	1	3	3	2	3	
0	2	3	2	2	2	2	2	1	2	2	2	3	2	2	2	3	1	3	1	3	2	3	3	1	2	2	1	3	1	2	2	3	3	2	2	2	1	2	2	1	2	0	3	1	3	2	1	3	3	3	
0	2	1	2	2	2	2	2	2	3	2	1	3	2	3	2	3	2	2	2	1	2	2	2	2	1	2	2	2	2	3	3	2	2	2	1	3	2	1	3	2	2	1	0	2	2	2	2	2	2	2	
0	2	2	1	1	2	2	3	3	2	1	2	2	1	3	2	3	2	3	2	2	2	2	2	2	3	1	2	2	2	3	2	2	2	3	1	3	2	3	3	3	1	2	3	0	2	2	2	2	3	3	
0	3	1	3	3	3	2	3	2	3	2	2	1	1	3	3	3	3	3	2	2	3	3	2	3	2	2	3	2	2	2	2	2	4	2	2	3	2	3	3	3	3	2	3	2	0	1	2	2	3	2	
0	3	2	3	2	2	1	2	3	3	2	1	1	2	2	2	3	2	2	2	2	2	3	1	3	2	1	3	3	2	1	2	2	3	2	3	3	3	3	3	3	2	2	2	2	1	0	3	2	3	3	
0	3	2	3	3	3	2	3	3	2	1	2	2	3	3	2	3	2	2	2	3	3	3	3	2	1	1	2	3	2	2	2	2	4	3	3	3	3	2	3	2	2	2	3	2	2	2	0	2	3	3	
0	1	3	2	1	2	3	3	3	2	2	2	3	2	1	2	3	3	2	3	2	2	2	1	2	2	3	2	2	2	2	2	2	3	1	3	3	3	2	3	1	1	3	3	3	2	2	2	0	2	3	
0	2	2	2	1	2	2	3	1	3	2	2	2	2	2	3	2	3	3	2	3	1	2	3	2	2	2	2	2	1	2	2	3	2	3	2	1	3	3	2	3	2	3	3	1	1	2	2	3	0	2	
0	3	3	4	3	1	3	3	1	2	3	2	3	2	3	3	3	3	3	3	3	2	2	2	3	2	2	2	4	3	2	3	2	3	3	3	3	3	2	2	3	2	3	3	3	2	3	3	3	2	0	
M2
0	0	0	0	0	0	0	0	0	0	0	0	0	0	0	0	0	0	0	0	0	0	0	0	0	0	0	0	0	0	0	0	0	0	0	0	0	0	0	0	0	0	0	0	0	0	0	0	0	0	0	
0	0	1	2	3	2	2	3	3	3	3	3	3	3	4	2	3	2	2	3	3	3	1	3	2	2	1	3	3	2	3	3	4	4	2	3	3	3	3	2	2	4	3	2	4	3	3	2	3	3	3	
0	2	0	1	3	2	3	3	2	3	3	3	2	2	4	2	2	2	2	2	3	2	1	3	3	2	1	3	2	2	2	3	3	3	2	3	2	2	3	2	1	3	3	2	4	3	2	1	2	2	3	
0	3	2	0	3	2	3	3	1	3	3	3	2	3	3	3	2	3	3	1	2	1	3	3	2	3	3	3	2	2	3	2	3	2	3	2	3	3	3	4	2	2	3	3	3	2	3	2	2	2	3	
0	3	2	2	0	3	2	2	3	1	2	3	2	2	2	3	2	3	3	1	3	2	3	3	2	3	2	3	2	2	3	2	2	2	3	2	1	1	3	2	2	2	2	2	4	2	3	3	2	3	2	
0	2	3	3	3	0	3	1	3	2	3	4	3	2	2	2	3	3	2	3	3	2	3	4	4	3	3	2	3	2	2	3	3	2	3	2	3	1	3	3	3	2	2	2	4	3	3	3	2	3	1	
0	2	2	2	3	3	0	3	3	1	3	3	2	3	2	2	3	2	3	3	3	2	1	3	3	2	2	2	4	2	4	2	4	2	2	1	2	3	3	2	2	3	2	3	3	3	2	3	2	3	3	
0	1	2	3	2	2	2	0	3	2	3	3	2	3	3	2	3	2	2	3	2	1	2	3	3	2	2	2	2	3	1	2	2	3	3	1	3	2	4	2	2	1	3	3	3	3	3	2	1	2	2	
0	3	3	1	2	2	2	2	0	3	3	3	3	3	2	3	2	2	2	2	1	2	3	3	3	3	3	2	3	1	2	1	3	2	3	3	2	2	2	3	2	3	2	3	2	3	2	3	1	3	2	
0	3	2	1	3	2	3	3	2	0	2	3	2	3	1	2	3	3	2	2	2	1	3	3	3	2	1	3	3	3	3	1	4	2	2	3	2	2	4	3	3	2	1	2	3	3	2	2	3	3	3	
0	2	3	3	1	3	3	3	3	2	0	3	3	3	3	2	3	4	3	2	3	3	1	3	3	2	3	3	3	2	4	3	3	3	2	3	2	2	3	2	3	3	3	3	2	3	3	4	3	3	3	
0	2	2	3	1	2	3	3	3	2	3	0	3	3	2	2	2	2	3	2	3	1	2	3	2	2	3	3	3	3	1	3	2	3	1	2	2	2	1	2	3	2	3	2	3	3	3	2	3	2	2	
0	2	2	3	2	2	2	3	2	2	2	3	0	2	3	1	3	1	3	2	3	3	3	2	1	2	2	3	3	3	4	2	4	3	2	2	2	2	4	3	3	1	2	3	3	2	2	3	2	3	3	
0	2	2	3	3	2	2	3	3	2	3	2	3	0	3	2	2	2	2	3	1	3	3	3	3	4	1	2	2	2	2	3	3	2	2	2	2	3	3	2	3	4	3	2	4	3	1	1	2	1	2	
0	2	2	3	2	1	3	2	2	3	1	3	1	3	0	2	2	2	1	3	3	3	2	3	2	3	1	3	4	2	3	2	3	3	2	3	3	2	3	3	2	2	3	2	3	2	3	3	2	3	2	
0	3	1	2	1	1	3	2	2	2	2	2	3	3	3	0	2	2	3	1	3	2	2	3	3	3	2	3	2	3	3	3	3	2	2	2	2	2	3	2	2	3	1	3	3	2	1	2	3	3	2	
0	2	2	2	3	2	2	2	2	1	2	2	2	3	2	2	0	1	1	2	1	2	2	3	3	3	1	2	3	1	2	1	3	2	2	2	2	2	2	3	2	2	2	2	4	2	1	3	2	3	2	
0	2	2	2	3	3	2	3	3	1	3	2	1	2	2	2	2	0	3	3	3	2	3	2	2	3	2	2	3	3	3	2	3	3	1	1	2	2	3	3	2	2	2	2	3	3	3	3	3	3	3	
0	1	2	2	2	3	2	3	1	2	1	2	3	3	3	2	1	2	0	2	2	3	2	3	3	3	2	3	3	1	3	2	4	3	3	3	3	1	2	3	3	2	2	2	3	1	2	3	2	2	2	
0	3	1	2	3	2	2	3	2	2	2	2	2	2	3	2	1	2	2	0	2	1	2	3	2	3	2	2	1	2	3	2	4	1	2	1	3	3	3	3	1	2	3	2	3	1	2	2	2	2	2	
0	2	2	3	2	2	1	2	2	2	3	2	2	2	3	2	3	2	2	3	0	2	2	3	3	3	3	1	3	2	1	2	2	2	3	2	1	3	3	2	2	3	2	3	4	3	1	2	1	2	1	
0	3	3	3	3	1	3	2	2	3	3	3	2	3	3	2	2	2	2	2	3	0	3	2	3	2	2	3	2	3	2	2	3	3	2	3	4	2	4	3	3	1	3	3	2	3	2	1	2	3	2	
0	1	2	3	3	2	3	3	2	3	3	2	3	3	3	2	2	3	2	2	3	2	0	2	3	1	2	2	3	1	3	2	3	3	1	3	4	2	2	1	3	3	3	2	3	2	2	3	2	2	3	
0	2	2	2	2	2	2	3	2	2	2	2	3	1	2	3	1	2	2	1	2	2	1	0	1	2	2	3	2	2	3	1	3	2	1	2	3	2	3	2	2	3	2	2	4	2	1	2	1	2	3	
0	1	2	2	2	2	1	3	1	2	1	2	3	2	3	3	2	3	3	2	2	2	2	1	0	3	1	3	3	2	3	2	3	3	1	2	3	1	3	3	2	2	2	2	3	3	2	2	2	3	3	
0	2	3	2	3	2	3	3	2	3	3	2	2	3	2	2	3	3	3	3	2	3	3	2	3	0	3	3	4	3	3	1	4	2	3	3	3	2	3	3	3	3	2	3	3	1	3	3	3	2	3	
0	2	1	2	3	1	2	2	3	3	3	2	2	3	3	2	2	3	2	3	3	2	2	4	3	3	0	3	3	3	3	3	3	3	1	2	2	2	3	3	2	3	3	1	3	3	3	2	3	3	2	
0	2	2	2	2	3	3	2	1	3	2	3	3	1	3	2	2	3	1	3	2	2	3	2	3	3	2	0	2	2	2	2	3	3	3	3	3	2	3	1	2	3	3	3	3	2	2	1	2	2	3	
0	2	1	2	2	2	2	3	1	3	1	1	3	3	3	3	3	3	3	3	1	1	2	2	1	3	2	2	0	2	2	2	3	1	2	3	2	2	2	3	2	2	3	1	3	3	2	2	2	2	2	
0	3	2	3	3	3	3	3	2	2	3	2	3	3	2	3	1	2	2	1	2	2	2	2	2	2	2	3	2	0	3	2	3	2	3	2	3	1	1	3	2	2	2	2	3	2	1	3	2	3	3	
0	1	1	2	2	2	3	3	2	1	3	2	3	2	2	2	3	2	2	3	2	2	2	2	3	2	2	2	3	3	0	2	1	3	3	2	3	2	3	1	2	3	2	2	3	3	3	2	2	1	1	
0	2	2	1	3	2	2	3	2	3	2	3	2	3	1	2	3	2	2	2	1	2	3	4	3	3	2	2	3	2	2	0	3	1	2	3	2	1	3	3	2	2	1	2	3	3	2	3	2	3	2	
0	3	2	2	1	2	2	3	2	2	3	3	2	1	2	2	2	2	3	2	1	1	2	1	2	1	2	2	2	3	2	1	0	2	2	1	2	2	2	3	2	2	2	3	3	2	2	2	2	2	2	
0	2	2	3	3	2	3	3	3	2	3	2	2	2	3	2	3	2	3	3	3	1	3	3	3	3	1	2	3	4	3	3	4	0	2	3	3	3	3	3	1	2	2	2	3	2	1	2	2	3	1	
0	1	2	3	2	3	2	3	3	2	3	1	3	3	3	3	1	2	2	3	2	2	2	3	3	3	2	3	2	2	2	2	2	3	0	3	3	2	2	3	3	2	3	1	4	3	2	3	3	3	2	
0	3	1	2	2	2	1	3	2	2	3	3	1	2	3	1	3	1	2	2	3	3	2	3	2	3	2	1	3	2	3	3	4	3	2	0	3	3	3	2	1	2	2	3	2	3	2	2	2	2	2	
0	2	2	3	2	2	1	1	2	2	2	3	1	1	3	2	3	2	2	3	2	2	2	2	2	2	2	2	3	3	2	2	3	2	3	2	0	2	4	1	2	2	1	3	3	3	2	2	1	2	1	
0	3	2	3	2	2	2	3	2	3	2	3	2	3	3	2	2	2	2	2	3	3	3	3	3	2	2	3	2	1	4	2	4	3	3	3	3	0	2	4	2	1	1	1	3	3	2	3	1	4	2	
0	2	2	2	3	2	2	3	2	1	2	3	2	3	1	2	2	1	2	1	3	2	1	2	1	1	2	2	2	2	4	2	4	2	2	1	3	2	0	2	2	3	2	3	3	2	2	3	3	3	3	
0	3	2	2	2	2	3	3	1	3	3	3	3	2	2	1	2	2	2	2	2	1	2	1	2	3	1	3	3	2	3	2	4	3	2	2	3	2	3	0	2	2	2	2	3	3	2	2	1	2	3	
0	2	3	2	2	2	3	3	3	2	3	2	1	1	3	2	2	1	2	3	2	3	3	2	2	2	2	3	3	3	3	3	3	3	1	2	3	3	3	3	0	2	3	2	4	3	2	2	1	2	3	
0	3	3	2	2	2	3	3	3	3	3	3	1	3	2	2	3	2	2	3	2	3	4	3	2	1	3	3	3	2	3	1	4	2	2	3	3	1	3	3	2	0	2	2	4	2	3	4	1	3	3	
0	3	1	2	2	2	3	3	1	3	1	3	3	3	3	1	3	3	3	2	2	3	2	3	4	3	2	3	3	2	3	2	4	3	3	3	2	3	3	3	2	4	0	3	2	3	2	2	2	3	3	
0	3	3	2	3	3	1	2	3	2	4	4	3	2	3	2	3	3	3	3	3	2	2	4	4	3	3	2	4	2	3	3	3	3	3	2	3	2	3	3	3	3	3	0	4	4	3	3	3	3	1	
0	2	3	2	3	3	1	3	2	1	3	2	1	2	2	2	3	2	2	3	1	2	1	3	2	2	2	1	3	2	2	2	3	3	2	2	2	2	2	2	3	2	2	3	0	3	2	2	2	3	2	
0	2	2	3	2	2	3	3	3	2	3	3	3	3	3	1	2	2	3	2	3	3	3	4	4	3	3	3	3	3	3	3	4	3	3	2	3	3	4	3	3	2	2	2	4	0	2	2	3	1	3	
0	2	3	2	2	2	3	2	3	1	3	1	2	3	2	3	3	1	3	3	3	2	3	3	3	3	2	3	4	4	2	2	3	1	2	2	3	3	2	3	2	3	2	3	4	3	0	3	3	3	2	
0	2	2	3	2	2	2	3	2	2	2	2	3	3	3	1	1	2	1	2	2	2	3	3	2	3	2	2	1	2	1	2	2	2	3	3	3	2	3	2	3	3	2	2	4	2	1	0	2	2	2	
0	2	3	3	1	1	3	2	2	2	2	3	2	2	3	3	2	1	1	2	3	2	3	3	3	3	3	3	3	2	3	3	3	3	2	2	2	2	3	3	1	3	3	3	4	2	3	3	0	3	2	
0	1	2	2	2	3	2	3	3	1	3	3	2	3	2	2	2	2	2	3	3	2	2	4	3	3	2	2	2	3	2	2	3	3	3	1	3	3	4	3	2	3	2	1	3	3	2	1	3	0	2	
0	3	2	2	2	2	2	3	2	1	3	3	3	1	2	1	3	3	2	2	2	1	3	3	4	3	2	1	3	3	3	2	4	3	2	3	3	3	4	2	2	2	2	3	3	3	2	2	3	2	0	
M3
0	0	0	0	0	0	0	0	0	0	0	0	0	0	0	0	0	0	0	0	0	0	0	0	0	0	0	0	0	0	0	0	0	0	0	0	0	0	0	0	0	0	0	0	0	0	0	0	0	0	0	
0	0	2	3	2	2	3	3	3	3	3	2	4	3	3	2	2	3	2	3	1	2	3	4	2	3	3	2	3	3	1	3	3	1	3	2	3	3	3	1	3	3	3	3	2	2	2	4	3	3	2	
0	2	0	2	1	3	3	3	2	2	1	2	4	2	2	2	3	3	3	1	2	1	3	3	2	2	3	3	3	1	2	3	2	2	3	2	2	2	3	2	2	2	2	3	2	3	3	2	2	3	1	
0	2	1	0	2	3	2	2	2	1	2	2	3	3	2	2	3	2	3	2	2	1	1	2	3	2	3	3	2	2	2	3	3	3	2	3	2	2	2	3	2	2	2	3	2	3	3	3	3	3	2	
0	2	3	2	0	3	2	3	2	3	1	2	4	3	2	1	2	3	3	3	2	3	2	3	1	2	3	3	3	2	3	3	2	2	2	3	3	1	2	1	1	2	2	3	2	2	2	2	3	3	2	
0	3	3	3	3	0	4	3	3	3	4	3	2	3	3	3	2	3	3	4	2	3	3	3	3	3	4	3	3	3	4	4	3	4	3	3	3	1	2	2	1	3	2	3	3	2	3	2	2	2	4	
0	3	2	1	3	3	0	3	3	2	2	3	3	3	3	3	3	3	3	3	2	2	2	2	3	1	3	2	3	3	1	3	4	3	2	3	2	3	3	2	3	3	3	2	3	2	2	3	3	3	3	
0	2	3	2	3	3	2	0	3	2	3	2	1	3	2	3	2	3	2	2	3	3	3	3	2	2	1	2	2	2	2	3	2	2	2	1	2	2	2	3	3	2	1	2	3	2	3	3	3	3	2	
0	3	2	2	2	3	4	2	0	3	3	1	3	2	2	3	2	3	3	2	3	3	1	3	3	2	3	2	2	3	3	3	1	2	2	2	2	2	3	2	1	2	3	3	2	1	3	3	3	3	3	
0	1	3	2	3	3	1	3	2	0	2	2	4	3	3	1	2	1	3	2	1	3	3	3	3	2	4	2	3	2	2	2	2	2	3	2	2	3	3	2	2	1	2	3	2	2	3	3	4	4	3	
0	3	2	3	2	2	3	3	3	3	0	3	3	4	3	3	2	3	2	3	2	3	3	2	3	1	3	2	3	2	3	3	2	1	2	2	2	1	2	2	3	3	1	2	1	2	2	3	3	3	2	
0	2	2	1	2	3	3	2	2	2	2	0	3	1	3	3	1	2	2	2	3	2	2	3	2	3	3	2	2	2	2	2	3	2	3	1	1	1	2	2	1	2	2	2	2	1	2	2	3	2	2	
0	3	2	1	2	3	3	1	2	2	2	3	0	2	3	3	3	3	1	3	3	2	2	2	3	1	2	2	2	3	2	2	3	2	2	2	2	2	3	3	3	1	2	2	2	1	2	3	3	2	3	
0	2	2	2	2	3	3	1	2	2	2	2	2	0	2	3	2	3	3	2	3	3	1	3	2	2	2	3	2	2	2	1	2	2	2	1	1	2	2	1	3	3	2	3	2	3	2	2	3	2	2	
0	2	1	2	2	3	3	1	2	2	2	2	2	1	0	1	1	1	1	2	3	2	1	2	2	3	2	2	2	1	2	2	2	2	2	2	2	1	2	1	2	1	2	2	2	2	2	2	1	2	2	
0	1	3	2	3	3	4	3	1	3	3	1	4	2	2	0	2	3	3	3	2	2	2	3	3	2	3	3	2	1	2	3	1	2	2	2	2	2	3	2	1	3	3	3	3	2	3	2	3	3	3	
0	2	3	2	2	2	3	2	2	2	2	3	3	3	3	3	0	1	1	2	3	2	3	2	3	3	2	2	3	1	2	2	2	2	4	2	3	2	3	3	3	2	3	1	1	1	2	2	3	2	3	
0	2	3	2	2	3	3	3	2	3	1	3	3	2	2	3	2	0	3	1	3	2	3	2	3	2	4	2	3	1	3	2	2	2	3	2	2	2	3	3	3	3	2	3	2	3	3	2	3	3	2	
0	2	2	1	2	2	2	2	1	1	2	2	2	2	3	2	2	2	0	3	2	2	2	3	3	2	3	2	3	3	1	1	2	1	3	2	2	1	2	2	2	2	3	3	1	2	2	2	3	1	2	
0	2	2	3	3	3	3	2	2	3	3	2	3	1	1	2	2	2	2	0	2	3	2	3	2	2	3	2	2	2	3	2	1	2	2	2	2	2	2	2	2	2	1	3	3	3	3	3	2	3	1	
0	3	3	3	3	2	3	2	3	2	2	3	3	3	3	3	1	2	2	2	0	3	4	3	3	3	3	3	3	2	3	3	2	3	3	2	3	3	2	3	3	3	2	2	1	2	2	3	3	3	3	
0	3	2	3	3	2	3	2	1	2	2	2	3	2	1	2	2	2	2	1	3	0	2	3	3	3	3	2	2	2	2	3	2	3	3	2	1	2	2	2	1	2	1	3	2	2	3	2	2	3	2	
0	3	1	2	2	2	3	1	3	3	2	1	2	2	1	2	2	2	2	1	2	2	0	3	3	2	2	2	1	2	2	3	2	3	1	2	2	2	3	2	2	2	2	2	1	2	2	2	2	2	2	
0	3	1	2	2	2	4	2	3	3	2	2	1	2	1	2	2	2	2	2	1	2	1	0	3	2	3	2	2	2	1	3	2	2	2	2	2	2	2	2	3	2	1	3	1	2	2	3	2	3	2	
0	2	2	2	2	2	1	2	3	3	2	2	3	3	2	3	3	3	3	2	2	2	1	3	0	2	3	2	2	2	2	3	2	3	1	2	2	2	3	3	3	2	3	2	1	1	2	3	2	2	1	
0	2	1	2	2	2	2	2	3	3	1	3	2	3	2	2	2	3	2	2	2	2	2	1	2	0	2	3	2	2	2	2	3	2	1	3	2	2	3	3	3	2	2	1	2	2	1	3	2	2	2	
0	2	3	2	3	3	1	3	2	1	3	2	3	2	2	2	3	2	3	3	2	3	3	3	2	2	0	3	2	3	2	3	1	2	3	1	3	2	3	2	2	2	2	2	3	3	3	2	3	3	2	
0	1	2	1	2	2	3	3	2	2	2	2	3	2	3	1	1	1	1	2	1	2	2	3	3	3	3	0	1	2	2	2	2	1	3	2	2	2	2	2	2	3	1	2	2	2	3	3	3	2	2	
0	2	3	2	3	3	3	3	2	2	2	3	3	3	4	2	2	2	1	3	2	3	3	4	3	3	4	1	0	3	2	2	3	2	3	3	3	1	2	3	3	3	2	3	2	2	3	3	4	2	3	
0	2	2	1	2	3	3	3	1	2	3	2	3	3	2	3	3	3	2	2	3	1	2	3	2	3	3	3	2	0	3	3	2	2	3	1	2	2	3	3	2	3	2	2	2	2	3	1	3	2	2	
0	2	2	2	2	3	4	3	2	3	3	2	4	2	2	2	2	2	2	2	1	1	3	4	3	3	4	1	2	3	0	3	3	2	4	2	2	2	3	1	2	2	2	3	2	1	2	3	3	3	3	
0	3	2	1	3	2	3	1	2	2	2	1	2	2	2	3	2	3	2	3	3	2	2	2	3	1	2	2	2	3	3	0	1	3	2	2	2	2	3	2	2	2	2	2	1	2	2	1	3	2	3	
0	3	2	3	3	3	3	2	1	2	2	2	3	2	1	2	2	2	2	3	2	3	2	2	3	1	2	2	1	2	3	3	0	3	2	3	3	2	3	1	1	2	3	2	2	2	2	3	2	3	3	
0	2	3	2	1	1	3	3	2	2	2	2	3	3	3	2	2	3	1	3	1	3	3	3	2	3	2	3	2	2	2	2	3	0	3	1	3	2	3	1	2	3	2	3	2	3	2	3	2	2	1	
0	2	2	2	3	2	3	3	2	3	2	3	2	2	2	3	2	3	3	2	1	1	3	3	2	2	2	2	2	1	1	2	3	3	0	2	2	2	3	2	2	1	2	1	2	2	1	2	2	1	2	
0	1	2	2	2	2	2	3	3	3	3	1	3	2	3	2	2	3	2	3	2	3	2	3	1	2	3	2	1	2	2	3	2	1	2	0	2	1	2	2	2	3	1	3	2	2	3	2	2	3	1	
0	2	1	3	2	3	2	4	2	1	1	3	3	3	3	2	3	2	2	2	2	2	3	3	3	2	3	2	3	2	1	3	3	2	2	3	0	2	3	2	3	2	2	2	2	2	3	1	3	2	2	
0	3	4	3	2	2	3	3	2	2	3	3	3	3	3	2	1	2	2	3	3	2	3	3	2	4	3	2	3	2	3	3	3	3	2	3	3	0	1	3	3	2	2	2	2	1	3	2	4	3	3	
0	2	3	3	3	3	2	3	1	1	3	2	2	3	2	2	2	2	2	3	2	2	2	3	3	3	3	3	3	2	2	3	2	3	1	2	2	3	0	3	2	2	3	2	2	2	2	1	3	2	3	
0	3	2	2	3	2	3	3	3	3	2	1	3	2	2	3	2	2	3	3	3	2	3	3	2	2	3	3	2	2	2	2	2	3	3	2	2	2	2	0	2	3	2	3	1	2	1	3	2	3	2	
0	4	3	2	4	3	4	2	3	3	3	2	3	2	2	3	3	3	3	3	3	2	3	3	3	3	3	3	2	3	3	3	3	4	2	3	3	3	3	1	0	3	3	3	2	3	2	4	3	3	3	
0	2	2	2	2	3	3	2	3	2	1	2	3	2	2	2	2	2	2	3	2	3	3	3	3	2	3	1	2	2	2	1	2	2	2	2	1	2	2	2	3	0	1	3	2	1	3	2	3	3	3	
0	2	2	2	3	3	3	3	2	2	2	2	2	3	2	2	2	2	2	3	2	2	3	2	2	2	3	1	2	1	2	2	1	2	2	1	1	2	1	2	2	3	0	3	3	3	3	2	3	3	2	
0	1	3	3	3	3	2	3	3	2	3	3	4	3	3	3	1	2	2	3	2	3	4	3	3	3	1	3	2	2	2	3	2	2	3	2	4	1	2	2	3	3	3	0	2	2	2	2	3	3	3	
0	2	2	2	3	1	3	3	2	2	1	2	2	3	2	3	3	3	3	3	3	2	3	3	2	2	3	2	2	3	2	2	1	2	3	1	3	2	3	2	2	3	2	3	0	3	1	3	2	3	2	
0	2	3	2	1	3	3	3	3	3	2	3	3	3	3	2	2	2	2	3	2	3	2	4	2	3	4	1	2	3	3	2	3	2	3	3	2	1	2	2	2	1	2	3	3	0	3	3	3	3	3	
0	2	1	1	2	1	2	2	2	2	1	2	3	2	2	3	3	3	2	2	2	1	2	2	1	1	3	2	1	2	1	1	2	2	2	2	2	2	3	2	2	2	2	2	1	2	0	2	1	2	1	
0	2	2	2	3	3	3	3	2	2	3	3	2	2	3	3	2	3	1	2	3	3	3	4	3	3	2	2	3	3	2	2	3	2	3	3	2	2	3	3	2	3	3	1	2	2	3	0	3	1	3	
0	2	1	3	2	2	2	3	2	3	2	3	2	2	2	2	3	2	2	2	2	2	2	1	1	3	2	2	3	2	2	2	2	2	2	2	2	3	2	3	3	1	2	3	1	2	2	3	0	1	2	
0	3	1	2	2	4	3	2	3	2	2	3	1	1	3	3	3	3	2	2	3	2	2	3	3	2	3	2	3	2	2	2	3	3	3	2	1	2	3	2	3	2	3	3	3	1	3	2	2	0	2	
0	1	2	2	2	3	2	3	3	3	3	1	3	2	3	3	2	3	3	3	1	3	2	2	1	3	2	3	3	3	2	3	3	2	2	2	2	2	3	2	2	2	3	3	2	2	2	2	1	2	0	
Tamanho_Tarefas
0	20	19	10	9	8	13	15	20	11	13	8	32	24	7	20	27	21	21	14	29	11	7	6	16	20	22	9	5	18	21	26	8	16	4	28	19	21	22	21	19	22	20	39	12	27	20	15	18	26	32	
Data_Entrega
0	254	191	180	244	262	248	188	228	229	246	187	203	185	256	214	193	182	224	206	199	240	180	188	215	183	244	192	190	242	183	198	249	181	248	205	179	223	181	233	235	243	194	218	244	182	198	258	190	228	228	
Penalidade_Atraso
0	7	10	4	20	20	3	14	8	1	8	18	18	2	18	1	19	5	17	18	5	16	17	9	13	1	8	10	2	19	17	11	20	14	19	5	20	3	14	5	9	14	5	16	3	20	12	6	9	14	18	
Capacidade_Veiculo
98	77	84	59	97	117	101	67	69	75	115	54	77	59	47	112	113	105	98	103	
Custo_Fixo_Veiculo
980	770	840	590	970	1170	1010	670	690	750	1150	540	770	590	470	1120	1130	1050	980	1030	
Coordenadas_Clientes
x	0	y	0
x	101	y	0
x	117	y	14
x	100	y	25
x	108	y	43
x	107	y	59
x	95	y	69
x	80	y	75
x	57	y	69
x	60	y	94
x	40	y	85
x	27	y	83
x	22	y	118
x	5	y	89
x	-7	y	117
x	-19	y	101
x	-31	y	97
x	-50	y	106
x	-40	y	63
x	-52	y	63
x	-66	y	62
x	-99	y	72
x	-74	y	40
x	-111	y	44
x	-81	y	20
x	-98	y	12
x	-83	y	0
x	-102	y	-12
x	-93	y	-24
x	-75	y	-29
x	-85	y	-46
x	-63	y	-46
x	-74	y	-69
x	-50	y	-60
x	-54	y	-86
x	-45	y	-96
x	-26	y	-82
x	-18	y	-98
x	-6	y	-102
x	6	y	-100
x	19	y	-101
x	29	y	-90
x	41	y	-87
x	43	y	-68
x	75	y	-90
x	61	y	-57
x	83	y	-60
x	73	y	-40
x	79	y	-31
x	119	y	-30
x	95	y	-12
Tempo_Viagem
0	101	117	103	116	122	117	109	89	111	93	87	120	89	117	102	101	117	74	81	90	122	84	119	83	98	83	102	96	80	96	78	101	78	101	106	86	99	102	100	102	94	96	80	117	83	102	83	84	122	95	
101	0	21	25	43	59	69	77	81	102	104	111	141	130	159	156	163	184	154	165	178	212	179	216	183	199	184	203	195	178	191	170	187	162	177	174	151	154	147	136	126	112	103	88	93	67	62	47	37	34	13	
117	21	0	20	30	46	59	71	81	98	104	113	140	134	160	160	169	190	164	175	189	222	192	229	198	215	200	219	213	196	210	189	207	182	198	195	172	175	168	157	147	133	124	109	112	88	81	68	58	44	34	
103	25	20	0	19	34	44	53	61	79	84	93	121	114	140	140	149	170	145	156	170	203	174	211	181	198	184	205	199	183	198	177	197	172	189	188	165	170	165	156	148	134	125	109	117	89	86	69	59	58	37	
116	43	30	19	0	16	29	42	57	69	79	90	113	112	135	138	148	169	149	161	175	208	182	219	190	208	195	217	211	196	212	192	213	188	207	206	183	189	184	175	167	153	144	128	136	108	105	88	78	73	56	
122	59	46	34	16	0	15	31	50	58	71	83	102	105	127	131	141	162	147	159	173	206	181	218	192	210	198	220	216	202	218	199	221	197	216	216	193	200	196	188	182	168	159	142	151	123	120	103	93	89	71	
117	69	59	44	29	15	0	16	38	43	57	69	87	91	112	117	127	148	135	147	161	194	171	207	182	200	190	212	209	196	213	195	218	194	215	216	193	201	198	191	186	172	165	146	160	130	129	111	101	101	81	
109	77	71	53	42	31	16	0	23	27	41	53	71	75	96	101	111	132	120	132	146	179	157	192	169	187	179	201	199	186	204	187	210	187	209	211	189	198	196	190	186	172	166	147	165	133	135	115	106	111	88	
89	81	81	61	57	50	38	23	0	25	23	33	60	55	79	81	91	112	97	109	123	156	134	169	146	164	156	178	176	164	182	166	190	167	190	193	172	183	182	176	174	161	156	137	160	126	131	110	102	115	89	
111	102	98	79	69	58	43	27	25	0	21	34	44	55	70	79	91	110	103	115	129	160	143	176	158	176	170	192	192	182	201	186	211	189	212	217	195	207	206	201	199	186	181	162	184	151	155	134	126	136	111	
93	104	104	84	79	71	57	41	23	21	0	13	37	35	56	61	71	92	82	94	108	139	122	155	137	155	149	171	171	161	180	166	191	170	194	199	179	191	192	188	187	175	172	153	178	143	151	129	122	138	111	
87	111	113	93	90	83	69	53	33	34	13	0	35	22	48	48	58	79	69	81	95	126	109	142	125	143	137	159	160	151	170	157	182	162	187	192	173	186	187	184	184	173	170	151	179	144	153	131	125	145	116	
120	141	140	121	113	102	87	71	60	44	37	35	0	33	29	44	56	72	82	92	104	128	123	151	141	159	157	179	182	175	194	184	209	191	217	224	205	219	221	218	219	208	205	186	214	179	188	166	159	175	148	
89	130	134	114	112	105	91	75	55	55	35	22	33	0	30	26	36	57	51	62	75	105	92	123	110	128	125	147	149	142	161	151	176	158	184	191	173	188	191	189	190	180	179	161	191	156	167	145	140	164	135	
117	159	160	140	135	127	112	96	79	70	56	48	29	30	0	20	31	44	63	70	80	102	101	126	121	137	139	159	164	161	180	172	197	182	208	216	199	215	219	217	219	210	209	191	221	186	197	175	170	193	164	
102	156	160	140	138	131	117	101	81	79	61	48	44	26	20	0	12	31	43	50	61	84	81	107	101	117	119	139	144	141	160	153	178	163	189	198	183	199	203	202	204	196	197	180	212	177	190	168	164	190	160	
101	163	169	149	148	141	127	111	91	91	71	58	56	36	31	12	0	21	35	39	49	72	70	95	90	106	109	128	135	133	152	146	171	158	184	193	179	195	200	200	203	195	197	180	214	179	194	172	168	196	166	
117	184	190	170	169	162	148	132	112	110	92	79	72	57	44	31	21	0	44	43	46	59	69	86	90	105	110	128	135	137	155	152	176	166	192	202	189	206	212	213	218	211	213	197	232	197	212	190	188	216	186	
74	154	164	145	149	147	135	120	97	103	82	69	82	51	63	43	35	44	0	12	26	59	41	73	59	77	76	97	101	98	117	111	136	123	149	159	145	162	168	169	174	167	170	154	191	156	173	152	151	184	154	
81	165	175	156	161	159	147	132	109	115	94	81	92	62	70	50	39	43	12	0	14	47	31	61	51	67	70	89	96	94	113	109	133	123	149	159	147	164	171	173	178	173	176	161	198	164	182	161	161	194	165	
90	178	189	170	175	173	161	146	123	129	108	95	104	75	80	61	49	46	26	14	0	34	23	48	44	59	64	82	89	91	109	108	131	123	148	159	149	166	174	177	183	179	183	169	207	173	192	172	172	206	177	
122	212	222	203	208	206	194	179	156	160	139	126	128	105	102	84	72	59	59	47	34	0	40	30	55	60	73	84	96	103	118	123	142	140	163	176	170	187	197	201	208	205	211	199	237	205	224	205	205	240	211	
84	179	192	174	182	181	171	157	134	143	122	109	123	92	101	81	70	69	41	31	23	40	0	37	21	36	41	59	66	69	86	86	109	102	127	138	131	148	157	161	168	165	171	159	197	166	186	167	168	205	176	
119	216	229	211	219	218	207	192	169	176	155	142	151	123	126	107	95	86	73	61	48	30	37	0	38	34	52	56	70	81	93	101	118	120	141	154	151	168	179	185	194	193	200	190	228	199	220	202	203	241	213	
83	183	198	181	190	192	182	169	146	158	137	125	141	110	121	101	90	90	59	51	44	55	21	38	0	18	20	38	45	49	66	68	89	85	109	121	115	132	143	148	156	155	162	152	190	161	182	165	167	205	178	
98	199	215	198	208	210	200	187	164	176	155	143	159	128	137	117	106	105	77	67	59	60	36	34	18	0	19	24	36	47	59	67	84	86	107	120	118	135	146	152	162	162	170	162	200	173	194	178	182	220	193	
83	184	200	184	195	198	190	179	156	170	149	137	157	125	139	119	109	110	76	70	64	73	41	52	20	19	0	22	26	30	46	50	69	68	90	103	99	116	127	133	143	143	151	143	181	154	176	161	164	204	178	
102	203	219	205	217	220	212	201	178	192	171	159	179	147	159	139	128	128	97	89	82	84	59	56	38	24	22	0	15	31	38	51	63	70	88	101	102	119	130	138	149	151	160	155	192	169	191	177	181	221	197	
96	195	213	199	211	216	209	199	176	192	171	160	182	149	164	144	135	135	101	96	89	96	66	70	45	36	26	15	0	18	23	37	48	56	73	86	88	105	116	124	135	138	147	142	179	156	178	166	172	212	188	
80	178	196	183	196	202	196	186	164	182	161	151	175	142	161	141	133	137	98	94	91	103	69	81	49	47	30	31	18	0	19	20	40	39	60	73	71	88	99	107	118	120	129	124	161	138	160	148	154	194	170	
96	191	210	198	212	218	213	204	182	201	180	170	194	161	180	160	152	155	117	113	109	118	86	93	66	59	46	38	23	19	0	22	25	37	50	63	69	84	96	105	117	121	131	129	165	146	168	158	164	204	183	
78	170	189	177	192	199	195	187	166	186	166	157	184	151	172	153	146	152	111	109	108	123	86	101	68	67	50	51	37	20	22	0	25	19	41	53	51	68	79	87	98	101	111	108	144	124	146	136	142	182	161	
101	187	207	197	213	221	218	210	190	211	191	182	209	176	197	178	171	176	136	133	131	142	109	118	89	84	69	63	48	40	25	25	0	25	26	39	49	63	75	85	97	104	116	117	150	135	157	149	157	196	177	
78	162	182	172	188	197	194	187	167	189	170	162	191	158	182	163	158	166	123	123	123	140	102	120	85	86	68	70	56	39	37	19	25	0	26	36	32	49	60	68	80	84	94	93	128	111	133	124	132	171	152	
101	177	198	189	207	216	215	209	190	212	194	187	217	184	208	189	184	192	149	149	148	163	127	141	109	107	90	88	73	60	50	41	26	26	0	13	28	37	49	61	74	83	95	98	129	118	138	135	143	181	166	
106	174	195	188	206	216	216	211	193	217	199	192	224	191	216	198	193	202	159	159	159	176	138	154	121	120	103	101	86	73	63	53	39	36	13	0	23	27	39	51	64	74	86	92	120	112	132	130	139	175	162	
86	151	172	165	183	193	193	189	172	195	179	173	205	173	199	183	179	189	145	147	149	170	131	151	115	118	99	102	88	71	69	51	49	32	28	23	0	17	28	36	48	55	67	70	101	90	110	107	116	153	139	
99	154	175	170	189	200	201	198	183	207	191	186	219	188	215	199	195	206	162	164	166	187	148	168	132	135	116	119	105	88	84	68	63	49	37	27	17	0	12	24	37	47	59	67	93	88	107	107	117	151	141	
102	147	168	165	184	196	198	196	182	206	192	187	221	191	219	203	200	212	168	171	174	197	157	179	143	146	127	130	116	99	96	79	75	60	49	39	28	12	0	12	25	37	49	59	81	80	98	100	110	143	134	
100	136	157	156	175	188	191	190	176	201	188	184	218	189	217	202	200	213	169	173	177	201	161	185	148	152	133	138	124	107	105	87	85	68	61	51	36	24	12	0	13	25	37	48	69	69	86	89	99	132	123	
102	126	147	148	167	182	186	186	174	199	187	184	219	190	219	204	203	218	174	178	183	208	168	194	156	162	143	149	135	118	117	98	97	80	74	64	48	37	25	13	0	14	26	40	57	59	75	79	89	121	113	
94	112	133	134	153	168	172	172	161	186	175	173	208	180	210	196	195	211	167	173	179	205	165	193	155	162	143	151	138	120	121	101	104	84	83	74	55	47	37	25	14	0	12	26	46	45	61	65	75	107	99	
96	103	124	125	144	159	165	166	156	181	172	170	205	179	209	197	197	213	170	176	183	211	171	200	162	170	151	160	147	129	131	111	116	94	95	86	67	59	49	37	26	12	0	19	34	36	49	56	66	95	90	
80	88	109	109	128	142	146	147	137	162	153	151	186	161	191	180	180	197	154	161	169	199	159	190	152	162	143	155	142	124	129	108	117	93	98	92	70	67	59	48	40	26	19	0	38	21	40	41	51	84	75	
117	93	112	117	136	151	160	165	160	184	178	179	214	191	221	212	214	232	191	198	207	237	197	228	190	200	181	192	179	161	165	144	150	128	129	120	101	93	81	69	57	46	34	38	0	35	31	50	59	74	80	
83	67	88	89	108	123	130	133	126	151	143	144	179	156	186	177	179	197	156	164	173	205	166	199	161	173	154	169	156	138	146	124	135	111	118	112	90	88	80	69	59	45	36	21	35	0	22	20	30	63	54	
102	62	81	86	105	120	129	135	131	155	151	153	188	167	197	190	194	212	173	182	192	224	186	220	182	194	176	191	178	160	168	146	157	133	138	132	110	107	98	86	75	61	49	40	31	22	0	22	29	46	49	
83	47	68	69	88	103	111	115	110	134	129	131	166	145	175	168	172	190	152	161	172	205	167	202	165	178	161	177	166	148	158	136	149	124	135	130	107	107	100	89	79	65	56	41	50	20	22	0	10	47	34	
84	37	58	59	78	93	101	106	102	126	122	125	159	140	170	164	168	188	151	161	172	205	168	203	167	182	164	181	172	154	164	142	157	132	143	139	116	117	110	99	89	75	66	51	59	30	29	10	0	40	24	
122	34	44	58	73	89	101	111	115	136	138	145	175	164	193	190	196	216	184	194	206	240	205	241	205	220	204	221	212	194	204	182	196	171	181	175	153	151	143	132	121	107	95	84	74	63	46	47	40	0	30	
95	13	34	37	56	71	81	88	89	111	111	116	148	135	164	160	166	186	154	165	177	211	176	213	178	193	178	197	188	170	183	161	177	152	166	162	139	141	134	123	113	99	90	75	80	54	49	34	24	30	0	
Custo_Viagem
V0
0	1979	2293	2018	2273	2391	2293	2136	1744	2175	1822	1705	2352	1744	2293	1999	1979	2293	1450	1587	1764	2391	1646	2332	1626	1920	1626	1999	1881	1568	1881	1528	1979	1528	1979	2077	1685	1940	1999	1960	1999	1842	1881	1568	2293	1626	1999	1626	1646	2391	1862	
1979	0	411	490	842	1156	1352	1509	1587	1999	2038	2175	2783	2548	3116	3057	3194	3606	3018	3234	3488	4155	3508	4233	3586	3900	3606	3978	3822	3488	3743	3332	3684	3175	3469	3410	2959	3018	2881	2685	2548	2254	2058	1744	1822	1352	1215	940	744	666	254	
2293	411	0	392	588	901	1156	1391	1587	1920	2038	2214	2744	2626	3155	3155	3312	3724	3214	3430	3704	4370	3763	4488	3880	4214	3920	4312	4174	3841	4116	3704	4076	3567	3880	3822	3371	3430	3312	3116	2959	2665	2469	2156	2195	1764	1587	1352	1136	862	666	
2018	490	392	0	372	666	862	1038	1195	1548	1646	1822	2371	2234	2763	2763	2920	3332	2842	3057	3332	3998	3410	4135	3547	3880	3606	4018	3900	3586	3880	3469	3861	3371	3704	3684	3234	3332	3234	3057	2920	2646	2469	2136	2293	1764	1685	1372	1156	1136	725	
2273	842	588	372	0	313	568	823	1117	1372	1548	1764	2234	2195	2665	2724	2920	3332	2920	3155	3430	4096	3567	4292	3724	4076	3822	4253	4135	3841	4155	3763	4174	3684	4057	4037	3586	3704	3606	3430	3312	3018	2861	2508	2685	2156	2058	1764	1548	1430	1097	
2391	1156	901	666	313	0	294	607	980	1136	1391	1626	2018	2077	2489	2587	2802	3194	2881	3116	3390	4037	3547	4272	3763	4116	3880	4312	4233	3959	4272	3900	4331	3861	4233	4253	3782	3920	3841	3684	3567	3292	3136	2783	2979	2430	2371	2038	1842	1744	1411	
2293	1352	1156	862	568	294	0	313	744	842	1117	1352	1705	1803	2195	2312	2528	2920	2646	2881	3155	3802	3351	4057	3567	3939	3724	4174	4096	3841	4174	3822	4272	3802	4214	4233	3782	3939	3880	3743	3645	3371	3234	2861	3136	2548	2528	2175	1979	1979	1587	
2136	1509	1391	1038	823	607	313	0	450	529	803	1038	1411	1489	1881	1999	2214	2606	2352	2587	2861	3508	3077	3782	3332	3684	3508	3939	3900	3645	3998	3665	4116	3665	4096	4135	3704	3880	3841	3724	3645	3371	3253	2881	3234	2606	2646	2254	2077	2195	1724	
1744	1587	1587	1195	1117	980	744	450	0	490	450	646	1176	1078	1568	1607	1803	2214	1901	2136	2410	3057	2626	3312	2861	3234	3057	3488	3449	3214	3567	3253	3724	3273	3724	3782	3371	3586	3567	3449	3410	3155	3057	2685	3136	2469	2567	2156	1999	2273	1744	
2175	1999	1920	1548	1372	1136	842	529	490	0	411	666	862	1078	1372	1548	1783	2156	2038	2273	2548	3136	2822	3488	3116	3488	3351	3782	3782	3567	3939	3645	4135	3704	4174	4253	3822	4057	4037	3939	3900	3645	3547	3175	3606	2959	3038	2626	2469	2685	2175	
1822	2038	2038	1646	1548	1391	1117	803	450	411	0	254	725	686	1097	1195	1411	1803	1607	1842	2116	2724	2391	3057	2685	3057	2920	3351	3351	3155	3547	3253	3743	3332	3822	3900	3508	3743	3763	3684	3665	3430	3371	2998	3488	2802	2959	2528	2391	2724	2175	
1705	2175	2214	1822	1764	1626	1352	1038	646	666	254	0	686	431	940	960	1156	1568	1352	1587	1862	2469	2136	2802	2450	2802	2685	3136	3136	2959	3332	3077	3567	3175	3665	3763	3390	3645	3665	3606	3606	3390	3332	2959	3508	2822	2998	2567	2450	2842	2273	
2352	2783	2744	2371	2234	2018	1705	1411	1176	862	725	686	0	646	568	862	1117	1411	1607	1803	2038	2528	2410	2979	2783	3136	3077	3508	3567	3449	3822	3606	4116	3763	4253	4390	4018	4292	4331	4272	4292	4076	4018	3665	4194	3508	3684	3253	3116	3449	2920	
1744	2548	2626	2234	2195	2077	1803	1489	1078	1078	686	431	646	0	588	509	705	1117	999	1215	1470	2058	1803	2430	2156	2508	2450	2881	2920	2783	3175	2959	3449	3096	3606	3743	3390	3684	3743	3704	3724	3528	3508	3155	3763	3057	3292	2842	2744	3214	2646	
2293	3116	3155	2763	2665	2489	2195	1881	1568	1372	1097	940	568	588	0	392	607	862	1234	1372	1568	1999	1999	2489	2391	2704	2724	3136	3234	3155	3528	3371	3861	3567	4076	4233	3900	4214	4292	4253	4292	4116	4096	3743	4351	3645	3880	3449	3351	3782	3214	
1999	3057	3155	2763	2724	2587	2312	1999	1607	1548	1195	960	862	509	392	0	235	607	842	980	1195	1666	1607	2116	1999	2332	2332	2744	2842	2763	3155	2998	3488	3194	3724	3880	3586	3900	3978	3959	4018	3841	3861	3528	4155	3469	3724	3292	3214	3724	3136	
1979	3194	3312	2920	2920	2802	2528	2214	1803	1783	1411	1156	1117	705	607	235	0	411	686	764	960	1411	1391	1862	1783	2116	2156	2548	2646	2606	2979	2861	3351	3096	3606	3782	3508	3822	3920	3920	3998	3841	3861	3528	4194	3508	3802	3371	3292	3841	3253	
2293	3606	3724	3332	3332	3194	2920	2606	2214	2156	1803	1568	1411	1117	862	607	411	0	862	842	901	1156	1372	1685	1783	2058	2175	2508	2665	2685	3038	2979	3449	3253	3763	3959	3704	4037	4155	4174	4272	4135	4174	3861	4547	3861	4155	3724	3684	4233	3645	
1450	3018	3214	2842	2920	2881	2646	2352	1901	2038	1607	1352	1607	999	1234	842	686	862	0	235	509	1156	803	1430	1156	1509	1489	1901	1979	1920	2293	2175	2665	2410	2920	3116	2842	3175	3292	3312	3410	3273	3332	3038	3743	3057	3390	2979	2959	3606	3018	
1587	3234	3430	3057	3155	3116	2881	2587	2136	2273	1842	1587	1803	1215	1372	980	764	842	235	0	274	921	607	1195	999	1332	1372	1764	1881	1842	2214	2136	2606	2410	2920	3116	2881	3214	3351	3390	3488	3390	3449	3155	3880	3214	3567	3155	3155	3802	3234	
1764	3488	3704	3332	3430	3390	3155	2861	2410	2548	2116	1862	2038	1470	1568	1195	960	901	509	274	0	666	450	940	862	1156	1254	1607	1764	1783	2136	2116	2567	2410	2900	3116	2920	3273	3410	3469	3586	3508	3586	3312	4057	3410	3763	3371	3371	4037	3469	
2391	4155	4370	3998	4096	4037	3802	3508	3057	3136	2724	2469	2528	2058	1999	1666	1411	1156	1156	921	666	0	784	588	1078	1176	1430	1646	1881	2018	2312	2410	2802	2744	3214	3449	3332	3684	3861	3939	4096	4037	4135	3900	4645	4018	4390	4018	4018	4704	4135	
1646	3508	3763	3410	3567	3547	3351	3077	2626	2822	2391	2136	2410	1803	1999	1607	1391	1372	803	607	450	784	0	725	411	705	803	1156	1293	1352	1685	1685	2136	1999	2489	2724	2567	2900	3077	3155	3292	3234	3351	3116	3861	3253	3645	3273	3292	4018	3449	
2332	4233	4488	4135	4292	4272	4057	3782	3312	3488	3057	2802	2979	2430	2489	2116	1862	1685	1430	1195	940	588	725	0	744	666	1019	1097	1372	1587	1822	1999	2312	2352	2763	3018	2959	3312	3508	3626	3802	3782	3920	3724	4488	3900	4312	3959	3998	4723	4174	
1626	3586	3880	3547	3724	3763	3567	3332	2861	3116	2685	2450	2783	2156	2391	1999	1783	1783	1156	999	862	1078	411	744	0	352	392	744	882	960	1293	1332	1744	1666	2136	2371	2254	2606	2802	2900	3057	3038	3175	2979	3724	3155	3567	3234	3273	4037	3488	
1920	3900	4214	3880	4076	4116	3939	3684	3234	3488	3057	2802	3136	2508	2704	2332	2116	2058	1509	1332	1156	1176	705	666	352	0	372	470	705	921	1156	1313	1646	1685	2097	2352	2312	2665	2861	2979	3175	3175	3332	3175	3920	3390	3802	3488	3567	4331	3802	
1626	3606	3920	3606	3822	3880	3724	3508	3057	3351	2920	2685	3077	2450	2724	2332	2156	2175	1489	1372	1254	1430	803	1019	392	372	0	431	509	588	901	980	1352	1332	1764	2018	1940	2293	2489	2606	2802	2802	2959	2802	3547	3018	3449	3155	3214	3998	3488	
