M: 4
N: 50
Nun_Veiculos: 15
Capacidade_Total: 994
Demanda_Total: 782
Setup_Min: 1
Setup_Max: 9
Raio: 100
Circulos: 1
Tempo_Processamento_Min: 1
Tempo_Processamento_Max: 49
Demanda_Min: 10
Demanda_Max: 30
Priority_Factor: 0.2
Range_Factor_R: 0.8
U_factor: 2
ALpha: 0.2Replicao: 3
Tempos_Processamentos
0	0	1	0	2	0	3	0	
0	46	1	42	2	14	3	46	
0	13	1	17	2	25	3	45	
0	31	1	7	2	9	3	46	
0	6	1	35	2	9	3	21	
0	19	1	11	2	28	3	33	
0	45	1	10	2	39	3	48	
0	34	1	43	2	18	3	19	
0	13	1	1	2	3	3	22	
0	30	1	2	2	44	3	42	
0	27	1	30	2	29	3	11	
0	44	1	41	2	14	3	22	
0	1	1	30	2	4	3	45	
0	2	1	32	2	6	3	16	
0	44	1	7	2	39	3	7	
0	40	1	6	2	18	3	31	
0	42	1	43	2	42	3	18	
0	28	1	43	2	8	3	6	
0	10	1	45	2	11	3	1	
0	38	1	12	2	6	3	37	
0	18	1	24	2	22	3	41	
0	28	1	1	2	48	3	1	
0	6	1	5	2	26	3	3	
0	42	1	11	2	20	3	2	
0	2	1	35	2	48	3	40	
0	3	1	47	2	11	3	49	
0	19	1	48	2	48	3	16	
0	11	1	10	2	6	3	38	
0	3	1	44	2	49	3	33	
0	9	1	11	2	19	3	33	
0	2	1	13	2	43	3	3	
0	1	1	24	2	2	3	22	
0	12	1	11	2	37	3	18	
0	5	1	32	2	47	3	4	
0	27	1	17	2	1	3	28	
0	27	1	26	2	43	3	20	
0	49	1	7	2	4	3	47	
0	48	1	7	2	47	3	48	
0	18	1	45	2	48	3	37	
0	7	1	40	2	8	3	36	
0	26	1	44	2	23	3	31	
0	21	1	2	2	17	3	21	
0	48	1	48	2	19	3	22	
0	40	1	13	2	44	3	39	
0	8	1	11	2	13	3	26	
0	40	1	48	2	29	3	48	
0	10	1	16	2	20	3	12	
0	27	1	21	2	21	3	35	
0	46	1	5	2	41	3	26	
0	5	1	12	2	15	3	32	
0	30	1	47	2	32	3	13	

Tempos_setup
M0
0	0	0	0	0	0	0	0	0	0	0	0	0	0	0	0	0	0	0	0	0	0	0	0	0	0	0	0	0	0	0	0	0	0	0	0	0	0	0	0	0	0	0	0	0	0	0	0	0	0	0	
0	0	2	2	3	2	3	3	2	3	2	3	2	3	2	2	2	3	1	3	3	3	2	2	3	2	1	3	3	4	3	2	3	2	2	2	3	4	3	2	3	3	1	2	3	1	2	2	4	2	2	
0	3	0	2	3	2	3	3	3	2	1	2	3	3	2	3	2	2	2	2	2	2	3	2	4	3	2	3	3	2	3	2	2	1	2	3	1	2	3	3	1	3	3	2	3	3	2	1	3	2	2	
0	2	3	0	3	2	2	3	2	1	3	3	2	3	3	2	2	3	2	2	1	1	1	3	2	2	3	2	2	2	3	3	2	2	2	3	2	2	2	3	3	1	2	3	2	2	2	3	2	3	2	
0	2	3	3	0	3	3	3	2	3	3	3	2	2	1	2	3	2	3	2	3	3	3	3	3	3	1	2	3	1	3	2	2	2	3	2	2	3	2	2	2	2	2	2	3	3	1	3	3	1	2	
0	2	2	1	3	0	3	3	2	2	3	2	3	3	2	2	1	2	2	2	1	2	1	3	3	3	1	2	2	3	2	2	2	3	2	3	3	3	2	3	3	2	2	3	1	3	3	3	3	2	2	
0	2	2	2	3	2	0	3	2	3	2	2	2	1	2	3	1	2	3	2	1	3	2	1	3	2	2	1	2	3	2	2	2	2	2	1	2	3	2	2	3	2	3	2	3	1	1	2	3	1	2	
0	3	1	2	2	3	3	0	2	2	1	2	2	2	2	2	2	2	3	3	2	3	2	1	1	2	2	2	2	3	1	1	2	2	2	1	2	3	2	2	2	2	1	1	1	3	2	2	3	2	2	
0	3	3	2	3	3	1	4	0	3	3	3	3	2	2	3	2	2	4	3	2	3	3	2	4	3	2	2	3	3	3	2	2	3	2	1	2	3	3	2	3	3	3	2	4	2	2	3	3	1	3	
0	2	2	3	2	3	2	2	2	0	3	4	1	2	2	3	2	3	3	3	3	1	3	2	3	2	2	2	3	3	3	3	3	1	2	2	3	2	1	2	3	2	3	2	3	1	2	2	2	3	3	
0	3	2	1	2	2	3	3	2	2	0	1	2	2	3	3	1	1	3	3	2	2	2	2	3	2	2	2	3	3	2	2	1	2	2	2	3	2	2	2	3	2	2	1	3	3	2	2	2	2	1	
0	2	2	1	2	2	2	2	2	2	3	0	1	2	2	2	3	1	3	3	2	2	2	2	3	2	1	2	2	3	1	1	2	3	2	1	3	2	1	2	3	2	3	2	3	3	2	1	3	2	2	
0	3	2	3	1	3	3	1	2	3	2	3	0	3	2	3	3	3	4	3	3	4	3	2	2	3	2	3	3	2	2	2	3	3	3	2	3	4	3	3	3	3	2	2	2	4	2	2	4	2	3	
0	2	2	3	3	2	2	3	3	2	3	4	2	0	2	2	3	2	3	3	2	3	2	2	2	2	2	2	3	3	3	2	3	3	2	2	3	4	2	1	2	1	3	3	2	1	2	1	3	1	2	
0	3	3	3	2	3	3	3	2	3	2	3	2	2	0	3	3	3	4	3	2	3	3	2	3	2	2	3	3	2	3	1	2	2	2	2	2	3	3	3	1	2	1	3	3	2	2	3	2	3	3	
0	3	3	3	3	2	3	3	3	1	3	4	2	2	2	0	3	2	1	3	3	2	2	2	4	3	3	2	3	4	3	2	3	2	3	3	3	3	2	2	2	3	1	3	3	2	2	3	3	1	3	
0	3	3	2	2	1	3	3	3	3	4	3	3	2	3	3	0	3	3	2	2	3	2	4	3	2	2	3	3	3	3	1	3	4	2	3	3	4	3	3	4	2	3	3	2	3	2	3	2	3	3	
0	2	2	3	2	3	2	2	3	3	3	2	3	2	2	2	3	0	3	3	2	2	2	3	3	1	3	2	2	2	3	1	3	3	2	3	2	2	1	2	3	2	3	3	2	2	2	3	3	1	2	
0	2	3	2	2	1	3	3	3	3	3	3	2	3	3	2	2	3	0	2	2	3	1	1	3	2	2	2	2	3	2	3	2	2	2	2	2	3	2	2	3	2	2	3	2	3	1	2	4	2	2	
0	3	1	3	3	2	3	1	2	1	2	3	2	2	1	2	1	2	3	0	3	2	3	2	2	3	1	2	3	3	1	2	2	2	2	2	2	3	2	3	2	2	2	2	2	2	3	2	2	2	2	
0	2	2	1	2	1	2	2	1	2	3	2	3	3	2	2	2	3	2	1	0	2	1	3	3	3	2	3	1	3	2	3	2	3	3	2	3	3	3	3	3	2	2	3	2	3	2	3	3	2	1	
0	2	2	3	2	2	1	3	3	3	2	3	2	2	2	3	1	2	2	2	2	0	2	2	2	1	2	1	3	3	2	2	2	3	1	2	2	1	2	3	3	1	3	2	2	2	1	3	1	2	2	
0	1	2	1	3	1	3	3	2	2	3	2	2	2	3	1	2	2	2	3	2	2	0	3	3	2	2	2	1	3	2	2	1	2	3	3	3	2	3	3	3	2	1	3	1	2	2	3	3	2	2	
0	2	3	3	2	2	3	2	2	3	2	2	1	2	3	2	3	2	3	3	3	2	2	0	2	1	2	2	3	2	1	2	1	1	3	3	2	3	3	1	2	1	2	2	2	3	3	2	3	1	2	
0	2	2	2	2	3	2	2	1	2	3	4	2	3	2	1	2	3	2	2	3	2	3	3	0	3	2	2	3	3	3	2	3	2	3	2	2	3	1	2	3	3	1	3	3	3	1	2	3	2	3	
0	2	3	2	2	2	3	3	2	3	3	3	3	1	3	2	3	2	3	3	2	3	1	3	3	0	3	3	2	2	3	3	2	3	3	3	1	2	3	2	3	2	2	3	2	2	2	2	2	2	1	
0	2	3	3	2	3	2	3	1	2	3	2	3	2	1	1	3	2	2	3	3	3	2	3	4	3	0	2	3	3	3	2	3	2	3	2	3	3	3	2	2	3	2	3	3	3	2	3	3	1	1	
0	2	3	3	3	3	3	3	2	3	2	2	2	2	1	3	3	3	3	2	3	3	2	3	4	1	2	0	2	2	3	2	1	3	3	2	2	3	2	3	2	3	2	3	3	3	1	3	3	2	2	
0	1	2	2	3	2	3	3	2	1	2	1	2	2	3	3	3	2	2	2	1	2	2	3	4	3	2	2	0	3	2	2	3	2	3	2	2	3	2	2	3	3	2	3	3	2	1	2	3	1	2	
0	2	3	3	3	2	3	3	2	3	2	2	2	2	3	3	3	3	2	2	3	4	2	3	2	3	3	2	3	0	3	2	1	3	3	3	3	4	3	1	2	1	2	3	2	3	3	3	3	3	3	
0	3	2	3	2	3	3	2	2	3	3	2	2	1	2	2	3	1	2	2	2	3	2	3	3	2	1	2	3	3	0	1	1	3	2	3	3	3	2	2	3	2	2	3	3	2	2	2	2	2	2	
0	2	3	2	1	2	3	3	2	2	4	2	2	1	2	3	3	2	3	2	1	3	2	3	2	1	2	2	2	2	2	0	3	3	1	2	2	3	2	2	3	1	3	3	2	2	1	2	3	2	2	
0	2	3	2	2	2	2	3	1	3	3	1	2	1	2	2	3	2	3	3	2	3	1	3	3	2	2	1	2	3	2	1	0	3	2	2	3	3	2	2	3	2	2	3	2	2	2	2	3	2	3	
0	3	2	3	3	2	2	3	3	2	3	3	2	3	3	3	2	2	3	3	2	1	3	1	3	2	2	2	2	3	2	2	2	0	2	3	3	2	3	2	3	2	2	1	3	3	2	1	2	2	2	
0	3	3	4	2	3	3	3	3	3	3	3	2	2	1	3	2	1	2	2	3	3	3	3	3	2	2	3	3	3	1	2	2	3	0	3	3	3	2	3	2	3	2	4	3	3	2	3	3	2	2	
0	2	2	1	3	2	2	3	1	2	3	2	3	2	1	2	3	3	3	2	1	2	2	3	3	2	1	2	2	3	2	2	1	3	2	0	3	3	3	3	2	2	2	1	3	3	2	2	3	2	2	
0	2	3	3	3	2	2	4	2	2	2	3	3	2	3	3	3	2	2	3	2	3	3	2	3	2	2	2	2	1	3	2	2	3	3	3	0	1	3	2	3	2	3	2	3	3	2	1	3	1	2	
0	2	2	2	3	2	1	3	3	3	1	2	2	2	3	3	2	2	1	2	2	3	2	2	4	1	2	2	3	3	3	3	2	2	3	2	2	0	2	3	3	3	3	2	3	2	1	2	3	2	2	
0	1	1	2	1	2	1	3	3	3	2	3	2	2	1	3	2	2	2	3	2	1	3	2	3	2	2	1	3	2	3	2	2	2	2	2	2	2	0	1	2	2	2	3	2	2	2	2	2	2	2	
0	1	3	3	2	3	4	2	3	3	2	3	1	3	3	3	3	3	2	4	3	4	3	2	3	3	2	3	3	2	3	2	3	3	2	2	2	3	3	0	1	3	2	3	3	2	3	3	2	2	3	
0	3	3	2	3	3	3	3	3	3	1	2	2	3	2	3	2	2	3	3	2	3	3	1	3	2	3	3	3	3	2	3	2	2	1	3	3	3	3	2	0	2	3	2	3	4	3	3	3	2	2	
0	2	2	2	3	2	3	3	2	3	3	3	3	3	2	2	3	2	2	3	3	3	1	2	1	3	3	2	2	2	3	2	2	3	3	3	3	3	2	2	2	0	2	2	1	2	2	3	3	3	3	
0	2	3	3	2	3	3	2	3	3	3	3	1	2	2	3	3	3	3	2	2	2	3	2	3	2	2	2	3	3	3	1	3	1	2	2	2	3	2	3	3	2	0	2	3	2	1	2	3	3	2	
0	3	1	3	3	3	4	2	3	2	2	3	2	2	2	3	3	2	3	3	3	3	2	2	2	1	2	2	3	3	1	2	2	2	1	2	2	3	3	2	2	1	1	0	2	3	2	2	3	1	2	
0	2	1	2	2	2	3	2	3	3	2	3	3	2	2	2	3	1	2	3	2	3	1	3	2	2	3	1	2	3	2	1	2	2	2	2	2	3	2	2	2	1	2	2	0	3	2	2	2	2	3	
0	1	1	2	3	3	2	4	2	3	2	3	3	2	1	3	3	2	2	3	2	2	2	3	4	1	2	3	2	3	2	2	2	2	1	1	2	3	3	3	2	3	2	2	3	0	3	2	3	3	2	
0	1	2	2	2	3	2	2	2	2	3	3	1	3	2	2	2	3	2	1	2	2	2	3	3	2	1	1	2	2	2	3	2	3	2	1	1	2	1	2	3	3	2	2	3	2	0	2	3	2	2	
0	2	3	2	2	1	3	3	2	1	3	3	2	3	2	2	2	1	3	2	1	2	2	1	3	2	1	2	2	3	2	2	2	2	3	2	2	3	2	2	3	2	3	3	2	2	1	0	3	2	1	
0	2	2	2	1	2	3	3	2	3	3	3	3	3	1	2	3	2	3	2	1	3	1	3	3	2	2	3	2	2	2	2	2	3	1	1	3	3	3	3	2	2	2	1	2	3	2	3	0	2	2	
0	2	3	3	2	3	3	3	2	3	3	3	2	1	2	3	3	1	3	2	2	3	3	3	3	2	3	1	3	3	3	1	2	4	2	2	3	3	2	1	2	2	3	3	3	2	2	2	2	0	3	
0	2	3	3	1	3	3	2	2	3	3	4	2	3	2	3	3	3	3	2	3	3	3	3	3	3	2	2	3	2	3	2	3	3	3	2	2	2	2	3	2	3	3	3	3	2	1	2	4	2	0	
M1
0	0	0	0	0	0	0	0	0	0	0	0	0	0	0	0	0	0	0	0	0	0	0	0	0	0	0	0	0	0	0	0	0	0	0	0	0	0	0	0	0	0	0	0	0	0	0	0	0	0	0	
0	0	1	3	3	1	3	2	3	3	2	3	3	3	2	3	2	3	2	2	2	3	3	2	1	4	3	2	2	2	2	3	3	3	2	3	2	2	3	2	3	3	2	1	3	3	2	2	3	2	3	
0	3	0	3	2	2	2	2	2	2	2	3	2	2	3	2	1	2	2	2	2	2	2	1	2	3	2	1	3	1	2	2	3	2	3	2	1	2	3	2	2	3	2	2	3	2	3	1	2	2	2	
0	3	1	0	2	3	3	2	3	2	3	2	3	2	3	1	2	3	3	2	3	3	2	2	3	2	2	2	4	2	2	3	2	3	3	2	2	3	2	3	3	4	3	3	3	3	3	2	2	1	3	
0	1	2	3	0	1	3	2	2	2	3	2	3	2	3	2	2	2	2	2	2	1	2	3	2	1	1	3	3	2	3	3	3	2	2	3	2	2	2	2	2	3	2	2	2	3	2	2	2	3	1	
0	2	3	2	3	0	3	2	2	3	2	3	2	2	2	3	3	3	1	3	2	3	2	3	3	3	2	2	3	1	3	3	2	3	1	2	2	3	3	1	3	3	3	2	3	3	1	2	3	2	2	
0	2	2	2	3	2	0	1	3	2	1	2	3	3	2	2	3	2	2	1	3	2	2	2	3	3	2	2	3	2	2	2	2	3	2	3	3	1	3	2	2	3	2	3	1	2	1	3	1	2	2	
0	3	1	3	3	1	1	0	2	3	2	2	2	2	3	3	2	3	2	2	2	1	3	2	3	4	2	2	4	2	3	3	3	3	2	3	2	2	3	2	2	4	3	3	2	3	2	2	2	3	3	
0	3	3	2	3	3	3	2	0	3	2	3	3	3	3	1	3	3	1	3	2	2	3	1	1	2	2	3	2	3	2	3	2	3	2	3	2	3	3	2	3	3	3	3	3	3	3	2	3	2	2	
0	2	2	2	2	1	3	2	2	0	2	3	2	2	1	3	1	2	2	2	3	3	2	2	2	3	2	2	2	2	1	3	2	2	2	2	2	2	1	2	1	2	2	3	1	2	2	3	1	1	3	
0	2	2	3	2	2	2	1	3	2	0	3	2	2	1	1	3	2	3	2	2	2	1	2	3	2	2	2	2	3	1	2	2	2	1	2	2	3	3	3	3	2	1	3	2	1	2	3	2	2	3	
0	1	1	2	1	2	3	2	3	2	3	0	3	2	1	3	2	3	3	2	3	2	2	2	2	2	1	2	2	2	3	2	2	2	3	2	2	3	2	3	3	2	2	2	2	3	3	2	2	1	1	
0	2	2	3	2	3	4	3	3	3	3	1	0	3	2	3	3	4	4	2	3	3	3	2	3	3	2	2	3	3	3	3	3	3	3	3	3	2	3	3	2	3	2	3	3	3	4	3	1	2	2	
0	2	2	3	3	2	3	2	3	2	4	2	1	0	3	4	3	4	3	1	4	3	3	3	3	4	3	3	2	3	3	3	3	3	2	3	3	3	3	3	3	3	3	3	3	4	3	3	2	2	3	
0	2	2	2	3	2	3	2	2	2	2	3	2	2	0	3	3	2	2	1	3	2	3	1	3	3	2	2	1	2	2	2	2	1	2	3	2	2	2	2	2	1	3	3	1	3	2	2	2	3	3	
0	3	2	3	3	2	2	1	2	2	3	3	2	3	3	0	3	2	2	2	2	2	2	3	3	1	1	2	3	2	1	3	1	3	2	2	1	3	2	3	2	3	2	2	2	2	2	2	3	2	3	
0	2	1	2	3	1	2	1	3	1	2	3	2	1	2	3	0	3	2	2	2	2	2	2	1	3	1	2	2	2	2	2	3	3	2	2	2	1	2	1	1	3	2	3	2	3	2	2	1	2	3	
0	3	1	3	3	3	3	3	2	3	2	3	3	3	3	3	2	0	3	2	3	3	3	2	3	3	3	2	4	2	3	3	2	3	3	3	2	3	2	3	2	1	3	2	4	3	2	2	2	3	3	
0	2	2	1	2	3	2	2	3	2	1	2	2	2	2	2	3	3	0	2	2	3	2	3	3	3	2	2	3	2	2	3	2	3	1	2	1	3	2	4	3	3	2	3	3	2	3	3	2	1	3	
0	1	2	2	2	1	2	1	2	1	3	3	2	2	2	3	2	3	2	0	3	2	3	2	2	3	2	2	3	2	2	4	3	2	1	2	3	3	2	2	2	3	3	2	2	3	2	3	2	2	2	
0	2	3	3	1	2	1	2	2	3	2	2	2	1	3	3	3	3	3	2	0	2	3	1	3	2	2	3	3	3	2	2	2	2	2	2	3	2	3	2	2	4	3	3	2	2	2	2	2	2	1	
0	2	2	3	2	2	2	2	1	3	3	1	2	1	2	2	3	2	2	2	1	0	3	2	2	3	1	2	3	3	3	3	3	2	3	3	3	3	2	3	3	3	2	3	2	3	2	3	3	2	2	
0	2	3	3	1	2	3	3	3	3	2	3	3	3	3	2	3	2	2	3	3	2	0	4	3	2	2	1	3	2	3	3	2	2	3	1	2	3	3	3	3	3	2	3	3	2	3	2	3	2	2	
0	3	3	3	3	2	2	3	1	2	3	2	2	2	2	2	2	2	2	3	2	1	2	0	2	3	2	3	3	3	1	3	3	3	3	2	2	3	3	1	3	3	2	4	3	2	2	2	3	3	3	
0	3	2	2	2	3	2	3	3	2	3	3	2	2	3	3	3	2	3	2	1	3	2	2	0	3	2	3	1	3	3	2	2	3	3	2	2	2	2	3	2	2	2	3	3	3	2	3	2	1	2	
0	2	3	2	2	3	3	2	2	3	3	3	2	3	2	3	2	3	3	3	3	3	1	3	2	0	3	2	3	3	4	4	3	3	4	2	3	3	1	3	3	3	3	3	3	3	2	3	3	3	3	
0	2	1	2	2	1	2	1	3	2	3	3	2	2	3	2	2	2	2	1	2	2	3	2	3	3	0	2	3	2	3	3	3	3	2	3	2	3	3	2	2	3	1	3	1	2	2	2	3	2	3	
0	3	2	3	2	3	2	2	3	2	2	3	2	2	3	2	3	2	2	2	2	2	2	3	3	2	2	0	2	2	3	2	2	1	3	1	1	3	2	4	3	3	1	3	3	1	3	2	2	1	3	
0	2	3	2	3	3	3	3	2	2	2	3	2	3	2	3	3	3	2	3	3	2	2	2	3	3	2	2	0	2	3	1	2	3	2	2	2	1	1	2	1	1	2	3	3	3	1	3	2	2	2	
0	3	2	2	2	2	2	1	3	3	1	2	1	3	2	2	2	3	2	3	2	2	2	3	3	2	3	3	3	0	2	3	2	2	2	1	3	2	3	2	2	3	2	1	3	2	3	2	2	2	1	
0	3	2	3	2	2	2	3	2	1	2	3	2	2	2	3	2	1	2	3	3	3	3	3	3	3	2	3	2	3	0	2	2	2	3	3	2	3	2	3	2	2	3	3	2	1	1	3	2	2	2	
0	2	3	2	2	2	2	2	2	3	2	2	2	3	3	3	3	3	2	2	3	2	1	2	3	3	2	2	3	1	3	0	1	3	2	2	3	1	1	2	2	3	3	2	3	2	3	3	2	3	2	
0	2	3	2	3	3	1	2	3	2	2	3	2	2	2	3	3	3	1	2	3	2	3	3	3	3	2	2	2	2	2	2	0	2	1	2	2	2	3	3	1	2	2	3	2	1	2	3	2	2	3	
0	3	1	3	2	2	2	1	2	3	3	2	1	1	3	3	2	1	2	2	2	1	3	2	3	3	2	2	3	2	3	3	1	0	2	3	2	3	3	3	2	2	2	3	3	2	3	1	2	3	3	
0	1	2	2	2	2	3	2	4	3	2	2	1	1	3	3	3	2	2	2	2	3	2	3	2	2	1	1	3	3	3	3	2	2	0	1	2	3	3	3	3	3	2	2	2	2	3	2	2	2	3	
0	2	2	2	1	2	2	2	3	3	1	3	2	2	2	2	3	2	1	3	3	2	1	3	3	1	2	2	3	2	2	3	1	1	2	0	2	3	2	3	2	3	2	2	3	2	3	1	3	2	2	
0	3	3	2	2	3	1	2	3	3	2	2	1	2	3	1	4	3	1	2	1	3	1	2	2	2	2	2	3	3	2	3	2	3	2	2	0	2	3	3	3	4	2	3	2	3	2	3	2	2	2	
0	3	2	3	2	2	3	2	2	3	1	2	3	2	2	2	3	3	3	2	2	1	2	1	3	3	1	2	3	2	2	1	2	3	2	3	2	0	2	1	3	2	2	3	2	2	2	3	1	3	2	
0	1	2	1	3	2	3	3	1	3	2	2	1	3	3	2	2	4	2	3	3	3	3	2	2	3	3	3	3	3	3	3	2	3	3	3	3	3	0	3	3	4	3	2	4	2	3	3	2	2	3	
0	3	3	3	2	1	2	3	3	3	2	3	2	1	1	2	2	3	2	2	1	3	1	2	3	3	3	2	2	2	2	2	2	2	2	2	1	3	3	0	3	2	3	3	2	2	1	3	3	2	2	
0	2	2	3	2	3	2	2	3	2	2	3	2	2	1	2	3	2	2	2	2	2	2	2	3	2	2	2	2	1	3	2	2	2	1	1	1	1	2	2	0	2	1	2	2	2	3	2	2	1	2	
0	3	3	3	3	3	2	2	3	3	1	2	2	3	2	2	3	3	2	3	2	3	2	2	3	2	2	1	3	2	2	3	1	2	2	2	1	2	3	3	1	0	2	3	3	2	3	3	1	2	3	
0	3	2	3	2	2	2	2	2	1	2	2	1	2	2	1	2	3	3	2	1	3	2	2	3	2	2	3	2	3	2	2	2	2	3	2	2	3	2	3	2	3	0	3	2	1	3	3	2	1	2	
0	3	2	3	3	2	2	2	2	2	1	3	3	2	2	2	1	3	3	3	2	2	2	2	2	3	2	3	3	3	2	2	3	3	2	3	2	1	3	1	2	3	2	0	3	2	2	3	2	3	3	
0	3	2	1	3	3	3	2	3	3	2	3	2	3	3	2	3	1	3	3	3	3	3	3	2	3	3	1	3	1	3	3	3	2	2	2	2	3	3	3	3	2	2	2	0	2	2	3	3	2	2	
0	3	2	3	3	2	2	2	3	2	1	2	1	1	2	2	3	2	3	2	2	2	2	2	3	2	1	2	1	2	2	1	2	1	2	3	3	2	2	3	2	2	2	3	2	0	2	2	1	3	3	
0	3	2	2	2	3	2	2	3	2	2	2	3	2	1	3	3	3	1	2	2	2	2	2	3	3	2	3	2	3	3	2	1	2	2	2	2	3	2	3	2	2	3	4	2	2	0	2	2	1	1	
0	2	2	3	1	2	3	2	2	3	2	2	2	2	3	3	2	1	2	2	2	1	3	3	3	2	1	3	4	1	3	2	3	3	3	2	3	3	3	3	3	2	2	2	2	3	3	0	3	3	2	
0	3	2	3	3	2	3	2	2	3	3	3	3	3	3	3	2	3	3	2	3	2	2	1	3	3	1	1	2	3	2	3	3	2	3	2	2	3	2	2	3	3	2	4	2	2	3	3	0	2	4	
0	2	1	2	1	2	2	2	2	1	2	3	2	1	2	2	2	3	2	1	2	2	1	2	3	2	1	2	3	2	2	3	1	2	2	1	1	3	1	3	2	3	2	3	2	2	3	2	1	0	2	
0	2	2	3	2	2	2	1	3	3	3	1	2	2	2	4	3	2	3	2	3	2	2	3	2	3	2	3	3	2	4	3	2	1	3	3	3	3	3	3	3	3	3	3	3	3	2	1	3	2	0	
M2
0	0	0	0	0	0	0	0	0	0	0	0	0	0	0	0	0	0	0	0	0	0	0	0	0	0	0	0	0	0	0	0	0	0	0	0	0	0	0	0	0	0	0	0	0	0	0	0	0	0	0	
0	0	2	2	3	2	2	3	3	3	3	1	2	2	3	2	2	3	3	3	2	2	3	2	3	3	3	3	2	1	1	2	2	2	4	2	1	2	2	3	3	3	2	3	3	3	1	1	2	1	2	
0	3	0	3	3	3	3	3	2	2	3	3	3	2	2	4	3	3	4	3	4	1	4	3	2	4	2	3	3	3	3	3	3	3	3	3	3	3	4	4	2	3	3	1	2	3	3	2	4	3	2	
0	3	2	0	2	3	3	3	2	2	3	2	2	2	3	2	2	3	3	3	3	2	1	3	3	4	2	4	3	2	2	3	1	2	2	3	1	3	2	4	3	3	3	2	3	2	2	2	1	2	2	
0	2	2	2	0	2	2	4	1	3	2	3	3	1	3	3	3	2	2	2	3	3	3	3	3	3	3	3	3	2	3	2	3	3	3	2	2	3	3	3	3	2	2	3	3	3	2	3	3	1	2	
0	3	3	2	2	0	2	3	3	3	3	2	3	3	3	1	2	3	3	3	3	3	3	3	2	3	2	1	1	4	2	3	3	3	3	3	3	2	1	2	2	3	2	2	2	3	3	3	3	2	2	
0	3	2	2	3	3	0	4	2	1	3	3	2	2	2	1	2	3	3	2	2	2	3	1	2	3	3	1	2	3	1	2	2	3	3	3	2	3	3	2	2	3	2	1	2	1	3	3	3	3	1	
0	2	2	2	1	3	1	0	2	1	3	3	2	2	2	2	2	2	3	3	2	2	3	2	2	3	1	2	2	3	2	2	3	3	1	2	1	2	2	2	2	1	2	1	2	2	1	2	2	2	2	
0	3	2	2	2	3	2	3	0	2	2	3	2	2	2	2	2	1	2	3	3	2	3	2	3	3	2	3	3	2	3	1	2	2	3	1	2	2	2	2	3	1	3	2	2	3	1	2	2	2	2	
0	3	1	1	2	3	3	3	3	0	3	3	3	3	2	2	3	2	2	3	2	2	2	3	3	4	3	2	2	3	1	1	2	3	2	3	2	3	2	2	3	2	1	2	3	3	2	3	2	2	2	
0	2	1	3	2	3	3	3	3	2	0	2	2	2	3	3	3	1	3	3	3	2	1	3	2	4	2	4	3	2	3	3	2	2	3	2	2	2	3	4	3	3	3	2	1	3	3	2	3	2	3	
0	4	2	3	2	3	1	3	3	2	4	0	3	3	3	2	2	4	3	3	3	3	4	2	3	3	3	2	3	2	2	3	1	2	4	1	2	3	2	3	3	2	3	2	3	2	3	3	2	3	2	
0	2	3	1	2	3	3	3	3	3	4	2	0	3	3	3	3	4	1	2	3	2	2	2	2	3	2	3	2	3	2	2	2	2	3	2	2	2	2	3	3	2	3	3	1	3	1	2	2	2	3	
0	2	2	3	2	3	1	3	2	2	1	3	2	0	2	2	2	2	3	2	3	2	2	2	2	2	2	2	3	1	2	3	3	2	2	1	1	3	3	3	3	3	3	2	2	2	3	3	2	2	1	
0	2	2	2	2	3	2	3	3	2	3	2	1	2	0	2	3	3	2	3	3	1	3	2	2	3	3	1	1	1	3	2	3	3	3	2	3	2	2	2	3	3	2	2	2	3	1	2	2	1	2	
0	2	3	1	2	3	3	3	3	3	3	2	2	2	3	0	2	2	3	4	4	3	2	3	2	4	3	3	4	3	3	3	2	3	3	3	2	2	3	4	3	3	4	3	1	3	2	3	2	3	3	
0	2	3	1	3	3	3	2	3	3	3	2	2	2	1	3	0	4	1	2	3	2	2	3	2	4	2	2	2	2	2	3	2	2	3	2	2	3	3	3	3	3	3	2	3	3	2	2	2	2	3	
0	2	1	2	2	3	2	2	3	2	1	2	1	2	3	2	2	0	2	2	3	2	2	3	2	3	1	3	2	1	3	3	3	2	2	1	1	2	3	3	3	3	2	2	1	2	2	3	2	1	2	
0	2	3	2	2	2	2	2	3	2	3	1	1	2	3	3	2	3	0	1	2	3	3	2	3	3	1	2	2	3	1	3	2	2	2	1	3	3	3	3	3	3	3	2	2	2	2	1	2	3	2	
0	2	3	1	3	4	2	3	2	3	2	1	3	2	2	3	2	3	3	0	1	3	2	3	3	3	2	2	3	3	3	3	2	3	1	2	2	3	3	3	2	3	2	3	3	2	2	3	2	3	1	
0	3	2	2	2	3	2	3	3	3	2	2	3	1	2	3	1	2	2	3	0	3	3	2	3	3	3	2	2	2	3	2	2	3	3	2	2	2	2	2	1	3	1	3	3	3	1	2	2	2	2	
0	2	2	2	3	2	2	4	3	1	2	3	2	1	2	3	2	3	3	3	3	0	3	2	3	3	3	3	3	2	2	2	3	2	3	2	2	4	3	3	2	2	2	3	3	3	3	1	3	2	2	
0	2	2	2	3	2	2	3	2	1	2	1	2	1	3	2	2	3	3	2	2	2	0	2	3	3	3	3	3	2	2	2	1	1	3	2	2	3	2	3	2	3	2	3	3	2	3	1	3	2	2	
0	3	3	3	2	2	2	4	3	2	3	3	3	2	3	3	3	3	4	4	2	1	4	0	3	4	3	3	3	3	3	3	4	3	3	3	3	4	2	4	2	3	3	2	3	3	3	2	4	3	3	
0	3	3	2	3	1	1	3	3	2	2	2	1	2	2	2	2	3	2	3	3	2	3	2	0	4	2	2	2	3	2	2	3	3	3	3	1	2	2	3	2	3	3	1	2	2	1	2	2	3	2	
0	2	3	3	4	4	2	3	2	3	4	2	3	3	3	2	3	3	2	3	3	4	2	3	3	0	3	3	3	3	2	2	2	3	4	3	3	1	3	2	2	2	3	3	3	3	3	3	4	3	3	
0	3	3	3	2	3	2	1	3	2	3	2	2	2	2	3	2	2	3	3	2	2	3	3	2	2	0	3	1	3	3	3	3	3	1	2	2	2	3	3	2	2	2	1	2	1	2	3	2	3	3	
0	3	3	1	3	2	1	3	2	2	3	3	2	3	2	2	3	2	3	3	2	2	2	2	1	2	2	0	2	3	2	3	2	2	3	3	2	3	2	1	2	3	2	1	2	2	2	2	2	2	1	
0	2	3	2	2	2	2	2	3	3	2	1	2	3	3	3	3	2	2	3	3	3	2	3	1	4	3	2	0	3	2	3	2	3	3	2	2	1	2	2	2	2	1	2	3	2	2	3	3	2	2	
0	2	2	2	3	3	2	4	3	3	3	2	1	2	3	1	3	3	2	3	4	2	3	3	3	2	3	3	3	0	3	3	3	3	3	2	3	3	3	3	3	3	2	3	2	2	2	3	3	1	2	
0	3	3	1	3	3	3	3	2	3	3	2	3	2	2	3	2	3	3	4	1	3	2	3	2	4	3	3	1	3	0	3	2	3	3	2	2	2	3	3	2	2	2	3	4	3	2	3	2	3	1	
0	3	1	1	3	2	2	3	3	3	3	2	2	2	1	1	2	3	3	3	2	2	2	2	2	4	2	2	2	2	3	0	1	2	3	3	2	2	2	2	2	1	3	1	2	2	1	2	2	2	2	
0	3	3	2	3	4	2	3	2	3	3	1	2	2	2	2	1	3	2	3	3	3	3	3	3	3	2	3	3	1	3	3	0	3	3	2	3	4	1	4	2	3	3	3	3	1	3	3	3	2	1	
0	2	2	1	3	3	3	3	3	2	3	2	1	2	2	1	1	3	2	1	1	1	2	3	3	3	3	2	2	3	1	2	2	0	2	2	2	3	3	2	2	2	2	3	2	3	2	2	2	1	2	
0	4	2	3	2	3	2	2	3	2	3	3	2	2	3	3	2	3	3	3	1	3	4	2	3	2	1	3	2	3	3	2	3	2	0	1	3	3	3	3	2	3	2	2	3	2	2	3	2	3	2	
0	3	2	2	1	2	1	2	2	1	3	2	2	2	2	2	2	3	3	2	2	2	3	2	3	2	2	2	3	3	2	2	3	1	3	0	3	3	3	2	3	3	2	2	3	2	2	2	1	2	1	
0	2	3	2	3	3	2	2	3	2	2	3	1	1	2	3	1	3	2	3	4	1	3	3	3	3	3	3	3	2	3	2	3	3	3	2	0	3	3	4	3	3	3	3	2	3	2	2	3	3	2	
0	1	2	2	3	3	1	2	3	2	3	1	2	2	3	2	3	3	3	3	2	3	1	2	3	4	2	2	2	2	1	2	2	2	3	2	2	0	2	2	1	1	3	2	3	2	2	2	3	2	2	
0	3	3	2	3	4	1	2	3	2	4	2	3	3	2	2	1	3	2	2	3	3	3	2	3	3	1	2	2	3	2	2	3	3	2	3	3	3	0	3	1	3	3	2	2	2	3	3	3	3	2	
0	3	2	2	2	2	2	2	2	3	2	3	1	3	2	3	2	1	2	3	3	3	3	3	1	3	1	2	2	2	3	3	2	3	2	2	2	3	1	0	2	2	1	2	2	2	2	3	3	2	1	
0	3	3	1	3	4	2	2	3	3	4	1	3	3	4	2	3	3	3	4	2	3	2	3	4	4	2	3	3	3	3	4	2	3	3	2	2	4	3	3	0	3	2	3	3	2	3	3	2	2	3	
0	3	1	2	2	3	2	2	2	3	2	3	1	1	2	3	3	2	2	3	3	2	3	2	2	3	1	3	2	2	3	3	3	3	2	2	2	3	2	1	3	0	2	2	2	2	2	3	3	3	1	
0	2	2	1	1	3	2	2	2	3	2	2	2	2	3	3	2	1	1	2	3	3	2	3	2	3	2	1	1	2	2	3	1	3	3	2	2	2	1	1	2	3	0	2	2	2	3	2	2	1	2	
0	2	3	2	2	2	2	3	3	3	3	2	2	3	1	3	3	3	3	2	3	2	3	3	1	4	3	2	2	2	3	3	3	3	3	3	2	2	3	3	1	3	2	0	1	3	2	2	3	2	2	
0	1	3	3	1	2	2	2	2	3	3	1	2	2	3	3	3	3	3	3	3	3	2	3	1	4	2	3	3	2	2	3	2	3	3	2	2	1	3	3	2	2	3	2	0	3	2	2	3	2	3	
0	3	3	2	2	4	2	3	3	3	2	2	1	1	2	3	1	3	2	3	4	3	3	3	3	3	2	3	3	2	3	3	3	3	3	2	2	3	3	4	4	3	4	3	2	0	2	3	3	3	2	
0	2	2	2	3	2	2	3	2	2	4	2	2	3	2	2	2	3	3	3	3	2	2	1	3	4	2	3	3	2	2	1	2	2	3	3	3	1	1	3	2	2	3	2	3	2	0	1	1	3	3	
0	1	3	2	3	1	3	3	4	3	3	2	1	3	2	2	1	2	2	2	2	2	3	1	3	4	3	2	2	2	2	3	3	1	3	3	2	3	2	3	3	3	3	3	2	4	2	0	3	2	3	
0	3	3	2	3	3	3	2	1	3	3	3	2	2	2	1	2	2	3	2	3	3	3	2	2	3	1	3	2	3	3	2	3	3	2	2	3	2	2	3	2	2	3	1	2	1	1	2	0	3	3	
0	1	1	2	2	2	2	3	2	2	2	2	3	1	2	3	3	2	2	3	3	2	3	3	3	3	3	2	2	2	2	2	2	2	3	1	2	3	2	2	3	3	1	2	3	3	2	2	2	0	1	
0	3	3	3	2	4	3	4	1	3	3	3	2	3	1	3	3	2	3	4	4	2	2	3	3	4	3	2	2	2	4	2	3	3	4	2	2	3	2	3	3	2	2	3	3	4	2	3	3	2	0	
M3
0	0	0	0	0	0	0	0	0	0	0	0	0	0	0	0	0	0	0	0	0	0	0	0	0	0	0	0	0	0	0	0	0	0	0	0	0	0	0	0	0	0	0	0	0	0	0	0	0	0	0	
0	0	2	3	2	2	2	3	1	3	3	3	2	2	3	2	2	3	3	2	3	2	3	3	2	2	2	2	2	1	2	1	2	1	2	2	2	1	2	1	3	2	2	2	2	2	2	2	3	3	2	
0	2	0	2	2	1	3	2	2	2	1	2	2	3	2	3	1	2	2	2	3	3	3	3	2	2	3	1	2	2	2	3	2	2	2	3	2	2	1	1	2	2	1	3	2	1	2	2	2	3	2	
0	3	3	0	2	2	2	2	2	2	3	2	3	2	1	2	2	2	2	2	3	2	3	4	3	2	4	1	3	3	2	3	2	1	2	3	1	3	2	3	1	2	2	3	3	3	2	2	3	3	2	
0	3	3	2	0	2	2	2	2	3	3	1	3	2	3	4	3	4	3	2	3	3	4	2	1	2	3	2	1	2	3	2	3	3	4	2	3	4	3	3	3	2	3	3	1	3	3	3	3	2	3	
0	1	2	2	2	0	3	1	1	1	3	3	1	2	1	2	2	3	2	3	2	2	3	2	2	2	3	3	3	2	3	2	2	2	2	2	2	2	2	2	1	2	2	3	1	3	1	3	1	2	1	
0	4	4	3	3	3	0	3	3	4	3	3	2	3	2	3	4	2	3	4	2	3	4	4	3	2	2	4	4	4	3	1	3	3	3	3	3	3	3	4	4	3	3	1	3	4	4	3	3	3	3	
0	1	3	2	1	1	3	0	2	2	4	2	2	3	2	3	2	4	3	3	3	3	3	3	2	3	3	3	2	2	2	2	3	2	3	3	3	2	3	2	2	3	3	3	1	3	2	3	2	3	2	
0	2	1	2	3	1	3	2	0	2	2	2	2	3	2	2	2	2	3	2	3	3	3	3	2	2	2	2	2	2	2	2	3	2	3	1	1	2	1	1	2	2	2	2	2	2	2	2	2	2	1	
0	1	3	3	2	2	3	2	2	0	2	3	2	3	3	3	2	3	4	3	1	3	3	4	3	3	3	3	3	2	3	2	2	2	3	3	3	2	3	2	3	1	3	2	3	3	3	2	2	3	2	
0	3	2	1	3	3	3	2	3	3	0	3	4	3	2	2	3	3	3	3	4	3	4	3	2	3	3	2	2	3	3	2	3	2	3	3	2	4	3	3	2	3	3	3	3	3	3	3	4	2	1	
0	2	3	2	2	2	3	1	2	2	3	0	3	3	2	4	3	3	2	3	3	3	3	3	3	1	2	3	3	3	2	1	2	3	3	2	3	3	3	3	3	3	4	2	2	3	3	2	3	3	3	
0	2	2	2	2	2	3	2	2	3	3	3	0	3	3	2	3	2	3	2	3	1	3	3	2	2	3	2	2	2	2	2	3	2	2	3	2	1	1	3	3	2	1	3	1	2	3	2	3	1	3	
0	2	2	2	2	1	3	2	2	1	3	2	2	0	2	2	3	2	2	2	2	3	3	3	3	2	2	2	2	1	3	1	3	3	3	2	1	2	2	3	2	2	1	2	2	2	2	2	2	3	2	
0	2	2	2	3	1	2	2	1	2	3	2	2	2	0	3	2	2	1	3	2	3	2	3	2	1	3	3	3	3	3	2	1	2	1	2	2	3	2	2	2	1	3	2	2	3	2	3	2	2	1	
0	3	3	3	3	2	2	3	3	3	3	3	3	3	3	0	1	3	4	3	3	4	2	2	1	3	3	4	3	2	3	3	3	2	3	2	2	3	2	3	3	3	2	3	2	3	3	2	2	2	2	
0	3	3	3	2	2	2	2	3	3	3	3	3	2	3	2	0	2	3	2	3	3	2	2	1	3	2	3	2	2	3	3	2	1	2	2	3	3	1	2	3	2	2	2	3	2	3	1	1	2	3	
0	2	2	3	1	2	1	2	1	3	3	2	3	2	2	1	2	0	3	2	2	3	3	2	2	3	3	3	2	3	3	2	3	2	3	2	2	2	1	2	2	2	1	2	2	2	3	2	3	2	1	
0	2	1	2	3	1	3	2	2	2	2	2	2	1	2	2	2	2	0	3	3	2	1	3	2	3	3	2	3	2	3	2	2	2	3	3	1	3	2	2	2	1	2	2	2	2	2	2	2	2	1	
0	3	2	2	3	2	3	2	1	2	2	3	2	3	3	3	3	3	3	0	1	3	3	3	2	3	3	3	2	3	3	2	3	2	2	2	2	3	2	2	3	1	3	2	1	3	3	2	2	3	2	
0	2	2	2	2	1	2	1	2	2	1	3	2	2	2	2	3	3	3	2	0	3	2	3	2	2	2	3	3	3	3	1	2	1	2	2	3	3	2	2	2	2	2	2	2	3	2	1	1	3	2	
0	2	3	2	2	1	3	2	2	2	4	3	2	2	2	1	2	3	3	2	3	0	3	3	2	3	4	1	2	1	2	3	2	3	3	3	2	3	2	3	2	2	3	3	2	3	2	3	2	3	2	
0	2	3	1	2	1	2	2	2	2	3	1	2	3	2	2	1	2	2	2	3	3	0	3	2	2	3	2	2	2	2	2	2	1	2	2	2	3	2	2	2	3	2	1	2	2	2	1	2	1	2	
0	3	3	2	3	2	1	2	2	3	2	3	3	2	2	3	3	3	3	2	1	2	3	0	2	1	2	3	2	2	3	1	2	2	3	1	3	2	2	3	3	3	2	2	3	3	3	2	1	3	2	
0	2	3	3	2	1	1	2	2	2	2	3	2	3	2	3	3	3	3	2	2	3	3	1	0	2	3	3	2	1	2	2	2	3	3	1	2	3	2	3	2	2	3	2	2	2	2	3	2	1	2	
0	3	2	1	3	2	3	3	1	3	2	2	3	3	1	3	2	3	2	2	3	3	2	3	2	0	3	2	3	2	2	3	1	2	2	1	2	3	2	2	2	2	3	2	3	2	3	3	3	2	2	
0	2	2	3	3	2	3	3	2	3	3	2	3	2	2	2	2	3	1	3	3	1	2	3	2	3	0	2	2	2	2	3	1	3	2	3	2	1	2	2	2	2	3	3	2	2	3	2	1	1	2	
0	2	4	2	1	2	2	1	3	1	3	2	3	3	2	3	1	2	3	3	2	3	2	3	2	3	3	0	2	3	1	3	1	2	3	3	3	3	2	2	2	2	3	2	2	3	3	2	2	2	2	
0	2	2	3	3	1	3	2	1	2	3	2	2	3	2	3	3	3	3	1	2	3	4	2	3	3	3	3	0	3	3	2	2	2	3	2	2	3	2	2	2	2	3	3	2	3	2	3	2	3	2	
0	3	2	2	1	2	2	2	2	2	3	2	1	3	2	2	3	2	3	2	3	2	2	3	2	3	3	3	1	0	3	2	3	2	2	3	1	2	1	3	3	1	2	2	2	2	1	2	2	2	2	
0	3	3	1	3	2	1	3	3	3	4	2	2	3	2	3	2	2	3	3	3	2	1	4	3	2	3	2	3	3	0	2	2	2	3	3	2	2	3	2	1	2	3	1	3	3	2	2	3	2	3	
0	3	3	2	3	3	2	4	2	4	3	3	2	3	2	3	3	2	2	3	4	2	3	3	2	1	1	3	3	3	3	0	2	3	3	2	3	2	3	3	3	3	3	1	3	3	4	3	2	2	3	
0	2	3	3	3	2	2	2	2	3	3	1	3	3	1	3	1	3	2	2	3	2	3	2	1	2	3	2	2	2	2	2	0	2	2	2	3	2	2	1	1	2	2	2	3	2	2	2	2	1	1	
0	2	2	3	2	3	1	2	2	3	3	2	3	3	3	1	2	3	2	1	2	3	3	3	2	3	3	3	3	3	3	2	3	0	1	3	3	2	3	3	3	2	1	2	2	3	3	2	3	2	3	
0	2	2	2	3	2	1	2	2	3	2	3	3	2	3	3	3	3	1	2	1	3	2	3	2	3	3	2	3	2	2	2	2	2	0	3	2	3	3	3	3	2	3	2	1	2	2	2	2	1	2	
0	3	3	2	2	3	2	2	2	3	1	3	2	3	2	3	3	2	3	1	2	3	3	3	2	2	2	2	2	1	3	2	3	3	3	0	2	3	2	3	2	2	3	1	2	3	2	3	2	2	1	
0	2	3	1	2	1	2	2	2	1	3	1	2	3	2	1	2	1	3	2	2	3	2	3	2	2	3	2	3	2	3	2	2	2	3	3	0	2	2	2	2	2	2	3	2	3	2	1	2	3	2	
0	3	1	2	2	2	2	2	2	2	2	2	3	4	3	2	2	2	3	2	3	3	2	3	2	3	4	2	1	3	3	3	2	3	3	3	1	0	2	2	3	3	2	3	1	2	3	1	3	3	3	
0	2	3	3	2	2	2	1	2	3	3	3	2	3	3	2	3	1	2	2	2	3	2	3	3	2	2	3	1	2	3	3	2	1	2	3	2	3	0	2	3	3	2	3	2	1	3	1	3	3	2	
0	3	2	2	2	2	2	2	2	2	3	3	3	3	2	3	1	3	2	1	2	3	2	2	2	1	3	1	1	2	1	2	2	2	2	2	2	1	2	0	2	2	3	2	2	1	3	1	2	3	3	
0	3	3	3	3	2	2	3	3	3	4	2	2	3	2	2	1	3	3	3	3	1	3	3	2	3	3	2	3	2	3	3	1	2	2	3	3	3	2	2	0	1	3	2	3	3	1	2	2	2	2	
0	3	3	3	3	3	2	2	3	4	3	3	1	3	2	3	3	2	3	3	4	2	2	3	2	2	2	3	2	3	3	2	3	3	3	2	3	2	2	4	2	0	2	1	2	3	3	3	3	2	1	
0	1	1	3	2	2	3	1	2	2	2	3	2	3	3	3	2	3	3	1	2	3	2	4	3	3	3	2	2	2	3	2	2	2	3	3	2	1	2	2	3	1	0	2	2	2	2	1	2	3	2	
0	3	3	2	2	2	1	3	2	3	3	2	1	2	1	2	3	1	2	3	3	2	3	3	3	1	3	3	3	3	3	2	2	3	2	2	3	2	2	3	3	2	2	0	2	3	3	3	3	2	2	
0	3	4	1	2	2	2	3	3	3	3	3	3	3	2	3	3	3	3	3	3	2	3	2	1	3	4	2	3	2	2	3	3	2	3	2	2	4	2	4	2	3	3	2	0	3	3	3	3	2	2	
0	3	2	2	2	2	2	3	2	2	3	2	2	2	3	2	3	2	1	2	2	2	2	3	3	3	4	3	1	1	3	3	3	3	1	3	1	3	2	3	3	2	3	3	2	0	2	2	3	2	2	
0	3	3	3	4	3	2	3	3	3	3	4	3	2	4	4	4	4	2	3	2	4	3	4	3	3	3	3	3	3	3	2	3	3	1	4	3	4	3	4	4	3	3	3	2	2	0	3	3	2	3	
0	2	3	2	1	1	2	1	2	2	3	2	2	3	2	3	2	3	3	1	2	3	1	3	2	2	4	2	2	3	2	3	1	2	3	3	3	2	3	1	2	2	3	2	2	2	2	0	2	2	2	
0	3	3	3	3	2	2	2	3	2	2	3	2	1	2	3	4	2	3	3	3	3	3	2	1	3	2	3	2	2	3	2	3	2	3	2	2	3	1	3	3	3	2	3	3	2	3	2	0	2	3	
0	1	2	2	2	2	2	3	1	3	3	3	2	3	3	3	3	3	2	2	3	3	2	4	3	3	3	3	2	1	1	2	3	2	2	2	2	2	2	2	2	2	3	2	2	1	2	3	2	0	2	
0	2	2	3	2	2	2	1	2	3	3	3	3	4	3	3	2	3	3	3	3	2	3	2	1	2	2	2	3	2	2	1	2	3	2	2	3	3	2	3	1	2	3	2	2	2	2	3	3	1	0	
Tamanho_Tarefas
0	29	15	13	11	22	14	22	1	19	13	23	1	14	19	6	19	9	9	20	26	5	5	10	18	27	27	15	3	9	8	4	12	4	18	25	8	18	26	19	25	3	27	19	12	33	12	23	22	15	25	
Data_Entrega
0	185	200	252	237	208	176	241	203	253	244	191	236	250	188	213	244	239	176	188	253	244	202	215	205	175	222	189	201	210	190	199	233	251	239	228	179	196	223	199	193	229	219	201	220	223	204	228	206	180	242	
Penalidade_Atraso
0	2	18	19	10	16	3	3	7	14	15	14	20	14	12	3	19	3	8	1	14	12	9	9	1	15	2	4	11	1	12	9	5	14	10	7	20	8	9	15	14	9	6	3	20	15	5	6	5	4	9	
Capacidade_Veiculo
55	68	69	73	43	82	69	95	77	75	57	45	59	37	90	
Custo_Fixo_Veiculo
550	680	690	730	430	820	690	950	770	750	570	450	590	370	900	
Coordenadas_Clientes
x	0	y	0
x	104	y	0
x	120	y	15
x	93	y	24
x	88	y	34
x	74	y	40
x	93	y	67
x	56	y	53
x	61	y	74
x	58	y	92
x	46	y	99
x	36	y	111
x	17	y	89
x	5	y	89
x	-5	y	87
x	-22	y	119
x	-32	y	100
x	-51	y	110
x	-42	y	67
x	-76	y	92
x	-90	y	84
x	-79	y	57
x	-72	y	39
x	-110	y	43
x	-98	y	25
x	-96	y	12
x	-99	y	0
x	-104	y	-13
x	-100	y	-25
x	-105	y	-41
x	-105	y	-57
x	-83	y	-60
x	-59	y	-55
x	-48	y	-58
x	-64	y	-101
x	-51	y	-108
x	-23	y	-72
x	-15	y	-82
x	-5	y	-92
x	5	y	-83
x	14	y	-73
x	32	y	-98
x	38	y	-82
x	66	y	-104
x	49	y	-60
x	62	y	-58
x	66	y	-48
x	106	y	-58
x	85	y	-33
x	118	y	-30
x	95	y	-12
Tempo_Viagem
0	104	120	96	94	84	114	77	95	108	109	116	90	89	87	121	104	121	79	119	123	97	81	118	101	96	99	104	103	112	119	102	80	75	119	119	75	83	92	83	74	103	90	123	77	84	81	120	91	121	95	
104	0	21	26	37	50	67	71	85	102	114	129	124	133	139	173	168	189	160	202	210	191	180	218	203	200	203	208	205	212	216	196	172	162	195	188	145	144	141	128	115	121	104	110	81	71	61	58	38	33	15	
120	21	0	28	37	52	58	74	83	98	111	126	126	136	143	175	172	193	169	210	219	203	193	231	218	216	219	224	223	231	236	216	192	183	216	209	166	165	162	149	136	142	125	130	102	92	82	74	59	45	36	
96	26	28	0	11	24	43	46	59	76	88	103	99	108	115	148	144	165	141	182	191	175	165	203	191	189	193	200	199	208	213	195	171	163	200	195	150	151	151	138	125	135	118	130	94	86	76	83	57	59	36	
94	37	37	11	0	15	33	37	48	65	77	92	89	99	106	138	135	156	134	173	184	168	160	198	186	185	190	197	197	206	213	195	171	164	203	198	153	155	156	143	130	142	125	139	101	94	84	93	67	70	46	
84	50	52	24	15	0	33	22	36	54	65	80	75	84	91	124	120	141	119	158	169	153	146	184	172	172	177	185	185	196	203	186	163	156	197	193	148	151	153	140	127	144	127	144	103	98	88	103	73	82	56	
114	67	58	43	33	33	0	39	32	43	56	71	78	89	99	126	127	148	135	170	183	172	167	204	195	196	202	212	213	225	233	216	194	188	229	226	181	184	186	173	160	175	158	172	134	127	117	125	100	100	79	
77	71	74	46	37	22	39	0	21	39	47	61	53	62	69	102	98	119	98	137	148	135	128	166	156	157	163	173	174	186	194	179	157	152	195	192	147	152	157	145	132	152	136	157	113	111	101	121	90	103	75	
95	85	83	59	48	36	32	21	0	18	29	44	46	57	67	94	95	116	103	138	151	141	137	173	166	168	176	186	189	201	211	196	175	170	214	213	168	173	178	166	153	173	157	178	134	132	122	139	109	118	92	
108	102	98	76	65	54	43	39	18	0	13	28	41	53	63	83	90	110	103	134	148	141	140	175	169	173	181	193	196	210	220	207	187	183	227	227	182	188	194	182	170	191	175	196	152	150	140	157	127	135	110	
109	114	111	88	77	65	56	47	29	13	0	15	30	42	52	70	78	97	92	122	136	130	132	164	161	166	175	187	191	205	217	204	186	182	227	228	184	191	197	186	174	197	181	203	159	157	148	168	137	147	121	
116	129	126	103	92	80	71	61	44	28	15	0	29	38	47	58	68	87	89	112	128	126	129	160	158	164	174	187	192	207	219	208	191	188	233	235	191	199	207	196	185	209	193	216	171	170	161	182	151	162	136	
90	124	126	99	89	75	78	53	46	41	30	29	0	12	22	49	50	71	62	93	107	100	102	134	131	136	146	158	163	178	190	179	162	160	205	208	165	173	182	172	162	187	172	199	152	153	145	171	139	156	127	
89	133	136	108	99	84	89	62	57	53	42	38	12	0	10	40	38	59	51	81	95	89	91	123	120	127	136	149	154	170	182	173	157	156	201	204	163	172	181	172	162	188	174	202	155	157	149	177	145	164	135	
87	139	143	115	106	91	99	69	67	63	52	47	22	10	0	36	29	50	42	71	85	79	82	113	111	117	128	140	146	162	175	166	151	151	196	200	160	169	179	170	161	188	174	203	156	159	152	182	150	169	140	
121	173	175	148	138	124	126	102	94	83	70	58	49	40	36	0	21	30	55	60	76	84	93	116	120	129	140	153	162	178	194	188	177	178	223	228	191	201	211	203	195	223	209	239	192	195	188	217	185	204	175	
104	168	172	144	135	120	127	98	95	90	78	68	50	38	29	21	0	21	34	44	60	63	72	96	99	108	119	132	141	157	173	167	157	158	203	208	172	182	193	186	178	207	194	226	179	183	177	209	177	198	169	
121	189	193	165	156	141	148	119	116	110	97	87	71	59	50	30	21	0	43	30	46	59	74	89	96	107	119	132	143	159	175	172	165	168	211	218	183	194	206	200	193	223	211	243	197	202	196	229	197	219	190	
79	160	169	141	134	119	135	98	103	103	92	89	62	51	42	55	34	43	0	42	50	38	41	72	70	77	87	100	108	124	139	133	123	125	169	175	140	151	163	157	150	180	169	202	156	162	157	193	161	187	158	
119	202	210	182	173	158	170	137	138	134	122	112	93	81	71	60	44	30	42	0	16	35	53	59	70	82	94	107	119	135	151	152	147	152	193	200	172	184	197	192	187	217	208	242	196	203	199	235	203	229	200	
123	210	219	191	184	169	183	148	151	148	136	128	107	95	85	76	60	46	50	16	0	29	48	45	59	72	84	97	109	125	141	144	142	147	186	195	169	181	195	192	188	218	209	244	200	207	204	242	210	237	208	
97	191	203	175	168	153	172	135	141	141	130	126	100	89	79	84	63	59	38	35	29	0	19	34	37	48	60	73	84	100	116	117	113	118	158	166	140	152	166	163	159	189	181	216	173	181	178	217	187	215	187	
81	180	193	165	160	146	167	128	137	140	132	129	102	91	82	93	72	74	41	53	48	19	0	38	29	36	47	60	69	85	101	99	94	99	140	147	121	133	147	144	141	171	163	198	156	165	162	201	172	202	174	
118	218	231	203	198	184	204	166	173	175	164	160	134	123	113	116	96	89	72	59	45	34	38	0	21	34	44	56	68	84	100	106	110	117	150	162	143	155	169	170	169	199	193	228	189	199	198	238	209	239	212	
101	203	218	191	186	172	195	156	166	169	161	158	131	120	111	120	99	96	70	70	59	37	29	21	0	13	25	38	50	66	82	86	89	96	130	141	122	134	148	149	148	178	173	208	169	180	179	220	191	222	196	
96	200	216	189	185	172	196	157	168	173	166	164	136	127	117	129	108	107	77	82	72	48	36	34	13	0	12	25	37	53	69	73	76	84	117	128	111	123	137	138	139	168	163	198	161	172	172	213	186	217	191	
99	203	219	193	190	177	202	163	176	181	175	174	146	136	128	140	119	119	87	94	84	60	47	44	25	12	0	13	25	41	57	62	68	77	106	118	104	116	130	133	134	163	159	194	159	171	171	212	186	219	194	
104	208	224	200	197	185	212	173	186	193	187	187	158	149	140	153	132	132	100	107	97	73	60	56	38	25	13	0	12	28	44	50	61	71	95	107	99	111	125	129	132	159	157	192	160	171	173	214	190	222	199	
103	205	223	199	197	185	213	174	189	196	191	192	163	154	146	162	141	143	108	119	109	84	69	68	50	37	25	12	0	16	32	38	50	61	83	95	89	101	115	119	123	149	148	183	153	165	167	208	185	218	195	
112	212	231	208	206	196	225	186	201	210	205	207	178	170	162	178	157	159	124	135	125	100	85	84	66	53	41	28	16	0	16	29	48	59	72	86	87	98	112	117	122	147	147	181	155	167	171	211	190	223	202	
119	216	236	213	213	203	233	194	211	220	217	219	190	182	175	194	173	175	139	151	141	116	101	100	82	69	57	44	32	16	0	22	46	57	60	74	83	93	105	112	119	142	144	176	154	167	171	211	191	224	205	
102	196	216	195	195	186	216	179	196	207	204	208	179	173	166	188	167	172	133	152	144	117	99	106	86	73	62	50	38	29	22	0	24	35	45	57	61	71	84	90	97	120	122	154	132	145	149	189	169	202	183	
80	172	192	171	171	163	194	157	175	187	186	191	162	157	151	177	157	165	123	147	142	113	94	110	89	76	68	61	50	48	46	24	0	11	46	53	39	51	65	69	74	99	99	133	108	121	125	165	145	178	159	
75	162	183	163	164	156	188	152	170	183	182	188	160	156	151	178	158	168	125	152	147	118	99	117	96	84	77	71	61	59	57	35	11	0	45	50	28	40	54	58	63	88	88	122	97	110	114	154	135	168	150	
119	195	216	200	203	197	229	195	214	227	227	233	205	201	196	223	203	211	169	193	186	158	140	150	130	117	106	95	83	72	60	45	46	45	0	14	50	52	59	71	82	96	103	130	119	132	139	175	163	194	182	
119	188	209	195	198	193	226	192	213	227	228	235	208	204	200	228	208	218	175	200	195	166	147	162	141	128	118	107	95	86	74	57	53	50	14	0	45	44	48	61	73	83	92	117	110	123	130	164	154	185	174	
75	145	166	150	153	148	181	147	168	182	184	191	165	163	160	191	172	183	140	172	169	140	121	143	122	111	104	99	89	87	83	61	39	28	50	45	0	12	26	30	37	60	61	94	72	85	92	129	114	147	132	
83	144	165	151	155	151	184	152	173	188	191	199	173	172	169	201	182	194	151	184	181	152	133	155	134	123	116	111	101	98	93	71	51	40	52	44	12	0	14	20	30	49	53	83	67	80	87	123	111	142	130	
92	141	162	151	156	153	186	157	178	194	197	207	182	181	179	211	193	206	163	197	195	166	147	169	148	137	130	125	115	112	105	84	65	54	59	48	26	14	0	13	26	37	44	71	62	75	82	116	106	137	127	
83	128	149	138	143	140	173	145	166	182	186	196	172	172	170	203	186	200	157	192	192	163	144	170	149	138	133	129	119	117	112	90	69	58	71	61	30	20	13	0	13	30	33	64	49	62	69	104	93	124	114	
74	115	136	125	130	127	160	132	153	170	174	185	162	162	161	195	178	193	150	187	188	159	141	169	148	139	134	132	123	122	119	97	74	63	82	73	37	30	26	13	0	30	25	60	37	50	57	93	81	112	101	
103	121	142	135	142	144	175	152	173	191	197	209	187	188	188	223	207	223	180	217	218	189	171	199	178	168	163	159	149	147	142	120	99	88	96	83	60	49	37	30	30	0	17	34	41	50	60	84	83	109	106	
90	104	125	118	125	127	158	136	157	175	181	193	172	174	174	209	194	211	169	208	209	181	163	193	173	163	159	157	148	147	144	122	99	88	103	92	61	53	44	33	25	17	0	35	24	33	43	72	66	95	89	
123	110	130	130	139	144	172	157	178	196	203	216	199	202	203	239	226	243	202	242	244	216	198	228	208	198	194	192	183	181	176	154	133	122	130	117	94	83	71	64	60	34	35	0	47	46	56	60	73	90	96	
77	81	102	94	101	103	134	113	134	152	159	171	152	155	156	192	179	197	156	196	200	173	156	189	169	161	159	160	153	155	154	132	108	97	119	110	72	67	62	49	37	41	24	47	0	13	20	57	44	75	66	
84	71	92	86	94	98	127	111	132	150	157	170	153	157	159	195	183	202	162	203	207	181	165	199	180	172	171	171	165	167	167	145	121	110	132	123	85	80	75	62	50	50	33	46	13	0	10	44	33	62	56	
81	61	82	76	84	88	117	101	122	140	148	161	145	149	152	188	177	196	157	199	204	178	162	198	179	172	171	173	167	171	171	149	125	114	139	130	92	87	82	69	57	60	43	56	20	10	0	41	24	55	46	
120	58	74	83	93	103	125	121	139	157	168	182	171	177	182	217	209	229	193	235	242	217	201	238	220	213	212	214	208	211	211	189	165	154	175	164	129	123	116	104	93	84	72	60	57	44	41	0	32	30	47	
91	38	59	57	67	73	100	90	109	127	137	151	139	145	150	185	177	197	161	203	210	187	172	209	191	186	186	190	185	190	191	169	145	135	163	154	114	111	106	93	81	83	66	73	44	33	24	32	0	33	23	
121	33	45	59	70	82	100	103	118	135	147	162	156	164	169	204	198	219	187	229	237	215	202	239	222	217	219	222	218	223	224	202	178	168	194	185	147	142	137	124	112	109	95	90	75	62	55	30	33	0	29	
95	15	36	36	46	56	79	75	92	110	121	136	127	135	140	175	169	190	158	200	208	187	174	212	196	191	194	199	195	202	205	183	159	150	182	174	132	130	127	114	101	106	89	96	66	56	46	47	23	29	0	
Custo_Viagem
V0
0	1144	1320	1056	1034	924	1254	847	1045	1188	1199	1276	990	979	957	1331	1144	1331	869	1309	1353	1067	891	1298	1111	1056	1089	1144	1133	1232	1309	1122	880	825	1309	1309	825	913	1012	913	814	1133	990	1353	847	924	891	1320	1001	1331	1045	
1144	0	231	286	407	550	737	781	935	1122	1254	1430	1364	1463	1529	1903	1848	2090	1760	2222	2321	2101	1980	2398	2233	2200	2233	2288	2255	2332	2376	2156	1892	1782	2156	2068	1595	1584	1562	1419	1265	1331	1155	1210	891	781	671	638	418	363	165	
1320	231	0	308	407	572	638	814	913	1078	1221	1397	1386	1496	1584	1936	1914	2145	1870	2310	2431	2233	2123	2541	2398	2376	2409	2475	2453	2541	2596	2376	2112	2013	2387	2310	1837	1826	1804	1661	1507	1573	1397	1430	1133	1023	902	814	649	495	396	
1056	286	308	0	121	264	473	517	649	836	968	1144	1100	1199	1276	1639	1606	1837	1551	2002	2112	1925	1815	2233	2101	2079	2123	2200	2189	2288	2343	2145	1881	1793	2200	2145	1650	1661	1661	1518	1375	1496	1309	1430	1034	957	836	913	627	649	396	
1034	407	407	121	0	165	363	407	528	715	847	1012	979	1089	1177	1529	1496	1738	1474	1903	2024	1848	1760	2178	2046	2035	2090	2167	2167	2277	2343	2145	1881	1804	2233	2178	1683	1705	1716	1573	1430	1573	1386	1529	1111	1045	924	1023	737	770	506	
924	550	572	264	165	0	363	242	396	594	715	880	825	924	1001	1364	1331	1573	1309	1738	1859	1683	1606	2024	1892	1892	1947	2035	2035	2156	2233	2046	1793	1716	2167	2123	1628	1661	1683	1551	1397	1584	1397	1584	1133	1078	968	1133	803	902	616	
1254	737	638	473	363	363	0	429	352	473	616	792	869	990	1100	1386	1419	1650	1485	1870	2013	1892	1837	2244	2145	2156	2233	2332	2343	2475	2563	2387	2134	2068	2519	2486	1991	2024	2046	1903	1760	1925	1738	1903	1474	1408	1298	1375	1100	1100	869	
847	781	814	517	407	242	429	0	231	429	517	671	583	682	759	1122	1089	1331	1078	1507	1639	1485	1408	1826	1716	1727	1793	1903	1914	2046	2134	1969	1727	1672	2145	2123	1617	1672	1727	1595	1452	1672	1496	1727	1243	1221	1111	1331	990	1133	825	
1045	935	913	649	528	396	352	231	0	198	319	484	506	627	737	1034	1056	1287	1133	1518	1661	1551	1507	1903	1826	1848	1936	2046	2079	2211	2321	2156	1936	1881	2365	2343	1848	1903	1958	1826	1694	1914	1727	1958	1474	1452	1342	1529	1199	1298	1012	
1188	1122	1078	836	715	594	473	429	198	0	143	319	451	583	693	924	990	1210	1133	1474	1628	1551	1540	1925	1859	1903	1991	2123	2156	2310	2420	2277	2057	2013	2508	2497	2002	2068	2134	2002	1870	2101	1925	2156	1672	1650	1540	1727	1397	1485	1210	
1199	1254	1221	968	847	715	616	517	319	143	0	165	330	462	572	770	858	1067	1023	1342	1496	1441	1452	1815	1771	1826	1925	2057	2101	2255	2387	2244	2046	2002	2508	2508	2024	2101	2167	2046	1914	2167	1991	2233	1749	1727	1628	1848	1507	1617	1331	
1276	1430	1397	1144	1012	880	792	671	484	319	165	0	319	418	517	638	748	957	979	1243	1408	1397	1419	1771	1749	1815	1914	2057	2112	2277	2409	2288	2101	2068	2574	2585	2112	2189	2277	2156	2035	2299	2123	2387	1881	1870	1771	2002	1672	1793	1496	
990	1364	1386	1100	979	825	869	583	506	451	330	319	0	132	242	539	550	781	682	1023	1177	1111	1122	1485	1441	1496	1606	1738	1793	1958	2090	1969	1782	1760	2266	2288	1815	1903	2002	1892	1782	2057	1892	2189	1672	1683	1595	1881	1529	1716	1397	
979	1463	1496	1199	1089	924	990	682	627	583	462	418	132	0	110	440	418	649	561	891	1045	979	1001	1353	1331	1397	1496	1639	1694	1870	2002	1903	1727	1716	2222	2244	1793	1892	1991	1892	1782	2068	1914	2222	1705	1727	1639	1958	1595	1804	1485	
957	1529	1584	1276	1177	1001	1100	759	737	693	572	517	242	110	0	396	319	561	462	781	935	869	902	1243	1221	1287	1408	1540	1606	1782	1925	1826	1661	1661	2167	2200	1760	1859	1969	1870	1771	2068	1914	2233	1716	1749	1672	2002	1650	1859	1540	
1331	1903	1936	1639	1529	1364	1386	1122	1034	924	770	638	539	440	396	0	231	330	605	660	836	924	1034	1276	1320	1430	1551	1705	1793	1980	2134	2079	1947	1958	2453	2508	2101	2211	2321	2233	2145	2453	2299	2629	2112	2145	2068	2398	2035	2244	1925	
1144	1848	1914	1606	1496	1331	1419	1089	1056	990	858	748	550	418	319	231	0	231	374	484	660	693	792	1056	1089	1188	1320	1463	1562	1738	1903	1837	1727	1738	2233	2288	1892	2002	2123	2046	1969	2288	2134	2486	1969	2013	1947	2299	1947	2178	1859	
1331	2090	2145	1837	1738	1573	1650	1331	1287	1210	1067	957	781	649	561	330	231	0	473	330	506	649	814	979	1067	1177	1320	1463	1573	1760	1925	1892	1815	1848	2321	2398	2024	2145	2277	2200	2134	2453	2321	2673	2167	2222	2156	2519	2167	2409	2090	
869	1760	1870	1551	1474	1309	1485	1078	1133	1133	1023	979	682	561	462	605	374	473	0	462	550	418	451	792	770	847	957	1111	1188	1375	1529	1463	1353	1375	1859	1925	1540	1661	1793	1727	1650	1980	1859	2222	1716	1782	1727	2123	1771	2057	1738	
1309	2222	2310	2002	1903	1738	1870	1507	1518	1474	1342	1243	1023	891	781	660	484	330	462	0	176	385	583	649	770	902	1034	1188	1309	1496	1661	1672	1617	1672	2123	2211	1892	2024	2167	2112	2057	2398	2288	2662	2156	2233	2189	2585	2233	2519	2200	
1353	2321	2431	2112	2024	1859	2013	1639	1661	1628	1496	1408	1177	1045	935	836	660	506	550	176	0	319	528	495	649	792	924	1078	1199	1375	1551	1584	1562	1628	2046	2145	1859	2002	2145	2112	2068	2409	2299	2684	2200	2288	2244	2662	2310	2607	2288	
1067	2101	2233	1925	1848	1683	1892	1485	1551	1551	1441	1397	1111	979	869	924	693	649	418	385	319	0	209	374	407	528	660	814	924	1111	1276	1287	1243	1309	1738	1837	1540	1683	1826	1793	1749	2090	1991	2376	1903	1991	1969	2387	2057	2365	2057	
891	1980	2123	1815	1760	1606	1837	1408	1507	1540	1452	1419	1122	1001	902	1034	792	814	451	583	528	209	0	418	319	396	517	671	759	946	1111	1089	1034	1089	1540	1628	1331	1463	1617	1584	1551	1892	1793	2178	1716	1815	1793	2222	1892	2222	1914	
1298	2398	2541	2233	2178	2024	2244	1826	1903	1925	1815	1771	1485	1353	1243	1276	1056	979	792	649	495	374	418	0	231	374	484	616	748	924	1100	1166	1210	1298	1661	1782	1584	1727	1881	1870	1859	2200	2123	2519	2079	2189	2178	2618	2299	2629	2332	
1111	2233	2398	2101	2046	1892	2145	1716	1826	1859	1771	1749	1441	1331	1221	1320	1089	1067	770	770	649	407	319	231	0	143	275	418	550	726	902	946	979	1056	1430	1551	1342	1485	1639	1639	1628	1958	1903	2288	1859	1980	1969	2420	2101	2442	2156	
1056	2200	2376	2079	2035	1892	2156	1727	1848	1903	1826	1815	1496	1397	1287	1430	1188	1177	847	902	792	528	396	374	143	0	132	286	407	583	759	803	836	924	1287	1408	1221	1364	1518	1518	1529	1848	1793	2189	1771	1892	1892	2343	2046	2398	2112	
1089	2233	2409	2123	2090	1947	2233	1793	1936	1991	1925	1914	1606	1496	1408	1551	1320	1320	957	1034	924	660	517	484	275	132	0	143	275	451	627	682	748	847	1166	1298	1144	1287	1441	1463	1474	1793	1749	2145	1749	1881	1881	2343	2046	2409	2134	
1144	2288	2475	2200	2167	2035	2332	1903	2046	2123	2057	2057	1738	1639	1540	1705	1463	1463	1111	1188	1078	814	671	616	418	286	143	0	132	308	484	561	671	781	1056	1188	1100	1232	1386	1419	1452	1760	1727	2112	1760	1881	1903	2354	2090	2442	2189	
