M: 4
N: 50
Nun_Veiculos: 19
Capacidade_Total: 1391
Demanda_Total: 916
Setup_Min: 1
Setup_Max: 9
Raio: 100
Circulos: 1
Tempo_Processamento_Min: 1
Tempo_Processamento_Max: 49
Demanda_Min: 10
Demanda_Max: 30
Priority_Factor: 0.2
Range_Factor_R: 0.8
U_factor: 2
ALpha: 0.2Replicao: 4
Tempos_Processamentos
0	0	1	0	2	0	3	0	
0	22	1	34	2	35	3	10	
0	48	1	34	2	42	3	32	
0	37	1	29	2	42	3	17	
0	36	1	26	2	16	3	41	
0	26	1	30	2	31	3	24	
0	39	1	49	2	38	3	3	
0	29	1	11	2	37	3	25	
0	18	1	8	2	30	3	18	
0	23	1	41	2	12	3	43	
0	36	1	44	2	1	3	4	
0	5	1	4	2	22	3	15	
0	23	1	8	2	25	3	9	
0	45	1	20	2	38	3	37	
0	47	1	49	2	47	3	5	
0	44	1	47	2	34	3	6	
0	35	1	22	2	1	3	22	
0	10	1	42	2	47	3	26	
0	30	1	12	2	47	3	46	
0	24	1	14	2	24	3	16	
0	10	1	11	2	11	3	47	
0	38	1	26	2	19	3	3	
0	2	1	13	2	5	3	12	
0	47	1	40	2	15	3	35	
0	23	1	1	2	22	3	30	
0	14	1	23	2	14	3	16	
0	5	1	29	2	46	3	47	
0	8	1	28	2	11	3	9	
0	1	1	48	2	35	3	5	
0	40	1	9	2	48	3	32	
0	28	1	37	2	22	3	34	
0	4	1	43	2	16	3	1	
0	12	1	11	2	29	3	37	
0	16	1	47	2	43	3	11	
0	14	1	26	2	18	3	2	
0	3	1	30	2	43	3	47	
0	29	1	48	2	15	3	36	
0	27	1	37	2	20	3	30	
0	35	1	31	2	22	3	35	
0	41	1	39	2	10	3	2	
0	4	1	34	2	36	3	17	
0	10	1	45	2	35	3	10	
0	41	1	26	2	2	3	36	
0	30	1	5	2	38	3	11	
0	42	1	17	2	48	3	49	
0	41	1	2	2	24	3	34	
0	21	1	40	2	17	3	27	
0	11	1	9	2	43	3	42	
0	40	1	45	2	39	3	4	
0	42	1	4	2	17	3	38	
0	40	1	24	2	28	3	11	

Tempos_setup
M0
0	0	0	0	0	0	0	0	0	0	0	0	0	0	0	0	0	0	0	0	0	0	0	0	0	0	0	0	0	0	0	0	0	0	0	0	0	0	0	0	0	0	0	0	0	0	0	0	0	0	0	
0	0	2	2	2	3	1	2	3	2	2	2	1	2	2	2	3	2	3	2	1	2	3	2	3	3	2	3	2	2	3	3	2	2	3	3	2	2	2	3	1	1	2	2	3	3	3	2	2	3	3	
0	2	0	1	1	2	1	2	3	3	3	2	3	1	2	2	2	3	2	3	1	2	2	2	2	2	2	1	1	2	1	2	2	1	2	2	2	2	2	3	2	2	3	3	3	2	3	2	2	2	2	
0	2	1	0	2	3	1	1	3	2	2	3	2	2	1	3	2	2	2	3	2	3	2	2	2	3	3	2	1	2	2	2	1	2	2	3	2	1	2	3	2	3	2	3	3	2	2	2	2	3	3	
0	2	2	2	0	2	3	2	3	3	2	2	2	3	2	2	1	2	3	2	1	2	3	3	2	3	2	3	3	3	2	3	2	2	3	3	3	2	3	3	1	3	2	2	3	3	2	2	2	1	3	
0	3	2	2	3	0	3	3	3	1	2	3	2	3	2	2	2	3	2	2	2	2	1	3	2	3	3	3	1	2	3	2	2	2	2	3	3	3	3	2	2	2	1	2	2	2	2	3	1	1	2	
0	3	2	3	3	3	0	2	3	3	3	2	3	2	3	3	3	3	2	3	2	3	3	2	3	2	3	2	3	1	2	3	1	3	2	3	2	3	3	2	3	3	2	3	3	2	2	3	2	3	3	
0	2	2	1	3	3	2	0	3	1	3	2	2	3	2	3	3	1	3	3	2	2	3	3	3	2	3	3	2	1	3	2	2	3	3	3	1	2	3	2	3	3	3	2	3	3	3	2	2	3	2	
0	3	2	3	2	2	3	2	0	2	3	3	3	3	3	2	1	2	2	2	3	4	3	2	2	3	3	3	3	3	2	3	2	2	3	2	2	2	3	1	2	3	3	1	1	1	3	3	2	3	1	
0	3	3	3	3	2	2	2	3	0	3	2	1	3	3	3	2	2	2	2	2	2	2	2	3	2	3	3	1	1	2	2	1	3	2	3	3	2	2	1	3	3	2	2	3	2	2	3	2	3	3	
0	3	3	2	3	2	2	1	3	2	0	2	3	3	3	2	2	2	3	1	2	3	3	3	2	2	2	3	3	2	3	2	3	3	3	1	2	2	3	2	1	2	2	2	2	2	2	2	1	3	2	
0	2	1	2	2	1	1	2	3	1	2	0	1	2	2	2	1	1	3	2	2	3	2	2	2	2	3	2	2	2	2	1	2	2	3	1	2	2	2	2	2	1	2	2	3	2	1	3	2	1	1	
0	2	2	2	3	3	3	1	2	2	3	2	0	3	3	2	2	2	2	1	3	3	2	1	3	3	3	2	1	2	3	2	2	2	2	3	2	2	1	2	3	2	3	1	3	3	3	2	3	2	3	
0	3	2	1	3	3	2	1	3	2	2	3	3	0	2	3	3	2	3	3	2	3	2	2	3	3	2	3	2	2	2	2	2	3	1	2	2	2	2	3	2	1	3	3	4	3	3	3	2	3	1	
0	2	2	3	3	3	2	2	2	3	3	2	3	3	0	2	3	3	3	3	3	3	2	1	1	2	3	2	3	2	2	2	2	2	3	3	2	2	1	3	3	3	3	3	3	3	3	1	3	2	3	
0	2	2	2	2	2	3	3	2	2	2	2	3	3	3	0	2	3	3	3	2	2	1	2	1	1	1	2	2	2	3	2	2	3	2	2	2	2	1	2	2	2	2	3	2	2	2	2	1	2	2	
0	3	1	2	1	3	2	3	4	4	3	3	3	2	3	3	0	3	3	3	2	3	3	3	3	3	3	2	2	3	2	3	3	2	3	3	3	3	3	4	2	3	3	2	4	3	2	3	3	2	3	
0	1	2	1	3	3	2	2	3	1	3	3	2	3	2	2	3	0	2	3	1	2	3	2	3	3	3	3	2	2	3	2	2	3	3	3	2	2	3	2	2	2	3	1	2	2	3	2	2	3	3	
0	1	3	2	2	2	2	2	2	2	2	3	2	2	2	1	3	3	0	2	1	2	2	3	2	2	2	3	3	3	2	3	2	2	3	1	1	1	2	2	2	2	2	2	3	2	1	1	2	1	2	
0	3	2	1	3	2	2	1	2	2	2	2	3	2	2	3	3	2	3	0	3	3	3	3	2	2	3	3	2	2	2	1	2	2	3	3	2	2	2	1	3	1	3	3	3	3	3	1	2	2	3	
0	1	2	3	3	3	2	2	2	2	3	3	2	3	2	3	2	3	3	2	0	1	3	2	2	2	2	3	3	3	2	2	3	2	3	2	3	3	3	3	2	2	2	3	3	2	2	1	1	3	3	
0	2	1	2	2	2	2	2	2	2	2	2	3	2	3	3	3	3	3	1	2	0	2	2	3	1	1	2	2	2	2	1	2	2	2	1	3	2	2	2	1	2	2	2	2	2	2	2	2	3	2	
0	2	1	2	2	3	2	2	4	2	1	3	3	2	2	2	3	2	3	2	2	3	0	3	3	2	3	2	2	3	2	1	3	2	3	2	3	3	2	3	2	1	2	2	3	3	3	3	2	3	3	
0	1	2	2	3	2	2	3	1	2	2	1	2	3	3	3	2	2	3	3	2	2	1	0	2	2	2	3	3	3	3	1	2	1	3	2	3	3	2	2	2	2	3	2	2	2	2	3	3	2	2	
0	2	3	2	3	2	3	3	2	3	2	3	2	2	2	1	3	3	2	3	3	3	2	3	0	2	2	2	3	3	2	3	2	2	3	3	3	1	2	2	2	3	2	2	3	3	3	3	2	1	2	
0	3	2	1	2	2	2	2	3	2	2	2	3	2	2	3	2	2	2	2	2	1	2	2	2	0	2	3	2	1	2	2	1	3	1	1	2	2	3	1	1	2	2	2	1	2	2	3	1	3	2	
0	1	3	2	2	2	2	2	1	2	2	2	2	2	2	3	2	3	3	2	2	2	2	1	2	2	0	1	3	3	2	2	2	2	3	3	2	2	2	2	2	2	1	2	2	2	1	1	3	3	1	
0	2	2	1	3	3	2	2	2	3	2	3	3	1	2	2	3	2	3	3	1	2	3	3	3	3	3	0	2	2	3	3	2	2	2	2	2	2	1	3	3	2	3	2	3	3	3	2	2	4	2	
0	2	2	3	2	3	3	2	3	3	2	3	3	2	2	2	1	2	1	2	2	3	1	2	2	2	2	2	0	2	2	1	1	3	1	2	2	2	2	3	3	2	2	3	3	2	2	2	2	2	3	
0	2	2	2	3	2	2	3	3	2	3	1	2	3	2	3	2	2	3	3	1	2	3	3	3	1	3	3	3	0	3	2	2	3	2	2	3	2	3	2	2	2	3	3	2	2	2	2	2	2	2	
0	2	3	2	3	3	3	3	3	2	3	3	3	3	3	2	2	3	1	3	2	2	2	2	3	1	3	3	3	2	0	3	2	3	2	2	1	2	3	2	2	3	2	2	2	2	2	2	2	2	1	
0	4	2	2	2	2	3	3	4	3	3	3	4	3	3	2	3	3	3	3	3	2	3	3	3	1	3	2	3	2	3	0	2	2	2	2	2	3	1	2	2	2	3	3	2	3	3	4	2	3	3	
0	2	3	2	2	3	3	2	2	2	2	2	3	2	3	2	2	3	1	2	2	3	2	1	2	2	2	3	2	1	1	2	0	2	1	2	2	2	2	3	3	2	1	2	2	1	1	2	1	2	2	
0	2	2	1	3	1	2	2	2	2	2	2	3	3	2	2	3	3	2	3	3	3	1	1	1	2	1	2	2	2	2	2	1	0	2	1	3	2	3	3	3	2	2	2	3	2	2	2	2	2	2	
0	2	2	2	2	2	2	1	2	2	2	3	2	1	3	3	2	2	2	2	1	2	1	2	3	2	1	2	1	2	3	1	2	2	0	1	2	3	2	2	3	2	2	2	3	2	2	2	2	3	2	
0	3	3	2	2	1	1	3	3	2	3	3	3	3	3	2	3	2	2	2	3	3	2	2	2	3	3	3	2	2	2	3	2	3	3	0	2	2	2	3	2	3	2	1	3	1	1	3	2	2	1	
0	3	4	3	3	2	3	2	3	1	3	3	2	3	3	2	3	2	2	3	3	3	3	2	3	3	3	2	2	2	2	3	1	3	2	3	0	2	3	1	2	3	2	1	3	2	2	3	2	3	1	
0	2	2	3	3	3	3	2	3	3	1	3	3	3	3	2	3	3	1	2	2	3	3	3	1	3	3	2	3	2	3	3	3	2	3	2	2	0	1	3	2	3	3	3	3	3	2	2	2	2	2	
0	3	1	2	2	3	2	2	3	2	3	2	3	2	3	1	3	3	2	3	2	3	2	3	2	2	2	1	2	1	2	3	2	2	3	3	1	3	0	2	3	3	2	2	2	3	2	3	2	3	2	
0	2	3	2	3	1	3	1	4	2	2	3	3	3	3	3	2	1	2	3	2	3	2	3	2	3	3	3	2	2	4	3	3	2	3	3	2	1	2	0	3	2	2	2	2	2	2	3	1	2	3	
0	2	2	1	3	2	2	2	2	2	1	1	2	3	2	3	2	2	2	2	3	3	3	2	2	3	1	2	2	3	3	2	2	2	3	2	2	1	2	3	0	2	1	3	2	2	2	2	2	2	2	
0	2	1	2	2	3	2	2	3	1	1	3	2	1	1	2	2	1	3	2	2	3	3	2	2	3	3	2	2	2	2	2	2	2	2	2	2	2	2	2	2	0	2	2	3	2	2	2	1	3	2	
0	2	2	1	3	2	2	2	3	1	1	3	2	2	2	3	3	2	2	1	3	3	2	2	2	3	2	3	2	2	2	2	2	1	3	2	3	2	3	2	2	1	0	3	1	1	3	2	2	3	1	
0	2	3	3	3	3	2	3	2	2	3	2	3	2	3	1	3	3	1	3	2	3	2	1	2	2	2	3	3	3	3	2	2	2	3	2	1	2	2	2	2	3	3	0	2	2	2	2	2	2	2	
0	3	3	2	3	3	2	2	3	3	3	3	3	3	3	2	3	3	2	1	3	4	3	2	1	3	3	3	3	2	2	2	1	3	2	3	3	2	3	2	3	2	2	3	0	2	2	2	2	2	3	
0	2	3	3	3	3	3	3	3	1	3	3	2	3	3	3	2	3	3	3	2	3	3	3	2	3	2	3	2	2	3	3	2	3	3	4	4	3	3	2	3	2	2	3	2	0	2	3	1	3	3	
0	3	2	1	1	3	2	2	3	3	3	3	2	3	2	2	2	3	3	1	2	3	3	3	3	3	3	2	2	2	3	2	2	3	3	4	2	2	1	2	2	2	3	3	3	2	0	2	3	2	3	
0	3	3	2	3	2	3	1	1	2	3	3	3	2	1	2	2	2	2	3	3	2	2	2	1	1	2	3	3	2	1	3	2	1	2	2	2	2	2	2	2	3	3	2	2	2	3	0	2	2	2	
0	2	2	2	2	3	3	3	3	1	2	2	2	2	3	2	1	3	3	2	1	2	3	3	1	3	3	3	2	2	3	3	2	2	3	3	3	2	2	2	3	2	1	3	2	1	1	2	0	2	2	
0	3	3	2	3	1	3	2	3	2	1	2	1	3	1	1	3	3	2	2	3	3	2	2	1	2	2	3	2	2	2	3	1	1	2	2	2	2	2	3	1	2	1	1	2	2	2	2	2	0	2	
0	2	3	2	3	3	3	3	2	3	2	2	3	3	2	3	3	3	2	2	3	3	2	1	2	2	2	3	3	2	1	2	1	2	2	3	2	1	2	3	1	3	2	3	3	2	2	2	2	2	0	
M1
0	0	0	0	0	0	0	0	0	0	0	0	0	0	0	0	0	0	0	0	0	0	0	0	0	0	0	0	0	0	0	0	0	0	0	0	0	0	0	0	0	0	0	0	0	0	0	0	0	0	0	
0	0	3	2	2	4	2	3	3	1	1	3	3	3	1	2	2	3	1	2	3	3	2	1	3	2	2	3	1	3	3	3	2	3	3	3	3	2	4	2	3	3	3	3	2	3	2	2	2	3	2	
0	3	0	2	2	2	3	2	2	3	2	4	2	3	3	2	2	2	1	1	3	2	3	2	2	3	3	3	2	3	2	2	2	3	1	2	3	3	2	2	3	3	1	3	2	3	3	3	1	2	3	
0	1	3	0	2	3	3	3	1	2	2	2	3	2	2	2	3	3	2	2	2	3	2	2	3	2	2	2	2	1	2	2	2	2	2	2	3	3	2	3	3	3	3	2	3	2	2	3	3	1	3	
0	2	2	2	0	3	3	2	3	3	2	3	3	2	2	1	3	2	2	2	2	1	3	3	2	3	3	3	3	3	3	1	1	2	3	3	3	2	2	2	2	2	3	3	2	2	2	3	2	3	3	
0	1	3	2	2	0	3	2	2	1	2	3	2	1	2	2	1	3	2	3	1	2	2	2	1	3	2	3	2	2	2	2	2	4	2	3	2	3	2	2	3	3	1	2	2	3	2	2	1	2	2	
0	3	3	3	1	4	0	3	3	3	3	3	3	3	2	2	2	3	2	2	3	2	3	4	3	3	1	3	1	2	2	2	2	3	3	3	2	3	3	3	3	3	1	2	2	3	2	2	3	2	1	
0	2	3	1	3	1	3	0	1	2	2	2	2	2	2	1	2	2	2	2	2	3	2	3	2	2	3	2	2	2	2	3	3	3	3	2	2	2	2	2	2	1	2	3	3	2	1	1	2	2	3	
0	2	2	3	2	3	3	3	0	2	2	2	2	2	2	2	3	2	2	1	1	2	1	3	3	1	2	3	2	1	1	2	3	3	2	2	2	3	2	3	3	3	3	3	2	2	2	3	3	3	3	
0	3	3	2	3	3	2	2	3	0	2	3	3	3	3	2	3	2	2	2	2	3	1	3	2	3	1	3	3	3	3	3	1	3	3	3	2	3	3	2	2	2	3	2	2	2	2	1	3	3	3	
0	2	3	1	2	3	3	3	2	1	0	2	3	3	3	2	3	2	1	3	3	3	2	3	3	1	2	2	3	2	2	3	2	3	3	2	2	3	3	2	3	3	3	3	2	3	1	2	2	2	3	
0	2	3	2	2	1	3	2	2	2	1	0	2	1	3	2	2	3	2	2	2	1	3	2	2	2	3	2	2	2	3	2	2	1	3	2	3	3	2	2	2	3	2	2	2	2	2	2	1	1	2	
0	2	3	2	1	2	4	3	2	2	1	3	0	3	3	2	3	2	2	2	1	1	3	1	2	1	3	3	3	3	2	2	2	3	2	2	2	2	2	2	1	1	3	3	2	3	2	2	2	3	2	
0	3	3	2	2	3	3	2	2	1	2	2	2	0	2	2	2	3	2	2	2	3	2	2	2	3	2	4	3	1	2	2	1	3	3	2	3	3	3	1	3	3	4	2	2	2	3	2	1	3	1	
0	3	3	3	1	3	1	2	2	3	2	2	3	3	0	2	1	2	1	3	3	2	2	3	2	2	2	2	2	2	3	2	2	3	3	2	3	3	3	2	3	3	2	2	2	3	1	3	2	3	2	
0	2	2	2	2	2	2	3	3	2	1	3	3	2	1	0	2	2	2	2	3	3	3	3	3	2	2	3	3	2	2	3	2	3	3	3	3	1	2	2	1	1	3	3	3	1	2	2	3	2	3	
0	3	4	4	3	3	3	3	4	2	3	3	2	3	3	2	0	3	3	3	3	3	3	3	1	2	2	3	3	4	3	3	3	4	2	2	3	3	3	1	3	3	4	1	2	3	2	3	4	4	3	
0	1	2	2	2	2	3	1	2	2	1	3	2	2	2	2	3	0	2	3	3	2	3	2	3	2	3	3	2	3	2	1	3	3	3	1	3	3	3	2	3	2	3	3	3	3	2	2	1	2	2	
0	3	3	2	2	3	3	2	2	2	1	3	2	3	2	1	2	3	0	2	2	3	3	2	2	2	3	3	3	3	2	2	1	2	2	2	3	2	3	1	2	2	4	3	3	2	2	3	1	3	3	
0	2	3	2	3	3	3	2	3	2	1	3	3	3	3	3	4	1	2	0	3	3	3	3	4	2	3	3	3	2	3	2	3	4	4	2	3	4	3	3	4	2	3	3	3	3	2	3	2	3	2	
0	1	3	2	2	2	3	3	1	2	2	2	1	3	2	3	2	2	2	2	0	1	2	2	2	2	2	4	2	2	1	3	2	3	1	2	3	3	1	2	2	2	3	3	2	3	3	2	3	3	3	
0	1	4	3	3	3	3	3	4	2	2	3	2	3	2	3	2	2	2	2	3	0	3	2	3	3	2	3	2	3	3	3	3	4	3	2	2	3	4	1	3	3	4	2	1	4	3	3	3	3	3	
0	3	2	2	3	3	2	2	3	2	1	2	4	3	3	2	3	2	2	2	4	3	0	3	4	2	3	2	3	3	3	2	3	3	3	2	3	3	2	3	2	3	3	4	3	1	1	3	3	3	3	
0	2	2	3	2	3	3	3	3	3	2	3	3	2	3	3	4	2	3	1	2	3	4	0	3	3	2	3	3	2	2	3	2	4	3	2	3	1	3	3	4	2	3	3	3	3	3	3	3	2	3	
0	3	3	3	3	2	3	2	3	3	3	2	2	3	3	2	3	2	2	3	3	3	2	2	0	2	3	2	4	3	3	3	3	3	1	2	3	3	2	3	3	3	3	3	2	3	1	2	3	3	3	
0	2	3	3	1	3	3	3	4	1	3	2	3	2	2	2	3	2	2	2	3	2	2	3	2	0	2	2	3	3	2	2	2	3	2	1	1	3	2	2	3	3	4	3	1	2	2	2	3	2	2	
0	3	4	2	2	3	1	2	3	2	2	2	3	3	3	2	3	2	1	2	2	3	2	3	2	3	0	2	2	3	3	3	1	3	2	3	1	3	3	2	2	3	2	1	2	3	3	1	2	2	2	
0	2	3	2	2	3	1	2	2	2	2	2	2	2	2	1	1	2	2	3	3	2	1	2	2	3	2	0	2	2	2	2	3	2	2	3	1	1	3	2	2	2	2	2	2	2	2	1	1	2	2	
0	3	4	3	3	3	3	3	2	3	2	3	3	3	2	2	3	3	1	2	3	2	3	3	2	3	3	4	0	2	2	3	2	3	3	3	4	3	4	2	3	3	4	3	3	3	3	2	2	4	1	
0	2	2	2	3	2	2	3	2	2	1	1	2	1	2	3	3	3	2	2	1	2	3	3	3	2	1	3	3	0	2	3	2	2	2	1	2	2	2	2	3	2	3	2	2	1	2	2	2	2	2	
0	2	3	3	2	3	2	3	3	3	2	3	1	3	1	2	2	2	2	1	2	2	3	2	3	2	2	3	1	3	0	3	3	3	3	1	2	3	3	2	2	2	3	3	3	2	2	3	2	3	2	
0	2	1	2	2	3	3	2	2	2	2	2	2	1	3	2	3	1	1	2	3	3	2	2	3	2	3	2	2	2	3	0	2	3	2	2	3	3	3	2	3	3	2	3	3	3	1	2	1	2	2	
0	2	4	1	3	2	4	1	2	3	2	2	2	3	3	2	3	2	3	1	1	2	3	2	1	3	3	3	3	2	2	3	0	3	2	3	3	2	2	3	3	2	3	3	3	3	2	2	3	2	3	
0	2	3	2	2	3	3	3	3	2	1	2	1	2	3	3	1	2	2	3	2	2	3	2	2	2	2	3	3	1	3	3	3	0	3	2	3	3	3	2	2	2	3	2	3	2	2	1	2	3	3	
0	2	3	3	2	1	3	3	3	2	2	3	1	2	3	2	2	2	3	2	2	2	3	1	1	2	2	3	3	2	3	2	3	2	0	3	2	2	3	3	2	2	2	3	1	3	2	2	2	3	3	
0	1	3	3	2	3	2	3	3	2	2	3	2	2	1	3	2	3	2	2	3	3	3	2	3	3	2	3	2	3	1	3	3	2	2	0	3	3	3	1	3	3	3	3	3	3	2	3	3	2	3	
0	3	3	3	3	2	2	3	3	3	2	1	2	2	3	2	2	2	1	2	2	2	2	2	1	3	2	1	3	3	3	2	2	2	1	2	0	2	2	2	3	3	3	2	1	3	2	2	2	1	3	
0	1	3	2	3	2	2	3	3	2	1	2	2	1	2	3	3	2	2	2	2	3	3	2	3	2	1	2	2	1	1	2	2	3	3	2	2	0	2	2	3	1	3	2	2	2	2	2	2	1	2	
0	1	3	1	2	3	2	2	2	2	2	3	3	2	1	3	1	1	2	3	3	3	3	2	2	3	1	3	2	2	2	2	2	3	3	2	2	3	0	2	3	3	3	2	3	3	2	2	2	2	2	
0	2	4	3	2	2	3	4	3	3	2	3	1	3	2	3	1	3	3	3	2	2	3	2	2	2	3	3	3	3	2	3	3	3	3	1	3	3	3	0	2	2	3	2	3	4	2	3	3	3	2	
0	2	4	1	3	2	4	2	2	2	2	3	2	3	3	2	2	2	1	2	2	3	2	3	2	3	3	3	3	2	3	3	1	2	3	2	3	3	2	1	0	1	2	3	3	3	3	1	2	2	3	
0	2	3	2	3	1	3	2	3	2	2	3	3	2	2	3	2	1	3	1	2	3	3	3	2	3	2	3	3	3	3	2	3	4	3	2	3	4	1	3	4	0	2	3	3	4	3	3	2	3	3	
0	2	3	3	4	3	3	3	3	2	2	3	3	3	3	3	1	2	3	2	2	1	3	3	2	3	2	2	3	3	3	2	2	3	2	2	2	3	2	2	2	3	0	2	1	4	3	3	3	1	3	
0	2	4	3	3	2	2	3	4	3	3	3	4	3	2	3	3	2	2	2	3	3	3	3	3	3	1	3	3	3	4	3	2	4	3	3	2	3	4	3	3	4	3	0	1	3	2	2	3	3	3	
0	2	3	3	3	3	2	2	3	3	2	2	3	3	3	3	3	1	2	1	2	3	3	3	2	3	1	2	3	2	3	2	2	3	2	2	1	2	3	3	3	3	3	2	0	3	3	2	2	2	3	
0	3	1	3	2	2	3	3	3	1	2	3	3	3	3	3	2	2	2	1	3	3	2	3	3	1	2	3	3	3	3	3	2	4	2	2	2	3	3	3	3	2	2	3	2	0	3	2	2	3	3	
0	2	2	3	2	2	2	2	3	2	2	1	3	2	2	2	2	1	1	3	3	2	1	2	3	1	3	1	3	3	2	2	2	2	3	1	2	2	3	2	3	3	3	3	2	2	0	2	2	2	3	
0	2	3	1	3	3	3	2	2	1	2	3	2	2	3	3	2	1	2	2	3	3	2	2	3	3	2	3	3	2	2	2	2	2	3	2	2	3	3	1	1	2	2	3	3	2	3	0	2	2	3	
0	2	2	1	1	2	2	1	1	3	2	3	1	2	2	1	2	2	2	2	2	2	2	1	3	2	3	3	3	2	2	1	2	3	3	3	3	2	3	2	2	2	3	3	2	2	2	2	0	2	2	
0	2	2	2	3	3	2	2	2	3	2	3	2	2	2	2	2	2	2	1	1	2	2	3	2	3	2	1	3	3	2	1	1	3	2	1	2	2	1	2	3	3	3	1	2	3	2	2	2	0	2	
0	3	3	2	2	3	2	2	3	3	2	2	2	2	1	2	2	2	1	1	2	3	3	3	2	3	2	3	2	1	1	3	1	2	3	2	3	3	3	2	3	3	3	3	3	2	2	2	2	3	0	
M2
0	0	0	0	0	0	0	0	0	0	0	0	0	0	0	0	0	0	0	0	0	0	0	0	0	0	0	0	0	0	0	0	0	0	0	0	0	0	0	0	0	0	0	0	0	0	0	0	0	0	0	
0	0	3	2	1	3	2	2	3	2	3	2	2	2	2	1	3	2	2	1	3	3	2	3	3	3	3	3	3	3	1	2	2	3	3	3	2	2	3	3	3	3	2	2	2	2	3	3	2	3	2	
0	2	0	3	1	2	2	2	3	3	2	3	3	1	2	2	3	2	2	3	3	2	2	3	3	3	3	3	1	3	3	2	3	2	3	2	2	2	2	3	2	1	2	2	2	1	3	3	2	2	2	
0	1	2	0	1	3	3	3	3	3	2	3	2	3	2	2	3	2	2	2	2	3	3	3	3	2	3	3	1	3	2	1	3	3	1	3	2	3	2	3	3	3	2	2	2	2	4	3	2	3	2	
0	1	2	2	0	2	2	2	2	2	2	2	2	2	1	2	2	1	1	2	2	3	3	2	3	2	2	2	2	2	2	2	2	2	3	2	2	2	2	2	2	2	1	1	1	1	3	2	1	2	1	
0	2	2	1	1	0	2	1	2	3	1	3	1	3	2	3	2	2	2	3	2	2	3	2	2	3	3	3	2	2	3	2	1	2	2	3	3	2	2	2	3	3	2	2	2	2	3	3	2	2	2	
0	4	3	3	3	2	0	1	1	3	3	3	3	3	2	2	2	2	3	3	2	2	3	3	2	3	4	2	3	2	3	3	2	3	4	3	2	3	3	1	3	3	3	2	2	2	3	2	2	2	2	
0	3	2	2	3	2	3	0	3	3	3	2	2	2	2	2	3	3	3	3	1	2	2	2	2	3	3	3	2	1	2	3	2	3	3	4	3	3	2	3	4	3	2	3	1	3	3	2	2	3	1	
0	3	2	2	2	1	2	2	0	2	2	3	2	3	2	3	2	1	2	3	3	2	3	2	2	2	3	1	3	2	3	2	1	2	3	2	1	2	2	2	2	2	3	2	2	1	3	3	1	2	2	
0	2	1	1	2	1	1	2	2	0	2	3	2	2	1	3	2	3	3	3	3	3	3	3	2	3	3	3	2	3	3	2	2	3	2	3	3	3	2	2	3	2	3	3	3	2	3	3	3	3	2	
0	2	2	2	2	2	1	2	2	2	0	3	1	3	2	2	2	3	3	2	2	2	2	1	2	3	4	3	3	2	3	2	2	3	1	4	2	1	2	1	3	3	3	2	2	3	2	2	3	3	3	
0	3	2	3	3	3	3	3	3	3	3	0	2	1	3	2	4	3	3	3	1	1	2	2	3	3	3	4	3	3	3	3	1	2	2	4	2	3	2	3	3	3	2	3	4	3	3	3	3	2	2	
0	2	3	3	3	3	3	2	3	3	4	3	0	2	3	3	2	2	3	2	3	3	3	3	1	3	5	2	3	3	3	3	3	2	4	3	2	2	2	3	3	4	4	3	3	3	3	3	3	4	2	
0	3	2	3	3	2	3	2	3	3	3	2	2	0	3	1	3	2	3	3	3	1	1	2	3	4	3	3	2	3	2	3	3	1	4	3	2	3	2	3	2	3	3	3	3	3	2	3	2	2	3	
0	3	3	3	3	2	2	1	3	3	3	3	3	3	0	2	1	3	3	3	2	2	3	2	2	2	2	3	3	2	2	2	3	2	4	3	2	3	2	1	3	3	3	2	2	2	2	2	3	3	2	
0	3	3	2	3	2	2	2	3	3	3	1	1	2	2	0	3	3	3	3	2	2	1	3	2	3	3	3	2	3	1	3	2	3	3	4	1	2	2	2	2	3	3	2	3	3	2	3	3	3	2	
0	3	2	3	2	2	2	2	3	2	2	2	3	2	2	3	0	2	2	2	2	2	2	2	1	1	4	2	3	2	1	1	2	1	3	2	1	2	1	2	2	3	3	2	3	1	1	1	2	2	2	
0	3	3	2	2	1	2	2	1	2	2	3	2	3	1	3	2	0	3	3	2	2	2	1	2	3	3	1	3	3	3	2	2	3	2	3	2	2	3	2	3	3	3	3	1	2	3	2	2	3	3	
0	1	1	2	2	2	2	2	3	1	2	3	3	2	2	2	1	2	0	1	2	2	2	1	2	2	3	3	2	1	2	2	2	1	3	3	2	2	2	2	3	2	3	1	2	2	2	1	2	2	3	
0	3	2	3	2	2	1	2	2	3	3	3	3	3	3	3	3	2	2	0	3	2	3	3	2	4	4	3	3	2	4	2	2	3	4	2	3	1	3	2	2	3	3	2	3	1	2	3	2	2	3	
0	4	3	3	3	3	2	3	2	3	3	2	2	2	2	1	3	3	3	3	0	1	2	2	3	2	4	3	2	3	2	3	2	3	3	4	2	3	2	3	3	4	1	3	4	3	3	4	3	2	3	
0	3	3	3	2	2	2	2	2	2	2	2	3	2	3	3	3	3	2	2	2	0	2	1	3	3	4	3	3	2	3	2	3	3	3	4	2	2	1	2	2	3	2	2	3	3	3	3	3	1	3	
0	3	3	2	2	1	3	2	3	3	2	2	2	2	3	3	3	3	2	2	3	1	0	2	3	3	2	2	1	2	1	3	2	2	3	3	3	2	1	2	3	3	2	2	3	3	1	2	2	2	3	
0	2	2	2	1	2	1	2	2	1	3	3	3	3	2	2	3	2	2	3	1	1	1	0	3	2	3	3	2	3	2	1	3	3	3	3	1	2	2	2	2	2	2	2	2	2	2	2	2	2	2	
0	3	2	2	3	2	2	1	3	3	3	2	2	1	2	2	2	2	2	1	2	2	2	3	0	3	4	1	2	2	2	3	2	1	3	3	1	2	1	3	2	3	3	2	2	2	3	2	2	3	1	
0	3	2	2	2	2	2	2	3	1	2	3	3	3	1	2	2	3	3	3	2	1	2	1	2	0	3	1	3	1	3	2	2	3	3	4	2	3	2	2	2	3	3	2	2	3	3	3	2	2	3	
0	2	2	3	3	3	3	3	3	2	3	2	2	3	3	1	2	3	1	2	3	2	2	2	3	3	0	3	3	2	2	3	3	2	2	2	2	3	3	3	2	3	4	2	2	3	3	2	3	3	3	
0	3	2	2	3	3	2	2	3	3	2	3	2	2	3	3	1	2	3	2	3	2	3	2	1	2	4	0	3	3	2	2	1	2	3	3	1	2	2	3	2	2	2	2	3	2	2	2	1	3	2	
0	2	2	2	1	3	2	3	3	3	1	3	2	3	2	3	3	2	2	3	3	3	3	2	3	3	3	3	0	3	3	3	3	3	2	3	3	2	3	2	3	2	2	2	2	2	3	3	1	3	2	
0	3	3	2	2	1	2	2	3	2	2	2	2	3	3	1	3	3	2	3	2	1	1	1	3	3	2	3	2	0	2	2	2	3	3	4	2	2	1	3	3	3	3	2	1	3	2	2	3	2	3	
0	3	2	3	3	3	3	1	3	3	3	3	2	3	3	3	4	3	3	2	2	2	3	2	2	4	3	3	3	2	0	3	1	2	3	3	3	3	2	3	3	3	3	3	2	2	4	3	2	2	2	
0	3	2	3	2	3	2	2	3	3	3	4	3	3	3	4	3	2	2	3	3	2	4	3	3	4	4	3	3	3	4	0	3	3	2	2	3	2	3	3	2	2	3	3	2	1	3	3	2	2	3	
0	2	1	2	2	2	2	2	3	2	3	2	1	2	2	3	3	2	2	3	2	1	2	1	2	3	4	3	2	2	2	2	0	1	3	3	2	2	1	3	3	2	3	2	3	2	3	2	2	2	1	
0	3	1	2	2	1	2	1	2	3	2	2	2	2	2	3	2	1	2	3	2	3	3	2	3	3	4	2	2	2	3	2	2	0	3	2	3	2	1	3	2	2	3	2	2	2	2	3	1	3	2	
0	1	1	1	2	3	2	2	3	3	3	2	1	2	2	2	3	3	2	2	1	2	3	3	2	3	4	3	2	2	2	2	2	3	0	3	3	2	1	3	3	2	2	2	3	2	3	3	3	3	3	
0	2	2	1	2	1	1	2	2	3	2	3	2	2	1	3	2	2	2	2	3	2	2	3	2	2	3	1	2	3	3	2	2	1	2	0	2	2	2	2	2	3	2	3	3	1	3	3	2	1	3	
0	3	2	2	3	3	3	2	2	2	3	2	2	2	2	3	2	3	2	2	2	1	3	2	2	2	3	3	2	2	2	2	2	3	2	3	0	1	1	3	1	2	3	1	2	3	2	2	3	2	1	
0	3	2	3	3	3	3	2	3	3	3	2	2	2	3	3	3	3	3	2	3	2	2	2	1	4	4	2	3	3	3	1	1	2	3	3	2	0	2	2	3	3	4	3	3	2	1	2	3	3	2	
0	2	2	3	2	2	3	1	3	2	2	1	3	2	2	2	2	2	1	2	2	2	2	2	2	3	3	2	3	1	3	2	2	2	3	4	2	1	0	3	3	3	3	1	2	3	2	2	2	2	2	
0	3	3	2	2	1	1	2	2	2	2	2	2	2	1	1	1	2	3	2	1	1	2	2	1	2	3	2	3	1	2	2	2	2	3	3	2	3	2	0	3	4	2	1	1	2	2	1	3	2	2	
0	2	2	2	2	2	2	3	1	2	2	2	2	3	2	2	1	2	1	1	3	3	3	2	2	2	2	2	1	2	2	2	2	2	3	2	2	2	2	3	0	1	3	2	3	2	2	2	2	3	1	
0	2	2	2	3	2	2	2	3	3	1	3	2	3	2	3	3	2	3	3	3	2	3	2	3	3	4	2	3	3	3	3	3	1	2	1	1	2	2	2	2	0	3	2	3	2	3	3	2	2	2	
0	3	3	3	2	3	1	2	2	2	2	1	3	1	1	2	2	3	3	3	2	2	2	2	3	1	3	2	1	2	1	3	2	2	3	4	3	3	3	2	2	3	0	3	3	3	3	3	2	3	3	
0	3	2	2	2	2	2	2	2	1	2	3	2	3	1	2	2	3	3	2	1	2	2	1	3	3	3	3	3	3	3	2	1	2	3	4	1	2	2	2	2	3	2	0	2	3	2	3	3	1	2	
0	3	2	3	3	2	2	3	3	3	2	3	2	3	3	3	3	2	3	3	2	2	3	2	3	3	5	3	3	3	3	3	1	2	3	4	3	3	2	2	3	3	3	2	0	3	4	1	3	2	2	
0	2	1	2	1	2	1	1	2	2	2	3	3	2	2	3	2	1	1	2	2	3	3	2	2	3	3	2	2	2	3	1	2	2	3	1	2	1	3	2	1	2	2	2	2	0	2	2	1	1	2	
0	3	2	3	2	2	2	2	2	2	2	3	2	1	3	2	3	2	2	1	2	2	1	1	3	3	3	2	2	3	2	2	3	1	3	2	2	2	2	2	3	3	3	2	3	2	0	1	2	3	3	
0	3	3	2	2	1	2	2	2	2	1	3	2	2	2	2	2	1	3	2	1	1	2	2	2	3	4	2	3	2	3	3	2	3	2	4	2	2	2	1	3	4	2	1	2	3	3	0	3	2	3	
0	2	3	1	2	2	1	2	2	3	1	3	2	3	2	3	3	1	3	2	3	3	3	2	2	2	4	2	2	3	3	2	2	2	2	2	2	1	3	2	3	1	3	3	2	3	2	2	0	3	3	
0	3	3	2	2	1	2	2	1	3	1	2	2	2	2	2	2	2	2	1	2	2	3	2	2	2	3	2	2	2	2	3	2	3	2	3	2	2	3	1	1	2	1	2	2	2	3	2	2	0	2	
0	2	1	1	2	2	3	2	3	3	2	1	1	2	1	3	2	2	2	3	2	2	3	3	2	3	3	3	2	2	1	2	2	2	2	3	3	2	1	2	3	2	2	2	3	2	3	1	3	3	0	
M3
0	0	0	0	0	0	0	0	0	0	0	0	0	0	0	0	0	0	0	0	0	0	0	0	0	0	0	0	0	0	0	0	0	0	0	0	0	0	0	0	0	0	0	0	0	0	0	0	0	0	0	
0	0	2	2	3	2	3	3	2	3	4	3	3	1	3	3	3	2	3	2	2	3	3	2	1	3	3	3	3	2	2	2	3	1	3	3	4	2	3	2	3	3	2	4	2	3	2	1	2	4	1	
0	2	0	2	4	2	3	4	3	2	2	3	1	2	3	3	3	3	3	3	2	3	3	2	1	3	2	3	2	2	2	3	3	2	1	3	3	2	2	2	3	2	2	3	3	2	2	2	2	4	1	
0	2	3	0	2	2	2	4	3	1	3	2	2	3	1	3	2	3	3	2	2	1	3	2	3	3	2	4	3	3	2	3	2	3	3	3	2	3	2	2	3	3	2	2	2	3	3	3	2	3	2	
0	2	3	1	0	2	2	3	3	2	3	3	2	3	1	3	2	3	1	2	2	2	3	2	2	2	3	2	2	3	3	2	3	2	3	3	1	3	2	3	3	1	2	3	2	3	3	3	3	1	2	
0	3	2	3	2	0	2	3	1	2	2	3	2	2	3	2	3	3	3	3	2	2	2	2	3	3	2	2	2	2	2	3	3	2	1	1	2	3	2	2	1	2	3	3	3	2	2	2	2	3	3	
0	3	1	2	1	1	0	3	2	3	3	4	2	3	2	3	3	1	2	3	2	3	3	3	2	2	2	3	3	3	3	3	2	3	2	2	2	3	2	3	2	2	3	3	1	1	2	3	2	2	2	
0	2	3	2	1	3	2	0	2	2	2	3	2	2	1	1	1	2	2	2	2	3	1	2	3	2	2	3	2	2	2	3	2	2	2	2	2	2	2	1	3	2	2	2	1	3	3	2	3	2	3	
0	2	1	2	1	2	2	2	0	1	3	3	2	1	2	2	2	2	2	2	1	1	2	3	2	3	2	1	2	2	1	2	2	2	2	1	2	2	2	2	2	2	2	2	3	3	1	2	2	2	2	
0	3	2	3	3	1	2	3	2	0	3	2	2	3	2	3	2	3	3	2	3	2	3	3	2	2	2	3	2	3	1	3	1	2	2	2	2	3	1	3	2	3	1	1	2	3	3	3	3	2	2	
0	2	3	2	3	2	2	3	2	2	0	1	2	2	3	2	3	3	1	2	1	3	2	1	3	2	3	2	3	2	3	2	2	2	2	3	3	2	2	3	2	2	1	3	2	3	1	2	3	3	2	
0	2	2	1	2	2	2	2	2	1	1	0	1	1	2	3	3	3	1	2	2	2	3	2	2	2	2	2	3	2	2	2	2	1	3	3	2	3	2	3	1	2	2	2	2	2	2	2	2	3	3	
0	1	2	2	3	2	2	4	3	1	3	3	0	2	2	2	2	3	2	2	1	2	2	3	1	3	1	3	2	2	1	3	2	2	2	2	2	2	2	3	2	1	2	2	3	3	2	2	1	3	2	
0	1	2	3	2	2	2	3	1	2	3	2	2	0	3	3	2	3	3	2	2	2	3	3	2	4	3	2	2	2	1	3	2	2	2	2	3	3	3	3	3	3	3	3	3	3	2	2	3	3	2	
0	1	2	3	2	2	1	3	2	1	3	3	2	2	0	2	2	2	2	1	1	2	2	1	2	3	3	3	3	3	2	2	2	2	2	3	1	2	2	2	3	2	2	2	2	2	3	2	2	3	2	
0	2	2	3	2	3	2	3	1	2	3	4	1	2	3	0	3	1	3	3	2	2	1	3	2	2	2	2	3	2	2	3	2	3	2	1	2	3	2	2	3	2	2	2	3	3	2	1	2	2	3	
0	2	2	3	3	2	3	3	2	2	3	3	2	3	2	1	0	2	2	3	3	3	1	3	2	3	3	3	2	3	3	3	1	2	3	2	2	1	1	3	2	2	2	1	2	3	3	2	3	2	3	
0	2	2	3	3	2	2	2	2	2	3	4	3	3	2	3	2	0	2	3	3	3	3	2	3	1	3	3	2	2	3	2	1	3	2	2	2	3	1	3	2	3	3	3	2	3	3	3	1	2	2	
0	1	2	3	3	2	3	2	2	3	3	3	2	2	3	2	2	2	0	1	3	2	2	1	2	1	2	1	2	2	3	1	2	2	2	2	2	3	1	2	3	2	3	3	2	2	3	2	2	3	2	
0	3	2	3	2	3	3	3	1	2	3	4	3	2	3	3	3	2	2	0	2	2	2	3	1	3	2	2	3	2	2	1	2	3	3	2	3	3	3	1	2	3	3	3	3	1	2	2	1	3	2	
0	2	3	4	3	3	3	4	2	2	4	3	3	3	4	3	2	2	3	1	0	3	1	3	2	3	3	3	3	2	2	2	3	3	3	3	2	1	2	2	3	2	2	2	2	2	3	3	2	2	2	
0	2	3	2	1	2	2	3	3	2	3	4	3	3	1	3	3	3	2	2	2	0	3	2	2	2	1	3	3	3	2	3	3	3	3	3	2	2	3	2	3	2	3	3	2	2	2	2	2	2	1	
0	3	3	3	3	2	3	3	3	1	3	3	2	3	3	3	3	3	2	2	3	3	0	3	2	2	3	3	2	3	2	2	2	2	3	3	2	3	2	3	3	1	1	1	3	3	3	3	3	1	2	
0	1	3	3	3	1	3	3	2	3	2	3	2	2	3	1	3	2	2	3	3	3	2	0	2	2	2	3	2	2	3	3	2	2	1	2	3	2	2	3	2	1	3	3	1	3	3	2	2	3	2	
0	2	3	2	3	3	2	4	2	3	3	3	2	1	3	2	2	3	4	3	3	2	2	3	0	3	3	2	3	3	1	2	2	2	2	3	4	2	2	3	3	3	3	3	3	3	1	3	3	3	2	
0	2	2	3	2	2	3	1	3	3	2	3	3	3	2	2	2	3	2	2	3	2	2	1	2	0	2	3	2	1	3	2	3	2	1	3	1	2	2	2	2	2	3	3	2	3	3	2	2	3	1	
0	2	3	1	2	3	2	3	2	2	3	3	2	2	1	2	2	2	3	2	2	2	2	2	1	3	0	3	3	3	1	2	2	2	2	3	1	3	2	2	3	3	2	3	3	3	1	3	3	3	2	
0	2	1	2	3	2	3	3	2	2	3	2	1	1	2	2	1	1	2	3	2	3	2	2	2	2	1	0	1	2	2	3	1	3	2	3	2	2	2	1	2	2	3	2	3	3	2	2	1	2	1	
0	2	2	3	2	3	2	3	1	2	3	3	2	2	2	3	3	3	1	2	2	2	2	2	3	2	3	2	0	2	2	2	3	3	3	2	3	3	2	3	2	1	3	3	3	3	2	3	1	3	2	
0	2	1	3	3	2	2	3	2	3	2	3	2	3	3	3	3	3	1	2	2	3	3	2	2	2	2	2	1	0	3	2	2	2	1	3	2	3	2	3	1	2	3	4	3	2	3	2	2	2	2	
0	2	2	3	2	2	1	4	3	2	2	3	1	2	2	2	1	2	3	3	2	1	2	2	1	3	2	3	2	2	0	3	1	2	1	3	3	2	2	2	3	2	3	2	2	2	2	2	2	2	1	
0	2	2	3	2	3	2	4	2	3	2	3	3	3	2	2	3	3	2	3	2	1	2	3	3	3	2	3	2	1	3	0	3	3	2	1	2	3	2	2	2	3	3	2	3	2	3	1	3	3	2	
0	2	1	3	3	1	2	4	2	1	3	3	2	3	1	3	3	3	2	2	2	3	3	2	2	3	3	3	1	3	2	2	0	2	2	2	2	3	2	3	2	2	2	2	3	3	3	3	2	1	2	
0	3	1	1	3	3	3	3	3	2	3	3	2	2	2	3	3	3	3	2	1	2	2	3	1	2	3	3	3	2	2	1	2	0	2	2	3	2	3	2	3	3	1	3	1	3	2	2	3	3	2	
0	2	2	2	3	1	3	4	2	3	1	2	2	3	2	3	2	3	2	3	2	3	3	2	2	3	1	3	1	1	2	2	2	1	0	2	2	3	1	3	2	2	2	3	2	2	2	3	1	3	3	
0	3	2	3	2	2	1	3	2	3	3	4	2	2	3	1	2	2	2	2	3	2	2	3	3	3	2	2	2	1	3	2	3	3	2	0	1	3	3	1	2	2	3	3	2	2	3	2	3	3	2	
0	3	3	2	1	2	3	2	2	3	3	4	3	3	2	2	1	2	2	1	2	1	2	3	2	3	2	3	2	2	2	1	2	3	3	2	0	2	2	2	3	2	2	2	3	2	3	2	2	2	2	
0	1	3	3	3	3	3	3	2	3	3	4	4	2	3	3	2	3	3	2	3	3	3	3	2	2	4	3	3	3	3	3	3	2	3	2	3	0	1	3	4	4	3	3	1	3	3	2	3	4	2	
0	3	2	2	2	3	3	3	1	2	3	4	3	2	2	2	1	3	2	3	2	2	2	3	3	2	3	2	3	2	2	3	2	3	3	2	3	2	0	3	3	3	3	2	1	2	2	3	3	3	3	
0	2	2	2	3	3	3	3	2	2	3	3	3	1	2	3	3	1	1	2	2	3	3	2	2	2	1	2	2	1	2	2	2	3	2	3	2	3	2	0	2	3	3	3	2	3	2	3	2	3	3	
0	2	2	2	2	2	1	3	2	3	3	3	2	2	2	3	2	2	2	2	2	2	3	3	2	3	1	1	2	1	2	2	2	1	2	3	1	3	3	2	0	1	2	3	2	1	2	1	2	3	2	
0	2	3	3	3	2	3	3	2	2	3	2	1	3	3	3	3	3	1	2	2	3	3	2	2	2	2	2	1	3	2	2	3	3	2	3	3	2	2	2	3	0	2	3	3	3	2	2	2	4	1	
0	2	2	3	3	2	2	2	2	2	2	3	3	2	2	3	3	3	3	1	3	3	3	2	2	1	3	3	2	2	3	2	1	3	2	2	2	2	3	2	3	3	0	3	3	2	3	3	2	2	2	
0	2	2	2	2	3	3	3	3	3	4	4	3	2	3	3	2	2	3	2	2	2	2	2	1	3	3	3	2	3	2	2	3	1	3	3	1	3	3	3	3	3	2	0	2	3	2	3	2	3	3	
0	2	2	4	3	3	2	2	3	4	2	3	3	3	3	2	3	3	3	3	3	3	3	2	3	1	3	3	3	2	3	3	4	3	2	1	2	3	3	2	3	3	3	3	0	3	3	3	3	4	2	
0	2	3	2	3	2	3	2	3	3	4	4	3	3	2	3	3	3	3	2	3	3	3	2	2	3	1	4	4	3	2	3	3	3	3	3	2	2	3	2	3	3	2	2	3	0	2	2	3	3	1	
0	2	2	1	2	2	3	3	1	2	3	3	2	2	2	1	2	2	3	3	2	2	1	2	2	2	3	2	3	2	2	1	3	1	3	2	3	2	1	2	2	2	2	2	2	2	0	2	3	2	1	
0	1	1	3	2	3	3	3	1	2	3	4	2	2	3	3	3	3	2	2	1	2	2	3	2	3	3	2	2	1	2	3	3	2	2	2	3	2	3	3	2	3	3	3	2	3	2	0	2	3	2	
0	3	2	3	2	3	2	3	3	3	2	3	3	2	3	4	3	3	2	3	3	3	4	3	3	3	2	2	2	1	3	3	2	2	2	3	2	4	3	3	1	2	3	4	2	2	3	2	0	3	3	
0	2	2	2	3	3	3	3	2	2	3	4	1	2	3	2	3	3	3	2	2	2	2	3	2	2	2	3	3	2	2	1	2	1	3	2	2	3	3	3	3	2	1	3	2	3	3	2	2	0	3	
0	1	2	3	3	1	3	4	2	3	3	4	3	2	3	2	3	2	2	3	2	3	3	1	2	3	2	3	3	2	3	3	3	2	2	2	3	1	2	1	2	2	3	4	2	3	3	1	3	4	0	
Tamanho_Tarefas
0	15	34	23	19	26	31	22	13	18	11	11	16	27	9	13	15	27	26	14	18	9	4	33	6	15	9	11	18	31	22	7	17	23	5	22	32	28	26	14	4	23	10	12	20	18	21	12	28	23	25	
Data_Entrega
0	262	265	219	250	223	181	200	190	201	258	230	263	243	224	223	249	229	182	229	225	197	237	220	216	178	251	185	248	201	208	248	178	213	208	184	257	225	246	216	234	194	179	199	203	192	187	239	249	229	222	
Penalidade_Atraso
0	1	1	7	12	15	10	12	12	13	18	9	19	10	2	12	11	19	13	3	19	3	12	15	9	15	20	7	2	14	14	6	18	18	8	17	15	12	20	4	10	4	11	11	12	16	18	3	16	5	7	
Capacidade_Veiculo
99	82	37	98	55	85	71	65	54	67	67	53	85	90	97	85	74	67	60	
Custo_Fixo_Veiculo
990	820	370	980	550	850	710	650	540	670	670	530	850	900	970	850	740	670	600	
Coordenadas_Clientes
x	0	y	0
x	115	y	0
x	79	y	10
x	96	y	24
x	94	y	37
x	86	y	47
x	94	y	68
x	62	y	58
x	50	y	61
x	50	y	80
x	43	y	93
x	36	y	113
x	15	y	82
x	6	y	108
x	-7	y	115
x	-19	y	101
x	-29	y	90
x	-37	y	80
x	-43	y	69
x	-61	y	73
x	-72	y	68
x	-93	y	68
x	-103	y	56
x	-107	y	42
x	-102	y	26
x	-97	y	12
x	-80	y	0
x	-88	y	-11
x	-83	y	-21
x	-89	y	-35
x	-82	y	-45
x	-76	y	-55
x	-85	y	-80
x	-54	y	-66
x	-65	y	-103
x	-48	y	-102
x	-32	y	-99
x	-19	y	-104
x	-6	y	-108
x	6	y	-106
x	23	y	-120
x	33	y	-103
x	35	y	-75
x	57	y	-91
x	77	y	-93
x	67	y	-63
x	64	y	-47
x	99	y	-54
x	106	y	-42
x	77	y	-19
x	74	y	-9
Tempo_Viagem
0	115	79	98	101	98	116	84	78	94	102	118	83	108	115	102	94	88	81	95	99	115	117	114	105	97	80	88	85	95	93	93	116	85	121	112	104	105	108	106	122	108	82	107	120	91	79	112	114	79	74	
115	0	37	30	42	54	71	78	89	102	116	136	129	153	167	167	169	171	172	190	198	218	224	225	218	212	195	203	198	206	201	197	215	181	206	192	177	169	161	151	150	131	109	107	99	79	69	55	42	42	41	
79	37	0	22	30	37	59	50	58	75	89	110	96	122	135	133	134	135	135	153	161	181	187	188	181	176	159	167	164	173	170	168	187	153	183	169	155	150	145	137	140	121	95	102	103	73	58	67	58	29	19	
98	30	22	0	13	25	44	48	59	72	86	107	99	123	137	137	141	144	146	164	173	194	201	203	198	193	177	186	183	193	190	189	208	174	205	191	177	171	166	157	160	141	115	120	118	91	77	78	66	47	39	
101	42	30	13	0	12	31	38	50	60	74	94	90	112	126	128	133	137	140	158	168	189	197	201	196	192	177	188	186	196	194	193	213	180	211	198	185	180	175	167	170	151	125	132	131	103	88	91	79	58	49	
98	54	37	25	12	0	22	26	38	48	62	82	78	100	114	116	122	127	130	148	159	180	189	193	189	186	172	183	182	193	191	191	213	179	212	200	187	183	180	172	177	158	132	139	140	110	95	101	91	66	56	
116	71	59	44	31	22	0	33	44	45	56	73	80	95	109	117	124	131	137	155	166	187	197	202	199	198	186	198	198	209	209	209	232	199	233	221	209	205	202	194	199	180	154	161	161	132	117	122	110	88	78	
84	78	50	48	38	26	33	0	12	25	39	60	52	75	89	90	96	101	105	123	134	155	165	169	167	165	153	165	165	177	177	177	200	169	205	194	182	181	179	173	181	163	135	149	151	121	105	117	108	78	68	
78	89	58	59	50	38	44	12	0	19	32	53	40	64	78	78	84	89	93	111	122	143	153	158	155	154	143	155	156	168	169	171	194	163	199	190	179	178	178	172	182	164	136	152	155	124	108	125	116	84	74	
94	102	75	72	60	48	45	25	19	0	14	35	35	52	66	72	79	87	93	111	122	143	154	161	161	161	152	165	167	180	181	184	209	179	215	206	196	196	196	191	201	183	155	171	174	143	127	142	133	102	92	
102	116	89	86	74	62	56	39	32	14	0	21	30	39	53	62	72	81	89	105	117	137	150	158	159	161	154	167	169	183	186	189	215	186	223	214	206	206	206	202	213	196	168	184	187	156	140	156	147	116	106	
118	136	110	107	94	82	73	60	53	35	21	0	37	30	43	55	68	80	90	104	116	135	149	159	163	167	161	174	179	193	196	201	227	200	238	230	222	223	224	221	233	216	188	205	208	177	161	177	168	137	127	
83	129	96	99	90	78	80	52	40	35	30	37	0	27	39	38	44	52	59	76	88	108	120	128	129	132	125	138	142	156	159	164	190	163	201	194	187	188	191	188	202	185	158	178	184	153	137	159	153	118	108	
108	153	122	123	112	100	95	75	64	52	39	30	27	0	14	25	39	51	62	75	87	106	120	130	135	140	138	151	156	171	176	182	208	184	222	216	210	213	216	214	228	212	185	205	211	180	164	186	180	145	135	
115	167	135	137	126	114	109	89	78	66	53	43	39	14	0	18	32	44	56	68	80	98	112	123	128	134	134	147	154	169	176	183	209	187	225	220	215	219	223	221	236	221	194	215	223	192	176	198	192	157	147	
102	167	133	137	128	116	117	90	78	72	62	55	38	25	18	0	14	26	38	50	62	81	95	105	110	116	116	129	136	151	158	166	192	170	208	205	200	205	209	208	224	210	184	206	216	185	169	194	189	153	144	
94	169	134	141	133	122	124	96	84	79	72	68	44	39	32	14	0	12	24	36	48	67	81	91	96	102	102	115	122	137	144	152	178	157	195	192	189	194	199	199	216	202	176	200	211	180	165	192	187	152	142	
88	171	135	144	137	127	131	101	89	87	81	80	52	51	44	26	12	0	12	25	37	57	70	79	84	90	90	103	110	125	132	140	166	146	184	182	179	184	190	190	208	195	170	195	207	176	162	190	187	150	142	
81	172	135	146	140	130	137	105	93	93	89	90	59	62	56	38	24	12	0	18	29	50	61	69	73	78	78	91	98	113	120	128	154	135	173	171	168	174	180	181	200	188	163	188	201	171	157	187	185	148	140	
95	190	153	164	158	148	155	123	111	111	105	104	76	75	68	50	36	25	18	0	12	32	45	55	62	70	75	88	96	111	119	128	154	139	176	175	174	181	189	191	210	199	176	202	215	186	173	204	202	165	157	
99	198	161	173	168	159	166	134	122	122	117	116	88	87	80	62	48	37	29	12	0	21	33	43	51	61	68	80	89	104	113	123	148	135	171	171	171	179	187	190	210	200	178	204	219	190	178	210	209	172	165	
115	218	181	194	189	180	187	155	143	143	137	135	108	106	98	81	67	57	50	32	21	0	15	29	42	56	69	79	89	103	113	123	148	139	172	175	177	187	196	200	220	212	191	218	234	206	194	227	227	190	183	
117	224	187	201	197	189	197	165	153	154	150	149	120	120	112	95	81	70	61	45	33	15	0	14	30	44	60	68	79	91	102	113	136	130	162	166	169	180	190	195	216	209	190	217	233	207	196	229	230	195	188	
114	225	188	203	201	193	202	169	158	161	158	159	128	130	123	105	91	79	69	55	43	29	14	0	16	30	49	54	65	77	88	99	122	118	148	153	157	169	179	185	207	201	183	210	228	203	192	226	228	193	188	
105	218	181	198	196	189	199	167	155	161	159	163	129	135	128	110	96	84	73	62	51	42	30	16	0	14	34	38	49	61	72	83	106	102	132	137	141	153	164	170	192	186	170	197	214	191	181	216	218	184	179	
97	212	176	193	192	186	198	165	154	161	161	167	132	140	134	116	102	90	78	70	61	56	44	30	14	0	20	24	35	47	58	69	92	88	118	123	127	139	150	156	178	172	157	184	202	179	171	206	210	176	171	
80	195	159	177	177	172	186	153	143	152	154	161	125	138	134	116	102	90	78	75	68	69	60	49	34	20	0	13	21	36	45	55	80	70	104	106	109	120	130	136	158	152	137	164	182	159	151	186	190	158	154	
88	203	167	186	188	183	198	165	155	165	167	174	138	151	147	129	115	103	91	88	80	79	68	54	38	24	13	0	11	24	34	45	69	64	94	99	103	115	127	133	155	152	138	165	183	163	156	191	196	165	162	
85	198	164	183	186	182	198	165	156	167	169	179	142	156	154	136	122	110	98	96	89	89	79	65	49	35	21	11	0	15	24	34	59	53	83	88	92	104	116	123	145	142	129	156	174	155	149	184	190	160	157	
95	206	173	193	196	193	209	177	168	180	183	193	156	171	169	151	137	125	113	111	104	103	91	77	61	47	36	24	15	0	12	23	45	46	72	77	85	97	109	118	140	139	130	156	175	158	153	188	195	166	165	
93	201	170	190	194	191	209	177	169	181	186	196	159	176	176	158	144	132	120	119	113	113	102	88	72	58	45	34	24	12	0	11	35	35	60	65	73	86	98	107	129	128	120	146	165	150	146	181	188	161	160	
93	197	168	189	193	191	209	177	171	184	189	201	164	182	183	166	152	140	128	128	123	123	113	99	83	69	55	45	34	23	11	0	26	24	49	54	62	75	87	96	118	118	112	137	157	143	140	175	182	157	156	
116	215	187	208	213	213	232	200	194	209	215	227	190	208	209	192	178	166	154	154	148	148	136	122	106	92	80	69	59	45	35	26	0	34	30	43	56	69	82	94	113	120	120	142	162	152	152	185	194	173	174	
85	181	153	174	180	179	199	169	163	179	186	200	163	184	187	170	157	146	135	139	135	139	130	118	102	88	70	64	53	46	35	24	34	0	38	36	39	51	63	72	94	94	89	113	133	121	119	153	161	139	140	
121	206	183	205	211	212	233	205	199	215	223	238	201	222	225	208	195	184	173	176	171	172	162	148	132	118	104	94	83	72	60	49	30	38	0	17	33	46	59	71	89	98	103	122	142	137	140	170	181	164	167	
112	192	169	191	198	200	221	194	190	206	214	230	194	216	220	205	192	182	171	175	171	175	166	153	137	123	106	99	88	77	65	54	43	36	17	0	16	29	42	54	73	81	87	105	125	121	124	154	165	150	153	
104	177	155	177	185	187	209	182	179	196	206	222	187	210	215	200	189	179	168	174	171	177	169	157	141	127	109	103	92	85	73	62	56	39	33	16	0	13	26	38	57	65	71	89	109	105	109	138	149	135	139	
105	169	150	171	180	183	205	181	178	196	206	223	188	213	219	205	194	184	174	181	179	187	180	169	153	139	120	115	104	97	86	75	69	51	46	29	13	0	13	25	44	52	61	77	96	95	100	128	139	128	132	
108	161	145	166	175	180	202	179	178	196	206	224	191	216	223	209	199	190	180	189	187	196	190	179	164	150	130	127	116	109	98	87	82	63	59	42	26	13	0	12	31	39	52	65	84	85	92	118	129	121	127	
106	151	137	157	167	172	194	173	172	191	202	221	188	214	221	208	199	190	181	191	190	200	195	185	170	156	136	133	123	118	107	96	94	72	71	54	38	25	12	0	22	27	42	53	72	74	82	106	118	112	118	
122	150	140	160	170	177	199	181	182	201	213	233	202	228	236	224	216	208	200	210	210	220	216	207	192	178	158	155	145	140	129	118	113	94	89	73	57	44	31	22	0	19	46	44	60	71	83	99	112	113	121	
108	131	121	141	151	158	180	163	164	183	196	216	185	212	221	210	202	195	188	199	200	212	209	201	186	172	152	152	142	139	128	118	120	94	98	81	65	52	39	27	19	0	28	26	45	52	64	81	94	94	102	
82	109	95	115	125	132	154	135	136	155	168	188	158	185	194	184	176	170	163	176	178	191	190	183	170	157	137	138	129	130	120	112	120	89	103	87	71	61	52	42	46	28	0	27	45	34	40	67	78	70	76	
107	107	102	120	132	139	161	149	152	171	184	205	178	205	215	206	200	195	188	202	204	218	217	210	197	184	164	165	156	156	146	137	142	113	122	105	89	77	65	53	44	26	27	0	20	29	44	55	68	74	83	
120	99	103	118	131	140	161	151	155	174	187	208	184	211	223	216	211	207	201	215	219	234	233	228	214	202	182	183	174	175	165	157	162	133	142	125	109	96	84	72	60	45	45	20	0	31	47	44	57	74	84	
91	79	73	91	103	110	132	121	124	143	156	177	153	180	192	185	180	176	171	186	190	206	207	203	191	179	159	163	155	158	150	143	152	121	137	121	105	95	85	74	71	52	34	29	31	0	16	33	44	45	54	
79	69	58	77	88	95	117	105	108	127	140	161	137	164	176	169	165	162	157	173	178	194	196	192	181	171	151	156	149	153	146	140	152	119	140	124	109	100	92	82	83	64	40	44	47	16	0	35	42	30	39	
112	55	67	78	91	101	122	117	125	142	156	177	159	186	198	194	192	190	187	204	210	227	229	226	216	206	186	191	184	188	181	175	185	153	170	154	138	128	118	106	99	81	67	55	44	33	35	0	13	41	51	
114	42	58	66	79	91	110	108	116	133	147	168	153	180	192	189	187	187	185	202	209	227	230	228	218	210	190	196	190	195	188	182	194	161	181	165	149	139	129	118	112	94	78	68	57	44	42	13	0	37	45	
79	42	29	47	58	66	88	78	84	102	116	137	118	145	157	153	152	150	148	165	172	190	195	193	184	176	158	165	160	166	161	157	173	139	164	150	135	128	121	112	113	94	70	74	74	45	30	41	37	0	10	
74	41	19	39	49	56	78	68	74	92	106	127	108	135	147	144	142	142	140	157	165	183	188	188	179	171	154	162	157	165	160	156	174	140	167	153	139	132	127	118	121	102	76	83	84	54	39	51	45	10	0	
Custo_Viagem
V0
0	2277	1564	1940	1999	1940	2296	1663	1544	1861	2019	2336	1643	2138	2277	2019	1861	1742	1603	1881	1960	2277	2316	2257	2079	1920	1584	1742	1683	1881	1841	1841	2296	1683	2395	2217	2059	2079	2138	2098	2415	2138	1623	2118	2376	1801	1564	2217	2257	1564	1465	
2277	0	732	594	831	1089	1405	1544	1762	2039	2316	2712	2554	3029	3306	3306	3346	3385	3405	3762	3920	4316	4455	4455	4316	4197	3861	4019	3940	4078	3999	3920	4257	3583	4098	3801	3504	3346	3207	3009	2989	2593	2158	2118	1980	1564	1366	1108	831	831	811	
1564	732	0	435	594	732	1168	990	1148	1485	1782	2197	1900	2415	2673	2633	2653	2673	2673	3029	3187	3583	3702	3722	3583	3484	3148	3326	3247	3425	3366	3326	3702	3029	3623	3346	3069	2970	2871	2712	2791	2415	1881	2039	2039	1445	1148	1326	1148	574	376	
1940	594	435	0	257	495	871	950	1168	1425	1722	2118	1960	2435	2712	2732	2791	2851	2890	3247	3425	3841	3979	4019	3920	3821	3504	3702	3643	3841	3762	3742	4118	3445	4059	3781	3504	3405	3286	3128	3187	2791	2296	2395	2336	1801	1524	1544	1306	930	772	
1999	831	594	257	0	237	613	752	990	1207	1485	1881	1782	2237	2514	2554	2633	2712	2772	3148	3326	3742	3900	3979	3880	3801	3504	3722	3682	3880	3841	3821	4217	3564	4177	3920	3663	3564	3484	3306	3405	3009	2494	2633	2593	2039	1762	1801	1564	1148	990	
1940	1089	732	495	237	0	435	514	752	950	1227	1623	1564	1980	2277	2336	2415	2514	2574	2950	3148	3564	3742	3821	3742	3682	3405	3623	3603	3821	3781	3781	4217	3544	4197	3960	3702	3623	3564	3405	3524	3148	2613	2791	2772	2197	1900	1999	1801	1306	1128	
2296	1405	1168	871	613	435	0	653	871	891	1108	1445	1584	1900	2197	2316	2455	2593	2712	3069	3286	3702	3900	3999	3960	3940	3682	3920	3920	4138	4138	4138	4593	3940	4613	4375	4138	4059	3999	3841	3960	3583	3049	3227	3187	2633	2336	2415	2178	1742	1564	
1663	1544	990	950	752	514	653	0	237	495	772	1188	1029	1485	1762	1801	1900	1999	2079	2435	2653	3069	3267	3346	3306	3267	3029	3267	3267	3504	3504	3524	3979	3346	4059	3841	3603	3583	3544	3425	3603	3227	2673	2950	2989	2395	2079	2316	2158	1544	1346	
1544	1762	1148	1168	990	752	871	237	0	376	633	1049	792	1267	1544	1564	1663	1762	1841	2197	2415	2831	3029	3128	3069	3049	2831	3069	3088	3326	3346	3385	3861	3247	3960	3762	3544	3524	3524	3405	3623	3247	2692	3009	3088	2475	2138	2475	2316	1663	1465	
1861	2039	1485	1425	1207	950	891	495	376	0	277	693	693	1029	1306	1425	1564	1722	1841	2197	2415	2831	3049	3187	3187	3187	3009	3267	3306	3564	3583	3643	4138	3544	4276	4078	3880	3880	3880	3781	3979	3623	3069	3385	3465	2851	2514	2811	2653	2019	1821	
2019	2316	1782	1722	1485	1227	1108	772	633	277	0	415	594	772	1069	1227	1425	1603	1762	2079	2316	2732	2970	3128	3148	3187	3049	3306	3346	3623	3682	3742	4257	3682	4415	4257	4078	4078	4078	3999	4217	3880	3326	3643	3742	3108	2791	3108	2930	2316	2098	
2336	2712	2197	2118	1881	1623	1445	1188	1049	693	415	0	732	594	851	1108	1346	1584	1782	2059	2316	2692	2970	3148	3227	3306	3187	3465	3544	3821	3900	3979	4494	3960	4712	4554	4395	4415	4435	4375	4613	4276	3722	4059	4158	3524	3207	3524	3366	2732	2514	
1643	2554	1900	1960	1782	1564	1584	1029	792	693	594	732	0	534	772	752	871	1029	1168	1504	1742	2138	2376	2534	2554	2613	2475	2732	2811	3088	3148	3247	3762	3227	3979	3841	3702	3742	3781	3722	3999	3663	3128	3524	3663	3049	2712	3148	3029	2336	2138	
2138	3029	2415	2435	2237	1980	1900	1485	1267	1029	772	594	534	0	277	495	772	1009	1227	1485	1722	2098	2376	2574	2673	2772	2732	2989	3088	3385	3484	3603	4118	3643	4395	4276	4158	4217	4276	4237	4514	4197	3663	4059	4217	3583	3267	3682	3564	2871	2673	
2277	3306	2673	2712	2514	2277	2197	1762	1544	1306	1069	851	772	277	0	356	653	910	1148	1346	1584	1940	2217	2435	2574	2692	2692	2950	3069	3366	3484	3623	4158	3702	4455	4356	4257	4336	4415	4375	4672	4375	3841	4257	4435	3801	3484	3940	3821	3128	2930	
2019	3306	2633	2732	2554	2336	2316	1801	1564	1425	1227	1108	752	495	356	0	277	534	792	990	1227	1603	1881	2079	2197	2336	2316	2593	2712	3009	3148	3286	3801	3366	4138	4059	3960	4059	4138	4118	4435	4158	3643	4078	4276	3663	3346	3841	3742	3029	2851	
1861	3346	2653	2791	2633	2415	2455	1900	1663	1564	1425	1346	871	772	653	277	0	237	495	712	950	1326	1603	1801	1920	2039	2039	2296	2435	2732	2871	3009	3524	3108	3880	3801	3742	3841	3940	3940	4276	3999	3484	3960	4177	3564	3267	3801	3722	3009	2811	
1742	3385	2673	2851	2712	2514	2593	1999	1762	1722	1603	1584	1029	1009	910	534	237	0	237	495	732	1128	1386	1564	1663	1782	1782	2059	2178	2494	2613	2772	3306	2890	3663	3603	3544	3643	3762	3762	4118	3861	3366	3861	4098	3484	3207	3762	3702	2970	2811	
1603	3405	2673	2890	2772	2574	2712	2079	1841	1841	1762	1782	1168	1227	1148	792	495	237	0	356	574	990	1207	1366	1445	1544	1544	1801	1940	2237	2376	2534	3049	2673	3425	3385	3326	3445	3564	3583	3960	3722	3227	3722	3979	3385	3108	3702	3663	2930	2772	
1881	3762	3029	3247	3148	2950	3069	2435	2197	2197	2079	2059	1504	1485	1346	990	712	495	356	0	237	633	891	1089	1227	1386	1485	1742	1900	2197	2356	2534	3049	2752	3484	3465	3445	3583	3742	3781	4158	3940	3484	3999	4257	3682	3425	4039	3999	3267	3108	
1960	3920	3187	3425	3326	3148	3286	2653	2415	2415	2316	2316	1742	1722	1584	1227	950	732	574	237	0	415	653	851	1009	1207	1346	1584	1762	2059	2237	2435	2930	2673	3385	3385	3385	3544	3702	3762	4158	3960	3524	4039	4336	3781	3524	4158	4138	3405	3267	
2277	4316	3583	3841	3742	3564	3702	3069	2831	2831	2732	2692	2138	2098	1940	1603	1326	1128	990	633	415	0	297	574	831	1108	1366	1564	1762	2039	2237	2455	2930	2752	3425	3465	3504	3702	3880	3960	4356	4197	3781	4316	4633	4078	3841	4494	4494	3762	3623	
2316	4455	3702	3979	3900	3742	3900	3267	3029	3049	2970	2970	2376	2376	2217	1881	1603	1386	1207	891	653	297	0	277	594	871	1188	1346	1564	1821	2039	2257	2712	2593	3227	3306	3366	3564	3762	3861	4276	4138	3762	4296	4613	4098	3880	4554	4554	3861	3722	
2257	4455	3722	4019	3979	3821	3999	3346	3128	3187	3128	3148	2534	2574	2435	2079	1801	1564	1366	1089	851	574	277	0	316	613	970	1108	1326	1564	1782	1999	2435	2376	2970	3069	3148	3366	3564	3682	4098	3979	3623	4177	4514	4019	3801	4494	4514	3821	3722	
2079	4316	3583	3920	3880	3742	3960	3306	3069	3187	3148	3227	2554	2673	2574	2197	1920	1663	1445	1227	1009	831	594	316	0	277	673	772	990	1227	1445	1683	2118	2039	2653	2732	2831	3049	3247	3366	3801	3682	3366	3900	4237	3781	3583	4276	4316	3643	3544	
1920	4197	3484	3821	3801	3682	3940	3267	3049	3187	3187	3306	2613	2772	2692	2336	2039	1782	1544	1386	1207	1108	871	613	277	0	396	475	693	930	1148	1386	1821	1762	2356	2455	2534	2752	2970	3088	3524	3425	3128	3663	4019	3564	3385	4078	4158	3484	3405	
1584	3861	3148	3504	3504	3405	3682	3029	2831	3009	3049	3187	2475	2732	2692	2316	2039	1782	1544	1485	1346	1366	1188	970	673	396	0	257	415	712	891	1089	1584	1386	2059	2098	2178	2376	2574	2692	3128	3009	2712	3247	3603	3148	2989	3682	3762	3128	3049	
