M: 4
N: 50
Nun_Veiculos: 15
Capacidade_Total: 1059
Demanda_Total: 880
Setup_Min: 1
Setup_Max: 9
Raio: 100
Circulos: 1
Tempo_Processamento_Min: 1
Tempo_Processamento_Max: 49
Demanda_Min: 10
Demanda_Max: 30
Priority_Factor: 0.2
Range_Factor_R: 0.8
U_factor: 2
ALpha: 0.2Replicao: 0
Tempos_Processamentos
0	0	1	0	2	0	3	0	
0	41	1	18	2	42	3	16	
0	13	1	6	2	40	3	35	
0	34	1	10	2	44	3	11	
0	8	1	1	2	1	3	32	
0	47	1	18	2	35	3	37	
0	16	1	11	2	35	3	26	
0	35	1	38	2	28	3	39	
0	39	1	11	2	4	3	42	
0	37	1	12	2	36	3	43	
0	25	1	38	2	30	3	13	
0	15	1	32	2	19	3	23	
0	47	1	32	2	29	3	40	
0	27	1	36	2	13	3	43	
0	16	1	28	2	40	3	22	
0	20	1	44	2	34	3	42	
0	47	1	45	2	47	3	10	
0	6	1	21	2	29	3	38	
0	46	1	37	2	7	3	36	
0	42	1	22	2	23	3	19	
0	4	1	15	2	33	3	48	
0	28	1	32	2	36	3	36	
0	39	1	40	2	25	3	22	
0	13	1	13	2	32	3	1	
0	32	1	44	2	15	3	42	
0	40	1	3	2	10	3	14	
0	33	1	42	2	30	3	34	
0	43	1	17	2	5	3	45	
0	9	1	39	2	22	3	21	
0	42	1	29	2	12	3	6	
0	30	1	5	2	9	3	3	
0	34	1	42	2	15	3	32	
0	2	1	30	2	44	3	23	
0	9	1	30	2	42	3	27	
0	19	1	38	2	19	3	33	
0	35	1	12	2	38	3	23	
0	38	1	39	2	6	3	36	
0	8	1	7	2	18	3	35	
0	28	1	46	2	29	3	6	
0	42	1	2	2	4	3	8	
0	5	1	10	2	18	3	37	
0	6	1	34	2	24	3	36	
0	41	1	21	2	16	3	19	
0	30	1	14	2	13	3	9	
0	13	1	27	2	4	3	10	
0	10	1	18	2	43	3	21	
0	14	1	26	2	40	3	24	
0	6	1	45	2	9	3	47	
0	5	1	35	2	44	3	35	
0	1	1	39	2	27	3	17	
0	1	1	22	2	39	3	29	

Tempos_setup
M0
0	0	0	0	0	0	0	0	0	0	0	0	0	0	0	0	0	0	0	0	0	0	0	0	0	0	0	0	0	0	0	0	0	0	0	0	0	0	0	0	0	0	0	0	0	0	0	0	0	0	0	
0	0	2	2	2	2	3	3	2	2	2	3	1	1	2	2	3	2	3	2	3	4	3	1	2	3	3	3	3	2	3	2	2	2	2	3	3	2	3	3	2	1	2	4	3	3	2	2	2	3	3	
0	2	0	2	2	3	2	4	1	3	2	3	3	3	3	3	1	2	3	3	3	2	2	2	2	3	2	3	1	3	2	2	2	2	2	2	2	2	2	1	1	3	2	3	1	2	2	3	3	2	3	
0	1	2	0	2	2	3	2	3	3	3	3	2	2	2	3	3	3	3	2	3	2	3	2	3	2	3	2	2	2	2	3	1	2	1	3	1	3	2	3	2	2	3	3	2	2	3	3	3	1	3	
0	2	2	3	0	2	3	3	2	3	3	3	3	2	2	2	2	3	3	2	3	2	2	2	2	2	3	2	2	2	2	3	1	2	2	2	1	3	1	1	3	3	3	2	3	2	1	2	2	2	2	
0	2	2	2	2	0	3	3	3	3	3	3	1	2	2	2	2	3	3	2	3	2	2	2	1	3	3	3	3	1	2	3	2	3	3	2	3	3	3	3	2	3	2	3	3	3	3	1	3	1	2	
0	2	3	3	3	2	0	3	3	1	1	3	3	2	3	3	3	3	2	2	3	3	3	1	2	2	3	3	3	2	2	2	2	2	2	3	2	2	2	3	2	2	3	3	3	3	2	2	2	3	3	
0	2	2	3	2	1	3	0	2	3	2	2	1	2	2	2	3	3	3	2	1	3	2	1	2	4	3	3	3	1	2	3	2	3	1	3	3	2	3	3	2	2	2	3	2	1	1	2	2	2	3	
0	2	1	1	3	2	1	3	0	2	2	2	3	2	3	2	2	3	3	3	3	2	3	2	2	3	3	3	2	2	1	3	2	2	2	2	2	3	3	2	2	3	2	4	2	3	3	3	3	1	4	
0	1	3	3	3	2	3	3	2	0	3	3	2	2	2	3	2	3	2	2	3	3	3	2	3	2	2	2	3	2	2	3	3	2	1	3	1	3	1	3	2	2	2	2	3	2	3	3	1	2	2	
0	2	3	3	3	2	3	2	3	2	0	3	2	3	3	3	3	2	2	1	2	3	3	1	1	2	3	2	2	2	3	1	1	3	2	2	3	2	2	3	2	2	2	3	3	3	2	2	2	3	2	
0	2	2	1	3	3	2	3	2	3	3	0	2	1	2	3	3	3	2	3	3	3	3	3	4	3	2	3	3	3	3	2	2	1	2	2	2	3	3	3	2	2	2	4	3	3	4	2	1	2	4	
0	2	2	3	3	2	3	2	2	3	2	2	0	3	3	1	3	2	3	2	3	3	2	2	3	3	3	3	2	3	3	3	1	3	3	4	3	3	2	3	1	2	1	3	2	2	3	3	2	2	3	
0	3	1	2	3	2	3	3	2	3	3	3	3	0	2	3	2	3	2	2	2	3	3	2	3	2	2	2	2	3	3	1	3	3	2	2	3	3	3	2	2	3	2	3	2	3	3	1	1	2	3	
0	2	3	3	1	2	3	2	2	4	4	3	3	3	0	2	2	3	3	3	3	3	3	3	3	2	2	2	2	2	3	4	1	2	3	3	1	1	2	2	3	2	3	3	3	3	2	3	3	2	3	
0	2	1	3	2	2	3	2	2	2	2	2	2	3	2	0	2	2	2	1	3	3	2	3	3	2	2	2	2	2	3	3	1	2	2	3	3	2	2	2	2	1	2	3	2	1	3	2	2	3	2	
0	3	3	3	1	2	2	3	2	3	2	2	2	2	2	2	0	1	2	3	3	3	3	1	2	2	2	2	3	2	3	2	2	1	1	2	1	2	2	2	2	2	1	3	3	2	2	2	2	2	2	
0	3	2	2	4	2	3	3	3	3	1	3	3	1	3	2	3	0	3	2	2	2	4	2	2	2	1	2	2	3	2	1	2	3	2	2	3	3	2	1	3	3	3	3	3	2	1	2	2	1	3	
0	3	3	3	1	3	3	2	2	3	2	2	1	3	2	2	3	2	0	2	2	2	3	3	3	2	3	2	3	3	3	3	2	2	1	1	2	1	2	2	2	1	1	3	3	2	2	3	2	3	3	
0	2	2	2	2	2	3	1	2	1	2	2	1	2	2	2	2	1	1	0	2	3	2	2	3	2	2	3	3	1	3	2	2	3	2	2	2	2	2	2	2	2	1	3	3	2	2	1	2	2	1	
0	3	2	2	3	2	4	3	3	3	1	3	3	3	2	3	2	3	3	2	0	3	2	2	2	3	3	3	3	3	2	2	2	3	2	2	3	3	2	2	1	3	3	2	1	3	3	1	3	3	3	
0	3	3	3	2	3	3	3	2	3	2	2	3	2	1	2	3	2	3	3	3	0	3	3	3	3	3	3	1	3	3	3	2	3	1	4	2	2	2	3	2	3	1	3	3	2	3	3	3	1	3	
0	3	1	2	3	2	2	3	2	3	3	2	2	3	2	1	2	3	2	2	2	2	0	2	2	3	1	2	2	3	3	3	2	1	3	2	3	3	3	1	2	2	2	1	2	2	2	1	3	3	3	
0	2	2	2	2	1	3	3	2	3	1	3	2	2	2	2	2	3	2	2	3	3	2	0	1	3	2	3	3	1	2	2	2	2	2	2	2	1	2	3	1	1	2	3	2	3	1	1	1	2	3	
0	1	3	3	3	2	4	3	3	3	2	2	2	2	3	3	3	3	3	2	4	4	2	1	0	4	3	4	4	1	3	3	3	3	3	3	3	2	3	3	2	2	2	3	3	4	2	2	2	3	3	
0	2	2	2	2	2	1	3	2	2	2	1	2	1	2	1	3	2	1	2	2	1	2	2	1	0	2	1	1	1	2	2	2	2	1	1	2	2	2	2	2	2	2	1	3	2	1	2	2	2	2	
0	2	2	1	3	3	3	3	3	3	3	2	3	3	3	1	3	3	3	2	3	2	3	3	3	2	0	1	2	3	3	3	2	3	2	3	2	3	3	2	3	2	3	2	3	2	3	3	3	2	3	
0	3	3	2	3	3	3	2	2	2	2	2	2	2	2	2	3	2	2	1	2	2	3	2	2	3	1	0	1	2	3	2	2	2	2	2	3	2	2	1	2	3	2	1	3	1	2	2	3	1	2	
0	2	2	2	3	2	2	3	1	3	2	2	3	2	3	2	2	1	3	2	3	3	2	2	3	2	2	2	0	3	2	2	1	3	2	3	2	1	1	2	1	3	3	2	2	2	2	3	2	2	2	
0	1	2	3	3	1	3	2	3	2	2	2	2	2	3	2	3	2	2	1	3	3	1	1	2	3	2	3	3	0	3	3	3	2	3	2	2	2	3	2	2	2	2	2	3	3	2	2	2	2	2	
0	2	2	2	3	1	3	3	3	3	3	1	2	2	3	1	3	3	3	2	4	3	3	2	1	3	3	2	3	2	0	3	2	2	3	3	3	3	3	2	3	2	3	3	3	2	3	2	2	2	3	
0	3	3	2	3	1	2	3	2	2	2	2	2	2	2	2	3	3	2	2	1	2	3	3	2	1	2	1	2	2	3	0	2	2	1	1	2	3	2	2	2	3	3	2	2	2	2	2	2	2	2	
0	1	3	3	3	1	3	3	2	3	3	3	2	2	3	3	2	2	3	2	3	3	3	2	2	3	3	2	1	2	2	3	0	3	2	3	3	2	1	3	2	2	3	2	3	3	2	2	2	2	2	
0	3	3	2	2	3	1	3	2	2	2	1	1	2	2	2	3	3	1	3	2	2	3	2	3	3	2	2	3	3	3	3	2	0	2	1	2	2	2	3	2	2	2	3	3	2	3	2	2	3	3	
0	2	3	3	3	3	4	2	3	2	2	3	3	3	2	3	4	3	2	3	3	4	2	3	3	3	3	2	2	3	4	3	3	3	0	3	3	2	3	3	1	3	3	3	2	1	3	3	2	3	2	
0	2	2	2	2	2	2	3	1	3	2	2	1	3	1	2	3	2	2	2	1	1	3	3	3	2	2	1	2	2	2	3	1	1	1	0	1	2	2	2	2	3	2	2	2	2	3	2	1	2	3	
0	2	3	3	2	1	2	3	3	3	3	2	2	2	1	2	3	3	2	2	3	2	2	2	2	1	2	1	2	1	3	3	2	1	2	2	0	2	3	2	3	3	3	2	4	2	2	2	2	1	3	
0	3	2	2	3	2	2	3	1	3	3	3	3	3	2	1	3	3	2	2	4	3	3	2	3	2	3	2	3	2	2	3	2	2	2	3	1	0	2	3	3	2	3	3	2	2	3	3	3	2	3	
0	3	3	2	2	2	3	2	2	2	2	2	2	3	2	3	1	2	2	1	2	3	3	1	2	2	2	1	2	2	3	2	2	2	1	3	2	2	0	2	2	2	2	1	3	2	2	2	1	2	1	
0	2	2	3	3	2	3	4	2	3	2	2	2	2	2	3	3	3	3	3	2	1	3	1	1	3	3	2	2	2	2	3	2	2	2	1	2	2	3	0	2	2	2	3	3	1	1	2	2	2	2	
0	3	2	3	4	3	3	3	3	2	1	2	3	3	3	2	3	3	3	2	3	3	1	2	2	2	2	3	3	2	4	2	2	2	2	3	3	3	3	2	0	3	3	2	1	3	3	2	3	3	3	
0	3	2	3	1	3	2	2	2	2	3	2	2	3	1	1	3	2	2	1	3	3	3	3	3	3	2	2	3	2	2	3	2	1	2	2	2	2	2	2	3	0	2	3	3	2	2	2	1	2	2	
0	3	2	2	3	2	2	3	1	3	1	1	2	2	3	1	3	1	3	2	2	3	3	2	2	3	2	2	3	3	2	2	2	2	3	3	2	3	3	2	3	2	0	3	3	2	2	3	2	2	3	
0	2	3	1	3	2	2	3	3	3	2	1	2	2	3	3	3	4	2	3	1	3	3	3	3	3	3	3	3	3	3	3	2	1	2	2	2	3	3	3	2	3	3	0	2	3	4	2	2	2	3	
0	2	2	3	3	2	3	3	3	3	3	3	3	2	3	2	3	3	2	2	2	2	1	2	2	2	2	2	2	3	3	1	1	2	2	2	3	3	2	1	3	3	3	2	0	2	2	2	3	2	3	
0	3	3	2	2	3	3	3	2	3	1	2	3	3	1	2	3	3	3	2	3	4	3	2	2	3	3	3	3	3	3	2	2	3	1	3	2	1	3	3	2	3	3	4	3	0	3	3	3	3	3	
0	3	1	3	3	1	2	4	2	3	2	2	2	1	3	2	2	3	3	3	3	3	3	1	2	3	2	3	2	2	1	2	2	3	3	3	3	2	3	2	2	2	3	4	2	3	0	2	2	2	3	
0	2	1	1	2	1	3	2	2	3	3	3	2	3	1	3	1	2	3	2	2	2	3	2	2	3	3	2	2	2	3	3	2	2	2	1	2	2	3	2	2	3	2	3	2	2	3	0	2	2	3	
0	3	2	2	2	3	2	3	1	3	2	2	2	2	1	2	3	2	1	3	3	2	4	3	3	2	1	2	3	3	2	3	2	3	2	2	2	2	3	3	3	2	1	3	3	3	3	3	0	1	4	
0	3	2	3	3	3	2	4	3	3	3	3	4	1	2	3	3	2	3	3	3	1	4	3	2	3	3	3	2	3	4	2	3	4	2	3	3	3	3	3	3	4	2	4	3	3	3	2	2	0	4	
0	3	2	2	2	2	2	3	3	3	2	2	3	2	2	2	2	2	2	2	3	2	2	1	2	1	3	2	2	2	3	3	3	2	2	2	3	2	2	3	2	1	3	2	3	2	2	1	2	3	0	
M1
0	0	0	0	0	0	0	0	0	0	0	0	0	0	0	0	0	0	0	0	0	0	0	0	0	0	0	0	0	0	0	0	0	0	0	0	0	0	0	0	0	0	0	0	0	0	0	0	0	0	0	
0	0	1	3	2	2	2	2	2	2	2	1	3	3	3	2	2	2	3	1	1	3	2	2	2	2	3	3	2	2	2	2	3	3	3	3	3	2	3	3	3	1	2	1	3	2	3	3	3	1	2	
0	3	0	2	2	2	2	2	1	1	3	1	2	3	4	2	2	2	3	2	1	3	2	2	3	2	2	2	3	3	2	2	2	2	2	2	2	3	3	3	3	3	3	3	3	2	3	3	3	3	1	
0	2	2	0	1	3	2	2	2	3	2	3	2	1	3	1	2	3	3	2	2	3	1	3	2	3	2	3	1	2	2	1	2	1	1	3	1	2	2	3	2	3	2	2	2	2	2	2	2	2	2	
0	2	1	3	0	3	3	1	2	2	2	2	2	2	2	2	2	2	2	2	2	3	3	2	2	3	1	2	2	3	2	3	3	2	3	3	2	2	2	2	1	2	2	3	3	2	2	1	1	3	2	
0	1	2	2	3	0	2	3	2	3	2	2	2	2	2	2	2	3	2	2	1	3	2	1	1	2	2	2	3	2	1	2	1	2	2	3	3	1	3	1	1	2	1	2	3	2	2	2	3	2	2	
0	2	3	3	3	3	0	2	3	4	1	2	3	2	2	2	2	2	2	3	3	2	3	3	3	3	2	2	2	1	2	2	2	3	3	2	3	2	2	2	3	1	3	3	2	2	1	1	3	2	1	
0	2	2	3	3	3	3	0	3	2	1	3	2	2	2	1	2	2	2	2	2	3	3	2	3	3	3	2	2	3	2	2	2	1	3	3	1	1	1	2	3	1	1	2	2	2	3	1	2	2	2	
0	2	2	2	3	1	2	3	0	3	2	2	3	2	3	3	3	2	3	3	2	3	2	2	2	2	2	1	3	2	2	1	1	3	3	3	1	2	2	2	2	2	2	3	2	1	2	3	3	2	1	
0	2	3	1	2	2	3	3	3	0	2	3	1	2	3	2	2	3	3	3	2	2	2	3	3	3	3	3	2	2	2	2	3	1	2	1	1	2	3	3	3	3	3	2	2	2	3	3	2	3	2	
0	2	2	3	3	3	2	4	3	3	0	3	2	2	3	2	3	2	1	3	3	3	2	3	2	3	3	3	1	2	2	3	1	3	3	3	3	3	2	4	2	2	2	3	2	3	2	3	4	2	3	
0	3	2	2	1	3	4	1	3	3	2	0	3	3	3	2	3	3	3	3	3	3	1	1	3	3	2	3	3	2	3	3	3	2	3	4	2	2	2	3	2	2	2	3	2	3	3	2	2	2	3	
0	2	2	1	2	1	2	3	3	3	2	3	0	2	2	2	3	3	3	2	1	2	2	2	2	2	3	2	2	1	2	2	2	2	2	2	1	2	3	2	2	2	2	1	1	2	3	2	3	2	2	
0	3	4	4	3	4	2	2	3	4	3	2	3	0	2	3	2	4	4	3	3	2	3	3	2	3	4	3	3	3	3	3	4	3	3	4	3	3	3	2	3	3	3	4	4	2	3	1	3	4	3	
0	2	3	2	3	2	2	2	4	4	1	3	1	1	0	2	3	2	2	2	2	3	3	2	2	3	3	3	2	2	2	3	2	3	1	3	2	3	2	3	3	3	3	2	2	3	3	2	1	3	3	
0	2	1	2	3	2	3	3	2	2	2	2	1	1	2	0	3	3	3	1	2	3	3	3	2	2	3	3	2	2	3	2	2	3	3	2	2	3	3	3	3	3	3	2	1	3	3	2	3	3	2	
0	3	2	2	2	2	3	2	1	2	3	1	3	1	3	2	0	3	2	3	2	1	2	1	3	3	3	1	2	3	1	2	2	2	2	3	2	2	3	3	3	2	2	3	3	2	2	2	3	3	2	
0	2	2	2	3	3	2	2	3	2	3	3	3	2	3	2	2	0	2	2	1	2	1	3	1	2	1	2	2	2	1	3	3	3	1	2	3	2	2	3	2	3	2	3	3	2	2	3	2	2	2	
0	3	2	2	3	3	3	3	3	3	1	2	2	2	2	1	3	3	0	2	2	3	3	3	2	3	3	2	2	2	1	3	2	3	2	3	3	2	2	3	2	3	3	3	1	3	2	2	3	3	3	
0	1	2	4	3	3	2	2	2	3	2	2	3	2	3	2	3	3	3	0	2	2	3	3	2	1	4	3	3	1	3	1	3	3	3	4	2	2	2	2	4	2	3	2	2	3	3	2	4	2	3	
0	2	1	2	3	2	1	3	2	2	2	2	2	2	3	1	3	2	2	1	0	3	1	3	3	1	2	2	3	2	1	2	2	3	2	3	3	3	2	2	2	2	2	3	2	1	2	2	3	2	1	
0	2	2	2	3	3	3	3	3	3	2	3	2	3	3	2	2	3	3	3	2	0	3	2	3	3	3	3	1	3	2	3	3	3	3	2	1	2	3	3	3	3	2	3	2	3	2	2	3	3	2	
0	3	2	1	2	2	3	3	2	3	3	2	2	2	2	2	2	3	3	3	3	2	0	3	2	2	2	3	2	1	3	2	3	2	2	4	2	2	3	3	1	2	3	3	2	2	3	3	3	1	3	
0	3	3	2	3	3	3	3	3	3	3	3	3	3	3	3	3	3	3	3	3	2	1	0	3	3	2	3	2	2	3	2	4	1	3	3	3	2	3	3	2	3	3	2	3	2	2	2	2	2	3	
0	1	2	3	3	3	2	3	3	3	2	2	3	3	2	2	3	3	3	2	2	3	3	2	0	1	3	2	3	2	2	2	2	3	1	2	3	2	2	3	3	2	1	2	3	3	1	2	2	2	3	
0	3	2	3	3	3	2	2	3	3	1	3	2	2	2	1	2	3	2	2	3	2	3	3	2	0	3	3	2	1	3	3	2	3	3	3	3	2	3	2	3	2	3	3	2	2	3	1	3	2	3	
0	2	2	2	3	3	2	3	3	3	2	3	2	1	3	2	2	1	1	2	1	3	2	3	1	2	0	2	1	3	1	3	3	3	2	2	3	1	3	3	3	3	2	3	2	2	2	2	3	3	2	
0	2	1	3	3	1	3	3	2	2	3	2	3	3	2	3	3	2	3	3	2	4	3	2	2	3	3	0	4	3	2	2	2	3	2	3	3	2	3	2	2	1	2	3	3	3	3	2	3	3	2	
0	1	1	2	3	2	2	3	2	2	2	2	1	3	2	2	3	3	3	2	2	3	3	2	3	3	3	2	0	2	2	2	3	3	3	2	2	3	2	3	3	2	1	2	2	3	1	2	3	2	2	
0	3	3	3	2	2	3	3	3	4	2	3	3	3	2	3	2	3	3	3	3	1	3	3	2	2	3	3	2	0	3	3	2	3	2	3	2	1	3	3	3	2	3	3	1	3	3	2	3	1	3	
0	3	2	1	2	2	2	3	3	3	2	2	3	2	2	2	3	3	1	2	1	3	2	3	2	2	3	1	2	3	0	2	3	2	1	2	2	2	2	3	2	2	3	3	2	2	1	3	2	3	2	
0	3	1	3	3	2	1	3	1	2	2	2	3	3	3	3	3	3	3	3	2	3	3	3	3	3	3	2	3	2	2	0	2	2	3	3	1	2	3	3	3	2	2	3	2	2	2	2	3	2	2	
0	3	3	3	3	3	3	3	3	2	3	2	3	1	3	3	3	2	4	4	3	2	3	2	2	3	3	3	3	1	3	2	0	2	3	3	3	2	3	3	2	1	3	2	2	3	2	2	3	2	3	
0	2	3	3	3	4	2	2	3	2	2	2	3	3	3	2	2	2	3	2	2	3	2	2	3	3	3	3	2	2	2	3	3	0	3	3	2	2	2	2	2	2	2	1	2	1	2	3	1	3	2	
0	2	2	3	4	3	1	2	3	3	2	3	3	2	3	2	2	2	3	2	2	3	2	2	1	2	3	2	3	2	3	3	3	3	0	3	3	3	1	3	2	2	2	2	2	3	2	2	1	3	2	
0	3	2	3	3	3	4	2	2	2	3	2	2	2	3	1	1	3	3	2	3	2	3	2	3	3	3	2	3	3	2	3	3	3	3	0	3	3	2	4	2	2	3	3	2	3	3	3	2	3	3	
0	3	2	2	3	3	2	3	3	3	1	3	3	3	2	2	2	2	2	2	1	3	2	3	2	2	2	2	2	3	1	3	2	3	2	3	0	1	3	3	2	3	3	3	1	2	2	2	3	3	1	
0	3	3	3	3	3	3	3	2	3	1	2	2	2	3	2	1	3	2	2	3	2	2	2	3	2	4	2	2	3	2	3	2	3	2	3	3	0	3	4	3	3	3	3	3	3	3	3	3	3	3	
0	3	1	3	3	2	2	3	2	2	2	2	2	1	2	1	1	2	2	2	1	2	2	2	2	2	2	1	2	3	2	3	2	3	3	3	3	3	0	3	3	2	3	2	1	2	3	2	2	3	1	
0	2	2	2	3	3	2	3	3	3	2	3	3	2	3	2	2	3	3	1	1	3	1	3	3	2	3	3	2	2	2	2	3	2	2	4	3	1	3	0	2	3	3	3	3	2	3	3	3	2	2	
0	3	2	2	2	2	3	3	1	3	2	3	1	2	1	3	3	2	2	3	2	3	3	3	2	3	1	2	2	2	2	2	2	3	2	3	2	2	3	3	0	3	3	2	2	2	3	3	2	3	2	
0	3	2	2	3	3	2	3	2	3	3	2	4	3	4	3	3	1	3	3	2	3	2	3	2	3	2	3	3	3	2	1	3	3	2	3	2	3	3	3	3	0	3	4	3	2	3	3	2	3	3	
0	1	2	3	3	3	2	2	2	3	2	2	2	2	1	2	2	3	3	2	1	3	2	1	3	2	3	3	3	3	2	1	3	2	2	3	2	3	3	2	3	2	0	2	2	2	2	1	2	2	2	
0	2	2	3	3	3	3	3	3	3	1	3	2	3	2	3	2	2	2	3	2	2	3	2	3	3	3	3	1	1	3	2	2	3	2	3	3	1	3	3	3	1	1	0	2	3	2	2	3	2	3	
0	2	2	3	2	3	3	2	3	3	1	3	2	2	1	3	2	3	2	3	3	3	3	3	1	2	3	3	1	2	3	3	1	3	2	3	3	3	3	2	3	2	2	2	0	2	2	1	2	3	3	
0	3	2	2	2	3	1	2	2	2	2	1	2	2	2	2	2	3	2	2	1	3	1	2	3	2	2	2	3	2	1	2	3	3	2	2	3	2	1	1	1	2	3	3	2	0	1	2	3	2	2	
0	3	2	2	3	2	2	3	2	3	1	3	2	2	3	1	2	3	2	2	2	2	3	3	3	2	2	1	2	3	1	1	2	3	2	1	2	3	1	2	2	2	3	3	2	3	0	3	3	2	2	
0	2	3	3	2	3	2	1	2	3	2	2	2	1	1	2	1	3	3	2	2	2	2	2	3	3	3	2	3	3	2	3	3	2	2	3	2	2	2	1	2	2	2	3	3	1	2	0	2	3	3	
0	1	2	3	3	3	3	1	3	3	2	2	2	2	3	1	2	1	3	1	2	3	2	1	2	2	2	3	3	2	2	2	3	2	2	3	2	2	2	3	3	2	2	2	2	3	3	2	0	2	3	
0	2	2	3	1	1	3	2	2	3	2	2	3	2	3	3	1	2	3	3	2	2	3	2	1	2	2	2	2	3	2	2	2	2	2	3	3	2	3	2	2	1	2	2	4	3	2	2	2	0	3	
0	3	3	3	3	4	2	3	3	3	2	2	3	2	3	3	3	1	2	3	2	3	2	3	2	3	1	3	2	3	2	2	3	3	2	3	3	2	2	2	2	3	3	3	3	1	2	3	2	3	0	
M2
0	0	0	0	0	0	0	0	0	0	0	0	0	0	0	0	0	0	0	0	0	0	0	0	0	0	0	0	0	0	0	0	0	0	0	0	0	0	0	0	0	0	0	0	0	0	0	0	0	0	0	
0	0	3	2	3	4	2	3	3	4	2	3	3	3	3	3	3	4	4	3	2	3	3	2	2	2	3	3	3	2	3	4	3	3	3	1	3	3	3	3	3	3	2	3	4	3	1	2	3	2	4	
0	2	0	2	3	1	2	2	3	3	1	2	2	3	3	2	1	3	3	2	2	3	2	1	2	2	2	2	3	2	2	3	3	3	2	1	1	2	2	2	3	2	3	2	2	3	2	2	1	2	4	
0	2	3	0	3	2	3	3	3	2	3	4	3	3	3	2	1	3	3	2	4	2	4	2	3	3	2	2	2	2	3	3	3	3	3	3	3	4	3	3	2	2	3	3	3	2	3	1	3	3	4	
0	2	2	2	0	1	1	3	2	1	2	3	2	3	3	2	2	3	3	3	2	3	2	2	2	2	2	2	2	2	2	2	1	3	1	2	2	3	2	2	2	2	1	2	1	1	1	2	3	2	3	
0	2	3	3	3	0	3	3	3	3	2	2	3	2	3	1	3	2	3	2	3	2	2	2	3	2	2	3	2	2	2	3	3	2	2	3	1	3	1	2	2	3	3	2	2	3	2	1	3	2	3	
0	3	2	3	3	3	0	3	3	3	2	2	3	2	3	2	2	3	3	2	2	2	1	2	2	2	3	3	2	1	3	2	2	2	3	3	2	3	2	2	3	2	1	2	3	1	1	2	2	2	3	
0	2	2	2	1	2	2	0	3	2	2	3	2	2	3	2	1	3	1	1	1	2	3	3	2	2	3	2	1	2	3	1	2	2	2	2	2	2	2	2	3	2	2	2	2	2	2	2	3	3	3	
0	2	3	2	2	2	3	3	0	1	2	1	2	3	2	2	1	3	2	2	3	3	2	2	2	3	2	2	3	2	2	3	1	2	2	3	1	3	2	2	2	2	2	2	2	3	3	2	3	3	3	
0	1	2	2	3	2	2	3	1	0	3	2	1	3	3	3	2	4	3	3	3	3	3	3	3	3	3	3	3	3	3	2	2	3	2	2	2	2	2	2	1	3	3	3	2	2	2	3	3	3	3	
0	2	1	2	2	2	3	1	2	2	0	3	2	2	3	3	1	3	2	2	2	2	3	1	3	2	1	2	2	2	2	2	3	3	3	2	2	1	3	3	3	2	2	1	3	2	3	2	2	3	4	
0	1	2	3	3	2	3	3	2	3	2	0	3	2	1	1	2	2	3	3	2	3	2	2	1	2	2	2	2	1	2	3	1	3	2	2	3	3	2	2	2	2	1	2	2	2	2	3	3	3	3	
0	3	3	1	3	1	3	2	2	2	2	3	0	2	3	2	2	3	3	3	3	3	3	3	2	2	3	2	2	3	3	2	3	2	3	2	2	3	1	1	3	3	2	2	1	1	2	2	3	2	3	
0	3	2	2	2	3	3	2	3	3	1	2	2	0	3	3	2	1	3	2	3	3	3	2	1	2	2	3	3	3	3	2	2	3	1	2	2	2	2	3	3	2	3	2	3	2	3	3	1	2	3	
0	2	2	3	2	3	2	2	3	3	1	2	3	3	0	2	2	2	3	2	1	2	1	2	3	3	2	2	3	3	1	3	3	2	3	3	3	2	3	2	3	3	3	2	3	3	2	3	2	3	3	
0	1	2	2	3	2	2	2	2	3	1	3	3	3	3	0	2	1	3	2	2	2	3	2	2	3	2	3	3	3	2	2	3	3	2	2	2	2	3	3	1	3	2	1	1	3	1	2	3	2	3	
0	1	2	1	4	1	3	3	3	2	2	3	3	2	2	2	0	3	2	3	3	3	3	3	2	2	3	1	3	1	3	3	2	2	3	2	2	3	2	2	3	1	2	2	3	2	2	2	2	3	3	
0	2	2	2	2	3	2	3	3	3	3	3	2	3	3	3	2	0	4	1	2	2	3	3	2	2	2	2	3	3	2	1	2	3	1	1	2	2	2	2	3	2	3	1	3	2	3	2	2	2	4	
0	3	2	3	2	2	3	2	2	3	3	2	2	3	2	2	3	3	0	1	1	2	3	2	3	3	2	2	3	3	2	3	3	1	2	2	3	2	2	2	3	2	2	1	3	3	3	3	2	3	2	
0	3	1	2	3	2	3	2	3	2	2	3	1	3	3	3	2	3	3	0	3	3	3	2	3	2	3	2	2	3	3	3	4	2	3	2	2	2	1	1	3	1	3	2	2	2	3	3	2	2	3	
0	2	2	3	1	2	2	2	2	2	2	3	2	2	3	1	3	2	3	3	0	1	3	2	3	3	3	1	2	3	2	3	2	4	2	3	3	1	3	1	2	3	2	2	2	2	2	3	2	3	4	
0	3	2	2	3	2	3	3	1	2	2	2	1	1	3	3	2	2	3	3	2	0	3	1	2	2	2	3	3	2	1	3	2	3	2	2	2	3	2	2	3	3	3	3	2	2	3	3	2	2	4	
0	2	2	2	2	2	1	3	2	3	2	1	2	2	2	1	2	2	2	1	3	1	0	1	2	2	3	3	3	2	2	3	2	1	2	2	2	3	2	2	2	2	2	2	2	2	2	3	1	2	2	
0	2	1	2	3	2	2	3	2	3	2	2	1	3	2	3	2	3	3	2	2	2	2	0	2	1	3	2	3	2	2	3	3	3	2	1	1	2	2	2	2	3	2	3	2	2	3	2	2	2	4	
0	2	2	2	3	2	2	3	3	3	2	3	2	3	2	3	2	3	3	3	3	3	3	2	0	1	3	3	3	2	2	2	2	2	1	2	2	3	1	3	2	1	2	2	2	1	3	3	2	2	2	
0	1	2	2	3	2	1	3	3	3	2	3	2	2	1	2	2	3	3	3	2	3	2	1	2	0	3	3	2	1	2	3	2	2	2	2	2	3	1	2	1	2	1	2	2	2	2	3	3	2	3	
0	3	3	3	3	1	3	2	2	3	3	3	3	3	3	2	3	3	3	3	3	2	3	3	3	2	0	2	2	3	3	3	3	3	3	4	2	4	2	2	2	2	1	2	3	2	2	1	2	3	3	
0	3	2	3	3	2	2	3	4	3	2	3	2	3	3	3	3	4	2	3	3	3	3	3	3	2	3	0	2	3	3	2	2	3	3	3	2	3	3	2	3	2	1	2	3	1	2	3	3	2	3	
0	2	2	2	1	2	2	2	2	1	1	3	2	1	2	3	2	2	3	3	3	3	3	2	2	2	2	3	0	3	3	3	2	4	1	2	3	2	3	3	2	3	2	2	2	2	2	3	2	3	4	
0	2	1	2	3	2	2	2	3	3	1	2	3	1	2	2	1	2	2	3	3	3	3	2	1	1	2	2	3	0	2	3	1	2	2	2	2	2	1	3	2	2	2	2	2	2	3	3	2	2	3	
0	3	3	3	2	2	3	2	3	2	3	3	3	3	3	2	3	1	3	2	1	2	4	3	3	2	1	2	2	3	0	2	2	4	2	2	3	2	3	1	3	3	2	2	3	3	3	2	3	3	3	
0	2	3	2	3	2	2	2	3	2	2	2	3	3	3	3	1	3	3	2	3	2	2	3	3	3	2	1	2	2	2	0	3	3	2	3	1	3	3	1	2	2	2	3	3	2	3	1	3	3	3	
0	2	2	2	4	2	3	3	2	3	2	3	2	3	3	2	1	3	2	2	3	2	2	1	3	2	1	1	3	2	2	3	0	2	3	2	2	3	1	2	3	1	2	1	1	2	2	2	2	2	3	
0	2	3	2	3	1	2	2	2	2	3	2	2	2	3	2	3	3	1	2	2	1	3	2	2	2	2	3	2	3	2	3	3	0	3	1	2	3	2	2	2	2	1	2	3	2	2	2	2	2	1	
0	3	1	1	3	2	2	3	3	3	2	3	1	3	3	3	2	4	3	2	2	3	3	2	2	2	2	2	3	3	3	3	1	3	0	1	2	2	2	2	3	2	3	2	2	2	3	2	2	2	4	
0	2	3	1	2	3	1	3	2	3	3	2	3	3	2	2	2	3	3	3	1	2	2	2	1	1	3	2	2	2	2	3	3	2	2	0	3	2	2	2	2	2	2	3	3	2	2	2	3	1	3	
0	2	2	2	3	3	2	2	3	2	1	1	2	3	2	2	2	2	3	1	2	2	1	2	2	3	2	2	2	2	1	3	2	2	1	2	0	2	2	1	2	2	2	2	3	3	3	1	2	3	3	
0	1	2	2	3	3	3	3	3	4	2	2	2	1	3	3	3	2	2	3	3	3	3	1	2	2	3	2	3	3	2	3	3	3	2	2	2	0	3	3	3	2	3	3	3	3	2	3	2	3	4	
0	2	3	2	4	2	2	3	2	3	2	2	3	3	2	2	3	2	2	2	3	2	2	2	2	1	3	3	3	2	2	3	3	1	2	2	1	3	0	2	2	2	2	3	1	3	2	2	3	1	2	
0	2	2	3	2	3	3	1	2	1	2	3	2	2	2	3	2	3	2	2	2	3	3	3	3	3	3	1	1	3	3	2	3	3	2	3	2	3	3	0	2	3	2	3	3	2	3	3	2	3	3	
0	3	2	1	3	1	1	3	2	3	2	2	2	3	3	2	2	3	4	2	2	2	2	3	3	3	3	3	3	2	2	3	2	3	1	2	1	3	2	2	0	3	2	2	1	2	2	2	3	3	2	
0	2	2	2	3	1	2	2	3	3	2	2	3	3	2	2	1	3	2	3	3	2	3	2	3	1	2	2	3	2	2	3	3	1	3	2	2	3	2	3	2	0	2	1	3	3	3	2	1	2	2	
0	2	2	3	2	2	2	2	3	2	2	3	2	2	2	3	2	3	3	3	2	2	2	2	2	1	2	2	1	2	2	2	3	2	2	3	2	3	2	1	2	1	0	1	3	1	1	2	2	2	3	
0	3	1	3	3	2	2	3	2	3	2	3	2	2	3	3	2	2	4	3	2	1	3	2	3	2	1	2	3	3	1	3	3	4	3	2	2	2	3	2	3	3	2	0	3	3	3	2	2	3	4	
0	2	2	1	3	3	3	2	1	2	1	2	3	3	3	1	2	2	3	2	2	2	2	2	2	2	2	3	2	3	2	3	2	3	2	3	1	2	3	2	2	2	1	2	0	2	1	1	3	3	4	
0	2	2	3	2	3	3	2	3	3	1	2	3	3	3	3	2	3	3	2	2	2	2	2	3	2	2	2	3	3	2	1	3	2	2	2	1	2	3	2	3	2	3	2	3	0	3	2	3	1	3	
0	3	2	3	2	3	3	2	3	3	1	3	2	3	3	2	2	3	3	2	1	2	2	1	1	2	2	2	2	3	3	3	3	2	2	2	2	2	2	2	2	2	1	2	3	2	0	1	3	3	3	
0	3	2	2	2	2	2	3	2	2	2	3	2	2	3	3	3	3	4	3	3	1	3	2	3	2	1	3	1	3	2	4	3	3	2	3	2	3	2	3	1	3	2	3	2	3	3	0	3	3	3	
0	2	2	1	2	3	3	4	3	3	3	1	4	3	2	2	2	3	2	3	3	3	3	3	2	2	3	3	3	2	2	4	2	2	3	3	2	4	1	3	3	2	2	2	2	3	2	2	0	1	3	
0	3	2	3	3	2	3	3	4	3	2	3	3	4	3	3	2	2	3	3	2	3	3	3	3	2	2	3	3	3	1	3	3	2	3	3	3	3	3	2	3	1	3	2	4	3	2	3	2	0	2	
0	2	3	2	3	1	2	3	2	1	2	3	2	3	3	2	3	3	4	3	2	2	3	2	1	2	1	3	3	3	3	3	3	3	2	3	2	3	2	3	1	2	2	2	2	2	1	2	3	3	0	
M3
0	0	0	0	0	0	0	0	0	0	0	0	0	0	0	0	0	0	0	0	0	0	0	0	0	0	0	0	0	0	0	0	0	0	0	0	0	0	0	0	0	0	0	0	0	0	0	0	0	0	0	
0	0	2	1	2	3	3	2	3	2	1	2	3	2	3	3	1	2	3	2	1	3	3	3	2	2	3	3	2	2	2	3	1	1	3	3	2	2	2	2	2	3	2	2	2	3	3	2	2	1	2	
0	2	0	2	2	2	1	2	3	1	2	2	1	2	1	2	2	2	2	2	2	2	3	2	1	3	2	2	1	2	2	2	2	2	1	2	2	1	2	2	3	3	3	2	1	1	2	1	1	3	2	
0	3	2	0	2	3	3	3	3	3	2	1	3	2	2	2	3	3	2	3	3	2	3	3	3	2	3	2	2	2	3	3	2	2	3	3	3	1	3	2	2	3	3	2	3	2	2	3	2	3	1	
0	2	3	2	0	3	2	2	4	3	3	2	2	3	1	3	3	2	2	3	3	1	1	2	3	1	3	2	1	2	2	3	2	2	3	2	3	1	3	2	3	2	2	3	2	2	2	3	3	2	2	
0	2	2	3	2	0	2	2	3	3	1	2	1	2	1	3	2	2	3	2	2	2	3	1	3	3	3	3	3	2	2	3	2	3	2	2	2	3	2	3	3	3	2	3	3	1	2	3	3	3	2	
0	3	3	1	2	3	0	2	2	3	3	2	3	3	2	2	2	2	2	1	2	2	3	2	2	3	1	2	2	1	1	2	3	1	2	2	2	2	2	2	2	3	2	3	1	3	2	3	3	3	2	
0	2	3	2	3	1	2	0	2	2	2	3	2	2	2	2	2	2	3	2	3	2	3	2	2	2	3	1	2	2	1	2	2	3	1	2	2	2	2	1	1	3	1	3	3	2	2	2	2	2	3	
0	3	2	3	3	3	3	3	0	3	1	2	2	2	2	3	3	2	3	3	2	1	1	1	3	3	3	3	3	2	2	4	2	3	2	3	2	2	3	3	3	3	2	3	3	3	2	3	3	3	2	
0	3	2	3	2	4	2	3	2	0	3	2	3	3	1	3	3	2	4	3	3	2	2	1	2	3	3	3	3	2	3	1	3	3	2	2	2	3	2	3	3	3	2	3	3	2	2	3	3	3	3	
0	3	1	2	2	3	2	2	2	2	0	1	2	1	2	2	2	1	2	2	1	2	2	3	2	2	2	2	2	2	1	3	1	3	2	3	1	2	2	2	2	2	2	3	2	2	2	2	2	2	2	
0	3	1	3	1	2	2	2	2	2	1	0	2	2	2	1	3	2	3	2	2	2	2	3	2	2	3	3	2	1	2	2	2	3	2	2	2	2	2	1	1	3	3	3	2	2	2	2	2	2	2	
0	1	2	2	3	1	1	3	3	2	2	3	0	2	2	3	1	2	3	2	2	1	3	2	3	2	2	3	3	2	2	3	1	2	3	1	2	2	1	2	2	2	3	2	2	2	2	3	2	2	1	
0	3	2	2	2	3	3	2	1	2	2	1	3	0	3	2	3	2	1	2	2	2	2	2	2	2	2	3	3	2	2	3	3	2	2	3	2	3	3	2	2	3	1	4	2	3	3	3	3	1	3	
0	3	3	2	1	3	1	2	3	2	4	3	3	3	0	3	2	3	3	2	3	2	2	3	3	2	2	3	2	2	2	3	2	2	3	1	3	2	3	3	2	3	3	4	2	3	3	2	3	2	3	
0	3	3	2	3	1	2	3	3	3	2	3	2	3	2	0	2	2	2	3	2	2	1	2	2	1	3	2	2	2	2	2	3	2	2	3	2	2	3	3	3	2	2	2	1	2	2	3	1	3	2	
0	3	1	3	2	3	2	3	4	2	3	3	2	3	2	3	0	3	2	3	3	3	2	3	2	3	3	3	2	3	3	2	2	3	2	3	3	1	3	2	3	2	3	2	2	2	3	2	2	3	3	
0	2	3	2	3	3	1	3	3	2	3	2	3	3	3	2	3	0	3	1	2	3	3	2	3	1	2	1	3	2	2	2	3	2	2	3	3	2	2	2	2	2	3	3	2	3	3	2	3	1	2	
0	3	3	3	3	3	3	3	3	2	2	2	2	2	3	2	3	2	0	3	3	1	3	3	2	3	3	2	2	3	2	2	3	3	1	3	2	3	2	3	1	3	1	3	1	3	2	3	2	2	3	
0	3	3	3	3	3	2	3	3	3	2	2	3	3	3	2	3	1	3	0	3	2	3	1	3	2	3	1	2	2	3	2	2	2	1	2	2	2	2	1	2	3	2	3	2	3	2	2	3	2	3	
0	3	1	3	1	3	2	3	3	2	3	3	2	3	2	3	3	3	2	3	0	2	2	2	1	2	3	3	2	3	3	2	3	3	2	2	2	2	1	3	2	2	3	3	1	2	2	2	2	3	3	
0	2	3	2	3	2	2	2	4	3	3	3	1	3	2	3	2	2	3	2	3	0	3	2	2	3	3	3	3	2	1	4	2	3	3	2	2	2	2	3	3	3	3	3	3	3	2	3	3	3	2	
0	3	4	3	3	3	3	2	3	3	3	3	2	2	3	2	3	3	2	3	3	1	0	3	2	2	3	3	2	1	2	3	2	2	2	2	2	1	2	2	2	3	1	2	3	2	2	3	2	3	1	
0	2	2	2	2	3	3	2	2	2	2	1	2	2	3	2	2	3	3	3	2	1	2	0	2	3	3	2	2	1	2	3	2	2	2	2	1	3	2	2	2	2	1	2	3	3	1	3	2	3	2	
0	3	2	3	1	3	3	3	3	3	3	2	3	3	2	3	3	3	3	2	1	2	2	1	0	2	3	3	2	2	3	3	2	3	3	3	2	2	2	3	2	3	2	3	2	3	2	3	3	3	3	
0	3	3	1	3	3	2	3	3	3	3	2	3	2	3	3	2	2	3	2	2	2	3	1	3	0	3	1	2	2	3	2	2	1	3	3	2	2	2	3	2	1	2	2	3	2	2	2	2	2	1	
0	2	2	3	1	3	2	2	1	3	2	2	3	2	2	3	1	2	3	3	2	2	2	2	1	2	0	3	2	3	3	3	3	3	3	3	3	2	1	3	2	2	2	2	2	2	2	3	3	3	3	
0	3	2	2	3	3	1	3	3	2	3	2	2	2	3	3	2	2	2	2	2	2	2	1	2	1	2	0	2	2	2	1	2	2	3	3	2	1	1	2	1	2	2	3	2	2	2	1	3	1	2	
0	1	2	2	1	2	2	1	3	3	2	1	1	2	1	2	2	1	3	2	2	1	2	3	3	2	3	2	0	2	2	3	2	2	2	2	3	2	2	2	2	3	2	2	3	3	1	3	3	2	2	
0	3	3	2	3	2	3	1	3	2	2	3	3	2	3	1	2	2	3	3	3	2	2	3	2	2	3	2	2	0	2	2	2	2	1	1	3	3	1	2	1	2	2	2	2	2	1	2	2	2	1	
0	3	3	1	2	3	2	3	3	3	3	2	2	2	1	3	2	1	2	1	2	1	3	2	3	2	3	2	2	3	0	3	2	3	2	2	3	1	3	2	3	3	3	2	3	3	1	3	3	2	2	
0	4	2	3	2	3	3	2	3	1	3	2	3	3	2	3	3	3	3	3	2	2	1	2	1	2	4	3	3	2	3	0	3	3	3	2	3	2	1	3	2	2	2	3	2	2	2	3	3	3	2	
0	3	2	2	3	2	2	2	3	2	3	3	2	3	2	3	1	2	2	2	2	2	2	2	2	3	3	2	2	2	1	3	0	3	2	2	1	1	3	1	3	3	3	2	3	2	2	2	1	3	2	
0	2	2	3	2	3	3	2	3	3	3	2	2	3	2	3	2	2	3	1	1	2	3	2	2	3	2	2	1	3	2	3	2	0	2	3	2	3	2	2	3	3	1	3	2	3	2	3	3	3	3	
0	2	2	3	2	2	2	2	3	3	1	2	2	2	2	1	2	1	3	2	2	2	2	2	3	2	3	1	1	3	2	2	2	3	0	3	2	2	2	3	2	2	2	3	2	3	2	2	2	2	3	
0	3	2	2	3	3	3	3	3	1	4	3	2	4	2	4	1	2	3	3	2	1	3	2	3	2	2	3	3	3	2	2	1	2	3	0	2	2	3	2	4	3	3	3	3	3	3	3	2	1	3	
0	2	2	1	2	2	2	1	2	1	2	2	2	2	2	2	3	2	3	3	1	1	1	2	2	2	3	1	1	2	2	2	2	2	1	3	0	2	2	2	2	3	2	2	2	2	2	2	2	2	1	
0	2	3	3	2	3	3	2	4	3	3	2	2	3	2	3	2	2	1	3	2	2	3	3	3	3	4	3	1	3	2	3	1	3	2	3	2	0	3	1	2	4	2	3	2	3	2	3	2	3	3	
0	3	3	3	3	3	3	2	3	2	3	3	2	2	3	3	2	2	2	3	3	1	3	3	3	3	3	3	2	3	2	2	2	3	2	3	2	3	0	3	1	1	3	2	1	1	1	2	2	2	2	
0	3	3	3	3	3	3	3	3	3	3	3	3	4	3	3	2	3	2	3	3	3	3	3	3	3	4	3	2	3	2	3	1	3	2	3	2	1	4	0	3	4	3	3	3	3	3	3	2	2	3	
0	2	3	2	2	3	3	2	2	1	3	2	2	1	2	3	2	2	2	2	2	2	2	2	2	2	2	3	1	3	3	1	2	2	3	3	3	3	2	3	0	3	2	2	3	2	1	4	3	1	2	
0	2	2	3	2	2	2	2	4	2	3	2	2	3	2	3	1	1	3	2	3	2	2	2	2	2	3	2	1	2	2	2	1	3	3	3	2	2	3	2	3	0	3	2	3	3	2	3	1	2	3	
0	3	3	2	2	2	3	2	3	2	3	3	3	3	2	3	3	2	3	2	2	2	2	2	1	3	4	2	2	3	1	3	3	3	2	2	1	2	3	3	3	3	0	3	3	3	2	3	3	3	2	
0	2	3	1	2	2	2	1	2	3	3	2	1	3	2	3	2	2	3	2	3	2	3	3	2	3	1	2	3	3	1	3	2	3	2	2	3	2	2	2	2	3	2	0	3	3	2	3	2	3	2	
0	3	3	2	3	3	3	2	2	2	2	3	3	3	3	2	3	2	1	3	2	2	2	3	2	3	3	2	2	3	3	1	3	2	1	3	1	3	2	3	2	3	2	3	0	3	3	3	3	3	2	
0	3	3	3	3	2	3	1	2	3	2	2	2	1	3	3	3	3	2	3	3	3	3	3	3	3	3	2	3	3	2	3	3	3	2	3	3	3	2	2	2	3	2	3	3	0	3	3	2	2	3	
0	3	2	2	3	3	3	2	3	2	3	2	2	2	3	3	1	3	3	3	3	2	3	3	3	2	2	3	3	3	2	3	1	2	3	3	2	2	3	2	3	2	3	1	3	2	0	3	2	3	1	
0	2	2	3	3	2	2	2	4	3	3	4	1	3	3	2	1	3	3	3	3	2	3	3	3	3	3	3	3	1	3	3	2	3	2	2	3	2	2	2	2	3	3	3	3	3	2	0	3	3	2	
0	2	2	2	2	1	1	2	3	3	2	2	1	3	2	2	1	2	2	2	2	1	3	2	1	3	2	3	1	1	2	3	2	2	2	2	2	2	2	3	2	3	3	1	2	2	1	3	0	3	2	
0	3	2	1	2	4	2	3	3	1	3	2	3	3	2	3	3	1	3	2	1	3	3	2	2	1	3	2	2	3	3	2	3	1	3	3	3	2	2	3	3	2	2	3	2	2	2	3	3	0	2	
0	3	3	2	3	2	2	2	2	2	3	2	2	1	2	3	2	3	2	2	2	1	3	2	2	1	2	2	2	2	2	3	1	1	3	2	2	2	3	2	3	2	2	1	3	1	1	3	1	2	0	
Tamanho_Tarefas
0	25	21	11	10	23	19	33	7	31	15	16	34	23	19	30	16	9	27	26	9	31	30	9	25	13	31	23	11	20	7	20	17	12	21	19	6	16	18	2	10	10	22	16	7	11	17	21	12	10	9	
Data_Entrega
0	224	283	263	283	219	267	283	183	248	258	187	214	248	256	281	248	248	233	232	264	236	222	255	202	250	242	215	256	218	199	242	251	218	255	193	206	236	192	233	226	260	241	192	247	185	191	271	188	213	255	
Penalidade_Atraso
0	20	11	13	11	16	16	6	6	14	7	5	7	3	5	16	12	16	4	8	12	18	13	5	6	3	6	13	11	12	6	15	10	8	10	8	16	4	5	10	16	16	4	7	18	12	14	9	3	6	5	
Capacidade_Veiculo
68	72	79	55	85	39	102	93	55	71	61	37	75	95	72	
Custo_Fixo_Veiculo
680	720	790	550	850	390	1020	930	550	710	610	370	750	950	720	
Coordenadas_Clientes
x	0	y	0
x	114	y	0
x	110	y	13
x	80	y	20
x	98	y	39
x	82	y	45
x	90	y	65
x	70	y	66
x	54	y	66
x	49	y	78
x	39	y	84
x	33	y	102
x	21	y	111
x	5	y	94
x	-5	y	81
x	-17	y	89
x	-29	y	91
x	-40	y	85
x	-57	y	90
x	-73	y	88
x	-73	y	69
x	-101	y	73
x	-77	y	42
x	-111	y	44
x	-108	y	27
x	-74	y	9
x	-114	y	0
x	-82	y	-10
x	-88	y	-22
x	-107	y	-42
x	-108	y	-59
x	-86	y	-62
x	-70	y	-66
x	-73	y	-88
x	-41	y	-65
x	-43	y	-93
x	-30	y	-93
x	-17	y	-90
x	-7	y	-111
x	6	y	-108
x	17	y	-91
x	24	y	-75
x	47	y	-101
x	45	y	-70
x	52	y	-63
x	72	y	-68
x	67	y	-49
x	99	y	-54
x	73	y	-29
x	104	y	-26
x	88	y	-11
Tempo_Viagem
0	114	110	82	105	93	111	96	85	92	92	107	112	94	81	90	95	93	106	114	100	124	87	119	111	74	114	82	90	114	123	106	96	114	76	102	97	91	111	108	92	78	111	83	81	99	83	112	78	107	88	
114	0	13	39	41	55	68	79	89	101	112	129	144	143	143	157	169	175	192	206	199	227	195	229	223	188	228	196	203	224	229	209	195	206	167	182	171	158	162	150	131	117	120	96	87	79	67	55	50	27	28	
110	13	0	30	28	42	55	66	77	88	99	116	131	132	133	147	159	166	183	197	190	218	188	222	218	184	224	192	200	223	229	209	196	208	169	186	175	163	169	157	138	122	130	103	94	89	75	67	55	39	32	
82	39	30	0	26	25	46	47	52	65	75	93	107	105	104	118	130	136	153	167	160	188	158	192	188	154	195	164	172	196	203	185	172	186	147	167	157	146	157	147	127	110	124	96	87	88	69	76	49	51	32	
105	41	28	26	0	17	27	38	51	62	73	89	104	107	111	125	137	145	162	177	173	201	175	209	206	174	215	186	195	219	228	209	198	212	173	193	183	172	182	172	152	135	147	120	111	109	92	93	72	65	50	
93	55	42	25	17	0	21	24	35	46	57	74	89	91	94	108	120	128	145	160	156	184	159	193	190	160	201	172	182	207	216	199	188	204	165	186	177	167	179	170	150	133	149	120	112	113	94	100	74	74	56	
111	68	55	46	27	21	0	20	36	43	54	67	82	89	96	109	121	131	148	164	163	191	168	202	201	173	214	187	198	224	233	217	206	223	184	206	198	188	200	191	171	154	170	141	133	134	115	119	95	92	76	
96	79	66	47	38	24	20	0	16	24	35	51	66	70	76	89	101	111	128	144	143	171	148	182	182	154	195	169	180	207	217	201	192	210	171	195	187	178	193	185	165	148	168	138	130	134	115	123	95	98	79	
85	89	77	52	51	35	36	16	0	13	23	41	55	56	60	74	86	95	112	128	127	155	133	166	166	140	180	155	167	193	204	189	181	199	161	186	179	171	187	180	161	144	167	136	129	134	115	128	96	103	84	
92	101	88	65	62	46	43	24	13	0	11	28	43	46	54	66	78	89	106	122	122	150	131	163	165	141	180	157	169	196	208	194	186	206	168	194	188	180	197	190	172	155	179	148	141	147	128	141	109	116	97	
92	112	99	75	73	57	54	35	23	11	0	18	32	35	44	56	68	79	96	112	113	140	123	155	157	135	174	153	165	192	205	192	185	205	168	194	189	182	200	194	176	159	185	154	147	154	135	150	118	126	106	
107	129	116	93	89	74	67	51	41	28	18	0	15	29	43	51	62	74	90	106	110	136	124	155	158	141	178	160	173	200	214	202	197	217	182	209	204	198	216	211	193	177	203	172	165	172	153	168	136	144	124	
112	144	131	107	104	89	82	66	55	43	32	15	0	23	39	43	53	65	80	96	101	127	119	146	153	138	174	158	171	198	212	203	199	220	186	213	209	203	223	219	202	186	213	182	176	185	166	182	149	158	138	
94	143	132	105	107	91	89	70	56	46	35	29	23	0	16	22	34	45	62	78	81	107	97	126	131	115	151	135	148	175	189	180	176	198	165	193	190	185	205	202	185	170	199	168	163	174	155	175	140	154	133	
81	143	133	104	111	94	96	76	60	54	44	43	39	16	0	14	26	35	52	68	69	96	81	112	115	99	135	119	132	159	173	164	160	182	150	178	175	171	192	189	173	158	189	159	154	167	148	170	134	151	130	
90	157	147	118	125	108	109	89	74	66	56	51	43	22	14	0	12	23	40	56	59	85	76	104	110	98	131	118	131	158	173	166	163	185	155	183	182	179	200	198	182	168	200	170	166	180	161	184	148	165	144	
95	169	159	130	137	120	121	101	86	78	68	62	53	34	26	12	0	12	28	44	48	74	68	93	101	93	123	113	126	153	168	163	162	184	156	184	184	181	203	202	187	173	206	177	174	188	169	193	157	176	155	
93	175	166	136	145	128	131	111	95	89	79	74	65	45	35	23	12	0	17	33	36	62	56	81	89	83	111	103	116	143	158	154	153	175	150	178	178	176	198	198	185	171	204	176	174	189	171	196	160	181	160	
106	192	183	153	162	145	148	128	112	106	96	90	80	62	52	40	28	17	0	16	26	47	52	70	80	82	106	102	115	141	157	154	156	178	155	183	184	184	207	207	195	183	217	189	187	203	186	212	176	197	176	
114	206	197	167	177	160	164	144	128	122	112	106	96	78	68	56	44	33	16	0	19	31	46	58	70	79	97	98	110	134	151	150	154	176	156	183	186	186	209	211	200	189	223	197	195	212	195	223	187	210	189	
100	199	190	160	173	156	163	143	127	122	113	110	101	81	69	59	48	36	26	19	0	28	27	45	54	60	80	79	91	116	132	131	135	157	137	164	167	168	191	193	183	173	207	182	181	199	183	211	175	200	179	
124	227	218	188	201	184	191	171	155	150	140	136	127	107	96	85	74	62	47	31	28	0	39	30	46	69	73	85	95	115	132	135	142	162	150	175	180	183	206	210	201	193	227	204	204	223	207	236	201	227	206	
87	195	188	158	175	159	168	148	133	131	123	124	119	97	81	76	68	56	52	46	27	39	0	34	34	33	55	52	64	89	105	104	108	130	112	139	142	144	167	171	162	154	188	165	166	185	170	199	165	193	173	
119	229	222	192	209	193	202	182	166	163	155	155	146	126	112	104	93	81	70	58	45	30	34	0	17	50	44	61	69	86	103	108	116	136	129	152	158	163	186	191	185	179	213	192	194	214	200	231	197	226	206	
111	223	218	188	206	190	201	182	166	165	157	158	153	131	115	110	101	89	80	70	54	46	34	17	0	38	27	45	52	69	86	91	99	119	113	136	142	147	170	176	171	166	200	180	183	203	190	222	189	218	199	
74	188	184	154	174	160	173	154	140	141	135	141	138	115	99	98	93	83	82	79	60	69	33	50	38	0	41	20	33	60	75	72	75	97	81	106	111	114	137	141	135	129	163	142	145	165	152	184	151	181	162	
114	228	224	195	215	201	214	195	180	180	174	178	174	151	135	131	123	111	106	97	80	73	55	44	27	41	0	33	34	42	59	68	79	97	97	117	125	131	154	160	159	157	190	173	177	197	187	219	189	219	202	
82	196	192	164	186	172	187	169	155	157	153	160	158	135	119	118	113	103	102	98	79	85	52	61	45	20	33	0	13	40	55	52	57	78	68	91	97	102	125	131	127	124	157	140	144	164	154	186	156	186	170	
90	203	200	172	195	182	198	180	167	169	165	173	171	148	132	131	126	116	115	110	91	95	64	69	52	33	34	13	0	27	42	40	47	67	63	84	91	97	120	126	125	123	156	141	145	165	157	189	161	192	176	
114	224	223	196	219	207	224	207	193	196	192	200	198	175	159	158	153	143	141	134	116	115	89	86	69	60	42	40	27	0	17	29	44	57	69	81	92	102	121	130	132	134	163	154	160	180	174	206	180	211	197	
123	229	229	203	228	216	233	217	204	208	205	214	212	189	173	173	168	158	157	151	132	132	105	103	86	75	59	55	42	17	0	22	38	45	67	73	85	96	113	124	128	132	159	153	160	180	175	207	183	214	201	
106	209	209	185	209	199	217	201	189	194	192	202	203	180	164	166	163	154	154	150	131	135	104	108	91	72	68	52	40	29	22	0	16	29	45	53	64	74	92	102	106	110	137	131	138	158	153	185	162	193	181	
96	195	196	172	198	188	206	192	181	186	185	197	199	176	160	163	162	153	156	154	135	142	108	116	99	75	79	57	47	44	38	16	0	22	29	38	48	58	77	86	90	94	121	115	122	142	138	169	147	178	167	
114	206	208	186	212	204	223	210	199	206	205	217	220	198	182	185	184	175	178	176	157	162	130	136	119	97	97	78	67	57	45	29	22	0	39	30	43	56	69	81	90	97	120	118	127	145	145	174	157	187	178	
76	167	169	147	173	165	184	171	161	168	168	182	186	165	150	155	156	150	155	156	137	150	112	129	113	81	97	68	63	69	67	45	29	39	0	28	30	34	57	63	63	65	94	86	93	113	109	140	119	150	139	
102	182	186	167	193	186	206	195	186	194	194	209	213	193	178	183	184	178	183	183	164	175	139	152	136	106	117	91	84	81	73	53	38	30	28	0	13	26	40	51	60	69	90	90	99	117	118	146	132	161	154	
97	171	175	157	183	177	198	187	179	188	189	204	209	190	175	182	184	178	184	186	167	180	142	158	142	111	125	97	91	92	85	64	48	43	30	13	0	13	29	39	47	56	77	77	86	104	106	133	121	149	143	
91	158	163	146	172	167	188	178	171	180	182	198	203	185	171	179	181	176	184	186	168	183	144	163	147	114	131	102	97	102	96	74	58	56	34	26	13	0	23	29	34	43	64	64	73	91	93	120	108	136	131	
111	162	169	157	182	179	200	193	187	197	200	216	223	205	192	200	203	198	207	209	191	206	167	186	170	137	154	125	120	121	113	92	77	69	57	40	29	23	0	13	31	47	54	66	75	89	95	119	114	138	137	
108	150	157	147	172	170	191	185	180	190	194	211	219	202	189	198	202	198	207	211	193	210	171	191	176	141	160	131	126	130	124	102	86	81	63	51	39	29	13	0	20	37	41	54	63	77	83	107	102	126	125	
92	131	138	127	152	150	171	165	161	172	176	193	202	185	173	182	187	185	195	200	183	201	162	185	171	135	159	127	125	132	128	106	90	90	63	60	47	34	31	20	0	17	31	35	44	59	64	89	83	107	106	
78	117	122	110	135	133	154	148	144	155	159	177	186	170	158	168	173	171	183	189	173	193	154	179	166	129	157	124	123	134	132	110	94	97	65	69	56	43	47	37	17	0	34	21	30	48	50	77	67	93	90	
111	120	130	124	147	149	170	168	167	179	185	203	213	199	189	200	206	204	217	223	207	227	188	213	200	163	190	157	156	163	159	137	121	120	94	90	77	64	54	41	31	34	0	31	38	41	55	70	75	93	98	
83	96	103	96	120	120	141	138	136	148	154	172	182	168	159	170	177	176	189	197	182	204	165	192	180	142	173	140	141	154	153	131	115	118	86	90	77	64	66	54	35	21	31	0	9	27	29	56	48	72	71	
81	87	94	87	111	112	133	130	129	141	147	165	176	163	154	166	174	174	187	195	181	204	166	194	183	145	177	144	145	160	160	138	122	127	93	99	86	73	75	63	44	30	38	9	0	20	20	47	39	63	62	
99	79	89	88	109	113	134	134	134	147	154	172	185	174	167	180	188	189	203	212	199	223	185	214	203	165	197	164	165	180	180	158	142	145	113	117	104	91	89	77	59	48	41	27	20	0	19	30	39	52	59	
83	67	75	69	92	94	115	115	115	128	135	153	166	155	148	161	169	171	186	195	183	207	170	200	190	152	187	154	157	174	175	153	138	145	109	118	106	93	95	83	64	50	55	29	20	19	0	32	20	43	43	
112	55	67	76	93	100	119	123	128	141	150	168	182	175	170	184	193	196	212	223	211	236	199	231	222	184	219	186	189	206	207	185	169	174	140	146	133	120	119	107	89	77	70	56	47	30	32	0	36	28	44	
78	50	55	49	72	74	95	95	96	109	118	136	149	140	134	148	157	160	176	187	175	201	165	197	189	151	189	156	161	180	183	162	147	157	119	132	121	108	114	102	83	67	75	48	39	39	20	36	0	31	23	
107	27	39	51	65	74	92	98	103	116	126	144	158	154	151	165	176	181	197	210	200	227	193	226	218	181	219	186	192	211	214	193	178	187	150	161	149	136	138	126	107	93	93	72	63	52	43	28	31	0	21	
88	28	32	32	50	56	76	79	84	97	106	124	138	133	130	144	155	160	176	189	179	206	173	206	199	162	202	170	176	197	201	181	167	178	139	154	143	131	137	125	106	90	98	71	62	59	43	44	23	21	0	
Custo_Viagem
V0
0	1550	1496	1115	1428	1264	1509	1305	1156	1251	1251	1455	1523	1278	1101	1224	1292	1264	1441	1550	1360	1686	1183	1618	1509	1006	1550	1115	1224	1550	1672	1441	1305	1550	1033	1387	1319	1237	1509	1468	1251	1060	1509	1128	1101	1346	1128	1523	1060	1455	1196	
1550	0	176	530	571	748	938	1074	1210	1373	1523	1768	1958	1944	1944	2148	2298	2380	2624	2801	2706	3087	2652	3114	3032	2556	3100	2665	2760	3046	3114	2842	2652	2801	2284	2475	2325	2148	2230	2067	1808	1591	1645	1332	1196	1074	911	761	680	367	380	
1496	176	0	408	380	571	748	897	1047	1210	1360	1591	1795	1795	1808	2012	2162	2257	2488	2679	2597	2978	2570	3032	2964	2502	3046	2624	2733	3032	3114	2842	2665	2842	2298	2529	2380	2216	2312	2162	1890	1672	1768	1428	1292	1210	1020	911	748	530	435	
1115	530	408	0	353	340	625	639	707	884	1033	1278	1468	1428	1414	1618	1768	1849	2080	2271	2176	2556	2148	2611	2556	2094	2652	2230	2352	2679	2760	2516	2339	2543	1999	2271	2135	1985	2135	1999	1727	1496	1700	1305	1183	1196	952	1033	666	693	435	
1428	571	380	353	0	231	367	516	693	843	1006	1224	1428	1468	1509	1700	1863	1972	2216	2407	2352	2733	2380	2842	2801	2366	2924	2529	2652	2992	3100	2842	2692	2896	2352	2624	2488	2339	2488	2352	2080	1836	2026	1645	1509	1496	1264	1264	979	884	680	
1264	748	571	340	231	0	285	326	476	625	788	1020	1210	1237	1278	1468	1632	1740	1985	2176	2121	2516	2162	2624	2584	2176	2733	2339	2475	2828	2937	2706	2556	2774	2244	2529	2407	2271	2434	2312	2040	1808	2040	1632	1523	1536	1292	1360	1006	1006	761	
1509	938	748	625	367	285	0	272	489	584	734	911	1115	1210	1305	1482	1645	1781	2026	2230	2216	2597	2284	2747	2733	2352	2910	2543	2692	3046	3168	2951	2801	3032	2502	2801	2692	2556	2720	2611	2339	2094	2325	1931	1808	1822	1577	1618	1292	1251	1033	
1305	1074	897	639	516	326	272	0	217	326	476	693	897	952	1033	1210	1387	1509	1754	1958	1944	2325	2012	2475	2475	2094	2652	2298	2448	2815	2951	2733	2611	2856	2325	2652	2543	2420	2624	2516	2244	2012	2284	1876	1768	1822	1564	1672	1292	1332	1074	
1156	1210	1047	707	693	476	489	217	0	176	312	557	748	761	816	1006	1169	1292	1536	1740	1727	2108	1808	2257	2257	1904	2448	2108	2271	2624	2774	2570	2461	2706	2189	2529	2434	2325	2543	2448	2189	1958	2271	1849	1754	1836	1564	1740	1305	1414	1142	
1251	1373	1210	884	843	625	584	326	176	0	149	380	584	625	734	897	1074	1210	1441	1659	1659	2040	1781	2216	2244	1917	2448	2135	2298	2665	2828	2638	2529	2801	2284	2638	2556	2448	2679	2584	2339	2108	2434	2012	1917	1999	1740	1917	1482	1591	1319	
1251	1523	1360	1033	1006	788	734	476	312	149	0	244	435	476	598	761	924	1074	1305	1523	1536	1904	1672	2108	2135	1836	2366	2080	2244	2611	2788	2611	2516	2788	2298	2652	2570	2475	2720	2638	2393	2162	2516	2094	1999	2108	1836	2040	1604	1727	1441	
1455	1768	1591	1278	1224	1020	911	693	557	380	244	0	204	394	584	693	843	1006	1224	1441	1509	1863	1700	2108	2162	1917	2420	2176	2352	2720	2910	2747	2679	2951	2475	2842	2774	2692	2937	2869	2624	2407	2760	2339	2257	2366	2094	2298	1849	1985	1700	
1523	1958	1795	1468	1428	1210	1115	897	748	584	435	204	0	312	530	584	720	897	1088	1305	1387	1727	1618	2012	2080	1890	2366	2148	2325	2706	2896	2760	2706	2992	2529	2896	2856	2774	3032	2978	2747	2529	2896	2475	2393	2529	2257	2475	2026	2176	1890	
1278	1944	1795	1428	1468	1237	1210	952	761	625	476	394	312	0	217	299	462	612	843	1060	1101	1468	1319	1713	1781	1577	2053	1836	2012	2393	2584	2448	2393	2692	2244	2624	2584	2516	2788	2747	2516	2312	2706	2284	2216	2380	2108	2380	1904	2108	1808	
1101	1944	1808	1414	1509	1278	1305	1033	816	734	598	584	530	217	0	190	353	476	707	924	938	1305	1101	1523	1577	1346	1836	1618	1795	2162	2352	2230	2176	2475	2040	2420	2380	2325	2611	2570	2352	2148	2570	2162	2094	2271	2012	2312	1822	2067	1768	
1224	2148	2012	1618	1700	1468	1482	1210	1006	897	761	693	584	299	190	0	163	312	544	761	802	1156	1033	1414	1496	1332	1781	1604	1781	2148	2352	2257	2216	2516	2108	2488	2475	2434	2720	2692	2488	2298	2720	2312	2257	2448	2189	2502	2012	2257	1972	
1292	2298	2162	1768	1863	1632	1645	1387	1169	1074	924	843	720	462	353	163	0	163	380	598	666	1006	924	1278	1373	1264	1686	1550	1727	2094	2298	2216	2203	2502	2121	2502	2502	2461	2760	2747	2543	2366	2801	2407	2366	2556	2298	2624	2135	2407	2108	
1264	2380	2257	1849	1972	1740	1781	1509	1292	1210	1074	1006	897	612	476	312	163	0	231	448	489	843	761	1101	1210	1128	1523	1400	1591	1944	2162	2094	2080	2393	2040	2420	2420	2393	2692	2692	2516	2339	2788	2393	2366	2570	2325	2665	2176	2461	2176	
1441	2624	2488	2080	2216	1985	2026	1754	1536	1441	1305	1224	1088	843	707	544	380	231	0	217	353	639	707	952	1101	1115	1441	1400	1577	1917	2135	2094	2121	2420	2108	2488	2502	2502	2815	2815	2652	2488	2951	2570	2543	2760	2529	2883	2393	2692	2393	
1550	2801	2679	2271	2407	2176	2230	1958	1740	1659	1523	1441	1305	1060	924	761	598	448	217	0	258	421	625	788	952	1074	1319	1332	1509	1822	2053	2040	2094	2393	2121	2488	2529	2529	2842	2869	2720	2570	3032	2679	2665	2883	2652	3032	2543	2856	2570	
1360	2706	2597	2176	2352	2121	2216	1944	1727	1659	1536	1509	1387	1101	938	802	666	489	353	258	0	380	367	612	734	816	1088	1074	1251	1577	1795	1781	1836	2135	1863	2230	2271	2284	2597	2624	2488	2352	2828	2475	2461	2706	2488	2869	2380	2720	2434	
1686	3087	2978	2556	2733	2516	2597	2325	2108	2040	1904	1863	1727	1468	1305	1156	1006	843	639	421	380	0	530	408	625	938	1006	1156	1292	1564	1795	1836	1931	2216	2040	2380	2448	2488	2801	2856	2747	2624	3100	2774	2774	3032	2815	3209	2733	3087	2801	
1183	2652	2570	2148	2380	2162	2284	2012	1808	1781	1672	1700	1618	1319	1101	1033	924	761	707	625	367	530	0	462	462	448	748	707	870	1210	1428	1414	1468	1768	1523	1890	1931	1958	2284	2325	2203	2094	2570	2244	2257	2516	2312	2720	2244	2624	2352	
1618	3114	3032	2611	2842	2624	2747	2475	2257	2216	2108	2108	2012	1713	1523	1414	1278	1101	952	788	612	408	462	0	231	680	598	829	938	1169	1400	1468	1591	1863	1754	2067	2162	2216	2529	2597	2529	2434	2910	2624	2638	2910	2720	3141	2679	3073	2801	
1509	3032	2964	2556	2801	2584	2733	2475	2257	2244	2135	2162	2080	1781	1577	1496	1373	1210	1101	952	734	625	462	231	0	516	367	612	707	938	1169	1237	1360	1632	1536	1849	1944	2012	2325	2393	2325	2257	2733	2461	2488	2760	2584	3019	2570	2964	2706	
1006	2556	2502	2094	2366	2176	2352	2094	1904	1917	1836	1917	1890	1577	1346	1332	1264	1128	1115	1074	816	938	448	680	516	0	557	272	462	816	1033	979	1020	1319	1101	1441	1509	1550	1863	1917	1836	1754	2216	1931	1972	2244	2067	2502	2053	2461	2216	
1550	3100	3046	2652	2924	2733	2910	2652	2448	2448	2366	2420	2366	2053	1836	1781	1686	1523	1441	1319	1088	1006	748	598	367	557	0	448	462	571	802	924	1074	1319	1319	1591	1700	1795	2094	2189	2162	2135	2584	2352	2407	2692	2543	2978	2570	2978	2747	
1115	2665	2624	2230	2529	2339	2543	2298	2108	2135	2080	2176	2148	1836	1618	1604	1550	1400	1400	1332	1074	1156	707	829	612	272	448	0	176	544	748	707	775	1060	924	1237	1319	1400	1700	1781	1727	1686	2135	1904	1958	2230	2094	2529	2121	2529	2312	
