M: 4
N: 50
Nun_Veiculos: 14
Capacidade_Total: 1118
Demanda_Total: 882
Setup_Min: 1
Setup_Max: 9
Raio: 100
Circulos: 1
Tempo_Processamento_Min: 1
Tempo_Processamento_Max: 49
Demanda_Min: 10
Demanda_Max: 30
Priority_Factor: 0.2
Range_Factor_R: 0.8
U_factor: 2
ALpha: 0.2Replicao: 1
Tempos_Processamentos
0	0	1	0	2	0	3	0	
0	22	1	44	2	44	3	6	
0	22	1	13	2	1	3	28	
0	42	1	27	2	1	3	30	
0	20	1	5	2	36	3	10	
0	16	1	44	2	16	3	9	
0	26	1	2	2	9	3	30	
0	28	1	3	2	4	3	32	
0	44	1	47	2	40	3	17	
0	44	1	43	2	2	3	35	
0	47	1	8	2	49	3	30	
0	40	1	34	2	32	3	22	
0	42	1	46	2	38	3	49	
0	22	1	49	2	30	3	5	
0	39	1	2	2	48	3	37	
0	36	1	34	2	34	3	38	
0	49	1	13	2	32	3	43	
0	1	1	2	2	18	3	5	
0	35	1	13	2	3	3	34	
0	30	1	15	2	44	3	49	
0	2	1	37	2	33	3	15	
0	24	1	22	2	23	3	6	
0	15	1	35	2	25	3	43	
0	4	1	49	2	3	3	12	
0	23	1	30	2	30	3	5	
0	8	1	30	2	19	3	14	
0	37	1	4	2	11	3	18	
0	13	1	19	2	34	3	30	
0	11	1	42	2	45	3	49	
0	24	1	9	2	32	3	6	
0	14	1	2	2	31	3	47	
0	23	1	31	2	5	3	5	
0	34	1	47	2	26	3	36	
0	1	1	29	2	5	3	37	
0	45	1	24	2	38	3	47	
0	20	1	23	2	40	3	30	
0	30	1	31	2	4	3	17	
0	43	1	3	2	6	3	19	
0	31	1	15	2	16	3	31	
0	11	1	12	2	43	3	21	
0	23	1	26	2	32	3	40	
0	26	1	33	2	15	3	36	
0	32	1	39	2	26	3	26	
0	28	1	5	2	45	3	20	
0	33	1	30	2	26	3	46	
0	46	1	32	2	7	3	19	
0	2	1	12	2	18	3	6	
0	16	1	45	2	1	3	14	
0	14	1	21	2	7	3	15	
0	26	1	11	2	36	3	49	
0	1	1	38	2	20	3	45	

Tempos_setup
M0
0	0	0	0	0	0	0	0	0	0	0	0	0	0	0	0	0	0	0	0	0	0	0	0	0	0	0	0	0	0	0	0	0	0	0	0	0	0	0	0	0	0	0	0	0	0	0	0	0	0	0	
0	0	2	2	3	2	2	2	3	2	2	3	2	3	1	3	3	2	2	3	3	1	1	1	3	3	2	2	2	3	2	2	2	3	2	2	1	3	2	2	3	3	2	2	1	1	2	3	2	2	2	
0	4	0	2	3	2	3	2	1	2	2	2	3	2	3	2	3	1	2	2	1	4	3	3	2	2	3	2	3	3	2	2	2	2	1	3	2	2	3	2	1	3	2	2	1	2	2	2	2	2	1	
0	2	2	0	1	2	2	2	3	3	3	3	3	2	3	2	3	3	3	3	3	3	2	3	3	3	3	2	2	3	1	3	3	1	2	2	3	3	1	3	2	2	3	2	3	3	1	2	3	2	2	
0	4	2	3	0	1	1	3	2	2	3	3	3	1	2	3	2	3	2	3	2	3	3	4	2	3	3	2	3	2	1	3	2	2	3	3	3	2	2	3	2	2	3	3	2	2	2	1	3	2	2	
0	3	3	2	1	0	2	2	2	2	3	3	3	2	3	3	3	3	2	3	3	2	3	3	3	3	2	2	2	1	2	3	3	1	2	3	3	3	3	2	2	3	3	2	3	3	1	2	3	3	3	
0	3	1	3	2	2	0	2	1	2	3	2	3	1	2	3	3	2	1	2	2	3	3	4	1	3	2	2	2	3	1	3	1	2	2	2	3	1	2	3	2	2	3	2	2	2	2	3	2	2	2	
0	3	2	3	3	2	3	0	3	2	2	3	3	3	3	3	3	3	1	2	2	3	2	3	3	2	3	3	3	3	3	3	2	2	2	4	2	3	1	3	1	2	2	2	2	1	3	3	3	2	2	
0	3	3	3	2	1	2	3	0	2	3	2	2	2	3	3	2	2	3	3	3	3	3	4	1	3	3	1	2	2	3	2	2	1	2	2	3	1	3	3	3	3	2	2	2	1	2	3	1	2	2	
0	3	1	2	1	2	2	2	2	0	1	2	2	1	2	1	2	2	2	3	2	2	1	3	3	2	3	2	2	3	2	2	2	1	2	2	3	3	1	3	2	2	2	1	2	2	2	2	2	2	1	
0	3	2	2	2	1	1	3	2	2	0	2	3	1	2	3	2	3	2	2	1	3	2	3	2	3	3	1	3	2	2	1	2	2	3	2	3	2	1	2	2	2	3	3	3	3	2	2	2	2	2	
0	4	3	3	3	2	3	3	2	2	3	0	3	3	3	2	2	1	2	1	2	3	2	2	3	2	2	2	3	3	3	2	2	3	2	3	2	2	3	1	2	3	1	3	3	3	2	3	3	3	3	
0	2	2	2	2	2	2	2	3	1	1	2	0	2	3	2	3	3	2	1	2	3	2	2	3	2	3	2	3	2	2	2	2	2	3	1	2	2	2	1	2	3	3	2	3	3	2	3	3	3	1	
0	4	2	2	2	3	1	2	2	3	3	3	2	0	1	2	3	2	2	2	3	3	2	4	2	3	2	2	3	3	1	2	2	3	3	3	3	2	2	3	2	1	3	3	3	2	1	3	2	1	1	
0	3	3	2	3	3	3	2	2	3	3	4	3	2	0	2	4	3	2	3	3	3	2	4	3	3	3	3	3	4	2	2	2	3	3	2	3	3	1	3	2	3	3	3	3	3	3	3	3	3	1	
0	2	1	3	2	3	2	1	2	3	3	3	3	3	1	0	3	2	1	2	2	3	3	3	3	3	3	2	3	3	2	3	3	2	2	1	3	3	2	2	2	2	2	3	2	2	3	1	3	3	2	
0	3	3	3	3	2	2	3	1	3	3	3	3	3	4	3	0	2	2	3	2	3	3	2	2	2	3	2	3	3	1	3	2	2	3	2	4	2	2	1	3	2	3	3	3	2	3	3	2	2	3	
0	4	2	2	2	3	2	2	3	1	2	2	3	2	3	2	3	0	3	1	3	3	2	3	3	3	3	2	3	3	3	1	3	2	1	3	2	2	2	2	2	2	3	2	3	3	1	3	2	3	2	
0	2	2	3	3	3	3	1	2	3	3	2	3	4	3	2	3	3	0	1	3	3	3	3	3	3	3	2	2	3	2	4	3	2	3	3	2	3	2	2	2	3	3	3	3	2	2	3	3	3	3	
0	3	2	2	2	2	2	2	3	3	3	1	2	3	2	1	2	2	2	0	2	3	3	2	2	2	3	1	3	2	3	3	2	2	2	2	1	2	3	1	1	2	2	2	2	3	1	2	3	2	3	
0	3	2	2	2	1	2	3	3	1	2	1	3	2	3	2	2	2	2	1	0	3	2	3	3	3	3	1	3	2	2	3	2	2	3	3	2	3	2	2	2	3	2	2	3	2	2	1	3	2	1	
0	1	1	2	2	3	1	2	2	3	3	3	2	2	2	2	2	2	1	2	2	0	2	2	2	2	1	1	3	2	1	1	2	3	2	2	1	2	2	2	2	2	2	2	2	2	3	2	2	2	1	
0	2	2	3	2	1	2	2	2	1	2	2	1	2	3	2	3	3	2	2	3	1	0	3	3	3	2	2	3	2	2	2	3	2	3	2	2	3	2	2	3	3	1	2	3	3	1	3	3	3	2	
0	3	3	1	2	2	2	2	2	2	1	2	2	2	2	3	2	2	1	2	2	2	3	0	3	3	2	1	1	2	1	2	3	2	3	3	3	3	2	2	2	2	3	3	1	3	2	3	2	2	2	
0	4	3	2	1	2	2	2	2	3	3	2	2	2	3	2	2	2	2	3	3	3	3	3	0	3	2	3	1	3	2	2	2	2	3	3	3	3	2	2	2	2	3	1	1	3	3	2	2	2	1	
0	3	2	3	2	2	3	2	3	2	3	1	2	3	2	1	3	2	2	2	3	2	1	3	3	0	1	3	3	3	3	2	3	3	3	2	3	3	3	2	2	1	2	2	3	3	2	2	2	2	3	
0	2	2	2	2	3	2	3	2	2	3	3	3	3	3	3	3	3	2	3	2	1	3	3	3	3	0	2	4	3	2	2	3	3	2	1	2	3	2	2	3	3	1	3	3	2	3	1	3	3	2	
0	3	2	2	1	2	1	3	2	3	3	3	3	2	3	3	1	2	2	2	3	2	2	3	2	2	3	0	3	1	2	2	2	3	2	3	3	2	3	2	3	3	3	3	3	3	3	2	3	1	3	
0	4	2	2	3	2	3	2	3	2	3	1	3	2	3	3	3	1	2	2	2	3	2	2	3	2	3	3	0	3	2	2	2	2	2	3	2	2	3	1	1	3	2	2	2	3	2	3	3	3	3	
0	2	2	1	2	2	2	3	3	3	3	2	3	1	2	3	3	2	2	3	2	1	3	2	3	2	2	2	3	0	2	2	2	2	3	3	2	2	2	1	3	2	3	3	3	3	2	3	2	2	2	
0	4	2	3	2	2	1	3	2	3	3	3	2	2	3	3	3	2	2	2	3	3	2	4	2	3	2	3	2	2	0	2	2	3	3	3	3	2	1	3	2	1	3	3	3	3	3	3	2	1	2	
0	3	2	1	2	2	1	2	2	2	3	2	2	1	2	2	2	2	2	3	2	3	3	2	2	2	3	3	3	3	2	0	2	2	3	2	3	1	2	1	2	2	3	3	3	3	2	2	1	2	1	
0	3	3	3	2	2	3	1	3	2	3	2	3	3	3	3	2	1	2	2	1	2	3	4	1	3	1	2	2	2	3	2	0	1	2	2	2	3	2	3	2	3	2	2	2	1	1	2	2	2	2	
0	3	4	3	2	1	3	3	3	3	3	2	2	3	4	3	2	3	3	2	3	3	4	3	3	3	3	3	2	2	2	3	2	0	1	2	2	2	3	3	3	2	3	1	3	3	2	3	3	3	3	
0	3	3	3	3	2	2	4	3	2	3	3	3	3	3	3	3	4	3	3	2	4	3	3	3	2	3	3	3	3	3	2	3	1	0	2	3	1	3	2	2	3	3	2	3	4	3	3	3	4	2	
0	1	3	3	3	2	2	3	2	3	3	3	3	3	2	3	4	3	3	3	2	2	2	2	3	2	3	3	3	3	1	2	2	3	3	0	2	2	1	1	2	2	2	3	2	2	3	3	3	2	2	
0	3	2	1	2	3	2	3	3	2	2	2	1	2	3	3	2	2	3	2	3	3	3	3	3	3	2	1	2	2	2	3	3	2	1	2	0	2	2	2	3	2	3	1	3	2	2	3	3	2	2	
0	2	2	2	2	3	1	3	2	1	2	3	3	2	2	2	3	3	2	3	3	3	2	3	2	3	2	3	3	4	2	3	2	2	3	1	3	0	2	2	2	3	3	2	3	3	3	3	3	3	1	
0	3	2	2	3	2	3	3	3	2	2	3	2	2	3	2	3	2	2	2	2	2	1	4	3	2	2	3	2	3	3	3	2	2	2	3	2	3	0	3	1	3	2	2	2	3	2	3	3	3	1	
0	3	3	2	2	1	2	2	2	2	2	2	3	3	3	2	3	2	2	2	1	3	2	1	2	1	2	2	2	2	2	3	1	2	3	2	3	1	3	0	3	2	3	2	2	2	2	2	3	3	2	
0	4	1	2	2	2	3	2	2	2	2	2	2	3	3	2	2	2	3	1	1	3	2	3	3	1	2	2	2	3	2	2	3	1	1	3	1	2	2	2	0	2	1	1	1	3	2	2	2	2	2	
0	3	2	2	1	2	2	3	3	2	2	2	1	2	3	3	2	2	3	2	2	2	3	3	2	2	1	3	3	2	2	1	3	2	2	2	2	2	3	2	1	0	2	2	2	2	3	2	1	3	2	
0	4	4	4	3	2	3	3	1	3	4	3	3	3	4	4	3	2	2	3	4	3	3	5	2	4	2	2	3	3	4	3	3	2	3	3	4	2	4	4	3	2	0	3	3	2	3	3	2	3	3	
0	3	3	3	2	2	3	3	2	3	3	1	2	2	3	3	1	2	3	2	3	2	3	2	3	3	2	3	1	3	2	2	3	1	2	3	3	3	3	2	2	1	2	0	2	3	3	2	2	3	3	
0	3	3	2	2	1	2	1	3	2	3	2	2	2	3	3	2	1	2	2	2	3	2	2	2	2	2	3	3	2	1	1	2	2	2	2	3	2	2	1	2	2	3	3	0	2	2	3	1	1	2	
0	2	2	3	2	1	3	2	3	1	2	3	3	2	3	2	3	2	3	2	2	3	2	3	2	3	2	3	3	2	3	2	1	2	3	3	3	3	2	3	3	3	3	2	3	0	2	3	3	1	2	
0	3	3	3	2	3	2	1	3	3	3	3	3	3	2	4	2	3	2	3	2	3	3	3	3	3	3	1	4	2	3	3	3	2	3	3	3	3	2	2	2	2	3	3	3	2	0	2	3	2	3	
0	3	2	2	1	2	1	3	2	2	3	2	3	2	2	2	2	3	2	2	1	2	2	4	2	3	2	1	3	2	1	3	2	3	3	3	3	2	2	3	2	2	3	3	3	1	3	0	3	2	1	
0	3	3	2	2	1	2	2	2	2	2	1	1	1	2	3	1	1	3	2	2	2	2	3	1	3	3	2	2	2	2	1	3	2	2	2	3	2	3	2	3	2	2	2	2	3	2	3	0	2	2	
0	3	3	2	3	2	2	2	3	2	3	2	2	2	3	2	3	1	3	1	3	2	1	3	2	3	3	2	2	3	3	1	3	3	2	3	2	2	3	2	2	2	2	3	3	3	2	3	2	0	2	
0	3	2	1	2	2	2	2	3	3	2	3	3	1	2	1	3	2	1	2	2	3	3	4	2	2	2	3	2	3	2	3	1	2	2	2	2	3	2	3	1	2	2	2	2	2	2	2	3	2	0	
M1
0	0	0	0	0	0	0	0	0	0	0	0	0	0	0	0	0	0	0	0	0	0	0	0	0	0	0	0	0	0	0	0	0	0	0	0	0	0	0	0	0	0	0	0	0	0	0	0	0	0	0	
0	0	2	2	2	1	3	2	1	2	3	2	2	2	3	2	3	3	2	3	2	2	3	2	3	3	1	3	2	2	4	3	3	3	3	3	3	2	3	3	3	3	3	3	3	2	3	2	3	2	3	
0	3	0	3	2	2	2	2	2	2	2	3	1	2	2	2	2	3	1	2	2	2	1	3	1	3	2	2	2	2	3	2	2	3	2	1	1	2	2	3	3	2	1	2	2	2	2	2	2	3	3	
0	3	4	0	2	1	3	2	2	3	2	2	3	3	2	3	3	3	2	1	2	2	1	1	3	3	3	2	2	3	3	3	2	3	3	3	3	2	3	2	3	3	3	2	2	3	2	3	2	2	3	
0	2	3	3	0	3	3	3	2	2	3	1	3	2	2	2	2	1	2	3	3	3	3	3	2	4	3	3	2	2	2	3	3	3	2	3	3	2	3	1	2	3	2	1	3	3	2	3	2	3	2	
0	2	3	3	1	0	2	1	3	2	2	1	3	2	2	2	3	2	1	2	1	2	3	2	2	2	2	2	3	2	3	2	2	2	2	3	3	1	2	2	3	2	2	2	2	3	2	2	2	1	2	
0	4	3	2	2	3	0	2	3	3	4	3	3	3	2	3	1	3	4	3	2	2	3	3	4	3	3	4	4	4	2	3	3	3	2	4	2	4	3	3	4	3	3	3	3	4	4	3	3	3	4	
0	2	2	3	2	2	1	0	2	2	3	3	2	1	1	2	2	3	3	1	2	3	3	4	2	3	1	3	2	3	3	1	2	4	3	3	3	2	3	2	2	2	2	1	2	2	2	2	2	3	2	
0	3	3	2	2	3	2	1	0	1	3	3	2	2	2	2	3	3	3	2	3	3	2	3	3	2	2	3	1	2	3	2	3	2	3	3	2	3	2	2	3	3	2	2	3	3	2	2	3	2	3	
0	2	3	4	1	3	3	2	3	0	3	2	3	2	3	2	3	2	2	2	4	3	3	3	2	4	2	2	2	2	3	2	3	3	2	2	1	3	1	2	2	2	3	1	2	3	1	3	2	1	2	
0	2	3	3	2	2	3	2	3	3	0	3	2	2	2	2	2	3	1	3	3	2	3	3	2	3	2	2	3	2	3	2	1	2	2	3	1	3	2	3	2	2	1	3	2	2	2	2	2	3	2	
0	1	2	3	2	2	3	2	2	1	2	0	2	1	3	1	2	2	3	3	3	3	3	3	2	3	2	2	2	2	3	2	2	2	1	2	2	3	2	2	2	2	3	1	2	2	1	3	2	2	2	
0	2	3	2	1	2	2	1	2	3	1	2	0	2	1	2	1	2	1	1	1	2	2	3	2	2	2	2	2	1	3	1	2	3	2	3	1	1	2	2	2	2	2	1	2	3	2	2	2	3	2	
0	1	2	2	2	2	2	3	2	2	3	2	2	0	2	1	1	2	3	2	3	3	3	3	2	3	2	2	2	3	2	1	2	3	2	2	2	2	3	1	1	2	2	1	1	1	2	2	2	3	1	
0	2	2	3	1	3	2	1	3	2	2	2	1	2	0	3	2	2	2	2	1	2	3	3	3	2	1	3	2	2	3	2	3	3	3	3	2	2	3	2	3	1	3	2	3	2	3	2	2	3	3	
0	2	3	3	2	3	2	2	2	2	3	3	3	3	2	0	2	1	2	3	3	3	2	3	2	3	3	1	2	2	2	2	1	2	2	1	2	3	2	3	2	2	2	1	1	2	1	2	2	3	2	
0	3	2	1	1	2	2	2	2	3	3	2	3	2	3	2	0	2	3	2	3	3	2	2	3	3	2	3	3	3	3	3	2	2	1	3	1	3	2	2	3	2	3	2	2	3	3	3	2	2	3	
0	3	3	3	2	2	2	3	3	3	3	3	2	2	3	2	3	0	1	3	3	2	3	2	3	3	3	2	4	2	3	3	2	3	2	3	3	3	2	3	3	2	1	3	2	3	2	2	2	3	3	
0	2	2	2	1	2	2	2	2	2	2	2	3	1	2	2	2	2	0	3	3	1	2	2	2	3	2	1	3	1	2	2	1	2	1	3	2	2	2	2	2	1	1	2	1	2	2	1	2	2	2	
0	3	3	3	3	3	2	2	1	2	3	3	3	3	2	2	2	3	2	0	2	3	3	4	2	3	3	3	2	2	3	2	1	3	3	2	2	1	3	3	2	3	2	3	3	2	1	3	2	3	2	
0	2	3	2	2	3	3	2	2	3	3	2	2	3	2	2	3	3	3	3	0	1	2	2	2	1	2	3	2	2	2	2	3	2	3	2	2	2	2	3	2	2	2	1	3	2	3	1	1	3	2	
0	2	3	1	3	2	3	2	3	2	2	1	2	2	2	2	3	3	3	2	2	0	2	1	3	3	2	3	2	3	4	3	3	1	2	2	1	3	2	3	3	3	3	2	2	3	2	2	2	2	2	
0	3	3	4	2	3	2	3	2	2	1	3	3	2	2	2	3	3	2	3	3	3	0	4	2	3	2	1	1	2	2	2	1	2	3	2	2	3	2	2	2	2	2	1	2	2	1	2	2	3	2	
0	3	3	2	3	3	2	3	3	2	1	2	3	2	3	3	3	2	2	2	1	1	3	0	3	2	3	3	2	3	3	3	2	2	3	3	2	3	2	3	3	3	2	2	3	3	3	2	2	1	2	
0	2	2	3	2	2	2	2	1	1	2	2	1	3	2	3	2	3	2	2	2	3	2	4	0	3	1	2	2	2	2	2	3	3	3	1	2	2	2	3	3	3	2	2	1	2	2	2	3	2	3	
0	2	2	3	3	2	3	2	1	2	2	3	2	2	2	3	3	3	3	3	3	3	3	4	3	0	1	3	2	1	3	1	2	3	3	3	3	2	2	3	3	3	2	2	3	2	3	2	3	2	3	
0	1	1	3	3	2	3	3	2	3	3	2	2	2	3	2	3	3	2	3	3	2	2	3	2	3	0	2	1	3	3	3	3	3	3	2	2	2	3	2	3	2	2	2	3	1	3	1	3	3	3	
0	3	2	3	2	3	3	2	1	2	2	2	2	2	3	2	3	2	1	2	3	2	3	3	2	3	2	0	2	1	1	3	2	1	2	2	1	2	1	3	2	1	2	1	2	3	3	2	2	3	2	
0	2	2	3	3	2	3	3	2	3	3	3	3	1	2	1	2	2	3	2	3	2	2	3	3	3	1	2	0	2	2	2	2	3	2	2	2	2	2	1	2	2	1	2	2	2	2	1	2	3	2	
0	3	3	4	3	3	4	3	3	3	1	3	3	3	2	2	3	2	2	3	3	3	3	3	2	2	2	3	3	0	3	2	1	2	3	2	2	3	2	4	2	3	2	3	3	2	3	3	3	4	3	
0	2	3	3	3	2	3	3	2	2	3	1	2	2	3	2	3	1	2	1	3	2	3	3	3	3	3	3	3	3	0	2	2	3	2	3	2	2	3	3	3	3	1	2	3	3	2	3	2	3	3	
0	1	3	3	2	1	3	2	2	3	3	2	2	1	2	2	2	3	2	2	2	2	3	3	2	3	2	3	2	2	3	0	2	3	2	2	3	1	3	2	2	3	1	1	2	2	2	3	2	2	2	
0	2	2	3	2	2	3	2	2	2	3	2	2	2	1	1	3	2	3	2	2	2	3	3	1	2	2	2	3	3	3	1	0	3	2	2	1	2	2	3	1	2	1	2	2	1	2	3	2	3	3	
0	3	2	3	2	2	3	2	3	2	2	3	1	2	2	2	2	3	2	2	2	3	2	4	3	3	3	2	3	2	3	2	2	0	3	1	2	2	3	2	2	3	2	2	3	3	3	3	1	3	1	
0	3	1	3	2	3	2	1	3	3	3	2	2	2	2	3	2	2	2	2	3	3	2	3	2	2	2	3	3	3	3	2	3	2	0	2	2	3	2	3	3	1	2	2	3	3	3	3	2	1	2	
0	2	3	2	1	2	2	1	3	3	2	2	3	2	2	3	1	2	3	2	3	3	1	3	2	4	2	2	2	3	3	1	2	3	2	0	2	2	3	2	2	3	2	1	3	3	2	3	2	3	2	
0	2	2	3	2	3	2	1	3	2	3	3	3	2	2	1	3	2	3	2	3	3	2	4	3	3	1	2	2	3	3	2	2	3	1	2	0	2	1	3	3	2	2	2	1	2	2	2	1	2	3	
0	3	3	4	2	3	3	3	2	2	3	3	2	3	2	2	3	3	3	1	3	3	3	4	1	3	2	3	3	3	2	2	1	4	3	2	2	0	3	3	2	3	2	3	2	2	2	3	3	3	2	
0	2	3	3	3	3	3	2	3	3	4	3	3	1	3	2	2	2	3	3	3	4	4	4	3	4	2	2	3	3	3	2	3	2	3	3	3	3	0	2	2	3	3	2	2	2	3	3	3	2	2	
0	3	3	2	2	3	3	2	1	2	3	2	2	3	1	3	1	2	3	2	2	3	2	3	2	3	2	3	2	3	1	3	2	3	2	3	2	1	3	0	3	2	2	3	3	3	2	2	2	3	3	
0	3	2	3	2	3	3	2	3	3	2	3	1	3	2	3	2	3	2	2	2	3	3	4	3	3	3	2	3	2	3	2	3	2	1	3	2	2	3	3	0	2	3	2	2	3	3	3	3	2	3	
0	2	2	3	2	3	3	3	3	3	3	3	3	2	3	2	2	1	1	3	4	2	3	3	2	4	1	2	2	2	2	3	2	3	2	3	3	3	3	3	3	0	2	3	2	2	3	2	3	3	3	
0	3	2	2	2	1	3	2	3	3	2	2	3	3	2	1	3	2	2	3	2	1	2	2	2	2	3	2	3	2	3	2	1	2	1	2	2	2	2	3	2	2	0	2	2	2	1	3	1	2	2	
0	3	2	4	2	2	3	3	2	2	3	3	2	2	2	2	3	2	2	2	3	3	2	3	1	3	2	2	1	3	2	3	2	3	2	2	2	2	3	2	1	3	2	0	2	3	3	2	1	3	1	
0	3	3	3	2	2	1	3	4	1	3	3	4	2	3	2	2	3	3	3	3	2	3	3	3	3	3	3	3	3	2	3	2	3	2	3	2	3	2	3	3	3	1	2	0	2	2	4	2	2	3	
0	2	2	4	2	1	2	2	2	2	3	1	2	2	3	2	3	2	2	3	2	3	3	3	1	2	2	3	2	3	3	3	3	3	2	2	1	2	2	3	2	1	3	1	2	0	2	2	2	2	2	
0	2	2	3	2	2	3	2	3	3	2	3	3	2	2	2	2	3	3	2	3	3	2	4	3	3	2	2	3	1	2	1	2	3	2	1	1	2	2	2	2	3	2	2	2	3	0	3	2	2	1	
0	3	3	2	3	3	3	3	2	2	2	2	3	3	3	3	3	2	2	2	3	1	1	2	2	4	2	2	2	3	3	3	2	2	3	3	2	1	3	3	3	1	3	2	3	3	2	0	3	3	3	
0	3	3	3	1	3	3	2	3	3	2	2	2	3	1	3	2	2	3	2	2	3	1	4	2	3	2	2	2	3	3	2	2	3	3	1	3	1	3	2	3	2	3	2	3	3	2	3	0	4	3	
0	3	2	3	2	2	3	3	2	2	3	3	3	2	2	3	3	3	1	1	3	2	3	2	2	3	3	2	2	2	3	3	2	3	2	3	3	2	1	2	2	2	2	1	2	3	2	2	2	0	1	
0	3	1	3	2	1	3	2	2	3	3	2	2	3	1	2	2	3	2	1	2	2	2	3	2	2	2	1	3	2	2	2	1	2	2	2	2	2	2	1	1	2	1	2	3	2	2	3	1	2	0	
M2
0	0	0	0	0	0	0	0	0	0	0	0	0	0	0	0	0	0	0	0	0	0	0	0	0	0	0	0	0	0	0	0	0	0	0	0	0	0	0	0	0	0	0	0	0	0	0	0	0	0	0	
0	0	1	1	1	3	2	2	2	1	2	2	2	3	2	3	2	2	2	2	2	2	2	2	2	2	2	3	3	2	1	2	2	2	2	2	2	1	2	1	2	3	2	3	1	2	2	3	2	3	2	
0	2	0	3	3	2	3	2	2	2	1	3	1	3	1	3	2	3	1	2	2	2	2	1	1	2	2	2	2	2	3	2	1	2	2	1	2	2	2	1	4	2	2	2	2	2	3	2	2	3	3	
0	3	3	0	4	3	3	2	3	1	3	3	2	3	3	3	3	2	3	3	2	2	2	3	3	3	2	3	4	2	3	3	4	2	2	1	4	2	4	4	5	2	3	3	3	2	3	3	1	3	3	
0	3	3	3	0	3	3	3	1	2	1	2	4	3	2	3	1	3	2	2	1	2	2	2	2	2	2	3	3	2	3	2	1	2	2	2	2	2	1	2	2	2	3	2	2	3	2	3	3	2	1	
0	3	2	1	2	0	2	3	1	2	2	3	2	3	2	3	2	3	3	2	3	2	2	2	3	2	1	3	3	2	1	2	3	2	2	2	2	3	3	2	3	3	3	2	3	1	3	2	2	2	2	
0	3	2	2	3	4	0	2	3	3	2	3	3	2	2	2	3	3	3	3	3	3	1	3	3	2	4	2	2	1	2	3	3	3	3	3	2	3	3	2	4	2	3	3	3	4	2	1	3	2	3	
0	1	2	1	2	3	1	0	2	2	2	3	3	2	2	1	2	3	3	2	2	2	2	3	3	2	2	2	3	1	2	3	3	3	1	2	3	2	3	2	3	3	1	2	1	3	1	2	2	2	2	
0	3	3	2	1	3	3	2	0	2	2	3	3	3	2	2	2	3	2	3	2	1	3	2	3	2	3	3	3	1	3	1	2	2	3	2	2	3	2	1	2	2	2	2	2	3	2	3	3	1	1	
0	3	2	2	3	2	3	3	3	0	3	4	3	3	2	2	3	3	2	2	3	3	3	2	3	2	3	2	3	1	3	2	3	1	3	2	3	4	3	3	4	4	3	3	3	1	2	3	3	2	2	
0	2	2	2	3	2	3	2	3	2	0	2	3	2	2	3	3	3	1	1	2	2	1	2	1	1	2	3	3	2	3	2	1	2	2	1	1	2	2	2	4	2	2	1	1	3	3	2	2	3	2	
0	2	2	3	2	3	2	3	2	3	3	0	3	1	2	2	3	4	3	2	2	3	3	2	2	2	3	2	3	1	1	3	3	3	2	2	2	2	1	2	4	2	2	1	3	4	1	3	2	3	2	
0	2	2	3	3	2	3	3	3	1	2	2	0	2	3	3	2	2	3	2	2	2	2	2	1	3	3	3	3	2	3	2	2	2	2	3	2	1	3	2	4	2	1	2	3	1	2	3	3	3	3	
0	2	2	3	3	3	1	3	2	2	3	4	3	0	3	3	3	4	2	3	2	3	2	2	2	1	2	2	3	2	3	3	3	3	1	3	3	3	1	1	4	2	3	3	2	3	3	2	3	3	2	
0	3	2	2	3	3	3	2	3	2	1	3	3	3	0	3	2	3	1	2	1	2	2	2	2	2	2	1	2	2	3	1	2	1	3	2	2	3	2	2	4	2	1	2	2	2	2	3	2	2	2	
0	3	1	1	3	3	2	2	3	2	2	3	2	1	2	0	1	2	2	3	2	2	2	2	2	2	2	3	3	1	2	3	2	2	2	1	3	2	2	2	4	2	1	3	3	3	2	1	2	2	3	
0	2	2	2	3	4	3	3	3	3	2	2	3	3	2	3	0	3	2	2	3	2	2	3	3	2	2	3	3	1	3	2	1	1	2	2	3	1	3	1	4	3	2	3	2	2	1	3	3	2	2	
0	2	2	1	3	2	2	2	3	2	2	3	1	1	2	2	3	0	1	1	2	3	2	2	2	1	2	3	3	2	2	3	2	3	2	2	3	2	2	2	3	2	2	1	2	2	1	1	1	2	2	
0	3	3	3	3	3	3	2	2	2	2	3	2	3	3	2	2	2	0	3	1	2	2	1	2	2	2	3	2	2	3	2	1	3	2	2	2	2	1	3	4	2	1	2	3	3	2	2	1	3	3	
0	3	2	2	2	3	2	3	2	1	3	4	3	1	2	3	3	4	3	0	2	2	1	2	3	2	2	2	3	2	3	2	1	2	1	3	4	3	2	2	4	2	3	3	3	2	2	2	3	3	3	
0	2	2	2	3	3	2	2	2	1	3	4	3	2	3	3	2	3	2	3	0	2	2	1	3	1	2	3	2	2	3	3	3	2	3	3	3	3	2	3	4	1	3	2	3	2	3	2	2	3	2	
0	2	2	1	3	2	3	2	2	1	3	3	3	2	3	1	2	3	2	3	2	0	3	1	3	3	2	3	2	2	3	3	3	1	3	1	3	3	3	3	4	1	2	2	3	2	3	2	2	2	2	
0	3	1	1	3	3	3	2	3	2	2	3	2	2	1	2	3	3	2	3	2	2	0	2	2	3	3	2	2	2	2	2	2	2	3	2	3	2	3	2	3	1	2	3	3	3	2	1	2	2	3	
0	3	3	2	2	3	3	2	1	1	2	3	2	2	2	2	1	2	3	2	3	1	3	0	3	2	1	3	1	2	2	2	2	2	2	2	3	2	3	2	3	2	3	1	3	2	2	1	2	2	2	
0	1	2	2	2	1	3	3	2	2	3	3	3	2	2	3	3	3	2	3	2	2	2	3	0	2	2	3	3	1	2	2	1	1	2	2	3	2	3	1	3	1	3	3	2	2	2	3	3	2	2	
0	1	1	2	2	3	3	3	2	2	2	3	2	3	2	4	3	3	2	3	2	3	3	2	2	0	2	3	3	3	2	3	2	3	2	2	2	2	1	2	3	2	3	3	2	3	3	3	3	3	1	
0	3	3	3	2	3	3	2	3	2	2	3	2	2	2	2	1	4	3	1	2	3	2	3	2	3	0	3	4	2	2	3	2	2	2	2	2	2	3	2	3	2	3	3	3	3	2	1	1	2	3	
0	3	2	2	3	3	3	2	3	2	3	3	3	3	2	2	2	4	3	3	3	1	1	2	3	3	2	0	3	3	3	1	3	2	2	1	3	2	2	2	4	2	2	1	3	3	2	2	2	3	3	
0	3	3	2	2	3	3	2	1	2	1	3	1	2	2	2	3	1	2	2	3	2	2	3	2	2	3	3	0	2	2	2	2	3	3	2	2	2	3	2	3	2	2	2	2	2	2	1	2	2	2	
0	2	2	3	2	4	4	3	3	3	2	4	3	3	1	4	3	4	2	2	2	3	3	3	3	1	3	2	3	0	3	2	3	2	2	2	3	3	2	3	4	3	2	3	3	3	1	3	3	3	2	
0	3	2	3	1	4	1	2	2	2	2	2	2	2	1	3	2	3	2	2	2	3	2	3	3	2	3	2	2	1	0	2	2	2	3	3	1	3	2	3	3	3	2	3	3	3	2	2	3	3	1	
0	2	2	2	2	3	2	1	3	1	2	3	3	3	1	2	3	4	2	2	2	3	3	2	2	2	3	2	3	2	2	0	3	2	2	2	3	2	3	2	4	3	2	1	2	2	1	3	2	2	2	
0	2	2	2	2	4	3	2	2	2	3	3	3	3	2	3	2	4	2	2	2	3	1	3	3	1	1	2	3	2	3	1	0	3	1	3	3	2	2	3	4	2	2	2	2	3	2	2	2	2	2	
0	3	2	1	3	3	2	2	3	2	3	3	3	3	2	3	3	2	1	2	2	2	3	2	2	2	2	3	3	1	4	2	2	0	3	1	2	3	2	2	3	3	2	2	2	1	2	3	2	1	1	
0	3	1	3	2	3	3	2	1	2	2	4	2	2	2	2	3	4	2	3	1	2	2	2	2	2	3	1	3	2	2	2	2	3	0	2	3	3	3	2	3	2	3	2	3	3	3	1	3	2	2	
0	2	3	2	3	2	2	1	3	2	3	2	2	3	3	2	2	4	3	2	2	1	2	2	3	3	1	3	3	2	3	3	3	2	2	0	3	2	3	3	4	2	2	3	2	3	2	2	1	3	3	
0	3	3	3	3	3	3	3	3	1	2	1	4	2	3	3	2	3	3	2	3	2	2	3	3	3	4	3	4	2	2	3	3	2	3	3	0	3	2	3	5	3	1	2	3	2	2	2	3	3	3	
0	1	2	2	2	3	3	2	2	2	1	1	3	2	2	2	2	3	2	1	2	1	1	2	2	2	2	2	2	2	2	1	2	2	1	2	2	0	2	2	3	2	1	2	2	3	1	2	3	3	2	
0	2	2	3	2	2	3	3	1	2	3	4	3	2	3	3	2	3	3	3	1	2	3	1	1	2	2	2	2	2	2	2	2	2	1	3	3	3	0	2	3	1	2	2	3	3	3	2	3	2	2	
0	3	2	3	4	3	3	2	3	2	3	4	3	3	3	2	2	3	1	3	2	3	3	2	3	2	2	2	2	3	3	3	2	3	3	3	3	3	2	0	5	2	2	2	1	2	2	3	2	4	3	
0	2	1	2	2	2	3	3	2	2	2	3	2	2	2	1	2	3	2	2	2	1	3	2	2	1	3	3	3	2	3	3	2	1	2	2	2	3	1	2	0	2	2	3	3	2	1	2	2	2	1	
0	3	3	2	3	3	2	3	2	2	3	4	4	1	2	2	3	3	2	3	1	1	3	2	3	2	3	3	3	1	4	3	3	1	2	2	3	4	2	2	4	0	3	3	3	2	2	3	3	2	2	
0	3	3	2	4	3	3	2	3	2	1	3	3	3	3	2	1	2	2	2	3	1	2	2	2	2	3	4	3	2	3	3	2	2	3	2	2	2	3	2	5	2	0	2	2	3	2	2	3	3	3	
0	2	2	3	2	4	3	2	2	2	2	2	2	3	3	3	2	3	2	2	2	2	2	1	3	3	2	2	2	2	3	2	3	3	1	2	3	1	3	1	4	2	2	0	2	3	2	2	1	2	3	
0	2	1	2	3	3	2	1	3	1	2	3	2	3	2	2	2	2	2	2	3	3	2	2	2	1	1	3	3	2	2	3	2	2	2	2	3	3	2	1	4	3	2	3	0	2	2	2	2	3	2	
0	3	1	3	3	3	3	2	2	2	2	3	2	2	2	3	2	3	2	1	3	2	2	1	2	2	2	2	2	1	3	1	2	3	2	2	2	3	3	2	4	3	3	2	3	0	2	2	2	3	3	
0	2	1	3	3	3	3	2	3	2	2	3	2	2	2	3	3	3	2	1	3	2	2	2	2	1	2	3	3	3	3	2	2	3	2	1	2	2	2	2	4	2	3	3	3	3	0	3	2	4	1	
0	2	2	2	2	3	2	1	3	3	1	3	3	1	1	1	2	3	2	2	2	2	2	3	2	2	3	2	3	2	1	2	2	2	2	2	2	3	2	1	3	1	2	2	2	3	2	0	3	1	2	
0	2	2	2	3	3	3	2	3	2	2	2	1	2	2	3	3	3	3	2	2	2	1	3	2	2	2	3	3	1	3	2	3	2	2	1	3	1	3	3	4	1	2	3	3	2	2	2	0	3	3	
0	3	2	1	3	2	3	2	2	2	3	4	2	2	3	3	3	3	3	3	3	2	3	3	2	2	2	4	4	3	3	3	3	3	3	2	4	3	3	2	2	3	3	4	1	3	3	3	2	0	3	
0	3	3	3	4	4	4	3	4	2	2	2	3	3	1	4	3	2	2	3	2	3	3	3	3	3	3	2	3	3	3	2	3	2	4	3	1	4	3	3	3	3	2	3	3	3	3	3	3	3	0	
M3
0	0	0	0	0	0	0	0	0	0	0	0	0	0	0	0	0	0	0	0	0	0	0	0	0	0	0	0	0	0	0	0	0	0	0	0	0	0	0	0	0	0	0	0	0	0	0	0	0	0	0	
0	0	3	2	2	2	2	2	3	2	3	2	3	2	1	3	2	2	3	2	3	2	3	3	3	1	2	3	3	1	3	1	1	3	3	2	2	1	2	3	2	2	2	2	2	2	2	2	3	1	2	
0	2	0	3	2	2	2	3	2	3	2	2	2	3	2	3	2	2	1	2	3	2	2	1	2	2	2	1	2	3	1	3	2	1	3	3	3	3	1	2	2	2	1	2	3	2	2	2	1	3	2	
0	3	2	0	3	2	2	2	2	2	3	2	2	3	1	3	3	2	2	3	2	2	2	2	3	3	2	2	2	3	1	2	1	3	1	3	2	2	2	2	2	3	2	1	2	1	2	2	3	3	3	
0	2	3	2	0	2	2	2	2	1	1	3	2	2	1	2	3	2	2	3	3	2	1	3	1	3	2	3	2	1	3	3	3	2	2	1	2	3	3	2	3	2	2	2	2	2	2	1	3	2	3	
0	3	2	3	2	0	3	2	3	3	1	1	2	3	3	2	2	2	1	2	1	2	2	3	2	1	1	2	2	3	2	2	2	2	3	2	2	2	2	3	2	3	2	1	3	3	2	3	2	2	1	
0	2	3	2	2	2	0	2	3	1	1	2	2	1	2	1	3	1	2	3	2	2	2	3	1	3	2	3	2	3	3	3	2	2	2	1	2	2	1	2	2	3	1	2	2	2	3	1	3	2	2	
0	3	2	1	2	3	2	0	2	3	3	2	2	1	2	3	2	3	2	3	2	2	3	2	3	2	2	2	3	3	2	2	1	3	1	3	2	1	2	2	2	3	2	2	1	1	2	2	2	2	3	
0	2	2	4	3	3	2	3	0	3	2	3	2	3	3	2	3	2	2	3	2	2	3	3	2	3	3	2	3	2	3	2	3	2	2	3	3	2	1	2	3	1	2	2	3	1	3	3	3	3	3	
0	3	2	3	1	3	3	2	3	0	2	3	3	3	1	3	4	2	3	3	2	3	2	3	2	3	2	2	3	2	2	4	3	3	3	2	2	3	3	3	2	3	2	1	1	3	2	2	2	3	3	
0	2	3	3	3	2	3	2	3	2	0	2	1	2	3	1	3	2	2	3	3	2	3	3	1	2	3	3	1	3	2	2	2	2	2	3	3	3	3	3	2	3	1	3	2	3	3	3	3	2	2	
0	2	3	3	1	2	2	2	2	2	2	0	2	2	2	2	3	3	2	3	3	1	2	2	2	3	3	1	3	2	1	3	3	2	2	2	3	3	1	3	2	3	3	2	2	2	1	2	3	3	3	
0	1	3	3	2	1	3	3	2	2	2	2	0	2	2	3	3	3	2	2	2	3	3	3	3	2	2	3	3	2	3	2	2	2	3	3	3	2	3	2	1	2	3	2	2	3	2	2	3	2	2	
0	3	2	3	1	3	2	2	2	2	2	3	3	0	2	3	2	3	1	2	2	1	2	2	2	2	2	2	3	2	2	2	2	3	3	2	1	1	3	3	2	3	2	2	1	1	2	2	2	2	2	
0	3	3	2	2	3	3	1	2	3	2	2	3	2	0	3	3	2	3	2	2	3	2	2	3	2	1	3	2	3	3	3	2	2	2	3	1	2	3	3	3	3	1	3	2	2	3	3	3	3	2	
0	2	3	2	2	2	3	1	3	2	3	2	3	1	3	0	3	1	2	3	3	2	3	3	2	3	2	3	3	3	2	2	2	2	2	3	2	2	3	3	3	4	3	3	2	2	3	3	3	1	2	
0	2	3	3	3	2	3	3	2	3	1	3	1	2	3	2	0	3	2	3	3	2	3	3	1	2	3	1	2	3	3	3	3	2	2	4	3	3	1	3	2	3	2	2	3	2	3	2	3	2	3	
0	1	3	2	2	1	3	1	2	1	2	2	3	2	2	3	3	0	2	3	2	3	2	3	3	2	2	2	3	2	3	2	2	2	2	2	2	2	3	3	3	3	3	2	2	2	3	3	2	2	2	
0	3	3	4	3	3	3	3	2	3	2	4	2	3	2	3	1	2	0	1	2	3	1	2	2	3	2	2	3	3	4	2	4	2	3	2	2	3	2	2	2	2	3	3	3	2	2	3	1	3	2	
0	2	2	3	2	2	2	2	2	2	2	3	3	2	2	3	3	1	3	0	2	2	1	1	3	2	3	2	2	3	3	2	3	2	2	2	1	2	2	3	3	3	2	2	2	1	1	3	3	3	1	
0	3	1	3	3	1	2	3	3	3	2	2	3	2	3	3	3	3	2	3	0	1	3	2	3	2	2	2	2	3	2	2	3	2	3	2	3	3	2	3	3	3	2	2	2	3	3	3	2	1	2	
0	3	3	3	2	2	1	2	3	2	2	2	2	2	3	2	4	2	3	4	3	0	3	2	2	3	3	3	3	3	1	4	3	3	3	2	3	3	2	3	3	4	2	3	3	3	3	2	4	3	3	
0	2	3	3	3	3	4	2	2	4	3	3	3	3	1	3	3	3	3	3	3	3	0	3	2	2	2	3	3	3	4	3	3	3	3	1	2	3	3	2	2	3	2	4	2	3	3	2	3	3	3	
0	3	4	2	1	2	3	2	3	2	2	3	2	3	1	3	3	3	3	3	3	3	2	0	2	2	2	3	1	2	2	2	3	2	2	2	2	2	2	3	3	3	2	3	3	3	2	2	4	3	1	
0	3	3	3	2	3	2	2	2	3	3	2	2	1	3	1	2	2	1	2	3	1	2	2	0	3	3	2	3	3	2	3	3	1	1	3	2	2	2	2	3	3	3	2	2	2	3	3	2	2	2	
0	3	3	2	1	3	2	3	3	2	2	2	3	2	2	3	3	3	3	3	3	3	2	2	2	0	3	3	2	2	3	2	1	3	3	2	3	3	2	3	2	3	2	2	3	3	3	2	4	1	2	
0	3	2	4	3	2	3	3	3	3	3	3	4	3	2	4	3	2	3	1	1	2	1	2	3	3	0	3	3	4	3	3	4	3	3	2	2	3	3	2	3	3	3	3	3	2	2	3	3	2	2	
0	3	3	4	3	3	3	3	1	3	3	3	3	2	4	2	2	2	2	3	3	2	3	3	1	4	4	0	3	3	3	3	3	2	2	4	3	3	2	3	4	2	2	3	3	2	4	4	3	3	3	
0	3	3	3	2	2	2	3	3	3	1	2	2	3	3	2	2	2	3	2	3	2	3	2	2	1	3	2	0	2	1	1	2	2	1	2	3	3	3	2	3	3	2	2	2	2	3	2	3	2	3	
0	2	3	3	2	2	1	2	2	1	2	3	3	2	2	2	3	1	2	3	2	1	3	3	2	3	3	2	2	0	2	3	3	2	2	2	2	3	2	3	2	1	2	1	1	3	1	2	2	3	3	
0	2	2	2	2	1	1	3	2	2	2	1	1	2	2	2	3	2	2	3	2	1	3	1	2	2	2	2	2	2	0	3	2	2	2	2	3	3	2	3	2	3	2	2	3	2	2	1	3	3	2	
0	2	2	3	1	1	2	2	3	2	2	2	2	2	2	3	1	1	2	1	2	2	2	2	2	2	2	2	2	1	3	0	2	3	3	1	2	2	2	2	3	2	1	2	2	1	2	2	3	3	2	
0	2	3	1	2	2	1	3	2	2	2	2	3	2	2	2	3	2	2	3	3	3	3	2	2	2	3	3	2	2	2	2	0	2	2	2	3	3	1	3	1	2	1	2	3	2	2	2	3	3	2	
0	2	3	4	3	2	2	3	1	3	2	3	2	2	3	2	1	3	2	3	3	2	2	2	1	3	2	2	2	3	3	2	3	0	2	3	3	2	2	1	3	2	3	3	3	2	4	3	3	3	1	
0	2	2	3	2	2	3	2	2	3	3	1	1	3	2	3	2	2	3	3	2	2	3	1	2	3	3	1	2	3	2	3	3	3	0	3	2	3	2	1	2	2	3	1	1	3	2	3	2	3	2	
0	1	3	2	3	2	3	3	3	3	2	2	3	2	2	2	2	2	2	3	2	2	3	3	1	2	2	2	2	2	3	2	2	2	2	0	3	2	3	1	3	2	1	3	1	2	2	1	2	2	2	
0	3	3	3	1	3	2	2	1	2	2	2	2	1	1	3	3	2	2	3	3	2	2	1	2	1	2	3	2	2	3	2	2	2	3	2	0	2	2	3	3	2	1	3	2	2	3	2	3	2	1	
0	3	3	2	2	2	2	1	3	3	2	2	2	2	3	3	1	2	3	2	2	2	2	3	2	3	1	2	3	2	3	1	1	2	2	2	3	0	2	3	2	3	2	3	2	2	3	1	3	1	2	
0	1	2	3	2	2	3	2	2	3	3	3	3	2	2	3	2	2	1	2	2	2	2	3	2	2	3	3	3	2	2	2	2	1	3	3	2	2	0	2	2	3	3	1	3	1	2	3	2	2	2	
0	1	3	3	3	1	2	3	3	3	2	2	2	3	2	3	1	3	2	2	2	2	3	2	2	2	2	2	1	2	2	2	2	3	2	3	3	2	2	0	2	1	2	2	3	3	3	3	3	2	2	
0	3	3	3	1	1	2	2	1	2	2	2	3	1	2	3	2	3	2	3	2	2	2	3	2	2	2	2	3	2	3	3	3	2	2	2	2	2	2	3	0	1	2	2	2	2	1	2	2	3	2	
0	3	3	3	3	3	1	3	3	2	1	2	2	2	3	2	2	2	1	2	3	2	2	2	1	3	3	2	2	1	3	3	2	2	1	2	3	3	2	2	3	0	1	2	2	3	2	2	2	3	2	
0	2	3	2	2	2	2	2	3	2	1	1	2	3	3	2	2	1	3	3	2	2	2	3	2	2	3	2	1	3	2	2	1	2	2	3	3	2	2	3	2	3	0	3	3	3	2	3	3	3	1	
0	2	3	2	2	2	2	1	2	2	2	2	2	2	2	3	3	1	3	4	3	2	3	2	3	2	3	2	3	3	1	3	2	2	2	3	1	2	3	3	1	2	2	0	2	2	1	2	3	3	2	
0	3	2	3	3	2	2	2	2	3	2	3	3	2	2	3	3	3	3	3	1	2	3	2	2	3	2	1	3	3	3	3	3	2	2	3	3	3	2	3	2	2	3	3	0	3	1	3	1	2	3	
0	3	1	3	2	2	2	2	3	2	3	3	3	3	3	3	2	2	2	2	1	1	3	2	3	3	2	2	3	2	2	1	2	2	3	2	2	1	2	3	2	3	2	1	3	0	2	2	2	2	2	
0	3	3	2	2	2	1	1	2	2	1	2	2	1	1	2	2	2	2	3	2	2	3	2	2	3	2	1	2	3	2	3	2	1	1	2	2	2	2	2	3	3	2	2	1	2	0	2	2	3	2	
0	3	2	1	3	3	2	2	3	3	3	2	2	3	2	3	3	2	3	2	2	2	2	2	3	2	1	2	3	3	2	2	2	3	1	2	3	2	3	2	3	3	3	2	2	1	3	0	3	3	3	
0	2	3	3	2	2	2	2	2	3	2	3	3	2	2	3	2	3	2	2	2	3	2	2	2	3	1	2	2	2	3	3	3	1	2	3	3	3	1	2	1	1	2	2	2	2	1	3	0	3	2	
0	3	3	4	2	2	3	3	3	3	3	1	3	1	3	2	2	2	2	2	2	2	2	2	3	3	3	2	3	2	2	1	3	2	3	2	2	2	2	3	3	3	2	3	2	2	2	3	3	0	1	
0	2	3	3	2	2	3	2	2	3	3	3	3	2	2	3	2	2	2	2	3	3	1	3	2	3	2	3	3	2	3	1	2	1	3	2	3	1	1	2	3	3	2	2	3	2	3	2	3	2	0	
Tamanho_Tarefas
0	11	16	24	6	13	15	3	33	2	25	23	40	15	31	35	29	2	17	17	19	9	26	16	22	13	10	17	25	11	14	13	35	2	30	22	13	5	20	16	23	27	28	7	26	20	6	15	8	20	7	
Data_Entrega
0	225	235	242	212	210	240	175	199	234	221	215	192	258	231	197	260	238	238	181	224	264	245	264	211	192	246	261	206	183	247	175	223	174	219	180	262	199	182	241	234	178	231	246	178	191	264	241	237	225	236	
Penalidade_Atraso
0	1	10	2	18	13	18	6	19	3	18	16	12	11	20	16	20	9	9	8	7	4	2	4	12	15	7	12	17	13	13	1	3	12	10	10	18	5	8	17	20	14	9	7	5	14	18	13	10	19	9	
Capacidade_Veiculo
48	83	118	109	71	103	72	100	99	43	71	77	63	61	
Custo_Fixo_Veiculo
480	830	1180	1090	710	1030	720	1000	990	430	710	770	630	610	
Coordenadas_Clientes
x	0	y	0
x	87	y	0
x	96	y	12
x	94	y	24
x	77	y	30
x	71	y	39
x	86	y	62
x	54	y	51
x	50	y	61
x	46	y	72
x	36	y	76
x	33	y	102
x	17	y	94
x	5	y	82
x	-7	y	117
x	-15	y	81
x	-34	y	107
x	-41	y	87
x	-64	y	101
x	-68	y	83
x	-64	y	60
x	-60	y	44
x	-70	y	39
x	-96	y	38
x	-112	y	28
x	-79	y	10
x	-76	y	0
x	-111	y	-14
x	-72	y	-18
x	-81	y	-32
x	-68	y	-37
x	-94	y	-68
x	-57	y	-54
x	-73	y	-88
x	-64	y	-101
x	-32	y	-69
x	-28	y	-88
x	-16	y	-84
x	-7	y	-112
x	6	y	-96
x	17	y	-93
x	26	y	-81
x	44	y	-95
x	62	y	-98
x	63	y	-76
x	74	y	-69
x	66	y	-48
x	91	y	-50
x	91	y	-36
x	120	y	-30
x	83	y	-10
Tempo_Viagem
0	87	96	97	82	81	106	74	78	85	84	107	95	82	117	82	112	96	119	107	87	74	80	103	115	79	76	111	74	87	77	116	78	114	119	76	92	85	112	96	94	85	104	115	98	101	81	103	97	123	83	
87	0	15	25	31	41	62	60	70	81	90	113	116	115	149	130	161	154	180	175	162	153	161	186	200	166	163	198	160	171	159	192	153	182	181	137	144	132	145	125	116	101	102	100	78	69	51	50	36	44	10	
96	15	0	12	26	36	50	56	66	77	86	109	112	113	145	130	159	156	182	178	167	159	168	193	208	175	172	207	170	182	171	205	166	196	195	151	159	147	160	140	131	116	117	114	93	83	66	62	48	48	25	
97	25	12	0	18	27	38	47	57	67	77	99	103	104	136	122	150	148	174	172	162	155	164	190	206	173	171	208	171	183	173	208	169	201	201	156	165	154	168	148	140	125	127	125	103	94	76	74	60	59	35	
82	31	26	18	0	10	33	30	40	51	60	83	86	87	119	105	133	131	157	154	144	137	147	173	189	157	155	192	156	169	159	197	158	190	192	147	157	147	164	144	136	122	129	128	106	99	78	80	67	73	40	
81	41	36	27	10	0	27	20	30	41	50	73	76	77	109	95	123	121	147	145	136	131	141	167	183	152	152	189	153	167	158	196	158	192	194	149	161	150	169	149	142	128	136	137	115	108	87	90	77	83	50	
106	62	50	38	33	27	0	33	36	41	51	66	76	82	108	102	127	128	153	155	150	147	157	183	200	172	172	209	176	191	183	222	184	218	221	176	188	177	196	176	169	155	162	161	139	131	111	112	98	97	72	
74	60	56	47	30	20	33	0	10	21	30	53	56	57	89	75	103	101	127	126	118	114	124	150	167	139	139	176	143	158	150	189	152	188	192	147	161	152	174	154	148	134	146	149	127	121	99	107	94	103	67	
78	70	66	57	40	30	36	10	0	11	20	43	46	49	79	68	95	94	120	120	114	111	122	147	165	138	139	176	145	160	153	193	156	192	197	153	168	159	182	163	157	144	156	159	137	131	109	117	104	113	77	
85	81	77	67	51	41	41	21	11	0	10	32	36	41	69	61	86	87	112	114	110	109	120	145	163	139	141	178	148	164	157	197	162	199	204	161	176	167	191	172	167	154	167	170	148	142	120	128	115	124	88	
84	90	86	77	60	50	51	30	20	10	0	26	26	31	59	51	76	77	102	104	101	101	112	137	155	132	135	172	143	159	153	193	159	196	203	160	176	168	192	174	170	157	171	175	154	149	127	137	124	133	97	
107	113	109	99	83	73	66	53	43	32	26	0	17	33	42	51	67	75	97	102	104	108	119	142	160	143	148	183	159	175	171	211	180	217	224	182	199	192	217	199	195	183	197	201	180	174	152	160	147	156	120	
95	116	112	103	86	76	76	56	46	36	26	17	0	16	33	34	52	58	81	85	87	91	102	125	143	126	131	166	142	158	155	195	165	202	211	170	187	180	207	190	187	175	190	197	176	172	150	161	149	159	123	
82	115	113	104	87	77	82	57	49	41	31	33	16	0	37	20	46	46	71	73	72	75	86	110	128	110	115	150	126	142	139	179	149	186	195	155	173	167	194	178	175	164	181	188	168	165	143	157	146	159	120	
117	149	145	136	119	109	108	89	79	69	59	42	33	37	0	36	28	45	58	69	80	90	100	118	136	128	135	167	149	165	165	203	177	214	224	186	205	201	229	213	211	200	218	225	205	202	180	193	181	192	155	
82	130	130	122	105	95	102	75	68	61	51	51	34	20	36	0	32	26	52	53	53	58	69	91	109	95	101	135	114	130	129	168	141	178	188	150	169	165	193	178	176	167	185	194	175	174	152	168	157	174	133	
112	161	159	150	133	123	127	103	95	86	76	67	52	46	28	32	0	21	30	41	55	68	76	92	110	106	114	142	130	146	147	184	162	198	209	176	195	191	220	206	206	197	216	226	207	206	184	200	189	205	165	
96	154	156	148	131	121	128	101	94	87	77	75	58	46	45	26	21	0	26	27	35	47	56	73	91	85	93	122	109	125	126	163	141	177	188	156	175	172	201	188	189	180	200	211	193	193	172	190	180	198	157	
119	180	182	174	157	147	153	127	120	112	102	97	81	71	58	52	30	26	0	18	41	57	62	70	87	91	101	124	119	133	138	170	155	189	202	172	191	191	220	209	210	203	223	234	217	218	197	216	206	224	183	
107	175	178	172	154	145	155	126	120	114	104	102	85	73	69	53	41	27	18	0	23	39	44	53	70	73	83	106	101	115	120	152	137	171	184	155	174	174	203	193	195	189	210	222	205	208	187	207	198	219	177	
87	162	167	162	144	136	150	118	114	110	101	104	87	72	80	53	55	35	41	23	0	16	21	38	56	51	60	87	78	92	97	130	114	148	161	132	151	151	180	170	173	167	188	202	185	188	168	190	182	204	162	
74	153	159	155	137	131	147	114	111	109	101	108	91	75	90	58	68	47	57	39	16	0	11	36	54	38	46	77	63	78	81	116	98	132	145	116	135	135	164	154	157	151	173	187	171	175	155	177	170	194	152	
80	161	168	164	147	141	157	124	122	120	112	119	102	86	100	69	76	56	62	44	21	11	0	26	43	30	39	67	57	71	76	109	93	127	140	114	133	134	163	154	158	153	175	190	175	180	161	183	177	202	160	
103	186	193	190	173	167	183	150	147	145	137	142	125	110	118	91	92	73	70	53	38	36	26	0	18	32	42	54	60	71	79	106	99	127	142	123	142	144	172	167	172	170	192	208	195	200	183	206	200	226	185	
115	200	208	206	189	183	200	167	165	163	155	160	143	128	136	109	110	91	87	70	56	54	43	18	0	37	45	42	60	67	78	97	98	122	137	124	142	145	173	170	176	175	197	214	203	209	193	217	212	238	198	
79	166	175	173	157	152	172	139	138	139	132	143	126	110	128	95	106	85	91	73	51	38	30	32	37	0	10	40	28	42	47	79	67	98	111	91	110	112	140	135	140	138	160	177	166	172	156	180	176	202	162	
76	163	172	171	155	152	172	139	139	141	135	148	131	115	135	101	114	93	101	83	60	46	39	42	45	10	0	37	18	32	37	70	57	88	101	81	100	102	130	126	131	130	152	169	158	165	149	174	170	198	159	
111	198	207	208	192	189	209	176	176	178	172	183	166	150	167	135	142	122	124	106	87	77	67	54	42	40	37	0	39	34	47	56	66	83	98	95	110	116	141	141	148	150	172	189	183	192	180	205	202	231	194	
74	160	170	171	156	153	176	143	145	148	143	159	142	126	149	114	130	109	119	101	78	63	57	60	60	28	18	39	0	16	19	54	39	70	83	64	82	85	113	110	116	116	138	155	146	154	141	166	163	192	155	
87	171	182	183	169	167	191	158	160	164	159	175	158	142	165	130	146	125	133	115	92	78	71	71	67	42	32	34	16	0	13	38	32	56	71	61	76	82	107	107	114	116	138	155	149	158	147	172	172	201	165	
77	159	171	173	159	158	183	150	153	157	153	171	155	139	165	129	147	126	138	120	97	81	76	79	78	47	37	47	19	13	0	40	20	51	64	48	64	69	95	94	101	103	125	142	136	145	134	159	159	188	153	
116	192	205	208	197	196	222	189	193	197	193	211	195	179	203	168	184	163	170	152	130	116	109	106	97	79	70	56	54	38	40	0	39	29	44	62	68	79	97	102	113	120	140	158	157	168	161	185	187	216	185	
78	153	166	169	158	158	184	152	156	162	159	180	165	149	177	141	162	141	155	137	114	98	93	99	98	67	57	66	39	32	20	39	0	37	47	29	44	50	75	75	83	87	109	126	122	131	123	148	149	178	146	
114	182	196	201	190	192	218	188	192	199	196	217	202	186	214	178	198	177	189	171	148	132	127	127	122	98	88	83	70	56	51	29	37	0	15	45	45	57	70	79	90	99	117	135	136	148	144	168	171	200	174	
119	181	195	201	192	194	221	192	197	204	203	224	211	195	224	188	209	188	202	184	161	145	140	142	137	111	101	98	83	71	64	44	47	15	0	45	38	50	58	70	81	92	108	126	129	141	139	162	166	195	172	
76	137	151	156	147	149	176	147	153	161	160	182	170	155	186	150	176	156	172	155	132	116	114	123	124	91	81	95	64	61	48	62	29	45	45	0	19	21	49	46	54	59	80	98	95	106	100	124	127	156	129	
92	144	159	165	157	161	188	161	168	176	176	199	187	173	205	169	195	175	191	174	151	135	133	142	142	110	100	110	82	76	64	68	44	45	38	19	0	12	31	34	45	54	72	90	91	103	101	124	128	157	135	
85	132	147	154	147	150	177	152	159	167	168	192	180	167	201	165	191	172	191	174	151	135	134	144	145	112	102	116	85	82	69	79	50	57	50	21	12	0	29	25	34	42	61	79	79	91	89	112	116	145	123	
112	145	160	168	164	169	196	174	182	191	192	217	207	194	229	193	220	201	220	203	180	164	163	172	173	140	130	141	113	107	95	97	75	70	58	49	31	29	0	20	30	45	53	70	78	91	96	115	123	150	135	
96	125	140	148	144	149	176	154	163	172	174	199	190	178	213	178	206	188	209	193	170	154	154	167	170	135	126	141	110	107	94	102	75	79	70	46	34	25	20	0	11	25	38	56	60	72	76	96	103	131	115	
94	116	131	140	136	142	169	148	157	167	170	195	187	175	211	176	206	189	210	195	173	157	158	172	176	140	131	148	116	114	101	113	83	90	81	54	45	34	30	11	0	15	27	45	49	61	66	85	93	120	106	
85	101	116	125	122	128	155	134	144	154	157	183	175	164	200	167	197	180	203	189	167	151	153	170	175	138	130	150	116	116	103	120	87	99	92	59	54	42	45	25	15	0	22	39	37	49	51	72	78	106	91	
104	102	117	127	129	136	162	146	156	167	171	197	190	181	218	185	216	200	223	210	188	173	175	192	197	160	152	172	138	138	125	140	109	117	108	80	72	61	53	38	27	22	0	18	26	39	51	64	74	99	92	
115	100	114	125	128	137	161	149	159	170	175	201	197	188	225	194	226	211	234	222	202	187	190	208	214	177	169	189	155	155	142	158	126	135	126	98	90	79	70	56	45	39	18	0	22	31	50	56	68	89	90	
98	78	93	103	106	115	139	127	137	148	154	180	176	168	205	175	207	193	217	205	185	171	175	195	203	166	158	183	146	149	136	157	122	136	129	95	91	79	78	60	49	37	26	22	0	13	28	38	48	73	68	
101	69	83	94	99	108	131	121	131	142	149	174	172	165	202	174	206	193	218	208	188	175	180	200	209	172	165	192	154	158	145	168	131	148	141	106	103	91	91	72	61	49	39	31	13	0	22	25	37	60	59	
81	51	66	76	78	87	111	99	109	120	127	152	150	143	180	152	184	172	197	187	168	155	161	183	193	156	149	180	141	147	134	161	123	144	139	100	101	89	96	76	66	51	51	50	28	22	0	25	27	56	41	
103	50	62	74	80	90	112	107	117	128	137	160	161	157	193	168	200	190	216	207	190	177	183	206	217	180	174	205	166	172	159	185	148	168	162	124	124	112	115	96	85	72	64	56	38	25	25	0	14	35	40	
97	36	48	60	67	77	98	94	104	115	124	147	149	146	181	157	189	180	206	198	182	170	177	200	212	176	170	202	163	172	159	187	149	171	166	127	128	116	123	103	93	78	74	68	48	37	27	14	0	29	27	
123	44	48	59	73	83	97	103	113	124	133	156	159	159	192	174	205	198	224	219	204	194	202	226	238	202	198	231	192	201	188	216	178	200	195	156	157	145	150	131	120	106	99	89	73	60	56	35	29	0	42	
83	10	25	35	40	50	72	67	77	88	97	120	123	120	155	133	165	157	183	177	162	152	160	185	198	162	159	194	155	165	153	185	146	174	172	129	135	123	135	115	106	91	92	90	68	59	41	40	27	42	0	
Custo_Viagem
V0
0	835	921	931	787	777	1017	710	748	816	806	1027	912	787	1123	787	1075	921	1142	1027	835	710	768	988	1104	758	729	1065	710	835	739	1113	748	1094	1142	729	883	816	1075	921	902	816	998	1104	940	969	777	988	931	1180	796	
835	0	144	240	297	403	595	576	681	787	873	1104	1123	1104	1440	1248	1545	1478	1737	1680	1555	1468	1545	1785	1920	1593	1564	1900	1536	1641	1526	1852	1468	1747	1737	1315	1382	1267	1401	1200	1113	969	998	969	758	672	499	480	345	422	96	
921	144	0	115	249	345	480	547	643	748	835	1046	1084	1094	1411	1248	1545	1497	1756	1708	1603	1526	1612	1852	1996	1680	1651	1996	1632	1747	1641	1977	1593	1881	1872	1449	1526	1411	1545	1344	1257	1113	1132	1104	892	796	643	595	460	460	240	
931	240	115	0	172	259	364	460	547	643	739	950	998	1017	1315	1180	1459	1420	1680	1651	1555	1488	1574	1824	1977	1660	1641	1996	1641	1756	1660	2006	1622	1929	1929	1497	1584	1478	1622	1420	1344	1200	1238	1209	998	912	739	710	576	566	336	
787	297	249	172	0	96	316	297	393	499	585	806	835	844	1152	1008	1296	1257	1507	1478	1382	1315	1411	1660	1814	1507	1488	1852	1497	1622	1526	1891	1516	1824	1843	1411	1507	1411	1574	1382	1305	1171	1238	1228	1017	950	748	777	643	700	384	
777	403	345	259	96	0	259	192	288	393	480	700	739	748	1056	912	1200	1161	1420	1392	1305	1257	1353	1603	1756	1459	1459	1814	1468	1603	1516	1881	1516	1843	1862	1430	1545	1440	1622	1430	1363	1228	1305	1315	1104	1036	835	873	739	806	480	
1017	595	480	364	316	259	0	316	345	393	489	633	729	796	1036	979	1228	1238	1478	1488	1440	1411	1507	1756	1920	1660	1660	2025	1699	1833	1756	2131	1766	2092	2121	1689	1804	1708	1891	1699	1622	1488	1555	1545	1334	1257	1065	1075	940	940	691	
710	576	547	460	297	192	316	0	96	211	288	528	537	547	854	720	998	969	1228	1209	1132	1094	1190	1440	1603	1334	1334	1699	1372	1516	1440	1814	1459	1804	1843	1411	1545	1459	1670	1478	1420	1286	1401	1430	1219	1161	950	1027	902	998	643	
748	681	643	547	393	288	345	96	0	105	192	422	441	470	758	652	912	902	1152	1152	1094	1065	1171	1411	1584	1324	1334	1699	1392	1536	1468	1852	1507	1852	1900	1468	1612	1526	1747	1564	1507	1382	1497	1526	1315	1267	1056	1132	1008	1094	748	
816	787	748	643	499	393	393	211	105	0	96	307	345	403	662	585	835	844	1084	1094	1056	1046	1152	1401	1574	1334	1353	1718	1420	1574	1507	1891	1555	1910	1968	1545	1689	1603	1833	1651	1603	1478	1603	1632	1420	1372	1161	1248	1123	1209	854	
806	873	835	739	585	480	489	288	192	96	0	249	249	297	566	489	729	739	988	998	969	969	1075	1315	1488	1267	1296	1651	1372	1526	1468	1862	1526	1881	1948	1536	1689	1612	1843	1670	1632	1507	1641	1680	1478	1430	1219	1315	1190	1296	940	
1027	1104	1046	950	806	700	633	528	422	307	249	0	163	326	403	499	643	720	931	979	1008	1046	1152	1382	1555	1382	1430	1766	1526	1680	1641	2035	1728	2083	2150	1747	1910	1843	2083	1910	1872	1756	1891	1939	1728	1680	1468	1555	1430	1516	1171	
912	1123	1084	998	835	739	729	537	441	345	249	163	0	153	316	326	499	556	777	816	835	873	979	1209	1382	1219	1267	1603	1372	1526	1497	1881	1584	1948	2025	1632	1795	1737	1987	1824	1795	1680	1824	1891	1689	1651	1440	1545	1430	1545	1180	
787	1104	1094	1017	844	748	796	547	470	403	297	326	153	0	355	192	441	441	681	700	691	720	825	1056	1228	1056	1104	1440	1209	1363	1334	1718	1430	1795	1872	1488	1660	1603	1862	1708	1680	1574	1737	1804	1612	1593	1372	1507	1401	1536	1152	
1123	1440	1411	1315	1152	1056	1036	854	758	662	566	403	316	355	0	345	268	432	566	662	768	864	960	1142	1315	1228	1296	1603	1430	1593	1584	1958	1708	2064	2160	1795	1977	1929	2198	2044	2025	1920	2092	2160	1968	1939	1728	1852	1737	1862	1488	
787	1248	1248	1180	1008	912	979	720	652	585	489	499	326	192	345	0	307	249	499	508	508	556	662	873	1056	912	969	1296	1094	1248	1238	1612	1353	1708	1804	1440	1622	1584	1852	1708	1689	1603	1776	1862	1680	1670	1459	1612	1507	1670	1276	
1075	1545	1545	1459	1296	1200	1228	998	912	835	729	643	499	441	268	307	0	201	288	393	528	652	729	883	1065	1017	1094	1372	1248	1401	1411	1776	1555	1900	2016	1689	1872	1833	2112	1977	1977	1891	2073	2169	1987	1977	1766	1920	1814	1977	1584	
921	1478	1497	1420	1257	1161	1238	969	902	844	739	720	556	441	432	249	201	0	249	259	336	451	537	700	883	816	892	1171	1046	1200	1209	1564	1353	1699	1814	1497	1680	1651	1929	1804	1814	1728	1920	2025	1852	1852	1651	1824	1728	1910	1507	
1142	1737	1756	1680	1507	1420	1478	1228	1152	1084	988	931	777	681	566	499	288	249	0	172	393	547	595	672	835	883	969	1190	1142	1286	1324	1641	1488	1814	1939	1651	1843	1833	2112	2006	2016	1948	2140	2256	2083	2092	1891	2073	1977	2160	1766	
1027	1680	1708	1651	1478	1392	1488	1209	1152	1094	998	979	816	700	662	508	393	259	172	0	220	374	422	508	672	700	796	1017	969	1104	1152	1468	1315	1641	1766	1497	1680	1670	1958	1852	1872	1814	2016	2131	1977	1996	1795	1987	1900	2102	1699	
835	1555	1603	1555	1382	1305	1440	1132	1094	1056	969	1008	835	691	768	508	528	336	393	220	0	153	201	364	547	499	585	835	748	892	931	1257	1094	1420	1545	1267	1459	1449	1737	1632	1660	1603	1804	1939	1785	1804	1622	1824	1747	1958	1555	
710	1468	1526	1488	1315	1257	1411	1094	1065	1046	969	1046	873	720	864	556	652	451	547	374	153	0	105	345	518	364	441	739	604	748	777	1123	940	1267	1392	1113	1296	1296	1574	1478	1507	1449	1660	1795	1641	1680	1497	1699	1632	1862	1459	
768	1545	1612	1574	1411	1353	1507	1190	1171	1152	1075	1152	979	825	960	662	729	537	595	422	201	105	0	249	412	288	374	643	547	681	729	1046	892	1219	1344	1094	1276	1286	1564	1478	1516	1468	1680	1824	1680	1728	1545	1756	1699	1939	1536	
988	1785	1852	1824	1660	1603	1756	1440	1411	1401	1315	1382	1209	1056	1142	873	883	700	672	508	364	345	249	0	172	307	403	518	576	681	768	1017	950	1228	1363	1190	1372	1392	1670	1612	1660	1632	1852	1996	1872	1920	1756	1977	1929	2169	1776	
1104	1920	1996	1977	1814	1756	1920	1603	1584	1574	1488	1555	1382	1228	1315	1056	1065	883	835	672	547	518	412	172	0	355	432	403	576	643	748	931	940	1171	1315	1200	1372	1411	1680	1641	1689	1680	1900	2054	1948	2006	1852	2083	2035	2294	1900	
758	1593	1680	1660	1507	1459	1660	1334	1324	1334	1267	1382	1219	1056	1228	912	1017	816	883	700	499	364	288	307	355	0	96	384	268	403	460	758	643	940	1075	873	1056	1084	1353	1296	1344	1324	1545	1699	1593	1651	1497	1728	1689	1939	1564	
729	1564	1651	1641	1488	1459	1660	1334	1334	1353	1296	1430	1267	1104	1296	969	1094	892	969	796	585	441	374	403	432	96	0	355	172	307	355	672	547	844	969	777	960	988	1257	1209	1257	1248	1468	1622	1516	1584	1430	1670	1632	1900	1526	
1065	1900	1996	1996	1852	1814	2025	1699	1699	1718	1651	1766	1603	1440	1603	1296	1372	1171	1190	1017	835	739	643	518	403	384	355	0	374	326	460	537	643	796	940	921	1065	1132	1363	1363	1440	1459	1670	1843	1766	1852	1728	1968	1948	2217	1862	
710	1536	1632	1641	1497	1468	1699	1372	1392	1420	1372	1526	1372	1209	1430	1094	1248	1046	1142	969	748	604	547	576	576	268	172	374	0	153	182	518	374	672	796	614	787	825	1094	1056	1113	1113	1334	1497	1401	1478	1353	1593	1564	1843	1488	
