M: 4
N: 50
Nun_Veiculos: 23
Capacidade_Total: 1622
Demanda_Total: 841
Setup_Min: 1
Setup_Max: 9
Raio: 100
Circulos: 1
Tempo_Processamento_Min: 1
Tempo_Processamento_Max: 49
Demanda_Min: 10
Demanda_Max: 30
Priority_Factor: 0.2
Range_Factor_R: 0.8
U_factor: 2
ALpha: 0.2Replicao: 2
Tempos_Processamentos
0	0	1	0	2	0	3	0	
0	1	1	9	2	34	3	42	
0	13	1	16	2	38	3	6	
0	28	1	23	2	40	3	16	
0	46	1	48	2	25	3	10	
0	5	1	49	2	39	3	35	
0	28	1	43	2	47	3	42	
0	46	1	11	2	21	3	2	
0	40	1	27	2	22	3	33	
0	41	1	23	2	48	3	39	
0	32	1	26	2	20	3	11	
0	22	1	11	2	28	3	7	
0	10	1	31	2	21	3	27	
0	9	1	1	2	12	3	33	
0	46	1	35	2	18	3	34	
0	28	1	40	2	5	3	31	
0	4	1	19	2	26	3	14	
0	33	1	42	2	6	3	41	
0	41	1	20	2	30	3	26	
0	43	1	26	2	27	3	14	
0	23	1	13	2	43	3	36	
0	35	1	41	2	11	3	9	
0	21	1	4	2	35	3	21	
0	15	1	28	2	28	3	37	
0	23	1	41	2	25	3	26	
0	34	1	33	2	48	3	14	
0	28	1	25	2	19	3	25	
0	9	1	15	2	25	3	40	
0	15	1	3	2	13	3	23	
0	48	1	21	2	8	3	40	
0	3	1	1	2	9	3	5	
0	40	1	20	2	33	3	41	
0	37	1	22	2	38	3	11	
0	32	1	8	2	30	3	11	
0	9	1	30	2	34	3	48	
0	7	1	29	2	20	3	27	
0	11	1	9	2	21	3	17	
0	25	1	32	2	2	3	18	
0	37	1	20	2	17	3	35	
0	23	1	29	2	38	3	23	
0	45	1	2	2	22	3	15	
0	37	1	20	2	28	3	1	
0	46	1	34	2	27	3	17	
0	10	1	49	2	8	3	48	
0	41	1	3	2	14	3	21	
0	49	1	19	2	4	3	4	
0	32	1	28	2	36	3	22	
0	36	1	42	2	46	3	34	
0	7	1	10	2	10	3	20	
0	8	1	29	2	18	3	39	
0	34	1	2	2	15	3	26	

Tempos_setup
M0
0	0	0	0	0	0	0	0	0	0	0	0	0	0	0	0	0	0	0	0	0	0	0	0	0	0	0	0	0	0	0	0	0	0	0	0	0	0	0	0	0	0	0	0	0	0	0	0	0	0	0	
0	0	3	1	2	3	2	1	3	2	1	2	2	3	2	2	2	3	2	2	2	2	1	2	2	1	2	3	2	2	3	3	1	1	2	2	2	2	2	2	2	2	2	2	2	2	1	3	3	2	2	
0	3	0	2	3	2	3	4	3	3	3	3	3	2	3	3	3	3	3	3	1	2	3	3	1	3	3	2	3	3	4	2	3	3	4	3	3	2	2	2	2	3	1	2	4	3	3	4	3	3	3	
0	3	2	0	3	3	3	2	3	2	3	3	3	3	4	3	2	2	3	2	2	3	3	3	3	1	4	2	2	2	3	3	4	2	3	2	3	3	3	3	3	3	3	1	2	3	3	2	3	3	3	
0	2	3	2	0	3	2	3	3	3	2	2	2	2	3	1	3	3	3	3	3	1	2	2	2	2	2	3	3	2	3	3	1	2	1	2	2	2	3	1	2	3	2	3	1	2	1	3	2	2	2	
0	1	2	2	1	0	3	2	4	2	2	3	3	3	3	2	1	3	3	3	3	2	2	3	3	2	3	4	3	3	4	3	2	2	2	3	3	3	3	2	2	3	3	3	2	3	2	2	3	2	3	
0	2	3	3	3	4	0	3	3	3	2	3	2	2	3	3	3	3	3	3	3	2	3	3	1	3	3	3	3	4	2	2	3	3	3	2	2	2	2	3	2	1	2	2	3	2	3	3	2	3	3	
0	3	2	3	2	2	3	0	3	2	3	2	2	2	2	2	2	3	1	1	1	3	2	1	3	1	3	3	2	2	4	3	3	3	2	2	2	3	3	2	2	3	1	2	2	1	3	3	2	3	3	
0	2	3	3	2	1	1	1	0	2	3	2	2	1	2	2	2	2	1	1	2	3	2	2	2	2	3	2	1	2	3	3	3	2	2	2	2	3	2	2	3	2	2	2	2	2	2	3	2	2	3	
0	2	2	2	2	2	2	1	3	0	3	2	2	2	2	3	2	2	1	1	1	3	2	2	2	1	2	3	1	2	3	3	3	2	1	2	1	3	2	3	3	3	2	1	2	2	2	3	2	2	3	
0	2	2	3	1	3	2	2	3	2	0	1	2	2	2	2	1	3	3	1	2	1	2	3	2	2	3	3	2	2	3	3	2	1	2	3	2	2	1	1	2	2	2	3	2	2	2	3	3	2	2	
0	1	3	2	2	3	2	1	3	3	2	0	3	2	1	1	3	4	2	2	2	2	2	2	3	2	2	2	2	1	2	3	2	2	3	3	2	2	2	3	3	3	2	3	2	2	2	2	3	3	3	
0	3	2	3	2	3	2	2	3	2	3	2	0	1	1	2	3	1	1	2	2	2	2	2	2	2	2	2	3	2	2	3	2	2	2	2	3	3	1	3	2	3	2	2	2	2	1	2	2	3	3	
0	3	2	2	2	3	3	2	3	1	2	2	3	0	2	1	2	3	2	2	2	2	1	3	3	2	3	3	2	3	3	3	2	2	2	2	2	2	3	2	2	2	1	1	3	3	3	3	3	3	2	
0	2	3	3	1	2	2	2	4	3	2	2	3	2	0	2	3	3	2	3	1	2	2	2	3	2	3	1	3	1	3	2	2	2	2	3	2	2	2	2	3	2	3	2	1	3	2	1	2	2	3	
0	2	3	1	2	2	2	3	2	2	3	3	2	1	3	0	3	3	3	3	3	1	2	2	3	2	3	3	2	2	2	4	1	1	3	3	2	3	3	3	3	2	2	2	2	2	2	3	3	2	2	
0	3	3	2	3	2	2	2	4	1	3	3	3	2	2	2	0	2	2	2	2	3	3	3	3	2	2	3	2	3	3	3	3	3	2	3	2	3	3	4	1	3	3	2	2	3	2	2	2	1	3	
0	2	1	3	2	2	2	1	2	2	2	3	2	2	2	3	2	0	2	1	2	2	3	2	1	1	2	3	2	1	1	2	3	3	3	3	2	2	2	3	1	3	2	2	2	2	2	3	3	2	3	
0	3	2	2	2	3	2	2	3	1	3	3	3	3	1	2	2	2	0	2	2	3	2	1	3	1	2	2	2	2	3	2	2	3	1	1	2	2	3	2	2	3	2	2	2	1	3	2	1	3	2	
0	2	3	3	2	2	3	2	3	2	2	2	1	1	2	2	2	2	2	0	1	3	2	2	3	1	3	3	2	2	3	4	3	3	3	3	3	2	2	3	3	3	2	2	1	3	2	3	2	2	2	
0	2	3	3	2	1	4	3	4	2	3	2	4	1	3	2	2	4	3	3	0	3	2	2	4	3	4	4	3	3	3	3	3	3	3	3	3	3	4	3	3	3	2	2	3	4	3	3	4	3	3	
0	3	3	2	3	2	3	3	3	3	2	2	2	2	3	1	2	3	3	3	3	0	2	2	2	3	2	3	3	2	3	3	2	2	3	2	2	3	3	3	2	3	1	3	3	3	1	3	4	3	1	
0	2	3	2	2	2	2	1	3	3	1	2	2	2	1	3	2	3	2	1	2	2	0	2	2	2	2	2	3	2	3	3	2	2	1	2	1	1	2	1	2	1	2	3	2	2	2	2	2	2	1	
0	3	1	2	1	3	3	1	3	1	2	2	3	2	3	1	3	3	2	2	2	2	3	0	2	2	3	3	2	3	3	3	2	2	2	2	2	3	3	2	3	3	2	1	2	2	2	4	3	3	3	
0	3	2	3	3	3	2	3	3	2	3	2	3	1	2	2	3	3	3	2	3	1	2	2	0	2	3	2	2	3	3	1	2	2	3	2	2	1	1	3	2	3	2	1	3	2	2	3	3	2	2	
0	2	3	3	2	2	2	2	2	2	3	2	3	2	3	3	1	3	2	3	1	3	3	2	3	0	3	3	1	1	3	3	3	2	3	2	2	2	2	3	2	3	2	3	2	3	2	3	3	2	3	
0	1	1	2	2	3	2	2	2	2	2	3	3	1	3	2	3	4	3	3	2	3	2	1	2	2	0	3	3	3	4	2	2	2	3	3	3	3	3	3	3	3	2	2	3	3	2	4	4	3	3	
0	3	2	2	2	3	2	3	3	3	1	2	3	2	3	1	2	2	3	2	2	2	2	3	3	1	2	0	2	2	3	3	2	2	3	3	3	2	1	2	2	3	2	3	3	2	2	2	1	3	3	
0	2	2	3	2	3	2	2	3	2	3	1	2	3	2	2	2	3	2	3	3	2	2	1	2	2	2	3	0	1	3	2	2	1	3	1	2	2	1	2	2	2	2	2	3	3	1	3	3	3	2	
0	2	2	3	1	3	1	1	3	2	3	2	3	2	3	2	3	3	2	2	2	2	2	2	2	2	2	2	3	0	3	2	2	2	2	3	1	1	1	2	3	2	2	3	2	2	2	3	2	2	3	
0	1	2	2	2	2	2	1	1	2	2	3	3	2	1	2	3	3	1	2	2	2	2	1	3	2	2	2	2	2	0	3	2	2	2	2	3	3	3	3	2	2	2	2	2	2	2	2	2	3	3	
0	2	3	2	2	3	2	2	3	2	3	3	3	3	2	2	3	4	3	3	3	1	2	3	3	3	2	3	3	2	3	0	3	3	3	3	1	3	3	3	1	3	2	3	3	3	2	3	4	2	2	
0	2	3	3	1	2	2	2	3	2	2	2	3	2	3	2	2	4	3	2	2	2	3	2	3	1	3	3	2	1	2	3	0	3	2	3	2	2	2	2	3	3	3	3	1	1	2	3	2	1	3	
0	2	2	3	2	3	1	2	3	1	2	2	1	2	2	2	2	2	2	2	2	2	1	2	2	2	2	3	1	2	3	3	3	0	2	2	1	2	2	2	2	1	2	2	3	3	2	2	3	2	2	
0	2	3	1	2	3	1	2	3	3	3	4	3	3	3	3	3	2	3	2	2	3	2	3	2	2	2	3	3	3	3	3	3	3	0	3	1	2	3	3	2	2	3	2	3	2	2	2	1	2	3	
0	2	3	3	1	2	3	3	3	2	3	2	2	3	3	2	1	3	3	3	2	2	2	3	2	1	2	3	2	2	4	1	2	3	2	0	2	2	3	1	2	3	1	3	2	2	2	3	3	2	1	
0	1	2	2	1	2	2	1	2	3	2	3	3	2	2	2	3	3	2	2	2	2	1	2	2	2	1	2	3	3	3	3	2	2	2	3	0	2	3	2	2	2	2	3	2	2	1	3	3	1	2	
0	3	3	2	2	3	3	2	4	3	2	3	2	2	2	2	3	3	3	1	2	2	1	3	2	2	2	1	3	2	3	3	1	3	2	3	2	0	2	2	3	2	3	3	2	2	3	3	2	2	2	
0	2	1	2	3	3	1	2	2	2	2	1	2	2	2	2	3	2	3	3	2	2	2	3	2	3	2	3	2	2	2	3	2	1	3	2	2	3	0	3	2	2	2	2	3	2	1	2	3	3	3	
0	2	3	3	2	2	2	2	3	3	2	1	1	2	2	2	3	2	2	2	3	1	1	2	1	3	2	3	2	1	3	2	3	3	2	3	1	2	2	0	3	2	2	2	3	1	2	3	3	2	2	
0	2	2	2	2	2	3	2	3	1	3	2	3	2	1	2	3	3	2	2	2	2	3	2	2	2	1	2	2	2	2	3	2	3	2	3	2	3	3	3	0	3	3	2	2	3	1	2	3	1	2	
0	1	3	2	2	3	3	2	3	2	1	2	1	2	2	3	2	2	2	2	3	2	2	3	3	2	2	3	3	3	3	3	2	2	3	2	1	3	2	2	1	0	1	3	3	3	2	3	2	2	2	
0	3	3	3	3	3	4	3	4	2	3	3	4	3	2	2	3	4	2	3	3	3	3	3	3	2	2	2	3	3	3	4	3	3	3	3	3	2	3	4	1	4	0	3	3	3	2	3	3	2	3	
0	3	1	3	2	3	3	2	3	1	3	2	2	2	3	3	2	3	2	1	2	2	3	3	2	1	3	3	2	2	4	2	3	3	2	1	2	3	3	2	3	3	2	0	2	2	3	4	3	3	2	
0	1	2	2	2	2	3	2	3	2	1	1	3	2	2	1	2	4	3	2	2	2	2	1	3	2	2	2	3	2	2	3	2	2	3	2	3	1	2	2	2	3	3	2	0	2	2	2	1	3	2	
0	3	3	3	2	3	3	2	4	3	3	2	2	2	3	3	3	3	3	1	2	3	3	2	3	2	3	4	1	2	4	3	3	2	2	2	3	3	2	3	3	3	3	3	2	0	2	4	3	3	3	
0	2	2	2	2	3	2	3	3	2	3	3	3	2	2	1	3	2	3	2	2	1	3	2	1	2	1	3	3	2	3	2	1	2	3	3	3	2	2	2	1	3	2	2	2	2	0	3	3	2	2	
0	2	2	3	2	2	3	2	3	3	2	3	2	2	2	3	3	2	3	2	3	2	1	3	3	2	2	3	3	2	3	1	3	3	2	3	1	2	2	2	2	1	2	3	3	3	2	0	3	1	2	
0	2	2	3	3	2	3	2	2	2	2	3	3	2	2	3	3	3	3	2	1	3	1	2	3	3	1	2	2	3	3	2	2	3	2	3	2	1	2	2	1	2	3	3	3	1	2	1	0	2	2	
0	2	3	3	2	1	3	2	3	2	3	3	4	1	3	2	2	4	3	3	3	3	2	3	3	3	2	3	3	4	3	4	3	3	3	3	1	3	4	3	3	3	2	2	3	3	2	3	4	0	3	
0	2	2	3	2	1	2	3	3	2	3	2	1	2	2	3	2	2	2	3	3	3	3	2	3	2	1	3	3	3	3	2	3	3	3	1	3	3	2	2	1	3	2	2	3	3	2	2	3	2	0	
M1
0	0	0	0	0	0	0	0	0	0	0	0	0	0	0	0	0	0	0	0	0	0	0	0	0	0	0	0	0	0	0	0	0	0	0	0	0	0	0	0	0	0	0	0	0	0	0	0	0	0	0	
0	0	3	4	3	2	2	3	2	3	2	1	3	3	2	3	2	2	2	3	3	2	2	2	3	1	3	2	2	3	2	3	2	2	3	3	2	1	2	3	2	2	2	3	3	1	2	2	3	2	3	
0	2	0	1	4	2	2	3	2	3	3	3	3	3	2	3	2	2	3	3	3	2	2	3	2	2	2	3	3	2	2	2	3	2	3	3	3	3	2	3	3	3	2	2	3	3	2	1	1	2	1	
0	1	3	0	4	2	2	3	2	2	2	2	2	3	2	3	1	2	2	2	3	1	1	2	1	2	3	2	2	1	2	1	3	2	2	2	3	2	2	2	2	2	2	2	2	2	2	3	2	3	2	
0	2	3	3	0	3	3	1	2	3	1	2	2	2	2	2	2	3	2	3	3	3	3	2	4	1	3	3	2	2	2	3	2	2	3	3	3	3	2	2	2	1	2	3	2	3	3	3	3	2	2	
0	4	3	4	4	0	2	4	3	3	3	2	3	3	3	3	1	3	3	3	2	3	3	3	2	3	4	3	3	2	3	4	3	3	4	3	3	3	3	3	3	2	2	3	3	3	3	2	3	3	4	
0	2	3	3	3	3	0	2	2	3	1	2	2	2	3	1	3	1	3	3	3	2	2	3	3	2	2	2	2	3	1	2	2	2	2	3	2	3	2	2	2	3	3	2	3	2	3	2	3	1	3	
0	2	3	3	3	2	2	0	2	3	3	3	2	3	3	3	2	3	2	3	3	3	3	3	3	2	2	2	1	3	1	2	1	3	2	2	2	3	1	2	2	3	3	3	3	2	4	3	3	2	3	
0	2	2	3	4	3	3	1	0	1	3	2	3	2	3	2	2	3	2	2	4	3	2	3	4	3	3	2	2	3	2	2	2	3	3	2	2	3	2	2	2	3	2	3	3	1	3	3	3	1	3	
0	2	3	3	3	2	3	1	2	0	2	2	2	3	2	3	1	2	2	2	3	2	1	3	3	2	2	2	2	2	2	3	2	2	3	1	3	2	2	3	1	2	2	3	3	2	4	2	3	2	3	
0	1	3	2	2	3	2	2	2	2	0	1	1	1	2	3	2	2	3	2	2	2	2	3	3	1	3	2	1	3	2	2	1	2	3	3	2	2	2	2	2	2	2	2	3	2	3	3	3	2	2	
0	2	2	3	3	2	1	3	2	2	1	0	2	2	2	2	2	1	2	3	3	1	1	3	2	2	3	1	1	3	2	2	2	2	3	3	2	3	1	2	2	3	3	3	2	2	3	3	3	1	2	
0	2	2	1	4	2	2	1	3	2	3	3	0	1	3	3	2	1	3	3	1	2	2	3	2	2	3	2	2	2	2	2	2	2	2	3	3	3	2	1	2	2	1	1	2	2	2	2	2	3	3	
0	3	3	2	4	3	2	2	3	1	3	3	2	0	3	3	2	2	3	2	3	3	2	3	2	3	2	3	2	2	1	3	3	3	2	2	2	3	3	1	1	2	2	3	2	2	3	3	3	2	4	
0	2	3	3	4	2	3	2	3	3	2	3	2	3	0	4	3	1	2	1	2	2	1	3	3	2	2	2	2	3	2	2	2	2	3	4	3	3	2	3	2	3	3	2	3	2	3	2	2	3	3	
0	3	3	3	4	3	2	3	3	2	2	1	2	1	3	0	2	1	3	3	3	1	2	3	2	3	1	2	2	3	2	2	2	2	3	3	3	2	2	2	2	3	3	3	3	2	3	3	2	2	3	
0	3	2	3	3	1	2	3	2	3	2	1	3	2	2	3	0	2	2	3	3	2	2	2	3	3	4	2	2	2	3	3	3	3	3	4	3	3	2	2	2	1	3	4	3	2	4	3	3	2	3	
0	2	2	3	3	2	3	3	2	2	3	3	2	3	2	3	2	0	2	3	2	1	3	2	2	2	2	1	1	3	2	1	1	1	3	3	2	2	1	2	3	3	3	2	3	2	3	2	2	2	2	
0	2	3	3	3	3	3	3	2	3	2	2	3	2	4	3	2	3	0	3	4	3	2	2	4	3	4	3	3	2	3	2	3	3	3	4	2	3	3	2	2	1	2	3	3	1	4	3	3	2	4	
0	3	3	3	3	2	2	1	3	3	3	3	2	3	1	3	2	2	2	0	2	1	2	2	2	3	2	2	2	3	1	1	2	3	2	3	2	2	2	3	2	3	3	1	2	3	2	1	3	2	2	
0	2	2	3	3	2	3	2	3	2	3	2	2	3	2	3	2	2	2	3	0	3	2	4	4	2	3	1	2	3	2	3	3	3	3	3	2	2	3	2	2	3	2	2	3	1	3	1	3	2	2	
0	3	3	2	3	2	2	2	2	3	3	3	1	2	2	3	2	2	2	2	2	0	2	2	1	3	2	3	3	2	1	3	3	2	2	2	2	4	1	2	2	3	2	2	2	2	2	3	3	2	3	
0	2	3	3	3	1	3	3	2	3	1	2	2	2	2	3	2	3	1	2	2	1	0	3	2	1	2	2	1	2	2	3	2	1	3	3	2	3	2	3	1	2	2	3	3	1	3	2	2	2	2	
0	3	3	2	3	3	2	3	2	2	3	4	3	2	2	3	3	3	2	3	4	3	3	0	3	3	2	3	2	2	2	3	3	3	2	3	3	2	3	1	2	1	3	2	2	3	4	3	3	2	4	
0	2	2	3	4	2	2	2	1	2	3	2	2	3	2	2	2	2	2	1	2	2	2	1	0	2	2	3	3	1	2	2	2	1	2	1	2	3	2	2	2	2	2	1	2	1	1	2	2	2	2	
0	2	2	3	2	2	2	2	2	2	3	2	2	2	1	2	1	2	2	2	2	3	2	2	3	0	2	2	1	2	1	3	2	1	2	3	2	3	2	2	2	1	1	2	2	2	2	2	2	2	2	
0	2	2	3	3	2	3	3	2	2	3	2	3	1	4	2	2	3	2	3	3	2	2	3	3	3	0	3	3	3	2	2	3	2	3	3	2	3	1	2	2	3	2	3	3	1	4	3	3	1	3	
0	3	1	2	4	2	2	2	3	1	3	3	1	2	1	3	2	1	3	2	2	2	2	3	3	2	2	0	2	3	1	2	2	2	2	2	2	3	2	2	2	3	2	2	3	3	2	2	2	2	1	
0	2	2	2	3	3	3	2	1	2	2	2	1	2	2	3	2	2	2	2	2	3	2	3	3	1	2	1	0	3	2	2	1	2	3	3	1	2	2	2	2	2	2	2	3	1	3	3	3	2	2	
0	3	2	2	4	2	1	2	3	1	2	2	3	2	2	2	1	2	3	3	4	3	2	3	3	3	3	3	2	0	2	3	3	3	3	2	3	3	3	3	2	2	3	3	4	3	3	3	3	2	2	
0	2	3	4	4	3	1	1	3	3	2	3	3	2	2	2	2	2	2	2	2	3	2	3	2	3	1	3	2	2	0	3	2	3	1	3	1	3	2	3	1	3	2	3	3	2	3	3	2	2	4	
0	3	2	2	4	2	3	2	2	2	3	2	1	2	2	4	3	1	1	3	2	2	2	1	3	2	3	1	1	3	2	0	2	2	3	3	2	1	2	2	3	2	2	2	3	2	3	2	3	3	2	
0	3	3	2	4	3	3	2	3	3	3	3	2	3	3	3	2	2	2	4	3	3	2	2	3	3	2	2	2	3	3	1	0	3	2	4	3	2	3	1	3	2	3	2	2	3	4	2	3	2	3	
0	1	3	4	4	2	3	3	3	3	3	2	3	2	2	3	3	2	1	3	1	3	3	3	4	2	1	2	3	3	2	3	3	0	2	3	3	2	2	3	3	2	3	2	3	2	3	1	1	2	3	
0	3	4	3	3	3	1	1	3	3	2	2	3	3	3	2	3	2	1	4	3	3	3	3	4	2	3	3	2	3	2	2	2	2	0	3	3	3	2	2	3	2	3	3	3	2	4	3	1	2	3	
0	1	3	2	4	3	3	2	1	2	3	2	1	2	3	3	3	1	3	3	2	2	3	3	3	2	3	2	2	3	2	2	2	2	3	0	2	2	2	2	3	3	2	2	3	2	3	3	3	2	2	
0	3	3	3	3	2	3	3	3	3	3	3	2	3	3	3	2	2	2	2	3	3	2	4	4	3	3	3	3	2	3	3	2	2	4	4	0	4	1	3	1	3	2	3	3	3	4	3	3	2	3	
0	2	3	3	4	1	3	2	1	2	2	3	2	3	3	3	2	2	2	3	2	1	1	3	2	2	2	3	2	3	2	2	1	1	3	3	1	0	2	2	2	2	3	2	3	2	3	1	2	2	3	
0	3	3	3	2	1	3	3	2	3	3	2	3	3	3	2	1	3	1	3	3	2	3	3	3	2	3	3	3	3	3	2	3	3	3	4	3	3	0	2	3	2	3	2	3	2	3	3	4	1	2	
0	2	3	1	3	3	2	2	2	2	3	3	2	2	3	3	2	2	2	3	3	2	2	2	2	2	2	2	1	2	3	2	2	3	1	3	2	3	2	0	2	1	2	3	1	2	3	3	2	2	3	
0	2	2	3	4	2	2	2	2	2	2	2	2	3	2	2	2	3	2	1	2	2	1	3	3	2	3	3	2	1	2	2	3	2	3	3	2	3	2	2	0	3	1	2	2	2	3	2	2	1	3	
0	3	2	2	2	3	2	2	1	2	3	3	3	1	3	2	2	2	1	2	3	3	2	1	3	3	3	3	2	1	2	2	3	3	2	3	3	3	3	1	1	0	2	3	2	2	4	3	2	1	3	
0	3	1	2	3	2	2	2	3	1	3	2	3	3	3	3	1	2	2	3	3	3	2	2	2	2	3	3	3	3	3	3	2	2	4	2	4	3	1	3	2	2	0	1	1	3	3	2	1	2	2	
0	3	3	3	3	1	1	3	3	2	2	3	3	3	4	2	2	2	2	4	3	3	3	2	3	3	3	3	3	3	2	2	1	3	3	3	3	3	1	2	3	3	2	0	1	3	3	3	2	2	3	
0	3	2	3	2	2	3	2	3	1	3	3	2	3	3	3	2	1	2	3	3	2	2	1	3	2	3	2	2	3	3	2	2	2	3	2	3	2	1	2	2	2	1	2	0	2	2	3	1	2	3	
0	1	2	3	4	2	2	3	3	2	2	1	3	2	3	3	1	2	1	2	3	2	1	3	3	2	3	2	2	2	3	3	2	2	3	3	1	2	2	3	1	2	1	2	2	0	3	3	2	2	3	
0	2	1	2	4	2	1	2	2	3	2	3	1	2	2	2	3	2	2	2	1	2	1	3	3	2	2	2	2	3	2	2	1	2	1	1	2	3	3	2	2	3	2	2	3	2	0	2	2	2	1	
0	2	3	3	3	1	2	2	2	3	3	3	3	3	3	2	2	1	2	3	2	2	3	3	3	3	2	2	2	2	1	2	2	2	2	3	2	3	2	2	2	3	3	1	2	3	3	0	2	1	2	
0	2	3	4	3	3	3	3	3	3	3	3	3	3	2	3	2	3	2	3	2	2	2	3	3	1	2	3	2	3	2	2	3	1	3	4	3	3	3	3	3	2	2	3	3	3	3	2	0	2	2	
0	3	3	2	4	3	3	2	1	2	3	2	2	2	3	1	3	2	2	2	3	2	3	2	3	3	2	2	2	3	2	1	2	3	2	3	3	2	3	1	3	2	3	3	2	2	3	3	3	0	3	
0	3	2	3	3	2	2	3	3	3	2	3	2	2	2	3	2	3	2	3	2	2	1	3	3	1	1	2	2	3	2	3	2	2	2	2	3	4	2	3	2	2	2	3	3	2	1	3	3	2	0	
M2
0	0	0	0	0	0	0	0	0	0	0	0	0	0	0	0	0	0	0	0	0	0	0	0	0	0	0	0	0	0	0	0	0	0	0	0	0	0	0	0	0	0	0	0	0	0	0	0	0	0	0	
0	0	3	2	3	2	3	3	1	3	2	2	2	3	2	2	2	3	2	2	2	2	1	2	3	1	2	3	2	1	2	2	2	2	3	2	2	3	2	2	3	3	4	2	3	2	3	3	3	3	1	
0	2	0	2	2	3	2	3	3	3	2	3	3	1	2	3	2	3	1	2	2	2	3	3	1	2	3	2	3	2	2	2	2	3	1	2	3	3	2	2	2	2	1	2	2	3	3	3	2	2	2	
0	3	2	0	3	3	2	3	3	2	2	2	3	1	3	2	2	3	2	2	3	3	3	2	2	3	3	3	3	2	3	2	2	1	3	2	3	2	1	3	3	3	2	1	2	2	2	2	2	3	1	
0	3	3	2	0	3	2	2	3	2	2	3	3	2	3	1	2	3	2	3	2	3	3	3	2	2	3	3	3	3	3	2	2	2	3	2	2	3	2	1	3	3	3	1	3	1	2	2	2	2	1	
0	2	2	2	3	0	3	3	2	2	2	3	3	3	2	2	2	3	2	2	1	2	1	3	1	3	3	2	2	2	2	2	2	1	3	3	2	2	3	2	2	3	2	2	1	2	2	3	2	2	1	
0	3	3	2	2	3	0	3	2	3	2	3	3	2	2	2	3	3	3	2	3	2	3	3	2	1	2	3	2	3	2	2	2	3	1	3	2	2	2	2	3	2	2	3	3	3	3	2	2	1	2	
0	2	2	2	3	2	3	0	2	3	4	3	3	3	3	2	3	3	3	3	3	3	3	3	2	2	3	3	2	2	3	3	2	3	3	2	3	2	3	3	2	1	3	2	3	3	3	1	3	3	3	
0	2	3	2	2	2	3	2	0	3	3	3	1	2	2	2	2	3	2	3	2	2	3	2	3	3	2	2	1	3	3	3	2	3	3	1	2	2	3	3	3	3	3	3	2	1	3	2	3	2	2	
0	3	3	1	4	3	3	3	3	0	2	3	3	2	3	3	3	1	3	2	2	3	2	3	3	2	3	3	3	2	3	3	3	1	2	3	3	2	2	3	4	2	3	2	3	3	2	3	2	3	2	
0	2	3	2	2	3	3	2	3	1	0	3	3	3	1	2	3	1	2	3	2	2	2	2	2	3	3	3	3	2	3	1	3	2	2	3	2	2	3	3	2	2	3	3	3	3	2	3	3	2	2	
0	2	3	3	3	3	3	1	2	4	4	0	2	3	2	3	3	4	2	3	3	2	1	3	2	3	3	3	2	2	2	2	3	3	3	3	3	2	4	3	3	2	3	3	3	2	1	2	1	3	3	
0	2	2	2	1	1	3	2	2	3	2	3	0	3	1	2	1	3	3	3	2	1	2	2	2	2	1	2	3	2	2	2	3	2	2	3	2	2	3	2	2	3	3	2	2	2	2	3	3	2	2	
0	2	1	2	3	2	1	3	2	2	2	3	2	0	3	3	1	3	2	1	3	2	2	3	2	2	3	2	3	3	3	2	2	2	2	2	3	2	3	2	2	3	2	2	1	2	3	2	1	2	1	
0	3	3	3	2	2	2	1	2	3	2	3	2	3	0	3	3	2	3	3	3	3	3	1	2	2	2	3	2	3	2	2	3	3	3	3	1	2	3	3	2	2	2	2	3	2	2	2	3	1	2	
0	2	2	2	1	3	3	3	2	1	3	4	2	3	3	0	1	2	3	2	3	2	2	4	3	2	3	3	2	3	3	2	3	2	2	3	3	3	3	2	2	3	3	2	3	2	3	2	1	3	2	
0	2	1	2	3	3	3	3	1	3	2	3	2	2	3	3	0	3	2	2	3	2	3	3	2	3	2	3	2	2	2	1	2	2	1	2	3	3	3	3	1	2	2	3	3	2	2	3	2	2	1	
0	2	2	2	3	3	2	3	2	3	2	2	3	2	2	3	3	0	2	2	3	3	1	3	3	2	3	3	2	2	2	2	2	3	1	2	3	1	3	2	4	1	3	2	3	2	3	3	2	2	3	
0	2	2	1	2	2	1	2	2	3	3	2	3	2	1	2	3	3	0	1	1	2	3	2	2	1	2	1	3	1	2	1	2	2	2	3	2	3	2	2	3	3	3	2	3	2	3	2	3	2	2	
0	2	3	2	2	2	2	2	3	3	2	2	3	2	3	2	3	3	2	0	2	2	3	3	2	2	3	1	2	2	3	2	2	1	3	2	3	3	3	1	2	3	2	1	2	2	2	2	2	2	3	
0	3	1	3	2	2	2	3	2	2	2	3	2	2	2	1	2	2	2	3	0	3	3	2	2	2	2	2	2	3	2	2	1	2	2	3	1	2	2	3	3	2	2	2	3	1	3	2	2	1	2	
0	1	3	1	2	3	3	2	2	3	2	2	3	2	1	2	3	3	3	3	2	0	2	2	1	2	3	2	3	2	3	2	2	2	3	2	2	2	2	1	3	3	2	2	2	2	1	3	2	2	1	
0	2	3	2	2	2	2	2	3	3	3	3	2	2	1	2	2	3	1	2	2	2	0	2	3	2	2	2	1	1	1	1	3	2	2	3	2	3	3	2	3	3	3	3	2	1	3	2	3	2	2	
0	3	3	3	2	3	2	3	3	3	3	2	3	2	2	2	2	3	3	3	3	3	3	0	2	2	2	3	2	3	2	2	3	3	3	4	2	2	3	3	3	3	2	3	3	1	3	3	3	1	2	
0	1	2	2	3	3	2	2	2	2	3	2	3	2	2	2	3	2	2	2	1	1	2	2	0	2	3	1	2	2	3	2	1	3	3	2	2	2	2	2	2	2	1	1	1	2	2	2	3	2	2	
0	2	2	2	2	2	3	2	1	2	2	3	2	3	1	1	2	2	3	1	3	1	3	2	2	0	2	2	2	3	1	3	1	2	3	2	1	3	2	2	2	2	3	2	3	2	2	2	2	2	2	
0	3	3	2	3	3	3	4	2	3	2	3	2	3	3	4	3	3	3	2	3	3	3	3	3	3	0	3	3	2	1	3	2	1	2	3	3	1	3	3	3	3	3	2	2	3	2	3	2	2	3	
0	3	3	3	4	3	3	1	2	3	4	1	3	3	3	3	4	2	2	3	3	3	2	2	2	3	3	0	3	2	3	3	1	3	3	2	4	2	2	3	2	2	3	2	3	3	2	1	2	3	3	
0	3	3	2	2	3	2	3	2	2	3	2	3	3	2	1	2	3	1	2	2	3	3	3	2	2	2	2	0	2	3	2	2	3	3	2	2	2	3	2	2	3	3	2	1	2	3	1	2	3	3	
0	3	2	2	2	1	2	3	3	3	2	2	2	2	3	2	3	3	3	2	1	3	2	3	2	2	1	3	3	0	2	2	2	1	3	2	2	2	3	1	3	3	3	3	2	2	2	3	2	2	1	
0	3	3	3	2	2	2	3	3	4	3	4	1	3	2	3	2	4	3	3	2	2	3	3	2	2	1	3	2	2	0	2	3	2	3	4	3	2	3	2	3	4	2	3	3	3	3	3	2	1	2	
0	1	3	2	3	2	3	2	2	3	2	3	2	2	2	3	3	3	3	2	2	1	2	2	2	2	2	3	3	1	3	0	3	2	1	3	3	3	2	2	4	2	3	3	3	3	2	3	2	2	2	
0	2	2	2	3	3	2	3	2	2	3	2	3	3	3	3	3	1	2	3	3	3	2	1	2	3	3	3	2	2	3	2	0	3	2	2	3	2	1	3	2	1	3	1	3	2	2	1	3	2	3	
0	2	3	1	3	2	3	3	2	2	1	2	2	2	2	3	3	2	3	1	2	2	2	3	2	3	2	2	3	1	3	2	3	0	3	3	3	2	2	2	3	2	3	2	3	3	1	3	1	3	2	
0	2	2	2	2	3	2	3	2	2	1	3	2	1	2	3	2	2	2	1	3	2	2	2	2	2	2	2	2	2	2	1	3	2	0	2	3	2	3	2	3	1	2	2	2	3	3	3	1	1	2	
0	3	2	2	2	1	2	1	3	2	2	3	3	1	2	3	2	3	3	2	2	2	2	1	2	2	2	3	2	3	2	2	3	2	2	0	3	2	3	3	3	2	2	3	2	2	3	2	2	1	1	
0	3	3	3	2	1	2	3	1	2	1	4	1	3	2	3	2	2	2	2	2	2	2	3	2	3	1	3	2	2	2	2	2	2	2	2	0	2	3	3	2	3	3	1	2	2	3	1	3	3	2	
0	2	3	3	3	3	2	3	1	3	2	3	2	2	3	3	3	2	2	2	3	3	3	2	2	2	3	3	2	3	3	2	1	3	1	2	2	0	2	3	3	2	2	1	3	2	3	2	2	2	3	
0	2	3	1	3	2	3	2	3	1	3	1	3	2	2	3	3	2	3	3	3	2	2	1	2	3	3	3	3	2	3	1	3	2	2	1	3	2	0	3	3	3	3	2	3	2	1	3	2	2	2	
0	2	2	3	1	3	2	3	2	2	3	3	3	1	2	1	2	3	3	2	1	2	3	3	1	1	2	2	2	2	2	1	2	3	2	3	2	2	3	0	3	3	2	2	2	2	3	3	2	1	2	
0	3	3	3	3	2	3	3	1	4	3	2	2	2	2	3	3	4	3	3	2	3	2	3	2	3	2	3	2	1	1	3	3	2	3	2	3	2	3	2	0	3	2	3	3	2	1	3	2	2	2	
0	1	1	1	3	2	3	2	2	2	3	3	3	2	3	2	3	3	2	3	2	3	2	2	2	2	3	3	1	2	3	3	3	2	2	1	3	3	2	3	3	0	2	2	2	3	3	2	3	2	2	
0	3	1	2	2	2	3	3	2	2	3	2	3	2	2	2	3	3	2	3	2	3	2	2	2	2	2	2	2	1	2	2	3	2	2	2	3	3	1	1	1	3	0	3	2	3	2	3	2	2	2	
0	2	3	2	2	2	1	2	2	3	3	3	3	2	2	3	2	2	1	2	2	2	3	2	1	2	3	2	3	2	3	1	1	3	2	1	2	2	2	3	2	2	2	0	2	1	3	1	3	2	2	
0	2	3	2	2	3	2	3	1	1	3	3	2	2	3	2	3	2	2	3	2	2	3	3	2	2	3	2	2	2	2	1	2	2	2	2	3	1	3	1	1	3	2	1	0	2	2	2	3	2	2	
0	3	2	3	1	2	2	3	2	3	2	4	2	1	3	2	1	2	3	2	3	3	3	4	3	3	2	3	2	3	3	2	3	3	2	3	1	3	3	2	2	3	3	2	2	0	3	2	2	3	2	
0	2	2	3	3	3	3	2	2	3	3	1	2	3	1	3	3	3	3	3	2	2	2	2	1	3	2	2	3	3	3	3	2	3	2	3	2	1	3	2	2	2	2	2	2	3	0	2	1	2	3	
0	2	3	3	3	2	3	2	1	3	3	3	2	2	3	3	3	2	3	3	2	2	3	2	1	3	2	2	2	1	2	3	1	2	2	1	3	1	2	2	1	2	2	2	2	2	2	0	3	2	2	
0	1	3	2	2	2	3	2	1	4	3	3	1	3	2	3	2	4	2	3	3	1	1	3	2	2	2	3	2	2	2	2	3	3	3	2	3	3	3	2	3	3	3	3	3	2	2	3	0	2	2	
0	2	2	2	1	3	1	2	2	3	2	3	2	3	1	2	2	3	2	2	2	2	3	2	1	1	1	2	1	2	1	1	2	2	2	3	2	1	2	2	2	3	1	2	2	2	3	2	3	0	1	
0	3	3	1	2	3	3	3	3	2	1	3	3	2	2	2	2	2	2	2	2	3	3	3	2	3	2	3	2	2	3	2	2	1	2	3	2	3	2	3	2	3	3	2	3	1	2	3	2	3	0	
M3
0	0	0	0	0	0	0	0	0	0	0	0	0	0	0	0	0	0	0	0	0	0	0	0	0	0	0	0	0	0	0	0	0	0	0	0	0	0	0	0	0	0	0	0	0	0	0	0	0	0	0	
0	0	4	2	3	1	3	3	2	2	2	2	3	3	3	2	3	2	3	2	2	4	3	3	4	1	3	2	2	2	3	2	3	3	3	1	2	3	2	3	3	1	3	2	3	3	3	3	2	3	3	
0	2	0	3	1	1	2	2	2	2	2	2	2	1	3	2	1	2	2	3	2	3	2	2	3	1	3	1	2	2	2	2	1	2	3	2	2	3	3	2	2	2	2	3	2	2	3	1	2	2	2	
0	2	2	0	2	3	2	3	3	3	3	3	3	3	2	2	2	3	2	2	1	2	3	3	2	2	3	3	1	2	2	1	2	2	2	3	3	1	2	2	2	3	2	2	2	1	3	2	2	3	3	
0	2	4	2	0	2	2	1	3	2	3	2	3	3	2	2	3	3	3	2	1	4	3	3	4	1	2	3	2	2	2	3	3	3	3	1	3	3	2	3	2	3	3	2	2	3	3	3	2	3	3	
0	2	3	2	2	0	3	3	1	2	2	1	2	2	3	2	3	1	3	3	3	3	2	2	3	3	2	1	1	3	2	2	2	2	2	2	1	2	2	3	2	3	2	3	2	3	2	2	2	2	2	
0	3	3	1	2	2	0	2	2	3	1	3	2	2	2	3	2	2	1	3	2	2	3	2	3	3	2	3	2	2	3	2	1	2	3	3	2	2	2	2	3	3	3	2	3	2	3	3	2	2	2	
0	1	4	3	3	2	3	0	2	3	3	3	3	2	2	3	3	2	2	2	3	3	3	3	3	2	3	3	3	3	4	2	3	3	2	2	3	2	2	3	1	2	3	2	2	3	3	3	3	3	3	
0	1	3	3	2	2	2	2	0	3	1	2	1	2	2	3	2	2	3	3	2	3	3	1	2	2	3	1	2	2	2	2	2	2	1	2	2	1	2	3	2	2	2	3	2	3	3	3	3	2	3	
0	3	3	3	2	3	2	2	3	0	3	3	2	2	2	3	2	2	1	3	1	2	2	1	3	3	2	3	3	2	2	2	1	2	3	3	3	2	3	3	3	3	2	3	2	2	3	3	1	2	2	
0	2	3	2	2	3	2	2	1	3	0	2	2	2	2	3	2	2	2	2	1	2	2	1	3	3	2	2	3	2	2	3	1	2	2	3	1	2	1	3	3	2	3	3	2	2	3	2	3	2	2	
0	2	2	3	3	2	3	2	3	2	3	0	3	2	2	1	3	2	2	2	2	2	1	2	2	2	3	3	2	2	2	3	3	3	2	1	3	3	2	3	3	2	1	2	1	2	2	2	1	1	1	
0	2	3	2	3	2	1	3	1	3	2	2	0	2	1	2	1	1	2	2	2	3	2	2	3	3	2	2	2	2	3	3	2	3	2	1	1	2	2	2	2	2	3	2	3	2	2	2	2	1	2	
0	1	2	2	3	2	1	2	2	1	1	2	1	0	2	3	2	2	2	3	2	2	2	2	3	2	3	3	3	2	3	3	1	2	3	2	2	3	2	1	3	2	1	2	2	2	2	2	1	2	1	
0	2	2	3	3	1	2	2	2	2	2	2	2	1	0	2	2	2	1	3	1	2	2	2	2	3	2	2	2	2	2	2	2	2	1	3	2	2	2	1	1	3	2	3	2	1	2	2	2	1	2	
0	2	4	3	2	2	2	2	3	3	2	3	3	2	2	0	2	1	2	2	3	2	2	1	3	2	2	2	3	2	3	2	3	3	2	2	3	2	1	3	3	2	3	3	1	3	2	1	3	2	2	
0	3	2	2	2	3	3	3	2	3	2	3	2	2	3	2	0	2	2	2	2	3	2	2	2	3	3	2	1	1	2	2	1	2	2	2	3	3	2	2	3	1	2	3	3	1	2	2	3	2	2	
0	2	4	2	3	3	3	2	2	2	1	2	3	2	2	2	3	0	3	2	2	3	1	2	3	2	3	1	2	3	2	2	2	2	3	1	2	1	2	3	2	3	3	2	2	3	1	2	2	3	3	
0	2	2	2	3	2	2	2	2	2	3	3	2	2	1	3	3	2	0	3	2	1	2	2	3	2	1	2	2	3	3	3	3	3	2	3	3	2	2	2	2	3	3	4	2	2	2	2	1	2	3	
0	2	3	2	3	2	1	2	3	2	2	2	2	1	3	3	3	3	2	0	3	2	3	3	4	3	2	2	3	3	3	2	2	3	3	3	3	3	3	2	2	2	2	3	2	3	3	3	2	2	1	
0	2	3	2	3	2	1	3	2	3	2	3	2	2	1	3	3	3	2	4	0	3	3	3	3	3	3	2	2	1	1	3	2	3	2	3	3	3	3	2	2	3	2	2	1	2	3	2	3	2	2	
0	2	2	3	2	2	2	2	1	3	2	3	2	2	1	2	3	3	2	3	2	0	3	1	3	2	3	2	3	3	3	2	3	2	2	2	3	1	3	2	2	3	3	3	3	2	3	1	2	2	2	
0	3	4	3	3	3	3	3	3	1	2	2	3	3	3	2	3	1	2	3	2	3	0	2	4	3	3	2	3	3	3	3	2	2	4	2	3	2	3	4	3	2	3	3	3	3	2	3	2	3	2	
0	2	4	2	1	2	1	1	3	3	2	3	3	3	3	3	2	2	2	3	2	3	3	0	4	2	3	3	2	3	3	3	2	2	3	2	3	1	3	3	2	3	3	3	3	3	3	2	2	1	3	
0	3	3	2	3	3	2	2	3	2	2	3	2	2	2	3	3	3	2	1	3	3	2	3	0	2	2	3	3	1	2	1	3	3	2	2	1	3	2	2	2	3	2	2	1	2	1	2	1	3	2	
0	3	3	3	3	1	3	3	2	1	3	2	3	2	2	1	2	2	2	3	2	3	2	2	3	0	3	2	2	2	3	3	2	3	3	3	2	2	2	3	3	3	3	4	2	2	3	2	1	3	3	
0	1	2	1	2	2	3	2	1	3	2	3	2	2	1	3	2	3	2	2	2	3	2	2	3	2	0	2	1	3	2	2	3	2	2	2	3	2	1	2	2	2	3	3	3	2	1	2	2	2	3	
0	2	3	2	2	3	2	2	2	2	2	3	2	1	2	3	3	2	3	2	3	3	3	1	2	3	2	0	2	2	1	1	2	3	2	3	1	2	2	2	1	2	2	2	1	3	3	2	2	2	2	
0	3	2	2	2	2	2	2	3	3	2	2	2	2	2	2	3	3	2	2	3	2	2	3	2	2	3	3	0	2	1	2	2	1	1	2	3	3	1	2	3	2	3	2	3	3	3	1	3	3	2	
0	2	2	1	3	2	2	2	2	2	1	2	2	1	2	2	3	2	1	3	2	2	2	2	2	2	2	2	2	0	3	2	2	2	3	2	2	2	2	2	3	3	1	2	3	2	3	1	2	3	2	
0	3	2	3	2	3	3	2	3	3	2	3	2	2	3	3	3	3	3	3	3	3	3	3	2	2	4	2	1	2	0	3	2	2	1	2	3	4	2	3	3	2	2	1	2	2	3	2	3	3	3	
0	3	3	1	3	2	2	2	2	3	2	3	3	2	1	3	3	2	2	1	2	3	2	3	3	2	3	3	2	1	3	0	2	3	2	3	3	2	2	1	1	3	2	1	2	2	2	2	3	2	2	
0	3	2	3	2	2	2	2	2	3	2	2	1	3	2	2	1	1	1	3	2	2	2	1	2	3	2	2	2	2	3	2	0	1	3	2	2	2	2	2	3	2	2	3	2	1	2	3	2	1	1	
0	3	3	2	2	3	1	2	3	2	2	4	3	3	2	4	3	3	2	2	3	3	2	3	4	3	3	3	3	3	4	3	2	0	3	3	3	3	1	3	3	2	4	3	4	3	4	4	3	3	3	
0	3	3	2	3	3	2	3	2	3	2	3	1	2	2	3	2	2	2	2	3	3	3	2	1	3	3	3	1	1	2	2	1	2	0	2	2	3	2	3	3	2	2	3	2	2	2	2	2	2	2	
0	3	3	3	2	3	2	2	3	3	2	1	3	2	2	1	3	2	2	1	3	3	2	2	3	3	3	3	1	2	2	3	3	2	2	0	3	3	1	3	3	2	2	1	2	3	3	2	2	2	2	
0	2	2	1	3	2	2	2	2	3	3	2	1	2	2	2	2	2	3	3	2	3	3	3	3	2	1	3	2	3	3	2	3	3	3	2	0	2	2	2	3	3	3	3	3	2	2	1	3	2	2	
0	1	4	3	2	2	2	3	3	2	3	3	4	3	3	2	3	3	3	3	2	4	3	3	4	1	4	3	3	2	3	3	3	1	4	2	3	0	2	4	4	2	3	3	3	3	4	3	2	4	3	
0	2	3	3	1	2	2	1	3	2	2	3	3	2	1	3	3	2	1	1	2	2	1	3	3	2	2	2	3	2	3	2	3	3	2	2	3	3	0	2	2	1	3	3	3	2	3	3	2	2	2	
0	2	4	2	3	2	3	1	1	2	2	2	2	2	3	2	3	2	3	2	3	3	1	2	3	2	2	2	2	3	2	2	3	2	2	2	3	2	3	0	2	3	3	3	1	3	1	1	2	3	2	
0	2	3	2	2	2	2	2	1	2	2	3	2	1	1	3	2	1	2	2	2	3	2	2	2	3	3	2	2	2	3	1	2	3	1	2	3	2	1	2	0	2	2	2	1	2	2	3	2	2	2	
0	3	3	2	3	3	2	3	2	3	1	3	3	2	2	2	3	3	2	3	1	3	3	2	3	3	3	1	3	1	2	2	2	3	2	2	2	3	2	3	2	0	2	3	2	3	4	2	3	2	3	
0	3	1	3	2	2	3	2	3	2	2	1	3	2	3	2	2	2	3	3	3	2	1	2	3	2	4	2	3	2	3	3	2	3	3	2	3	3	3	3	3	2	0	1	2	3	3	2	2	2	1	
0	2	3	2	2	3	2	1	2	2	1	3	2	1	3	3	3	3	2	3	2	3	2	2	3	3	3	2	3	1	3	3	2	3	2	3	2	3	2	2	2	3	2	0	1	3	3	2	2	3	2	
0	4	4	3	4	2	3	4	3	2	3	2	2	3	3	3	3	3	3	3	2	2	3	3	2	4	4	3	2	2	3	3	2	3	1	3	3	3	3	4	4	2	3	3	0	3	3	3	3	2	1	
0	3	1	2	2	2	2	2	2	3	3	2	3	2	2	1	1	2	1	2	3	2	2	2	1	2	2	2	2	2	3	1	2	1	3	3	2	3	2	1	2	2	1	2	2	0	2	2	2	3	2	
0	2	3	1	2	3	2	1	3	2	2	2	2	1	2	2	3	2	2	2	2	3	2	3	3	3	3	3	2	3	1	2	2	3	2	1	3	2	2	2	2	3	2	2	2	2	0	3	1	3	2	
0	2	3	2	3	1	2	1	2	2	2	2	2	1	2	1	3	2	2	2	3	2	3	2	2	1	2	2	2	2	3	1	2	2	3	1	2	3	2	2	2	2	2	2	2	3	3	0	2	3	1	
0	2	2	3	3	2	2	3	3	1	2	2	2	1	1	2	2	2	1	2	2	2	1	2	2	3	2	3	3	3	3	2	2	2	2	3	3	3	3	2	2	2	2	3	1	1	3	3	0	2	2	
0	3	3	3	2	1	2	2	2	2	2	2	3	2	2	3	3	1	2	3	3	3	2	1	3	3	3	2	2	4	3	3	3	3	3	2	2	2	3	3	3	3	3	3	2	2	2	3	1	0	3	
0	3	3	3	3	1	3	3	2	3	2	1	3	3	2	2	4	2	3	3	2	1	2	2	3	3	3	2	2	2	3	3	3	2	2	2	2	2	3	3	3	1	2	2	1	3	3	2	2	2	0	
Tamanho_Tarefas
0	19	11	16	15	5	29	8	28	24	11	10	19	1	19	17	12	19	24	21	21	15	11	19	26	17	21	13	10	16	3	26	23	15	9	16	12	18	25	23	19	2	28	18	14	8	25	38	11	19	12	
Data_Entrega
0	245	290	190	256	225	222	218	212	210	250	241	236	216	265	228	208	279	240	275	219	197	266	290	200	268	238	199	205	287	226	279	277	284	200	200	286	235	282	222	259	236	191	258	259	262	208	265	287	220	215	
Penalidade_Atraso
0	10	1	16	19	6	7	1	15	17	12	19	11	14	19	12	6	9	4	8	11	5	5	2	3	20	19	13	5	5	3	3	5	19	19	8	20	19	5	9	3	12	20	2	2	15	18	8	12	1	20	
Capacidade_Veiculo
105	57	41	100	78	61	65	66	64	57	84	71	105	44	106	69	39	83	46	108	72	52	49	
Custo_Fixo_Veiculo
1050	570	410	1000	780	610	650	660	640	570	840	710	1050	440	1060	690	390	830	460	1080	720	520	490	
Coordenadas_Clientes
x	0	y	0
x	83	y	0
x	84	y	10
x	103	y	26
x	79	y	31
x	77	y	42
x	88	y	64
x	81	y	76
x	77	y	93
x	53	y	84
x	37	y	80
x	33	y	104
x	23	y	121
x	7	y	118
x	-7	y	121
x	-22	y	117
x	-37	y	116
x	-51	y	109
x	-43	y	68
x	-73	y	88
x	-78	y	73
x	-67	y	48
x	-96	y	52
x	-76	y	30
x	-97	y	25
x	-98	y	12
x	-124	y	0
x	-110	y	-13
x	-115	y	-29
x	-106	y	-42
x	-85	y	-47
x	-93	y	-68
x	-61	y	-57
x	-66	y	-80
x	-53	y	-84
x	-44	y	-94
x	-29	y	-92
x	-14	y	-77
x	-7	y	-117
x	5	y	-90
x	14	y	-73
x	29	y	-92
x	35	y	-76
x	56	y	-89
x	52	y	-63
x	85	y	-80
x	67	y	-48
x	105	y	-57
x	93	y	-37
x	93	y	-24
x	112	y	-14
Tempo_Viagem
0	83	84	106	84	87	108	111	120	99	88	109	123	118	121	119	121	120	80	114	106	82	109	81	100	98	124	110	118	114	97	115	83	103	99	103	96	78	117	90	74	96	83	105	81	116	82	119	100	96	112	
83	0	10	32	31	42	64	76	93	89	92	115	134	140	150	157	166	172	143	179	176	157	186	161	181	181	207	193	200	193	174	187	154	169	159	157	144	123	147	119	100	106	89	92	70	80	50	61	38	26	32	
84	10	0	24	21	32	54	66	83	80	84	106	125	132	143	150	160	167	139	175	173	155	184	161	181	182	208	194	202	196	178	192	159	174	166	164	152	131	156	127	108	115	98	102	79	90	60	70	47	35	36	
106	32	24	0	24	30	40	53	70	76	85	104	123	132	145	154	165	174	151	186	186	170	199	179	200	201	228	216	224	219	201	216	183	198	190	188	176	155	179	151	132	138	121	124	102	106	82	83	63	50	41	
84	31	21	24	0	11	34	45	62	59	64	86	105	112	124	132	143	151	127	162	162	146	175	155	176	178	205	194	202	198	181	198	165	182	175	175	163	142	170	141	122	132	115	121	97	111	79	91	68	56	55	
87	42	32	30	11	0	24	34	51	48	55	76	95	103	115	124	135	144	122	156	157	144	173	153	174	177	205	194	204	201	184	202	169	187	181	182	170	149	179	150	131	142	125	132	107	122	90	102	79	67	66	
108	64	54	40	34	24	0	13	30	40	53	68	86	97	110	121	135	145	131	162	166	155	184	167	188	193	221	212	223	221	205	223	191	210	204	205	194	173	203	174	155	166	149	155	131	144	113	122	101	88	81	
111	76	66	53	45	34	13	0	17	29	44	55	73	84	98	110	124	135	124	154	159	150	178	163	184	190	218	210	222	221	206	225	194	214	208	211	200	180	211	182	163	175	158	166	141	156	124	135	113	100	94	
120	93	83	70	62	51	30	17	0	25	41	45	60	74	88	101	116	128	121	150	156	149	176	164	185	192	220	214	227	227	214	234	203	223	219	222	213	192	225	196	177	191	174	183	157	173	141	152	130	117	111	
99	89	80	76	59	48	40	29	25	0	16	28	47	57	70	81	95	106	96	126	131	124	151	139	160	167	195	189	202	202	190	210	181	202	198	202	194	174	209	180	161	177	161	173	147	167	132	150	127	115	114	
88	92	84	85	64	55	53	44	41	16	0	24	43	48	60	69	82	92	80	110	115	108	135	123	144	151	179	173	187	187	176	196	168	190	187	191	184	165	201	172	154	172	156	169	143	167	131	152	129	118	119	
109	115	106	104	86	76	68	55	45	28	24	0	19	29	43	56	71	84	84	107	115	114	139	131	151	159	187	184	198	201	191	213	186	208	206	212	205	187	224	196	178	196	180	193	167	191	155	176	153	141	141	
123	134	125	123	105	95	86	73	60	47	43	19	0	16	30	45	60	74	84	101	111	115	137	134	152	162	188	188	203	207	199	221	196	219	218	225	219	201	239	211	194	213	197	212	186	210	174	195	172	160	160	
118	140	132	132	112	103	97	84	74	57	48	29	16	0	14	29	44	58	70	85	96	101	122	120	138	148	174	174	190	195	188	210	187	210	210	218	213	196	235	208	191	211	196	212	186	212	176	200	177	166	167	
121	150	143	145	124	115	110	98	88	70	60	43	30	14	0	15	30	45	64	73	85	94	112	114	131	141	167	168	184	190	185	207	186	209	210	218	214	198	238	211	195	216	201	219	193	220	184	209	186	176	179	
119	157	150	154	132	124	121	110	101	81	69	56	45	29	15	0	15	30	53	58	71	82	98	102	118	129	154	156	172	179	175	197	178	201	203	212	209	194	234	208	193	215	201	220	194	223	187	215	192	181	186	
121	166	160	165	143	135	135	124	116	95	82	71	60	44	30	15	0	15	48	45	59	74	86	94	109	120	145	147	163	172	169	191	174	197	200	210	208	194	234	210	195	217	204	225	199	230	194	223	200	191	196	
120	172	167	174	151	144	145	135	128	106	92	84	74	58	45	30	15	0	41	30	45	63	72	82	95	107	131	134	150	160	159	181	166	189	193	203	201	188	228	206	193	216	203	225	200	232	196	227	205	196	203	
80	143	139	151	127	122	131	124	121	96	80	84	84	70	64	53	48	41	0	36	35	31	55	50	68	78	104	104	120	126	122	144	126	149	152	162	160	147	187	165	152	175	163	185	161	195	159	193	171	164	175	
114	179	175	186	162	156	162	154	150	126	110	107	101	85	73	58	45	30	36	0	15	40	42	58	66	79	101	106	122	133	135	156	145	168	172	183	185	175	215	194	183	206	196	219	195	230	195	229	207	200	211	
106	176	173	186	162	157	166	159	156	131	115	115	111	96	85	71	59	45	35	15	0	27	27	43	51	64	86	91	107	118	120	141	131	153	158	170	172	162	202	182	172	196	187	210	187	222	188	224	203	196	208	
82	157	155	170	146	144	155	150	149	124	108	114	115	101	94	82	74	63	31	40	27	0	29	20	37	47	73	74	90	98	96	118	105	128	132	143	145	135	175	155	145	169	160	184	162	198	164	201	181	175	189	
109	186	184	199	175	173	184	178	176	151	135	139	137	122	112	98	86	72	55	42	27	29	0	29	27	40	59	66	82	94	99	120	114	135	142	154	158	152	191	173	165	189	182	206	187	223	191	228	208	203	218	
81	161	161	179	155	153	167	163	164	139	123	131	134	120	114	102	94	82	50	58	43	20	29	0	21	28	56	54	70	78	77	99	88	110	116	128	130	123	162	144	136	160	153	177	158	194	162	200	181	177	193	
100	181	181	200	176	174	188	184	185	160	144	151	152	138	131	118	109	95	68	66	51	37	27	21	0	13	36	40	56	67	72	93	89	109	117	129	135	131	168	153	148	171	166	190	173	210	179	218	199	196	212	
98	181	182	201	178	177	193	190	192	167	151	159	162	148	141	129	120	107	78	79	64	47	40	28	13	0	28	27	43	54	60	80	78	97	106	118	124	122	157	144	140	164	159	183	167	204	175	214	197	194	210	
124	207	208	228	205	205	221	218	220	195	179	187	188	174	167	154	145	131	104	101	86	73	59	56	36	28	0	19	30	45	61	74	84	98	109	122	131	134	164	157	156	178	176	200	186	223	196	235	220	218	236	
110	193	194	216	194	194	212	210	214	189	173	184	188	174	168	156	147	134	104	106	91	74	66	54	40	27	19	0	16	29	42	57	65	80	90	103	112	115	145	138	137	159	158	181	169	206	180	219	204	203	222	
118	200	202	224	202	204	223	222	227	202	187	198	203	190	184	172	163	150	120	122	107	90	82	70	56	43	30	16	0	15	34	44	60	70	82	95	105	111	138	133	136	156	157	180	170	206	182	221	208	208	227	
114	193	196	219	198	201	221	221	227	202	187	201	207	195	190	179	172	160	126	133	118	98	94	78	67	54	45	29	15	0	21	29	47	55	67	80	91	98	123	120	123	143	144	167	158	194	173	211	199	199	219	
97	174	178	201	181	184	205	206	214	190	176	191	199	188	185	175	169	159	122	135	120	96	99	77	72	60	61	42	34	21	0	22	26	38	48	61	71	77	104	99	102	122	123	146	137	173	152	190	178	179	199	
115	187	192	216	198	202	223	225	234	210	196	213	221	210	207	197	191	181	144	156	141	118	120	99	93	80	74	57	44	29	22	0	33	29	42	55	67	79	98	100	107	124	128	150	145	178	161	198	188	190	211	
83	154	159	183	165	169	191	194	203	181	168	186	196	187	186	178	174	166	126	145	131	105	114	88	89	78	84	65	60	47	26	33	0	23	28	40	47	51	80	73	76	96	97	120	113	147	128	166	155	157	178	
103	169	174	198	182	187	210	214	223	202	190	208	219	210	209	201	197	189	149	168	153	128	135	110	109	97	98	80	70	55	38	29	23	0	13	26	38	52	69	71	80	95	101	122	119	151	136	172	164	168	189	
99	159	166	190	175	181	204	208	219	198	187	206	218	210	210	203	200	193	152	172	158	132	142	116	117	106	109	90	82	67	48	42	28	13	0	13	25	39	56	58	67	82	88	109	106	138	125	159	153	157	178	
103	157	164	188	175	182	205	211	222	202	191	212	225	218	218	212	210	203	162	183	170	143	154	128	129	118	122	103	95	80	61	55	40	26	13	0	15	34	43	49	61	73	80	100	100	129	119	152	147	153	174	
96	144	152	176	163	170	194	200	213	194	184	205	219	213	214	209	208	201	160	185	172	145	158	130	135	124	131	112	105	91	71	67	47	38	25	15	0	21	33	34	47	58	65	85	86	114	105	137	133	139	160	
78	123	131	155	142	149	173	180	192	174	165	187	201	196	198	194	194	188	147	175	162	135	152	123	131	122	134	115	111	98	77	79	51	52	39	34	21	0	40	23	28	45	49	71	67	99	86	120	114	119	140	
117	147	156	179	170	179	203	211	225	209	201	224	239	235	238	234	234	228	187	215	202	175	191	162	168	157	164	145	138	123	104	98	80	69	56	43	33	40	0	29	48	43	58	68	79	98	100	126	127	135	156	
90	119	127	151	141	150	174	182	196	180	172	196	211	208	211	208	210	206	165	194	182	155	173	144	153	144	157	138	133	120	99	100	73	71	58	49	34	23	29	0	19	24	33	51	54	80	74	105	102	109	130	
74	100	108	132	122	131	155	163	177	161	154	178	194	191	195	193	195	193	152	183	172	145	165	136	148	140	156	137	136	123	102	107	76	80	67	61	47	28	48	19	0	24	21	44	39	71	58	92	86	92	113	
96	106	115	138	132	142	166	175	191	177	172	196	213	211	216	215	217	216	175	206	196	169	189	160	171	164	178	159	156	143	122	124	96	95	82	73	58	45	43	24	24	0	17	27	37	57	58	83	84	93	113	
83	89	98	121	115	125	149	158	174	161	156	180	197	196	201	201	204	203	163	196	187	160	182	153	166	159	176	158	157	144	123	128	97	101	88	80	65	49	58	33	21	17	0	24	21	50	42	72	69	77	98	
105	92	102	124	121	132	155	166	183	173	169	193	212	212	219	220	225	225	185	219	210	184	206	177	190	183	200	181	180	167	146	150	120	122	109	100	85	71	68	51	44	27	24	0	26	30	42	58	63	74	92	
81	70	79	102	97	107	131	141	157	147	143	167	186	186	193	194	199	200	161	195	187	162	187	158	173	167	186	169	170	158	137	145	113	119	106	100	86	67	79	54	39	37	21	26	0	37	21	53	48	56	77	
116	80	90	106	111	122	144	156	173	167	167	191	210	212	220	223	230	232	195	230	222	198	223	194	210	204	223	206	206	194	173	178	147	151	138	129	114	99	98	80	71	57	50	30	37	0	36	30	43	56	71	
82	50	60	82	79	90	113	124	141	132	131	155	174	176	184	187	194	196	159	195	188	164	191	162	179	175	196	180	182	173	152	161	128	136	125	119	105	86	100	74	58	58	42	42	21	36	0	39	28	35	56	
119	61	70	83	91	102	122	135	152	150	152	176	195	200	209	215	223	227	193	229	224	201	228	200	218	214	235	219	221	211	190	198	166	172	159	152	137	120	126	105	92	83	72	58	53	30	39	0	23	35	43	
100	38	47	63	68	79	101	113	130	127	129	153	172	177	186	192	200	205	171	207	203	181	208	181	199	197	220	204	208	199	178	188	155	164	153	147	133	114	127	102	86	84	69	63	48	43	28	23	0	13	29	
96	26	35	50	56	67	88	100	117	115	118	141	160	166	176	181	191	196	164	200	196	175	203	177	196	194	218	203	208	199	179	190	157	168	157	153	139	119	135	109	92	93	77	74	56	56	35	35	13	0	21	
112	32	36	41	55	66	81	94	111	114	119	141	160	167	179	186	196	203	175	211	208	189	218	193	212	210	236	222	227	219	199	211	178	189	178	174	160	140	156	130	113	113	98	92	77	71	56	43	29	21	0	
Custo_Viagem
V0
0	1743	1764	2226	1764	1827	2268	2331	2520	2079	1848	2289	2583	2478	2541	2499	2541	2520	1680	2394	2226	1722	2289	1701	2100	2058	2604	2310	2478	2394	2037	2415	1743	2163	2079	2163	2016	1638	2457	1890	1554	2016	1743	2205	1701	2436	1722	2499	2100	2016	2352	
1743	0	210	672	651	882	1344	1596	1953	1869	1932	2415	2835	2940	3150	3297	3486	3612	3003	3759	3696	3297	3906	3381	3801	3801	4347	4053	4200	4053	3654	3948	3234	3549	3339	3318	3024	2583	3087	2499	2100	2226	1869	1953	1470	1680	1050	1281	798	546	672	
1764	210	0	504	441	672	1134	1386	1743	1680	1764	2226	2646	2772	3003	3150	3360	3507	2919	3675	3633	3255	3864	3381	3801	3822	4368	4095	4242	4116	3738	4053	3339	3654	3486	3444	3192	2751	3276	2667	2268	2415	2058	2142	1659	1890	1260	1470	987	735	756	
2226	672	504	0	504	630	840	1134	1491	1596	1785	2184	2604	2772	3045	3234	3486	3654	3171	3906	3927	3591	4200	3759	4200	4221	4788	4536	4704	4599	4221	4557	3843	4179	3990	3969	3717	3255	3780	3171	2793	2919	2562	2604	2142	2247	1722	1743	1323	1050	861	
1764	651	441	504	0	231	714	945	1302	1239	1344	1806	2226	2352	2604	2772	3003	3171	2667	3402	3402	3066	3696	3255	3696	3738	4305	4074	4263	4158	3801	4158	3465	3822	3675	3675	3423	2982	3591	2961	2562	2772	2415	2562	2037	2331	1659	1911	1449	1176	1155	
1827	882	672	630	231	0	504	714	1071	1008	1155	1596	1995	2163	2415	2604	2835	3024	2562	3276	3318	3024	3633	3213	3654	3717	4305	4074	4284	4221	3864	4242	3549	3927	3801	3822	3570	3129	3759	3150	2751	2982	2625	2772	2247	2562	1890	2142	1680	1407	1386	
2268	1344	1134	840	714	504	0	273	651	840	1113	1428	1806	2037	2310	2562	2835	3066	2751	3402	3486	3255	3864	3507	3969	4053	4641	4452	4683	4641	4305	4704	4011	4410	4284	4305	4095	3654	4284	3654	3255	3486	3129	3276	2772	3024	2373	2562	2121	1848	1701	
2331	1596	1386	1134	945	714	273	0	357	609	924	1155	1533	1785	2058	2310	2604	2856	2604	3234	3339	3150	3738	3423	3885	3990	4578	4410	4662	4641	4326	4725	4074	4494	4368	4431	4200	3780	4452	3822	3423	3675	3318	3486	2961	3276	2604	2835	2373	2100	1995	
2520	1953	1743	1491	1302	1071	651	357	0	525	882	945	1260	1554	1848	2121	2436	2688	2562	3150	3276	3150	3717	3465	3906	4032	4641	4494	4767	4767	4494	4914	4263	4704	4599	4662	4473	4032	4746	4116	3717	4011	3654	3843	3297	3633	2961	3192	2730	2478	2352	
2079	1869	1680	1596	1239	1008	840	609	525	0	336	588	987	1197	1470	1701	1995	2226	2037	2646	2751	2625	3192	2919	3381	3507	4095	3969	4242	4242	3990	4410	3801	4242	4158	4242	4074	3654	4389	3780	3381	3717	3381	3633	3087	3507	2772	3150	2667	2415	2394	
1848	1932	1764	1785	1344	1155	1113	924	882	336	0	504	903	1008	1260	1449	1722	1932	1680	2310	2415	2268	2835	2583	3024	3171	3759	3633	3927	3927	3696	4116	3528	3990	3927	4011	3864	3465	4221	3612	3234	3612	3276	3570	3003	3507	2751	3192	2709	2478	2520	
2289	2415	2226	2184	1806	1596	1428	1155	945	588	504	0	399	609	903	1176	1491	1764	1764	2247	2415	2394	2919	2751	3192	3360	3948	3864	4158	4221	4011	4473	3906	4368	4326	4452	4305	3927	4704	4116	3738	4116	3780	4074	3528	4011	3255	3696	3213	2961	2982	
2583	2835	2646	2604	2226	1995	1806	1533	1260	987	903	399	0	336	630	945	1260	1554	1764	2121	2331	2415	2877	2814	3213	3402	3990	3948	4263	4347	4179	4641	4116	4599	4578	4725	4599	4221	5019	4431	4074	4473	4137	4452	3906	4410	3654	4095	3612	3381	3381	
2478	2940	2772	2772	2352	2163	2037	1785	1554	1197	1008	609	336	0	294	609	924	1218	1470	1785	2016	2121	2562	2520	2919	3129	3696	3675	4011	4095	3948	4431	3927	4431	4410	4578	4473	4116	4935	4368	4011	4431	4116	4452	3906	4452	3696	4200	3717	3486	3528	
2541	3150	3003	3045	2604	2415	2310	2058	1848	1470	1260	903	630	294	0	315	630	945	1344	1533	1785	1974	2352	2394	2751	2961	3528	3549	3864	3990	3885	4347	3906	4389	4410	4578	4494	4158	4998	4431	4095	4536	4221	4599	4053	4641	3864	4410	3906	3696	3759	
2499	3297	3150	3234	2772	2604	2562	2310	2121	1701	1449	1176	945	609	315	0	315	630	1113	1218	1491	1722	2058	2142	2478	2709	3255	3276	3633	3759	3675	4158	3738	4221	4263	4452	4389	4074	4914	4368	4053	4515	4221	4620	4074	4704	3927	4515	4032	3801	3927	
2541	3486	3360	3486	3003	2835	2835	2604	2436	1995	1722	1491	1260	924	630	315	0	315	1008	945	1239	1554	1827	1974	2289	2520	3045	3108	3444	3612	3549	4032	3654	4158	4200	4410	4368	4074	4914	4410	4095	4578	4305	4725	4179	4830	4074	4683	4200	4011	4137	
2520	3612	3507	3654	3171	3024	3066	2856	2688	2226	1932	1764	1554	1218	945	630	315	0	861	630	945	1323	1512	1722	1995	2247	2751	2835	3192	3360	3339	3801	3486	3969	4053	4263	4242	3969	4830	4326	4053	4536	4284	4725	4200	4872	4116	4767	4305	4116	4284	
1680	3003	2919	3171	2667	2562	2751	2604	2562	2037	1680	1764	1764	1470	1344	1113	1008	861	0	756	735	651	1155	1050	1449	1638	2205	2205	2520	2646	2562	3024	2646	3129	3192	3402	3360	3087	3948	3465	3192	3675	3423	3885	3381	4095	3339	4053	3591	3444	3675	
2394	3759	3675	3906	3402	3276	3402	3234	3150	2646	2310	2247	2121	1785	1533	1218	945	630	756	0	315	840	882	1218	1407	1680	2121	2247	2604	2814	2835	3297	3045	3528	3633	3864	3885	3675	4515	4074	3843	4326	4116	4599	4116	4830	4095	4809	4347	4200	4431	
2226	3696	3633	3927	3402	3318	3486	3339	3276	2751	2415	2415	2331	2016	1785	1491	1239	945	735	315	0	567	567	903	1071	1344	1806	1911	2268	2478	2520	2961	2751	3213	3318	3570	3612	3423	4242	3822	3612	4116	3927	4410	3948	4683	3948	4704	4263	4116	4368	
1722	3297	3255	3591	3066	3024	3255	3150	3150	2625	2268	2394	2415	2121	1974	1722	1554	1323	651	840	567	0	609	420	777	987	1554	1554	1890	2058	2016	2478	2205	2688	2772	3003	3045	2835	3675	3255	3045	3549	3360	3864	3402	4158	3444	4221	3801	3675	3969	
2289	3906	3864	4200	3696	3633	3864	3738	3717	3192	2835	2919	2877	2562	2352	2058	1827	1512	1155	882	567	609	0	609	567	840	1239	1386	1743	1974	2079	2520	2394	2835	2982	3234	3318	3192	4011	3654	3486	3990	3843	4347	3927	4704	4011	4788	4368	4263	4578	
1701	3381	3381	3759	3255	3213	3507	3423	3465	2919	2583	2751	2814	2520	2394	2142	1974	1722	1050	1218	903	420	609	0	441	588	1176	1134	1470	1638	1617	2079	1848	2310	2436	2688	2730	2583	3402	3024	2856	3360	3213	3717	3318	4074	3402	4200	3801	3717	4053	
2100	3801	3801	4200	3696	3654	3969	3885	3906	3381	3024	3192	3213	2919	2751	2478	2289	1995	1449	1407	1071	777	567	441	0	273	756	840	1176	1407	1512	1953	1869	2289	2457	2730	2835	2751	3528	3213	3108	3591	3486	3990	3633	4410	3759	4578	4179	4116	4452	
2058	3801	3822	4221	3738	3717	4053	3990	4032	3507	3171	3360	3402	3129	2961	2709	2520	2247	1638	1680	1344	987	840	588	273	0	588	567	924	1134	1260	1680	1638	2037	2226	2478	2604	2562	3297	3024	2940	3444	3339	3864	3507	4284	3675	4494	4137	4074	4431	
2604	4347	4368	4788	4305	4305	4641	4578	4641	4095	3759	3948	3990	3696	3528	3255	3045	2751	2205	2121	1806	1554	1239	1176	756	588	0	399	630	945	1281	1554	1764	2058	2289	2583	2772	2814	3465	3297	3276	3738	3696	4200	3906	4683	4116	4935	4620	4578	4956	
