M: 4
N: 50
Nun_Veiculos: 22
Capacidade_Total: 1482
Demanda_Total: 780
Setup_Min: 1
Setup_Max: 9
Raio: 100
Circulos: 1
Tempo_Processamento_Min: 1
Tempo_Processamento_Max: 49
Demanda_Min: 10
Demanda_Max: 30
Priority_Factor: 0.2
Range_Factor_R: 0.8
U_factor: 2
ALpha: 0.2Replicao: 1
Tempos_Processamentos
0	0	1	0	2	0	3	0	
0	6	1	1	2	16	3	44	
0	33	1	10	2	33	3	37	
0	6	1	20	2	3	3	37	
0	1	1	28	2	34	3	13	
0	33	1	47	2	16	3	13	
0	6	1	20	2	29	3	44	
0	25	1	13	2	35	3	28	
0	27	1	43	2	15	3	3	
0	36	1	3	2	36	3	36	
0	35	1	23	2	29	3	32	
0	19	1	11	2	32	3	23	
0	14	1	48	2	44	3	48	
0	16	1	13	2	49	3	24	
0	11	1	11	2	3	3	43	
0	23	1	20	2	37	3	34	
0	47	1	26	2	13	3	46	
0	1	1	17	2	19	3	27	
0	27	1	27	2	32	3	21	
0	12	1	46	2	46	3	47	
0	20	1	34	2	43	3	3	
0	37	1	21	2	29	3	45	
0	19	1	13	2	28	3	46	
0	13	1	19	2	47	3	27	
0	49	1	3	2	27	3	5	
0	35	1	31	2	36	3	15	
0	7	1	21	2	46	3	26	
0	3	1	16	2	23	3	37	
0	43	1	30	2	32	3	38	
0	27	1	9	2	10	3	12	
0	23	1	35	2	27	3	6	
0	28	1	14	2	18	3	16	
0	29	1	21	2	38	3	5	
0	23	1	38	2	14	3	2	
0	25	1	48	2	3	3	8	
0	37	1	13	2	15	3	35	
0	15	1	35	2	32	3	23	
0	2	1	46	2	34	3	11	
0	20	1	34	2	10	3	40	
0	44	1	14	2	2	3	7	
0	3	1	3	2	8	3	4	
0	28	1	13	2	47	3	43	
0	18	1	3	2	16	3	18	
0	26	1	25	2	18	3	43	
0	49	1	3	2	49	3	19	
0	25	1	1	2	16	3	19	
0	6	1	27	2	14	3	49	
0	34	1	36	2	12	3	10	
0	28	1	47	2	39	3	36	
0	29	1	26	2	18	3	16	
0	9	1	24	2	26	3	42	

Tempos_setup
M0
0	0	0	0	0	0	0	0	0	0	0	0	0	0	0	0	0	0	0	0	0	0	0	0	0	0	0	0	0	0	0	0	0	0	0	0	0	0	0	0	0	0	0	0	0	0	0	0	0	0	0	
0	0	2	2	2	1	3	1	1	3	3	3	2	3	1	2	2	2	2	3	3	3	3	2	1	2	3	2	3	3	3	3	3	2	3	2	2	2	2	3	2	4	3	3	3	1	3	4	3	2	2	
0	2	0	3	1	3	2	2	3	1	2	3	3	3	2	1	3	3	2	3	2	3	2	3	3	2	2	2	2	3	3	2	2	2	3	2	1	3	3	3	3	2	2	3	2	3	3	3	2	2	3	
0	3	3	0	3	2	3	3	2	3	2	2	4	1	3	3	2	3	2	3	3	3	2	3	3	2	2	3	3	2	2	3	3	1	3	2	3	3	3	3	2	3	4	2	3	1	3	3	2	3	2	
0	2	2	2	0	2	2	3	3	2	2	2	3	3	2	3	2	2	1	3	3	2	2	2	2	3	2	3	3	3	2	2	1	1	2	1	2	2	2	2	2	2	3	3	3	2	3	3	1	2	3	
0	2	2	3	3	0	3	3	2	2	2	2	3	3	3	3	2	2	3	3	3	2	3	1	2	3	3	2	2	2	3	4	2	3	3	1	2	1	3	2	1	3	3	3	3	3	2	4	3	2	2	
0	3	3	3	3	1	0	2	3	3	2	3	3	3	3	3	3	2	3	3	3	3	2	2	3	3	3	3	3	3	3	3	1	2	2	2	3	2	2	3	2	3	3	3	3	2	3	4	3	2	3	
0	2	1	1	1	3	2	0	2	2	2	2	1	2	3	1	1	3	2	2	2	2	2	3	3	2	2	3	3	3	2	2	2	1	2	2	1	3	1	3	3	3	2	3	2	2	3	3	2	2	3	
0	3	3	2	2	1	3	3	0	3	2	2	3	3	3	3	2	3	3	2	3	3	3	2	2	2	2	3	3	3	3	4	3	3	3	2	3	2	3	3	2	3	4	4	3	3	2	4	3	3	1	
0	2	2	3	2	2	1	2	2	0	3	2	3	2	2	2	2	3	2	2	2	3	1	2	2	2	1	1	1	3	2	2	2	2	2	3	3	3	3	2	2	1	2	2	2	2	2	3	2	1	2	
0	1	2	1	3	2	2	2	1	2	0	2	3	2	2	2	3	2	3	2	2	3	1	3	2	2	3	3	2	1	2	2	2	2	3	2	1	2	1	2	3	1	2	2	3	2	2	3	3	2	2	
0	1	2	2	1	2	1	2	2	2	2	0	2	2	2	2	2	2	2	3	3	2	3	3	2	2	3	2	1	3	1	2	2	2	2	1	2	1	3	2	2	3	2	3	1	2	1	3	2	3	2	
0	3	3	3	3	2	3	2	2	3	3	3	0	1	2	3	3	3	3	3	3	1	2	3	3	2	3	3	3	3	2	1	1	2	2	2	3	2	2	2	3	3	3	3	2	2	2	4	3	2	3	
0	2	2	3	3	1	3	3	1	2	2	2	3	0	2	2	2	2	3	2	3	2	1	2	2	2	3	3	2	3	1	2	2	3	3	1	2	2	3	2	2	3	3	2	3	3	2	3	3	3	2	
0	3	2	2	3	1	2	3	1	3	3	3	2	3	0	2	2	1	2	3	3	3	3	2	3	2	3	1	3	3	3	3	2	3	2	2	2	2	3	3	2	4	4	2	2	1	3	4	2	2	2	
0	3	1	2	2	3	3	1	3	2	3	3	2	3	2	0	2	2	3	2	3	2	1	3	3	2	3	3	2	3	3	2	2	2	2	3	2	3	2	2	3	3	3	2	1	3	2	2	3	3	4	
0	2	2	1	1	2	2	2	1	2	1	1	2	2	2	1	0	3	2	3	3	2	2	3	2	2	1	2	2	2	1	2	2	2	1	2	2	2	2	3	3	2	3	3	2	1	2	3	2	3	2	
0	3	2	2	2	3	2	2	3	3	3	3	1	2	2	1	2	0	2	3	3	2	2	3	3	2	3	3	3	3	3	2	1	3	2	2	3	2	2	2	3	4	3	3	2	1	3	3	1	2	3	
0	1	3	3	3	2	3	2	2	2	4	3	3	3	2	3	3	3	0	4	2	4	3	2	1	2	3	2	2	3	3	4	4	3	3	3	2	3	3	3	3	2	3	3	3	2	3	3	4	1	3	
0	2	2	3	3	1	3	3	2	2	3	2	3	3	1	3	3	2	1	0	3	1	3	1	2	2	3	2	2	1	3	2	2	2	2	2	3	2	3	3	1	3	3	3	3	2	2	3	3	2	2	
0	2	1	2	1	2	2	2	2	2	2	2	2	1	2	2	2	1	2	2	0	3	1	2	2	3	3	1	2	3	2	2	2	2	1	1	2	3	2	2	3	2	3	2	2	2	3	3	2	2	2	
0	3	2	2	3	3	3	3	3	3	2	3	2	3	3	3	3	3	3	4	3	0	3	4	3	3	2	3	4	3	2	3	2	1	3	2	3	2	3	3	3	3	4	3	2	3	1	3	2	3	3	
0	2	2	2	2	2	3	2	3	3	2	2	2	2	2	1	2	2	2	1	3	2	0	2	2	2	3	2	1	2	2	1	1	2	2	3	2	2	2	1	2	2	2	1	2	2	2	2	3	2	3	
0	2	3	4	3	2	2	3	3	1	4	2	2	3	3	3	3	4	3	3	3	2	2	0	1	2	2	2	2	1	3	3	3	3	3	3	2	2	4	3	3	2	3	3	3	3	2	3	3	2	3	
0	1	2	3	3	1	2	2	2	3	3	3	3	3	2	3	2	3	3	3	2	3	2	2	0	1	3	1	3	3	3	3	3	3	2	2	1	2	3	3	2	4	2	2	2	2	3	4	4	2	3	
0	3	2	2	2	3	2	3	2	3	3	2	3	2	2	3	2	2	2	3	1	3	2	3	3	0	2	1	3	3	2	3	2	3	2	2	3	3	3	3	4	3	2	2	2	1	3	3	3	2	3	
0	1	2	2	2	1	2	1	1	3	2	2	2	3	1	2	2	2	1	2	3	3	3	2	2	3	0	2	3	3	3	2	3	2	2	2	2	2	2	2	2	3	3	3	3	2	2	4	1	2	1	
0	3	1	2	2	2	1	2	1	2	2	2	2	2	2	2	1	2	3	3	2	3	3	2	2	3	2	0	2	3	2	2	2	2	1	3	2	3	2	3	3	3	3	1	1	2	3	4	3	1	2	
0	2	2	3	1	2	2	2	2	2	2	1	2	1	3	1	2	2	2	3	2	2	2	2	1	1	2	2	0	2	1	3	2	1	3	2	2	2	3	3	3	3	1	3	2	2	1	3	2	2	2	
0	2	2	3	2	2	2	3	3	2	3	1	2	3	3	3	2	3	3	3	3	3	3	3	3	3	3	2	2	0	2	3	3	3	3	2	2	1	3	3	2	3	3	3	2	3	1	2	3	2	3	
0	1	1	3	2	2	2	2	2	1	2	2	2	1	2	2	2	3	2	2	2	1	2	3	1	1	2	2	2	2	0	3	3	2	3	2	2	3	3	3	2	2	3	3	3	2	1	3	3	2	1	
0	2	2	2	2	2	2	1	2	2	2	2	2	3	1	2	2	2	2	2	2	2	3	2	2	1	3	2	2	3	2	0	2	2	1	3	2	3	1	1	3	2	2	3	2	2	2	4	3	3	3	
0	3	2	2	3	2	2	2	2	2	2	2	2	3	2	2	2	3	2	2	2	3	1	2	2	2	3	2	2	2	2	2	0	2	1	2	2	1	1	2	2	3	2	2	2	1	2	3	4	1	3	
0	2	2	2	3	2	3	2	2	2	1	2	3	2	2	3	2	3	2	3	3	2	2	3	2	2	1	3	3	2	1	3	3	0	3	1	2	3	2	2	2	2	3	3	3	3	2	2	2	3	2	
0	2	3	2	2	1	2	2	2	3	2	1	1	2	1	2	1	2	3	3	3	2	3	2	1	2	2	2	1	3	2	1	2	2	0	2	2	2	2	2	2	3	2	3	1	2	2	4	3	3	3	
0	1	2	2	2	2	2	2	2	3	1	1	2	3	2	2	1	2	2	3	2	3	2	3	2	2	2	2	2	2	2	3	2	2	2	0	1	2	2	1	3	2	3	3	2	2	2	4	3	2	3	
0	1	2	3	2	2	1	2	2	2	3	3	3	2	2	2	3	2	3	3	1	4	2	2	2	1	3	2	2	3	3	3	2	3	2	2	0	3	3	3	3	3	3	2	3	2	3	4	3	1	3	
0	2	2	3	2	3	2	3	2	3	2	1	2	3	3	3	2	2	3	2	2	3	2	3	3	2	2	1	2	3	2	3	2	3	2	2	1	0	3	3	1	3	3	2	2	3	1	3	3	2	2	
0	2	1	2	2	2	1	3	2	1	1	2	3	2	2	2	2	2	2	1	3	2	2	2	2	2	2	2	2	2	1	3	2	3	3	3	2	3	0	3	2	2	1	3	3	3	2	3	3	2	2	
0	1	2	2	2	1	2	2	2	3	1	2	1	2	2	2	1	3	1	2	2	2	2	2	2	2	2	1	3	2	2	2	1	3	2	2	1	2	2	0	2	2	3	2	2	2	1	3	3	2	3	
0	2	1	3	2	2	2	2	1	2	2	1	2	2	3	2	2	1	3	2	2	3	2	2	2	2	2	3	1	3	2	3	1	2	2	2	2	2	2	2	0	3	2	3	2	2	2	3	2	1	1	
0	2	2	3	3	2	2	2	2	2	2	3	2	1	3	3	2	3	2	3	2	2	2	2	2	2	3	2	2	3	1	3	2	3	3	2	2	3	3	1	3	0	3	3	3	3	2	4	3	1	2	
0	2	3	2	2	2	2	2	1	2	2	1	3	3	3	2	1	2	3	2	2	3	1	2	3	3	2	3	2	3	2	2	2	2	2	2	3	2	3	2	3	3	0	2	2	2	2	2	3	1	2	
0	2	2	2	2	2	2	1	2	3	2	1	2	3	3	2	1	1	3	3	3	3	3	3	3	3	2	3	2	3	2	3	2	2	2	2	2	2	2	3	3	3	3	0	2	2	2	4	2	3	3	
0	3	3	1	3	3	3	2	3	3	2	3	2	2	2	2	3	1	2	3	2	3	3	3	3	2	3	3	3	3	3	1	2	2	2	3	3	3	2	2	3	3	3	2	0	2	3	4	2	3	3	
0	2	3	1	2	3	3	3	2	3	2	2	3	2	3	2	1	3	1	4	2	3	3	3	2	1	2	2	2	2	2	3	3	2	2	1	2	3	3	2	3	3	3	3	3	0	3	3	3	2	3	
0	2	1	3	2	3	3	3	3	2	2	2	1	2	3	2	2	3	3	4	3	2	3	3	3	3	3	2	3	3	3	2	2	3	3	1	2	3	3	2	4	2	3	3	3	3	0	2	2	3	4	
0	2	3	2	2	1	3	2	2	3	3	2	3	1	2	2	2	3	2	3	3	3	2	2	3	2	1	3	3	3	2	3	2	3	3	2	2	2	3	2	2	4	4	3	3	1	3	0	2	3	2	
0	2	1	1	1	2	1	2	2	2	2	3	2	2	1	2	2	2	2	2	3	3	3	2	3	2	3	2	3	3	3	1	2	2	2	2	2	3	2	1	3	3	3	3	2	2	2	4	0	3	2	
0	2	2	2	2	1	2	1	1	1	3	2	2	2	3	2	2	2	3	3	1	3	2	1	2	2	2	2	1	2	2	3	3	2	2	2	2	2	2	3	2	2	2	3	3	3	2	4	3	0	2	
0	2	2	2	2	2	2	2	1	3	1	1	2	3	2	2	1	3	2	1	3	2	2	2	1	2	1	2	2	2	2	3	3	2	2	2	2	2	2	3	2	2	3	3	2	2	1	3	2	3	0	
M1
0	0	0	0	0	0	0	0	0	0	0	0	0	0	0	0	0	0	0	0	0	0	0	0	0	0	0	0	0	0	0	0	0	0	0	0	0	0	0	0	0	0	0	0	0	0	0	0	0	0	0	
0	0	2	1	1	2	3	2	2	2	3	3	3	3	2	1	1	2	2	3	2	1	3	3	2	2	2	2	3	3	2	2	3	2	2	1	3	2	3	2	2	2	1	2	2	2	3	2	3	2	2	
0	2	0	1	2	1	2	2	2	2	2	1	3	3	3	3	2	2	2	3	2	1	2	2	2	2	3	2	2	2	2	2	3	2	2	2	3	1	3	2	2	2	3	2	1	3	2	2	3	1	2	
0	2	2	0	3	1	3	2	3	1	2	3	2	2	2	3	3	3	2	2	3	2	3	3	1	2	2	3	3	2	2	2	2	1	2	2	2	3	2	2	2	1	2	3	3	3	2	2	3	3	2	
0	2	3	2	0	3	3	1	2	2	3	3	2	2	3	3	3	2	1	3	3	2	2	3	3	1	2	2	2	2	2	2	2	1	2	2	2	3	2	2	1	3	2	2	2	1	2	1	2	1	2	
0	1	2	2	2	0	3	1	3	1	2	2	2	2	3	2	2	3	2	3	3	2	2	3	3	2	3	3	2	2	2	1	2	2	2	2	2	3	3	2	3	3	2	2	2	3	1	1	2	2	3	
0	3	2	2	2	2	0	3	2	3	3	3	3	3	2	2	3	3	1	1	3	2	2	3	3	2	3	2	3	2	3	3	2	3	2	2	3	2	3	3	2	1	1	2	2	2	2	2	2	3	2	
0	2	2	1	3	2	2	0	3	2	3	2	2	2	3	3	2	3	3	2	2	2	3	3	2	3	2	3	3	3	2	2	1	1	1	3	2	3	3	2	2	2	2	1	2	2	2	3	1	3	2	
0	3	3	3	2	3	3	3	0	2	3	2	1	3	2	2	2	2	1	2	2	2	3	3	2	2	3	3	2	3	3	3	3	3	3	3	3	2	2	1	3	3	2	2	3	2	2	2	2	3	3	
0	3	2	3	3	3	2	3	2	0	3	2	2	1	3	3	2	2	1	2	2	2	2	3	2	1	2	3	2	2	2	2	1	3	2	2	1	2	2	1	2	3	2	3	2	2	2	2	2	2	3	
0	1	2	1	2	2	3	2	1	2	0	3	2	3	2	2	2	3	2	1	1	2	3	2	2	2	2	2	3	2	2	1	2	2	2	2	2	3	1	2	2	2	2	1	1	3	1	2	3	3	3	
0	2	3	2	1	2	3	2	2	2	1	0	3	3	3	2	3	3	2	2	2	3	2	2	3	2	3	2	3	3	3	2	3	2	3	1	3	4	2	2	2	3	3	1	2	2	2	2	2	2	3	
0	3	3	2	1	3	3	2	3	2	3	3	0	3	3	2	1	1	2	2	3	3	3	3	2	2	2	3	2	2	2	2	3	2	2	2	3	3	3	2	2	2	2	1	2	2	2	1	2	2	3	
0	3	3	3	2	2	1	2	2	2	3	3	2	0	2	3	3	3	2	2	3	3	2	3	3	2	1	3	2	3	1	2	3	3	2	2	3	3	2	2	1	2	2	3	3	3	2	1	2	2	2	
0	2	2	3	2	1	3	2	3	2	2	3	3	2	0	3	2	3	3	3	2	2	3	2	2	2	2	3	2	2	2	2	3	3	1	2	3	1	3	2	2	2	3	3	1	2	2	1	2	3	2	
0	3	2	2	1	2	3	2	3	3	3	2	3	3	1	0	3	3	2	3	3	3	3	3	1	2	2	3	3	2	2	3	3	2	2	3	3	2	3	3	2	2	1	2	2	2	2	2	2	2	2	
0	3	2	1	2	2	3	2	2	2	2	3	3	3	2	1	0	4	3	3	2	3	3	2	2	2	1	3	3	2	2	3	3	2	3	2	3	3	3	2	2	2	2	3	1	3	3	3	3	2	3	
0	3	2	2	2	3	2	2	2	2	3	3	2	3	2	2	3	0	1	1	2	3	3	3	1	2	3	2	2	3	1	3	3	2	2	1	3	2	2	1	2	2	1	1	2	2	2	2	2	3	2	
0	2	2	3	2	3	2	3	1	2	3	3	2	3	3	3	3	3	0	2	3	2	3	3	2	2	3	3	2	3	2	2	2	2	2	3	2	2	3	2	3	3	1	2	2	2	1	1	1	3	2	
0	3	3	1	2	2	2	3	2	2	3	3	3	2	2	1	2	3	3	0	2	2	2	3	2	1	2	1	2	2	2	3	2	2	1	1	3	3	2	2	3	2	2	2	2	3	2	2	3	3	2	
0	3	3	3	1	2	2	2	2	3	4	4	1	2	2	3	2	2	2	2	0	2	3	1	3	2	1	2	3	3	2	3	3	2	1	2	3	3	3	2	2	3	2	2	3	2	2	2	3	2	2	
0	3	2	1	2	2	2	1	1	2	3	3	2	2	3	2	1	1	2	2	1	0	3	2	2	2	2	3	2	3	1	1	2	2	1	2	3	3	2	2	2	2	2	2	2	3	2	2	2	3	2	
0	2	3	2	2	3	3	2	2	1	2	2	3	2	3	3	2	2	2	2	2	1	0	2	2	2	3	3	1	1	2	2	2	2	2	2	2	3	3	2	3	2	3	2	2	3	1	2	3	3	2	
0	2	2	3	2	1	3	2	1	2	3	3	2	3	2	3	2	3	2	2	1	3	3	0	3	2	1	3	3	3	2	2	2	3	2	2	2	2	3	2	3	3	1	1	2	2	1	2	3	2	2	
0	3	2	3	3	2	4	3	2	3	3	3	3	3	1	2	3	2	3	3	3	2	3	3	0	3	3	3	3	2	3	3	4	3	2	2	3	2	3	3	2	1	3	3	2	2	3	2	3	3	1	
0	2	3	2	3	2	3	2	2	2	2	2	3	2	3	2	2	2	2	3	2	1	3	2	3	0	3	3	1	1	2	2	3	2	2	3	2	4	1	3	2	2	3	2	1	3	2	2	3	3	2	
0	2	3	2	1	2	3	1	1	2	3	3	2	3	1	2	3	3	2	2	2	2	2	3	3	1	0	2	2	2	3	3	2	2	2	1	3	2	2	1	2	3	3	2	2	2	3	2	2	1	3	
0	3	2	3	2	3	2	2	3	2	3	3	3	1	3	4	3	4	3	3	3	3	3	3	3	3	2	0	2	3	2	2	3	3	2	3	3	2	3	2	2	3	1	2	2	2	2	1	2	3	2	
0	1	2	2	2	2	2	1	2	1	1	3	3	1	2	2	2	3	1	2	2	2	3	1	3	1	2	2	0	2	2	2	2	2	2	2	2	3	2	2	2	1	2	2	2	3	1	2	2	3	2	
0	1	2	2	2	3	2	2	2	3	2	1	2	2	2	2	2	2	1	2	3	2	3	3	3	3	3	3	2	0	2	3	2	1	2	2	1	3	3	2	2	3	2	1	2	2	2	2	2	2	1	
0	2	2	3	2	3	1	2	2	2	2	3	1	2	2	2	2	2	2	2	3	2	2	2	3	2	2	2	1	2	0	2	3	2	2	2	3	3	1	2	1	1	2	2	2	2	2	1	2	2	1	
0	3	1	2	3	2	3	3	3	3	2	2	3	3	3	3	3	3	3	3	2	2	3	2	3	1	3	3	2	2	3	0	2	3	3	3	3	2	2	3	2	2	2	3	1	2	3	3	2	2	3	
0	3	2	2	2	2	2	2	2	2	2	1	2	3	2	2	1	3	2	2	2	3	2	2	3	2	1	3	2	2	1	1	0	3	2	2	3	2	2	1	2	2	1	2	1	2	3	2	3	2	2	
0	3	2	3	2	3	2	3	2	3	3	2	1	1	3	3	2	2	3	3	3	2	2	2	3	3	2	3	2	3	1	2	1	0	2	2	1	3	2	2	1	2	2	2	2	2	2	2	3	2	1	
0	3	2	2	2	3	2	2	2	2	3	3	2	1	2	2	1	2	2	2	1	1	3	2	3	2	1	3	2	3	1	2	2	3	0	2	2	3	2	1	2	2	2	3	2	2	1	2	3	2	1	
0	4	3	3	2	3	3	2	2	1	3	3	2	2	2	1	3	3	2	2	1	2	3	2	2	2	2	1	3	3	2	3	2	1	2	0	2	3	3	2	2	3	2	1	2	3	2	2	3	3	2	
0	2	3	3	3	3	1	2	3	2	2	2	3	2	3	2	2	1	2	2	2	2	2	2	2	2	2	2	1	2	2	2	1	2	1	1	0	3	3	2	2	2	2	2	2	3	1	3	3	1	2	
0	2	2	2	2	1	3	2	2	2	1	3	2	2	3	2	3	3	2	2	1	3	3	2	2	2	2	2	1	3	3	2	2	2	2	1	3	0	2	1	2	2	3	2	2	2	2	2	3	2	1	
0	3	3	2	2	2	3	1	3	2	2	3	3	3	2	1	3	2	3	3	2	3	2	2	2	2	2	3	2	2	2	2	2	2	2	3	3	3	0	2	2	2	2	2	1	3	2	1	2	3	2	
0	3	3	2	2	3	3	2	2	3	3	3	1	3	3	2	2	2	1	1	1	2	3	2	3	1	2	2	2	2	2	3	3	2	2	2	3	3	1	0	3	3	2	2	2	3	2	2	2	3	3	
0	2	3	3	2	3	4	2	2	2	3	3	3	3	2	3	3	3	3	3	2	2	1	3	3	2	1	3	2	2	3	2	3	3	3	2	3	3	3	2	0	3	3	3	2	3	2	3	3	2	2	
0	2	1	2	3	2	3	2	2	3	3	2	3	3	1	2	2	2	2	3	2	1	2	3	3	3	2	3	3	1	2	2	3	2	2	2	2	2	3	3	1	0	3	2	2	2	3	2	3	2	1	
0	3	1	2	1	2	3	2	2	3	2	2	2	3	3	3	3	3	2	2	2	2	2	2	3	2	3	3	2	2	2	3	3	2	3	2	3	1	2	2	2	2	0	1	1	1	2	2	3	2	1	
0	3	3	2	3	2	3	1	3	3	2	3	2	3	3	2	3	3	2	1	2	3	3	2	3	2	3	2	3	2	3	2	2	2	2	2	2	4	2	1	2	2	3	0	1	3	1	3	2	3	3	
0	2	2	2	2	1	3	2	2	2	1	2	2	3	2	3	3	3	2	2	1	2	2	1	3	1	2	3	2	1	2	2	3	2	2	2	2	3	2	3	1	1	2	2	0	3	2	2	3	2	2	
0	2	3	3	2	2	3	2	3	2	3	3	1	3	3	2	2	2	2	3	2	2	1	3	3	2	3	2	2	2	3	2	2	2	3	1	2	4	1	3	3	3	3	2	2	0	1	2	3	1	3	
0	3	2	3	3	3	2	3	2	2	3	2	3	3	2	3	2	2	1	3	3	2	3	3	3	1	2	3	2	2	2	1	1	3	2	2	1	3	2	2	3	3	2	3	2	3	0	2	2	2	3	
0	2	2	3	3	3	2	2	2	1	2	2	2	2	3	3	2	3	2	2	2	2	3	2	2	2	2	3	1	2	1	1	2	2	1	3	2	3	2	1	2	2	3	3	2	2	1	0	1	3	2	
0	1	2	2	2	3	1	3	2	3	3	2	2	2	2	2	2	3	2	2	3	2	2	3	1	3	3	3	2	3	1	3	2	1	3	2	2	2	2	3	2	2	2	3	3	1	2	2	0	2	1	
0	1	3	2	2	3	3	3	3	2	3	3	2	2	3	2	2	3	3	2	3	2	1	3	2	3	3	1	2	2	2	3	2	1	3	2	2	3	3	2	2	3	2	3	3	3	2	2	3	0	2	
0	2	1	2	3	2	3	3	1	2	3	2	2	3	3	2	3	3	2	3	2	2	2	3	3	3	2	2	2	3	2	2	3	2	2	1	3	2	2	2	3	2	3	2	2	1	2	1	2	2	0	
M2
0	0	0	0	0	0	0	0	0	0	0	0	0	0	0	0	0	0	0	0	0	0	0	0	0	0	0	0	0	0	0	0	0	0	0	0	0	0	0	0	0	0	0	0	0	0	0	0	0	0	0	
0	0	2	3	2	2	3	2	3	2	1	1	3	2	1	3	2	1	3	2	2	2	2	3	2	2	1	2	2	2	2	3	2	2	2	2	3	3	3	1	2	3	2	2	3	2	1	2	1	3	1	
0	2	0	3	3	4	1	2	2	2	3	1	3	2	3	3	2	2	3	2	2	2	2	2	3	3	2	3	2	1	2	2	1	2	3	2	2	3	3	1	2	2	1	2	3	2	2	3	2	3	1	
0	3	3	0	3	3	2	1	3	2	3	2	2	3	3	3	3	1	2	2	2	3	3	2	3	3	2	2	3	3	3	3	3	1	2	2	3	3	4	1	3	3	2	3	2	3	3	2	2	3	3	
0	2	2	1	0	2	3	2	2	2	1	2	3	3	2	1	2	2	1	2	3	2	2	3	2	3	2	3	2	3	2	2	1	2	2	2	1	2	2	2	1	3	3	2	3	2	2	3	3	1	2	
0	3	2	2	2	0	3	2	3	1	2	2	1	2	2	2	2	3	2	2	2	2	3	1	3	2	2	3	1	3	2	3	3	2	3	3	2	2	3	3	2	3	2	3	3	3	1	4	3	2	3	
0	1	3	2	2	3	0	3	3	3	2	2	3	2	2	3	2	2	3	1	2	1	2	3	2	3	2	3	3	3	2	2	3	2	3	3	3	3	2	2	2	1	2	3	3	3	2	3	2	3	2	
0	3	3	2	3	3	2	0	3	1	3	2	1	2	3	2	2	3	2	3	3	3	2	3	3	2	2	1	2	4	2	3	2	3	3	3	2	2	3	3	3	2	2	3	1	3	3	4	3	2	2	
0	2	3	2	3	3	2	3	0	3	2	2	2	3	2	3	1	3	2	2	2	3	2	2	2	2	3	3	2	2	2	4	3	2	3	3	1	3	2	3	1	3	3	2	3	2	3	4	3	3	3	
0	2	3	3	3	2	2	3	2	0	2	3	3	3	3	3	1	3	2	3	2	2	3	2	3	1	3	3	2	3	2	2	4	2	3	2	2	4	3	3	2	2	1	2	3	2	2	3	2	1	2	
0	3	1	4	3	3	2	3	3	3	0	2	4	3	4	3	3	2	2	3	3	3	3	3	4	4	3	2	3	2	3	3	2	3	4	3	3	2	4	2	3	3	2	3	3	3	3	4	3	4	2	
0	2	3	3	2	3	2	2	3	3	3	0	3	3	2	3	2	2	3	3	3	3	2	2	3	3	2	2	2	2	2	2	1	3	3	3	2	3	3	3	2	3	1	1	3	1	2	2	1	3	2	
0	2	3	1	2	2	3	2	2	1	2	2	0	2	2	3	2	2	2	3	3	2	2	3	2	1	1	3	1	4	1	3	3	2	2	3	1	1	2	2	2	2	2	3	2	2	2	3	3	2	3	
0	1	3	3	3	3	2	3	2	2	2	2	3	0	2	2	2	2	3	3	3	3	2	2	3	3	2	3	2	3	3	1	1	2	3	3	2	2	3	2	2	3	1	3	2	2	2	3	2	3	2	
0	2	3	2	3	1	2	3	3	2	3	2	2	3	0	2	2	2	2	3	1	2	1	2	2	1	3	2	2	3	3	2	3	1	1	2	2	3	2	2	2	2	1	3	3	3	2	4	3	3	3	
0	2	1	3	2	1	2	3	2	2	2	2	2	3	2	0	1	3	2	3	2	3	2	2	2	3	1	3	2	2	3	3	2	2	3	3	1	1	2	2	3	3	2	2	2	2	2	2	3	3	2	
0	2	2	2	2	2	2	2	1	3	1	2	2	3	2	2	0	3	1	3	1	2	3	1	3	2	2	2	3	3	2	3	3	1	2	2	2	3	3	3	2	3	3	1	3	3	3	4	3	3	2	
0	2	3	2	2	3	2	3	3	3	3	2	3	2	2	2	2	0	3	1	1	3	2	2	2	2	1	2	2	2	4	2	3	2	3	2	2	3	3	3	3	3	1	3	2	3	2	2	1	3	3	
0	3	2	2	3	1	2	2	2	2	3	2	2	2	2	3	2	2	0	3	3	1	3	2	2	3	2	3	2	3	1	3	3	1	2	2	1	3	2	3	2	3	3	3	2	2	2	4	3	3	1	
0	2	3	2	1	2	2	2	3	3	2	3	2	1	3	2	2	2	2	0	3	3	1	3	1	3	2	3	3	3	3	2	2	1	2	3	2	2	2	3	2	2	2	2	3	3	2	3	3	2	3	
0	1	2	1	3	2	2	2	2	2	2	1	3	2	2	1	2	2	3	3	0	2	3	3	2	1	2	1	2	3	3	2	2	2	3	1	1	2	2	2	3	2	2	2	2	2	2	3	2	3	2	
0	2	3	1	3	3	3	2	2	2	2	3	3	3	3	3	1	2	2	2	2	0	3	2	3	3	2	3	3	3	2	4	4	2	2	3	3	4	4	2	1	4	3	2	3	3	3	3	3	3	3	
0	2	3	2	3	2	3	2	3	3	2	3	3	2	2	2	2	2	1	2	2	2	0	3	1	3	2	3	3	3	2	3	3	2	3	2	2	3	1	3	1	2	2	2	3	3	1	3	2	2	2	
0	2	1	2	3	2	2	3	3	2	3	1	1	3	3	2	3	3	3	2	3	3	3	0	3	2	2	2	2	2	2	3	2	1	2	3	2	2	3	2	1	3	2	2	3	2	3	3	2	3	2	
0	2	3	3	2	1	3	1	3	2	3	3	2	3	2	2	3	1	3	2	2	3	2	2	0	3	1	2	2	3	2	2	3	3	2	2	3	3	3	2	2	1	2	1	2	2	2	2	2	1	3	
0	2	2	2	2	1	2	3	3	2	3	3	2	3	3	3	2	3	3	2	3	1	2	2	2	0	3	3	2	3	3	3	3	1	2	4	3	3	3	3	2	1	2	3	2	3	2	3	2	3	3	
0	3	3	3	3	3	2	3	3	4	2	3	4	2	2	3	2	3	2	2	2	2	1	3	2	3	0	3	2	3	3	3	2	2	3	3	3	4	2	4	2	3	3	3	4	4	1	4	3	3	3	
0	2	2	3	2	2	1	3	2	3	2	2	3	3	3	1	1	3	2	2	2	2	2	2	3	3	2	0	2	3	3	2	3	2	3	2	2	1	3	3	3	2	1	2	2	3	3	3	3	3	3	
0	2	2	2	3	2	3	1	2	2	3	3	2	2	3	3	3	3	1	2	4	2	3	3	3	3	3	2	0	3	2	3	2	2	3	3	2	3	3	3	1	3	3	2	2	3	3	4	3	2	2	
0	2	1	2	3	3	1	2	1	3	3	2	3	1	3	2	2	3	3	2	1	2	3	2	3	2	2	2	3	0	3	2	2	1	2	2	2	3	3	2	2	2	2	2	3	1	2	3	2	3	2	
0	2	3	3	3	3	3	3	3	3	3	2	3	1	3	3	3	3	2	3	3	3	3	2	3	3	2	3	3	3	0	2	2	3	2	4	2	3	3	3	3	3	2	2	1	1	2	3	2	4	3	
0	2	2	3	3	2	2	3	1	3	3	2	3	2	3	1	2	3	2	3	3	3	3	3	2	3	2	3	3	2	3	0	2	1	2	3	2	2	2	3	2	3	3	3	1	3	3	3	3	3	2	
0	2	3	2	2	3	3	3	3	3	2	3	4	2	2	3	3	3	2	2	2	2	1	4	2	3	2	3	3	2	2	3	0	3	3	2	3	4	2	3	1	3	3	2	3	3	1	4	3	3	3	
0	2	3	3	2	2	1	2	3	2	2	3	3	3	3	3	2	2	3	2	3	2	3	3	3	2	3	2	3	2	3	3	3	0	1	3	3	2	3	2	3	2	3	3	3	2	3	4	3	2	2	
0	3	3	3	3	2	3	3	3	2	3	2	3	3	3	3	2	1	3	2	2	2	3	3	3	1	2	3	3	3	3	3	2	2	0	2	3	4	4	1	3	2	2	3	3	3	3	3	2	3	2	
0	3	3	2	3	3	3	3	3	1	3	3	4	3	3	4	2	3	3	3	3	1	2	3	3	2	1	4	2	2	3	3	3	3	3	0	3	2	3	3	2	3	2	3	2	3	2	4	3	2	3	
0	3	3	3	3	2	2	2	1	3	2	1	3	3	1	3	2	2	2	3	2	3	2	2	1	2	2	3	1	3	3	3	2	1	2	3	0	3	1	3	2	2	2	2	3	1	2	3	2	2	2	
0	1	2	2	1	3	2	3	3	3	1	2	4	2	2	2	3	2	2	3	3	3	2	4	3	3	1	3	3	3	3	3	2	1	2	3	2	0	3	2	2	2	3	3	1	3	2	3	2	2	2	
0	2	2	2	2	3	2	2	3	3	2	2	3	2	2	2	3	2	2	2	1	2	1	3	2	2	2	2	2	2	2	3	2	2	3	2	2	3	0	3	2	3	3	3	3	2	1	2	1	2	1	
0	3	3	3	3	3	2	3	3	1	3	1	2	3	3	3	2	3	3	3	3	2	3	2	3	2	2	3	2	3	2	2	2	3	4	1	2	3	3	0	3	3	1	2	3	2	3	3	2	2	3	
0	1	3	1	2	3	3	2	3	3	2	2	3	2	2	3	2	2	3	1	3	3	2	3	2	3	2	2	3	2	1	3	3	2	3	3	3	3	3	2	0	3	3	1	2	2	2	3	2	3	2	
0	1	3	2	1	2	2	2	3	3	2	2	3	2	2	2	2	2	2	1	2	2	1	2	1	2	2	3	2	3	2	2	2	2	2	3	2	3	2	2	1	0	1	2	3	3	1	3	2	2	2	
0	2	2	3	3	3	1	2	2	3	2	2	2	3	2	2	1	3	2	2	2	2	3	1	2	3	3	3	1	2	3	1	3	2	3	3	1	3	2	3	2	2	0	2	2	2	3	4	3	3	3	
0	3	3	2	1	2	3	1	3	2	2	2	2	2	1	2	3	2	2	3	2	3	2	3	3	2	3	2	3	3	1	3	2	2	2	3	2	3	2	3	2	3	2	0	2	2	2	4	3	2	2	
0	2	3	2	3	2	3	3	2	3	2	1	3	1	2	2	3	3	1	4	3	2	3	3	2	3	3	3	2	3	2	2	2	2	3	3	1	2	2	3	3	3	2	2	0	2	3	3	2	3	2	
0	2	2	3	2	3	3	2	2	3	2	2	2	2	2	3	3	2	3	2	2	2	2	1	3	3	1	2	2	2	2	3	3	2	3	3	2	3	3	3	2	2	3	1	2	0	1	2	1	3	3	
0	2	2	2	2	2	2	2	3	3	1	2	3	1	1	2	2	3	3	1	1	1	2	3	2	2	3	2	2	2	2	2	2	2	2	2	2	3	3	3	1	3	2	2	3	3	0	4	3	3	3	
0	2	2	3	2	2	3	3	1	3	2	3	3	1	3	3	2	2	3	2	3	3	2	3	2	2	3	4	2	2	3	2	2	2	1	3	2	3	3	2	2	1	2	3	3	2	2	0	3	3	3	
0	1	2	2	1	3	2	2	2	3	2	2	3	2	2	2	2	1	2	2	2	3	3	3	3	3	2	1	1	1	3	3	2	2	2	3	2	2	3	2	2	2	2	3	3	2	2	1	0	2	2	
0	2	3	2	3	3	3	3	2	2	3	3	2	2	3	2	3	3	3	2	3	2	3	2	3	2	2	2	3	3	1	1	3	2	2	1	2	3	3	2	1	3	3	2	2	1	2	3	2	0	3	
0	2	1	3	3	4	2	1	3	2	3	2	2	2	3	3	3	1	3	2	2	2	2	2	3	3	1	2	3	2	1	3	2	2	3	1	3	2	3	2	3	3	2	2	2	1	2	3	2	3	0	
M3
0	0	0	0	0	0	0	0	0	0	0	0	0	0	0	0	0	0	0	0	0	0	0	0	0	0	0	0	0	0	0	0	0	0	0	0	0	0	0	0	0	0	0	0	0	0	0	0	0	0	0	
0	0	3	3	3	1	2	2	3	3	3	1	3	3	3	3	3	2	3	2	2	3	2	3	2	3	2	2	3	3	3	3	3	2	3	3	3	3	2	3	1	3	2	1	2	3	2	4	3	3	2	
0	2	0	3	3	2	3	2	1	3	2	3	1	1	2	1	2	3	1	2	3	2	3	3	1	2	2	2	3	2	3	2	2	1	2	3	1	2	3	3	3	2	2	2	1	2	2	2	3	2	2	
0	2	3	0	2	2	1	3	3	2	2	2	3	3	2	1	2	3	2	2	2	1	1	3	3	2	1	2	1	2	2	2	1	1	2	1	3	2	2	2	3	2	2	3	3	2	2	3	2	2	2	
0	2	2	2	0	2	1	3	3	4	2	2	1	2	4	2	2	3	2	2	2	1	2	1	2	1	2	2	3	3	2	2	2	2	2	3	2	3	2	2	2	3	1	2	3	2	2	3	2	2	2	
0	3	3	2	2	0	1	1	3	2	2	1	2	2	3	2	2	2	2	1	2	3	3	2	3	3	2	1	3	3	2	2	3	2	3	2	2	3	2	2	3	3	2	3	2	2	1	3	3	3	2	
0	2	3	1	3	1	0	2	3	3	3	2	3	2	3	2	2	3	3	2	1	2	2	2	2	2	2	1	2	2	3	1	2	2	2	2	2	2	2	2	3	3	1	2	2	2	2	3	2	2	1	
0	3	3	2	2	2	3	0	3	1	2	3	3	3	3	3	1	2	2	2	3	2	3	2	3	2	3	3	3	2	2	3	2	3	3	2	3	2	2	1	3	2	3	2	2	1	3	3	3	3	3	
0	3	2	3	2	3	3	1	0	2	3	3	3	3	4	3	2	3	3	3	4	3	4	3	3	2	4	2	3	3	3	4	3	3	4	3	3	3	3	2	3	3	3	3	3	2	3	4	4	4	3	
0	2	2	1	1	1	2	2	2	0	1	2	2	2	3	2	1	2	1	2	2	2	2	2	3	1	2	2	2	1	1	2	2	2	3	2	3	3	2	3	2	2	2	2	2	1	2	2	3	3	2	
0	3	1	2	2	2	1	1	2	2	0	3	2	2	3	2	1	2	2	3	2	3	3	2	2	3	3	2	3	3	2	2	3	2	2	2	2	3	3	2	3	1	2	3	2	2	2	2	3	3	2	
0	2	2	2	3	3	2	3	2	2	3	0	3	3	2	2	3	1	2	2	3	2	2	3	2	2	2	2	3	2	2	2	3	1	3	3	2	3	2	3	3	3	1	2	1	2	2	3	2	2	1	
0	1	1	3	2	2	2	2	2	3	2	2	0	2	3	2	2	3	1	3	3	2	2	2	1	2	1	2	3	2	3	1	2	2	2	3	2	3	2	2	2	3	2	2	2	2	2	2	2	1	2	
0	2	2	3	2	2	3	2	2	3	3	3	1	0	2	2	1	2	2	2	2	2	2	2	2	2	2	3	2	2	3	1	1	2	3	2	1	3	3	3	3	3	1	2	1	3	3	2	2	2	3	
0	3	3	2	2	3	3	2	1	2	2	3	2	3	0	3	2	3	3	3	1	3	3	3	3	2	2	3	2	3	1	3	2	2	2	2	2	2	1	3	2	1	3	2	2	2	3	2	3	3	3	
0	2	2	3	3	3	2	2	2	3	1	3	3	3	3	0	2	3	2	3	2	2	2	2	3	2	3	3	3	3	3	2	3	3	3	3	2	1	2	3	3	1	3	3	2	3	3	2	2	3	2	
0	2	2	2	1	2	2	1	3	2	3	2	2	3	2	3	0	1	3	2	3	2	2	1	3	2	3	2	3	3	2	3	3	3	3	1	3	3	3	2	3	2	2	3	3	2	2	3	3	2	3	
0	1	3	1	2	2	1	2	2	2	2	2	3	3	3	2	3	0	3	3	2	2	1	3	3	3	2	2	2	3	1	2	2	2	2	2	2	3	2	2	2	3	2	2	3	2	3	2	2	1	2	
0	3	2	3	2	2	3	1	2	2	2	2	3	2	2	3	1	2	0	2	3	2	3	2	3	3	3	3	3	1	3	3	2	2	3	2	3	2	2	2	3	3	3	3	3	1	3	3	4	3	2	
0	2	3	3	1	2	2	3	3	3	3	2	2	2	3	2	3	3	2	0	1	2	3	2	3	2	1	3	3	3	3	2	2	3	2	2	2	2	3	3	3	3	1	2	3	2	2	3	2	2	3	
0	2	3	3	2	2	2	3	3	3	2	2	2	2	2	2	2	3	2	2	0	2	2	2	3	3	1	3	3	3	3	2	1	3	1	1	3	1	2	2	3	3	3	3	3	1	2	2	2	3	2	
0	3	2	3	2	3	2	2	3	3	1	3	2	2	3	2	1	2	3	2	3	0	1	2	3	2	2	2	2	2	2	2	2	1	1	2	3	3	1	1	3	2	2	2	2	2	2	3	3	3	3	
0	2	3	3	3	3	2	2	3	3	2	2	3	3	2	1	2	3	2	2	3	1	0	3	2	2	3	3	3	3	2	1	3	2	2	1	3	2	2	1	2	2	2	2	2	2	3	3	3	2	2	
0	3	3	2	2	1	1	2	3	3	2	2	2	3	3	2	3	3	3	2	2	3	3	0	2	3	3	2	2	3	1	2	3	3	3	2	2	3	2	3	2	2	2	2	2	2	1	2	3	2	2	
0	3	3	3	2	2	3	3	2	4	2	2	3	2	3	3	3	2	3	3	3	2	3	3	0	3	3	2	3	2	2	3	2	3	1	2	2	4	2	3	3	3	3	2	2	1	2	3	4	3	1	
0	1	3	2	2	1	1	2	3	3	3	1	2	1	3	3	2	2	3	1	2	3	2	3	3	0	2	2	2	3	3	2	2	2	3	3	2	3	2	2	1	3	2	2	2	3	2	3	3	3	2	
0	3	3	2	1	2	2	2	3	2	2	1	2	3	3	1	2	2	1	2	3	1	2	2	3	2	0	2	2	2	3	2	2	2	2	3	2	2	2	2	2	2	2	2	2	1	1	3	1	3	2	
0	2	3	3	3	2	2	2	3	3	3	2	2	1	2	3	2	3	3	2	3	2	2	1	3	3	3	0	3	3	2	2	2	3	3	1	2	3	3	1	3	2	2	2	2	2	2	3	3	3	3	
0	2	3	2	2	3	2	2	2	3	2	3	2	4	3	2	2	3	3	2	3	3	3	2	2	3	2	3	0	3	1	2	3	3	3	2	2	1	2	3	2	3	2	2	3	2	1	2	3	1	2	
0	3	1	3	3	2	2	2	1	3	2	2	2	2	3	2	2	3	2	3	3	1	2	1	2	3	3	2	3	0	2	2	2	2	2	3	2	2	2	2	3	3	3	2	2	3	2	3	3	3	1	
0	2	2	1	1	2	2	2	3	2	1	2	2	3	2	2	2	2	2	2	2	2	2	2	2	2	2	3	2	3	0	3	2	2	3	1	3	3	2	3	1	2	2	1	3	1	2	1	3	3	2	
0	2	3	3	2	2	2	2	3	3	2	2	3	2	3	2	1	2	2	2	3	1	1	2	3	1	2	2	3	3	3	0	3	2	2	2	3	3	2	2	2	3	1	2	3	2	3	3	2	2	3	
0	1	3	3	3	2	2	3	4	4	2	2	2	3	3	3	2	3	3	2	1	1	2	3	3	2	2	3	3	3	3	1	0	2	2	2	4	2	2	2	2	3	2	2	3	2	3	3	3	3	3	
0	2	3	2	2	2	2	2	3	3	2	2	3	2	3	2	2	3	3	1	2	2	2	2	2	1	2	1	3	3	3	1	2	0	3	2	2	3	2	2	2	3	1	2	3	1	1	3	2	2	2	
0	2	3	3	3	3	3	3	3	4	3	3	2	1	3	3	2	2	3	3	2	2	3	3	3	3	3	2	3	3	3	2	1	2	0	3	2	3	3	3	3	4	2	3	2	2	3	3	3	3	2	
0	1	3	2	2	2	1	3	2	3	2	1	3	3	1	2	2	2	3	1	2	1	1	3	3	3	2	2	3	3	2	2	3	2	2	0	3	3	2	2	2	2	2	2	2	3	3	2	3	3	2	
0	2	2	3	2	3	2	1	2	2	2	2	3	3	4	1	2	3	2	3	3	2	3	2	3	3	2	3	3	1	2	3	3	3	3	3	0	2	2	2	3	2	2	2	3	2	2	1	3	1	2	
0	1	3	3	2	2	2	2	3	3	3	2	2	3	2	3	1	2	2	2	3	3	3	1	2	2	2	2	2	2	2	3	3	3	3	2	2	0	1	3	2	2	2	2	2	3	2	1	2	3	1	
0	2	2	2	1	2	2	3	3	4	2	2	1	2	3	3	2	3	2	2	2	2	2	2	2	1	2	3	1	3	2	2	3	3	3	2	3	2	0	3	2	1	2	3	2	2	2	3	3	2	3	
0	2	2	2	2	2	2	1	2	2	2	2	2	3	2	2	2	2	3	2	2	2	2	3	2	2	2	3	3	3	1	3	2	2	3	1	3	3	2	0	2	1	3	1	1	1	3	2	2	3	3	
0	2	2	3	2	1	2	2	3	3	3	2	2	3	2	2	3	3	2	2	1	2	1	3	2	2	1	2	2	2	3	2	2	3	2	2	2	2	1	2	0	2	3	3	2	2	2	3	2	3	1	
0	3	2	3	2	2	2	2	2	3	1	3	3	3	2	2	1	2	3	2	1	2	3	2	3	3	2	3	3	2	3	2	2	2	2	2	3	2	3	3	4	0	3	2	1	2	3	3	2	3	3	
0	1	3	3	2	2	2	2	2	3	2	2	3	3	4	2	2	2	2	3	3	1	2	3	2	3	1	2	2	3	3	3	3	2	2	3	2	3	2	2	2	3	0	1	3	2	2	2	1	1	3	
0	2	4	2	2	1	2	1	3	2	3	2	3	3	4	2	2	1	2	2	3	2	2	3	1	3	1	2	3	3	2	3	2	3	2	3	3	2	2	2	3	3	3	0	3	2	2	3	2	2	2	
0	3	1	3	2	2	2	2	1	3	2	3	2	2	1	1	3	2	2	1	2	3	3	3	2	2	2	2	3	3	2	2	3	1	3	3	2	2	2	3	3	2	2	1	0	2	2	3	3	3	3	
0	2	2	3	2	1	2	2	3	3	1	2	2	3	4	3	2	2	2	2	2	1	2	3	3	2	3	2	2	2	3	2	1	2	2	3	2	3	1	2	3	2	3	3	3	0	2	3	3	3	3	
0	3	3	1	2	3	2	1	3	2	2	3	2	3	3	1	2	3	3	1	2	2	2	3	2	2	2	3	2	2	3	3	2	2	3	2	1	2	1	2	3	2	2	3	3	2	0	2	3	2	3	
0	1	3	2	2	2	3	2	3	3	2	2	2	2	3	2	2	2	1	2	3	2	3	3	2	3	1	3	3	2	1	3	3	2	3	2	2	3	2	3	2	3	1	1	3	2	1	0	2	2	3	
0	3	3	3	4	3	2	3	4	4	4	3	2	2	3	4	3	2	3	3	2	3	3	2	2	2	3	1	4	4	3	3	3	4	3	2	3	3	4	2	3	3	3	3	3	3	3	4	0	3	3	
0	1	2	2	1	2	1	1	1	2	1	2	2	3	4	2	2	3	3	3	2	2	3	2	2	2	3	2	2	2	3	2	3	3	2	3	1	3	1	2	2	2	2	2	3	2	3	2	2	0	2	
0	3	2	2	2	3	3	2	2	3	3	1	2	2	2	2	3	2	2	2	3	2	3	2	1	2	3	1	2	1	3	3	2	2	2	2	1	3	1	2	2	2	2	2	1	2	1	2	3	2	0	
Tamanho_Tarefas
0	10	15	14	10	21	13	14	9	12	24	16	34	14	10	24	24	8	22	18	4	25	25	17	3	27	13	3	32	13	6	15	22	10	11	16	15	5	17	8	3	24	7	28	20	5	12	19	31	21	11	
Data_Entrega
0	232	265	226	243	206	181	245	202	257	269	267	239	198	186	241	238	188	185	234	219	208	191	183	265	220	201	187	225	209	246	255	246	224	213	203	218	210	189	249	238	239	212	181	217	212	251	229	227	232	224	
Penalidade_Atraso
0	6	5	13	4	13	20	15	10	10	15	11	13	3	7	8	3	7	18	3	17	3	12	1	18	11	14	13	6	6	11	2	5	8	15	11	18	18	4	6	8	10	8	10	19	8	7	6	7	9	9	
Capacidade_Veiculo
69	83	58	75	79	56	97	87	53	47	44	51	92	76	48	102	53	101	77	37	50	47	
Custo_Fixo_Veiculo
690	830	580	750	790	560	970	870	530	470	440	510	920	760	480	1020	530	1010	770	370	500	470	
Coordenadas_Clientes
x	0	y	0
x	108	y	0
x	104	y	13
x	105	y	27
x	91	y	36
x	84	y	46
x	79	y	57
x	65	y	61
x	70	y	85
x	45	y	70
x	35	y	76
x	33	y	104
x	15	y	81
x	6	y	103
x	-6	y	101
x	-18	y	98
x	-36	y	112
x	-43	y	92
x	-65	y	103
x	-56	y	68
x	-56	y	52
x	-99	y	72
x	-96	y	52
x	-99	y	39
x	-114	y	29
x	-97	y	12
x	-108	y	0
x	-74	y	-9
x	-99	y	-25
x	-102	y	-40
x	-73	y	-40
x	-100	y	-72
x	-59	y	-55
x	-74	y	-90
x	-60	y	-95
x	-44	y	-94
x	-23	y	-71
x	-17	y	-89
x	-5	y	-85
x	6	y	-98
x	21	y	-112
x	23	y	-71
x	46	y	-98
x	61	y	-97
x	75	y	-90
x	78	y	-73
x	74	y	-54
x	108	y	-59
x	82	y	-32
x	112	y	-28
x	86	y	-10
Tempo_Viagem
0	108	104	108	97	95	97	89	110	83	83	109	82	103	101	99	117	101	121	88	76	122	109	106	117	97	108	74	102	109	83	123	80	116	112	103	74	90	85	98	113	74	108	114	117	106	91	123	88	115	86	
108	0	13	27	39	51	63	74	92	94	105	127	123	144	152	159	181	176	200	177	172	219	210	210	223	205	216	182	208	213	185	219	175	202	192	178	148	153	141	141	141	110	115	107	95	78	63	59	41	28	24	
104	13	0	14	26	38	50	61	79	82	93	114	112	132	140	148	170	166	190	169	164	211	203	204	218	201	212	178	206	212	184	220	176	205	196	182	152	158	146	147	149	116	125	117	106	89	73	72	50	41	29	
108	27	14	0	16	28	39	52	67	73	84	104	104	123	132	141	163	161	185	166	162	208	202	204	219	202	214	182	210	217	190	227	183	213	205	191	161	168	156	158	161	127	137	130	120	103	86	86	63	55	41	
97	39	26	16	0	12	24	36	53	57	68	89	88	107	116	125	147	145	169	150	147	193	187	190	205	189	202	171	199	206	180	219	175	207	199	187	156	165	154	157	163	126	141	135	126	109	91	96	68	67	46	
95	51	38	28	12	0	12	24	41	45	56	77	76	95	104	113	135	135	158	141	140	184	180	183	198	184	197	167	196	204	178	218	175	208	201	189	158	168	158	162	170	131	148	144	136	119	100	107	78	79	56	
97	63	50	39	24	12	0	14	29	35	46	65	66	85	94	103	125	125	148	135	135	178	175	178	195	181	195	166	195	205	180	220	177	212	205	194	163	174	164	170	178	139	158	155	147	130	111	119	89	91	67	
89	74	61	52	36	24	14	0	24	21	32	53	52	71	80	89	111	111	134	121	121	164	161	165	181	169	183	155	184	195	171	211	169	205	199	189	158	170	161	169	178	138	160	158	151	134	115	127	94	100	74	
110	92	79	67	53	41	29	24	0	29	36	41	55	66	77	88	108	113	135	127	130	169	169	174	192	182	197	171	200	212	189	230	190	226	222	212	181	194	185	193	202	162	184	182	175	158	139	148	117	120	96	
83	94	82	73	57	45	35	21	29	0	11	36	31	50	59	68	90	90	113	101	102	144	142	146	164	153	168	142	171	183	161	202	162	199	195	186	156	170	162	172	183	142	168	167	162	146	127	142	108	118	89	
83	105	93	84	68	56	46	32	36	11	0	28	20	39	48	57	79	79	102	91	94	134	133	138	156	146	161	138	167	179	158	199	161	198	195	186	157	173	165	176	188	147	174	174	170	154	135	152	117	129	99	
109	127	114	104	89	77	65	53	41	36	28	0	29	27	39	51	69	76	98	96	103	135	139	147	165	159	175	155	184	196	178	219	183	221	219	212	183	199	192	203	216	175	202	202	198	182	163	178	144	153	125	
82	123	112	104	88	76	66	52	55	31	20	29	0	23	29	37	59	59	82	72	76	114	114	120	138	131	147	126	155	167	149	190	154	192	191	184	156	172	167	179	193	152	181	183	181	166	147	168	131	145	115	
103	144	132	123	107	95	85	71	66	50	39	27	23	0	12	24	42	49	71	71	80	108	114	122	140	137	153	137	165	178	163	204	170	208	208	203	176	193	188	201	215	174	204	206	204	189	170	191	154	168	138	
101	152	140	132	116	104	94	80	77	59	48	39	29	12	0	12	31	37	59	59	70	96	102	110	128	127	143	129	156	170	156	196	164	202	203	198	172	190	186	199	214	174	205	209	207	193	174	196	159	174	144	
99	159	148	141	125	113	103	89	88	68	57	51	37	24	12	0	22	25	47	48	59	84	90	99	117	116	132	120	147	161	148	188	158	196	197	193	169	187	183	197	212	173	206	210	209	196	177	201	164	180	149	
117	181	170	163	147	135	125	111	108	90	79	69	59	42	31	22	0	21	30	48	63	74	84	96	113	117	133	126	150	165	156	194	168	205	208	206	183	201	199	214	230	191	225	230	230	217	199	223	186	202	171	
101	176	166	161	145	135	125	111	113	90	79	76	59	49	37	25	21	0	24	27	42	59	66	77	94	96	112	105	129	144	135	173	147	184	187	186	164	182	181	196	213	175	209	215	216	204	187	213	176	195	164	
121	200	190	185	169	158	148	134	135	113	102	98	82	71	59	47	30	24	0	36	51	46	59	72	88	96	111	112	132	147	143	178	158	193	198	197	178	196	197	213	231	194	229	235	238	226	209	236	199	219	188	
88	177	169	166	150	141	135	121	127	101	91	96	72	71	59	48	48	27	36	0	16	43	43	51	69	69	85	79	102	117	109	146	123	159	163	162	142	160	161	177	195	159	194	202	205	194	178	207	170	193	162	
76	172	164	162	147	140	135	121	130	102	94	103	76	80	70	59	63	42	51	16	0	47	40	44	62	57	73	63	88	102	93	131	107	143	147	146	127	145	146	162	181	146	181	189	193	182	167	198	161	185	154	
122	219	211	208	193	184	178	164	169	144	134	135	114	108	96	84	74	59	46	43	47	0	20	33	45	60	72	84	97	112	114	144	132	163	170	173	161	179	182	199	219	187	222	232	237	228	213	244	208	232	201	
109	210	203	202	187	180	175	161	169	142	133	139	114	114	102	90	84	66	59	43	40	20	0	13	29	40	53	64	77	92	94	124	112	143	150	153	143	161	164	181	201	171	206	216	222	214	200	232	196	222	192	
106	210	204	204	190	183	178	165	174	146	138	147	120	122	110	99	96	77	72	51	44	33	13	0	18	27	40	54	64	79	83	111	102	131	139	143	133	151	155	172	192	164	199	209	216	209	196	229	194	221	191	
117	223	218	219	205	198	195	181	192	164	156	165	138	140	128	117	113	94	88	69	62	45	29	18	0	24	29	55	55	69	80	101	100	124	135	141	135	152	157	174	194	169	204	215	223	217	205	238	205	232	203	
97	205	201	202	189	184	181	169	182	153	146	159	131	137	127	116	117	96	96	69	57	60	40	27	24	0	16	31	37	52	57	84	77	104	113	118	111	128	133	150	170	145	180	191	199	194	183	216	184	212	183	
108	216	212	214	202	197	195	183	197	168	161	175	147	153	143	132	133	112	111	85	73	72	53	40	29	16	0	35	26	40	53	72	73	95	106	113	110	127	132	149	169	149	182	194	203	199	189	223	192	221	194	
74	182	178	182	171	167	166	155	171	142	138	155	126	137	129	120	126	105	112	79	63	84	64	54	55	31	35	0	29	41	31	68	48	81	87	89	80	98	102	119	139	115	149	161	169	164	154	188	157	186	160	
102	208	206	210	199	196	195	184	200	171	167	184	155	165	156	147	150	129	132	102	88	97	77	64	55	37	26	29	0	15	30	47	50	69	80	88	88	104	110	127	147	130	162	175	185	183	175	209	181	211	185	
109	213	212	217	206	204	205	195	212	183	179	196	167	178	170	161	165	144	147	117	102	112	92	79	69	52	40	41	15	0	29	32	45	57	69	79	84	98	106	122	142	128	158	171	183	183	176	210	184	214	190	
83	185	184	190	180	178	180	171	189	161	158	178	149	163	156	148	156	135	143	109	93	114	94	83	80	57	53	31	30	29	0	41	20	50	56	61	58	74	80	97	117	100	132	145	155	154	147	181	155	185	161	
123	219	220	227	219	218	220	211	230	202	199	219	190	204	196	188	194	173	178	146	131	144	124	111	101	84	72	68	47	32	41	0	44	31	45	60	77	84	95	108	127	123	147	162	175	178	174	208	186	216	195	
80	175	176	183	175	175	177	169	190	162	161	183	154	170	164	158	168	147	158	123	107	132	112	102	100	77	73	48	50	45	20	44	0	38	40	41	39	54	61	77	97	83	113	126	138	138	133	167	142	172	151	
116	202	205	213	207	208	212	205	226	199	198	221	192	208	202	196	205	184	193	159	143	163	143	131	124	104	95	81	69	57	50	31	38	0	14	30	54	57	69	80	96	98	120	135	149	152	151	183	166	195	178	
112	192	196	205	199	201	205	199	222	195	195	219	191	208	203	197	208	187	198	163	147	170	150	139	135	113	106	87	80	69	56	45	40	14	0	16	44	43	55	66	82	86	106	121	135	138	139	170	155	184	168	
103	178	182	191	187	189	194	189	212	186	186	212	184	203	198	193	206	186	197	162	146	173	153	143	141	118	113	89	88	79	61	60	41	30	16	0	31	27	39	50	67	70	90	105	119	122	123	154	140	168	154	
74	148	152	161	156	158	163	158	181	156	157	183	156	176	172	169	183	164	178	142	127	161	143	133	135	111	110	80	88	84	58	77	39	54	44	31	0	18	22	39	59	46	74	87	99	101	98	131	112	141	124	
90	153	158	168	165	168	174	170	194	170	173	199	172	193	190	187	201	182	196	160	145	179	161	151	152	128	127	98	104	98	74	84	54	57	43	27	18	0	12	24	44	43	63	78	92	95	96	127	113	141	129	
85	141	146	156	154	158	164	161	185	162	165	192	167	188	186	183	199	181	197	161	146	182	164	155	157	133	132	102	110	106	80	95	61	69	55	39	22	12	0	17	37	31	52	67	80	83	84	115	101	129	117	
98	141	147	158	157	162	170	169	193	172	176	203	179	201	199	197	214	196	213	177	162	199	181	172	174	150	149	119	127	122	97	108	77	80	66	50	39	24	17	0	20	31	40	55	69	76	80	109	100	126	118	
113	141	149	161	163	170	178	178	202	183	188	216	193	215	214	212	230	213	231	195	181	219	201	192	194	170	169	139	147	142	117	127	97	96	82	67	59	44	37	20	0	41	28	42	57	68	78	101	100	123	120	
74	110	116	127	126	131	139	138	162	142	147	175	152	174	174	173	191	175	194	159	146	187	171	164	169	145	149	115	130	128	100	123	83	98	86	70	46	43	31	31	41	0	35	46	55	55	53	85	70	98	87	
108	115	125	137	141	148	158	160	184	168	174	202	181	204	205	206	225	209	229	194	181	222	206	199	204	180	182	149	162	158	132	147	113	120	106	90	74	63	52	40	28	35	0	15	30	40	52	73	75	96	96	
114	107	117	130	135	144	155	158	182	167	174	202	183	206	209	210	230	215	235	202	189	232	216	209	215	191	194	161	175	171	145	162	126	135	121	105	87	78	67	55	42	46	15	0	15	29	44	60	67	85	89	
117	95	106	120	126	136	147	151	175	162	170	198	181	204	207	209	230	216	238	205	193	237	222	216	223	199	203	169	185	183	155	175	138	149	135	119	99	92	80	69	57	55	30	15	0	17	36	45	58	72	80	
106	78	89	103	109	119	130	134	158	146	154	182	166	189	193	196	217	204	226	194	182	228	214	209	217	194	199	164	183	183	154	178	138	152	138	122	101	95	83	76	68	55	40	29	17	0	19	33	41	56	63	
91	63	73	86	91	100	111	115	139	127	135	163	147	170	174	177	199	187	209	178	167	213	200	196	205	183	189	154	175	176	147	174	133	151	139	123	98	96	84	80	78	53	52	44	36	19	0	34	23	46	45	
123	59	72	86	96	107	119	127	148	142	152	178	168	191	196	201	223	213	236	207	198	244	232	229	238	216	223	188	209	210	181	208	167	183	170	154	131	127	115	109	101	85	73	60	45	33	34	0	37	31	53	
88	41	50	63	68	78	89	94	117	108	117	144	131	154	159	164	186	176	199	170	161	208	196	194	205	184	192	157	181	184	155	186	142	166	155	140	112	113	101	100	100	70	75	67	58	41	23	37	0	30	22	
115	28	41	55	67	79	91	100	120	118	129	153	145	168	174	180	202	195	219	193	185	232	222	221	232	212	221	186	211	214	185	216	172	195	184	168	141	141	129	126	123	98	96	85	72	56	46	31	30	0	31	
86	24	29	41	46	56	67	74	96	89	99	125	115	138	144	149	171	164	188	162	154	201	192	191	203	183	194	160	185	190	161	195	151	178	168	154	124	129	117	118	120	87	96	89	80	63	45	53	22	31	0	
Custo_Viagem
V0
0	1490	1435	1490	1338	1311	1338	1228	1518	1145	1145	1504	1131	1421	1393	1366	1614	1393	1669	1214	1048	1683	1504	1462	1614	1338	1490	1021	1407	1504	1145	1697	1104	1600	1545	1421	1021	1242	1173	1352	1559	1021	1490	1573	1614	1462	1255	1697	1214	1587	1186	
1490	0	179	372	538	703	869	1021	1283	1297	1449	1766	1697	1987	2097	2194	2511	2428	2773	2442	2373	3022	2898	2898	3077	2829	2980	2511	2870	2939	2553	3036	2415	2801	2663	2456	2056	2111	1945	1945	1945	1518	1587	1476	1311	1076	869	814	565	386	331	
1435	179	0	193	358	524	690	841	1090	1131	1283	1587	1545	1835	1932	2042	2359	2290	2635	2332	2263	2911	2801	2815	3008	2773	2925	2470	2842	2925	2539	3049	2428	2829	2704	2511	2097	2180	2014	2042	2070	1600	1725	1628	1476	1228	1007	993	690	565	400	
1490	372	193	0	220	386	538	717	924	1007	1173	1449	1435	1711	1835	1959	2263	2221	2566	2290	2235	2870	2787	2815	3022	2787	2953	2511	2898	2994	2622	3132	2525	2939	2829	2635	2221	2318	2152	2194	2235	1752	1904	1807	1656	1421	1186	1186	869	759	565	
1338	538	358	220	0	165	331	496	731	786	938	1228	1214	1490	1600	1725	2042	2001	2332	2070	2028	2663	2580	2622	2829	2608	2787	2359	2746	2856	2484	3022	2415	2856	2746	2580	2152	2277	2125	2180	2249	1738	1945	1876	1752	1504	1255	1324	938	924	634	
1311	703	524	386	165	0	165	331	565	621	786	1062	1062	1324	1449	1573	1876	1863	2194	1945	1932	2539	2484	2525	2732	2539	2718	2304	2704	2815	2470	3008	2415	2870	2773	2608	2180	2318	2180	2249	2346	1807	2042	1987	1876	1642	1380	1476	1076	1090	772	
1338	869	690	538	331	165	0	193	400	496	648	897	938	1186	1311	1449	1752	1738	2083	1863	1863	2456	2415	2456	2691	2497	2691	2290	2691	2829	2484	3036	2442	2925	2829	2677	2249	2401	2263	2359	2456	1918	2180	2139	2028	1794	1531	1642	1228	1255	924	
1228	1021	841	717	496	331	193	0	331	289	455	731	731	993	1117	1242	1559	1545	1876	1669	1669	2263	2221	2277	2497	2332	2525	2139	2553	2691	2359	2911	2332	2829	2746	2608	2180	2346	2221	2332	2456	1904	2208	2180	2083	1849	1587	1752	1297	1380	1021	
1518	1283	1090	924	731	565	400	331	0	400	496	565	759	910	1062	1214	1504	1559	1876	1752	1794	2332	2332	2415	2649	2511	2718	2359	2773	2925	2608	3187	2622	3118	3063	2925	2497	2677	2553	2663	2801	2235	2539	2511	2415	2180	1918	2042	1614	1656	1324	
1145	1297	1131	1007	786	621	496	289	400	0	151	496	427	703	814	938	1255	1242	1573	1393	1407	1987	1959	2028	2263	2111	2318	1959	2373	2525	2221	2787	2235	2746	2691	2566	2152	2346	2235	2373	2525	1959	2318	2304	2235	2014	1752	1973	1490	1628	1228	
1145	1449	1283	1173	938	786	648	455	496	151	0	386	276	538	662	786	1090	1090	1421	1255	1297	1849	1835	1918	2152	2014	2221	1904	2304	2470	2180	2760	2221	2732	2691	2580	2180	2387	2277	2428	2594	2028	2401	2401	2346	2139	1863	2111	1614	1780	1366	
1504	1766	1587	1449	1228	1062	897	731	565	496	386	0	400	372	538	703	952	1048	1352	1324	1421	1863	1918	2028	2277	2194	2415	2139	2539	2718	2456	3036	2525	3049	3022	2925	2525	2746	2649	2801	2980	2415	2787	2787	2732	2511	2249	2470	1987	2111	1725	
1131	1697	1545	1435	1214	1062	938	731	759	427	276	400	0	317	400	510	814	814	1131	993	1048	1573	1573	1669	1918	1807	2028	1738	2139	2318	2056	2635	2125	2649	2635	2539	2152	2373	2304	2470	2663	2097	2497	2525	2497	2290	2028	2318	1807	2001	1587	
1421	1987	1835	1711	1490	1324	1186	993	910	703	538	372	317	0	165	331	579	690	979	979	1104	1504	1573	1683	1932	1890	2111	1890	2277	2470	2249	2815	2346	2870	2870	2801	2428	2663	2594	2773	2967	2401	2815	2856	2815	2622	2359	2635	2125	2318	1904	
1393	2097	1932	1835	1600	1449	1311	1117	1062	814	662	538	400	165	0	165	427	524	814	814	966	1338	1407	1531	1780	1752	1973	1780	2152	2346	2152	2704	2263	2787	2801	2732	2373	2622	2566	2746	2953	2401	2829	2884	2856	2663	2401	2704	2194	2401	1987	
1366	2194	2042	1959	1725	1573	1449	1242	1214	938	786	703	510	331	165	0	303	345	648	662	814	1173	1242	1380	1628	1600	1835	1656	2028	2221	2042	2594	2180	2704	2718	2663	2332	2580	2525	2718	2939	2387	2842	2898	2884	2704	2442	2773	2263	2497	2056	
1614	2511	2359	2263	2042	1876	1752	1559	1504	1255	1090	952	814	579	427	303	0	289	414	662	869	1021	1159	1324	1559	1614	1835	1738	2070	2277	2152	2677	2318	2829	2870	2842	2525	2773	2746	2953	3187	2649	3105	3174	3174	2994	2746	3077	2566	2801	2373	
1393	2428	2290	2221	2001	1863	1738	1545	1559	1242	1090	1048	814	690	524	345	289	0	331	372	579	814	910	1062	1297	1324	1545	1449	1780	1987	1863	2387	2028	2539	2580	2566	2263	2511	2497	2704	2939	2415	2884	2967	2980	2815	2580	2939	2428	2704	2263	
1669	2773	2635	2566	2332	2194	2083	1876	1876	1573	1421	1352	1131	979	814	648	414	331	0	496	703	634	814	993	1214	1324	1531	1545	1821	2028	1973	2456	2180	2663	2732	2732	2456	2718	2718	2939	3187	2677	3160	3256	3284	3118	2884	3270	2746	3036	2594	
1214	2442	2332	2290	2070	1945	1863	1669	1752	1393	1255	1324	993	979	814	662	662	372	496	0	220	593	593	703	952	952	1173	1090	1407	1614	1504	2014	1697	2194	2249	2235	1959	2221	2221	2442	2691	2194	2677	2787	2829	2677	2456	2856	2346	2663	2235	
1048	2373	2263	2235	2028	1932	1863	1669	1794	1407	1297	1421	1048	1104	966	814	869	579	703	220	0	648	552	607	855	786	1007	869	1214	1407	1283	1807	1476	1973	2028	2014	1752	2014	2014	2235	2497	2014	2497	2608	2663	2525	2304	2732	2221	2566	2125	
1683	3022	2911	2870	2663	2539	2456	2263	2332	1987	1849	1863	1573	1504	1338	1173	1021	814	634	593	648	0	276	455	621	828	993	1159	1338	1545	1573	1987	1835	2249	2359	2401	2221	2484	2511	2746	3022	2580	3077	3201	3270	3146	2953	3367	2870	3215	2787	
1504	2898	2801	2787	2580	2484	2415	2221	2332	1959	1835	1918	1573	1573	1407	1242	1159	910	814	593	552	276	0	179	400	552	731	883	1062	1269	1297	1711	1559	1973	2083	2125	1973	2221	2263	2497	2773	2359	2842	2980	3063	2953	2760	3201	2704	3063	2649	
1462	2898	2815	2815	2622	2525	2456	2277	2415	2028	1918	2028	1669	1683	1531	1380	1324	1062	993	703	607	455	179	0	248	372	552	745	883	1090	1145	1531	1407	1807	1918	1973	1835	2097	2139	2373	2649	2263	2746	2884	2980	2884	2704	3160	2677	3049	2635	
1614	3077	3008	3022	2829	2732	2691	2497	2649	2263	2152	2277	1918	1932	1780	1628	1559	1297	1214	952	855	621	400	248	0	331	400	759	772	966	1104	1393	1380	1725	1863	1945	1863	2097	2166	2401	2691	2332	2815	2967	3077	2994	2829	3284	2829	3215	2801	
1338	2829	2773	2787	2608	2539	2497	2332	2511	2111	2014	2194	1807	1890	1752	1600	1614	1324	1324	952	786	828	552	372	331	0	220	427	510	717	786	1159	1062	1435	1559	1628	1531	1766	1835	2070	2359	2001	2484	2635	2746	2677	2525	2980	2539	2925	2539	
1490	2980	2925	2953	2787	2718	2691	2525	2718	2318	2221	2415	2028	2111	1973	1835	1835	1545	1531	1173	1007	993	731	552	400	220	0	483	358	552	731	993	1007	1324	1462	1559	1518	1752	1835	2070	2346	2056	2511	2677	2801	2746	2608	3077	2649	3049	2677	
