M: 2
N: 15
Nun_Veiculos: 5
Capacidade_Total: 536
Demanda_Total: 322
Setup_Min: 1
Setup_Max: 9
Raio: 20
Circulos: 1
Tempo_Processamento_Min: 1
Tempo_Processamento_Max: 49
Demanda_Min: 10
Demanda_Max: 30
Priority_Factor: 0.2
Range_Factor_R: 0.8
U_factor: 2
ALpha: 0.2Replicao: 3
Tempos_Processamentos
0	0	1	0	
0	19	1	1	
0	23	1	45	
0	45	1	49	
0	29	1	19	
0	7	1	2	
0	12	1	45	
0	33	1	4	
0	11	1	24	
0	46	1	47	
0	7	1	23	
0	17	1	33	
0	13	1	31	
0	46	1	42	
0	30	1	11	
0	12	1	16	

Tempos_setup
M0
0	0	0	0	0	0	0	0	0	0	0	0	0	0	0	0	
0	0	3	4	1	4	2	3	4	4	3	3	4	2	1	4	
0	3	0	4	4	7	5	4	6	4	3	6	2	4	1	4	
0	1	4	0	2	5	1	4	3	3	2	2	1	3	2	3	
0	4	2	3	0	3	3	2	3	5	2	4	3	1	3	4	
0	4	5	3	3	0	2	5	5	4	3	3	2	4	3	1	
0	3	3	2	1	4	0	3	4	5	1	4	3	2	4	3	
0	3	4	3	2	5	1	0	5	4	2	3	4	3	1	4	
0	1	2	4	1	4	2	3	0	3	3	4	2	2	2	3	
0	4	3	4	4	5	3	2	5	0	4	2	5	5	3	4	
0	2	4	1	3	6	2	5	4	4	0	3	2	4	3	4	
0	2	5	2	3	5	3	5	3	5	4	0	3	3	3	5	
0	3	5	2	4	7	3	4	5	2	1	4	0	4	1	4	
0	3	4	2	3	5	3	5	2	5	1	3	3	0	4	5	
0	4	6	3	5	8	4	5	5	3	2	5	4	3	0	3	
0	3	6	2	4	6	3	6	4	4	3	3	2	5	3	0	
M1
0	0	0	0	0	0	0	0	0	0	0	0	0	0	0	0	
0	0	5	2	3	2	4	3	5	4	1	2	2	3	5	4	
0	2	0	2	3	1	2	1	4	3	3	1	3	2	5	3	
0	1	4	0	4	3	2	2	4	5	2	3	3	3	6	3	
0	3	2	3	0	2	3	2	3	1	4	3	2	1	2	4	
0	4	4	4	2	0	4	3	5	3	5	3	2	3	4	4	
0	4	2	3	3	1	0	3	2	4	5	3	3	1	4	1	
0	1	3	3	4	2	1	0	3	5	2	3	3	2	5	2	
0	2	3	1	1	3	3	3	0	2	3	4	3	2	3	4	
0	2	4	3	2	1	2	1	2	0	3	4	3	3	4	3	
0	1	5	1	4	3	3	3	4	4	0	3	3	4	4	4	
0	2	4	1	3	2	3	3	3	3	2	0	4	1	4	2	
0	2	4	2	2	1	2	1	3	3	3	1	0	2	4	3	
0	3	4	2	2	4	4	4	4	3	4	5	4	0	4	4	
0	2	5	4	3	1	3	4	3	4	3	4	3	4	0	2	
0	3	4	2	2	4	4	4	1	3	4	5	4	3	4	0	
Tamanho_Tarefas
0	7	29	47	23	3	20	11	16	46	11	22	13	42	18	14	
Data_Entrega
0	134	187	183	140	133	164	95	133	120	129	113	164	170	92	178	
Penalidade_Atraso
0	12	14	19	18	17	14	20	13	12	13	9	18	12	6	14	
Capacidade_Veiculo
110	133	95	69	129	
Custo_Fixo_Veiculo
1100	1330	950	690	1290	
Coordenadas_Clientes
x	0	y	0
x	19	y	0
x	13	y	6
x	10	y	12
x	5	y	17
x	-2	y	20
x	-7	y	13
x	-14	y	10
x	-15	y	3
x	-17	y	-3
x	-14	y	-10
x	-10	y	-18
x	-2	y	-24
x	5	y	-17
x	13	y	-15
x	22	y	-10
Tempo_Viagem
0	19	14	15	17	20	14	17	15	17	17	20	24	17	19	24	
19	0	8	14	21	28	29	34	34	36	34	34	31	22	16	10	
14	8	0	6	13	20	21	27	28	31	31	33	33	24	21	18	
15	14	6	0	7	14	17	24	26	30	32	35	37	29	27	24	
17	21	13	7	0	7	12	19	24	29	33	37	41	34	32	31	
20	28	20	14	7	0	8	15	20	26	32	38	44	37	38	38	
14	29	21	17	12	8	0	7	12	18	24	31	37	31	33	37	
17	34	27	24	19	15	7	0	7	13	20	28	36	33	36	41	
15	34	28	26	24	20	12	7	0	6	13	21	29	28	33	39	
17	36	31	30	29	26	18	13	6	0	7	15	25	26	32	39	
17	34	31	32	33	32	24	20	13	7	0	8	18	20	27	36	
20	34	33	35	37	38	31	28	21	15	8	0	10	15	23	32	
24	31	33	37	41	44	37	36	29	25	18	10	0	9	17	27	
17	22	24	29	34	37	31	33	28	26	20	15	9	0	8	18	
19	16	21	27	32	38	33	36	33	32	27	23	17	8	0	10	
24	10	18	24	31	38	37	41	39	39	36	32	27	18	10	0	
Custo_Viagem
V0
0	418	308	330	374	440	308	374	330	374	374	440	528	374	418	528	
418	0	176	330	484	638	638	748	748	792	748	748	682	484	352	220	
308	176	0	132	286	440	462	594	616	682	682	726	726	528	462	396	
330	330	132	0	154	308	374	528	572	660	704	792	814	638	594	550	
374	484	286	154	0	154	264	440	528	638	726	836	902	748	704	682	
440	638	440	308	154	0	176	330	462	594	704	836	968	814	836	836	
308	638	462	374	264	176	0	154	264	396	528	682	814	704	748	814	
374	748	594	528	440	330	154	0	154	286	440	616	792	726	792	902	
330	748	616	572	528	462	264	154	0	132	286	462	638	616	726	858	
374	792	682	660	638	594	396	286	132	0	154	352	550	572	704	858	
374	748	682	704	726	704	528	440	286	154	0	176	396	440	594	792	
440	748	726	792	836	836	682	616	462	352	176	0	220	330	506	704	
528	682	726	814	902	968	814	792	638	550	396	220	0	198	374	594	
374	484	528	638	748	814	704	726	616	572	440	330	198	0	176	396	
418	352	462	594	704	836	748	792	726	704	594	506	374	176	0	220	
528	220	396	550	682	836	814	902	858	858	792	704	594	396	220	0	
V1
0	505	372	399	452	532	372	452	399	452	452	532	638	452	505	638	
505	0	212	399	585	771	771	904	904	957	904	904	824	585	425	266	
372	212	0	159	345	532	558	718	744	824	824	877	877	638	558	478	
399	399	159	0	186	372	452	638	691	798	851	957	984	771	718	665	
452	585	345	186	0	186	319	532	638	771	877	1010	1090	904	851	824	
532	771	532	372	186	0	212	399	558	718	851	1010	1170	984	1010	1010	
372	771	558	452	319	212	0	186	319	478	638	824	984	851	904	984	
452	904	718	638	532	399	186	0	186	345	532	744	957	877	957	1090	
399	904	744	691	638	558	319	186	0	159	345	558	771	744	877	1037	
452	957	824	798	771	718	478	345	159	0	186	425	665	691	851	1037	
452	904	824	851	877	851	638	532	345	186	0	212	478	532	718	957	
532	904	877	957	1010	1010	824	744	558	425	212	0	266	399	611	851	
638	824	877	984	1090	1170	984	957	771	665	478	266	0	239	452	718	
452	585	638	771	904	984	851	877	744	691	532	399	239	0	212	478	
505	425	558	718	851	1010	904	957	877	851	718	611	452	212	0	266	
638	266	478	665	824	1010	984	1090	1037	1037	957	851	718	478	266	0	
V2
0	361	266	285	323	380	266	323	285	323	323	380	456	323	361	456	
361	0	152	285	418	551	551	646	646	684	646	646	589	418	304	190	
266	152	0	114	247	380	399	513	532	589	589	627	627	456	399	342	
285	285	114	0	133	266	323	456	494	570	608	684	703	551	513	475	
323	418	247	133	0	133	228	380	456	551	627	722	779	646	608	589	
380	551	380	266	133	0	152	285	399	513	608	722	836	703	722	722	
266	551	399	323	228	152	0	133	228	342	456	589	703	608	646	703	
323	646	513	456	380	285	133	0	133	247	380	532	684	627	684	779	
285	646	532	494	456	399	228	133	0	114	247	399	551	532	627	741	
323	684	589	570	551	513	342	247	114	0	133	304	475	494	608	741	
323	646	589	608	627	608	456	380	247	133	0	152	342	380	513	684	
380	646	627	684	722	722	589	532	399	304	152	0	190	285	437	608	
456	589	627	703	779	836	703	684	551	475	342	190	0	171	323	513	
323	418	456	551	646	703	608	627	532	494	380	285	171	0	152	342	
361	304	399	513	608	722	646	684	627	608	513	437	323	152	0	190	
456	190	342	475	589	722	703	779	741	741	684	608	513	342	190	0	
V3
0	262	193	207	234	276	193	234	207	234	234	276	331	234	262	331	
262	0	110	207	303	400	400	469	469	496	469	469	427	303	220	138	
193	110	0	82	179	276	289	372	386	427	427	455	455	331	289	248	
207	207	82	0	96	193	234	331	358	414	441	496	510	400	372	345	
234	303	179	96	0	96	165	276	331	400	455	524	565	469	441	427	
276	400	276	193	96	0	110	207	289	372	441	524	607	510	524	524	
193	400	289	234	165	110	0	96	165	248	331	427	510	441	469	510	
234	469	372	331	276	207	96	0	96	179	276	386	496	455	496	565	
207	469	386	358	331	289	165	96	0	82	179	289	400	386	455	538	
234	496	427	414	400	372	248	179	82	0	96	220	345	358	441	538	
234	469	427	441	455	441	331	276	179	96	0	110	248	276	372	496	
276	469	455	496	524	524	427	386	289	220	110	0	138	207	317	441	
331	427	455	510	565	607	510	496	400	345	248	138	0	124	234	372	
234	303	331	400	469	510	441	455	386	358	276	207	124	0	110	248	
262	220	289	372	441	524	469	496	455	441	372	317	234	110	0	138	
331	138	248	345	427	524	510	565	538	538	496	441	372	248	138	0	
V4
0	490	361	387	438	516	361	438	387	438	438	516	619	438	490	619	
490	0	206	387	567	748	748	877	877	928	877	877	799	567	412	258	
361	206	0	154	335	516	541	696	722	799	799	851	851	619	541	464	
387	387	154	0	180	361	438	619	670	774	825	928	954	748	696	645	
438	567	335	180	0	180	309	516	619	748	851	980	1057	877	825	799	
516	748	516	361	180	0	206	387	541	696	825	980	1135	954	980	980	
361	748	541	438	309	206	0	180	309	464	619	799	954	825	877	954	
438	877	696	619	516	387	180	0	180	335	516	722	928	851	928	1057	
387	877	722	670	619	541	309	180	0	154	335	541	748	722	851	1006	
438	928	799	774	748	696	464	335	154	0	180	412	645	670	825	1006	
438	877	799	825	851	825	619	516	335	180	0	206	464	516	696	928	
516	877	851	928	980	980	799	722	541	412	206	0	258	387	593	825	
619	799	851	954	1057	1135	954	928	748	645	464	258	0	232	438	696	
438	567	619	748	877	954	825	851	722	670	516	387	232	0	206	464	
490	412	541	696	825	980	877	928	851	825	696	593	438	206	0	258	
619	258	464	645	799	980	954	1057	1006	1006	928	825	696	464	258	0	
Velocidade_Veiculos
1	1	1	1	1	