M: 2
N: 15
Nun_Veiculos: 5
Capacidade_Total: 351
Demanda_Total: 276
Setup_Min: 1
Setup_Max: 99
Raio: 100
Circulos: 1
Tempo_Processamento_Min: 1
Tempo_Processamento_Max: 49
Demanda_Min: 10
Demanda_Max: 30
Priority_Factor: 0.2
Range_Factor_R: 0.8
U_factor: 2
ALpha: 0.2Replicao: 4
Tempos_Processamentos
0	0	1	0	
0	19	1	44	
0	2	1	19	
0	22	1	47	
0	22	1	49	
0	48	1	27	
0	45	1	23	
0	10	1	18	
0	29	1	5	
0	48	1	16	
0	1	1	41	
0	42	1	1	
0	43	1	7	
0	15	1	45	
0	43	1	31	
0	1	1	21	

Tempos_setup
M0
0	0	0	0	0	0	0	0	0	0	0	0	0	0	0	0	
0	0	40	15	18	10	4	24	8	6	19	16	14	8	12	12	
0	17	0	17	35	11	10	22	25	12	20	18	6	9	18	14	
0	10	35	0	28	4	3	22	18	5	13	11	13	2	11	7	
0	17	38	8	0	12	10	30	25	12	21	19	20	10	18	15	
0	9	31	6	27	0	9	28	15	11	19	7	19	8	17	3	
0	7	36	11	25	6	0	24	15	2	15	12	10	4	8	8	
0	15	40	15	33	9	8	0	7	10	18	16	18	7	16	12	
0	31	54	29	29	25	24	16	0	26	19	30	25	23	23	26	
0	5	45	20	23	15	9	24	13	0	24	21	8	13	6	17	
0	19	35	10	37	14	13	9	16	14	0	11	6	12	4	7	
0	21	24	18	39	12	21	27	27	23	31	0	20	20	18	15	
0	13	50	15	31	19	17	32	21	8	28	26	0	17	14	22	
0	8	33	8	26	2	1	20	16	3	11	9	11	0	9	5	
0	15	47	17	33	16	19	18	23	10	30	23	2	19	0	19	
0	13	28	3	31	7	6	25	21	8	16	4	16	5	14	0	
M1
0	0	0	0	0	0	0	0	0	0	0	0	0	0	0	0	
0	0	33	33	16	25	17	34	37	15	36	14	25	39	19	32	
0	29	0	18	9	10	1	10	4	44	16	16	9	20	3	28	
0	14	31	0	30	37	28	24	26	29	38	24	36	39	30	15	
0	42	26	34	0	9	1	20	30	48	20	16	9	23	3	28	
0	60	44	52	18	0	19	38	48	40	38	27	27	41	21	46	
0	41	25	42	8	9	0	28	29	47	19	15	8	22	2	27	
0	22	45	14	26	27	27	0	40	37	33	26	29	38	20	29	
0	28	25	14	21	22	22	6	0	43	12	28	30	16	15	29	
0	40	20	26	29	30	21	30	24	0	36	25	29	40	23	41	
0	42	13	31	9	10	10	23	17	46	0	16	18	17	3	37	
0	42	35	30	31	32	32	20	27	32	22	0	40	39	25	45	
0	33	30	39	39	28	31	36	30	41	42	28	0	46	33	19	
0	34	42	20	23	24	24	43	46	35	36	30	32	0	17	35	
0	48	32	40	6	7	7	26	36	45	26	13	15	20	0	34	
0	14	16	20	25	26	17	17	11	29	23	9	25	27	19	0	
Tamanho_Tarefas
0	22	2	28	23	35	26	14	9	22	9	1	21	22	32	10	
Data_Entrega
0	236	222	215	226	297	276	278	298	204	222	232	266	239	295	284	
Penalidade_Atraso
0	9	18	6	12	7	13	8	7	4	4	8	12	16	7	11	
Capacidade_Veiculo
64	90	73	79	45	
Custo_Fixo_Veiculo
640	900	730	790	450	
Coordenadas_Clientes
x	0	y	0
x	78	y	0
x	83	y	37
x	69	y	77
x	37	y	115
x	-12	y	114
x	-61	y	106
x	-62	y	45
x	-117	y	24
x	-102	y	-21
x	-63	y	-46
x	-55	y	-96
x	-12	y	-121
x	28	y	-86
x	62	y	-69
x	82	y	-36
Tempo_Viagem
0	78	90	103	120	114	122	76	119	104	78	110	121	90	92	89	
78	0	37	77	122	145	174	147	196	181	148	164	150	99	70	36	
90	37	0	42	90	122	159	145	200	193	167	191	184	134	107	73	
103	77	42	0	49	89	133	134	192	197	180	212	213	168	146	113	
120	122	90	49	0	49	98	121	178	194	189	230	241	201	185	157	
114	145	122	89	49	0	49	85	138	162	167	214	235	203	197	177	
122	174	159	133	98	49	0	61	99	133	152	202	232	211	213	201	
76	147	145	134	121	85	61	0	58	77	91	141	173	158	168	165	
119	196	200	192	178	138	99	58	0	47	88	135	178	182	201	207	
104	181	193	197	194	162	133	77	47	0	46	88	134	145	170	184	
78	148	167	180	189	167	152	91	88	46	0	50	90	99	127	145	
110	164	191	212	230	214	202	141	135	88	50	0	49	83	120	149	
121	150	184	213	241	235	232	173	178	134	90	49	0	53	90	126	
90	99	134	168	201	203	211	158	182	145	99	83	53	0	38	73	
92	70	107	146	185	197	213	168	201	170	127	120	90	38	0	38	
89	36	73	113	157	177	201	165	207	184	145	149	126	73	38	0	
Custo_Viagem
V0
0	998	1152	1318	1536	1459	1561	972	1523	1331	998	1408	1548	1152	1177	1139	
998	0	473	985	1561	1856	2227	1881	2508	2316	1894	2099	1920	1267	896	460	
1152	473	0	537	1152	1561	2035	1856	2560	2470	2137	2444	2355	1715	1382	934	
1318	985	537	0	627	1139	1702	1715	2470	2521	2304	2713	2726	2150	1868	1446	
1536	1561	1152	627	0	627	1254	1548	2278	2483	2419	2944	3084	2572	2368	2009	
1459	1856	1561	1139	627	0	627	1088	1766	2073	2137	2739	3008	2598	2521	2265	
1561	2227	2035	1702	1254	627	0	780	1267	1702	1945	2585	2969	2700	2726	2572	
972	1881	1856	1715	1548	1088	780	0	742	985	1164	1804	2214	2022	2150	2112	
1523	2508	2560	2470	2278	1766	1267	742	0	601	1126	1728	2291	2329	2572	2649	
1331	2316	2470	2521	2483	2073	1702	985	601	0	588	1126	1715	1856	2176	2355	
998	1894	2137	2304	2419	2137	1945	1164	1126	588	0	640	1152	1267	1625	1856	
1408	2099	2444	2713	2944	2739	2585	1804	1728	1126	640	0	627	1062	1536	1907	
1548	1920	2355	2726	3084	3008	2969	2214	2291	1715	1152	627	0	678	1152	1612	
1152	1267	1715	2150	2572	2598	2700	2022	2329	1856	1267	1062	678	0	486	934	
1177	896	1382	1868	2368	2521	2726	2150	2572	2176	1625	1536	1152	486	0	486	
1139	460	934	1446	2009	2265	2572	2112	2649	2355	1856	1907	1612	934	486	0	
V1
0	1404	1620	1854	2160	2052	2196	1368	2142	1872	1404	1980	2178	1620	1656	1602	
1404	0	666	1386	2196	2610	3132	2646	3528	3258	2664	2952	2700	1782	1260	648	
1620	666	0	756	1620	2196	2862	2610	3600	3474	3006	3438	3312	2412	1944	1314	
1854	1386	756	0	882	1602	2394	2412	3474	3546	3240	3816	3834	3024	2628	2034	
2160	2196	1620	882	0	882	1764	2178	3204	3492	3402	4140	4338	3618	3330	2826	
2052	2610	2196	1602	882	0	882	1530	2484	2916	3006	3852	4230	3654	3546	3186	
2196	3132	2862	2394	1764	882	0	1098	1782	2394	2736	3636	4176	3798	3834	3618	
1368	2646	2610	2412	2178	1530	1098	0	1044	1386	1638	2538	3114	2844	3024	2970	
2142	3528	3600	3474	3204	2484	1782	1044	0	846	1584	2430	3222	3276	3618	3726	
1872	3258	3474	3546	3492	2916	2394	1386	846	0	828	1584	2412	2610	3060	3312	
1404	2664	3006	3240	3402	3006	2736	1638	1584	828	0	900	1620	1782	2286	2610	
1980	2952	3438	3816	4140	3852	3636	2538	2430	1584	900	0	882	1494	2160	2682	
2178	2700	3312	3834	4338	4230	4176	3114	3222	2412	1620	882	0	954	1620	2268	
1620	1782	2412	3024	3618	3654	3798	2844	3276	2610	1782	1494	954	0	684	1314	
1656	1260	1944	2628	3330	3546	3834	3024	3618	3060	2286	2160	1620	684	0	684	
1602	648	1314	2034	2826	3186	3618	2970	3726	3312	2610	2682	2268	1314	684	0	
V2
0	1138	1314	1503	1752	1664	1781	1109	1737	1518	1138	1606	1766	1314	1343	1299	
1138	0	540	1124	1781	2117	2540	2146	2861	2642	2160	2394	2190	1445	1022	525	
1314	540	0	613	1314	1781	2321	2117	2920	2817	2438	2788	2686	1956	1576	1065	
1503	1124	613	0	715	1299	1941	1956	2817	2876	2628	3095	3109	2452	2131	1649	
1752	1781	1314	715	0	715	1430	1766	2598	2832	2759	3358	3518	2934	2701	2292	
1664	2117	1781	1299	715	0	715	1241	2014	2365	2438	3124	3431	2963	2876	2584	
1781	2540	2321	1941	1430	715	0	890	1445	1941	2219	2949	3387	3080	3109	2934	
1109	2146	2117	1956	1766	1241	890	0	846	1124	1328	2058	2525	2306	2452	2409	
1737	2861	2920	2817	2598	2014	1445	846	0	686	1284	1971	2613	2657	2934	3022	
1518	2642	2817	2876	2832	2365	1941	1124	686	0	671	1284	1956	2117	2482	2686	
1138	2160	2438	2628	2759	2438	2219	1328	1284	671	0	730	1314	1445	1854	2117	
1606	2394	2788	3095	3358	3124	2949	2058	1971	1284	730	0	715	1211	1752	2175	
1766	2190	2686	3109	3518	3431	3387	2525	2613	1956	1314	715	0	773	1314	1839	
1314	1445	1956	2452	2934	2963	3080	2306	2657	2117	1445	1211	773	0	554	1065	
1343	1022	1576	2131	2701	2876	3109	2452	2934	2482	1854	1752	1314	554	0	554	
1299	525	1065	1649	2292	2584	2934	2409	3022	2686	2117	2175	1839	1065	554	0	
V3
0	1232	1422	1627	1896	1801	1927	1200	1880	1643	1232	1738	1911	1422	1453	1406	
1232	0	584	1216	1927	2291	2749	2322	3096	2859	2338	2591	2370	1564	1106	568	
1422	584	0	663	1422	1927	2512	2291	3160	3049	2638	3017	2907	2117	1706	1153	
1627	1216	663	0	774	1406	2101	2117	3049	3112	2844	3349	3365	2654	2306	1785	
1896	1927	1422	774	0	774	1548	1911	2812	3065	2986	3634	3807	3175	2923	2480	
1801	2291	1927	1406	774	0	774	1343	2180	2559	2638	3381	3713	3207	3112	2796	
1927	2749	2512	2101	1548	774	0	963	1564	2101	2401	3191	3665	3333	3365	3175	
1200	2322	2291	2117	1911	1343	963	0	916	1216	1437	2227	2733	2496	2654	2607	
1880	3096	3160	3049	2812	2180	1564	916	0	742	1390	2133	2828	2875	3175	3270	
1643	2859	3049	3112	3065	2559	2101	1216	742	0	726	1390	2117	2291	2686	2907	
1232	2338	2638	2844	2986	2638	2401	1437	1390	726	0	790	1422	1564	2006	2291	
1738	2591	3017	3349	3634	3381	3191	2227	2133	1390	790	0	774	1311	1896	2354	
1911	2370	2907	3365	3807	3713	3665	2733	2828	2117	1422	774	0	837	1422	1990	
1422	1564	2117	2654	3175	3207	3333	2496	2875	2291	1564	1311	837	0	600	1153	
1453	1106	1706	2306	2923	3112	3365	2654	3175	2686	2006	1896	1422	600	0	600	
1406	568	1153	1785	2480	2796	3175	2607	3270	2907	2291	2354	1990	1153	600	0	
V4
0	702	810	927	1080	1026	1098	684	1071	936	702	990	1089	810	828	801	
702	0	333	693	1098	1305	1566	1323	1764	1629	1332	1476	1350	891	630	324	
810	333	0	378	810	1098	1431	1305	1800	1737	1503	1719	1656	1206	972	657	
927	693	378	0	441	801	1197	1206	1737	1773	1620	1908	1917	1512	1314	1017	
1080	1098	810	441	0	441	882	1089	1602	1746	1701	2070	2169	1809	1665	1413	
1026	1305	1098	801	441	0	441	765	1242	1458	1503	1926	2115	1827	1773	1593	
1098	1566	1431	1197	882	441	0	549	891	1197	1368	1818	2088	1899	1917	1809	
684	1323	1305	1206	1089	765	549	0	522	693	819	1269	1557	1422	1512	1485	
1071	1764	1800	1737	1602	1242	891	522	0	423	792	1215	1611	1638	1809	1863	
936	1629	1737	1773	1746	1458	1197	693	423	0	414	792	1206	1305	1530	1656	
702	1332	1503	1620	1701	1503	1368	819	792	414	0	450	810	891	1143	1305	
990	1476	1719	1908	2070	1926	1818	1269	1215	792	450	0	441	747	1080	1341	
1089	1350	1656	1917	2169	2115	2088	1557	1611	1206	810	441	0	477	810	1134	
810	891	1206	1512	1809	1827	1899	1422	1638	1305	891	747	477	0	342	657	
828	630	972	1314	1665	1773	1917	1512	1809	1530	1143	1080	810	342	0	342	
801	324	657	1017	1413	1593	1809	1485	1863	1656	1305	1341	1134	657	342	0	
Velocidade_Veiculos
1	1	1	1	1	