M: 2
N: 15
Nun_Veiculos: 6
Capacidade_Total: 550
Demanda_Total: 423
Setup_Min: 1
Setup_Max: 9
Raio: 20
Circulos: 1
Tempo_Processamento_Min: 1
Tempo_Processamento_Max: 49
Demanda_Min: 10
Demanda_Max: 30
Priority_Factor: 0.2
Range_Factor_R: 0.8
U_factor: 2
ALpha: 0.2Replicao: 2
Tempos_Processamentos
0	0	1	0	
0	47	1	48	
0	30	1	39	
0	36	1	39	
0	48	1	40	
0	44	1	27	
0	41	1	24	
0	33	1	27	
0	33	1	21	
0	3	1	1	
0	32	1	38	
0	48	1	15	
0	38	1	47	
0	42	1	9	
0	36	1	35	
0	4	1	36	

Tempos_setup
M0
0	0	0	0	0	0	0	0	0	0	0	0	0	0	0	0	
0	0	4	2	3	4	2	5	3	6	4	3	4	1	4	1	
0	4	0	3	2	3	2	2	3	4	2	1	2	2	4	3	
0	4	5	0	2	3	2	4	3	4	2	1	2	2	4	2	
0	4	4	3	0	1	2	5	4	5	3	4	3	4	4	2	
0	3	5	2	4	0	1	4	3	4	2	3	2	3	5	1	
0	3	6	1	3	4	0	5	4	5	3	2	3	2	5	3	
0	3	4	3	4	5	2	0	3	6	4	3	4	4	2	1	
0	4	4	1	3	4	3	2	0	3	1	2	1	3	4	3	
0	3	1	2	3	2	3	3	1	0	2	2	2	3	5	3	
0	5	3	4	2	3	4	2	3	2	0	4	4	5	4	3	
0	3	5	2	1	2	1	3	2	4	2	0	1	1	3	2	
0	6	4	3	4	5	4	6	4	3	4	3	0	2	3	5	
0	5	6	1	2	3	3	4	3	5	3	2	3	0	5	3	
0	5	5	5	4	5	5	4	5	4	2	4	3	4	0	5	
0	2	5	2	4	5	1	4	2	5	3	3	3	3	6	0	
M1
0	0	0	0	0	0	0	0	0	0	0	0	0	0	0	0	
0	0	1	4	2	3	3	3	5	2	3	4	1	5	2	4	
0	3	0	3	3	2	2	4	4	1	4	4	4	5	1	4	
0	6	3	0	3	5	4	4	4	4	5	5	2	4	3	5	
0	5	2	5	0	4	4	4	4	3	2	3	3	6	3	6	
0	4	2	3	2	0	4	6	2	3	4	4	5	3	3	2	
0	4	3	1	2	4	0	4	2	3	4	5	2	5	3	4	
0	4	2	4	3	3	3	0	2	2	1	1	2	5	3	4	
0	2	3	4	1	5	5	5	0	4	3	4	3	3	4	3	
0	4	3	2	2	1	1	5	3	0	3	4	3	4	2	3	
0	4	2	4	3	3	3	6	2	2	0	1	4	4	3	5	
0	3	1	3	2	2	2	5	1	1	4	0	3	4	2	4	
0	4	3	4	1	4	4	2	4	3	3	3	0	4	1	3	
0	4	2	1	3	3	3	5	2	2	2	1	3	0	3	5	
0	4	5	7	4	6	6	3	5	5	4	4	5	6	0	6	
0	4	3	1	4	4	4	5	3	3	3	2	3	1	4	0	
Tamanho_Tarefas
0	47	31	36	42	29	24	28	25	1	34	16	39	23	35	13	
Data_Entrega
0	173	140	207	261	229	250	218	229	133	235	131	180	202	151	180	
Penalidade_Atraso
0	11	18	16	13	3	7	10	13	7	19	14	7	1	10	18	
Capacidade_Veiculo
108	81	105	67	133	56	
Custo_Fixo_Veiculo
1080	810	1050	670	1330	560	
Coordenadas_Clientes
x	0	y	0
x	20	y	0
x	19	y	8
x	12	y	14
x	4	y	14
x	-1	y	17
x	-11	y	19
x	-15	y	11
x	-23	y	5
x	-16	y	-3
x	-15	y	-11
x	-12	y	-21
x	-2	y	-21
x	4	y	-14
x	15	y	-16
x	20	y	-8
Tempo_Viagem
0	20	20	18	14	17	21	18	23	16	18	24	21	14	21	21	
20	0	8	16	21	26	36	36	43	36	36	38	30	21	16	8	
20	8	0	9	16	21	31	34	42	36	38	42	35	26	24	16	
18	16	9	0	8	13	23	27	36	32	36	42	37	29	30	23	
14	21	16	8	0	5	15	19	28	26	31	38	35	28	31	27	
17	26	21	13	5	0	10	15	25	25	31	39	38	31	36	32	
21	36	31	23	15	10	0	8	18	22	30	40	41	35	42	41	
18	36	34	27	19	15	8	0	10	14	22	32	34	31	39	39	
23	43	42	36	28	25	18	10	0	10	17	27	32	32	43	44	
16	36	36	32	26	25	22	14	10	0	8	18	22	22	33	36	
18	36	38	36	31	31	30	22	17	8	0	10	16	19	30	35	
24	38	42	42	38	39	40	32	27	18	10	0	10	17	27	34	
21	30	35	37	35	38	41	34	32	22	16	10	0	9	17	25	
14	21	26	29	28	31	35	31	32	22	19	17	9	0	11	17	
21	16	24	30	31	36	42	39	43	33	30	27	17	11	0	9	
21	8	16	23	27	32	41	39	44	36	35	34	25	17	9	0	
Custo_Viagem
V0
0	432	432	388	302	367	453	388	496	345	388	518	453	302	453	453	
432	0	172	345	453	583	777	777	928	777	777	820	648	453	345	172	
432	172	0	194	345	453	669	734	907	777	820	907	756	561	518	345	
388	345	194	0	172	280	496	583	777	691	777	907	799	626	648	496	
302	453	345	172	0	108	324	410	604	561	669	820	756	604	669	583	
367	583	453	280	108	0	216	324	540	540	669	842	820	669	777	691	
453	777	669	496	324	216	0	172	388	475	648	864	885	777	928	885	
388	777	734	583	410	324	172	0	216	302	475	691	734	669	864	842	
496	928	907	777	604	540	388	216	0	216	367	604	712	712	928	950	
345	777	777	691	561	540	475	302	216	0	172	388	475	475	712	777	
388	777	820	777	669	669	648	475	367	172	0	216	345	410	648	756	
518	820	907	907	820	842	864	691	604	388	216	0	216	367	583	734	
453	648	756	799	756	820	885	734	712	475	345	216	0	194	367	540	
302	453	561	626	604	669	777	669	712	475	410	367	194	0	237	367	
453	345	518	648	669	777	928	864	928	712	648	583	367	237	0	194	
453	172	345	496	583	691	885	842	950	777	756	734	540	367	194	0	
V1
0	324	324	291	226	275	340	291	372	259	291	388	340	226	340	340	
324	0	129	259	340	437	583	583	696	583	583	615	486	340	259	129	
324	129	0	145	259	340	502	550	680	583	615	680	567	421	388	259	
291	259	145	0	129	210	372	437	583	518	583	680	599	469	486	372	
226	340	259	129	0	81	243	307	453	421	502	615	567	453	502	437	
275	437	340	210	81	0	162	243	405	405	502	631	615	502	583	518	
340	583	502	372	243	162	0	129	291	356	486	648	664	583	696	664	
291	583	550	437	307	243	129	0	162	226	356	518	550	502	648	631	
372	696	680	583	453	405	291	162	0	162	275	453	534	534	696	712	
259	583	583	518	421	405	356	226	162	0	129	291	356	356	534	583	
291	583	615	583	502	502	486	356	275	129	0	162	259	307	486	567	
388	615	680	680	615	631	648	518	453	291	162	0	162	275	437	550	
340	486	567	599	567	615	664	550	534	356	259	162	0	145	275	405	
226	340	421	469	453	502	583	502	534	356	307	275	145	0	178	275	
340	259	388	486	502	583	696	648	696	534	486	437	275	178	0	145	
340	129	259	372	437	518	664	631	712	583	567	550	405	275	145	0	
V2
0	420	420	378	294	357	441	378	483	336	378	504	441	294	441	441	
420	0	168	336	441	567	756	756	903	756	756	798	630	441	336	168	
420	168	0	189	336	441	651	714	882	756	798	882	735	546	504	336	
378	336	189	0	168	273	483	567	756	672	756	882	777	609	630	483	
294	441	336	168	0	105	315	399	588	546	651	798	735	588	651	567	
357	567	441	273	105	0	210	315	525	525	651	819	798	651	756	672	
441	756	651	483	315	210	0	168	378	462	630	840	861	756	903	861	
378	756	714	567	399	315	168	0	210	294	462	672	714	651	840	819	
483	903	882	756	588	525	378	210	0	210	357	588	693	693	903	924	
336	756	756	672	546	525	462	294	210	0	168	378	462	462	693	756	
378	756	798	756	651	651	630	462	357	168	0	210	336	399	630	735	
504	798	882	882	798	819	840	672	588	378	210	0	210	357	567	714	
441	630	735	777	735	798	861	714	693	462	336	210	0	189	357	525	
294	441	546	609	588	651	756	651	693	462	399	357	189	0	231	357	
441	336	504	630	651	756	903	840	903	693	630	567	357	231	0	189	
441	168	336	483	567	672	861	819	924	756	735	714	525	357	189	0	
V3
0	268	268	241	187	227	281	241	308	214	241	321	281	187	281	281	
268	0	107	214	281	361	482	482	576	482	482	509	402	281	214	107	
268	107	0	120	214	281	415	455	562	482	509	562	469	348	321	214	
241	214	120	0	107	174	308	361	482	428	482	562	495	388	402	308	
187	281	214	107	0	67	201	254	375	348	415	509	469	375	415	361	
227	361	281	174	67	0	134	201	335	335	415	522	509	415	482	428	
281	482	415	308	201	134	0	107	241	294	402	536	549	482	576	549	
241	482	455	361	254	201	107	0	134	187	294	428	455	415	536	522	
308	576	562	482	375	335	241	134	0	134	227	375	442	442	576	589	
214	482	482	428	348	335	294	187	134	0	107	241	294	294	442	482	
241	482	509	482	415	415	402	294	227	107	0	134	214	254	402	469	
321	509	562	562	509	522	536	428	375	241	134	0	134	227	361	455	
281	402	469	495	469	509	549	455	442	294	214	134	0	120	227	335	
187	281	348	388	375	415	482	415	442	294	254	227	120	0	147	227	
281	214	321	402	415	482	576	536	576	442	402	361	227	147	0	120	
281	107	214	308	361	428	549	522	589	482	469	455	335	227	120	0	
V4
0	532	532	478	372	452	558	478	611	425	478	638	558	372	558	558	
532	0	212	425	558	718	957	957	1143	957	957	1010	798	558	425	212	
532	212	0	239	425	558	824	904	1117	957	1010	1117	931	691	638	425	
478	425	239	0	212	345	611	718	957	851	957	1117	984	771	798	611	
372	558	425	212	0	133	399	505	744	691	824	1010	931	744	824	718	
452	718	558	345	133	0	266	399	665	665	824	1037	1010	824	957	851	
558	957	824	611	399	266	0	212	478	585	798	1064	1090	957	1143	1090	
478	957	904	718	505	399	212	0	266	372	585	851	904	824	1064	1037	
611	1143	1117	957	744	665	478	266	0	266	452	744	877	877	1143	1170	
425	957	957	851	691	665	585	372	266	0	212	478	585	585	877	957	
478	957	1010	957	824	824	798	585	452	212	0	266	425	505	798	931	
638	1010	1117	1117	1010	1037	1064	851	744	478	266	0	266	452	718	904	
558	798	931	984	931	1010	1090	904	877	585	425	266	0	239	452	665	
372	558	691	771	744	824	957	824	877	585	505	452	239	0	292	452	
558	425	638	798	824	957	1143	1064	1143	877	798	718	452	292	0	239	
558	212	425	611	718	851	1090	1037	1170	957	931	904	665	452	239	0	
V5
0	224	224	201	156	190	235	201	257	179	201	268	235	156	235	235	
224	0	89	179	235	302	403	403	481	403	403	425	336	235	179	89	
224	89	0	100	179	235	347	380	470	403	425	470	392	291	268	179	
201	179	100	0	89	145	257	302	403	358	403	470	414	324	336	257	
156	235	179	89	0	56	168	212	313	291	347	425	392	313	347	302	
190	302	235	145	56	0	112	168	280	280	347	436	425	347	403	358	
235	403	347	257	168	112	0	89	201	246	336	448	459	403	481	459	
201	403	380	302	212	168	89	0	112	156	246	358	380	347	448	436	
257	481	470	403	313	280	201	112	0	112	190	313	369	369	481	492	
179	403	403	358	291	280	246	156	112	0	89	201	246	246	369	403	
201	403	425	403	347	347	336	246	190	89	0	112	179	212	336	392	
268	425	470	470	425	436	448	358	313	201	112	0	112	190	302	380	
235	336	392	414	392	425	459	380	369	246	179	112	0	100	190	280	
156	235	291	324	313	347	403	347	369	246	212	190	100	0	123	190	
235	179	268	336	347	403	481	448	481	369	336	302	190	123	0	100	
235	89	179	257	302	358	459	436	492	403	392	380	280	190	100	0	
Velocidade_Veiculos
1	1	1	1	1	1	