M: 2
N: 15
Nun_Veiculos: 7
Capacidade_Total: 658
Demanda_Total: 306
Setup_Min: 1
Setup_Max: 9
Raio: 20
Circulos: 1
Tempo_Processamento_Min: 1
Tempo_Processamento_Max: 49
Demanda_Min: 10
Demanda_Max: 30
Priority_Factor: 0.2
Range_Factor_R: 0.8
U_factor: 2
ALpha: 0.2Replicao: 2
Tempos_Processamentos
0	0	1	0	
0	47	1	4	
0	36	1	14	
0	7	1	28	
0	18	1	47	
0	14	1	25	
0	12	1	19	
0	48	1	49	
0	29	1	34	
0	4	1	25	
0	10	1	40	
0	10	1	49	
0	46	1	38	
0	31	1	48	
0	31	1	2	
0	33	1	25	

Tempos_setup
M0
0	0	0	0	0	0	0	0	0	0	0	0	0	0	0	0	
0	0	4	2	4	4	3	1	2	4	1	3	3	3	2	2	
0	3	0	3	2	1	1	3	3	3	2	3	4	5	2	3	
0	4	2	0	3	2	3	5	3	4	4	3	5	5	4	2	
0	1	2	2	0	1	3	2	3	1	2	1	2	3	2	1	
0	2	3	3	1	0	2	3	4	2	3	2	3	4	3	2	
0	2	4	2	4	4	0	3	2	4	1	3	3	4	2	3	
0	2	3	3	3	3	2	0	1	4	2	2	2	2	3	1	
0	3	3	3	4	3	1	4	0	5	2	2	3	2	3	1	
0	3	3	1	2	1	3	1	2	0	2	2	1	2	2	1	
0	1	3	1	4	3	4	2	3	3	0	2	4	4	1	3	
0	3	1	4	2	1	2	4	4	3	3	0	4	4	3	3	
0	2	3	1	3	3	3	3	4	4	1	3	0	1	1	2	
0	2	3	2	4	3	2	3	4	4	1	2	1	0	2	1	
0	2	4	2	5	4	5	3	4	4	1	3	3	4	0	3	
0	3	2	3	3	2	3	4	5	4	2	1	5	5	3	0	
M1
0	0	0	0	0	0	0	0	0	0	0	0	0	0	0	0	
0	0	5	1	4	3	3	3	2	4	3	3	3	2	3	4	
0	3	0	4	3	3	2	3	1	2	1	2	2	4	1	3	
0	2	4	0	4	3	4	4	4	3	2	3	2	4	3	3	
0	4	1	4	0	3	3	4	2	3	2	3	2	4	2	3	
0	3	3	4	2	0	2	3	2	2	3	1	2	2	1	1	
0	3	3	4	4	2	0	2	3	2	3	3	1	2	3	2	
0	3	4	4	4	3	1	0	2	2	3	3	2	2	3	1	
0	3	3	4	2	4	4	3	0	3	3	1	3	5	4	4	
0	1	3	2	2	1	2	1	3	0	3	1	3	3	2	2	
0	3	5	4	5	6	6	6	5	6	0	4	5	5	6	6	
0	3	2	4	1	3	4	3	3	2	2	0	2	4	3	3	
0	2	2	3	3	1	3	2	2	1	3	2	0	2	2	1	
0	3	3	2	2	2	1	1	1	2	1	1	1	0	1	2	
0	2	3	3	3	2	1	2	3	1	2	2	1	3	0	2	
0	2	3	3	3	2	2	2	1	1	2	2	1	1	2	0	
Tamanho_Tarefas
0	8	20	9	20	18	12	48	29	4	10	14	40	38	9	27	
Data_Entrega
0	132	95	103	98	181	93	143	106	170	86	173	157	112	169	105	
Penalidade_Atraso
0	5	6	11	10	19	12	4	6	13	11	5	10	13	20	10	
Capacidade_Veiculo
91	52	106	115	74	96	124	
Custo_Fixo_Veiculo
910	520	1060	1150	740	960	1240	
Coordenadas_Clientes
x	0	y	0
x	19	y	0
x	16	y	7
x	12	y	14
x	5	y	17
x	-2	y	23
x	-10	y	18
x	-20	y	14
x	-15	y	3
x	-18	y	-3
x	-17	y	-12
x	-10	y	-18
x	-1	y	-18
x	6	y	-19
x	10	y	-11
x	18	y	-8
Tempo_Viagem
0	19	17	18	17	23	20	24	15	18	20	20	18	19	14	19	
19	0	7	15	21	30	34	41	34	37	37	34	26	22	14	8	
17	7	0	8	14	23	28	36	31	35	37	36	30	26	18	15	
18	15	8	0	7	16	22	32	29	34	38	38	34	33	25	22	
17	21	14	7	0	9	15	25	24	30	36	37	35	36	28	28	
23	30	23	16	9	0	9	19	23	29	38	41	41	42	36	36	
20	34	28	22	15	9	0	10	15	21	30	36	37	39	34	38	
24	41	36	32	25	19	10	0	12	17	26	33	37	42	38	43	
15	34	31	29	24	23	15	12	0	6	15	21	25	30	28	34	
18	37	35	34	30	29	21	17	6	0	9	17	22	28	29	36	
20	37	37	38	36	38	30	26	15	9	0	9	17	24	27	35	
20	34	36	38	37	41	36	33	21	17	9	0	9	16	21	29	
18	26	30	34	35	41	37	37	25	22	17	9	0	7	13	21	
19	22	26	33	36	42	39	42	30	28	24	16	7	0	8	16	
14	14	18	25	28	36	34	38	28	29	27	21	13	8	0	8	
19	8	15	22	28	36	38	43	34	36	35	29	21	16	8	0	
Custo_Viagem
V0
0	345	309	327	309	418	364	436	273	327	364	364	327	345	254	345	
345	0	127	273	400	564	618	746	618	673	673	618	473	418	254	145	
309	127	0	145	254	436	509	655	564	637	691	655	546	491	327	273	
327	273	145	0	127	291	400	582	527	618	691	691	618	600	455	400	
309	400	254	127	0	163	273	455	436	546	655	691	637	655	509	509	
418	564	436	291	163	0	163	364	418	546	691	746	746	764	655	655	
364	618	509	400	273	163	0	182	273	400	546	655	673	728	637	691	
436	746	655	582	455	364	182	0	218	309	473	600	673	764	709	782	
273	618	564	527	436	418	273	218	0	109	273	382	455	546	509	618	
327	673	637	618	546	546	400	309	109	0	163	309	400	509	527	655	
364	673	691	691	655	691	546	473	273	163	0	163	309	436	491	637	
364	618	655	691	691	746	655	600	382	309	163	0	163	291	382	527	
327	473	546	618	637	746	673	673	455	400	309	163	0	127	236	382	
345	418	491	600	655	764	728	764	546	509	436	291	127	0	145	291	
254	254	327	455	509	655	637	709	509	527	491	382	236	145	0	145	
345	145	273	400	509	655	691	782	618	655	637	527	382	291	145	0	
V1
0	197	176	187	176	239	208	249	156	187	208	208	187	197	145	197	
197	0	72	156	228	322	353	426	353	384	384	353	270	239	145	83	
176	72	0	83	145	249	291	374	322	364	395	374	312	280	187	156	
187	156	83	0	72	166	228	332	301	353	395	395	353	343	260	228	
176	228	145	72	0	93	156	260	249	312	374	395	364	374	291	291	
239	322	249	166	93	0	93	208	239	312	395	426	426	436	374	374	
208	353	291	228	156	93	0	104	156	228	312	374	384	416	364	395	
249	426	374	332	260	208	104	0	124	176	270	343	384	436	405	447	
156	353	322	301	249	239	156	124	0	62	156	218	260	312	291	353	
187	384	364	353	312	312	228	176	62	0	93	176	228	291	301	374	
208	384	395	395	374	395	312	270	156	93	0	93	176	249	280	364	
208	353	374	395	395	426	374	343	218	176	93	0	93	166	218	301	
187	270	312	353	364	426	384	384	260	228	176	93	0	72	135	218	
197	239	280	343	374	436	416	436	312	291	249	166	72	0	83	166	
145	145	187	260	291	374	364	405	291	301	280	218	135	83	0	83	
197	83	156	228	291	374	395	447	353	374	364	301	218	166	83	0	
V2
0	402	360	381	360	487	424	508	318	381	424	424	381	402	296	402	
402	0	148	318	466	657	720	869	720	784	784	720	551	487	296	169	
360	148	0	169	296	508	593	763	657	742	805	763	636	572	381	318	
381	318	169	0	148	339	466	678	614	720	805	805	720	699	530	466	
360	466	296	148	0	190	318	530	508	636	763	805	742	763	593	593	
487	657	508	339	190	0	190	424	487	636	805	869	869	890	763	763	
424	720	593	466	318	190	0	212	318	466	636	763	784	848	742	805	
508	869	763	678	530	424	212	0	254	360	551	699	784	890	826	911	
318	720	657	614	508	487	318	254	0	127	318	445	530	636	593	720	
381	784	742	720	636	636	466	360	127	0	190	360	466	593	614	763	
424	784	805	805	763	805	636	551	318	190	0	190	360	508	572	742	
424	720	763	805	805	869	763	699	445	360	190	0	190	339	445	614	
381	551	636	720	742	869	784	784	530	466	360	190	0	148	275	445	
402	487	572	699	763	890	848	890	636	593	508	339	148	0	169	339	
296	296	381	530	593	763	742	826	593	614	572	445	275	169	0	169	
402	169	318	466	593	763	805	911	720	763	742	614	445	339	169	0	
V3
0	437	391	414	391	529	460	552	345	414	460	460	414	437	322	437	
437	0	161	345	506	713	782	943	782	851	851	782	598	529	322	184	
391	161	0	184	322	552	644	828	713	805	874	828	690	621	414	345	
414	345	184	0	161	368	506	736	667	782	874	874	782	759	575	506	
391	506	322	161	0	207	345	575	552	690	828	874	805	828	644	644	
529	713	552	368	207	0	207	460	529	690	874	943	943	966	828	828	
460	782	644	506	345	207	0	230	345	506	690	828	851	920	805	874	
552	943	828	736	575	460	230	0	276	391	598	759	851	966	897	989	
345	782	713	667	552	529	345	276	0	138	345	483	575	690	644	782	
414	851	805	782	690	690	506	391	138	0	207	391	506	644	667	828	
460	851	874	874	828	874	690	598	345	207	0	207	391	552	621	805	
460	782	828	874	874	943	828	759	483	391	207	0	207	368	483	667	
414	598	690	782	805	943	851	851	575	506	391	207	0	161	299	483	
437	529	621	759	828	966	920	966	690	644	552	368	161	0	184	368	
322	322	414	575	644	828	805	897	644	667	621	483	299	184	0	184	
437	184	345	506	644	828	874	989	782	828	805	667	483	368	184	0	
V4
0	281	251	266	251	340	296	355	222	266	296	296	266	281	207	281	
281	0	103	222	325	458	503	606	503	547	547	503	384	340	207	118	
251	103	0	118	207	355	414	532	458	518	562	532	444	399	266	222	
266	222	118	0	103	236	325	473	429	503	562	562	503	488	370	325	
251	325	207	103	0	133	222	370	355	444	532	562	518	532	414	414	
340	458	355	236	133	0	133	296	340	444	562	606	606	621	532	532	
296	503	414	325	222	133	0	148	222	325	444	532	547	592	518	562	
355	606	532	473	370	296	148	0	177	251	384	488	547	621	577	636	
222	503	458	429	355	340	222	177	0	88	222	310	370	444	414	503	
266	547	518	503	444	444	325	251	88	0	133	251	325	414	429	532	
296	547	562	562	532	562	444	384	222	133	0	133	251	355	399	518	
296	503	532	562	562	606	532	488	310	251	133	0	133	236	310	429	
266	384	444	503	518	606	547	547	370	325	251	133	0	103	192	310	
281	340	399	488	532	621	592	621	444	414	355	236	103	0	118	236	
207	207	266	370	414	532	518	577	414	429	399	310	192	118	0	118	
281	118	222	325	414	532	562	636	503	532	518	429	310	236	118	0	
V5
0	364	326	345	326	441	384	460	288	345	384	384	345	364	268	364	
364	0	134	288	422	595	652	787	652	710	710	652	499	441	268	153	
326	134	0	153	268	460	537	691	595	672	729	691	576	518	345	288	
345	288	153	0	134	307	422	614	556	652	729	729	652	633	480	422	
326	422	268	134	0	172	288	480	460	576	691	729	672	691	537	537	
441	595	460	307	172	0	172	384	441	576	729	787	787	806	691	691	
384	652	537	422	288	172	0	192	288	422	576	691	710	768	672	729	
460	787	691	614	480	384	192	0	230	326	499	633	710	806	748	825	
288	652	595	556	460	441	288	230	0	115	288	403	480	576	537	652	
345	710	672	652	576	576	422	326	115	0	172	326	422	537	556	691	
384	710	729	729	691	729	576	499	288	172	0	172	326	460	518	672	
384	652	691	729	729	787	691	633	403	326	172	0	172	307	403	556	
345	499	576	652	672	787	710	710	480	422	326	172	0	134	249	403	
364	441	518	633	691	806	768	806	576	537	460	307	134	0	153	307	
268	268	345	480	537	691	672	748	537	556	518	403	249	153	0	153	
364	153	288	422	537	691	729	825	652	691	672	556	403	307	153	0	
V6
0	471	421	446	421	570	496	595	372	446	496	496	446	471	347	471	
471	0	173	372	545	768	843	1016	843	917	917	843	644	570	347	198	
421	173	0	198	347	595	694	892	768	868	942	892	744	669	446	372	
446	372	198	0	173	396	545	793	719	843	942	942	843	818	620	545	
421	545	347	173	0	223	372	620	595	744	892	942	868	892	694	694	
570	768	595	396	223	0	223	496	570	744	942	1016	1016	1041	892	892	
496	843	694	545	372	223	0	248	372	545	744	892	917	992	868	942	
595	1016	892	793	620	496	248	0	297	421	644	818	917	1041	967	1066	
372	843	768	719	595	570	372	297	0	148	372	520	620	744	694	843	
446	917	868	843	744	744	545	421	148	0	223	421	545	694	719	892	
496	917	942	942	892	942	744	644	372	223	0	223	421	595	669	868	
496	843	892	942	942	1016	892	818	520	421	223	0	223	396	520	719	
446	644	744	843	868	1016	917	917	620	545	421	223	0	173	322	520	
471	570	669	818	892	1041	992	1041	744	694	595	396	173	0	198	396	
347	347	446	620	694	892	868	967	694	719	669	520	322	198	0	198	
471	198	372	545	694	892	942	1066	843	892	868	719	520	396	198	0	
Velocidade_Veiculos
1	1	1	1	1	1	1	