M: 2
N: 15
Nun_Veiculos: 7
Capacidade_Total: 531
Demanda_Total: 293
Setup_Min: 1
Setup_Max: 9
Raio: 100
Circulos: 1
Tempo_Processamento_Min: 1
Tempo_Processamento_Max: 49
Demanda_Min: 10
Demanda_Max: 30
Priority_Factor: 0.2
Range_Factor_R: 0.8
U_factor: 2
ALpha: 0.2Replicao: 0
Tempos_Processamentos
0	0	1	0	
0	39	1	3	
0	40	1	29	
0	32	1	7	
0	42	1	20	
0	40	1	1	
0	28	1	14	
0	4	1	13	
0	29	1	20	
0	33	1	38	
0	7	1	46	
0	3	1	19	
0	40	1	44	
0	9	1	19	
0	14	1	32	
0	25	1	27	

Tempos_setup
M0
0	0	0	0	0	0	0	0	0	0	0	0	0	0	0	0	
0	0	4	1	3	3	5	3	5	5	2	4	2	2	2	3	
0	4	0	3	3	2	2	4	4	5	2	5	4	3	3	4	
0	1	3	0	2	3	5	4	4	4	1	3	1	2	3	2	
0	2	1	3	0	3	3	3	4	6	3	3	1	3	4	2	
0	4	3	3	4	0	2	2	2	3	3	5	4	4	4	4	
0	2	4	1	3	1	0	3	3	4	2	4	2	3	2	3	
0	3	1	3	2	2	3	0	3	4	1	5	3	2	4	4	
0	6	5	5	6	4	6	4	0	7	5	5	6	3	5	6	
0	3	3	2	2	2	4	4	3	0	1	2	1	2	1	1	
0	3	2	4	1	2	4	4	4	3	0	4	2	1	4	3	
0	2	6	3	5	3	2	5	5	6	4	0	4	4	4	5	
0	3	2	2	1	4	4	4	3	5	3	2	0	4	5	1	
0	5	4	4	3	1	3	3	3	4	4	5	4	0	5	5	
0	2	4	1	3	3	4	5	3	5	2	2	2	2	0	1	
0	2	4	3	5	4	3	5	2	4	4	1	4	4	4	0	
M1
0	0	0	0	0	0	0	0	0	0	0	0	0	0	0	0	
0	0	4	4	1	4	5	4	3	3	2	4	5	2	3	5	
0	5	0	4	6	4	5	4	5	5	2	3	3	4	3	2	
0	1	4	0	2	2	3	2	4	4	3	3	4	3	1	3	
0	2	4	3	0	5	6	5	5	2	4	3	5	1	4	4	
0	3	3	2	4	0	5	1	5	5	2	1	3	4	3	2	
0	3	1	4	4	5	0	5	6	3	3	4	4	2	4	3	
0	2	4	1	3	3	4	0	5	4	4	2	5	4	2	4	
0	5	3	5	4	6	2	6	0	4	5	5	3	4	6	2	
0	5	3	4	3	4	4	4	7	0	4	1	5	4	5	4	
0	3	2	2	4	2	3	2	3	6	0	3	3	5	1	3	
0	5	2	4	6	6	4	3	7	6	4	0	4	5	5	3	
0	3	5	2	4	4	4	4	6	3	5	4	0	3	3	5	
0	1	4	2	2	4	5	4	4	1	3	2	6	0	3	5	
0	3	3	2	4	1	2	1	6	5	3	2	3	4	0	2	
0	3	5	3	4	5	5	5	6	3	5	3	1	2	4	0	
Tamanho_Tarefas
0	12	31	13	23	17	14	6	21	35	17	9	40	10	20	25	
Data_Entrega
0	219	202	239	232	280	258	215	284	239	207	214	237	274	279	269	
Penalidade_Atraso
0	1	6	10	7	1	2	16	17	18	19	4	10	17	14	7	
Capacidade_Veiculo
64	84	41	120	50	65	107	
Custo_Fixo_Veiculo
640	840	410	1200	500	650	1070	
Coordenadas_Clientes
x	0	y	0
x	116	y	0
x	94	y	41
x	66	y	73
x	37	y	114
x	-7	y	75
x	-49	y	85
x	-62	y	45
x	-107	y	22
x	-83	y	-17
x	-72	y	-52
x	-53	y	-93
x	-11	y	-106
x	29	y	-89
x	58	y	-64
x	77	y	-34
Tempo_Viagem
0	116	102	98	119	75	98	76	109	84	88	107	106	93	86	84	
116	0	46	88	138	144	185	183	224	199	195	192	164	124	86	51	
102	46	0	42	92	106	149	156	201	186	190	198	180	145	111	76	
98	88	42	0	50	73	115	131	180	174	186	204	194	166	137	107	
119	138	92	50	0	58	90	120	170	177	198	225	225	203	179	153	
75	144	106	73	58	0	43	62	112	119	142	174	181	167	153	137	
98	185	149	115	90	43	0	42	85	107	138	178	194	190	183	173	
76	183	156	131	120	62	42	0	50	65	97	138	159	161	162	159	
109	224	201	180	170	112	85	50	0	45	81	126	159	175	186	192	
84	199	186	174	177	119	107	65	45	0	36	81	114	133	148	160	
88	195	190	186	198	142	138	97	81	36	0	45	81	107	130	150	
107	192	198	204	225	174	178	138	126	81	45	0	43	82	114	142	
106	164	180	194	225	181	194	159	159	114	81	43	0	43	80	113	
93	124	145	166	203	167	190	161	175	133	107	82	43	0	38	73	
86	86	111	137	179	153	183	162	186	148	130	114	80	38	0	35	
84	51	76	107	153	137	173	159	192	160	150	142	113	73	35	0	
Custo_Viagem
V0
0	1484	1305	1254	1523	960	1254	972	1395	1075	1126	1369	1356	1190	1100	1075	
1484	0	588	1126	1766	1843	2368	2342	2867	2547	2496	2457	2112	1587	1100	652	
1305	588	0	537	1177	1356	1907	1996	2572	2380	2432	2534	2304	1856	1420	972	
1254	1126	537	0	640	934	1472	1676	2304	2227	2380	2611	2483	2124	1753	1369	
1523	1766	1177	640	0	742	1152	1536	2176	2265	2534	2880	2880	2598	2291	1958	
960	1843	1356	934	742	0	550	793	1446	1523	1817	2227	2316	2137	1958	1753	
1254	2368	1907	1472	1152	550	0	537	1088	1369	1766	2278	2483	2432	2342	2214	
972	2342	1996	1676	1536	793	537	0	640	832	1241	1766	2035	2060	2073	2035	
1395	2867	2572	2304	2176	1446	1088	640	0	576	1036	1625	2048	2240	2380	2457	
1075	2547	2380	2227	2265	1523	1369	832	576	0	460	1036	1459	1702	1894	2048	
1126	2496	2432	2380	2534	1817	1766	1241	1036	460	0	576	1036	1369	1664	1920	
1369	2457	2534	2611	2880	2227	2278	1766	1625	1036	576	0	550	1049	1459	1817	
1356	2112	2304	2483	2880	2316	2483	2035	2048	1459	1036	550	0	550	1024	1446	
1190	1587	1856	2124	2598	2137	2432	2060	2240	1702	1369	1049	550	0	486	934	
1100	1100	1420	1753	2291	1958	2342	2073	2380	1894	1664	1459	1024	486	0	448	
1075	652	972	1369	1958	1753	2214	2035	2457	2048	1920	1817	1446	934	448	0	
V1
0	1948	1713	1646	1999	1260	1646	1276	1831	1411	1478	1797	1780	1562	1444	1411	
1948	0	772	1478	2318	2419	3108	3074	3763	3343	3276	3225	2772	2083	1444	856	
1713	772	0	705	1545	1780	2503	2620	3376	3124	3192	3326	3024	2436	1864	1276	
1646	1478	705	0	840	1226	1932	2200	3024	2923	3124	3427	3259	2788	2301	1797	
1999	2318	1545	840	0	974	1512	2016	2856	2973	3326	3780	3780	3410	3007	2570	
1260	2419	1780	1226	974	0	722	1041	1898	1999	2385	2923	3040	2805	2570	2301	
1646	3108	2503	1932	1512	722	0	705	1428	1797	2318	2990	3259	3192	3074	2906	
1276	3074	2620	2200	2016	1041	705	0	840	1092	1629	2318	2671	2704	2721	2671	
1831	3763	3376	3024	2856	1898	1428	840	0	756	1360	2133	2688	2940	3124	3225	
1411	3343	3124	2923	2973	1999	1797	1092	756	0	604	1360	1915	2234	2486	2688	
1478	3276	3192	3124	3326	2385	2318	1629	1360	604	0	756	1360	1797	2184	2520	
1797	3225	3326	3427	3780	2923	2990	2318	2133	1360	756	0	722	1377	1915	2385	
1780	2772	3024	3259	3780	3040	3259	2671	2688	1915	1360	722	0	722	1344	1898	
1562	2083	2436	2788	3410	2805	3192	2704	2940	2234	1797	1377	722	0	638	1226	
1444	1444	1864	2301	3007	2570	3074	2721	3124	2486	2184	1915	1344	638	0	588	
1411	856	1276	1797	2570	2301	2906	2671	3225	2688	2520	2385	1898	1226	588	0	
V2
0	951	836	803	975	615	803	623	893	688	721	877	869	762	705	688	
951	0	377	721	1131	1180	1517	1500	1836	1631	1599	1574	1353	1016	705	418	
836	377	0	344	754	869	1221	1279	1648	1525	1558	1623	1476	1189	910	623	
803	721	344	0	410	598	943	1074	1476	1426	1525	1672	1590	1361	1123	877	
975	1131	754	410	0	475	738	984	1394	1451	1623	1845	1845	1664	1467	1254	
615	1180	869	598	475	0	352	508	926	975	1164	1426	1484	1369	1254	1123	
803	1517	1221	943	738	352	0	344	697	877	1131	1459	1590	1558	1500	1418	
623	1500	1279	1074	984	508	344	0	410	533	795	1131	1303	1320	1328	1303	
893	1836	1648	1476	1394	926	697	410	0	369	664	1041	1312	1435	1525	1574	
688	1631	1525	1426	1451	975	877	533	369	0	295	664	934	1090	1213	1312	
721	1599	1558	1525	1623	1164	1131	795	664	295	0	369	664	877	1066	1230	
877	1574	1623	1672	1845	1426	1459	1131	1041	664	369	0	352	672	934	1164	
869	1353	1476	1590	1845	1484	1590	1303	1312	934	664	352	0	352	656	926	
762	1016	1189	1361	1664	1369	1558	1320	1435	1090	877	672	352	0	311	598	
705	705	910	1123	1467	1254	1500	1328	1525	1213	1066	934	656	311	0	287	
688	418	623	877	1254	1123	1418	1303	1574	1312	1230	1164	926	598	287	0	
V3
0	2784	2448	2352	2856	1800	2352	1824	2616	2016	2112	2568	2544	2232	2064	2016	
2784	0	1104	2112	3312	3456	4440	4392	5376	4776	4680	4608	3960	2976	2064	1224	
2448	1104	0	1008	2208	2544	3576	3744	4824	4464	4560	4752	4320	3480	2664	1824	
2352	2112	1008	0	1200	1752	2760	3144	4320	4176	4464	4896	4656	3984	3288	2568	
2856	3312	2208	1200	0	1392	2160	2880	4080	4248	4752	5400	5400	4872	4296	3672	
1800	3456	2544	1752	1392	0	1032	1488	2712	2856	3408	4176	4344	4008	3672	3288	
2352	4440	3576	2760	2160	1032	0	1008	2040	2568	3312	4272	4656	4560	4392	4152	
1824	4392	3744	3144	2880	1488	1008	0	1200	1560	2328	3312	3816	3864	3888	3816	
2616	5376	4824	4320	4080	2712	2040	1200	0	1080	1944	3048	3840	4200	4464	4608	
2016	4776	4464	4176	4248	2856	2568	1560	1080	0	864	1944	2736	3192	3552	3840	
2112	4680	4560	4464	4752	3408	3312	2328	1944	864	0	1080	1944	2568	3120	3600	
2568	4608	4752	4896	5400	4176	4272	3312	3048	1944	1080	0	1032	1968	2736	3408	
2544	3960	4320	4656	5400	4344	4656	3816	3840	2736	1944	1032	0	1032	1920	2712	
2232	2976	3480	3984	4872	4008	4560	3864	4200	3192	2568	1968	1032	0	912	1752	
2064	2064	2664	3288	4296	3672	4392	3888	4464	3552	3120	2736	1920	912	0	840	
2016	1224	1824	2568	3672	3288	4152	3816	4608	3840	3600	3408	2712	1752	840	0	
V4
0	1160	1020	980	1190	750	980	760	1090	840	880	1070	1060	930	860	840	
1160	0	460	880	1380	1440	1850	1830	2240	1990	1950	1920	1650	1240	860	510	
1020	460	0	420	920	1060	1490	1560	2010	1860	1900	1980	1800	1450	1110	760	
980	880	420	0	500	730	1150	1310	1800	1740	1860	2040	1940	1660	1370	1070	
1190	1380	920	500	0	580	900	1200	1700	1770	1980	2250	2250	2030	1790	1530	
750	1440	1060	730	580	0	430	620	1130	1190	1420	1740	1810	1670	1530	1370	
980	1850	1490	1150	900	430	0	420	850	1070	1380	1780	1940	1900	1830	1730	
760	1830	1560	1310	1200	620	420	0	500	650	970	1380	1590	1610	1620	1590	
1090	2240	2010	1800	1700	1130	850	500	0	450	810	1270	1600	1750	1860	1920	
840	1990	1860	1740	1770	1190	1070	650	450	0	360	810	1140	1330	1480	1600	
880	1950	1900	1860	1980	1420	1380	970	810	360	0	450	810	1070	1300	1500	
1070	1920	1980	2040	2250	1740	1780	1380	1270	810	450	0	430	820	1140	1420	
1060	1650	1800	1940	2250	1810	1940	1590	1600	1140	810	430	0	430	800	1130	
930	1240	1450	1660	2030	1670	1900	1610	1750	1330	1070	820	430	0	380	730	
860	860	1110	1370	1790	1530	1830	1620	1860	1480	1300	1140	800	380	0	350	
840	510	760	1070	1530	1370	1730	1590	1920	1600	1500	1420	1130	730	350	0	
V5
0	1508	1326	1274	1547	975	1274	988	1417	1092	1144	1391	1378	1209	1118	1092	
1508	0	598	1144	1794	1872	2405	2379	2912	2587	2535	2496	2145	1612	1118	663	
1326	598	0	546	1196	1378	1937	2028	2613	2418	2470	2574	2340	1885	1443	988	
1274	1144	546	0	650	949	1495	1703	2340	2262	2418	2652	2522	2158	1781	1391	
1547	1794	1196	650	0	754	1170	1560	2210	2301	2574	2925	2925	2639	2327	1989	
975	1872	1378	949	754	0	559	806	1469	1547	1846	2262	2353	2171	1989	1781	
1274	2405	1937	1495	1170	559	0	546	1105	1391	1794	2314	2522	2470	2379	2249	
988	2379	2028	1703	1560	806	546	0	650	845	1261	1794	2067	2093	2106	2067	
1417	2912	2613	2340	2210	1469	1105	650	0	585	1053	1651	2080	2275	2418	2496	
1092	2587	2418	2262	2301	1547	1391	845	585	0	468	1053	1482	1729	1924	2080	
1144	2535	2470	2418	2574	1846	1794	1261	1053	468	0	585	1053	1391	1690	1950	
1391	2496	2574	2652	2925	2262	2314	1794	1651	1053	585	0	559	1066	1482	1846	
1378	2145	2340	2522	2925	2353	2522	2067	2080	1482	1053	559	0	559	1040	1469	
1209	1612	1885	2158	2639	2171	2470	2093	2275	1729	1391	1066	559	0	494	949	
1118	1118	1443	1781	2327	1989	2379	2106	2418	1924	1690	1482	1040	494	0	455	
1092	663	988	1391	1989	1781	2249	2067	2496	2080	1950	1846	1469	949	455	0	
V6
0	2482	2182	2097	2546	1605	2097	1626	2332	1797	1883	2289	2268	1990	1840	1797	
2482	0	984	1883	2953	3081	3959	3916	4793	4258	4173	4108	3531	2653	1840	1091	
2182	984	0	898	1968	2268	3188	3338	4301	3980	4066	4237	3852	3103	2375	1626	
2097	1883	898	0	1070	1562	2461	2803	3852	3723	3980	4365	4151	3552	2931	2289	
2546	2953	1968	1070	0	1241	1926	2568	3638	3787	4237	4815	4815	4344	3830	3274	
1605	3081	2268	1562	1241	0	920	1326	2418	2546	3038	3723	3873	3573	3274	2931	
2097	3959	3188	2461	1926	920	0	898	1819	2289	2953	3809	4151	4066	3916	3702	
1626	3916	3338	2803	2568	1326	898	0	1070	1391	2075	2953	3402	3445	3466	3402	
2332	4793	4301	3852	3638	2418	1819	1070	0	963	1733	2717	3424	3745	3980	4108	
1797	4258	3980	3723	3787	2546	2289	1391	963	0	770	1733	2439	2846	3167	3424	
1883	4173	4066	3980	4237	3038	2953	2075	1733	770	0	963	1733	2289	2782	3210	
2289	4108	4237	4365	4815	3723	3809	2953	2717	1733	963	0	920	1754	2439	3038	
2268	3531	3852	4151	4815	3873	4151	3402	3424	2439	1733	920	0	920	1712	2418	
1990	2653	3103	3552	4344	3573	4066	3445	3745	2846	2289	1754	920	0	813	1562	
1840	1840	2375	2931	3830	3274	3916	3466	3980	3167	2782	2439	1712	813	0	749	
1797	1091	1626	2289	3274	2931	3702	3402	4108	3424	3210	3038	2418	1562	749	0	
Velocidade_Veiculos
1	1	1	1	1	1	1	