M: 2
N: 15
Nun_Veiculos: 6
Capacidade_Total: 518
Demanda_Total: 341
Setup_Min: 1
Setup_Max: 99
Raio: 100
Circulos: 1
Tempo_Processamento_Min: 1
Tempo_Processamento_Max: 49
Demanda_Min: 10
Demanda_Max: 30
Priority_Factor: 0.2
Range_Factor_R: 0.8
U_factor: 2
ALpha: 0.2Replicao: 4
Tempos_Processamentos
0	0	1	0	
0	1	1	22	
0	36	1	17	
0	25	1	21	
0	39	1	2	
0	30	1	6	
0	37	1	10	
0	35	1	17	
0	41	1	39	
0	34	1	47	
0	28	1	30	
0	39	1	14	
0	5	1	16	
0	13	1	47	
0	32	1	37	
0	37	1	46	

Tempos_setup
M0
0	0	0	0	0	0	0	0	0	0	0	0	0	0	0	0	
0	0	30	18	29	40	19	40	32	27	23	25	28	13	17	27	
0	18	0	30	27	43	20	24	38	7	15	29	29	31	18	31	
0	14	18	0	17	22	7	28	14	15	11	13	16	1	5	15	
0	21	3	33	0	46	23	27	30	10	18	32	32	34	21	34	
0	5	22	5	19	0	12	33	19	10	13	4	21	6	10	6	
0	7	11	21	16	23	0	21	35	8	4	20	9	20	19	22	
0	11	6	25	20	21	4	0	22	12	8	24	7	24	2	26	
0	26	8	31	5	26	28	32	0	15	23	30	29	32	26	32	
0	20	24	23	29	36	13	34	31	0	17	22	22	24	11	24	
0	3	15	17	12	31	22	39	31	22	0	16	30	16	20	18	
0	1	18	1	15	15	8	29	15	6	12	0	17	2	6	2	
0	12	2	19	29	14	16	12	33	9	17	18	0	20	14	20	
0	13	17	5	16	27	6	27	19	14	10	12	15	0	4	14	
0	9	13	23	18	25	2	23	20	10	6	22	11	22	0	24	
0	13	16	16	13	38	17	38	21	4	10	26	26	17	15	0	
M1
0	0	0	0	0	0	0	0	0	0	0	0	0	0	0	0	
0	0	34	46	42	44	37	38	46	65	35	40	28	47	45	29	
0	21	0	29	25	25	23	24	27	62	54	26	14	35	31	50	
0	14	29	0	11	21	21	23	16	34	26	16	35	6	2	41	
0	18	19	4	0	25	14	12	20	37	30	5	25	10	6	45	
0	44	27	30	31	0	17	27	2	64	29	20	22	36	32	27	
0	32	17	18	14	39	0	10	24	47	41	3	28	19	20	48	
0	22	7	8	4	29	18	0	14	41	34	9	18	14	10	38	
0	43	32	29	29	20	15	25	0	62	27	18	20	34	31	25	
0	29	28	29	25	22	17	21	2	0	29	20	22	21	17	10	
0	37	16	26	22	41	36	34	42	59	0	27	30	32	28	66	
0	29	14	15	11	36	9	7	21	44	41	0	25	16	17	45	
0	29	17	18	14	28	9	10	24	49	41	12	0	21	17	48	
0	44	23	30	26	32	15	22	12	28	39	18	29	0	32	37	
0	12	27	13	9	19	19	21	16	32	24	14	33	4	0	41	
0	33	18	19	15	15	29	11	17	46	44	20	29	18	21	0	
Tamanho_Tarefas
0	10	20	23	13	7	23	18	40	40	29	16	10	21	34	37	
Data_Entrega
0	290	229	225	246	224	313	296	306	330	250	261	274	246	314	217	
Penalidade_Atraso
0	8	17	4	5	7	3	17	18	19	8	1	5	1	16	3	
Capacidade_Veiculo
86	98	103	56	105	70	
Custo_Fixo_Veiculo
860	980	1030	560	1050	700	
Coordenadas_Clientes
x	0	y	0
x	103	y	0
x	97	y	43
x	60	y	67
x	25	y	77
x	-10	y	95
x	-39	y	68
x	-79	y	57
x	-112	y	23
x	-75	y	-16
x	-94	y	-68
x	-45	y	-78
x	-11	y	-109
x	34	y	-106
x	62	y	-69
x	105	y	-47
Tempo_Viagem
0	103	106	89	80	95	78	97	114	76	116	90	109	111	92	115	
103	0	43	79	109	147	157	190	216	178	208	167	157	126	80	47	
106	43	0	44	79	118	138	176	209	181	220	186	186	161	117	90	
89	79	44	0	36	75	99	139	177	158	204	179	189	174	136	122	
80	109	79	36	0	39	64	105	147	136	187	170	189	183	150	147	
95	147	118	75	39	0	39	78	124	128	183	176	204	205	179	182	
78	157	138	99	64	39	0	41	85	91	146	146	179	188	170	184	
97	190	176	139	105	78	41	0	47	73	125	139	179	198	189	211	
114	216	209	177	147	124	85	47	0	53	92	121	165	194	196	228	
76	178	181	158	136	128	91	73	53	0	55	68	112	141	146	182	
116	208	220	204	187	183	146	125	92	55	0	50	92	133	156	200	
90	167	186	179	170	176	146	139	121	68	50	0	46	83	107	153	
109	157	186	189	189	204	179	179	165	112	92	46	0	45	83	131	
111	126	161	174	183	205	188	198	194	141	133	83	45	0	46	92	
92	80	117	136	150	179	170	189	196	146	156	107	83	46	0	48	
115	47	90	122	147	182	184	211	228	182	200	153	131	92	48	0	
Custo_Viagem
V0
0	1771	1823	1530	1376	1634	1341	1668	1960	1307	1995	1548	1874	1909	1582	1978	
1771	0	739	1358	1874	2528	2700	3268	3715	3061	3577	2872	2700	2167	1376	808	
1823	739	0	756	1358	2029	2373	3027	3594	3113	3784	3199	3199	2769	2012	1548	
1530	1358	756	0	619	1290	1702	2390	3044	2717	3508	3078	3250	2992	2339	2098	
1376	1874	1358	619	0	670	1100	1806	2528	2339	3216	2924	3250	3147	2580	2528	
1634	2528	2029	1290	670	0	670	1341	2132	2201	3147	3027	3508	3526	3078	3130	
1341	2700	2373	1702	1100	670	0	705	1462	1565	2511	2511	3078	3233	2924	3164	
1668	3268	3027	2390	1806	1341	705	0	808	1255	2150	2390	3078	3405	3250	3629	
1960	3715	3594	3044	2528	2132	1462	808	0	911	1582	2081	2855	3336	3371	3921	
1307	3061	3113	2717	2339	2201	1565	1255	911	0	946	1169	1926	2425	2511	3130	
1995	3577	3784	3508	3216	3147	2511	2150	1582	946	0	860	1582	2287	2683	3440	
1548	2872	3199	3078	2924	3027	2511	2390	2081	1169	860	0	791	1427	1840	2631	
1874	2700	3199	3250	3250	3508	3078	3078	2855	1926	1582	791	0	774	1427	2253	
1909	2167	2769	2992	3147	3526	3233	3405	3336	2425	2287	1427	774	0	791	1582	
1582	1376	2012	2339	2580	3078	2924	3250	3371	2511	2683	1840	1427	791	0	825	
1978	808	1548	2098	2528	3130	3164	3629	3921	3130	3440	2631	2253	1582	825	0	
V1
0	2018	2077	1744	1568	1862	1528	1901	2234	1489	2273	1764	2136	2175	1803	2254	
2018	0	842	1548	2136	2881	3077	3724	4233	3488	4076	3273	3077	2469	1568	921	
2077	842	0	862	1548	2312	2704	3449	4096	3547	4312	3645	3645	3155	2293	1764	
1744	1548	862	0	705	1470	1940	2724	3469	3096	3998	3508	3704	3410	2665	2391	
1568	2136	1548	705	0	764	1254	2058	2881	2665	3665	3332	3704	3586	2940	2881	
1862	2881	2312	1470	764	0	764	1528	2430	2508	3586	3449	3998	4018	3508	3567	
1528	3077	2704	1940	1254	764	0	803	1666	1783	2861	2861	3508	3684	3332	3606	
1901	3724	3449	2724	2058	1528	803	0	921	1430	2450	2724	3508	3880	3704	4135	
2234	4233	4096	3469	2881	2430	1666	921	0	1038	1803	2371	3253	3802	3841	4468	
1489	3488	3547	3096	2665	2508	1783	1430	1038	0	1078	1332	2195	2763	2861	3567	
2273	4076	4312	3998	3665	3586	2861	2450	1803	1078	0	980	1803	2606	3057	3920	
1764	3273	3645	3508	3332	3449	2861	2724	2371	1332	980	0	901	1626	2097	2998	
2136	3077	3645	3704	3704	3998	3508	3508	3253	2195	1803	901	0	882	1626	2567	
2175	2469	3155	3410	3586	4018	3684	3880	3802	2763	2606	1626	882	0	901	1803	
1803	1568	2293	2665	2940	3508	3332	3704	3841	2861	3057	2097	1626	901	0	940	
2254	921	1764	2391	2881	3567	3606	4135	4468	3567	3920	2998	2567	1803	940	0	
V2
0	2121	2183	1833	1648	1957	1606	1998	2348	1565	2389	1854	2245	2286	1895	2369	
2121	0	885	1627	2245	3028	3234	3914	4449	3666	4284	3440	3234	2595	1648	968	
2183	885	0	906	1627	2430	2842	3625	4305	3728	4532	3831	3831	3316	2410	1854	
1833	1627	906	0	741	1545	2039	2863	3646	3254	4202	3687	3893	3584	2801	2513	
1648	2245	1627	741	0	803	1318	2163	3028	2801	3852	3502	3893	3769	3090	3028	
1957	3028	2430	1545	803	0	803	1606	2554	2636	3769	3625	4202	4223	3687	3749	
1606	3234	2842	2039	1318	803	0	844	1751	1874	3007	3007	3687	3872	3502	3790	
1998	3914	3625	2863	2163	1606	844	0	968	1503	2575	2863	3687	4078	3893	4346	
2348	4449	4305	3646	3028	2554	1751	968	0	1091	1895	2492	3419	3996	4037	4696	
1565	3666	3728	3254	2801	2636	1874	1503	1091	0	1133	1400	2307	2904	3007	3749	
2389	4284	4532	4202	3852	3769	3007	2575	1895	1133	0	1030	1895	2739	3213	4120	
1854	3440	3831	3687	3502	3625	3007	2863	2492	1400	1030	0	947	1709	2204	3151	
2245	3234	3831	3893	3893	4202	3687	3687	3419	2307	1895	947	0	927	1709	2698	
2286	2595	3316	3584	3769	4223	3872	4078	3996	2904	2739	1709	927	0	947	1895	
1895	1648	2410	2801	3090	3687	3502	3893	4037	3007	3213	2204	1709	947	0	988	
2369	968	1854	2513	3028	3749	3790	4346	4696	3749	4120	3151	2698	1895	988	0	
V3
0	1153	1187	996	896	1064	873	1086	1276	851	1299	1008	1220	1243	1030	1288	
1153	0	481	884	1220	1646	1758	2128	2419	1993	2329	1870	1758	1411	896	526	
1187	481	0	492	884	1321	1545	1971	2340	2027	2464	2083	2083	1803	1310	1008	
996	884	492	0	403	840	1108	1556	1982	1769	2284	2004	2116	1948	1523	1366	
896	1220	884	403	0	436	716	1176	1646	1523	2094	1904	2116	2049	1680	1646	
1064	1646	1321	840	436	0	436	873	1388	1433	2049	1971	2284	2296	2004	2038	
873	1758	1545	1108	716	436	0	459	952	1019	1635	1635	2004	2105	1904	2060	
1086	2128	1971	1556	1176	873	459	0	526	817	1400	1556	2004	2217	2116	2363	
1276	2419	2340	1982	1646	1388	952	526	0	593	1030	1355	1859	2172	2195	2553	
851	1993	2027	1769	1523	1433	1019	817	593	0	616	761	1254	1579	1635	2038	
1299	2329	2464	2284	2094	2049	1635	1400	1030	616	0	560	1030	1489	1747	2240	
1008	1870	2083	2004	1904	1971	1635	1556	1355	761	560	0	515	929	1198	1713	
1220	1758	2083	2116	2116	2284	2004	2004	1859	1254	1030	515	0	504	929	1467	
1243	1411	1803	1948	2049	2296	2105	2217	2172	1579	1489	929	504	0	515	1030	
1030	896	1310	1523	1680	2004	1904	2116	2195	1635	1747	1198	929	515	0	537	
1288	526	1008	1366	1646	2038	2060	2363	2553	2038	2240	1713	1467	1030	537	0	
V4
0	2163	2226	1869	1680	1995	1638	2037	2394	1596	2436	1890	2289	2331	1932	2415	
2163	0	903	1659	2289	3087	3297	3990	4536	3738	4368	3507	3297	2646	1680	987	
2226	903	0	924	1659	2478	2898	3696	4389	3801	4620	3906	3906	3381	2457	1890	
1869	1659	924	0	756	1575	2079	2919	3717	3318	4284	3759	3969	3654	2856	2562	
1680	2289	1659	756	0	819	1344	2205	3087	2856	3927	3570	3969	3843	3150	3087	
1995	3087	2478	1575	819	0	819	1638	2604	2688	3843	3696	4284	4305	3759	3822	
1638	3297	2898	2079	1344	819	0	861	1785	1911	3066	3066	3759	3948	3570	3864	
2037	3990	3696	2919	2205	1638	861	0	987	1533	2625	2919	3759	4158	3969	4431	
2394	4536	4389	3717	3087	2604	1785	987	0	1113	1932	2541	3486	4074	4116	4788	
1596	3738	3801	3318	2856	2688	1911	1533	1113	0	1155	1428	2352	2961	3066	3822	
2436	4368	4620	4284	3927	3843	3066	2625	1932	1155	0	1050	1932	2793	3276	4200	
1890	3507	3906	3759	3570	3696	3066	2919	2541	1428	1050	0	966	1743	2247	3213	
2289	3297	3906	3969	3969	4284	3759	3759	3486	2352	1932	966	0	945	1743	2751	
2331	2646	3381	3654	3843	4305	3948	4158	4074	2961	2793	1743	945	0	966	1932	
1932	1680	2457	2856	3150	3759	3570	3969	4116	3066	3276	2247	1743	966	0	1008	
2415	987	1890	2562	3087	3822	3864	4431	4788	3822	4200	3213	2751	1932	1008	0	
V5
0	1442	1484	1246	1120	1330	1092	1358	1596	1064	1624	1260	1526	1554	1288	1610	
1442	0	602	1106	1526	2058	2198	2660	3024	2492	2912	2338	2198	1764	1120	658	
1484	602	0	616	1106	1652	1932	2464	2926	2534	3080	2604	2604	2254	1638	1260	
1246	1106	616	0	504	1050	1386	1946	2478	2212	2856	2506	2646	2436	1904	1708	
1120	1526	1106	504	0	546	896	1470	2058	1904	2618	2380	2646	2562	2100	2058	
1330	2058	1652	1050	546	0	546	1092	1736	1792	2562	2464	2856	2870	2506	2548	
1092	2198	1932	1386	896	546	0	574	1190	1274	2044	2044	2506	2632	2380	2576	
1358	2660	2464	1946	1470	1092	574	0	658	1022	1750	1946	2506	2772	2646	2954	
1596	3024	2926	2478	2058	1736	1190	658	0	742	1288	1694	2324	2716	2744	3192	
1064	2492	2534	2212	1904	1792	1274	1022	742	0	770	952	1568	1974	2044	2548	
1624	2912	3080	2856	2618	2562	2044	1750	1288	770	0	700	1288	1862	2184	2800	
1260	2338	2604	2506	2380	2464	2044	1946	1694	952	700	0	644	1162	1498	2142	
1526	2198	2604	2646	2646	2856	2506	2506	2324	1568	1288	644	0	630	1162	1834	
1554	1764	2254	2436	2562	2870	2632	2772	2716	1974	1862	1162	630	0	644	1288	
1288	1120	1638	1904	2100	2506	2380	2646	2744	2044	2184	1498	1162	644	0	672	
1610	658	1260	1708	2058	2548	2576	2954	3192	2548	2800	2142	1834	1288	672	0	
Velocidade_Veiculos
1	1	1	1	1	1	