M: 2
N: 15
Nun_Veiculos: 6
Capacidade_Total: 442
Demanda_Total: 281
Setup_Min: 1
Setup_Max: 9
Raio: 20
Circulos: 1
Tempo_Processamento_Min: 1
Tempo_Processamento_Max: 49
Demanda_Min: 10
Demanda_Max: 30
Priority_Factor: 0.2
Range_Factor_R: 0.8
U_factor: 2
ALpha: 0.2Replicao: 0
Tempos_Processamentos
0	0	1	0	
0	27	1	3	
0	16	1	23	
0	39	1	13	
0	8	1	42	
0	44	1	38	
0	13	1	48	
0	10	1	8	
0	38	1	5	
0	48	1	29	
0	44	1	11	
0	1	1	39	
0	27	1	34	
0	24	1	23	
0	19	1	45	
0	22	1	16	

Tempos_setup
M0
0	0	0	0	0	0	0	0	0	0	0	0	0	0	0	0	
0	0	2	3	5	1	1	2	2	2	3	1	2	3	3	3	
0	3	0	4	5	4	4	3	4	3	2	2	1	4	3	4	
0	4	1	0	6	4	2	4	2	2	3	3	2	4	3	3	
0	1	1	1	0	2	2	3	3	3	3	2	2	4	4	2	
0	4	1	4	5	0	3	2	4	2	3	3	2	3	3	4	
0	5	2	5	4	5	0	3	1	1	4	4	3	4	4	2	
0	4	3	4	3	2	1	0	2	2	2	4	3	1	1	2	
0	5	2	4	4	4	3	2	0	1	4	4	3	3	3	1	
0	4	1	5	5	5	4	3	5	0	3	3	2	4	4	4	
0	3	4	3	6	4	4	4	4	3	0	2	1	4	3	4	
0	1	2	2	5	2	2	2	3	2	2	0	1	3	3	4	
0	2	3	3	5	3	3	3	3	2	1	1	0	3	2	3	
0	3	3	3	2	4	3	5	4	4	1	3	2	0	4	3	
0	4	4	4	3	5	4	6	4	5	2	4	3	1	0	1	
0	4	4	4	3	5	3	5	3	4	4	4	3	3	3	0	
M1
0	0	0	0	0	0	0	0	0	0	0	0	0	0	0	0	
0	0	3	3	1	3	4	2	1	2	3	2	3	5	5	2	
0	3	0	5	4	3	6	4	3	4	2	2	2	5	5	5	
0	3	2	0	4	3	2	3	4	3	1	4	3	4	2	4	
0	3	2	2	0	2	4	1	3	4	2	2	4	5	4	2	
0	3	4	3	4	0	5	4	4	3	2	2	3	3	2	3	
0	3	2	3	2	1	0	3	3	4	3	3	3	4	3	2	
0	2	1	1	1	3	3	0	3	4	1	3	3	4	3	3	
0	5	3	4	3	2	3	3	0	1	3	1	2	5	4	5	
0	4	2	4	2	1	3	3	3	0	2	2	1	4	3	4	
0	4	2	3	3	4	5	2	5	3	0	4	4	3	4	5	
0	4	3	3	3	1	5	2	5	2	3	0	3	4	3	4	
0	4	1	5	4	2	5	4	2	3	2	3	0	3	3	5	
0	3	1	3	3	4	5	2	4	4	3	3	2	0	5	5	
0	1	2	3	2	2	4	3	2	1	3	2	1	4	0	2	
0	4	1	1	4	4	3	3	4	4	1	3	3	4	3	0	
Tamanho_Tarefas
0	13	16	14	12	39	27	8	14	30	11	5	30	23	20	19	
Data_Entrega
0	142	168	140	84	147	134	138	86	85	157	168	114	163	148	165	
Penalidade_Atraso
0	20	14	3	13	11	2	19	4	15	5	20	6	15	12	4	
Capacidade_Veiculo
59	108	56	107	48	64	
Custo_Fixo_Veiculo
590	1080	560	1070	480	640	
Coordenadas_Clientes
x	0	y	0
x	21	y	0
x	18	y	8
x	14	y	15
x	6	y	19
x	-2	y	21
x	-11	y	19
x	-16	y	12
x	-20	y	4
x	-17	y	-3
x	-15	y	-11
x	-12	y	-21
x	-2	y	-19
x	7	y	-22
x	10	y	-11
x	16	y	-7
Tempo_Viagem
0	21	19	20	19	21	21	20	20	17	18	24	19	23	14	17	
21	0	8	16	24	31	37	38	41	38	37	39	29	25	15	8	
19	8	0	8	16	23	31	34	38	36	37	41	33	31	20	15	
20	16	8	0	8	16	25	30	35	35	38	44	37	37	26	22	
19	24	16	8	0	8	17	23	30	31	36	43	38	41	30	27	
21	31	23	16	8	0	9	16	24	28	34	43	40	43	34	33	
21	37	31	25	17	9	0	8	16	22	30	40	39	44	35	37	
20	38	34	30	23	16	8	0	8	15	23	33	34	41	34	37	
20	41	38	35	30	24	16	8	0	7	15	25	28	37	33	37	
17	38	36	35	31	28	22	15	7	0	8	18	21	30	28	33	
18	37	37	38	36	34	30	23	15	8	0	10	15	24	25	31	
24	39	41	44	43	43	40	33	25	18	10	0	10	19	24	31	
19	29	33	37	38	40	39	34	28	21	15	10	0	9	14	21	
23	25	31	37	41	43	44	41	37	30	24	19	9	0	11	17	
14	15	20	26	30	34	35	34	33	28	25	24	14	11	0	7	
17	8	15	22	27	33	37	37	37	33	31	31	21	17	7	0	
Custo_Viagem
V0
0	247	224	236	224	247	247	236	236	200	212	283	224	271	165	200	
247	0	94	188	283	365	436	448	483	448	436	460	342	306	177	94	
224	94	0	94	188	271	365	401	448	424	448	483	389	365	236	177	
236	188	94	0	94	200	295	354	413	413	448	519	436	436	306	259	
224	283	188	94	0	94	200	271	354	365	424	507	448	483	354	318	
247	365	271	200	94	0	106	188	283	330	401	507	472	507	401	389	
247	436	365	295	200	106	0	94	200	259	354	472	460	519	424	436	
236	448	401	354	271	188	94	0	94	177	271	389	401	483	401	436	
236	483	448	413	354	283	200	94	0	82	177	306	342	436	389	436	
200	448	424	413	365	330	259	177	82	0	94	212	247	354	330	389	
212	436	448	448	424	401	354	271	177	94	0	118	177	283	295	365	
283	460	483	519	507	507	472	389	306	212	118	0	118	224	283	365	
224	342	389	436	448	472	460	401	342	247	177	118	0	106	165	247	
271	306	365	436	483	507	519	483	436	354	283	224	106	0	129	200	
165	177	236	306	354	401	424	401	389	330	295	283	165	129	0	82	
200	94	177	259	318	389	436	436	436	389	365	365	247	200	82	0	
V1
0	453	410	432	410	453	453	432	432	367	388	518	410	496	302	367	
453	0	172	345	518	669	799	820	885	820	799	842	626	561	324	172	
410	172	0	172	345	496	669	734	820	777	820	885	712	669	432	324	
432	345	172	0	172	367	540	648	756	756	820	950	799	799	561	475	
410	518	345	172	0	172	367	496	648	669	777	928	820	885	648	583	
453	669	496	367	172	0	194	345	518	604	734	928	864	928	734	712	
453	799	669	540	367	194	0	172	367	475	648	864	842	950	777	799	
432	820	734	648	496	345	172	0	172	324	496	712	734	885	734	799	
432	885	820	756	648	518	367	172	0	151	324	561	626	799	712	799	
367	820	777	756	669	604	475	324	151	0	172	388	453	648	604	712	
388	799	820	820	777	734	648	496	324	172	0	216	324	518	540	669	
518	842	885	950	928	928	864	712	561	388	216	0	216	410	518	669	
410	626	712	799	820	864	842	734	626	453	324	216	0	194	302	453	
496	561	669	799	885	928	950	885	799	648	518	410	194	0	237	367	
302	324	432	561	648	734	777	734	712	604	540	518	302	237	0	151	
367	172	324	475	583	712	799	799	799	712	669	669	453	367	151	0	
V2
0	235	212	224	212	235	235	224	224	190	201	268	212	257	156	190	
235	0	89	179	268	347	414	425	459	425	414	436	324	291	168	89	
212	89	0	89	179	257	347	380	425	403	425	459	369	347	224	168	
224	179	89	0	89	190	280	336	392	392	425	492	414	414	291	246	
212	268	179	89	0	89	190	257	336	347	403	481	425	459	336	302	
235	347	257	190	89	0	100	179	268	313	380	481	448	481	380	369	
235	414	347	280	190	100	0	89	190	246	336	448	436	492	403	414	
224	425	380	336	257	179	89	0	89	168	257	369	380	459	380	414	
224	459	425	392	336	268	190	89	0	78	168	291	324	414	369	414	
190	425	403	392	347	313	246	168	78	0	89	201	235	336	313	369	
201	414	425	425	403	380	336	257	168	89	0	112	168	268	280	347	
268	436	459	492	481	481	448	369	291	201	112	0	112	212	268	347	
212	324	369	414	425	448	436	380	324	235	168	112	0	100	156	235	
257	291	347	414	459	481	492	459	414	336	268	212	100	0	123	190	
156	168	224	291	336	380	403	380	369	313	280	268	156	123	0	78	
190	89	168	246	302	369	414	414	414	369	347	347	235	190	78	0	
V3
0	449	406	428	406	449	449	428	428	363	385	513	406	492	299	363	
449	0	171	342	513	663	791	813	877	813	791	834	620	556	321	171	
406	171	0	171	342	492	663	727	813	770	813	877	706	663	428	321	
428	342	171	0	171	363	535	642	749	749	813	941	791	791	556	470	
406	513	342	171	0	171	363	492	642	663	770	920	813	877	642	577	
449	663	492	363	171	0	192	342	513	599	727	920	856	920	727	706	
449	791	663	535	363	192	0	171	363	470	642	856	834	941	770	791	
428	813	727	642	492	342	171	0	171	321	492	706	727	877	727	791	
428	877	813	749	642	513	363	171	0	149	321	556	620	791	706	791	
363	813	770	749	663	599	470	321	149	0	171	385	449	642	599	706	
385	791	813	813	770	727	642	492	321	171	0	214	321	513	535	663	
513	834	877	941	920	920	856	706	556	385	214	0	214	406	513	663	
406	620	706	791	813	856	834	727	620	449	321	214	0	192	299	449	
492	556	663	791	877	920	941	877	791	642	513	406	192	0	235	363	
299	321	428	556	642	727	770	727	706	599	535	513	299	235	0	149	
363	171	321	470	577	706	791	791	791	706	663	663	449	363	149	0	
V4
0	201	182	192	182	201	201	192	192	163	172	230	182	220	134	163	
201	0	76	153	230	297	355	364	393	364	355	374	278	249	144	76	
182	76	0	76	153	220	297	326	364	345	364	393	316	297	192	144	
192	153	76	0	76	163	240	288	336	336	364	422	355	355	249	211	
182	230	153	76	0	76	163	220	288	297	345	412	364	393	288	259	
201	297	220	163	76	0	86	153	230	268	326	412	384	412	326	316	
201	355	297	240	163	86	0	76	163	211	288	384	374	422	345	355	
192	364	326	288	220	153	76	0	76	144	220	316	326	393	326	355	
192	393	364	336	288	230	163	76	0	67	144	249	278	355	316	355	
163	364	345	336	297	268	211	144	67	0	76	172	201	288	268	316	
172	355	364	364	345	326	288	220	144	76	0	96	144	230	240	297	
230	374	393	422	412	412	384	316	249	172	96	0	96	182	230	297	
182	278	316	355	364	384	374	326	278	201	144	96	0	86	134	201	
220	249	297	355	393	412	422	393	355	288	230	182	86	0	105	163	
134	144	192	249	288	326	345	326	316	268	240	230	134	105	0	67	
163	76	144	211	259	316	355	355	355	316	297	297	201	163	67	0	
V5
0	268	243	256	243	268	268	256	256	217	230	307	243	294	179	217	
268	0	102	204	307	396	473	486	524	486	473	499	371	332	192	102	
243	102	0	102	204	294	396	435	486	460	486	524	422	396	256	192	
256	204	102	0	102	217	320	384	448	448	486	563	473	473	332	281	
243	307	204	102	0	102	217	294	384	396	460	550	486	524	384	345	
268	396	294	217	102	0	115	204	307	358	435	550	512	550	435	422	
268	473	396	320	217	115	0	102	217	281	384	512	499	563	460	473	
256	486	435	384	294	204	102	0	102	192	294	422	435	524	435	473	
256	524	486	448	384	307	217	102	0	89	192	332	371	473	422	473	
217	486	460	448	396	358	281	192	89	0	102	230	268	384	358	422	
230	473	486	486	460	435	384	294	192	102	0	128	192	307	320	396	
307	499	524	563	550	550	512	422	332	230	128	0	128	243	307	396	
243	371	422	473	486	512	499	435	371	268	192	128	0	115	179	268	
294	332	396	473	524	550	563	524	473	384	307	243	115	0	140	217	
179	192	256	332	384	435	460	435	422	358	320	307	179	140	0	89	
217	102	192	281	345	422	473	473	473	422	396	396	268	217	89	0	
Velocidade_Veiculos
1	1	1	1	1	1	