M: 2
N: 15
Nun_Veiculos: 6
Capacidade_Total: 436
Demanda_Total: 286
Setup_Min: 1
Setup_Max: 99
Raio: 100
Circulos: 1
Tempo_Processamento_Min: 1
Tempo_Processamento_Max: 49
Demanda_Min: 10
Demanda_Max: 30
Priority_Factor: 0.2
Range_Factor_R: 0.8
U_factor: 2
ALpha: 0.2Replicao: 2
Tempos_Processamentos
0	0	1	0	
0	45	1	29	
0	17	1	48	
0	47	1	20	
0	9	1	32	
0	41	1	38	
0	42	1	32	
0	6	1	21	
0	22	1	31	
0	30	1	12	
0	27	1	16	
0	11	1	14	
0	4	1	45	
0	1	1	9	
0	42	1	5	
0	41	1	9	

Tempos_setup
M0
0	0	0	0	0	0	0	0	0	0	0	0	0	0	0	0	
0	0	40	24	44	39	19	18	15	18	16	22	17	37	15	17	
0	40	0	3	34	35	25	49	34	20	34	31	26	5	31	33	
0	38	53	0	35	53	22	50	31	29	32	35	33	53	28	33	
0	21	28	16	0	30	15	15	21	6	22	10	5	33	18	12	
0	22	40	24	44	0	20	17	15	18	16	22	17	37	30	17	
0	38	31	15	50	35	0	42	35	36	32	13	35	36	32	15	
0	35	47	19	49	50	33	0	28	31	29	35	30	20	39	30	
0	7	25	9	29	24	5	25	0	3	1	7	2	22	15	2	
0	30	48	33	58	24	39	41	39	0	40	46	41	29	45	36	
0	6	33	8	28	32	13	24	8	11	0	15	10	21	21	10	
0	25	18	6	41	22	5	33	23	26	19	0	25	23	20	2	
0	19	23	11	45	25	10	37	16	1	17	5	0	28	13	7	
0	35	36	4	29	30	26	44	31	28	29	32	27	0	28	33	
0	10	28	12	32	27	4	28	3	6	4	10	5	25	0	5	
0	30	30	18	48	22	3	39	35	38	31	12	37	35	32	0	
M1
0	0	0	0	0	0	0	0	0	0	0	0	0	0	0	0	
0	0	30	22	31	33	49	19	22	13	21	19	18	37	20	29	
0	25	0	21	28	27	45	23	29	22	31	8	15	45	17	18	
0	12	10	0	28	22	54	24	8	19	22	3	15	38	5	13	
0	18	26	16	0	32	53	23	24	17	20	19	31	36	21	11	
0	39	46	36	62	0	73	43	44	37	56	39	51	58	41	31	
0	6	21	15	13	14	0	18	2	13	16	10	9	21	11	20	
0	24	36	26	40	30	30	0	20	27	24	11	27	40	29	21	
0	4	19	13	20	26	46	16	0	14	14	8	7	30	9	18	
0	13	19	9	29	31	36	6	9	0	19	12	16	35	14	22	
0	40	19	37	47	12	46	16	36	38	0	27	34	16	30	32	
0	18	25	15	43	19	52	22	23	16	35	0	30	37	20	10	
0	18	12	6	13	20	39	9	14	7	20	1	0	36	2	11	
0	28	3	24	31	30	48	26	32	25	32	11	18	0	14	21	
0	23	10	11	38	22	55	33	19	30	18	14	25	34	0	24	
0	8	15	5	33	23	42	12	13	6	25	8	20	27	10	0	
Tamanho_Tarefas
0	29	25	27	9	38	35	9	22	14	20	12	15	5	6	20	
Data_Entrega
0	206	302	303	225	245	213	251	247	223	296	309	205	257	218	296	
Penalidade_Atraso
0	18	5	4	18	13	18	19	4	19	6	6	13	20	20	18	
Capacidade_Veiculo
103	54	47	91	59	82	
Custo_Fixo_Veiculo
1030	540	470	910	590	820	
Coordenadas_Clientes
x	0	y	0
x	90	y	0
x	93	y	41
x	67	y	75
x	25	y	78
x	-8	y	80
x	-60	y	104
x	-98	y	71
x	-97	y	20
x	-94	y	-20
x	-78	y	-57
x	-62	y	-108
x	-7	y	-74
x	30	y	-95
x	62	y	-69
x	100	y	-44
Tempo_Viagem
0	90	101	100	81	80	120	121	99	96	96	124	74	99	92	109	
90	0	41	78	101	126	182	200	188	185	177	186	122	112	74	45	
101	41	0	42	77	108	165	193	191	196	197	215	152	149	114	85	
100	78	42	0	42	75	130	165	172	186	196	223	166	173	144	123	
81	101	77	42	0	33	88	123	135	154	169	205	155	173	151	143	
80	126	108	75	33	0	57	90	107	131	153	195	154	179	164	164	
120	182	165	130	88	57	0	50	91	128	162	212	185	218	211	217	
121	200	193	165	123	90	50	0	51	91	129	182	171	209	212	228	
99	188	191	172	135	107	91	51	0	40	79	132	130	171	182	207	
96	185	196	186	154	131	128	91	40	0	40	93	102	144	163	195	
96	177	197	196	169	153	162	129	79	40	0	53	73	114	140	178	
124	186	215	223	205	195	212	182	132	93	53	0	64	92	129	174	
74	122	152	166	155	154	185	171	130	102	73	64	0	42	69	111	
99	112	149	173	173	179	218	209	171	144	114	92	42	0	41	86	
92	74	114	144	151	164	211	212	182	163	140	129	69	41	0	45	
109	45	85	123	143	164	217	228	207	195	178	174	111	86	45	0	
Custo_Viagem
V0
0	1854	2080	2060	1668	1648	2472	2492	2039	1977	1977	2554	1524	2039	1895	2245	
1854	0	844	1606	2080	2595	3749	4120	3872	3811	3646	3831	2513	2307	1524	927	
2080	844	0	865	1586	2224	3399	3975	3934	4037	4058	4429	3131	3069	2348	1751	
2060	1606	865	0	865	1545	2678	3399	3543	3831	4037	4593	3419	3563	2966	2533	
1668	2080	1586	865	0	679	1812	2533	2781	3172	3481	4223	3193	3563	3110	2945	
1648	2595	2224	1545	679	0	1174	1854	2204	2698	3151	4017	3172	3687	3378	3378	
2472	3749	3399	2678	1812	1174	0	1030	1874	2636	3337	4367	3811	4490	4346	4470	
2492	4120	3975	3399	2533	1854	1030	0	1050	1874	2657	3749	3522	4305	4367	4696	
2039	3872	3934	3543	2781	2204	1874	1050	0	824	1627	2719	2678	3522	3749	4264	
1977	3811	4037	3831	3172	2698	2636	1874	824	0	824	1915	2101	2966	3357	4017	
1977	3646	4058	4037	3481	3151	3337	2657	1627	824	0	1091	1503	2348	2884	3666	
2554	3831	4429	4593	4223	4017	4367	3749	2719	1915	1091	0	1318	1895	2657	3584	
1524	2513	3131	3419	3193	3172	3811	3522	2678	2101	1503	1318	0	865	1421	2286	
2039	2307	3069	3563	3563	3687	4490	4305	3522	2966	2348	1895	865	0	844	1771	
1895	1524	2348	2966	3110	3378	4346	4367	3749	3357	2884	2657	1421	844	0	927	
2245	927	1751	2533	2945	3378	4470	4696	4264	4017	3666	3584	2286	1771	927	0	
V1
0	972	1090	1080	874	864	1296	1306	1069	1036	1036	1339	799	1069	993	1177	
972	0	442	842	1090	1360	1965	2160	2030	1998	1911	2008	1317	1209	799	486	
1090	442	0	453	831	1166	1782	2084	2062	2116	2127	2322	1641	1609	1231	918	
1080	842	453	0	453	810	1404	1782	1857	2008	2116	2408	1792	1868	1555	1328	
874	1090	831	453	0	356	950	1328	1458	1663	1825	2214	1674	1868	1630	1544	
864	1360	1166	810	356	0	615	972	1155	1414	1652	2106	1663	1933	1771	1771	
1296	1965	1782	1404	950	615	0	540	982	1382	1749	2289	1998	2354	2278	2343	
1306	2160	2084	1782	1328	972	540	0	550	982	1393	1965	1846	2257	2289	2462	
1069	2030	2062	1857	1458	1155	982	550	0	432	853	1425	1404	1846	1965	2235	
1036	1998	2116	2008	1663	1414	1382	982	432	0	432	1004	1101	1555	1760	2106	
1036	1911	2127	2116	1825	1652	1749	1393	853	432	0	572	788	1231	1512	1922	
1339	2008	2322	2408	2214	2106	2289	1965	1425	1004	572	0	691	993	1393	1879	
799	1317	1641	1792	1674	1663	1998	1846	1404	1101	788	691	0	453	745	1198	
1069	1209	1609	1868	1868	1933	2354	2257	1846	1555	1231	993	453	0	442	928	
993	799	1231	1555	1630	1771	2278	2289	1965	1760	1512	1393	745	442	0	486	
1177	486	918	1328	1544	1771	2343	2462	2235	2106	1922	1879	1198	928	486	0	
V2
0	846	949	940	761	752	1128	1137	930	902	902	1165	695	930	864	1024	
846	0	385	733	949	1184	1710	1880	1767	1739	1663	1748	1146	1052	695	423	
949	385	0	394	723	1015	1551	1814	1795	1842	1851	2021	1428	1400	1071	799	
940	733	394	0	394	705	1222	1551	1616	1748	1842	2096	1560	1626	1353	1156	
761	949	723	394	0	310	827	1156	1269	1447	1588	1927	1457	1626	1419	1344	
752	1184	1015	705	310	0	535	846	1005	1231	1438	1833	1447	1682	1541	1541	
1128	1710	1551	1222	827	535	0	470	855	1203	1522	1992	1739	2049	1983	2039	
1137	1880	1814	1551	1156	846	470	0	479	855	1212	1710	1607	1964	1992	2143	
930	1767	1795	1616	1269	1005	855	479	0	376	742	1240	1222	1607	1710	1945	
902	1739	1842	1748	1447	1231	1203	855	376	0	376	874	958	1353	1532	1833	
902	1663	1851	1842	1588	1438	1522	1212	742	376	0	498	686	1071	1316	1673	
1165	1748	2021	2096	1927	1833	1992	1710	1240	874	498	0	601	864	1212	1635	
695	1146	1428	1560	1457	1447	1739	1607	1222	958	686	601	0	394	648	1043	
930	1052	1400	1626	1626	1682	2049	1964	1607	1353	1071	864	394	0	385	808	
864	695	1071	1353	1419	1541	1983	1992	1710	1532	1316	1212	648	385	0	423	
1024	423	799	1156	1344	1541	2039	2143	1945	1833	1673	1635	1043	808	423	0	
V3
0	1638	1838	1820	1474	1456	2184	2202	1801	1747	1747	2256	1346	1801	1674	1983	
1638	0	746	1419	1838	2293	3312	3640	3421	3367	3221	3385	2220	2038	1346	819	
1838	746	0	764	1401	1965	3003	3512	3476	3567	3585	3913	2766	2711	2074	1547	
1820	1419	764	0	764	1365	2366	3003	3130	3385	3567	4058	3021	3148	2620	2238	
1474	1838	1401	764	0	600	1601	2238	2457	2802	3075	3731	2821	3148	2748	2602	
1456	2293	1965	1365	600	0	1037	1638	1947	2384	2784	3549	2802	3257	2984	2984	
2184	3312	3003	2366	1601	1037	0	910	1656	2329	2948	3858	3367	3967	3840	3949	
2202	3640	3512	3003	2238	1638	910	0	928	1656	2347	3312	3112	3803	3858	4149	
1801	3421	3476	3130	2457	1947	1656	928	0	728	1437	2402	2366	3112	3312	3767	
1747	3367	3567	3385	2802	2384	2329	1656	728	0	728	1692	1856	2620	2966	3549	
1747	3221	3585	3567	3075	2784	2948	2347	1437	728	0	964	1328	2074	2548	3239	
2256	3385	3913	4058	3731	3549	3858	3312	2402	1692	964	0	1164	1674	2347	3166	
1346	2220	2766	3021	2821	2802	3367	3112	2366	1856	1328	1164	0	764	1255	2020	
1801	2038	2711	3148	3148	3257	3967	3803	3112	2620	2074	1674	764	0	746	1565	
1674	1346	2074	2620	2748	2984	3840	3858	3312	2966	2548	2347	1255	746	0	819	
1983	819	1547	2238	2602	2984	3949	4149	3767	3549	3239	3166	2020	1565	819	0	
V4
0	1062	1191	1180	955	944	1416	1427	1168	1132	1132	1463	873	1168	1085	1286	
1062	0	483	920	1191	1486	2147	2360	2218	2183	2088	2194	1439	1321	873	531	
1191	483	0	495	908	1274	1947	2277	2253	2312	2324	2537	1793	1758	1345	1003	
1180	920	495	0	495	885	1534	1947	2029	2194	2312	2631	1958	2041	1699	1451	
955	1191	908	495	0	389	1038	1451	1593	1817	1994	2419	1829	2041	1781	1687	
944	1486	1274	885	389	0	672	1062	1262	1545	1805	2301	1817	2112	1935	1935	
1416	2147	1947	1534	1038	672	0	590	1073	1510	1911	2501	2183	2572	2489	2560	
1427	2360	2277	1947	1451	1062	590	0	601	1073	1522	2147	2017	2466	2501	2690	
1168	2218	2253	2029	1593	1262	1073	601	0	472	932	1557	1534	2017	2147	2442	
1132	2183	2312	2194	1817	1545	1510	1073	472	0	472	1097	1203	1699	1923	2301	
1132	2088	2324	2312	1994	1805	1911	1522	932	472	0	625	861	1345	1652	2100	
1463	2194	2537	2631	2419	2301	2501	2147	1557	1097	625	0	755	1085	1522	2053	
873	1439	1793	1958	1829	1817	2183	2017	1534	1203	861	755	0	495	814	1309	
1168	1321	1758	2041	2041	2112	2572	2466	2017	1699	1345	1085	495	0	483	1014	
1085	873	1345	1699	1781	1935	2489	2501	2147	1923	1652	1522	814	483	0	531	
1286	531	1003	1451	1687	1935	2560	2690	2442	2301	2100	2053	1309	1014	531	0	
V5
0	1476	1656	1640	1328	1312	1968	1984	1623	1574	1574	2033	1213	1623	1508	1787	
1476	0	672	1279	1656	2066	2984	3280	3083	3034	2902	3050	2000	1836	1213	738	
1656	672	0	688	1262	1771	2706	3165	3132	3214	3230	3526	2492	2443	1869	1394	
1640	1279	688	0	688	1230	2132	2706	2820	3050	3214	3657	2722	2837	2361	2017	
1328	1656	1262	688	0	541	1443	2017	2214	2525	2771	3362	2542	2837	2476	2345	
1312	2066	1771	1230	541	0	934	1476	1754	2148	2509	3198	2525	2935	2689	2689	
1968	2984	2706	2132	1443	934	0	820	1492	2099	2656	3476	3034	3575	3460	3558	
1984	3280	3165	2706	2017	1476	820	0	836	1492	2115	2984	2804	3427	3476	3739	
1623	3083	3132	2820	2214	1754	1492	836	0	656	1295	2164	2132	2804	2984	3394	
1574	3034	3214	3050	2525	2148	2099	1492	656	0	656	1525	1672	2361	2673	3198	
1574	2902	3230	3214	2771	2509	2656	2115	1295	656	0	869	1197	1869	2296	2919	
2033	3050	3526	3657	3362	3198	3476	2984	2164	1525	869	0	1049	1508	2115	2853	
1213	2000	2492	2722	2542	2525	3034	2804	2132	1672	1197	1049	0	688	1131	1820	
1623	1836	2443	2837	2837	2935	3575	3427	2804	2361	1869	1508	688	0	672	1410	
1508	1213	1869	2361	2476	2689	3460	3476	2984	2673	2296	2115	1131	672	0	738	
1787	738	1394	2017	2345	2689	3558	3739	3394	3198	2919	2853	1820	1410	738	0	
Velocidade_Veiculos
1	1	1	1	1	1	