M: 2
N: 15
Nun_Veiculos: 7
Capacidade_Total: 673
Demanda_Total: 300
Setup_Min: 1
Setup_Max: 9
Raio: 100
Circulos: 1
Tempo_Processamento_Min: 1
Tempo_Processamento_Max: 49
Demanda_Min: 10
Demanda_Max: 30
Priority_Factor: 0.2
Range_Factor_R: 0.8
U_factor: 2
ALpha: 0.2Replicao: 3
Tempos_Processamentos
0	0	1	0	
0	1	1	13	
0	49	1	12	
0	32	1	42	
0	3	1	16	
0	15	1	14	
0	6	1	44	
0	20	1	26	
0	26	1	4	
0	33	1	11	
0	1	1	27	
0	49	1	8	
0	19	1	45	
0	47	1	16	
0	30	1	20	
0	48	1	48	

Tempos_setup
M0
0	0	0	0	0	0	0	0	0	0	0	0	0	0	0	0	
0	0	3	2	2	3	2	1	4	3	2	2	3	3	3	3	
0	4	0	3	3	3	5	4	4	2	2	4	3	4	3	1	
0	2	2	0	2	3	2	3	4	1	2	3	3	4	3	3	
0	4	3	2	0	1	4	4	3	3	2	2	3	3	2	4	
0	3	3	1	2	0	3	4	2	2	2	4	3	2	1	4	
0	4	2	3	2	2	0	1	4	1	2	1	3	2	1	3	
0	5	2	3	1	2	4	0	3	4	1	3	2	3	3	3	
0	4	2	3	2	3	4	4	0	4	1	3	2	3	2	3	
0	5	1	3	1	2	5	5	4	0	3	3	4	4	3	2	
0	4	1	2	1	2	3	4	2	3	0	2	1	2	3	2	
0	4	1	2	3	1	4	5	3	3	3	0	4	3	2	2	
0	3	2	1	2	3	2	3	3	2	1	3	0	1	3	3	
0	4	2	3	4	3	4	3	2	4	3	5	2	0	4	3	
0	5	2	3	1	2	4	4	3	4	1	3	2	1	0	3	
0	5	2	3	2	3	4	3	3	4	1	3	2	3	4	0	
M1
0	0	0	0	0	0	0	0	0	0	0	0	0	0	0	0	
0	0	1	3	2	4	4	1	2	5	6	4	1	3	3	3	
0	4	0	5	5	7	5	5	3	4	7	5	5	4	3	4	
0	3	4	0	5	3	5	4	5	6	3	3	4	4	4	5	
0	4	4	4	0	6	4	5	3	6	5	3	5	4	6	3	
0	1	2	3	2	0	5	2	3	4	6	5	2	4	4	4	
0	3	4	5	4	2	0	4	5	4	4	3	4	2	5	4	
0	2	2	3	1	4	3	0	1	4	5	3	3	2	5	2	
0	1	1	4	2	4	2	2	0	3	4	2	2	1	4	4	
0	2	3	1	3	4	3	3	4	0	4	4	3	2	5	5	
0	5	2	3	3	5	4	4	4	6	0	6	3	4	1	2	
0	5	4	4	5	4	2	6	6	3	2	0	5	1	3	4	
0	4	4	2	5	3	5	5	5	6	5	3	0	4	5	6	
0	4	5	3	5	3	1	5	5	2	5	4	4	0	6	3	
0	5	1	2	2	5	4	3	4	5	4	5	4	5	0	1	
0	4	4	1	3	4	5	2	3	6	4	4	3	4	5	0	
Tamanho_Tarefas
0	6	13	33	6	14	25	22	11	21	6	26	26	21	22	48	
Data_Entrega
0	212	235	245	192	259	268	252	242	193	244	231	207	220	227	205	
Penalidade_Atraso
0	7	10	4	13	3	11	2	3	2	10	4	4	2	9	15	
Capacidade_Veiculo
53	65	102	111	88	125	129	
Custo_Fixo_Veiculo
530	650	1020	1110	880	1250	1290	
Coordenadas_Clientes
x	0	y	0
x	93	y	0
x	70	y	31
x	55	y	61
x	25	y	77
x	-9	y	86
x	-47	y	81
x	-88	y	64
x	-99	y	21
x	-84	y	-17
x	-67	y	-49
x	-60	y	-104
x	-11	y	-109
x	32	y	-100
x	75	y	-83
x	73	y	-32
Tempo_Viagem
0	93	76	82	80	86	93	108	101	85	83	120	109	104	111	79	
93	0	38	71	102	133	161	191	193	177	167	185	150	116	84	37	
76	38	0	33	64	96	127	161	169	161	158	187	161	136	114	63	
82	71	33	0	34	68	103	143	159	159	164	201	182	162	145	94	
80	102	64	34	0	35	72	113	136	143	156	199	189	177	167	119	
86	133	96	68	35	0	38	82	111	127	146	196	195	190	188	143	
93	161	127	103	72	38	0	44	79	104	131	185	193	197	204	164	
108	191	161	143	113	82	44	0	44	81	114	169	189	203	219	187	
101	193	169	159	136	111	79	44	0	40	76	130	156	178	202	179	
85	177	161	159	143	127	104	81	40	0	36	90	117	142	172	157	
83	167	158	164	156	146	131	114	76	36	0	55	82	111	146	141	
120	185	187	201	199	196	185	169	130	90	55	0	49	92	136	151	
109	150	161	182	189	195	193	189	156	117	82	49	0	43	89	113	
104	116	136	162	177	190	197	203	178	142	111	92	43	0	46	79	
111	84	114	145	167	188	204	219	202	172	146	136	89	46	0	51	
79	37	63	94	119	143	164	187	179	157	141	151	113	79	51	0	
Custo_Viagem
V0
0	985	805	869	848	911	985	1144	1070	901	879	1272	1155	1102	1176	837	
985	0	402	752	1081	1409	1706	2024	2045	1876	1770	1961	1590	1240	890	392	
805	402	0	349	678	1017	1346	1706	1791	1706	1674	1982	1706	1441	1208	667	
869	752	349	0	360	720	1091	1515	1685	1685	1738	2130	1929	1717	1537	996	
848	1081	678	360	0	371	763	1197	1441	1515	1653	2109	2003	1876	1770	1261	
911	1409	1017	720	371	0	402	869	1176	1346	1547	2077	2067	2014	1992	1515	
985	1706	1346	1091	763	402	0	466	837	1102	1388	1961	2045	2088	2162	1738	
1144	2024	1706	1515	1197	869	466	0	466	858	1208	1802	2003	2151	2321	1982	
1070	2045	1791	1685	1441	1176	837	466	0	424	805	1378	1653	1886	2141	1897	
901	1876	1706	1685	1515	1346	1102	858	424	0	381	954	1240	1505	1823	1664	
879	1770	1674	1738	1653	1547	1388	1208	805	381	0	583	869	1176	1547	1494	
1272	1961	1982	2130	2109	2077	1961	1802	1378	954	583	0	519	975	1441	1600	
1155	1590	1706	1929	2003	2067	2045	2003	1653	1240	869	519	0	455	943	1197	
1102	1240	1441	1717	1876	2014	2088	2151	1886	1505	1176	975	455	0	487	837	
1176	890	1208	1537	1770	1992	2162	2321	2141	1823	1547	1441	943	487	0	540	
837	392	667	996	1261	1515	1738	1982	1897	1664	1494	1600	1197	837	540	0	
V1
0	1209	988	1066	1040	1118	1209	1404	1313	1105	1079	1560	1417	1352	1443	1027	
1209	0	494	923	1326	1729	2093	2483	2509	2301	2171	2405	1950	1521	1092	481	
988	494	0	429	832	1248	1651	2093	2197	2093	2054	2431	2093	1768	1482	819	
1066	923	429	0	442	884	1339	1859	2067	2067	2132	2613	2366	2106	1885	1222	
1040	1326	832	442	0	455	936	1469	1768	1859	2028	2587	2457	2301	2171	1547	
1118	1729	1248	884	455	0	494	1066	1443	1651	1898	2548	2535	2470	2444	1859	
1209	2093	1651	1339	936	494	0	572	1027	1352	1703	2405	2509	2561	2652	2132	
1404	2483	2093	1859	1469	1066	572	0	572	1053	1482	2210	2457	2639	2847	2431	
1313	2509	2197	2067	1768	1443	1027	572	0	520	988	1690	2028	2314	2626	2327	
1105	2301	2093	2067	1859	1651	1352	1053	520	0	468	1170	1521	1846	2236	2041	
1079	2171	2054	2132	2028	1898	1703	1482	988	468	0	715	1066	1443	1898	1833	
1560	2405	2431	2613	2587	2548	2405	2210	1690	1170	715	0	637	1196	1768	1963	
1417	1950	2093	2366	2457	2535	2509	2457	2028	1521	1066	637	0	559	1157	1469	
1352	1521	1768	2106	2301	2470	2561	2639	2314	1846	1443	1196	559	0	598	1027	
1443	1092	1482	1885	2171	2444	2652	2847	2626	2236	1898	1768	1157	598	0	663	
1027	481	819	1222	1547	1859	2132	2431	2327	2041	1833	1963	1469	1027	663	0	
V2
0	1897	1550	1672	1632	1754	1897	2203	2060	1734	1693	2448	2223	2121	2264	1611	
1897	0	775	1448	2080	2713	3284	3896	3937	3610	3406	3774	3060	2386	1713	754	
1550	775	0	673	1305	1958	2590	3284	3447	3284	3223	3814	3284	2774	2325	1285	
1672	1448	673	0	693	1387	2101	2917	3243	3243	3345	4100	3712	3304	2958	1917	
1632	2080	1305	693	0	714	1468	2305	2774	2917	3182	4059	3855	3610	3406	2427	
1754	2713	1958	1387	714	0	775	1672	2264	2590	2978	3998	3978	3876	3835	2917	
1897	3284	2590	2101	1468	775	0	897	1611	2121	2672	3774	3937	4018	4161	3345	
2203	3896	3284	2917	2305	1672	897	0	897	1652	2325	3468	3855	4141	4467	3814	
2060	3937	3447	3243	2774	2264	1611	897	0	816	1550	2652	3182	3631	4120	3651	
1734	3610	3284	3243	2917	2590	2121	1652	816	0	734	1836	2386	2896	3508	3202	
1693	3406	3223	3345	3182	2978	2672	2325	1550	734	0	1122	1672	2264	2978	2876	
2448	3774	3814	4100	4059	3998	3774	3468	2652	1836	1122	0	999	1876	2774	3080	
2223	3060	3284	3712	3855	3978	3937	3855	3182	2386	1672	999	0	877	1815	2305	
2121	2386	2774	3304	3610	3876	4018	4141	3631	2896	2264	1876	877	0	938	1611	
2264	1713	2325	2958	3406	3835	4161	4467	4120	3508	2978	2774	1815	938	0	1040	
1611	754	1285	1917	2427	2917	3345	3814	3651	3202	2876	3080	2305	1611	1040	0	
V3
0	2064	1687	1820	1776	1909	2064	2397	2242	1887	1842	2664	2419	2308	2464	1753	
2064	0	843	1576	2264	2952	3574	4240	4284	3929	3707	4107	3330	2597	1864	821	
1687	843	0	732	1420	2131	2819	3574	3751	3574	3507	4151	3574	3019	2530	1398	
1820	1576	732	0	754	1509	2286	3174	3529	3529	3640	4462	4040	3596	3219	2086	
1776	2264	1420	754	0	777	1598	2508	3019	3174	3463	4417	4195	3929	3707	2641	
1909	2952	2131	1509	777	0	843	1820	2464	2819	3241	4351	4329	4218	4173	3174	
2064	3574	2819	2286	1598	843	0	976	1753	2308	2908	4107	4284	4373	4528	3640	
2397	4240	3574	3174	2508	1820	976	0	976	1798	2530	3774	4195	4506	4861	4151	
2242	4284	3751	3529	3019	2464	1753	976	0	888	1687	2886	3463	3951	4484	3973	
1887	3929	3574	3529	3174	2819	2308	1798	888	0	799	1998	2597	3152	3818	3485	
1842	3707	3507	3640	3463	3241	2908	2530	1687	799	0	1221	1820	2464	3241	3130	
2664	4107	4151	4462	4417	4351	4107	3774	2886	1998	1221	0	1087	2042	3019	3352	
2419	3330	3574	4040	4195	4329	4284	4195	3463	2597	1820	1087	0	954	1975	2508	
2308	2597	3019	3596	3929	4218	4373	4506	3951	3152	2464	2042	954	0	1021	1753	
2464	1864	2530	3219	3707	4173	4528	4861	4484	3818	3241	3019	1975	1021	0	1132	
1753	821	1398	2086	2641	3174	3640	4151	3973	3485	3130	3352	2508	1753	1132	0	
V4
0	1636	1337	1443	1408	1513	1636	1900	1777	1496	1460	2112	1918	1830	1953	1390	
1636	0	668	1249	1795	2340	2833	3361	3396	3115	2939	3256	2640	2059	1478	651	
1337	668	0	580	1126	1689	2235	2833	2974	2833	2780	3291	2833	2393	2006	1108	
1443	1249	580	0	598	1196	1812	2516	2798	2798	2886	3537	3203	2851	2552	1654	
1408	1795	1126	598	0	616	1267	1988	2393	2516	2745	3502	3326	3115	2939	2094	
1513	2340	1689	1196	616	0	668	1443	1953	2235	2569	3449	3432	3344	3308	2516	
1636	2833	2235	1812	1267	668	0	774	1390	1830	2305	3256	3396	3467	3590	2886	
1900	3361	2833	2516	1988	1443	774	0	774	1425	2006	2992	3326	3572	3854	3291	
1777	3396	2974	2798	2393	1953	1390	774	0	704	1337	2288	2745	3132	3555	3150	
1496	3115	2833	2798	2516	2235	1830	1425	704	0	633	1584	2059	2499	3027	2763	
1460	2939	2780	2886	2745	2569	2305	2006	1337	633	0	968	1443	1953	2569	2481	
2112	3256	3291	3537	3502	3449	3256	2992	2288	1584	968	0	862	1619	2393	2657	
1918	2640	2833	3203	3326	3432	3396	3326	2745	2059	1443	862	0	756	1566	1988	
1830	2059	2393	2851	3115	3344	3467	3572	3132	2499	1953	1619	756	0	809	1390	
1953	1478	2006	2552	2939	3308	3590	3854	3555	3027	2569	2393	1566	809	0	897	
1390	651	1108	1654	2094	2516	2886	3291	3150	2763	2481	2657	1988	1390	897	0	
V5
0	2325	1900	2050	2000	2150	2325	2700	2525	2125	2075	3000	2725	2600	2775	1975	
2325	0	950	1775	2550	3325	4025	4775	4825	4425	4175	4625	3750	2925	2100	925	
1900	950	0	825	1600	2400	3175	4025	4225	4025	3950	4675	4025	3400	2850	1575	
2050	1775	825	0	850	1700	2575	3575	3975	3975	4100	5025	4550	4050	3625	2350	
2000	2550	1600	850	0	875	1800	2825	3400	3575	3900	4975	4725	4425	4175	2975	
2150	3325	2400	1700	875	0	950	2050	2775	3175	3650	4900	4875	4750	4700	3575	
2325	4025	3175	2575	1800	950	0	1100	1975	2600	3275	4625	4825	4925	5100	4100	
2700	4775	4025	3575	2825	2050	1100	0	1100	2025	2850	4250	4725	5075	5475	4675	
2525	4825	4225	3975	3400	2775	1975	1100	0	1000	1900	3250	3900	4450	5050	4475	
2125	4425	4025	3975	3575	3175	2600	2025	1000	0	900	2250	2925	3550	4300	3925	
2075	4175	3950	4100	3900	3650	3275	2850	1900	900	0	1375	2050	2775	3650	3525	
3000	4625	4675	5025	4975	4900	4625	4250	3250	2250	1375	0	1225	2300	3400	3775	
2725	3750	4025	4550	4725	4875	4825	4725	3900	2925	2050	1225	0	1075	2225	2825	
2600	2925	3400	4050	4425	4750	4925	5075	4450	3550	2775	2300	1075	0	1150	1975	
2775	2100	2850	3625	4175	4700	5100	5475	5050	4300	3650	3400	2225	1150	0	1275	
1975	925	1575	2350	2975	3575	4100	4675	4475	3925	3525	3775	2825	1975	1275	0	
V6
0	2399	1960	2115	2064	2218	2399	2786	2605	2193	2141	3096	2812	2683	2863	2038	
2399	0	980	1831	2631	3431	4153	4927	4979	4566	4308	4773	3870	3018	2167	954	
1960	980	0	851	1651	2476	3276	4153	4360	4153	4076	4824	4153	3508	2941	1625	
2115	1831	851	0	877	1754	2657	3689	4102	4102	4231	5185	4695	4179	3741	2425	
2064	2631	1651	877	0	903	1857	2915	3508	3689	4024	5134	4876	4566	4308	3070	
2218	3431	2476	1754	903	0	980	2115	2863	3276	3766	5056	5031	4902	4850	3689	
2399	4153	3276	2657	1857	980	0	1135	2038	2683	3379	4773	4979	5082	5263	4231	
2786	4927	4153	3689	2915	2115	1135	0	1135	2089	2941	4386	4876	5237	5650	4824	
2605	4979	4360	4102	3508	2863	2038	1135	0	1032	1960	3354	4024	4592	5211	4618	
2193	4566	4153	4102	3689	3276	2683	2089	1032	0	928	2322	3018	3663	4437	4050	
2141	4308	4076	4231	4024	3766	3379	2941	1960	928	0	1419	2115	2863	3766	3637	
3096	4773	4824	5185	5134	5056	4773	4386	3354	2322	1419	0	1264	2373	3508	3895	
2812	3870	4153	4695	4876	5031	4979	4876	4024	3018	2115	1264	0	1109	2296	2915	
2683	3018	3508	4179	4566	4902	5082	5237	4592	3663	2863	2373	1109	0	1186	2038	
2863	2167	2941	3741	4308	4850	5263	5650	5211	4437	3766	3508	2296	1186	0	1315	
2038	954	1625	2425	3070	3689	4231	4824	4618	4050	3637	3895	2915	2038	1315	0	
Velocidade_Veiculos
1	1	1	1	1	1	1	