M: 2
N: 15
Nun_Veiculos: 9
Capacidade_Total: 470
Demanda_Total: 242
Setup_Min: 1
Setup_Max: 9
Raio: 100
Circulos: 1
Tempo_Processamento_Min: 1
Tempo_Processamento_Max: 49
Demanda_Min: 10
Demanda_Max: 30
Priority_Factor: 0.2
Range_Factor_R: 0.8
U_factor: 2
ALpha: 0.2Replicao: 0
Tempos_Processamentos
0	0	1	0	
0	36	1	16	
0	16	1	6	
0	24	1	13	
0	43	1	25	
0	30	1	13	
0	5	1	16	
0	12	1	6	
0	32	1	6	
0	5	1	19	
0	30	1	44	
0	28	1	1	
0	28	1	16	
0	23	1	9	
0	14	1	29	
0	32	1	17	

Tempos_setup
M0
0	0	0	0	0	0	0	0	0	0	0	0	0	0	0	0	
0	0	3	3	4	3	2	2	4	2	1	4	1	2	3	2	
0	5	0	7	4	3	5	4	4	5	5	6	5	6	7	6	
0	4	1	0	2	2	4	3	3	3	5	2	3	3	4	4	
0	3	2	3	0	3	2	3	4	1	4	4	1	5	3	2	
0	4	3	4	1	0	3	1	1	2	4	3	2	4	4	3	
0	1	3	4	2	1	0	2	2	3	2	2	2	3	4	3	
0	3	3	3	2	1	2	0	2	3	4	2	1	3	3	2	
0	4	3	4	1	4	3	4	0	2	3	5	2	6	4	3	
0	5	6	6	5	4	4	3	5	0	6	5	4	6	6	5	
0	1	4	4	3	2	3	1	3	1	0	3	2	3	2	2	
0	2	1	2	4	3	3	4	4	4	3	0	2	1	4	3	
0	2	2	2	3	2	1	3	3	4	3	3	0	4	2	1	
0	5	5	5	4	4	4	4	3	5	5	4	3	0	3	2	
0	3	4	4	2	1	2	2	2	2	3	3	3	4	0	1	
0	3	3	4	2	2	3	3	3	3	4	2	3	3	1	0	
M1
0	0	0	0	0	0	0	0	0	0	0	0	0	0	0	0	
0	0	5	4	3	4	4	3	4	5	3	4	6	2	3	4	
0	4	0	2	3	3	3	3	3	5	5	3	2	4	4	4	
0	3	5	0	3	2	2	4	2	5	3	1	6	3	3	2	
0	1	3	4	0	1	2	3	3	4	2	1	5	2	3	4	
0	2	5	3	2	0	4	2	2	3	3	3	6	1	3	4	
0	2	4	4	1	2	0	3	2	5	3	2	5	2	2	3	
0	2	5	6	2	3	4	0	1	2	3	3	6	4	4	5	
0	1	4	5	1	2	3	4	0	4	2	2	5	3	3	4	
0	4	4	5	4	2	3	4	4	0	4	3	5	3	2	3	
0	2	5	3	3	3	2	5	4	2	0	2	4	4	1	2	
0	2	4	4	2	1	1	3	3	4	2	0	5	2	2	3	
0	2	5	4	2	1	3	3	1	4	3	3	0	2	2	3	
0	1	4	2	1	2	3	1	2	3	2	2	5	0	2	3	
0	3	5	5	2	2	1	4	3	4	2	1	3	3	0	1	
0	2	4	5	1	2	3	3	2	5	3	2	5	3	4	0	
Tamanho_Tarefas
0	25	11	17	29	20	8	9	13	8	32	4	19	13	16	18	
Data_Entrega
0	189	245	214	229	251	233	190	199	222	207	227	248	261	198	259	
Penalidade_Atraso
0	19	5	9	11	1	11	20	19	3	8	17	18	1	17	8	
Capacidade_Veiculo
79	80	33	37	35	59	42	40	65	
Custo_Fixo_Veiculo
790	800	330	370	350	590	420	400	650	
Coordenadas_Clientes
x	0	y	0
x	75	y	0
x	93	y	41
x	72	y	81
x	24	y	74
x	-9	y	91
x	-54	y	94
x	-79	y	57
x	-98	y	20
x	-93	y	-19
x	-88	y	-64
x	-51	y	-89
x	-10	y	-99
x	34	y	-106
x	68	y	-75
x	84	y	-37
Tempo_Viagem
0	75	101	108	77	91	108	97	100	94	108	102	99	111	101	91	
75	0	44	81	89	123	159	164	174	169	175	154	130	113	75	38	
101	44	0	45	76	113	156	172	192	195	209	194	173	157	118	78	
108	81	45	0	48	81	126	152	180	192	215	209	197	190	156	118	
77	89	76	48	0	37	80	104	133	149	177	179	176	180	155	126	
91	123	113	81	37	0	45	77	113	138	173	184	190	201	182	158	
108	159	156	126	80	45	0	44	85	119	161	183	197	218	208	190	
97	164	172	152	104	77	44	0	41	77	121	148	170	198	197	188	
100	174	192	180	133	113	85	41	0	39	84	118	148	182	191	190	
94	169	195	192	149	138	119	77	39	0	45	81	115	153	170	177	
108	175	209	215	177	173	161	121	84	45	0	44	85	129	156	174	
102	154	194	209	179	184	183	148	118	81	44	0	42	86	119	144	
99	130	173	197	176	190	197	170	148	115	85	42	0	44	81	112	
111	113	157	190	180	201	218	198	182	153	129	86	44	0	46	85	
101	75	118	156	155	182	208	197	191	170	156	119	81	46	0	41	
91	38	78	118	126	158	190	188	190	177	174	144	112	85	41	0	
Custo_Viagem
V0
0	1185	1595	1706	1216	1437	1706	1532	1580	1485	1706	1611	1564	1753	1595	1437	
1185	0	695	1279	1406	1943	2512	2591	2749	2670	2765	2433	2054	1785	1185	600	
1595	695	0	711	1200	1785	2464	2717	3033	3081	3302	3065	2733	2496	1864	1232	
1706	1279	711	0	758	1279	1990	2401	2844	3033	3397	3302	3112	3002	2464	1864	
1216	1406	1200	758	0	584	1264	1643	2101	2354	2796	2828	2780	2844	2449	1990	
1437	1943	1785	1279	584	0	711	1216	1785	2180	2733	2907	3002	3175	2875	2496	
1706	2512	2464	1990	1264	711	0	695	1358	1880	2543	2891	3112	3444	3286	3002	
1532	2591	2717	2401	1643	1216	695	0	647	1216	1911	2338	2686	3128	3112	2970	
1580	2749	3033	2844	2101	1785	1358	647	0	616	1327	1864	2338	2875	3017	3002	
1485	2670	3081	3033	2354	2180	1880	1216	616	0	711	1279	1817	2417	2686	2796	
1706	2765	3302	3397	2796	2733	2543	1911	1327	711	0	695	1343	2038	2464	2749	
1611	2433	3065	3302	2828	2907	2891	2338	1864	1279	695	0	663	1358	1880	2275	
1564	2054	2733	3112	2780	3002	3112	2686	2338	1817	1343	663	0	695	1279	1769	
1753	1785	2496	3002	2844	3175	3444	3128	2875	2417	2038	1358	695	0	726	1343	
1595	1185	1864	2464	2449	2875	3286	3112	3017	2686	2464	1880	1279	726	0	647	
1437	600	1232	1864	1990	2496	3002	2970	3002	2796	2749	2275	1769	1343	647	0	
V1
0	1200	1616	1728	1232	1456	1728	1552	1600	1504	1728	1632	1584	1776	1616	1456	
1200	0	704	1296	1424	1968	2544	2624	2784	2704	2800	2464	2080	1808	1200	608	
1616	704	0	720	1216	1808	2496	2752	3072	3120	3344	3104	2768	2528	1888	1248	
1728	1296	720	0	768	1296	2016	2432	2880	3072	3440	3344	3152	3040	2496	1888	
1232	1424	1216	768	0	592	1280	1664	2128	2384	2832	2864	2816	2880	2480	2016	
1456	1968	1808	1296	592	0	720	1232	1808	2208	2768	2944	3040	3216	2912	2528	
1728	2544	2496	2016	1280	720	0	704	1376	1904	2576	2928	3152	3488	3328	3040	
1552	2624	2752	2432	1664	1232	704	0	656	1232	1936	2368	2720	3168	3152	3008	
1600	2784	3072	2880	2128	1808	1376	656	0	624	1344	1888	2368	2912	3056	3040	
1504	2704	3120	3072	2384	2208	1904	1232	624	0	720	1296	1840	2448	2720	2832	
1728	2800	3344	3440	2832	2768	2576	1936	1344	720	0	704	1360	2064	2496	2784	
1632	2464	3104	3344	2864	2944	2928	2368	1888	1296	704	0	672	1376	1904	2304	
1584	2080	2768	3152	2816	3040	3152	2720	2368	1840	1360	672	0	704	1296	1792	
1776	1808	2528	3040	2880	3216	3488	3168	2912	2448	2064	1376	704	0	736	1360	
1616	1200	1888	2496	2480	2912	3328	3152	3056	2720	2496	1904	1296	736	0	656	
1456	608	1248	1888	2016	2528	3040	3008	3040	2832	2784	2304	1792	1360	656	0	
V2
0	495	666	712	508	600	712	640	660	620	712	673	653	732	666	600	
495	0	290	534	587	811	1049	1082	1148	1115	1155	1016	858	745	495	250	
666	290	0	297	501	745	1029	1135	1267	1287	1379	1280	1141	1042	778	514	
712	534	297	0	316	534	831	1003	1188	1267	1419	1379	1300	1254	1029	778	
508	587	501	316	0	244	528	686	877	983	1168	1181	1161	1188	1023	831	
600	811	745	534	244	0	297	508	745	910	1141	1214	1254	1326	1201	1042	
712	1049	1029	831	528	297	0	290	567	785	1062	1207	1300	1438	1372	1254	
640	1082	1135	1003	686	508	290	0	270	508	798	976	1122	1306	1300	1240	
660	1148	1267	1188	877	745	567	270	0	257	554	778	976	1201	1260	1254	
620	1115	1287	1267	983	910	785	508	257	0	297	534	759	1009	1122	1168	
712	1155	1379	1419	1168	1141	1062	798	554	297	0	290	561	851	1029	1148	
673	1016	1280	1379	1181	1214	1207	976	778	534	290	0	277	567	785	950	
653	858	1141	1300	1161	1254	1300	1122	976	759	561	277	0	290	534	739	
732	745	1042	1254	1188	1326	1438	1306	1201	1009	851	567	290	0	303	561	
666	495	778	1029	1023	1201	1372	1300	1260	1122	1029	785	534	303	0	270	
600	250	514	778	831	1042	1254	1240	1254	1168	1148	950	739	561	270	0	
V3
0	555	747	799	569	673	799	717	740	695	799	754	732	821	747	673	
555	0	325	599	658	910	1176	1213	1287	1250	1295	1139	962	836	555	281	
747	325	0	333	562	836	1154	1272	1420	1443	1546	1435	1280	1169	873	577	
799	599	333	0	355	599	932	1124	1332	1420	1591	1546	1457	1406	1154	873	
569	658	562	355	0	273	592	769	984	1102	1309	1324	1302	1332	1147	932	
673	910	836	599	273	0	333	569	836	1021	1280	1361	1406	1487	1346	1169	
799	1176	1154	932	592	333	0	325	636	880	1191	1354	1457	1613	1539	1406	
717	1213	1272	1124	769	569	325	0	303	569	895	1095	1258	1465	1457	1391	
740	1287	1420	1332	984	836	636	303	0	288	621	873	1095	1346	1413	1406	
695	1250	1443	1420	1102	1021	880	569	288	0	333	599	851	1132	1258	1309	
799	1295	1546	1591	1309	1280	1191	895	621	333	0	325	629	954	1154	1287	
754	1139	1435	1546	1324	1361	1354	1095	873	599	325	0	310	636	880	1065	
732	962	1280	1457	1302	1406	1457	1258	1095	851	629	310	0	325	599	828	
821	836	1169	1406	1332	1487	1613	1465	1346	1132	954	636	325	0	340	629	
747	555	873	1154	1147	1346	1539	1457	1413	1258	1154	880	599	340	0	303	
673	281	577	873	932	1169	1406	1391	1406	1309	1287	1065	828	629	303	0	
V4
0	525	707	756	539	637	756	679	700	658	756	714	693	777	707	637	
525	0	308	567	623	861	1113	1148	1218	1183	1225	1078	910	791	525	266	
707	308	0	315	532	791	1092	1204	1344	1365	1463	1358	1211	1106	826	546	
756	567	315	0	336	567	882	1064	1260	1344	1505	1463	1379	1330	1092	826	
539	623	532	336	0	259	560	728	931	1043	1239	1253	1232	1260	1085	882	
637	861	791	567	259	0	315	539	791	966	1211	1288	1330	1407	1274	1106	
756	1113	1092	882	560	315	0	308	602	833	1127	1281	1379	1526	1456	1330	
679	1148	1204	1064	728	539	308	0	287	539	847	1036	1190	1386	1379	1316	
700	1218	1344	1260	931	791	602	287	0	273	588	826	1036	1274	1337	1330	
658	1183	1365	1344	1043	966	833	539	273	0	315	567	805	1071	1190	1239	
756	1225	1463	1505	1239	1211	1127	847	588	315	0	308	595	903	1092	1218	
714	1078	1358	1463	1253	1288	1281	1036	826	567	308	0	294	602	833	1008	
693	910	1211	1379	1232	1330	1379	1190	1036	805	595	294	0	308	567	784	
777	791	1106	1330	1260	1407	1526	1386	1274	1071	903	602	308	0	322	595	
707	525	826	1092	1085	1274	1456	1379	1337	1190	1092	833	567	322	0	287	
637	266	546	826	882	1106	1330	1316	1330	1239	1218	1008	784	595	287	0	
V5
0	885	1191	1274	908	1073	1274	1144	1180	1109	1274	1203	1168	1309	1191	1073	
885	0	519	955	1050	1451	1876	1935	2053	1994	2065	1817	1534	1333	885	448	
1191	519	0	531	896	1333	1840	2029	2265	2301	2466	2289	2041	1864	1392	920	
1274	955	531	0	566	955	1486	1793	2124	2265	2537	2466	2324	2242	1840	1392	
908	1050	896	566	0	436	944	1227	1569	1758	2088	2112	2076	2124	1829	1486	
1073	1451	1333	955	436	0	531	908	1333	1628	2041	2171	2242	2371	2147	1864	
1274	1876	1840	1486	944	531	0	519	1014	1404	1899	2159	2324	2572	2454	2242	
1144	1935	2029	1793	1227	908	519	0	483	908	1427	1746	2006	2336	2324	2218	
1180	2053	2265	2124	1569	1333	1014	483	0	460	991	1392	1746	2147	2253	2242	
1109	1994	2301	2265	1758	1628	1404	908	460	0	531	955	1357	1805	2006	2088	
1274	2065	2466	2537	2088	2041	1899	1427	991	531	0	519	1003	1522	1840	2053	
1203	1817	2289	2466	2112	2171	2159	1746	1392	955	519	0	495	1014	1404	1699	
1168	1534	2041	2324	2076	2242	2324	2006	1746	1357	1003	495	0	519	955	1321	
1309	1333	1864	2242	2124	2371	2572	2336	2147	1805	1522	1014	519	0	542	1003	
1191	885	1392	1840	1829	2147	2454	2324	2253	2006	1840	1404	955	542	0	483	
1073	448	920	1392	1486	1864	2242	2218	2242	2088	2053	1699	1321	1003	483	0	
V6
0	630	848	907	646	764	907	814	840	789	907	856	831	932	848	764	
630	0	369	680	747	1033	1335	1377	1461	1419	1470	1293	1092	949	630	319	
848	369	0	378	638	949	1310	1444	1612	1638	1755	1629	1453	1327	991	655	
907	680	378	0	403	680	1058	1276	1512	1612	1806	1755	1654	1596	1310	991	
646	747	638	403	0	310	672	873	1117	1251	1486	1503	1478	1512	1302	1058	
764	1033	949	680	310	0	378	646	949	1159	1453	1545	1596	1688	1528	1327	
907	1335	1310	1058	672	378	0	369	722	999	1352	1537	1654	1831	1747	1596	
814	1377	1444	1276	873	646	369	0	344	646	1016	1243	1428	1663	1654	1579	
840	1461	1612	1512	1117	949	722	344	0	327	705	991	1243	1528	1604	1596	
789	1419	1638	1612	1251	1159	999	646	327	0	378	680	966	1285	1428	1486	
907	1470	1755	1806	1486	1453	1352	1016	705	378	0	369	714	1083	1310	1461	
856	1293	1629	1755	1503	1545	1537	1243	991	680	369	0	352	722	999	1209	
831	1092	1453	1654	1478	1596	1654	1428	1243	966	714	352	0	369	680	940	
932	949	1327	1596	1512	1688	1831	1663	1528	1285	1083	722	369	0	386	714	
848	630	991	1310	1302	1528	1747	1654	1604	1428	1310	999	680	386	0	344	
764	319	655	991	1058	1327	1596	1579	1596	1486	1461	1209	940	714	344	0	
V7
0	600	808	864	616	728	864	776	800	752	864	816	792	888	808	728	
600	0	352	648	712	984	1272	1312	1392	1352	1400	1232	1040	904	600	304	
808	352	0	360	608	904	1248	1376	1536	1560	1672	1552	1384	1264	944	624	
864	648	360	0	384	648	1008	1216	1440	1536	1720	1672	1576	1520	1248	944	
616	712	608	384	0	296	640	832	1064	1192	1416	1432	1408	1440	1240	1008	
728	984	904	648	296	0	360	616	904	1104	1384	1472	1520	1608	1456	1264	
864	1272	1248	1008	640	360	0	352	688	952	1288	1464	1576	1744	1664	1520	
776	1312	1376	1216	832	616	352	0	328	616	968	1184	1360	1584	1576	1504	
800	1392	1536	1440	1064	904	688	328	0	312	672	944	1184	1456	1528	1520	
752	1352	1560	1536	1192	1104	952	616	312	0	360	648	920	1224	1360	1416	
864	1400	1672	1720	1416	1384	1288	968	672	360	0	352	680	1032	1248	1392	
816	1232	1552	1672	1432	1472	1464	1184	944	648	352	0	336	688	952	1152	
792	1040	1384	1576	1408	1520	1576	1360	1184	920	680	336	0	352	648	896	
888	904	1264	1520	1440	1608	1744	1584	1456	1224	1032	688	352	0	368	680	
808	600	944	1248	1240	1456	1664	1576	1528	1360	1248	952	648	368	0	328	
728	304	624	944	1008	1264	1520	1504	1520	1416	1392	1152	896	680	328	0	
V8
0	975	1313	1404	1001	1183	1404	1261	1300	1222	1404	1326	1287	1443	1313	1183	
975	0	572	1053	1157	1599	2067	2132	2262	2197	2275	2002	1690	1469	975	494	
1313	572	0	585	988	1469	2028	2236	2496	2535	2717	2522	2249	2054	1534	1014	
1404	1053	585	0	624	1053	1638	1976	2340	2496	2795	2717	2561	2470	2028	1534	
1001	1157	988	624	0	481	1040	1352	1729	1937	2301	2327	2288	2340	2015	1638	
1183	1599	1469	1053	481	0	585	1001	1469	1794	2249	2392	2470	2613	2366	2054	
1404	2067	2028	1638	1040	585	0	572	1118	1547	2093	2379	2561	2834	2704	2470	
1261	2132	2236	1976	1352	1001	572	0	533	1001	1573	1924	2210	2574	2561	2444	
1300	2262	2496	2340	1729	1469	1118	533	0	507	1092	1534	1924	2366	2483	2470	
1222	2197	2535	2496	1937	1794	1547	1001	507	0	585	1053	1495	1989	2210	2301	
1404	2275	2717	2795	2301	2249	2093	1573	1092	585	0	572	1105	1677	2028	2262	
1326	2002	2522	2717	2327	2392	2379	1924	1534	1053	572	0	546	1118	1547	1872	
1287	1690	2249	2561	2288	2470	2561	2210	1924	1495	1105	546	0	572	1053	1456	
1443	1469	2054	2470	2340	2613	2834	2574	2366	1989	1677	1118	572	0	598	1105	
1313	975	1534	2028	2015	2366	2704	2561	2483	2210	2028	1547	1053	598	0	533	
1183	494	1014	1534	1638	2054	2470	2444	2470	2301	2262	1872	1456	1105	533	0	
Velocidade_Veiculos
1	1	1	1	1	1	1	1	1	