M: 2
N: 15
Nun_Veiculos: 6
Capacidade_Total: 399
Demanda_Total: 285
Setup_Min: 1
Setup_Max: 99
Raio: 20
Circulos: 1
Tempo_Processamento_Min: 1
Tempo_Processamento_Max: 49
Demanda_Min: 10
Demanda_Max: 30
Priority_Factor: 0.2
Range_Factor_R: 0.8
U_factor: 2
ALpha: 0.2Replicao: 0
Tempos_Processamentos
0	0	1	0	
0	9	1	28	
0	45	1	16	
0	46	1	7	
0	24	1	20	
0	7	1	23	
0	8	1	43	
0	32	1	33	
0	6	1	33	
0	48	1	11	
0	29	1	15	
0	28	1	17	
0	46	1	33	
0	48	1	5	
0	10	1	33	
0	45	1	4	

Tempos_setup
M0
0	0	0	0	0	0	0	0	0	0	0	0	0	0	0	0	
0	0	27	26	17	33	29	19	22	44	28	20	21	15	15	12	
0	12	0	15	6	22	2	26	33	17	17	9	13	26	22	23	
0	13	1	0	7	23	3	22	34	18	18	10	14	27	23	24	
0	11	10	9	0	24	12	20	33	27	11	3	7	26	16	23	
0	6	8	7	11	0	10	25	28	25	22	14	10	21	21	18	
0	10	28	27	22	20	0	28	31	15	33	25	29	24	24	21	
0	12	14	13	4	20	16	0	34	31	15	7	3	27	19	24	
0	3	12	11	2	26	14	22	0	29	13	5	9	18	18	15	
0	18	17	16	7	31	19	13	16	0	18	10	14	9	9	6	
0	21	23	22	13	29	25	9	38	36	0	16	12	31	5	33	
0	8	11	10	1	25	13	17	30	28	8	0	8	23	13	20	
0	12	11	10	1	17	13	17	34	28	12	4	0	27	17	24	
0	10	12	11	2	25	14	21	7	29	13	5	8	0	17	22	
0	16	18	17	8	24	20	4	33	31	19	11	7	26	0	28	
0	13	15	14	5	26	17	7	10	32	16	8	9	3	3	0	
M1
0	0	0	0	0	0	0	0	0	0	0	0	0	0	0	0	
0	0	36	44	50	49	35	50	29	33	55	45	46	32	39	31	
0	24	0	8	14	20	4	33	25	16	19	28	10	25	32	14	
0	19	7	0	21	24	10	25	17	8	26	32	17	20	24	6	
0	32	25	33	0	41	29	43	18	39	44	36	35	21	42	37	
0	23	27	23	41	0	13	28	20	11	38	8	30	23	27	9	
0	35	35	39	49	16	0	44	36	23	48	24	45	31	37	25	
0	33	19	27	33	39	23	0	32	35	38	47	29	15	51	33	
0	21	7	15	21	23	11	40	0	23	26	31	17	3	24	21	
0	12	17	25	31	25	9	32	41	0	27	33	27	33	16	31	
0	5	10	18	24	27	14	27	23	17	0	14	20	6	22	15	
0	15	19	15	33	13	5	20	12	3	30	0	22	15	19	1	
0	14	19	22	33	36	23	36	32	21	9	23	0	15	31	24	
0	18	4	12	18	24	8	37	17	20	23	32	14	0	36	18	
0	4	1	9	15	21	5	34	26	17	20	29	11	26	0	15	
0	14	18	26	32	18	4	19	11	2	29	26	22	14	18	0	
Tamanho_Tarefas
0	14	23	10	20	8	13	32	17	26	19	21	34	22	20	6	
Data_Entrega
0	123	172	145	82	153	98	132	102	157	152	139	179	168	124	132	
Penalidade_Atraso
0	19	11	13	13	5	4	7	12	13	12	4	18	2	11	18	
Capacidade_Veiculo
77	37	51	64	71	99	
Custo_Fixo_Veiculo
770	370	510	640	710	990	
Coordenadas_Clientes
x	0	y	0
x	19	y	0
x	16	y	7
x	14	y	16
x	7	y	21
x	-2	y	23
x	-11	y	20
x	-13	y	10
x	-15	y	3
x	-16	y	-3
x	-15	y	-11
x	-11	y	-20
x	-2	y	-21
x	7	y	-21
x	15	y	-17
x	16	y	-7
Tempo_Viagem
0	19	17	21	22	23	22	16	15	16	18	22	21	22	22	17	
19	0	7	16	23	31	36	33	34	35	35	36	29	23	17	7	
17	7	0	9	16	24	29	29	31	33	35	38	33	29	24	14	
21	16	9	0	8	17	25	27	31	35	39	43	40	37	33	23	
22	23	16	8	0	9	18	22	28	33	38	44	42	42	38	29	
23	31	24	17	9	0	9	17	23	29	36	43	44	44	43	34	
22	36	29	25	18	9	0	10	17	23	31	40	41	44	44	38	
16	33	29	27	22	17	10	0	7	13	21	30	32	36	38	33	
15	34	31	31	28	23	17	7	0	6	14	23	27	32	36	32	
16	35	33	35	33	29	23	13	6	0	8	17	22	29	34	32	
18	35	35	39	38	36	31	21	14	8	0	9	16	24	30	31	
22	36	38	43	44	43	40	30	23	17	9	0	9	18	26	29	
21	29	33	40	42	44	41	32	27	22	16	9	0	9	17	22	
22	23	29	37	42	44	44	36	32	29	24	18	9	0	8	16	
22	17	24	33	38	43	44	38	36	34	30	26	17	8	0	10	
17	7	14	23	29	34	38	33	32	32	31	29	22	16	10	0	
Custo_Viagem
V0
0	292	261	323	338	354	338	246	231	246	277	338	323	338	338	261	
292	0	107	246	369	477	554	508	523	539	539	554	446	369	261	107	
261	107	0	138	246	369	446	446	477	508	539	585	508	446	369	215	
323	246	138	0	123	261	385	415	477	539	600	662	616	569	508	354	
338	369	246	123	0	138	277	338	431	508	585	677	646	646	585	446	
354	477	369	261	138	0	138	261	354	446	554	662	677	677	662	523	
338	554	446	385	277	138	0	154	261	354	477	616	631	677	693	585	
246	508	446	415	338	261	154	0	107	200	323	462	492	554	585	508	
231	523	477	477	431	354	261	107	0	92	215	354	415	492	554	492	
246	539	508	539	508	446	354	200	92	0	123	261	338	446	523	492	
277	539	539	600	585	554	477	323	215	123	0	138	246	369	462	477	
338	554	585	662	677	662	616	462	354	261	138	0	138	277	400	446	
323	446	508	616	646	677	631	492	415	338	246	138	0	138	261	338	
338	369	446	569	646	677	677	554	492	446	369	277	138	0	123	246	
338	261	369	508	585	662	693	585	554	523	462	400	261	123	0	154	
261	107	215	354	446	523	585	508	492	492	477	446	338	246	154	0	
V1
0	140	125	155	162	170	162	118	111	118	133	162	155	162	162	125	
140	0	51	118	177	229	266	244	251	259	259	266	214	177	125	51	
125	51	0	66	118	177	214	214	229	244	259	281	244	214	177	103	
155	118	66	0	59	125	185	199	229	259	288	318	296	273	244	170	
162	177	118	59	0	66	133	162	207	244	281	325	310	310	281	214	
170	229	177	125	66	0	66	125	170	214	266	318	325	325	318	251	
162	266	214	185	133	66	0	74	125	170	229	296	303	325	333	281	
118	244	214	199	162	125	74	0	51	96	155	222	236	266	281	244	
111	251	229	229	207	170	125	51	0	44	103	170	199	236	266	236	
118	259	244	259	244	214	170	96	44	0	59	125	162	214	251	236	
133	259	259	288	281	266	229	155	103	59	0	66	118	177	222	229	
162	266	281	318	325	318	296	222	170	125	66	0	66	133	192	214	
155	214	244	296	310	325	303	236	199	162	118	66	0	66	125	162	
162	177	214	273	310	325	325	266	236	214	177	133	66	0	59	118	
162	125	177	244	281	318	333	281	266	251	222	192	125	59	0	74	
125	51	103	170	214	251	281	244	236	236	229	214	162	118	74	0	
V2
0	193	173	214	224	234	224	163	153	163	183	224	214	224	224	173	
193	0	71	163	244	316	367	336	346	357	357	367	295	244	173	71	
173	71	0	91	163	244	295	295	316	336	357	387	336	295	244	142	
214	163	91	0	81	173	255	275	316	357	397	438	408	377	336	234	
224	244	163	81	0	91	183	224	285	336	387	448	428	428	387	295	
234	316	244	173	91	0	91	173	234	295	367	438	448	448	438	346	
224	367	295	255	183	91	0	102	173	234	316	408	418	448	459	387	
163	336	295	275	224	173	102	0	71	132	214	306	326	367	387	336	
153	346	316	316	285	234	173	71	0	61	142	234	275	326	367	326	
163	357	336	357	336	295	234	132	61	0	81	173	224	295	346	326	
183	357	357	397	387	367	316	214	142	81	0	91	163	244	306	316	
224	367	387	438	448	438	408	306	234	173	91	0	91	183	265	295	
214	295	336	408	428	448	418	326	275	224	163	91	0	91	173	224	
224	244	295	377	428	448	448	367	326	295	244	183	91	0	81	163	
224	173	244	336	387	438	459	387	367	346	306	265	173	81	0	102	
173	71	142	234	295	346	387	336	326	326	316	295	224	163	102	0	
V3
0	243	217	268	281	294	281	204	192	204	230	281	268	281	281	217	
243	0	89	204	307	396	460	422	435	448	448	460	371	307	217	89	
217	89	0	115	204	307	371	371	396	422	448	486	422	371	307	179	
268	204	115	0	102	217	320	345	396	448	499	550	512	473	422	294	
281	307	204	102	0	115	230	281	358	422	486	563	537	537	486	371	
294	396	307	217	115	0	115	217	294	371	460	550	563	563	550	435	
281	460	371	320	230	115	0	128	217	294	396	512	524	563	576	486	
204	422	371	345	281	217	128	0	89	166	268	384	409	460	486	422	
192	435	396	396	358	294	217	89	0	76	179	294	345	409	460	409	
204	448	422	448	422	371	294	166	76	0	102	217	281	371	435	409	
230	448	448	499	486	460	396	268	179	102	0	115	204	307	384	396	
281	460	486	550	563	550	512	384	294	217	115	0	115	230	332	371	
268	371	422	512	537	563	524	409	345	281	204	115	0	115	217	281	
281	307	371	473	537	563	563	460	409	371	307	230	115	0	102	204	
281	217	307	422	486	550	576	486	460	435	384	332	217	102	0	128	
217	89	179	294	371	435	486	422	409	409	396	371	281	204	128	0	
V4
0	269	241	298	312	326	312	227	213	227	255	312	298	312	312	241	
269	0	99	227	340	440	511	468	482	497	497	511	411	340	241	99	
241	99	0	127	227	340	411	411	440	468	497	539	468	411	340	198	
298	227	127	0	113	241	355	383	440	497	553	610	568	525	468	326	
312	340	227	113	0	127	255	312	397	468	539	624	596	596	539	411	
326	440	340	241	127	0	127	241	326	411	511	610	624	624	610	482	
312	511	411	355	255	127	0	142	241	326	440	568	582	624	639	539	
227	468	411	383	312	241	142	0	99	184	298	426	454	511	539	468	
213	482	440	440	397	326	241	99	0	85	198	326	383	454	511	454	
227	497	468	497	468	411	326	184	85	0	113	241	312	411	482	454	
255	497	497	553	539	511	440	298	198	113	0	127	227	340	426	440	
312	511	539	610	624	610	568	426	326	241	127	0	127	255	369	411	
298	411	468	568	596	624	582	454	383	312	227	127	0	127	241	312	
312	340	411	525	596	624	624	511	454	411	340	255	127	0	113	227	
312	241	340	468	539	610	639	539	511	482	426	369	241	113	0	142	
241	99	198	326	411	482	539	468	454	454	440	411	312	227	142	0	
V5
0	376	336	415	435	455	435	316	297	316	356	435	415	435	435	336	
376	0	138	316	475	613	712	653	673	693	693	712	574	475	336	138	
336	138	0	178	316	475	574	574	613	653	693	752	653	574	475	277	
415	316	178	0	158	336	495	534	613	693	772	851	792	732	653	455	
435	475	316	158	0	178	356	435	554	653	752	871	831	831	752	574	
455	613	475	336	178	0	178	336	455	574	712	851	871	871	851	673	
435	712	574	495	356	178	0	198	336	455	613	792	811	871	891	752	
316	653	574	534	435	336	198	0	138	257	415	594	633	712	752	653	
297	673	613	613	554	455	336	138	0	118	277	455	534	633	712	633	
316	693	653	693	653	574	455	257	118	0	158	336	435	574	673	633	
356	693	693	772	752	712	613	415	277	158	0	178	316	475	594	613	
435	712	752	851	871	851	792	594	455	336	178	0	178	356	514	574	
415	574	653	792	831	871	811	633	534	435	316	178	0	178	336	435	
435	475	574	732	831	871	871	712	633	574	475	356	178	0	158	316	
435	336	475	653	752	851	891	752	712	673	594	514	336	158	0	198	
336	138	277	455	574	673	752	653	633	633	613	574	435	316	198	0	
Velocidade_Veiculos
1	1	1	1	1	1	