M: 2
N: 15
Nun_Veiculos: 8
Capacidade_Total: 603
Demanda_Total: 282
Setup_Min: 1
Setup_Max: 9
Raio: 20
Circulos: 1
Tempo_Processamento_Min: 1
Tempo_Processamento_Max: 49
Demanda_Min: 10
Demanda_Max: 30
Priority_Factor: 0.2
Range_Factor_R: 0.8
U_factor: 2
ALpha: 0.2Replicao: 3
Tempos_Processamentos
0	0	1	0	
0	8	1	18	
0	12	1	3	
0	14	1	44	
0	39	1	33	
0	34	1	3	
0	44	1	39	
0	10	1	19	
0	40	1	12	
0	12	1	7	
0	13	1	38	
0	17	1	49	
0	17	1	19	
0	31	1	35	
0	47	1	16	
0	45	1	9	

Tempos_setup
M0
0	0	0	0	0	0	0	0	0	0	0	0	0	0	0	0	
0	0	4	5	1	5	2	2	4	3	4	5	2	3	5	4	
0	4	0	3	5	2	3	4	5	4	4	5	3	2	3	4	
0	4	4	0	4	2	3	3	3	2	1	4	3	3	3	4	
0	2	3	4	0	4	3	4	3	2	3	4	1	4	4	5	
0	3	5	1	4	0	1	2	3	3	2	5	3	2	1	3	
0	2	4	3	3	4	0	1	3	4	4	4	2	1	4	2	
0	1	5	5	2	5	3	0	4	3	5	6	3	4	4	5	
0	2	4	1	3	1	1	1	0	1	2	2	2	2	2	3	
0	2	3	2	3	2	2	2	1	0	2	3	1	3	3	4	
0	3	5	3	4	3	4	2	3	2	0	3	3	2	2	4	
0	2	3	3	3	5	4	1	4	3	3	0	2	1	5	3	
0	1	2	4	2	3	3	3	5	4	2	5	0	4	4	5	
0	2	3	3	3	4	3	4	3	4	3	3	1	0	5	2	
0	2	5	1	3	3	4	1	4	3	2	5	4	4	0	3	
0	3	5	2	3	2	1	2	1	2	3	3	3	2	3	0	
M1
0	0	0	0	0	0	0	0	0	0	0	0	0	0	0	0	
0	0	3	4	4	2	1	1	3	2	2	1	2	2	4	2	
0	3	0	1	1	5	3	4	4	3	5	4	4	5	2	3	
0	4	4	0	1	4	2	4	3	3	5	4	4	5	5	2	
0	3	6	3	0	4	4	3	5	2	5	4	3	4	4	5	
0	3	6	6	5	0	2	4	3	5	5	4	5	5	6	2	
0	2	4	5	5	2	0	3	2	4	4	3	4	4	5	1	
0	2	5	6	5	1	3	0	2	4	3	3	3	3	4	3	
0	3	4	5	5	4	4	3	0	5	5	4	4	4	3	1	
0	4	6	2	3	4	2	4	4	0	4	5	3	6	5	3	
0	1	4	5	5	3	2	2	2	3	0	2	3	3	4	1	
0	2	2	3	3	2	3	3	3	1	1	0	1	1	3	2	
0	3	3	4	2	3	4	3	5	4	5	4	0	5	2	5	
0	3	3	4	3	1	3	4	4	2	2	1	2	0	4	3	
0	1	4	3	4	3	2	2	4	2	3	2	3	3	0	3	
0	2	5	6	5	3	3	3	1	4	4	3	3	3	4	0	
Tamanho_Tarefas
0	12	6	20	33	5	39	11	14	8	22	20	17	31	25	19	
Data_Entrega
0	154	159	124	79	154	160	84	115	135	123	170	158	94	150	119	
Penalidade_Atraso
0	13	4	11	12	12	16	9	8	15	17	1	5	17	2	19	
Capacidade_Veiculo
100	70	77	49	78	63	93	73	
Custo_Fixo_Veiculo
1000	700	770	490	780	630	930	730	
Coordenadas_Clientes
x	0	y	0
x	18	y	0
x	20	y	8
x	10	y	11
x	5	y	17
x	-1	y	18
x	-8	y	14
x	-19	y	14
x	-18	y	3
x	-21	y	-4
x	-19	y	-13
x	-12	y	-20
x	-1	y	-16
x	7	y	-23
x	13	y	-15
x	17	y	-7
Tempo_Viagem
0	18	21	14	17	18	16	23	18	21	23	23	16	24	19	18	
18	0	8	13	20	26	29	39	36	39	39	35	24	25	15	7	
21	8	0	10	17	23	28	39	38	42	44	42	31	33	23	15	
14	13	10	0	7	13	18	29	29	34	37	37	29	34	26	19	
17	20	17	7	0	6	13	24	26	33	38	40	33	40	32	26	
18	26	23	13	6	0	8	18	22	29	35	39	34	41	35	30	
16	29	28	18	13	8	0	11	14	21	29	34	30	39	35	32	
23	39	39	29	24	18	11	0	11	18	27	34	34	44	42	41	
18	36	38	29	26	22	14	11	0	7	16	23	25	35	35	36	
21	39	42	34	33	29	21	18	7	0	9	18	23	33	35	38	
23	39	44	37	38	35	29	27	16	9	0	9	18	27	32	36	
23	35	42	37	40	39	34	34	23	18	9	0	11	19	25	31	
16	24	31	29	33	34	30	34	25	23	18	11	0	10	14	20	
24	25	33	34	40	41	39	44	35	33	27	19	10	0	10	18	
19	15	23	26	32	35	35	42	35	35	32	25	14	10	0	8	
18	7	15	19	26	30	32	41	36	38	36	31	20	18	8	0	
Custo_Viagem
V0
0	360	420	280	340	360	320	460	360	420	460	460	320	480	380	360	
360	0	160	260	420	520	580	780	720	780	780	720	480	500	300	140	
420	160	0	200	340	460	560	780	760	840	880	840	620	660	480	300	
280	260	200	0	140	260	360	580	580	680	740	760	580	680	520	380	
340	420	340	140	0	120	260	480	520	660	760	800	660	800	640	520	
360	520	460	260	120	0	160	360	440	580	700	780	680	820	700	600	
320	580	560	360	260	160	0	220	280	440	580	680	600	780	700	640	
460	780	780	580	480	360	220	0	220	360	540	680	680	900	860	820	
360	720	760	580	520	440	280	220	0	140	320	460	500	720	700	720	
420	780	840	680	660	580	440	360	140	0	180	360	460	660	700	760	
460	780	880	740	760	700	580	540	320	180	0	180	360	540	640	720	
460	720	840	760	800	780	680	680	460	360	180	0	220	380	500	620	
320	480	620	580	660	680	600	680	500	460	360	220	0	200	280	400	
480	500	660	680	800	820	780	900	720	660	540	380	200	0	200	360	
380	300	480	520	640	700	700	860	700	700	640	500	280	200	0	160	
360	140	300	380	520	600	640	820	720	760	720	620	400	360	160	0	
V1
0	252	294	196	238	252	224	322	252	294	322	322	224	336	266	252	
252	0	112	182	294	364	406	546	504	546	546	504	336	350	210	98	
294	112	0	140	238	322	392	546	532	588	616	588	434	462	336	210	
196	182	140	0	98	182	252	406	406	476	518	532	406	476	364	266	
238	294	238	98	0	84	182	336	364	462	532	560	462	560	448	364	
252	364	322	182	84	0	112	252	308	406	490	546	476	574	490	420	
224	406	392	252	182	112	0	154	196	308	406	476	420	546	490	448	
322	546	546	406	336	252	154	0	154	252	378	476	476	630	602	574	
252	504	532	406	364	308	196	154	0	98	224	322	350	504	490	504	
294	546	588	476	462	406	308	252	98	0	126	252	322	462	490	532	
322	546	616	518	532	490	406	378	224	126	0	126	252	378	448	504	
322	504	588	532	560	546	476	476	322	252	126	0	154	266	350	434	
224	336	434	406	462	476	420	476	350	322	252	154	0	140	196	280	
336	350	462	476	560	574	546	630	504	462	378	266	140	0	140	252	
266	210	336	364	448	490	490	602	490	490	448	350	196	140	0	112	
252	98	210	266	364	420	448	574	504	532	504	434	280	252	112	0	
V2
0	277	323	215	261	277	246	354	277	323	354	354	246	369	292	277	
277	0	123	200	323	400	446	600	554	600	600	554	369	385	231	107	
323	123	0	154	261	354	431	600	585	646	677	646	477	508	369	231	
215	200	154	0	107	200	277	446	446	523	569	585	446	523	400	292	
261	323	261	107	0	92	200	369	400	508	585	616	508	616	492	400	
277	400	354	200	92	0	123	277	338	446	539	600	523	631	539	462	
246	446	431	277	200	123	0	169	215	338	446	523	462	600	539	492	
354	600	600	446	369	277	169	0	169	277	415	523	523	693	662	631	
277	554	585	446	400	338	215	169	0	107	246	354	385	554	539	554	
323	600	646	523	508	446	338	277	107	0	138	277	354	508	539	585	
354	600	677	569	585	539	446	415	246	138	0	138	277	415	492	554	
354	554	646	585	616	600	523	523	354	277	138	0	169	292	385	477	
246	369	477	446	508	523	462	523	385	354	277	169	0	154	215	308	
369	385	508	523	616	631	600	693	554	508	415	292	154	0	154	277	
292	231	369	400	492	539	539	662	539	539	492	385	215	154	0	123	
277	107	231	292	400	462	492	631	554	585	554	477	308	277	123	0	
V3
0	176	205	137	166	176	156	225	176	205	225	225	156	235	186	176	
176	0	78	127	205	254	284	382	352	382	382	352	235	245	147	68	
205	78	0	98	166	225	274	382	372	411	431	411	303	323	235	147	
137	127	98	0	68	127	176	284	284	333	362	372	284	333	254	186	
166	205	166	68	0	58	127	235	254	323	372	392	323	392	313	254	
176	254	225	127	58	0	78	176	215	284	343	382	333	401	343	294	
156	284	274	176	127	78	0	107	137	215	284	333	294	382	343	313	
225	382	382	284	235	176	107	0	107	176	264	333	333	441	421	401	
176	352	372	284	254	215	137	107	0	68	156	225	245	352	343	352	
205	382	411	333	323	284	215	176	68	0	88	176	225	323	343	372	
225	382	431	362	372	343	284	264	156	88	0	88	176	264	313	352	
225	352	411	372	392	382	333	333	225	176	88	0	107	186	245	303	
156	235	303	284	323	333	294	333	245	225	176	107	0	98	137	196	
235	245	323	333	392	401	382	441	352	323	264	186	98	0	98	176	
186	147	235	254	313	343	343	421	343	343	313	245	137	98	0	78	
176	68	147	186	254	294	313	401	352	372	352	303	196	176	78	0	
V4
0	280	327	218	265	280	249	358	280	327	358	358	249	374	296	280	
280	0	124	202	327	405	452	608	561	608	608	561	374	390	234	109	
327	124	0	156	265	358	436	608	592	655	686	655	483	514	374	234	
218	202	156	0	109	202	280	452	452	530	577	592	452	530	405	296	
265	327	265	109	0	93	202	374	405	514	592	624	514	624	499	405	
280	405	358	202	93	0	124	280	343	452	546	608	530	639	546	468	
249	452	436	280	202	124	0	171	218	343	452	530	468	608	546	499	
358	608	608	452	374	280	171	0	171	280	421	530	530	702	670	639	
280	561	592	452	405	343	218	171	0	109	249	358	390	561	546	561	
327	608	655	530	514	452	343	280	109	0	140	280	358	514	546	592	
358	608	686	577	592	546	452	421	249	140	0	140	280	421	499	561	
358	561	655	592	624	608	530	530	358	280	140	0	171	296	390	483	
249	374	483	452	514	530	468	530	390	358	280	171	0	156	218	312	
374	390	514	530	624	639	608	702	561	514	421	296	156	0	156	280	
296	234	374	405	499	546	546	670	546	546	499	390	218	156	0	124	
280	109	234	296	405	468	499	639	561	592	561	483	312	280	124	0	
V5
0	226	264	176	214	226	201	289	226	264	289	289	201	302	239	226	
226	0	100	163	264	327	365	491	453	491	491	453	302	315	189	88	
264	100	0	126	214	289	352	491	478	529	554	529	390	415	302	189	
176	163	126	0	88	163	226	365	365	428	466	478	365	428	327	239	
214	264	214	88	0	75	163	302	327	415	478	504	415	504	403	327	
226	327	289	163	75	0	100	226	277	365	441	491	428	516	441	378	
201	365	352	226	163	100	0	138	176	277	365	428	378	491	441	403	
289	491	491	365	302	226	138	0	138	226	340	428	428	567	541	516	
226	453	478	365	327	277	176	138	0	88	201	289	315	453	441	453	
264	491	529	428	415	365	277	226	88	0	113	226	289	415	441	478	
289	491	554	466	478	441	365	340	201	113	0	113	226	340	403	453	
289	453	529	478	504	491	428	428	289	226	113	0	138	239	315	390	
201	302	390	365	415	428	378	428	315	289	226	138	0	126	176	252	
302	315	415	428	504	516	491	567	453	415	340	239	126	0	126	226	
239	189	302	327	403	441	441	541	441	441	403	315	176	126	0	100	
226	88	189	239	327	378	403	516	453	478	453	390	252	226	100	0	
V6
0	334	390	260	316	334	297	427	334	390	427	427	297	446	353	334	
334	0	148	241	390	483	539	725	669	725	725	669	446	465	279	130	
390	148	0	186	316	427	520	725	706	781	818	781	576	613	446	279	
260	241	186	0	130	241	334	539	539	632	688	706	539	632	483	353	
316	390	316	130	0	111	241	446	483	613	706	744	613	744	595	483	
334	483	427	241	111	0	148	334	409	539	651	725	632	762	651	558	
297	539	520	334	241	148	0	204	260	409	539	632	558	725	651	595	
427	725	725	539	446	334	204	0	204	334	502	632	632	837	799	762	
334	669	706	539	483	409	260	204	0	130	297	427	465	669	651	669	
390	725	781	632	613	539	409	334	130	0	167	334	427	613	651	706	
427	725	818	688	706	651	539	502	297	167	0	167	334	502	595	669	
427	669	781	706	744	725	632	632	427	334	167	0	204	353	465	576	
297	446	576	539	613	632	558	632	465	427	334	204	0	186	260	372	
446	465	613	632	744	762	725	837	669	613	502	353	186	0	186	334	
353	279	446	483	595	651	651	799	651	651	595	465	260	186	0	148	
334	130	279	353	483	558	595	762	669	706	669	576	372	334	148	0	
V7
0	262	306	204	248	262	233	335	262	306	335	335	233	350	277	262	
262	0	116	189	306	379	423	569	525	569	569	525	350	365	219	102	
306	116	0	146	248	335	408	569	554	613	642	613	452	481	350	219	
204	189	146	0	102	189	262	423	423	496	540	554	423	496	379	277	
248	306	248	102	0	87	189	350	379	481	554	584	481	584	467	379	
262	379	335	189	87	0	116	262	321	423	511	569	496	598	511	438	
233	423	408	262	189	116	0	160	204	321	423	496	438	569	511	467	
335	569	569	423	350	262	160	0	160	262	394	496	496	657	627	598	
262	525	554	423	379	321	204	160	0	102	233	335	365	525	511	525	
306	569	613	496	481	423	321	262	102	0	131	262	335	481	511	554	
335	569	642	540	554	511	423	394	233	131	0	131	262	394	467	525	
335	525	613	554	584	569	496	496	335	262	131	0	160	277	365	452	
233	350	452	423	481	496	438	496	365	335	262	160	0	146	204	292	
350	365	481	496	584	598	569	657	525	481	394	277	146	0	146	262	
277	219	350	379	467	511	511	627	511	511	467	365	204	146	0	116	
262	102	219	277	379	438	467	598	525	554	525	452	292	262	116	0	
Velocidade_Veiculos
1	1	1	1	1	1	1	1	