M: 2
N: 15
Nun_Veiculos: 11
Capacidade_Total: 762
Demanda_Total: 354
Setup_Min: 1
Setup_Max: 99
Raio: 20
Circulos: 1
Tempo_Processamento_Min: 1
Tempo_Processamento_Max: 49
Demanda_Min: 10
Demanda_Max: 30
Priority_Factor: 0.2
Range_Factor_R: 0.8
U_factor: 2
ALpha: 0.2Replicao: 2
Tempos_Processamentos
0	0	1	0	
0	3	1	31	
0	34	1	45	
0	45	1	26	
0	14	1	37	
0	22	1	9	
0	46	1	32	
0	38	1	22	
0	26	1	36	
0	42	1	35	
0	33	1	39	
0	21	1	9	
0	21	1	22	
0	27	1	33	
0	24	1	12	
0	47	1	24	

Tempos_setup
M0
0	0	0	0	0	0	0	0	0	0	0	0	0	0	0	0	
0	0	32	27	19	20	38	14	25	17	11	25	22	24	21	28	
0	13	0	15	7	23	35	17	23	11	14	16	10	18	18	26	
0	14	5	0	12	19	27	17	10	11	14	16	10	12	18	13	
0	11	13	8	0	16	34	10	16	4	7	9	3	11	11	19	
0	9	18	23	15	0	18	23	5	8	20	19	18	7	18	8	
0	11	11	26	18	23	0	25	14	17	22	1	21	9	27	4	
0	9	19	22	14	6	24	0	11	3	20	23	17	10	14	14	
0	4	13	18	10	9	27	18	0	3	15	19	13	2	13	3	
0	9	16	30	22	21	39	23	12	0	20	31	25	7	11	15	
0	12	21	16	8	9	27	3	14	6	0	17	11	13	10	17	
0	20	10	25	17	32	45	27	23	21	24	0	20	18	28	13	
0	8	10	5	12	13	31	7	13	1	4	6	0	8	8	16	
0	2	18	23	15	14	32	16	5	8	13	24	18	0	18	8	
0	25	24	19	14	30	46	24	29	18	21	23	17	25	0	32	
0	7	10	25	17	19	37	21	10	13	18	26	20	5	23	0	
M1
0	0	0	0	0	0	0	0	0	0	0	0	0	0	0	0	
0	0	17	15	17	18	20	14	27	12	10	17	21	3	9	31	
0	12	0	12	14	15	17	15	29	9	11	14	22	4	6	28	
0	4	13	0	20	14	16	10	17	15	6	20	17	7	13	23	
0	8	11	9	0	5	7	14	26	6	15	11	24	11	17	18	
0	3	6	4	6	0	2	9	21	1	10	6	19	6	12	13	
0	8	9	9	11	5	0	13	26	6	15	4	17	11	15	18	
0	10	16	6	16	10	12	0	23	11	11	16	21	4	19	23	
0	11	14	9	14	8	10	17	0	9	15	14	8	14	15	6	
0	7	5	3	5	6	8	8	20	0	9	5	20	9	11	19	
0	1	7	10	18	14	16	4	27	13	0	18	11	4	10	27	
0	4	7	5	7	1	3	9	22	2	11	0	20	7	13	14	
0	5	14	1	20	15	17	11	18	15	7	20	0	8	14	24	
0	8	14	17	25	21	23	11	34	20	7	25	18	0	17	34	
0	10	8	6	8	9	11	11	23	3	12	8	23	12	0	22	
0	5	8	6	8	2	4	11	23	3	12	8	21	8	14	0	
Tamanho_Tarefas
0	3	37	30	16	13	33	25	29	38	33	9	21	27	12	28	
Data_Entrega
0	227	144	242	223	127	154	144	225	174	178	198	150	214	208	234	
Penalidade_Atraso
0	10	2	1	12	15	15	12	11	18	15	16	10	16	19	15	
Capacidade_Veiculo
69	45	41	46	76	40	65	99	88	83	110	
Custo_Fixo_Veiculo
690	450	410	460	760	400	650	990	880	830	1100	
Coordenadas_Clientes
x	0	y	0
x	21	y	0
x	19	y	8
x	11	y	12
x	7	y	21
x	-1	y	16
x	-12	y	21
x	-14	y	10
x	-24	y	5
x	-23	y	-4
x	-14	y	-10
x	-11	y	-19
x	-2	y	-21
x	7	y	-23
x	13	y	-15
x	21	y	-9
Tempo_Viagem
0	21	20	16	22	16	24	17	24	23	17	21	21	24	19	22	
21	0	8	15	24	27	39	36	45	44	36	37	31	26	17	9	
20	8	0	8	17	20	32	33	43	43	37	40	35	33	23	17	
16	15	8	0	9	12	24	25	35	37	33	37	35	35	27	23	
22	24	17	9	0	9	19	23	34	38	37	43	42	44	36	32	
16	27	20	12	9	0	12	14	25	29	29	36	37	39	34	33	
24	39	32	24	19	12	0	11	20	27	31	40	43	47	43	44	
17	36	33	25	23	14	11	0	11	16	20	29	33	39	36	39	
24	45	43	35	34	25	20	11	0	9	18	27	34	41	42	46	
23	44	43	37	38	29	27	16	9	0	10	19	26	34	37	44	
17	36	37	33	37	29	31	20	18	10	0	9	16	24	27	35	
21	37	40	37	43	36	40	29	27	19	9	0	9	18	24	33	
21	31	35	35	42	37	43	33	34	26	16	9	0	9	16	25	
24	26	33	35	44	39	47	39	41	34	24	18	9	0	10	19	
19	17	23	27	36	34	43	36	42	37	27	24	16	10	0	10	
22	9	17	23	32	33	44	39	46	44	35	33	25	19	10	0	
Custo_Viagem
V0
0	289	276	220	303	220	331	234	331	317	234	289	289	331	262	303	
289	0	110	207	345	372	538	496	621	607	496	510	427	358	234	124	
276	110	0	110	234	289	455	455	593	593	510	552	483	455	317	234	
220	207	110	0	124	165	331	345	483	510	455	524	483	483	372	317	
303	345	234	124	0	124	262	317	469	538	510	593	579	607	496	455	
220	372	289	165	124	0	165	193	345	400	400	496	510	538	469	455	
331	538	455	331	262	165	0	151	276	372	427	552	593	648	593	607	
234	496	455	345	317	193	151	0	151	220	276	400	455	538	496	538	
331	621	593	483	469	345	276	151	0	124	248	372	469	565	579	648	
317	607	593	510	538	400	372	220	124	0	138	262	372	483	510	607	
234	496	510	455	510	400	427	276	248	138	0	124	220	331	372	483	
289	510	552	524	593	496	552	400	372	262	124	0	124	248	331	455	
289	427	483	483	579	510	593	455	469	372	220	124	0	124	220	345	
331	358	455	483	607	538	648	538	565	483	331	248	124	0	138	262	
262	234	317	372	496	469	593	496	579	510	372	331	220	138	0	138	
303	124	234	317	455	455	607	538	648	607	483	455	345	262	138	0	
V1
0	189	180	144	198	144	216	153	216	207	153	189	189	216	171	198	
189	0	72	135	225	243	351	324	405	396	324	333	279	234	153	81	
180	72	0	72	153	189	297	297	387	387	333	360	315	297	207	153	
144	135	72	0	81	108	216	225	315	333	297	342	315	315	243	207	
198	225	153	81	0	81	171	207	306	351	333	387	378	396	324	297	
144	243	189	108	81	0	108	126	225	261	261	324	333	351	306	297	
216	351	297	216	171	108	0	99	180	243	279	360	387	423	387	396	
153	324	297	225	207	126	99	0	99	144	180	261	297	351	324	351	
216	405	387	315	306	225	180	99	0	81	162	243	306	369	378	423	
207	396	387	333	351	261	243	144	81	0	90	171	243	315	333	396	
153	324	333	297	333	261	279	180	162	90	0	81	144	216	243	315	
189	333	360	342	387	324	360	261	243	171	81	0	81	162	216	297	
189	279	315	315	378	333	387	297	306	243	144	81	0	81	144	225	
216	234	297	315	396	351	423	351	369	315	216	162	81	0	90	171	
171	153	207	243	324	306	387	324	378	333	243	216	144	90	0	90	
198	81	153	207	297	297	396	351	423	396	315	297	225	171	90	0	
V2
0	172	164	131	180	131	196	139	196	188	139	172	172	196	155	180	
172	0	65	123	205	221	319	295	369	360	295	303	254	213	139	73	
164	65	0	65	139	172	270	270	352	352	303	328	287	270	188	139	
131	123	65	0	73	98	196	205	287	303	270	311	287	287	221	188	
180	205	139	73	0	73	155	188	278	319	303	352	344	360	295	270	
131	221	172	98	73	0	98	114	205	237	237	295	303	319	278	270	
196	319	270	196	155	98	0	90	164	221	254	328	352	385	352	360	
139	295	270	205	188	114	90	0	90	131	164	237	270	319	295	319	
196	369	352	287	278	205	164	90	0	73	147	221	278	336	344	385	
188	360	352	303	319	237	221	131	73	0	82	155	221	287	303	360	
139	295	303	270	303	237	254	164	147	82	0	73	131	196	221	287	
172	303	328	311	352	295	328	237	221	155	73	0	73	147	196	270	
172	254	287	287	344	303	352	270	278	221	131	73	0	73	131	205	
196	213	270	287	360	319	385	319	336	287	196	147	73	0	82	155	
155	139	188	221	295	278	352	295	344	303	221	196	131	82	0	82	
180	73	139	188	270	270	360	319	385	360	287	270	205	155	82	0	
V3
0	193	184	147	202	147	220	156	220	211	156	193	193	220	174	202	
193	0	73	138	230	248	358	331	414	404	331	340	285	239	156	82	
184	73	0	73	156	193	303	303	395	395	340	368	322	303	211	156	
147	138	73	0	82	110	220	230	322	340	303	349	322	322	248	211	
202	230	156	82	0	82	174	211	312	358	340	395	386	404	331	303	
147	248	193	110	82	0	110	128	230	266	266	331	340	358	312	303	
220	358	303	220	174	110	0	101	184	248	285	368	395	432	395	404	
156	331	303	230	211	128	101	0	101	147	184	266	303	358	331	358	
220	414	395	322	312	230	184	101	0	82	165	248	312	377	386	432	
211	404	395	340	358	266	248	147	82	0	92	174	248	322	340	404	
156	331	340	303	340	266	285	184	165	92	0	82	147	220	248	322	
193	340	368	349	395	331	368	266	248	174	82	0	82	165	220	303	
193	285	322	322	386	340	395	303	312	248	147	82	0	82	147	230	
220	239	303	322	404	358	432	358	377	322	220	165	82	0	92	174	
174	156	211	248	331	312	395	331	386	340	248	220	147	92	0	92	
202	82	156	211	303	303	404	358	432	404	322	303	230	174	92	0	
V4
0	319	304	243	334	243	364	258	364	349	258	319	319	364	288	334	
319	0	121	228	380	410	592	547	684	668	547	562	471	395	258	136	
304	121	0	121	258	319	501	501	653	653	562	608	532	501	349	258	
243	228	121	0	136	182	364	380	532	562	501	577	532	532	410	349	
334	380	258	136	0	136	288	349	516	592	562	653	638	668	547	501	
243	410	319	182	136	0	182	212	380	440	440	547	562	592	516	501	
364	592	501	364	288	182	0	167	304	410	471	608	653	714	653	668	
258	547	501	380	349	212	167	0	167	243	304	440	501	592	547	592	
364	684	653	532	516	380	304	167	0	136	273	410	516	623	638	714	
349	668	653	562	592	440	410	243	136	0	152	288	410	532	562	668	
258	547	562	501	562	440	471	304	273	152	0	136	243	364	410	532	
319	562	608	577	653	547	608	440	410	288	136	0	136	273	364	501	
319	471	532	532	638	562	653	501	516	410	243	136	0	136	243	380	
364	395	501	532	668	592	714	592	623	532	364	273	136	0	152	288	
288	258	349	410	547	516	653	547	638	562	410	364	243	152	0	152	
334	136	258	349	501	501	668	592	714	668	532	501	380	288	152	0	
V5
0	168	160	128	176	128	192	136	192	184	136	168	168	192	152	176	
168	0	64	120	200	216	312	288	360	352	288	296	248	208	136	72	
160	64	0	64	136	168	264	264	344	344	296	320	280	264	184	136	
128	120	64	0	72	96	192	200	280	296	264	304	280	280	216	184	
176	200	136	72	0	72	152	184	272	312	296	344	336	352	288	264	
128	216	168	96	72	0	96	112	200	232	232	288	296	312	272	264	
192	312	264	192	152	96	0	88	160	216	248	320	344	376	344	352	
136	288	264	200	184	112	88	0	88	128	160	232	264	312	288	312	
192	360	344	280	272	200	160	88	0	72	144	216	272	328	336	376	
184	352	344	296	312	232	216	128	72	0	80	152	216	280	296	352	
136	288	296	264	296	232	248	160	144	80	0	72	128	192	216	280	
168	296	320	304	344	288	320	232	216	152	72	0	72	144	192	264	
168	248	280	280	336	296	344	264	272	216	128	72	0	72	128	200	
192	208	264	280	352	312	376	312	328	280	192	144	72	0	80	152	
152	136	184	216	288	272	344	288	336	296	216	192	128	80	0	80	
176	72	136	184	264	264	352	312	376	352	280	264	200	152	80	0	
V6
0	273	260	208	286	208	312	221	312	299	221	273	273	312	247	286	
273	0	104	195	325	351	507	468	585	572	468	481	403	338	221	117	
260	104	0	104	221	273	429	429	559	559	481	520	455	429	299	221	
208	195	104	0	117	156	312	325	455	481	429	494	455	455	351	299	
286	325	221	117	0	117	247	299	442	507	481	559	546	572	468	429	
208	351	273	156	117	0	156	182	325	377	377	468	481	507	442	429	
312	507	429	312	247	156	0	143	260	351	403	520	559	611	559	572	
221	468	429	325	299	182	143	0	143	208	260	377	429	507	468	507	
312	585	559	455	442	325	260	143	0	117	234	351	442	533	546	611	
299	572	559	481	507	377	351	208	117	0	130	247	351	455	481	572	
221	468	481	429	481	377	403	260	234	130	0	117	208	312	351	455	
273	481	520	494	559	468	520	377	351	247	117	0	117	234	312	429	
273	403	455	455	546	481	559	429	442	351	208	117	0	117	208	325	
312	338	429	455	572	507	611	507	533	455	312	234	117	0	130	247	
247	221	299	351	468	442	559	468	546	481	351	312	208	130	0	130	
286	117	221	299	429	429	572	507	611	572	455	429	325	247	130	0	
V7
0	415	396	316	435	316	475	336	475	455	336	415	415	475	376	435	
415	0	158	297	495	534	772	712	891	871	712	732	613	514	336	178	
396	158	0	158	336	415	653	653	851	851	732	792	693	653	455	336	
316	297	158	0	178	237	475	495	693	732	653	752	693	693	534	455	
435	495	336	178	0	178	376	455	673	772	732	851	831	871	712	653	
316	534	415	237	178	0	237	277	495	574	574	712	732	772	673	653	
475	772	653	475	376	237	0	217	396	534	613	792	851	930	851	871	
336	712	653	495	455	277	217	0	217	316	396	574	653	772	712	772	
475	891	851	693	673	495	396	217	0	178	356	534	673	811	831	930	
455	871	851	732	772	574	534	316	178	0	198	376	534	693	732	871	
336	712	732	653	732	574	613	396	356	198	0	178	316	475	534	693	
415	732	792	752	851	712	792	574	534	376	178	0	178	356	475	653	
415	613	693	693	831	732	851	653	673	534	316	178	0	178	316	495	
475	514	653	693	871	772	930	772	811	693	475	356	178	0	198	376	
376	336	455	534	712	673	851	712	831	732	534	475	316	198	0	198	
435	178	336	455	653	653	871	772	930	871	693	653	495	376	198	0	
V8
0	369	352	281	387	281	422	299	422	404	299	369	369	422	334	387	
369	0	140	264	440	475	686	633	792	774	633	651	545	457	299	158	
352	140	0	140	299	369	580	580	756	756	651	704	616	580	404	299	
281	264	140	0	158	211	422	440	616	651	580	668	616	616	475	404	
387	440	299	158	0	158	334	404	598	686	651	756	739	774	633	580	
281	475	369	211	158	0	211	246	440	510	510	633	651	686	598	580	
422	686	580	422	334	211	0	193	352	475	545	704	756	827	756	774	
299	633	580	440	404	246	193	0	193	281	352	510	580	686	633	686	
422	792	756	616	598	440	352	193	0	158	316	475	598	721	739	827	
404	774	756	651	686	510	475	281	158	0	176	334	475	616	651	774	
299	633	651	580	651	510	545	352	316	176	0	158	281	422	475	616	
369	651	704	668	756	633	704	510	475	334	158	0	158	316	422	580	
369	545	616	616	739	651	756	580	598	475	281	158	0	158	281	440	
422	457	580	616	774	686	827	686	721	616	422	316	158	0	176	334	
334	299	404	475	633	598	756	633	739	651	475	422	281	176	0	176	
387	158	299	404	580	580	774	686	827	774	616	580	440	334	176	0	
V9
0	348	332	265	365	265	398	282	398	381	282	348	348	398	315	365	
348	0	132	249	415	448	647	597	747	730	597	614	514	431	282	149	
332	132	0	132	282	348	547	547	713	713	614	664	581	547	381	282	
265	249	132	0	149	199	398	415	581	614	547	630	581	581	448	381	
365	415	282	149	0	149	315	381	564	647	614	713	697	730	597	547	
265	448	348	199	149	0	199	232	415	481	481	597	614	647	564	547	
398	647	547	398	315	199	0	182	332	448	514	664	713	780	713	730	
282	597	547	415	381	232	182	0	182	265	332	481	547	647	597	647	
398	747	713	581	564	415	332	182	0	149	298	448	564	680	697	780	
381	730	713	614	647	481	448	265	149	0	166	315	448	581	614	730	
282	597	614	547	614	481	514	332	298	166	0	149	265	398	448	581	
348	614	664	630	713	597	664	481	448	315	149	0	149	298	398	547	
348	514	581	581	697	614	713	547	564	448	265	149	0	149	265	415	
398	431	547	581	730	647	780	647	680	581	398	298	149	0	166	315	
315	282	381	448	597	564	713	597	697	614	448	398	265	166	0	166	
365	149	282	381	547	547	730	647	780	730	581	547	415	315	166	0	
V10
0	462	440	352	484	352	528	374	528	506	374	462	462	528	418	484	
462	0	176	330	550	594	858	792	990	968	792	814	682	572	374	198	
440	176	0	176	374	462	726	726	946	946	814	880	770	726	506	374	
352	330	176	0	198	264	528	550	770	814	726	836	770	770	594	506	
484	550	374	198	0	198	418	506	748	858	814	946	924	968	792	726	
352	594	462	264	198	0	264	308	550	638	638	792	814	858	748	726	
528	858	726	528	418	264	0	242	440	594	682	880	946	1034	946	968	
374	792	726	550	506	308	242	0	242	352	440	638	726	858	792	858	
528	990	946	770	748	550	440	242	0	198	396	594	748	902	924	1034	
506	968	946	814	858	638	594	352	198	0	220	418	594	770	814	968	
374	792	814	726	814	638	682	440	396	220	0	198	352	528	594	770	
462	814	880	836	946	792	880	638	594	418	198	0	198	396	528	726	
462	682	770	770	924	814	946	726	748	594	352	198	0	198	352	550	
528	572	726	770	968	858	1034	858	902	770	528	396	198	0	220	418	
418	374	506	594	792	748	946	792	924	814	594	528	352	220	0	220	
484	198	374	506	726	726	968	858	1034	968	770	726	550	418	220	0	
Velocidade_Veiculos
1	1	1	1	1	1	1	1	1	1	1	