M: 2
N: 15
Nun_Veiculos: 6
Capacidade_Total: 451
Demanda_Total: 317
Setup_Min: 1
Setup_Max: 9
Raio: 100
Circulos: 1
Tempo_Processamento_Min: 1
Tempo_Processamento_Max: 49
Demanda_Min: 10
Demanda_Max: 30
Priority_Factor: 0.2
Range_Factor_R: 0.8
U_factor: 2
ALpha: 0.2Replicao: 3
Tempos_Processamentos
0	0	1	0	
0	18	1	39	
0	18	1	22	
0	25	1	15	
0	15	1	30	
0	6	1	14	
0	48	1	18	
0	45	1	36	
0	15	1	30	
0	9	1	2	
0	5	1	44	
0	31	1	33	
0	23	1	30	
0	48	1	17	
0	30	1	11	
0	40	1	2	

Tempos_setup
M0
0	0	0	0	0	0	0	0	0	0	0	0	0	0	0	0	
0	0	5	4	5	5	4	2	4	4	3	4	3	5	4	5	
0	3	0	4	1	4	2	3	2	2	1	2	3	1	4	3	
0	1	1	0	1	2	2	3	3	3	2	3	4	2	2	1	
0	4	4	5	0	4	1	2	3	2	1	5	4	2	3	3	
0	3	3	6	3	0	3	4	4	3	2	5	5	4	5	4	
0	5	3	4	3	4	0	1	4	3	2	4	3	4	2	3	
0	4	4	3	4	4	2	0	3	2	1	5	2	4	2	3	
0	3	3	2	3	3	3	4	0	1	2	5	1	1	4	2	
0	2	2	3	3	2	3	3	1	0	3	4	2	2	5	1	
0	3	3	4	4	3	1	2	2	1	0	4	3	3	3	2	
0	3	1	2	2	3	3	2	2	1	2	0	3	2	4	2	
0	2	2	1	2	2	2	3	1	2	3	4	0	2	3	2	
0	2	4	5	5	3	5	4	3	2	5	6	4	0	6	3	
0	6	6	5	2	6	3	4	5	4	3	7	4	4	0	5	
0	3	3	2	3	1	2	2	5	4	3	5	4	3	4	0	
M1
0	0	0	0	0	0	0	0	0	0	0	0	0	0	0	0	
0	0	4	3	4	2	4	3	1	4	2	5	2	4	4	3	
0	2	0	3	1	3	3	4	3	2	3	2	2	4	3	2	
0	3	2	0	3	5	3	3	3	1	3	2	1	3	2	2	
0	5	4	2	0	2	3	3	2	2	2	4	1	4	2	1	
0	4	6	4	4	0	3	5	4	5	6	3	5	2	5	4	
0	7	5	4	4	3	0	4	2	5	4	6	5	3	4	3	
0	5	5	3	6	4	5	0	4	4	6	5	4	4	5	5	
0	5	3	3	3	4	3	2	0	4	2	5	4	3	3	2	
0	4	2	4	2	4	2	2	3	0	4	4	3	2	1	2	
0	4	3	1	3	2	4	4	3	2	0	3	2	4	3	2	
0	2	4	3	2	4	1	3	2	4	4	0	3	2	2	1	
0	4	3	1	4	4	3	4	4	2	2	3	0	3	3	3	
0	7	5	5	5	3	5	4	2	6	4	6	6	0	5	4	
0	6	5	4	4	4	1	1	2	5	4	6	4	4	0	4	
0	6	4	3	1	3	2	2	1	3	3	5	2	4	1	0	
Tamanho_Tarefas
0	20	20	16	22	7	31	39	20	4	24	32	23	28	11	20	
Data_Entrega
0	257	297	290	273	291	209	220	256	232	245	221	299	276	296	298	
Penalidade_Atraso
0	17	12	8	19	13	11	12	6	13	4	11	4	17	17	16	
Capacidade_Veiculo
73	59	74	84	44	117	
Custo_Fixo_Veiculo
730	590	740	840	440	1170	
Coordenadas_Clientes
x	0	y	0
x	104	y	0
x	97	y	43
x	71	y	79
x	29	y	89
x	-12	y	118
x	-61	y	106
x	-67	y	48
x	-84	y	17
x	-94	y	-20
x	-86	y	-62
x	-60	y	-105
x	-12	y	-114
x	26	y	-80
x	82	y	-92
x	113	y	-50
Tempo_Viagem
0	104	106	106	93	118	122	82	85	96	106	120	114	84	123	123	
104	0	43	85	116	165	196	177	188	199	199	194	161	111	94	50	
106	43	0	44	82	132	170	164	182	201	210	215	191	142	135	93	
106	85	44	0	43	91	134	141	166	192	211	225	210	165	171	135	
93	116	82	43	0	50	91	104	133	164	189	213	207	169	188	162	
118	165	132	91	50	0	50	89	124	160	194	228	232	201	230	209	
122	196	170	134	91	50	0	58	91	129	169	211	225	205	244	233	
82	177	164	141	104	89	58	0	35	73	111	153	171	158	204	204	
85	188	182	166	133	124	91	35	0	38	79	124	149	146	198	208	
96	199	201	192	164	160	129	73	38	0	42	91	124	134	190	209	
106	199	210	211	189	194	169	111	79	42	0	50	90	113	170	199	
120	194	215	225	213	228	211	153	124	91	50	0	48	89	142	181	
114	161	191	210	207	232	225	171	149	124	90	48	0	50	96	140	
84	111	142	165	169	201	205	158	146	134	113	89	50	0	57	92	
123	94	135	171	188	230	244	204	198	190	170	142	96	57	0	52	
123	50	93	135	162	209	233	204	208	209	199	181	140	92	52	0	
Custo_Viagem
V0
0	1518	1547	1547	1357	1722	1781	1197	1241	1401	1547	1752	1664	1226	1795	1795	
1518	0	627	1241	1693	2409	2861	2584	2744	2905	2905	2832	2365	1620	1372	730	
1547	627	0	642	1197	1927	2482	2394	2657	2934	3066	3139	2788	2073	1971	1372	
1547	1241	642	0	627	1328	1956	2058	2423	2803	3080	3285	3066	2409	2496	1971	
1357	1693	1197	627	0	730	1328	1518	1941	2394	2759	3109	3022	2467	2744	2365	
1722	2409	1927	1328	730	0	730	1299	1810	2336	2832	3328	3387	2934	3358	3051	
1781	2861	2482	1956	1328	730	0	846	1328	1898	2467	3080	3285	2993	3562	3401	
1197	2584	2394	2058	1518	1299	846	0	511	1065	1620	2233	2496	2306	2978	2978	
1241	2744	2657	2423	1941	1810	1328	511	0	554	1153	1810	2175	2131	2890	3036	
1401	2905	2934	2803	2394	2336	1898	1065	554	0	613	1328	1810	1956	2774	3051	
1547	2905	3066	3080	2759	2832	2467	1620	1153	613	0	730	1314	1649	2482	2905	
1752	2832	3139	3285	3109	3328	3080	2233	1810	1328	730	0	700	1299	2073	2642	
1664	2365	2788	3066	3022	3387	3285	2496	2175	1810	1314	700	0	730	1401	2044	
1226	1620	2073	2409	2467	2934	2993	2306	2131	1956	1649	1299	730	0	832	1343	
1795	1372	1971	2496	2744	3358	3562	2978	2890	2774	2482	2073	1401	832	0	759	
1795	730	1372	1971	2365	3051	3401	2978	3036	3051	2905	2642	2044	1343	759	0	
V1
0	1227	1250	1250	1097	1392	1439	967	1003	1132	1250	1416	1345	991	1451	1451	
1227	0	507	1003	1368	1947	2312	2088	2218	2348	2348	2289	1911	1309	1109	590	
1250	507	0	519	967	1557	2006	1935	2147	2371	2478	2537	2253	1675	1593	1109	
1250	1003	519	0	507	1073	1581	1663	1958	2265	2489	2655	2478	1947	2017	1593	
1097	1368	967	507	0	590	1073	1227	1569	1935	2230	2513	2442	1994	2218	1911	
1392	1947	1557	1073	590	0	590	1050	1463	1888	2289	2690	2737	2371	2714	2466	
1439	2312	2006	1581	1073	590	0	684	1073	1534	1994	2489	2655	2419	2879	2749	
967	2088	1935	1663	1227	1050	684	0	413	861	1309	1805	2017	1864	2407	2407	
1003	2218	2147	1958	1569	1463	1073	413	0	448	932	1463	1758	1722	2336	2454	
1132	2348	2371	2265	1935	1888	1534	861	448	0	495	1073	1463	1581	2242	2466	
1250	2348	2478	2489	2230	2289	1994	1309	932	495	0	590	1062	1333	2006	2348	
1416	2289	2537	2655	2513	2690	2489	1805	1463	1073	590	0	566	1050	1675	2135	
1345	1911	2253	2478	2442	2737	2655	2017	1758	1463	1062	566	0	590	1132	1652	
991	1309	1675	1947	1994	2371	2419	1864	1722	1581	1333	1050	590	0	672	1085	
1451	1109	1593	2017	2218	2714	2879	2407	2336	2242	2006	1675	1132	672	0	613	
1451	590	1109	1593	1911	2466	2749	2407	2454	2466	2348	2135	1652	1085	613	0	
V2
0	1539	1568	1568	1376	1746	1805	1213	1258	1420	1568	1776	1687	1243	1820	1820	
1539	0	636	1258	1716	2442	2900	2619	2782	2945	2945	2871	2397	1642	1391	740	
1568	636	0	651	1213	1953	2516	2427	2693	2974	3108	3182	2826	2101	1998	1391	
1568	1258	651	0	636	1346	1983	2086	2456	2841	3122	3330	3108	2442	2530	1998	
1376	1716	1213	636	0	740	1346	1539	1968	2427	2797	3152	3063	2501	2782	2397	
1746	2442	1953	1346	740	0	740	1317	1835	2368	2871	3374	3433	2974	3404	3093	
1805	2900	2516	1983	1346	740	0	858	1346	1924	2501	3122	3330	3034	3611	3448	
1213	2619	2427	2086	1539	1317	858	0	518	1080	1642	2264	2530	2338	3019	3019	
1258	2782	2693	2456	1968	1835	1346	518	0	562	1169	1835	2205	2160	2930	3078	
1420	2945	2974	2841	2427	2368	1924	1080	562	0	621	1346	1835	1983	2812	3093	
1568	2945	3108	3122	2797	2871	2501	1642	1169	621	0	740	1332	1672	2516	2945	
1776	2871	3182	3330	3152	3374	3122	2264	1835	1346	740	0	710	1317	2101	2678	
1687	2397	2826	3108	3063	3433	3330	2530	2205	1835	1332	710	0	740	1420	2072	
1243	1642	2101	2442	2501	2974	3034	2338	2160	1983	1672	1317	740	0	843	1361	
1820	1391	1998	2530	2782	3404	3611	3019	2930	2812	2516	2101	1420	843	0	769	
1820	740	1391	1998	2397	3093	3448	3019	3078	3093	2945	2678	2072	1361	769	0	
V3
0	1747	1780	1780	1562	1982	2049	1377	1428	1612	1780	2016	1915	1411	2066	2066	
1747	0	722	1428	1948	2772	3292	2973	3158	3343	3343	3259	2721	1864	1579	840	
1780	722	0	739	1377	2217	2856	2755	3057	3376	3528	3612	3208	2385	2268	1579	
1780	1428	739	0	722	1528	2251	2368	2788	3225	3544	3780	3528	2772	2872	2268	
1562	1948	1377	722	0	840	1528	1747	2234	2755	3175	3578	3477	2839	3158	2721	
1982	2772	2217	1528	840	0	840	1495	2083	2688	3259	3830	3897	3376	3864	3511	
2049	3292	2856	2251	1528	840	0	974	1528	2184	2839	3544	3780	3444	4099	3914	
1377	2973	2755	2368	1747	1495	974	0	588	1226	1864	2570	2872	2654	3427	3427	
1428	3158	3057	2788	2234	2083	1528	588	0	638	1327	2083	2503	2452	3326	3494	
1612	3343	3376	3225	2755	2688	2184	1226	638	0	705	1528	2083	2251	3192	3511	
1780	3343	3528	3544	3175	3259	2839	1864	1327	705	0	840	1512	1898	2856	3343	
2016	3259	3612	3780	3578	3830	3544	2570	2083	1528	840	0	806	1495	2385	3040	
1915	2721	3208	3528	3477	3897	3780	2872	2503	2083	1512	806	0	840	1612	2352	
1411	1864	2385	2772	2839	3376	3444	2654	2452	2251	1898	1495	840	0	957	1545	
2066	1579	2268	2872	3158	3864	4099	3427	3326	3192	2856	2385	1612	957	0	873	
2066	840	1579	2268	2721	3511	3914	3427	3494	3511	3343	3040	2352	1545	873	0	
V4
0	915	932	932	818	1038	1073	721	748	844	932	1056	1003	739	1082	1082	
915	0	378	748	1020	1452	1724	1557	1654	1751	1751	1707	1425	976	827	440	
932	378	0	387	721	1161	1496	1443	1601	1768	1848	1892	1680	1249	1188	827	
932	748	387	0	378	800	1179	1240	1460	1689	1856	1980	1848	1452	1504	1188	
818	1020	721	378	0	440	800	915	1170	1443	1663	1874	1821	1487	1654	1425	
1038	1452	1161	800	440	0	440	783	1091	1408	1707	2006	2041	1768	2024	1839	
1073	1724	1496	1179	800	440	0	510	800	1144	1487	1856	1980	1804	2147	2050	
721	1557	1443	1240	915	783	510	0	308	642	976	1346	1504	1390	1795	1795	
748	1654	1601	1460	1170	1091	800	308	0	334	695	1091	1311	1284	1742	1830	
844	1751	1768	1689	1443	1408	1144	642	334	0	369	800	1091	1179	1672	1839	
932	1751	1848	1856	1663	1707	1487	976	695	369	0	440	792	994	1496	1751	
1056	1707	1892	1980	1874	2006	1856	1346	1091	800	440	0	422	783	1249	1592	
1003	1425	1680	1848	1821	2041	1980	1504	1311	1091	792	422	0	440	844	1232	
739	976	1249	1452	1487	1768	1804	1390	1284	1179	994	783	440	0	501	809	
1082	827	1188	1504	1654	2024	2147	1795	1742	1672	1496	1249	844	501	0	457	
1082	440	827	1188	1425	1839	2050	1795	1830	1839	1751	1592	1232	809	457	0	
V5
0	2433	2480	2480	2176	2761	2854	1918	1989	2246	2480	2808	2667	1965	2878	2878	
2433	0	1006	1989	2714	3861	4586	4141	4399	4656	4656	4539	3790	2597	2199	1170	
2480	1006	0	1029	1918	3088	3978	3837	4258	4703	4914	5031	4469	3322	3159	2199	
2480	1989	1029	0	1006	2129	3135	3299	3884	4492	4937	5265	4914	3861	4001	3159	
2176	2714	1918	1006	0	1170	2129	2433	3112	3837	4422	4984	4843	3954	4399	3790	
2761	3861	3088	2129	1170	0	1170	2082	2901	3744	4539	5335	5428	4703	5382	4890	
2854	4586	3978	3135	2129	1170	0	1357	2129	3042	3954	4937	5265	4797	5709	5452	
1918	4141	3837	3299	2433	2082	1357	0	819	1708	2597	3580	4001	3697	4773	4773	
1989	4399	4258	3884	3112	2901	2129	819	0	889	1848	2901	3486	3416	4633	4867	
2246	4656	4703	4492	3837	3744	3042	1708	889	0	982	2129	2901	3135	4446	4890	
2480	4656	4914	4937	4422	4539	3954	2597	1848	982	0	1170	2106	2644	3978	4656	
2808	4539	5031	5265	4984	5335	4937	3580	2901	2129	1170	0	1123	2082	3322	4235	
2667	3790	4469	4914	4843	5428	5265	4001	3486	2901	2106	1123	0	1170	2246	3276	
1965	2597	3322	3861	3954	4703	4797	3697	3416	3135	2644	2082	1170	0	1333	2152	
2878	2199	3159	4001	4399	5382	5709	4773	4633	4446	3978	3322	2246	1333	0	1216	
2878	1170	2199	3159	3790	4890	5452	4773	4867	4890	4656	4235	3276	2152	1216	0	
Velocidade_Veiculos
1	1	1	1	1	1	