M: 2
N: 15
Nun_Veiculos: 8
Capacidade_Total: 670
Demanda_Total: 313
Setup_Min: 1
Setup_Max: 99
Raio: 100
Circulos: 1
Tempo_Processamento_Min: 1
Tempo_Processamento_Max: 49
Demanda_Min: 10
Demanda_Max: 30
Priority_Factor: 0.2
Range_Factor_R: 0.8
U_factor: 2
ALpha: 0.2Replicao: 4
Tempos_Processamentos
0	0	1	0	
0	46	1	17	
0	38	1	2	
0	4	1	1	
0	28	1	16	
0	45	1	26	
0	26	1	5	
0	39	1	43	
0	18	1	33	
0	24	1	31	
0	43	1	7	
0	43	1	42	
0	7	1	38	
0	20	1	49	
0	25	1	24	
0	1	1	32	

Tempos_setup
M0
0	0	0	0	0	0	0	0	0	0	0	0	0	0	0	0	
0	0	7	9	25	23	12	23	15	15	13	31	36	18	26	26	
0	25	0	2	18	25	10	16	8	8	6	24	29	11	32	19	
0	23	3	0	21	28	8	19	11	11	9	27	32	14	30	22	
0	14	9	6	0	13	5	25	17	17	15	14	38	20	36	28	
0	1	8	10	26	0	13	18	16	16	14	32	36	19	27	15	
0	15	22	24	40	26	0	33	30	23	28	39	51	26	38	30	
0	13	8	10	26	12	10	0	7	16	14	21	31	17	39	6	
0	18	1	3	19	26	3	16	0	9	7	25	30	12	33	20	
0	23	18	20	30	22	20	10	17	0	19	16	41	3	49	16	
0	20	15	17	13	19	17	16	14	16	0	27	44	19	38	13	
0	19	20	22	38	18	28	36	28	28	26	0	26	31	45	33	
0	13	20	22	34	12	2	23	21	25	21	14	0	28	39	20	
0	20	15	17	29	19	17	7	14	23	16	13	38	0	46	13	
0	29	12	14	30	37	14	27	11	20	18	23	41	23	0	31	
0	7	2	4	20	6	4	3	1	10	8	19	31	11	33	0	
M1
0	0	0	0	0	0	0	0	0	0	0	0	0	0	0	0	
0	0	9	24	33	1	21	20	34	40	12	28	35	42	20	22	
0	18	0	20	24	19	28	16	30	37	30	33	42	49	20	22	
0	3	12	0	14	4	8	12	10	17	15	24	35	29	23	16	
0	16	25	18	0	17	26	14	28	33	6	10	29	41	36	21	
0	21	26	23	37	0	31	19	33	39	11	36	34	52	24	26	
0	7	16	9	23	8	0	5	19	26	8	22	27	21	27	23	
0	2	11	4	18	3	12	0	14	21	14	17	37	33	22	20	
0	20	29	22	4	21	30	18	0	33	10	14	33	45	27	25	
0	26	32	23	28	27	29	30	24	0	24	25	47	42	36	13	
0	10	19	12	26	11	20	8	22	29	0	25	23	41	30	15	
0	7	16	9	19	8	17	5	19	23	11	0	34	38	27	25	
0	15	24	17	27	16	25	13	27	31	19	8	0	46	30	18	
0	16	3	18	3	17	9	14	28	35	9	13	11	0	23	24	
0	15	6	12	18	16	18	22	22	29	23	28	22	31	0	2	
0	13	22	10	16	14	16	21	20	27	21	26	40	29	23	0	
Tamanho_Tarefas
0	23	5	2	20	34	7	39	25	24	17	42	7	28	24	16	
Data_Entrega
0	235	220	239	313	329	242	265	225	299	252	268	314	280	317	246	
Penalidade_Atraso
0	14	2	20	8	3	20	2	8	14	14	18	16	13	17	18	
Capacidade_Veiculo
65	57	73	104	95	87	100	89	
Custo_Fixo_Veiculo
650	570	730	1040	950	870	1000	890	
Coordenadas_Clientes
x	0	y	0
x	110	y	0
x	101	y	45
x	56	y	63
x	31	y	97
x	-10	y	98
x	-47	y	81
x	-98	y	71
x	-76	y	16
x	-112	y	-23
x	-99	y	-72
x	-60	y	-104
x	-12	y	-114
x	29	y	-91
x	61	y	-68
x	108	y	-48
Tempo_Viagem
0	110	110	84	101	98	93	121	77	114	122	120	114	95	91	118	
110	0	45	82	124	154	176	219	186	223	221	199	166	121	83	48	
110	45	0	48	87	122	152	200	179	223	231	219	195	153	119	93	
84	82	48	0	42	74	104	154	140	188	205	203	189	156	131	122	
101	124	87	42	0	41	79	130	134	186	213	220	215	188	167	164	
98	154	122	74	41	0	40	91	105	158	191	208	212	192	180	187	
93	176	152	104	79	40	0	51	71	122	161	185	198	188	184	201	
121	219	200	154	130	91	51	0	59	95	143	179	203	205	211	237	
77	186	179	140	134	105	71	59	0	53	90	121	144	149	160	194	
114	223	223	188	186	158	122	95	53	0	50	96	135	156	178	221	
122	221	231	205	213	191	161	143	90	50	0	50	96	129	160	208	
120	199	219	203	220	208	185	179	121	96	50	0	49	89	126	177	
114	166	195	189	215	212	198	203	144	135	96	49	0	47	86	136	
95	121	153	156	188	192	188	205	149	156	129	89	47	0	39	89	
91	83	119	131	167	180	184	211	160	178	160	126	86	39	0	51	
118	48	93	122	164	187	201	237	194	221	208	177	136	89	51	0	
Custo_Viagem
V0
0	1430	1430	1092	1313	1274	1209	1573	1001	1482	1586	1560	1482	1235	1183	1534	
1430	0	585	1066	1625	2002	2288	2847	2418	2899	2873	2587	2158	1573	1079	624	
1430	585	0	624	1131	1599	1976	2600	2327	2899	3003	2847	2535	1989	1547	1209	
1092	1066	624	0	546	962	1352	2002	1820	2444	2665	2639	2457	2028	1703	1586	
1313	1625	1131	546	0	533	1027	1703	1742	2418	2769	2860	2795	2444	2171	2132	
1274	2002	1599	962	533	0	520	1196	1365	2054	2483	2704	2756	2496	2340	2431	
1209	2288	1976	1352	1027	520	0	663	923	1586	2093	2405	2574	2444	2392	2613	
1573	2847	2600	2002	1703	1196	663	0	767	1235	1859	2327	2652	2665	2743	3081	
1001	2418	2327	1820	1742	1365	923	767	0	689	1170	1573	1872	1937	2080	2522	
1482	2899	2899	2444	2418	2054	1586	1235	689	0	650	1248	1755	2028	2314	2873	
1586	2873	3003	2665	2769	2483	2093	1859	1170	650	0	650	1248	1677	2080	2704	
1560	2587	2847	2639	2860	2704	2405	2327	1573	1248	650	0	637	1157	1638	2301	
1482	2158	2535	2457	2795	2756	2574	2652	1872	1755	1248	637	0	611	1118	1768	
1235	1573	1989	2028	2444	2496	2444	2665	1937	2028	1677	1157	611	0	507	1157	
1183	1079	1547	1703	2171	2340	2392	2743	2080	2314	2080	1638	1118	507	0	663	
1534	624	1209	1586	2132	2431	2613	3081	2522	2873	2704	2301	1768	1157	663	0	
V1
0	1254	1254	957	1151	1117	1060	1379	877	1299	1390	1368	1299	1083	1037	1345	
1254	0	513	934	1425	1755	2006	2496	2120	2542	2519	2268	1892	1379	946	547	
1254	513	0	547	991	1402	1732	2280	2040	2542	2633	2496	2223	1744	1356	1060	
957	934	547	0	478	843	1185	1755	1596	2143	2337	2314	2154	1778	1493	1390	
1151	1425	991	478	0	467	900	1493	1527	2120	2428	2508	2451	2143	1903	1869	
1117	1755	1402	843	467	0	456	1048	1197	1801	2177	2371	2416	2188	2052	2131	
1060	2006	1732	1185	900	456	0	581	809	1390	1835	2109	2257	2143	2097	2291	
1379	2496	2280	1755	1493	1048	581	0	672	1083	1630	2040	2325	2337	2405	2701	
877	2120	2040	1596	1527	1197	809	672	0	604	1026	1379	1641	1698	1824	2211	
1299	2542	2542	2143	2120	1801	1390	1083	604	0	570	1094	1539	1778	2029	2519	
1390	2519	2633	2337	2428	2177	1835	1630	1026	570	0	570	1094	1470	1824	2371	
1368	2268	2496	2314	2508	2371	2109	2040	1379	1094	570	0	558	1014	1436	2017	
1299	1892	2223	2154	2451	2416	2257	2325	1641	1539	1094	558	0	535	980	1550	
1083	1379	1744	1778	2143	2188	2143	2337	1698	1778	1470	1014	535	0	444	1014	
1037	946	1356	1493	1903	2052	2097	2405	1824	2029	1824	1436	980	444	0	581	
1345	547	1060	1390	1869	2131	2291	2701	2211	2519	2371	2017	1550	1014	581	0	
V2
0	1606	1606	1226	1474	1430	1357	1766	1124	1664	1781	1752	1664	1387	1328	1722	
1606	0	657	1197	1825	2248	2569	3197	2715	3255	3226	2905	2423	1766	1211	700	
1606	657	0	700	1270	1795	2219	2920	2613	3255	3372	3197	2847	2233	1737	1357	
1226	1197	700	0	613	1080	1518	2248	2044	2744	2993	2963	2759	2277	1912	1781	
1474	1825	1270	613	0	598	1153	1912	1956	2715	3109	3212	3139	2744	2438	2394	
1430	2248	1795	1080	598	0	584	1343	1533	2306	2788	3036	3095	2803	2628	2730	
1357	2569	2219	1518	1153	584	0	744	1036	1781	2350	2701	2890	2744	2686	2934	
1766	3197	2920	2248	1912	1343	744	0	861	1387	2087	2613	2978	2993	3080	3460	
1124	2715	2613	2044	1956	1533	1036	861	0	773	1314	1766	2102	2175	2336	2832	
1664	3255	3255	2744	2715	2306	1781	1387	773	0	730	1401	1971	2277	2598	3226	
1781	3226	3372	2993	3109	2788	2350	2087	1314	730	0	730	1401	1883	2336	3036	
1752	2905	3197	2963	3212	3036	2701	2613	1766	1401	730	0	715	1299	1839	2584	
1664	2423	2847	2759	3139	3095	2890	2978	2102	1971	1401	715	0	686	1255	1985	
1387	1766	2233	2277	2744	2803	2744	2993	2175	2277	1883	1299	686	0	569	1299	
1328	1211	1737	1912	2438	2628	2686	3080	2336	2598	2336	1839	1255	569	0	744	
1722	700	1357	1781	2394	2730	2934	3460	2832	3226	3036	2584	1985	1299	744	0	
V3
0	2288	2288	1747	2100	2038	1934	2516	1601	2371	2537	2496	2371	1976	1892	2454	
2288	0	936	1705	2600	3203	3660	4555	3868	4638	4596	4139	3452	2516	1726	998	
2288	936	0	998	1809	2558	3161	4160	3723	4638	4804	4555	4056	3182	2475	1934	
1747	1705	998	0	873	1539	2163	3203	2912	3910	4264	4222	3931	3244	2724	2537	
2100	2600	1809	873	0	852	1643	2724	2787	3868	4430	4576	4472	3910	3473	3411	
2038	3203	2558	1539	852	0	832	1913	2184	3286	3972	4326	4409	3993	3744	3889	
1934	3660	3161	2163	1643	832	0	1060	1476	2537	3348	3848	4118	3910	3827	4180	
2516	4555	4160	3203	2724	1913	1060	0	1227	1976	2974	3723	4243	4264	4388	4929	
1601	3868	3723	2912	2787	2184	1476	1227	0	1102	1872	2516	2995	3099	3328	4035	
2371	4638	4638	3910	3868	3286	2537	1976	1102	0	1040	1996	2808	3244	3702	4596	
2537	4596	4804	4264	4430	3972	3348	2974	1872	1040	0	1040	1996	2683	3328	4326	
2496	4139	4555	4222	4576	4326	3848	3723	2516	1996	1040	0	1019	1851	2620	3681	
2371	3452	4056	3931	4472	4409	4118	4243	2995	2808	1996	1019	0	977	1788	2828	
1976	2516	3182	3244	3910	3993	3910	4264	3099	3244	2683	1851	977	0	811	1851	
1892	1726	2475	2724	3473	3744	3827	4388	3328	3702	3328	2620	1788	811	0	1060	
2454	998	1934	2537	3411	3889	4180	4929	4035	4596	4326	3681	2828	1851	1060	0	
V4
0	2090	2090	1596	1919	1862	1767	2299	1463	2166	2318	2280	2166	1805	1729	2242	
2090	0	855	1558	2375	2926	3344	4161	3534	4237	4199	3781	3154	2299	1577	912	
2090	855	0	912	1653	2337	2888	3800	3401	4237	4389	4161	3705	2907	2261	1767	
1596	1558	912	0	798	1406	1976	2926	2660	3572	3895	3857	3591	2964	2489	2318	
1919	2375	1653	798	0	779	1501	2489	2546	3534	4047	4180	4085	3572	3173	3116	
1862	2926	2337	1406	779	0	760	1748	1995	3002	3629	3952	4028	3648	3420	3553	
1767	3344	2888	1976	1501	760	0	969	1349	2318	3059	3515	3762	3572	3496	3819	
2299	4161	3800	2926	2489	1748	969	0	1121	1805	2717	3401	3876	3895	4009	4503	
1463	3534	3401	2660	2546	1995	1349	1121	0	1007	1710	2299	2736	2831	3040	3686	
2166	4237	4237	3572	3534	3002	2318	1805	1007	0	950	1824	2565	2964	3382	4199	
2318	4199	4389	3895	4047	3629	3059	2717	1710	950	0	950	1824	2451	3040	3952	
2280	3781	4161	3857	4180	3952	3515	3401	2299	1824	950	0	931	1691	2394	3363	
2166	3154	3705	3591	4085	4028	3762	3876	2736	2565	1824	931	0	893	1634	2584	
1805	2299	2907	2964	3572	3648	3572	3895	2831	2964	2451	1691	893	0	741	1691	
1729	1577	2261	2489	3173	3420	3496	4009	3040	3382	3040	2394	1634	741	0	969	
2242	912	1767	2318	3116	3553	3819	4503	3686	4199	3952	3363	2584	1691	969	0	
V5
0	1914	1914	1461	1757	1705	1618	2105	1339	1983	2122	2088	1983	1653	1583	2053	
1914	0	783	1426	2175	2679	3062	3810	3236	3880	3845	3462	2888	2105	1444	835	
1914	783	0	835	1513	2140	2644	3480	3114	3880	4019	3810	3393	2662	2070	1618	
1461	1426	835	0	730	1287	1809	2679	2436	3271	3567	3532	3288	2714	2279	2122	
1757	2175	1513	730	0	713	1374	2279	2331	3236	3706	3828	3741	3271	2905	2853	
1705	2679	2140	1287	713	0	696	1600	1827	2749	3323	3619	3688	3340	3132	3253	
1618	3062	2644	1809	1374	696	0	887	1235	2122	2801	3219	3445	3271	3201	3497	
2105	3810	3480	2679	2279	1600	887	0	1026	1653	2488	3114	3549	3567	3671	4123	
1339	3236	3114	2436	2331	1827	1235	1026	0	922	1566	2105	2505	2592	2784	3375	
1983	3880	3880	3271	3236	2749	2122	1653	922	0	870	1670	2349	2714	3097	3845	
2122	3845	4019	3567	3706	3323	2801	2488	1566	870	0	870	1670	2244	2784	3619	
2088	3462	3810	3532	3828	3619	3219	3114	2105	1670	870	0	852	1548	2192	3079	
1983	2888	3393	3288	3741	3688	3445	3549	2505	2349	1670	852	0	817	1496	2366	
1653	2105	2662	2714	3271	3340	3271	3567	2592	2714	2244	1548	817	0	678	1548	
1583	1444	2070	2279	2905	3132	3201	3671	2784	3097	2784	2192	1496	678	0	887	
2053	835	1618	2122	2853	3253	3497	4123	3375	3845	3619	3079	2366	1548	887	0	
V6
0	2200	2200	1680	2020	1960	1860	2420	1540	2280	2440	2400	2280	1900	1820	2360	
2200	0	900	1640	2500	3080	3520	4380	3720	4460	4420	3980	3320	2420	1660	960	
2200	900	0	960	1740	2460	3040	4000	3580	4460	4620	4380	3900	3060	2380	1860	
1680	1640	960	0	840	1480	2080	3080	2800	3760	4100	4060	3780	3120	2620	2440	
2020	2500	1740	840	0	820	1580	2620	2680	3720	4260	4400	4300	3760	3340	3280	
1960	3080	2460	1480	820	0	800	1840	2100	3160	3820	4160	4240	3840	3600	3740	
1860	3520	3040	2080	1580	800	0	1020	1420	2440	3220	3700	3960	3760	3680	4020	
2420	4380	4000	3080	2620	1840	1020	0	1180	1900	2860	3580	4080	4100	4220	4740	
1540	3720	3580	2800	2680	2100	1420	1180	0	1060	1800	2420	2880	2980	3200	3880	
2280	4460	4460	3760	3720	3160	2440	1900	1060	0	1000	1920	2700	3120	3560	4420	
2440	4420	4620	4100	4260	3820	3220	2860	1800	1000	0	1000	1920	2580	3200	4160	
2400	3980	4380	4060	4400	4160	3700	3580	2420	1920	1000	0	980	1780	2520	3540	
2280	3320	3900	3780	4300	4240	3960	4080	2880	2700	1920	980	0	940	1720	2720	
1900	2420	3060	3120	3760	3840	3760	4100	2980	3120	2580	1780	940	0	780	1780	
1820	1660	2380	2620	3340	3600	3680	4220	3200	3560	3200	2520	1720	780	0	1020	
2360	960	1860	2440	3280	3740	4020	4740	3880	4420	4160	3540	2720	1780	1020	0	
V7
0	1958	1958	1495	1797	1744	1655	2153	1370	2029	2171	2136	2029	1691	1619	2100	
1958	0	801	1459	2225	2741	3132	3898	3310	3969	3933	3542	2954	2153	1477	854	
1958	801	0	854	1548	2189	2705	3560	3186	3969	4111	3898	3471	2723	2118	1655	
1495	1459	854	0	747	1317	1851	2741	2492	3346	3649	3613	3364	2776	2331	2171	
1797	2225	1548	747	0	729	1406	2331	2385	3310	3791	3916	3827	3346	2972	2919	
1744	2741	2189	1317	729	0	712	1637	1869	2812	3399	3702	3773	3417	3204	3328	
1655	3132	2705	1851	1406	712	0	907	1263	2171	2865	3293	3524	3346	3275	3577	
2153	3898	3560	2741	2331	1637	907	0	1050	1691	2545	3186	3631	3649	3755	4218	
1370	3310	3186	2492	2385	1869	1263	1050	0	943	1602	2153	2563	2652	2848	3453	
2029	3969	3969	3346	3310	2812	2171	1691	943	0	890	1708	2403	2776	3168	3933	
2171	3933	4111	3649	3791	3399	2865	2545	1602	890	0	890	1708	2296	2848	3702	
2136	3542	3898	3613	3916	3702	3293	3186	2153	1708	890	0	872	1584	2242	3150	
2029	2954	3471	3364	3827	3773	3524	3631	2563	2403	1708	872	0	836	1530	2420	
1691	2153	2723	2776	3346	3417	3346	3649	2652	2776	2296	1584	836	0	694	1584	
1619	1477	2118	2331	2972	3204	3275	3755	2848	3168	2848	2242	1530	694	0	907	
2100	854	1655	2171	2919	3328	3577	4218	3453	3933	3702	3150	2420	1584	907	0	
Velocidade_Veiculos
1	1	1	1	1	1	1	1	