M: 2
N: 15
Nun_Veiculos: 7
Capacidade_Total: 379
Demanda_Total: 284
Setup_Min: 1
Setup_Max: 99
Raio: 100
Circulos: 1
Tempo_Processamento_Min: 1
Tempo_Processamento_Max: 49
Demanda_Min: 10
Demanda_Max: 30
Priority_Factor: 0.2
Range_Factor_R: 0.8
U_factor: 2
ALpha: 0.2Replicao: 0
Tempos_Processamentos
0	0	1	0	
0	14	1	24	
0	46	1	19	
0	26	1	38	
0	8	1	31	
0	30	1	7	
0	47	1	11	
0	49	1	10	
0	10	1	27	
0	15	1	25	
0	35	1	15	
0	35	1	7	
0	13	1	19	
0	15	1	19	
0	16	1	35	
0	31	1	30	

Tempos_setup
M0
0	0	0	0	0	0	0	0	0	0	0	0	0	0	0	0	
0	0	30	33	22	34	39	33	31	54	28	48	24	32	37	19	
0	39	0	36	26	24	22	15	35	46	33	20	18	34	33	51	
0	32	29	0	21	25	17	22	14	53	40	15	23	21	20	51	
0	47	8	44	0	28	30	23	43	51	22	28	26	26	26	59	
0	48	43	57	35	0	31	36	56	56	54	29	28	10	43	57	
0	17	28	26	20	26	0	5	25	36	23	33	6	27	21	36	
0	38	36	21	28	24	30	0	20	31	18	28	36	22	25	57	
0	18	39	37	31	11	11	16	0	47	34	40	17	21	6	37	
0	25	20	34	12	7	8	13	33	0	31	6	14	17	2	42	
0	25	18	51	10	6	25	30	50	50	0	23	22	4	36	44	
0	19	14	28	6	28	2	7	27	38	25	0	8	29	23	38	
0	28	22	58	14	20	38	37	35	30	31	36	0	30	15	47	
0	38	33	47	25	20	21	26	46	46	44	19	18	0	33	47	
0	48	48	55	40	5	31	36	50	61	54	34	33	15	0	41	
0	30	13	14	5	23	20	14	12	35	24	29	5	28	18	0	
M1
0	0	0	0	0	0	0	0	0	0	0	0	0	0	0	0	
0	0	23	6	3	25	5	25	6	21	14	28	14	7	22	24	
0	13	0	7	4	2	6	26	7	22	12	29	15	8	7	25	
0	21	17	0	21	19	23	19	21	36	23	22	8	25	24	39	
0	9	20	3	0	22	2	22	3	18	11	25	11	4	19	21	
0	17	4	11	8	0	10	30	11	26	10	33	19	12	11	29	
0	7	24	13	10	26	0	32	13	19	21	35	21	2	26	19	
0	25	13	20	17	15	18	0	20	18	5	4	26	20	20	21	
0	31	43	35	34	41	24	30	0	26	8	34	36	26	33	43	
0	22	32	16	13	34	15	28	14	0	22	23	17	17	7	34	
0	23	40	27	26	42	16	28	29	35	0	32	28	18	42	35	
0	22	9	16	13	11	15	29	16	14	1	0	22	17	16	17	
0	33	23	30	27	25	29	11	13	28	15	14	0	31	30	31	
0	25	22	29	26	24	18	46	29	31	34	38	37	0	29	37	
0	15	26	9	6	28	8	21	9	24	17	24	10	10	0	27	
0	13	19	7	4	15	6	16	7	22	15	19	5	8	13	0	
Tamanho_Tarefas
0	17	20	32	15	10	21	14	14	18	21	19	15	17	21	30	
Data_Entrega
0	218	231	234	225	273	218	289	226	315	224	206	287	225	236	269	
Penalidade_Atraso
0	5	18	4	9	8	6	3	14	16	19	16	6	7	5	6	
Capacidade_Veiculo
79	50	50	43	63	54	40	
Custo_Fixo_Veiculo
790	500	500	430	630	540	400	
Coordenadas_Clientes
x	0	y	0
x	83	y	0
x	111	y	49
x	68	y	75
x	36	y	111
x	-9	y	91
x	-43	y	74
x	-63	y	46
x	-89	y	18
x	-113	y	-24
x	-62	y	-45
x	-52	y	-91
x	-10	y	-102
x	37	y	-116
x	71	y	-79
x	111	y	-49
Tempo_Viagem
0	83	121	101	116	91	85	78	90	115	76	104	102	121	106	121	
83	0	56	76	120	129	146	153	172	197	151	162	138	124	79	56	
121	56	0	50	97	127	156	174	202	235	196	214	193	180	134	98	
101	76	50	0	48	78	111	134	167	206	176	204	193	193	154	131	
116	120	97	48	0	49	87	118	155	201	184	220	217	227	193	176	
91	129	127	78	49	0	38	70	108	155	145	187	193	212	187	184	
85	146	156	111	87	38	0	34	72	120	120	165	179	206	190	197	
78	153	174	134	118	70	34	0	38	86	91	137	157	190	183	198	
90	172	202	167	155	108	72	38	0	48	68	115	143	183	187	210	
115	197	235	206	201	155	120	86	48	0	55	90	129	175	192	225	
76	151	196	176	184	145	120	91	68	55	0	47	77	121	137	173	
104	162	214	204	220	187	165	137	115	90	47	0	43	92	123	168	
102	138	193	193	217	193	179	157	143	129	77	43	0	49	84	132	
121	124	180	193	227	212	206	190	183	175	121	92	49	0	50	99	
106	79	134	154	193	187	190	183	187	192	137	123	84	50	0	50	
121	56	98	131	176	184	197	198	210	225	173	168	132	99	50	0	
Custo_Viagem
V0
0	1311	1911	1595	1832	1437	1343	1232	1422	1817	1200	1643	1611	1911	1674	1911	
1311	0	884	1200	1896	2038	2306	2417	2717	3112	2385	2559	2180	1959	1248	884	
1911	884	0	790	1532	2006	2464	2749	3191	3713	3096	3381	3049	2844	2117	1548	
1595	1200	790	0	758	1232	1753	2117	2638	3254	2780	3223	3049	3049	2433	2069	
1832	1896	1532	758	0	774	1374	1864	2449	3175	2907	3476	3428	3586	3049	2780	
1437	2038	2006	1232	774	0	600	1106	1706	2449	2291	2954	3049	3349	2954	2907	
1343	2306	2464	1753	1374	600	0	537	1137	1896	1896	2607	2828	3254	3002	3112	
1232	2417	2749	2117	1864	1106	537	0	600	1358	1437	2164	2480	3002	2891	3128	
1422	2717	3191	2638	2449	1706	1137	600	0	758	1074	1817	2259	2891	2954	3318	
1817	3112	3713	3254	3175	2449	1896	1358	758	0	869	1422	2038	2765	3033	3555	
1200	2385	3096	2780	2907	2291	1896	1437	1074	869	0	742	1216	1911	2164	2733	
1643	2559	3381	3223	3476	2954	2607	2164	1817	1422	742	0	679	1453	1943	2654	
1611	2180	3049	3049	3428	3049	2828	2480	2259	2038	1216	679	0	774	1327	2085	
1911	1959	2844	3049	3586	3349	3254	3002	2891	2765	1911	1453	774	0	790	1564	
1674	1248	2117	2433	3049	2954	3002	2891	2954	3033	2164	1943	1327	790	0	790	
1911	884	1548	2069	2780	2907	3112	3128	3318	3555	2733	2654	2085	1564	790	0	
V1
0	830	1210	1010	1160	910	850	780	900	1150	760	1040	1020	1210	1060	1210	
830	0	560	760	1200	1290	1460	1530	1720	1970	1510	1620	1380	1240	790	560	
1210	560	0	500	970	1270	1560	1740	2020	2350	1960	2140	1930	1800	1340	980	
1010	760	500	0	480	780	1110	1340	1670	2060	1760	2040	1930	1930	1540	1310	
1160	1200	970	480	0	490	870	1180	1550	2010	1840	2200	2170	2270	1930	1760	
910	1290	1270	780	490	0	380	700	1080	1550	1450	1870	1930	2120	1870	1840	
850	1460	1560	1110	870	380	0	340	720	1200	1200	1650	1790	2060	1900	1970	
780	1530	1740	1340	1180	700	340	0	380	860	910	1370	1570	1900	1830	1980	
900	1720	2020	1670	1550	1080	720	380	0	480	680	1150	1430	1830	1870	2100	
1150	1970	2350	2060	2010	1550	1200	860	480	0	550	900	1290	1750	1920	2250	
760	1510	1960	1760	1840	1450	1200	910	680	550	0	470	770	1210	1370	1730	
1040	1620	2140	2040	2200	1870	1650	1370	1150	900	470	0	430	920	1230	1680	
1020	1380	1930	1930	2170	1930	1790	1570	1430	1290	770	430	0	490	840	1320	
1210	1240	1800	1930	2270	2120	2060	1900	1830	1750	1210	920	490	0	500	990	
1060	790	1340	1540	1930	1870	1900	1830	1870	1920	1370	1230	840	500	0	500	
1210	560	980	1310	1760	1840	1970	1980	2100	2250	1730	1680	1320	990	500	0	
V2
0	830	1210	1010	1160	910	850	780	900	1150	760	1040	1020	1210	1060	1210	
830	0	560	760	1200	1290	1460	1530	1720	1970	1510	1620	1380	1240	790	560	
1210	560	0	500	970	1270	1560	1740	2020	2350	1960	2140	1930	1800	1340	980	
1010	760	500	0	480	780	1110	1340	1670	2060	1760	2040	1930	1930	1540	1310	
1160	1200	970	480	0	490	870	1180	1550	2010	1840	2200	2170	2270	1930	1760	
910	1290	1270	780	490	0	380	700	1080	1550	1450	1870	1930	2120	1870	1840	
850	1460	1560	1110	870	380	0	340	720	1200	1200	1650	1790	2060	1900	1970	
780	1530	1740	1340	1180	700	340	0	380	860	910	1370	1570	1900	1830	1980	
900	1720	2020	1670	1550	1080	720	380	0	480	680	1150	1430	1830	1870	2100	
1150	1970	2350	2060	2010	1550	1200	860	480	0	550	900	1290	1750	1920	2250	
760	1510	1960	1760	1840	1450	1200	910	680	550	0	470	770	1210	1370	1730	
1040	1620	2140	2040	2200	1870	1650	1370	1150	900	470	0	430	920	1230	1680	
1020	1380	1930	1930	2170	1930	1790	1570	1430	1290	770	430	0	490	840	1320	
1210	1240	1800	1930	2270	2120	2060	1900	1830	1750	1210	920	490	0	500	990	
1060	790	1340	1540	1930	1870	1900	1830	1870	1920	1370	1230	840	500	0	500	
1210	560	980	1310	1760	1840	1970	1980	2100	2250	1730	1680	1320	990	500	0	
V3
0	713	1040	868	997	782	731	670	774	989	653	894	877	1040	911	1040	
713	0	481	653	1032	1109	1255	1315	1479	1694	1298	1393	1186	1066	679	481	
1040	481	0	430	834	1092	1341	1496	1737	2021	1685	1840	1659	1548	1152	842	
868	653	430	0	412	670	954	1152	1436	1771	1513	1754	1659	1659	1324	1126	
997	1032	834	412	0	421	748	1014	1333	1728	1582	1892	1866	1952	1659	1513	
782	1109	1092	670	421	0	326	602	928	1333	1247	1608	1659	1823	1608	1582	
731	1255	1341	954	748	326	0	292	619	1032	1032	1419	1539	1771	1634	1694	
670	1315	1496	1152	1014	602	292	0	326	739	782	1178	1350	1634	1573	1702	
774	1479	1737	1436	1333	928	619	326	0	412	584	989	1229	1573	1608	1806	
989	1694	2021	1771	1728	1333	1032	739	412	0	473	774	1109	1505	1651	1935	
653	1298	1685	1513	1582	1247	1032	782	584	473	0	404	662	1040	1178	1487	
894	1393	1840	1754	1892	1608	1419	1178	989	774	404	0	369	791	1057	1444	
877	1186	1659	1659	1866	1659	1539	1350	1229	1109	662	369	0	421	722	1135	
1040	1066	1548	1659	1952	1823	1771	1634	1573	1505	1040	791	421	0	430	851	
911	679	1152	1324	1659	1608	1634	1573	1608	1651	1178	1057	722	430	0	430	
1040	481	842	1126	1513	1582	1694	1702	1806	1935	1487	1444	1135	851	430	0	
V4
0	1045	1524	1272	1461	1146	1071	982	1134	1449	957	1310	1285	1524	1335	1524	
1045	0	705	957	1512	1625	1839	1927	2167	2482	1902	2041	1738	1562	995	705	
1524	705	0	630	1222	1600	1965	2192	2545	2961	2469	2696	2431	2268	1688	1234	
1272	957	630	0	604	982	1398	1688	2104	2595	2217	2570	2431	2431	1940	1650	
1461	1512	1222	604	0	617	1096	1486	1953	2532	2318	2772	2734	2860	2431	2217	
1146	1625	1600	982	617	0	478	882	1360	1953	1827	2356	2431	2671	2356	2318	
1071	1839	1965	1398	1096	478	0	428	907	1512	1512	2079	2255	2595	2394	2482	
982	1927	2192	1688	1486	882	428	0	478	1083	1146	1726	1978	2394	2305	2494	
1134	2167	2545	2104	1953	1360	907	478	0	604	856	1449	1801	2305	2356	2646	
1449	2482	2961	2595	2532	1953	1512	1083	604	0	693	1134	1625	2205	2419	2835	
957	1902	2469	2217	2318	1827	1512	1146	856	693	0	592	970	1524	1726	2179	
1310	2041	2696	2570	2772	2356	2079	1726	1449	1134	592	0	541	1159	1549	2116	
1285	1738	2431	2431	2734	2431	2255	1978	1801	1625	970	541	0	617	1058	1663	
1524	1562	2268	2431	2860	2671	2595	2394	2305	2205	1524	1159	617	0	630	1247	
1335	995	1688	1940	2431	2356	2394	2305	2356	2419	1726	1549	1058	630	0	630	
1524	705	1234	1650	2217	2318	2482	2494	2646	2835	2179	2116	1663	1247	630	0	
V5
0	896	1306	1090	1252	982	918	842	972	1242	820	1123	1101	1306	1144	1306	
896	0	604	820	1296	1393	1576	1652	1857	2127	1630	1749	1490	1339	853	604	
1306	604	0	540	1047	1371	1684	1879	2181	2538	2116	2311	2084	1944	1447	1058	
1090	820	540	0	518	842	1198	1447	1803	2224	1900	2203	2084	2084	1663	1414	
1252	1296	1047	518	0	529	939	1274	1674	2170	1987	2376	2343	2451	2084	1900	
982	1393	1371	842	529	0	410	756	1166	1674	1566	2019	2084	2289	2019	1987	
918	1576	1684	1198	939	410	0	367	777	1296	1296	1782	1933	2224	2052	2127	
842	1652	1879	1447	1274	756	367	0	410	928	982	1479	1695	2052	1976	2138	
972	1857	2181	1803	1674	1166	777	410	0	518	734	1242	1544	1976	2019	2268	
1242	2127	2538	2224	2170	1674	1296	928	518	0	594	972	1393	1890	2073	2430	
820	1630	2116	1900	1987	1566	1296	982	734	594	0	507	831	1306	1479	1868	
1123	1749	2311	2203	2376	2019	1782	1479	1242	972	507	0	464	993	1328	1814	
1101	1490	2084	2084	2343	2084	1933	1695	1544	1393	831	464	0	529	907	1425	
1306	1339	1944	2084	2451	2289	2224	2052	1976	1890	1306	993	529	0	540	1069	
1144	853	1447	1663	2084	2019	2052	1976	2019	2073	1479	1328	907	540	0	540	
1306	604	1058	1414	1900	1987	2127	2138	2268	2430	1868	1814	1425	1069	540	0	
V6
0	664	968	808	928	728	680	624	720	920	608	832	816	968	848	968	
664	0	448	608	960	1032	1168	1224	1376	1576	1208	1296	1104	992	632	448	
968	448	0	400	776	1016	1248	1392	1616	1880	1568	1712	1544	1440	1072	784	
808	608	400	0	384	624	888	1072	1336	1648	1408	1632	1544	1544	1232	1048	
928	960	776	384	0	392	696	944	1240	1608	1472	1760	1736	1816	1544	1408	
728	1032	1016	624	392	0	304	560	864	1240	1160	1496	1544	1696	1496	1472	
680	1168	1248	888	696	304	0	272	576	960	960	1320	1432	1648	1520	1576	
624	1224	1392	1072	944	560	272	0	304	688	728	1096	1256	1520	1464	1584	
720	1376	1616	1336	1240	864	576	304	0	384	544	920	1144	1464	1496	1680	
920	1576	1880	1648	1608	1240	960	688	384	0	440	720	1032	1400	1536	1800	
608	1208	1568	1408	1472	1160	960	728	544	440	0	376	616	968	1096	1384	
832	1296	1712	1632	1760	1496	1320	1096	920	720	376	0	344	736	984	1344	
816	1104	1544	1544	1736	1544	1432	1256	1144	1032	616	344	0	392	672	1056	
968	992	1440	1544	1816	1696	1648	1520	1464	1400	968	736	392	0	400	792	
848	632	1072	1232	1544	1496	1520	1464	1496	1536	1096	984	672	400	0	400	
968	448	784	1048	1408	1472	1576	1584	1680	1800	1384	1344	1056	792	400	0	
Velocidade_Veiculos
1	1	1	1	1	1	1	