M: 2
N: 15
Nun_Veiculos: 10
Capacidade_Total: 557
Demanda_Total: 275
Setup_Min: 1
Setup_Max: 99
Raio: 20
Circulos: 1
Tempo_Processamento_Min: 1
Tempo_Processamento_Max: 49
Demanda_Min: 10
Demanda_Max: 30
Priority_Factor: 0.2
Range_Factor_R: 0.8
U_factor: 2
ALpha: 0.2Replicao: 4
Tempos_Processamentos
0	0	1	0	
0	16	1	16	
0	5	1	30	
0	5	1	23	
0	6	1	41	
0	21	1	29	
0	3	1	32	
0	37	1	18	
0	25	1	49	
0	12	1	13	
0	5	1	18	
0	34	1	38	
0	14	1	26	
0	26	1	38	
0	43	1	20	
0	37	1	18	

Tempos_setup
M0
0	0	0	0	0	0	0	0	0	0	0	0	0	0	0	0	
0	0	32	36	40	36	9	26	11	42	17	38	32	16	30	29	
0	10	0	8	37	19	6	16	8	28	5	24	21	13	38	15	
0	43	54	0	60	34	29	33	31	32	38	44	40	36	62	48	
0	26	54	41	0	19	22	32	21	17	21	30	16	21	19	24	
0	61	61	43	44	0	45	42	47	15	60	11	23	23	45	31	
0	16	48	27	31	27	0	31	2	33	25	29	23	7	45	20	
0	48	76	49	83	44	57	0	59	42	62	38	50	47	72	58	
0	17	49	33	39	36	24	29	0	42	23	38	21	13	43	29	
0	49	46	41	41	2	46	27	32	0	45	13	8	25	30	16	
0	5	37	28	32	28	1	11	3	34	0	30	16	8	35	21	
0	50	50	32	45	6	34	31	36	4	49	0	12	12	34	20	
0	41	38	33	33	15	38	19	24	21	37	17	0	24	22	8	
0	46	42	20	62	32	48	48	29	47	47	43	29	0	51	37	
0	19	44	22	41	34	26	31	2	44	25	40	23	2	0	31	
0	50	50	25	25	7	43	17	33	13	46	9	21	21	31	0	
M1
0	0	0	0	0	0	0	0	0	0	0	0	0	0	0	0	
0	0	10	6	35	21	4	20	17	13	9	21	35	24	29	3	
0	9	0	12	25	11	10	10	7	3	14	23	25	14	23	12	
0	22	13	0	38	24	23	23	20	16	27	36	38	27	36	25	
0	30	21	28	0	32	31	31	28	24	27	39	32	18	44	18	
0	17	13	7	29	0	21	23	20	16	26	12	35	26	20	20	
0	15	6	2	31	17	0	16	13	9	5	17	31	20	25	11	
0	24	16	12	22	27	10	0	14	19	15	19	28	21	13	13	
0	19	10	5	18	21	20	20	0	13	24	33	35	7	33	22	
0	27	22	9	40	33	31	22	29	0	11	23	34	34	31	30	
0	16	14	1	29	25	20	11	21	17	0	12	39	23	20	19	
0	5	15	3	17	26	9	25	22	18	14	0	30	25	8	8	
0	16	7	14	28	18	17	17	14	10	18	11	0	4	19	19	
0	12	3	15	27	14	13	13	10	6	17	26	28	0	26	15	
0	25	16	12	9	27	10	26	23	19	15	27	22	26	0	21	
0	47	38	25	57	49	48	48	45	39	50	48	63	42	48	0	
Tamanho_Tarefas
0	16	8	12	15	22	4	27	25	12	7	35	17	27	29	19	
Data_Entrega
0	197	154	125	128	163	97	121	125	186	137	129	193	190	138	164	
Penalidade_Atraso
0	17	20	8	4	5	7	9	2	2	18	15	13	19	19	8	
Capacidade_Veiculo
66	95	48	38	53	37	58	72	46	44	
Custo_Fixo_Veiculo
660	950	480	380	530	370	580	720	460	440	
Coordenadas_Clientes
x	0	y	0
x	19	y	0
x	22	y	9
x	11	y	12
x	7	y	23
x	-2	y	20
x	-9	y	16
x	-18	y	13
x	-15	y	3
x	-20	y	-4
x	-20	y	-14
x	-12	y	-21
x	-1	y	-18
x	4	y	-15
x	11	y	-12
x	14	y	-6
Tempo_Viagem
0	19	23	16	24	20	18	22	15	20	24	24	18	15	16	15	
19	0	9	14	25	29	32	39	34	39	41	36	25	20	13	7	
23	9	0	11	20	26	31	40	37	43	47	45	34	29	22	16	
16	14	11	0	11	15	20	29	27	34	40	40	32	27	24	18	
24	25	20	11	0	9	17	26	29	37	45	47	41	38	35	29	
20	29	26	15	9	0	8	17	21	29	38	42	38	35	34	30	
18	32	31	20	17	8	0	9	14	22	31	37	34	33	34	31	
22	39	40	29	26	17	9	0	10	17	27	34	35	35	38	37	
15	34	37	27	29	21	14	10	0	8	17	24	25	26	30	30	
20	39	43	34	37	29	22	17	8	0	10	18	23	26	32	34	
24	41	47	40	45	38	31	27	17	10	0	10	19	24	31	34	
24	36	45	40	47	42	37	34	24	18	10	0	11	16	23	29	
18	25	34	32	41	38	34	35	25	23	19	11	0	5	12	18	
15	20	29	27	38	35	33	35	26	26	24	16	5	0	7	13	
16	13	22	24	35	34	34	38	30	32	31	23	12	7	0	6	
15	7	16	18	29	30	31	37	30	34	34	29	18	13	6	0	
Custo_Viagem
V0
0	250	303	211	316	264	237	290	198	264	316	316	237	198	211	198	
250	0	118	184	330	382	422	514	448	514	541	488	343	277	184	92	
303	118	0	145	264	343	409	528	488	567	620	594	462	396	303	224	
211	184	145	0	145	198	264	382	356	448	528	528	422	356	316	237	
316	330	264	145	0	118	224	343	382	501	594	620	541	501	462	382	
264	382	343	198	118	0	105	224	277	396	501	554	501	462	448	396	
237	422	409	264	224	105	0	118	184	290	409	488	448	435	448	409	
290	514	528	382	343	224	118	0	132	224	356	448	462	462	501	488	
198	448	488	356	382	277	184	132	0	105	224	316	330	343	396	396	
264	514	567	448	501	396	290	224	105	0	132	237	303	343	422	448	
316	541	620	528	594	501	409	356	224	132	0	132	250	316	409	448	
316	488	594	528	620	554	488	448	316	237	132	0	145	224	316	396	
237	343	462	422	541	501	448	462	330	303	250	145	0	66	171	250	
198	277	396	356	501	462	435	462	343	343	316	224	66	0	92	171	
211	184	303	316	462	448	448	501	396	422	409	316	171	92	0	79	
198	92	224	237	382	396	409	488	396	448	448	396	250	171	79	0	
V1
0	361	437	304	456	380	342	418	285	380	456	456	342	285	304	285	
361	0	171	266	475	551	608	741	646	741	779	703	494	399	266	133	
437	171	0	209	380	494	589	760	703	817	893	855	665	570	437	323	
304	266	209	0	209	285	380	551	513	646	760	760	608	513	456	342	
456	475	380	209	0	171	323	494	551	722	855	893	779	722	665	551	
380	551	494	285	171	0	152	323	399	570	722	798	722	665	646	570	
342	608	589	380	323	152	0	171	266	418	589	703	646	627	646	589	
418	741	760	551	494	323	171	0	190	323	513	646	665	665	722	703	
285	646	703	513	551	399	266	190	0	152	323	456	475	494	570	570	
380	741	817	646	722	570	418	323	152	0	190	342	437	494	608	646	
456	779	893	760	855	722	589	513	323	190	0	190	361	456	589	646	
456	703	855	760	893	798	703	646	456	342	190	0	209	323	456	570	
342	494	665	608	779	722	646	665	475	437	361	209	0	95	247	361	
285	399	570	513	722	665	627	665	494	494	456	323	95	0	133	247	
304	266	437	456	665	646	646	722	570	608	589	456	247	133	0	114	
285	133	323	342	551	570	589	703	570	646	646	570	361	247	114	0	
V2
0	182	220	153	230	192	172	211	144	192	230	230	172	144	153	144	
182	0	86	134	240	278	307	374	326	374	393	355	249	201	134	67	
220	86	0	105	192	249	297	384	355	412	451	432	336	288	220	163	
153	134	105	0	105	144	192	278	259	326	384	384	307	259	230	172	
230	240	192	105	0	86	163	249	278	364	432	451	393	364	336	278	
192	278	249	144	86	0	76	163	201	288	364	403	364	336	326	288	
172	307	297	192	163	76	0	86	134	211	297	355	326	316	326	297	
211	374	384	278	249	163	86	0	96	163	259	326	336	336	364	355	
144	326	355	259	278	201	134	96	0	76	163	230	240	249	288	288	
192	374	412	326	364	288	211	163	76	0	96	172	220	249	307	326	
230	393	451	384	432	364	297	259	163	96	0	96	182	230	297	326	
230	355	432	384	451	403	355	326	230	172	96	0	105	163	230	288	
172	249	336	307	393	364	326	336	240	220	182	105	0	48	124	182	
144	201	288	259	364	336	316	336	249	249	230	163	48	0	67	124	
153	134	220	230	336	326	326	364	288	307	297	230	124	67	0	57	
144	67	163	172	278	288	297	355	288	326	326	288	182	124	57	0	
V3
0	144	174	121	182	152	136	167	114	152	182	182	136	114	121	114	
144	0	68	106	190	220	243	296	258	296	311	281	197	159	106	53	
174	68	0	83	152	197	235	304	281	326	357	342	266	228	174	129	
121	106	83	0	83	114	152	220	205	258	304	304	243	205	182	136	
182	190	152	83	0	68	129	197	220	288	342	357	311	288	266	220	
152	220	197	114	68	0	60	129	159	228	288	319	288	266	258	228	
136	243	235	152	129	60	0	68	106	167	235	281	258	250	258	235	
167	296	304	220	197	129	68	0	76	129	205	258	266	266	288	281	
114	258	281	205	220	159	106	76	0	60	129	182	190	197	228	228	
152	296	326	258	288	228	167	129	60	0	76	136	174	197	243	258	
182	311	357	304	342	288	235	205	129	76	0	76	144	182	235	258	
182	281	342	304	357	319	281	258	182	136	76	0	83	129	182	228	
136	197	266	243	311	288	258	266	190	174	144	83	0	38	98	144	
114	159	228	205	288	266	250	266	197	197	182	129	38	0	53	98	
121	106	174	182	266	258	258	288	228	243	235	182	98	53	0	45	
114	53	129	136	220	228	235	281	228	258	258	228	144	98	45	0	
V4
0	201	243	169	254	212	190	233	159	212	254	254	190	159	169	159	
201	0	95	148	265	307	339	413	360	413	434	392	275	222	148	74	
243	95	0	116	212	275	328	424	392	455	498	477	371	318	243	180	
169	148	116	0	116	159	212	307	286	360	424	424	339	286	254	190	
254	265	212	116	0	95	180	275	307	402	477	498	434	402	371	307	
212	307	275	159	95	0	84	180	222	318	402	445	402	371	360	318	
190	339	328	212	180	84	0	95	148	233	328	392	360	349	360	328	
233	413	424	307	275	180	95	0	106	180	286	360	371	371	402	392	
159	360	392	286	307	222	148	106	0	84	180	254	265	275	318	318	
212	413	455	360	402	318	233	180	84	0	106	190	243	275	339	360	
254	434	498	424	477	402	328	286	180	106	0	106	201	254	328	360	
254	392	477	424	498	445	392	360	254	190	106	0	116	180	254	318	
190	275	371	339	434	402	360	371	265	243	201	116	0	53	137	201	
159	222	318	286	402	371	349	371	275	275	254	180	53	0	74	137	
169	148	243	254	371	360	360	402	318	339	328	254	137	74	0	63	
159	74	180	190	307	318	328	392	318	360	360	318	201	137	63	0	
V5
0	140	170	118	177	148	133	162	111	148	177	177	133	111	118	111	
140	0	66	103	185	214	236	288	251	288	303	273	192	155	103	51	
170	66	0	81	148	192	229	296	273	318	347	333	259	222	170	125	
118	103	81	0	81	111	148	214	199	251	296	296	236	199	177	133	
177	185	148	81	0	66	125	192	214	281	333	347	303	281	259	214	
148	214	192	111	66	0	59	125	155	222	281	310	281	259	251	222	
133	236	229	148	125	59	0	66	103	162	229	273	251	244	251	229	
162	288	296	214	192	125	66	0	74	125	199	251	259	259	281	273	
111	251	273	199	214	155	103	74	0	59	125	177	185	192	222	222	
148	288	318	251	281	222	162	125	59	0	74	133	170	192	236	251	
177	303	347	296	333	281	229	199	125	74	0	74	140	177	229	251	
177	273	333	296	347	310	273	251	177	133	74	0	81	125	177	222	
133	192	259	236	303	281	251	259	185	170	140	81	0	37	96	140	
111	155	222	199	281	259	244	259	192	192	177	125	37	0	51	96	
118	103	170	177	259	251	251	281	222	236	229	177	96	51	0	44	
111	51	125	133	214	222	229	273	222	251	251	222	140	96	44	0	
V6
0	220	266	185	278	232	208	255	174	232	278	278	208	174	185	174	
220	0	104	162	290	336	371	452	394	452	475	429	301	243	162	81	
266	104	0	127	232	301	359	464	429	498	545	522	406	348	266	197	
185	162	127	0	127	174	232	336	313	394	464	464	371	313	278	208	
278	290	232	127	0	104	197	301	336	440	522	545	475	440	406	336	
232	336	301	174	104	0	92	197	243	348	440	487	440	406	394	348	
208	371	359	232	197	92	0	104	162	255	359	429	394	382	394	359	
255	452	464	336	301	197	104	0	116	197	313	394	406	406	440	429	
174	394	429	313	336	243	162	116	0	92	197	278	290	301	348	348	
232	452	498	394	440	348	255	197	92	0	116	208	266	301	371	394	
278	475	545	464	522	440	359	313	197	116	0	116	220	278	359	394	
278	429	522	464	545	487	429	394	278	208	116	0	127	197	278	348	
208	301	406	371	475	440	394	406	290	266	220	127	0	58	150	220	
174	243	348	313	440	406	382	406	301	301	278	197	58	0	81	150	
185	162	266	278	406	394	394	440	348	371	359	278	150	81	0	69	
174	81	197	208	336	348	359	429	348	394	394	348	220	150	69	0	
V7
0	273	331	230	345	288	259	316	216	288	345	345	259	216	230	216	
273	0	129	201	360	417	460	561	489	561	590	532	374	302	201	100	
331	129	0	158	288	374	446	576	532	619	676	648	504	432	331	244	
230	201	158	0	158	216	288	417	388	489	576	576	460	388	345	259	
345	360	288	158	0	129	244	374	417	547	648	676	590	547	504	417	
288	417	374	216	129	0	115	244	302	432	547	604	547	504	489	432	
259	460	446	288	244	115	0	129	201	316	446	532	489	475	489	446	
316	561	576	417	374	244	129	0	144	244	388	489	504	504	547	532	
216	489	532	388	417	302	201	144	0	115	244	345	360	374	432	432	
288	561	619	489	547	432	316	244	115	0	144	259	331	374	460	489	
345	590	676	576	648	547	446	388	244	144	0	144	273	345	446	489	
345	532	648	576	676	604	532	489	345	259	144	0	158	244	345	432	
259	374	504	460	590	547	489	504	360	331	273	158	0	72	187	273	
216	302	432	388	547	504	475	504	374	374	345	244	72	0	100	187	
230	201	331	345	504	489	489	547	432	460	446	345	187	100	0	86	
216	100	244	259	417	432	446	532	432	489	489	432	273	187	86	0	
V8
0	174	211	147	220	184	165	202	138	184	220	220	165	138	147	138	
174	0	82	128	230	266	294	358	312	358	377	340	239	193	128	64	
211	82	0	101	184	239	285	368	340	395	432	414	322	276	211	156	
147	128	101	0	101	138	184	266	248	312	368	368	294	248	220	165	
220	230	184	101	0	82	156	239	266	349	414	432	377	349	322	266	
184	266	239	138	82	0	73	156	193	276	349	386	349	322	312	276	
165	294	285	184	156	73	0	82	128	202	285	340	312	303	312	285	
202	358	368	266	239	156	82	0	92	156	248	312	322	322	349	340	
138	312	340	248	266	193	128	92	0	73	156	220	230	239	276	276	
184	358	395	312	349	276	202	156	73	0	92	165	211	239	294	312	
220	377	432	368	414	349	285	248	156	92	0	92	174	220	285	312	
220	340	414	368	432	386	340	312	220	165	92	0	101	156	220	276	
165	239	322	294	377	349	312	322	230	211	174	101	0	46	119	174	
138	193	276	248	349	322	303	322	239	239	220	156	46	0	64	119	
147	128	211	220	322	312	312	349	276	294	285	220	119	64	0	55	
138	64	156	165	266	276	285	340	276	312	312	276	174	119	55	0	
V9
0	167	202	140	211	176	158	193	132	176	211	211	158	132	140	132	
167	0	79	123	220	255	281	343	299	343	360	325	228	184	123	61	
202	79	0	96	176	228	272	352	325	378	413	396	308	264	202	149	
140	123	96	0	96	132	176	255	237	299	352	352	281	237	211	158	
211	220	176	96	0	79	149	228	255	334	396	413	360	334	308	255	
176	255	228	132	79	0	70	149	184	264	334	369	334	308	299	264	
158	281	272	176	149	70	0	79	123	193	272	325	299	290	299	272	
193	343	352	255	228	149	79	0	88	149	237	299	308	308	334	325	
132	299	325	237	255	184	123	88	0	70	149	211	220	228	264	264	
176	343	378	299	334	264	193	149	70	0	88	158	202	228	281	299	
211	360	413	352	396	334	272	237	149	88	0	88	167	211	272	299	
211	325	396	352	413	369	325	299	211	158	88	0	96	149	211	264	
158	228	308	281	360	334	299	308	220	202	167	96	0	44	114	167	
132	184	264	237	334	308	290	308	228	228	211	149	44	0	61	114	
140	123	202	211	308	299	299	334	264	281	272	211	114	61	0	52	
132	61	149	158	255	264	272	325	264	299	299	264	167	114	52	0	
Velocidade_Veiculos
1	1	1	1	1	1	1	1	1	1	