M: 2
N: 15
Nun_Veiculos: 6
Capacidade_Total: 393
Demanda_Total: 282
Setup_Min: 1
Setup_Max: 9
Raio: 100
Circulos: 1
Tempo_Processamento_Min: 1
Tempo_Processamento_Max: 49
Demanda_Min: 10
Demanda_Max: 30
Priority_Factor: 0.2
Range_Factor_R: 0.8
U_factor: 2
ALpha: 0.2Replicao: 1
Tempos_Processamentos
0	0	1	0	
0	42	1	30	
0	24	1	24	
0	34	1	34	
0	15	1	29	
0	27	1	49	
0	8	1	1	
0	20	1	21	
0	49	1	22	
0	9	1	7	
0	34	1	37	
0	3	1	32	
0	5	1	12	
0	17	1	7	
0	16	1	16	
0	49	1	6	

Tempos_setup
M0
0	0	0	0	0	0	0	0	0	0	0	0	0	0	0	0	
0	0	3	3	4	4	4	3	3	3	4	4	1	3	5	2	
0	4	0	3	4	3	3	3	2	4	5	3	5	4	4	5	
0	3	5	0	3	2	2	3	1	3	4	2	4	4	3	3	
0	2	3	3	0	2	4	2	3	3	2	1	1	3	1	2	
0	3	3	3	1	0	4	3	3	2	3	2	2	4	1	3	
0	4	4	4	2	1	0	3	4	1	2	2	3	4	2	3	
0	5	4	6	4	4	5	0	4	1	3	2	4	6	4	5	
0	2	4	4	2	1	1	2	0	2	3	1	3	4	2	3	
0	4	6	7	6	6	6	2	5	0	5	4	5	7	5	6	
0	3	3	3	4	3	2	4	3	3	0	2	1	3	1	2	
0	4	5	5	2	2	4	4	5	4	4	0	3	5	3	4	
0	4	6	2	3	3	3	3	2	2	4	3	0	2	4	1	
0	2	4	4	1	3	4	3	4	4	3	2	2	0	2	3	
0	2	2	5	4	3	3	3	2	4	4	3	3	5	0	4	
0	3	5	1	2	2	2	3	1	2	3	2	3	1	3	0	
M1
0	0	0	0	0	0	0	0	0	0	0	0	0	0	0	0	
0	0	1	5	3	2	5	4	4	3	4	2	4	2	4	2	
0	5	0	6	3	3	8	4	5	3	5	4	4	2	5	6	
0	5	1	0	3	1	7	1	4	3	3	3	4	3	3	3	
0	4	5	5	0	4	5	3	2	2	3	4	3	4	5	3	
0	4	4	3	4	0	6	4	5	5	5	4	4	3	2	4	
0	3	3	4	4	4	0	2	1	1	2	3	2	3	4	2	
0	4	5	6	2	4	7	0	4	2	4	2	3	3	5	2	
0	4	4	3	3	3	7	2	0	3	1	2	4	2	3	1	
0	2	3	4	3	3	6	1	3	0	2	2	1	2	5	3	
0	3	4	4	3	2	6	3	1	2	0	1	3	3	4	1	
0	2	3	5	4	4	7	2	2	1	3	0	2	3	5	3	
0	2	2	3	2	2	5	2	2	1	1	2	0	1	4	2	
0	4	4	4	1	1	6	4	3	3	3	4	4	0	3	4	
0	5	2	1	2	1	5	2	4	3	3	3	4	1	0	4	
0	5	4	4	2	3	7	4	2	4	3	3	5	4	3	0	
Tamanho_Tarefas
0	36	24	34	15	35	1	20	22	7	34	4	8	11	16	15	
Data_Entrega
0	276	287	307	297	252	261	265	273	303	255	292	240	267	269	220	
Penalidade_Atraso
0	6	2	6	8	8	7	4	13	20	7	14	13	1	9	4	
Capacidade_Veiculo
101	43	72	61	49	67	
Custo_Fixo_Veiculo
1010	430	720	610	490	670	
Coordenadas_Clientes
x	0	y	0
x	82	y	0
x	76	y	34
x	72	y	81
x	36	y	113
x	-12	y	116
x	-61	y	105
x	-100	y	72
x	-100	y	21
x	-75	y	-16
x	-88	y	-64
x	-57	y	-100
x	-12	y	-123
x	32	y	-99
x	62	y	-69
x	75	y	-33
Tempo_Viagem
0	82	83	108	118	116	121	123	102	76	108	115	123	104	92	81	
82	0	34	81	122	149	177	195	183	157	181	171	154	110	71	33	
83	34	0	47	88	120	154	180	176	159	191	188	179	140	103	67	
108	81	47	0	48	91	135	172	182	176	215	222	220	184	150	114	
118	122	88	48	0	48	97	142	164	170	216	232	240	212	183	151	
116	149	120	91	48	0	50	98	129	146	195	220	239	219	199	172	
121	177	154	135	97	50	0	51	92	121	170	205	233	224	213	193	
123	195	180	172	142	98	51	0	51	91	136	176	213	216	214	204	
102	183	176	182	164	129	92	51	0	44	85	128	168	178	185	183	
76	157	159	176	170	146	121	91	44	0	49	85	124	135	146	150	
108	181	191	215	216	195	170	136	85	49	0	47	96	125	150	165	
115	171	188	222	232	220	205	176	128	85	47	0	50	89	122	148	
123	154	179	220	240	239	233	213	168	124	96	50	0	50	91	125	
104	110	140	184	212	219	224	216	178	135	125	89	50	0	42	78	
92	71	103	150	183	199	213	214	185	146	150	122	91	42	0	38	
81	33	67	114	151	172	193	204	183	150	165	148	125	78	38	0	
Custo_Viagem
V0
0	1656	1676	2181	2383	2343	2444	2484	2060	1535	2181	2323	2484	2100	1858	1636	
1656	0	686	1636	2464	3009	3575	3939	3696	3171	3656	3454	3110	2222	1434	666	
1676	686	0	949	1777	2424	3110	3636	3555	3211	3858	3797	3615	2828	2080	1353	
2181	1636	949	0	969	1838	2727	3474	3676	3555	4343	4484	4444	3716	3030	2302	
2383	2464	1777	969	0	969	1959	2868	3312	3434	4363	4686	4848	4282	3696	3050	
2343	3009	2424	1838	969	0	1010	1979	2605	2949	3939	4444	4827	4423	4019	3474	
2444	3575	3110	2727	1959	1010	0	1030	1858	2444	3454	4141	4706	4524	4302	3898	
2484	3939	3636	3474	2868	1979	1030	0	1030	1838	2747	3575	4302	4363	4322	4120	
2060	3696	3555	3676	3312	2605	1858	1030	0	888	1717	2585	3393	3595	3737	3696	
1535	3171	3211	3555	3434	2949	2444	1838	888	0	989	1717	2504	2727	2949	3030	
2181	3656	3858	4343	4363	3939	3454	2747	1717	989	0	949	1939	2525	3030	3333	
2323	3454	3797	4484	4686	4444	4141	3575	2585	1717	949	0	1010	1797	2464	2989	
2484	3110	3615	4444	4848	4827	4706	4302	3393	2504	1939	1010	0	1010	1838	2525	
2100	2222	2828	3716	4282	4423	4524	4363	3595	2727	2525	1797	1010	0	848	1575	
1858	1434	2080	3030	3696	4019	4302	4322	3737	2949	3030	2464	1838	848	0	767	
1636	666	1353	2302	3050	3474	3898	4120	3696	3030	3333	2989	2525	1575	767	0	
V1
0	705	713	928	1014	997	1040	1057	877	653	928	989	1057	894	791	696	
705	0	292	696	1049	1281	1522	1677	1573	1350	1556	1470	1324	946	610	283	
713	292	0	404	756	1032	1324	1548	1513	1367	1642	1616	1539	1204	885	576	
928	696	404	0	412	782	1161	1479	1565	1513	1849	1909	1892	1582	1290	980	
1014	1049	756	412	0	412	834	1221	1410	1462	1857	1995	2064	1823	1573	1298	
997	1281	1032	782	412	0	430	842	1109	1255	1677	1892	2055	1883	1711	1479	
1040	1522	1324	1161	834	430	0	438	791	1040	1470	1763	2003	1926	1831	1659	
1057	1677	1548	1479	1221	842	438	0	438	782	1169	1522	1831	1857	1840	1754	
877	1573	1513	1565	1410	1109	791	438	0	378	731	1100	1444	1530	1591	1573	
653	1350	1367	1513	1462	1255	1040	782	378	0	421	731	1066	1161	1255	1290	
928	1556	1642	1849	1857	1677	1470	1169	731	421	0	404	825	1075	1290	1419	
989	1470	1616	1909	1995	1892	1763	1522	1100	731	404	0	430	765	1049	1272	
1057	1324	1539	1892	2064	2055	2003	1831	1444	1066	825	430	0	430	782	1075	
894	946	1204	1582	1823	1883	1926	1857	1530	1161	1075	765	430	0	361	670	
791	610	885	1290	1573	1711	1831	1840	1591	1255	1290	1049	782	361	0	326	
696	283	576	980	1298	1479	1659	1754	1573	1290	1419	1272	1075	670	326	0	
V2
0	1180	1195	1555	1699	1670	1742	1771	1468	1094	1555	1656	1771	1497	1324	1166	
1180	0	489	1166	1756	2145	2548	2808	2635	2260	2606	2462	2217	1584	1022	475	
1195	489	0	676	1267	1728	2217	2592	2534	2289	2750	2707	2577	2016	1483	964	
1555	1166	676	0	691	1310	1944	2476	2620	2534	3096	3196	3168	2649	2160	1641	
1699	1756	1267	691	0	691	1396	2044	2361	2448	3110	3340	3456	3052	2635	2174	
1670	2145	1728	1310	691	0	720	1411	1857	2102	2808	3168	3441	3153	2865	2476	
1742	2548	2217	1944	1396	720	0	734	1324	1742	2462	2952	3355	3225	3067	2779	
1771	2808	2592	2476	2044	1411	734	0	734	1310	1958	2548	3067	3110	3081	2937	
1468	2635	2534	2620	2361	1857	1324	734	0	633	1224	1843	2419	2563	2664	2635	
1094	2260	2289	2534	2448	2102	1742	1310	633	0	705	1224	1785	1944	2102	2160	
1555	2606	2750	3096	3110	2808	2462	1958	1224	705	0	676	1382	1800	2160	2376	
1656	2462	2707	3196	3340	3168	2952	2548	1843	1224	676	0	720	1281	1756	2131	
1771	2217	2577	3168	3456	3441	3355	3067	2419	1785	1382	720	0	720	1310	1800	
1497	1584	2016	2649	3052	3153	3225	3110	2563	1944	1800	1281	720	0	604	1123	
1324	1022	1483	2160	2635	2865	3067	3081	2664	2102	2160	1756	1310	604	0	547	
1166	475	964	1641	2174	2476	2779	2937	2635	2160	2376	2131	1800	1123	547	0	
V3
0	1000	1012	1317	1439	1415	1476	1500	1244	927	1317	1403	1500	1268	1122	988	
1000	0	414	988	1488	1817	2159	2379	2232	1915	2208	2086	1878	1342	866	402	
1012	414	0	573	1073	1464	1878	2196	2147	1939	2330	2293	2183	1708	1256	817	
1317	988	573	0	585	1110	1647	2098	2220	2147	2623	2708	2684	2244	1830	1390	
1439	1488	1073	585	0	585	1183	1732	2000	2074	2635	2830	2928	2586	2232	1842	
1415	1817	1464	1110	585	0	610	1195	1573	1781	2379	2684	2915	2671	2427	2098	
1476	2159	1878	1647	1183	610	0	622	1122	1476	2086	2501	2842	2732	2598	2354	
1500	2379	2196	2098	1732	1195	622	0	622	1110	1659	2159	2598	2635	2610	2488	
1244	2232	2147	2220	2000	1573	1122	622	0	536	1037	1561	2049	2171	2257	2232	
927	1915	1939	2147	2074	1781	1476	1110	536	0	597	1037	1512	1647	1781	1830	
1317	2208	2330	2623	2635	2379	2086	1659	1037	597	0	573	1171	1525	1830	2013	
1403	2086	2293	2708	2830	2684	2501	2159	1561	1037	573	0	610	1085	1488	1805	
1500	1878	2183	2684	2928	2915	2842	2598	2049	1512	1171	610	0	610	1110	1525	
1268	1342	1708	2244	2586	2671	2732	2635	2171	1647	1525	1085	610	0	512	951	
1122	866	1256	1830	2232	2427	2598	2610	2257	1781	1830	1488	1110	512	0	463	
988	402	817	1390	1842	2098	2354	2488	2232	1830	2013	1805	1525	951	463	0	
V4
0	803	813	1058	1156	1136	1185	1205	999	744	1058	1127	1205	1019	901	793	
803	0	333	793	1195	1460	1734	1911	1793	1538	1773	1675	1509	1078	695	323	
813	333	0	460	862	1176	1509	1764	1724	1558	1871	1842	1754	1372	1009	656	
1058	793	460	0	470	891	1323	1685	1783	1724	2107	2175	2156	1803	1470	1117	
1156	1195	862	470	0	470	950	1391	1607	1666	2116	2273	2352	2077	1793	1479	
1136	1460	1176	891	470	0	490	960	1264	1430	1911	2156	2342	2146	1950	1685	
1185	1734	1509	1323	950	490	0	499	901	1185	1675	2009	2283	2195	2087	1891	
1205	1911	1764	1685	1391	960	499	0	499	891	1332	1734	2087	2116	2097	1999	
999	1793	1724	1783	1607	1264	901	499	0	431	833	1254	1646	1744	1813	1793	
744	1538	1558	1724	1666	1430	1185	891	431	0	480	833	1215	1323	1430	1470	
1058	1773	1871	2107	2116	1911	1675	1332	833	480	0	460	940	1225	1470	1617	
1127	1675	1842	2175	2273	2156	2009	1734	1254	833	460	0	490	872	1195	1450	
1205	1509	1754	2156	2352	2342	2283	2087	1646	1215	940	490	0	490	891	1225	
1019	1078	1372	1803	2077	2146	2195	2116	1744	1323	1225	872	490	0	411	764	
901	695	1009	1470	1793	1950	2087	2097	1813	1430	1470	1195	891	411	0	372	
793	323	656	1117	1479	1685	1891	1999	1793	1470	1617	1450	1225	764	372	0	
V5
0	1098	1112	1447	1581	1554	1621	1648	1366	1018	1447	1541	1648	1393	1232	1085	
1098	0	455	1085	1634	1996	2371	2613	2452	2103	2425	2291	2063	1474	951	442	
1112	455	0	629	1179	1608	2063	2412	2358	2130	2559	2519	2398	1876	1380	897	
1447	1085	629	0	643	1219	1809	2304	2438	2358	2881	2974	2948	2465	2010	1527	
1581	1634	1179	643	0	643	1299	1902	2197	2278	2894	3108	3216	2840	2452	2023	
1554	1996	1608	1219	643	0	670	1313	1728	1956	2613	2948	3202	2934	2666	2304	
1621	2371	2063	1809	1299	670	0	683	1232	1621	2291	2747	3122	3001	2854	2586	
1648	2613	2412	2304	1902	1313	683	0	683	1219	1822	2371	2854	2894	2867	2733	
1366	2452	2358	2438	2197	1728	1232	683	0	589	1139	1715	2251	2385	2479	2452	
1018	2103	2130	2358	2278	1956	1621	1219	589	0	656	1139	1661	1809	1956	2010	
1447	2425	2559	2881	2894	2613	2291	1822	1139	656	0	629	1286	1675	2010	2211	
1541	2291	2519	2974	3108	2948	2747	2371	1715	1139	629	0	670	1192	1634	1983	
1648	2063	2398	2948	3216	3202	3122	2854	2251	1661	1286	670	0	670	1219	1675	
1393	1474	1876	2465	2840	2934	3001	2894	2385	1809	1675	1192	670	0	562	1045	
1232	951	1380	2010	2452	2666	2854	2867	2479	1956	2010	1634	1219	562	0	509	
1085	442	897	1527	2023	2304	2586	2733	2452	2010	2211	1983	1675	1045	509	0	
Velocidade_Veiculos
1	1	1	1	1	1	