M: 2
N: 15
Nun_Veiculos: 6
Capacidade_Total: 476
Demanda_Total: 298
Setup_Min: 1
Setup_Max: 99
Raio: 100
Circulos: 1
Tempo_Processamento_Min: 1
Tempo_Processamento_Max: 49
Demanda_Min: 10
Demanda_Max: 30
Priority_Factor: 0.2
Range_Factor_R: 0.8
U_factor: 2
ALpha: 0.2Replicao: 1
Tempos_Processamentos
0	0	1	0	
0	7	1	19	
0	24	1	9	
0	42	1	13	
0	14	1	24	
0	37	1	49	
0	9	1	8	
0	13	1	39	
0	28	1	15	
0	9	1	6	
0	5	1	20	
0	11	1	37	
0	49	1	13	
0	38	1	46	
0	25	1	30	
0	34	1	25	

Tempos_setup
M0
0	0	0	0	0	0	0	0	0	0	0	0	0	0	0	0	
0	0	14	34	26	22	4	13	19	24	16	31	7	5	21	33	
0	27	0	57	25	13	31	12	24	38	2	30	27	32	20	47	
0	18	24	0	31	32	20	23	32	29	26	41	6	15	31	38	
0	37	30	63	0	4	22	25	20	44	32	37	25	23	33	53	
0	37	26	59	34	0	33	21	16	40	28	33	36	34	29	49	
0	15	10	45	22	18	0	9	15	26	12	27	3	1	17	35	
0	16	5	45	13	9	20	0	25	26	7	18	15	21	8	35	
0	40	17	70	27	30	25	28	0	51	19	17	28	20	36	60	
0	14	28	19	27	23	18	27	21	0	18	38	17	19	22	9	
0	46	37	60	42	11	44	32	22	51	0	39	34	42	40	50	
0	23	12	53	18	20	8	11	20	34	14	0	11	3	19	43	
0	12	18	42	30	26	14	17	26	23	20	35	0	9	25	32	
0	20	9	50	21	17	5	8	17	31	11	26	8	0	16	40	
0	8	22	37	5	1	12	21	17	18	24	34	15	13	0	27	
0	21	29	10	18	14	25	33	12	31	31	29	16	25	13	0	
M1
0	0	0	0	0	0	0	0	0	0	0	0	0	0	0	0	
0	0	31	35	39	25	10	25	23	28	17	28	24	1	18	16	
0	28	0	23	38	8	22	3	11	22	18	6	2	29	17	18	
0	28	36	0	37	23	20	11	26	38	27	38	34	29	16	26	
0	52	38	52	0	37	32	32	40	23	28	7	31	45	40	38	
0	20	15	15	30	0	30	17	3	24	28	21	17	21	9	12	
0	20	21	25	29	15	0	15	13	18	7	18	14	21	8	6	
0	32	27	24	42	12	23	0	15	36	30	33	29	33	21	24	
0	18	12	12	27	18	28	14	0	21	25	18	14	19	6	9	
0	29	30	31	28	24	9	24	22	0	5	27	23	30	17	15	
0	24	25	29	33	19	4	19	17	22	0	22	18	25	12	10	
0	45	31	45	44	30	25	25	33	16	21	0	24	38	33	31	
0	26	7	21	36	6	24	1	9	20	25	4	0	27	15	16	
0	44	45	36	53	32	24	39	34	42	31	28	38	0	32	30	
0	12	20	38	21	28	22	23	26	40	19	26	22	13	0	28	
0	14	19	19	23	9	21	21	7	12	17	25	21	15	2	0	
Tamanho_Tarefas
0	10	14	24	18	39	8	25	18	7	6	20	18	40	25	26	
Data_Entrega
0	250	257	242	277	234	267	322	247	293	245	256	298	267	254	221	
Penalidade_Atraso
0	18	8	8	18	15	8	10	5	8	18	8	3	2	20	19	
Capacidade_Veiculo
101	55	93	76	77	74	
Custo_Fixo_Veiculo
1010	550	930	760	770	740	
Coordenadas_Clientes
x	0	y	0
x	86	y	0
x	75	y	33
x	54	y	60
x	33	y	101
x	-9	y	88
x	-44	y	76
x	-94	y	68
x	-102	y	21
x	-120	y	-25
x	-73	y	-53
x	-52	y	-90
x	-11	y	-110
x	36	y	-112
x	70	y	-78
x	86	y	-38
Tempo_Viagem
0	86	81	80	106	88	87	116	104	122	90	103	110	117	104	94	
86	0	34	68	113	129	150	192	189	207	167	164	146	122	79	38	
81	34	0	34	79	100	126	172	177	203	171	176	166	150	111	71	
80	68	34	0	46	68	99	148	160	193	169	183	182	172	138	103	
106	113	79	46	0	43	80	130	156	198	186	209	215	213	182	148	
88	129	100	68	43	0	37	87	114	158	154	183	198	205	183	157	
87	150	126	99	80	37	0	50	79	126	132	166	188	204	191	172	
116	192	172	148	130	87	50	0	47	96	122	163	196	222	219	208	
104	189	177	160	156	114	79	47	0	49	79	121	159	191	198	197	
122	207	203	193	198	158	126	96	49	0	54	94	138	177	197	206	
90	167	171	169	186	154	132	122	79	54	0	42	84	123	145	159	
103	164	176	183	209	183	166	163	121	94	42	0	45	90	122	147	
110	146	166	182	215	198	188	196	159	138	84	45	0	47	87	120	
117	122	150	172	213	205	204	222	191	177	123	90	47	0	48	89	
104	79	111	138	182	183	191	219	198	197	145	122	87	48	0	43	
94	38	71	103	148	157	172	208	197	206	159	147	120	89	43	0	
Custo_Viagem
V0
0	1737	1636	1616	2141	1777	1757	2343	2100	2464	1818	2080	2222	2363	2100	1898	
1737	0	686	1373	2302	2605	3030	3878	3817	4181	3373	3312	2949	2464	1595	767	
1636	686	0	686	1595	2020	2545	3474	3575	4100	3454	3555	3353	3030	2242	1434	
1616	1373	686	0	929	1373	1999	2989	3232	3898	3413	3696	3676	3474	2787	2080	
2141	2302	1595	929	0	868	1616	2646	3151	3999	3757	4221	4343	4302	3676	2989	
1777	2605	2020	1373	868	0	747	1757	2302	3191	3110	3696	3999	4141	3696	3171	
1757	3030	2545	1999	1616	747	0	1010	1595	2545	2666	3353	3797	4120	3858	3474	
2343	3878	3474	2989	2646	1757	1010	0	949	1939	2464	3292	3959	4484	4423	4201	
2100	3817	3575	3232	3151	2302	1595	949	0	989	1595	2444	3211	3858	3999	3979	
2464	4181	4100	3898	3999	3191	2545	1939	989	0	1090	1898	2787	3595	3979	4161	
1818	3373	3454	3413	3757	3110	2666	2464	1595	1090	0	848	1696	2484	2929	3211	
2080	3312	3555	3696	4221	3696	3353	3292	2444	1898	848	0	909	1818	2464	2969	
2222	2949	3353	3676	4343	3999	3797	3959	3211	2787	1696	909	0	949	1757	2424	
2363	2464	3030	3474	4302	4141	4120	4484	3858	3595	2484	1818	949	0	969	1797	
2100	1595	2242	2787	3676	3696	3858	4423	3999	3979	2929	2464	1757	969	0	868	
1898	767	1434	2080	2989	3171	3474	4201	3979	4161	3211	2969	2424	1797	868	0	
V1
0	946	891	880	1166	968	957	1276	1144	1342	990	1133	1210	1287	1144	1034	
946	0	374	748	1254	1419	1650	2112	2079	2277	1837	1804	1606	1342	869	418	
891	374	0	374	869	1100	1386	1892	1947	2233	1881	1936	1826	1650	1221	781	
880	748	374	0	506	748	1089	1628	1760	2123	1859	2013	2002	1892	1518	1133	
1166	1254	869	506	0	473	880	1441	1716	2178	2046	2299	2365	2343	2002	1628	
968	1419	1100	748	473	0	407	957	1254	1738	1694	2013	2178	2255	2013	1727	
957	1650	1386	1089	880	407	0	550	869	1386	1452	1826	2068	2244	2101	1892	
1276	2112	1892	1628	1441	957	550	0	517	1056	1342	1793	2156	2442	2409	2288	
1144	2079	1947	1760	1716	1254	869	517	0	539	869	1331	1749	2101	2178	2167	
1342	2277	2233	2123	2178	1738	1386	1056	539	0	594	1034	1518	1958	2167	2266	
990	1837	1881	1859	2046	1694	1452	1342	869	594	0	462	924	1353	1595	1749	
1133	1804	1936	2013	2299	2013	1826	1793	1331	1034	462	0	495	990	1342	1617	
1210	1606	1826	2002	2365	2178	2068	2156	1749	1518	924	495	0	517	957	1320	
1287	1342	1650	1892	2343	2255	2244	2442	2101	1958	1353	990	517	0	528	979	
1144	869	1221	1518	2002	2013	2101	2409	2178	2167	1595	1342	957	528	0	473	
1034	418	781	1133	1628	1727	1892	2288	2167	2266	1749	1617	1320	979	473	0	
V2
0	1599	1506	1488	1971	1636	1618	2157	1934	2269	1674	1915	2046	2176	1934	1748	
1599	0	632	1264	2120	2399	2790	3571	3515	3850	3106	3050	2715	2269	1469	706	
1506	632	0	632	1469	1860	2343	3199	3292	3775	3180	3273	3087	2790	2064	1320	
1488	1264	632	0	855	1264	1841	2752	2976	3589	3143	3403	3385	3199	2566	1915	
1971	2120	1469	855	0	799	1488	2436	2901	3682	3459	3887	3999	3961	3385	2752	
1636	2399	1860	1264	799	0	688	1618	2120	2938	2864	3403	3682	3813	3403	2920	
1618	2790	2343	1841	1488	688	0	930	1469	2343	2455	3087	3496	3794	3552	3199	
2157	3571	3199	2752	2436	1618	930	0	874	1785	2269	3031	3645	4129	4073	3868	
1934	3515	3292	2976	2901	2120	1469	874	0	911	1469	2250	2957	3552	3682	3664	
2269	3850	3775	3589	3682	2938	2343	1785	911	0	1004	1748	2566	3310	3664	3831	
1674	3106	3180	3143	3459	2864	2455	2269	1469	1004	0	781	1562	2287	2697	2957	
1915	3050	3273	3403	3887	3403	3087	3031	2250	1748	781	0	837	1674	2269	2734	
2046	2715	3087	3385	3999	3682	3496	3645	2957	2566	1562	837	0	874	1618	2232	
2176	2269	2790	3199	3961	3813	3794	4129	3552	3310	2287	1674	874	0	892	1655	
1934	1469	2064	2566	3385	3403	3552	4073	3682	3664	2697	2269	1618	892	0	799	
1748	706	1320	1915	2752	2920	3199	3868	3664	3831	2957	2734	2232	1655	799	0	
V3
0	1307	1231	1216	1611	1337	1322	1763	1580	1854	1368	1565	1672	1778	1580	1428	
1307	0	516	1033	1732	1960	2280	2918	2872	3146	2538	2492	2219	1854	1200	577	
1231	516	0	516	1200	1520	1915	2614	2690	3085	2599	2675	2523	2280	1687	1079	
1216	1033	516	0	699	1033	1504	2249	2432	2933	2568	2781	2766	2614	2097	1565	
1611	1732	1200	699	0	653	1216	1991	2371	3009	2827	3176	3268	3237	2766	2249	
1337	1960	1520	1033	653	0	562	1322	1732	2401	2340	2781	3009	3116	2781	2386	
1322	2280	1915	1504	1216	562	0	760	1200	1915	2006	2523	2857	3100	2903	2614	
1763	2918	2614	2249	1991	1322	760	0	714	1459	1854	2477	2979	3374	3328	3161	
1580	2872	2690	2432	2371	1732	1200	714	0	744	1200	1839	2416	2903	3009	2994	
1854	3146	3085	2933	3009	2401	1915	1459	744	0	820	1428	2097	2705	2994	3131	
1368	2538	2599	2568	2827	2340	2006	1854	1200	820	0	638	1276	1869	2204	2416	
1565	2492	2675	2781	3176	2781	2523	2477	1839	1428	638	0	684	1368	1854	2234	
1672	2219	2523	2766	3268	3009	2857	2979	2416	2097	1276	684	0	714	1322	1824	
1778	1854	2280	2614	3237	3116	3100	3374	2903	2705	1869	1368	714	0	729	1352	
1580	1200	1687	2097	2766	2781	2903	3328	3009	2994	2204	1854	1322	729	0	653	
1428	577	1079	1565	2249	2386	2614	3161	2994	3131	2416	2234	1824	1352	653	0	
V4
0	1324	1247	1232	1632	1355	1339	1786	1601	1878	1386	1586	1694	1801	1601	1447	
1324	0	523	1047	1755	1986	2310	2956	2910	3187	2571	2525	2248	1878	1216	585	
1247	523	0	523	1216	1540	1940	2648	2725	3126	2633	2710	2556	2310	1709	1093	
1232	1047	523	0	708	1047	1524	2279	2464	2972	2602	2818	2802	2648	2125	1586	
1632	1755	1216	708	0	662	1232	2017	2402	3049	2864	3218	3311	3280	2802	2279	
1355	1986	1540	1047	662	0	569	1339	1755	2433	2371	2818	3049	3157	2818	2417	
1339	2310	1940	1524	1232	569	0	770	1216	1940	2032	2556	2895	3141	2941	2648	
1786	2956	2648	2279	2017	1339	770	0	723	1478	1878	2510	3018	3418	3372	3203	
1601	2910	2725	2464	2402	1755	1216	723	0	754	1216	1863	2448	2941	3049	3033	
1878	3187	3126	2972	3049	2433	1940	1478	754	0	831	1447	2125	2741	3033	3172	
1386	2571	2633	2602	2864	2371	2032	1878	1216	831	0	646	1293	1894	2233	2448	
1586	2525	2710	2818	3218	2818	2556	2510	1863	1447	646	0	693	1386	1878	2263	
1694	2248	2556	2802	3311	3049	2895	3018	2448	2125	1293	693	0	723	1339	1848	
1801	1878	2310	2648	3280	3157	3141	3418	2941	2741	1894	1386	723	0	739	1370	
1601	1216	1709	2125	2802	2818	2941	3372	3049	3033	2233	1878	1339	739	0	662	
1447	585	1093	1586	2279	2417	2648	3203	3033	3172	2448	2263	1848	1370	662	0	
V5
0	1272	1198	1184	1568	1302	1287	1716	1539	1805	1332	1524	1628	1731	1539	1391	
1272	0	503	1006	1687	1909	2220	2841	2797	3063	2471	2427	2160	1805	1169	562	
1198	503	0	503	1169	1480	1864	2545	2619	3004	2530	2604	2456	2220	1642	1050	
1184	1006	503	0	680	1006	1465	2190	2368	2856	2501	2708	2693	2545	2042	1524	
1568	1687	1169	680	0	636	1184	1938	2308	2930	2752	3093	3182	3152	2693	2190	
1302	1909	1480	1006	636	0	547	1287	1687	2338	2279	2708	2930	3034	2708	2323	
1287	2220	1864	1465	1184	547	0	740	1169	1864	1953	2456	2782	3019	2826	2545	
1716	2841	2545	2190	1938	1287	740	0	695	1420	1805	2412	2900	3285	3241	3078	
1539	2797	2619	2368	2308	1687	1169	695	0	725	1169	1790	2353	2826	2930	2915	
1805	3063	3004	2856	2930	2338	1864	1420	725	0	799	1391	2042	2634	2915	3048	
1332	2471	2530	2501	2752	2279	1953	1805	1169	799	0	621	1243	1820	2146	2353	
1524	2427	2604	2708	3093	2708	2456	2412	1790	1391	621	0	666	1332	1805	2175	
1628	2160	2456	2693	3182	2930	2782	2900	2353	2042	1243	666	0	695	1287	1776	
1731	1805	2220	2545	3152	3034	3019	3285	2826	2634	1820	1332	695	0	710	1317	
1539	1169	1642	2042	2693	2708	2826	3241	2930	2915	2146	1805	1287	710	0	636	
1391	562	1050	1524	2190	2323	2545	3078	2915	3048	2353	2175	1776	1317	636	0	
Velocidade_Veiculos
1	1	1	1	1	1	