M: 2
N: 15
Nun_Veiculos: 6
Capacidade_Total: 457
Demanda_Total: 294
Setup_Min: 1
Setup_Max: 9
Raio: 20
Circulos: 1
Tempo_Processamento_Min: 1
Tempo_Processamento_Max: 49
Demanda_Min: 10
Demanda_Max: 30
Priority_Factor: 0.2
Range_Factor_R: 0.8
U_factor: 2
ALpha: 0.2Replicao: 1
Tempos_Processamentos
0	0	1	0	
0	27	1	45	
0	30	1	3	
0	3	1	49	
0	24	1	30	
0	27	1	6	
0	19	1	22	
0	45	1	25	
0	7	1	6	
0	44	1	11	
0	30	1	1	
0	34	1	39	
0	39	1	20	
0	30	1	30	
0	10	1	44	
0	29	1	25	

Tempos_setup
M0
0	0	0	0	0	0	0	0	0	0	0	0	0	0	0	0	
0	0	7	6	5	4	4	5	3	4	1	3	2	2	3	4	
0	3	0	2	4	1	3	3	2	2	4	2	3	2	1	3	
0	2	6	0	2	3	3	1	4	4	2	2	3	3	5	5	
0	4	5	5	0	2	1	3	3	4	2	2	3	3	4	5	
0	2	3	4	5	0	2	4	4	4	3	3	4	1	3	5	
0	5	7	4	4	4	0	5	5	3	3	1	4	4	5	4	
0	1	7	4	4	4	3	0	4	3	2	1	3	3	4	4	
0	6	7	6	5	4	2	5	0	3	4	3	3	5	2	4	
0	3	4	5	6	1	3	2	2	0	4	3	1	2	2	1	
0	4	6	5	5	3	4	4	2	3	0	2	1	3	4	3	
0	4	6	3	3	3	4	4	4	2	2	0	3	4	4	3	
0	3	5	6	6	2	3	3	1	2	3	4	0	2	3	2	
0	1	5	6	4	5	2	6	3	5	2	3	3	0	4	5	
0	4	5	4	4	2	3	3	1	1	3	1	2	3	0	2	
0	2	4	5	5	3	4	1	2	2	3	2	3	4	1	0	
M1
0	0	0	0	0	0	0	0	0	0	0	0	0	0	0	0	
0	0	3	5	3	4	4	3	4	2	2	3	2	4	6	5	
0	1	0	4	4	3	1	4	4	3	3	1	2	3	3	2	
0	5	4	0	1	4	4	4	3	5	4	3	2	2	2	5	
0	4	3	2	0	4	4	4	2	4	3	2	2	1	4	4	
0	4	5	2	3	0	3	4	5	5	5	5	2	4	4	7	
0	2	4	4	5	2	0	5	4	3	4	4	1	3	6	6	
0	6	5	5	6	5	5	0	5	6	6	5	5	4	3	7	
0	2	1	3	4	4	2	3	0	4	3	2	3	2	2	2	
0	2	1	4	4	4	2	5	4	0	4	1	3	3	4	3	
0	4	4	3	4	2	4	6	3	6	0	3	3	2	5	5	
0	4	4	3	4	5	5	5	3	3	4	0	2	4	3	5	
0	4	3	3	4	5	4	6	3	6	4	3	0	2	5	5	
0	3	2	1	2	3	3	4	1	4	2	1	1	0	3	3	
0	3	2	2	3	2	3	2	2	5	3	2	2	1	0	4	
0	2	3	2	3	2	3	3	2	2	1	2	2	1	1	0	
Tamanho_Tarefas
0	29	9	3	24	6	20	27	6	25	5	34	29	30	21	26	
Data_Entrega
0	125	167	127	80	154	145	135	177	83	169	98	163	156	117	99	
Penalidade_Atraso
0	13	17	15	15	12	5	10	20	6	13	14	19	11	11	9	
Capacidade_Veiculo
83	91	57	78	67	81	
Custo_Fixo_Veiculo
830	910	570	780	670	810	
Coordenadas_Clientes
x	0	y	0
x	15	y	0
x	17	y	7
x	10	y	11
x	6	y	21
x	-2	y	19
x	-8	y	13
x	-17	y	12
x	-22	y	4
x	-23	y	-5
x	-13	y	-9
x	-10	y	-17
x	-1	y	-15
x	5	y	-18
x	16	y	-18
x	19	y	-8
Tempo_Viagem
0	15	18	14	21	19	15	20	22	23	15	19	15	18	24	20	
15	0	7	12	22	25	26	34	37	38	29	30	21	20	18	8	
18	7	0	8	17	22	25	34	39	41	33	36	28	27	25	15	
14	12	8	0	10	14	18	27	32	36	29	33	28	29	29	20	
21	22	17	10	0	8	16	24	32	38	35	40	36	39	39	30	
19	25	22	14	8	0	8	16	24	31	30	36	34	37	41	33	
15	26	25	18	16	8	0	9	16	23	22	30	28	33	39	34	
20	34	34	27	24	16	9	0	9	18	21	29	31	37	44	40	
22	37	39	32	32	24	16	9	0	9	15	23	28	34	43	42	
23	38	41	36	38	31	23	18	9	0	10	17	23	29	40	42	
15	29	33	29	35	30	22	21	15	10	0	8	13	19	30	32	
19	30	36	33	40	36	30	29	23	17	8	0	9	15	26	30	
15	21	28	28	36	34	28	31	28	23	13	9	0	6	17	21	
18	20	27	29	39	37	33	37	34	29	19	15	6	0	11	17	
24	18	25	29	39	41	39	44	43	40	30	26	17	11	0	10	
20	8	15	20	30	33	34	40	42	42	32	30	21	17	10	0	
Custo_Viagem
V0
0	249	298	232	348	315	249	332	365	381	249	315	249	298	398	332	
249	0	116	199	365	415	431	564	614	630	481	498	348	332	298	132	
298	116	0	132	282	365	415	564	647	680	564	597	464	448	415	249	
232	199	132	0	166	232	298	448	531	597	498	564	464	481	481	348	
348	365	282	166	0	132	265	398	531	630	581	680	597	647	664	514	
315	415	365	232	132	0	132	265	415	514	498	597	564	614	680	564	
249	431	415	298	265	132	0	149	265	381	365	498	464	547	647	564	
332	564	564	448	398	265	149	0	149	298	348	481	514	614	730	680	
365	614	647	531	531	415	265	149	0	149	249	398	464	564	713	697	
381	630	680	597	630	514	381	298	149	0	166	282	398	498	680	697	
249	481	564	498	581	498	365	348	249	166	0	132	215	332	498	531	
315	498	597	564	680	597	498	481	398	282	132	0	149	249	431	498	
249	348	464	464	597	564	464	514	464	398	215	149	0	99	282	348	
298	332	448	481	647	614	547	614	564	498	332	249	99	0	182	282	
398	298	415	481	664	680	647	730	713	680	498	431	282	182	0	166	
332	132	249	348	514	564	564	680	697	697	531	498	348	282	166	0	
V1
0	273	327	254	382	345	273	364	400	418	273	345	273	327	436	364	
273	0	127	218	400	455	473	618	673	691	527	546	382	364	327	145	
327	127	0	145	309	400	455	618	709	746	618	655	509	491	455	273	
254	218	145	0	182	254	327	491	582	655	546	618	509	527	527	382	
382	400	309	182	0	145	291	436	582	691	637	746	655	709	728	564	
345	455	400	254	145	0	145	291	455	564	546	655	618	673	746	618	
273	473	455	327	291	145	0	163	291	418	400	546	509	600	709	618	
364	618	618	491	436	291	163	0	163	327	382	527	564	673	800	746	
400	673	709	582	582	455	291	163	0	163	273	436	509	618	782	764	
418	691	746	655	691	564	418	327	163	0	182	309	436	546	746	764	
273	527	618	546	637	546	400	382	273	182	0	145	236	364	546	582	
345	546	655	618	746	655	546	527	436	309	145	0	163	273	473	546	
273	382	509	509	655	618	509	564	509	436	236	163	0	109	309	382	
327	364	491	527	709	673	600	673	618	546	364	273	109	0	200	309	
436	327	455	527	728	746	709	800	782	746	546	473	309	200	0	182	
364	145	273	382	564	618	618	746	764	764	582	546	382	309	182	0	
V2
0	171	205	159	239	216	171	228	250	262	171	216	171	205	273	228	
171	0	79	136	250	285	296	387	421	433	330	342	239	228	205	91	
205	79	0	91	193	250	285	387	444	467	387	410	319	307	285	171	
159	136	91	0	114	159	205	307	364	410	342	387	319	330	330	239	
239	250	193	114	0	91	182	273	364	433	399	467	410	444	456	353	
216	285	250	159	91	0	91	182	285	353	342	410	387	421	467	387	
171	296	285	205	182	91	0	102	182	262	250	342	319	376	444	387	
228	387	387	307	273	182	102	0	102	205	239	330	353	421	501	467	
250	421	444	364	364	285	182	102	0	102	171	273	319	387	490	478	
262	433	467	410	433	353	262	205	102	0	114	193	273	342	467	478	
171	330	387	342	399	342	250	239	171	114	0	91	148	228	342	364	
216	342	410	387	467	410	342	330	273	193	91	0	102	171	296	342	
171	239	319	319	410	387	319	353	319	273	148	102	0	68	193	239	
205	228	307	330	444	421	376	421	387	342	228	171	68	0	125	193	
273	205	285	330	456	467	444	501	490	467	342	296	193	125	0	114	
228	91	171	239	353	387	387	467	478	478	364	342	239	193	114	0	
V3
0	234	280	218	327	296	234	312	343	358	234	296	234	280	374	312	
234	0	109	187	343	390	405	530	577	592	452	468	327	312	280	124	
280	109	0	124	265	343	390	530	608	639	530	561	436	421	390	234	
218	187	124	0	156	218	280	421	499	561	468	530	436	452	452	327	
327	343	265	156	0	124	249	374	499	592	546	639	561	608	624	483	
296	390	343	218	124	0	124	249	390	483	468	561	530	577	639	530	
234	405	390	280	249	124	0	140	249	358	343	468	436	514	608	530	
312	530	530	421	374	249	140	0	140	280	327	452	483	577	686	639	
343	577	608	499	499	390	249	140	0	140	234	374	436	530	670	655	
358	592	639	561	592	483	358	280	140	0	156	265	374	468	639	655	
234	452	530	468	546	468	343	327	234	156	0	124	202	312	468	499	
296	468	561	530	639	561	468	452	374	265	124	0	140	234	405	468	
234	327	436	436	561	530	436	483	436	374	202	140	0	93	265	327	
280	312	421	452	608	577	514	577	530	468	312	234	93	0	171	265	
374	280	390	452	624	639	608	686	670	639	468	405	265	171	0	156	
312	124	234	327	483	530	530	639	655	655	499	468	327	265	156	0	
V4
0	201	241	187	281	254	201	268	294	308	201	254	201	241	321	268	
201	0	93	160	294	335	348	455	495	509	388	402	281	268	241	107	
241	93	0	107	227	294	335	455	522	549	455	482	375	361	335	201	
187	160	107	0	134	187	241	361	428	482	402	455	375	388	388	281	
281	294	227	134	0	107	214	321	428	509	469	549	482	522	536	415	
254	335	294	187	107	0	107	214	335	415	402	482	455	495	549	455	
201	348	335	241	214	107	0	120	214	308	294	402	375	442	522	455	
268	455	455	361	321	214	120	0	120	241	281	388	415	495	589	549	
294	495	522	428	428	335	214	120	0	120	201	321	375	455	576	562	
308	509	549	482	509	415	308	241	120	0	134	227	321	402	549	562	
201	388	455	402	469	402	294	281	201	134	0	107	174	268	402	428	
254	402	482	455	549	482	402	388	321	227	107	0	120	201	348	402	
201	281	375	375	482	455	375	415	375	321	174	120	0	80	227	281	
241	268	361	388	522	495	442	495	455	402	268	201	80	0	147	227	
321	241	335	388	536	549	522	589	576	549	402	348	227	147	0	134	
268	107	201	281	415	455	455	549	562	562	428	402	281	227	134	0	
V5
0	243	291	226	340	307	243	324	356	372	243	307	243	291	388	324	
243	0	113	194	356	405	421	550	599	615	469	486	340	324	291	129	
291	113	0	129	275	356	405	550	631	664	550	583	453	437	405	243	
226	194	129	0	162	226	291	437	518	583	486	550	453	469	469	340	
340	356	275	162	0	129	259	388	518	615	567	664	583	631	648	502	
307	405	356	226	129	0	129	259	405	502	486	583	550	599	664	550	
243	421	405	291	259	129	0	145	259	372	356	486	453	534	631	550	
324	550	550	437	388	259	145	0	145	291	340	469	502	599	712	664	
356	599	631	518	518	405	259	145	0	145	243	388	453	550	696	680	
372	615	664	583	615	502	372	291	145	0	162	275	388	486	664	680	
243	469	550	486	567	486	356	340	243	162	0	129	210	324	486	518	
307	486	583	550	664	583	486	469	388	275	129	0	145	243	421	486	
243	340	453	453	583	550	453	502	453	388	210	145	0	97	275	340	
291	324	437	469	631	599	534	599	550	486	324	243	97	0	178	275	
388	291	405	469	648	664	631	712	696	664	486	421	275	178	0	162	
324	129	243	340	502	550	550	664	680	680	518	486	340	275	162	0	
Velocidade_Veiculos
1	1	1	1	1	1	