M: 2
N: 15
Nun_Veiculos: 5
Capacidade_Total: 471
Demanda_Total: 362
Setup_Min: 1
Setup_Max: 99
Raio: 20
Circulos: 1
Tempo_Processamento_Min: 1
Tempo_Processamento_Max: 49
Demanda_Min: 10
Demanda_Max: 30
Priority_Factor: 0.2
Range_Factor_R: 0.8
U_factor: 2
ALpha: 0.2Replicao: 1
Tempos_Processamentos
0	0	1	0	
0	46	1	32	
0	29	1	14	
0	20	1	46	
0	43	1	43	
0	39	1	36	
0	10	1	38	
0	22	1	30	
0	23	1	39	
0	26	1	18	
0	23	1	7	
0	14	1	28	
0	20	1	29	
0	13	1	13	
0	11	1	31	
0	48	1	40	

Tempos_setup
M0
0	0	0	0	0	0	0	0	0	0	0	0	0	0	0	0	
0	0	14	36	15	32	21	26	37	13	14	21	18	20	6	22	
0	33	0	41	22	25	47	21	44	40	23	54	27	13	26	22	
0	32	23	0	21	24	30	20	43	39	29	36	10	12	29	5	
0	11	25	47	0	43	32	30	43	24	25	32	29	31	17	33	
0	19	22	36	8	0	35	8	31	32	17	37	18	11	20	28	
0	36	3	22	25	23	0	24	16	43	26	54	26	16	26	25	
0	12	20	28	1	24	27	0	23	25	9	33	10	12	12	25	
0	43	31	54	32	53	32	52	0	56	41	51	44	44	23	39	
0	38	26	34	27	30	23	26	39	0	35	47	16	18	35	11	
0	23	11	22	12	18	40	13	36	33	0	31	4	6	3	19	
0	17	4	27	6	23	32	5	28	30	14	0	9	11	17	7	
0	22	13	18	11	14	37	10	33	29	19	31	0	2	19	17	
0	20	11	28	9	12	35	8	31	27	17	41	18	0	20	33	
0	20	8	39	9	33	41	29	52	33	18	28	21	21	0	16	
0	27	18	23	16	19	25	15	38	34	24	36	5	7	24	0	
M1
0	0	0	0	0	0	0	0	0	0	0	0	0	0	0	0	
0	0	11	12	12	10	7	17	4	24	5	7	10	11	22	5	
0	13	0	25	25	20	20	19	17	13	15	20	20	24	35	18	
0	20	31	0	27	30	24	37	4	44	25	14	12	14	10	8	
0	22	12	20	0	11	6	31	22	25	19	15	2	31	11	25	
0	13	1	25	19	0	10	20	17	14	8	20	2	22	30	16	
0	23	29	35	25	33	0	38	27	42	28	30	27	34	36	28	
0	31	32	40	20	31	26	0	35	37	30	35	22	42	31	36	
0	17	28	15	23	27	20	34	0	41	22	10	12	10	25	4	
0	34	24	14	14	25	20	25	18	0	33	28	7	28	24	22	
0	5	6	17	17	5	12	22	9	19	0	12	5	14	27	8	
0	7	18	5	19	17	14	24	9	31	12	0	17	18	15	12	
0	39	35	37	41	37	42	29	39	48	44	32	0	32	47	26	
0	24	27	22	19	26	25	41	7	40	29	17	13	0	30	11	
0	11	22	9	23	21	18	28	11	35	16	4	2	20	0	14	
0	13	24	11	19	23	16	30	13	37	18	6	8	6	21	0	
Tamanho_Tarefas
0	37	14	22	43	36	17	26	28	21	9	17	22	13	17	40	
Data_Entrega
0	110	241	122	209	212	215	253	138	145	108	244	219	123	163	114	
Penalidade_Atraso
0	12	8	15	2	5	9	1	20	9	11	5	16	19	9	7	
Capacidade_Veiculo
83	118	83	84	103	
Custo_Fixo_Veiculo
830	1180	830	840	1030	
Coordenadas_Clientes
x	0	y	0
x	21	y	0
x	14	y	6
x	12	y	14
x	6	y	19
x	-1	y	16
x	-11	y	19
x	-12	y	9
x	-23	y	4
x	-18	y	-3
x	-13	y	-9
x	-12	y	-21
x	-2	y	-24
x	7	y	-23
x	14	y	-15
x	19	y	-8
Tempo_Viagem
0	21	15	18	19	16	21	15	23	18	15	24	24	24	20	20	
21	0	9	16	23	27	37	34	44	39	35	39	33	26	16	8	
15	9	0	8	15	18	28	26	37	33	30	37	34	29	21	14	
18	16	8	0	7	13	23	24	36	34	33	42	40	37	29	22	
19	23	15	7	0	7	17	20	32	32	33	43	43	42	34	29	
16	27	18	13	7	0	10	13	25	25	27	38	40	39	34	31	
21	37	28	23	17	10	0	10	19	23	28	40	43	45	41	40	
15	34	26	24	20	13	10	0	12	13	18	30	34	37	35	35	
23	44	37	36	32	25	19	12	0	8	15	26	33	39	41	43	
18	39	33	34	32	25	23	13	8	0	7	18	25	31	34	37	
15	35	30	33	33	27	28	18	15	7	0	12	18	24	27	32	
24	39	37	42	43	38	40	30	26	18	12	0	10	19	26	33	
24	33	34	40	43	40	43	34	33	25	18	10	0	9	18	26	
24	26	29	37	42	39	45	37	39	31	24	19	9	0	10	18	
20	16	21	29	34	34	41	35	41	34	27	26	18	10	0	8	
20	8	14	22	29	31	40	35	43	37	32	33	26	18	8	0	
Custo_Viagem
V0
0	348	249	298	315	265	348	249	381	298	249	398	398	398	332	332	
348	0	149	265	398	448	614	564	730	647	581	647	547	431	265	132	
249	149	0	132	249	298	464	431	614	547	498	614	564	481	348	232	
298	265	132	0	116	215	381	398	597	564	547	697	664	614	481	381	
315	398	249	116	0	116	282	332	531	531	547	713	713	697	564	481	
265	448	298	215	116	0	166	215	415	415	448	630	664	647	564	514	
348	614	464	381	282	166	0	166	315	381	464	664	713	747	697	664	
249	564	431	398	332	215	166	0	199	215	298	498	564	614	581	581	
381	730	614	597	531	415	315	199	0	132	265	448	581	664	680	713	
298	647	547	564	531	415	381	215	132	0	116	298	431	531	564	614	
249	581	498	547	547	448	464	298	265	116	0	199	298	398	448	531	
398	647	614	697	713	630	664	498	448	298	199	0	166	315	431	547	
398	547	564	664	713	664	713	564	581	431	298	166	0	149	298	431	
398	431	481	614	697	647	747	614	664	531	398	315	149	0	166	315	
332	265	348	481	564	564	697	581	680	564	448	431	298	166	0	132	
332	132	232	381	481	514	664	581	713	614	531	547	431	315	132	0	
V1
0	495	354	424	448	377	495	354	542	424	354	566	566	566	472	472	
495	0	212	377	566	637	873	802	1038	920	826	920	778	613	377	188	
354	212	0	188	354	424	660	613	873	778	708	873	802	684	495	330	
424	377	188	0	165	306	542	566	849	802	778	991	944	873	684	542	
448	566	354	165	0	165	401	472	755	755	778	1014	1014	991	802	684	
377	637	424	306	165	0	236	306	590	590	637	896	944	920	802	731	
495	873	660	542	401	236	0	236	448	542	660	944	1014	1062	991	944	
354	802	613	566	472	306	236	0	283	306	424	708	802	873	826	826	
542	1038	873	849	755	590	448	283	0	188	377	637	826	944	967	1014	
424	920	778	802	755	590	542	306	188	0	165	424	613	755	802	873	
354	826	708	778	778	637	660	424	377	165	0	283	424	566	637	755	
566	920	873	991	1014	896	944	708	637	424	283	0	236	448	613	778	
566	778	802	944	1014	944	1014	802	826	613	424	236	0	212	424	613	
566	613	684	873	991	920	1062	873	944	755	566	448	212	0	236	448	
472	377	495	684	802	802	991	826	967	802	637	613	424	236	0	188	
472	188	330	542	684	731	944	826	1014	873	755	778	613	448	188	0	
V2
0	348	249	298	315	265	348	249	381	298	249	398	398	398	332	332	
348	0	149	265	398	448	614	564	730	647	581	647	547	431	265	132	
249	149	0	132	249	298	464	431	614	547	498	614	564	481	348	232	
298	265	132	0	116	215	381	398	597	564	547	697	664	614	481	381	
315	398	249	116	0	116	282	332	531	531	547	713	713	697	564	481	
265	448	298	215	116	0	166	215	415	415	448	630	664	647	564	514	
348	614	464	381	282	166	0	166	315	381	464	664	713	747	697	664	
249	564	431	398	332	215	166	0	199	215	298	498	564	614	581	581	
381	730	614	597	531	415	315	199	0	132	265	448	581	664	680	713	
298	647	547	564	531	415	381	215	132	0	116	298	431	531	564	614	
249	581	498	547	547	448	464	298	265	116	0	199	298	398	448	531	
398	647	614	697	713	630	664	498	448	298	199	0	166	315	431	547	
398	547	564	664	713	664	713	564	581	431	298	166	0	149	298	431	
398	431	481	614	697	647	747	614	664	531	398	315	149	0	166	315	
332	265	348	481	564	564	697	581	680	564	448	431	298	166	0	132	
332	132	232	381	481	514	664	581	713	614	531	547	431	315	132	0	
V3
0	352	252	302	319	268	352	252	386	302	252	403	403	403	336	336	
352	0	151	268	403	453	621	571	739	655	588	655	554	436	268	134	
252	151	0	134	252	302	470	436	621	554	504	621	571	487	352	235	
302	268	134	0	117	218	386	403	604	571	554	705	672	621	487	386	
319	403	252	117	0	117	285	336	537	537	554	722	722	705	571	487	
268	453	302	218	117	0	168	218	420	420	453	638	672	655	571	520	
352	621	470	386	285	168	0	168	319	386	470	672	722	756	705	672	
252	571	436	403	336	218	168	0	201	218	302	504	571	621	588	588	
386	739	621	604	537	420	319	201	0	134	268	453	588	672	688	722	
302	655	554	571	537	420	386	218	134	0	117	302	436	537	571	621	
252	588	504	554	554	453	470	302	268	117	0	201	302	403	453	537	
403	655	621	705	722	638	672	504	453	302	201	0	168	319	436	554	
403	554	571	672	722	672	722	571	588	436	302	168	0	151	302	436	
403	436	487	621	705	655	756	621	672	537	403	319	151	0	168	319	
336	268	352	487	571	571	705	588	688	571	453	436	302	168	0	134	
336	134	235	386	487	520	672	588	722	621	537	554	436	319	134	0	
V4
0	432	309	370	391	329	432	309	473	370	309	494	494	494	412	412	
432	0	185	329	494	556	762	700	906	803	721	803	679	535	329	164	
309	185	0	164	309	370	576	535	762	679	618	762	700	597	432	288	
370	329	164	0	144	267	473	494	741	700	679	865	824	762	597	473	
391	494	309	144	0	144	350	412	659	659	679	885	885	865	700	597	
329	556	370	267	144	0	206	267	515	515	556	782	824	803	700	638	
432	762	576	473	350	206	0	206	391	473	576	824	885	927	865	824	
309	700	535	494	412	267	206	0	247	267	370	618	700	762	721	721	
473	906	762	741	659	515	391	247	0	164	329	556	721	824	844	885	
370	803	679	700	659	515	473	267	164	0	144	370	535	659	700	762	
309	721	618	679	679	556	576	370	329	144	0	247	370	494	556	659	
494	803	762	865	885	782	824	618	556	370	247	0	206	391	535	679	
494	679	700	824	885	824	885	700	721	535	370	206	0	185	370	535	
494	535	597	762	865	803	927	762	824	659	494	391	185	0	206	391	
412	329	432	597	700	700	865	721	844	700	556	535	370	206	0	164	
412	164	288	473	597	638	824	721	885	762	659	679	535	391	164	0	
Velocidade_Veiculos
1	1	1	1	1	