M: 2
N: 15
Nun_Veiculos: 6
Capacidade_Total: 385
Demanda_Total: 257
Setup_Min: 1
Setup_Max: 9
Raio: 20
Circulos: 1
Tempo_Processamento_Min: 1
Tempo_Processamento_Max: 49
Demanda_Min: 10
Demanda_Max: 30
Priority_Factor: 0.2
Range_Factor_R: 0.8
U_factor: 2
ALpha: 0.2Replicao: 2
Tempos_Processamentos
0	0	1	0	
0	13	1	32	
0	28	1	9	
0	2	1	37	
0	30	1	15	
0	21	1	6	
0	38	1	9	
0	22	1	20	
0	35	1	6	
0	2	1	31	
0	28	1	17	
0	5	1	26	
0	37	1	41	
0	17	1	40	
0	8	1	47	
0	18	1	12	

Tempos_setup
M0
0	0	0	0	0	0	0	0	0	0	0	0	0	0	0	0	
0	0	2	5	4	4	2	4	4	2	3	3	4	4	2	4	
0	3	0	6	2	4	5	5	5	4	6	5	3	5	5	3	
0	3	5	0	4	1	4	4	3	2	2	5	2	4	4	3	
0	2	4	4	0	2	4	5	3	3	5	3	1	5	4	1	
0	2	4	7	4	0	4	3	5	1	5	4	1	3	3	2	
0	3	4	3	4	3	0	4	6	4	5	1	2	4	3	2	
0	3	3	7	5	4	5	0	4	4	3	4	5	3	2	4	
0	3	4	5	1	3	4	2	0	3	2	4	2	2	4	2	
0	3	5	7	3	5	5	2	5	0	5	6	4	5	3	4	
0	4	5	4	2	4	2	3	1	1	0	3	3	3	4	3	
0	2	3	7	5	2	4	3	5	3	5	0	1	3	4	2	
0	1	3	6	4	1	3	4	5	2	4	3	0	4	3	1	
0	4	5	7	3	5	5	3	2	4	3	5	4	0	3	4	
0	1	3	6	5	2	3	4	5	3	4	4	3	5	0	2	
0	4	5	8	4	4	6	5	6	5	7	2	3	5	6	0	
M1
0	0	0	0	0	0	0	0	0	0	0	0	0	0	0	0	
0	0	4	4	5	2	3	4	3	4	4	1	1	4	5	4	
0	4	0	3	5	4	3	6	4	4	3	2	3	2	4	5	
0	5	4	0	2	4	3	3	1	1	3	3	3	3	1	2	
0	7	3	2	0	3	2	3	1	3	2	3	2	1	3	2	
0	6	2	2	4	0	4	5	3	3	5	1	3	4	3	4	
0	6	4	3	5	3	0	6	4	3	1	4	2	6	4	4	
0	5	3	2	4	1	5	0	3	3	4	2	1	4	3	1	
0	6	4	1	3	3	2	4	0	2	3	3	3	2	2	1	
0	7	3	2	4	3	3	5	3	0	4	2	2	5	3	1	
0	5	3	3	5	5	4	6	4	2	0	3	4	5	4	3	
0	7	4	4	5	2	6	7	5	4	4	0	4	3	5	4	
0	7	3	3	5	1	4	6	4	3	5	2	0	5	4	4	
0	6	2	4	6	2	4	6	4	3	1	3	1	0	5	4	
0	4	4	3	1	3	3	3	2	2	3	4	3	2	0	3	
0	6	5	2	3	3	5	4	3	3	3	4	5	4	2	0	
Tamanho_Tarefas
0	16	10	18	19	6	14	21	12	12	19	10	37	23	26	14	
Data_Entrega
0	94	109	131	67	65	110	80	93	134	133	123	104	127	80	102	
Penalidade_Atraso
0	1	3	2	8	11	2	13	3	4	2	20	14	17	19	16	
Capacidade_Veiculo
65	63	44	63	91	59	
Custo_Fixo_Veiculo
650	630	440	630	910	590	
Coordenadas_Clientes
x	0	y	0
x	18	y	0
x	21	y	9
x	15	y	17
x	5	y	17
x	-2	y	24
x	-7	y	13
x	-12	y	8
x	-19	y	4
x	-19	y	-4
x	-14	y	-10
x	-10	y	-18
x	-2	y	-20
x	6	y	-18
x	14	y	-16
x	16	y	-7
Tempo_Viagem
0	18	22	22	17	24	14	14	19	19	17	20	20	18	21	17	
18	0	9	17	21	30	28	31	37	37	33	33	28	21	16	7	
22	9	0	10	17	26	28	33	40	41	39	41	37	30	25	16	
22	17	10	0	10	18	22	28	36	39	39	42	40	36	33	24	
17	21	17	10	0	9	12	19	27	31	33	37	37	35	34	26	
24	30	26	18	9	0	12	18	26	31	36	42	44	42	43	35	
14	28	28	22	12	12	0	7	15	20	24	31	33	32	35	30	
14	31	33	28	19	18	7	0	8	13	18	26	29	31	35	31	
19	37	40	36	27	26	15	8	0	8	14	22	29	33	38	36	
19	37	41	39	31	31	20	13	8	0	7	15	22	28	35	35	
17	33	39	39	33	36	24	18	14	7	0	8	15	21	28	30	
20	33	41	42	37	42	31	26	22	15	8	0	8	16	24	28	
20	28	37	40	37	44	33	29	29	22	15	8	0	8	16	22	
18	21	30	36	35	42	32	31	33	28	21	16	8	0	8	14	
21	16	25	33	34	43	35	35	38	35	28	24	16	8	0	9	
17	7	16	24	26	35	30	31	36	35	30	28	22	14	9	0	
Custo_Viagem
V0
0	234	286	286	221	312	182	182	247	247	221	260	260	234	273	221	
234	0	117	221	273	403	364	403	481	481	429	429	364	273	208	91	
286	117	0	130	221	351	364	429	520	546	507	533	481	390	325	208	
286	221	130	0	130	234	286	364	468	507	507	559	520	468	429	312	
221	273	221	130	0	117	156	247	351	403	429	494	481	455	442	338	
312	403	351	234	117	0	156	234	338	416	468	546	572	546	559	455	
182	364	364	286	156	156	0	91	195	260	312	403	429	429	455	390	
182	403	429	364	247	234	91	0	104	169	234	338	377	403	455	403	
247	481	520	468	351	338	195	104	0	104	182	299	377	429	494	468	
247	481	546	507	403	416	260	169	104	0	91	208	299	364	455	455	
221	429	507	507	429	468	312	234	182	91	0	104	195	273	364	390	
260	429	533	559	494	546	403	338	299	208	104	0	104	208	312	364	
260	364	481	520	481	572	429	377	377	299	195	104	0	104	208	286	
234	273	390	468	455	546	429	403	429	364	273	208	104	0	104	182	
273	208	325	429	442	559	455	455	494	455	364	312	208	104	0	117	
221	91	208	312	338	455	390	403	468	455	390	364	286	182	117	0	
V1
0	226	277	277	214	302	176	176	239	239	214	252	252	226	264	214	
226	0	113	214	264	390	352	390	466	466	415	415	352	264	201	88	
277	113	0	126	214	340	352	415	504	529	491	516	466	378	315	201	
277	214	126	0	126	226	277	352	453	491	491	541	504	453	415	302	
214	264	214	126	0	113	151	239	340	390	415	478	466	441	428	327	
302	390	340	226	113	0	151	226	327	403	453	529	554	529	541	441	
176	352	352	277	151	151	0	88	189	252	302	390	415	415	441	378	
176	390	415	352	239	226	88	0	100	163	226	327	365	390	441	390	
239	466	504	453	340	327	189	100	0	100	176	289	365	415	478	453	
239	466	529	491	390	403	252	163	100	0	88	201	289	352	441	441	
214	415	491	491	415	453	302	226	176	88	0	100	189	264	352	378	
252	415	516	541	478	529	390	327	289	201	100	0	100	201	302	352	
252	352	466	504	466	554	415	365	365	289	189	100	0	100	201	277	
226	264	378	453	441	529	415	390	415	352	264	201	100	0	100	176	
264	201	315	415	428	541	441	441	478	441	352	302	201	100	0	113	
214	88	201	302	327	441	378	390	453	441	378	352	277	176	113	0	
V2
0	158	193	193	149	211	123	123	167	167	149	176	176	158	184	149	
158	0	79	149	184	272	246	272	325	325	290	290	246	184	140	61	
193	79	0	88	149	237	246	290	352	369	343	360	325	264	220	140	
193	149	88	0	88	158	193	246	316	343	343	378	352	316	290	211	
149	184	149	88	0	79	105	167	237	272	290	334	325	308	299	228	
211	272	237	158	79	0	105	158	228	281	316	369	387	369	378	308	
123	246	246	193	105	105	0	61	132	176	211	272	290	290	308	264	
123	272	290	246	167	158	61	0	70	114	158	228	255	272	308	272	
167	325	352	316	237	228	132	70	0	70	123	202	255	290	334	316	
167	325	369	343	272	281	176	114	70	0	61	140	202	246	308	308	
149	290	343	343	290	316	211	158	123	61	0	70	132	184	246	264	
176	290	360	378	334	369	272	228	202	140	70	0	70	140	211	246	
176	246	325	352	325	387	290	255	255	202	132	70	0	70	140	193	
158	184	264	316	308	369	290	272	290	246	184	140	70	0	70	123	
184	140	220	290	299	378	308	308	334	308	246	211	140	70	0	79	
149	61	140	211	228	308	264	272	316	308	264	246	193	123	79	0	
V3
0	226	277	277	214	302	176	176	239	239	214	252	252	226	264	214	
226	0	113	214	264	390	352	390	466	466	415	415	352	264	201	88	
277	113	0	126	214	340	352	415	504	529	491	516	466	378	315	201	
277	214	126	0	126	226	277	352	453	491	491	541	504	453	415	302	
214	264	214	126	0	113	151	239	340	390	415	478	466	441	428	327	
302	390	340	226	113	0	151	226	327	403	453	529	554	529	541	441	
176	352	352	277	151	151	0	88	189	252	302	390	415	415	441	378	
176	390	415	352	239	226	88	0	100	163	226	327	365	390	441	390	
239	466	504	453	340	327	189	100	0	100	176	289	365	415	478	453	
239	466	529	491	390	403	252	163	100	0	88	201	289	352	441	441	
214	415	491	491	415	453	302	226	176	88	0	100	189	264	352	378	
252	415	516	541	478	529	390	327	289	201	100	0	100	201	302	352	
252	352	466	504	466	554	415	365	365	289	189	100	0	100	201	277	
226	264	378	453	441	529	415	390	415	352	264	201	100	0	100	176	
264	201	315	415	428	541	441	441	478	441	352	302	201	100	0	113	
214	88	201	302	327	441	378	390	453	441	378	352	277	176	113	0	
V4
0	327	400	400	309	436	254	254	345	345	309	364	364	327	382	309	
327	0	163	309	382	564	509	564	673	673	600	600	509	382	291	127	
400	163	0	182	309	491	509	600	728	764	709	746	673	546	455	291	
400	309	182	0	182	327	400	509	655	709	709	782	728	655	600	436	
309	382	309	182	0	163	218	345	491	564	600	691	673	637	618	473	
436	564	491	327	163	0	218	327	473	582	655	764	800	764	782	637	
254	509	509	400	218	218	0	127	273	364	436	564	600	600	637	546	
254	564	600	509	345	327	127	0	145	236	327	473	527	564	637	564	
345	673	728	655	491	473	273	145	0	145	254	418	527	600	691	655	
345	673	764	709	564	582	364	236	145	0	127	291	418	509	637	637	
309	600	709	709	600	655	436	327	254	127	0	145	273	382	509	546	
364	600	746	782	691	764	564	473	418	291	145	0	145	291	436	509	
364	509	673	728	673	800	600	527	527	418	273	145	0	145	291	400	
327	382	546	655	637	764	600	564	600	509	382	291	145	0	145	254	
382	291	455	600	618	782	637	637	691	637	509	436	291	145	0	163	
309	127	291	436	473	637	546	564	655	637	546	509	400	254	163	0	
V5
0	212	259	259	200	283	165	165	224	224	200	236	236	212	247	200	
212	0	106	200	247	365	330	365	436	436	389	389	330	247	188	82	
259	106	0	118	200	318	330	389	472	495	460	483	436	354	295	188	
259	200	118	0	118	212	259	330	424	460	460	507	472	424	389	283	
200	247	200	118	0	106	141	224	318	365	389	448	436	413	401	306	
283	365	318	212	106	0	141	212	306	377	424	495	519	495	507	413	
165	330	330	259	141	141	0	82	177	236	283	365	389	389	413	354	
165	365	389	330	224	212	82	0	94	153	212	306	342	365	413	365	
224	436	472	424	318	306	177	94	0	94	165	271	342	389	448	424	
224	436	495	460	365	377	236	153	94	0	82	188	271	330	413	413	
200	389	460	460	389	424	283	212	165	82	0	94	177	247	330	354	
236	389	483	507	448	495	365	306	271	188	94	0	94	188	283	330	
236	330	436	472	436	519	389	342	342	271	177	94	0	94	188	259	
212	247	354	424	413	495	389	365	389	330	247	188	94	0	94	165	
247	188	295	389	401	507	413	413	448	413	330	283	188	94	0	106	
200	82	188	283	306	413	354	365	424	413	354	330	259	165	106	0	
Velocidade_Veiculos
1	1	1	1	1	1	