M: 2
N: 15
Nun_Veiculos: 5
Capacidade_Total: 443
Demanda_Total: 334
Setup_Min: 1
Setup_Max: 9
Raio: 20
Circulos: 1
Tempo_Processamento_Min: 1
Tempo_Processamento_Max: 49
Demanda_Min: 10
Demanda_Max: 30
Priority_Factor: 0.2
Range_Factor_R: 0.8
U_factor: 2
ALpha: 0.2Replicao: 4
Tempos_Processamentos
0	0	1	0	
0	14	1	1	
0	37	1	7	
0	41	1	37	
0	27	1	19	
0	18	1	44	
0	41	1	43	
0	7	1	26	
0	34	1	42	
0	44	1	44	
0	26	1	12	
0	40	1	35	
0	6	1	10	
0	36	1	11	
0	5	1	49	
0	2	1	7	

Tempos_setup
M0
0	0	0	0	0	0	0	0	0	0	0	0	0	0	0	0	
0	0	2	3	3	4	1	4	2	2	5	3	5	3	4	4	
0	4	0	2	4	2	1	3	4	2	3	3	4	3	2	5	
0	5	3	0	4	3	4	3	3	5	5	4	6	6	5	5	
0	2	2	4	0	2	2	1	3	3	3	2	4	4	2	1	
0	2	2	4	4	0	3	1	3	4	2	2	5	4	4	3	
0	4	1	3	5	3	0	4	3	1	4	2	5	2	3	4	
0	2	1	3	4	3	2	0	2	3	4	1	4	4	3	5	
0	3	4	4	5	5	3	4	0	4	3	5	3	5	4	5	
0	3	2	4	5	2	3	3	2	0	3	4	4	5	2	5	
0	3	2	4	2	3	3	1	3	3	0	2	4	2	3	2	
0	4	2	4	3	4	3	2	1	4	3	0	3	5	4	4	
0	3	2	4	4	2	3	1	3	2	2	2	0	2	1	4	
0	3	3	5	5	1	3	2	3	1	3	3	3	0	3	2	
0	4	3	4	3	3	4	2	3	1	1	3	2	3	0	3	
0	1	3	4	4	1	2	2	2	2	2	1	3	4	1	0	
M1
0	0	0	0	0	0	0	0	0	0	0	0	0	0	0	0	
0	0	4	5	5	4	3	5	6	6	6	4	5	4	4	6	
0	3	0	4	4	2	1	2	2	3	3	1	3	2	2	3	
0	3	4	0	4	3	3	3	2	4	2	2	1	2	1	1	
0	2	3	4	0	5	2	2	2	1	5	4	4	3	3	3	
0	3	3	4	2	0	3	2	4	3	3	1	3	3	4	3	
0	2	3	4	4	3	0	3	5	5	3	2	2	1	1	4	
0	1	4	2	4	3	4	0	4	4	3	2	3	1	3	1	
0	4	6	2	6	4	5	3	0	6	4	4	3	4	3	3	
0	1	2	3	5	4	1	1	4	0	4	3	3	2	2	2	
0	2	5	1	2	3	3	3	3	3	0	2	2	1	2	2	
0	2	4	3	3	1	4	1	5	4	2	0	2	2	4	2	
0	2	3	2	3	4	4	4	3	3	1	3	0	1	3	3	
0	1	5	6	3	5	4	5	5	4	6	5	5	0	5	6	
0	3	4	3	4	2	2	2	4	4	2	1	1	2	0	3	
0	3	5	3	4	2	4	2	4	3	2	1	3	3	4	0	
Tamanho_Tarefas
0	1	19	39	23	31	42	11	35	44	12	36	6	23	10	2	
Data_Entrega
0	124	107	166	173	183	187	178	147	117	146	101	180	94	142	115	
Penalidade_Atraso
0	3	7	13	6	5	20	18	12	13	17	14	13	18	10	1	
Capacidade_Veiculo
74	74	113	54	128	
Custo_Fixo_Veiculo
740	740	1130	540	1280	
Coordenadas_Clientes
x	0	y	0
x	18	y	0
x	16	y	7
x	11	y	12
x	5	y	18
x	-2	y	24
x	-9	y	16
x	-12	y	8
x	-16	y	3
x	-19	y	-4
x	-13	y	-9
x	-9	y	-16
x	-2	y	-22
x	6	y	-18
x	14	y	-16
x	21	y	-9
Tempo_Viagem
0	18	17	16	18	24	18	14	16	19	15	18	22	18	21	22	
18	0	7	13	21	30	31	31	34	37	32	31	29	21	16	9	
17	7	0	7	15	24	26	28	32	36	32	33	34	26	23	16	
16	13	7	0	8	17	20	23	28	34	31	34	36	30	28	22	
18	21	15	8	0	9	14	19	25	32	32	36	40	36	35	30	
24	30	24	17	9	0	10	18	24	31	34	40	46	42	43	39	
18	31	26	20	14	10	0	8	14	21	25	32	38	36	39	39	
14	31	28	23	19	18	8	0	6	13	17	24	31	31	35	36	
16	34	32	28	25	24	14	6	0	7	12	20	28	30	35	38	
19	37	36	34	32	31	21	13	7	0	7	15	24	28	34	40	
15	32	32	31	32	34	25	17	12	7	0	8	17	21	27	34	
18	31	33	34	36	40	32	24	20	15	8	0	9	15	23	30	
22	29	34	36	40	46	38	31	28	24	17	9	0	8	16	25	
18	21	26	30	36	42	36	31	30	28	21	15	8	0	8	17	
21	16	23	28	35	43	39	35	35	34	27	23	16	8	0	9	
22	9	16	22	30	39	39	36	38	40	34	30	25	17	9	0	
Custo_Viagem
V0
0	266	251	236	266	355	266	207	236	281	222	266	325	266	310	325	
266	0	103	192	325	458	458	458	503	547	473	458	429	310	236	133	
251	103	0	103	222	355	384	414	473	532	488	488	503	384	340	236	
236	192	103	0	118	251	296	340	414	503	458	503	532	444	414	340	
266	325	222	118	0	133	207	281	370	473	473	532	592	532	518	458	
355	458	355	251	133	0	148	266	370	473	503	592	680	621	636	592	
266	458	384	296	207	148	0	118	207	325	370	473	562	547	577	577	
207	458	414	340	281	266	118	0	88	192	251	355	458	458	518	547	
236	503	473	414	370	370	207	88	0	103	177	296	414	444	518	562	
281	547	532	503	473	473	325	192	103	0	103	222	355	414	518	592	
222	473	488	458	473	503	370	251	177	103	0	118	251	310	399	503	
266	458	488	503	532	592	473	355	296	222	118	0	133	222	340	444	
325	429	503	532	592	680	562	458	414	355	251	133	0	118	251	384	
266	310	384	444	532	621	547	458	444	414	310	222	118	0	118	251	
310	236	340	414	518	636	577	518	518	518	399	340	251	118	0	133	
325	133	236	340	458	592	577	547	562	592	503	444	384	251	133	0	
V1
0	266	251	236	266	355	266	207	236	281	222	266	325	266	310	325	
266	0	103	192	325	458	458	458	503	547	473	458	429	310	236	133	
251	103	0	103	222	355	384	414	473	532	488	488	503	384	340	236	
236	192	103	0	118	251	296	340	414	503	458	503	532	444	414	340	
266	325	222	118	0	133	207	281	370	473	473	532	592	532	518	458	
355	458	355	251	133	0	148	266	370	473	503	592	680	621	636	592	
266	458	384	296	207	148	0	118	207	325	370	473	562	547	577	577	
207	458	414	340	281	266	118	0	88	192	251	355	458	458	518	547	
236	503	473	414	370	370	207	88	0	103	177	296	414	444	518	562	
281	547	532	503	473	473	325	192	103	0	103	222	355	414	518	592	
222	473	488	458	473	503	370	251	177	103	0	118	251	310	399	503	
266	458	488	503	532	592	473	355	296	222	118	0	133	222	340	444	
325	429	503	532	592	680	562	458	414	355	251	133	0	118	251	384	
266	310	384	444	532	621	547	458	444	414	310	222	118	0	118	251	
310	236	340	414	518	636	577	518	518	518	399	340	251	118	0	133	
325	133	236	340	458	592	577	547	562	592	503	444	384	251	133	0	
V2
0	406	384	361	406	542	406	316	361	429	339	406	497	406	474	497	
406	0	158	293	497	700	700	700	768	836	723	700	655	474	361	203	
384	158	0	158	339	542	587	632	723	813	745	745	768	587	519	361	
361	293	158	0	180	384	452	519	632	768	700	768	813	678	632	519	
406	497	339	180	0	203	316	429	565	723	723	813	904	813	791	700	
542	700	542	384	203	0	226	406	565	723	768	904	1039	949	971	904	
406	700	587	452	316	226	0	180	316	497	565	723	858	836	881	881	
316	700	632	519	429	406	180	0	135	293	384	542	700	700	791	836	
361	768	723	632	565	565	316	135	0	158	271	452	632	678	791	858	
429	836	813	768	723	723	497	293	158	0	158	339	542	632	791	904	
339	723	745	700	723	768	565	384	271	158	0	180	384	474	610	768	
406	700	745	768	813	904	723	542	452	339	180	0	203	339	519	678	
497	655	768	813	904	1039	858	700	632	542	384	203	0	180	384	587	
406	474	587	678	813	949	836	700	678	632	474	339	180	0	180	384	
474	361	519	632	791	971	881	791	791	791	610	519	384	180	0	203	
497	203	361	519	700	904	881	836	858	904	768	678	587	384	203	0	
V3
0	194	183	172	194	259	194	151	172	205	162	194	237	194	226	237	
194	0	75	140	237	334	334	334	367	399	345	334	313	226	172	97	
183	75	0	75	162	259	280	302	345	388	356	356	367	280	248	172	
172	140	75	0	86	183	216	248	302	367	334	367	388	324	302	248	
194	237	162	86	0	97	151	205	270	345	345	388	432	388	378	334	
259	334	259	183	97	0	108	194	270	345	367	432	496	453	464	432	
194	334	280	216	151	108	0	86	151	237	270	345	410	399	421	421	
151	334	302	248	205	194	86	0	64	140	183	259	334	334	378	399	
172	367	345	302	270	270	151	64	0	75	129	216	302	324	378	410	
205	399	388	367	345	345	237	140	75	0	75	162	259	302	378	432	
162	345	356	334	345	367	270	183	129	75	0	86	183	226	291	367	
194	334	356	367	388	432	345	259	216	162	86	0	97	162	248	324	
237	313	367	388	432	496	410	334	302	259	183	97	0	86	183	280	
194	226	280	324	388	453	399	334	324	302	226	162	86	0	86	183	
226	172	248	302	378	464	421	378	378	378	291	248	183	86	0	97	
237	97	172	248	334	432	421	399	410	432	367	324	280	183	97	0	
V4
0	460	435	409	460	614	460	358	409	486	384	460	563	460	537	563	
460	0	179	332	563	793	793	793	870	947	819	793	742	537	409	230	
435	179	0	179	384	614	665	716	819	921	844	844	870	665	588	409	
409	332	179	0	204	435	512	588	716	870	793	870	921	768	716	588	
460	563	384	204	0	230	358	486	640	819	819	921	1024	921	896	793	
614	793	614	435	230	0	256	460	640	819	870	1024	1177	1075	1100	1024	
460	793	665	512	358	256	0	204	358	563	640	819	972	947	998	998	
358	793	716	588	486	460	204	0	153	332	435	614	793	793	896	947	
409	870	819	716	640	640	358	153	0	179	307	512	716	768	896	972	
486	947	921	870	819	819	563	332	179	0	179	384	614	716	896	1024	
384	819	844	793	819	870	640	435	307	179	0	204	435	537	691	870	
460	793	844	870	921	1024	819	614	512	384	204	0	230	384	588	768	
563	742	870	921	1024	1177	972	793	716	614	435	230	0	204	435	665	
460	537	665	768	921	1075	947	793	768	716	537	384	204	0	204	435	
537	409	588	716	896	1100	998	896	896	896	691	588	435	204	0	230	
563	230	409	588	793	1024	998	947	972	1024	870	768	665	435	230	0	
Velocidade_Veiculos
1	1	1	1	1	