M: 2
N: 15
Nun_Veiculos: 5
Capacidade_Total: 433
Demanda_Total: 270
Setup_Min: 1
Setup_Max: 99
Raio: 100
Circulos: 1
Tempo_Processamento_Min: 1
Tempo_Processamento_Max: 49
Demanda_Min: 10
Demanda_Max: 30
Priority_Factor: 0.2
Range_Factor_R: 0.8
U_factor: 2
ALpha: 0.2Replicao: 2
Tempos_Processamentos
0	0	1	0	
0	25	1	26	
0	9	1	49	
0	34	1	18	
0	15	1	23	
0	32	1	15	
0	44	1	27	
0	17	1	3	
0	19	1	34	
0	40	1	49	
0	2	1	39	
0	23	1	21	
0	16	1	39	
0	21	1	3	
0	1	1	42	
0	15	1	9	

Tempos_setup
M0
0	0	0	0	0	0	0	0	0	0	0	0	0	0	0	0	
0	0	6	25	14	15	23	14	29	12	18	19	13	1	11	9	
0	5	0	19	14	15	17	8	23	6	20	19	7	6	16	3	
0	17	22	0	7	8	16	5	25	12	8	12	13	16	1	9	
0	10	15	11	0	1	9	7	18	5	14	5	6	9	7	2	
0	9	15	21	12	0	19	6	21	4	13	4	5	8	6	1	
0	19	24	2	9	10	0	7	9	8	10	14	11	12	3	5	
0	29	35	36	25	26	34	0	28	9	12	30	12	13	23	27	
0	23	28	14	13	14	12	7	0	5	11	18	8	9	15	2	
0	20	26	27	16	17	25	17	19	0	26	21	3	4	23	18	
0	30	36	44	35	36	42	29	46	27	0	37	30	31	38	24	
0	5	11	30	19	20	28	19	34	17	23	0	18	6	16	14	
0	21	26	28	17	18	26	18	16	1	23	22	0	5	24	18	
0	17	23	24	13	14	22	20	31	12	27	18	15	0	20	15	
0	16	21	17	6	7	15	4	24	11	7	11	12	15	0	8	
0	21	26	20	11	12	18	5	22	3	17	16	6	7	18	0	
M1
0	0	0	0	0	0	0	0	0	0	0	0	0	0	0	0	
0	0	15	36	10	14	12	42	26	13	31	22	15	20	43	26	
0	15	0	23	25	29	22	27	20	28	46	21	25	12	37	36	
0	27	17	0	23	27	21	44	6	24	33	2	15	29	23	35	
0	6	21	28	0	4	2	35	18	14	32	17	5	10	35	16	
0	2	17	38	12	0	14	44	28	15	33	24	17	22	45	28	
0	11	26	26	15	19	0	33	16	12	30	15	3	8	33	14	
0	17	32	21	13	17	15	0	22	27	45	23	18	14	36	29	
0	25	27	10	30	25	15	44	0	23	32	1	14	23	17	29	
0	14	29	33	24	12	26	56	23	0	18	19	29	19	40	40	
0	17	32	36	27	15	29	45	26	3	0	22	32	22	43	43	
0	25	29	14	34	29	19	43	4	22	31	0	13	27	21	33	
0	12	27	42	22	21	24	30	32	9	27	28	0	28	49	38	
0	3	18	18	13	17	10	43	8	16	34	9	13	0	25	24	
0	8	11	34	18	21	20	38	31	9	27	28	9	23	0	34	
0	7	22	35	17	21	18	44	25	20	38	26	14	17	32	0	
Tamanho_Tarefas
0	25	18	20	15	16	35	8	21	41	8	22	18	3	10	10	
Data_Entrega
0	260	285	254	265	231	213	293	215	229	226	237	262	261	266	237	
Penalidade_Atraso
0	19	3	6	4	15	16	18	2	6	7	11	15	19	19	2	
Capacidade_Veiculo
84	90	102	46	111	
Custo_Fixo_Veiculo
840	900	1020	460	1110	
Coordenadas_Clientes
x	0	y	0
x	125	y	0
x	104	y	46
x	54	y	60
x	36	y	113
x	-8	y	82
x	-45	y	77
x	-81	y	59
x	-93	y	19
x	-80	y	-17
x	-61	y	-44
x	-54	y	-95
x	-10	y	-99
x	36	y	-111
x	56	y	-62
x	91	y	-40
Tempo_Viagem
0	125	113	80	118	82	89	100	94	81	75	109	99	116	83	99	
125	0	50	92	143	156	186	214	218	205	191	202	167	141	92	52	
113	50	0	51	95	116	151	185	198	194	187	211	184	170	118	86	
80	92	51	0	55	65	100	135	152	154	155	188	171	171	122	106	
118	143	95	55	0	53	88	128	158	174	184	226	216	224	176	161	
82	156	116	65	53	0	37	76	105	122	136	182	181	197	157	157	
89	186	151	100	88	37	0	40	75	100	122	172	179	204	171	179	
100	214	185	135	128	76	40	0	41	76	104	155	173	206	182	198	
94	218	198	152	158	105	75	41	0	38	70	120	144	183	169	193	
81	205	194	154	174	122	100	76	38	0	33	82	107	149	143	172	
75	191	187	155	184	136	122	104	70	33	0	51	75	117	118	152	
109	202	211	188	226	182	172	155	120	82	51	0	44	91	114	155	
99	167	184	171	216	181	179	173	144	107	75	44	0	47	75	116	
116	141	170	171	224	197	204	206	183	149	117	91	47	0	52	89	
83	92	118	122	176	157	171	182	169	143	118	114	75	52	0	41	
99	52	86	106	161	157	179	198	193	172	152	155	116	89	41	0	
Custo_Viagem
V0
0	2100	1898	1344	1982	1377	1495	1680	1579	1360	1260	1831	1663	1948	1394	1663	
2100	0	840	1545	2402	2620	3124	3595	3662	3444	3208	3393	2805	2385	1545	873	
1898	840	0	856	1596	1965	2553	3108	3326	3259	3141	3544	3091	2872	1982	1444	
1344	1545	856	0	924	1092	1680	2268	2553	2587	2604	3158	2872	2872	2049	1780	
1982	2402	1596	924	0	890	1478	2150	2671	2923	3091	3796	3628	3763	2956	2721	
1377	2620	1965	1092	890	0	621	1276	1764	2049	2284	3057	3040	3309	2637	2637	
1495	3124	2553	1680	1478	621	0	672	1260	1680	2049	2889	3007	3427	2872	3007	
1680	3595	3108	2268	2150	1276	672	0	688	1276	1747	2620	2906	3460	3057	3326	
1579	3662	3326	2553	2671	1764	1260	688	0	638	1176	2016	2419	3074	2839	3242	
1360	3444	3259	2587	2923	2049	1680	1276	638	0	554	1377	1797	2503	2402	2889	
1260	3208	3141	2604	3091	2284	2049	1747	1176	554	0	856	1260	1965	1982	2553	
1831	3393	3544	3158	3796	3057	2889	2620	2016	1377	856	0	739	1528	1915	2604	
1663	2805	3091	2872	3628	3040	3007	2906	2419	1797	1260	739	0	789	1260	1948	
1948	2385	2872	2872	3763	3309	3427	3460	3074	2503	1965	1528	789	0	873	1495	
1394	1545	1982	2049	2956	2637	2872	3057	2839	2402	1982	1915	1260	873	0	688	
1663	873	1444	1780	2721	2637	3007	3326	3242	2889	2553	2604	1948	1495	688	0	
V1
0	2250	2034	1440	2124	1476	1602	1800	1692	1458	1350	1962	1782	2088	1494	1782	
2250	0	900	1656	2574	2808	3348	3852	3924	3690	3438	3636	3006	2556	1656	936	
2034	900	0	918	1710	2106	2736	3330	3564	3492	3366	3798	3312	3078	2124	1548	
1440	1656	918	0	990	1170	1800	2430	2736	2772	2790	3384	3078	3078	2196	1908	
2124	2574	1710	990	0	954	1584	2304	2862	3132	3312	4068	3888	4032	3168	2916	
1476	2808	2106	1170	954	0	666	1368	1890	2196	2448	3276	3258	3546	2826	2826	
1602	3348	2736	1800	1584	666	0	720	1350	1800	2196	3096	3222	3672	3078	3222	
1800	3852	3330	2430	2304	1368	720	0	738	1368	1872	2808	3114	3708	3276	3564	
1692	3924	3564	2736	2862	1890	1350	738	0	684	1260	2160	2592	3294	3042	3474	
1458	3690	3492	2772	3132	2196	1800	1368	684	0	594	1476	1926	2682	2574	3096	
1350	3438	3366	2790	3312	2448	2196	1872	1260	594	0	918	1350	2106	2124	2736	
1962	3636	3798	3384	4068	3276	3096	2808	2160	1476	918	0	792	1638	2052	2790	
1782	3006	3312	3078	3888	3258	3222	3114	2592	1926	1350	792	0	846	1350	2088	
2088	2556	3078	3078	4032	3546	3672	3708	3294	2682	2106	1638	846	0	936	1602	
1494	1656	2124	2196	3168	2826	3078	3276	3042	2574	2124	2052	1350	936	0	738	
1782	936	1548	1908	2916	2826	3222	3564	3474	3096	2736	2790	2088	1602	738	0	
V2
0	2550	2305	1632	2407	1672	1815	2040	1917	1652	1530	2223	2019	2366	1693	2019	
2550	0	1020	1876	2917	3182	3794	4365	4447	4182	3896	4120	3406	2896	1876	1060	
2305	1020	0	1040	1938	2386	3100	3774	4039	3957	3814	4304	3753	3488	2407	1754	
1632	1876	1040	0	1122	1326	2040	2754	3100	3141	3162	3835	3488	3488	2488	2162	
2407	2917	1938	1122	0	1081	1795	2611	3243	3549	3753	4610	4406	4569	3590	3304	
1672	3182	2386	1326	1081	0	754	1550	2142	2488	2774	3712	3692	4018	3202	3202	
1815	3794	3100	2040	1795	754	0	816	1530	2040	2488	3508	3651	4161	3488	3651	
2040	4365	3774	2754	2611	1550	816	0	836	1550	2121	3182	3529	4202	3712	4039	
1917	4447	4039	3100	3243	2142	1530	836	0	775	1428	2448	2937	3733	3447	3937	
1652	4182	3957	3141	3549	2488	2040	1550	775	0	673	1672	2182	3039	2917	3508	
1530	3896	3814	3162	3753	2774	2488	2121	1428	673	0	1040	1530	2386	2407	3100	
2223	4120	4304	3835	4610	3712	3508	3182	2448	1672	1040	0	897	1856	2325	3162	
2019	3406	3753	3488	4406	3692	3651	3529	2937	2182	1530	897	0	958	1530	2366	
2366	2896	3488	3488	4569	4018	4161	4202	3733	3039	2386	1856	958	0	1060	1815	
1693	1876	2407	2488	3590	3202	3488	3712	3447	2917	2407	2325	1530	1060	0	836	
2019	1060	1754	2162	3304	3202	3651	4039	3937	3508	3100	3162	2366	1815	836	0	
V3
0	1150	1039	736	1085	754	818	920	864	745	690	1002	910	1067	763	910	
1150	0	460	846	1315	1435	1711	1968	2005	1886	1757	1858	1536	1306	846	478	
1039	460	0	469	874	1076	1398	1702	1821	1784	1720	1941	1692	1573	1085	791	
736	846	469	0	506	598	920	1242	1398	1416	1426	1729	1573	1573	1122	975	
1085	1315	874	506	0	487	809	1177	1462	1600	1692	2079	1987	2060	1619	1490	
754	1435	1076	598	487	0	340	699	966	1122	1251	1674	1665	1812	1444	1444	
818	1711	1398	920	809	340	0	368	690	920	1122	1582	1646	1876	1573	1646	
920	1968	1702	1242	1177	699	368	0	377	699	956	1435	1591	1895	1674	1821	
864	2005	1821	1398	1462	966	690	377	0	349	644	1104	1324	1683	1554	1775	
745	1886	1784	1416	1600	1122	920	699	349	0	303	754	984	1370	1315	1582	
690	1757	1720	1426	1692	1251	1122	956	644	303	0	469	690	1076	1085	1398	
1002	1858	1941	1729	2079	1674	1582	1435	1104	754	469	0	404	837	1048	1426	
910	1536	1692	1573	1987	1665	1646	1591	1324	984	690	404	0	432	690	1067	
1067	1306	1573	1573	2060	1812	1876	1895	1683	1370	1076	837	432	0	478	818	
763	846	1085	1122	1619	1444	1573	1674	1554	1315	1085	1048	690	478	0	377	
910	478	791	975	1490	1444	1646	1821	1775	1582	1398	1426	1067	818	377	0	
V4
0	2775	2508	1776	2619	1820	1975	2220	2086	1798	1665	2419	2197	2575	1842	2197	
2775	0	1110	2042	3174	3463	4129	4750	4839	4551	4240	4484	3707	3152	2042	1154	
2508	1110	0	1132	2109	2597	3374	4107	4395	4306	4151	4684	4084	3796	2619	1909	
1776	2042	1132	0	1221	1443	2220	2997	3374	3418	3441	4173	3796	3796	2708	2353	
2619	3174	2109	1221	0	1176	1953	2841	3529	3862	4084	5017	4795	4972	3907	3596	
1820	3463	2597	1443	1176	0	821	1687	2331	2708	3019	4040	4018	4373	3485	3485	
1975	4129	3374	2220	1953	821	0	888	1665	2220	2708	3818	3973	4528	3796	3973	
2220	4750	4107	2997	2841	1687	888	0	910	1687	2308	3463	3840	4573	4040	4395	
2086	4839	4395	3374	3529	2331	1665	910	0	843	1554	2664	3196	4062	3751	4284	
1798	4551	4306	3418	3862	2708	2220	1687	843	0	732	1820	2375	3307	3174	3818	
1665	4240	4151	3441	4084	3019	2708	2308	1554	732	0	1132	1665	2597	2619	3374	
2419	4484	4684	4173	5017	4040	3818	3463	2664	1820	1132	0	976	2020	2530	3441	
2197	3707	4084	3796	4795	4018	3973	3840	3196	2375	1665	976	0	1043	1665	2575	
2575	3152	3796	3796	4972	4373	4528	4573	4062	3307	2597	2020	1043	0	1154	1975	
1842	2042	2619	2708	3907	3485	3796	4040	3751	3174	2619	2530	1665	1154	0	910	
2197	1154	1909	2353	3596	3485	3973	4395	4284	3818	3374	3441	2575	1975	910	0	
Velocidade_Veiculos
1	1	1	1	1	