M: 2
N: 15
Nun_Veiculos: 7
Capacidade_Total: 495
Demanda_Total: 330
Setup_Min: 1
Setup_Max: 99
Raio: 20
Circulos: 1
Tempo_Processamento_Min: 1
Tempo_Processamento_Max: 49
Demanda_Min: 10
Demanda_Max: 30
Priority_Factor: 0.2
Range_Factor_R: 0.8
U_factor: 2
ALpha: 0.2Replicao: 4
Tempos_Processamentos
0	0	1	0	
0	11	1	47	
0	37	1	5	
0	46	1	21	
0	20	1	9	
0	49	1	13	
0	41	1	21	
0	18	1	41	
0	49	1	28	
0	4	1	29	
0	19	1	32	
0	34	1	29	
0	44	1	49	
0	18	1	41	
0	22	1	31	
0	20	1	5	

Tempos_setup
M0
0	0	0	0	0	0	0	0	0	0	0	0	0	0	0	0	
0	0	21	47	23	51	28	30	37	57	28	32	60	29	25	22	
0	8	0	35	4	32	14	11	16	36	7	11	41	15	4	1	
0	12	33	0	30	31	33	23	36	17	38	29	60	22	24	34	
0	27	41	42	0	28	26	15	28	56	30	39	37	14	16	37	
0	3	24	31	11	0	2	4	17	44	19	19	29	3	5	9	
0	1	22	29	9	37	0	2	15	43	17	26	45	1	3	23	
0	12	33	27	7	35	11	0	13	41	15	24	44	12	1	34	
0	3	24	28	16	36	10	9	0	28	2	28	32	11	10	25	
0	18	32	33	13	41	17	6	19	0	21	12	49	5	7	33	
0	1	22	28	14	42	8	7	20	45	0	26	51	9	8	23	
0	8	29	25	16	44	7	9	22	42	24	0	52	8	10	30	
0	10	31	35	23	43	17	16	7	35	9	33	0	18	10	32	
0	13	27	28	8	36	12	1	14	42	16	25	44	0	2	28	
0	11	32	39	19	40	10	12	12	40	14	23	44	11	0	33	
0	14	35	35	22	43	13	15	15	35	17	10	47	14	3	0	
M1
0	0	0	0	0	0	0	0	0	0	0	0	0	0	0	0	
0	0	44	20	34	37	11	20	39	31	25	42	22	11	24	40	
0	44	0	33	47	50	24	54	55	48	38	51	52	55	37	53	
0	37	25	0	14	17	19	31	22	42	32	37	28	22	4	35	
0	23	20	37	0	3	34	34	8	28	18	23	14	26	41	33	
0	20	21	34	37	0	31	31	5	25	29	20	38	23	38	31	
0	46	34	9	23	26	0	30	31	24	14	46	37	31	13	29	
0	42	35	40	54	35	31	0	27	43	45	55	64	52	44	53	
0	15	16	34	45	8	26	26	0	20	37	28	37	26	38	26	
0	23	24	42	50	16	34	6	8	0	25	33	45	34	46	34	
0	38	40	42	51	20	49	48	24	42	0	39	48	43	41	15	
0	40	37	20	17	20	39	25	25	19	22	0	18	25	24	19	
0	42	44	29	38	24	43	29	28	23	4	43	0	47	28	19	
0	19	36	11	25	28	30	9	28	20	25	31	35	0	15	40	
0	33	28	3	10	13	15	34	18	38	28	33	24	25	0	38	
0	23	25	29	36	5	34	35	9	29	34	25	43	28	26	0	
Tamanho_Tarefas
0	13	6	29	12	19	27	25	35	12	20	29	44	27	23	9	
Data_Entrega
0	173	146	113	111	99	118	118	181	135	197	115	192	161	214	180	
Penalidade_Atraso
0	4	12	15	4	9	9	6	3	6	17	10	5	1	11	2	
Capacidade_Veiculo
45	61	71	83	64	47	124	
Custo_Fixo_Veiculo
450	610	710	830	640	470	1240	
Coordenadas_Clientes
x	0	y	0
x	19	y	0
x	22	y	10
x	16	y	18
x	4	y	15
x	-2	y	20
x	-11	y	20
x	-12	y	8
x	-16	y	3
x	-15	y	-3
x	-12	y	-9
x	-10	y	-17
x	-1	y	-15
x	5	y	-18
x	14	y	-15
x	15	y	-6
Tempo_Viagem
0	19	24	24	15	20	22	14	16	15	15	19	15	18	20	16	
19	0	10	18	21	28	36	32	35	34	32	33	25	22	15	7	
24	10	0	10	18	25	33	34	38	39	38	41	33	32	25	17	
24	18	10	0	12	18	27	29	35	37	38	43	37	37	33	24	
15	21	18	12	0	7	15	17	23	26	28	34	30	33	31	23	
20	28	25	18	7	0	9	15	21	26	30	37	35	38	38	30	
22	36	33	27	15	9	0	12	17	23	29	37	36	40	42	36	
14	32	34	29	17	15	12	0	6	11	17	25	25	31	34	30	
16	35	38	35	23	21	17	6	0	6	12	20	23	29	34	32	
15	34	39	37	26	26	23	11	6	0	6	14	18	24	31	30	
15	32	38	38	28	30	29	17	12	6	0	8	12	18	26	27	
19	33	41	43	34	37	37	25	20	14	8	0	9	15	24	27	
15	25	33	37	30	35	36	25	23	18	12	9	0	6	15	18	
18	22	32	37	33	38	40	31	29	24	18	15	6	0	9	15	
20	15	25	33	31	38	42	34	34	31	26	24	15	9	0	9	
16	7	17	24	23	30	36	30	32	30	27	27	18	15	9	0	
Custo_Viagem
V0
0	171	216	216	135	180	198	126	144	135	135	171	135	162	180	144	
171	0	90	162	189	261	324	288	315	306	288	297	225	198	135	63	
216	90	0	90	162	234	306	306	342	351	342	369	297	288	234	153	
216	162	90	0	108	162	243	261	315	333	342	387	333	333	297	216	
135	189	162	108	0	63	135	153	207	234	252	306	270	297	279	207	
180	261	234	162	63	0	81	135	198	234	270	333	315	342	342	279	
198	324	306	243	135	81	0	108	153	207	261	333	324	369	387	324	
126	288	306	261	153	135	108	0	54	99	153	225	225	279	306	270	
144	315	342	315	207	198	153	54	0	54	108	180	207	261	306	288	
135	306	351	333	234	234	207	99	54	0	54	126	162	225	279	270	
135	288	342	342	252	270	261	153	108	54	0	72	108	171	234	243	
171	297	369	387	306	333	333	225	180	126	72	0	81	135	216	243	
135	225	297	333	270	315	324	225	207	162	108	81	0	54	135	162	
162	198	288	333	297	342	369	279	261	225	171	135	54	0	81	135	
180	135	234	297	279	342	387	306	306	279	234	216	135	81	0	81	
144	63	153	216	207	279	324	270	288	270	243	243	162	135	81	0	
V1
0	231	292	292	183	244	268	170	195	183	183	231	183	219	244	195	
231	0	122	219	256	353	439	390	427	414	390	402	305	268	183	85	
292	122	0	122	219	317	414	414	463	475	463	500	402	390	317	207	
292	219	122	0	146	219	329	353	427	451	463	524	451	451	402	292	
183	256	219	146	0	85	183	207	280	317	341	414	366	402	378	280	
244	353	317	219	85	0	109	183	268	317	366	451	427	463	463	378	
268	439	414	329	183	109	0	146	207	280	353	451	439	500	524	439	
170	390	414	353	207	183	146	0	73	134	207	305	305	378	414	366	
195	427	463	427	280	268	207	73	0	73	146	244	280	353	414	390	
183	414	475	451	317	317	280	134	73	0	73	170	219	305	378	366	
183	390	463	463	341	366	353	207	146	73	0	97	146	231	317	329	
231	402	500	524	414	451	451	305	244	170	97	0	109	183	292	329	
183	305	402	451	366	427	439	305	280	219	146	109	0	73	183	219	
219	268	390	451	402	463	500	378	353	305	231	183	73	0	109	183	
244	183	317	402	378	463	524	414	414	378	317	292	183	109	0	109	
195	85	207	292	280	378	439	366	390	366	329	329	219	183	109	0	
V2
0	269	340	340	213	284	312	198	227	213	213	269	213	255	284	227	
269	0	142	255	298	411	511	454	497	482	454	468	355	312	213	99	
340	142	0	142	255	369	482	482	539	553	539	582	468	454	369	241	
340	255	142	0	170	255	383	411	497	525	539	610	525	525	468	340	
213	298	255	170	0	99	213	241	326	369	397	482	426	468	440	326	
284	411	369	255	99	0	127	213	312	369	426	525	497	539	539	440	
312	511	482	383	213	127	0	170	241	326	411	525	511	582	610	511	
198	454	482	411	241	213	170	0	85	156	241	355	355	440	482	426	
227	497	539	497	326	312	241	85	0	85	170	284	326	411	482	454	
213	482	553	525	369	369	326	156	85	0	85	198	255	355	440	426	
213	454	539	539	397	426	411	241	170	85	0	113	170	269	369	383	
269	468	582	610	482	525	525	355	284	198	113	0	127	213	340	383	
213	355	468	525	426	497	511	355	326	255	170	127	0	85	213	255	
255	312	454	525	468	539	582	440	411	355	269	213	85	0	127	213	
284	213	369	468	440	539	610	482	482	440	369	340	213	127	0	127	
227	99	241	340	326	440	511	426	454	426	383	383	255	213	127	0	
V3
0	315	398	398	249	332	365	232	265	249	249	315	249	298	332	265	
315	0	166	298	348	481	597	531	581	564	531	547	415	365	249	116	
398	166	0	166	298	431	564	564	630	647	630	680	547	531	431	282	
398	298	166	0	199	298	448	481	581	614	630	713	614	614	547	398	
249	348	298	199	0	116	249	282	381	431	464	564	498	547	514	381	
332	481	431	298	116	0	149	249	365	431	498	614	581	630	630	514	
365	597	564	448	249	149	0	199	282	381	481	614	597	680	713	597	
232	531	564	481	282	249	199	0	99	182	282	415	415	514	564	498	
265	581	630	581	381	365	282	99	0	99	199	332	381	481	564	531	
249	564	647	614	431	431	381	182	99	0	99	232	298	415	514	498	
249	531	630	630	464	498	481	282	199	99	0	132	199	315	431	448	
315	547	680	713	564	614	614	415	332	232	132	0	149	249	398	448	
249	415	547	614	498	581	597	415	381	298	199	149	0	99	249	298	
298	365	531	614	547	630	680	514	481	415	315	249	99	0	149	249	
332	249	431	547	514	630	713	564	564	514	431	398	249	149	0	149	
265	116	282	398	381	514	597	498	531	498	448	448	298	249	149	0	
V4
0	243	307	307	192	256	281	179	204	192	192	243	192	230	256	204	
243	0	128	230	268	371	460	409	448	435	409	422	320	281	192	89	
307	128	0	128	230	332	435	435	486	499	486	524	422	409	332	217	
307	230	128	0	153	230	345	371	448	473	486	550	473	473	422	307	
192	268	230	153	0	89	192	217	294	332	358	435	384	422	396	294	
256	371	332	230	89	0	115	192	281	332	384	473	448	486	486	396	
281	460	435	345	192	115	0	153	217	294	371	473	460	524	550	460	
179	409	435	371	217	192	153	0	76	140	217	320	320	396	435	384	
204	448	486	448	294	281	217	76	0	76	153	256	294	371	435	409	
192	435	499	473	332	332	294	140	76	0	76	179	230	320	396	384	
192	409	486	486	358	384	371	217	153	76	0	102	153	243	332	345	
243	422	524	550	435	473	473	320	256	179	102	0	115	192	307	345	
192	320	422	473	384	448	460	320	294	230	153	115	0	76	192	230	
230	281	409	473	422	486	524	396	371	320	243	192	76	0	115	192	
256	192	332	422	396	486	550	435	435	396	332	307	192	115	0	115	
204	89	217	307	294	396	460	384	409	384	345	345	230	192	115	0	
V5
0	178	225	225	141	188	206	131	150	141	141	178	141	169	188	150	
178	0	94	169	197	272	338	300	329	319	300	310	235	206	141	65	
225	94	0	94	169	244	319	319	357	366	357	385	310	300	244	159	
225	169	94	0	112	169	253	272	329	347	357	404	347	347	310	225	
141	197	169	112	0	65	141	159	216	244	263	319	282	310	291	216	
188	272	244	169	65	0	84	141	206	244	282	347	329	357	357	291	
206	338	319	253	141	84	0	112	159	216	272	347	338	385	404	338	
131	300	319	272	159	141	112	0	56	103	159	235	235	291	319	282	
150	329	357	329	216	206	159	56	0	56	112	188	216	272	319	300	
141	319	366	347	244	244	216	103	56	0	56	131	169	235	291	282	
141	300	357	357	263	282	272	159	112	56	0	75	112	178	244	253	
178	310	385	404	319	347	347	235	188	131	75	0	84	141	225	253	
141	235	310	347	282	329	338	235	216	169	112	84	0	56	141	169	
169	206	300	347	310	357	385	291	272	235	178	141	56	0	84	141	
188	141	244	310	291	357	404	319	319	291	244	225	141	84	0	84	
150	65	159	225	216	291	338	282	300	282	253	253	169	141	84	0	
V6
0	471	595	595	372	496	545	347	396	372	372	471	372	446	496	396	
471	0	248	446	520	719	892	793	868	843	793	818	620	545	372	173	
595	248	0	248	446	644	843	843	942	967	942	1016	818	793	644	421	
595	446	248	0	297	446	669	719	868	917	942	1066	917	917	818	595	
372	520	446	297	0	173	372	421	570	644	694	843	744	818	768	570	
496	719	644	446	173	0	223	372	545	644	744	917	868	942	942	768	
545	892	843	669	372	223	0	297	421	570	719	917	892	1016	1066	892	
347	793	843	719	421	372	297	0	148	272	421	620	620	768	843	744	
396	868	942	868	570	545	421	148	0	148	297	496	570	719	843	793	
372	843	967	917	644	644	570	272	148	0	148	347	446	620	768	744	
372	793	942	942	694	744	719	421	297	148	0	198	297	471	644	669	
471	818	1016	1066	843	917	917	620	496	347	198	0	223	372	595	669	
372	620	818	917	744	868	892	620	570	446	297	223	0	148	372	446	
446	545	793	917	818	942	1016	768	719	620	471	372	148	0	223	372	
496	372	644	818	768	942	1066	843	843	768	644	595	372	223	0	223	
396	173	421	595	570	768	892	744	793	744	669	669	446	372	223	0	
Velocidade_Veiculos
1	1	1	1	1	1	1	