M: 2
N: 15
Nun_Veiculos: 8
Capacidade_Total: 700
Demanda_Total: 331
Setup_Min: 1
Setup_Max: 9
Raio: 100
Circulos: 1
Tempo_Processamento_Min: 1
Tempo_Processamento_Max: 49
Demanda_Min: 10
Demanda_Max: 30
Priority_Factor: 0.2
Range_Factor_R: 0.8
U_factor: 2
ALpha: 0.2Replicao: 1
Tempos_Processamentos
0	0	1	0	
0	30	1	25	
0	11	1	32	
0	41	1	33	
0	8	1	31	
0	10	1	30	
0	34	1	9	
0	46	1	36	
0	38	1	47	
0	36	1	30	
0	46	1	3	
0	13	1	26	
0	10	1	42	
0	21	1	47	
0	27	1	46	
0	19	1	1	

Tempos_setup
M0
0	0	0	0	0	0	0	0	0	0	0	0	0	0	0	0	
0	0	2	6	1	5	1	3	3	3	4	4	2	4	4	3	
0	2	0	4	2	4	3	4	5	4	3	4	1	3	3	2	
0	5	3	0	3	3	1	2	5	3	3	5	2	2	2	1	
0	4	4	5	0	4	4	2	4	3	3	5	3	3	3	2	
0	4	5	2	3	0	3	4	2	3	5	3	4	4	3	3	
0	4	4	5	2	4	0	4	6	4	3	6	1	3	3	2	
0	5	3	4	3	4	3	0	5	3	1	5	2	3	2	3	
0	2	4	4	2	2	3	4	0	1	3	1	3	2	1	4	
0	2	3	4	1	2	3	3	4	0	4	3	2	1	3	3	
0	4	2	3	4	5	3	5	7	3	0	4	3	4	2	4	
0	4	6	3	2	1	4	4	3	3	5	0	3	3	4	3	
0	4	4	4	1	3	4	3	5	3	2	5	0	2	2	1	
0	4	5	3	4	1	2	5	3	4	3	4	3	0	4	4	
0	3	4	4	2	3	4	4	5	1	2	4	3	2	0	4	
0	4	5	3	3	2	3	5	4	2	3	4	4	1	1	0	
M1
0	0	0	0	0	0	0	0	0	0	0	0	0	0	0	0	
0	0	4	3	3	2	2	3	4	3	3	5	2	3	4	4	
0	4	0	4	4	3	4	4	2	3	3	4	5	2	2	3	
0	4	2	0	3	2	2	1	4	2	3	3	4	1	1	2	
0	3	4	4	0	3	2	5	5	1	3	5	4	4	4	3	
0	3	3	1	3	0	1	2	2	1	2	4	3	2	2	2	
0	5	2	3	4	3	0	3	3	3	1	3	4	2	4	3	
0	3	3	4	4	4	2	0	5	1	3	5	4	4	3	2	
0	2	2	2	2	1	2	3	0	2	1	3	4	2	3	3	
0	2	3	4	5	4	1	4	4	0	2	4	3	3	4	3	
0	4	1	2	3	2	3	3	3	2	0	5	5	1	3	2	
0	3	2	2	3	2	3	3	1	2	2	0	1	2	2	1	
0	3	3	1	4	2	2	2	2	1	3	3	0	1	2	2	
0	3	2	2	4	1	2	2	3	1	3	4	4	0	2	1	
0	3	1	4	2	4	4	5	3	3	3	2	3	3	0	3	
0	2	1	2	3	2	3	3	3	3	4	3	4	3	1	0	
Tamanho_Tarefas
0	25	14	36	19	13	10	39	41	30	9	14	11	28	35	7	
Data_Entrega
0	272	225	288	261	277	234	291	296	284	265	318	264	211	283	289	
Penalidade_Atraso
0	7	19	10	19	10	13	3	17	2	17	15	16	6	11	2	
Capacidade_Veiculo
96	54	82	118	69	87	77	117	
Custo_Fixo_Veiculo
960	540	820	1180	690	870	770	1170	
Coordenadas_Clientes
x	0	y	0
x	96	y	0
x	109	y	48
x	61	y	68
x	26	y	81
x	-10	y	98
x	-61	y	106
x	-80	y	58
x	-81	y	17
x	-82	y	-17
x	-82	y	-59
x	-50	y	-87
x	-12	y	-115
x	36	y	-113
x	51	y	-57
x	89	y	-39
Tempo_Viagem
0	96	119	91	85	98	122	98	82	83	101	100	115	118	76	97	
96	0	49	76	107	144	189	185	177	178	187	169	157	127	72	39	
119	49	0	52	89	128	179	189	192	201	218	208	203	176	119	88	
91	76	52	0	37	76	127	141	150	166	191	190	197	182	125	110	
85	107	89	37	0	39	90	108	124	145	176	184	199	194	140	135	
98	144	128	76	39	0	51	80	107	135	172	189	213	215	166	169	
122	189	179	127	90	51	0	51	91	124	166	193	226	239	197	208	
98	185	189	141	108	80	51	0	41	75	117	148	185	206	174	194	
82	177	192	150	124	107	91	41	0	34	76	108	148	174	151	178	
83	178	201	166	145	135	124	75	34	0	42	76	120	152	138	172	
101	187	218	191	176	172	166	117	76	42	0	42	89	129	133	172	
100	169	208	190	184	189	193	148	108	76	42	0	47	89	105	147	
115	157	203	197	199	213	226	185	148	120	89	47	0	48	85	126	
118	127	176	182	194	215	239	206	174	152	129	89	48	0	57	91	
76	72	119	125	140	166	197	174	151	138	133	105	85	57	0	42	
97	39	88	110	135	169	208	194	178	172	172	147	126	91	42	0	
Custo_Viagem
V0
0	1843	2284	1747	1632	1881	2342	1881	1574	1593	1939	1920	2208	2265	1459	1862	
1843	0	940	1459	2054	2764	3628	3552	3398	3417	3590	3244	3014	2438	1382	748	
2284	940	0	998	1708	2476	3436	3628	3686	3859	4185	3993	3897	3379	2284	1708	
1747	1459	998	0	710	1478	2438	2707	2880	3187	3667	3648	3782	3494	2400	2112	
1632	2054	1708	710	0	748	1728	2073	2380	2784	3379	3532	3820	3724	2688	2592	
1881	2764	2476	1478	748	0	979	1536	2054	2592	3302	3628	4089	4128	3187	3244	
2342	3628	3436	2438	1728	979	0	979	1747	2380	3187	3705	4339	4588	3782	3993	
1881	3552	3628	2707	2073	1536	979	0	787	1440	2246	2841	3552	3955	3340	3724	
1574	3398	3686	2880	2380	2054	1747	787	0	652	1459	2073	2841	3340	2899	3417	
1593	3417	3859	3187	2784	2592	2380	1440	652	0	806	1459	2304	2918	2649	3302	
1939	3590	4185	3667	3379	3302	3187	2246	1459	806	0	806	1708	2476	2553	3302	
1920	3244	3993	3648	3532	3628	3705	2841	2073	1459	806	0	902	1708	2016	2822	
2208	3014	3897	3782	3820	4089	4339	3552	2841	2304	1708	902	0	921	1632	2419	
2265	2438	3379	3494	3724	4128	4588	3955	3340	2918	2476	1708	921	0	1094	1747	
1459	1382	2284	2400	2688	3187	3782	3340	2899	2649	2553	2016	1632	1094	0	806	
1862	748	1708	2112	2592	3244	3993	3724	3417	3302	3302	2822	2419	1747	806	0	
V1
0	1036	1285	982	918	1058	1317	1058	885	896	1090	1080	1242	1274	820	1047	
1036	0	529	820	1155	1555	2041	1998	1911	1922	2019	1825	1695	1371	777	421	
1285	529	0	561	961	1393	1933	2041	2073	2170	2354	2246	2192	1900	1285	961	
982	820	561	0	399	831	1371	1522	1620	1792	2062	2052	2127	1965	1350	1188	
918	1155	961	399	0	421	972	1166	1339	1566	1900	1987	2149	2095	1512	1458	
1058	1555	1393	831	421	0	550	864	1155	1458	1857	2041	2300	2322	1792	1825	
1317	2041	1933	1371	972	550	0	550	982	1339	1792	2084	2440	2581	2127	2246	
1058	1998	2041	1522	1166	864	550	0	442	810	1263	1598	1998	2224	1879	2095	
885	1911	2073	1620	1339	1155	982	442	0	367	820	1166	1598	1879	1630	1922	
896	1922	2170	1792	1566	1458	1339	810	367	0	453	820	1296	1641	1490	1857	
1090	2019	2354	2062	1900	1857	1792	1263	820	453	0	453	961	1393	1436	1857	
1080	1825	2246	2052	1987	2041	2084	1598	1166	820	453	0	507	961	1134	1587	
1242	1695	2192	2127	2149	2300	2440	1998	1598	1296	961	507	0	518	918	1360	
1274	1371	1900	1965	2095	2322	2581	2224	1879	1641	1393	961	518	0	615	982	
820	777	1285	1350	1512	1792	2127	1879	1630	1490	1436	1134	918	615	0	453	
1047	421	961	1188	1458	1825	2246	2095	1922	1857	1857	1587	1360	982	453	0	
V2
0	1574	1951	1492	1394	1607	2000	1607	1344	1361	1656	1640	1886	1935	1246	1590	
1574	0	803	1246	1754	2361	3099	3034	2902	2919	3066	2771	2574	2082	1180	639	
1951	803	0	852	1459	2115	2935	3099	3148	3296	3575	3411	3329	2886	1951	1459	
1492	1246	852	0	606	1262	2082	2312	2460	2722	3132	3116	3230	2984	2050	1804	
1394	1754	1459	606	0	639	1476	1771	2033	2378	2886	3017	3263	3181	2296	2214	
1607	2361	2115	1262	639	0	836	1312	1754	2214	2820	3099	3493	3526	2722	2771	
2000	3099	2935	2082	1476	836	0	836	1492	2033	2722	3165	3706	3919	3230	3411	
1607	3034	3099	2312	1771	1312	836	0	672	1230	1918	2427	3034	3378	2853	3181	
1344	2902	3148	2460	2033	1754	1492	672	0	557	1246	1771	2427	2853	2476	2919	
1361	2919	3296	2722	2378	2214	2033	1230	557	0	688	1246	1968	2492	2263	2820	
1656	3066	3575	3132	2886	2820	2722	1918	1246	688	0	688	1459	2115	2181	2820	
1640	2771	3411	3116	3017	3099	3165	2427	1771	1246	688	0	770	1459	1722	2410	
1886	2574	3329	3230	3263	3493	3706	3034	2427	1968	1459	770	0	787	1394	2066	
1935	2082	2886	2984	3181	3526	3919	3378	2853	2492	2115	1459	787	0	934	1492	
1246	1180	1951	2050	2296	2722	3230	2853	2476	2263	2181	1722	1394	934	0	688	
1590	639	1459	1804	2214	2771	3411	3181	2919	2820	2820	2410	2066	1492	688	0	
V3
0	2265	2808	2147	2006	2312	2879	2312	1935	1958	2383	2360	2714	2784	1793	2289	
2265	0	1156	1793	2525	3398	4460	4366	4177	4200	4413	3988	3705	2997	1699	920	
2808	1156	0	1227	2100	3044	4224	4460	4531	4743	5144	4908	4790	4153	2808	2100	
2147	1793	1227	0	873	1817	2997	3327	3540	3917	4507	4484	4649	4295	2950	2596	
2006	2525	2100	873	0	920	2124	2548	2926	3422	4153	4342	4696	4578	3304	3186	
2312	3398	3044	1817	920	0	1203	1888	2525	3186	4059	4460	5026	5074	3917	3988	
2879	4460	4224	2997	2124	1203	0	1203	2147	2926	3917	4554	5333	5640	4649	4908	
2312	4366	4460	3327	2548	1888	1203	0	967	1770	2761	3492	4366	4861	4106	4578	
1935	4177	4531	3540	2926	2525	2147	967	0	802	1793	2548	3492	4106	3563	4200	
1958	4200	4743	3917	3422	3186	2926	1770	802	0	991	1793	2832	3587	3256	4059	
2383	4413	5144	4507	4153	4059	3917	2761	1793	991	0	991	2100	3044	3138	4059	
2360	3988	4908	4484	4342	4460	4554	3492	2548	1793	991	0	1109	2100	2478	3469	
2714	3705	4790	4649	4696	5026	5333	4366	3492	2832	2100	1109	0	1132	2006	2973	
2784	2997	4153	4295	4578	5074	5640	4861	4106	3587	3044	2100	1132	0	1345	2147	
1793	1699	2808	2950	3304	3917	4649	4106	3563	3256	3138	2478	2006	1345	0	991	
2289	920	2100	2596	3186	3988	4908	4578	4200	4059	4059	3469	2973	2147	991	0	
V4
0	1324	1642	1255	1173	1352	1683	1352	1131	1145	1393	1380	1587	1628	1048	1338	
1324	0	676	1048	1476	1987	2608	2553	2442	2456	2580	2332	2166	1752	993	538	
1642	676	0	717	1228	1780	2470	2608	2649	2773	3008	2870	2801	2428	1642	1228	
1255	1048	717	0	510	1062	1752	1945	2070	2290	2635	2622	2718	2511	1725	1518	
1173	1476	1228	510	0	538	1242	1490	1711	2001	2428	2539	2746	2677	1932	1863	
1352	1987	1780	1062	538	0	703	1104	1476	1863	2373	2608	2939	2967	2290	2332	
1683	2608	2470	1752	1242	703	0	703	1255	1711	2290	2663	3118	3298	2718	2870	
1352	2553	2608	1945	1490	1104	703	0	565	1035	1614	2042	2553	2842	2401	2677	
1131	2442	2649	2070	1711	1476	1255	565	0	469	1048	1490	2042	2401	2083	2456	
1145	2456	2773	2290	2001	1863	1711	1035	469	0	579	1048	1656	2097	1904	2373	
1393	2580	3008	2635	2428	2373	2290	1614	1048	579	0	579	1228	1780	1835	2373	
1380	2332	2870	2622	2539	2608	2663	2042	1490	1048	579	0	648	1228	1449	2028	
1587	2166	2801	2718	2746	2939	3118	2553	2042	1656	1228	648	0	662	1173	1738	
1628	1752	2428	2511	2677	2967	3298	2842	2401	2097	1780	1228	662	0	786	1255	
1048	993	1642	1725	1932	2290	2718	2401	2083	1904	1835	1449	1173	786	0	579	
1338	538	1228	1518	1863	2332	2870	2677	2456	2373	2373	2028	1738	1255	579	0	
V5
0	1670	2070	1583	1479	1705	2122	1705	1426	1444	1757	1740	2001	2053	1322	1687	
1670	0	852	1322	1861	2505	3288	3219	3079	3097	3253	2940	2731	2209	1252	678	
2070	852	0	904	1548	2244	3114	3288	3340	3497	3793	3619	3532	3062	2070	1548	
1583	1322	904	0	643	1339	2209	2453	2610	2888	3323	3306	3427	3166	2175	1914	
1479	1861	1548	643	0	678	1566	1879	2157	2523	3062	3201	3462	3375	2436	2349	
1705	2505	2244	1339	678	0	887	1392	1861	2349	2992	3288	3706	3741	2888	2940	
2122	3288	3114	2209	1566	887	0	887	1583	2157	2888	3358	3932	4158	3427	3619	
1705	3219	3288	2453	1879	1392	887	0	713	1305	2035	2575	3219	3584	3027	3375	
1426	3079	3340	2610	2157	1861	1583	713	0	591	1322	1879	2575	3027	2627	3097	
1444	3097	3497	2888	2523	2349	2157	1305	591	0	730	1322	2088	2644	2401	2992	
1757	3253	3793	3323	3062	2992	2888	2035	1322	730	0	730	1548	2244	2314	2992	
1740	2940	3619	3306	3201	3288	3358	2575	1879	1322	730	0	817	1548	1827	2557	
2001	2731	3532	3427	3462	3706	3932	3219	2575	2088	1548	817	0	835	1479	2192	
2053	2209	3062	3166	3375	3741	4158	3584	3027	2644	2244	1548	835	0	991	1583	
1322	1252	2070	2175	2436	2888	3427	3027	2627	2401	2314	1827	1479	991	0	730	
1687	678	1548	1914	2349	2940	3619	3375	3097	2992	2992	2557	2192	1583	730	0	
V6
0	1478	1832	1401	1309	1509	1878	1509	1262	1278	1555	1540	1771	1817	1170	1493	
1478	0	754	1170	1647	2217	2910	2849	2725	2741	2879	2602	2417	1955	1108	600	
1832	754	0	800	1370	1986	2756	2910	2956	3095	3357	3203	3126	2710	1832	1370	
1401	1170	800	0	569	1185	1955	2171	2310	2556	2941	2926	3033	2802	1925	1694	
1309	1647	1370	569	0	600	1386	1663	1909	2233	2710	2833	3064	2987	2156	2079	
1509	2217	1986	1185	600	0	785	1232	1647	2079	2648	2910	3280	3311	2556	2602	
1878	2910	2756	1955	1386	785	0	785	1401	1909	2556	2972	3480	3680	3033	3203	
1509	2849	2910	2171	1663	1232	785	0	631	1155	1801	2279	2849	3172	2679	2987	
1262	2725	2956	2310	1909	1647	1401	631	0	523	1170	1663	2279	2679	2325	2741	
1278	2741	3095	2556	2233	2079	1909	1155	523	0	646	1170	1848	2340	2125	2648	
1555	2879	3357	2941	2710	2648	2556	1801	1170	646	0	646	1370	1986	2048	2648	
1540	2602	3203	2926	2833	2910	2972	2279	1663	1170	646	0	723	1370	1617	2263	
1771	2417	3126	3033	3064	3280	3480	2849	2279	1848	1370	723	0	739	1309	1940	
1817	1955	2710	2802	2987	3311	3680	3172	2679	2340	1986	1370	739	0	877	1401	
1170	1108	1832	1925	2156	2556	3033	2679	2325	2125	2048	1617	1309	877	0	646	
1493	600	1370	1694	2079	2602	3203	2987	2741	2648	2648	2263	1940	1401	646	0	
V7
0	2246	2784	2129	1989	2293	2854	2293	1918	1942	2363	2340	2691	2761	1778	2269	
2246	0	1146	1778	2503	3369	4422	4329	4141	4165	4375	3954	3673	2971	1684	912	
2784	1146	0	1216	2082	3018	4188	4422	4492	4703	5101	4867	4750	4118	2784	2082	
2129	1778	1216	0	865	1801	2971	3299	3510	3884	4469	4446	4609	4258	2925	2574	
1989	2503	2082	865	0	912	2106	2527	2901	3393	4118	4305	4656	4539	3276	3159	
2293	3369	3018	1801	912	0	1193	1872	2503	3159	4024	4422	4984	5031	3884	3954	
2854	4422	4188	2971	2106	1193	0	1193	2129	2901	3884	4516	5288	5592	4609	4867	
2293	4329	4422	3299	2527	1872	1193	0	959	1755	2737	3463	4329	4820	4071	4539	
1918	4141	4492	3510	2901	2503	2129	959	0	795	1778	2527	3463	4071	3533	4165	
1942	4165	4703	3884	3393	3159	2901	1755	795	0	982	1778	2808	3556	3229	4024	
2363	4375	5101	4469	4118	4024	3884	2737	1778	982	0	982	2082	3018	3112	4024	
2340	3954	4867	4446	4305	4422	4516	3463	2527	1778	982	0	1099	2082	2457	3439	
2691	3673	4750	4609	4656	4984	5288	4329	3463	2808	2082	1099	0	1123	1989	2948	
2761	2971	4118	4258	4539	5031	5592	4820	4071	3556	3018	2082	1123	0	1333	2129	
1778	1684	2784	2925	3276	3884	4609	4071	3533	3229	3112	2457	1989	1333	0	982	
2269	912	2082	2574	3159	3954	4867	4539	4165	4024	4024	3439	2948	2129	982	0	
Velocidade_Veiculos
1	1	1	1	1	1	1	1	