M: 2
N: 15
Nun_Veiculos: 7
Capacidade_Total: 420
Demanda_Total: 289
Setup_Min: 1
Setup_Max: 9
Raio: 20
Circulos: 1
Tempo_Processamento_Min: 1
Tempo_Processamento_Max: 49
Demanda_Min: 10
Demanda_Max: 30
Priority_Factor: 0.2
Range_Factor_R: 0.8
U_factor: 2
ALpha: 0.2Replicao: 3
Tempos_Processamentos
0	0	1	0	
0	33	1	21	
0	35	1	14	
0	3	1	42	
0	13	1	33	
0	16	1	31	
0	26	1	40	
0	13	1	14	
0	39	1	6	
0	29	1	34	
0	12	1	21	
0	21	1	42	
0	17	1	29	
0	39	1	28	
0	25	1	12	
0	36	1	8	

Tempos_setup
M0
0	0	0	0	0	0	0	0	0	0	0	0	0	0	0	0	
0	0	3	4	5	2	2	2	1	2	1	4	2	3	3	3	
0	5	0	2	6	3	2	6	5	3	4	4	3	4	3	4	
0	3	3	0	5	1	2	4	3	3	2	2	2	2	3	5	
0	2	2	3	0	4	2	2	3	3	3	3	3	4	2	1	
0	3	2	4	5	0	1	5	4	3	1	3	2	2	2	5	
0	3	1	3	4	4	0	4	3	2	3	2	4	2	1	4	
0	4	2	4	3	4	1	0	4	3	3	3	5	3	2	4	
0	3	2	3	4	4	1	1	0	3	3	3	3	3	2	2	
0	4	2	4	4	2	3	3	2	0	3	4	3	1	1	4	
0	4	2	4	6	1	2	5	5	4	0	3	3	3	3	6	
0	5	3	2	4	3	3	2	3	5	2	0	4	4	1	4	
0	2	3	5	3	3	4	4	3	1	3	5	0	2	2	4	
0	3	4	5	6	5	3	5	4	5	4	5	5	0	4	5	
0	4	4	5	3	3	3	3	2	4	2	5	3	3	0	3	
0	1	2	4	4	3	1	3	2	3	2	3	3	3	1	0	
M1
0	0	0	0	0	0	0	0	0	0	0	0	0	0	0	0	
0	0	3	1	3	1	3	4	2	3	3	2	2	1	5	3	
0	4	0	4	3	2	2	2	4	4	3	2	3	3	3	1	
0	4	3	0	3	3	4	3	3	2	2	1	1	4	4	3	
0	1	1	2	0	2	3	3	3	4	1	3	2	2	3	2	
0	3	3	2	2	0	3	3	2	3	2	2	1	4	4	2	
0	2	2	2	1	2	0	4	2	3	1	3	2	1	3	3	
0	2	1	3	4	2	3	0	3	4	3	1	2	3	4	2	
0	3	1	1	2	3	3	3	0	1	3	2	2	4	4	2	
0	2	2	3	1	3	4	4	4	0	2	4	3	3	4	3	
0	4	1	3	3	1	3	3	3	3	0	2	2	2	2	2	
0	4	5	2	4	5	3	4	5	3	4	0	3	4	4	2	
0	3	2	1	4	2	4	2	4	3	1	2	0	3	3	3	
0	4	3	2	3	3	2	3	4	4	2	3	1	0	4	4	
0	3	1	3	2	3	1	2	3	1	2	3	2	2	0	2	
0	3	3	3	2	3	1	3	3	3	2	1	2	2	2	0	
Tamanho_Tarefas
0	26	19	9	18	18	32	13	8	30	15	26	23	28	14	10	
Data_Entrega
0	122	110	152	129	90	94	81	98	135	130	146	89	153	133	173	
Penalidade_Atraso
0	2	19	1	9	16	7	11	2	16	2	14	16	12	13	8	
Capacidade_Veiculo
45	52	59	66	67	46	85	
Custo_Fixo_Veiculo
450	520	590	660	670	460	850	
Coordenadas_Clientes
x	0	y	0
x	17	y	0
x	19	y	8
x	13	y	15
x	6	y	21
x	-2	y	24
x	-8	y	14
x	-13	y	9
x	-20	y	4
x	-22	y	-4
x	-16	y	-12
x	-11	y	-19
x	-2	y	-23
x	7	y	-23
x	10	y	-11
x	18	y	-8
Tempo_Viagem
0	17	20	19	21	24	16	15	20	22	20	21	23	24	14	19	
17	0	8	15	23	30	28	31	37	39	35	33	29	25	13	8	
20	8	0	9	18	26	27	32	39	42	40	40	37	33	21	16	
19	15	9	0	9	17	21	26	34	39	39	40	40	38	26	23	
21	23	18	9	0	8	15	22	30	37	39	42	44	44	32	31	
24	30	26	17	8	0	11	18	26	33	38	43	47	47	37	37	
16	28	27	21	15	11	0	7	15	22	27	33	37	39	30	34	
15	31	32	26	22	18	7	0	8	15	21	28	33	37	29	34	
20	37	39	34	30	26	15	8	0	8	16	24	32	38	33	39	
22	39	42	39	37	33	22	15	8	0	10	18	27	34	32	40	
20	35	40	39	39	38	27	21	16	10	0	8	17	25	26	34	
21	33	40	40	42	43	33	28	24	18	8	0	9	18	22	30	
23	29	37	40	44	47	37	33	32	27	17	9	0	9	16	24	
24	25	33	38	44	47	39	37	38	34	25	18	9	0	12	18	
14	13	21	26	32	37	30	29	33	32	26	22	16	12	0	8	
19	8	16	23	31	37	34	34	39	40	34	30	24	18	8	0	
Custo_Viagem
V0
0	153	180	171	189	216	144	135	180	198	180	189	207	216	126	171	
153	0	72	135	207	270	252	279	333	351	315	297	261	225	117	72	
180	72	0	81	162	234	243	288	351	378	360	360	333	297	189	144	
171	135	81	0	81	153	189	234	306	351	351	369	360	342	234	207	
189	207	162	81	0	72	135	198	279	333	351	387	396	396	288	279	
216	270	234	153	72	0	99	162	234	306	342	387	423	423	333	333	
144	252	243	189	135	99	0	63	135	198	243	297	333	351	270	306	
135	279	288	234	198	162	63	0	72	135	189	252	297	333	270	315	
180	333	351	306	279	234	135	72	0	72	144	216	288	342	297	351	
198	351	378	351	333	306	198	135	72	0	90	162	243	306	288	360	
180	315	360	351	351	342	243	189	144	90	0	72	153	225	234	306	
189	297	360	369	387	387	297	252	216	162	72	0	81	162	198	279	
207	261	333	360	396	423	333	297	288	243	153	81	0	81	144	225	
216	225	297	342	396	423	351	333	342	306	225	162	81	0	108	162	
126	117	189	234	288	333	270	270	297	288	234	198	144	108	0	72	
171	72	144	207	279	333	306	315	351	360	306	279	225	162	72	0	
V1
0	176	208	197	218	249	166	156	208	228	208	218	239	249	145	197	
176	0	83	156	239	312	291	322	384	405	364	343	301	260	135	83	
208	83	0	93	187	270	280	332	405	436	416	416	384	343	218	166	
197	156	93	0	93	176	218	270	353	405	405	426	416	395	270	239	
218	239	187	93	0	83	156	228	322	384	405	447	457	457	332	322	
249	312	270	176	83	0	114	187	270	353	395	447	488	488	384	384	
166	291	280	218	156	114	0	72	156	228	280	343	384	405	312	353	
156	322	332	270	228	187	72	0	83	156	218	291	343	384	312	364	
208	384	405	353	322	270	156	83	0	83	166	249	332	395	343	405	
228	405	436	405	384	353	228	156	83	0	104	187	280	353	332	416	
208	364	416	405	405	395	280	218	166	104	0	83	176	260	270	353	
218	343	416	426	447	447	343	291	249	187	83	0	93	187	228	322	
239	301	384	416	457	488	384	343	332	280	176	93	0	93	166	260	
249	260	343	395	457	488	405	384	395	353	260	187	93	0	124	187	
145	135	218	270	332	384	312	312	343	332	270	228	166	124	0	83	
197	83	166	239	322	384	353	364	405	416	353	322	260	187	83	0	
V2
0	200	236	224	247	283	188	177	236	259	236	247	271	283	165	224	
200	0	94	177	271	354	330	365	436	460	413	389	342	295	153	94	
236	94	0	106	212	306	318	377	460	495	472	472	436	389	247	188	
224	177	106	0	106	200	247	306	401	460	460	483	472	448	306	271	
247	271	212	106	0	94	177	259	365	436	460	507	519	519	377	365	
283	354	306	200	94	0	129	212	306	401	448	507	554	554	436	436	
188	330	318	247	177	129	0	82	177	259	318	389	436	460	354	401	
177	365	377	306	259	212	82	0	94	177	247	330	389	436	354	413	
236	436	460	401	365	306	177	94	0	94	188	283	377	448	389	460	
259	460	495	460	436	401	259	177	94	0	118	212	318	401	377	472	
236	413	472	460	460	448	318	247	188	118	0	94	200	295	306	401	
247	389	472	483	507	507	389	330	283	212	94	0	106	212	259	365	
271	342	436	472	519	554	436	389	377	318	200	106	0	106	188	295	
283	295	389	448	519	554	460	436	448	401	295	212	106	0	141	212	
165	153	247	306	377	436	354	354	389	377	306	259	188	141	0	94	
224	94	188	271	365	436	401	413	460	472	401	365	295	212	94	0	
V3
0	224	264	250	277	316	211	198	264	290	264	277	303	316	184	250	
224	0	105	198	303	396	369	409	488	514	462	435	382	330	171	105	
264	105	0	118	237	343	356	422	514	554	528	528	488	435	277	211	
250	198	118	0	118	224	277	343	448	514	514	541	528	501	343	303	
277	303	237	118	0	105	198	290	409	488	514	567	580	580	422	409	
316	396	343	224	105	0	145	237	343	448	501	567	620	620	488	488	
211	369	356	277	198	145	0	92	198	290	356	435	488	514	396	448	
198	409	422	343	290	237	92	0	105	198	277	369	435	488	396	462	
264	488	514	448	409	343	198	105	0	105	211	316	422	501	435	514	
290	514	554	514	488	448	290	198	105	0	132	237	356	448	422	528	
264	462	528	514	514	501	356	277	211	132	0	105	224	330	343	448	
277	435	528	541	567	567	435	369	316	237	105	0	118	237	290	409	
303	382	488	528	580	620	488	435	422	356	224	118	0	118	211	330	
316	330	435	501	580	620	514	488	501	448	330	237	118	0	158	237	
184	171	277	343	422	488	396	396	435	422	343	290	211	158	0	105	
250	105	211	303	409	488	448	462	514	528	448	409	330	237	105	0	
V4
0	227	268	254	281	321	214	201	268	294	268	281	308	321	187	254	
227	0	107	201	308	402	375	415	495	522	469	442	388	335	174	107	
268	107	0	120	241	348	361	428	522	562	536	536	495	442	281	214	
254	201	120	0	120	227	281	348	455	522	522	549	536	509	348	308	
281	308	241	120	0	107	201	294	415	495	522	576	589	589	428	415	
321	402	348	227	107	0	147	241	348	455	509	576	629	629	495	495	
214	375	361	281	201	147	0	93	201	294	361	442	495	522	402	455	
201	415	428	348	294	241	93	0	107	201	281	375	442	495	402	469	
268	495	522	455	415	348	201	107	0	107	214	321	428	509	442	522	
294	522	562	522	495	455	294	201	107	0	134	241	361	455	428	536	
268	469	536	522	522	509	361	281	214	134	0	107	227	335	348	455	
281	442	536	549	576	576	442	375	321	241	107	0	120	241	294	415	
308	388	495	536	589	629	495	442	428	361	227	120	0	120	214	335	
321	335	442	509	589	629	522	495	509	455	335	241	120	0	160	241	
187	174	281	348	428	495	402	402	442	428	348	294	214	160	0	107	
254	107	214	308	415	495	455	469	522	536	455	415	335	241	107	0	
V5
0	156	184	174	193	220	147	138	184	202	184	193	211	220	128	174	
156	0	73	138	211	276	257	285	340	358	322	303	266	230	119	73	
184	73	0	82	165	239	248	294	358	386	368	368	340	303	193	147	
174	138	82	0	82	156	193	239	312	358	358	377	368	349	239	211	
193	211	165	82	0	73	138	202	285	340	358	395	404	404	294	285	
220	276	239	156	73	0	101	165	239	312	349	395	432	432	340	340	
147	257	248	193	138	101	0	64	138	202	248	303	340	358	276	312	
138	285	294	239	202	165	64	0	73	138	193	257	303	340	276	322	
184	340	358	312	285	239	138	73	0	73	147	220	294	349	303	358	
202	358	386	358	340	312	202	138	73	0	92	165	248	312	294	368	
184	322	368	358	358	349	248	193	147	92	0	73	156	230	239	312	
193	303	368	377	395	395	303	257	220	165	73	0	82	165	202	285	
211	266	340	368	404	432	340	303	294	248	156	82	0	82	147	230	
220	230	303	349	404	432	358	340	349	312	230	165	82	0	110	165	
128	119	193	239	294	340	276	276	303	294	239	202	147	110	0	73	
174	73	147	211	285	340	312	322	358	368	312	285	230	165	73	0	
V6
0	289	340	323	357	408	272	255	340	374	340	357	391	408	238	323	
289	0	136	255	391	510	476	527	629	663	595	561	493	425	221	136	
340	136	0	153	306	442	459	544	663	714	680	680	629	561	357	272	
323	255	153	0	153	289	357	442	578	663	663	697	680	646	442	391	
357	391	306	153	0	136	255	374	527	629	663	731	748	748	544	527	
408	510	442	289	136	0	187	306	442	578	646	731	799	799	629	629	
272	476	459	357	255	187	0	119	255	374	459	561	629	663	510	578	
255	527	544	442	374	306	119	0	136	255	357	476	561	629	510	595	
340	629	663	578	527	442	255	136	0	136	272	408	544	646	561	663	
374	663	714	663	629	578	374	255	136	0	170	306	459	578	544	680	
340	595	680	663	663	646	459	357	272	170	0	136	289	425	442	578	
357	561	680	697	731	731	561	476	408	306	136	0	153	306	374	527	
391	493	629	680	748	799	629	561	544	459	289	153	0	153	272	425	
408	425	561	646	748	799	663	629	646	578	425	306	153	0	204	306	
238	221	357	442	544	629	510	510	561	544	442	374	272	204	0	136	
323	136	272	391	527	629	578	595	663	680	578	527	425	306	136	0	
Velocidade_Veiculos
1	1	1	1	1	1	1	