M: 4
N: 15
Nun_Veiculos: 6
Capacidade_Total: 393
Demanda_Total: 265
Setup_Min: 1
Setup_Max: 9
Raio: 100
Circulos: 1
Tempo_Processamento_Min: 1
Tempo_Processamento_Max: 49
Demanda_Min: 10
Demanda_Max: 30
Priority_Factor: 0.2
Range_Factor_R: 0.8
U_factor: 2
ALpha: 0.2Replicao: 3
Tempos_Processamentos
0	0	1	0	2	0	3	0	
0	22	1	41	2	35	3	28	
0	12	1	22	2	33	3	34	
0	11	1	30	2	42	3	27	
0	38	1	10	2	45	3	41	
0	21	1	44	2	20	3	13	
0	22	1	38	2	43	3	26	
0	3	1	6	2	19	3	17	
0	25	1	6	2	8	3	47	
0	12	1	22	2	34	3	5	
0	34	1	19	2	11	3	8	
0	5	1	43	2	35	3	10	
0	22	1	44	2	43	3	24	
0	12	1	44	2	22	3	37	
0	8	1	43	2	28	3	33	
0	15	1	34	2	11	3	12	

Tempos_setup
M0
0	0	0	0	0	0	0	0	0	0	0	0	0	0	0	0	
0	0	2	4	2	3	1	3	5	2	2	3	4	1	3	3	
0	5	0	5	1	4	4	4	4	3	3	3	2	2	1	3	
0	4	2	0	3	2	2	3	4	2	1	3	3	1	1	2	
0	7	6	4	0	6	5	6	6	6	5	5	6	5	3	2	
0	4	4	4	1	0	2	5	4	3	1	3	1	3	2	2	
0	6	6	5	1	2	0	4	4	5	1	4	3	5	4	2	
0	5	3	5	1	3	5	0	4	4	4	5	4	3	4	3	
0	3	2	6	3	3	4	4	0	3	4	4	3	2	2	4	
0	6	5	5	4	3	3	5	3	0	2	2	3	5	5	1	
0	5	5	4	2	1	1	5	3	4	0	3	2	4	3	1	
0	5	5	4	2	1	3	4	3	4	2	0	2	4	3	3	
0	6	3	6	4	3	4	4	5	2	4	2	0	2	3	3	
0	6	1	4	2	3	4	2	4	1	3	2	3	0	2	2	
0	7	5	4	3	3	3	6	5	5	4	2	4	4	0	3	
0	9	7	5	3	5	6	4	7	7	5	4	6	6	4	0	
M1
0	0	0	0	0	0	0	0	0	0	0	0	0	0	0	0	
0	0	4	6	2	5	8	5	5	6	3	3	6	4	5	5	
0	3	0	5	3	2	5	4	5	5	2	3	3	1	2	2	
0	5	5	0	3	3	4	6	6	5	4	4	6	5	3	2	
0	4	2	4	0	3	6	3	5	4	1	1	4	2	3	3	
0	5	6	4	4	0	6	4	6	5	2	1	4	3	3	3	
0	4	5	5	3	2	0	4	4	4	3	3	2	2	2	5	
0	4	5	5	3	3	6	0	2	3	4	4	3	4	2	5	
0	2	3	5	1	1	4	2	0	1	2	2	4	2	2	4	
0	6	7	5	5	2	4	4	6	0	3	2	6	5	4	4	
0	4	5	5	3	2	6	2	4	3	0	3	4	5	2	5	
0	4	5	3	3	3	5	3	5	4	1	0	5	5	2	2	
0	5	3	5	4	2	4	2	3	2	3	2	0	3	4	3	
0	2	5	4	4	1	4	3	5	4	1	2	2	0	3	4	
0	2	3	3	1	1	4	4	3	4	2	2	3	3	0	4	
0	3	3	4	1	1	3	4	4	5	2	2	4	3	1	0	
M2
0	0	0	0	0	0	0	0	0	0	0	0	0	0	0	0	
0	0	1	3	4	4	5	2	4	4	4	4	2	4	4	1	
0	2	0	3	5	4	6	2	6	3	4	5	3	3	5	2	
0	4	3	0	2	1	5	3	6	4	2	5	4	3	3	2	
0	2	2	4	0	4	3	4	4	3	4	3	3	1	1	3	
0	3	3	5	1	0	4	4	5	3	4	4	4	2	2	4	
0	2	3	5	1	1	0	3	2	1	2	4	4	2	2	3	
0	2	3	2	3	2	5	0	6	3	4	4	1	4	4	3	
0	4	3	4	3	2	3	2	0	4	5	4	3	4	4	5	
0	1	2	4	4	5	6	3	5	0	1	5	3	5	5	2	
0	3	1	4	3	5	5	3	7	4	0	4	4	4	4	3	
0	2	1	4	2	2	1	3	3	2	3	0	4	3	3	3	
0	1	2	1	2	2	5	3	5	2	3	5	0	3	3	2	
0	3	4	3	4	4	3	5	3	4	3	3	2	0	5	4	
0	3	3	3	3	3	2	5	4	2	3	2	2	4	0	4	
0	3	4	3	4	3	4	1	6	4	5	3	2	4	3	0	
M3
0	0	0	0	0	0	0	0	0	0	0	0	0	0	0	0	
0	0	2	4	3	3	1	4	5	4	4	4	3	2	4	2	
0	2	0	2	5	1	1	2	3	4	4	2	3	3	3	2	
0	3	1	0	3	2	2	2	2	3	3	3	2	2	1	1	
0	3	2	4	0	2	1	2	2	4	2	3	1	3	1	2	
0	1	3	3	4	0	2	1	2	5	3	1	2	3	2	3	
0	3	1	3	5	2	0	3	4	3	3	3	2	2	4	1	
0	2	2	2	4	1	1	0	3	4	2	2	3	3	3	2	
0	3	3	5	3	2	2	3	0	5	5	3	4	4	4	3	
0	3	1	3	2	2	2	2	4	0	4	3	3	2	3	3	
0	4	5	5	6	5	5	5	3	8	0	5	6	3	4	6	
0	2	4	4	3	2	3	2	1	6	2	0	1	3	1	4	
0	2	4	4	5	1	3	2	3	6	1	2	0	2	3	4	
0	4	2	3	5	3	3	2	5	6	4	4	4	0	4	4	
0	2	3	3	2	2	2	1	1	5	3	3	3	4	0	3	
0	3	3	3	4	2	3	3	4	2	2	3	1	1	4	0	
Tamanho_Tarefas
0	24	24	24	18	19	24	3	10	8	15	10	29	13	26	18	
Data_Entrega
0	182	187	185	167	170	177	194	174	192	184	180	166	184	181	193	
Penalidade_Atraso
0	11	2	3	11	10	6	13	5	20	3	19	20	11	10	9	
Capacidade_Veiculo
72	85	57	34	68	77	
Custo_Fixo_Veiculo
720	850	570	340	680	770	
Coordenadas_Clientes
x	0	y	0
x	100	y	0
x	73	y	32
x	78	y	86
x	29	y	89
x	-9	y	93
x	-40	y	69
x	-82	y	59
x	-122	y	25
x	-77	y	-16
x	-60	y	-44
x	-39	y	-68
x	-11	y	-110
x	33	y	-104
x	80	y	-89
x	91	y	-40
Tempo_Viagem
0	100	79	116	93	93	79	101	124	78	74	78	110	109	119	99	
100	0	41	88	113	143	156	191	223	177	165	154	156	123	91	41	
79	41	0	54	72	102	118	157	195	157	153	150	164	141	121	74	
116	88	54	0	49	87	119	162	209	185	189	193	215	195	175	126	
93	113	72	49	0	38	71	114	164	149	160	171	202	193	185	143	
93	143	102	87	38	0	39	80	131	128	146	163	203	201	202	166	
79	156	118	119	71	39	0	43	93	92	114	137	181	187	198	170	
101	191	157	162	114	80	43	0	52	75	105	134	183	199	219	199	
124	223	195	209	164	131	93	52	0	60	92	123	173	200	231	222	
78	177	157	185	149	128	92	75	60	0	32	63	113	140	173	169	
74	165	153	189	160	146	114	105	92	32	0	31	81	110	147	151	
78	154	150	193	171	163	137	134	123	63	31	0	50	80	120	132	
110	156	164	215	202	203	181	183	173	113	81	50	0	44	93	123	
109	123	141	195	193	201	187	199	200	140	110	80	44	0	49	86	
119	91	121	175	185	202	198	219	231	173	147	120	93	49	0	50	
99	41	74	126	143	166	170	199	222	169	151	132	123	86	50	0	
Custo_Viagem
V0
0	1440	1137	1670	1339	1339	1137	1454	1785	1123	1065	1123	1584	1569	1713	1425	
1440	0	590	1267	1627	2059	2246	2750	3211	2548	2376	2217	2246	1771	1310	590	
1137	590	0	777	1036	1468	1699	2260	2808	2260	2203	2160	2361	2030	1742	1065	
1670	1267	777	0	705	1252	1713	2332	3009	2664	2721	2779	3096	2808	2520	1814	
1339	1627	1036	705	0	547	1022	1641	2361	2145	2304	2462	2908	2779	2664	2059	
1339	2059	1468	1252	547	0	561	1152	1886	1843	2102	2347	2923	2894	2908	2390	
1137	2246	1699	1713	1022	561	0	619	1339	1324	1641	1972	2606	2692	2851	2448	
1454	2750	2260	2332	1641	1152	619	0	748	1080	1512	1929	2635	2865	3153	2865	
1785	3211	2808	3009	2361	1886	1339	748	0	864	1324	1785	2505	2894	3326	3196	
1123	2548	2260	2664	2145	1843	1324	1080	864	0	460	921	1641	2016	2491	2433	
1065	2376	2203	2721	2304	2102	1641	1512	1324	460	0	446	1180	1584	2116	2174	
1123	2217	2160	2779	2462	2347	1972	1929	1785	921	446	0	720	1152	1728	1900	
1584	2246	2361	3096	2908	2923	2606	2635	2505	1641	1180	720	0	633	1339	1771	
1569	1771	2030	2808	2779	2894	2692	2865	2894	2016	1584	1152	633	0	705	1238	
1713	1310	1742	2520	2664	2908	2851	3153	3326	2491	2116	1728	1339	705	0	720	
1425	590	1065	1814	2059	2390	2448	2865	3196	2433	2174	1900	1771	1238	720	0	
V1
0	1700	1343	1972	1581	1581	1343	1717	2108	1326	1258	1326	1870	1853	2023	1683	
1700	0	697	1496	1921	2431	2652	3247	3791	3009	2805	2618	2652	2091	1547	697	
1343	697	0	918	1224	1734	2006	2669	3315	2669	2601	2550	2788	2397	2057	1258	
1972	1496	918	0	833	1479	2023	2754	3553	3145	3213	3281	3655	3315	2975	2142	
1581	1921	1224	833	0	646	1207	1938	2788	2533	2720	2907	3434	3281	3145	2431	
1581	2431	1734	1479	646	0	663	1360	2227	2176	2482	2771	3451	3417	3434	2822	
1343	2652	2006	2023	1207	663	0	731	1581	1564	1938	2329	3077	3179	3366	2890	
1717	3247	2669	2754	1938	1360	731	0	884	1275	1785	2278	3111	3383	3723	3383	
2108	3791	3315	3553	2788	2227	1581	884	0	1020	1564	2108	2958	3417	3927	3774	
1326	3009	2669	3145	2533	2176	1564	1275	1020	0	544	1088	1938	2380	2941	2873	
1258	2805	2601	3213	2720	2482	1938	1785	1564	544	0	527	1394	1870	2499	2567	
1326	2618	2550	3281	2907	2771	2329	2278	2108	1088	527	0	850	1360	2040	2244	
1870	2652	2788	3655	3434	3451	3077	3111	2958	1938	1394	850	0	748	1581	2091	
1853	2091	2397	3315	3281	3417	3179	3383	3417	2380	1870	1360	748	0	833	1462	
2023	1547	2057	2975	3145	3434	3366	3723	3927	2941	2499	2040	1581	833	0	850	
1683	697	1258	2142	2431	2822	2890	3383	3774	2873	2567	2244	2091	1462	850	0	
V2
0	1140	900	1322	1060	1060	900	1151	1413	889	843	889	1254	1242	1356	1128	
1140	0	467	1003	1288	1630	1778	2177	2542	2017	1881	1755	1778	1402	1037	467	
900	467	0	615	820	1162	1345	1789	2223	1789	1744	1710	1869	1607	1379	843	
1322	1003	615	0	558	991	1356	1846	2382	2109	2154	2200	2451	2223	1995	1436	
1060	1288	820	558	0	433	809	1299	1869	1698	1824	1949	2302	2200	2109	1630	
1060	1630	1162	991	433	0	444	912	1493	1459	1664	1858	2314	2291	2302	1892	
900	1778	1345	1356	809	444	0	490	1060	1048	1299	1561	2063	2131	2257	1938	
1151	2177	1789	1846	1299	912	490	0	592	855	1197	1527	2086	2268	2496	2268	
1413	2542	2223	2382	1869	1493	1060	592	0	684	1048	1413	1983	2291	2633	2530	
889	2017	1789	2109	1698	1459	1048	855	684	0	364	729	1299	1596	1972	1926	
843	1881	1744	2154	1824	1664	1299	1197	1048	364	0	353	934	1254	1675	1721	
889	1755	1710	2200	1949	1858	1561	1527	1413	729	353	0	570	912	1368	1504	
1254	1778	1869	2451	2302	2314	2063	2086	1983	1299	934	570	0	501	1060	1402	
1242	1402	1607	2223	2200	2291	2131	2268	2291	1596	1254	912	501	0	558	980	
1356	1037	1379	1995	2109	2302	2257	2496	2633	1972	1675	1368	1060	558	0	570	
1128	467	843	1436	1630	1892	1938	2268	2530	1926	1721	1504	1402	980	570	0	
V3
0	680	537	788	632	632	537	686	843	530	503	530	748	741	809	673	
680	0	278	598	768	972	1060	1298	1516	1203	1122	1047	1060	836	618	278	
537	278	0	367	489	693	802	1067	1326	1067	1040	1020	1115	958	822	503	
788	598	367	0	333	591	809	1101	1421	1258	1285	1312	1462	1326	1190	856	
632	768	489	333	0	258	482	775	1115	1013	1088	1162	1373	1312	1258	972	
632	972	693	591	258	0	265	544	890	870	992	1108	1380	1366	1373	1128	
537	1060	802	809	482	265	0	292	632	625	775	931	1230	1271	1346	1156	
686	1298	1067	1101	775	544	292	0	353	510	714	911	1244	1353	1489	1353	
843	1516	1326	1421	1115	890	632	353	0	408	625	843	1183	1366	1570	1509	
530	1203	1067	1258	1013	870	625	510	408	0	217	435	775	952	1176	1149	
503	1122	1040	1285	1088	992	775	714	625	217	0	210	557	748	999	1026	
530	1047	1020	1312	1162	1108	931	911	843	435	210	0	340	544	816	897	
748	1060	1115	1462	1373	1380	1230	1244	1183	775	557	340	0	299	632	836	
741	836	958	1326	1312	1366	1271	1353	1366	952	748	544	299	0	333	584	
809	618	822	1190	1258	1373	1346	1489	1570	1176	999	816	632	333	0	340	
673	278	503	856	972	1128	1156	1353	1509	1149	1026	897	836	584	340	0	
V4
0	1360	1074	1577	1264	1264	1074	1373	1686	1060	1006	1060	1496	1482	1618	1346	
1360	0	557	1196	1536	1944	2121	2597	3032	2407	2244	2094	2121	1672	1237	557	
1074	557	0	734	979	1387	1604	2135	2652	2135	2080	2040	2230	1917	1645	1006	
1577	1196	734	0	666	1183	1618	2203	2842	2516	2570	2624	2924	2652	2380	1713	
1264	1536	979	666	0	516	965	1550	2230	2026	2176	2325	2747	2624	2516	1944	
1264	1944	1387	1183	516	0	530	1088	1781	1740	1985	2216	2760	2733	2747	2257	
1074	2121	1604	1618	965	530	0	584	1264	1251	1550	1863	2461	2543	2692	2312	
1373	2597	2135	2203	1550	1088	584	0	707	1020	1428	1822	2488	2706	2978	2706	
1686	3032	2652	2842	2230	1781	1264	707	0	816	1251	1686	2366	2733	3141	3019	
1060	2407	2135	2516	2026	1740	1251	1020	816	0	435	870	1550	1904	2352	2298	
1006	2244	2080	2570	2176	1985	1550	1428	1251	435	0	421	1115	1496	1999	2053	
1060	2094	2040	2624	2325	2216	1863	1822	1686	870	421	0	680	1088	1632	1795	
1496	2121	2230	2924	2747	2760	2461	2488	2366	1550	1115	680	0	598	1264	1672	
1482	1672	1917	2652	2624	2733	2543	2706	2733	1904	1496	1088	598	0	666	1169	
1618	1237	1645	2380	2516	2747	2692	2978	3141	2352	1999	1632	1264	666	0	680	
1346	557	1006	1713	1944	2257	2312	2706	3019	2298	2053	1795	1672	1169	680	0	
V5
0	1540	1216	1786	1432	1432	1216	1555	1909	1201	1139	1201	1694	1678	1832	1524	
1540	0	631	1355	1740	2202	2402	2941	3434	2725	2541	2371	2402	1894	1401	631	
1216	631	0	831	1108	1570	1817	2417	3003	2417	2356	2310	2525	2171	1863	1139	
1786	1355	831	0	754	1339	1832	2494	3218	2849	2910	2972	3311	3003	2695	1940	
1432	1740	1108	754	0	585	1093	1755	2525	2294	2464	2633	3110	2972	2849	2202	
1432	2202	1570	1339	585	0	600	1232	2017	1971	2248	2510	3126	3095	3110	2556	
1216	2402	1817	1832	1093	600	0	662	1432	1416	1755	2109	2787	2879	3049	2618	
1555	2941	2417	2494	1755	1232	662	0	800	1155	1617	2063	2818	3064	3372	3064	
1909	3434	3003	3218	2525	2017	1432	800	0	924	1416	1909	2679	3095	3557	3418	
1201	2725	2417	2849	2294	1971	1416	1155	924	0	492	985	1755	2156	2664	2602	
1139	2541	2356	2910	2464	2248	1755	1617	1416	492	0	477	1262	1694	2263	2325	
1201	2371	2310	2972	2633	2510	2109	2063	1909	985	477	0	770	1232	1848	2032	
1694	2402	2525	3311	3110	3126	2787	2818	2679	1755	1262	770	0	677	1432	1894	
1678	1894	2171	3003	2972	3095	2879	3064	3095	2156	1694	1232	677	0	754	1324	
1832	1401	1863	2695	2849	3110	3049	3372	3557	2664	2263	1848	1432	754	0	770	
1524	631	1139	1940	2202	2556	2618	3064	3418	2602	2325	2032	1894	1324	770	0	
Velocidade_Veiculos
1	1	1	1	1	1	