M: 4
N: 15
Nun_Veiculos: 9
Capacidade_Total: 612
Demanda_Total: 314
Setup_Min: 1
Setup_Max: 9
Raio: 100
Circulos: 1
Tempo_Processamento_Min: 1
Tempo_Processamento_Max: 49
Demanda_Min: 10
Demanda_Max: 30
Priority_Factor: 0.2
Range_Factor_R: 0.8
U_factor: 2
ALpha: 0.2Replicao: 1
Tempos_Processamentos
0	0	1	0	2	0	3	0	
0	28	1	26	2	15	3	34	
0	7	1	37	2	26	3	47	
0	47	1	28	2	32	3	49	
0	26	1	31	2	31	3	2	
0	18	1	18	2	30	3	32	
0	4	1	49	2	39	3	17	
0	32	1	40	2	32	3	40	
0	48	1	45	2	33	3	26	
0	11	1	12	2	27	3	18	
0	44	1	49	2	7	3	9	
0	32	1	42	2	45	3	47	
0	26	1	10	2	19	3	15	
0	48	1	14	2	9	3	33	
0	40	1	28	2	37	3	32	
0	3	1	44	2	48	3	24	

Tempos_setup
M0
0	0	0	0	0	0	0	0	0	0	0	0	0	0	0	0	
0	0	4	3	1	2	4	3	2	4	2	1	3	2	5	3	
0	2	0	3	2	2	3	4	1	1	3	1	2	4	1	3	
0	5	3	0	5	5	4	5	4	4	5	4	4	3	4	5	
0	3	3	4	0	4	3	4	2	4	3	3	5	2	4	2	
0	4	2	5	1	0	4	5	3	3	4	3	4	3	3	3	
0	3	4	1	1	2	0	1	2	2	2	1	3	3	5	1	
0	4	3	2	2	2	1	0	2	1	3	2	2	4	4	2	
0	4	4	3	1	2	4	5	0	2	4	1	5	3	5	3	
0	4	3	5	2	1	4	4	4	0	3	4	5	4	4	3	
0	1	4	3	1	2	2	1	3	2	0	2	3	3	5	3	
0	4	3	2	2	1	5	4	1	3	3	0	5	4	4	2	
0	2	4	2	1	3	1	2	3	3	1	2	0	3	3	2	
0	4	5	5	3	3	4	4	4	5	3	5	4	0	3	2	
0	1	3	3	2	3	2	3	2	4	2	2	1	3	0	3	
0	2	4	4	1	3	3	2	3	3	1	3	4	2	5	0	
M1
0	0	0	0	0	0	0	0	0	0	0	0	0	0	0	0	
0	0	2	4	3	4	4	3	3	3	1	4	5	2	3	2	
0	3	0	4	2	4	3	3	3	5	4	3	5	4	5	2	
0	1	3	0	3	1	3	2	3	4	1	1	4	2	3	2	
0	3	3	2	0	3	3	1	1	4	2	3	3	2	3	4	
0	2	4	1	3	0	4	3	4	5	2	1	5	3	3	2	
0	3	2	2	4	1	0	3	3	5	1	2	5	2	3	3	
0	2	3	1	4	2	4	0	1	4	1	2	2	1	2	3	
0	3	2	3	4	4	4	2	0	6	3	4	4	1	2	3	
0	2	4	3	3	2	3	3	2	0	1	1	5	3	1	2	
0	3	5	5	3	5	4	4	3	6	0	5	6	4	2	4	
0	2	3	2	2	1	5	3	3	4	3	0	5	4	4	1	
0	3	3	4	2	4	4	3	1	2	3	3	0	2	2	2	
0	2	3	2	3	3	3	1	1	5	2	3	3	0	1	2	
0	1	3	3	3	3	2	2	1	4	2	3	4	2	0	2	
0	1	2	3	1	4	4	2	2	3	2	4	4	3	4	0	
M2
0	0	0	0	0	0	0	0	0	0	0	0	0	0	0	0	
0	0	2	4	4	3	1	4	4	2	5	4	2	2	1	6	
0	3	0	5	4	3	4	4	3	5	3	4	5	2	3	4	
0	4	3	0	4	3	4	4	4	5	5	3	1	2	2	3	
0	5	2	3	0	1	4	2	2	3	3	4	4	4	3	3	
0	5	3	2	1	0	3	1	1	2	2	3	3	3	2	3	
0	7	5	3	4	5	0	6	3	5	6	3	4	5	4	5	
0	4	2	1	4	3	4	0	4	5	4	4	2	3	2	4	
0	6	3	2	1	2	5	3	0	4	4	2	3	4	3	2	
0	3	2	2	3	4	3	5	2	0	4	3	3	1	4	4	
0	5	3	3	3	4	1	5	3	3	0	1	4	3	2	4	
0	4	2	3	2	3	3	4	2	2	3	0	4	2	1	3	
0	3	2	4	4	3	3	4	3	4	5	2	0	1	3	5	
0	2	1	4	3	3	3	4	2	4	4	2	4	0	3	4	
0	3	1	5	4	4	2	5	3	3	4	3	5	1	0	5	
0	5	4	2	4	5	5	5	6	6	7	5	3	4	4	0	
M3
0	0	0	0	0	0	0	0	0	0	0	0	0	0	0	0	
0	0	3	3	2	3	5	4	2	2	1	5	6	4	2	4	
0	3	0	2	1	3	3	3	2	2	1	3	5	4	2	1	
0	5	4	0	4	4	2	2	4	2	3	3	5	3	4	5	
0	2	2	3	0	2	4	2	1	4	1	3	5	4	1	3	
0	2	3	5	2	0	2	4	2	4	3	4	5	3	3	4	
0	3	2	3	3	3	0	2	2	4	3	2	3	1	4	3	
0	3	3	3	2	3	5	0	2	2	1	3	4	2	2	4	
0	3	1	3	2	1	3	4	0	3	2	4	6	4	3	2	
0	4	3	4	2	4	5	3	3	0	2	3	4	2	3	4	
0	2	3	2	1	3	4	3	2	3	0	4	6	5	1	4	
0	3	4	1	3	1	3	3	3	3	4	0	2	3	4	3	
0	3	2	1	3	2	1	2	2	3	3	1	0	1	4	2	
0	2	1	2	2	2	3	1	1	3	2	1	2	0	3	2	
0	5	3	5	4	3	5	2	2	4	3	5	6	4	0	4	
0	5	3	1	3	5	3	3	4	1	3	4	5	3	4	0	
Tamanho_Tarefas
0	23	24	30	8	20	9	32	33	15	13	32	16	15	29	15	
Data_Entrega
0	187	184	210	203	204	195	178	219	182	194	201	182	191	178	213	
Penalidade_Atraso
0	11	19	16	2	14	1	4	17	14	14	14	19	20	4	3	
Capacidade_Veiculo
49	64	80	75	63	71	34	89	87	
Custo_Fixo_Veiculo
490	640	800	750	630	710	340	890	870	
Coordenadas_Clientes
x	0	y	0
x	98	y	0
x	85	y	38
x	77	y	86
x	28	y	86
x	-11	y	106
x	-48	y	83
x	-86	y	62
x	-119	y	25
x	-100	y	-21
x	-61	y	-44
x	-42	y	-74
x	-12	y	-123
x	30	y	-93
x	80	y	-89
x	92	y	-41
Tempo_Viagem
0	98	93	115	90	106	95	106	121	102	75	85	123	97	119	100	
98	0	40	88	110	152	167	194	218	199	164	158	165	115	90	41	
93	40	0	48	74	117	140	172	204	194	167	169	187	142	127	79	
115	88	48	0	49	90	125	164	205	206	189	199	227	185	175	127	
90	110	74	49	0	43	76	116	159	166	157	174	212	179	182	142	
106	152	117	90	43	0	43	86	134	155	158	182	229	203	215	179	
95	167	140	125	76	43	0	43	91	116	127	157	209	192	214	187	
106	194	172	164	116	86	43	0	49	84	108	142	199	193	224	205	
121	218	204	205	159	134	91	49	0	49	90	125	182	190	229	221	
102	199	194	206	166	155	116	84	49	0	45	78	134	148	192	193	
75	164	167	189	157	158	127	108	90	45	0	35	92	103	148	153	
85	158	169	199	174	182	157	142	125	78	35	0	57	74	122	138	
123	165	187	227	212	229	209	199	182	134	92	57	0	51	98	131	
97	115	142	185	179	203	192	193	190	148	103	74	51	0	50	80	
119	90	127	175	182	215	214	224	229	192	148	122	98	50	0	49	
100	41	79	127	142	179	187	205	221	193	153	138	131	80	49	0	
Custo_Viagem
V0
0	960	911	1127	882	1038	931	1038	1185	999	735	833	1205	950	1166	980	
960	0	392	862	1078	1489	1636	1901	2136	1950	1607	1548	1617	1127	882	401	
911	392	0	470	725	1146	1372	1685	1999	1901	1636	1656	1832	1391	1244	774	
1127	862	470	0	480	882	1225	1607	2009	2018	1852	1950	2224	1813	1715	1244	
882	1078	725	480	0	421	744	1136	1558	1626	1538	1705	2077	1754	1783	1391	
1038	1489	1146	882	421	0	421	842	1323	1519	1548	1783	2244	1989	2107	1754	
931	1636	1372	1225	744	421	0	421	891	1136	1244	1538	2048	1881	2097	1832	
1038	1901	1685	1607	1136	842	421	0	480	823	1058	1391	1950	1891	2195	2009	
1185	2136	1999	2009	1558	1323	891	480	0	480	882	1225	1783	1862	2244	2165	
999	1950	1901	2018	1626	1519	1136	823	480	0	441	764	1313	1450	1881	1891	
735	1607	1636	1852	1538	1548	1244	1058	882	441	0	343	901	1009	1450	1499	
833	1548	1656	1950	1705	1783	1538	1391	1225	764	343	0	558	725	1195	1352	
1205	1617	1832	2224	2077	2244	2048	1950	1783	1313	901	558	0	499	960	1293	
950	1127	1391	1813	1754	1989	1881	1891	1862	1450	1009	725	499	0	490	784	
1166	882	1244	1715	1783	2107	2097	2195	2244	1881	1450	1195	960	490	0	480	
980	401	774	1244	1391	1754	1832	2009	2165	1891	1499	1352	1293	784	480	0	
V1
0	1254	1190	1472	1152	1356	1216	1356	1548	1305	960	1088	1574	1241	1523	1280	
1254	0	512	1126	1408	1945	2137	2483	2790	2547	2099	2022	2112	1472	1152	524	
1190	512	0	614	947	1497	1792	2201	2611	2483	2137	2163	2393	1817	1625	1011	
1472	1126	614	0	627	1152	1600	2099	2624	2636	2419	2547	2905	2368	2240	1625	
1152	1408	947	627	0	550	972	1484	2035	2124	2009	2227	2713	2291	2329	1817	
1356	1945	1497	1152	550	0	550	1100	1728	1984	2022	2329	2931	2598	2752	2291	
1216	2137	1792	1600	972	550	0	550	1164	1484	1625	2009	2675	2457	2739	2393	
1356	2483	2201	2099	1484	1100	550	0	627	1075	1382	1817	2547	2470	2867	2624	
1548	2790	2611	2624	2035	1728	1164	627	0	627	1152	1600	2329	2432	2931	2828	
1305	2547	2483	2636	2124	1984	1484	1075	627	0	576	998	1715	1894	2457	2470	
960	2099	2137	2419	2009	2022	1625	1382	1152	576	0	448	1177	1318	1894	1958	
1088	2022	2163	2547	2227	2329	2009	1817	1600	998	448	0	729	947	1561	1766	
1574	2112	2393	2905	2713	2931	2675	2547	2329	1715	1177	729	0	652	1254	1689	
1241	1472	1817	2368	2291	2598	2457	2470	2432	1894	1318	947	652	0	640	1024	
1523	1152	1625	2240	2329	2752	2739	2867	2931	2457	1894	1561	1254	640	0	627	
1280	524	1011	1625	1817	2291	2393	2624	2828	2470	1958	1766	1689	1024	627	0	
V2
0	1568	1488	1840	1440	1696	1520	1696	1936	1632	1200	1360	1968	1552	1904	1600	
1568	0	640	1408	1760	2432	2672	3104	3488	3184	2624	2528	2640	1840	1440	656	
1488	640	0	768	1184	1872	2240	2752	3264	3104	2672	2704	2992	2272	2032	1264	
1840	1408	768	0	784	1440	2000	2624	3280	3296	3024	3184	3632	2960	2800	2032	
1440	1760	1184	784	0	688	1216	1856	2544	2656	2512	2784	3392	2864	2912	2272	
1696	2432	1872	1440	688	0	688	1376	2160	2480	2528	2912	3664	3248	3440	2864	
1520	2672	2240	2000	1216	688	0	688	1456	1856	2032	2512	3344	3072	3424	2992	
1696	3104	2752	2624	1856	1376	688	0	784	1344	1728	2272	3184	3088	3584	3280	
1936	3488	3264	3280	2544	2160	1456	784	0	784	1440	2000	2912	3040	3664	3536	
1632	3184	3104	3296	2656	2480	1856	1344	784	0	720	1248	2144	2368	3072	3088	
1200	2624	2672	3024	2512	2528	2032	1728	1440	720	0	560	1472	1648	2368	2448	
1360	2528	2704	3184	2784	2912	2512	2272	2000	1248	560	0	912	1184	1952	2208	
1968	2640	2992	3632	3392	3664	3344	3184	2912	2144	1472	912	0	816	1568	2112	
1552	1840	2272	2960	2864	3248	3072	3088	3040	2368	1648	1184	816	0	800	1280	
1904	1440	2032	2800	2912	3440	3424	3584	3664	3072	2368	1952	1568	800	0	784	
1600	656	1264	2032	2272	2864	2992	3280	3536	3088	2448	2208	2112	1280	784	0	
V3
0	1470	1395	1725	1350	1590	1425	1590	1815	1530	1125	1275	1845	1455	1785	1500	
1470	0	600	1320	1650	2280	2505	2910	3270	2985	2460	2370	2475	1725	1350	615	
1395	600	0	720	1110	1755	2100	2580	3060	2910	2505	2535	2805	2130	1905	1185	
1725	1320	720	0	735	1350	1875	2460	3075	3090	2835	2985	3405	2775	2625	1905	
1350	1650	1110	735	0	645	1140	1740	2385	2490	2355	2610	3180	2685	2730	2130	
1590	2280	1755	1350	645	0	645	1290	2025	2325	2370	2730	3435	3045	3225	2685	
1425	2505	2100	1875	1140	645	0	645	1365	1740	1905	2355	3135	2880	3210	2805	
1590	2910	2580	2460	1740	1290	645	0	735	1260	1620	2130	2985	2895	3360	3075	
1815	3270	3060	3075	2385	2025	1365	735	0	735	1350	1875	2730	2850	3435	3315	
1530	2985	2910	3090	2490	2325	1740	1260	735	0	675	1170	2010	2220	2880	2895	
1125	2460	2505	2835	2355	2370	1905	1620	1350	675	0	525	1380	1545	2220	2295	
1275	2370	2535	2985	2610	2730	2355	2130	1875	1170	525	0	855	1110	1830	2070	
1845	2475	2805	3405	3180	3435	3135	2985	2730	2010	1380	855	0	765	1470	1980	
1455	1725	2130	2775	2685	3045	2880	2895	2850	2220	1545	1110	765	0	750	1200	
1785	1350	1905	2625	2730	3225	3210	3360	3435	2880	2220	1830	1470	750	0	735	
1500	615	1185	1905	2130	2685	2805	3075	3315	2895	2295	2070	1980	1200	735	0	
V4
0	1234	1171	1449	1134	1335	1197	1335	1524	1285	945	1071	1549	1222	1499	1260	
1234	0	504	1108	1386	1915	2104	2444	2746	2507	2066	1990	2079	1449	1134	516	
1171	504	0	604	932	1474	1764	2167	2570	2444	2104	2129	2356	1789	1600	995	
1449	1108	604	0	617	1134	1575	2066	2583	2595	2381	2507	2860	2331	2205	1600	
1134	1386	932	617	0	541	957	1461	2003	2091	1978	2192	2671	2255	2293	1789	
1335	1915	1474	1134	541	0	541	1083	1701	1953	1990	2293	2885	2557	2709	2255	
1197	2104	1764	1575	957	541	0	541	1146	1461	1600	1978	2633	2419	2696	2356	
1335	2444	2167	2066	1461	1083	541	0	617	1058	1360	1789	2507	2431	2822	2583	
1524	2746	2570	2583	2003	1701	1146	617	0	617	1134	1575	2293	2394	2885	2784	
1285	2507	2444	2595	2091	1953	1461	1058	617	0	567	982	1688	1864	2419	2431	
945	2066	2104	2381	1978	1990	1600	1360	1134	567	0	441	1159	1297	1864	1927	
1071	1990	2129	2507	2192	2293	1978	1789	1575	982	441	0	718	932	1537	1738	
1549	2079	2356	2860	2671	2885	2633	2507	2293	1688	1159	718	0	642	1234	1663	
1222	1449	1789	2331	2255	2557	2419	2431	2394	1864	1297	932	642	0	630	1008	
1499	1134	1600	2205	2293	2709	2696	2822	2885	2419	1864	1537	1234	630	0	617	
1260	516	995	1600	1789	2255	2356	2583	2784	2431	1927	1738	1663	1008	617	0	
V5
0	1391	1320	1633	1278	1505	1349	1505	1718	1448	1065	1207	1746	1377	1689	1420	
1391	0	568	1249	1562	2158	2371	2754	3095	2825	2328	2243	2343	1633	1278	582	
1320	568	0	681	1050	1661	1988	2442	2896	2754	2371	2399	2655	2016	1803	1121	
1633	1249	681	0	695	1278	1775	2328	2911	2925	2683	2825	3223	2627	2485	1803	
1278	1562	1050	695	0	610	1079	1647	2257	2357	2229	2470	3010	2541	2584	2016	
1505	2158	1661	1278	610	0	610	1221	1917	2201	2243	2584	3251	2882	3053	2541	
1349	2371	1988	1775	1079	610	0	610	1292	1647	1803	2229	2967	2726	3038	2655	
1505	2754	2442	2328	1647	1221	610	0	695	1192	1533	2016	2825	2740	3180	2911	
1718	3095	2896	2911	2257	1917	1292	695	0	695	1278	1775	2584	2698	3251	3138	
1448	2825	2754	2925	2357	2201	1647	1192	695	0	639	1107	1902	2101	2726	2740	
1065	2328	2371	2683	2229	2243	1803	1533	1278	639	0	497	1306	1462	2101	2172	
1207	2243	2399	2825	2470	2584	2229	2016	1775	1107	497	0	809	1050	1732	1959	
1746	2343	2655	3223	3010	3251	2967	2825	2584	1902	1306	809	0	724	1391	1874	
1377	1633	2016	2627	2541	2882	2726	2740	2698	2101	1462	1050	724	0	710	1136	
1689	1278	1803	2485	2584	3053	3038	3180	3251	2726	2101	1732	1391	710	0	695	
1420	582	1121	1803	2016	2541	2655	2911	3138	2740	2172	1959	1874	1136	695	0	
V6
0	666	632	782	612	720	646	720	822	693	510	578	836	659	809	680	
666	0	272	598	748	1033	1135	1319	1482	1353	1115	1074	1122	782	612	278	
632	272	0	326	503	795	952	1169	1387	1319	1135	1149	1271	965	863	537	
782	598	326	0	333	612	850	1115	1394	1400	1285	1353	1543	1258	1190	863	
612	748	503	333	0	292	516	788	1081	1128	1067	1183	1441	1217	1237	965	
720	1033	795	612	292	0	292	584	918	1054	1074	1237	1557	1380	1462	1217	
646	1135	952	850	516	292	0	292	618	788	863	1067	1421	1305	1455	1271	
720	1319	1169	1115	788	584	292	0	333	571	734	965	1353	1312	1523	1394	
822	1482	1387	1394	1081	918	618	333	0	333	612	850	1237	1292	1557	1502	
693	1353	1319	1400	1128	1054	788	571	333	0	306	530	911	1006	1305	1312	
510	1115	1135	1285	1067	1074	863	734	612	306	0	238	625	700	1006	1040	
578	1074	1149	1353	1183	1237	1067	965	850	530	238	0	387	503	829	938	
836	1122	1271	1543	1441	1557	1421	1353	1237	911	625	387	0	346	666	897	
659	782	965	1258	1217	1380	1305	1312	1292	1006	700	503	346	0	340	544	
809	612	863	1190	1237	1462	1455	1523	1557	1305	1006	829	666	340	0	333	
680	278	537	863	965	1217	1271	1394	1502	1312	1040	938	897	544	333	0	
V7
0	1744	1655	2047	1602	1886	1691	1886	2153	1815	1335	1513	2189	1726	2118	1780	
1744	0	712	1566	1958	2705	2972	3453	3880	3542	2919	2812	2937	2047	1602	729	
1655	712	0	854	1317	2082	2492	3061	3631	3453	2972	3008	3328	2527	2260	1406	
2047	1566	854	0	872	1602	2225	2919	3649	3666	3364	3542	4040	3293	3115	2260	
1602	1958	1317	872	0	765	1352	2064	2830	2954	2794	3097	3773	3186	3239	2527	
1886	2705	2082	1602	765	0	765	1530	2403	2759	2812	3239	4076	3613	3827	3186	
1691	2972	2492	2225	1352	765	0	765	1619	2064	2260	2794	3720	3417	3809	3328	
1886	3453	3061	2919	2064	1530	765	0	872	1495	1922	2527	3542	3435	3987	3649	
2153	3880	3631	3649	2830	2403	1619	872	0	872	1602	2225	3239	3382	4076	3933	
1815	3542	3453	3666	2954	2759	2064	1495	872	0	801	1388	2385	2634	3417	3435	
1335	2919	2972	3364	2794	2812	2260	1922	1602	801	0	623	1637	1833	2634	2723	
1513	2812	3008	3542	3097	3239	2794	2527	2225	1388	623	0	1014	1317	2171	2456	
2189	2937	3328	4040	3773	4076	3720	3542	3239	2385	1637	1014	0	907	1744	2349	
1726	2047	2527	3293	3186	3613	3417	3435	3382	2634	1833	1317	907	0	890	1424	
2118	1602	2260	3115	3239	3827	3809	3987	4076	3417	2634	2171	1744	890	0	872	
1780	729	1406	2260	2527	3186	3328	3649	3933	3435	2723	2456	2349	1424	872	0	
V8
0	1705	1618	2001	1566	1844	1653	1844	2105	1774	1305	1479	2140	1687	2070	1740	
1705	0	696	1531	1914	2644	2905	3375	3793	3462	2853	2749	2871	2001	1566	713	
1618	696	0	835	1287	2035	2436	2992	3549	3375	2905	2940	3253	2470	2209	1374	
2001	1531	835	0	852	1566	2175	2853	3567	3584	3288	3462	3949	3219	3045	2209	
1566	1914	1287	852	0	748	1322	2018	2766	2888	2731	3027	3688	3114	3166	2470	
1844	2644	2035	1566	748	0	748	1496	2349	2697	2749	3166	3984	3532	3741	3114	
1653	2905	2436	2175	1322	748	0	748	1583	2018	2209	2731	3636	3340	3723	3253	
1844	3375	2992	2853	2018	1496	748	0	852	1461	1879	2470	3462	3358	3897	3567	
2105	3793	3549	3567	2766	2349	1583	852	0	852	1566	2175	3166	3306	3984	3845	
1774	3462	3375	3584	2888	2697	2018	1461	852	0	783	1357	2331	2575	3340	3358	
1305	2853	2905	3288	2731	2749	2209	1879	1566	783	0	609	1600	1792	2575	2662	
1479	2749	2940	3462	3027	3166	2731	2470	2175	1357	609	0	991	1287	2122	2401	
2140	2871	3253	3949	3688	3984	3636	3462	3166	2331	1600	991	0	887	1705	2296	
1687	2001	2470	3219	3114	3532	3340	3358	3306	2575	1792	1287	887	0	870	1392	
2070	1566	2209	3045	3166	3741	3723	3897	3984	3340	2575	2122	1705	870	0	852	
1740	713	1374	2209	2470	3114	3253	3567	3845	3358	2662	2401	2296	1392	852	0	
Velocidade_Veiculos
1	1	1	1	1	1	1	1	1	