M: 4
N: 15
Nun_Veiculos: 5
Capacidade_Total: 436
Demanda_Total: 277
Setup_Min: 1
Setup_Max: 9
Raio: 100
Circulos: 1
Tempo_Processamento_Min: 1
Tempo_Processamento_Max: 49
Demanda_Min: 10
Demanda_Max: 30
Priority_Factor: 0.2
Range_Factor_R: 0.8
U_factor: 2
ALpha: 0.2Replicao: 0
Tempos_Processamentos
0	0	1	0	2	0	3	0	
0	3	1	1	2	5	3	18	
0	4	1	47	2	40	3	6	
0	5	1	46	2	42	3	30	
0	46	1	49	2	43	3	45	
0	5	1	15	2	46	3	32	
0	41	1	8	2	26	3	41	
0	20	1	13	2	35	3	40	
0	13	1	25	2	41	3	9	
0	21	1	19	2	31	3	28	
0	7	1	6	2	18	3	28	
0	25	1	17	2	33	3	20	
0	26	1	27	2	40	3	14	
0	9	1	45	2	18	3	46	
0	37	1	23	2	29	3	17	
0	42	1	39	2	34	3	26	

Tempos_setup
M0
0	0	0	0	0	0	0	0	0	0	0	0	0	0	0	0	
0	0	5	5	4	5	1	3	2	3	3	3	3	2	3	3	
0	2	0	4	2	3	1	4	2	3	3	3	3	2	1	2	
0	5	3	0	4	5	4	5	3	4	2	4	1	3	4	4	
0	4	4	3	0	1	3	3	2	3	1	3	4	1	3	2	
0	4	6	4	5	0	2	4	2	3	4	3	4	3	3	4	
0	3	4	4	3	4	0	3	1	2	2	2	2	1	2	2	
0	5	4	4	4	4	5	0	3	4	2	3	2	4	4	4	
0	2	4	4	5	3	3	2	0	1	2	1	2	4	1	3	
0	4	4	4	4	5	3	4	2	0	1	3	2	4	3	2	
0	3	5	5	3	4	4	3	1	2	0	2	3	4	2	4	
0	6	4	6	4	2	4	6	4	5	5	0	6	4	5	2	
0	4	2	2	4	5	3	4	2	3	1	3	0	4	3	4	
0	4	6	5	2	3	5	5	4	4	3	2	6	0	3	1	
0	1	5	3	5	4	2	3	1	2	3	2	3	3	0	4	
0	6	5	6	5	3	5	5	5	3	4	1	5	3	5	0	
M1
0	0	0	0	0	0	0	0	0	0	0	0	0	0	0	0	
0	0	2	1	3	3	2	2	2	2	4	3	1	4	4	3	
0	5	0	2	5	6	4	4	3	3	4	4	4	5	4	2	
0	4	1	0	3	4	2	2	1	1	3	2	3	3	3	2	
0	4	1	2	0	5	3	2	3	3	3	4	2	4	5	3	
0	2	4	3	4	0	4	1	4	4	4	4	3	4	5	4	
0	4	4	5	4	2	0	3	4	5	3	4	4	4	5	2	
0	4	5	5	4	4	5	0	6	6	3	5	5	3	5	5	
0	3	1	2	3	4	2	2	0	1	2	1	2	3	2	1	
0	3	2	1	2	3	1	3	2	0	4	1	2	2	2	3	
0	1	3	2	2	2	3	1	3	3	0	3	2	1	2	4	
0	2	4	3	3	3	2	2	3	4	5	0	1	5	1	4	
0	2	3	3	2	3	1	1	2	3	4	3	0	4	4	3	
0	3	2	3	1	1	2	1	4	4	4	2	3	0	3	4	
0	1	3	2	4	2	3	3	2	3	4	3	2	5	0	3	
0	3	4	4	4	4	3	3	4	5	2	5	2	3	4	0	
M2
0	0	0	0	0	0	0	0	0	0	0	0	0	0	0	0	
0	0	3	4	1	4	3	2	4	3	4	2	4	3	4	6	
0	6	0	5	5	5	5	5	6	4	4	4	6	5	5	4	
0	5	5	0	4	4	4	4	1	4	3	5	2	4	4	3	
0	2	2	3	0	3	2	1	3	2	3	1	3	2	3	5	
0	2	4	5	2	0	4	2	3	1	3	1	4	1	2	5	
0	4	4	1	2	3	0	3	1	4	4	1	1	2	3	3	
0	5	6	4	5	3	3	0	2	4	2	4	3	4	5	4	
0	4	4	2	3	5	3	4	0	5	4	4	1	3	4	2	
0	4	3	5	4	2	4	1	3	0	3	3	4	3	3	5	
0	3	5	3	3	1	3	3	3	2	0	2	4	2	3	2	
0	3	3	4	1	2	3	2	2	3	3	0	3	1	2	4	
0	4	5	2	3	4	3	4	3	5	5	4	0	3	4	2	
0	4	4	5	2	3	4	2	3	4	2	1	4	0	1	4	
0	3	4	5	2	4	4	1	3	4	3	3	4	4	0	4	
0	2	3	2	1	4	1	2	2	3	3	2	2	1	2	0	
M3
0	0	0	0	0	0	0	0	0	0	0	0	0	0	0	0	
0	0	4	5	4	4	3	4	3	5	2	4	4	3	3	2	
0	3	0	2	2	1	3	1	3	1	4	3	2	4	4	3	
0	1	1	0	3	2	4	2	4	2	3	3	3	4	4	3	
0	3	3	2	0	4	6	4	2	4	4	5	5	3	3	5	
0	3	2	2	1	0	5	2	2	1	4	4	3	3	4	4	
0	3	3	2	3	2	0	4	4	3	4	5	1	3	4	3	
0	2	2	1	2	2	3	0	3	3	3	2	1	3	4	2	
0	1	3	3	1	2	4	4	0	3	2	5	3	1	3	3	
0	3	1	2	2	2	4	1	2	0	4	3	2	3	3	3	
0	5	3	4	5	4	6	3	6	4	0	5	4	4	6	5	
0	2	3	2	2	2	4	1	1	3	3	0	2	2	4	3	
0	5	3	4	4	3	5	3	4	4	5	5	0	2	6	4	
0	3	3	2	2	1	3	3	3	2	4	5	2	0	5	5	
0	4	5	4	4	4	4	4	3	5	4	6	2	3	0	4	
0	2	2	3	3	3	1	2	2	3	1	4	2	3	2	0	
Tamanho_Tarefas
0	6	16	28	45	11	14	13	9	19	13	23	16	16	20	28	
Data_Entrega
0	203	202	192	174	187	178	200	205	188	190	173	175	180	188	197	
Penalidade_Atraso
0	20	1	10	17	3	18	13	20	12	16	14	8	11	10	3	
Capacidade_Veiculo
61	123	63	79	110	
Custo_Fixo_Veiculo
610	1230	630	790	1100	
Coordenadas_Clientes
x	0	y	0
x	101	y	0
x	77	y	34
x	64	y	72
x	25	y	79
x	-12	y	122
x	-45	y	78
x	-93	y	67
x	-114	y	24
x	-103	y	-22
x	-60	y	-44
x	-61	y	-107
x	-10	y	-100
x	30	y	-95
x	78	y	-87
x	92	y	-41
Tempo_Viagem
0	101	84	96	82	122	90	114	116	105	74	123	100	99	116	100	
101	0	41	80	109	165	165	205	216	205	166	194	149	118	89	41	
84	41	0	40	68	124	129	173	191	188	157	197	159	137	121	76	
96	80	40	0	39	90	109	157	184	191	169	218	187	170	159	116	
82	109	68	39	0	56	70	118	149	163	149	204	182	174	174	137	
122	165	124	90	56	0	55	97	141	170	172	234	222	221	227	193	
90	165	129	109	70	55	0	49	87	115	122	185	181	188	205	181	
114	205	173	157	118	97	49	0	47	89	115	176	186	203	230	214	
116	216	191	184	149	141	87	47	0	47	86	141	161	186	221	216	
105	205	188	191	163	170	115	89	47	0	48	94	121	151	192	195	
74	166	157	169	149	172	122	115	86	48	0	63	75	103	144	152	
123	194	197	218	204	234	185	176	141	94	63	0	51	91	139	166	
100	149	159	187	182	222	181	186	161	121	75	51	0	40	88	117	
99	118	137	170	174	221	188	203	186	151	103	91	40	0	48	82	
116	89	121	159	174	227	205	230	221	192	144	139	88	48	0	48	
100	41	76	116	137	193	181	214	216	195	152	166	117	82	48	0	
Custo_Viagem
V0
0	1232	1024	1171	1000	1488	1098	1390	1415	1281	902	1500	1220	1207	1415	1220	
1232	0	500	976	1329	2025	2013	2501	2635	2501	2025	2366	1817	1439	1085	500	
1024	500	0	488	829	1525	1573	2110	2330	2293	1915	2403	1939	1671	1476	927	
1171	976	488	0	475	1098	1329	1915	2244	2330	2061	2659	2281	2074	1939	1415	
1000	1329	829	475	0	683	854	1439	1817	1988	1817	2488	2220	2122	2122	1671	
1488	2025	1525	1098	683	0	671	1183	1720	2074	2098	2854	2708	2696	2769	2354	
1098	2013	1573	1329	854	671	0	597	1061	1403	1488	2257	2208	2293	2501	2208	
1390	2501	2110	1915	1439	1183	597	0	573	1085	1403	2147	2269	2476	2806	2610	
1415	2635	2330	2244	1817	1720	1061	573	0	573	1049	1720	1964	2269	2696	2635	
1281	2501	2293	2330	1988	2074	1403	1085	573	0	585	1146	1476	1842	2342	2379	
902	2025	1915	2061	1817	2098	1488	1403	1049	585	0	768	915	1256	1756	1854	
1500	2366	2403	2659	2488	2854	2257	2147	1720	1146	768	0	622	1110	1708	2025	
1220	1817	1939	2281	2220	2708	2208	2269	1964	1476	915	622	0	488	1073	1427	
1207	1439	1671	2074	2122	2696	2293	2476	2269	1842	1256	1110	488	0	585	1000	
1415	1085	1476	1939	2122	2769	2501	2806	2696	2342	1756	1708	1073	585	0	585	
1220	500	927	1415	1671	2354	2208	2610	2635	2379	1854	2025	1427	1000	585	0	
V1
0	2484	2066	2361	2017	3001	2214	2804	2853	2583	1820	3025	2460	2435	2853	2460	
2484	0	1008	1968	2681	4083	4059	5043	5313	5043	4083	4772	3665	2902	2189	1008	
2066	1008	0	984	1672	3075	3173	4255	4698	4624	3862	4846	3911	3370	2976	1869	
2361	1968	984	0	959	2214	2681	3862	4526	4698	4157	5362	4600	4182	3911	2853	
2017	2681	1672	959	0	1377	1722	2902	3665	4009	3665	5018	4477	4280	4280	3370	
3001	4083	3075	2214	1377	0	1353	2386	3468	4182	4231	5756	5461	5436	5584	4747	
2214	4059	3173	2681	1722	1353	0	1205	2140	2829	3001	4551	4452	4624	5043	4452	
2804	5043	4255	3862	2902	2386	1205	0	1156	2189	2829	4329	4575	4993	5658	5264	
2853	5313	4698	4526	3665	3468	2140	1156	0	1156	2115	3468	3960	4575	5436	5313	
2583	5043	4624	4698	4009	4182	2829	2189	1156	0	1180	2312	2976	3714	4723	4797	
1820	4083	3862	4157	3665	4231	3001	2829	2115	1180	0	1549	1845	2533	3542	3739	
3025	4772	4846	5362	5018	5756	4551	4329	3468	2312	1549	0	1254	2238	3444	4083	
2460	3665	3911	4600	4477	5461	4452	4575	3960	2976	1845	1254	0	984	2164	2878	
2435	2902	3370	4182	4280	5436	4624	4993	4575	3714	2533	2238	984	0	1180	2017	
2853	2189	2976	3911	4280	5584	5043	5658	5436	4723	3542	3444	2164	1180	0	1180	
2460	1008	1869	2853	3370	4747	4452	5264	5313	4797	3739	4083	2878	2017	1180	0	
V2
0	1272	1058	1209	1033	1537	1134	1436	1461	1323	932	1549	1260	1247	1461	1260	
1272	0	516	1008	1373	2091	2079	2583	2721	2583	2091	2444	1877	1486	1121	516	
1058	516	0	504	856	1575	1625	2179	2406	2368	1978	2482	2003	1726	1524	957	
1209	1008	504	0	491	1134	1373	1978	2318	2406	2129	2746	2356	2142	2003	1461	
1033	1373	856	491	0	705	882	1486	1877	2053	1877	2570	2293	2192	2192	1726	
1537	2091	1575	1134	705	0	693	1222	1776	2142	2167	2948	2797	2784	2860	2431	
1134	2079	1625	1373	882	693	0	617	1096	1449	1537	2331	2280	2368	2583	2280	
1436	2583	2179	1978	1486	1222	617	0	592	1121	1449	2217	2343	2557	2898	2696	
1461	2721	2406	2318	1877	1776	1096	592	0	592	1083	1776	2028	2343	2784	2721	
1323	2583	2368	2406	2053	2142	1449	1121	592	0	604	1184	1524	1902	2419	2457	
932	2091	1978	2129	1877	2167	1537	1449	1083	604	0	793	945	1297	1814	1915	
1549	2444	2482	2746	2570	2948	2331	2217	1776	1184	793	0	642	1146	1764	2091	
1260	1877	2003	2356	2293	2797	2280	2343	2028	1524	945	642	0	504	1108	1474	
1247	1486	1726	2142	2192	2784	2368	2557	2343	1902	1297	1146	504	0	604	1033	
1461	1121	1524	2003	2192	2860	2583	2898	2784	2419	1814	1764	1108	604	0	604	
1260	516	957	1461	1726	2431	2280	2696	2721	2457	1915	2091	1474	1033	604	0	
V3
0	1595	1327	1516	1295	1927	1422	1801	1832	1659	1169	1943	1580	1564	1832	1580	
1595	0	647	1264	1722	2622	2607	3239	3412	3239	2622	3065	2354	1864	1406	647	
1327	647	0	632	1074	1975	2038	2733	3017	2970	2480	3112	2512	2164	1911	1200	
1516	1264	632	0	616	1422	1722	2480	2907	3017	2670	3444	2954	2686	2512	1832	
1295	1722	1074	616	0	884	1106	1864	2354	2575	2354	3223	2875	2749	2749	2164	
1927	2622	1975	1422	884	0	869	1532	2227	2686	2717	3697	3507	3491	3586	3049	
1422	2607	2038	1722	1106	869	0	774	1374	1817	1927	2923	2859	2970	3239	2859	
1801	3239	2733	2480	1864	1532	774	0	742	1406	1817	2780	2938	3207	3634	3381	
1832	3412	3017	2907	2354	2227	1374	742	0	742	1358	2227	2543	2938	3491	3412	
1659	3239	2970	3017	2575	2686	1817	1406	742	0	758	1485	1911	2385	3033	3081	
1169	2622	2480	2670	2354	2717	1927	1817	1358	758	0	995	1185	1627	2275	2401	
1943	3065	3112	3444	3223	3697	2923	2780	2227	1485	995	0	805	1437	2212	2622	
1580	2354	2512	2954	2875	3507	2859	2938	2543	1911	1185	805	0	632	1390	1848	
1564	1864	2164	2686	2749	3491	2970	3207	2938	2385	1627	1437	632	0	758	1295	
1832	1406	1911	2512	2749	3586	3239	3634	3491	3033	2275	2212	1390	758	0	758	
1580	647	1200	1832	2164	3049	2859	3381	3412	3081	2401	2622	1848	1295	758	0	
V4
0	2222	1848	2112	1804	2684	1980	2508	2552	2310	1628	2706	2200	2178	2552	2200	
2222	0	902	1760	2398	3652	3630	4510	4752	4510	3652	4268	3278	2596	1958	902	
1848	902	0	880	1496	2750	2838	3806	4202	4136	3454	4334	3498	3014	2662	1672	
2112	1760	880	0	858	1980	2398	3454	4048	4202	3718	4796	4114	3740	3498	2552	
1804	2398	1496	858	0	1232	1540	2596	3278	3586	3278	4488	4004	3828	3828	3014	
2684	3652	2750	1980	1232	0	1210	2134	3102	3740	3784	5148	4884	4862	4994	4246	
1980	3630	2838	2398	1540	1210	0	1078	1914	2530	2684	4070	3982	4136	4510	3982	
2508	4510	3806	3454	2596	2134	1078	0	1034	1958	2530	3872	4092	4466	5060	4708	
2552	4752	4202	4048	3278	3102	1914	1034	0	1034	1892	3102	3542	4092	4862	4752	
2310	4510	4136	4202	3586	3740	2530	1958	1034	0	1056	2068	2662	3322	4224	4290	
1628	3652	3454	3718	3278	3784	2684	2530	1892	1056	0	1386	1650	2266	3168	3344	
2706	4268	4334	4796	4488	5148	4070	3872	3102	2068	1386	0	1122	2002	3080	3652	
2200	3278	3498	4114	4004	4884	3982	4092	3542	2662	1650	1122	0	880	1936	2574	
2178	2596	3014	3740	3828	4862	4136	4466	4092	3322	2266	2002	880	0	1056	1804	
2552	1958	2662	3498	3828	4994	4510	5060	4862	4224	3168	3080	1936	1056	0	1056	
2200	902	1672	2552	3014	4246	3982	4708	4752	4290	3344	3652	2574	1804	1056	0	
Velocidade_Veiculos
1	1	1	1	1	