M: 4
N: 15
Nun_Veiculos: 6
Capacidade_Total: 485
Demanda_Total: 255
Setup_Min: 1
Setup_Max: 9
Raio: 100
Circulos: 1
Tempo_Processamento_Min: 1
Tempo_Processamento_Max: 49
Demanda_Min: 10
Demanda_Max: 30
Priority_Factor: 0.2
Range_Factor_R: 0.8
U_factor: 2
ALpha: 0.2Replicao: 2
Tempos_Processamentos
0	0	1	0	2	0	3	0	
0	13	1	5	2	3	3	42	
0	10	1	35	2	8	3	29	
0	49	1	31	2	25	3	44	
0	18	1	13	2	21	3	48	
0	13	1	34	2	36	3	13	
0	48	1	44	2	10	3	32	
0	6	1	4	2	34	3	3	
0	46	1	11	2	21	3	17	
0	9	1	13	2	29	3	36	
0	5	1	14	2	1	3	7	
0	13	1	42	2	27	3	49	
0	46	1	46	2	5	3	5	
0	37	1	15	2	26	3	2	
0	17	1	9	2	13	3	18	
0	1	1	27	2	2	3	48	

Tempos_setup
M0
0	0	0	0	0	0	0	0	0	0	0	0	0	0	0	0	
0	0	1	1	3	2	1	2	3	2	2	2	2	2	4	1	
0	5	0	3	3	3	1	1	4	2	3	3	3	4	3	3	
0	3	3	0	2	1	2	1	2	2	1	2	1	1	4	2	
0	6	4	4	0	4	2	4	5	3	4	5	5	5	6	4	
0	3	3	4	1	0	3	4	1	4	2	1	2	3	5	2	
0	4	3	2	4	3	0	2	4	1	3	3	3	3	6	2	
0	5	3	3	2	2	3	0	3	1	2	2	2	3	5	2	
0	2	2	3	4	4	3	3	0	4	4	1	4	3	5	1	
0	5	2	2	4	3	3	3	4	0	3	2	3	3	5	1	
0	3	2	4	5	5	3	3	4	4	0	5	5	5	3	4	
0	7	5	7	7	8	6	6	5	5	4	0	6	6	7	4	
0	6	4	4	3	5	5	3	6	4	5	1	0	4	5	5	
0	2	2	3	4	4	1	3	5	2	4	2	2	0	5	1	
0	3	3	4	5	5	3	4	1	4	2	2	5	4	0	2	
0	4	1	4	3	4	2	2	5	3	4	1	4	2	4	0	
M1
0	0	0	0	0	0	0	0	0	0	0	0	0	0	0	0	
0	0	5	3	3	1	2	2	3	1	2	1	3	2	4	3	
0	3	0	3	5	2	3	3	4	4	4	4	1	3	2	4	
0	1	5	0	3	2	2	2	4	2	2	2	2	3	4	1	
0	1	4	4	0	2	3	3	4	2	3	2	1	3	3	4	
0	1	4	3	4	0	1	1	4	2	3	2	3	3	3	2	
0	4	4	5	6	3	0	4	6	5	5	5	2	5	4	4	
0	4	3	3	3	5	4	0	4	3	4	3	4	3	2	4	
0	2	3	3	3	1	2	1	0	3	4	3	4	3	2	3	
0	2	5	2	5	3	3	2	4	0	4	3	3	3	4	3	
0	2	4	2	1	3	4	1	3	3	0	3	2	4	3	3	
0	3	4	3	2	4	5	2	4	4	1	0	3	4	4	3	
0	2	5	3	5	1	2	2	4	3	4	3	0	3	2	3	
0	2	3	3	2	2	1	2	1	3	1	3	1	0	3	4	
0	2	4	1	3	3	2	3	2	3	2	3	2	1	0	2	
0	2	4	1	2	2	3	1	4	3	1	3	1	4	3	0	
M2
0	0	0	0	0	0	0	0	0	0	0	0	0	0	0	0	
0	0	2	2	2	1	4	3	2	3	4	2	4	4	1	3	
0	3	0	3	1	4	3	5	4	3	3	1	2	3	2	2	
0	2	4	0	2	3	4	3	4	1	4	4	6	2	1	3	
0	2	4	2	0	3	6	5	3	3	3	4	6	4	1	1	
0	1	2	3	3	0	3	3	1	3	4	1	3	3	2	4	
0	2	3	4	3	3	0	4	3	1	2	2	3	2	3	3	
0	4	4	2	2	3	5	0	4	3	1	3	5	1	1	3	
0	3	4	4	4	2	5	2	0	5	3	3	5	3	3	5	
0	1	3	3	3	2	3	4	3	0	5	3	5	1	2	2	
0	3	3	3	1	4	4	2	4	4	0	2	4	3	2	2	
0	3	1	4	2	4	2	5	4	2	3	0	2	2	3	3	
0	2	3	4	2	3	2	3	2	1	1	3	0	2	3	2	
0	3	3	5	3	2	5	5	3	5	6	3	5	0	4	2	
0	3	5	1	3	4	5	4	5	2	5	5	6	3	0	4	
0	5	5	3	5	4	6	4	2	4	5	4	6	5	2	0	
M3
0	0	0	0	0	0	0	0	0	0	0	0	0	0	0	0	
0	0	1	2	1	1	3	3	4	2	2	2	4	4	2	2	
0	2	0	1	3	3	2	3	4	3	4	1	4	3	2	3	
0	1	2	0	2	2	1	2	3	2	3	3	4	3	1	3	
0	2	3	1	0	2	2	3	3	3	3	4	3	4	1	3	
0	1	2	3	2	0	4	3	3	3	1	3	4	3	3	1	
0	4	4	3	2	4	0	2	2	1	5	2	3	2	3	3	
0	2	2	3	3	3	4	0	6	4	3	3	5	5	4	1	
0	4	2	3	3	3	4	5	0	4	3	3	2	3	2	1	
0	3	3	2	1	3	1	1	3	0	4	1	2	3	2	2	
0	4	3	4	5	3	5	2	3	6	0	4	5	2	5	2	
0	3	4	2	4	2	2	4	4	3	3	0	5	4	1	3	
0	3	4	2	1	2	3	3	4	2	2	3	0	3	1	3	
0	3	3	2	3	4	3	4	1	4	4	4	3	0	3	2	
0	2	3	4	3	1	2	4	4	3	2	4	5	4	0	2	
0	3	1	2	3	4	3	4	5	4	2	2	4	4	3	0	
Tamanho_Tarefas
0	10	17	33	17	24	20	6	20	19	6	21	25	19	13	5	
Data_Entrega
0	171	162	169	175	166	160	172	157	166	178	173	174	159	160	160	
Penalidade_Atraso
0	1	8	7	20	9	10	6	3	10	16	16	13	10	4	20	
Capacidade_Veiculo
95	75	66	98	98	53	
Custo_Fixo_Veiculo
950	750	660	980	980	530	
Coordenadas_Clientes
x	0	y	0
x	122	y	0
x	90	y	40
x	82	y	92
x	25	y	77
x	-7	y	75
x	-44	y	77
x	-67	y	48
x	-91	y	19
x	-79	y	-16
x	-93	y	-68
x	-45	y	-78
x	-10	y	-96
x	34	y	-107
x	52	y	-57
x	100	y	-44
Tempo_Viagem
0	122	98	123	80	75	88	82	92	80	115	90	96	112	77	109	
122	0	51	100	123	149	182	195	213	201	225	184	163	138	90	49	
98	51	0	52	74	103	139	157	182	178	212	179	168	157	104	84	
123	100	52	0	58	90	126	154	187	193	237	212	209	204	151	136	
80	123	74	58	0	32	69	96	129	139	186	170	176	184	136	142	
75	149	103	90	32	0	37	65	100	116	166	157	171	186	144	160	
88	182	139	126	69	37	0	37	74	99	152	155	176	199	164	188	
82	195	157	154	96	65	37	0	37	65	118	127	154	185	158	190	
92	213	182	187	129	100	74	37	0	37	87	107	140	177	161	201	
80	201	178	193	139	116	99	65	37	0	53	70	105	145	137	181	
115	225	212	237	186	166	152	118	87	53	0	49	87	132	145	194	
90	184	179	212	170	157	155	127	107	70	49	0	39	84	99	148	
96	163	168	209	176	171	176	154	140	105	87	39	0	45	73	121	
112	138	157	204	184	186	199	185	177	145	132	84	45	0	53	91	
77	90	104	151	136	144	164	158	161	137	145	99	73	53	0	49	
109	49	84	136	142	160	188	190	201	181	194	148	121	91	49	0	
Custo_Viagem
V0
0	2318	1862	2337	1520	1425	1672	1558	1748	1520	2185	1710	1824	2128	1463	2071	
2318	0	969	1900	2337	2831	3458	3705	4047	3819	4275	3496	3097	2622	1710	931	
1862	969	0	988	1406	1957	2641	2983	3458	3382	4028	3401	3192	2983	1976	1596	
2337	1900	988	0	1102	1710	2394	2945	3553	3667	4503	4028	3971	3876	2869	2603	
1520	2337	1406	1102	0	608	1311	1824	2451	2641	3534	3230	3344	3496	2584	2698	
1425	2831	1957	1710	608	0	703	1235	1900	2204	3154	2983	3249	3534	2736	3040	
1672	3458	2641	2394	1311	703	0	703	1406	1881	2907	2945	3344	3781	3116	3572	
1558	3705	2983	2945	1824	1235	703	0	703	1235	2242	2413	2926	3515	3002	3610	
1748	4047	3458	3553	2451	1900	1406	703	0	703	1653	2033	2660	3363	3059	3819	
1520	3819	3382	3667	2641	2204	1881	1235	703	0	1007	1330	1995	2755	2603	3439	
2185	4275	4028	4503	3534	3154	2907	2242	1653	1007	0	931	1653	2508	2755	3686	
1710	3496	3401	4028	3230	2983	2945	2413	2033	1330	931	0	741	1596	1881	2812	
1824	3097	3192	3971	3344	3249	3344	2926	2660	1995	1653	741	0	855	1387	2299	
2128	2622	2983	3876	3496	3534	3781	3515	3363	2755	2508	1596	855	0	1007	1729	
1463	1710	1976	2869	2584	2736	3116	3002	3059	2603	2755	1881	1387	1007	0	931	
2071	931	1596	2603	2698	3040	3572	3610	3819	3439	3686	2812	2299	1729	931	0	
V1
0	1830	1470	1845	1200	1125	1320	1230	1380	1200	1725	1350	1440	1680	1155	1635	
1830	0	765	1500	1845	2235	2730	2925	3195	3015	3375	2760	2445	2070	1350	735	
1470	765	0	780	1110	1545	2085	2355	2730	2670	3180	2685	2520	2355	1560	1260	
1845	1500	780	0	870	1350	1890	2325	2805	2895	3555	3180	3135	3060	2265	2055	
1200	1845	1110	870	0	480	1035	1440	1935	2085	2790	2550	2640	2760	2040	2130	
1125	2235	1545	1350	480	0	555	975	1500	1740	2490	2355	2565	2790	2160	2400	
1320	2730	2085	1890	1035	555	0	555	1110	1485	2295	2325	2640	2985	2460	2820	
1230	2925	2355	2325	1440	975	555	0	555	975	1770	1905	2310	2775	2370	2850	
1380	3195	2730	2805	1935	1500	1110	555	0	555	1305	1605	2100	2655	2415	3015	
1200	3015	2670	2895	2085	1740	1485	975	555	0	795	1050	1575	2175	2055	2715	
1725	3375	3180	3555	2790	2490	2295	1770	1305	795	0	735	1305	1980	2175	2910	
1350	2760	2685	3180	2550	2355	2325	1905	1605	1050	735	0	585	1260	1485	2220	
1440	2445	2520	3135	2640	2565	2640	2310	2100	1575	1305	585	0	675	1095	1815	
1680	2070	2355	3060	2760	2790	2985	2775	2655	2175	1980	1260	675	0	795	1365	
1155	1350	1560	2265	2040	2160	2460	2370	2415	2055	2175	1485	1095	795	0	735	
1635	735	1260	2055	2130	2400	2820	2850	3015	2715	2910	2220	1815	1365	735	0	
V2
0	1610	1293	1623	1056	990	1161	1082	1214	1056	1518	1188	1267	1478	1016	1438	
1610	0	673	1320	1623	1966	2402	2574	2811	2653	2970	2428	2151	1821	1188	646	
1293	673	0	686	976	1359	1834	2072	2402	2349	2798	2362	2217	2072	1372	1108	
1623	1320	686	0	765	1188	1663	2046	2468	2547	3128	2798	2758	2692	1993	1808	
1056	1623	976	765	0	422	910	1267	1702	1834	2455	2244	2323	2428	1795	1874	
990	1966	1359	1188	422	0	488	858	1320	1531	2191	2072	2257	2455	1900	2112	
1161	2402	1834	1663	910	488	0	488	976	1306	2019	2046	2323	2626	2164	2481	
1082	2574	2072	2046	1267	858	488	0	488	858	1557	1676	2032	2442	2085	2508	
1214	2811	2402	2468	1702	1320	976	488	0	488	1148	1412	1848	2336	2125	2653	
1056	2653	2349	2547	1834	1531	1306	858	488	0	699	924	1386	1914	1808	2389	
1518	2970	2798	3128	2455	2191	2019	1557	1148	699	0	646	1148	1742	1914	2560	
1188	2428	2362	2798	2244	2072	2046	1676	1412	924	646	0	514	1108	1306	1953	
1267	2151	2217	2758	2323	2257	2323	2032	1848	1386	1148	514	0	594	963	1597	
1478	1821	2072	2692	2428	2455	2626	2442	2336	1914	1742	1108	594	0	699	1201	
1016	1188	1372	1993	1795	1900	2164	2085	2125	1808	1914	1306	963	699	0	646	
1438	646	1108	1808	1874	2112	2481	2508	2653	2389	2560	1953	1597	1201	646	0	
V3
0	2391	1920	2410	1568	1470	1724	1607	1803	1568	2254	1764	1881	2195	1509	2136	
2391	0	999	1960	2410	2920	3567	3822	4174	3939	4410	3606	3194	2704	1764	960	
1920	999	0	1019	1450	2018	2724	3077	3567	3488	4155	3508	3292	3077	2038	1646	
2410	1960	1019	0	1136	1764	2469	3038	3665	3782	4645	4155	4096	3998	2959	2685	
1568	2410	1450	1136	0	627	1352	1881	2528	2724	3645	3332	3449	3606	2665	2783	
1470	2920	2018	1764	627	0	725	1274	1960	2273	3253	3077	3351	3645	2822	3136	
1724	3567	2724	2469	1352	725	0	725	1450	1940	2998	3038	3449	3900	3214	3684	
1607	3822	3077	3038	1881	1274	725	0	725	1274	2312	2489	3018	3626	3096	3724	
1803	4174	3567	3665	2528	1960	1450	725	0	725	1705	2097	2744	3469	3155	3939	
1568	3939	3488	3782	2724	2273	1940	1274	725	0	1038	1372	2058	2842	2685	3547	
2254	4410	4155	4645	3645	3253	2998	2312	1705	1038	0	960	1705	2587	2842	3802	
1764	3606	3508	4155	3332	3077	3038	2489	2097	1372	960	0	764	1646	1940	2900	
1881	3194	3292	4096	3449	3351	3449	3018	2744	2058	1705	764	0	882	1430	2371	
2195	2704	3077	3998	3606	3645	3900	3626	3469	2842	2587	1646	882	0	1038	1783	
1509	1764	2038	2959	2665	2822	3214	3096	3155	2685	2842	1940	1430	1038	0	960	
2136	960	1646	2685	2783	3136	3684	3724	3939	3547	3802	2900	2371	1783	960	0	
V4
0	2391	1920	2410	1568	1470	1724	1607	1803	1568	2254	1764	1881	2195	1509	2136	
2391	0	999	1960	2410	2920	3567	3822	4174	3939	4410	3606	3194	2704	1764	960	
1920	999	0	1019	1450	2018	2724	3077	3567	3488	4155	3508	3292	3077	2038	1646	
2410	1960	1019	0	1136	1764	2469	3038	3665	3782	4645	4155	4096	3998	2959	2685	
1568	2410	1450	1136	0	627	1352	1881	2528	2724	3645	3332	3449	3606	2665	2783	
1470	2920	2018	1764	627	0	725	1274	1960	2273	3253	3077	3351	3645	2822	3136	
1724	3567	2724	2469	1352	725	0	725	1450	1940	2998	3038	3449	3900	3214	3684	
1607	3822	3077	3038	1881	1274	725	0	725	1274	2312	2489	3018	3626	3096	3724	
1803	4174	3567	3665	2528	1960	1450	725	0	725	1705	2097	2744	3469	3155	3939	
1568	3939	3488	3782	2724	2273	1940	1274	725	0	1038	1372	2058	2842	2685	3547	
2254	4410	4155	4645	3645	3253	2998	2312	1705	1038	0	960	1705	2587	2842	3802	
1764	3606	3508	4155	3332	3077	3038	2489	2097	1372	960	0	764	1646	1940	2900	
1881	3194	3292	4096	3449	3351	3449	3018	2744	2058	1705	764	0	882	1430	2371	
2195	2704	3077	3998	3606	3645	3900	3626	3469	2842	2587	1646	882	0	1038	1783	
1509	1764	2038	2959	2665	2822	3214	3096	3155	2685	2842	1940	1430	1038	0	960	
2136	960	1646	2685	2783	3136	3684	3724	3939	3547	3802	2900	2371	1783	960	0	
V5
0	1293	1038	1303	848	795	932	869	975	848	1219	954	1017	1187	816	1155	
1293	0	540	1060	1303	1579	1929	2067	2257	2130	2385	1950	1727	1462	954	519	
1038	540	0	551	784	1091	1473	1664	1929	1886	2247	1897	1780	1664	1102	890	
1303	1060	551	0	614	954	1335	1643	1982	2045	2512	2247	2215	2162	1600	1452	
848	1303	784	614	0	339	731	1017	1367	1473	1971	1802	1865	1950	1441	1505	
795	1579	1091	954	339	0	392	689	1060	1229	1759	1664	1812	1971	1526	1696	
932	1929	1473	1335	731	392	0	392	784	1049	1621	1643	1865	2109	1738	1992	
869	2067	1664	1643	1017	689	392	0	392	689	1250	1346	1632	1961	1674	2014	
975	2257	1929	1982	1367	1060	784	392	0	392	922	1134	1484	1876	1706	2130	
848	2130	1886	2045	1473	1229	1049	689	392	0	561	742	1113	1537	1452	1918	
1219	2385	2247	2512	1971	1759	1621	1250	922	561	0	519	922	1399	1537	2056	
954	1950	1897	2247	1802	1664	1643	1346	1134	742	519	0	413	890	1049	1568	
1017	1727	1780	2215	1865	1812	1865	1632	1484	1113	922	413	0	477	773	1282	
1187	1462	1664	2162	1950	1971	2109	1961	1876	1537	1399	890	477	0	561	964	
816	954	1102	1600	1441	1526	1738	1674	1706	1452	1537	1049	773	561	0	519	
1155	519	890	1452	1505	1696	1992	2014	2130	1918	2056	1568	1282	964	519	0	
Velocidade_Veiculos
1	1	1	1	1	1	