M: 4
N: 15
Nun_Veiculos: 6
Capacidade_Total: 432
Demanda_Total: 275
Setup_Min: 1
Setup_Max: 99
Raio: 20
Circulos: 1
Tempo_Processamento_Min: 1
Tempo_Processamento_Max: 49
Demanda_Min: 10
Demanda_Max: 30
Priority_Factor: 0.2
Range_Factor_R: 0.8
U_factor: 2
ALpha: 0.2Replicao: 0
Tempos_Processamentos
0	0	1	0	2	0	3	0	
0	12	1	22	2	18	3	43	
0	11	1	32	2	40	3	38	
0	19	1	3	2	23	3	4	
0	27	1	39	2	16	3	26	
0	4	1	32	2	6	3	35	
0	28	1	31	2	44	3	32	
0	19	1	38	2	23	3	27	
0	40	1	46	2	40	3	15	
0	13	1	35	2	29	3	11	
0	3	1	28	2	19	3	22	
0	44	1	13	2	1	3	35	
0	37	1	46	2	46	3	23	
0	11	1	8	2	2	3	21	
0	40	1	13	2	36	3	1	
0	49	1	2	2	16	3	35	

Tempos_setup
M0
0	0	0	0	0	0	0	0	0	0	0	0	0	0	0	0	
0	0	24	33	30	49	25	28	26	17	21	14	19	36	39	28	
0	43	0	31	18	47	19	25	24	20	19	18	22	23	43	15	
0	44	17	0	26	26	20	7	29	28	27	9	30	31	34	23	
0	25	9	16	0	34	1	7	11	2	6	20	4	12	34	4	
0	35	12	13	10	0	11	4	6	12	1	22	14	21	44	14	
0	24	15	16	6	38	0	7	17	8	12	25	10	11	38	3	
0	53	26	9	29	35	29	0	22	31	35	18	33	34	43	26	
0	51	24	7	33	23	27	14	0	34	24	16	21	15	41	30	
0	38	7	16	13	32	14	19	9	0	4	18	2	24	43	17	
0	34	18	12	9	28	10	15	5	11	0	21	13	20	43	13	
0	35	26	23	17	40	11	14	28	19	23	0	21	22	25	14	
0	51	20	24	26	40	27	30	17	13	17	16	0	32	41	30	
0	40	26	30	23	46	24	30	23	19	23	22	6	0	47	27	
0	41	27	28	25	15	26	19	21	23	16	37	25	36	0	29	
0	28	12	19	3	35	4	10	14	5	9	23	7	8	37	0	
M1
0	0	0	0	0	0	0	0	0	0	0	0	0	0	0	0	
0	0	25	11	31	27	38	28	42	35	33	29	31	22	37	19	
0	22	0	16	12	13	24	3	19	10	19	15	6	8	12	14	
0	25	29	0	41	38	27	24	48	34	22	23	27	37	40	31	
0	41	36	45	0	41	43	31	37	46	38	39	34	44	48	42	
0	32	18	25	30	0	29	13	37	23	29	2	16	26	21	24	
0	19	34	25	46	37	0	37	48	44	47	39	40	41	21	28	
0	19	5	14	17	18	21	0	24	15	16	17	3	13	17	11	
0	4	3	15	15	4	6	6	0	13	1	2	9	11	15	14	
0	20	20	10	32	33	36	15	33	0	31	32	18	28	6	26	
0	3	28	14	25	30	5	27	42	12	0	1	30	25	18	22	
0	33	34	23	46	45	36	36	41	21	31	0	32	42	19	44	
0	16	2	18	14	15	18	5	21	12	13	14	0	10	14	16	
0	24	23	30	35	5	26	18	20	28	21	7	21	0	26	17	
0	14	26	4	38	31	31	28	27	36	26	27	24	34	0	27	
0	28	6	22	18	9	30	9	25	16	25	11	12	14	18	0	
M2
0	0	0	0	0	0	0	0	0	0	0	0	0	0	0	0	
0	0	8	14	29	36	19	32	18	27	17	25	27	25	11	6	
0	15	0	8	21	28	11	24	20	19	9	17	21	17	3	21	
0	17	25	0	26	22	21	18	17	24	23	24	20	36	22	23	
0	20	17	19	0	13	28	20	2	1	5	7	11	34	20	12	
0	15	18	20	4	0	27	21	3	2	6	2	12	35	21	13	
0	14	22	28	21	17	0	33	20	19	18	6	29	39	25	20	
0	41	36	24	39	45	28	0	34	37	12	34	43	35	39	22	
0	31	16	17	23	36	27	27	0	24	12	30	9	33	19	35	
0	22	16	18	2	12	27	19	1	0	4	9	10	33	19	11	
0	48	51	31	40	50	43	15	35	38	0	47	44	36	48	23	
0	13	21	27	15	11	25	32	14	13	17	0	23	38	24	19	
0	32	40	34	33	35	18	18	32	31	3	24	0	29	43	26	
0	24	18	20	4	14	29	21	3	2	6	11	12	0	21	13	
0	22	30	8	18	25	8	26	17	16	20	14	18	14	0	27	
0	25	28	8	34	30	29	26	12	32	24	32	21	44	30	0	
M3
0	0	0	0	0	0	0	0	0	0	0	0	0	0	0	0	
0	0	15	27	16	24	11	21	26	34	9	11	35	17	20	46	
0	51	0	26	36	20	40	40	60	34	40	43	39	46	34	46	
0	56	5	0	24	25	33	28	37	24	28	17	29	37	26	51	
0	35	22	30	0	14	28	15	41	28	4	21	33	23	21	30	
0	49	8	34	20	0	25	24	46	14	24	41	19	27	18	44	
0	40	4	16	5	13	0	10	40	23	9	26	24	6	9	35	
0	34	17	42	17	31	26	0	30	45	21	38	46	32	19	45	
0	32	18	16	30	22	26	29	0	36	34	33	41	25	28	27	
0	35	15	23	6	14	11	10	32	0	10	27	5	13	4	30	
0	49	31	26	24	38	29	23	53	36	0	42	41	19	22	48	
0	42	28	33	7	21	35	11	20	35	11	0	40	30	28	37	
0	33	17	31	10	9	15	14	37	23	14	31	0	21	8	28	
0	34	14	10	5	19	10	4	34	17	9	23	22	0	3	29	
0	31	11	23	2	16	7	6	36	30	6	23	31	13	0	26	
0	5	19	14	21	29	16	4	22	18	14	16	23	22	22	0	
Tamanho_Tarefas
0	19	22	6	18	18	33	26	23	22	12	17	34	10	2	13	
Data_Entrega
0	53	60	61	81	59	54	59	66	68	80	63	58	51	78	61	
Penalidade_Atraso
0	13	19	16	10	13	20	11	7	19	13	1	3	19	11	15	
Capacidade_Veiculo
35	101	101	37	96	62	
Custo_Fixo_Veiculo
350	1010	1010	370	960	620	
Coordenadas_Clientes
x	0	y	0
x	18	y	0
x	21	y	9
x	13	y	14
x	7	y	22
x	-2	y	20
x	-10	y	18
x	-19	y	13
x	-23	y	5
x	-19	y	-4
x	-18	y	-13
x	-7	y	-13
x	-1	y	-16
x	6	y	-20
x	16	y	-18
x	20	y	-9
Tempo_Viagem
0	18	22	19	23	20	20	23	23	19	22	14	16	20	24	21	
18	0	9	14	24	28	33	39	41	37	38	28	24	23	18	9	
22	9	0	9	19	25	32	40	44	41	44	35	33	32	27	18	
19	14	9	0	10	16	23	32	37	36	41	33	33	34	32	23	
23	24	19	10	0	9	17	27	34	36	43	37	38	42	41	33	
20	28	25	16	9	0	8	18	25	29	36	33	36	40	42	36	
20	33	32	23	17	8	0	10	18	23	32	31	35	40	44	40	
23	39	40	32	27	18	10	0	8	17	26	28	34	41	46	44	
23	41	44	37	34	25	18	8	0	9	18	24	30	38	45	44	
19	37	41	36	36	29	23	17	9	0	9	15	21	29	37	39	
22	38	44	41	43	36	32	26	18	9	0	11	17	25	34	38	
14	28	35	33	37	33	31	28	24	15	11	0	6	14	23	27	
16	24	33	33	38	36	35	34	30	21	17	6	0	8	17	22	
20	23	32	34	42	40	40	41	38	29	25	14	8	0	10	17	
24	18	27	32	41	42	44	46	45	37	34	23	17	10	0	9	
21	9	18	23	33	36	40	44	44	39	38	27	22	17	9	0	
Custo_Viagem
V0
0	126	154	133	161	140	140	161	161	133	154	98	112	140	168	147	
126	0	63	98	168	196	231	273	287	259	266	196	168	161	126	63	
154	63	0	63	133	175	224	280	308	294	308	245	231	224	189	126	
133	98	63	0	70	112	161	224	259	252	287	231	231	238	224	168	
161	168	133	70	0	63	119	189	238	252	301	259	266	294	287	231	
140	196	175	112	63	0	56	126	175	203	252	231	252	280	294	252	
140	231	224	161	119	56	0	70	126	161	224	217	245	287	308	280	
161	273	280	224	189	126	70	0	56	119	182	196	238	287	322	308	
161	287	308	259	238	175	126	56	0	63	126	168	210	266	315	315	
133	259	294	252	252	203	161	119	63	0	63	105	147	203	259	273	
154	266	308	287	301	252	224	182	126	63	0	77	119	175	238	266	
98	196	245	231	259	231	217	196	168	105	77	0	42	98	161	189	
112	168	231	231	266	252	245	238	210	147	119	42	0	56	119	154	
140	161	224	238	294	280	287	287	266	203	175	98	56	0	70	119	
168	126	189	224	287	294	308	322	315	259	238	161	119	70	0	63	
147	63	126	168	231	252	280	308	315	273	266	189	154	119	63	0	
V1
0	363	444	383	464	404	404	464	464	383	444	282	323	404	484	424	
363	0	181	282	484	565	666	787	828	747	767	565	484	464	363	181	
444	181	0	181	383	505	646	808	888	848	888	707	666	646	545	363	
383	282	181	0	202	323	464	646	747	727	828	666	666	686	646	484	
464	484	383	202	0	181	343	545	686	727	868	747	767	848	828	666	
404	565	505	323	181	0	161	363	505	585	727	666	727	808	848	727	
404	666	646	464	343	161	0	202	363	464	646	626	707	828	888	808	
464	787	808	646	545	363	202	0	161	343	525	565	686	828	929	888	
464	828	888	747	686	505	363	161	0	181	363	484	606	767	909	909	
383	747	848	727	727	585	464	343	181	0	181	303	424	585	747	787	
444	767	888	828	868	727	646	525	363	181	0	222	343	505	686	767	
282	565	707	666	747	666	626	565	484	303	222	0	121	282	464	545	
323	484	666	666	767	727	707	686	606	424	343	121	0	161	343	444	
404	464	646	686	848	808	828	828	767	585	505	282	161	0	202	343	
484	363	545	646	828	848	888	929	909	747	686	464	343	202	0	181	
424	181	363	484	666	727	808	888	909	787	767	545	444	343	181	0	
V2
0	363	444	383	464	404	404	464	464	383	444	282	323	404	484	424	
363	0	181	282	484	565	666	787	828	747	767	565	484	464	363	181	
444	181	0	181	383	505	646	808	888	848	888	707	666	646	545	363	
383	282	181	0	202	323	464	646	747	727	828	666	666	686	646	484	
464	484	383	202	0	181	343	545	686	727	868	747	767	848	828	666	
404	565	505	323	181	0	161	363	505	585	727	666	727	808	848	727	
404	666	646	464	343	161	0	202	363	464	646	626	707	828	888	808	
464	787	808	646	545	363	202	0	161	343	525	565	686	828	929	888	
464	828	888	747	686	505	363	161	0	181	363	484	606	767	909	909	
383	747	848	727	727	585	464	343	181	0	181	303	424	585	747	787	
444	767	888	828	868	727	646	525	363	181	0	222	343	505	686	767	
282	565	707	666	747	666	626	565	484	303	222	0	121	282	464	545	
323	484	666	666	767	727	707	686	606	424	343	121	0	161	343	444	
404	464	646	686	848	808	828	828	767	585	505	282	161	0	202	343	
484	363	545	646	828	848	888	929	909	747	686	464	343	202	0	181	
424	181	363	484	666	727	808	888	909	787	767	545	444	343	181	0	
V3
0	133	162	140	170	148	148	170	170	140	162	103	118	148	177	155	
133	0	66	103	177	207	244	288	303	273	281	207	177	170	133	66	
162	66	0	66	140	185	236	296	325	310	325	259	244	236	199	133	
140	103	66	0	74	118	170	236	273	266	303	244	244	251	236	177	
170	177	140	74	0	66	125	199	251	266	318	273	281	310	303	244	
148	207	185	118	66	0	59	133	185	214	266	244	266	296	310	266	
148	244	236	170	125	59	0	74	133	170	236	229	259	303	325	296	
170	288	296	236	199	133	74	0	59	125	192	207	251	303	340	325	
170	303	325	273	251	185	133	59	0	66	133	177	222	281	333	333	
140	273	310	266	266	214	170	125	66	0	66	111	155	214	273	288	
162	281	325	303	318	266	236	192	133	66	0	81	125	185	251	281	
103	207	259	244	273	244	229	207	177	111	81	0	44	103	170	199	
118	177	244	244	281	266	259	251	222	155	125	44	0	59	125	162	
148	170	236	251	310	296	303	303	281	214	185	103	59	0	74	125	
177	133	199	236	303	310	325	340	333	273	251	170	125	74	0	66	
155	66	133	177	244	266	296	325	333	288	281	199	162	125	66	0	
V4
0	345	422	364	441	384	384	441	441	364	422	268	307	384	460	403	
345	0	172	268	460	537	633	748	787	710	729	537	460	441	345	172	
422	172	0	172	364	480	614	768	844	806	844	672	633	614	518	345	
364	268	172	0	192	307	441	614	710	691	787	633	633	652	614	460	
441	460	364	192	0	172	326	518	652	691	825	710	729	806	787	633	
384	537	480	307	172	0	153	345	480	556	691	633	691	768	806	691	
384	633	614	441	326	153	0	192	345	441	614	595	672	787	844	768	
441	748	768	614	518	345	192	0	153	326	499	537	652	787	883	844	
441	787	844	710	652	480	345	153	0	172	345	460	576	729	864	864	
364	710	806	691	691	556	441	326	172	0	172	288	403	556	710	748	
422	729	844	787	825	691	614	499	345	172	0	211	326	480	652	729	
268	537	672	633	710	633	595	537	460	288	211	0	115	268	441	518	
307	460	633	633	729	691	672	652	576	403	326	115	0	153	326	422	
384	441	614	652	806	768	787	787	729	556	480	268	153	0	192	326	
460	345	518	614	787	806	844	883	864	710	652	441	326	192	0	172	
403	172	345	460	633	691	768	844	864	748	729	518	422	326	172	0	
V5
0	223	272	235	285	248	248	285	285	235	272	173	198	248	297	260	
223	0	111	173	297	347	409	483	508	458	471	347	297	285	223	111	
272	111	0	111	235	310	396	496	545	520	545	434	409	396	334	223	
235	173	111	0	124	198	285	396	458	446	508	409	409	421	396	297	
285	297	235	124	0	111	210	334	421	446	533	458	471	520	508	409	
248	347	310	198	111	0	99	223	310	359	446	409	446	496	520	446	
248	409	396	285	210	99	0	124	223	285	396	384	434	508	545	496	
285	483	496	396	334	223	124	0	99	210	322	347	421	508	570	545	
285	508	545	458	421	310	223	99	0	111	223	297	372	471	558	558	
235	458	520	446	446	359	285	210	111	0	111	186	260	359	458	483	
272	471	545	508	533	446	396	322	223	111	0	136	210	310	421	471	
173	347	434	409	458	409	384	347	297	186	136	0	74	173	285	334	
198	297	409	409	471	446	434	421	372	260	210	74	0	99	210	272	
248	285	396	421	520	496	508	508	471	359	310	173	99	0	124	210	
297	223	334	396	508	520	545	570	558	458	421	285	210	124	0	111	
260	111	223	297	409	446	496	545	558	483	471	334	272	210	111	0	
Velocidade_Veiculos
1	1	1	1	1	1	