M: 4
N: 15
Nun_Veiculos: 6
Capacidade_Total: 482
Demanda_Total: 290
Setup_Min: 1
Setup_Max: 99
Raio: 100
Circulos: 1
Tempo_Processamento_Min: 1
Tempo_Processamento_Max: 49
Demanda_Min: 10
Demanda_Max: 30
Priority_Factor: 0.2
Range_Factor_R: 0.8
U_factor: 2
ALpha: 0.2Replicao: 1
Tempos_Processamentos
0	0	1	0	2	0	3	0	
0	43	1	39	2	18	3	2	
0	25	1	2	2	3	3	12	
0	43	1	25	2	40	3	49	
0	36	1	47	2	29	3	46	
0	8	1	42	2	12	3	48	
0	10	1	42	2	27	3	21	
0	40	1	14	2	7	3	24	
0	36	1	4	2	8	3	15	
0	14	1	31	2	17	3	21	
0	48	1	10	2	14	3	43	
0	10	1	29	2	31	3	13	
0	36	1	25	2	24	3	29	
0	30	1	13	2	41	3	29	
0	38	1	49	2	34	3	31	
0	9	1	19	2	39	3	29	

Tempos_setup
M0
0	0	0	0	0	0	0	0	0	0	0	0	0	0	0	0	
0	0	34	46	30	28	30	31	53	35	34	26	5	35	33	4	
0	30	0	28	29	3	40	21	43	42	31	23	23	29	15	1	
0	20	29	0	30	32	12	32	47	17	41	37	25	1	26	24	
0	36	38	17	0	41	29	41	42	33	58	37	38	18	35	35	
0	54	44	34	51	0	46	41	40	51	75	41	42	35	46	45	
0	8	26	20	18	25	0	29	51	5	42	25	13	5	23	12	
0	24	3	31	27	6	22	0	37	21	34	26	2	27	18	4	
0	27	9	18	11	12	23	12	0	28	39	1	2	3	6	10	
0	3	21	21	13	20	1	24	52	0	37	20	8	6	18	7	
0	26	3	31	30	6	33	23	19	38	0	15	16	22	18	4	
0	26	10	20	26	13	30	13	50	34	38	0	1	16	7	11	
0	25	49	42	25	43	54	46	63	58	49	41	0	43	48	19	
0	28	29	15	35	32	20	47	46	25	40	45	33	0	41	30	
0	30	3	13	23	6	25	6	43	27	34	26	8	14	0	4	
0	29	30	42	48	24	49	27	49	48	30	22	23	38	29	0	
M1
0	0	0	0	0	0	0	0	0	0	0	0	0	0	0	0	
0	0	31	22	14	26	25	2	53	38	18	13	1	23	22	14	
0	36	0	20	15	21	18	38	45	26	37	32	21	13	29	21	
0	30	14	0	20	9	12	32	40	18	22	17	1	7	22	14	
0	26	24	18	0	27	16	24	58	29	34	35	19	25	14	6	
0	41	5	20	20	0	23	43	31	31	16	11	21	18	34	26	
0	18	16	2	8	11	0	20	42	20	24	19	3	9	19	14	
0	38	33	30	12	39	28	0	55	41	46	47	31	30	26	18	
0	23	2	20	17	23	20	25	0	28	16	11	21	15	21	13	
0	35	27	19	25	22	17	37	30	0	23	33	20	26	36	31	
0	33	13	4	24	8	16	35	39	20	0	19	5	11	26	18	
0	33	18	9	23	13	15	35	44	25	5	0	10	10	31	23	
0	33	31	39	46	27	45	35	52	55	35	30	0	40	21	13	
0	23	15	7	13	16	5	25	47	25	29	24	8	0	24	19	
0	46	10	30	25	18	28	41	49	36	34	29	31	23	0	31	
0	20	18	30	33	26	36	22	57	44	28	33	21	31	8	0	
M2
0	0	0	0	0	0	0	0	0	0	0	0	0	0	0	0	
0	0	5	33	27	19	24	26	33	16	18	12	22	24	14	51	
0	23	0	31	22	14	19	26	28	11	13	7	17	19	14	49	
0	20	8	0	30	2	27	34	1	19	10	9	25	16	22	32	
0	27	4	18	0	15	23	15	14	15	17	11	21	17	18	45	
0	29	6	37	28	0	25	32	34	17	19	7	23	25	20	45	
0	29	21	18	43	15	0	12	14	18	19	22	38	14	17	40	
0	17	14	15	36	12	33	0	11	6	7	19	31	2	5	42	
0	19	7	4	29	1	26	33	0	18	9	8	24	15	21	31	
0	12	9	21	31	9	28	35	17	0	2	16	26	8	23	38	
0	10	7	19	29	16	26	33	15	10	0	14	24	6	21	46	
0	47	34	31	54	28	18	30	32	36	37	0	49	32	35	58	
0	11	9	15	5	14	2	10	16	16	16	14	0	12	15	42	
0	15	12	13	34	10	31	33	9	4	5	17	29	0	26	40	
0	17	14	26	36	14	33	12	22	5	7	21	31	13	0	43	
0	18	15	18	21	15	2	3	14	6	8	22	32	5	6	0	
M3
0	0	0	0	0	0	0	0	0	0	0	0	0	0	0	0	
0	0	40	17	11	21	24	27	27	30	29	7	9	32	5	28	
0	29	0	17	11	12	42	43	37	18	27	3	5	8	19	33	
0	12	33	0	20	30	36	39	23	13	41	16	10	29	14	20	
0	18	34	6	0	10	31	45	29	19	25	22	16	35	20	26	
0	40	24	32	26	0	55	61	46	37	15	12	14	25	20	51	
0	34	17	22	16	17	0	30	45	28	5	20	15	13	29	4	
0	34	41	22	16	17	47	0	45	17	32	20	22	13	18	32	
0	28	35	16	10	11	41	55	0	16	26	19	21	7	17	31	
0	25	28	13	7	17	34	41	36	0	32	3	5	24	1	15	
0	29	38	17	13	14	44	56	40	27	0	26	27	10	28	37	
0	28	53	34	28	29	43	49	34	41	42	0	2	25	33	47	
0	44	51	32	26	27	41	47	32	39	42	39	0	23	40	45	
0	21	28	9	3	4	34	48	32	22	19	16	18	0	23	29	
0	24	35	12	6	16	37	51	35	25	31	2	4	27	0	32	
0	30	13	18	12	13	43	26	41	24	21	16	18	9	25	0	
Tamanho_Tarefas
0	2	3	35	39	24	17	7	10	18	14	19	24	17	37	24	
Data_Entrega
0	187	204	171	177	207	189	167	180	197	206	192	175	169	179	173	
Penalidade_Atraso
0	18	18	9	2	1	19	13	10	14	1	10	5	18	3	15	
Capacidade_Veiculo
110	98	69	77	73	55	
Custo_Fixo_Veiculo
1100	980	690	770	730	550	
Coordenadas_Clientes
x	0	y	0
x	100	y	0
x	102	y	45
x	56	y	62
x	29	y	89
x	-9	y	87
x	-45	y	78
x	-67	y	49
x	-118	y	25
x	-90	y	-19
x	-90	y	-65
x	-53	y	-93
x	-12	y	-121
x	25	y	-79
x	68	y	-76
x	79	y	-35
Tempo_Viagem
0	100	111	83	93	87	90	83	120	91	111	107	121	82	101	86	
100	0	45	76	113	139	164	174	219	190	200	179	163	108	82	40	
111	45	0	49	85	118	150	169	220	202	221	207	200	145	125	83	
83	76	49	0	38	69	102	123	177	166	193	189	195	144	138	99	
93	113	85	38	0	38	74	104	160	160	194	199	213	168	169	133	
87	139	118	69	38	0	37	69	125	133	172	185	208	169	180	150	
90	164	150	102	74	37	0	36	90	106	149	171	201	171	191	167	
83	174	169	123	104	69	36	0	56	71	116	142	178	157	183	168	
120	219	220	177	160	125	90	56	0	52	94	134	180	176	211	205	
91	190	202	166	160	133	106	71	52	0	46	82	128	129	167	169	
111	200	221	193	194	172	149	116	94	46	0	46	95	115	158	171	
107	179	207	189	199	185	171	142	134	82	46	0	49	79	122	144	
121	163	200	195	213	208	201	178	180	128	95	49	0	55	91	124	
82	108	145	144	168	169	171	157	176	129	115	79	55	0	43	69	
101	82	125	138	169	180	191	183	211	167	158	122	91	43	0	42	
86	40	83	99	133	150	167	168	205	169	171	144	124	69	42	0	
Custo_Viagem
V0
0	2200	2442	1826	2046	1914	1980	1826	2640	2002	2442	2354	2662	1804	2222	1892	
2200	0	990	1672	2486	3058	3608	3828	4818	4180	4400	3938	3608	2376	1804	880	
2442	990	0	1078	1870	2596	3300	3718	4840	4444	4862	4554	4422	3190	2750	1826	
1826	1672	1078	0	836	1518	2244	2706	3894	3652	4246	4158	4290	3168	3036	2178	
2046	2486	1870	836	0	836	1628	2288	3520	3520	4268	4378	4686	3696	3718	2926	
1914	3058	2596	1518	836	0	814	1518	2750	2926	3784	4070	4576	3718	3960	3300	
1980	3608	3300	2244	1628	814	0	792	1980	2332	3278	3762	4422	3762	4202	3674	
1826	3828	3718	2706	2288	1518	792	0	1232	1562	2552	3124	3916	3454	4026	3696	
2640	4818	4840	3894	3520	2750	1980	1232	0	1144	2068	2948	3960	3872	4642	4510	
2002	4180	4444	3652	3520	2926	2332	1562	1144	0	1012	1804	2816	2838	3674	3718	
2442	4400	4862	4246	4268	3784	3278	2552	2068	1012	0	1012	2112	2530	3476	3762	
2354	3938	4554	4158	4378	4070	3762	3124	2948	1804	1012	0	1078	1738	2684	3168	
2662	3608	4422	4290	4686	4576	4422	3916	3960	2816	2112	1078	0	1210	2002	2750	
1804	2376	3190	3168	3696	3718	3762	3454	3872	2838	2530	1738	1210	0	946	1518	
2222	1804	2750	3036	3718	3960	4202	4026	4642	3674	3476	2684	2002	946	0	924	
1892	880	1826	2178	2926	3300	3674	3696	4510	3718	3762	3168	2750	1518	924	0	
V1
0	1960	2175	1626	1822	1705	1764	1626	2352	1783	2175	2097	2371	1607	1979	1685	
1960	0	882	1489	2214	2724	3214	3410	4292	3724	3920	3508	3214	2116	1607	784	
2175	882	0	960	1666	2312	2940	3312	4312	3959	4331	4057	3939	2842	2450	1626	
1626	1489	960	0	744	1352	1999	2410	3469	3253	3782	3704	3822	2822	2704	1940	
1822	2214	1666	744	0	744	1450	2038	3136	3136	3802	3900	4174	3292	3312	2606	
1705	2724	2312	1352	744	0	725	1352	2450	2606	3371	3626	4076	3312	3528	2940	
1764	3214	2940	1999	1450	725	0	705	1764	2077	2920	3351	3939	3351	3743	3273	
1626	3410	3312	2410	2038	1352	705	0	1097	1391	2273	2783	3488	3077	3586	3292	
2352	4292	4312	3469	3136	2450	1764	1097	0	1019	1842	2626	3528	3449	4135	4018	
1783	3724	3959	3253	3136	2606	2077	1391	1019	0	901	1607	2508	2528	3273	3312	
2175	3920	4331	3782	3802	3371	2920	2273	1842	901	0	901	1881	2254	3096	3351	
2097	3508	4057	3704	3900	3626	3351	2783	2626	1607	901	0	960	1548	2391	2822	
2371	3214	3939	3822	4174	4076	3939	3488	3528	2508	1881	960	0	1078	1783	2450	
1607	2116	2842	2822	3292	3312	3351	3077	3449	2528	2254	1548	1078	0	842	1352	
1979	1607	2450	2704	3312	3528	3743	3586	4135	3273	3096	2391	1783	842	0	823	
1685	784	1626	1940	2606	2940	3273	3292	4018	3312	3351	2822	2450	1352	823	0	
V2
0	1380	1531	1145	1283	1200	1242	1145	1656	1255	1531	1476	1669	1131	1393	1186	
1380	0	621	1048	1559	1918	2263	2401	3022	2622	2760	2470	2263	1490	1131	552	
1531	621	0	676	1173	1628	2070	2332	3036	2787	3049	2856	2773	2001	1725	1145	
1145	1048	676	0	524	952	1407	1697	2442	2290	2663	2608	2691	1987	1904	1366	
1283	1559	1173	524	0	524	1021	1435	2208	2208	2677	2746	2939	2318	2332	1835	
1200	1918	1628	952	524	0	510	952	1725	1835	2373	2553	2870	2332	2484	2070	
1242	2263	2070	1407	1021	510	0	496	1242	1462	2056	2359	2773	2359	2635	2304	
1145	2401	2332	1697	1435	952	496	0	772	979	1600	1959	2456	2166	2525	2318	
1656	3022	3036	2442	2208	1725	1242	772	0	717	1297	1849	2484	2428	2911	2829	
1255	2622	2787	2290	2208	1835	1462	979	717	0	634	1131	1766	1780	2304	2332	
1531	2760	3049	2663	2677	2373	2056	1600	1297	634	0	634	1324	1587	2180	2359	
1476	2470	2856	2608	2746	2553	2359	1959	1849	1131	634	0	676	1090	1683	1987	
1669	2263	2773	2691	2939	2870	2773	2456	2484	1766	1324	676	0	759	1255	1725	
1131	1490	2001	1987	2318	2332	2359	2166	2428	1780	1587	1090	759	0	593	952	
1393	1131	1725	1904	2332	2484	2635	2525	2911	2304	2180	1683	1255	593	0	579	
1186	552	1145	1366	1835	2070	2304	2318	2829	2332	2359	1987	1725	952	579	0	
V3
0	1540	1709	1278	1432	1339	1386	1278	1848	1401	1709	1647	1863	1262	1555	1324	
1540	0	693	1170	1740	2140	2525	2679	3372	2926	3080	2756	2525	1663	1262	616	
1709	693	0	754	1309	1817	2310	2602	3388	3110	3403	3187	3095	2233	1925	1278	
1278	1170	754	0	585	1062	1570	1894	2725	2556	2972	2910	3003	2217	2125	1524	
1432	1740	1309	585	0	585	1139	1601	2464	2464	2987	3064	3280	2587	2602	2048	
1339	2140	1817	1062	585	0	569	1062	1925	2048	2648	2849	3203	2602	2772	2310	
1386	2525	2310	1570	1139	569	0	554	1386	1632	2294	2633	3095	2633	2941	2571	
1278	2679	2602	1894	1601	1062	554	0	862	1093	1786	2186	2741	2417	2818	2587	
1848	3372	3388	2725	2464	1925	1386	862	0	800	1447	2063	2772	2710	3249	3157	
1401	2926	3110	2556	2464	2048	1632	1093	800	0	708	1262	1971	1986	2571	2602	
1709	3080	3403	2972	2987	2648	2294	1786	1447	708	0	708	1478	1771	2433	2633	
1647	2756	3187	2910	3064	2849	2633	2186	2063	1262	708	0	754	1216	1878	2217	
1863	2525	3095	3003	3280	3203	3095	2741	2772	1971	1478	754	0	847	1401	1925	
1262	1663	2233	2217	2587	2602	2633	2417	2710	1986	1771	1216	847	0	662	1062	
1555	1262	1925	2125	2602	2772	2941	2818	3249	2571	2433	1878	1401	662	0	646	
1324	616	1278	1524	2048	2310	2571	2587	3157	2602	2633	2217	1925	1062	646	0	
V4
0	1460	1620	1211	1357	1270	1314	1211	1752	1328	1620	1562	1766	1197	1474	1255	
1460	0	657	1109	1649	2029	2394	2540	3197	2774	2920	2613	2394	1576	1197	584	
1620	657	0	715	1241	1722	2190	2467	3212	2949	3226	3022	2934	2117	1825	1211	
1211	1109	715	0	554	1007	1489	1795	2584	2423	2817	2759	2847	2102	2014	1445	
1357	1649	1241	554	0	554	1080	1518	2336	2336	2832	2905	3109	2452	2467	1941	
1270	2029	1722	1007	554	0	540	1007	1825	1941	2511	2701	3036	2467	2628	2190	
1314	2394	2190	1489	1080	540	0	525	1314	1547	2175	2496	2934	2496	2788	2438	
1211	2540	2467	1795	1518	1007	525	0	817	1036	1693	2073	2598	2292	2671	2452	
1752	3197	3212	2584	2336	1825	1314	817	0	759	1372	1956	2628	2569	3080	2993	
1328	2774	2949	2423	2336	1941	1547	1036	759	0	671	1197	1868	1883	2438	2467	
1620	2920	3226	2817	2832	2511	2175	1693	1372	671	0	671	1401	1679	2306	2496	
1562	2613	3022	2759	2905	2701	2496	2073	1956	1197	671	0	715	1153	1781	2102	
1766	2394	2934	2847	3109	3036	2934	2598	2628	1868	1401	715	0	803	1328	1825	
1197	1576	2117	2102	2452	2467	2496	2292	2569	1883	1679	1153	803	0	627	1007	
1474	1197	1825	2014	2467	2628	2788	2671	3080	2438	2306	1781	1328	627	0	613	
1255	584	1211	1445	1941	2190	2438	2452	2993	2467	2496	2102	1825	1007	613	0	
V5
0	1100	1221	913	1023	957	990	913	1320	1001	1221	1177	1331	902	1111	946	
1100	0	495	836	1243	1529	1804	1914	2409	2090	2200	1969	1804	1188	902	440	
1221	495	0	539	935	1298	1650	1859	2420	2222	2431	2277	2211	1595	1375	913	
913	836	539	0	418	759	1122	1353	1947	1826	2123	2079	2145	1584	1518	1089	
1023	1243	935	418	0	418	814	1144	1760	1760	2134	2189	2343	1848	1859	1463	
957	1529	1298	759	418	0	407	759	1375	1463	1892	2035	2288	1859	1980	1650	
990	1804	1650	1122	814	407	0	396	990	1166	1639	1881	2211	1881	2101	1837	
913	1914	1859	1353	1144	759	396	0	616	781	1276	1562	1958	1727	2013	1848	
1320	2409	2420	1947	1760	1375	990	616	0	572	1034	1474	1980	1936	2321	2255	
1001	2090	2222	1826	1760	1463	1166	781	572	0	506	902	1408	1419	1837	1859	
1221	2200	2431	2123	2134	1892	1639	1276	1034	506	0	506	1056	1265	1738	1881	
1177	1969	2277	2079	2189	2035	1881	1562	1474	902	506	0	539	869	1342	1584	
1331	1804	2211	2145	2343	2288	2211	1958	1980	1408	1056	539	0	605	1001	1375	
902	1188	1595	1584	1848	1859	1881	1727	1936	1419	1265	869	605	0	473	759	
1111	902	1375	1518	1859	1980	2101	2013	2321	1837	1738	1342	1001	473	0	462	
946	440	913	1089	1463	1650	1837	1848	2255	1859	1881	1584	1375	759	462	0	
Velocidade_Veiculos
1	1	1	1	1	1	