M: 4
N: 15
Nun_Veiculos: 7
Capacidade_Total: 496
Demanda_Total: 245
Setup_Min: 1
Setup_Max: 9
Raio: 100
Circulos: 1
Tempo_Processamento_Min: 1
Tempo_Processamento_Max: 49
Demanda_Min: 10
Demanda_Max: 30
Priority_Factor: 0.2
Range_Factor_R: 0.8
U_factor: 2
ALpha: 0.2Replicao: 4
Tempos_Processamentos
0	0	1	0	2	0	3	0	
0	16	1	40	2	41	3	25	
0	3	1	3	2	17	3	11	
0	3	1	23	2	44	3	16	
0	47	1	27	2	17	3	44	
0	5	1	14	2	38	3	14	
0	17	1	7	2	40	3	32	
0	43	1	44	2	46	3	29	
0	11	1	49	2	13	3	26	
0	15	1	5	2	29	3	18	
0	9	1	26	2	35	3	32	
0	16	1	5	2	6	3	31	
0	44	1	1	2	46	3	7	
0	47	1	10	2	6	3	12	
0	30	1	16	2	47	3	24	
0	37	1	29	2	48	3	2	

Tempos_setup
M0
0	0	0	0	0	0	0	0	0	0	0	0	0	0	0	0	
0	0	3	2	2	1	2	1	4	4	5	3	2	4	1	4	
0	5	0	2	1	3	3	2	1	3	2	3	3	1	2	2	
0	4	6	0	3	2	2	4	5	4	3	6	3	3	4	5	
0	4	4	1	0	3	3	2	5	5	4	3	3	2	3	3	
0	4	4	3	2	0	2	2	3	3	4	4	1	4	4	3	
0	5	4	2	1	4	0	3	4	2	5	4	4	3	2	4	
0	3	2	1	1	2	2	0	3	3	4	4	1	3	4	3	
0	4	3	2	2	3	3	1	0	2	1	2	2	1	2	1	
0	3	3	3	2	4	1	3	2	0	3	2	4	3	1	3	
0	4	3	3	3	3	2	3	3	1	0	3	2	2	1	3	
0	3	2	3	2	2	2	3	3	4	3	0	3	1	2	3	
0	3	4	2	1	4	1	2	2	2	3	3	0	3	3	2	
0	5	3	2	1	4	2	2	4	3	2	3	2	0	1	2	
0	4	2	3	2	5	1	4	3	3	4	3	3	3	0	4	
0	4	3	4	3	3	3	4	4	2	1	1	3	2	2	0	
M1
0	0	0	0	0	0	0	0	0	0	0	0	0	0	0	0	
0	0	4	1	3	1	4	2	4	4	2	3	1	1	3	3	
0	4	0	3	3	4	1	2	5	5	3	3	3	4	4	2	
0	4	3	0	3	4	4	2	3	3	4	5	1	4	2	3	
0	4	1	2	0	2	2	3	2	2	4	4	3	3	4	3	
0	3	4	2	3	0	5	2	5	3	2	5	1	4	2	3	
0	3	3	2	2	4	0	1	4	4	2	6	2	3	4	2	
0	4	2	3	1	3	3	0	3	3	4	5	4	3	5	1	
0	3	1	3	3	4	1	2	0	4	2	4	2	1	4	3	
0	2	3	3	2	1	3	1	4	0	3	5	2	3	3	2	
0	1	2	2	1	2	3	3	3	2	0	4	2	2	2	4	
0	3	3	3	2	3	4	3	4	2	2	0	2	1	1	4	
0	5	3	1	2	3	4	1	4	4	5	6	0	4	3	2	
0	2	3	2	2	3	3	2	4	3	1	4	1	0	3	3	
0	2	2	3	1	2	3	2	3	1	4	3	3	3	0	3	
0	5	4	5	6	3	4	5	3	6	5	7	4	4	5	0	
M2
0	0	0	0	0	0	0	0	0	0	0	0	0	0	0	0	
0	0	2	1	3	1	3	2	2	2	2	2	1	1	2	3	
0	3	0	2	1	3	2	1	2	3	3	2	2	2	1	2	
0	3	3	0	4	1	2	3	2	3	3	2	2	2	1	2	
0	3	2	1	0	2	2	1	2	2	3	1	1	2	1	2	
0	3	2	4	3	0	3	2	2	2	4	1	1	1	2	4	
0	3	2	3	3	3	0	2	1	3	1	3	2	1	1	3	
0	2	2	3	3	2	3	0	4	2	3	2	1	3	3	4	
0	4	1	3	2	4	3	2	0	4	4	3	3	3	2	3	
0	4	2	4	3	4	3	2	3	0	4	2	1	2	3	4	
0	4	2	2	3	3	4	3	1	4	0	4	3	4	3	3	
0	2	3	3	3	3	2	3	2	4	3	0	3	2	1	5	
0	3	1	3	2	3	2	1	3	1	3	1	0	3	2	3	
0	2	1	3	2	3	3	1	1	2	4	3	2	0	2	3	
0	2	2	3	3	3	1	2	1	3	2	4	3	1	0	4	
0	2	3	1	3	2	3	1	3	3	4	3	2	3	2	0	
M3
0	0	0	0	0	0	0	0	0	0	0	0	0	0	0	0	
0	0	3	2	1	3	3	2	1	3	1	3	3	4	3	2	
0	3	0	1	4	2	1	2	4	2	3	2	3	4	3	1	
0	4	3	0	5	4	3	3	5	1	4	3	3	6	2	2	
0	3	4	3	0	3	2	3	2	4	2	4	3	5	4	3	
0	1	3	3	2	0	4	3	2	4	2	4	2	4	3	2	
0	2	3	4	3	1	0	4	3	5	3	2	3	3	4	3	
0	2	3	3	3	1	4	0	3	4	3	2	3	5	1	2	
0	3	2	3	1	2	3	1	0	4	3	3	2	3	2	1	
0	3	2	3	4	4	3	4	4	0	3	3	2	5	2	1	
0	1	4	1	2	2	4	1	2	2	0	3	4	5	2	3	
0	3	1	2	3	3	2	3	4	3	4	0	1	3	2	2	
0	2	2	1	3	3	3	4	3	2	3	4	0	5	3	1	
0	3	3	2	1	2	3	4	3	3	3	2	3	0	1	2	
0	4	2	2	4	4	3	3	5	3	3	1	2	4	0	1	
0	3	1	2	4	3	2	3	4	3	2	3	2	4	4	0	
Tamanho_Tarefas
0	25	5	6	32	8	11	39	21	16	9	13	13	6	28	13	
Data_Entrega
0	188	194	192	186	187	190	185	182	194	192	192	192	194	183	189	
Penalidade_Atraso
0	11	16	20	3	1	3	12	7	14	10	12	7	6	15	6	
Capacidade_Veiculo
58	44	89	101	65	89	50	
Custo_Fixo_Veiculo
580	440	890	1010	650	890	500	
Coordenadas_Clientes
x	0	y	0
x	110	y	0
x	69	y	30
x	74	y	83
x	37	y	114
x	-12	y	118
x	-41	y	71
x	-61	y	44
x	-119	y	25
x	-118	y	-25
x	-76	y	-55
x	-59	y	-103
x	-11	y	-105
x	29	y	-92
x	74	y	-82
x	91	y	-40
Tempo_Viagem
0	110	75	111	119	118	81	75	121	120	93	118	105	96	110	99	
110	0	50	90	135	169	166	176	230	229	193	197	160	122	89	44	
75	50	0	53	89	119	117	130	188	194	168	184	156	128	112	73	
111	90	53	0	48	92	115	140	201	220	203	228	206	180	165	124	
119	135	89	48	0	49	89	120	179	208	203	237	224	206	199	162	
118	169	119	92	49	0	55	88	141	177	184	225	223	213	217	188	
81	166	117	115	89	55	0	33	90	122	130	174	178	177	191	172	
75	176	130	140	120	88	33	0	61	89	100	147	157	163	184	173	
121	230	188	201	179	141	90	61	0	50	90	140	169	188	220	219	
120	229	194	220	208	177	122	89	50	0	51	97	133	161	200	209	
93	193	168	203	203	184	130	100	90	51	0	50	82	111	152	167	
118	197	184	228	237	225	174	147	140	97	50	0	48	88	134	162	
105	160	156	206	224	223	178	157	169	133	82	48	0	42	88	120	
96	122	128	180	206	213	177	163	188	161	111	88	42	0	46	80	
110	89	112	165	199	217	191	184	220	200	152	134	88	46	0	45	
99	44	73	124	162	188	172	173	219	209	167	162	120	80	45	0	
Custo_Viagem
V0
0	1276	870	1287	1380	1368	939	870	1403	1392	1078	1368	1218	1113	1276	1148	
1276	0	580	1044	1566	1960	1925	2041	2668	2656	2238	2285	1856	1415	1032	510	
870	580	0	614	1032	1380	1357	1508	2180	2250	1948	2134	1809	1484	1299	846	
1287	1044	614	0	556	1067	1334	1624	2331	2552	2354	2644	2389	2088	1914	1438	
1380	1566	1032	556	0	568	1032	1392	2076	2412	2354	2749	2598	2389	2308	1890	
1368	1960	1380	1067	568	0	638	1020	1635	2064	2134	2610	2586	2470	2517	2180	
939	1925	1357	1334	1032	638	0	382	1044	1426	1508	2018	2064	2053	2215	1995	
870	2041	1508	1624	1392	1020	382	0	707	1032	1160	1705	1821	1890	2134	2006	
1403	2668	2180	2331	2076	1635	1044	707	0	580	1044	1635	1960	2180	2552	2540	
1392	2656	2250	2552	2412	2064	1426	1032	580	0	591	1125	1542	1867	2320	2424	
1078	2238	1948	2354	2354	2134	1508	1160	1044	591	0	580	951	1287	1763	1937	
1368	2285	2134	2644	2749	2610	2018	1705	1635	1125	580	0	556	1020	1554	1879	
1218	1856	1809	2389	2598	2586	2064	1821	1960	1542	951	556	0	487	1020	1392	
1113	1415	1484	2088	2389	2470	2053	1890	2180	1867	1287	1020	487	0	533	928	
1276	1032	1299	1914	2308	2517	2215	2134	2552	2320	1763	1554	1020	533	0	522	
1148	510	846	1438	1890	2180	1995	2006	2540	2424	1937	1879	1392	928	522	0	
V1
0	968	660	976	1047	1038	712	660	1064	1056	818	1038	924	844	968	871	
968	0	440	792	1188	1487	1460	1548	2024	2015	1698	1733	1408	1073	783	387	
660	440	0	466	783	1047	1029	1144	1654	1707	1478	1619	1372	1126	985	642	
976	792	466	0	422	809	1012	1232	1768	1936	1786	2006	1812	1584	1452	1091	
1047	1188	783	422	0	431	783	1056	1575	1830	1786	2085	1971	1812	1751	1434	
1038	1487	1047	809	431	0	484	774	1240	1566	1619	1980	1962	1874	1909	1654	
712	1460	1029	1012	783	484	0	290	792	1082	1144	1531	1566	1557	1680	1513	
660	1548	1144	1232	1056	774	290	0	536	783	880	1293	1381	1434	1619	1522	
1064	2024	1654	1768	1575	1240	792	536	0	440	792	1240	1487	1654	1936	1927	
1056	2015	1707	1936	1830	1566	1082	783	440	0	448	853	1170	1416	1760	1839	
818	1698	1478	1786	1786	1619	1144	880	792	448	0	440	721	976	1337	1469	
1038	1733	1619	2006	2085	1980	1531	1293	1240	853	440	0	422	774	1179	1425	
924	1408	1372	1812	1971	1962	1566	1381	1487	1170	721	422	0	369	774	1056	
844	1073	1126	1584	1812	1874	1557	1434	1654	1416	976	774	369	0	404	704	
968	783	985	1452	1751	1909	1680	1619	1936	1760	1337	1179	774	404	0	396	
871	387	642	1091	1434	1654	1513	1522	1927	1839	1469	1425	1056	704	396	0	
V2
0	1958	1335	1975	2118	2100	1441	1335	2153	2136	1655	2100	1869	1708	1958	1762	
1958	0	890	1602	2403	3008	2954	3132	4094	4076	3435	3506	2848	2171	1584	783	
1335	890	0	943	1584	2118	2082	2314	3346	3453	2990	3275	2776	2278	1993	1299	
1975	1602	943	0	854	1637	2047	2492	3577	3916	3613	4058	3666	3204	2937	2207	
2118	2403	1584	854	0	872	1584	2136	3186	3702	3613	4218	3987	3666	3542	2901	
2100	3008	2118	1637	872	0	979	1566	2509	3168	3275	4005	3969	3791	3862	3346	
1441	2954	2082	2047	1584	979	0	587	1602	2189	2314	3097	3168	3150	3399	3061	
1335	3132	2314	2492	2136	1566	587	0	1085	1584	1780	2616	2794	2901	3275	3079	
2153	4094	3346	3577	3186	2509	1602	1085	0	890	1602	2509	3008	3346	3916	3898	
2136	4076	3453	3916	3702	3168	2189	1584	890	0	907	1726	2367	2865	3560	3720	
1655	3435	2990	3613	3613	3275	2314	1780	1602	907	0	890	1459	1975	2705	2972	
2100	3506	3275	4058	4218	4005	3097	2616	2509	1726	890	0	854	1566	2385	2883	
1869	2848	2776	3666	3987	3969	3168	2794	3008	2367	1459	854	0	747	1566	2136	
1708	2171	2278	3204	3666	3791	3150	2901	3346	2865	1975	1566	747	0	818	1424	
1958	1584	1993	2937	3542	3862	3399	3275	3916	3560	2705	2385	1566	818	0	801	
1762	783	1299	2207	2901	3346	3061	3079	3898	3720	2972	2883	2136	1424	801	0	
V3
0	2222	1515	2242	2403	2383	1636	1515	2444	2424	1878	2383	2121	1939	2222	1999	
2222	0	1010	1818	2727	3413	3353	3555	4646	4625	3898	3979	3232	2464	1797	888	
1515	1010	0	1070	1797	2403	2363	2626	3797	3918	3393	3716	3151	2585	2262	1474	
2242	1818	1070	0	969	1858	2323	2828	4060	4444	4100	4605	4161	3636	3333	2504	
2403	2727	1797	969	0	989	1797	2424	3615	4201	4100	4787	4524	4161	4019	3292	
2383	3413	2403	1858	989	0	1111	1777	2848	3595	3716	4545	4504	4302	4383	3797	
1636	3353	2363	2323	1797	1111	0	666	1818	2484	2626	3514	3595	3575	3858	3474	
1515	3555	2626	2828	2424	1777	666	0	1232	1797	2020	2969	3171	3292	3716	3494	
2444	4646	3797	4060	3615	2848	1818	1232	0	1010	1818	2848	3413	3797	4444	4423	
2424	4625	3918	4444	4201	3595	2484	1797	1010	0	1030	1959	2686	3252	4040	4221	
1878	3898	3393	4100	4100	3716	2626	2020	1818	1030	0	1010	1656	2242	3070	3373	
2383	3979	3716	4605	4787	4545	3514	2969	2848	1959	1010	0	969	1777	2706	3272	
2121	3232	3151	4161	4524	4504	3595	3171	3413	2686	1656	969	0	848	1777	2424	
1939	2464	2585	3636	4161	4302	3575	3292	3797	3252	2242	1777	848	0	929	1616	
2222	1797	2262	3333	4019	4383	3858	3716	4444	4040	3070	2706	1777	929	0	909	
1999	888	1474	2504	3292	3797	3474	3494	4423	4221	3373	3272	2424	1616	909	0	
V4
0	1430	975	1443	1547	1534	1053	975	1573	1560	1209	1534	1365	1248	1430	1287	
1430	0	650	1170	1755	2197	2158	2288	2990	2977	2509	2561	2080	1586	1157	572	
975	650	0	689	1157	1547	1521	1690	2444	2522	2184	2392	2028	1664	1456	949	
1443	1170	689	0	624	1196	1495	1820	2613	2860	2639	2964	2678	2340	2145	1612	
1547	1755	1157	624	0	637	1157	1560	2327	2704	2639	3081	2912	2678	2587	2119	
1534	2197	1547	1196	637	0	715	1144	1833	2314	2392	2925	2899	2769	2821	2444	
1053	2158	1521	1495	1157	715	0	429	1170	1599	1690	2262	2314	2301	2483	2236	
975	2288	1690	1820	1560	1144	429	0	793	1157	1300	1911	2041	2119	2392	2249	
1573	2990	2444	2613	2327	1833	1170	793	0	650	1170	1833	2197	2444	2860	2847	
1560	2977	2522	2860	2704	2314	1599	1157	650	0	663	1261	1729	2093	2600	2717	
1209	2509	2184	2639	2639	2392	1690	1300	1170	663	0	650	1066	1443	1976	2171	
1534	2561	2392	2964	3081	2925	2262	1911	1833	1261	650	0	624	1144	1742	2106	
1365	2080	2028	2678	2912	2899	2314	2041	2197	1729	1066	624	0	546	1144	1560	
1248	1586	1664	2340	2678	2769	2301	2119	2444	2093	1443	1144	546	0	598	1040	
1430	1157	1456	2145	2587	2821	2483	2392	2860	2600	1976	1742	1144	598	0	585	
1287	572	949	1612	2119	2444	2236	2249	2847	2717	2171	2106	1560	1040	585	0	
V5
0	1958	1335	1975	2118	2100	1441	1335	2153	2136	1655	2100	1869	1708	1958	1762	
1958	0	890	1602	2403	3008	2954	3132	4094	4076	3435	3506	2848	2171	1584	783	
1335	890	0	943	1584	2118	2082	2314	3346	3453	2990	3275	2776	2278	1993	1299	
1975	1602	943	0	854	1637	2047	2492	3577	3916	3613	4058	3666	3204	2937	2207	
2118	2403	1584	854	0	872	1584	2136	3186	3702	3613	4218	3987	3666	3542	2901	
2100	3008	2118	1637	872	0	979	1566	2509	3168	3275	4005	3969	3791	3862	3346	
1441	2954	2082	2047	1584	979	0	587	1602	2189	2314	3097	3168	3150	3399	3061	
1335	3132	2314	2492	2136	1566	587	0	1085	1584	1780	2616	2794	2901	3275	3079	
2153	4094	3346	3577	3186	2509	1602	1085	0	890	1602	2509	3008	3346	3916	3898	
2136	4076	3453	3916	3702	3168	2189	1584	890	0	907	1726	2367	2865	3560	3720	
1655	3435	2990	3613	3613	3275	2314	1780	1602	907	0	890	1459	1975	2705	2972	
2100	3506	3275	4058	4218	4005	3097	2616	2509	1726	890	0	854	1566	2385	2883	
1869	2848	2776	3666	3987	3969	3168	2794	3008	2367	1459	854	0	747	1566	2136	
1708	2171	2278	3204	3666	3791	3150	2901	3346	2865	1975	1566	747	0	818	1424	
1958	1584	1993	2937	3542	3862	3399	3275	3916	3560	2705	2385	1566	818	0	801	
1762	783	1299	2207	2901	3346	3061	3079	3898	3720	2972	2883	2136	1424	801	0	
V6
0	1100	750	1110	1190	1180	810	750	1210	1200	930	1180	1050	960	1100	990	
1100	0	500	900	1350	1690	1660	1760	2300	2290	1930	1970	1600	1220	890	440	
750	500	0	530	890	1190	1170	1300	1880	1940	1680	1840	1560	1280	1120	730	
1110	900	530	0	480	920	1150	1400	2010	2200	2030	2280	2060	1800	1650	1240	
1190	1350	890	480	0	490	890	1200	1790	2080	2030	2370	2240	2060	1990	1630	
1180	1690	1190	920	490	0	550	880	1410	1780	1840	2250	2230	2130	2170	1880	
810	1660	1170	1150	890	550	0	330	900	1230	1300	1740	1780	1770	1910	1720	
750	1760	1300	1400	1200	880	330	0	610	890	1000	1470	1570	1630	1840	1730	
1210	2300	1880	2010	1790	1410	900	610	0	500	900	1410	1690	1880	2200	2190	
1200	2290	1940	2200	2080	1780	1230	890	500	0	510	970	1330	1610	2000	2090	
930	1930	1680	2030	2030	1840	1300	1000	900	510	0	500	820	1110	1520	1670	
1180	1970	1840	2280	2370	2250	1740	1470	1410	970	500	0	480	880	1340	1620	
1050	1600	1560	2060	2240	2230	1780	1570	1690	1330	820	480	0	420	880	1200	
960	1220	1280	1800	2060	2130	1770	1630	1880	1610	1110	880	420	0	460	800	
1100	890	1120	1650	1990	2170	1910	1840	2200	2000	1520	1340	880	460	0	450	
990	440	730	1240	1630	1880	1720	1730	2190	2090	1670	1620	1200	800	450	0	
Velocidade_Veiculos
1	1	1	1	1	1	1	