M: 4
N: 15
Nun_Veiculos: 5
Capacidade_Total: 396
Demanda_Total: 259
Setup_Min: 1
Setup_Max: 99
Raio: 20
Circulos: 1
Tempo_Processamento_Min: 1
Tempo_Processamento_Max: 49
Demanda_Min: 10
Demanda_Max: 30
Priority_Factor: 0.2
Range_Factor_R: 0.8
U_factor: 2
ALpha: 0.2Replicao: 1
Tempos_Processamentos
0	0	1	0	2	0	3	0	
0	19	1	15	2	31	3	8	
0	27	1	32	2	34	3	9	
0	41	1	42	2	44	3	38	
0	33	1	2	2	35	3	8	
0	12	1	38	2	7	3	35	
0	45	1	26	2	30	3	7	
0	10	1	14	2	49	3	47	
0	48	1	21	2	29	3	17	
0	6	1	21	2	39	3	7	
0	13	1	2	2	20	3	20	
0	17	1	49	2	36	3	14	
0	48	1	4	2	18	3	29	
0	5	1	21	2	25	3	49	
0	21	1	15	2	29	3	31	
0	1	1	8	2	46	3	34	

Tempos_setup
M0
0	0	0	0	0	0	0	0	0	0	0	0	0	0	0	0	
0	0	40	58	29	53	27	23	25	35	38	33	39	38	43	26	
0	19	0	27	12	36	25	21	9	2	17	17	8	13	20	23	
0	24	12	0	1	29	26	30	21	14	10	28	11	22	23	26	
0	30	11	29	0	28	25	29	20	13	9	27	10	24	22	25	
0	37	33	51	31	0	1	28	16	31	35	24	32	42	38	30	
0	36	37	55	40	28	0	52	44	30	45	48	36	50	48	51	
0	38	19	37	31	30	4	0	2	21	24	10	18	28	20	16	
0	36	17	35	29	28	16	12	0	19	22	8	16	26	28	14	
0	17	7	25	10	34	29	25	16	0	15	24	6	20	18	21	
0	21	2	20	14	19	20	20	11	4	0	18	1	15	13	16	
0	28	9	27	21	20	8	4	6	11	26	0	8	18	20	6	
0	20	1	19	13	37	23	19	10	3	18	18	0	14	12	15	
0	22	16	37	28	43	38	34	25	18	24	30	24	0	24	27	
0	37	31	41	42	39	14	28	30	33	29	24	30	15	0	3	
0	34	28	47	40	36	21	25	27	30	27	21	28	12	36	0	
M1
0	0	0	0	0	0	0	0	0	0	0	0	0	0	0	0	
0	0	10	14	9	25	15	7	22	20	22	1	9	6	9	13	
0	10	0	24	19	29	24	17	32	30	31	11	9	16	18	22	
0	25	15	0	2	13	17	17	30	6	16	15	24	16	28	30	
0	23	22	35	0	16	15	24	33	28	14	13	22	29	26	28	
0	18	20	19	21	0	18	25	17	25	17	19	18	24	27	31	
0	21	31	35	26	34	0	17	43	31	7	22	30	23	19	13	
0	40	41	38	28	44	30	0	35	44	29	32	41	25	41	43	
0	5	15	19	14	30	20	12	0	25	27	6	14	11	14	18	
0	19	9	26	24	7	25	13	24	0	24	20	18	21	27	31	
0	22	32	29	19	28	1	10	44	32	0	23	31	16	12	14	
0	10	9	24	19	28	25	17	32	30	32	0	9	16	19	23	
0	1	2	15	10	20	16	8	23	21	23	2	0	7	10	14	
0	26	25	13	3	19	18	1	36	19	17	16	25	0	29	21	
0	23	22	35	32	16	6	15	33	22	13	21	30	29	0	4	
0	23	27	37	28	25	2	11	42	18	9	24	32	25	21	0	
M2
0	0	0	0	0	0	0	0	0	0	0	0	0	0	0	0	
0	0	24	10	37	19	16	22	14	27	22	20	42	32	22	16	
0	26	0	36	33	35	34	33	32	23	38	36	53	8	28	34	
0	28	14	0	27	9	6	17	4	17	12	10	32	22	12	6	
0	33	7	36	0	33	25	36	23	30	24	25	35	15	31	25	
0	29	5	12	38	0	18	15	16	8	3	1	35	13	13	5	
0	22	24	31	21	33	0	11	35	21	19	20	28	28	6	16	
0	27	13	20	36	27	26	0	24	16	8	9	20	21	11	21	
0	24	11	18	23	19	2	13	0	14	21	7	30	19	8	2	
0	21	23	30	32	32	33	10	31	0	18	19	30	7	5	15	
0	29	5	12	38	19	18	12	16	8	0	1	32	13	13	18	
0	28	4	11	37	20	17	17	15	7	23	0	37	12	12	17	
0	30	6	13	16	20	19	12	17	9	1	2	0	14	14	19	
0	48	32	39	25	27	26	37	24	33	30	28	54	0	32	26	
0	16	18	25	41	27	31	5	29	15	13	14	25	22	0	10	
0	46	22	29	48	17	27	32	30	25	20	18	47	30	30	0	
M3
0	0	0	0	0	0	0	0	0	0	0	0	0	0	0	0	
0	0	33	36	30	34	40	20	34	27	32	26	28	34	37	37	
0	28	0	21	38	16	7	24	17	39	21	22	22	22	14	19	
0	20	30	0	41	27	31	20	22	31	11	26	18	26	33	25	
0	25	21	6	0	15	13	11	4	34	2	9	9	17	15	17	
0	31	7	19	22	0	12	21	22	26	15	17	19	6	19	3	
0	21	27	14	38	23	0	17	10	32	14	15	15	23	7	26	
0	24	13	24	21	14	20	0	23	23	23	6	8	14	17	17	
0	21	17	9	28	13	9	7	0	30	18	5	5	13	11	16	
0	17	29	30	39	23	16	19	26	0	30	15	17	23	23	26	
0	24	23	4	38	16	28	24	26	35	0	30	22	22	35	19	
0	18	14	27	24	8	14	4	24	27	23	0	2	8	21	11	
0	16	12	25	23	16	14	2	24	25	25	8	0	8	19	19	
0	27	33	20	16	29	6	23	16	32	18	21	21	0	13	32	
0	27	30	7	45	23	27	25	18	38	7	23	23	29	0	26	
0	28	28	23	19	22	9	18	19	23	21	14	16	3	16	0	
Tamanho_Tarefas
0	15	18	41	13	14	11	23	18	9	7	24	22	25	18	1	
Data_Entrega
0	52	71	47	55	68	52	57	65	57	68	47	71	49	62	66	
Penalidade_Atraso
0	20	18	13	1	2	8	15	4	17	14	3	14	8	20	2	
Capacidade_Veiculo
87	113	48	59	89	
Custo_Fixo_Veiculo
870	1130	480	590	890	
Coordenadas_Clientes
x	0	y	0
x	20	y	0
x	17	y	7
x	13	y	15
x	6	y	20
x	-2	y	24
x	-8	y	14
x	-12	y	9
x	-21	y	4
x	-20	y	-4
x	-13	y	-9
x	-8	y	-15
x	-2	y	-20
x	4	y	-15
x	16	y	-17
x	17	y	-7
Tempo_Viagem
0	20	18	19	20	24	16	15	21	20	15	17	20	15	23	18	
20	0	7	15	23	31	31	33	41	40	34	31	28	21	17	7	
18	7	0	8	16	24	25	29	38	38	33	33	32	25	24	14	
19	15	8	0	8	16	21	25	35	38	34	36	38	31	32	22	
20	23	16	8	0	8	15	21	31	35	34	37	40	35	38	29	
24	31	24	16	8	0	11	17	27	32	34	39	44	39	44	36	
16	31	25	21	15	11	0	6	16	21	23	29	34	31	39	32	
15	33	29	25	21	17	6	0	10	15	18	24	30	28	38	33	
21	41	38	35	31	27	16	10	0	8	15	22	29	31	42	39	
20	40	38	38	35	32	21	15	8	0	8	15	22	26	38	37	
15	34	33	34	34	34	23	18	15	8	0	7	14	18	30	30	
17	31	33	36	37	39	29	24	22	15	7	0	7	12	24	26	
20	28	32	38	40	44	34	30	29	22	14	7	0	7	18	22	
15	21	25	31	35	39	31	28	31	26	18	12	7	0	12	15	
23	17	24	32	38	44	39	38	42	38	30	24	18	12	0	10	
18	7	14	22	29	36	32	33	39	37	30	26	22	15	10	0	
Custo_Viagem
V0
0	348	313	330	348	417	278	261	365	348	261	295	348	261	400	313	
348	0	121	278	417	556	539	574	713	696	591	539	504	365	295	121	
313	121	0	139	295	435	435	504	661	661	591	574	574	435	417	243	
330	278	139	0	139	295	365	435	609	661	609	626	661	539	556	382	
348	417	295	139	0	139	261	365	539	609	591	643	696	609	661	504	
417	556	435	295	139	0	191	313	469	574	591	678	765	678	765	626	
278	539	435	365	261	191	0	104	278	365	400	504	591	539	678	556	
261	574	504	435	365	313	104	0	174	261	313	417	522	487	661	574	
365	713	661	609	539	469	278	174	0	139	261	400	522	539	730	678	
348	696	661	661	609	574	365	261	139	0	139	278	417	452	661	643	
261	591	591	609	591	591	400	313	261	139	0	121	261	313	522	522	
295	539	574	626	643	678	504	417	400	278	121	0	121	208	417	452	
348	504	574	661	696	765	591	522	522	417	261	121	0	121	313	400	
261	365	435	539	609	678	539	487	539	452	313	208	121	0	208	261	
400	295	417	556	661	765	678	661	730	661	522	417	313	208	0	174	
313	121	243	382	504	626	556	574	678	643	522	452	400	261	174	0	
V1
0	452	406	429	452	542	361	339	474	452	339	384	452	339	519	406	
452	0	158	361	542	723	700	745	926	904	768	700	655	474	384	158	
406	158	0	180	384	565	565	655	858	858	768	745	745	565	542	316	
429	361	180	0	180	384	474	565	791	858	791	813	858	700	723	497	
452	542	384	180	0	180	339	474	700	791	768	836	904	791	858	655	
542	723	565	384	180	0	248	406	610	745	768	881	994	881	994	813	
361	700	565	474	339	248	0	135	361	474	519	655	768	700	881	723	
339	745	655	565	474	406	135	0	226	339	406	542	678	632	858	745	
474	926	858	791	700	610	361	226	0	180	339	519	678	700	949	881	
452	904	858	858	791	745	474	339	180	0	180	361	542	587	858	836	
339	768	768	791	768	768	519	406	339	180	0	158	339	406	678	678	
384	700	745	813	836	881	655	542	519	361	158	0	158	271	542	587	
452	655	745	858	904	994	768	678	678	542	339	158	0	158	406	519	
339	474	565	700	791	881	700	632	700	587	406	271	158	0	271	339	
519	384	542	723	858	994	881	858	949	858	678	542	406	271	0	226	
406	158	316	497	655	813	723	745	881	836	678	587	519	339	226	0	
V2
0	192	172	182	192	230	153	144	201	192	144	163	192	144	220	172	
192	0	67	153	230	307	297	316	393	384	326	297	278	201	163	67	
172	67	0	76	163	240	240	278	364	364	326	316	316	240	230	134	
182	153	76	0	76	163	201	240	336	364	336	345	364	297	307	211	
192	230	163	76	0	76	144	201	297	336	326	355	384	336	364	278	
230	307	240	163	76	0	105	172	259	316	326	374	422	374	422	345	
153	297	240	201	144	105	0	57	153	201	220	278	326	297	374	307	
144	316	278	240	201	172	57	0	96	144	172	230	288	268	364	316	
201	393	364	336	297	259	153	96	0	76	144	220	288	297	403	374	
192	384	364	364	336	316	201	144	76	0	76	153	230	249	364	355	
144	326	326	336	326	326	220	172	144	76	0	67	144	172	288	288	
163	297	316	345	355	374	278	230	220	153	67	0	67	115	230	249	
192	278	316	364	384	422	326	288	288	230	144	67	0	67	172	220	
144	201	240	297	336	374	297	268	297	249	172	115	67	0	115	144	
220	163	230	307	364	422	374	364	403	364	288	230	172	115	0	96	
172	67	134	211	278	345	307	316	374	355	288	249	220	144	96	0	
V3
0	236	212	224	236	283	188	177	247	236	177	200	236	177	271	212	
236	0	82	188	283	377	365	389	483	472	401	365	342	247	200	82	
212	82	0	94	200	295	295	342	448	448	401	389	389	295	283	165	
224	188	94	0	94	200	247	295	413	448	413	424	448	365	377	259	
236	283	200	94	0	94	177	247	365	413	401	436	472	413	448	342	
283	377	295	200	94	0	129	212	318	389	401	460	519	460	519	424	
188	365	295	247	177	129	0	70	188	247	271	342	401	365	460	377	
177	389	342	295	247	212	70	0	118	177	212	283	354	330	448	389	
247	483	448	413	365	318	188	118	0	94	177	271	354	365	495	460	
236	472	448	448	413	389	247	177	94	0	94	188	283	306	448	436	
177	401	401	413	401	401	271	212	177	94	0	82	177	212	354	354	
200	365	389	424	436	460	342	283	271	188	82	0	82	141	283	306	
236	342	389	448	472	519	401	354	354	283	177	82	0	82	212	271	
177	247	295	365	413	460	365	330	365	306	212	141	82	0	141	177	
271	200	283	377	448	519	460	448	495	448	354	283	212	141	0	118	
212	82	165	259	342	424	377	389	460	436	354	306	271	177	118	0	
V4
0	356	320	338	356	427	284	267	373	356	267	302	356	267	409	320	
356	0	124	284	427	569	551	587	729	712	605	551	516	373	302	124	
320	124	0	142	302	445	445	516	676	676	605	587	587	445	427	249	
338	284	142	0	142	302	373	445	623	676	623	640	676	551	569	391	
356	427	302	142	0	142	267	373	551	623	605	658	712	623	676	516	
427	569	445	302	142	0	195	320	480	587	605	694	783	694	783	640	
284	551	445	373	267	195	0	106	284	373	409	516	605	551	694	569	
267	587	516	445	373	320	106	0	178	267	320	427	534	498	676	587	
373	729	676	623	551	480	284	178	0	142	267	409	534	551	747	694	
356	712	676	676	623	587	373	267	142	0	142	284	427	462	676	658	
267	605	605	623	605	605	409	320	267	142	0	124	267	320	534	534	
302	551	587	640	658	694	516	427	409	284	124	0	124	213	427	462	
356	516	587	676	712	783	605	534	534	427	267	124	0	124	320	409	
267	373	445	551	623	694	551	498	551	462	320	213	124	0	213	267	
409	302	427	569	676	783	694	676	747	676	534	427	320	213	0	178	
320	124	249	391	516	640	569	587	694	658	534	462	409	267	178	0	
Velocidade_Veiculos
1	1	1	1	1	