M: 4
N: 15
Nun_Veiculos: 7
Capacidade_Total: 394
Demanda_Total: 224
Setup_Min: 1
Setup_Max: 9
Raio: 20
Circulos: 1
Tempo_Processamento_Min: 1
Tempo_Processamento_Max: 49
Demanda_Min: 10
Demanda_Max: 30
Priority_Factor: 0.2
Range_Factor_R: 0.8
U_factor: 2
ALpha: 0.2Replicao: 0
Tempos_Processamentos
0	0	1	0	2	0	3	0	
0	32	1	45	2	48	3	23	
0	4	1	6	2	35	3	26	
0	45	1	34	2	49	3	2	
0	11	1	48	2	28	3	4	
0	19	1	35	2	44	3	25	
0	41	1	18	2	11	3	15	
0	35	1	3	2	3	3	32	
0	11	1	11	2	3	3	37	
0	25	1	38	2	20	3	23	
0	19	1	6	2	2	3	34	
0	12	1	10	2	26	3	22	
0	35	1	44	2	13	3	48	
0	18	1	37	2	38	3	35	
0	21	1	8	2	44	3	23	
0	34	1	42	2	1	3	48	

Tempos_setup
M0
0	0	0	0	0	0	0	0	0	0	0	0	0	0	0	0	
0	0	3	4	6	1	4	2	5	3	5	4	5	4	6	5	
0	1	0	3	5	2	5	1	2	4	5	4	5	4	5	3	
0	3	3	0	4	4	3	3	5	1	5	2	4	3	4	3	
0	3	3	1	0	1	2	4	4	1	5	3	5	3	5	3	
0	3	2	5	5	0	3	3	4	6	4	6	5	4	7	5	
0	4	5	4	6	5	0	5	2	3	4	6	4	4	5	3	
0	5	4	2	4	5	4	0	4	3	7	3	6	5	6	5	
0	3	3	2	4	3	5	3	0	3	4	4	4	2	3	1	
0	2	4	3	4	3	6	4	5	0	5	5	4	2	4	2	
0	4	3	1	5	1	3	1	5	2	0	2	5	4	4	4	
0	4	4	4	3	2	1	3	3	4	4	0	5	3	6	4	
0	5	4	2	5	2	4	1	5	3	1	3	0	5	5	5	
0	3	2	2	2	3	4	3	4	3	5	4	4	0	3	1	
0	3	2	1	1	2	2	3	3	2	3	1	2	3	0	4	
0	2	4	1	3	3	4	4	3	2	5	3	4	4	2	0	
M1
0	0	0	0	0	0	0	0	0	0	0	0	0	0	0	0	
0	0	3	3	3	3	2	4	3	5	4	3	3	4	1	2	
0	5	0	1	3	2	1	3	3	2	2	2	2	1	2	2	
0	4	3	0	2	2	2	2	3	4	1	2	1	4	1	1	
0	4	3	2	0	2	1	2	3	3	3	2	1	2	1	1	
0	4	5	2	2	0	1	2	4	4	3	3	3	3	3	3	
0	5	4	1	2	1	0	3	3	4	2	3	2	3	2	2	
0	4	4	2	4	2	2	0	4	4	1	1	2	4	2	3	
0	4	4	3	3	2	3	4	0	2	2	2	3	1	4	1	
0	5	2	1	1	3	2	2	4	0	2	3	2	1	2	2	
0	7	4	3	4	4	3	5	6	3	0	5	4	4	4	4	
0	4	3	2	3	1	1	2	4	4	2	0	1	4	3	3	
0	3	2	3	4	3	3	1	5	3	2	2	0	3	3	3	
0	4	3	2	2	3	2	3	5	1	1	4	3	0	3	3	
0	5	4	2	2	2	1	3	2	4	3	2	2	3	0	1	
0	5	4	3	3	1	2	3	4	5	3	1	2	4	4	0	
M2
0	0	0	0	0	0	0	0	0	0	0	0	0	0	0	0	
0	0	1	5	3	2	3	2	2	2	2	3	3	2	2	3	
0	3	0	4	2	1	2	2	3	1	1	3	2	2	1	2	
0	5	3	0	1	2	2	2	3	3	4	3	2	2	1	3	
0	6	3	6	0	4	3	3	4	4	3	3	3	4	2	4	
0	4	3	5	3	0	2	4	3	1	3	2	5	2	4	4	
0	4	2	5	3	3	0	3	1	1	3	3	3	4	3	4	
0	6	4	4	3	5	2	0	3	3	3	1	3	4	3	3	
0	6	5	4	2	6	5	5	0	4	5	3	5	6	4	5	
0	3	3	5	4	4	1	4	2	0	4	2	4	3	4	4	
0	6	4	3	1	2	4	4	5	3	0	4	4	4	3	5	
0	6	4	3	3	4	3	3	4	3	2	0	3	3	2	2	
0	5	2	6	4	3	2	4	3	2	3	4	0	3	3	4	
0	5	3	6	4	1	1	4	2	2	4	3	4	0	3	4	
0	4	2	5	4	3	1	1	2	2	3	2	1	4	0	2	
0	6	3	5	5	4	2	3	3	3	4	2	1	3	4	0	
M3
0	0	0	0	0	0	0	0	0	0	0	0	0	0	0	0	
0	0	2	3	1	3	2	5	3	3	3	3	3	3	2	4	
0	2	0	3	1	3	2	3	2	3	3	2	3	2	1	2	
0	3	2	0	1	4	2	2	2	3	2	3	1	3	3	3	
0	3	1	2	0	4	1	4	2	2	2	3	2	2	2	3	
0	2	2	4	3	0	4	3	3	3	1	1	3	4	3	2	
0	4	3	1	2	5	0	3	2	4	3	3	2	4	4	4	
0	2	2	5	3	5	4	0	4	4	3	1	3	4	3	4	
0	3	2	1	2	4	3	3	0	4	3	1	2	4	2	4	
0	4	2	3	3	2	2	2	2	0	3	1	3	2	3	1	
0	1	2	3	2	4	3	2	2	2	0	1	3	4	2	1	
0	3	1	4	2	4	3	4	3	3	2	0	2	3	2	3	
0	2	3	4	3	3	4	3	3	3	1	2	0	5	3	2	
0	3	3	1	2	3	3	2	2	1	3	2	2	0	2	2	
0	1	2	3	1	2	2	4	2	3	3	1	3	2	0	4	
0	3	3	2	3	4	4	1	1	2	4	2	3	4	3	0	
Tamanho_Tarefas
0	25	17	2	4	28	11	15	3	21	3	10	14	29	23	19	
Data_Entrega
0	54	67	46	55	52	62	66	64	58	65	61	63	49	57	64	
Penalidade_Atraso
0	11	15	6	9	4	1	12	9	14	16	17	14	5	1	3	
Capacidade_Veiculo
70	44	36	30	66	83	65	
Custo_Fixo_Veiculo
700	440	360	300	660	830	650	
Coordenadas_Clientes
x	0	y	0
x	17	y	0
x	14	y	6
x	11	y	12
x	6	y	18
x	-2	y	21
x	-11	y	20
x	-20	y	14
x	-24	y	5
x	-24	y	-5
x	-16	y	-11
x	-10	y	-17
x	-2	y	-20
x	6	y	-20
x	15	y	-17
x	21	y	-9
Tempo_Viagem
0	17	15	16	18	21	22	24	24	24	19	19	20	20	22	22	
17	0	6	12	19	27	34	39	41	41	34	31	27	22	17	9	
15	6	0	6	13	21	28	34	38	39	34	33	30	27	23	15	
16	12	6	0	7	15	23	31	35	38	35	35	34	32	29	21	
18	19	13	7	0	8	17	26	32	37	36	37	38	38	36	28	
21	27	21	15	8	0	9	19	27	34	34	38	41	41	41	36	
22	34	28	23	17	9	0	10	19	28	31	37	41	42	44	43	
24	39	34	31	26	19	10	0	9	19	25	32	38	42	46	46	
24	41	38	35	32	27	19	9	0	10	17	25	33	39	44	46	
24	41	39	38	37	34	28	19	10	0	10	18	26	33	40	45	
19	34	34	35	36	34	31	25	17	10	0	8	16	23	31	37	
19	31	33	35	37	38	37	32	25	18	8	0	8	16	25	32	
20	27	30	34	38	41	41	38	33	26	16	8	0	8	17	25	
20	22	27	32	38	41	42	42	39	33	23	16	8	0	9	18	
22	17	23	29	36	41	44	46	44	40	31	25	17	9	0	10	
22	9	15	21	28	36	43	46	46	45	37	32	25	18	10	0	
Custo_Viagem
V0
0	238	210	224	252	294	308	336	336	336	266	266	280	280	308	308	
238	0	84	182	294	392	476	546	574	574	476	434	378	308	238	126	
210	84	0	84	196	294	392	476	532	546	476	462	420	378	322	224	
224	182	84	0	98	210	322	434	490	532	490	490	476	448	406	322	
252	294	196	98	0	112	238	364	448	518	504	532	532	532	504	420	
294	392	294	210	112	0	126	266	378	476	476	532	574	574	574	518	
308	476	392	322	238	126	0	140	266	392	434	518	574	602	630	602	
336	546	476	434	364	266	140	0	126	266	350	448	532	588	644	658	
336	574	532	490	448	378	266	126	0	140	238	364	462	546	616	658	
336	574	546	532	518	476	392	266	140	0	140	252	364	462	560	630	
266	476	476	490	504	476	434	350	238	140	0	112	224	322	434	518	
266	434	462	490	532	532	518	448	364	252	112	0	112	224	350	448	
280	378	420	476	532	574	574	532	462	364	224	112	0	112	238	350	
280	308	378	448	532	574	602	588	546	462	322	224	112	0	126	252	
308	238	322	406	504	574	630	644	616	560	434	350	238	126	0	140	
308	126	224	322	420	518	602	658	658	630	518	448	350	252	140	0	
V1
0	149	132	140	158	184	193	211	211	211	167	167	176	176	193	193	
149	0	52	114	184	246	299	343	360	360	299	272	237	193	149	79	
132	52	0	52	123	184	246	299	334	343	299	290	264	237	202	140	
140	114	52	0	61	132	202	272	308	334	308	308	299	281	255	202	
158	184	123	61	0	70	149	228	281	325	316	334	334	334	316	264	
184	246	184	132	70	0	79	167	237	299	299	334	360	360	360	325	
193	299	246	202	149	79	0	88	167	246	272	325	360	378	396	378	
211	343	299	272	228	167	88	0	79	167	220	281	334	369	404	413	
211	360	334	308	281	237	167	79	0	88	149	228	290	343	387	413	
211	360	343	334	325	299	246	167	88	0	88	158	228	290	352	396	
167	299	299	308	316	299	272	220	149	88	0	70	140	202	272	325	
167	272	290	308	334	334	325	281	228	158	70	0	70	140	220	281	
176	237	264	299	334	360	360	334	290	228	140	70	0	70	149	220	
176	193	237	281	334	360	378	369	343	290	202	140	70	0	79	158	
193	149	202	255	316	360	396	404	387	352	272	220	149	79	0	88	
193	79	140	202	264	325	378	413	413	396	325	281	220	158	88	0	
V2
0	122	108	115	129	151	158	172	172	172	136	136	144	144	158	158	
122	0	43	93	151	201	244	280	295	295	244	223	194	158	122	64	
108	43	0	43	100	151	201	244	273	280	244	237	216	194	165	115	
115	93	43	0	50	108	165	223	252	273	252	252	244	230	208	165	
129	151	100	50	0	57	122	187	230	266	259	273	273	273	259	216	
151	201	151	108	57	0	64	136	194	244	244	273	295	295	295	266	
158	244	201	165	122	64	0	72	136	201	223	266	295	309	324	309	
172	280	244	223	187	136	72	0	64	136	180	230	273	302	331	338	
172	295	273	252	230	194	136	64	0	72	122	187	237	280	316	338	
172	295	280	273	266	244	201	136	72	0	72	129	187	237	288	324	
136	244	244	252	259	244	223	180	122	72	0	57	115	165	223	266	
136	223	237	252	273	273	266	230	187	129	57	0	57	115	180	230	
144	194	216	244	273	295	295	273	237	187	115	57	0	57	122	180	
144	158	194	230	273	295	309	302	280	237	165	115	57	0	64	129	
158	122	165	208	259	295	324	331	316	288	223	180	122	64	0	72	
158	64	115	165	216	266	309	338	338	324	266	230	180	129	72	0	
V3
0	102	90	96	108	126	132	144	144	144	114	114	120	120	132	132	
102	0	36	78	126	168	204	234	246	246	204	186	162	132	102	54	
90	36	0	36	84	126	168	204	228	234	204	198	180	162	138	96	
96	78	36	0	42	90	138	186	210	228	210	210	204	192	174	138	
108	126	84	42	0	48	102	156	192	222	216	228	228	228	216	180	
126	168	126	90	48	0	54	114	162	204	204	228	246	246	246	222	
132	204	168	138	102	54	0	60	114	168	186	222	246	258	270	258	
144	234	204	186	156	114	60	0	54	114	150	192	228	252	276	282	
144	246	228	210	192	162	114	54	0	60	102	156	198	234	264	282	
144	246	234	228	222	204	168	114	60	0	60	108	156	198	240	270	
114	204	204	210	216	204	186	150	102	60	0	48	96	138	186	222	
114	186	198	210	228	228	222	192	156	108	48	0	48	96	150	192	
120	162	180	204	228	246	246	228	198	156	96	48	0	48	102	150	
120	132	162	192	228	246	258	252	234	198	138	96	48	0	54	108	
132	102	138	174	216	246	270	276	264	240	186	150	102	54	0	60	
132	54	96	138	180	222	258	282	282	270	222	192	150	108	60	0	
V4
0	224	198	211	237	277	290	316	316	316	250	250	264	264	290	290	
224	0	79	171	277	369	448	514	541	541	448	409	356	290	224	118	
198	79	0	79	184	277	369	448	501	514	448	435	396	356	303	211	
211	171	79	0	92	198	303	409	462	501	462	462	448	422	382	303	
237	277	184	92	0	105	224	343	422	488	475	501	501	501	475	396	
277	369	277	198	105	0	118	250	356	448	448	501	541	541	541	488	
290	448	369	303	224	118	0	132	250	369	409	488	541	567	594	567	
316	514	448	409	343	250	132	0	118	250	330	422	501	554	607	620	
316	541	501	462	422	356	250	118	0	132	224	343	435	514	580	620	
316	541	514	501	488	448	369	250	132	0	132	237	343	435	528	594	
250	448	448	462	475	448	409	330	224	132	0	105	211	303	409	488	
250	409	435	462	501	501	488	422	343	237	105	0	105	211	330	422	
264	356	396	448	501	541	541	501	435	343	211	105	0	105	224	330	
264	290	356	422	501	541	567	554	514	435	303	211	105	0	118	237	
290	224	303	382	475	541	594	607	580	528	409	330	224	118	0	132	
290	118	211	303	396	488	567	620	620	594	488	422	330	237	132	0	
V5
0	282	249	265	298	348	365	398	398	398	315	315	332	332	365	365	
282	0	99	215	348	464	564	647	680	680	564	514	448	365	282	149	
249	99	0	99	232	348	464	564	630	647	564	547	498	448	381	265	
265	215	99	0	116	249	381	514	581	630	581	581	564	531	481	381	
298	348	232	116	0	132	282	431	531	614	597	630	630	630	597	498	
348	464	348	249	132	0	149	315	448	564	564	630	680	680	680	614	
365	564	464	381	282	149	0	166	315	464	514	614	680	713	747	713	
398	647	564	514	431	315	166	0	149	315	415	531	630	697	763	780	
398	680	630	581	531	448	315	149	0	166	282	431	547	647	730	780	
398	680	647	630	614	564	464	315	166	0	166	298	431	547	664	747	
315	564	564	581	597	564	514	415	282	166	0	132	265	381	514	614	
315	514	547	581	630	630	614	531	431	298	132	0	132	265	415	531	
332	448	498	564	630	680	680	630	547	431	265	132	0	132	282	415	
332	365	448	531	630	680	713	697	647	547	381	265	132	0	149	298	
365	282	381	481	597	680	747	763	730	664	514	415	282	149	0	166	
365	149	265	381	498	614	713	780	780	747	614	531	415	298	166	0	
V6
0	221	195	208	234	273	286	312	312	312	247	247	260	260	286	286	
221	0	78	169	273	364	442	507	533	533	442	403	351	286	221	117	
195	78	0	78	182	273	364	442	494	507	442	429	390	351	299	208	
208	169	78	0	91	195	299	403	455	494	455	455	442	416	377	299	
234	273	182	91	0	104	221	338	416	481	468	494	494	494	468	390	
273	364	273	195	104	0	117	247	351	442	442	494	533	533	533	481	
286	442	364	299	221	117	0	130	247	364	403	481	533	559	585	559	
312	507	442	403	338	247	130	0	117	247	325	416	494	546	598	611	
312	533	494	455	416	351	247	117	0	130	221	338	429	507	572	611	
312	533	507	494	481	442	364	247	130	0	130	234	338	429	520	585	
247	442	442	455	468	442	403	325	221	130	0	104	208	299	403	481	
247	403	429	455	494	494	481	416	338	234	104	0	104	208	325	416	
260	351	390	442	494	533	533	494	429	338	208	104	0	104	221	325	
260	286	351	416	494	533	559	546	507	429	299	208	104	0	117	234	
286	221	299	377	468	533	585	598	572	520	403	325	221	117	0	130	
286	117	208	299	390	481	559	611	611	585	481	416	325	234	130	0	
Velocidade_Veiculos
1	1	1	1	1	1	1	