M: 4
N: 15
Nun_Veiculos: 8
Capacidade_Total: 562
Demanda_Total: 324
Setup_Min: 1
Setup_Max: 9
Raio: 20
Circulos: 1
Tempo_Processamento_Min: 1
Tempo_Processamento_Max: 49
Demanda_Min: 10
Demanda_Max: 30
Priority_Factor: 0.2
Range_Factor_R: 0.8
U_factor: 2
ALpha: 0.2Replicao: 1
Tempos_Processamentos
0	0	1	0	2	0	3	0	
0	31	1	28	2	37	3	45	
0	18	1	44	2	19	3	36	
0	47	1	49	2	6	3	14	
0	12	1	37	2	1	3	18	
0	35	1	41	2	41	3	20	
0	35	1	16	2	23	3	42	
0	32	1	33	2	48	3	27	
0	19	1	41	2	8	3	10	
0	17	1	11	2	32	3	2	
0	1	1	48	2	3	3	6	
0	45	1	46	2	13	3	9	
0	39	1	47	2	29	3	38	
0	33	1	32	2	44	3	34	
0	30	1	26	2	13	3	30	
0	24	1	11	2	49	3	47	

Tempos_setup
M0
0	0	0	0	0	0	0	0	0	0	0	0	0	0	0	0	
0	0	4	1	4	2	2	2	3	4	6	4	3	3	3	2	
0	4	0	2	4	4	1	3	4	4	7	3	4	5	2	3	
0	4	4	0	3	2	3	4	2	4	5	4	2	5	3	3	
0	3	3	3	0	2	3	2	4	1	4	3	3	5	2	2	
0	2	4	2	5	0	2	4	4	3	5	2	2	4	1	1	
0	5	4	1	3	3	0	2	3	4	6	5	3	5	4	4	
0	4	2	4	6	4	3	0	2	4	7	3	3	5	2	5	
0	3	4	3	5	3	2	3	0	3	6	2	3	4	1	4	
0	3	3	3	4	1	2	1	3	0	3	2	3	4	1	2	
0	4	3	2	1	3	1	3	4	2	0	4	3	4	3	3	
0	1	3	2	3	1	3	2	4	1	4	0	1	3	2	2	
0	3	2	3	6	1	3	5	4	4	6	3	0	3	2	2	
0	2	4	2	4	2	1	2	3	1	4	1	2	0	2	2	
0	2	4	2	4	2	1	3	4	2	5	1	2	3	0	3	
0	1	3	1	4	2	3	3	3	2	5	4	1	4	3	0	
M1
0	0	0	0	0	0	0	0	0	0	0	0	0	0	0	0	
0	0	2	2	1	2	2	3	2	1	4	1	2	3	3	3	
0	2	0	2	3	4	4	3	4	3	2	3	2	1	4	5	
0	4	3	0	1	3	2	3	2	4	4	4	2	4	3	3	
0	3	4	1	0	4	3	2	1	4	4	3	1	3	2	4	
0	3	2	2	3	0	4	5	4	4	4	3	4	3	2	4	
0	4	3	4	4	5	0	2	3	3	4	5	5	3	4	1	
0	4	4	3	2	4	4	0	1	4	4	5	3	3	2	2	
0	4	5	3	4	5	4	5	0	3	3	4	5	2	6	5	
0	4	2	2	3	4	1	3	4	0	4	3	4	3	5	2	
0	4	2	3	4	2	2	4	5	2	0	1	3	3	3	3	
0	3	1	3	4	1	4	3	4	3	3	0	2	2	3	3	
0	2	3	3	3	3	4	1	2	3	3	2	0	2	3	3	
0	2	3	1	2	3	3	4	3	3	1	2	3	0	4	4	
0	3	3	4	4	2	4	3	4	4	5	4	4	4	0	2	
0	3	2	4	3	5	2	1	2	2	4	4	4	3	3	0	
M2
0	0	0	0	0	0	0	0	0	0	0	0	0	0	0	0	
0	0	4	3	4	3	2	1	3	3	4	4	2	1	4	4	
0	4	0	3	2	2	4	3	5	3	2	5	2	5	6	3	
0	4	1	0	3	1	3	4	3	3	2	2	3	4	4	2	
0	2	1	3	0	2	2	1	3	3	3	4	2	3	4	3	
0	3	4	4	3	0	2	3	5	3	1	4	4	4	4	1	
0	4	3	3	3	1	0	4	3	3	2	2	4	3	2	2	
0	5	3	2	3	2	1	0	2	2	3	3	1	2	3	3	
0	4	4	4	4	2	1	2	0	3	3	3	3	4	3	3	
0	3	2	4	1	3	2	2	3	0	4	2	3	4	4	4	
0	5	4	6	3	5	4	4	5	2	0	4	5	6	6	6	
0	4	4	3	4	2	1	3	1	3	3	0	2	4	2	3	
0	4	2	1	2	2	2	1	3	1	3	3	0	3	4	3	
0	6	5	4	4	5	4	3	5	4	6	6	3	0	6	6	
0	2	2	1	3	2	4	3	4	4	3	3	4	3	0	3	
0	2	3	4	2	2	1	2	4	4	2	3	3	3	3	0	
M3
0	0	0	0	0	0	0	0	0	0	0	0	0	0	0	0	
0	0	4	3	3	4	4	6	5	3	2	1	2	4	3	4	
0	4	0	5	5	4	3	6	5	3	2	4	1	4	3	4	
0	3	3	0	3	4	4	6	5	6	5	4	4	4	5	5	
0	3	4	5	0	1	1	3	2	4	2	2	2	3	2	2	
0	4	5	4	5	0	5	2	1	5	2	4	5	2	3	1	
0	2	4	4	2	3	0	3	4	3	2	1	3	4	3	4	
0	6	4	6	3	2	4	0	3	7	4	5	4	4	5	3	
0	3	4	3	4	2	4	1	0	5	1	3	4	1	2	3	
0	3	6	3	3	1	2	3	2	0	3	2	4	3	1	2	
0	2	3	3	3	3	4	4	3	4	0	2	4	2	1	3	
0	1	4	4	4	3	4	5	4	2	1	0	2	3	2	4	
0	5	2	5	4	5	3	5	4	4	4	4	0	5	3	3	
0	3	3	4	5	1	5	2	1	5	2	4	4	0	3	2	
0	2	5	5	2	2	3	4	3	3	2	1	3	3	0	2	
0	4	5	4	5	2	5	2	1	4	2	4	4	2	3	0	
Tamanho_Tarefas
0	30	22	25	1	29	16	32	15	11	11	23	29	34	18	28	
Data_Entrega
0	59	74	61	77	55	49	76	67	50	71	84	91	80	75	90	
Penalidade_Atraso
0	12	14	6	19	6	11	5	18	16	17	9	19	1	17	17	
Capacidade_Veiculo
40	57	95	38	70	71	102	89	
Custo_Fixo_Veiculo
400	570	950	380	700	710	1020	890	
Coordenadas_Clientes
x	0	y	0
x	20	y	0
x	18	y	8
x	10	y	11
x	7	y	23
x	-2	y	21
x	-9	y	16
x	-19	y	14
x	-15	y	3
x	-14	y	-3
x	-15	y	-10
x	-7	y	-13
x	-2	y	-24
x	5	y	-17
x	13	y	-14
x	20	y	-9
Tempo_Viagem
0	20	19	14	24	21	18	23	15	14	18	14	24	17	19	21	
20	0	8	14	26	29	33	41	35	34	36	29	31	22	15	9	
19	8	0	8	18	23	27	37	33	33	37	32	37	28	22	17	
14	14	8	0	12	15	19	29	26	27	32	28	37	28	25	22	
24	26	18	12	0	9	17	27	29	33	39	38	47	40	37	34	
21	29	23	15	9	0	8	18	22	26	33	34	45	38	38	37	
18	33	27	19	17	8	0	10	14	19	26	29	40	35	37	38	
23	41	37	29	27	18	10	0	11	17	24	28	40	39	42	44	
15	35	33	26	29	22	14	11	0	6	13	17	29	28	32	36	
14	34	33	27	33	26	19	17	6	0	7	12	24	23	29	34	
18	36	37	32	39	33	26	24	13	7	0	8	19	20	28	35	
14	29	32	28	38	34	29	28	17	12	8	0	12	12	20	27	
24	31	37	37	47	45	40	40	29	24	19	12	0	9	17	25	
17	22	28	28	40	38	35	39	28	23	20	12	9	0	8	16	
19	15	22	25	37	38	37	42	32	29	28	20	17	8	0	8	
21	9	17	22	34	37	38	44	36	34	35	27	25	16	8	0	
Custo_Viagem
V0
0	160	152	112	192	168	144	184	120	112	144	112	192	136	152	168	
160	0	64	112	208	240	264	328	280	272	288	232	256	176	120	72	
152	64	0	64	144	184	224	296	264	264	296	256	296	224	176	136	
112	112	64	0	96	120	152	232	208	216	256	232	296	224	200	176	
192	208	144	96	0	72	136	216	232	264	312	304	376	320	296	272	
168	240	184	120	72	0	64	144	176	208	264	272	360	304	304	296	
144	264	224	152	136	64	0	80	112	152	208	232	320	280	296	304	
184	328	296	232	216	144	80	0	88	136	192	232	328	312	336	360	
120	280	264	208	232	176	112	88	0	48	104	136	232	224	256	296	
112	272	264	216	264	208	152	136	48	0	56	96	192	184	232	272	
144	288	296	256	312	264	208	192	104	56	0	64	152	168	224	280	
112	232	256	232	304	272	232	232	136	96	64	0	96	96	160	216	
192	256	296	296	376	360	320	328	232	192	152	96	0	72	144	208	
136	176	224	224	320	304	280	312	224	184	168	96	72	0	64	136	
152	120	176	200	296	304	296	336	256	232	224	160	144	64	0	64	
168	72	136	176	272	296	304	360	296	272	280	216	208	136	64	0	
V1
0	228	216	159	273	239	205	262	171	159	205	159	273	193	216	239	
228	0	91	159	296	342	376	467	399	387	410	330	364	250	171	102	
216	91	0	91	205	262	319	421	376	376	421	364	421	319	250	193	
159	159	91	0	136	171	216	330	296	307	364	330	421	319	285	250	
273	296	205	136	0	102	193	307	330	376	444	433	535	456	421	387	
239	342	262	171	102	0	91	205	250	296	376	387	513	433	433	421	
205	376	319	216	193	91	0	114	159	216	296	330	456	399	421	433	
262	467	421	330	307	205	114	0	125	193	273	330	467	444	478	513	
171	399	376	296	330	250	159	125	0	68	148	193	330	319	364	421	
159	387	376	307	376	296	216	193	68	0	79	136	273	262	330	387	
205	410	421	364	444	376	296	273	148	79	0	91	216	239	319	399	
159	330	364	330	433	387	330	330	193	136	91	0	136	136	228	307	
273	364	421	421	535	513	456	467	330	273	216	136	0	102	205	296	
193	250	319	319	456	433	399	444	319	262	239	136	102	0	91	193	
216	171	250	285	421	433	421	478	364	330	319	228	205	91	0	91	
239	102	193	250	387	421	433	513	421	387	399	307	296	193	91	0	
V2
0	380	361	266	456	399	342	437	285	266	342	266	456	323	361	399	
380	0	152	266	494	570	627	779	665	646	684	551	608	418	285	171	
361	152	0	152	342	437	532	703	627	627	703	608	703	532	418	323	
266	266	152	0	228	285	361	551	494	513	608	551	703	532	475	418	
456	494	342	228	0	171	323	513	551	627	741	722	893	760	703	646	
399	570	437	285	171	0	152	342	418	494	627	646	855	722	722	703	
342	627	532	361	323	152	0	190	266	361	494	551	760	665	703	722	
437	779	703	551	513	342	190	0	209	323	456	551	779	741	798	855	
285	665	627	494	551	418	266	209	0	114	247	323	551	532	608	703	
266	646	627	513	627	494	361	323	114	0	133	228	456	437	551	646	
342	684	703	608	741	627	494	456	247	133	0	152	361	399	532	665	
266	551	608	551	722	646	551	551	323	228	152	0	228	228	380	513	
456	608	703	703	893	855	760	779	551	456	361	228	0	171	342	494	
323	418	532	532	760	722	665	741	532	437	399	228	171	0	152	323	
361	285	418	475	703	722	703	798	608	551	532	380	342	152	0	152	
399	171	323	418	646	703	722	855	703	646	665	513	494	323	152	0	
V3
0	152	144	106	182	159	136	174	114	106	136	106	182	129	144	159	
152	0	60	106	197	228	250	311	266	258	273	220	243	167	114	68	
144	60	0	60	136	174	212	281	250	250	281	243	281	212	167	129	
106	106	60	0	91	114	144	220	197	205	243	220	281	212	190	167	
182	197	136	91	0	68	129	205	220	250	296	288	357	304	281	258	
159	228	174	114	68	0	60	136	167	197	250	258	342	288	288	281	
136	250	212	144	129	60	0	76	106	144	197	220	304	266	281	288	
174	311	281	220	205	136	76	0	83	129	182	220	311	296	319	342	
114	266	250	197	220	167	106	83	0	45	98	129	220	212	243	281	
106	258	250	205	250	197	144	129	45	0	53	91	182	174	220	258	
136	273	281	243	296	250	197	182	98	53	0	60	144	159	212	266	
106	220	243	220	288	258	220	220	129	91	60	0	91	91	152	205	
182	243	281	281	357	342	304	311	220	182	144	91	0	68	136	197	
129	167	212	212	304	288	266	296	212	174	159	91	68	0	60	129	
144	114	167	190	281	288	281	319	243	220	212	152	136	60	0	60	
159	68	129	167	258	281	288	342	281	258	266	205	197	129	60	0	
V4
0	280	266	196	336	294	252	322	210	196	252	196	336	238	266	294	
280	0	112	196	364	420	462	574	490	476	504	406	448	308	210	126	
266	112	0	112	252	322	392	518	462	462	518	448	518	392	308	238	
196	196	112	0	168	210	266	406	364	378	448	406	518	392	350	308	
336	364	252	168	0	126	238	378	406	462	546	532	658	560	518	476	
294	420	322	210	126	0	112	252	308	364	462	476	630	532	532	518	
252	462	392	266	238	112	0	140	196	266	364	406	560	490	518	532	
322	574	518	406	378	252	140	0	154	238	336	406	574	546	588	630	
210	490	462	364	406	308	196	154	0	84	182	238	406	392	448	518	
196	476	462	378	462	364	266	238	84	0	98	168	336	322	406	476	
252	504	518	448	546	462	364	336	182	98	0	112	266	294	392	490	
196	406	448	406	532	476	406	406	238	168	112	0	168	168	280	378	
336	448	518	518	658	630	560	574	406	336	266	168	0	126	252	364	
238	308	392	392	560	532	490	546	392	322	294	168	126	0	112	238	
266	210	308	350	518	532	518	588	448	406	392	280	252	112	0	112	
294	126	238	308	476	518	532	630	518	476	490	378	364	238	112	0	
V5
0	284	269	198	340	298	255	326	213	198	255	198	340	241	269	298	
284	0	113	198	369	426	468	582	497	482	511	411	454	312	213	127	
269	113	0	113	255	326	397	525	468	468	525	454	525	397	312	241	
198	198	113	0	170	213	269	411	369	383	454	411	525	397	355	312	
340	369	255	170	0	127	241	383	411	468	553	539	667	568	525	482	
298	426	326	213	127	0	113	255	312	369	468	482	639	539	539	525	
255	468	397	269	241	113	0	142	198	269	369	411	568	497	525	539	
326	582	525	411	383	255	142	0	156	241	340	411	582	553	596	639	
213	497	468	369	411	312	198	156	0	85	184	241	411	397	454	525	
198	482	468	383	468	369	269	241	85	0	99	170	340	326	411	482	
255	511	525	454	553	468	369	340	184	99	0	113	269	298	397	497	
198	411	454	411	539	482	411	411	241	170	113	0	170	170	284	383	
340	454	525	525	667	639	568	582	411	340	269	170	0	127	255	369	
241	312	397	397	568	539	497	553	397	326	298	170	127	0	113	241	
269	213	312	355	525	539	525	596	454	411	397	284	255	113	0	113	
298	127	241	312	482	525	539	639	525	482	497	383	369	241	113	0	
V6
0	408	387	285	489	428	367	469	306	285	367	285	489	346	387	428	
408	0	163	285	530	612	673	836	714	693	734	591	652	448	306	183	
387	163	0	163	367	469	571	754	673	673	754	652	754	571	448	346	
285	285	163	0	244	306	387	591	530	550	652	591	754	571	510	448	
489	530	367	244	0	183	346	550	591	673	795	775	958	816	754	693	
428	612	469	306	183	0	163	367	448	530	673	693	918	775	775	754	
367	673	571	387	346	163	0	204	285	387	530	591	816	714	754	775	
469	836	754	591	550	367	204	0	224	346	489	591	836	795	856	918	
306	714	673	530	591	448	285	224	0	122	265	346	591	571	652	754	
285	693	673	550	673	530	387	346	122	0	142	244	489	469	591	693	
367	734	754	652	795	673	530	489	265	142	0	163	387	428	571	714	
285	591	652	591	775	693	591	591	346	244	163	0	244	244	408	550	
489	652	754	754	958	918	816	836	591	489	387	244	0	183	367	530	
346	448	571	571	816	775	714	795	571	469	428	244	183	0	163	346	
387	306	448	510	754	775	754	856	652	591	571	408	367	163	0	163	
428	183	346	448	693	754	775	918	754	693	714	550	530	346	163	0	
V7
0	356	338	249	427	373	320	409	267	249	320	249	427	302	338	373	
356	0	142	249	462	534	587	729	623	605	640	516	569	391	267	160	
338	142	0	142	320	409	498	658	587	587	658	569	658	498	391	302	
249	249	142	0	213	267	338	516	462	480	569	516	658	498	445	391	
427	462	320	213	0	160	302	480	516	587	694	676	836	712	658	605	
373	534	409	267	160	0	142	320	391	462	587	605	801	676	676	658	
320	587	498	338	302	142	0	178	249	338	462	516	712	623	658	676	
409	729	658	516	480	320	178	0	195	302	427	516	729	694	747	801	
267	623	587	462	516	391	249	195	0	106	231	302	516	498	569	658	
249	605	587	480	587	462	338	302	106	0	124	213	427	409	516	605	
320	640	658	569	694	587	462	427	231	124	0	142	338	373	498	623	
249	516	569	516	676	605	516	516	302	213	142	0	213	213	356	480	
427	569	658	658	836	801	712	729	516	427	338	213	0	160	320	462	
302	391	498	498	712	676	623	694	498	409	373	213	160	0	142	302	
338	267	391	445	658	676	658	747	569	516	498	356	320	142	0	142	
373	160	302	391	605	658	676	801	658	605	623	480	462	302	142	0	
Velocidade_Veiculos
1	1	1	1	1	1	1	1	