M: 4
N: 15
Nun_Veiculos: 4
Capacidade_Total: 267
Demanda_Total: 222
Setup_Min: 1
Setup_Max: 9
Raio: 100
Circulos: 1
Tempo_Processamento_Min: 1
Tempo_Processamento_Max: 49
Demanda_Min: 10
Demanda_Max: 30
Priority_Factor: 0.2
Range_Factor_R: 0.8
U_factor: 2
ALpha: 0.2Replicao: 1
Tempos_Processamentos
0	0	1	0	2	0	3	0	
0	4	1	16	2	31	3	45	
0	7	1	22	2	32	3	20	
0	9	1	7	2	26	3	18	
0	13	1	37	2	30	3	41	
0	44	1	5	2	36	3	39	
0	10	1	21	2	13	3	33	
0	1	1	43	2	17	3	44	
0	48	1	14	2	10	3	31	
0	25	1	10	2	19	3	47	
0	47	1	7	2	34	3	4	
0	18	1	27	2	28	3	17	
0	4	1	16	2	44	3	14	
0	15	1	3	2	37	3	34	
0	31	1	18	2	37	3	5	
0	24	1	27	2	48	3	30	

Tempos_setup
M0
0	0	0	0	0	0	0	0	0	0	0	0	0	0	0	0	
0	0	2	2	2	1	3	2	1	1	2	2	1	1	2	2	
0	2	0	3	4	2	5	3	3	1	2	3	3	3	3	4	
0	2	2	0	3	2	3	2	1	1	2	3	2	1	2	1	
0	3	3	2	0	1	5	3	3	2	1	2	2	3	2	3	
0	3	2	1	2	0	4	2	2	2	1	1	2	2	2	2	
0	3	3	1	3	3	0	3	2	2	3	4	3	2	3	1	
0	4	4	3	3	3	3	0	2	3	4	4	3	1	3	1	
0	2	2	3	4	2	4	3	0	1	2	3	1	2	1	1	
0	1	3	2	3	1	4	3	2	0	1	2	2	2	2	3	
0	3	2	3	4	2	4	2	3	2	0	3	1	2	1	3	
0	3	1	3	1	2	5	4	4	2	2	0	3	4	3	4	
0	3	1	2	3	1	5	3	3	2	2	2	0	3	3	2	
0	3	3	3	2	2	2	1	1	2	3	3	2	0	2	2	
0	2	1	2	3	1	3	2	2	1	2	2	1	1	0	3	
0	4	4	2	3	4	5	4	3	3	4	5	4	3	4	0	
M1
0	0	0	0	0	0	0	0	0	0	0	0	0	0	0	0	
0	0	2	1	2	3	1	2	2	2	3	2	2	1	2	3	
0	3	0	2	2	2	4	2	2	3	3	4	3	1	3	1	
0	1	3	0	3	3	2	3	3	1	4	3	2	2	3	4	
0	3	3	3	0	2	4	3	2	2	2	3	3	4	1	3	
0	3	2	3	4	0	2	2	1	2	1	2	1	3	1	3	
0	4	1	3	3	3	0	3	3	3	3	4	1	2	2	2	
0	4	3	4	3	2	4	0	2	3	2	3	3	3	2	4	
0	2	2	2	3	3	3	4	0	1	1	2	4	3	4	3	
0	1	3	1	2	4	2	3	3	0	4	3	3	2	3	4	
0	3	1	3	3	3	4	3	3	2	0	1	4	2	4	2	
0	3	2	2	3	3	4	3	3	3	1	0	4	2	4	3	
0	5	2	4	4	4	1	4	4	4	3	4	0	3	3	3	
0	2	1	1	1	3	3	1	1	2	2	3	3	0	2	2	
0	2	2	2	3	1	3	3	1	1	1	2	2	3	0	2	
0	4	3	4	5	1	3	3	2	3	2	3	2	4	2	0	
M2
0	0	0	0	0	0	0	0	0	0	0	0	0	0	0	0	
0	0	3	5	3	4	4	6	4	4	1	3	2	5	4	4	
0	2	0	4	3	1	2	5	4	3	2	2	3	2	1	1	
0	3	2	0	3	3	2	3	1	2	2	2	4	1	1	2	
0	3	1	4	0	2	3	3	1	4	2	3	2	2	2	2	
0	1	2	4	3	0	2	5	3	3	2	4	3	4	3	3	
0	4	2	2	1	3	0	3	2	1	3	3	3	3	2	3	
0	4	3	3	2	3	3	0	3	3	4	2	1	3	4	2	
0	2	1	4	3	2	3	2	0	3	1	3	3	2	2	1	
0	5	4	4	3	4	2	2	4	0	2	2	3	5	1	4	
0	4	2	4	5	3	4	6	4	5	0	4	5	4	3	3	
0	4	3	2	2	3	1	3	3	1	3	0	4	3	2	4	
0	3	2	3	1	2	2	4	2	2	3	1	0	3	3	3	
0	2	1	4	3	2	3	4	4	3	3	2	3	0	2	1	
0	4	3	3	2	3	1	4	3	2	1	1	4	4	0	4	
0	3	2	3	2	3	4	4	3	2	4	3	2	1	3	0	
M3
0	0	0	0	0	0	0	0	0	0	0	0	0	0	0	0	
0	0	3	2	3	2	4	4	4	3	4	5	2	3	5	1	
0	3	0	5	4	5	2	5	4	3	5	4	2	3	7	1	
0	3	1	0	4	3	3	3	2	4	4	3	3	4	3	2	
0	2	2	1	0	4	4	1	3	3	5	4	2	3	4	3	
0	3	2	1	1	0	4	2	3	4	4	3	3	4	3	3	
0	1	4	3	2	3	0	3	5	4	4	3	3	1	6	2	
0	4	2	1	4	4	4	0	3	2	4	4	4	5	3	3	
0	1	3	2	4	3	5	1	0	3	4	3	2	3	3	2	
0	5	4	3	3	6	5	2	5	0	6	6	3	4	5	2	
0	2	3	2	1	1	4	1	2	3	0	4	2	3	4	1	
0	1	4	3	3	2	5	4	5	3	5	0	3	2	5	2	
0	4	4	3	2	3	6	3	5	1	3	3	0	1	6	3	
0	3	3	2	1	3	5	2	4	4	3	2	3	0	5	4	
0	3	2	3	2	2	3	2	3	3	1	5	3	4	0	2	
0	4	5	4	3	4	3	4	6	2	4	4	1	2	7	0	
Tamanho_Tarefas
0	4	14	10	19	25	18	1	24	17	11	18	14	6	10	31	
Data_Entrega
0	163	163	180	183	176	167	169	161	178	183	171	181	175	179	162	
Penalidade_Atraso
0	14	17	1	3	1	20	12	18	4	7	10	13	13	17	19	
Capacidade_Veiculo
68	45	64	90	
Custo_Fixo_Veiculo
680	450	640	900	
Coordenadas_Clientes
x	0	y	0
x	92	y	0
x	100	y	44
x	78	y	87
x	29	y	89
x	-8	y	78
x	-52	y	90
x	-62	y	45
x	-90	y	19
x	-74	y	-15
x	-98	y	-71
x	-59	y	-103
x	-10	y	-104
x	34	y	-106
x	60	y	-66
x	93	y	-41
Tempo_Viagem
0	92	109	116	93	78	103	76	91	75	121	118	104	111	89	101	
92	0	44	88	109	126	169	160	182	166	202	182	145	120	73	41	
109	44	0	48	84	113	158	162	191	183	228	216	184	163	117	85	
116	88	48	0	49	86	130	146	181	183	236	234	210	197	154	128	
93	109	84	49	0	38	81	101	138	146	204	211	196	195	158	144	
78	126	113	86	38	0	45	63	101	114	174	188	182	188	159	156	
103	169	158	130	81	45	0	46	80	107	167	193	198	214	192	195	
76	160	162	146	101	63	46	0	38	61	121	148	157	178	164	177	
91	182	191	181	138	101	80	38	0	37	90	125	146	176	172	192	
75	166	183	183	146	114	107	61	37	0	60	89	109	141	143	169	
121	202	228	236	204	174	167	121	90	60	0	50	93	136	158	193	
118	182	216	234	211	188	193	148	125	89	50	0	49	93	124	164	
104	145	184	210	196	182	198	157	146	109	93	49	0	44	79	120	
111	120	163	197	195	188	214	178	176	141	136	93	44	0	47	87	
89	73	117	154	158	159	192	164	172	143	158	124	79	47	0	41	
101	41	85	128	144	156	195	177	192	169	193	164	120	87	41	0	
Custo_Viagem
V0
0	1251	1482	1577	1264	1060	1400	1033	1237	1020	1645	1604	1414	1509	1210	1373	
1251	0	598	1196	1482	1713	2298	2176	2475	2257	2747	2475	1972	1632	992	557	
1482	598	0	652	1142	1536	2148	2203	2597	2488	3100	2937	2502	2216	1591	1156	
1577	1196	652	0	666	1169	1768	1985	2461	2488	3209	3182	2856	2679	2094	1740	
1264	1482	1142	666	0	516	1101	1373	1876	1985	2774	2869	2665	2652	2148	1958	
1060	1713	1536	1169	516	0	612	856	1373	1550	2366	2556	2475	2556	2162	2121	
1400	2298	2148	1768	1101	612	0	625	1088	1455	2271	2624	2692	2910	2611	2652	
1033	2176	2203	1985	1373	856	625	0	516	829	1645	2012	2135	2420	2230	2407	
1237	2475	2597	2461	1876	1373	1088	516	0	503	1224	1700	1985	2393	2339	2611	
1020	2257	2488	2488	1985	1550	1455	829	503	0	816	1210	1482	1917	1944	2298	
1645	2747	3100	3209	2774	2366	2271	1645	1224	816	0	680	1264	1849	2148	2624	
1604	2475	2937	3182	2869	2556	2624	2012	1700	1210	680	0	666	1264	1686	2230	
1414	1972	2502	2856	2665	2475	2692	2135	1985	1482	1264	666	0	598	1074	1632	
1509	1632	2216	2679	2652	2556	2910	2420	2393	1917	1849	1264	598	0	639	1183	
1210	992	1591	2094	2148	2162	2611	2230	2339	1944	2148	1686	1074	639	0	557	
1373	557	1156	1740	1958	2121	2652	2407	2611	2298	2624	2230	1632	1183	557	0	
V1
0	828	981	1044	837	702	927	684	819	675	1089	1062	936	999	801	909	
828	0	396	792	981	1134	1521	1440	1638	1494	1818	1638	1305	1080	657	369	
981	396	0	432	756	1017	1422	1458	1719	1647	2052	1944	1656	1467	1053	765	
1044	792	432	0	441	774	1170	1314	1629	1647	2124	2106	1890	1773	1386	1152	
837	981	756	441	0	342	729	909	1242	1314	1836	1899	1764	1755	1422	1296	
702	1134	1017	774	342	0	405	567	909	1026	1566	1692	1638	1692	1431	1404	
927	1521	1422	1170	729	405	0	414	720	963	1503	1737	1782	1926	1728	1755	
684	1440	1458	1314	909	567	414	0	342	549	1089	1332	1413	1602	1476	1593	
819	1638	1719	1629	1242	909	720	342	0	333	810	1125	1314	1584	1548	1728	
675	1494	1647	1647	1314	1026	963	549	333	0	540	801	981	1269	1287	1521	
1089	1818	2052	2124	1836	1566	1503	1089	810	540	0	450	837	1224	1422	1737	
1062	1638	1944	2106	1899	1692	1737	1332	1125	801	450	0	441	837	1116	1476	
936	1305	1656	1890	1764	1638	1782	1413	1314	981	837	441	0	396	711	1080	
999	1080	1467	1773	1755	1692	1926	1602	1584	1269	1224	837	396	0	423	783	
801	657	1053	1386	1422	1431	1728	1476	1548	1287	1422	1116	711	423	0	369	
909	369	765	1152	1296	1404	1755	1593	1728	1521	1737	1476	1080	783	369	0	
V2
0	1177	1395	1484	1190	998	1318	972	1164	960	1548	1510	1331	1420	1139	1292	
1177	0	563	1126	1395	1612	2163	2048	2329	2124	2585	2329	1856	1536	934	524	
1395	563	0	614	1075	1446	2022	2073	2444	2342	2918	2764	2355	2086	1497	1088	
1484	1126	614	0	627	1100	1664	1868	2316	2342	3020	2995	2688	2521	1971	1638	
1190	1395	1075	627	0	486	1036	1292	1766	1868	2611	2700	2508	2496	2022	1843	
998	1612	1446	1100	486	0	576	806	1292	1459	2227	2406	2329	2406	2035	1996	
1318	2163	2022	1664	1036	576	0	588	1024	1369	2137	2470	2534	2739	2457	2496	
972	2048	2073	1868	1292	806	588	0	486	780	1548	1894	2009	2278	2099	2265	
1164	2329	2444	2316	1766	1292	1024	486	0	473	1152	1600	1868	2252	2201	2457	
960	2124	2342	2342	1868	1459	1369	780	473	0	768	1139	1395	1804	1830	2163	
1548	2585	2918	3020	2611	2227	2137	1548	1152	768	0	640	1190	1740	2022	2470	
1510	2329	2764	2995	2700	2406	2470	1894	1600	1139	640	0	627	1190	1587	2099	
1331	1856	2355	2688	2508	2329	2534	2009	1868	1395	1190	627	0	563	1011	1536	
1420	1536	2086	2521	2496	2406	2739	2278	2252	1804	1740	1190	563	0	601	1113	
1139	934	1497	1971	2022	2035	2457	2099	2201	1830	2022	1587	1011	601	0	524	
1292	524	1088	1638	1843	1996	2496	2265	2457	2163	2470	2099	1536	1113	524	0	
V3
0	1656	1962	2088	1674	1404	1854	1368	1638	1350	2178	2124	1872	1998	1602	1818	
1656	0	792	1584	1962	2268	3042	2880	3276	2988	3636	3276	2610	2160	1314	738	
1962	792	0	864	1512	2034	2844	2916	3438	3294	4104	3888	3312	2934	2106	1530	
2088	1584	864	0	882	1548	2340	2628	3258	3294	4248	4212	3780	3546	2772	2304	
1674	1962	1512	882	0	684	1458	1818	2484	2628	3672	3798	3528	3510	2844	2592	
1404	2268	2034	1548	684	0	810	1134	1818	2052	3132	3384	3276	3384	2862	2808	
1854	3042	2844	2340	1458	810	0	828	1440	1926	3006	3474	3564	3852	3456	3510	
1368	2880	2916	2628	1818	1134	828	0	684	1098	2178	2664	2826	3204	2952	3186	
1638	3276	3438	3258	2484	1818	1440	684	0	666	1620	2250	2628	3168	3096	3456	
1350	2988	3294	3294	2628	2052	1926	1098	666	0	1080	1602	1962	2538	2574	3042	
2178	3636	4104	4248	3672	3132	3006	2178	1620	1080	0	900	1674	2448	2844	3474	
2124	3276	3888	4212	3798	3384	3474	2664	2250	1602	900	0	882	1674	2232	2952	
1872	2610	3312	3780	3528	3276	3564	2826	2628	1962	1674	882	0	792	1422	2160	
1998	2160	2934	3546	3510	3384	3852	3204	3168	2538	2448	1674	792	0	846	1566	
1602	1314	2106	2772	2844	2862	3456	2952	3096	2574	2844	2232	1422	846	0	738	
1818	738	1530	2304	2592	2808	3510	3186	3456	3042	3474	2952	2160	1566	738	0	
Velocidade_Veiculos
1	1	1	1	