M: 4
N: 15
Nun_Veiculos: 5
Capacidade_Total: 411
Demanda_Total: 254
Setup_Min: 1
Setup_Max: 9
Raio: 100
Circulos: 1
Tempo_Processamento_Min: 1
Tempo_Processamento_Max: 49
Demanda_Min: 10
Demanda_Max: 30
Priority_Factor: 0.2
Range_Factor_R: 0.8
U_factor: 2
ALpha: 0.2Replicao: 2
Tempos_Processamentos
0	0	1	0	2	0	3	0	
0	14	1	26	2	21	3	6	
0	17	1	36	2	25	3	15	
0	31	1	15	2	7	3	49	
0	32	1	30	2	35	3	15	
0	37	1	31	2	43	3	25	
0	4	1	16	2	36	3	8	
0	35	1	4	2	2	3	13	
0	31	1	33	2	44	3	46	
0	45	1	9	2	7	3	47	
0	12	1	20	2	28	3	16	
0	47	1	3	2	16	3	31	
0	18	1	15	2	8	3	39	
0	30	1	9	2	49	3	39	
0	33	1	40	2	17	3	26	
0	48	1	37	2	34	3	5	

Tempos_setup
M0
0	0	0	0	0	0	0	0	0	0	0	0	0	0	0	0	
0	0	4	3	3	4	6	5	3	6	4	5	3	2	2	4	
0	5	0	2	1	2	4	2	2	3	1	1	2	1	3	1	
0	4	4	0	1	4	4	5	1	3	2	3	1	2	4	4	
0	5	5	3	0	3	3	4	4	4	4	2	2	5	4	4	
0	4	3	4	2	0	3	2	3	2	4	3	4	4	2	1	
0	2	2	3	3	3	0	1	2	1	2	2	3	3	2	3	
0	4	1	2	2	3	5	0	1	3	2	2	3	2	4	2	
0	3	3	1	2	4	4	4	0	4	1	3	2	3	5	4	
0	2	3	3	4	2	5	2	3	0	4	1	2	4	1	2	
0	6	2	4	3	3	5	4	4	4	0	2	3	3	4	3	
0	4	4	4	3	1	4	3	3	2	3	0	1	5	2	2	
0	5	4	3	4	5	5	5	2	3	2	4	0	5	4	4	
0	4	2	1	1	4	4	4	1	4	2	3	1	0	4	3	
0	6	5	4	3	5	5	6	5	4	6	4	5	6	0	5	
0	6	5	4	4	5	7	4	3	6	4	6	5	6	2	0	
M1
0	0	0	0	0	0	0	0	0	0	0	0	0	0	0	0	
0	0	4	6	6	6	3	1	3	3	4	5	3	2	2	4	
0	3	0	4	6	5	3	1	3	3	4	5	4	4	1	5	
0	3	3	0	4	5	5	4	2	4	2	1	2	3	2	4	
0	3	4	6	0	6	3	1	3	4	4	2	3	4	2	6	
0	3	3	6	4	0	2	4	2	3	2	1	2	3	3	3	
0	3	2	4	4	3	0	3	1	1	2	3	2	2	2	3	
0	3	3	5	6	5	2	0	2	3	4	5	4	3	1	5	
0	3	1	5	5	5	3	2	0	2	3	4	2	1	1	4	
0	2	2	5	3	4	2	2	2	0	1	2	1	3	2	2	
0	3	2	4	2	7	5	3	5	3	0	4	4	5	1	2	
0	2	2	6	3	4	4	3	2	4	5	0	1	3	2	4	
0	4	1	5	5	3	4	2	1	3	4	2	0	2	2	3	
0	3	2	6	4	4	2	3	2	1	2	3	1	0	3	3	
0	2	4	4	5	6	4	3	4	2	3	4	3	4	0	4	
0	5	5	6	5	7	5	3	5	5	3	3	4	4	3	0	
M2
0	0	0	0	0	0	0	0	0	0	0	0	0	0	0	0	
0	0	2	3	2	2	2	5	5	4	5	2	2	4	3	3	
0	3	0	2	3	3	2	3	5	2	3	3	4	3	1	3	
0	1	1	0	3	3	3	4	6	3	4	3	3	4	2	2	
0	1	3	2	0	3	1	4	4	3	4	2	1	2	2	3	
0	3	1	2	3	0	2	3	5	3	4	3	2	3	1	4	
0	2	2	1	4	2	0	5	3	4	4	4	4	3	3	2	
0	2	1	3	1	1	2	0	5	3	4	3	2	3	2	3	
0	2	3	3	1	2	2	4	0	1	2	3	2	3	3	4	
0	3	2	3	2	1	2	3	4	0	1	3	3	4	2	3	
0	2	2	3	1	3	2	2	5	2	0	3	2	3	3	4	
0	3	2	2	2	1	1	4	4	4	3	0	3	2	2	1	
0	2	2	1	1	3	2	4	5	2	3	3	0	3	2	3	
0	2	2	1	4	1	3	4	5	4	4	4	3	0	2	2	
0	2	2	1	3	3	1	2	4	2	3	2	4	2	0	3	
0	3	2	3	3	3	4	4	7	3	2	5	4	2	3	0	
M3
0	0	0	0	0	0	0	0	0	0	0	0	0	0	0	0	
0	0	1	3	5	3	5	4	4	3	2	4	2	4	2	5	
0	2	0	5	5	2	4	3	5	5	4	6	4	5	4	4	
0	4	2	0	3	4	4	2	5	4	4	5	3	2	5	4	
0	4	2	2	0	4	3	4	2	3	1	3	3	1	2	3	
0	4	4	4	3	0	5	1	5	3	4	4	4	3	4	2	
0	3	1	2	4	2	0	3	1	1	5	2	3	2	2	1	
0	3	4	3	5	2	4	0	5	2	5	3	4	2	3	3	
0	4	2	1	4	4	5	3	0	5	4	1	3	3	6	5	
0	5	3	1	4	2	3	3	4	0	4	5	3	1	1	3	
0	3	1	1	4	3	5	3	6	5	0	2	4	3	5	5	
0	3	1	5	3	3	5	4	5	6	4	0	2	4	5	5	
0	2	3	5	6	5	7	6	6	4	4	4	0	5	3	5	
0	4	3	3	6	3	2	4	3	2	6	4	2	0	3	2	
0	5	4	2	3	3	4	4	4	1	3	5	3	2	0	4	
0	2	3	5	4	1	4	2	4	4	4	3	2	4	4	0	
Tamanho_Tarefas
0	12	15	25	20	27	10	2	34	17	15	10	16	11	20	20	
Data_Entrega
0	179	182	173	191	187	194	181	178	191	197	174	198	188	198	198	
Penalidade_Atraso
0	17	4	19	6	6	5	20	14	4	17	4	3	14	8	19	
Capacidade_Veiculo
67	86	101	86	71	
Custo_Fixo_Veiculo
670	860	1010	860	710	
Coordenadas_Clientes
x	0	y	0
x	105	y	0
x	101	y	45
x	80	y	89
x	28	y	87
x	-9	y	88
x	-62	y	108
x	-72	y	52
x	-107	y	22
x	-97	y	-20
x	-72	y	-52
x	-56	y	-97
x	-8	y	-79
x	28	y	-87
x	62	y	-69
x	106	y	-47
Tempo_Viagem
0	105	110	119	91	88	124	88	109	99	88	112	79	91	92	115	
105	0	45	92	116	144	198	184	213	202	184	187	137	116	81	47	
110	45	0	48	84	118	174	173	209	208	198	211	165	150	120	92	
119	92	48	0	52	89	143	156	198	207	207	230	189	183	159	138	
91	116	84	52	0	37	92	105	149	164	171	202	169	174	159	155	
88	144	118	89	37	0	56	72	118	139	153	190	167	178	172	177	
124	198	174	143	92	56	0	56	97	132	160	205	194	214	216	228	
88	184	173	156	105	72	56	0	46	76	104	149	145	171	180	203	
109	213	209	198	149	118	97	46	0	43	81	128	141	173	191	223	
99	202	208	207	164	139	132	76	43	0	40	87	106	141	166	204	
88	184	198	207	171	153	160	104	81	40	0	47	69	105	135	178	
112	187	211	230	202	190	205	149	128	87	47	0	51	84	121	169	
79	137	165	189	169	167	194	145	141	106	69	51	0	36	70	118	
91	116	150	183	174	178	214	171	173	141	105	84	36	0	38	87	
92	81	120	159	159	172	216	180	191	166	135	121	70	38	0	49	
115	47	92	138	155	177	228	203	223	204	178	169	118	87	49	0	
Custo_Viagem
V0
0	1407	1474	1594	1219	1179	1661	1179	1460	1326	1179	1500	1058	1219	1232	1541	
1407	0	603	1232	1554	1929	2653	2465	2854	2706	2465	2505	1835	1554	1085	629	
1474	603	0	643	1125	1581	2331	2318	2800	2787	2653	2827	2211	2010	1608	1232	
1594	1232	643	0	696	1192	1916	2090	2653	2773	2773	3082	2532	2452	2130	1849	
1219	1554	1125	696	0	495	1232	1407	1996	2197	2291	2706	2264	2331	2130	2077	
1179	1929	1581	1192	495	0	750	964	1581	1862	2050	2546	2237	2385	2304	2371	
1661	2653	2331	1916	1232	750	0	750	1299	1768	2144	2747	2599	2867	2894	3055	
1179	2465	2318	2090	1407	964	750	0	616	1018	1393	1996	1943	2291	2412	2720	
1460	2854	2800	2653	1996	1581	1299	616	0	576	1085	1728	1889	2318	2559	2988	
1326	2706	2787	2773	2197	1862	1768	1018	576	0	536	1165	1420	1889	2224	2733	
1179	2465	2653	2773	2291	2050	2144	1393	1085	536	0	629	924	1407	1809	2385	
1500	2505	2827	3082	2706	2546	2747	1996	1728	1165	629	0	683	1125	1621	2264	
1058	1835	2211	2532	2264	2237	2599	1943	1889	1420	924	683	0	482	938	1581	
1219	1554	2010	2452	2331	2385	2867	2291	2318	1889	1407	1125	482	0	509	1165	
1232	1085	1608	2130	2130	2304	2894	2412	2559	2224	1809	1621	938	509	0	656	
1541	629	1232	1849	2077	2371	3055	2720	2988	2733	2385	2264	1581	1165	656	0	
V1
0	1806	1892	2046	1565	1513	2132	1513	1874	1702	1513	1926	1358	1565	1582	1978	
1806	0	774	1582	1995	2476	3405	3164	3663	3474	3164	3216	2356	1995	1393	808	
1892	774	0	825	1444	2029	2992	2975	3594	3577	3405	3629	2838	2580	2064	1582	
2046	1582	825	0	894	1530	2459	2683	3405	3560	3560	3956	3250	3147	2734	2373	
1565	1995	1444	894	0	636	1582	1806	2562	2820	2941	3474	2906	2992	2734	2666	
1513	2476	2029	1530	636	0	963	1238	2029	2390	2631	3268	2872	3061	2958	3044	
2132	3405	2992	2459	1582	963	0	963	1668	2270	2752	3526	3336	3680	3715	3921	
1513	3164	2975	2683	1806	1238	963	0	791	1307	1788	2562	2494	2941	3096	3491	
1874	3663	3594	3405	2562	2029	1668	791	0	739	1393	2218	2425	2975	3285	3835	
1702	3474	3577	3560	2820	2390	2270	1307	739	0	688	1496	1823	2425	2855	3508	
1513	3164	3405	3560	2941	2631	2752	1788	1393	688	0	808	1186	1806	2322	3061	
1926	3216	3629	3956	3474	3268	3526	2562	2218	1496	808	0	877	1444	2081	2906	
1358	2356	2838	3250	2906	2872	3336	2494	2425	1823	1186	877	0	619	1204	2029	
1565	1995	2580	3147	2992	3061	3680	2941	2975	2425	1806	1444	619	0	653	1496	
1582	1393	2064	2734	2734	2958	3715	3096	3285	2855	2322	2081	1204	653	0	842	
1978	808	1582	2373	2666	3044	3921	3491	3835	3508	3061	2906	2029	1496	842	0	
V2
0	2121	2222	2403	1838	1777	2504	1777	2201	1999	1777	2262	1595	1838	1858	2323	
2121	0	909	1858	2343	2908	3999	3716	4302	4080	3716	3777	2767	2343	1636	949	
2222	909	0	969	1696	2383	3514	3494	4221	4201	3999	4262	3333	3030	2424	1858	
2403	1858	969	0	1050	1797	2888	3151	3999	4181	4181	4646	3817	3696	3211	2787	
1838	2343	1696	1050	0	747	1858	2121	3009	3312	3454	4080	3413	3514	3211	3131	
1777	2908	2383	1797	747	0	1131	1454	2383	2807	3090	3838	3373	3595	3474	3575	
2504	3999	3514	2888	1858	1131	0	1131	1959	2666	3232	4141	3918	4322	4363	4605	
1777	3716	3494	3151	2121	1454	1131	0	929	1535	2100	3009	2929	3454	3636	4100	
2201	4302	4221	3999	3009	2383	1959	929	0	868	1636	2605	2848	3494	3858	4504	
1999	4080	4201	4181	3312	2807	2666	1535	868	0	808	1757	2141	2848	3353	4120	
1777	3716	3999	4181	3454	3090	3232	2100	1636	808	0	949	1393	2121	2727	3595	
2262	3777	4262	4646	4080	3838	4141	3009	2605	1757	949	0	1030	1696	2444	3413	
1595	2767	3333	3817	3413	3373	3918	2929	2848	2141	1393	1030	0	727	1414	2383	
1838	2343	3030	3696	3514	3595	4322	3454	3494	2848	2121	1696	727	0	767	1757	
1858	1636	2424	3211	3211	3474	4363	3636	3858	3353	2727	2444	1414	767	0	989	
2323	949	1858	2787	3131	3575	4605	4100	4504	4120	3595	3413	2383	1757	989	0	
V3
0	1806	1892	2046	1565	1513	2132	1513	1874	1702	1513	1926	1358	1565	1582	1978	
1806	0	774	1582	1995	2476	3405	3164	3663	3474	3164	3216	2356	1995	1393	808	
1892	774	0	825	1444	2029	2992	2975	3594	3577	3405	3629	2838	2580	2064	1582	
2046	1582	825	0	894	1530	2459	2683	3405	3560	3560	3956	3250	3147	2734	2373	
1565	1995	1444	894	0	636	1582	1806	2562	2820	2941	3474	2906	2992	2734	2666	
1513	2476	2029	1530	636	0	963	1238	2029	2390	2631	3268	2872	3061	2958	3044	
2132	3405	2992	2459	1582	963	0	963	1668	2270	2752	3526	3336	3680	3715	3921	
1513	3164	2975	2683	1806	1238	963	0	791	1307	1788	2562	2494	2941	3096	3491	
1874	3663	3594	3405	2562	2029	1668	791	0	739	1393	2218	2425	2975	3285	3835	
1702	3474	3577	3560	2820	2390	2270	1307	739	0	688	1496	1823	2425	2855	3508	
1513	3164	3405	3560	2941	2631	2752	1788	1393	688	0	808	1186	1806	2322	3061	
1926	3216	3629	3956	3474	3268	3526	2562	2218	1496	808	0	877	1444	2081	2906	
1358	2356	2838	3250	2906	2872	3336	2494	2425	1823	1186	877	0	619	1204	2029	
1565	1995	2580	3147	2992	3061	3680	2941	2975	2425	1806	1444	619	0	653	1496	
1582	1393	2064	2734	2734	2958	3715	3096	3285	2855	2322	2081	1204	653	0	842	
1978	808	1582	2373	2666	3044	3921	3491	3835	3508	3061	2906	2029	1496	842	0	
V4
0	1491	1562	1689	1292	1249	1760	1249	1547	1405	1249	1590	1121	1292	1306	1633	
1491	0	639	1306	1647	2044	2811	2612	3024	2868	2612	2655	1945	1647	1150	667	
1562	639	0	681	1192	1675	2470	2456	2967	2953	2811	2996	2343	2130	1704	1306	
1689	1306	681	0	738	1263	2030	2215	2811	2939	2939	3266	2683	2598	2257	1959	
1292	1647	1192	738	0	525	1306	1491	2115	2328	2428	2868	2399	2470	2257	2201	
1249	2044	1675	1263	525	0	795	1022	1675	1973	2172	2698	2371	2527	2442	2513	
1760	2811	2470	2030	1306	795	0	795	1377	1874	2272	2911	2754	3038	3067	3237	
1249	2612	2456	2215	1491	1022	795	0	653	1079	1476	2115	2059	2428	2556	2882	
1547	3024	2967	2811	2115	1675	1377	653	0	610	1150	1831	2002	2456	2712	3166	
1405	2868	2953	2939	2328	1973	1874	1079	610	0	568	1235	1505	2002	2357	2896	
1249	2612	2811	2939	2428	2172	2272	1476	1150	568	0	667	979	1491	1917	2527	
1590	2655	2996	3266	2868	2698	2911	2115	1831	1235	667	0	724	1192	1718	2399	
1121	1945	2343	2683	2399	2371	2754	2059	2002	1505	979	724	0	511	994	1675	
1292	1647	2130	2598	2470	2527	3038	2428	2456	2002	1491	1192	511	0	539	1235	
1306	1150	1704	2257	2257	2442	3067	2556	2712	2357	1917	1718	994	539	0	695	
1633	667	1306	1959	2201	2513	3237	2882	3166	2896	2527	2399	1675	1235	695	0	
Velocidade_Veiculos
1	1	1	1	1	