M: 4
N: 15
Nun_Veiculos: 6
Capacidade_Total: 370
Demanda_Total: 287
Setup_Min: 1
Setup_Max: 9
Raio: 100
Circulos: 1
Tempo_Processamento_Min: 1
Tempo_Processamento_Max: 49
Demanda_Min: 10
Demanda_Max: 30
Priority_Factor: 0.2
Range_Factor_R: 0.8
U_factor: 2
ALpha: 0.2Replicao: 2
Tempos_Processamentos
0	0	1	0	2	0	3	0	
0	48	1	28	2	33	3	30	
0	5	1	5	2	17	3	21	
0	38	1	10	2	26	3	28	
0	25	1	44	2	40	3	6	
0	27	1	37	2	42	3	1	
0	5	1	19	2	12	3	31	
0	43	1	19	2	22	3	26	
0	37	1	26	2	34	3	49	
0	29	1	30	2	1	3	36	
0	18	1	37	2	48	3	2	
0	3	1	28	2	12	3	17	
0	1	1	43	2	41	3	11	
0	20	1	37	2	37	3	35	
0	47	1	20	2	47	3	16	
0	28	1	45	2	4	3	22	

Tempos_setup
M0
0	0	0	0	0	0	0	0	0	0	0	0	0	0	0	0	
0	0	1	4	2	2	1	1	3	3	2	2	2	3	4	1	
0	2	0	4	1	1	3	3	3	2	4	2	2	3	3	1	
0	4	2	0	3	3	4	3	3	1	4	3	4	4	3	3	
0	3	4	4	0	3	4	2	3	1	4	1	2	2	3	2	
0	3	1	5	2	0	4	2	4	3	5	1	3	2	4	2	
0	3	2	5	1	1	0	2	3	2	4	1	3	2	3	2	
0	2	3	5	4	4	3	0	4	2	4	4	3	4	4	3	
0	3	4	4	4	4	4	1	0	3	3	5	3	5	5	2	
0	4	5	3	4	5	4	3	4	0	3	2	3	3	2	2	
0	4	2	5	3	3	5	5	5	2	0	4	4	2	4	3	
0	2	3	5	4	4	3	1	4	2	4	0	3	1	4	2	
0	4	2	2	1	3	3	2	1	2	3	2	0	2	2	3	
0	4	2	4	3	3	3	3	3	1	4	3	2	0	3	1	
0	4	3	5	3	4	5	5	5	2	1	4	4	2	0	3	
0	5	3	3	2	3	2	3	2	2	3	3	1	3	3	0	
M1
0	0	0	0	0	0	0	0	0	0	0	0	0	0	0	0	
0	0	2	2	2	3	1	2	3	2	1	3	5	2	3	3	
0	2	0	2	3	1	3	2	4	4	3	3	3	4	4	3	
0	2	1	0	1	2	3	3	4	2	3	1	3	4	3	3	
0	3	2	1	0	1	3	2	3	3	3	2	3	4	4	2	
0	3	2	3	3	0	2	1	3	3	2	4	2	3	3	2	
0	3	2	1	1	2	0	3	4	3	4	2	4	5	4	3	
0	4	2	3	2	3	2	0	2	2	1	4	5	2	4	1	
0	2	2	3	2	3	3	2	0	4	3	4	4	4	2	2	
0	4	3	2	1	2	3	2	4	0	3	3	3	4	4	3	
0	3	1	2	2	2	1	3	2	1	0	3	4	1	3	4	
0	1	3	3	3	4	2	3	3	3	2	0	2	3	2	3	
0	2	2	2	2	3	1	2	3	2	1	3	0	2	1	2	
0	3	2	1	2	2	4	2	1	3	3	2	4	0	2	3	
0	1	3	3	2	2	2	1	2	3	2	4	4	3	0	1	
0	3	3	2	1	2	4	2	1	3	3	3	4	4	3	0	
M2
0	0	0	0	0	0	0	0	0	0	0	0	0	0	0	0	
0	0	1	3	2	3	4	5	3	3	2	3	2	4	3	3	
0	3	0	3	2	2	3	4	3	3	1	2	2	3	2	2	
0	2	3	0	2	2	1	2	4	2	1	2	3	3	1	1	
0	2	3	2	0	4	3	3	5	3	3	4	4	5	3	3	
0	3	2	3	2	0	3	3	4	3	1	2	4	3	2	3	
0	2	3	3	2	2	0	1	4	2	2	3	3	4	1	2	
0	2	3	2	4	3	3	0	4	3	3	2	3	3	3	1	
0	2	3	3	2	1	4	4	0	2	2	3	3	3	3	2	
0	4	3	4	3	1	4	4	2	0	2	3	1	3	3	4	
0	2	3	2	1	1	2	3	3	2	0	1	3	2	1	3	
0	3	4	4	2	2	1	2	2	1	3	0	2	1	2	3	
0	3	4	4	3	2	3	4	1	1	3	4	0	4	4	3	
0	3	4	3	1	2	1	2	1	3	3	4	3	0	2	3	
0	3	4	3	1	2	3	4	3	1	1	2	2	3	0	4	
0	1	2	1	3	3	2	3	3	3	2	3	2	4	2	0	
M3
0	0	0	0	0	0	0	0	0	0	0	0	0	0	0	0	
0	0	5	5	5	5	5	4	1	6	3	3	4	5	5	6	
0	4	0	3	2	3	4	1	3	3	1	3	3	2	1	2	
0	2	6	0	4	6	3	4	3	5	4	5	5	2	3	2	
0	2	3	3	0	3	2	4	3	1	4	1	2	4	3	3	
0	3	5	1	4	0	3	4	4	3	5	5	4	3	3	3	
0	5	4	3	4	3	0	3	4	5	5	3	3	4	4	2	
0	3	4	3	1	4	3	0	4	2	3	2	3	1	2	2	
0	3	4	4	5	7	4	5	0	6	5	3	3	6	4	5	
0	1	2	2	3	4	1	3	2	0	3	4	1	4	2	2	
0	4	5	3	2	2	4	6	5	3	0	3	4	5	5	5	
0	5	3	3	5	4	5	4	4	5	4	0	5	3	4	5	
0	2	1	1	2	4	4	2	3	3	2	3	0	3	1	2	
0	3	4	2	2	4	2	2	3	3	2	3	3	0	1	2	
0	3	3	2	1	4	3	1	2	2	4	2	2	2	0	1	
0	3	4	1	5	7	4	5	2	6	5	5	3	3	4	0	
Tamanho_Tarefas
0	34	9	21	24	3	14	27	30	18	20	8	21	20	24	14	
Data_Entrega
0	164	166	190	181	189	179	185	185	166	173	168	165	187	180	185	
Penalidade_Atraso
0	4	11	15	16	1	5	10	7	15	13	7	20	16	16	11	
Capacidade_Veiculo
46	81	78	42	85	38	
Custo_Fixo_Veiculo
460	810	780	420	850	380	
Coordenadas_Clientes
x	0	y	0
x	90	y	0
x	81	y	36
x	56	y	63
x	37	y	116
x	-10	y	99
x	-52	y	90
x	-76	y	55
x	-79	y	16
x	-116	y	-24
x	-72	y	-52
x	-59	y	-103
x	-11	y	-109
x	26	y	-81
x	80	y	-89
x	86	y	-38
Tempo_Viagem
0	90	88	84	121	99	103	93	80	118	88	118	109	85	119	94	
90	0	37	71	127	140	168	174	169	207	170	181	148	103	89	38	
88	37	0	36	91	110	143	158	161	205	176	197	171	129	125	74	
84	71	36	0	56	75	111	132	142	192	172	201	184	147	153	105	
121	127	91	56	0	49	91	128	153	207	200	239	230	197	209	161	
99	140	110	75	49	0	42	79	107	161	163	207	208	183	208	167	
103	168	143	111	91	42	0	42	78	130	143	193	203	187	222	188	
93	174	158	132	128	79	42	0	39	88	107	158	176	170	212	186	
80	169	161	142	153	107	78	39	0	54	68	120	142	142	190	173	
118	207	205	192	207	161	130	88	54	0	52	97	135	153	206	202	
88	170	176	172	200	163	143	107	68	52	0	52	83	102	156	158	
118	181	197	201	239	207	193	158	120	97	52	0	48	87	139	158	
109	148	171	184	230	208	203	176	142	135	83	48	0	46	93	119	
85	103	129	147	197	183	187	170	142	153	102	87	46	0	54	73	
119	89	125	153	209	208	222	212	190	206	156	139	93	54	0	51	
94	38	74	105	161	167	188	186	173	202	158	158	119	73	51	0	
Custo_Viagem
V0
0	828	809	772	1113	910	947	855	736	1085	809	1085	1002	782	1094	864	
828	0	340	653	1168	1288	1545	1600	1554	1904	1564	1665	1361	947	818	349	
809	340	0	331	837	1012	1315	1453	1481	1886	1619	1812	1573	1186	1150	680	
772	653	331	0	515	690	1021	1214	1306	1766	1582	1849	1692	1352	1407	966	
1113	1168	837	515	0	450	846	1177	1407	1904	1840	2198	2116	1812	1922	1481	
910	1288	1012	690	450	0	386	726	984	1490	1499	1904	1913	1683	1913	1536	
947	1545	1315	1021	846	386	0	386	717	1196	1315	1775	1867	1720	2042	1729	
855	1600	1453	1214	1177	726	386	0	358	809	984	1453	1619	1564	1950	1711	
736	1554	1481	1306	1407	984	717	358	0	496	625	1104	1306	1306	1748	1591	
1085	1904	1886	1766	1904	1490	1196	809	496	0	478	892	1242	1407	1895	1858	
809	1564	1619	1582	1840	1499	1315	984	625	478	0	478	763	938	1435	1453	
1085	1665	1812	1849	2198	1904	1775	1453	1104	892	478	0	441	800	1278	1453	
1002	1361	1573	1692	2116	1913	1867	1619	1306	1242	763	441	0	423	855	1104	
782	947	1186	1352	1812	1683	1720	1564	1306	1407	938	800	423	0	496	671	
1094	818	1150	1407	1922	1913	2042	1950	1748	1895	1435	1278	855	496	0	469	
864	349	680	966	1481	1536	1729	1711	1591	1858	1453	1453	1104	671	469	0	
V1
0	1458	1425	1360	1960	1603	1668	1506	1296	1911	1425	1911	1765	1377	1927	1522	
1458	0	599	1150	2057	2268	2721	2818	2737	3353	2754	2932	2397	1668	1441	615	
1425	599	0	583	1474	1782	2316	2559	2608	3321	2851	3191	2770	2089	2025	1198	
1360	1150	583	0	907	1215	1798	2138	2300	3110	2786	3256	2980	2381	2478	1701	
1960	2057	1474	907	0	793	1490	2073	2478	3353	3240	3871	3726	3191	3385	2608	
1603	2268	1782	1215	793	0	680	1279	1733	2624	2640	3353	3369	2964	3369	2705	
1668	2721	2316	1798	1490	680	0	680	1263	2106	2316	3126	3288	3029	3596	3045	
1506	2818	2559	2138	2073	1279	680	0	631	1425	1733	2559	2851	2754	3434	3013	
1296	2737	2608	2300	2478	1733	1263	631	0	874	1101	1944	2300	2300	3078	2802	
1911	3353	3321	3110	3353	2624	2106	1425	874	0	842	1571	2187	2478	3337	3272	
1425	2754	2851	2786	3240	2640	2316	1733	1101	842	0	842	1344	1652	2527	2559	
1911	2932	3191	3256	3871	3353	3126	2559	1944	1571	842	0	777	1409	2251	2559	
1765	2397	2770	2980	3726	3369	3288	2851	2300	2187	1344	777	0	745	1506	1944	
1377	1668	2089	2381	3191	2964	3029	2754	2300	2478	1652	1409	745	0	874	1182	
1927	1441	2025	2478	3385	3369	3596	3434	3078	3337	2527	2251	1506	874	0	826	
1522	615	1198	1701	2608	2705	3045	3013	2802	3272	2559	2559	1944	1182	826	0	
V2
0	1404	1372	1310	1887	1544	1606	1450	1248	1840	1372	1840	1700	1326	1856	1466	
1404	0	577	1107	1981	2184	2620	2714	2636	3229	2652	2823	2308	1606	1388	592	
1372	577	0	561	1419	1716	2230	2464	2511	3198	2745	3073	2667	2012	1950	1154	
1310	1107	561	0	873	1170	1731	2059	2215	2995	2683	3135	2870	2293	2386	1638	
1887	1981	1419	873	0	764	1435	1996	2386	3229	3120	3728	3588	3073	3260	2511	
1544	2184	1716	1170	764	0	655	1232	1669	2527	2542	3229	3244	2854	3244	2605	
1606	2620	2230	1731	1435	655	0	655	1216	2028	2230	3010	3166	2917	3463	2932	
1450	2714	2464	2059	1996	1232	655	0	608	1372	1669	2464	2745	2652	3307	2901	
1248	2636	2511	2215	2386	1669	1216	608	0	842	1060	1872	2215	2215	2964	2698	
1840	3229	3198	2995	3229	2527	2028	1372	842	0	811	1513	2106	2386	3213	3151	
1372	2652	2745	2683	3120	2542	2230	1669	1060	811	0	811	1294	1591	2433	2464	
1840	2823	3073	3135	3728	3229	3010	2464	1872	1513	811	0	748	1357	2168	2464	
1700	2308	2667	2870	3588	3244	3166	2745	2215	2106	1294	748	0	717	1450	1872	
1326	1606	2012	2293	3073	2854	2917	2652	2215	2386	1591	1357	717	0	842	1138	
1856	1388	1950	2386	3260	3244	3463	3307	2964	3213	2433	2168	1450	842	0	795	
1466	592	1154	1638	2511	2605	2932	2901	2698	3151	2464	2464	1872	1138	795	0	
V3
0	756	739	705	1016	831	865	781	672	991	739	991	915	714	999	789	
756	0	310	596	1066	1176	1411	1461	1419	1738	1428	1520	1243	865	747	319	
739	310	0	302	764	924	1201	1327	1352	1722	1478	1654	1436	1083	1050	621	
705	596	302	0	470	630	932	1108	1192	1612	1444	1688	1545	1234	1285	882	
1016	1066	764	470	0	411	772	1075	1285	1738	1680	2007	1932	1654	1755	1352	
831	1176	924	630	411	0	352	663	898	1360	1369	1738	1747	1537	1747	1402	
865	1411	1201	932	772	352	0	352	655	1092	1201	1621	1705	1570	1864	1579	
781	1461	1327	1108	1075	663	352	0	327	739	898	1327	1478	1428	1780	1562	
672	1419	1352	1192	1285	898	655	327	0	453	571	1008	1192	1192	1596	1453	
991	1738	1722	1612	1738	1360	1092	739	453	0	436	814	1134	1285	1730	1696	
739	1428	1478	1444	1680	1369	1201	898	571	436	0	436	697	856	1310	1327	
991	1520	1654	1688	2007	1738	1621	1327	1008	814	436	0	403	730	1167	1327	
915	1243	1436	1545	1932	1747	1705	1478	1192	1134	697	403	0	386	781	1008	
714	865	1083	1234	1654	1537	1570	1428	1192	1285	856	730	386	0	453	613	
999	747	1050	1285	1755	1747	1864	1780	1596	1730	1310	1167	781	453	0	428	
789	319	621	882	1352	1402	1579	1562	1453	1696	1327	1327	1008	613	428	0	
V4
0	1530	1496	1428	2057	1683	1751	1581	1360	2006	1496	2006	1853	1445	2023	1598	
1530	0	629	1207	2159	2380	2856	2958	2873	3519	2890	3077	2516	1751	1513	646	
1496	629	0	612	1547	1870	2431	2686	2737	3485	2992	3349	2907	2193	2125	1258	
1428	1207	612	0	952	1275	1887	2244	2414	3264	2924	3417	3128	2499	2601	1785	
2057	2159	1547	952	0	833	1564	2176	2601	3519	3400	4063	3910	3349	3553	2737	
1683	2380	1870	1275	833	0	714	1343	1819	2754	2771	3519	3536	3111	3536	2839	
1751	2856	2431	1887	1564	714	0	714	1326	2210	2431	3281	3451	3179	3774	3196	
1581	2958	2686	2244	2176	1343	714	0	663	1496	1819	2686	2992	2890	3604	3162	
1360	2873	2737	2414	2601	1819	1326	663	0	918	1156	2040	2414	2414	3230	2941	
2006	3519	3485	3264	3519	2754	2210	1496	918	0	884	1649	2295	2601	3502	3434	
1496	2890	2992	2924	3400	2771	2431	1819	1156	884	0	884	1411	1734	2652	2686	
2006	3077	3349	3417	4063	3519	3281	2686	2040	1649	884	0	816	1479	2363	2686	
1853	2516	2907	3128	3910	3536	3451	2992	2414	2295	1411	816	0	782	1581	2040	
1445	1751	2193	2499	3349	3111	3179	2890	2414	2601	1734	1479	782	0	918	1241	
2023	1513	2125	2601	3553	3536	3774	3604	3230	3502	2652	2363	1581	918	0	867	
1598	646	1258	1785	2737	2839	3196	3162	2941	3434	2686	2686	2040	1241	867	0	
V5
0	684	668	638	919	752	782	706	608	896	668	896	828	646	904	714	
684	0	281	539	965	1064	1276	1322	1284	1573	1292	1375	1124	782	676	288	
668	281	0	273	691	836	1086	1200	1223	1558	1337	1497	1299	980	950	562	
638	539	273	0	425	570	843	1003	1079	1459	1307	1527	1398	1117	1162	798	
919	965	691	425	0	372	699	972	1162	1573	1520	1816	1748	1497	1588	1223	
752	1064	836	570	372	0	319	600	813	1231	1238	1573	1580	1390	1580	1269	
782	1276	1086	843	699	319	0	319	592	988	1086	1466	1542	1421	1687	1428	
706	1322	1200	1003	972	600	319	0	296	668	813	1200	1337	1292	1611	1413	
608	1284	1223	1079	1162	813	592	296	0	410	516	912	1079	1079	1444	1314	
896	1573	1558	1459	1573	1231	988	668	410	0	395	737	1026	1162	1565	1535	
668	1292	1337	1307	1520	1238	1086	813	516	395	0	395	630	775	1185	1200	
896	1375	1497	1527	1816	1573	1466	1200	912	737	395	0	364	661	1056	1200	
828	1124	1299	1398	1748	1580	1542	1337	1079	1026	630	364	0	349	706	912	
646	782	980	1117	1497	1390	1421	1292	1079	1162	775	661	349	0	410	554	
904	676	950	1162	1588	1580	1687	1611	1444	1565	1185	1056	706	410	0	387	
714	288	562	798	1223	1269	1428	1413	1314	1535	1200	1200	912	554	387	0	
Velocidade_Veiculos
1	1	1	1	1	1	