M: 4
N: 15
Nun_Veiculos: 6
Capacidade_Total: 314
Demanda_Total: 237
Setup_Min: 1
Setup_Max: 99
Raio: 100
Circulos: 1
Tempo_Processamento_Min: 1
Tempo_Processamento_Max: 49
Demanda_Min: 10
Demanda_Max: 30
Priority_Factor: 0.2
Range_Factor_R: 0.8
U_factor: 2
ALpha: 0.2Replicao: 4
Tempos_Processamentos
0	0	1	0	2	0	3	0	
0	2	1	18	2	7	3	25	
0	47	1	32	2	14	3	14	
0	34	1	1	2	13	3	23	
0	22	1	7	2	30	3	32	
0	42	1	25	2	31	3	8	
0	31	1	31	2	19	3	23	
0	14	1	29	2	24	3	25	
0	1	1	14	2	49	3	18	
0	48	1	31	2	13	3	17	
0	12	1	15	2	33	3	7	
0	40	1	5	2	32	3	37	
0	18	1	34	2	18	3	4	
0	13	1	8	2	38	3	15	
0	12	1	36	2	30	3	19	
0	34	1	12	2	47	3	4	

Tempos_setup
M0
0	0	0	0	0	0	0	0	0	0	0	0	0	0	0	0	
0	0	27	29	31	40	22	43	18	14	28	27	25	23	25	15	
0	58	0	46	61	53	41	56	41	68	45	32	49	53	68	34	
0	16	38	0	23	25	34	14	23	30	7	27	27	15	29	29	
0	35	45	41	0	37	36	38	36	32	21	27	29	28	18	29	
0	36	47	50	9	0	18	47	39	34	30	36	15	35	27	34	
0	40	37	58	27	18	0	38	35	27	41	44	8	35	39	28	
0	2	29	29	19	11	24	0	20	16	3	23	23	11	15	17	
0	36	15	23	32	23	18	34	0	30	30	9	11	32	27	11	
0	16	13	31	17	26	8	35	8	0	15	17	11	9	12	1	
0	15	42	34	16	27	27	45	29	29	0	20	20	8	34	22	
0	27	24	14	31	27	9	25	9	36	21	0	17	23	36	2	
0	35	32	50	36	45	27	54	27	19	34	36	0	28	31	20	
0	7	34	26	8	19	19	37	21	21	26	12	27	0	26	14	
0	17	37	26	18	22	29	40	31	30	3	22	11	10	0	24	
0	39	22	30	34	25	7	41	7	34	37	16	15	36	34	0	
M1
0	0	0	0	0	0	0	0	0	0	0	0	0	0	0	0	
0	0	34	37	17	32	30	25	30	10	25	24	29	32	29	23	
0	21	0	31	35	15	31	38	51	23	21	37	14	42	43	41	
0	23	32	0	40	7	20	16	28	31	10	23	28	30	12	25	
0	31	32	37	0	31	30	17	30	31	25	24	28	30	12	6	
0	19	43	16	36	0	36	32	44	29	26	39	21	46	28	41	
0	27	43	24	33	8	0	35	32	26	24	38	17	45	30	24	
0	37	24	20	46	21	13	0	13	20	8	7	30	36	18	21	
0	24	11	19	41	20	12	19	0	24	7	6	25	23	5	8	
0	33	24	27	50	28	20	15	28	0	15	14	19	22	33	36	
0	37	48	34	43	18	10	36	42	34	0	23	25	46	28	34	
0	33	37	13	39	14	6	13	26	32	1	0	23	43	25	30	
0	39	30	36	50	25	17	24	37	9	7	23	0	28	35	41	
0	11	2	18	28	17	11	17	30	21	6	5	16	0	30	34	
0	19	20	35	36	19	29	24	37	19	24	23	34	18	0	13	
0	25	26	31	42	25	24	11	24	25	19	18	22	24	6	0	
M2
0	0	0	0	0	0	0	0	0	0	0	0	0	0	0	0	
0	0	30	4	28	15	34	9	15	30	32	38	23	22	40	22	
0	35	0	31	22	27	21	38	8	6	31	48	33	21	50	34	
0	37	26	0	24	52	39	41	11	32	34	34	36	24	53	37	
0	42	69	46	0	54	15	38	28	53	45	71	29	17	46	51	
0	56	23	40	31	0	26	23	17	15	40	33	35	23	52	36	
0	33	57	31	25	48	0	31	21	52	44	62	45	34	62	44	
0	42	35	33	31	33	30	0	24	41	41	58	14	13	31	13	
0	39	47	23	14	50	29	30	0	31	23	55	25	13	42	26	
0	41	44	25	16	21	15	32	2	0	25	42	27	15	44	28	
0	18	24	22	24	29	12	21	10	8	0	50	29	23	46	19	
0	25	21	29	33	31	42	28	29	27	48	0	32	20	49	30	
0	28	42	19	41	43	16	15	30	42	53	44	0	28	17	28	
0	40	52	31	25	37	28	27	11	36	28	56	12	0	29	35	
0	52	48	50	39	42	38	25	27	25	50	27	31	22	0	21	
0	38	32	29	18	37	17	4	28	38	45	54	10	17	27	0	
M3
0	0	0	0	0	0	0	0	0	0	0	0	0	0	0	0	
0	0	34	22	30	17	35	24	33	16	23	52	14	19	33	12	
0	7	0	11	25	22	32	8	16	23	12	28	21	11	33	19	
0	1	12	0	31	14	21	20	26	17	1	40	15	16	24	13	
0	34	27	34	0	29	33	35	43	37	35	28	48	31	54	24	
0	12	21	32	25	0	30	7	16	28	10	49	24	2	33	21	
0	11	27	15	24	13	0	7	16	27	16	20	24	2	33	9	
0	13	35	35	23	14	35	0	17	29	24	42	17	3	34	14	
0	24	18	29	9	25	19	19	0	29	30	37	36	14	17	28	
0	7	18	6	14	20	19	16	25	0	7	39	21	11	17	19	
0	18	11	22	34	33	20	19	25	34	0	39	32	22	23	29	
0	7	18	6	11	20	10	17	26	23	7	0	21	12	30	19	
0	18	27	30	31	6	29	13	22	34	16	49	0	8	39	27	
0	10	32	32	23	11	33	5	14	26	21	47	22	0	31	19	
0	13	29	17	12	15	2	9	15	29	18	22	26	4	0	11	
0	17	26	33	30	5	35	12	21	33	15	54	29	7	38	0	
Tamanho_Tarefas
0	13	24	16	20	25	21	21	15	18	11	7	8	16	18	4	
Data_Entrega
0	171	194	172	172	195	172	190	186	180	192	189	178	170	190	186	
Penalidade_Atraso
0	13	14	14	11	11	1	5	17	19	2	10	15	1	4	15	
Capacidade_Veiculo
56	31	69	66	52	40	
Custo_Fixo_Veiculo
560	310	690	660	520	400	
Coordenadas_Clientes
x	0	y	0
x	112	y	0
x	87	y	39
x	58	y	65
x	24	y	74
x	-12	y	123
x	-47	y	82
x	-84	y	61
x	-89	y	18
x	-108	y	-23
x	-67	y	-48
x	-51	y	-90
x	-11	y	-106
x	32	y	-98
x	72	y	-81
x	102	y	-45
Tempo_Viagem
0	112	95	87	77	123	94	103	90	110	82	103	106	103	108	111	
112	0	46	84	114	174	178	205	201	221	185	186	162	126	90	46	
95	46	0	38	72	128	140	172	177	204	176	188	175	147	120	85	
87	84	38	0	35	90	106	142	154	187	168	189	184	165	146	118	
77	114	72	35	0	60	71	108	126	163	152	180	183	172	162	142	
123	174	128	90	60	0	53	95	129	174	179	216	229	225	220	202	
94	178	140	106	71	53	0	42	76	121	131	172	191	196	201	195	
103	205	172	142	108	95	42	0	43	87	110	154	182	196	210	214	
90	201	177	154	126	129	76	43	0	45	69	113	146	167	189	201	
110	221	204	187	163	174	121	87	45	0	48	87	127	158	189	211	
82	185	176	168	152	179	131	110	69	48	0	44	80	110	142	169	
103	186	188	189	180	216	172	154	113	87	44	0	43	83	123	159	
106	162	175	184	183	229	191	182	146	127	80	43	0	43	86	128	
103	126	147	165	172	225	196	196	167	158	110	83	43	0	43	87	
108	90	120	146	162	220	201	210	189	189	142	123	86	43	0	46	
111	46	85	118	142	202	195	214	201	211	169	159	128	87	46	0	
Custo_Viagem
V0
0	1254	1064	974	862	1377	1052	1153	1008	1232	918	1153	1187	1153	1209	1243	
1254	0	515	940	1276	1948	1993	2296	2251	2475	2072	2083	1814	1411	1008	515	
1064	515	0	425	806	1444	1568	1926	1982	2284	1971	2105	1960	1646	1344	952	
974	940	425	0	392	1008	1187	1590	1724	2094	1881	2116	2060	1848	1635	1321	
862	1276	806	392	0	672	795	1209	1411	1825	1702	2016	2049	1926	1814	1590	
1377	1948	1444	1008	672	0	593	1064	1456	1948	2004	2419	2564	2520	2464	2273	
1052	1993	1568	1187	795	593	0	470	851	1355	1467	1926	2139	2195	2251	2184	
1153	2296	1926	1590	1209	1064	470	0	481	974	1232	1724	2038	2195	2352	2396	
1008	2251	1982	1724	1411	1456	851	481	0	504	772	1276	1635	1870	2116	2251	
1232	2475	2284	2094	1825	1948	1355	974	504	0	537	974	1422	1769	2116	2363	
918	2072	1971	1881	1702	2004	1467	1232	772	537	0	492	896	1232	1590	1892	
1153	2083	2105	2116	2016	2419	1926	1724	1276	974	492	0	481	929	1377	1780	
1187	1814	1960	2060	2049	2564	2139	2038	1635	1422	896	481	0	481	963	1433	
1153	1411	1646	1848	1926	2520	2195	2195	1870	1769	1232	929	481	0	481	974	
1209	1008	1344	1635	1814	2464	2251	2352	2116	2116	1590	1377	963	481	0	515	
1243	515	952	1321	1590	2273	2184	2396	2251	2363	1892	1780	1433	974	515	0	
V1
0	694	589	539	477	762	582	638	558	682	508	638	657	638	669	688	
694	0	285	520	706	1078	1103	1271	1246	1370	1147	1153	1004	781	558	285	
589	285	0	235	446	799	868	1066	1097	1264	1091	1165	1085	911	744	527	
539	520	235	0	217	558	657	880	954	1159	1041	1171	1140	1023	905	731	
477	706	446	217	0	372	440	669	781	1010	942	1116	1134	1066	1004	880	
762	1078	799	558	372	0	328	589	806	1078	1109	1339	1419	1395	1364	1258	
582	1103	868	657	440	328	0	260	471	750	812	1066	1184	1215	1246	1209	
638	1271	1066	880	669	589	260	0	266	539	682	954	1128	1215	1302	1326	
558	1246	1097	954	781	806	471	266	0	279	427	706	905	1035	1171	1246	
682	1370	1264	1159	1010	1078	750	539	279	0	297	539	787	979	1171	1308	
508	1147	1091	1041	942	1109	812	682	427	297	0	272	496	682	880	1047	
638	1153	1165	1171	1116	1339	1066	954	706	539	272	0	266	514	762	985	
657	1004	1085	1140	1134	1419	1184	1128	905	787	496	266	0	266	533	793	
638	781	911	1023	1066	1395	1215	1215	1035	979	682	514	266	0	266	539	
669	558	744	905	1004	1364	1246	1302	1171	1171	880	762	533	266	0	285	
688	285	527	731	880	1258	1209	1326	1246	1308	1047	985	793	539	285	0	
V2
0	1545	1311	1200	1062	1697	1297	1421	1242	1518	1131	1421	1462	1421	1490	1531	
1545	0	634	1159	1573	2401	2456	2829	2773	3049	2553	2566	2235	1738	1242	634	
1311	634	0	524	993	1780	1932	2373	2442	2815	2428	2594	2415	2028	1656	1173	
1200	1159	524	0	483	1242	1462	1959	2125	2580	2318	2608	2539	2277	2014	1628	
1062	1573	993	483	0	828	979	1490	1738	2249	2097	2484	2525	2373	2235	1959	
1697	2401	1780	1242	828	0	731	1311	1794	2401	2470	2980	3160	3105	3036	2801	
1297	2456	1932	1462	979	731	0	579	1048	1669	1807	2373	2635	2704	2773	2691	
1421	2829	2373	1959	1490	1311	579	0	593	1200	1518	2125	2511	2704	2898	2953	
1242	2773	2442	2125	1738	1794	1048	593	0	621	952	1573	2014	2304	2608	2773	
1518	3049	2815	2580	2249	2401	1669	1200	621	0	662	1200	1752	2180	2608	2911	
1131	2553	2428	2318	2097	2470	1807	1518	952	662	0	607	1104	1518	1959	2332	
1421	2566	2594	2608	2484	2980	2373	2125	1573	1200	607	0	593	1145	1697	2194	
1462	2235	2415	2539	2525	3160	2635	2511	2014	1752	1104	593	0	593	1186	1766	
1421	1738	2028	2277	2373	3105	2704	2704	2304	2180	1518	1145	593	0	593	1200	
1490	1242	1656	2014	2235	3036	2773	2898	2608	2608	1959	1697	1186	593	0	634	
1531	634	1173	1628	1959	2801	2691	2953	2773	2911	2332	2194	1766	1200	634	0	
V3
0	1478	1254	1148	1016	1623	1240	1359	1188	1452	1082	1359	1399	1359	1425	1465	
1478	0	607	1108	1504	2296	2349	2706	2653	2917	2442	2455	2138	1663	1188	607	
1254	607	0	501	950	1702	1848	2270	2336	2692	2323	2481	2310	1940	1584	1122	
1148	1108	501	0	462	1188	1399	1874	2032	2468	2217	2494	2428	2178	1927	1557	
1016	1504	950	462	0	792	937	1425	1663	2151	2006	2376	2415	2270	2138	1874	
1623	2296	1702	1188	792	0	699	1254	1716	2296	2362	2851	3022	2970	2904	2679	
1240	2349	1848	1399	937	699	0	554	1003	1597	1729	2270	2521	2587	2653	2574	
1359	2706	2270	1874	1425	1254	554	0	567	1148	1452	2032	2402	2587	2772	2824	
1188	2653	2336	2032	1663	1716	1003	567	0	594	910	1504	1927	2204	2494	2653	
1452	2917	2692	2468	2151	2296	1597	1148	594	0	633	1148	1676	2085	2494	2785	
1082	2442	2323	2217	2006	2362	1729	1452	910	633	0	580	1056	1452	1874	2230	
1359	2455	2481	2494	2376	2851	2270	2032	1504	1148	580	0	567	1095	1623	2098	
1399	2138	2310	2428	2415	3022	2521	2402	1927	1676	1056	567	0	567	1135	1689	
1359	1663	1940	2178	2270	2970	2587	2587	2204	2085	1452	1095	567	0	567	1148	
1425	1188	1584	1927	2138	2904	2653	2772	2494	2494	1874	1623	1135	567	0	607	
1465	607	1122	1557	1874	2679	2574	2824	2653	2785	2230	2098	1689	1148	607	0	
V4
0	1164	988	904	800	1279	977	1071	936	1144	852	1071	1102	1071	1123	1154	
1164	0	478	873	1185	1809	1851	2132	2090	2298	1924	1934	1684	1310	936	478	
988	478	0	395	748	1341	1456	1788	1840	2121	1830	1955	1820	1528	1248	884	
904	873	395	0	364	936	1102	1476	1601	1944	1747	1965	1913	1716	1518	1227	
800	1185	748	364	0	624	738	1123	1310	1695	1580	1872	1903	1788	1684	1476	
1279	1809	1341	936	624	0	551	988	1352	1809	1861	2246	2381	2340	2288	2111	
977	1851	1456	1102	738	551	0	436	790	1258	1362	1788	1986	2038	2090	2028	
1071	2132	1788	1476	1123	988	436	0	447	904	1144	1601	1892	2038	2184	2225	
936	2090	1840	1601	1310	1352	790	447	0	468	717	1185	1518	1736	1965	2090	
1144	2298	2121	1944	1695	1809	1258	904	468	0	499	904	1320	1643	1965	2194	
852	1924	1830	1747	1580	1861	1362	1144	717	499	0	457	832	1144	1476	1757	
1071	1934	1955	1965	1872	2246	1788	1601	1185	904	457	0	447	863	1279	1653	
1102	1684	1820	1913	1903	2381	1986	1892	1518	1320	832	447	0	447	894	1331	
1071	1310	1528	1716	1788	2340	2038	2038	1736	1643	1144	863	447	0	447	904	
1123	936	1248	1518	1684	2288	2090	2184	1965	1965	1476	1279	894	447	0	478	
1154	478	884	1227	1476	2111	2028	2225	2090	2194	1757	1653	1331	904	478	0	
V5
0	896	760	696	616	984	752	824	720	880	656	824	848	824	864	888	
896	0	368	672	912	1392	1424	1640	1608	1768	1480	1488	1296	1008	720	368	
760	368	0	304	576	1032	1120	1376	1416	1632	1408	1504	1400	1176	960	680	
696	672	304	0	280	720	848	1136	1232	1496	1344	1512	1472	1320	1168	944	
616	912	576	280	0	480	568	864	1008	1304	1216	1440	1464	1376	1296	1136	
984	1392	1032	720	480	0	424	760	1040	1392	1432	1728	1832	1800	1760	1624	
752	1424	1120	848	568	424	0	336	608	968	1048	1376	1528	1568	1608	1560	
824	1640	1376	1136	864	760	336	0	344	696	880	1232	1456	1568	1680	1712	
720	1608	1416	1232	1008	1040	608	344	0	360	552	912	1168	1336	1512	1608	
880	1768	1632	1496	1304	1392	968	696	360	0	384	696	1016	1264	1512	1688	
656	1480	1408	1344	1216	1432	1048	880	552	384	0	352	640	880	1136	1352	
824	1488	1504	1512	1440	1728	1376	1232	912	696	352	0	344	664	984	1272	
848	1296	1400	1472	1464	1832	1528	1456	1168	1016	640	344	0	344	688	1024	
824	1008	1176	1320	1376	1800	1568	1568	1336	1264	880	664	344	0	344	696	
864	720	960	1168	1296	1760	1608	1680	1512	1512	1136	984	688	344	0	368	
888	368	680	944	1136	1624	1560	1712	1608	1688	1352	1272	1024	696	368	0	
Velocidade_Veiculos
1	1	1	1	1	1	