M: 4
N: 15
Nun_Veiculos: 7
Capacidade_Total: 456
Demanda_Total: 219
Setup_Min: 1
Setup_Max: 99
Raio: 100
Circulos: 1
Tempo_Processamento_Min: 1
Tempo_Processamento_Max: 49
Demanda_Min: 10
Demanda_Max: 30
Priority_Factor: 0.2
Range_Factor_R: 0.8
U_factor: 2
ALpha: 0.2Replicao: 3
Tempos_Processamentos
0	0	1	0	2	0	3	0	
0	19	1	14	2	22	3	2	
0	17	1	13	2	30	3	27	
0	23	1	37	2	29	3	13	
0	48	1	27	2	1	3	32	
0	46	1	48	2	28	3	8	
0	23	1	47	2	39	3	26	
0	47	1	35	2	23	3	18	
0	8	1	14	2	9	3	31	
0	17	1	5	2	32	3	2	
0	22	1	41	2	49	3	8	
0	46	1	12	2	41	3	8	
0	30	1	5	2	19	3	22	
0	31	1	19	2	23	3	24	
0	4	1	17	2	11	3	44	
0	9	1	27	2	38	3	22	

Tempos_setup
M0
0	0	0	0	0	0	0	0	0	0	0	0	0	0	0	0	
0	0	18	32	34	14	23	22	34	2	15	33	39	16	25	9	
0	44	0	30	19	34	30	7	27	22	20	15	21	35	30	29	
0	36	9	0	20	35	17	8	32	23	21	24	30	10	31	16	
0	55	18	40	0	20	23	25	38	33	31	33	39	16	41	27	
0	37	20	28	30	0	41	18	20	13	11	35	41	38	21	20	
0	32	19	31	29	41	0	17	15	29	27	30	36	41	37	36	
0	42	2	26	12	27	32	0	25	15	13	17	23	28	23	22	
0	17	4	16	14	26	21	2	0	14	12	19	25	26	22	21	
0	49	24	30	34	12	47	22	32	0	15	39	45	40	23	7	
0	43	9	17	19	14	34	7	32	2	0	24	30	27	10	9	
0	43	24	15	33	33	15	23	26	37	35	0	6	25	16	31	
0	41	18	9	27	27	9	17	24	32	30	10	0	19	26	25	
0	39	2	32	21	33	7	9	22	21	19	17	23	0	27	11	
0	43	16	7	27	36	24	15	32	26	24	31	36	17	0	23	
0	51	17	23	27	22	40	15	40	10	8	32	38	33	16	0	
M1
0	0	0	0	0	0	0	0	0	0	0	0	0	0	0	0	
0	0	17	7	5	26	4	38	17	26	6	10	18	31	20	37	
0	24	0	11	9	21	8	28	21	30	10	14	22	35	3	22	
0	25	39	0	10	24	9	43	22	31	11	15	23	36	35	45	
0	22	39	29	0	29	26	40	12	21	28	32	13	37	25	35	
0	60	55	35	45	0	44	75	47	40	46	50	48	57	44	54	
0	16	30	3	1	22	0	34	13	22	2	6	14	27	26	36	
0	28	4	12	13	19	12	0	25	34	14	18	26	36	7	26	
0	34	48	21	19	17	18	52	0	9	20	24	1	25	13	23	
0	25	39	12	10	22	9	43	22	0	11	15	23	31	4	14	
0	52	28	39	37	49	36	56	49	58	0	42	50	50	31	50	
0	17	31	4	2	23	1	35	14	23	3	0	15	21	27	37	
0	51	57	32	42	41	41	53	24	33	38	47	0	49	37	47	
0	42	26	37	20	8	34	37	32	27	36	34	33	0	29	41	
0	21	35	8	6	18	5	39	18	27	7	11	19	32	0	41	
0	39	38	26	22	25	23	54	34	14	12	24	14	17	18	0	
M2
0	0	0	0	0	0	0	0	0	0	0	0	0	0	0	0	
0	0	6	23	38	43	10	35	22	40	40	5	12	12	10	32	
0	19	0	36	44	44	4	45	16	46	58	24	30	18	29	26	
0	16	22	0	42	49	26	50	31	44	30	21	2	24	26	38	
0	18	5	28	0	8	9	9	21	2	15	10	17	12	15	19	
0	10	16	20	35	0	20	1	32	37	37	2	9	22	7	30	
0	15	21	34	40	40	0	41	12	42	54	20	26	14	25	22	
0	18	24	20	43	8	26	0	38	45	37	10	9	30	15	29	
0	30	36	27	61	58	40	56	0	63	44	35	16	25	40	47	
0	16	19	26	35	6	23	7	35	0	13	8	15	28	13	17	
0	6	12	25	31	19	16	20	28	33	0	11	15	18	16	13	
0	21	27	18	33	41	23	34	34	35	35	0	7	33	5	29	
0	14	20	11	52	47	24	48	36	54	28	19	0	26	24	36	
0	24	15	34	40	40	19	41	31	42	55	29	36	0	34	22	
0	16	22	13	42	37	18	29	29	44	30	21	2	28	0	24	
0	27	23	12	18	18	27	19	39	20	33	20	14	30	12	0	
M3
0	0	0	0	0	0	0	0	0	0	0	0	0	0	0	0	
0	0	9	18	36	17	34	27	10	36	2	24	32	18	31	19	
0	23	0	19	37	40	43	36	15	46	25	47	33	41	36	29	
0	34	43	0	18	36	24	17	34	41	28	38	14	24	30	25	
0	16	25	4	0	33	28	21	26	41	18	27	16	28	34	29	
0	23	32	13	31	0	36	30	15	24	25	10	27	37	36	38	
0	30	39	18	14	14	0	6	23	26	15	24	28	13	26	9	
0	25	34	23	19	19	7	0	17	25	11	29	22	7	20	8	
0	8	17	26	26	25	38	35	0	44	10	32	30	26	21	27	
0	16	16	2	20	33	26	19	26	0	18	38	16	26	18	27	
0	16	25	28	34	15	43	43	8	39	0	25	38	34	29	35	
0	13	22	16	31	24	40	33	5	14	15	0	30	31	26	32	
0	20	29	8	4	37	32	25	30	37	22	31	0	19	32	20	
0	20	29	20	19	19	36	29	12	18	4	29	15	0	13	1	
0	19	28	26	35	35	23	16	12	29	21	20	38	23	0	12	
0	33	33	19	37	45	41	34	30	17	35	38	33	41	18	0	
Tamanho_Tarefas
0	2	16	22	12	12	30	23	10	7	20	8	17	20	4	16	
Data_Entrega
0	173	165	173	173	171	164	180	163	158	179	182	162	170	176	161	
Penalidade_Atraso
0	4	2	1	7	14	11	20	2	4	13	8	4	12	7	2	
Capacidade_Veiculo
36	66	40	87	85	61	81	
Custo_Fixo_Veiculo
360	660	400	870	850	610	810	
Coordenadas_Clientes
x	0	y	0
x	109	y	0
x	83	y	37
x	52	y	57
x	28	y	86
x	-9	y	94
x	-55	y	95
x	-70	y	51
x	-88	y	18
x	-82	y	-17
x	-87	y	-63
x	-45	y	-78
x	-9	y	-88
x	28	y	-87
x	69	y	-77
x	101	y	-45
Tempo_Viagem
0	109	90	77	90	94	109	86	89	83	107	90	88	91	103	110	
109	0	45	80	117	150	189	186	197	191	205	172	147	118	86	45	
90	45	0	36	73	107	149	153	172	173	197	172	155	135	114	83	
77	80	36	0	37	71	113	122	145	153	183	166	157	145	135	113	
90	117	73	37	0	37	83	104	134	150	188	179	177	173	168	149	
94	150	107	71	37	0	46	74	109	132	175	175	182	184	187	177	
109	189	149	113	83	46	0	46	83	115	161	173	188	200	212	209	
86	186	153	122	104	74	46	0	37	69	115	131	151	169	188	196	
89	197	172	145	134	109	83	37	0	35	81	105	132	156	183	199	
83	191	173	153	150	132	115	69	35	0	46	71	101	130	162	185	
107	205	197	183	188	175	161	115	81	46	0	44	81	117	156	188	
90	172	172	166	179	175	173	131	105	71	44	0	37	73	114	149	
88	147	155	157	177	182	188	151	132	101	81	37	0	37	78	118	
91	118	135	145	173	184	200	169	156	130	117	73	37	0	42	84	
103	86	114	135	168	187	212	188	183	162	156	114	78	42	0	45	
110	45	83	113	149	177	209	196	199	185	188	149	118	84	45	0	
Custo_Viagem
V0
0	784	648	554	648	676	784	619	640	597	770	648	633	655	741	792	
784	0	324	576	849	1080	1360	1339	1418	1375	1476	1238	1058	849	619	324	
648	324	0	259	525	777	1072	1101	1238	1245	1418	1238	1116	972	820	597	
554	576	259	0	266	511	813	878	1044	1101	1317	1195	1130	1044	972	813	
648	849	525	266	0	266	597	748	964	1080	1353	1288	1274	1245	1209	1072	
676	1080	777	511	266	0	331	532	784	950	1260	1260	1310	1324	1346	1274	
784	1360	1072	813	597	331	0	331	597	828	1159	1245	1353	1440	1526	1504	
619	1339	1101	878	748	532	331	0	266	496	828	943	1087	1216	1353	1411	
640	1418	1238	1044	964	784	597	266	0	252	583	756	950	1123	1317	1432	
597	1375	1245	1101	1080	950	828	496	252	0	331	511	727	936	1166	1332	
770	1476	1418	1317	1353	1260	1159	828	583	331	0	316	583	842	1123	1353	
648	1238	1238	1195	1288	1260	1245	943	756	511	316	0	266	525	820	1072	
633	1058	1116	1130	1274	1310	1353	1087	950	727	583	266	0	266	561	849	
655	849	972	1044	1245	1324	1440	1216	1123	936	842	525	266	0	302	604	
741	619	820	972	1209	1346	1526	1353	1317	1166	1123	820	561	302	0	324	
792	324	597	813	1072	1274	1504	1411	1432	1332	1353	1072	849	604	324	0	
V1
0	1438	1188	1016	1188	1240	1438	1135	1174	1095	1412	1188	1161	1201	1359	1452	
1438	0	594	1056	1557	1980	2494	2455	2600	2521	2706	2270	1940	1557	1135	594	
1188	594	0	475	963	1425	1966	2019	2270	2283	2600	2270	2046	1782	1504	1095	
1016	1056	475	0	488	937	1491	1610	1914	2019	2415	2191	2072	1914	1782	1491	
1188	1557	963	488	0	488	1095	1372	1768	1980	2481	2362	2336	2283	2217	1966	
1240	1980	1425	937	488	0	607	976	1438	1742	2310	2310	2402	2428	2468	2336	
1438	2494	1966	1491	1095	607	0	607	1095	1518	2125	2283	2481	2640	2798	2758	
1135	2455	2019	1610	1372	976	607	0	488	910	1518	1729	1993	2230	2481	2587	
1174	2600	2270	1914	1768	1438	1095	488	0	462	1069	1386	1742	2059	2415	2626	
1095	2521	2283	2019	1980	1742	1518	910	462	0	607	937	1333	1716	2138	2442	
1412	2706	2600	2415	2481	2310	2125	1518	1069	607	0	580	1069	1544	2059	2481	
1188	2270	2270	2191	2362	2310	2283	1729	1386	937	580	0	488	963	1504	1966	
1161	1940	2046	2072	2336	2402	2481	1993	1742	1333	1069	488	0	488	1029	1557	
1201	1557	1782	1914	2283	2428	2640	2230	2059	1716	1544	963	488	0	554	1108	
1359	1135	1504	1782	2217	2468	2798	2481	2415	2138	2059	1504	1029	554	0	594	
1452	594	1095	1491	1966	2336	2758	2587	2626	2442	2481	1966	1557	1108	594	0	
V2
0	872	720	616	720	752	872	688	712	664	856	720	704	728	824	880	
872	0	360	640	944	1200	1512	1488	1576	1528	1640	1376	1176	944	688	360	
720	360	0	288	584	864	1192	1224	1376	1384	1576	1376	1240	1080	912	664	
616	640	288	0	296	568	904	976	1160	1224	1464	1328	1256	1160	1080	904	
720	944	584	296	0	296	664	832	1072	1200	1504	1432	1416	1384	1344	1192	
752	1200	864	568	296	0	368	592	872	1056	1400	1400	1456	1472	1496	1416	
872	1512	1192	904	664	368	0	368	664	920	1288	1384	1504	1600	1696	1672	
688	1488	1224	976	832	592	368	0	296	552	920	1048	1208	1352	1504	1568	
712	1576	1376	1160	1072	872	664	296	0	280	648	840	1056	1248	1464	1592	
664	1528	1384	1224	1200	1056	920	552	280	0	368	568	808	1040	1296	1480	
856	1640	1576	1464	1504	1400	1288	920	648	368	0	352	648	936	1248	1504	
720	1376	1376	1328	1432	1400	1384	1048	840	568	352	0	296	584	912	1192	
704	1176	1240	1256	1416	1456	1504	1208	1056	808	648	296	0	296	624	944	
728	944	1080	1160	1384	1472	1600	1352	1248	1040	936	584	296	0	336	672	
824	688	912	1080	1344	1496	1696	1504	1464	1296	1248	912	624	336	0	360	
880	360	664	904	1192	1416	1672	1568	1592	1480	1504	1192	944	672	360	0	
V3
0	1896	1566	1339	1566	1635	1896	1496	1548	1444	1861	1566	1531	1583	1792	1914	
1896	0	783	1392	2053	2610	3288	3236	3427	3323	3567	2992	2557	2053	1496	783	
1566	783	0	626	1270	1879	2592	2662	2992	3010	3427	2992	2697	2349	1983	1444	
1339	1392	626	0	643	1235	1966	2122	2523	2662	3184	2888	2731	2523	2349	1966	
1566	2053	1270	643	0	643	1444	1809	2331	2610	3271	3114	3079	3010	2923	2592	
1635	2610	1879	1235	643	0	800	1287	1896	2296	3045	3045	3166	3201	3253	3079	
1896	3288	2592	1966	1444	800	0	800	1444	2001	2801	3010	3271	3480	3688	3636	
1496	3236	2662	2122	1809	1287	800	0	643	1200	2001	2279	2627	2940	3271	3410	
1548	3427	2992	2523	2331	1896	1444	643	0	609	1409	1827	2296	2714	3184	3462	
1444	3323	3010	2662	2610	2296	2001	1200	609	0	800	1235	1757	2262	2818	3219	
1861	3567	3427	3184	3271	3045	2801	2001	1409	800	0	765	1409	2035	2714	3271	
1566	2992	2992	2888	3114	3045	3010	2279	1827	1235	765	0	643	1270	1983	2592	
1531	2557	2697	2731	3079	3166	3271	2627	2296	1757	1409	643	0	643	1357	2053	
1583	2053	2349	2523	3010	3201	3480	2940	2714	2262	2035	1270	643	0	730	1461	
1792	1496	1983	2349	2923	3253	3688	3271	3184	2818	2714	1983	1357	730	0	783	
1914	783	1444	1966	2592	3079	3636	3410	3462	3219	3271	2592	2053	1461	783	0	
V4
0	1853	1530	1309	1530	1598	1853	1462	1513	1411	1819	1530	1496	1547	1751	1870	
1853	0	765	1360	2006	2550	3213	3162	3349	3247	3485	2924	2499	2006	1462	765	
1530	765	0	612	1241	1836	2533	2601	2924	2941	3349	2924	2635	2295	1938	1411	
1309	1360	612	0	629	1207	1921	2074	2465	2601	3111	2822	2669	2465	2295	1921	
1530	2006	1241	629	0	629	1411	1768	2278	2550	3196	3043	3009	2941	2856	2533	
1598	2550	1836	1207	629	0	782	1258	1853	2244	2975	2975	3094	3128	3179	3009	
1853	3213	2533	1921	1411	782	0	782	1411	1955	2737	2941	3196	3400	3604	3553	
1462	3162	2601	2074	1768	1258	782	0	629	1173	1955	2227	2567	2873	3196	3332	
1513	3349	2924	2465	2278	1853	1411	629	0	595	1377	1785	2244	2652	3111	3383	
1411	3247	2941	2601	2550	2244	1955	1173	595	0	782	1207	1717	2210	2754	3145	
1819	3485	3349	3111	3196	2975	2737	1955	1377	782	0	748	1377	1989	2652	3196	
1530	2924	2924	2822	3043	2975	2941	2227	1785	1207	748	0	629	1241	1938	2533	
1496	2499	2635	2669	3009	3094	3196	2567	2244	1717	1377	629	0	629	1326	2006	
1547	2006	2295	2465	2941	3128	3400	2873	2652	2210	1989	1241	629	0	714	1428	
1751	1462	1938	2295	2856	3179	3604	3196	3111	2754	2652	1938	1326	714	0	765	
1870	765	1411	1921	2533	3009	3553	3332	3383	3145	3196	2533	2006	1428	765	0	
V5
0	1329	1098	939	1098	1146	1329	1049	1085	1012	1305	1098	1073	1110	1256	1342	
1329	0	549	976	1439	1830	2305	2269	2403	2330	2501	2098	1793	1439	1049	549	
1098	549	0	439	890	1317	1817	1866	2098	2110	2403	2098	1891	1647	1390	1012	
939	976	439	0	451	866	1378	1488	1769	1866	2232	2025	1915	1769	1647	1378	
1098	1439	890	451	0	451	1012	1268	1634	1830	2293	2183	2159	2110	2049	1817	
1146	1830	1317	866	451	0	561	902	1329	1610	2135	2135	2220	2244	2281	2159	
1329	2305	1817	1378	1012	561	0	561	1012	1403	1964	2110	2293	2440	2586	2549	
1049	2269	1866	1488	1268	902	561	0	451	841	1403	1598	1842	2061	2293	2391	
1085	2403	2098	1769	1634	1329	1012	451	0	427	988	1281	1610	1903	2232	2427	
1012	2330	2110	1866	1830	1610	1403	841	427	0	561	866	1232	1586	1976	2257	
1305	2501	2403	2232	2293	2135	1964	1403	988	561	0	536	988	1427	1903	2293	
1098	2098	2098	2025	2183	2135	2110	1598	1281	866	536	0	451	890	1390	1817	
1073	1793	1891	1915	2159	2220	2293	1842	1610	1232	988	451	0	451	951	1439	
1110	1439	1647	1769	2110	2244	2440	2061	1903	1586	1427	890	451	0	512	1024	
1256	1049	1390	1647	2049	2281	2586	2293	2232	1976	1903	1390	951	512	0	549	
1342	549	1012	1378	1817	2159	2549	2391	2427	2257	2293	1817	1439	1024	549	0	
V6
0	1765	1458	1247	1458	1522	1765	1393	1441	1344	1733	1458	1425	1474	1668	1782	
1765	0	729	1296	1911	2430	3061	3013	3191	3094	3321	2786	2381	1911	1393	729	
1458	729	0	583	1182	1749	2413	2478	2786	2802	3191	2786	2511	2187	1846	1344	
1247	1296	583	0	599	1150	1830	1976	2349	2478	2964	2689	2543	2349	2187	1830	
1458	1911	1182	599	0	599	1344	1684	2170	2430	3045	2899	2867	2802	2721	2413	
1522	2430	1749	1150	599	0	745	1198	1765	2138	2835	2835	2948	2980	3029	2867	
1765	3061	2413	1830	1344	745	0	745	1344	1863	2608	2802	3045	3240	3434	3385	
1393	3013	2478	1976	1684	1198	745	0	599	1117	1863	2122	2446	2737	3045	3175	
1441	3191	2786	2349	2170	1765	1344	599	0	567	1312	1701	2138	2527	2964	3223	
1344	3094	2802	2478	2430	2138	1863	1117	567	0	745	1150	1636	2106	2624	2997	
1733	3321	3191	2964	3045	2835	2608	1863	1312	745	0	712	1312	1895	2527	3045	
1458	2786	2786	2689	2899	2835	2802	2122	1701	1150	712	0	599	1182	1846	2413	
1425	2381	2511	2543	2867	2948	3045	2446	2138	1636	1312	599	0	599	1263	1911	
1474	1911	2187	2349	2802	2980	3240	2737	2527	2106	1895	1182	599	0	680	1360	
1668	1393	1846	2187	2721	3029	3434	3045	2964	2624	2527	1846	1263	680	0	729	
1782	729	1344	1830	2413	2867	3385	3175	3223	2997	3045	2413	1911	1360	729	0	
Velocidade_Veiculos
1	1	1	1	1	1	1	