M: 4
N: 15
Nun_Veiculos: 7
Capacidade_Total: 324
Demanda_Total: 245
Setup_Min: 1
Setup_Max: 9
Raio: 20
Circulos: 1
Tempo_Processamento_Min: 1
Tempo_Processamento_Max: 49
Demanda_Min: 10
Demanda_Max: 30
Priority_Factor: 0.2
Range_Factor_R: 0.8
U_factor: 2
ALpha: 0.2Replicao: 1
Tempos_Processamentos
0	0	1	0	2	0	3	0	
0	20	1	44	2	28	3	26	
0	22	1	6	2	31	3	1	
0	27	1	16	2	35	3	41	
0	47	1	8	2	5	3	49	
0	15	1	21	2	2	3	25	
0	36	1	28	2	9	3	38	
0	39	1	19	2	25	3	13	
0	29	1	32	2	45	3	9	
0	3	1	45	2	5	3	33	
0	32	1	8	2	13	3	37	
0	35	1	41	2	45	3	7	
0	29	1	45	2	13	3	38	
0	30	1	31	2	5	3	12	
0	47	1	26	2	15	3	17	
0	7	1	26	2	32	3	28	

Tempos_setup
M0
0	0	0	0	0	0	0	0	0	0	0	0	0	0	0	0	
0	0	2	4	3	4	3	2	2	1	4	2	1	2	3	4	
0	2	0	4	1	3	3	3	4	3	4	4	2	3	5	2	
0	4	2	0	3	2	4	5	3	2	5	3	4	3	3	4	
0	1	2	4	0	2	3	2	3	2	3	3	1	2	4	1	
0	2	2	4	1	0	4	3	2	3	4	4	2	2	5	2	
0	5	4	5	4	5	0	5	3	4	1	3	4	3	4	5	
0	2	1	3	1	3	3	0	4	3	4	3	2	1	2	2	
0	3	1	5	2	3	4	4	0	4	4	5	3	4	6	2	
0	3	2	3	2	3	3	3	1	0	4	1	2	1	2	3	
0	5	3	6	4	5	3	5	4	3	0	4	5	4	5	4	
0	3	2	4	2	2	2	2	3	2	3	0	1	3	1	3	
0	3	1	4	2	4	4	1	3	4	5	3	0	2	3	3	
0	2	1	2	1	2	4	3	4	3	4	2	2	0	3	2	
0	2	1	3	1	3	1	3	2	1	2	2	2	2	0	2	
0	3	3	5	2	1	2	4	3	4	2	3	3	3	4	0	
M1
0	0	0	0	0	0	0	0	0	0	0	0	0	0	0	0	
0	0	4	4	4	5	6	4	2	4	2	4	3	3	2	5	
0	2	0	4	3	5	6	1	2	3	4	2	3	3	4	7	
0	2	2	0	1	1	5	2	1	3	3	2	2	4	4	6	
0	3	1	4	0	2	6	1	2	4	3	2	3	3	3	5	
0	3	2	5	5	0	4	3	4	2	5	2	5	3	3	6	
0	2	2	3	2	4	0	2	3	1	2	3	1	2	3	5	
0	4	2	3	4	4	5	0	1	3	3	1	2	2	4	6	
0	4	3	2	3	3	4	2	0	4	2	2	1	3	3	5	
0	1	2	3	4	3	3	3	2	0	3	2	3	1	3	6	
0	3	2	4	3	3	5	3	2	2	0	2	3	1	1	3	
0	3	1	5	4	5	5	2	3	4	5	0	4	4	5	8	
0	4	3	4	4	4	3	1	2	3	1	2	0	2	2	4	
0	2	1	3	4	2	4	2	1	1	3	1	2	0	4	5	
0	4	2	5	2	4	7	2	3	4	5	3	4	3	0	7	
0	3	1	2	3	3	7	2	3	4	3	2	4	4	1	0	
M2
0	0	0	0	0	0	0	0	0	0	0	0	0	0	0	0	
0	0	6	3	4	4	3	4	2	2	4	3	1	3	4	5	
0	4	0	5	3	2	1	2	3	2	3	3	5	3	3	3	
0	4	5	0	3	1	2	1	3	3	4	2	2	3	2	4	
0	1	4	4	0	4	4	5	3	1	5	3	2	3	4	6	
0	4	4	3	3	0	1	2	3	2	3	3	4	3	3	3	
0	3	5	4	2	1	0	1	2	1	2	2	4	2	2	2	
0	3	4	6	5	4	3	0	4	4	5	1	3	4	1	5	
0	2	5	5	5	4	4	3	0	4	3	2	3	5	4	5	
0	3	4	6	2	4	3	4	5	0	4	2	4	5	3	5	
0	1	6	2	2	3	4	3	3	3	0	4	2	4	4	2	
0	2	3	5	4	3	2	3	4	3	4	0	3	4	4	4	
0	3	5	6	3	3	2	3	1	1	4	2	0	4	4	4	
0	2	6	5	4	3	2	2	4	3	4	3	3	0	1	4	
0	5	6	6	5	3	4	3	3	3	5	3	2	6	0	6	
0	3	6	6	6	6	5	6	4	4	7	5	3	6	7	0	
M3
0	0	0	0	0	0	0	0	0	0	0	0	0	0	0	0	
0	0	2	5	3	1	3	2	4	1	2	1	2	6	3	6	
0	4	0	6	7	5	5	6	5	5	6	5	6	5	2	4	
0	1	3	0	4	2	4	3	3	2	3	2	3	1	3	2	
0	1	3	6	0	2	4	3	5	2	3	2	3	4	1	4	
0	3	4	4	2	0	3	1	4	4	1	4	3	5	2	5	
0	1	3	6	3	2	0	3	4	2	3	2	3	4	1	4	
0	4	3	4	4	2	4	0	3	4	3	5	2	5	4	5	
0	3	2	4	2	2	3	3	0	3	1	4	1	2	2	2	
0	3	1	7	5	4	2	3	4	0	4	4	4	6	3	5	
0	2	4	3	1	2	4	3	3	3	0	3	4	4	1	4	
0	3	3	5	2	2	2	2	4	4	2	0	2	6	3	5	
0	2	1	4	2	1	2	2	2	2	1	3	0	4	2	4	
0	5	4	4	4	4	5	4	2	5	3	3	3	0	4	1	
0	2	4	7	5	3	3	4	4	3	4	3	4	3	0	4	
0	4	3	3	3	3	4	4	1	4	2	5	2	3	3	0	
Tamanho_Tarefas
0	22	15	18	25	9	26	18	15	4	10	24	15	9	24	11	
Data_Entrega
0	61	45	51	53	62	45	59	60	60	64	43	67	48	41	60	
Penalidade_Atraso
0	5	3	15	19	14	6	11	20	6	11	20	8	1	7	9	
Capacidade_Veiculo
47	51	47	46	43	44	46	
Custo_Fixo_Veiculo
470	510	470	460	430	440	460	
Coordenadas_Clientes
x	0	y	0
x	23	y	0
x	21	y	9
x	14	y	15
x	5	y	18
x	-2	y	23
x	-8	y	14
x	-13	y	9
x	-19	y	4
x	-20	y	-4
x	-17	y	-12
x	-8	y	-15
x	-2	y	-21
x	6	y	-20
x	11	y	-12
x	22	y	-10
Tempo_Viagem
0	23	22	20	18	23	16	15	19	20	20	17	21	20	16	24	
23	0	9	17	25	33	34	37	42	43	41	34	31	25	16	10	
22	9	0	9	18	26	29	34	40	42	42	37	37	32	23	19	
20	17	9	0	9	17	22	27	34	38	40	37	39	35	27	26	
18	25	18	9	0	8	13	20	27	33	37	35	39	38	30	32	
23	33	26	17	8	0	10	17	24	31	37	38	44	43	37	40	
16	34	29	22	13	10	0	7	14	21	27	29	35	36	32	38	
15	37	34	27	20	17	7	0	7	14	21	24	31	34	31	39	
19	42	40	34	27	24	14	7	0	8	16	21	29	34	34	43	
20	43	42	38	33	31	21	14	8	0	8	16	24	30	32	42	
20	41	42	40	37	37	27	21	16	8	0	9	17	23	28	39	
17	34	37	37	35	38	29	24	21	16	9	0	8	14	19	30	
21	31	37	39	39	44	35	31	29	24	17	8	0	8	15	26	
20	25	32	35	38	43	36	34	34	30	23	14	8	0	9	18	
16	16	23	27	30	37	32	31	34	32	28	19	15	9	0	11	
24	10	19	26	32	40	38	39	43	42	39	30	26	18	11	0	
Custo_Viagem
V0
0	216	206	188	169	216	150	141	178	188	188	159	197	188	150	225	
216	0	84	159	235	310	319	347	394	404	385	319	300	244	150	94	
206	84	0	84	169	244	272	319	376	404	404	347	347	300	216	178	
188	159	84	0	84	159	206	253	319	357	385	347	366	329	253	244	
169	235	169	84	0	75	122	188	253	310	347	329	366	357	282	300	
216	310	244	159	75	0	94	159	235	300	357	357	413	404	347	376	
150	319	272	206	122	94	0	65	131	197	253	272	329	338	300	357	
141	347	319	253	188	159	65	0	65	131	197	225	291	319	291	366	
178	394	376	319	253	235	131	65	0	75	150	197	282	319	319	404	
188	404	404	357	310	300	197	131	75	0	75	150	225	282	300	394	
188	385	404	385	347	357	253	197	150	75	0	84	159	225	263	366	
159	319	347	347	329	357	272	225	197	150	84	0	75	131	178	282	
197	300	347	366	366	413	329	291	282	225	159	75	0	75	141	244	
188	244	300	329	357	404	338	319	319	282	225	131	75	0	84	169	
150	150	216	253	282	347	300	291	319	300	263	178	141	84	0	103	
225	94	178	244	300	376	357	366	404	394	366	282	244	169	103	0	
V1
0	234	224	204	183	234	163	153	193	204	204	173	214	204	163	244	
234	0	91	173	255	336	346	377	428	438	418	346	326	265	163	102	
224	91	0	91	183	265	295	346	408	438	438	377	377	326	234	193	
204	173	91	0	91	173	224	275	346	387	418	377	397	357	275	265	
183	255	183	91	0	81	132	204	275	336	377	357	397	387	306	326	
234	336	265	173	81	0	102	173	255	326	387	387	448	438	377	408	
163	346	295	224	132	102	0	71	142	214	275	295	357	367	326	387	
153	377	346	275	204	173	71	0	71	142	214	244	316	346	316	397	
193	428	408	346	275	255	142	71	0	81	163	214	306	346	346	438	
204	438	438	387	336	326	214	142	81	0	81	163	244	306	326	428	
204	418	438	418	377	387	275	214	163	81	0	91	173	244	285	397	
173	346	377	377	357	387	295	244	214	163	91	0	81	142	193	306	
214	326	377	397	397	448	357	316	306	244	173	81	0	81	153	265	
204	265	326	357	387	438	367	346	346	306	244	142	81	0	91	183	
163	163	234	275	306	377	326	316	346	326	285	193	153	91	0	112	
244	102	193	265	326	408	387	397	438	428	397	306	265	183	112	0	
V2
0	216	206	188	169	216	150	141	178	188	188	159	197	188	150	225	
216	0	84	159	235	310	319	347	394	404	385	319	300	244	150	94	
206	84	0	84	169	244	272	319	376	404	404	347	347	300	216	178	
188	159	84	0	84	159	206	253	319	357	385	347	366	329	253	244	
169	235	169	84	0	75	122	188	253	310	347	329	366	357	282	300	
216	310	244	159	75	0	94	159	235	300	357	357	413	404	347	376	
150	319	272	206	122	94	0	65	131	197	253	272	329	338	300	357	
141	347	319	253	188	159	65	0	65	131	197	225	291	319	291	366	
178	394	376	319	253	235	131	65	0	75	150	197	282	319	319	404	
188	404	404	357	310	300	197	131	75	0	75	150	225	282	300	394	
188	385	404	385	347	357	253	197	150	75	0	84	159	225	263	366	
159	319	347	347	329	357	272	225	197	150	84	0	75	131	178	282	
197	300	347	366	366	413	329	291	282	225	159	75	0	75	141	244	
188	244	300	329	357	404	338	319	319	282	225	131	75	0	84	169	
150	150	216	253	282	347	300	291	319	300	263	178	141	84	0	103	
225	94	178	244	300	376	357	366	404	394	366	282	244	169	103	0	
V3
0	211	202	184	165	211	147	138	174	184	184	156	193	184	147	220	
211	0	82	156	230	303	312	340	386	395	377	312	294	239	147	92	
202	82	0	82	165	239	266	312	368	395	395	340	340	294	211	174	
184	156	82	0	82	156	202	248	312	349	377	340	358	322	248	239	
165	230	165	82	0	73	119	184	248	303	340	322	358	349	276	294	
211	303	239	156	73	0	92	156	230	294	349	349	404	395	340	368	
147	312	266	202	119	92	0	64	128	193	248	266	322	331	294	349	
138	340	312	248	184	156	64	0	64	128	193	220	285	312	285	358	
174	386	368	312	248	230	128	64	0	73	147	193	276	312	312	395	
184	395	395	349	303	294	193	128	73	0	73	147	220	276	294	386	
184	377	395	377	340	349	248	193	147	73	0	82	156	220	257	358	
156	312	340	340	322	349	266	220	193	147	82	0	73	128	174	276	
193	294	340	358	358	404	322	285	276	220	156	73	0	73	138	239	
184	239	294	322	349	395	331	312	312	276	220	128	73	0	82	165	
147	147	211	248	276	340	294	285	312	294	257	174	138	82	0	101	
220	92	174	239	294	368	349	358	395	386	358	276	239	165	101	0	
V4
0	197	189	172	154	197	137	129	163	172	172	146	180	172	137	206	
197	0	77	146	215	283	292	318	361	369	352	292	275	223	137	86	
189	77	0	77	154	223	249	292	344	369	369	318	318	275	197	163	
172	146	77	0	77	146	189	232	292	326	352	318	335	301	232	223	
154	215	154	77	0	68	111	172	232	283	318	301	335	326	258	275	
197	283	223	146	68	0	86	146	215	275	326	326	378	369	318	344	
137	292	249	189	111	86	0	60	120	180	232	249	301	309	275	326	
129	318	292	232	172	146	60	0	60	120	180	206	266	292	266	335	
163	361	344	292	232	215	120	60	0	68	137	180	258	292	292	369	
172	369	369	326	283	275	180	120	68	0	68	137	206	258	275	361	
172	352	369	352	318	326	232	180	137	68	0	77	146	206	240	335	
146	292	318	318	301	326	249	206	180	137	77	0	68	120	163	258	
180	275	318	335	335	378	301	266	258	206	146	68	0	68	129	223	
172	223	275	301	326	369	309	292	292	258	206	120	68	0	77	154	
137	137	197	232	258	318	275	266	292	275	240	163	129	77	0	94	
206	86	163	223	275	344	326	335	369	361	335	258	223	154	94	0	
V5
0	202	193	176	158	202	140	132	167	176	176	149	184	176	140	211	
202	0	79	149	220	290	299	325	369	378	360	299	281	228	140	88	
193	79	0	79	158	228	255	299	352	378	378	325	325	281	202	167	
176	149	79	0	79	149	193	237	299	334	360	325	343	308	237	228	
158	220	158	79	0	70	114	176	237	290	325	308	343	334	264	281	
202	290	228	149	70	0	88	149	220	281	334	334	387	378	325	352	
140	299	255	193	114	88	0	61	123	184	237	255	308	316	281	334	
132	325	299	237	176	149	61	0	61	123	184	211	272	299	272	343	
167	369	352	299	237	220	123	61	0	70	140	184	264	299	299	378	
176	378	378	334	290	281	184	123	70	0	70	140	211	264	281	369	
176	360	378	360	325	334	237	184	140	70	0	79	149	211	246	343	
149	299	325	325	308	334	255	211	184	140	79	0	70	123	167	264	
184	281	325	343	343	387	308	272	264	211	149	70	0	70	132	228	
176	228	281	308	334	378	316	299	299	264	211	123	70	0	79	158	
140	140	202	237	264	325	281	272	299	281	246	167	132	79	0	96	
211	88	167	228	281	352	334	343	378	369	343	264	228	158	96	0	
V6
0	211	202	184	165	211	147	138	174	184	184	156	193	184	147	220	
211	0	82	156	230	303	312	340	386	395	377	312	294	239	147	92	
202	82	0	82	165	239	266	312	368	395	395	340	340	294	211	174	
184	156	82	0	82	156	202	248	312	349	377	340	358	322	248	239	
165	230	165	82	0	73	119	184	248	303	340	322	358	349	276	294	
211	303	239	156	73	0	92	156	230	294	349	349	404	395	340	368	
147	312	266	202	119	92	0	64	128	193	248	266	322	331	294	349	
138	340	312	248	184	156	64	0	64	128	193	220	285	312	285	358	
174	386	368	312	248	230	128	64	0	73	147	193	276	312	312	395	
184	395	395	349	303	294	193	128	73	0	73	147	220	276	294	386	
184	377	395	377	340	349	248	193	147	73	0	82	156	220	257	358	
156	312	340	340	322	349	266	220	193	147	82	0	73	128	174	276	
193	294	340	358	358	404	322	285	276	220	156	73	0	73	138	239	
184	239	294	322	349	395	331	312	312	276	220	128	73	0	82	165	
147	147	211	248	276	340	294	285	312	294	257	174	138	82	0	101	
220	92	174	239	294	368	349	358	395	386	358	276	239	165	101	0	
Velocidade_Veiculos
1	1	1	1	1	1	1	