M: 4
N: 15
Nun_Veiculos: 7
Capacidade_Total: 450
Demanda_Total: 229
Setup_Min: 1
Setup_Max: 99
Raio: 100
Circulos: 1
Tempo_Processamento_Min: 1
Tempo_Processamento_Max: 49
Demanda_Min: 10
Demanda_Max: 30
Priority_Factor: 0.2
Range_Factor_R: 0.8
U_factor: 2
ALpha: 0.2Replicao: 4
Tempos_Processamentos
0	0	1	0	2	0	3	0	
0	16	1	42	2	32	3	30	
0	39	1	5	2	11	3	49	
0	30	1	19	2	15	3	15	
0	15	1	25	2	36	3	13	
0	13	1	4	2	4	3	16	
0	13	1	22	2	7	3	30	
0	23	1	1	2	3	3	47	
0	7	1	8	2	33	3	31	
0	15	1	26	2	11	3	31	
0	47	1	19	2	46	3	5	
0	38	1	3	2	22	3	49	
0	11	1	19	2	14	3	32	
0	23	1	8	2	41	3	13	
0	31	1	41	2	9	3	15	
0	23	1	24	2	9	3	42	

Tempos_setup
M0
0	0	0	0	0	0	0	0	0	0	0	0	0	0	0	0	
0	0	9	10	3	37	23	17	21	15	1	24	17	32	36	7	
0	31	0	28	24	28	22	33	36	32	22	35	48	23	52	24	
0	29	22	0	3	32	25	38	38	28	14	37	46	27	38	20	
0	26	35	19	0	47	44	40	44	41	27	47	43	46	35	33	
0	46	29	18	21	0	43	49	8	46	32	7	45	45	27	38	
0	25	4	23	5	32	0	20	20	10	26	19	31	27	39	2	
0	5	14	15	8	26	28	0	4	20	6	29	22	21	19	12	
0	41	42	23	26	55	48	41	0	48	37	46	47	50	60	40	
0	44	31	34	32	59	27	47	11	0	45	46	32	54	66	29	
0	28	8	18	2	36	22	24	24	14	0	23	35	31	37	6	
0	40	30	11	14	43	36	42	1	39	25	0	38	38	49	31	
0	32	1	3	6	29	11	31	31	21	17	30	0	24	41	13	
0	8	10	18	11	5	25	25	13	10	9	12	25	0	32	9	
0	19	20	29	14	12	29	36	20	26	12	19	36	43	0	18	
0	23	2	28	21	30	16	18	18	8	24	17	29	25	37	0	
M1
0	0	0	0	0	0	0	0	0	0	0	0	0	0	0	0	
0	0	26	47	28	38	21	13	22	29	18	29	1	22	40	15	
0	11	0	37	2	16	14	6	15	8	9	7	12	15	18	6	
0	17	29	0	31	45	24	30	25	37	29	36	18	35	47	26	
0	19	17	38	0	24	12	4	13	6	7	15	19	13	26	4	
0	7	24	35	13	0	24	16	22	19	20	3	8	25	2	17	
0	16	5	36	7	21	0	11	1	13	5	12	7	11	23	2	
0	24	13	34	15	29	8	0	9	21	13	20	15	9	31	10	
0	15	4	41	6	20	18	10	0	12	13	11	6	19	22	10	
0	24	22	43	5	29	17	9	18	0	12	20	24	18	29	9	
0	25	14	40	16	30	28	20	10	19	0	21	16	22	32	20	
0	4	30	44	22	9	25	17	26	28	22	0	5	26	11	19	
0	32	34	61	33	37	43	37	31	28	40	28	0	46	39	37	
0	17	6	25	8	22	20	12	21	14	15	13	18	0	24	12	
0	5	22	42	20	7	22	14	23	26	23	1	6	23	0	20	
0	26	15	34	17	31	27	21	13	22	3	22	19	9	33	0	
M2
0	0	0	0	0	0	0	0	0	0	0	0	0	0	0	0	
0	0	14	31	6	13	14	21	16	5	24	40	22	24	9	22	
0	31	0	40	24	43	23	30	25	34	22	48	27	31	40	29	
0	15	29	0	21	27	20	27	9	20	24	47	29	14	24	12	
0	21	8	36	0	34	19	26	21	10	29	34	19	38	30	36	
0	12	10	21	2	0	21	28	23	12	31	32	21	11	21	9	
0	8	17	17	9	20	0	7	2	11	10	27	15	19	17	17	
0	12	10	21	2	13	4	0	6	4	3	29	8	16	21	21	
0	6	20	27	12	19	16	23	0	11	15	41	20	17	15	15	
0	17	26	26	18	29	9	16	11	0	19	36	18	28	26	26	
0	23	17	23	29	36	37	35	27	28	0	26	5	13	32	20	
0	19	4	13	25	32	27	34	22	24	26	0	31	18	28	16	
0	28	42	49	34	41	38	45	22	33	33	59	0	39	37	37	
0	25	32	10	24	35	26	22	19	26	25	51	30	0	26	22	
0	48	40	49	44	60	40	47	42	31	31	36	36	44	0	51	
0	3	17	12	9	16	17	24	19	8	27	43	25	2	12	0	
M3
0	0	0	0	0	0	0	0	0	0	0	0	0	0	0	0	
0	0	8	2	2	22	12	15	6	11	9	30	37	7	14	6	
0	30	0	15	18	14	16	28	19	12	22	34	50	12	23	28	
0	28	6	0	11	20	19	13	4	9	7	31	35	5	12	15	
0	22	14	15	0	28	30	27	19	12	21	28	50	20	27	10	
0	16	21	18	18	0	27	21	22	27	22	35	53	23	9	22	
0	37	30	26	16	41	0	26	18	23	30	44	46	31	26	26	
0	31	36	32	22	15	6	0	24	29	36	50	49	37	24	32	
0	36	14	8	19	24	15	9	0	5	15	27	31	13	8	23	
0	31	9	3	14	23	22	16	7	0	10	22	38	8	15	18	
0	39	25	19	30	23	14	8	18	16	0	28	49	24	26	34	
0	36	28	29	14	25	16	10	28	26	10	0	49	34	2	24	
0	41	31	26	19	30	21	15	18	23	15	5	0	30	7	29	
0	28	1	16	6	15	17	29	20	13	23	34	51	0	24	16	
0	34	26	27	12	40	42	36	31	24	33	26	62	32	0	22	
0	13	4	15	15	18	20	17	19	16	22	38	50	16	17	0	
Tamanho_Tarefas
0	30	17	16	20	7	9	2	17	18	8	22	11	10	24	18	
Data_Entrega
0	191	195	193	177	190	172	178	180	193	171	181	187	174	191	171	
Penalidade_Atraso
0	8	2	18	2	18	1	1	1	16	3	11	2	15	17	8	
Capacidade_Veiculo
31	83	83	71	46	72	64	
Custo_Fixo_Veiculo
310	830	830	710	460	720	640	
Coordenadas_Clientes
x	0	y	0
x	101	y	0
x	105	y	47
x	54	y	60
x	38	y	118
x	-12	y	121
x	-53	y	92
x	-66	y	48
x	-81	y	17
x	-100	y	-21
x	-78	y	-57
x	-39	y	-69
x	-12	y	-119
x	35	y	-109
x	82	y	-91
x	107	y	-47
Tempo_Viagem
0	101	115	80	123	121	106	81	82	102	96	79	119	114	122	116	
101	0	47	76	133	165	179	173	182	202	187	156	164	127	92	47	
115	47	0	52	97	138	163	171	188	215	210	184	203	170	139	94	
80	76	52	0	60	89	111	120	141	174	176	159	190	170	153	119	
123	133	97	60	0	50	94	125	156	195	209	202	242	227	213	178	
121	165	138	89	50	0	50	90	124	166	189	191	240	234	231	205	
106	179	163	111	94	50	0	45	79	121	150	161	214	219	227	211	
81	173	171	120	125	90	45	0	34	76	105	120	175	186	203	197	
82	182	188	141	156	124	79	34	0	42	74	95	151	171	195	198	
102	202	215	174	195	166	121	76	42	0	42	77	131	161	194	208	
96	187	210	176	209	189	150	105	74	42	0	40	90	124	162	185	
79	156	184	159	202	191	161	120	95	77	40	0	56	84	122	147	
119	164	203	190	242	240	214	175	151	131	90	56	0	48	98	139	
114	127	170	170	227	234	219	186	171	161	124	84	48	0	50	95	
122	92	139	153	213	231	227	203	195	194	162	122	98	50	0	50	
116	47	94	119	178	205	211	197	198	208	185	147	139	95	50	0	
Custo_Viagem
V0
0	626	713	496	762	750	657	502	508	632	595	489	737	706	756	719	
626	0	291	471	824	1023	1109	1072	1128	1252	1159	967	1016	787	570	291	
713	291	0	322	601	855	1016	1060	1165	1333	1302	1140	1258	1054	861	582	
496	471	322	0	372	551	688	744	874	1078	1091	985	1178	1054	948	737	
762	824	601	372	0	310	582	775	967	1209	1295	1252	1500	1407	1320	1103	
750	1023	855	551	310	0	310	558	768	1035	1171	1184	1488	1450	1432	1271	
657	1109	1016	688	582	310	0	279	496	756	936	998	1326	1357	1407	1308	
502	1072	1060	744	775	558	279	0	210	471	651	744	1085	1153	1258	1221	
508	1128	1165	874	967	768	496	210	0	260	458	589	942	1060	1209	1227	
632	1252	1333	1078	1209	1035	756	471	260	0	260	477	812	998	1202	1289	
595	1159	1302	1091	1295	1171	936	651	458	260	0	248	558	768	1010	1147	
489	967	1140	985	1252	1184	998	744	589	477	248	0	347	520	756	911	
737	1016	1258	1178	1500	1488	1326	1085	942	812	558	347	0	297	607	861	
706	787	1054	1054	1407	1450	1357	1153	1060	998	768	520	297	0	310	589	
756	570	861	948	1320	1432	1407	1258	1209	1202	1010	756	607	310	0	310	
719	291	582	737	1103	1271	1308	1221	1227	1289	1147	911	861	589	310	0	
V1
0	1676	1909	1328	2041	2008	1759	1344	1361	1693	1593	1311	1975	1892	2025	1925	
1676	0	780	1261	2207	2739	2971	2871	3021	3353	3104	2589	2722	2108	1527	780	
1909	780	0	863	1610	2290	2722	2838	3120	3569	3486	3054	3369	2822	2307	1560	
1328	1261	863	0	996	1477	1842	1992	2340	2888	2921	2639	3154	2822	2539	1975	
2041	2207	1610	996	0	830	1560	2075	2589	3237	3469	3353	4017	3768	3535	2954	
2008	2739	2290	1477	830	0	830	1494	2058	2772	3137	3170	3984	3884	3834	3403	
1759	2971	2722	1842	1560	830	0	747	1328	2025	2506	2672	3552	3635	3768	3502	
1344	2871	2838	1992	2075	1494	747	0	564	1261	1743	1992	2905	3087	3369	3270	
1361	3021	3120	2340	2589	2058	1328	564	0	697	1228	1577	2523	2838	3237	3286	
1693	3353	3569	2888	3237	2772	2025	1261	697	0	697	1278	2174	2672	3220	3452	
1593	3104	3486	2921	3469	3137	2506	1743	1228	697	0	664	1494	2058	2705	3071	
1311	2589	3054	2639	3353	3170	2672	1992	1577	1278	664	0	929	1394	2025	2440	
1975	2722	3369	3154	4017	3984	3552	2905	2523	2174	1494	929	0	796	1626	2307	
1892	2108	2822	2822	3768	3884	3635	3087	2838	2672	2058	1394	796	0	830	1577	
2025	1527	2307	2539	3535	3834	3768	3369	3237	3220	2705	2025	1626	830	0	830	
1925	780	1560	1975	2954	3403	3502	3270	3286	3452	3071	2440	2307	1577	830	0	
V2
0	1676	1909	1328	2041	2008	1759	1344	1361	1693	1593	1311	1975	1892	2025	1925	
1676	0	780	1261	2207	2739	2971	2871	3021	3353	3104	2589	2722	2108	1527	780	
1909	780	0	863	1610	2290	2722	2838	3120	3569	3486	3054	3369	2822	2307	1560	
1328	1261	863	0	996	1477	1842	1992	2340	2888	2921	2639	3154	2822	2539	1975	
2041	2207	1610	996	0	830	1560	2075	2589	3237	3469	3353	4017	3768	3535	2954	
2008	2739	2290	1477	830	0	830	1494	2058	2772	3137	3170	3984	3884	3834	3403	
1759	2971	2722	1842	1560	830	0	747	1328	2025	2506	2672	3552	3635	3768	3502	
1344	2871	2838	1992	2075	1494	747	0	564	1261	1743	1992	2905	3087	3369	3270	
1361	3021	3120	2340	2589	2058	1328	564	0	697	1228	1577	2523	2838	3237	3286	
1693	3353	3569	2888	3237	2772	2025	1261	697	0	697	1278	2174	2672	3220	3452	
1593	3104	3486	2921	3469	3137	2506	1743	1228	697	0	664	1494	2058	2705	3071	
1311	2589	3054	2639	3353	3170	2672	1992	1577	1278	664	0	929	1394	2025	2440	
1975	2722	3369	3154	4017	3984	3552	2905	2523	2174	1494	929	0	796	1626	2307	
1892	2108	2822	2822	3768	3884	3635	3087	2838	2672	2058	1394	796	0	830	1577	
2025	1527	2307	2539	3535	3834	3768	3369	3237	3220	2705	2025	1626	830	0	830	
1925	780	1560	1975	2954	3403	3502	3270	3286	3452	3071	2440	2307	1577	830	0	
V3
0	1434	1633	1136	1746	1718	1505	1150	1164	1448	1363	1121	1689	1618	1732	1647	
1434	0	667	1079	1888	2343	2541	2456	2584	2868	2655	2215	2328	1803	1306	667	
1633	667	0	738	1377	1959	2328	2428	2669	3053	2982	2612	2882	2414	1973	1334	
1136	1079	738	0	852	1263	1576	1704	2002	2470	2499	2257	2698	2414	2172	1689	
1746	1888	1377	852	0	710	1334	1775	2215	2769	2967	2868	3436	3223	3024	2527	
1718	2343	1959	1263	710	0	710	1278	1760	2371	2683	2712	3408	3322	3280	2911	
1505	2541	2328	1576	1334	710	0	639	1136	1732	2144	2286	3038	3109	3223	2996	
1150	2456	2428	1704	1775	1278	639	0	482	1079	1491	1704	2485	2641	2882	2797	
1164	2584	2669	2002	2215	1760	1136	482	0	596	1050	1349	2158	2428	2769	2811	
1448	2868	3053	2470	2769	2371	1732	1079	596	0	596	1093	1860	2286	2754	2953	
1363	2655	2982	2499	2967	2683	2144	1491	1050	596	0	568	1278	1760	2314	2627	
1121	2215	2612	2257	2868	2712	2286	1704	1349	1093	568	0	795	1192	1732	2087	
1689	2328	2882	2698	3436	3408	3038	2485	2158	1860	1278	795	0	681	1391	1973	
1618	1803	2414	2414	3223	3322	3109	2641	2428	2286	1760	1192	681	0	710	1349	
1732	1306	1973	2172	3024	3280	3223	2882	2769	2754	2314	1732	1391	710	0	710	
1647	667	1334	1689	2527	2911	2996	2797	2811	2953	2627	2087	1973	1349	710	0	
V4
0	929	1058	736	1131	1113	975	745	754	938	883	726	1094	1048	1122	1067	
929	0	432	699	1223	1518	1646	1591	1674	1858	1720	1435	1508	1168	846	432	
1058	432	0	478	892	1269	1508	1573	1729	1978	1932	1692	1867	1564	1278	864	
736	699	478	0	552	818	1021	1104	1297	1600	1619	1462	1748	1564	1407	1094	
1131	1223	892	552	0	460	864	1150	1435	1794	1922	1858	2226	2088	1959	1637	
1113	1518	1269	818	460	0	460	828	1140	1536	1738	1757	2208	2152	2125	1886	
975	1646	1508	1021	864	460	0	414	736	1122	1389	1481	1968	2014	2088	1941	
745	1591	1573	1104	1150	828	414	0	312	699	966	1104	1610	1711	1867	1812	
754	1674	1729	1297	1435	1140	736	312	0	386	680	874	1398	1573	1794	1821	
938	1858	1978	1600	1794	1536	1122	699	386	0	386	708	1205	1481	1784	1913	
883	1720	1932	1619	1922	1738	1389	966	680	386	0	368	828	1140	1499	1702	
726	1435	1692	1462	1858	1757	1481	1104	874	708	368	0	515	772	1122	1352	
1094	1508	1867	1748	2226	2208	1968	1610	1398	1205	828	515	0	441	901	1278	
1048	1168	1564	1564	2088	2152	2014	1711	1573	1481	1140	772	441	0	460	874	
1122	846	1278	1407	1959	2125	2088	1867	1794	1784	1499	1122	901	460	0	460	
1067	432	864	1094	1637	1886	1941	1812	1821	1913	1702	1352	1278	874	460	0	
V5
0	1454	1656	1152	1771	1742	1526	1166	1180	1468	1382	1137	1713	1641	1756	1670	
1454	0	676	1094	1915	2376	2577	2491	2620	2908	2692	2246	2361	1828	1324	676	
1656	676	0	748	1396	1987	2361	2462	2707	3096	3024	2649	2923	2448	2001	1353	
1152	1094	748	0	864	1281	1598	1728	2030	2505	2534	2289	2736	2448	2203	1713	
1771	1915	1396	864	0	720	1353	1800	2246	2808	3009	2908	3484	3268	3067	2563	
1742	2376	1987	1281	720	0	720	1296	1785	2404	2721	2750	3456	3369	3326	2952	
1526	2577	2361	1598	1353	720	0	648	1152	1756	2174	2318	3081	3153	3268	3038	
1166	2491	2462	1728	1800	1296	648	0	489	1094	1512	1728	2520	2678	2923	2836	
1180	2620	2707	2030	2246	1785	1152	489	0	604	1065	1368	2188	2462	2808	2851	
1468	2908	3096	2505	2808	2404	1756	1094	604	0	604	1108	1886	2318	2793	2995	
1382	2692	3024	2534	3009	2721	2174	1512	1065	604	0	576	1296	1785	2347	2664	
1137	2246	2649	2289	2908	2750	2318	1728	1368	1108	576	0	806	1209	1756	2116	
1713	2361	2923	2736	3484	3456	3081	2520	2188	1886	1296	806	0	691	1411	2001	
1641	1828	2448	2448	3268	3369	3153	2678	2462	2318	1785	1209	691	0	720	1368	
1756	1324	2001	2203	3067	3326	3268	2923	2808	2793	2347	1756	1411	720	0	720	
1670	676	1353	1713	2563	2952	3038	2836	2851	2995	2664	2116	2001	1368	720	0	
V6
0	1292	1472	1024	1574	1548	1356	1036	1049	1305	1228	1011	1523	1459	1561	1484	
1292	0	601	972	1702	2112	2291	2214	2329	2585	2393	1996	2099	1625	1177	601	
1472	601	0	665	1241	1766	2099	2188	2406	2752	2688	2355	2598	2176	1779	1203	
1024	972	665	0	768	1139	1420	1536	1804	2227	2252	2035	2432	2176	1958	1523	
1574	1702	1241	768	0	640	1203	1600	1996	2496	2675	2585	3097	2905	2726	2278	
1548	2112	1766	1139	640	0	640	1152	1587	2137	2419	2444	3072	2995	2956	2624	
1356	2291	2099	1420	1203	640	0	576	1024	1561	1932	2060	2739	2803	2905	2700	
1036	2214	2188	1536	1600	1152	576	0	435	972	1344	1536	2240	2380	2598	2521	
1049	2329	2406	1804	1996	1587	1024	435	0	537	947	1216	1945	2188	2496	2534	
1305	2585	2752	2227	2496	2137	1561	972	537	0	537	985	1676	2060	2483	2662	
1228	2393	2688	2252	2675	2419	1932	1344	947	537	0	512	1152	1587	2086	2368	
1011	1996	2355	2035	2585	2444	2060	1536	1216	985	512	0	716	1075	1561	1881	
1523	2099	2598	2432	3097	3072	2739	2240	1945	1676	1152	716	0	614	1254	1779	
1459	1625	2176	2176	2905	2995	2803	2380	2188	2060	1587	1075	614	0	640	1216	
1561	1177	1779	1958	2726	2956	2905	2598	2496	2483	2086	1561	1254	640	0	640	
1484	601	1203	1523	2278	2624	2700	2521	2534	2662	2368	1881	1779	1216	640	0	
Velocidade_Veiculos
1	1	1	1	1	1	1	