M: 4
N: 15
Nun_Veiculos: 5
Capacidade_Total: 371
Demanda_Total: 274
Setup_Min: 1
Setup_Max: 9
Raio: 20
Circulos: 1
Tempo_Processamento_Min: 1
Tempo_Processamento_Max: 49
Demanda_Min: 10
Demanda_Max: 30
Priority_Factor: 0.2
Range_Factor_R: 0.8
U_factor: 2
ALpha: 0.2Replicao: 2
Tempos_Processamentos
0	0	1	0	2	0	3	0	
0	30	1	36	2	2	3	28	
0	8	1	30	2	14	3	21	
0	41	1	46	2	8	3	16	
0	14	1	8	2	12	3	2	
0	48	1	47	2	34	3	47	
0	49	1	21	2	6	3	49	
0	33	1	41	2	13	3	10	
0	26	1	46	2	49	3	9	
0	13	1	12	2	28	3	19	
0	48	1	1	2	19	3	22	
0	31	1	30	2	10	3	21	
0	41	1	12	2	27	3	23	
0	3	1	2	2	16	3	35	
0	45	1	20	2	22	3	13	
0	32	1	22	2	45	3	9	

Tempos_setup
M0
0	0	0	0	0	0	0	0	0	0	0	0	0	0	0	0	
0	0	4	2	4	1	1	3	3	3	2	2	2	3	1	2	
0	1	0	2	1	2	2	2	3	3	3	2	3	4	2	3	
0	3	3	0	4	3	4	3	4	1	4	5	2	5	4	5	
0	2	4	1	0	1	3	1	2	2	3	1	3	3	2	2	
0	3	4	2	4	0	2	3	2	3	2	3	3	3	1	2	
0	2	4	2	3	2	0	2	2	3	1	1	1	3	3	2	
0	2	3	2	4	3	3	0	1	3	2	4	3	2	1	2	
0	1	2	2	3	2	2	3	0	3	3	3	2	1	2	2	
0	2	2	4	3	2	3	2	3	0	3	4	1	4	3	4	
0	2	3	3	2	1	1	3	1	4	0	2	2	2	2	3	
0	1	4	1	2	2	2	1	2	2	3	0	3	2	2	1	
0	3	4	3	5	3	2	1	2	3	3	3	0	3	2	3	
0	1	3	3	4	2	2	4	4	4	3	3	3	0	2	2	
0	3	4	1	3	2	2	2	2	2	1	3	3	2	0	1	
0	2	4	3	2	3	1	3	3	3	2	2	2	1	3	0	
M1
0	0	0	0	0	0	0	0	0	0	0	0	0	0	0	0	
0	0	3	5	5	5	5	5	5	6	5	5	3	4	4	6	
0	2	0	3	3	3	3	2	4	4	3	3	1	2	2	4	
0	3	6	0	4	3	6	6	2	3	6	3	4	5	3	6	
0	3	5	2	0	3	6	2	3	5	2	3	4	2	3	4	
0	2	5	3	3	0	5	4	1	4	3	3	1	2	2	4	
0	3	5	3	1	3	0	2	4	4	2	3	4	2	3	1	
0	4	4	5	5	4	5	0	5	4	5	3	3	4	2	6	
0	3	6	4	2	1	4	4	0	3	4	2	2	3	1	5	
0	4	6	4	2	4	5	4	5	0	4	3	3	3	2	5	
0	1	3	3	3	2	5	1	3	4	0	1	2	3	2	4	
0	3	6	3	2	1	4	4	2	3	4	0	2	3	1	3	
0	1	4	2	2	2	5	3	3	3	2	2	0	1	2	3	
0	2	3	4	2	2	4	2	3	3	1	1	2	0	1	2	
0	2	5	3	3	2	3	4	3	2	3	1	1	2	0	4	
0	2	4	4	3	2	3	1	3	4	1	2	3	1	2	0	
M2
0	0	0	0	0	0	0	0	0	0	0	0	0	0	0	0	
0	0	4	4	3	3	4	2	3	1	2	1	3	1	3	3	
0	2	0	4	3	3	1	3	2	3	4	1	3	3	3	3	
0	3	4	0	4	3	4	4	2	1	2	2	3	4	4	4	
0	4	2	3	0	2	3	1	2	4	2	3	3	4	5	1	
0	4	4	5	2	0	1	3	2	4	1	4	2	2	5	3	
0	3	3	4	2	2	0	2	1	3	3	4	2	4	5	3	
0	4	4	2	3	2	2	0	3	3	3	3	2	4	5	3	
0	2	2	5	3	1	2	4	0	2	2	3	3	3	4	2	
0	4	4	3	3	3	3	4	2	0	1	5	2	5	3	4	
0	6	4	5	2	3	4	3	4	4	0	5	1	4	7	3	
0	1	3	3	2	3	4	3	3	2	3	0	4	2	2	2	
0	5	3	4	1	3	4	2	3	3	3	4	0	3	6	2	
0	5	4	3	4	3	3	1	4	3	4	4	3	0	6	3	
0	3	4	3	3	5	5	4	4	4	3	2	4	4	0	4	
0	3	1	5	3	1	2	4	1	3	2	2	3	3	4	0	
M3
0	0	0	0	0	0	0	0	0	0	0	0	0	0	0	0	
0	0	3	1	4	3	4	3	3	2	3	3	3	3	5	4	
0	2	0	3	4	4	4	4	1	3	3	1	5	3	5	4	
0	3	2	0	3	2	3	3	2	1	2	3	4	2	4	5	
0	4	3	5	0	4	4	2	3	3	1	4	3	3	3	4	
0	1	4	2	5	0	5	4	1	3	4	2	4	4	5	5	
0	3	1	4	3	4	0	5	2	3	4	2	6	4	6	5	
0	3	1	4	1	4	4	0	1	3	1	2	3	4	3	4	
0	2	3	3	4	3	4	4	0	2	3	1	5	3	5	5	
0	2	1	3	2	1	2	4	1	0	3	2	3	1	5	4	
0	3	4	4	3	4	3	4	4	4	0	5	2	4	2	3	
0	1	4	2	3	4	3	3	4	3	2	0	4	2	4	4	
0	1	3	2	3	3	3	4	3	2	2	4	0	3	4	4	
0	1	2	2	1	4	1	3	3	3	2	3	4	0	4	5	
0	4	2	2	3	4	3	2	2	3	3	3	4	4	0	2	
0	4	2	4	3	4	1	2	3	4	3	3	4	4	5	0	
Tamanho_Tarefas
0	20	15	25	8	35	31	10	10	16	21	15	23	10	14	21	
Data_Entrega
0	52	51	55	57	51	62	61	61	63	50	50	41	56	44	52	
Penalidade_Atraso
0	6	16	7	5	9	12	17	14	7	14	3	18	20	11	17	
Capacidade_Veiculo
37	100	80	61	93	
Custo_Fixo_Veiculo
370	1000	800	610	930	
Coordenadas_Clientes
x	0	y	0
x	20	y	0
x	20	y	9
x	10	y	11
x	5	y	17
x	-2	y	24
x	-8	y	15
x	-18	y	13
x	-16	y	3
x	-21	y	-4
x	-15	y	-11
x	-7	y	-12
x	-1	y	-15
x	6	y	-21
x	15	y	-16
x	18	y	-8
Tempo_Viagem
0	20	21	14	17	24	17	22	16	21	18	13	15	21	21	19	
20	0	9	14	21	30	31	40	36	41	36	29	25	25	16	8	
21	9	0	10	17	26	28	38	36	42	39	34	31	33	25	17	
14	14	10	0	7	16	18	28	27	34	32	27	28	32	27	20	
17	21	17	7	0	9	13	23	25	33	34	30	32	38	34	27	
24	30	26	16	9	0	10	19	24	32	36	36	39	45	43	36	
17	31	28	18	13	10	0	10	14	22	26	27	30	38	38	34	
22	40	38	28	23	19	10	0	10	17	24	27	32	41	43	41	
16	36	36	27	25	24	14	10	0	8	14	17	23	32	36	35	
21	41	42	34	33	32	22	17	8	0	9	16	22	31	37	39	
18	36	39	32	34	36	26	24	14	9	0	8	14	23	30	33	
13	29	34	27	30	36	27	27	17	16	8	0	6	15	22	25	
15	25	31	28	32	39	30	32	23	22	14	6	0	9	16	20	
21	25	33	32	38	45	38	41	32	31	23	15	9	0	10	17	
21	16	25	27	34	43	38	43	36	37	30	22	16	10	0	8	
19	8	17	20	27	36	34	41	35	39	33	25	20	17	8	0	
Custo_Viagem
V0
0	148	155	103	125	177	125	162	118	155	133	96	111	155	155	140	
148	0	66	103	162	236	229	296	266	303	266	214	185	185	118	59	
155	66	0	74	125	192	207	281	266	318	296	251	229	244	185	125	
103	103	74	0	51	125	133	207	199	251	244	207	207	236	199	148	
125	162	125	51	0	66	96	170	185	244	251	229	236	281	251	207	
177	236	192	125	66	0	74	140	185	244	273	266	288	333	318	273	
125	229	207	133	96	74	0	74	103	170	192	199	222	281	281	251	
162	296	281	207	170	140	74	0	74	125	177	199	236	303	318	303	
118	266	266	199	185	185	103	74	0	59	103	125	170	236	266	259	
155	303	318	251	244	244	170	125	59	0	66	118	162	229	273	288	
133	266	296	244	251	273	192	177	103	66	0	59	103	170	222	244	
96	214	251	207	229	266	199	199	125	118	59	0	44	111	162	185	
111	185	229	207	236	288	222	236	170	162	103	44	0	66	118	148	
155	185	244	236	281	333	281	303	236	229	170	111	66	0	74	125	
155	118	185	199	251	318	281	318	266	273	222	162	118	74	0	59	
140	59	125	148	207	273	251	303	259	288	244	185	148	125	59	0	
V1
0	400	420	280	340	480	340	440	320	420	360	260	300	420	420	380	
400	0	180	280	440	640	620	800	720	820	720	580	500	500	320	160	
420	180	0	200	340	520	560	760	720	860	800	680	620	660	500	340	
280	280	200	0	140	340	360	560	540	680	660	560	560	640	540	400	
340	440	340	140	0	180	260	460	500	660	680	620	640	760	680	560	
480	640	520	340	180	0	200	380	500	660	740	720	780	900	860	740	
340	620	560	360	260	200	0	200	280	460	520	540	600	760	760	680	
440	800	760	560	460	380	200	0	200	340	480	540	640	820	860	820	
320	720	720	540	500	500	280	200	0	160	280	340	460	640	720	700	
420	820	860	680	660	660	460	340	160	0	180	320	440	620	740	780	
360	720	800	660	680	740	520	480	280	180	0	160	280	460	600	660	
260	580	680	560	620	720	540	540	340	320	160	0	120	300	440	500	
300	500	620	560	640	780	600	640	460	440	280	120	0	180	320	400	
420	500	660	640	760	900	760	820	640	620	460	300	180	0	200	340	
420	320	500	540	680	860	760	860	720	740	600	440	320	200	0	160	
380	160	340	400	560	740	680	820	700	780	660	500	400	340	160	0	
V2
0	320	336	224	272	384	272	352	256	336	288	208	240	336	336	304	
320	0	144	224	352	512	496	640	576	656	576	464	400	400	256	128	
336	144	0	160	272	416	448	608	576	688	640	544	496	528	400	272	
224	224	160	0	112	272	288	448	432	544	528	448	448	512	432	320	
272	352	272	112	0	144	208	368	400	528	544	496	512	608	544	448	
384	512	416	272	144	0	160	304	400	528	592	576	624	720	688	592	
272	496	448	288	208	160	0	160	224	368	416	432	480	608	608	544	
352	640	608	448	368	304	160	0	160	272	384	432	512	656	688	656	
256	576	576	432	400	400	224	160	0	128	224	272	368	512	576	560	
336	656	688	544	528	528	368	272	128	0	144	256	352	496	592	624	
288	576	640	528	544	592	416	384	224	144	0	128	224	368	480	528	
208	464	544	448	496	576	432	432	272	256	128	0	96	240	352	400	
240	400	496	448	512	624	480	512	368	352	224	96	0	144	256	320	
336	400	528	512	608	720	608	656	512	496	368	240	144	0	160	272	
336	256	400	432	544	688	608	688	576	592	480	352	256	160	0	128	
304	128	272	320	448	592	544	656	560	624	528	400	320	272	128	0	
V3
0	244	256	170	207	292	207	268	195	256	219	158	183	256	256	231	
244	0	109	170	268	390	378	488	439	500	439	353	305	305	195	97	
256	109	0	122	207	317	341	463	439	524	488	414	378	402	305	207	
170	170	122	0	85	207	219	341	329	414	402	341	341	390	329	244	
207	268	207	85	0	109	158	280	305	402	414	378	390	463	414	341	
292	390	317	207	109	0	122	231	305	402	451	439	475	549	524	451	
207	378	341	219	158	122	0	122	170	280	317	329	366	463	463	414	
268	488	463	341	280	231	122	0	122	207	292	329	390	500	524	500	
195	439	439	329	305	305	170	122	0	97	170	207	280	390	439	427	
256	500	524	414	402	402	280	207	97	0	109	195	268	378	451	475	
219	439	488	402	414	451	317	292	170	109	0	97	170	280	366	402	
158	353	414	341	378	439	329	329	207	195	97	0	73	183	268	305	
183	305	378	341	390	475	366	390	280	268	170	73	0	109	195	244	
256	305	402	390	463	549	463	500	390	378	280	183	109	0	122	207	
256	195	305	329	414	524	463	524	439	451	366	268	195	122	0	97	
231	97	207	244	341	451	414	500	427	475	402	305	244	207	97	0	
V4
0	372	390	260	316	446	316	409	297	390	334	241	279	390	390	353	
372	0	167	260	409	595	576	744	669	762	669	539	465	465	297	148	
390	167	0	186	316	483	520	706	669	799	744	632	576	613	465	316	
260	260	186	0	130	316	334	520	502	632	613	520	520	595	502	372	
316	409	316	130	0	167	241	427	465	613	632	576	595	706	632	520	
446	595	483	316	167	0	186	353	465	613	688	669	725	837	799	688	
316	576	520	334	241	186	0	186	260	427	483	502	558	706	706	632	
409	744	706	520	427	353	186	0	186	316	446	502	595	762	799	762	
297	669	669	502	465	465	260	186	0	148	260	316	427	595	669	651	
390	762	799	632	613	613	427	316	148	0	167	297	409	576	688	725	
334	669	744	613	632	688	483	446	260	167	0	148	260	427	558	613	
241	539	632	520	576	669	502	502	316	297	148	0	111	279	409	465	
279	465	576	520	595	725	558	595	427	409	260	111	0	167	297	372	
390	465	613	595	706	837	706	762	595	576	427	279	167	0	186	316	
390	297	465	502	632	799	706	799	669	688	558	409	297	186	0	148	
353	148	316	372	520	688	632	762	651	725	613	465	372	316	148	0	
Velocidade_Veiculos
1	1	1	1	1	