M: 4
N: 15
Nun_Veiculos: 6
Capacidade_Total: 331
Demanda_Total: 222
Setup_Min: 1
Setup_Max: 9
Raio: 20
Circulos: 1
Tempo_Processamento_Min: 1
Tempo_Processamento_Max: 49
Demanda_Min: 10
Demanda_Max: 30
Priority_Factor: 0.2
Range_Factor_R: 0.8
U_factor: 2
ALpha: 0.2Replicao: 3
Tempos_Processamentos
0	0	1	0	2	0	3	0	
0	38	1	48	2	45	3	22	
0	2	1	11	2	6	3	31	
0	25	1	1	2	7	3	25	
0	7	1	10	2	18	3	8	
0	9	1	41	2	15	3	1	
0	37	1	2	2	23	3	37	
0	33	1	7	2	9	3	2	
0	18	1	19	2	22	3	25	
0	33	1	14	2	2	3	16	
0	20	1	40	2	25	3	30	
0	14	1	19	2	25	3	49	
0	38	1	24	2	23	3	20	
0	26	1	34	2	15	3	9	
0	42	1	41	2	8	3	14	
0	33	1	17	2	46	3	3	

Tempos_setup
M0
0	0	0	0	0	0	0	0	0	0	0	0	0	0	0	0	
0	0	2	4	1	2	1	2	2	3	3	4	3	3	3	2	
0	4	0	4	4	1	1	2	2	3	3	4	5	5	4	2	
0	2	4	0	3	4	3	4	4	3	5	3	4	2	4	4	
0	5	1	3	0	2	2	1	1	2	2	4	2	2	2	3	
0	5	1	3	3	0	2	3	1	2	2	5	5	4	3	3	
0	3	1	3	4	1	0	3	2	2	2	3	4	4	4	1	
0	4	1	5	4	2	2	0	3	2	4	5	4	4	5	3	
0	4	1	2	2	2	2	2	0	1	1	5	4	3	4	3	
0	4	2	3	2	3	3	1	3	0	2	6	4	4	4	4	
0	3	3	1	3	3	2	2	4	1	0	4	5	2	5	3	
0	5	1	4	3	2	2	1	3	1	3	0	1	3	3	3	
0	5	1	3	2	1	2	2	2	1	3	5	0	3	2	3	
0	3	3	1	3	3	2	2	4	1	3	3	4	0	5	3	
0	3	3	1	4	2	3	3	3	2	4	4	5	1	0	4	
0	3	3	2	3	4	3	3	4	2	1	2	3	3	5	0	
M1
0	0	0	0	0	0	0	0	0	0	0	0	0	0	0	0	
0	0	2	2	1	4	3	4	3	3	3	5	4	3	4	3	
0	3	0	3	4	4	3	4	3	5	3	3	4	4	3	2	
0	1	1	0	2	4	3	4	1	4	3	3	2	1	2	2	
0	2	1	1	0	5	4	5	2	2	4	4	3	2	3	3	
0	3	2	2	1	0	2	2	3	2	1	5	4	3	2	3	
0	2	2	1	1	3	0	4	1	3	3	4	3	2	1	2	
0	1	2	2	1	3	2	0	3	3	2	4	3	2	3	1	
0	2	4	3	3	3	2	3	0	3	2	5	4	3	3	1	
0	3	3	4	3	3	4	4	5	0	4	4	3	2	3	4	
0	2	3	2	2	1	1	1	2	2	0	5	3	3	2	2	
0	3	4	4	4	5	5	5	5	4	4	0	6	5	4	5	
0	3	3	2	2	4	1	4	2	4	3	5	0	3	2	3	
0	1	3	2	2	4	2	4	3	4	3	2	1	0	1	2	
0	2	2	1	3	3	2	3	2	4	2	3	2	1	0	1	
0	1	3	2	2	2	1	2	2	3	1	4	3	2	2	0	
M2
0	0	0	0	0	0	0	0	0	0	0	0	0	0	0	0	
0	0	1	5	1	4	4	3	3	3	5	4	5	2	3	4	
0	5	0	4	5	4	3	2	2	4	4	3	5	3	2	4	
0	4	4	0	2	5	5	5	5	5	1	4	6	4	6	4	
0	2	2	4	0	3	3	4	4	5	4	5	6	4	4	5	
0	2	2	3	3	0	4	2	4	4	4	3	5	4	4	3	
0	4	3	5	4	2	0	4	5	5	3	4	3	6	5	5	
0	3	2	2	3	4	2	0	2	2	3	1	3	3	3	2	
0	4	3	4	4	2	1	3	0	2	3	2	4	1	3	3	
0	4	3	2	3	3	3	1	2	0	3	2	4	2	1	1	
0	3	3	4	1	4	4	5	4	4	0	3	5	4	5	3	
0	4	1	2	3	3	2	2	1	1	3	0	2	2	2	1	
0	3	2	3	1	2	3	3	2	2	2	1	0	3	3	2	
0	4	2	3	4	4	4	2	3	1	4	3	5	0	2	2	
0	4	3	4	4	2	3	3	2	2	3	4	6	1	0	3	
0	3	4	1	2	5	4	4	3	3	2	5	6	4	4	0	
M3
0	0	0	0	0	0	0	0	0	0	0	0	0	0	0	0	
0	0	4	3	4	3	4	2	3	5	4	2	5	4	4	1	
0	2	0	5	4	4	3	2	3	1	4	4	1	4	4	3	
0	3	1	0	3	2	2	1	3	2	3	1	2	1	1	3	
0	3	2	3	0	5	1	2	1	3	4	2	2	4	4	1	
0	3	3	3	2	0	1	2	2	3	4	2	2	4	2	1	
0	2	2	3	1	4	0	2	1	2	4	2	1	4	4	2	
0	4	2	5	3	5	4	0	4	3	2	4	3	4	2	3	
0	2	1	5	5	5	4	3	0	2	5	4	2	5	4	3	
0	2	3	5	3	5	2	2	2	0	3	4	3	6	4	3	
0	3	4	3	4	5	5	2	3	5	0	2	5	4	4	1	
0	4	2	1	2	3	3	2	3	3	4	0	3	2	2	3	
0	1	3	4	4	3	4	1	4	4	3	3	0	3	3	2	
0	4	3	2	3	1	2	1	3	4	3	1	3	0	3	2	
0	4	3	4	4	6	5	1	3	4	2	3	4	5	0	3	
0	2	3	2	3	4	4	1	4	4	3	1	4	3	3	0	
Tamanho_Tarefas
0	33	5	14	8	1	6	6	19	11	23	25	26	16	18	11	
Data_Entrega
0	45	44	52	40	48	41	50	56	61	58	58	59	62	53	48	
Penalidade_Atraso
0	17	13	18	12	3	16	15	9	2	11	1	11	10	18	14	
Capacidade_Veiculo
61	44	62	51	42	71	
Custo_Fixo_Veiculo
610	440	620	510	420	710	
Coordenadas_Clientes
x	0	y	0
x	21	y	0
x	14	y	6
x	10	y	11
x	5	y	18
x	-2	y	20
x	-8	y	14
x	-19	y	14
x	-19	y	4
x	-21	y	-4
x	-12	y	-8
x	-12	y	-21
x	-1	y	-15
x	7	y	-23
x	13	y	-15
x	22	y	-10
Tempo_Viagem
0	21	15	14	18	20	16	23	19	21	14	24	15	24	19	24	
21	0	9	15	23	30	32	42	40	42	33	38	26	26	17	10	
15	9	0	6	14	21	23	33	33	36	29	37	25	29	21	17	
14	15	6	0	8	15	18	29	29	34	28	38	28	34	26	23	
18	23	14	8	0	7	13	24	27	34	31	42	33	41	33	31	
20	30	21	15	7	0	8	18	22	30	29	42	35	43	38	38	
16	32	23	18	13	8	0	11	14	22	22	35	29	39	35	38	
23	42	33	29	24	18	11	0	10	18	23	35	34	45	42	47	
19	40	33	29	27	22	14	10	0	8	13	25	26	37	37	43	
21	42	36	34	34	30	22	18	8	0	9	19	22	33	34	43	
14	33	29	28	31	29	22	23	13	9	0	13	13	24	25	34	
24	38	37	38	42	42	35	35	25	19	13	0	12	19	25	35	
15	26	25	28	33	35	29	34	26	22	13	12	0	11	14	23	
24	26	29	34	41	43	39	45	37	33	24	19	11	0	10	19	
19	17	21	26	33	38	35	42	37	34	25	25	14	10	0	10	
24	10	17	23	31	38	38	47	43	43	34	35	23	19	10	0	
Custo_Viagem
V0
0	256	183	170	219	244	195	280	231	256	170	292	183	292	231	292	
256	0	109	183	292	366	390	512	488	512	402	475	317	317	207	122	
183	109	0	73	183	256	280	402	402	439	353	451	305	353	256	207	
170	183	73	0	97	183	219	353	353	414	353	463	341	414	317	292	
219	292	183	97	0	85	158	292	329	414	378	512	402	500	402	390	
244	366	256	183	85	0	97	219	280	366	353	512	427	524	463	463	
195	390	280	219	158	97	0	134	170	268	268	427	353	475	427	463	
280	512	402	353	292	219	134	0	122	219	280	427	414	549	524	573	
231	488	402	353	329	280	170	122	0	97	158	305	317	451	451	524	
256	512	439	414	414	366	268	219	97	0	109	231	268	402	427	524	
170	402	353	353	378	353	268	280	158	109	0	158	158	292	305	414	
292	475	451	463	512	512	427	427	305	231	158	0	146	231	305	427	
183	317	305	341	402	427	353	414	317	268	158	146	0	134	170	280	
292	317	353	414	500	524	475	549	451	402	292	231	134	0	122	231	
231	207	256	317	402	463	427	524	451	427	305	305	170	122	0	122	
292	122	207	292	390	463	463	573	524	524	414	427	280	231	122	0	
V1
0	184	132	123	158	176	140	202	167	184	123	211	132	211	167	211	
184	0	79	132	211	264	281	369	352	369	290	343	228	228	149	88	
132	79	0	52	132	184	202	290	290	316	255	325	220	255	184	149	
123	132	52	0	70	132	158	255	255	299	255	334	246	299	228	211	
158	211	132	70	0	61	114	211	237	299	272	369	290	360	290	281	
176	264	184	132	61	0	70	158	202	264	255	369	308	378	334	334	
140	281	202	158	114	70	0	96	123	193	193	308	255	343	308	334	
202	369	290	255	211	158	96	0	88	158	202	308	299	396	378	413	
167	352	290	255	237	202	123	88	0	70	114	220	228	325	325	378	
184	369	316	299	299	264	193	158	70	0	79	167	193	290	308	378	
123	290	255	255	272	255	193	202	114	79	0	114	114	211	220	299	
211	343	325	334	369	369	308	308	220	167	114	0	105	167	220	308	
132	228	220	246	290	308	255	299	228	193	114	105	0	96	123	202	
211	228	255	299	360	378	343	396	325	290	211	167	96	0	88	167	
167	149	184	228	290	334	308	378	325	308	220	220	123	88	0	88	
211	88	149	211	281	334	334	413	378	378	299	308	202	167	88	0	
V2
0	260	186	173	223	248	198	285	235	260	173	297	186	297	235	297	
260	0	111	186	297	372	396	520	496	520	409	483	322	322	210	124	
186	111	0	74	186	260	285	409	409	446	359	458	310	359	260	210	
173	186	74	0	99	186	223	359	359	421	359	471	347	421	322	297	
223	297	186	99	0	86	161	297	334	421	384	520	409	508	409	396	
248	372	260	186	86	0	99	223	285	372	359	520	434	533	471	471	
198	396	285	223	161	99	0	136	173	272	272	434	359	483	434	471	
285	520	409	359	297	223	136	0	124	223	285	434	421	558	533	582	
235	496	409	359	334	285	173	124	0	99	161	310	322	458	458	533	
260	520	446	421	421	372	272	223	99	0	111	235	272	409	434	533	
173	409	359	359	384	359	272	285	161	111	0	161	161	297	310	421	
297	483	458	471	520	520	434	434	310	235	161	0	148	235	310	434	
186	322	310	347	409	434	359	421	322	272	161	148	0	136	173	285	
297	322	359	421	508	533	483	558	458	409	297	235	136	0	124	235	
235	210	260	322	409	471	434	533	458	434	310	310	173	124	0	124	
297	124	210	297	396	471	471	582	533	533	421	434	285	235	124	0	
V3
0	214	153	142	183	204	163	234	193	214	142	244	153	244	193	244	
214	0	91	153	244	306	326	428	408	428	336	397	265	265	173	102	
153	91	0	61	153	214	234	336	336	367	295	377	255	295	214	173	
142	153	61	0	81	153	183	295	295	346	295	387	285	346	265	244	
183	244	153	81	0	71	132	244	275	346	316	428	336	418	336	326	
204	306	214	153	71	0	81	183	234	306	295	428	357	438	387	387	
163	326	234	183	132	81	0	112	142	224	224	357	295	397	357	387	
234	428	336	295	244	183	112	0	102	183	234	357	346	459	438	479	
193	408	336	295	275	234	142	102	0	81	132	255	265	377	377	438	
214	428	367	346	346	306	224	183	81	0	91	193	224	336	357	438	
142	336	295	295	316	295	224	234	132	91	0	132	132	244	255	346	
244	397	377	387	428	428	357	357	255	193	132	0	122	193	255	357	
153	265	255	285	336	357	295	346	265	224	132	122	0	112	142	234	
244	265	295	346	418	438	397	459	377	336	244	193	112	0	102	193	
193	173	214	265	336	387	357	438	377	357	255	255	142	102	0	102	
244	102	173	244	326	387	387	479	438	438	346	357	234	193	102	0	
V4
0	176	126	117	151	168	134	193	159	176	117	201	126	201	159	201	
176	0	75	126	201	252	268	352	336	352	277	327	218	218	142	84	
126	75	0	50	126	176	193	277	277	302	243	310	210	243	176	142	
117	126	50	0	67	126	151	243	243	285	243	319	235	285	218	201	
151	201	126	67	0	58	109	201	226	285	260	352	277	344	277	268	
168	252	176	126	58	0	67	151	193	252	243	352	294	361	319	319	
134	268	193	151	109	67	0	92	117	184	184	294	243	327	294	319	
193	352	277	243	201	151	92	0	84	151	193	294	285	378	361	394	
159	336	277	243	226	193	117	84	0	67	109	210	218	310	310	361	
176	352	302	285	285	252	184	151	67	0	75	159	184	277	294	361	
117	277	243	243	260	243	184	193	109	75	0	109	109	201	210	285	
201	327	310	319	352	352	294	294	210	159	109	0	100	159	210	294	
126	218	210	235	277	294	243	285	218	184	109	100	0	92	117	193	
201	218	243	285	344	361	327	378	310	277	201	159	92	0	84	159	
159	142	176	218	277	319	294	361	310	294	210	210	117	84	0	84	
201	84	142	201	268	319	319	394	361	361	285	294	193	159	84	0	
V5
0	298	213	198	255	284	227	326	269	298	198	340	213	340	269	340	
298	0	127	213	340	426	454	596	568	596	468	553	369	369	241	142	
213	127	0	85	213	298	326	468	468	511	411	525	355	411	298	241	
198	213	85	0	113	213	255	411	411	482	411	539	397	482	369	340	
255	340	213	113	0	99	184	340	383	482	440	596	468	582	468	454	
284	426	298	213	99	0	113	255	326	426	411	596	497	610	539	539	
227	454	326	255	184	113	0	156	198	312	312	497	411	553	497	539	
326	596	468	411	340	255	156	0	142	255	326	497	482	639	610	667	
269	568	468	411	383	326	198	142	0	113	184	355	369	525	525	610	
298	596	511	482	482	426	312	255	113	0	127	269	312	468	497	610	
198	468	411	411	440	411	312	326	184	127	0	184	184	340	355	482	
340	553	525	539	596	596	497	497	355	269	184	0	170	269	355	497	
213	369	355	397	468	497	411	482	369	312	184	170	0	156	198	326	
340	369	411	482	582	610	553	639	525	468	340	269	156	0	142	269	
269	241	298	369	468	539	497	610	525	497	355	355	198	142	0	142	
340	142	241	340	454	539	539	667	610	610	482	497	326	269	142	0	
Velocidade_Veiculos
1	1	1	1	1	1	