M: 4
N: 15
Nun_Veiculos: 4
Capacidade_Total: 311
Demanda_Total: 253
Setup_Min: 1
Setup_Max: 99
Raio: 20
Circulos: 1
Tempo_Processamento_Min: 1
Tempo_Processamento_Max: 49
Demanda_Min: 10
Demanda_Max: 30
Priority_Factor: 0.2
Range_Factor_R: 0.8
U_factor: 2
ALpha: 0.2Replicao: 3
Tempos_Processamentos
0	0	1	0	2	0	3	0	
0	31	1	20	2	36	3	34	
0	31	1	40	2	40	3	5	
0	8	1	47	2	33	3	27	
0	19	1	47	2	8	3	46	
0	45	1	24	2	8	3	5	
0	32	1	26	2	12	3	31	
0	10	1	19	2	36	3	7	
0	15	1	31	2	49	3	44	
0	2	1	28	2	1	3	42	
0	23	1	47	2	1	3	14	
0	45	1	6	2	36	3	29	
0	21	1	25	2	9	3	29	
0	20	1	12	2	32	3	40	
0	29	1	17	2	28	3	49	
0	49	1	12	2	28	3	23	

Tempos_setup
M0
0	0	0	0	0	0	0	0	0	0	0	0	0	0	0	0	
0	0	13	25	34	27	42	10	26	8	22	33	25	26	26	23	
0	36	0	20	21	33	36	10	13	35	27	26	24	13	25	10	
0	34	14	0	35	31	35	2	12	33	19	25	22	15	26	24	
0	15	16	27	0	12	27	20	27	14	15	16	3	29	10	26	
0	18	22	19	19	0	15	19	31	17	3	14	6	25	10	22	
0	17	18	4	20	14	0	6	16	16	4	15	5	19	11	23	
0	32	36	41	33	29	44	0	44	31	17	28	20	39	24	36	
0	27	2	22	23	25	23	12	0	27	27	13	16	3	15	12	
0	1	5	25	26	19	34	6	18	0	14	25	17	18	21	15	
0	15	19	24	16	12	27	20	32	14	0	11	3	22	7	19	
0	17	21	20	13	14	29	22	29	16	17	0	5	13	4	10	
0	12	16	24	16	9	24	17	29	11	12	15	0	28	7	25	
0	25	20	29	21	22	37	30	18	24	25	20	13	0	12	30	
0	13	17	17	9	10	25	18	29	12	13	8	1	21	0	18	
0	28	23	10	24	25	40	12	21	27	28	23	16	3	15	0	
M1
0	0	0	0	0	0	0	0	0	0	0	0	0	0	0	0	
0	0	8	11	22	8	15	24	21	12	23	14	16	25	9	23	
0	11	0	10	17	7	20	16	16	11	24	10	16	24	1	15	
0	22	30	0	19	22	27	17	18	26	14	21	25	26	22	17	
0	10	15	9	0	6	12	10	2	10	23	5	9	7	6	1	
0	4	9	3	14	0	16	20	13	4	17	6	14	17	10	15	
0	25	30	24	25	21	0	35	24	25	11	27	31	32	15	26	
0	5	13	8	19	5	14	0	18	9	22	11	19	22	14	20	
0	11	16	10	1	7	13	11	0	11	24	3	7	8	7	2	
0	16	5	15	10	12	12	16	9	0	23	2	10	13	6	11	
0	24	29	23	14	20	26	24	13	24	0	16	20	21	20	15	
0	18	23	16	8	14	10	18	7	18	21	0	8	15	14	9	
0	18	23	8	8	14	20	18	7	18	22	10	0	15	14	9	
0	8	16	11	14	8	5	3	13	12	16	14	20	0	17	12	
0	10	15	9	16	6	22	26	15	10	23	12	20	23	0	14	
0	12	17	11	2	8	14	12	1	12	25	4	8	9	5	0	
M2
0	0	0	0	0	0	0	0	0	0	0	0	0	0	0	0	
0	0	17	18	7	16	9	12	23	10	20	14	2	20	7	22	
0	25	0	27	16	19	18	13	16	14	3	20	27	29	30	35	
0	26	19	0	9	10	11	14	7	12	22	9	4	22	9	24	
0	33	10	11	0	9	2	21	16	3	13	7	11	13	14	31	
0	38	17	18	7	0	9	28	23	10	20	14	18	20	21	38	
0	33	8	15	18	25	0	21	22	21	11	5	13	11	18	33	
0	17	34	21	24	17	26	0	14	1	24	30	19	37	24	34	
0	41	20	21	10	3	12	31	0	9	23	17	21	23	24	41	
0	46	33	20	23	16	25	34	13	0	36	29	24	36	29	44	
0	46	21	34	23	16	25	34	13	22	0	30	34	36	37	32	
0	30	23	10	13	20	15	18	17	16	26	0	8	26	13	28	
0	22	15	16	5	14	7	10	21	8	18	12	0	18	5	20	
0	33	31	18	21	18	23	16	25	17	34	8	16	0	21	36	
0	37	17	11	7	16	9	25	16	3	20	14	15	20	0	32	
0	34	9	32	21	14	19	22	11	20	12	24	32	30	35	0	
M3
0	0	0	0	0	0	0	0	0	0	0	0	0	0	0	0	
0	0	1	16	17	13	27	6	45	32	25	7	11	14	38	9	
0	22	0	25	16	12	26	15	44	31	24	6	10	13	38	18	
0	47	40	0	31	21	31	37	41	33	21	34	32	35	60	32	
0	24	19	27	0	14	10	18	28	20	8	8	13	16	41	20	
0	34	19	37	10	0	20	28	38	19	18	18	23	26	51	30	
0	18	9	18	9	13	0	8	37	29	17	7	3	6	31	11	
0	23	24	10	18	16	28	0	43	35	23	10	27	30	32	3	
0	25	16	22	16	20	7	15	0	36	24	14	10	13	38	18	
0	18	19	34	18	8	28	24	46	0	26	2	20	23	48	27	
0	26	27	19	17	19	27	16	20	12	0	13	11	14	39	12	
0	16	17	32	16	6	26	22	44	25	24	0	27	30	54	25	
0	15	16	15	6	10	16	5	34	26	14	4	0	3	28	8	
0	25	22	12	3	17	13	2	31	23	11	11	16	0	25	5	
0	27	5	16	21	17	24	6	49	36	29	11	15	18	0	9	
0	20	21	7	37	28	38	26	48	40	28	27	31	34	58	0	
Tamanho_Tarefas
0	24	22	25	8	18	12	14	34	2	10	22	19	12	18	13	
Data_Entrega
0	55	65	50	67	50	53	47	51	65	48	60	62	63	55	50	
Penalidade_Atraso
0	18	2	19	2	11	3	13	1	5	10	5	15	19	2	4	
Capacidade_Veiculo
59	93	65	94	
Custo_Fixo_Veiculo
590	930	650	940	
Coordenadas_Clientes
x	0	y	0
x	15	y	0
x	14	y	6
x	12	y	13
x	5	y	17
x	-1	y	15
x	-9	y	16
x	-15	y	10
x	-19	y	4
x	-19	y	-4
x	-16	y	-11
x	-9	y	-16
x	-2	y	-21
x	7	y	-23
x	11	y	-12
x	15	y	-7
Tempo_Viagem
0	15	15	17	17	15	18	18	19	19	19	18	21	24	16	16	
15	0	6	13	19	21	28	31	34	34	32	28	27	23	12	7	
15	6	0	7	14	17	25	29	33	34	34	31	31	29	18	13	
17	13	7	0	8	13	21	27	32	35	36	35	36	36	25	20	
17	19	14	8	0	6	14	20	27	31	35	35	38	40	29	26	
15	21	17	13	6	0	8	14	21	26	30	32	36	38	29	27	
18	28	25	21	14	8	0	8	15	22	27	32	37	42	34	33	
18	31	29	27	20	14	8	0	7	14	21	26	33	39	34	34	
19	34	33	32	27	21	15	7	0	8	15	22	30	37	34	35	
19	34	34	35	31	26	22	14	8	0	7	15	23	32	31	34	
19	32	34	36	35	30	27	21	15	7	0	8	16	25	27	31	
18	28	31	35	35	32	32	26	22	15	8	0	8	17	20	25	
21	27	31	36	38	36	37	33	30	23	16	8	0	9	15	21	
24	23	29	36	40	38	42	39	37	32	25	17	9	0	11	17	
16	12	18	25	29	29	34	34	34	31	27	20	15	11	0	6	
16	7	13	20	26	27	33	34	35	34	31	25	21	17	6	0	
Custo_Viagem
V0
0	177	177	200	200	177	212	212	224	224	224	212	247	283	188	188	
177	0	70	153	224	247	330	365	401	401	377	330	318	283	141	82	
177	70	0	82	165	200	295	342	389	401	401	365	365	342	212	153	
200	153	82	0	94	153	247	318	377	413	424	413	424	424	295	236	
200	224	165	94	0	70	165	247	318	365	413	413	448	472	342	306	
177	247	200	153	70	0	94	165	247	306	354	377	424	448	342	318	
212	330	295	247	165	94	0	94	177	259	318	377	436	495	401	389	
212	365	342	318	247	165	94	0	82	165	247	306	389	460	401	401	
224	401	389	377	318	247	177	82	0	94	177	259	354	436	401	413	
224	401	401	413	365	306	259	165	94	0	82	177	283	377	365	401	
224	377	401	424	413	354	318	247	177	82	0	94	200	295	318	365	
212	330	365	413	413	377	377	306	259	177	94	0	94	200	236	295	
247	318	365	424	448	424	436	389	354	283	200	94	0	106	177	259	
283	283	342	424	472	448	495	460	436	377	295	200	106	0	129	200	
188	141	212	295	342	342	401	401	401	365	318	236	177	129	0	70	
188	82	153	236	306	318	389	401	413	401	365	295	259	200	70	0	
V1
0	279	279	316	316	279	334	334	353	353	353	334	390	446	297	297	
279	0	111	241	353	390	520	576	632	632	595	520	502	446	223	130	
279	111	0	130	260	316	465	539	613	632	632	576	576	539	334	241	
316	241	130	0	148	241	390	502	595	651	669	651	669	669	465	372	
316	353	260	148	0	111	260	390	502	576	651	651	706	744	539	483	
279	390	316	241	111	0	148	260	390	483	558	595	669	706	539	502	
334	520	465	390	260	148	0	148	279	409	502	595	688	781	632	613	
334	576	539	502	390	260	148	0	130	260	390	483	613	725	632	632	
353	632	613	595	502	390	279	130	0	148	279	409	558	688	632	651	
353	632	632	651	576	483	409	260	148	0	130	279	446	595	576	632	
353	595	632	669	651	558	502	390	279	130	0	148	316	465	502	576	
334	520	576	651	651	595	595	483	409	279	148	0	148	316	372	465	
390	502	576	669	706	669	688	613	558	446	316	148	0	167	279	409	
446	446	539	669	744	706	781	725	688	595	465	316	167	0	204	316	
297	223	334	465	539	539	632	632	632	576	502	372	279	204	0	111	
297	130	241	372	483	502	613	632	651	632	576	465	409	316	111	0	
V2
0	195	195	221	221	195	234	234	247	247	247	234	273	312	208	208	
195	0	78	169	247	273	364	403	442	442	416	364	351	312	156	91	
195	78	0	91	182	221	325	377	429	442	442	403	403	377	234	169	
221	169	91	0	104	169	273	351	416	455	468	455	468	468	325	260	
221	247	182	104	0	78	182	273	351	403	455	455	494	520	377	338	
195	273	221	169	78	0	104	182	273	338	390	416	468	494	377	351	
234	364	325	273	182	104	0	104	195	286	351	416	481	546	442	429	
234	403	377	351	273	182	104	0	91	182	273	338	429	507	442	442	
247	442	429	416	351	273	195	91	0	104	195	286	390	481	442	455	
247	442	442	455	403	338	286	182	104	0	91	195	312	416	403	442	
247	416	442	468	455	390	351	273	195	91	0	104	221	325	351	403	
234	364	403	455	455	416	416	338	286	195	104	0	104	221	260	325	
273	351	403	468	494	468	481	429	390	312	221	104	0	117	195	286	
312	312	377	468	520	494	546	507	481	416	325	221	117	0	143	221	
208	156	234	325	377	377	442	442	442	403	351	260	195	143	0	78	
208	91	169	260	338	351	429	442	455	442	403	325	286	221	78	0	
V3
0	282	282	319	319	282	338	338	357	357	357	338	394	451	300	300	
282	0	112	244	357	394	526	582	639	639	601	526	507	451	225	131	
282	112	0	131	263	319	470	545	620	639	639	582	582	545	338	244	
319	244	131	0	150	244	394	507	601	658	676	658	676	676	470	376	
319	357	263	150	0	112	263	394	507	582	658	658	714	752	545	488	
282	394	319	244	112	0	150	263	394	488	564	601	676	714	545	507	
338	526	470	394	263	150	0	150	282	413	507	601	695	789	639	620	
338	582	545	507	394	263	150	0	131	263	394	488	620	733	639	639	
357	639	620	601	507	394	282	131	0	150	282	413	564	695	639	658	
357	639	639	658	582	488	413	263	150	0	131	282	451	601	582	639	
357	601	639	676	658	564	507	394	282	131	0	150	319	470	507	582	
338	526	582	658	658	601	601	488	413	282	150	0	150	319	376	470	
394	507	582	676	714	676	695	620	564	451	319	150	0	169	282	413	
451	451	545	676	752	714	789	733	695	601	470	319	169	0	206	319	
300	225	338	470	545	545	639	639	639	582	507	376	282	206	0	112	
300	131	244	376	488	507	620	639	658	639	582	470	413	319	112	0	
Velocidade_Veiculos
1	1	1	1	