M: 8
N: 15
Nun_Veiculos: 5
Capacidade_Total: 252
Demanda_Total: 200
Setup_Min: 1
Setup_Max: 9
Raio: 100
Circulos: 1
Tempo_Processamento_Min: 1
Tempo_Processamento_Max: 49
Demanda_Min: 10
Demanda_Max: 30
Priority_Factor: 0.2
Range_Factor_R: 0.8
U_factor: 2
ALpha: 0.2Replicao: 2
Tempos_Processamentos
0	0	1	0	2	0	3	0	4	0	5	0	6	0	7	0	
0	14	1	47	2	22	3	20	4	37	5	3	6	9	7	12	
0	28	1	9	2	48	3	18	4	36	5	38	6	28	7	2	
0	10	1	48	2	35	3	1	4	10	5	18	6	32	7	9	
0	33	1	15	2	10	3	45	4	44	5	19	6	34	7	19	
0	12	1	38	2	12	3	17	4	43	5	10	6	9	7	44	
0	41	1	12	2	22	3	41	4	32	5	44	6	24	7	13	
0	1	1	21	2	43	3	20	4	14	5	37	6	15	7	1	
0	5	1	49	2	7	3	48	4	12	5	2	6	11	7	12	
0	48	1	33	2	42	3	47	4	41	5	12	6	23	7	43	
0	22	1	34	2	44	3	45	4	41	5	5	6	34	7	25	
0	14	1	28	2	25	3	40	4	8	5	43	6	13	7	18	
0	11	1	7	2	43	3	34	4	1	5	5	6	13	7	21	
0	33	1	35	2	21	3	37	4	4	5	16	6	18	7	5	
0	39	1	32	2	2	3	13	4	21	5	49	6	7	7	18	
0	25	1	46	2	47	3	37	4	16	5	48	6	39	7	44	

Tempos_setup
M0
0	0	0	0	0	0	0	0	0	0	0	0	0	0	0	0	
0	0	6	5	4	6	5	4	4	6	6	2	6	4	4	5	
0	2	0	3	3	3	2	3	4	3	5	1	2	4	1	3	
0	3	4	0	2	4	1	2	2	4	3	3	4	1	4	2	
0	1	4	4	0	5	4	3	3	5	3	2	4	4	5	4	
0	2	1	3	3	0	3	2	2	2	3	1	3	1	1	2	
0	2	4	2	1	3	0	1	3	3	3	2	4	2	3	1	
0	1	3	1	3	2	2	0	2	2	3	1	4	1	3	1	
0	4	2	5	5	2	4	4	0	4	5	3	4	3	3	4	
0	2	1	3	1	3	3	4	1	0	2	2	2	4	1	3	
0	3	2	2	3	4	3	4	2	2	0	3	1	3	2	4	
0	3	5	3	2	4	4	2	4	4	4	0	5	3	4	3	
0	2	2	1	2	3	2	3	2	1	3	3	0	2	1	3	
0	3	3	2	3	3	2	2	1	4	2	3	3	0	3	1	
0	1	3	3	4	2	4	4	4	4	4	2	5	3	0	2	
0	3	4	1	2	4	2	3	3	4	2	3	3	2	2	0	
M1
0	0	0	0	0	0	0	0	0	0	0	0	0	0	0	0	
0	0	2	1	2	4	2	2	3	2	2	2	3	2	1	4	
0	3	0	3	4	4	1	4	4	2	2	3	2	4	3	3	
0	3	2	0	1	4	1	2	3	2	1	3	2	1	2	3	
0	3	3	3	0	5	1	4	4	1	2	2	2	2	3	3	
0	3	3	2	3	0	3	3	4	1	2	1	1	3	2	2	
0	2	2	2	3	4	0	3	3	1	1	3	1	3	2	2	
0	4	2	2	3	2	3	0	5	3	1	3	2	3	3	2	
0	4	2	2	3	1	3	2	0	2	3	1	2	3	3	3	
0	5	2	2	3	4	3	3	5	0	1	2	4	3	4	2	
0	4	1	1	2	3	2	3	4	3	0	4	3	2	3	2	
0	4	4	2	3	3	2	3	5	3	3	0	3	3	4	4	
0	2	3	1	2	4	2	2	3	2	2	2	0	2	1	1	
0	2	4	2	3	3	3	3	2	3	3	3	1	0	2	2	
0	3	3	1	2	3	2	3	2	3	2	1	2	1	0	3	
0	4	2	1	2	4	2	3	4	1	1	3	3	2	3	0	
M2
0	0	0	0	0	0	0	0	0	0	0	0	0	0	0	0	
0	0	3	3	2	5	2	4	2	2	2	2	1	1	2	3	
0	6	0	6	5	6	5	5	2	3	5	5	4	6	1	4	
0	2	4	0	3	6	4	5	4	4	1	2	3	2	2	4	
0	2	3	3	0	5	4	3	1	2	2	3	3	2	4	1	
0	3	5	3	2	0	3	4	3	1	3	2	2	4	3	2	
0	3	4	3	4	4	0	3	2	1	2	2	1	3	2	2	
0	1	4	4	1	6	3	0	2	3	3	3	2	2	3	2	
0	4	2	4	3	4	3	4	0	1	3	4	2	4	3	2	
0	4	4	3	4	3	2	3	2	0	2	3	1	3	2	1	
0	2	3	1	2	6	3	4	3	3	0	1	3	1	3	3	
0	1	3	1	3	6	3	5	3	3	2	0	2	2	3	4	
0	3	3	2	3	5	4	5	1	2	1	2	0	2	1	3	
0	1	2	3	1	5	3	4	2	2	3	2	2	0	3	2	
0	5	4	5	5	6	5	4	2	3	4	4	4	5	0	4	
0	3	4	2	3	6	4	2	2	3	1	2	4	2	4	0	
M3
0	0	0	0	0	0	0	0	0	0	0	0	0	0	0	0	
0	0	6	4	2	2	3	3	1	4	3	3	1	5	3	4	
0	4	0	5	6	5	6	4	4	3	3	6	5	5	3	6	
0	3	6	0	1	3	6	4	3	4	3	1	3	2	5	2	
0	3	6	3	0	2	6	3	4	4	5	1	3	5	4	2	
0	1	4	4	3	0	4	3	2	2	4	3	2	4	4	3	
0	3	6	1	2	3	0	5	3	4	3	2	4	2	6	3	
0	4	5	1	2	3	4	0	2	3	4	2	1	3	1	3	
0	2	5	3	3	1	5	2	0	3	5	4	2	5	3	4	
0	1	5	2	3	3	4	1	2	0	3	3	2	2	2	4	
0	2	6	3	4	4	5	2	3	1	0	3	3	3	3	3	
0	2	5	2	3	3	5	4	3	3	4	0	2	4	4	1	
0	4	5	4	1	3	3	4	3	4	6	2	0	5	2	3	
0	1	6	3	3	2	4	3	1	2	1	1	2	0	4	2	
0	3	4	4	4	2	6	3	1	2	4	5	3	4	0	5	
0	1	4	3	2	2	4	3	2	2	3	2	1	4	3	0	
M4
0	0	0	0	0	0	0	0	0	0	0	0	0	0	0	0	
0	0	1	2	3	1	5	6	5	2	3	4	3	3	4	4	
0	4	0	3	3	5	5	5	4	3	2	4	4	2	5	3	
0	4	5	0	3	4	5	4	3	2	3	2	1	3	2	4	
0	5	4	5	0	3	7	3	2	4	6	6	6	6	3	7	
0	7	5	3	2	0	4	5	4	1	3	5	3	5	4	5	
0	5	5	4	3	3	0	5	2	2	4	3	5	5	3	5	
0	2	3	4	2	3	5	0	3	2	4	3	3	5	2	5	
0	3	3	4	1	1	5	4	0	2	4	6	4	4	1	5	
0	6	5	2	1	4	3	4	3	0	5	4	3	5	4	6	
0	6	4	3	2	4	4	5	3	1	0	3	4	5	4	2	
0	4	4	4	2	2	4	2	1	2	1	0	5	5	2	2	
0	4	5	1	2	3	4	5	2	1	3	3	0	2	1	3	
0	2	3	4	1	3	3	3	2	4	3	2	4	0	3	1	
0	3	4	3	2	2	6	5	1	3	5	5	4	3	0	4	
0	4	4	3	2	2	2	3	1	3	2	1	4	3	2	0	
M5
0	0	0	0	0	0	0	0	0	0	0	0	0	0	0	0	
0	0	2	1	4	4	2	2	3	3	4	3	3	3	2	3	
0	4	0	2	4	3	3	1	2	4	4	2	1	2	1	2	
0	2	3	0	4	3	1	4	2	2	3	2	3	4	4	3	
0	1	3	2	0	4	3	3	3	3	4	1	2	3	3	2	
0	2	4	2	1	0	2	4	4	3	4	2	3	3	4	3	
0	1	3	2	3	2	0	3	2	1	2	1	2	3	3	2	
0	4	6	5	5	4	3	0	3	3	3	1	2	3	5	3	
0	3	5	3	2	1	3	5	0	4	5	3	4	4	5	4	
0	3	4	3	2	1	3	3	4	0	1	2	2	2	3	1	
0	3	3	3	2	3	4	4	3	2	0	3	1	3	2	2	
0	3	5	4	4	3	2	5	2	3	3	0	1	3	5	2	
0	4	6	5	4	3	4	6	2	4	3	2	0	2	4	1	
0	4	4	3	4	3	3	5	3	2	3	1	2	0	2	3	
0	3	4	1	3	2	2	5	1	3	3	2	2	1	0	1	
0	4	5	4	3	4	3	6	3	3	2	1	1	1	3	0	
M6
0	0	0	0	0	0	0	0	0	0	0	0	0	0	0	0	
0	0	4	3	3	2	4	2	4	3	4	4	5	5	4	1	
0	4	0	2	5	1	4	4	3	3	4	4	5	4	3	3	
0	3	1	0	3	2	2	4	2	1	2	2	3	2	1	3	
0	2	3	2	0	1	1	1	3	2	2	3	3	3	2	3	
0	4	2	1	4	0	3	3	2	2	3	3	4	3	2	2	
0	1	3	2	3	2	0	2	2	1	3	2	3	2	1	2	
0	7	4	4	7	3	6	0	5	5	6	6	7	6	5	5	
0	6	2	4	7	3	5	5	0	5	6	6	7	2	4	5	
0	3	3	2	2	3	2	3	1	0	3	1	2	3	3	2	
0	3	3	2	5	1	4	4	3	3	0	2	1	4	3	3	
0	4	3	2	3	3	4	2	3	2	4	0	4	4	3	1	
0	4	4	3	4	4	5	3	4	3	5	1	0	5	4	2	
0	7	7	6	5	5	6	4	7	7	6	6	7	0	7	3	
0	2	2	1	4	3	1	3	3	2	2	3	3	1	0	3	
0	4	4	3	2	2	3	1	4	4	4	4	5	5	4	0	
M7
0	0	0	0	0	0	0	0	0	0	0	0	0	0	0	0	
0	0	2	4	4	5	4	3	2	4	2	3	4	1	3	1	
0	4	0	2	5	3	5	5	4	4	4	1	3	4	4	3	
0	4	4	0	3	4	5	5	5	5	5	5	3	4	5	5	
0	3	4	1	0	5	4	5	4	2	5	5	4	4	6	3	
0	2	2	2	2	0	4	3	3	1	1	2	3	3	2	2	
0	3	3	3	2	6	0	2	1	3	2	4	3	2	3	3	
0	5	1	1	2	4	6	0	2	2	5	2	4	5	5	2	
0	6	2	2	3	5	4	1	0	2	6	3	5	6	6	3	
0	4	2	1	4	5	6	3	2	0	4	3	4	5	4	1	
0	1	1	3	5	4	3	3	2	2	0	2	2	2	1	2	
0	4	3	4	4	2	5	4	3	3	3	0	5	5	3	2	
0	3	1	3	4	4	2	3	2	4	2	2	0	1	3	4	
0	2	1	3	3	4	4	2	1	3	1	2	3	0	2	3	
0	5	2	2	4	3	2	3	3	1	4	3	3	4	0	2	
0	5	1	3	4	4	5	2	1	3	5	2	4	5	3	0	
Tamanho_Tarefas
0	7	18	6	16	12	22	3	14	14	31	16	2	7	8	24	
Data_Entrega
0	155	155	156	151	153	151	156	153	154	151	155	151	151	157	152	
Penalidade_Atraso
0	1	6	17	6	5	8	11	10	13	15	6	10	17	11	13	
Capacidade_Veiculo
69	32	58	37	56	
Custo_Fixo_Veiculo
690	320	580	370	560	
Coordenadas_Clientes
x	0	y	0
x	111	y	0
x	70	y	31
x	73	y	81
x	29	y	91
x	-9	y	91
x	-53	y	92
x	-80	y	58
x	-118	y	25
x	-109	y	-23
x	-80	y	-58
x	-40	y	-71
x	-11	y	-108
x	31	y	-97
x	60	y	-67
x	83	y	-37
Tempo_Viagem
0	111	76	109	95	91	106	98	120	111	98	81	108	101	89	90	
111	0	51	89	122	150	188	199	230	221	199	166	162	124	83	46	
76	51	0	50	72	99	137	152	188	186	174	150	160	133	98	69	
109	89	50	0	45	82	126	154	199	209	206	189	206	182	148	118	
95	122	72	45	0	38	82	113	161	178	184	176	202	188	161	138	
91	150	99	82	38	0	44	78	127	151	165	164	199	192	172	157	
106	188	137	126	82	44	0	43	93	127	152	163	204	206	195	187	
98	199	152	154	113	78	43	0	50	86	116	135	179	190	187	188	
120	230	188	199	161	127	93	50	0	48	91	123	170	192	200	210	
111	221	186	209	178	151	127	86	48	0	45	84	129	158	174	192	
98	199	174	206	184	165	152	116	91	45	0	42	85	117	140	164	
81	166	150	189	176	164	163	135	123	84	42	0	47	75	100	127	
108	162	160	206	202	199	204	179	170	129	85	47	0	43	81	117	
101	124	133	182	188	192	206	190	192	158	117	75	43	0	41	78	
89	83	98	148	161	172	195	187	200	174	140	100	81	41	0	37	
90	46	69	118	138	157	187	188	210	192	164	127	117	78	37	0	
Custo_Viagem
V0
0	1531	1048	1504	1311	1255	1462	1352	1656	1531	1352	1117	1490	1393	1228	1242	
1531	0	703	1228	1683	2070	2594	2746	3174	3049	2746	2290	2235	1725	1159	634	
1048	703	0	690	993	1366	1890	2097	2594	2566	2401	2070	2208	1835	1352	952	
1504	1228	690	0	621	1131	1738	2125	2746	2884	2842	2608	2842	2511	2042	1628	
1311	1683	993	621	0	524	1131	1559	2221	2456	2539	2428	2787	2594	2221	1904	
1255	2070	1366	1131	524	0	607	1076	1752	2083	2277	2263	2746	2649	2373	2166	
1462	2594	1890	1738	1131	607	0	593	1283	1752	2097	2249	2815	2842	2691	2580	
1352	2746	2097	2125	1559	1076	593	0	690	1186	1600	1863	2470	2622	2580	2594	
1656	3174	2594	2746	2221	1752	1283	690	0	662	1255	1697	2346	2649	2760	2898	
1531	3049	2566	2884	2456	2083	1752	1186	662	0	621	1159	1780	2180	2401	2649	
1352	2746	2401	2842	2539	2277	2097	1600	1255	621	0	579	1173	1614	1932	2263	
1117	2290	2070	2608	2428	2263	2249	1863	1697	1159	579	0	648	1035	1380	1752	
1490	2235	2208	2842	2787	2746	2815	2470	2346	1780	1173	648	0	593	1117	1614	
1393	1725	1835	2511	2594	2649	2842	2622	2649	2180	1614	1035	593	0	565	1090	
1228	1159	1352	2042	2221	2373	2691	2580	2760	2401	1932	1380	1117	565	0	510	
1242	634	952	1628	1904	2166	2580	2594	2898	2649	2263	1752	1614	1090	510	0	
V1
0	710	486	697	608	582	678	627	768	710	627	518	691	646	569	576	
710	0	326	569	780	960	1203	1273	1472	1414	1273	1062	1036	800	537	294	
486	326	0	320	460	633	876	972	1203	1190	1113	960	1024	851	627	441	
697	569	320	0	288	524	806	985	1273	1337	1318	1209	1318	1164	947	755	
608	780	460	288	0	243	524	723	1030	1139	1177	1126	1292	1203	1030	883	
582	960	633	524	243	0	281	499	812	966	1056	1049	1273	1228	1100	1004	
678	1203	876	806	524	281	0	275	595	812	972	1043	1305	1318	1248	1196	
627	1273	972	985	723	499	275	0	320	550	742	864	1145	1216	1196	1203	
768	1472	1203	1273	1030	812	595	320	0	307	582	787	1088	1228	1280	1344	
710	1414	1190	1337	1139	966	812	550	307	0	288	537	825	1011	1113	1228	
627	1273	1113	1318	1177	1056	972	742	582	288	0	268	544	748	896	1049	
518	1062	960	1209	1126	1049	1043	864	787	537	268	0	300	480	640	812	
691	1036	1024	1318	1292	1273	1305	1145	1088	825	544	300	0	275	518	748	
646	800	851	1164	1203	1228	1318	1216	1228	1011	748	480	275	0	262	505	
569	537	627	947	1030	1100	1248	1196	1280	1113	896	640	518	262	0	236	
576	294	441	755	883	1004	1196	1203	1344	1228	1049	812	748	505	236	0	
V2
0	1287	881	1264	1102	1055	1229	1136	1392	1287	1136	939	1252	1171	1032	1044	
1287	0	591	1032	1415	1740	2180	2308	2668	2563	2308	1925	1879	1450	974	533	
881	591	0	580	835	1148	1589	1763	2180	2157	2018	1740	1856	1542	1136	800	
1264	1032	580	0	522	951	1461	1786	2308	2424	2389	2192	2389	2111	1716	1368	
1102	1415	835	522	0	440	951	1310	1867	2064	2134	2041	2343	2180	1867	1600	
1055	1740	1148	951	440	0	510	904	1473	1751	1914	1902	2308	2227	1995	1821	
1229	2180	1589	1461	951	510	0	498	1078	1473	1763	1890	2366	2389	2262	2169	
1136	2308	1763	1786	1310	904	498	0	580	997	1345	1566	2076	2204	2169	2180	
1392	2668	2180	2308	1867	1473	1078	580	0	556	1055	1426	1972	2227	2320	2436	
1287	2563	2157	2424	2064	1751	1473	997	556	0	522	974	1496	1832	2018	2227	
1136	2308	2018	2389	2134	1914	1763	1345	1055	522	0	487	986	1357	1624	1902	
939	1925	1740	2192	2041	1902	1890	1566	1426	974	487	0	545	870	1160	1473	
1252	1879	1856	2389	2343	2308	2366	2076	1972	1496	986	545	0	498	939	1357	
1171	1450	1542	2111	2180	2227	2389	2204	2227	1832	1357	870	498	0	475	916	
1032	974	1136	1716	1867	1995	2262	2169	2320	2018	1624	1160	939	475	0	429	
1044	533	800	1368	1600	1821	2169	2180	2436	2227	1902	1473	1357	916	429	0	
V3
0	821	562	806	703	673	784	725	888	821	725	599	799	747	658	666	
821	0	377	658	902	1110	1391	1472	1702	1635	1472	1228	1198	925	621	340	
562	377	0	370	532	732	1013	1124	1391	1376	1287	1110	1184	984	725	510	
806	658	370	0	333	606	932	1139	1472	1546	1524	1398	1524	1346	1095	873	
703	902	532	333	0	281	606	836	1191	1317	1361	1302	1494	1391	1191	1021	
673	1110	732	606	281	0	325	577	939	1117	1221	1213	1472	1420	1272	1161	
784	1391	1013	932	606	325	0	318	688	939	1124	1206	1509	1524	1443	1383	
725	1472	1124	1139	836	577	318	0	370	636	858	999	1324	1406	1383	1391	
888	1702	1391	1472	1191	939	688	370	0	355	673	910	1258	1420	1480	1554	
821	1635	1376	1546	1317	1117	939	636	355	0	333	621	954	1169	1287	1420	
725	1472	1287	1524	1361	1221	1124	858	673	333	0	310	629	865	1036	1213	
599	1228	1110	1398	1302	1213	1206	999	910	621	310	0	347	555	740	939	
799	1198	1184	1524	1494	1472	1509	1324	1258	954	629	347	0	318	599	865	
747	925	984	1346	1391	1420	1524	1406	1420	1169	865	555	318	0	303	584	
658	621	725	1095	1191	1272	1443	1383	1480	1287	1036	740	599	303	0	273	
666	340	510	873	1021	1161	1383	1391	1554	1420	1213	939	865	584	273	0	
V4
0	1243	851	1220	1064	1019	1187	1097	1344	1243	1097	907	1209	1131	996	1008	
1243	0	571	996	1366	1680	2105	2228	2576	2475	2228	1859	1814	1400	940	515	
851	571	0	560	806	1108	1534	1702	2105	2083	1948	1680	1792	1489	1097	772	
1220	996	560	0	504	918	1411	1724	2228	2340	2307	2116	2307	2038	1657	1321	
1064	1366	806	504	0	425	918	1265	1803	1993	2060	1971	2262	2105	1803	1545	
1019	1680	1108	918	425	0	492	873	1422	1691	1848	1836	2228	2150	1926	1758	
1187	2105	1534	1411	918	492	0	481	1041	1422	1702	1825	2284	2307	2184	2094	
1097	2228	1702	1724	1265	873	481	0	560	963	1299	1512	2004	2128	2094	2105	
1344	2576	2105	2228	1803	1422	1041	560	0	537	1019	1377	1904	2150	2240	2352	
1243	2475	2083	2340	1993	1691	1422	963	537	0	504	940	1444	1769	1948	2150	
1097	2228	1948	2307	2060	1848	1702	1299	1019	504	0	470	952	1310	1568	1836	
907	1859	1680	2116	1971	1836	1825	1512	1377	940	470	0	526	840	1120	1422	
1209	1814	1792	2307	2262	2228	2284	2004	1904	1444	952	526	0	481	907	1310	
1131	1400	1489	2038	2105	2150	2307	2128	2150	1769	1310	840	481	0	459	884	
996	940	1097	1657	1803	1926	2184	2094	2240	1948	1568	1120	907	459	0	414	
1008	515	772	1321	1545	1758	2094	2105	2352	2150	1836	1422	1310	884	414	0	
Velocidade_Veiculos
1	1	1	1	1	