M: 8
N: 15
Nun_Veiculos: 5
Capacidade_Total: 258
Demanda_Total: 201
Setup_Min: 1
Setup_Max: 99
Raio: 100
Circulos: 1
Tempo_Processamento_Min: 1
Tempo_Processamento_Max: 49
Demanda_Min: 10
Demanda_Max: 30
Priority_Factor: 0.2
Range_Factor_R: 0.8
U_factor: 2
ALpha: 0.2Replicao: 4
Tempos_Processamentos
0	0	1	0	2	0	3	0	4	0	5	0	6	0	7	0	
0	19	1	24	2	16	3	43	4	32	5	32	6	7	7	44	
0	36	1	1	2	30	3	16	4	31	5	31	6	19	7	38	
0	47	1	38	2	10	3	25	4	14	5	36	6	28	7	37	
0	27	1	8	2	5	3	49	4	47	5	11	6	21	7	46	
0	48	1	19	2	48	3	11	4	6	5	29	6	26	7	49	
0	17	1	43	2	27	3	8	4	48	5	17	6	18	7	16	
0	22	1	15	2	9	3	5	4	15	5	2	6	14	7	26	
0	22	1	35	2	44	3	29	4	22	5	15	6	19	7	14	
0	32	1	12	2	4	3	10	4	30	5	43	6	14	7	5	
0	11	1	26	2	40	3	33	4	38	5	43	6	19	7	44	
0	38	1	18	2	8	3	15	4	13	5	31	6	1	7	6	
0	46	1	14	2	40	3	47	4	27	5	20	6	9	7	47	
0	49	1	34	2	8	3	4	4	10	5	25	6	14	7	13	
0	18	1	16	2	23	3	5	4	13	5	15	6	33	7	1	
0	13	1	10	2	41	3	7	4	29	5	19	6	14	7	9	

Tempos_setup
M0
0	0	0	0	0	0	0	0	0	0	0	0	0	0	0	0	
0	0	25	14	3	10	12	8	2	11	14	15	1	6	7	15	
0	25	0	36	25	25	14	23	17	26	6	26	23	28	22	16	
0	23	29	0	22	22	8	4	14	7	10	12	20	24	19	34	
0	21	22	11	0	31	19	15	23	18	21	23	22	27	28	12	
0	1	26	15	4	0	12	8	3	11	14	16	2	7	7	16	
0	15	36	23	14	14	0	12	6	13	16	12	12	17	11	26	
0	19	39	19	18	18	4	0	10	3	6	8	16	20	15	30	
0	9	30	19	8	8	10	6	0	9	12	14	6	11	5	20	
0	21	36	16	18	20	11	20	17	0	3	5	16	17	22	30	
0	23	41	30	19	22	8	20	14	21	0	20	17	22	19	31	
0	34	35	11	13	33	19	15	25	18	13	0	11	12	30	25	
0	23	24	13	2	29	15	17	21	20	23	14	0	5	26	14	
0	25	34	25	24	24	10	22	16	23	26	14	22	0	21	36	
0	4	29	18	7	3	5	1	6	4	7	9	5	10	0	18	
0	9	34	23	12	19	21	17	11	20	14	24	10	15	16	0	
M1
0	0	0	0	0	0	0	0	0	0	0	0	0	0	0	0	
0	0	49	31	44	29	41	13	40	41	61	33	59	60	47	34	
0	20	0	16	8	17	1	21	20	12	36	30	18	37	6	20	
0	22	28	0	23	1	10	5	19	20	30	16	37	29	34	6	
0	38	35	25	0	17	19	30	35	30	51	22	33	29	41	12	
0	22	40	18	26	0	12	23	37	23	48	15	39	43	35	5	
0	19	39	32	14	24	0	32	39	11	48	29	37	39	25	19	
0	40	46	18	41	19	28	0	37	38	48	20	55	47	52	24	
0	3	9	9	4	9	10	14	0	1	36	20	27	33	15	10	
0	31	28	28	3	13	22	33	28	0	37	25	26	32	14	15	
0	23	46	24	32	6	18	29	43	29	0	4	45	49	41	11	
0	43	54	50	32	48	50	44	58	59	74	0	65	45	60	44	
0	5	2	11	6	11	3	16	2	3	18	22	0	35	8	12	
0	34	14	22	22	23	15	27	34	26	29	14	32	0	20	28	
0	17	14	23	18	23	15	28	14	15	30	34	12	47	0	24	
0	26	36	13	21	5	7	18	32	18	43	10	34	42	32	0	
M2
0	0	0	0	0	0	0	0	0	0	0	0	0	0	0	0	
0	0	23	15	21	5	33	21	32	23	30	19	24	23	9	20	
0	31	0	30	37	20	10	20	27	18	43	35	21	2	25	15	
0	36	9	0	31	13	19	6	17	8	29	29	11	8	34	5	
0	43	33	24	0	26	22	30	37	32	33	25	19	32	15	29	
0	46	18	10	35	0	28	16	27	18	39	33	21	18	43	15	
0	57	27	34	37	31	0	31	38	29	50	35	32	29	25	26	
0	31	14	27	25	17	15	0	19	10	23	23	13	2	36	7	
0	29	32	26	29	23	33	18	0	16	41	27	31	20	17	25	
0	33	16	17	27	7	17	2	16	0	25	25	15	4	33	9	
0	32	15	27	26	17	16	1	7	11	0	24	10	3	24	8	
0	31	13	4	2	8	23	10	16	12	15	0	15	12	17	9	
0	53	25	17	41	7	35	23	32	25	46	40	0	25	46	22	
0	29	36	28	48	18	13	23	30	21	46	46	24	0	38	18	
0	41	18	9	12	18	28	15	26	17	25	10	15	17	0	14	
0	31	19	20	30	10	20	5	12	3	28	28	6	7	29	0	
M3
0	0	0	0	0	0	0	0	0	0	0	0	0	0	0	0	
0	0	33	22	9	11	12	14	1	18	14	7	13	23	5	22	
0	31	0	11	14	28	27	19	20	24	29	12	25	43	20	27	
0	46	46	0	41	34	42	23	33	28	46	39	31	32	37	51	
0	21	28	24	0	14	17	5	6	10	19	12	11	31	10	13	
0	12	22	28	13	0	8	9	9	7	22	11	2	17	13	26	
0	4	37	26	13	15	0	18	5	20	18	11	17	17	9	26	
0	23	23	19	18	11	19	0	10	5	23	16	8	28	14	28	
0	15	36	21	8	22	11	13	0	18	13	6	19	28	4	21	
0	18	18	26	13	6	14	10	5	0	18	11	3	23	9	23	
0	11	29	8	15	15	23	20	12	11	0	13	14	27	16	28	
0	23	30	26	2	16	19	7	8	12	21	0	13	33	12	15	
0	15	20	26	15	3	11	7	7	10	20	13	0	20	11	28	
0	16	44	23	25	27	13	30	17	26	15	23	29	0	6	38	
0	11	38	17	20	22	7	25	12	20	9	18	23	24	0	33	
0	24	26	22	21	14	20	3	13	8	22	19	11	31	13	0	
M4
0	0	0	0	0	0	0	0	0	0	0	0	0	0	0	0	
0	0	51	42	42	64	51	42	57	48	54	44	49	43	44	18	
0	58	0	42	48	64	41	42	52	40	68	55	49	48	44	56	
0	16	9	0	6	22	9	4	15	12	26	15	7	6	2	14	
0	11	18	30	0	35	12	13	23	28	21	18	16	1	26	8	
0	22	24	36	21	0	33	19	14	34	41	30	22	22	17	9	
0	19	14	18	18	23	0	1	11	16	36	21	19	19	14	26	
0	26	13	17	23	39	26	0	32	15	43	20	24	23	19	31	
0	8	10	22	7	15	19	5	0	20	28	16	8	8	3	15	
0	18	11	2	8	24	11	6	17	0	28	17	9	8	4	16	
0	22	28	28	24	33	36	23	18	26	0	15	26	25	21	32	
0	7	27	30	9	22	21	22	32	28	30	0	25	10	32	17	
0	15	2	38	17	30	25	26	36	36	38	8	0	18	39	25	
0	10	25	29	13	34	11	12	22	27	20	31	29	0	25	21	
0	15	7	19	4	20	16	2	13	17	25	13	5	5	0	12	
0	24	53	56	35	48	47	48	58	54	56	26	51	36	58	0	
M5
0	0	0	0	0	0	0	0	0	0	0	0	0	0	0	0	
0	0	24	40	13	4	21	17	27	31	11	25	19	29	33	31	
0	31	0	62	44	35	27	48	58	41	42	48	22	60	28	46	
0	13	26	0	12	3	14	10	26	6	10	18	9	28	32	1	
0	25	17	29	0	26	37	18	14	19	16	12	32	16	21	24	
0	21	26	36	9	0	17	13	23	28	7	21	33	25	29	27	
0	4	28	44	17	8	0	21	31	35	15	29	16	33	37	35	
0	28	46	39	29	29	41	0	25	30	27	23	36	40	50	34	
0	32	32	43	15	32	45	4	0	25	22	18	40	31	36	30	
0	7	31	21	16	7	24	20	30	0	14	12	26	29	36	5	
0	27	19	29	2	28	39	6	16	21	0	14	34	18	23	26	
0	14	23	28	6	14	31	10	20	7	4	0	33	17	27	12	
0	9	17	49	22	13	5	26	36	36	20	34	0	38	26	40	
0	25	26	44	38	29	21	42	52	23	36	35	16	0	42	28	
0	4	3	41	17	8	25	21	31	20	15	20	23	33	0	25	
0	15	28	31	11	2	19	15	25	10	9	22	30	27	31	0	
M6
0	0	0	0	0	0	0	0	0	0	0	0	0	0	0	0	
0	0	12	28	33	38	44	15	27	29	30	35	32	11	21	16	
0	4	0	20	25	34	32	3	19	21	18	31	25	15	13	20	
0	3	13	0	5	29	45	2	18	20	6	26	14	14	12	19	
0	11	23	27	0	24	55	10	26	28	19	21	32	22	20	27	
0	19	16	23	15	0	48	18	23	25	22	6	14	15	25	30	
0	21	31	18	23	24	0	20	36	32	24	29	30	31	30	23	
0	1	13	17	22	31	45	0	16	18	15	28	22	12	10	17	
0	4	8	1	6	15	37	3	0	2	7	12	6	7	13	20	
0	16	12	16	21	30	35	15	15	0	22	27	21	11	21	26	
0	4	7	20	25	34	39	3	19	21	0	31	25	15	13	20	
0	20	19	26	9	3	43	19	26	28	16	0	17	18	28	33	
0	5	2	9	14	24	34	4	9	11	15	21	0	1	11	16	
0	5	1	17	22	31	33	4	16	18	19	28	21	0	10	15	
0	9	5	7	12	21	37	8	6	8	13	18	12	13	0	18	
0	5	17	33	38	36	43	20	32	34	35	33	37	16	26	0	
M7
0	0	0	0	0	0	0	0	0	0	0	0	0	0	0	0	
0	0	8	11	18	10	1	9	13	17	10	6	23	9	7	23	
0	46	0	23	28	25	25	21	28	20	22	30	35	1	28	26	
0	36	21	0	13	23	14	22	20	16	23	19	30	22	20	16	
0	25	25	11	0	17	18	18	13	3	19	23	18	16	24	5	
0	40	8	4	17	0	18	24	21	20	25	23	19	9	7	20	
0	33	7	10	17	9	0	8	13	16	9	5	23	8	6	22	
0	26	13	2	9	16	7	0	20	12	1	12	27	2	12	14	
0	31	12	7	14	4	12	5	0	17	6	17	10	7	11	19	
0	33	22	17	8	14	22	15	10	0	16	27	15	13	21	13	
0	25	12	1	8	15	6	14	19	11	0	11	26	1	11	13	
0	28	3	8	17	4	22	19	25	20	20	0	23	4	2	22	
0	59	23	41	48	48	46	39	51	41	40	51	0	24	22	49	
0	58	12	29	37	37	37	33	40	32	34	42	47	0	27	38	
0	43	1	19	26	26	24	17	29	21	18	29	36	2	0	27	
0	20	20	6	15	22	13	21	26	18	22	18	33	21	19	0	
Tamanho_Tarefas
0	15	19	13	7	29	8	12	24	9	12	2	25	6	5	15	
Data_Entrega
0	151	153	153	153	154	154	149	154	153	152	151	150	151	150	153	
Penalidade_Atraso
0	10	8	17	3	10	5	18	17	11	13	14	6	2	16	8	
Capacidade_Veiculo
52	54	44	54	54	
Custo_Fixo_Veiculo
520	540	440	540	540	
Coordenadas_Clientes
x	0	y	0
x	122	y	0
x	75	y	33
x	58	y	64
x	28	y	87
x	-11	y	112
x	-42	y	73
x	-80	y	58
x	-117	y	24
x	-82	y	-17
x	-71	y	-51
x	-53	y	-92
x	-10	y	-101
x	33	y	-101
x	64	y	-72
x	82	y	-36
Tempo_Viagem
0	122	81	86	91	112	84	98	119	83	87	106	101	106	96	89	
122	0	57	90	127	173	179	210	240	204	199	197	165	134	92	53	
81	57	0	35	71	116	123	157	192	164	168	178	158	140	105	69	
86	90	35	0	37	83	100	138	179	161	172	191	178	166	136	102	
91	127	71	37	0	46	71	111	158	151	169	196	191	188	163	134	
112	173	116	83	46	0	49	87	137	147	173	208	213	217	198	174	
84	179	123	100	71	49	0	40	89	98	127	165	176	189	179	165	
98	210	157	138	111	87	40	0	50	75	109	152	173	195	194	187	
119	240	192	179	158	137	89	50	0	53	87	131	163	195	204	207	
83	204	164	161	151	147	98	75	53	0	35	79	110	142	156	165	
87	199	168	172	169	173	127	109	87	35	0	44	78	115	136	153	
106	197	178	191	196	208	165	152	131	79	44	0	43	86	118	146	
101	165	158	178	191	213	176	173	163	110	78	43	0	43	79	112	
106	134	140	166	188	217	189	195	195	142	115	86	43	0	42	81	
96	92	105	136	163	198	179	194	204	156	136	118	79	42	0	40	
89	53	69	102	134	174	165	187	207	165	153	146	112	81	40	0	
Custo_Viagem
V0
0	1268	842	894	946	1164	873	1019	1237	863	904	1102	1050	1102	998	925	
1268	0	592	936	1331	1799	1861	2184	2496	2121	2069	2048	1726	1393	956	551	
842	592	0	364	738	1206	1279	1632	1996	1705	1747	1851	1643	1456	1092	717	
894	936	364	0	384	873	1040	1435	1861	1674	1788	1986	1851	1726	1414	1060	
946	1331	738	384	0	478	738	1154	1643	1570	1757	2038	1986	1955	1695	1393	
1164	1799	1206	873	478	0	509	904	1424	1528	1799	2163	2215	2256	2059	1809	
873	1861	1279	1040	738	509	0	416	925	1019	1320	1716	1830	1965	1861	1716	
1019	2184	1632	1435	1154	904	416	0	520	780	1133	1580	1799	2028	2017	1944	
1237	2496	1996	1861	1643	1424	925	520	0	551	904	1372	1705	2028	2121	2152	
863	2121	1705	1674	1570	1528	1019	780	551	0	364	832	1144	1476	1622	1716	
904	2069	1747	1788	1757	1799	1320	1133	904	364	0	457	811	1196	1414	1591	
1102	2048	1851	1986	2038	2163	1716	1580	1372	832	457	0	447	894	1227	1518	
1050	1726	1643	1851	1986	2215	1830	1799	1705	1144	811	447	0	447	821	1164	
1102	1393	1456	1726	1955	2256	1965	2028	2028	1476	1196	894	447	0	436	842	
998	956	1092	1414	1695	2059	1861	2017	2121	1622	1414	1227	821	436	0	416	
925	551	717	1060	1393	1809	1716	1944	2152	1716	1591	1518	1164	842	416	0	
V1
0	1317	874	928	982	1209	907	1058	1285	896	939	1144	1090	1144	1036	961	
1317	0	615	972	1382	1868	1933	2268	2592	2203	2149	2127	1792	1447	993	572	
874	615	0	378	766	1252	1328	1695	2073	1771	1814	1922	1706	1512	1134	745	
928	972	378	0	399	907	1080	1490	1933	1738	1857	2062	1922	1792	1468	1101	
982	1382	766	399	0	496	766	1198	1706	1630	1825	2116	2062	2030	1760	1447	
1209	1868	1252	907	496	0	529	939	1479	1587	1868	2246	2300	2343	2138	1879	
907	1933	1328	1080	766	529	0	432	961	1058	1371	1782	1900	2041	1933	1782	
1058	2268	1695	1490	1198	939	432	0	540	810	1177	1641	1868	2106	2095	2019	
1285	2592	2073	1933	1706	1479	961	540	0	572	939	1425	1771	2106	2203	2235	
896	2203	1771	1738	1630	1587	1058	810	572	0	378	864	1188	1533	1684	1782	
939	2149	1814	1857	1825	1868	1371	1177	939	378	0	475	842	1242	1468	1652	
1144	2127	1922	2062	2116	2246	1782	1641	1425	864	475	0	464	928	1274	1576	
1090	1792	1706	1922	2062	2300	1900	1868	1771	1188	842	464	0	464	853	1209	
1144	1447	1512	1792	2030	2343	2041	2106	2106	1533	1242	928	464	0	453	874	
1036	993	1134	1468	1760	2138	1933	2095	2203	1684	1468	1274	853	453	0	432	
961	572	745	1101	1447	1879	1782	2019	2235	1782	1652	1576	1209	874	432	0	
V2
0	1073	712	756	800	985	739	862	1047	730	765	932	888	932	844	783	
1073	0	501	792	1126	1522	1575	1848	2112	1795	1751	1733	1460	1179	809	466	
712	501	0	308	624	1020	1082	1381	1689	1443	1478	1566	1390	1232	924	607	
756	792	308	0	325	739	880	1214	1575	1416	1513	1680	1566	1460	1196	897	
800	1126	624	325	0	404	624	976	1390	1328	1487	1724	1680	1654	1434	1179	
985	1522	1020	739	404	0	431	765	1205	1293	1522	1830	1874	1909	1742	1531	
739	1575	1082	880	624	431	0	352	783	862	1117	1452	1548	1663	1575	1452	
862	1848	1381	1214	976	765	352	0	440	660	959	1337	1522	1716	1707	1645	
1047	2112	1689	1575	1390	1205	783	440	0	466	765	1161	1443	1716	1795	1821	
730	1795	1443	1416	1328	1293	862	660	466	0	308	704	968	1249	1372	1452	
765	1751	1478	1513	1487	1522	1117	959	765	308	0	387	686	1012	1196	1346	
932	1733	1566	1680	1724	1830	1452	1337	1161	704	387	0	378	756	1038	1284	
888	1460	1390	1566	1680	1874	1548	1522	1443	968	686	378	0	378	695	985	
932	1179	1232	1460	1654	1909	1663	1716	1716	1249	1012	756	378	0	369	712	
844	809	924	1196	1434	1742	1575	1707	1795	1372	1196	1038	695	369	0	352	
783	466	607	897	1179	1531	1452	1645	1821	1452	1346	1284	985	712	352	0	
V3
0	1317	874	928	982	1209	907	1058	1285	896	939	1144	1090	1144	1036	961	
1317	0	615	972	1382	1868	1933	2268	2592	2203	2149	2127	1792	1447	993	572	
874	615	0	378	766	1252	1328	1695	2073	1771	1814	1922	1706	1512	1134	745	
928	972	378	0	399	907	1080	1490	1933	1738	1857	2062	1922	1792	1468	1101	
982	1382	766	399	0	496	766	1198	1706	1630	1825	2116	2062	2030	1760	1447	
1209	1868	1252	907	496	0	529	939	1479	1587	1868	2246	2300	2343	2138	1879	
907	1933	1328	1080	766	529	0	432	961	1058	1371	1782	1900	2041	1933	1782	
1058	2268	1695	1490	1198	939	432	0	540	810	1177	1641	1868	2106	2095	2019	
1285	2592	2073	1933	1706	1479	961	540	0	572	939	1425	1771	2106	2203	2235	
896	2203	1771	1738	1630	1587	1058	810	572	0	378	864	1188	1533	1684	1782	
939	2149	1814	1857	1825	1868	1371	1177	939	378	0	475	842	1242	1468	1652	
1144	2127	1922	2062	2116	2246	1782	1641	1425	864	475	0	464	928	1274	1576	
1090	1792	1706	1922	2062	2300	1900	1868	1771	1188	842	464	0	464	853	1209	
1144	1447	1512	1792	2030	2343	2041	2106	2106	1533	1242	928	464	0	453	874	
1036	993	1134	1468	1760	2138	1933	2095	2203	1684	1468	1274	853	453	0	432	
961	572	745	1101	1447	1879	1782	2019	2235	1782	1652	1576	1209	874	432	0	
V4
0	1317	874	928	982	1209	907	1058	1285	896	939	1144	1090	1144	1036	961	
1317	0	615	972	1382	1868	1933	2268	2592	2203	2149	2127	1792	1447	993	572	
874	615	0	378	766	1252	1328	1695	2073	1771	1814	1922	1706	1512	1134	745	
928	972	378	0	399	907	1080	1490	1933	1738	1857	2062	1922	1792	1468	1101	
982	1382	766	399	0	496	766	1198	1706	1630	1825	2116	2062	2030	1760	1447	
1209	1868	1252	907	496	0	529	939	1479	1587	1868	2246	2300	2343	2138	1879	
907	1933	1328	1080	766	529	0	432	961	1058	1371	1782	1900	2041	1933	1782	
1058	2268	1695	1490	1198	939	432	0	540	810	1177	1641	1868	2106	2095	2019	
1285	2592	2073	1933	1706	1479	961	540	0	572	939	1425	1771	2106	2203	2235	
896	2203	1771	1738	1630	1587	1058	810	572	0	378	864	1188	1533	1684	1782	
939	2149	1814	1857	1825	1868	1371	1177	939	378	0	475	842	1242	1468	1652	
1144	2127	1922	2062	2116	2246	1782	1641	1425	864	475	0	464	928	1274	1576	
1090	1792	1706	1922	2062	2300	1900	1868	1771	1188	842	464	0	464	853	1209	
1144	1447	1512	1792	2030	2343	2041	2106	2106	1533	1242	928	464	0	453	874	
1036	993	1134	1468	1760	2138	1933	2095	2203	1684	1468	1274	853	453	0	432	
961	572	745	1101	1447	1879	1782	2019	2235	1782	1652	1576	1209	874	432	0	
Velocidade_Veiculos
1	1	1	1	1	