M: 8
N: 15
Nun_Veiculos: 8
Capacidade_Total: 393
Demanda_Total: 243
Setup_Min: 1
Setup_Max: 99
Raio: 20
Circulos: 1
Tempo_Processamento_Min: 1
Tempo_Processamento_Max: 49
Demanda_Min: 10
Demanda_Max: 30
Priority_Factor: 0.2
Range_Factor_R: 0.8
U_factor: 2
ALpha: 0.2Replicao: 3
Tempos_Processamentos
0	0	1	0	2	0	3	0	4	0	5	0	6	0	7	0	
0	35	1	16	2	24	3	36	4	17	5	49	6	24	7	42	
0	1	1	44	2	40	3	22	4	31	5	12	6	17	7	24	
0	17	1	25	2	2	3	47	4	8	5	12	6	30	7	8	
0	42	1	42	2	2	3	11	4	49	5	19	6	11	7	25	
0	17	1	45	2	31	3	35	4	40	5	9	6	1	7	9	
0	21	1	33	2	16	3	36	4	8	5	21	6	44	7	45	
0	47	1	40	2	38	3	9	4	48	5	40	6	24	7	42	
0	32	1	44	2	8	3	17	4	6	5	37	6	42	7	13	
0	3	1	9	2	33	3	18	4	8	5	36	6	39	7	44	
0	23	1	4	2	31	3	18	4	23	5	28	6	16	7	6	
0	16	1	40	2	19	3	27	4	48	5	6	6	35	7	12	
0	43	1	44	2	28	3	19	4	28	5	42	6	16	7	37	
0	22	1	41	2	7	3	37	4	39	5	25	6	9	7	40	
0	33	1	43	2	11	3	10	4	6	5	3	6	12	7	47	
0	31	1	10	2	23	3	10	4	37	5	19	6	3	7	44	

Tempos_setup
M0
0	0	0	0	0	0	0	0	0	0	0	0	0	0	0	0	
0	0	39	43	29	35	10	22	23	11	28	37	37	21	28	46	
0	20	0	25	11	47	1	16	17	5	17	13	55	28	18	28	
0	48	54	0	44	49	23	22	39	59	38	37	33	50	48	33	
0	9	36	14	0	43	19	19	7	20	6	39	45	18	7	17	
0	38	28	20	29	0	17	16	24	33	23	16	12	35	29	14	
0	40	31	45	31	61	0	31	38	36	37	27	69	42	30	48	
0	26	32	34	22	53	1	0	17	37	16	28	55	28	29	38	
0	20	29	25	11	36	18	17	0	27	5	42	38	11	18	28	
0	18	41	32	18	48	12	11	12	0	17	39	50	23	17	35	
0	15	30	20	6	37	19	18	1	26	0	43	39	12	13	23	
0	22	36	27	13	56	5	4	20	33	19	0	58	31	20	22	
0	26	40	31	17	16	9	8	24	30	23	4	0	35	24	26	
0	32	18	37	23	25	11	27	18	16	17	31	27	0	30	39	
0	10	37	15	1	44	20	20	8	21	7	32	46	19	0	18	
0	24	21	29	15	46	3	2	10	26	9	30	48	21	15	0	
M1
0	0	0	0	0	0	0	0	0	0	0	0	0	0	0	0	
0	0	34	43	37	30	17	42	55	32	24	26	32	10	47	6	
0	37	0	46	37	33	17	18	65	35	24	39	1	27	50	26	
0	26	37	0	8	27	32	27	19	29	39	23	35	32	21	28	
0	18	29	32	0	19	24	19	51	21	31	15	27	24	13	20	
0	31	17	13	21	0	28	35	32	2	35	36	18	21	34	17	
0	23	33	29	20	16	0	29	48	18	7	29	34	13	33	9	
0	19	10	42	33	29	13	0	54	24	20	42	11	9	46	22	
0	20	31	37	36	30	34	21	0	32	41	44	29	26	15	24	
0	44	39	56	64	43	50	57	41	0	50	50	37	43	56	39	
0	33	26	22	30	9	30	22	41	11	0	39	27	23	43	19	
0	26	21	17	25	4	32	27	36	6	39	0	22	25	21	21	
0	39	2	45	36	32	16	20	64	34	23	38	0	29	49	25	
0	10	24	53	47	40	27	42	45	42	34	36	22	0	57	16	
0	5	16	22	21	15	19	6	41	17	26	31	14	15	0	11	
0	14	28	37	31	24	11	40	49	26	18	20	26	4	41	0	
M2
0	0	0	0	0	0	0	0	0	0	0	0	0	0	0	0	
0	0	25	11	17	26	25	13	8	26	22	25	14	9	14	39	
0	2	0	13	11	1	14	15	10	20	21	2	16	11	8	41	
0	16	14	0	6	15	16	29	22	15	35	16	18	25	3	48	
0	10	8	19	0	9	10	23	18	9	29	10	24	19	16	49	
0	1	18	12	10	0	20	14	9	19	20	1	15	10	15	40	
0	13	11	21	22	12	0	26	21	31	32	13	18	22	19	41	
0	15	13	20	5	14	12	0	21	14	34	15	17	24	2	26	
0	20	20	27	12	21	19	7	0	21	14	17	24	29	9	33	
0	11	24	10	16	10	26	24	19	0	21	11	25	20	13	43	
0	23	21	32	13	22	23	36	31	22	0	23	32	32	29	23	
0	22	31	33	23	32	33	23	21	30	19	0	17	19	20	42	
0	24	24	31	16	25	23	11	4	25	18	21	0	33	13	37	
0	19	17	24	9	18	16	4	9	18	23	19	5	0	6	30	
0	13	11	22	3	12	13	26	19	12	32	13	15	22	0	45	
0	10	8	13	19	9	22	23	18	3	24	10	24	19	16	0	
M3
0	0	0	0	0	0	0	0	0	0	0	0	0	0	0	0	
0	0	18	21	6	9	30	24	22	35	28	31	36	34	36	31	
0	29	0	30	16	18	39	33	25	28	33	36	18	16	28	22	
0	18	11	0	24	23	9	20	23	20	26	10	29	27	21	20	
0	33	25	15	0	3	24	18	16	35	41	25	43	41	36	25	
0	35	22	18	11	0	27	29	13	33	39	28	40	38	34	22	
0	9	2	19	15	14	0	11	14	22	28	1	20	18	23	11	
0	38	9	25	25	27	29	0	34	37	42	16	27	25	37	31	
0	22	9	5	24	13	14	25	0	25	26	15	27	25	21	25	
0	2	7	20	8	11	20	26	15	0	6	21	12	10	1	29	
0	9	1	27	15	18	27	26	22	7	0	28	19	17	8	23	
0	30	1	18	17	19	27	10	26	29	34	0	19	17	29	23	
0	20	24	28	19	22	22	15	23	44	37	23	0	21	32	33	
0	22	26	30	21	13	24	17	25	46	39	25	2	0	34	35	
0	1	6	19	7	10	19	25	14	12	5	20	11	9	0	28	
0	13	12	8	16	5	17	24	3	11	17	14	23	21	12	0	
M4
0	0	0	0	0	0	0	0	0	0	0	0	0	0	0	0	
0	0	5	9	16	13	24	47	7	7	14	32	5	9	19	4	
0	42	0	4	29	30	33	57	12	16	26	38	34	18	36	33	
0	38	15	0	41	26	29	53	27	12	27	34	30	14	32	29	
0	51	39	43	0	45	37	32	47	32	45	51	44	34	48	55	
0	28	12	16	25	0	14	38	14	3	1	29	14	5	6	19	
0	14	13	17	18	23	0	43	21	9	14	34	7	11	11	18	
0	31	7	11	36	19	22	0	19	5	20	43	29	7	25	35	
0	31	25	19	17	18	32	49	0	16	14	44	32	18	24	35	
0	26	9	13	35	14	17	42	19	0	15	38	24	2	20	30	
0	28	11	15	30	16	19	44	13	2	0	40	26	4	22	32	
0	54	38	42	38	26	40	44	37	29	27	0	40	31	32	45	
0	28	11	15	11	16	19	43	20	2	17	27	0	4	22	32	
0	24	24	28	34	12	26	40	17	15	13	41	26	0	18	28	
0	36	7	11	19	24	27	32	11	10	25	23	8	12	0	40	
0	29	10	14	12	17	20	44	3	3	17	28	1	5	23	0	
M5
0	0	0	0	0	0	0	0	0	0	0	0	0	0	0	0	
0	0	22	17	41	12	22	8	14	7	33	21	18	20	16	19	
0	19	0	6	46	6	36	23	8	16	42	15	33	29	25	31	
0	26	26	0	56	16	48	33	18	33	54	25	41	46	20	39	
0	24	27	26	0	27	24	15	26	29	12	25	14	17	37	26	
0	24	10	15	40	0	33	17	2	21	47	9	27	34	19	25	
0	43	46	33	19	46	0	34	45	48	31	44	33	36	44	45	
0	29	26	22	44	16	34	0	18	14	40	14	10	27	22	11	
0	28	9	13	53	15	34	32	0	25	51	24	33	38	33	40	
0	20	21	10	38	23	20	19	25	0	26	21	28	13	30	18	
0	12	15	14	30	15	12	20	17	19	0	13	2	5	28	29	
0	15	12	15	31	2	24	17	4	19	43	0	27	32	21	16	
0	26	23	12	34	13	35	28	15	30	46	11	0	43	32	27	
0	7	10	16	25	16	7	15	18	14	19	25	21	0	23	26	
0	38	34	12	55	28	46	45	30	36	34	32	21	39	0	48	
0	18	15	13	34	5	23	1	7	3	29	3	11	16	23	0	
M6
0	0	0	0	0	0	0	0	0	0	0	0	0	0	0	0	
0	0	17	14	43	25	45	18	18	13	18	24	10	21	8	16	
0	9	0	23	34	10	29	1	1	22	14	25	4	12	17	25	
0	12	3	0	37	11	31	4	4	15	4	10	5	15	6	2	
0	22	14	11	0	22	42	7	15	26	2	20	4	18	17	13	
0	14	22	28	28	0	51	23	23	27	30	22	1	8	22	30	
0	15	15	23	48	20	0	16	16	22	27	22	17	27	16	14	
0	32	38	44	33	18	62	0	39	45	35	40	19	11	40	46	
0	8	24	22	48	31	28	18	0	21	13	24	3	26	16	24	
0	13	4	1	38	12	32	5	5	0	5	11	6	16	7	3	
0	21	12	9	38	20	40	5	13	24	0	19	2	16	15	11	
0	40	32	39	41	26	44	8	33	53	41	0	11	19	9	41	
0	30	21	28	45	28	50	22	22	43	32	21	0	23	30	30	
0	36	27	33	22	27	56	28	28	46	24	42	26	0	39	35	
0	32	23	30	47	30	52	24	24	45	32	23	2	25	0	32	
0	10	1	14	35	11	29	2	2	13	15	8	3	13	4	0	
M7
0	0	0	0	0	0	0	0	0	0	0	0	0	0	0	0	
0	0	17	19	15	15	1	16	9	7	21	3	20	6	9	10	
0	6	0	11	7	7	7	22	8	13	13	9	3	12	15	16	
0	18	20	0	26	27	15	12	20	23	33	17	7	22	12	26	
0	19	23	4	0	11	19	16	12	14	17	21	11	13	16	12	
0	13	12	5	7	0	14	17	1	20	6	11	12	19	17	19	
0	3	18	18	14	15	0	19	8	10	21	2	21	9	10	13	
0	21	38	40	36	36	22	0	30	28	42	24	41	27	30	31	
0	17	11	10	6	17	18	22	0	20	23	20	14	19	22	18	
0	5	20	15	20	20	6	9	14	0	26	8	22	11	12	15	
0	7	24	26	22	22	8	23	16	14	0	10	27	13	16	17	
0	22	16	16	12	13	23	28	6	26	19	0	19	25	8	24	
0	11	18	23	19	23	8	25	13	16	29	10	0	15	18	19	
0	6	21	14	16	9	7	10	10	1	15	9	21	0	13	4	
0	14	8	10	15	15	15	22	16	21	21	17	11	20	0	24	
0	29	31	11	17	28	26	11	29	31	34	28	18	30	23	0	
Tamanho_Tarefas
0	18	20	14	18	13	15	22	21	13	11	11	17	19	15	16	
Data_Entrega
0	36	32	36	32	32	31	31	33	32	33	35	32	33	36	33	
Penalidade_Atraso
0	17	4	8	1	3	12	1	14	18	12	12	14	14	8	13	
Capacidade_Veiculo
55	55	56	59	42	36	40	50	
Custo_Fixo_Veiculo
550	550	560	590	420	360	400	500	
Coordenadas_Clientes
x	0	y	0
x	24	y	0
x	15	y	6
x	10	y	11
x	5	y	18
x	-2	y	20
x	-10	y	18
x	-18	y	13
x	-21	y	4
x	-18	y	-4
x	-15	y	-10
x	-10	y	-17
x	-2	y	-24
x	5	y	-17
x	13	y	-14
x	21	y	-9
Tempo_Viagem
0	24	16	14	18	20	20	22	21	18	18	19	24	17	19	22	
24	0	10	17	25	32	37	43	45	42	40	38	34	25	17	9	
16	10	0	7	15	22	27	33	36	34	34	33	34	25	20	16	
14	17	7	0	8	15	21	28	31	31	32	33	37	28	25	22	
18	25	15	8	0	7	15	23	29	31	34	37	42	35	32	30	
20	32	22	15	7	0	8	17	24	28	32	37	44	37	37	37	
20	37	27	21	15	8	0	9	17	23	28	35	42	37	39	41	
22	43	33	28	23	17	9	0	9	17	23	31	40	37	41	44	
21	45	36	31	29	24	17	9	0	8	14	22	32	33	38	43	
18	42	34	31	31	28	23	17	8	0	6	14	24	26	32	39	
18	40	34	32	34	32	28	23	14	6	0	8	18	21	28	36	
19	38	33	33	37	37	35	31	22	14	8	0	10	15	23	32	
24	34	34	37	42	44	42	40	32	24	18	10	0	9	17	26	
17	25	25	28	35	37	37	37	33	26	21	15	9	0	8	17	
19	17	20	25	32	37	39	41	38	32	28	23	17	8	0	9	
22	9	16	22	30	37	41	44	43	39	36	32	26	17	9	0	
Custo_Viagem
V0
0	264	176	154	198	220	220	242	231	198	198	209	264	187	209	242	
264	0	110	187	286	352	418	473	495	462	440	418	385	275	187	99	
176	110	0	77	165	242	297	363	396	374	374	363	374	275	220	176	
154	187	77	0	88	165	231	308	341	341	352	374	407	308	275	242	
198	286	165	88	0	77	165	253	319	341	374	418	462	385	352	341	
220	352	242	165	77	0	88	187	264	308	352	407	484	407	407	407	
220	418	297	231	165	88	0	99	187	253	308	385	462	418	429	451	
242	473	363	308	253	187	99	0	99	187	253	341	440	407	451	484	
231	495	396	341	319	264	187	99	0	88	165	253	363	363	418	473	
198	462	374	341	341	308	253	187	88	0	66	165	275	286	352	429	
198	440	374	352	374	352	308	253	165	66	0	88	209	231	308	396	
209	418	363	374	418	407	385	341	253	165	88	0	110	165	253	352	
264	385	374	407	462	484	462	440	363	275	209	110	0	99	198	297	
187	275	275	308	385	407	418	407	363	286	231	165	99	0	88	187	
209	187	220	275	352	407	429	451	418	352	308	253	198	88	0	99	
242	99	176	242	341	407	451	484	473	429	396	352	297	187	99	0	
V1
0	264	176	154	198	220	220	242	231	198	198	209	264	187	209	242	
264	0	110	187	286	352	418	473	495	462	440	418	385	275	187	99	
176	110	0	77	165	242	297	363	396	374	374	363	374	275	220	176	
154	187	77	0	88	165	231	308	341	341	352	374	407	308	275	242	
198	286	165	88	0	77	165	253	319	341	374	418	462	385	352	341	
220	352	242	165	77	0	88	187	264	308	352	407	484	407	407	407	
220	418	297	231	165	88	0	99	187	253	308	385	462	418	429	451	
242	473	363	308	253	187	99	0	99	187	253	341	440	407	451	484	
231	495	396	341	319	264	187	99	0	88	165	253	363	363	418	473	
198	462	374	341	341	308	253	187	88	0	66	165	275	286	352	429	
198	440	374	352	374	352	308	253	165	66	0	88	209	231	308	396	
209	418	363	374	418	407	385	341	253	165	88	0	110	165	253	352	
264	385	374	407	462	484	462	440	363	275	209	110	0	99	198	297	
187	275	275	308	385	407	418	407	363	286	231	165	99	0	88	187	
209	187	220	275	352	407	429	451	418	352	308	253	198	88	0	99	
242	99	176	242	341	407	451	484	473	429	396	352	297	187	99	0	
V2
0	268	179	156	201	224	224	246	235	201	201	212	268	190	212	246	
268	0	112	190	291	358	425	481	504	470	448	425	392	280	190	100	
179	112	0	78	168	246	302	369	403	380	380	369	380	280	224	179	
156	190	78	0	89	168	235	313	347	347	358	380	414	313	280	246	
201	291	168	89	0	78	168	257	324	347	380	425	470	392	358	347	
224	358	246	168	78	0	89	190	268	313	358	414	492	414	414	414	
224	425	302	235	168	89	0	100	190	257	313	392	470	425	436	459	
246	481	369	313	257	190	100	0	100	190	257	347	448	414	459	492	
235	504	403	347	324	268	190	100	0	89	168	257	369	369	425	481	
201	470	380	347	347	313	257	190	89	0	67	168	280	291	358	436	
201	448	380	358	380	358	313	257	168	67	0	89	212	235	313	403	
212	425	369	380	425	414	392	347	257	168	89	0	112	168	257	358	
268	392	380	414	470	492	470	448	369	280	212	112	0	100	201	302	
190	280	280	313	392	414	425	414	369	291	235	168	100	0	89	190	
212	190	224	280	358	414	436	459	425	358	313	257	201	89	0	100	
246	100	179	246	347	414	459	492	481	436	403	358	302	190	100	0	
V3
0	283	188	165	212	236	236	259	247	212	212	224	283	200	224	259	
283	0	118	200	306	377	448	507	531	495	472	448	413	295	200	106	
188	118	0	82	177	259	318	389	424	401	401	389	401	295	236	188	
165	200	82	0	94	177	247	330	365	365	377	401	436	330	295	259	
212	306	177	94	0	82	177	271	342	365	401	448	495	413	377	365	
236	377	259	177	82	0	94	200	283	330	377	436	519	436	436	436	
236	448	318	247	177	94	0	106	200	271	330	413	495	448	460	483	
259	507	389	330	271	200	106	0	106	200	271	365	472	436	483	519	
247	531	424	365	342	283	200	106	0	94	177	271	389	389	448	507	
212	495	401	365	365	330	271	200	94	0	70	177	295	306	377	460	
212	472	401	377	401	377	330	271	177	70	0	94	224	247	330	424	
224	448	389	401	448	436	413	365	271	177	94	0	118	177	271	377	
283	413	401	436	495	519	495	472	389	295	224	118	0	106	212	318	
200	295	295	330	413	436	448	436	389	306	247	177	106	0	94	200	
224	200	236	295	377	436	460	483	448	377	330	271	212	94	0	106	
259	106	188	259	365	436	483	519	507	460	424	377	318	200	106	0	
V4
0	201	134	117	151	168	168	184	176	151	151	159	201	142	159	184	
201	0	84	142	218	268	319	361	378	352	336	319	294	210	142	75	
134	84	0	58	126	184	226	277	302	285	285	277	285	210	168	134	
117	142	58	0	67	126	176	235	260	260	268	285	310	235	210	184	
151	218	126	67	0	58	126	193	243	260	285	319	352	294	268	260	
168	268	184	126	58	0	67	142	201	235	268	310	369	310	310	310	
168	319	226	176	126	67	0	75	142	193	235	294	352	319	327	344	
184	361	277	235	193	142	75	0	75	142	193	260	336	310	344	369	
176	378	302	260	243	201	142	75	0	67	126	193	277	277	319	361	
151	352	285	260	260	235	193	142	67	0	50	126	210	218	268	327	
151	336	285	268	285	268	235	193	126	50	0	67	159	176	235	302	
159	319	277	285	319	310	294	260	193	126	67	0	84	126	193	268	
201	294	285	310	352	369	352	336	277	210	159	84	0	75	151	226	
142	210	210	235	294	310	319	310	277	218	176	126	75	0	67	142	
159	142	168	210	268	310	327	344	319	268	235	193	151	67	0	75	
184	75	134	184	260	310	344	369	361	327	302	268	226	142	75	0	
V5
0	172	115	100	129	144	144	158	151	129	129	136	172	122	136	158	
172	0	72	122	187	230	273	309	324	302	288	273	252	180	122	64	
115	72	0	50	108	158	194	237	259	244	244	237	244	180	144	115	
100	122	50	0	57	108	151	201	223	223	230	244	266	201	180	158	
129	187	108	57	0	50	108	165	208	223	244	273	302	252	230	223	
144	230	158	108	50	0	57	122	172	201	230	266	316	266	266	266	
144	273	194	151	108	57	0	64	122	165	201	252	302	273	280	295	
158	309	237	201	165	122	64	0	64	122	165	223	288	266	295	316	
151	324	259	223	208	172	122	64	0	57	108	165	237	237	273	309	
129	302	244	223	223	201	165	122	57	0	43	108	180	187	230	280	
129	288	244	230	244	230	201	165	108	43	0	57	136	151	201	259	
136	273	237	244	273	266	252	223	165	108	57	0	72	108	165	230	
172	252	244	266	302	316	302	288	237	180	136	72	0	64	129	194	
122	180	180	201	252	266	273	266	237	187	151	108	64	0	57	122	
136	122	144	180	230	266	280	295	273	230	201	165	129	57	0	64	
158	64	115	158	223	266	295	316	309	280	259	230	194	122	64	0	
V6
0	192	128	112	144	160	160	176	168	144	144	152	192	136	152	176	
192	0	80	136	208	256	304	344	360	336	320	304	280	200	136	72	
128	80	0	56	120	176	216	264	288	272	272	264	272	200	160	128	
112	136	56	0	64	120	168	224	248	248	256	272	296	224	200	176	
144	208	120	64	0	56	120	184	232	248	272	304	336	280	256	248	
160	256	176	120	56	0	64	136	192	224	256	296	352	296	296	296	
160	304	216	168	120	64	0	72	136	184	224	280	336	304	312	328	
176	344	264	224	184	136	72	0	72	136	184	248	320	296	328	352	
168	360	288	248	232	192	136	72	0	64	120	184	264	264	304	344	
144	336	272	248	248	224	184	136	64	0	48	120	200	208	256	312	
144	320	272	256	272	256	224	184	120	48	0	64	152	168	224	288	
152	304	264	272	304	296	280	248	184	120	64	0	80	120	184	256	
192	280	272	296	336	352	336	320	264	200	152	80	0	72	144	216	
136	200	200	224	280	296	304	296	264	208	168	120	72	0	64	136	
152	136	160	200	256	296	312	328	304	256	224	184	144	64	0	72	
176	72	128	176	248	296	328	352	344	312	288	256	216	136	72	0	
V7
0	240	160	140	180	200	200	220	210	180	180	190	240	170	190	220	
240	0	100	170	260	320	380	430	450	420	400	380	350	250	170	90	
160	100	0	70	150	220	270	330	360	340	340	330	340	250	200	160	
140	170	70	0	80	150	210	280	310	310	320	340	370	280	250	220	
180	260	150	80	0	70	150	230	290	310	340	380	420	350	320	310	
200	320	220	150	70	0	80	170	240	280	320	370	440	370	370	370	
200	380	270	210	150	80	0	90	170	230	280	350	420	380	390	410	
220	430	330	280	230	170	90	0	90	170	230	310	400	370	410	440	
210	450	360	310	290	240	170	90	0	80	150	230	330	330	380	430	
180	420	340	310	310	280	230	170	80	0	60	150	250	260	320	390	
180	400	340	320	340	320	280	230	150	60	0	80	190	210	280	360	
190	380	330	340	380	370	350	310	230	150	80	0	100	150	230	320	
240	350	340	370	420	440	420	400	330	250	190	100	0	90	180	270	
170	250	250	280	350	370	380	370	330	260	210	150	90	0	80	170	
190	170	200	250	320	370	390	410	380	320	280	230	180	80	0	90	
220	90	160	220	310	370	410	440	430	390	360	320	270	170	90	0	
Velocidade_Veiculos
1	1	1	1	1	1	1	1	