M: 8
N: 15
Nun_Veiculos: 5
Capacidade_Total: 305
Demanda_Total: 248
Setup_Min: 1
Setup_Max: 9
Raio: 100
Circulos: 1
Tempo_Processamento_Min: 1
Tempo_Processamento_Max: 49
Demanda_Min: 10
Demanda_Max: 30
Priority_Factor: 0.2
Range_Factor_R: 0.8
U_factor: 2
ALpha: 0.2Replicao: 0
Tempos_Processamentos
0	0	1	0	2	0	3	0	4	0	5	0	6	0	7	0	
0	32	1	36	2	25	3	37	4	38	5	6	6	17	7	27	
0	35	1	26	2	49	3	42	4	43	5	3	6	3	7	46	
0	1	1	27	2	42	3	16	4	7	5	27	6	49	7	43	
0	3	1	13	2	32	3	17	4	16	5	49	6	7	7	2	
0	16	1	6	2	10	3	39	4	43	5	5	6	2	7	49	
0	26	1	17	2	10	3	29	4	6	5	46	6	49	7	10	
0	12	1	19	2	10	3	11	4	34	5	9	6	1	7	18	
0	21	1	47	2	1	3	45	4	14	5	10	6	2	7	37	
0	49	1	7	2	13	3	40	4	27	5	34	6	37	7	21	
0	17	1	36	2	10	3	31	4	38	5	43	6	9	7	18	
0	5	1	41	2	16	3	19	4	15	5	5	6	44	7	4	
0	10	1	29	2	6	3	49	4	20	5	17	6	20	7	26	
0	9	1	9	2	7	3	33	4	12	5	14	6	45	7	14	
0	8	1	15	2	18	3	47	4	25	5	36	6	21	7	7	
0	2	1	35	2	47	3	32	4	42	5	3	6	3	7	39	

Tempos_setup
M0
0	0	0	0	0	0	0	0	0	0	0	0	0	0	0	0	
0	0	2	4	3	4	3	2	5	3	4	3	4	4	3	7	
0	3	0	4	3	3	2	2	4	1	2	1	4	2	4	5	
0	3	5	0	5	2	4	4	4	3	5	4	2	3	3	6	
0	6	3	3	0	5	4	4	6	4	5	3	5	4	6	6	
0	6	3	6	3	0	4	2	5	4	5	4	3	1	6	6	
0	3	3	6	3	1	0	2	5	1	5	4	4	2	6	5	
0	5	2	4	1	4	3	0	3	3	4	2	2	3	5	5	
0	2	3	5	2	2	3	2	0	4	1	3	4	3	5	2	
0	2	3	5	2	5	4	1	4	0	5	3	3	4	5	4	
0	5	4	7	4	1	2	3	6	3	0	5	4	2	7	7	
0	4	3	3	2	2	1	1	3	2	4	0	3	1	3	5	
0	3	4	5	3	5	4	2	5	1	6	4	0	5	3	5	
0	5	2	6	5	5	4	4	6	3	4	3	2	0	5	5	
0	2	4	5	3	2	1	2	3	2	4	4	4	3	0	5	
0	4	3	4	2	3	2	2	2	3	3	1	3	1	4	0	
M1
0	0	0	0	0	0	0	0	0	0	0	0	0	0	0	0	
0	0	2	2	1	3	3	1	2	4	2	4	2	2	3	6	
0	3	0	1	2	3	2	3	3	3	2	4	3	1	4	6	
0	2	4	0	3	5	3	3	2	4	3	5	4	4	5	7	
0	1	2	1	0	4	4	2	3	3	1	4	1	1	2	5	
0	3	4	4	4	0	3	4	4	5	2	1	4	3	4	6	
0	2	1	2	3	4	0	2	3	2	3	3	1	2	2	5	
0	2	1	2	1	2	2	0	1	3	2	3	2	2	3	5	
0	3	2	3	4	5	1	3	0	3	4	4	2	2	3	5	
0	2	2	2	1	3	1	3	1	0	2	1	1	2	2	5	
0	4	3	2	3	4	4	2	3	5	0	5	4	1	5	4	
0	4	3	3	4	5	2	3	3	4	1	0	3	2	4	5	
0	3	3	1	2	4	3	3	2	4	3	3	0	2	1	7	
0	5	3	4	5	4	3	5	2	4	5	5	3	0	4	7	
0	2	3	2	1	3	4	3	4	4	2	4	2	2	0	6	
0	4	1	2	3	2	3	4	3	2	2	1	3	2	4	0	
M2
0	0	0	0	0	0	0	0	0	0	0	0	0	0	0	0	
0	0	2	5	3	3	3	1	2	5	3	3	5	3	1	3	
0	3	0	3	1	2	1	3	2	5	2	4	4	3	2	4	
0	4	1	0	2	1	2	4	3	2	3	4	5	4	3	3	
0	2	2	3	0	2	1	3	2	5	2	4	4	3	2	4	
0	5	4	5	4	0	5	3	4	7	5	5	7	5	3	7	
0	4	2	2	2	1	0	4	1	4	1	3	3	2	1	3	
0	4	1	4	2	2	2	0	1	6	2	2	4	2	3	4	
0	4	3	3	2	1	1	4	0	5	2	2	4	1	2	3	
0	4	2	1	2	2	3	4	4	0	1	3	3	5	4	2	
0	3	1	4	1	3	2	4	3	5	0	5	2	4	3	5	
0	5	5	5	3	2	4	4	5	4	4	0	6	6	4	2	
0	5	4	4	3	2	2	5	1	3	3	3	0	2	3	4	
0	3	2	3	1	1	2	4	3	5	3	3	5	0	3	2	
0	5	2	5	3	4	3	5	4	6	4	2	6	5	0	4	
0	6	3	6	4	2	4	2	3	5	4	1	6	4	2	0	
M3
0	0	0	0	0	0	0	0	0	0	0	0	0	0	0	0	
0	0	4	1	3	3	3	3	4	3	2	5	2	5	2	3	
0	4	0	5	7	5	4	7	6	6	3	6	4	6	6	5	
0	4	4	0	2	3	2	5	4	4	3	4	4	4	4	3	
0	4	4	5	0	1	4	4	3	3	5	5	4	4	4	3	
0	3	3	4	2	0	3	4	3	2	4	5	5	4	3	2	
0	2	2	3	3	3	0	3	2	2	3	2	4	2	2	1	
0	3	2	4	4	3	4	0	4	4	4	2	2	4	4	3	
0	2	1	3	3	2	2	1	0	1	2	3	3	1	2	1	
0	3	6	4	6	6	5	4	5	0	5	6	5	5	5	6	
0	1	3	2	4	2	4	4	4	4	0	6	1	5	3	3	
0	2	2	3	3	3	2	3	2	2	3	0	4	3	2	1	
0	1	2	2	3	1	4	3	4	3	3	5	0	5	3	3	
0	4	4	5	3	1	4	5	4	3	5	3	3	0	4	3	
0	2	2	2	1	2	2	1	2	1	1	3	2	3	0	1	
0	1	1	2	2	3	1	2	1	1	2	3	3	2	1	0	
M4
0	0	0	0	0	0	0	0	0	0	0	0	0	0	0	0	
0	0	2	1	3	3	2	2	1	2	3	3	2	3	3	3	
0	5	0	6	5	6	4	5	4	5	6	4	5	2	4	5	
0	4	1	0	3	3	2	2	4	1	5	3	5	2	3	2	
0	4	3	3	0	1	2	4	3	3	4	2	4	4	4	2	
0	3	5	4	3	0	2	4	3	3	5	2	4	4	4	3	
0	3	4	4	1	2	0	3	2	2	4	1	3	3	3	3	
0	4	2	4	2	1	1	0	3	3	5	2	4	4	4	4	
0	3	2	4	3	2	2	1	0	3	2	2	1	2	2	4	
0	5	3	2	3	2	2	1	3	0	4	2	4	1	4	1	
0	3	4	3	2	3	2	2	3	1	0	2	3	2	4	2	
0	3	3	3	4	3	3	2	1	1	3	0	2	2	2	2	
0	2	1	3	2	3	2	2	1	2	1	3	0	1	1	3	
0	6	2	6	6	5	6	7	6	6	7	6	6	0	5	5	
0	1	3	2	2	3	1	2	1	3	3	2	2	3	0	4	
0	4	2	1	4	4	3	3	4	2	3	3	5	3	4	0	
M5
0	0	0	0	0	0	0	0	0	0	0	0	0	0	0	0	
0	0	5	1	3	6	4	4	4	4	4	1	3	3	2	3	
0	3	0	3	5	7	5	5	3	5	5	2	3	5	4	4	
0	3	4	0	2	5	4	3	3	3	3	4	3	2	3	2	
0	2	6	3	0	3	3	2	3	2	1	3	1	3	4	4	
0	3	4	1	3	0	1	3	4	2	1	3	2	3	3	3	
0	2	6	2	4	5	0	5	5	3	2	2	1	4	4	4	
0	2	5	1	3	5	4	0	3	3	2	1	3	1	2	3	
0	2	5	3	2	5	2	3	0	4	3	3	3	4	4	5	
0	5	5	5	6	8	6	4	6	0	5	5	7	4	5	3	
0	3	6	3	5	3	4	5	5	1	0	4	5	2	3	4	
0	2	4	1	3	5	3	3	4	3	3	0	2	3	4	2	
0	1	5	2	4	6	4	4	5	4	5	2	0	4	3	3	
0	1	6	2	4	6	4	5	5	4	3	2	4	0	1	4	
0	2	6	3	4	6	3	4	4	5	4	3	4	1	0	4	
0	2	2	2	3	5	3	1	4	1	2	2	4	2	3	0	
M6
0	0	0	0	0	0	0	0	0	0	0	0	0	0	0	0	
0	0	3	6	3	4	4	3	3	4	3	5	4	2	3	2	
0	2	0	6	2	1	3	2	3	3	4	2	4	4	3	1	
0	3	1	0	3	2	3	3	3	2	2	3	4	3	3	2	
0	2	3	4	0	3	2	1	3	1	2	3	3	4	2	2	
0	2	5	5	3	0	5	1	2	3	4	1	4	4	4	2	
0	4	2	4	2	3	0	3	4	1	3	1	3	4	2	3	
0	1	4	6	2	2	4	0	4	3	4	3	5	3	4	1	
0	5	6	5	3	6	5	4	0	4	4	6	4	4	5	2	
0	3	2	3	1	3	3	2	3	0	2	4	2	3	1	3	
0	3	2	5	1	3	1	2	1	2	0	2	3	5	3	3	
0	3	4	5	3	4	4	3	3	2	3	0	4	5	3	4	
0	1	3	3	4	4	4	4	4	5	3	5	0	3	3	3	
0	2	3	6	4	4	5	5	1	5	4	5	5	0	5	3	
0	2	1	4	3	2	3	3	4	4	3	3	1	4	0	2	
0	3	4	5	1	4	3	2	4	2	3	4	4	3	3	0	
M7
0	0	0	0	0	0	0	0	0	0	0	0	0	0	0	0	
0	0	4	3	3	4	1	2	2	1	4	5	5	4	4	3	
0	4	0	3	1	4	3	4	5	4	5	6	4	4	5	2	
0	3	2	0	2	1	2	3	2	3	4	3	5	1	2	3	
0	5	4	2	0	3	2	3	4	3	4	5	3	3	4	5	
0	2	1	3	2	0	2	3	4	2	5	2	5	2	1	2	
0	3	4	2	4	3	0	1	4	1	5	4	4	3	3	3	
0	2	3	4	3	2	3	0	4	1	6	3	6	3	2	2	
0	4	3	5	4	5	3	4	0	1	5	6	4	5	6	4	
0	6	4	5	4	6	6	7	7	0	7	5	7	6	7	3	
0	3	3	1	3	2	2	3	3	3	0	2	1	2	3	4	
0	1	3	4	3	2	2	3	3	2	5	0	5	3	2	2	
0	3	2	2	3	1	2	2	4	3	1	3	0	1	2	3	
0	4	3	1	2	2	1	2	3	2	3	4	4	0	3	4	
0	1	4	2	3	3	1	2	3	2	4	1	5	1	0	3	
0	3	1	3	1	3	3	4	5	4	5	5	4	4	4	0	
Tamanho_Tarefas
0	10	30	17	16	20	16	12	2	11	22	15	19	15	20	23	
Data_Entrega
0	157	156	157	156	154	157	156	156	154	155	155	157	157	154	157	
Penalidade_Atraso
0	5	4	5	18	10	12	13	13	6	14	17	17	14	1	16	
Capacidade_Veiculo
83	49	38	48	87	
Custo_Fixo_Veiculo
830	490	380	480	870	
Coordenadas_Clientes
x	0	y	0
x	111	y	0
x	87	y	39
x	82	y	91
x	35	y	108
x	-9	y	89
x	-52	y	90
x	-92	y	67
x	-105	y	22
x	-79	y	-16
x	-84	y	-61
x	-48	y	-84
x	-9	y	-89
x	29	y	-91
x	73	y	-81
x	94	y	-41
Tempo_Viagem
0	111	95	122	113	89	103	113	107	80	103	96	89	95	109	102	
111	0	45	95	131	149	186	213	217	190	204	179	149	122	89	44	
95	45	0	52	86	108	148	181	192	174	198	182	160	142	120	80	
122	95	52	0	49	91	134	175	199	193	225	218	201	189	172	132	
113	131	86	49	0	47	88	132	164	168	206	209	201	199	192	160	
89	149	108	91	47	0	43	85	117	126	167	177	178	183	188	165	
103	186	148	134	88	43	0	46	86	109	154	174	184	198	211	196	
113	213	181	175	132	85	46	0	46	84	128	157	176	199	221	215	
107	217	192	199	164	117	86	46	0	46	85	120	146	175	205	208	
80	190	174	193	168	126	109	84	46	0	45	74	101	131	165	174	
103	204	198	225	206	167	154	128	85	45	0	42	80	116	158	179	
96	179	182	218	209	177	174	157	120	74	42	0	39	77	121	148	
89	149	160	201	201	178	184	176	146	101	80	39	0	38	82	113	
95	122	142	189	199	183	198	199	175	131	116	77	38	0	45	82	
109	89	120	172	192	188	211	221	205	165	158	121	82	45	0	45	
102	44	80	132	160	165	196	215	208	174	179	148	113	82	45	0	
Custo_Viagem
V0
0	1842	1577	2025	1875	1477	1709	1875	1776	1328	1709	1593	1477	1577	1809	1693	
1842	0	747	1577	2191	2473	3087	3535	3602	3154	3386	2971	2473	2025	1477	730	
1577	747	0	863	1427	1792	2456	3004	3187	2888	3286	3021	2656	2357	1992	1328	
2025	1577	863	0	813	1510	2224	2905	3303	3203	3735	3618	3336	3137	2855	2191	
1875	2191	1427	813	0	780	1460	2207	2722	2788	3419	3469	3336	3303	3187	2656	
1477	2473	1792	1510	780	0	713	1411	1942	2091	2772	2938	2954	3037	3120	2739	
1709	3087	2456	2224	1460	713	0	763	1427	1809	2556	2888	3054	3286	3502	3253	
1875	3535	3004	2905	2207	1411	763	0	763	1394	2124	2606	2921	3303	3668	3569	
1776	3602	3187	3303	2722	1942	1427	763	0	763	1411	1992	2423	2905	3403	3452	
1328	3154	2888	3203	2788	2091	1809	1394	763	0	747	1228	1676	2174	2739	2888	
1709	3386	3286	3735	3419	2772	2556	2124	1411	747	0	697	1328	1925	2622	2971	
1593	2971	3021	3618	3469	2938	2888	2606	1992	1228	697	0	647	1278	2008	2456	
1477	2473	2656	3336	3336	2954	3054	2921	2423	1676	1328	647	0	630	1361	1875	
1577	2025	2357	3137	3303	3037	3286	3303	2905	2174	1925	1278	630	0	747	1361	
1809	1477	1992	2855	3187	3120	3502	3668	3403	2739	2622	2008	1361	747	0	747	
1693	730	1328	2191	2656	2739	3253	3569	3452	2888	2971	2456	1875	1361	747	0	
V1
0	1087	931	1195	1107	872	1009	1107	1048	784	1009	940	872	931	1068	999	
1087	0	441	931	1293	1460	1822	2087	2126	1862	1999	1754	1460	1195	872	431	
931	441	0	509	842	1058	1450	1773	1881	1705	1940	1783	1568	1391	1176	784	
1195	931	509	0	480	891	1313	1715	1950	1891	2205	2136	1969	1852	1685	1293	
1107	1293	842	480	0	460	862	1303	1607	1646	2018	2048	1969	1950	1881	1568	
872	1460	1058	891	460	0	421	833	1146	1234	1636	1734	1744	1793	1842	1617	
1009	1822	1450	1313	862	421	0	450	842	1068	1509	1705	1803	1940	2067	1920	
1107	2087	1773	1715	1303	833	450	0	450	823	1254	1538	1724	1950	2165	2107	
1048	2126	1881	1950	1607	1146	842	450	0	450	833	1176	1430	1715	2009	2038	
784	1862	1705	1891	1646	1234	1068	823	450	0	441	725	989	1283	1617	1705	
1009	1999	1940	2205	2018	1636	1509	1254	833	441	0	411	784	1136	1548	1754	
940	1754	1783	2136	2048	1734	1705	1538	1176	725	411	0	382	754	1185	1450	
872	1460	1568	1969	1969	1744	1803	1724	1430	989	784	382	0	372	803	1107	
931	1195	1391	1852	1950	1793	1940	1950	1715	1283	1136	754	372	0	441	803	
1068	872	1176	1685	1881	1842	2067	2165	2009	1617	1548	1185	803	441	0	441	
999	431	784	1293	1568	1617	1920	2107	2038	1705	1754	1450	1107	803	441	0	
V2
0	843	722	927	858	676	782	858	813	608	782	729	676	722	828	775	
843	0	342	722	1003	1132	1413	1618	1649	1444	1550	1360	1132	927	676	334	
722	342	0	395	653	820	1124	1375	1459	1322	1504	1383	1216	1079	912	608	
927	722	395	0	372	691	1018	1330	1512	1466	1710	1656	1527	1436	1307	1003	
858	1003	653	372	0	357	668	1010	1246	1276	1565	1588	1527	1512	1459	1216	
676	1132	820	691	357	0	326	646	889	957	1269	1345	1352	1390	1428	1254	
782	1413	1124	1018	668	326	0	349	653	828	1170	1322	1398	1504	1603	1489	
858	1618	1375	1330	1010	646	349	0	349	638	972	1193	1337	1512	1679	1634	
813	1649	1459	1512	1246	889	653	349	0	349	646	912	1109	1330	1558	1580	
608	1444	1322	1466	1276	957	828	638	349	0	342	562	767	995	1254	1322	
782	1550	1504	1710	1565	1269	1170	972	646	342	0	319	608	881	1200	1360	
729	1360	1383	1656	1588	1345	1322	1193	912	562	319	0	296	585	919	1124	
676	1132	1216	1527	1527	1352	1398	1337	1109	767	608	296	0	288	623	858	
722	927	1079	1436	1512	1390	1504	1512	1330	995	881	585	288	0	342	623	
828	676	912	1307	1459	1428	1603	1679	1558	1254	1200	919	623	342	0	342	
775	334	608	1003	1216	1254	1489	1634	1580	1322	1360	1124	858	623	342	0	
V3
0	1065	912	1171	1084	854	988	1084	1027	768	988	921	854	912	1046	979	
1065	0	432	912	1267	1430	1785	2044	2083	1824	1958	1718	1430	1171	854	422	
912	432	0	499	825	1036	1420	1737	1843	1670	1900	1747	1536	1363	1152	768	
1171	912	499	0	470	873	1286	1680	1910	1852	2160	2092	1929	1814	1651	1267	
1084	1267	825	470	0	451	844	1276	1574	1612	1977	2006	1929	1910	1843	1536	
854	1430	1036	873	451	0	412	816	1123	1209	1603	1699	1708	1756	1804	1584	
988	1785	1420	1286	844	412	0	441	825	1046	1478	1670	1766	1900	2025	1881	
1084	2044	1737	1680	1276	816	441	0	441	806	1228	1507	1689	1910	2121	2064	
1027	2083	1843	1910	1574	1123	825	441	0	441	816	1152	1401	1680	1968	1996	
768	1824	1670	1852	1612	1209	1046	806	441	0	432	710	969	1257	1584	1670	
988	1958	1900	2160	1977	1603	1478	1228	816	432	0	403	768	1113	1516	1718	
921	1718	1747	2092	2006	1699	1670	1507	1152	710	403	0	374	739	1161	1420	
854	1430	1536	1929	1929	1708	1766	1689	1401	969	768	374	0	364	787	1084	
912	1171	1363	1814	1910	1756	1900	1910	1680	1257	1113	739	364	0	432	787	
1046	854	1152	1651	1843	1804	2025	2121	1968	1584	1516	1161	787	432	0	432	
979	422	768	1267	1536	1584	1881	2064	1996	1670	1718	1420	1084	787	432	0	
V4
0	1931	1653	2122	1966	1548	1792	1966	1861	1392	1792	1670	1548	1653	1896	1774	
1931	0	783	1653	2296	2592	3236	3706	3775	3306	3549	3114	2592	2122	1548	765	
1653	783	0	904	1496	1879	2575	3149	3340	3027	3445	3166	2784	2470	2088	1392	
2122	1653	904	0	852	1583	2331	3045	3462	3358	3915	3793	3497	3288	2992	2296	
1966	2296	1496	852	0	817	1531	2314	2853	2923	3584	3636	3497	3462	3340	2784	
1548	2592	1879	1583	817	0	748	1479	2035	2192	2905	3079	3097	3184	3271	2871	
1792	3236	2575	2331	1531	748	0	800	1496	1896	2679	3027	3201	3445	3671	3410	
1966	3706	3149	3045	2314	1479	800	0	800	1461	2227	2731	3062	3462	3845	3741	
1861	3775	3340	3462	2853	2035	1496	800	0	800	1479	2088	2540	3045	3567	3619	
1392	3306	3027	3358	2923	2192	1896	1461	800	0	783	1287	1757	2279	2871	3027	
1792	3549	3445	3915	3584	2905	2679	2227	1479	783	0	730	1392	2018	2749	3114	
1670	3114	3166	3793	3636	3079	3027	2731	2088	1287	730	0	678	1339	2105	2575	
1548	2592	2784	3497	3497	3097	3201	3062	2540	1757	1392	678	0	661	1426	1966	
1653	2122	2470	3288	3462	3184	3445	3462	3045	2279	2018	1339	661	0	783	1426	
1896	1548	2088	2992	3340	3271	3671	3845	3567	2871	2749	2105	1426	783	0	783	
1774	765	1392	2296	2784	2871	3410	3741	3619	3027	3114	2575	1966	1426	783	0	
Velocidade_Veiculos
1	1	1	1	1	