M: 4
N: 10
Nun_Veiculos: 6
Capacidade_Total: 303
Demanda_Total: 182
Setup_Min: 1
Setup_Max: 9
Raio: 100
Circulos: 1
Tempo_Processamento_Min: 1
Tempo_Processamento_Max: 49
Demanda_Min: 10
Demanda_Max: 30
Priority_Factor: 0.2
Range_Factor_R: 0.8
U_factor: 2
ALpha: 0.2Replicao: 2
Tempos_Processamentos
0	0	1	0	2	0	3	0	
0	4	1	27	2	18	3	31	
0	18	1	40	2	10	3	48	
0	47	1	9	2	22	3	3	
0	45	1	11	2	8	3	45	
0	25	1	26	2	17	3	31	
0	47	1	44	2	46	3	4	
0	47	1	21	2	4	3	13	
0	28	1	11	2	9	3	45	
0	3	1	14	2	36	3	15	
0	16	1	48	2	10	3	4	

Tempos_setup
M0
0	0	0	0	0	0	0	0	0	0	0	
0	0	3	2	4	2	3	2	2	1	4	
0	3	0	1	2	2	2	4	2	4	4	
0	2	4	0	2	3	4	4	1	3	3	
0	2	2	3	0	3	4	3	3	2	5	
0	1	4	3	4	0	4	3	2	2	4	
0	4	3	4	5	3	0	2	4	5	4	
0	4	1	2	3	3	3	0	3	5	4	
0	1	3	3	4	2	3	3	0	2	2	
0	2	2	3	4	1	2	1	1	0	3	
0	4	3	4	2	4	1	3	5	4	0	
M1
0	0	0	0	0	0	0	0	0	0	0	
0	0	5	5	4	1	2	2	1	1	1	
0	6	0	1	4	7	3	5	5	4	5	
0	6	2	0	6	7	5	5	4	5	7	
0	4	6	5	0	5	3	2	2	1	4	
0	2	4	5	6	0	3	1	2	3	3	
0	3	3	4	5	4	0	5	4	4	2	
0	3	5	5	5	4	2	0	1	4	4	
0	2	5	4	6	3	3	1	0	3	3	
0	3	5	4	6	4	2	1	2	0	3	
0	1	5	6	3	2	3	3	2	2	0	
M2
0	0	0	0	0	0	0	0	0	0	0	
0	0	5	3	7	6	2	1	2	3	6	
0	1	0	2	6	7	3	2	1	2	2	
0	3	2	0	8	5	1	2	3	4	3	
0	3	6	4	0	3	2	1	2	3	5	
0	5	4	4	7	0	5	5	3	4	2	
0	4	6	4	8	4	0	1	3	4	6	
0	5	5	3	7	5	1	0	2	3	6	
0	3	4	4	5	6	2	2	0	1	6	
0	4	3	4	4	5	1	1	3	0	5	
0	3	2	3	5	7	3	3	1	2	0	
M3
0	0	0	0	0	0	0	0	0	0	0	
0	0	6	1	2	3	4	5	3	3	1	
0	3	0	4	3	2	2	4	6	1	4	
0	1	5	0	3	3	5	6	2	2	2	
0	2	8	3	0	4	6	7	5	3	3	
0	3	8	4	1	0	3	5	6	2	3	
0	1	7	2	3	2	0	2	4	4	2	
0	3	7	4	1	5	4	0	5	4	1	
0	4	3	3	5	4	4	6	0	3	5	
0	4	6	5	2	1	4	6	6	0	4	
0	4	6	5	5	5	3	4	6	7	0	
Tamanho_Tarefas
0	6	24	17	20	24	27	18	21	13	12	
Data_Entrega
0	180	179	174	181	185	173	179	178	182	186	
Penalidade_Atraso
0	16	12	9	11	1	10	16	20	1	10	
Capacidade_Veiculo
37	73	70	30	55	38	
Custo_Fixo_Veiculo
370	730	700	300	550	380	
Coordenadas_Clientes
x	0	y	0
x	121	y	0
x	96	y	69
x	26	y	80
x	-33	y	104
x	-67	y	48
x	-85	y	0
x	-64	y	-47
x	-34	y	-106
x	35	y	-110
x	97	y	-70
Tempo_Viagem
0	121	118	84	109	82	85	79	111	115	119	
121	0	73	124	185	194	206	190	187	139	74	
118	73	0	70	133	164	193	197	218	189	139	
84	124	70	0	63	98	136	155	195	190	165	
109	185	133	63	0	65	116	154	210	224	217	
82	194	164	98	65	0	51	95	157	188	201	
85	206	193	136	116	51	0	51	117	162	194	
79	190	197	155	154	95	51	0	66	117	162	
111	187	218	195	210	157	117	66	0	69	135	
115	139	189	190	224	188	162	117	69	0	73	
119	74	139	165	217	201	194	162	135	73	0	
Custo_Viagem
V0
0	895	873	621	806	606	629	584	821	851	880	
895	0	540	917	1369	1435	1524	1406	1383	1028	547	
873	540	0	518	984	1213	1428	1457	1613	1398	1028	
621	917	518	0	466	725	1006	1147	1443	1406	1221	
806	1369	984	466	0	481	858	1139	1554	1657	1605	
606	1435	1213	725	481	0	377	703	1161	1391	1494	
629	1524	1428	1006	858	377	0	377	865	1198	1435	
584	1406	1457	1147	1139	703	377	0	488	865	1198	
821	1383	1613	1443	1554	1161	865	488	0	510	999	
851	1028	1398	1406	1657	1391	1198	865	510	0	540	
880	547	1028	1221	1605	1494	1435	1198	999	540	0	
V1
0	1766	1722	1226	1591	1197	1241	1153	1620	1679	1737	
1766	0	1065	1810	2701	2832	3007	2774	2730	2029	1080	
1722	1065	0	1022	1941	2394	2817	2876	3182	2759	2029	
1226	1810	1022	0	919	1430	1985	2263	2847	2774	2409	
1591	2701	1941	919	0	949	1693	2248	3066	3270	3168	
1197	2832	2394	1430	949	0	744	1387	2292	2744	2949	
1241	3007	2817	1985	1693	744	0	744	1708	2365	2832	
1153	2774	2876	2263	2248	1387	744	0	963	1708	2365	
1620	2730	3182	2847	3066	2292	1708	963	0	1007	1971	
1679	2029	2759	2774	3270	2744	2365	1708	1007	0	1065	
1737	1080	2029	2409	3168	2949	2832	2365	1971	1065	0	
V2
0	1694	1652	1176	1526	1148	1190	1106	1554	1610	1666	
1694	0	1022	1736	2590	2716	2884	2660	2618	1946	1036	
1652	1022	0	980	1862	2296	2702	2758	3052	2646	1946	
1176	1736	980	0	882	1372	1904	2170	2730	2660	2310	
1526	2590	1862	882	0	910	1624	2156	2940	3136	3038	
1148	2716	2296	1372	910	0	714	1330	2198	2632	2828	
1190	2884	2702	1904	1624	714	0	714	1638	2268	2716	
1106	2660	2758	2170	2156	1330	714	0	924	1638	2268	
1554	2618	3052	2730	2940	2198	1638	924	0	966	1890	
1610	1946	2646	2660	3136	2632	2268	1638	966	0	1022	
1666	1036	1946	2310	3038	2828	2716	2268	1890	1022	0	
V3
0	726	708	504	654	492	510	474	666	690	714	
726	0	438	744	1110	1164	1236	1140	1122	834	444	
708	438	0	420	798	984	1158	1182	1308	1134	834	
504	744	420	0	378	588	816	930	1170	1140	990	
654	1110	798	378	0	390	696	924	1260	1344	1302	
492	1164	984	588	390	0	306	570	942	1128	1212	
510	1236	1158	816	696	306	0	306	702	972	1164	
474	1140	1182	930	924	570	306	0	396	702	972	
666	1122	1308	1170	1260	942	702	396	0	414	810	
690	834	1134	1140	1344	1128	972	702	414	0	438	
714	444	834	990	1302	1212	1164	972	810	438	0	
V4
0	1331	1298	924	1199	902	935	869	1221	1265	1309	
1331	0	803	1364	2035	2134	2266	2090	2057	1529	814	
1298	803	0	770	1463	1804	2123	2167	2398	2079	1529	
924	1364	770	0	693	1078	1496	1705	2145	2090	1815	
1199	2035	1463	693	0	715	1276	1694	2310	2464	2387	
902	2134	1804	1078	715	0	561	1045	1727	2068	2222	
935	2266	2123	1496	1276	561	0	561	1287	1782	2134	
869	2090	2167	1705	1694	1045	561	0	726	1287	1782	
1221	2057	2398	2145	2310	1727	1287	726	0	759	1485	
1265	1529	2079	2090	2464	2068	1782	1287	759	0	803	
1309	814	1529	1815	2387	2222	2134	1782	1485	803	0	
V5
0	919	896	638	828	623	646	600	843	874	904	
919	0	554	942	1406	1474	1565	1444	1421	1056	562	
896	554	0	532	1010	1246	1466	1497	1656	1436	1056	
638	942	532	0	478	744	1033	1178	1482	1444	1254	
828	1406	1010	478	0	494	881	1170	1596	1702	1649	
623	1474	1246	744	494	0	387	722	1193	1428	1535	
646	1565	1466	1033	881	387	0	387	889	1231	1474	
600	1444	1497	1178	1170	722	387	0	501	889	1231	
843	1421	1656	1482	1596	1193	889	501	0	524	1026	
874	1056	1436	1444	1702	1428	1231	889	524	0	554	
904	562	1056	1254	1649	1535	1474	1231	1026	554	0	
Velocidade_Veiculos
1	1	1	1	1	1	