M: 4
N: 10
Nun_Veiculos: 6
Capacidade_Total: 278
Demanda_Total: 131
Setup_Min: 1
Setup_Max: 99
Raio: 100
Circulos: 1
Tempo_Processamento_Min: 1
Tempo_Processamento_Max: 49
Demanda_Min: 10
Demanda_Max: 30
Priority_Factor: 0.2
Range_Factor_R: 0.8
U_factor: 2
ALpha: 0.2Replicao: 3
Tempos_Processamentos
0	0	1	0	2	0	3	0	
0	25	1	23	2	17	3	21	
0	13	1	12	2	23	3	23	
0	31	1	4	2	48	3	49	
0	16	1	17	2	43	3	21	
0	35	1	7	2	18	3	39	
0	2	1	43	2	13	3	33	
0	23	1	5	2	23	3	11	
0	44	1	27	2	1	3	37	
0	15	1	16	2	30	3	16	
0	38	1	28	2	15	3	32	

Tempos_setup
M0
0	0	0	0	0	0	0	0	0	0	0	
0	0	30	59	38	43	59	56	48	63	52	
0	44	0	47	22	27	46	40	18	33	43	
0	53	68	0	48	36	19	30	21	16	32	
0	22	52	25	0	5	44	18	24	39	21	
0	17	47	34	55	0	53	13	36	50	27	
0	38	49	32	31	21	0	11	2	17	25	
0	27	57	21	57	10	40	0	35	37	14	
0	51	61	31	29	34	50	46	0	15	50	
0	43	73	16	32	26	35	31	37	0	45	
0	21	51	7	50	4	26	17	21	23	0	
M1
0	0	0	0	0	0	0	0	0	0	0	
0	0	35	38	33	28	4	29	22	11	28	
0	19	0	37	15	10	23	25	41	8	24	
0	40	21	0	15	10	1	25	60	20	25	
0	25	6	43	0	9	29	24	47	14	27	
0	30	11	48	5	0	34	15	52	19	18	
0	52	47	34	49	44	0	45	59	44	24	
0	27	8	36	23	18	31	0	49	16	4	
0	44	26	50	24	19	48	20	0	2	24	
0	42	24	54	22	17	46	18	64	0	22	
0	47	28	65	42	37	51	38	69	20	0	
M2
0	0	0	0	0	0	0	0	0	0	0	
0	0	22	34	42	61	47	59	37	9	46	
0	37	0	12	31	39	26	37	48	15	24	
0	34	29	0	19	27	28	25	36	21	12	
0	20	10	22	0	43	9	42	17	2	18	
0	17	39	51	47	0	41	42	17	3	40	
0	11	6	18	16	42	0	40	33	18	9	
0	19	33	19	33	2	42	0	19	5	31	
0	5	27	39	47	26	39	25	0	14	48	
0	49	44	56	44	63	38	61	61	0	37	
0	27	17	29	7	50	16	49	24	9	0	
M3
0	0	0	0	0	0	0	0	0	0	0	
0	0	43	16	28	22	7	42	25	23	29	
0	8	0	24	36	30	15	49	33	31	37	
0	20	51	0	37	31	16	51	34	32	13	
0	21	52	1	0	32	17	52	35	33	14	
0	21	21	10	33	0	12	20	9	1	23	
0	29	36	9	21	15	0	35	18	16	22	
0	1	3	17	29	16	8	0	12	4	30	
0	16	20	12	24	9	3	17	0	10	25	
0	20	22	20	32	12	11	19	8	0	33	
0	21	38	1	38	32	17	41	30	22	0	
Tamanho_Tarefas
0	17	12	11	21	8	2	6	7	19	28	
Data_Entrega
0	172	183	184	180	183	173	191	185	177	190	
Penalidade_Atraso
0	8	2	5	14	20	7	17	8	13	7	
Capacidade_Veiculo
36	43	38	32	82	47	
Custo_Fixo_Veiculo
360	430	380	320	820	470	
Coordenadas_Clientes
x	0	y	0
x	81	y	0
x	97	y	71
x	26	y	82
x	-28	y	86
x	-67	y	48
x	-109	y	0
x	-79	y	-57
x	-34	y	-106
x	34	y	-107
x	72	y	-52
Tempo_Viagem
0	81	120	86	90	82	109	97	111	112	88	
81	0	72	98	138	155	190	169	156	116	52	
120	72	0	71	125	165	217	217	220	188	124	
86	98	71	0	54	99	157	174	197	189	141	
90	138	125	54	0	54	117	151	192	202	170	
82	155	165	99	54	0	63	105	157	185	170	
109	190	217	157	117	63	0	64	129	178	188	
97	169	217	174	151	105	64	0	66	123	151	
111	156	220	197	192	157	129	66	0	68	118	
112	116	188	189	202	185	178	123	68	0	66	
88	52	124	141	170	170	188	151	118	66	0	
Custo_Viagem
V0
0	583	864	619	648	590	784	698	799	806	633	
583	0	518	705	993	1116	1368	1216	1123	835	374	
864	518	0	511	900	1188	1562	1562	1584	1353	900	
619	705	511	0	388	712	1130	1252	1418	1360	1015	
648	993	900	388	0	388	849	1087	1382	1454	1224	
590	1116	1188	712	388	0	453	756	1130	1332	1231	
784	1368	1562	1130	849	453	0	460	928	1281	1353	
698	1216	1562	1252	1087	756	460	0	475	885	1087	
799	1123	1584	1418	1382	1130	928	475	0	489	849	
806	835	1353	1360	1454	1332	1281	885	489	0	475	
633	374	900	1015	1224	1231	1353	1087	849	475	0	
V1
0	696	1032	739	774	705	937	834	954	963	756	
696	0	619	842	1186	1333	1634	1453	1341	997	447	
1032	619	0	610	1075	1419	1866	1866	1892	1616	1075	
739	842	610	0	464	851	1350	1496	1694	1625	1212	
774	1186	1075	464	0	464	1014	1298	1651	1737	1462	
705	1333	1419	851	464	0	541	903	1350	1591	1470	
937	1634	1866	1350	1014	541	0	550	1109	1530	1616	
834	1453	1866	1496	1298	903	550	0	567	1057	1298	
954	1341	1892	1694	1651	1350	1109	567	0	584	1014	
963	997	1616	1625	1737	1591	1530	1057	584	0	567	
756	447	1075	1212	1462	1470	1616	1298	1014	567	0	
V2
0	615	912	653	684	623	828	737	843	851	668	
615	0	547	744	1048	1178	1444	1284	1185	881	395	
912	547	0	539	950	1254	1649	1649	1672	1428	950	
653	744	539	0	410	752	1193	1322	1497	1436	1071	
684	1048	950	410	0	410	896	1147	1459	1535	1292	
623	1178	1254	752	410	0	478	798	1193	1406	1299	
828	1444	1649	1193	896	478	0	486	980	1352	1428	
737	1284	1649	1322	1147	798	486	0	501	934	1147	
843	1185	1672	1497	1459	1193	980	501	0	516	896	
851	881	1428	1436	1535	1406	1352	934	516	0	501	
668	395	950	1071	1292	1299	1428	1147	896	501	0	
V3
0	518	768	550	576	524	697	620	710	716	563	
518	0	460	627	883	992	1216	1081	998	742	332	
768	460	0	454	800	1056	1388	1388	1408	1203	800	
550	627	454	0	345	633	1004	1113	1260	1209	902	
576	883	800	345	0	345	755	966	1228	1292	1088	
524	992	1056	633	345	0	403	672	1004	1184	1094	
697	1216	1388	1004	755	403	0	409	825	1139	1203	
620	1081	1388	1113	966	672	409	0	422	787	966	
710	998	1408	1260	1228	1004	825	422	0	435	755	
716	742	1203	1209	1292	1184	1139	787	435	0	422	
563	332	800	902	1088	1094	1203	966	755	422	0	
V4
0	1328	1968	1410	1476	1344	1787	1590	1820	1836	1443	
1328	0	1180	1607	2263	2542	3116	2771	2558	1902	852	
1968	1180	0	1164	2050	2706	3558	3558	3608	3083	2050	
1410	1607	1164	0	885	1623	2574	2853	3230	3099	2312	
1476	2263	2050	885	0	885	1935	2476	3148	3312	2788	
1344	2542	2706	1623	885	0	1033	1722	2574	3034	2804	
1787	3116	3558	2574	1935	1033	0	1049	2115	2919	3083	
1590	2771	3558	2853	2476	1722	1049	0	1082	2017	2476	
1820	2558	3608	3230	3148	2574	2115	1082	0	1115	1935	
1836	1902	3083	3099	3312	3034	2919	2017	1115	0	1082	
1443	852	2050	2312	2788	2804	3083	2476	1935	1082	0	
V5
0	761	1128	808	846	770	1024	911	1043	1052	827	
761	0	676	921	1297	1457	1786	1588	1466	1090	488	
1128	676	0	667	1175	1551	2039	2039	2068	1767	1175	
808	921	667	0	507	930	1475	1635	1851	1776	1325	
846	1297	1175	507	0	507	1109	1419	1804	1898	1598	
770	1457	1551	930	507	0	592	987	1475	1739	1607	
1024	1786	2039	1475	1109	592	0	601	1212	1673	1767	
911	1588	2039	1635	1419	987	601	0	620	1156	1419	
1043	1466	2068	1851	1804	1475	1212	620	0	639	1109	
1052	1090	1767	1776	1898	1739	1673	1156	639	0	620	
827	488	1175	1325	1598	1607	1767	1419	1109	620	0	
Velocidade_Veiculos
1	1	1	1	1	1	