M: 4
N: 10
Nun_Veiculos: 4
Capacidade_Total: 205
Demanda_Total: 145
Setup_Min: 1
Setup_Max: 9
Raio: 100
Circulos: 1
Tempo_Processamento_Min: 1
Tempo_Processamento_Max: 49
Demanda_Min: 10
Demanda_Max: 30
Priority_Factor: 0.2
Range_Factor_R: 0.8
U_factor: 2
ALpha: 0.2Replicao: 1
Tempos_Processamentos
0	0	1	0	2	0	3	0	
0	23	1	18	2	26	3	3	
0	18	1	40	2	32	3	36	
0	6	1	8	2	24	3	7	
0	38	1	29	2	35	3	9	
0	45	1	13	2	18	3	4	
0	40	1	47	2	30	3	20	
0	7	1	17	2	4	3	39	
0	19	1	48	2	24	3	9	
0	17	1	4	2	44	3	32	
0	3	1	27	2	46	3	30	

Tempos_setup
M0
0	0	0	0	0	0	0	0	0	0	0	
0	0	4	2	6	2	5	4	6	5	6	
0	1	0	3	3	3	4	3	2	4	3	
0	4	3	0	6	4	3	5	5	5	4	
0	6	5	7	0	8	5	5	4	6	8	
0	1	2	2	4	0	5	5	4	5	5	
0	2	4	2	7	4	0	6	6	2	5	
0	3	4	3	3	5	1	0	6	1	4	
0	2	1	4	4	4	2	1	0	2	4	
0	3	3	3	5	5	1	4	5	0	3	
0	3	5	4	4	4	2	1	4	2	0	
M1
0	0	0	0	0	0	0	0	0	0	0	
0	0	5	4	3	2	2	4	6	4	3	
0	6	0	4	4	5	6	4	1	5	4	
0	4	2	0	5	4	6	6	3	1	4	
0	5	2	1	0	4	5	4	3	1	2	
0	4	5	5	5	0	6	2	4	6	4	
0	5	3	2	1	5	0	3	4	2	1	
0	2	4	6	5	4	4	0	5	4	5	
0	5	1	5	4	4	6	3	0	5	5	
0	6	1	2	4	6	5	5	2	0	3	
0	4	6	5	4	6	3	2	6	5	0	
M2
0	0	0	0	0	0	0	0	0	0	0	
0	0	2	2	2	1	2	2	2	1	3	
0	6	0	3	3	4	3	6	4	2	5	
0	3	3	0	2	3	2	5	1	1	4	
0	3	3	2	0	3	2	3	1	1	2	
0	2	1	2	2	0	1	4	1	3	4	
0	6	1	4	4	5	0	7	5	3	6	
0	3	2	2	3	1	1	0	2	3	1	
0	2	3	1	1	3	2	4	0	2	3	
0	4	2	1	1	2	1	4	2	0	3	
0	4	2	1	3	3	1	2	2	2	0	
M3
0	0	0	0	0	0	0	0	0	0	0	
0	0	4	3	3	4	3	3	2	2	5	
0	3	0	3	3	1	2	2	5	3	4	
0	2	4	0	3	4	3	4	2	3	5	
0	1	5	4	0	2	4	3	3	3	2	
0	3	6	3	2	0	2	1	5	4	3	
0	3	7	4	3	1	0	2	5	5	4	
0	4	6	2	4	3	5	0	4	5	6	
0	1	3	2	1	2	1	2	0	1	3	
0	3	2	1	3	3	2	1	3	0	5	
0	4	3	2	4	4	3	2	4	1	0	
Tamanho_Tarefas
0	13	26	6	20	12	21	4	10	8	25	
Data_Entrega
0	177	176	173	172	179	176	178	184	176	171	
Penalidade_Atraso
0	5	12	8	14	2	15	16	8	11	18	
Capacidade_Veiculo
77	29	50	49	
Custo_Fixo_Veiculo
770	290	500	490	
Coordenadas_Clientes
x	0	y	0
x	91	y	0
x	88	y	64
x	28	y	87
x	-35	y	108
x	-80	y	58
x	-104	y	0
x	-81	y	-59
x	-38	y	-117
x	25	y	-78
x	76	y	-55
Tempo_Viagem
0	91	108	91	113	98	104	100	123	81	93	
91	0	64	107	165	180	195	181	174	102	57	
108	64	0	64	130	168	202	208	220	155	119	
91	107	64	0	66	111	158	182	214	165	149	
113	165	130	66	0	67	128	173	225	194	197	
98	180	168	111	67	0	62	117	179	171	191	
104	195	202	158	128	62	0	63	134	150	188	
100	181	208	182	173	117	63	0	72	107	157	
123	174	220	214	225	179	134	72	0	74	129	
81	102	155	165	194	171	150	107	74	0	55	
93	57	119	149	197	191	188	157	129	55	0	
Custo_Viagem
V0
0	1401	1663	1401	1740	1509	1601	1540	1894	1247	1432	
1401	0	985	1647	2541	2772	3003	2787	2679	1570	877	
1663	985	0	985	2002	2587	3110	3218	3388	2387	1832	
1401	1647	985	0	1016	1709	2433	2802	3295	2541	2294	
1740	2541	2002	1016	0	1031	1971	2664	3465	3003	3033	
1509	2772	2587	1709	1031	0	954	1801	2756	2633	2956	
1601	3003	3110	2433	1971	954	0	970	2063	2310	2895	
1540	2787	3218	2802	2664	1801	970	0	1108	1647	2417	
1894	2679	3388	3295	3465	2756	2063	1108	0	1139	1986	
1247	1570	2387	2541	3003	2633	2310	1647	1139	0	847	
1432	877	1832	2294	3033	2956	2895	2417	1986	847	0	
V1
0	527	626	527	655	568	603	580	713	469	539	
527	0	371	620	957	1044	1131	1049	1009	591	330	
626	371	0	371	754	974	1171	1212	1276	899	690	
527	620	371	0	382	643	916	1055	1241	957	864	
655	957	754	382	0	388	742	1003	1305	1131	1142	
568	1044	974	643	388	0	359	678	1038	991	1113	
603	1131	1171	916	742	359	0	365	777	870	1090	
580	1049	1212	1055	1003	678	365	0	417	620	910	
713	1009	1276	1241	1305	1038	777	417	0	429	748	
469	591	899	957	1131	991	870	620	429	0	319	
539	330	690	864	1142	1113	1090	910	748	319	0	
V2
0	910	1080	910	1130	980	1040	1000	1230	810	930	
910	0	640	1070	1650	1800	1950	1810	1740	1020	570	
1080	640	0	640	1300	1680	2020	2090	2200	1550	1190	
910	1070	640	0	660	1110	1580	1820	2140	1650	1490	
1130	1650	1300	660	0	670	1280	1730	2250	1950	1970	
980	1800	1680	1110	670	0	620	1170	1790	1710	1920	
1040	1950	2020	1580	1280	620	0	630	1340	1500	1880	
1000	1810	2090	1820	1730	1170	630	0	720	1070	1570	
1230	1740	2200	2140	2250	1790	1340	720	0	740	1290	
810	1020	1550	1650	1950	1710	1500	1070	740	0	550	
930	570	1190	1490	1970	1920	1880	1570	1290	550	0	
V3
0	891	1058	891	1107	960	1019	980	1205	793	911	
891	0	627	1048	1617	1764	1911	1773	1705	999	558	
1058	627	0	627	1274	1646	1979	2048	2156	1519	1166	
891	1048	627	0	646	1087	1548	1783	2097	1617	1460	
1107	1617	1274	646	0	656	1254	1695	2205	1911	1930	
960	1764	1646	1087	656	0	607	1146	1754	1675	1881	
1019	1911	1979	1548	1254	607	0	617	1313	1470	1842	
980	1773	2048	1783	1695	1146	617	0	705	1048	1538	
1205	1705	2156	2097	2205	1754	1313	705	0	725	1264	
793	999	1519	1617	1911	1675	1470	1048	725	0	539	
911	558	1166	1460	1930	1881	1842	1538	1264	539	0	
Velocidade_Veiculos
1	1	1	1	