M: 4
N: 10
Nun_Veiculos: 6
Capacidade_Total: 289
Demanda_Total: 189
Setup_Min: 1
Setup_Max: 9
Raio: 20
Circulos: 1
Tempo_Processamento_Min: 1
Tempo_Processamento_Max: 49
Demanda_Min: 10
Demanda_Max: 30
Priority_Factor: 0.2
Range_Factor_R: 0.8
U_factor: 2
ALpha: 0.2Replicao: 0
Tempos_Processamentos
0	0	1	0	2	0	3	0	
0	9	1	48	2	34	3	38	
0	14	1	8	2	43	3	48	
0	24	1	10	2	43	3	36	
0	30	1	44	2	4	3	31	
0	24	1	17	2	2	3	12	
0	44	1	36	2	21	3	31	
0	8	1	47	2	2	3	33	
0	32	1	29	2	39	3	2	
0	17	1	46	2	25	3	45	
0	1	1	26	2	47	3	28	

Tempos_setup
M0
0	0	0	0	0	0	0	0	0	0	0	
0	0	3	1	2	2	3	2	2	4	2	
0	3	0	4	5	3	1	4	2	1	2	
0	4	3	0	1	2	2	6	4	3	1	
0	3	3	1	0	3	1	5	5	4	2	
0	4	1	1	2	0	2	5	3	2	2	
0	2	3	3	4	4	0	4	4	4	3	
0	7	4	5	4	5	5	0	5	5	6	
0	2	3	3	4	3	1	4	0	2	3	
0	3	3	3	4	2	1	3	1	0	1	
0	4	2	2	3	1	2	5	3	2	0	
M1
0	0	0	0	0	0	0	0	0	0	0	
0	0	4	3	2	6	4	2	1	3	2	
0	1	0	4	3	7	5	3	2	4	3	
0	2	1	0	3	4	3	4	3	5	2	
0	3	2	3	0	6	3	3	4	2	3	
0	3	2	4	1	0	4	4	3	3	3	
0	5	4	3	4	3	0	2	1	2	5	
0	3	6	6	5	4	6	0	4	6	4	
0	4	3	6	3	5	6	1	0	5	5	
0	3	2	1	4	4	1	1	2	0	3	
0	3	2	4	1	7	4	4	4	3	0	
M2
0	0	0	0	0	0	0	0	0	0	0	
0	0	5	3	4	4	2	3	5	3	2	
0	1	0	4	4	5	3	4	5	3	3	
0	4	5	0	3	3	4	3	2	2	2	
0	1	2	4	0	4	3	4	6	4	3	
0	1	4	1	3	0	2	4	3	2	3	
0	3	4	4	2	3	0	3	3	1	4	
0	1	3	2	3	1	3	0	4	3	1	
0	2	4	2	3	2	2	1	0	3	1	
0	2	3	4	1	4	3	3	2	0	3	
0	2	3	3	2	2	4	1	5	4	0	
M3
0	0	0	0	0	0	0	0	0	0	0	
0	0	3	6	4	1	5	3	4	3	4	
0	1	0	4	1	1	2	3	4	2	1	
0	2	5	0	5	3	2	4	2	5	6	
0	4	5	6	0	3	4	3	4	3	6	
0	3	2	6	3	0	4	2	3	4	3	
0	5	7	7	3	6	0	4	3	5	4	
0	4	3	7	4	3	5	0	2	5	4	
0	2	5	8	3	3	3	2	0	5	6	
0	1	4	3	5	2	5	4	4	0	5	
0	2	4	4	1	3	2	3	5	1	0	
Tamanho_Tarefas
0	13	24	27	18	7	24	18	20	23	15	
Data_Entrega
0	43	42	50	43	48	49	41	43	47	45	
Penalidade_Atraso
0	19	8	18	3	2	9	5	17	11	19	
Capacidade_Veiculo
33	44	42	52	61	57	
Custo_Fixo_Veiculo
330	440	420	520	610	570	
Coordenadas_Clientes
x	0	y	0
x	16	y	0
x	17	y	12
x	6	y	18
x	-6	y	19
x	-18	y	13
x	-19	y	0
x	-18	y	-13
x	-6	y	-19
x	7	y	-23
x	14	y	-10
Tempo_Viagem
0	16	20	18	19	22	19	22	19	24	17	
16	0	12	20	29	36	35	36	29	24	10	
20	12	0	12	24	35	37	42	38	36	22	
18	20	12	0	12	24	30	39	37	41	29	
19	29	24	12	0	13	23	34	38	43	35	
22	36	35	24	13	0	13	26	34	43	39	
19	35	37	30	23	13	0	13	23	34	34	
22	36	42	39	34	26	13	0	13	26	32	
19	29	38	37	38	34	23	13	0	13	21	
24	24	36	41	43	43	34	26	13	0	14	
17	10	22	29	35	39	34	32	21	14	0	
Custo_Viagem
V0
0	105	132	118	125	145	125	145	125	158	112	
105	0	79	132	191	237	231	237	191	158	66	
132	79	0	79	158	231	244	283	250	237	145	
118	132	79	0	79	158	198	257	250	270	191	
125	191	158	79	0	85	151	224	250	283	231	
145	237	231	158	85	0	85	171	224	283	257	
125	231	244	198	151	85	0	85	151	224	224	
145	237	283	257	224	171	85	0	85	171	211	
125	191	250	250	250	224	151	85	0	85	138	
158	158	237	270	283	283	224	171	85	0	92	
112	66	145	191	231	257	224	211	138	92	0	
V1
0	140	176	158	167	193	167	193	167	211	149	
140	0	105	176	255	316	308	316	255	211	88	
176	105	0	105	211	308	325	378	334	316	193	
158	176	105	0	105	211	264	343	334	360	255	
167	255	211	105	0	114	202	299	334	378	308	
193	316	308	211	114	0	114	228	299	378	343	
167	308	325	264	202	114	0	114	202	299	299	
193	316	378	343	299	228	114	0	114	228	281	
167	255	334	334	334	299	202	114	0	114	184	
211	211	316	360	378	378	299	228	114	0	123	
149	88	193	255	308	343	299	281	184	123	0	
V2
0	134	168	151	159	184	159	184	159	201	142	
134	0	100	168	243	302	294	302	243	201	84	
168	100	0	100	201	294	310	361	319	302	184	
151	168	100	0	100	201	252	327	319	344	243	
159	243	201	100	0	109	193	285	319	361	294	
184	302	294	201	109	0	109	218	285	361	327	
159	294	310	252	193	109	0	109	193	285	285	
184	302	361	327	285	218	109	0	109	218	268	
159	243	319	319	319	285	193	109	0	109	176	
201	201	302	344	361	361	285	218	109	0	117	
142	84	184	243	294	327	285	268	176	117	0	
V3
0	166	208	187	197	228	197	228	197	249	176	
166	0	124	208	301	374	364	374	301	249	104	
208	124	0	124	249	364	384	447	395	374	228	
187	208	124	0	124	249	312	405	395	426	301	
197	301	249	124	0	135	239	353	395	447	364	
228	374	364	249	135	0	135	270	353	447	405	
197	364	384	312	239	135	0	135	239	353	353	
228	374	447	405	353	270	135	0	135	270	332	
197	301	395	395	395	353	239	135	0	135	218	
249	249	374	426	447	447	353	270	135	0	145	
176	104	228	301	364	405	353	332	218	145	0	
V4
0	195	244	219	231	268	231	268	231	292	207	
195	0	146	244	353	439	427	439	353	292	122	
244	146	0	146	292	427	451	524	463	439	268	
219	244	146	0	146	292	366	475	463	500	353	
231	353	292	146	0	158	280	414	463	524	427	
268	439	427	292	158	0	158	317	414	524	475	
231	427	451	366	280	158	0	158	280	414	414	
268	439	524	475	414	317	158	0	158	317	390	
231	353	463	463	463	414	280	158	0	158	256	
292	292	439	500	524	524	414	317	158	0	170	
207	122	268	353	427	475	414	390	256	170	0	
V5
0	182	228	205	216	250	216	250	216	273	193	
182	0	136	228	330	410	399	410	330	273	114	
228	136	0	136	273	399	421	490	433	410	250	
205	228	136	0	136	273	342	444	433	467	330	
216	330	273	136	0	148	262	387	433	490	399	
250	410	399	273	148	0	148	296	387	490	444	
216	399	421	342	262	148	0	148	262	387	387	
250	410	490	444	387	296	148	0	148	296	364	
216	330	433	433	433	387	262	148	0	148	239	
273	273	410	467	490	490	387	296	148	0	159	
193	114	250	330	399	444	387	364	239	159	0	
Velocidade_Veiculos
1	1	1	1	1	1	