M: 4
N: 10
Nun_Veiculos: 5
Capacidade_Total: 357
Demanda_Total: 166
Setup_Min: 1
Setup_Max: 9
Raio: 100
Circulos: 1
Tempo_Processamento_Min: 1
Tempo_Processamento_Max: 49
Demanda_Min: 10
Demanda_Max: 30
Priority_Factor: 0.2
Range_Factor_R: 0.8
U_factor: 2
ALpha: 0.2Replicao: 2
Tempos_Processamentos
0	0	1	0	2	0	3	0	
0	44	1	38	2	16	3	5	
0	31	1	3	2	13	3	13	
0	23	1	18	2	10	3	4	
0	1	1	33	2	25	3	37	
0	36	1	47	2	26	3	43	
0	47	1	46	2	32	3	48	
0	5	1	29	2	7	3	20	
0	44	1	1	2	16	3	19	
0	29	1	49	2	25	3	47	
0	7	1	8	2	25	3	49	

Tempos_setup
M0
0	0	0	0	0	0	0	0	0	0	0	
0	0	1	2	4	5	6	1	3	3	1	
0	3	0	5	5	7	5	4	4	2	3	
0	6	6	0	4	4	5	5	4	6	6	
0	2	3	2	0	5	2	1	4	2	3	
0	5	3	5	3	0	2	4	5	4	2	
0	4	1	3	5	6	0	5	3	3	4	
0	3	3	1	3	5	5	0	3	5	4	
0	5	4	1	3	3	5	3	0	2	3	
0	5	3	3	3	5	5	4	2	0	1	
0	5	2	4	4	6	6	3	4	4	0	
M1
0	0	0	0	0	0	0	0	0	0	0	
0	0	6	5	4	5	5	2	6	3	4	
0	4	0	2	3	3	3	6	4	3	1	
0	4	2	0	1	2	3	5	3	4	2	
0	3	2	1	0	1	2	4	2	3	3	
0	4	1	2	1	0	1	3	1	4	2	
0	4	5	6	5	4	0	4	3	3	6	
0	6	6	5	6	6	6	0	6	6	4	
0	6	3	5	6	6	2	2	0	5	4	
0	1	4	3	2	3	4	3	4	0	3	
0	3	2	1	2	2	2	5	3	2	0	
M2
0	0	0	0	0	0	0	0	0	0	0	
0	0	4	2	3	2	1	4	5	4	4	
0	3	0	4	5	3	3	6	5	1	4	
0	2	6	0	1	4	3	5	6	2	5	
0	1	5	3	0	3	2	5	6	3	5	
0	1	2	1	2	0	2	5	4	3	3	
0	2	3	2	3	1	0	3	5	4	4	
0	1	2	1	2	3	2	0	3	3	4	
0	3	3	3	3	4	4	2	0	4	6	
0	6	8	5	5	8	7	6	8	0	7	
0	1	2	3	4	3	2	2	1	3	0	
M3
0	0	0	0	0	0	0	0	0	0	0	
0	0	6	2	6	5	4	3	4	4	1	
0	1	0	3	4	6	5	4	3	5	2	
0	1	6	0	5	5	2	4	4	4	2	
0	3	2	3	0	3	2	1	2	2	4	
0	4	4	3	6	0	4	3	4	2	5	
0	3	4	2	3	3	0	3	2	2	4	
0	3	3	2	4	2	1	0	1	1	4	
0	3	5	2	3	4	4	4	0	3	4	
0	2	2	1	5	1	2	1	2	0	3	
0	2	8	2	7	5	4	5	6	6	0	
Tamanho_Tarefas
0	20	6	7	18	31	34	5	10	28	7	
Data_Entrega
0	184	197	188	195	182	194	198	188	200	190	
Penalidade_Atraso
0	13	17	17	3	19	4	19	5	8	10	
Capacidade_Veiculo
77	65	90	80	45	
Custo_Fixo_Veiculo
770	650	900	800	450	
Coordenadas_Clientes
x	0	y	0
x	123	y	0
x	97	y	70
x	25	y	78
x	-38	y	118
x	-91	y	66
x	-82	y	0
x	-62	y	-45
x	-37	y	-115
x	34	y	-105
x	81	y	-59
Tempo_Viagem
0	123	119	81	123	112	82	76	120	110	100	
123	0	74	125	199	223	205	190	197	137	72	
119	74	0	72	143	188	192	195	228	185	129	
81	125	72	0	74	116	132	150	201	183	148	
123	199	143	74	0	74	125	164	233	233	213	
112	223	188	116	74	0	66	114	188	211	212	
82	205	192	132	125	66	0	49	123	156	173	
76	190	195	150	164	114	49	0	74	113	143	
120	197	228	201	233	188	123	74	0	71	130	
110	137	185	183	233	211	156	113	71	0	65	
100	72	129	148	213	212	173	143	130	65	0	
Custo_Viagem
V0
0	1894	1832	1247	1894	1724	1262	1170	1848	1694	1540	
1894	0	1139	1925	3064	3434	3157	2926	3033	2109	1108	
1832	1139	0	1108	2202	2895	2956	3018	3511	2849	1986	
1247	1925	1108	0	1139	1786	2032	2310	3110	2818	2279	
1894	3064	2202	1139	0	1139	1925	2525	3588	3603	3280	
1724	3434	2895	1786	1139	0	1016	1755	2895	3249	3264	
1262	3157	2956	2032	1925	1016	0	754	1894	2402	2664	
1170	2926	3018	2310	2525	1755	754	0	1139	1740	2202	
1848	3033	3511	3110	3588	2895	1894	1139	0	1093	2002	
1694	2109	2849	2818	3603	3249	2402	1740	1093	0	1001	
1540	1108	1986	2279	3280	3264	2664	2202	2002	1001	0	
V1
0	1599	1547	1053	1599	1456	1066	988	1560	1430	1300	
1599	0	962	1625	2587	2899	2665	2470	2561	1781	936	
1547	962	0	936	1859	2444	2496	2548	2964	2405	1677	
1053	1625	936	0	962	1508	1716	1950	2626	2379	1924	
1599	2587	1859	962	0	962	1625	2132	3029	3042	2769	
1456	2899	2444	1508	962	0	858	1482	2444	2743	2756	
1066	2665	2496	1716	1625	858	0	637	1599	2028	2249	
988	2470	2548	1950	2132	1482	637	0	962	1469	1859	
1560	2561	2964	2626	3029	2444	1599	962	0	923	1690	
1430	1781	2405	2379	3042	2743	2028	1469	923	0	845	
1300	936	1677	1924	2769	2756	2249	1859	1690	845	0	
V2
0	2214	2142	1458	2214	2016	1476	1368	2160	1980	1800	
2214	0	1332	2250	3582	4014	3690	3420	3546	2466	1296	
2142	1332	0	1296	2574	3384	3456	3528	4104	3330	2322	
1458	2250	1296	0	1332	2088	2376	2700	3636	3294	2664	
2214	3582	2574	1332	0	1332	2250	2952	4194	4212	3834	
2016	4014	3384	2088	1332	0	1188	2052	3384	3798	3816	
1476	3690	3456	2376	2250	1188	0	882	2214	2808	3114	
1368	3420	3528	2700	2952	2052	882	0	1332	2034	2574	
2160	3546	4104	3636	4194	3384	2214	1332	0	1278	2340	
1980	2466	3330	3294	4212	3798	2808	2034	1278	0	1170	
1800	1296	2322	2664	3834	3816	3114	2574	2340	1170	0	
V3
0	1968	1904	1296	1968	1792	1312	1216	1920	1760	1600	
1968	0	1184	2000	3184	3568	3280	3040	3152	2192	1152	
1904	1184	0	1152	2288	3008	3072	3136	3648	2960	2064	
1296	2000	1152	0	1184	1856	2112	2400	3232	2928	2368	
1968	3184	2288	1184	0	1184	2000	2624	3728	3744	3408	
1792	3568	3008	1856	1184	0	1056	1824	3008	3376	3392	
1312	3280	3072	2112	2000	1056	0	784	1968	2496	2768	
1216	3040	3136	2400	2624	1824	784	0	1184	1808	2288	
1920	3152	3648	3232	3728	3008	1968	1184	0	1136	2080	
1760	2192	2960	2928	3744	3376	2496	1808	1136	0	1040	
1600	1152	2064	2368	3408	3392	2768	2288	2080	1040	0	
V4
0	1107	1071	729	1107	1008	738	684	1080	990	900	
1107	0	666	1125	1791	2007	1845	1710	1773	1233	648	
1071	666	0	648	1287	1692	1728	1764	2052	1665	1161	
729	1125	648	0	666	1044	1188	1350	1818	1647	1332	
1107	1791	1287	666	0	666	1125	1476	2097	2106	1917	
1008	2007	1692	1044	666	0	594	1026	1692	1899	1908	
738	1845	1728	1188	1125	594	0	441	1107	1404	1557	
684	1710	1764	1350	1476	1026	441	0	666	1017	1287	
1080	1773	2052	1818	2097	1692	1107	666	0	639	1170	
990	1233	1665	1647	2106	1899	1404	1017	639	0	585	
900	648	1161	1332	1917	1908	1557	1287	1170	585	0	
Velocidade_Veiculos
1	1	1	1	1	