M: 4
N: 10
Nun_Veiculos: 5
Capacidade_Total: 364
Demanda_Total: 213
Setup_Min: 1
Setup_Max: 9
Raio: 100
Circulos: 1
Tempo_Processamento_Min: 1
Tempo_Processamento_Max: 49
Demanda_Min: 10
Demanda_Max: 30
Priority_Factor: 0.2
Range_Factor_R: 0.8
U_factor: 2
ALpha: 0.2Replicao: 4
Tempos_Processamentos
0	0	1	0	2	0	3	0	
0	43	1	33	2	6	3	7	
0	44	1	43	2	23	3	19	
0	31	1	31	2	37	3	43	
0	7	1	36	2	41	3	45	
0	21	1	38	2	24	3	26	
0	37	1	48	2	32	3	17	
0	24	1	23	2	28	3	5	
0	33	1	21	2	20	3	43	
0	6	1	47	2	4	3	41	
0	15	1	40	2	14	3	44	

Tempos_setup
M0
0	0	0	0	0	0	0	0	0	0	0	
0	0	2	3	2	2	2	1	2	4	3	
0	1	0	3	3	3	1	2	3	5	2	
0	4	3	0	3	4	3	3	1	4	4	
0	4	3	4	0	3	4	2	3	7	4	
0	1	3	4	3	0	3	2	3	5	4	
0	3	2	2	2	2	0	1	3	6	1	
0	2	1	2	1	1	2	0	3	6	3	
0	3	2	4	3	3	2	2	0	7	3	
0	3	2	3	2	2	3	1	4	0	3	
0	5	4	1	3	5	4	4	2	5	0	
M1
0	0	0	0	0	0	0	0	0	0	0	
0	0	2	1	4	3	4	4	2	1	2	
0	4	0	2	4	3	2	2	1	5	2	
0	2	1	0	4	4	3	3	1	3	2	
0	1	3	2	0	3	5	1	3	2	2	
0	3	2	4	5	0	2	4	3	2	3	
0	4	2	2	4	1	0	4	3	3	4	
0	3	3	3	2	2	4	0	4	4	4	
0	4	1	2	3	4	3	3	0	5	1	
0	4	3	2	3	6	5	4	3	0	1	
0	3	2	1	2	5	4	3	2	4	0	
M2
0	0	0	0	0	0	0	0	0	0	0	
0	0	3	5	3	4	2	1	5	2	1	
0	4	0	5	2	3	3	5	5	2	1	
0	6	7	0	5	5	6	4	1	4	6	
0	4	4	3	0	1	1	3	3	2	2	
0	5	3	2	2	0	3	2	3	1	1	
0	4	7	6	5	6	0	2	6	4	5	
0	3	6	4	4	5	4	0	4	5	4	
0	8	6	6	4	5	5	5	0	3	6	
0	5	5	4	1	2	2	4	4	0	3	
0	6	2	4	2	3	2	4	5	1	0	
M3
0	0	0	0	0	0	0	0	0	0	0	
0	0	4	3	3	5	4	3	2	1	4	
0	1	0	1	2	1	2	4	1	2	3	
0	4	7	0	1	5	5	5	4	2	2	
0	3	6	4	0	4	5	4	5	1	1	
0	2	4	2	1	0	1	3	1	2	2	
0	3	4	2	3	3	0	2	4	2	1	
0	2	2	3	3	2	3	0	3	3	4	
0	1	4	1	2	5	2	4	0	2	3	
0	5	5	3	2	5	5	3	4	0	3	
0	2	6	5	4	3	4	5	4	3	0	
Tamanho_Tarefas
0	10	24	33	28	22	25	5	24	21	21	
Data_Entrega
0	193	183	195	182	196	198	186	192	179	189	
Penalidade_Atraso
0	18	11	20	2	3	20	9	18	18	18	
Capacidade_Veiculo
46	82	70	94	72	
Custo_Fixo_Veiculo
460	820	700	940	720	
Coordenadas_Clientes
x	0	y	0
x	93	y	0
x	93	y	68
x	26	y	80
x	-31	y	97
x	-83	y	60
x	-76	y	0
x	-76	y	-55
x	-37	y	-115
x	33	y	-103
x	60	y	-44
Tempo_Viagem
0	93	115	84	101	102	76	93	120	108	74	
93	0	68	104	157	185	169	177	173	119	55	
115	68	0	68	127	176	182	208	224	180	116	
84	104	68	0	59	110	129	169	204	183	128	
101	157	127	59	0	63	106	158	212	209	167	
102	185	176	110	63	0	60	115	180	200	176	
76	169	182	129	106	60	0	55	121	149	142	
93	177	208	169	158	115	55	0	71	119	136	
120	173	224	204	212	180	121	71	0	71	120	
108	119	180	183	209	200	149	119	71	0	64	
74	55	116	128	167	176	142	136	120	64	0	
Custo_Viagem
V0
0	855	1058	772	929	938	699	855	1104	993	680	
855	0	625	956	1444	1702	1554	1628	1591	1094	506	
1058	625	0	625	1168	1619	1674	1922	2060	1665	1067	
772	956	625	0	542	1012	1186	1554	1876	1683	1177	
929	1444	1168	542	0	579	975	1453	1950	1922	1536	
938	1702	1619	1012	579	0	552	1058	1656	1840	1619	
699	1554	1674	1186	975	552	0	506	1113	1370	1306	
855	1628	1922	1554	1453	1058	506	0	653	1094	1251	
1104	1591	2060	1876	1950	1656	1113	653	0	653	1104	
993	1094	1665	1683	1922	1840	1370	1094	653	0	588	
680	506	1067	1177	1536	1619	1306	1251	1104	588	0	
V1
0	1525	1886	1377	1656	1672	1246	1525	1968	1771	1213	
1525	0	1115	1705	2574	3034	2771	2902	2837	1951	902	
1886	1115	0	1115	2082	2886	2984	3427	3673	2968	1902	
1377	1705	1115	0	967	1804	2115	2771	3345	3001	2099	
1656	2574	2082	967	0	1033	1738	2591	3476	3427	2738	
1672	3034	2886	1804	1033	0	984	1886	2952	3280	2886	
1246	2771	2984	2115	1738	984	0	902	1984	2443	2328	
1525	2902	3427	2771	2591	1886	902	0	1164	1951	2230	
1968	2837	3673	3345	3476	2952	1984	1164	0	1164	1968	
1771	1951	2968	3001	3427	3280	2443	1951	1164	0	1049	
1213	902	1902	2099	2738	2886	2328	2230	1968	1049	0	
V2
0	1302	1610	1176	1414	1428	1064	1302	1680	1512	1036	
1302	0	952	1456	2198	2590	2366	2478	2422	1666	770	
1610	952	0	952	1778	2464	2548	2926	3136	2534	1624	
1176	1456	952	0	826	1540	1806	2366	2856	2562	1792	
1414	2198	1778	826	0	882	1484	2212	2968	2926	2338	
1428	2590	2464	1540	882	0	840	1610	2520	2800	2464	
1064	2366	2548	1806	1484	840	0	770	1694	2086	1988	
1302	2478	2926	2366	2212	1610	770	0	994	1666	1904	
1680	2422	3136	2856	2968	2520	1694	994	0	994	1680	
1512	1666	2534	2562	2926	2800	2086	1666	994	0	896	
1036	770	1624	1792	2338	2464	1988	1904	1680	896	0	
V3
0	1748	2162	1579	1898	1917	1428	1748	2256	2030	1391	
1748	0	1278	1955	2951	3478	3177	3327	3252	2237	1034	
2162	1278	0	1278	2387	3308	3421	3929	4211	3402	2180	
1579	1955	1278	0	1109	2068	2425	3177	3835	3440	2406	
1898	2951	2387	1109	0	1184	1992	2970	3985	3929	3139	
1917	3478	3308	2068	1184	0	1128	2162	3384	3760	3308	
1428	3177	3421	2425	1992	1128	0	1034	2274	2801	2669	
1748	3327	3929	3177	2970	2162	1034	0	1334	2237	2556	
2256	3252	4211	3835	3985	3384	2274	1334	0	1334	2256	
2030	2237	3402	3440	3929	3760	2801	2237	1334	0	1203	
1391	1034	2180	2406	3139	3308	2669	2556	2256	1203	0	
V4
0	1339	1656	1209	1454	1468	1094	1339	1728	1555	1065	
1339	0	979	1497	2260	2664	2433	2548	2491	1713	792	
1656	979	0	979	1828	2534	2620	3009	3225	2606	1670	
1209	1497	979	0	849	1584	1857	2433	2937	2635	1843	
1454	2260	1828	849	0	907	1526	2275	3052	3009	2404	
1468	2664	2534	1584	907	0	864	1656	2592	2880	2534	
1094	2433	2620	1857	1526	864	0	792	1742	2145	2044	
1339	2548	3009	2433	2275	1656	792	0	1022	1713	1958	
1728	2491	3225	2937	3052	2592	1742	1022	0	1022	1728	
1555	1713	2606	2635	3009	2880	2145	1713	1022	0	921	
1065	792	1670	1843	2404	2534	2044	1958	1728	921	0	
Velocidade_Veiculos
1	1	1	1	1	