M: 4
N: 10
Nun_Veiculos: 4
Capacidade_Total: 190
Demanda_Total: 152
Setup_Min: 1
Setup_Max: 9
Raio: 20
Circulos: 1
Tempo_Processamento_Min: 1
Tempo_Processamento_Max: 49
Demanda_Min: 10
Demanda_Max: 30
Priority_Factor: 0.2
Range_Factor_R: 0.8
U_factor: 2
ALpha: 0.2Replicao: 1
Tempos_Processamentos
0	0	1	0	2	0	3	0	
0	8	1	26	2	28	3	6	
0	46	1	32	2	14	3	20	
0	8	1	41	2	23	3	35	
0	13	1	36	2	37	3	18	
0	21	1	1	2	48	3	38	
0	26	1	3	2	34	3	25	
0	7	1	11	2	23	3	11	
0	33	1	16	2	1	3	19	
0	10	1	48	2	17	3	17	
0	46	1	6	2	45	3	44	

Tempos_setup
M0
0	0	0	0	0	0	0	0	0	0	0	
0	0	6	5	3	4	5	2	4	4	5	
0	5	0	2	3	3	2	3	1	2	4	
0	6	3	0	3	1	3	3	2	3	2	
0	3	3	2	0	1	2	3	1	2	2	
0	5	2	2	2	0	2	2	1	2	1	
0	4	4	3	1	2	0	4	2	3	3	
0	5	4	4	4	2	4	0	3	4	3	
0	4	4	1	3	2	2	2	0	1	3	
0	3	5	4	2	3	1	1	3	0	4	
0	4	4	1	2	2	1	1	3	1	0	
M1
0	0	0	0	0	0	0	0	0	0	0	
0	0	1	3	4	3	2	4	2	3	1	
0	1	0	3	5	4	3	4	2	3	2	
0	3	2	0	3	4	3	4	2	3	4	
0	4	3	3	0	3	2	3	2	3	1	
0	1	2	4	5	0	3	5	3	4	2	
0	2	1	4	6	1	0	2	3	2	3	
0	2	3	3	4	1	4	0	4	5	3	
0	3	2	1	4	2	1	2	0	1	2	
0	3	2	4	5	2	1	1	4	0	4	
0	3	2	5	4	2	1	3	4	3	0	
M2
0	0	0	0	0	0	0	0	0	0	0	
0	0	5	1	3	2	3	4	4	3	3	
0	7	0	7	6	7	7	5	3	6	4	
0	7	7	0	2	4	5	5	4	2	5	
0	7	6	2	0	4	3	5	2	4	4	
0	8	3	1	3	0	5	2	5	3	1	
0	4	3	5	3	5	0	2	5	5	1	
0	6	3	3	1	3	4	0	3	3	4	
0	6	4	6	5	5	4	4	0	5	3	
0	5	5	3	2	2	5	3	4	0	3	
0	7	4	4	2	4	4	1	4	4	0	
M3
0	0	0	0	0	0	0	0	0	0	0	
0	0	5	4	5	2	4	6	1	3	2	
0	4	0	5	3	4	2	5	3	3	4	
0	5	1	0	3	3	3	6	4	4	5	
0	3	5	6	0	4	1	6	4	4	5	
0	3	4	4	3	0	2	4	2	1	2	
0	2	7	6	6	3	0	6	3	4	4	
0	3	5	4	4	2	4	0	1	1	2	
0	2	4	3	6	4	3	7	0	5	1	
0	2	4	3	3	1	3	5	1	0	1	
0	1	3	2	5	3	4	7	2	4	0	
Tamanho_Tarefas
0	17	26	13	24	12	6	11	9	12	22	
Data_Entrega
0	40	41	39	36	44	44	42	42	39	44	
Penalidade_Atraso
0	13	18	4	20	4	19	17	1	7	5	
Capacidade_Veiculo
52	49	47	42	
Custo_Fixo_Veiculo
520	490	470	420	
Coordenadas_Clientes
x	0	y	0
x	15	y	0
x	14	y	10
x	5	y	18
x	-7	y	23
x	-18	y	13
x	-18	y	0
x	-15	y	-11
x	-6	y	-19
x	5	y	-18
x	13	y	-10
Tempo_Viagem
0	15	17	18	24	22	18	18	19	18	16	
15	0	10	20	31	35	33	31	28	20	10	
17	10	0	12	24	32	33	35	35	29	20	
18	20	12	0	13	23	29	35	37	36	29	
24	31	24	13	0	14	25	34	42	42	38	
22	35	32	23	14	0	13	24	34	38	38	
18	33	33	29	25	13	0	11	22	29	32	
18	31	35	35	34	24	11	0	12	21	28	
19	28	35	37	42	34	22	12	0	11	21	
18	20	29	36	42	38	29	21	11	0	11	
16	10	20	29	38	38	32	28	21	11	0	
Custo_Viagem
V0
0	156	176	187	249	228	187	187	197	187	166	
156	0	104	208	322	364	343	322	291	208	104	
176	104	0	124	249	332	343	364	364	301	208	
187	208	124	0	135	239	301	364	395	374	301	
249	322	249	135	0	145	260	353	436	436	395	
228	364	332	239	145	0	135	249	353	395	395	
187	343	343	301	260	135	0	114	228	301	332	
187	322	364	364	353	249	114	0	124	218	291	
197	291	364	395	436	353	228	124	0	114	218	
187	208	301	374	436	395	301	218	114	0	114	
166	104	208	301	395	395	332	291	218	114	0	
V1
0	147	166	176	235	215	176	176	186	176	156	
147	0	98	196	303	343	323	303	274	196	98	
166	98	0	117	235	313	323	343	343	284	196	
176	196	117	0	127	225	284	343	372	352	284	
235	303	235	127	0	137	245	333	411	411	372	
215	343	313	225	137	0	127	235	333	372	372	
176	323	323	284	245	127	0	107	215	284	313	
176	303	343	343	333	235	107	0	117	205	274	
186	274	343	372	411	333	215	117	0	107	205	
176	196	284	352	411	372	284	205	107	0	107	
156	98	196	284	372	372	313	274	205	107	0	
V2
0	141	159	169	225	206	169	169	178	169	150	
141	0	94	188	291	329	310	291	263	188	94	
159	94	0	112	225	300	310	329	329	272	188	
169	188	112	0	122	216	272	329	357	338	272	
225	291	225	122	0	131	235	319	394	394	357	
206	329	300	216	131	0	122	225	319	357	357	
169	310	310	272	235	122	0	103	206	272	300	
169	291	329	329	319	225	103	0	112	197	263	
178	263	329	357	394	319	206	112	0	103	197	
169	188	272	338	394	357	272	197	103	0	103	
150	94	188	272	357	357	300	263	197	103	0	
V3
0	126	142	151	201	184	151	151	159	151	134	
126	0	84	168	260	294	277	260	235	168	84	
142	84	0	100	201	268	277	294	294	243	168	
151	168	100	0	109	193	243	294	319	302	243	
201	260	201	109	0	117	210	285	352	352	319	
184	294	268	193	117	0	109	201	285	319	319	
151	277	277	243	210	109	0	92	184	243	268	
151	260	294	294	285	201	92	0	100	176	235	
159	235	294	319	352	285	184	100	0	92	176	
151	168	243	302	352	319	243	176	92	0	92	
134	84	168	243	319	319	268	235	176	92	0	
Velocidade_Veiculos
1	1	1	1	