M: 4
N: 10
Nun_Veiculos: 4
Capacidade_Total: 254
Demanda_Total: 183
Setup_Min: 1
Setup_Max: 9
Raio: 20
Circulos: 1
Tempo_Processamento_Min: 1
Tempo_Processamento_Max: 49
Demanda_Min: 10
Demanda_Max: 30
Priority_Factor: 0.2
Range_Factor_R: 0.8
U_factor: 2
ALpha: 0.2Replicao: 3
Tempos_Processamentos
0	0	1	0	2	0	3	0	
0	26	1	14	2	49	3	2	
0	25	1	6	2	21	3	34	
0	21	1	17	2	44	3	25	
0	30	1	18	2	29	3	46	
0	45	1	37	2	2	3	28	
0	27	1	34	2	18	3	40	
0	42	1	37	2	20	3	32	
0	14	1	25	2	29	3	29	
0	47	1	26	2	38	3	10	
0	8	1	46	2	12	3	9	

Tempos_setup
M0
0	0	0	0	0	0	0	0	0	0	0	
0	0	1	5	1	2	5	4	1	4	3	
0	4	0	7	5	4	6	3	5	5	6	
0	4	1	0	5	5	6	4	2	5	3	
0	4	1	4	0	1	5	4	2	4	4	
0	4	3	3	2	0	4	4	4	3	4	
0	5	2	2	1	2	0	5	3	5	5	
0	1	2	5	2	3	3	0	2	2	3	
0	2	3	6	3	3	4	4	0	3	4	
0	2	3	3	2	1	1	1	2	0	1	
0	4	3	6	2	3	4	3	3	5	0	
M1
0	0	0	0	0	0	0	0	0	0	0	
0	0	5	6	5	4	5	5	6	4	3	
0	2	0	3	4	2	3	3	1	2	1	
0	3	1	0	5	1	1	1	2	3	2	
0	1	3	4	0	2	3	3	4	2	1	
0	2	3	2	5	0	1	1	3	4	3	
0	3	4	4	5	3	0	4	5	3	2	
0	4	3	4	4	4	1	0	2	4	3	
0	3	1	2	3	3	3	3	0	3	2	
0	3	1	3	5	1	2	2	2	0	2	
0	3	2	3	5	1	2	2	3	1	0	
M2
0	0	0	0	0	0	0	0	0	0	0	
0	0	4	2	1	2	1	1	4	2	3	
0	8	0	6	2	3	5	2	1	3	3	
0	3	4	0	4	3	2	4	4	2	4	
0	8	4	5	0	6	4	6	4	3	2	
0	7	3	4	5	0	3	5	4	1	1	
0	4	5	1	4	3	0	3	3	3	4	
0	7	4	4	6	1	4	0	5	2	2	
0	7	4	5	1	5	4	6	0	4	2	
0	6	2	3	4	5	5	4	3	0	2	
0	8	2	5	4	5	7	4	3	2	0	
M3
0	0	0	0	0	0	0	0	0	0	0	
0	0	3	1	1	3	1	5	4	3	2	
0	7	0	5	3	6	5	4	6	2	5	
0	4	2	0	3	3	5	5	5	4	2	
0	4	4	4	0	3	2	4	4	2	3	
0	5	4	4	4	0	3	2	2	4	3	
0	6	2	2	2	2	0	4	3	4	1	
0	4	2	2	2	2	4	0	2	2	1	
0	4	2	2	2	2	3	2	0	4	1	
0	6	4	3	4	4	3	2	4	0	3	
0	5	1	1	1	1	3	3	3	3	0	
Tamanho_Tarefas
0	8	7	25	27	28	27	20	16	16	9	
Data_Entrega
0	61	44	57	50	49	57	59	45	45	49	
Penalidade_Atraso
0	1	13	1	10	6	4	1	13	1	17	
Capacidade_Veiculo
71	84	46	53	
Custo_Fixo_Veiculo
710	840	460	530	
Coordenadas_Clientes
x	0	y	0
x	16	y	0
x	19	y	13
x	6	y	20
x	-5	y	16
x	-14	y	10
x	-22	y	0
x	-19	y	-14
x	-5	y	-15
x	6	y	-20
x	17	y	-13
Tempo_Viagem
0	16	23	20	16	17	22	23	15	20	21	
16	0	13	22	26	31	38	37	25	22	13	
23	13	0	14	24	33	43	46	36	35	26	
20	22	14	0	11	21	33	42	35	40	34	
16	26	24	11	0	10	22	33	31	36	36	
17	31	33	21	10	0	12	24	26	36	38	
22	38	43	33	22	12	0	14	22	34	41	
23	37	46	42	33	24	14	0	14	25	36	
15	25	36	35	31	26	22	14	0	12	22	
20	22	35	40	36	36	34	25	12	0	13	
21	13	26	34	36	38	41	36	22	13	0	
Custo_Viagem
V0
0	227	326	284	227	241	312	326	213	284	298	
227	0	184	312	369	440	539	525	355	312	184	
326	184	0	198	340	468	610	653	511	497	369	
284	312	198	0	156	312	482	596	511	568	482	
227	369	340	156	0	142	326	468	440	525	511	
241	440	468	312	142	0	170	340	369	511	539	
312	539	610	482	326	170	0	198	312	482	582	
326	525	653	596	468	340	198	0	198	355	511	
213	355	511	511	440	369	312	198	0	170	312	
284	312	497	568	525	511	482	355	170	0	184	
298	184	369	482	511	539	582	511	312	184	0	
V1
0	268	386	336	268	285	369	386	252	336	352	
268	0	218	369	436	520	638	621	420	369	218	
386	218	0	235	403	554	722	772	604	588	436	
336	369	235	0	184	369	571	705	604	672	571	
268	436	403	184	0	168	386	554	520	621	604	
285	520	554	369	168	0	201	403	436	604	638	
369	638	722	571	386	201	0	235	369	571	688	
386	621	772	705	554	403	235	0	235	420	604	
252	420	604	604	520	436	369	235	0	201	369	
336	369	588	672	621	604	571	420	201	0	218	
352	218	436	571	604	638	688	604	369	218	0	
V2
0	147	211	184	147	156	202	211	138	184	193	
147	0	119	202	239	285	349	340	230	202	119	
211	119	0	128	220	303	395	423	331	322	239	
184	202	128	0	101	202	312	386	331	368	312	
147	239	220	101	0	92	211	303	285	340	331	
156	285	303	202	92	0	110	220	239	331	349	
202	349	395	312	211	110	0	128	202	312	377	
211	340	423	386	303	220	128	0	128	230	331	
138	230	331	331	285	239	202	128	0	110	202	
184	202	322	368	340	331	312	230	110	0	119	
193	119	239	312	331	349	377	331	202	119	0	
V3
0	169	243	212	169	180	233	243	159	212	222	
169	0	137	233	275	328	402	392	265	233	137	
243	137	0	148	254	349	455	487	381	371	275	
212	233	148	0	116	233	360	445	381	424	360	
169	275	254	116	0	106	243	349	328	392	381	
180	328	349	233	106	0	127	254	275	381	402	
233	402	455	360	243	127	0	148	233	360	434	
243	392	487	445	349	254	148	0	148	265	381	
159	265	381	381	328	275	233	148	0	127	233	
212	233	371	424	392	381	360	265	127	0	137	
222	137	275	360	381	402	434	381	233	137	0	
Velocidade_Veiculos
1	1	1	1	