M: 4
N: 10
Nun_Veiculos: 8
Capacidade_Total: 336
Demanda_Total: 168
Setup_Min: 1
Setup_Max: 99
Raio: 100
Circulos: 1
Tempo_Processamento_Min: 1
Tempo_Processamento_Max: 49
Demanda_Min: 10
Demanda_Max: 30
Priority_Factor: 0.2
Range_Factor_R: 0.8
U_factor: 2
ALpha: 0.2Replicao: 1
Tempos_Processamentos
0	0	1	0	2	0	3	0	
0	32	1	5	2	22	3	11	
0	39	1	27	2	31	3	8	
0	48	1	11	2	7	3	29	
0	24	1	14	2	28	3	11	
0	47	1	31	2	28	3	15	
0	16	1	15	2	29	3	7	
0	25	1	25	2	13	3	8	
0	38	1	19	2	10	3	33	
0	15	1	49	2	34	3	35	
0	26	1	29	2	22	3	23	

Tempos_setup
M0
0	0	0	0	0	0	0	0	0	0	0	
0	0	20	36	13	9	30	12	37	30	51	
0	32	0	46	43	41	41	31	48	25	54	
0	6	19	0	12	15	36	6	2	36	52	
0	20	7	43	0	23	48	19	27	32	40	
0	4	11	27	4	0	34	3	29	34	44	
0	13	22	37	26	22	0	13	9	38	64	
0	1	21	24	14	10	31	0	26	31	52	
0	4	24	28	17	13	34	4	0	34	55	
0	15	35	21	28	24	16	27	23	0	49	
0	23	15	46	36	32	53	22	48	40	0	
M1
0	0	0	0	0	0	0	0	0	0	0	
0	0	42	24	20	9	39	34	42	10	15	
0	21	0	28	25	12	17	23	45	15	20	
0	45	39	0	38	51	22	10	39	29	33	
0	20	43	4	0	29	26	14	43	3	8	
0	20	33	17	13	0	39	27	33	3	8	
0	24	49	11	17	33	0	21	50	7	12	
0	57	41	54	50	53	58	0	61	40	45	
0	43	27	27	23	39	44	37	0	26	31	
0	17	51	14	10	26	36	24	47	0	5	
0	12	46	9	5	21	31	19	42	8	0	
M2
0	0	0	0	0	0	0	0	0	0	0	
0	0	17	9	15	17	17	16	19	49	1	
0	38	0	17	27	30	10	45	48	57	39	
0	36	27	0	35	13	31	28	31	40	23	
0	11	28	9	0	22	2	27	30	43	12	
0	23	14	25	26	0	18	39	42	46	12	
0	42	34	7	42	20	0	35	38	47	30	
0	18	16	16	7	29	9	0	3	48	19	
0	55	17	33	44	38	27	60	0	73	50	
0	36	53	45	37	53	39	52	55	0	37	
0	25	16	23	14	22	16	41	44	57	0	
M3
0	0	0	0	0	0	0	0	0	0	0	
0	0	23	38	40	22	36	40	27	8	31	
0	52	0	15	49	46	13	52	24	32	24	
0	45	35	0	34	33	14	37	25	19	9	
0	67	16	22	0	1	29	28	40	41	31	
0	88	64	56	49	0	55	50	59	73	34	
0	56	35	50	40	33	0	41	11	19	15	
0	54	30	9	40	37	23	0	34	23	15	
0	53	34	39	29	30	20	30	0	39	4	
0	37	16	31	32	14	29	32	38	0	40	
0	68	30	37	25	26	43	28	54	51	0	
Tamanho_Tarefas
0	9	17	23	15	24	7	13	19	19	22	
Data_Entrega
0	186	178	196	190	188	196	183	176	181	179	
Penalidade_Atraso
0	9	10	4	19	19	2	20	16	16	14	
Capacidade_Veiculo
50	43	52	30	31	50	36	44	
Custo_Fixo_Veiculo
500	430	520	300	310	500	360	440	
Coordenadas_Clientes
x	0	y	0
x	104	y	0
x	64	y	47
x	29	y	90
x	-38	y	116
x	-74	y	54
x	-125	y	0
x	-79	y	-57
x	-30	y	-94
x	33	y	-104
x	66	y	-48
Tempo_Viagem
0	104	79	94	122	91	125	97	98	109	81	
104	0	61	116	183	186	229	191	163	125	61	
79	61	0	55	123	138	194	176	169	154	95	
94	116	55	0	71	109	178	182	192	194	142	
122	183	123	71	0	71	145	177	210	231	194	
91	186	138	109	71	0	74	111	154	190	172	
125	229	194	178	145	74	0	73	133	189	196	
97	191	176	182	177	111	73	0	61	121	145	
98	163	169	192	210	154	133	61	0	63	106	
109	125	154	194	231	190	189	121	63	0	65	
81	61	95	142	194	172	196	145	106	65	0	
Custo_Viagem
V0
0	1040	790	940	1220	910	1250	970	980	1090	810	
1040	0	610	1170	1830	1860	2290	1910	1630	1250	610	
790	610	0	550	1230	1380	1940	1760	1690	1540	950	
940	1170	550	0	710	1090	1780	1820	1930	1940	1420	
1220	1830	1230	710	0	710	1450	1770	2100	2310	1940	
910	1860	1380	1090	710	0	740	1110	1540	1900	1730	
1250	2290	1940	1780	1450	740	0	730	1330	1890	1960	
970	1910	1760	1820	1770	1110	730	0	610	1210	1450	
980	1630	1690	1930	2100	1540	1330	610	0	630	1060	
1090	1250	1540	1940	2310	1900	1890	1210	630	0	650	
810	610	950	1420	1940	1730	1960	1450	1060	650	0	
V1
0	894	679	808	1049	782	1075	834	842	937	696	
894	0	524	1006	1573	1599	1969	1642	1401	1075	524	
679	524	0	473	1057	1186	1668	1513	1453	1324	817	
808	1006	473	0	610	937	1530	1565	1659	1668	1221	
1049	1573	1057	610	0	610	1247	1522	1806	1986	1668	
782	1599	1186	937	610	0	636	954	1324	1634	1487	
1075	1969	1668	1530	1247	636	0	627	1143	1625	1685	
834	1642	1513	1565	1522	954	627	0	524	1040	1247	
842	1401	1453	1659	1806	1324	1143	524	0	541	911	
937	1075	1324	1668	1986	1634	1625	1040	541	0	559	
696	524	817	1221	1668	1487	1685	1247	911	559	0	
V2
0	1081	821	977	1268	946	1300	1008	1019	1133	842	
1081	0	634	1216	1903	1934	2381	1986	1695	1300	634	
821	634	0	572	1279	1435	2017	1830	1757	1601	988	
977	1216	572	0	738	1133	1851	1892	2007	2017	1476	
1268	1903	1279	738	0	738	1508	1840	2184	2402	2017	
946	1934	1435	1133	738	0	769	1154	1601	1976	1799	
1300	2381	2017	1851	1508	769	0	759	1383	1965	2038	
1008	1986	1830	1892	1840	1154	759	0	634	1258	1508	
1019	1695	1757	2007	2184	1601	1383	634	0	655	1102	
1133	1300	1601	2017	2402	1976	1965	1258	655	0	676	
842	634	988	1476	2017	1799	2038	1508	1102	676	0	
V3
0	624	474	564	732	546	750	582	588	654	486	
624	0	366	702	1098	1116	1374	1146	978	750	366	
474	366	0	330	738	828	1164	1056	1014	924	570	
564	702	330	0	426	654	1068	1092	1158	1164	852	
732	1098	738	426	0	426	870	1062	1260	1386	1164	
546	1116	828	654	426	0	444	666	924	1140	1038	
750	1374	1164	1068	870	444	0	438	798	1134	1176	
582	1146	1056	1092	1062	666	438	0	366	726	870	
588	978	1014	1158	1260	924	798	366	0	378	636	
654	750	924	1164	1386	1140	1134	726	378	0	390	
486	366	570	852	1164	1038	1176	870	636	390	0	
V4
0	644	489	582	756	564	775	601	607	675	502	
644	0	378	725	1134	1153	1419	1184	1010	775	378	
489	378	0	341	762	855	1202	1091	1047	954	589	
582	725	341	0	440	675	1103	1128	1196	1202	880	
756	1134	762	440	0	440	899	1097	1302	1432	1202	
564	1153	855	675	440	0	458	688	954	1178	1072	
775	1419	1202	1103	899	458	0	452	824	1171	1215	
601	1184	1091	1128	1097	688	452	0	378	750	899	
607	1010	1047	1196	1302	954	824	378	0	390	657	
675	775	954	1202	1432	1178	1171	750	390	0	403	
502	378	589	880	1202	1072	1215	899	657	403	0	
V5
0	1040	790	940	1220	910	1250	970	980	1090	810	
1040	0	610	1170	1830	1860	2290	1910	1630	1250	610	
790	610	0	550	1230	1380	1940	1760	1690	1540	950	
940	1170	550	0	710	1090	1780	1820	1930	1940	1420	
1220	1830	1230	710	0	710	1450	1770	2100	2310	1940	
910	1860	1380	1090	710	0	740	1110	1540	1900	1730	
1250	2290	1940	1780	1450	740	0	730	1330	1890	1960	
970	1910	1760	1820	1770	1110	730	0	610	1210	1450	
980	1630	1690	1930	2100	1540	1330	610	0	630	1060	
1090	1250	1540	1940	2310	1900	1890	1210	630	0	650	
810	610	950	1420	1940	1730	1960	1450	1060	650	0	
V6
0	748	568	676	878	655	900	698	705	784	583	
748	0	439	842	1317	1339	1648	1375	1173	900	439	
568	439	0	396	885	993	1396	1267	1216	1108	684	
676	842	396	0	511	784	1281	1310	1389	1396	1022	
878	1317	885	511	0	511	1044	1274	1512	1663	1396	
655	1339	993	784	511	0	532	799	1108	1368	1245	
900	1648	1396	1281	1044	532	0	525	957	1360	1411	
698	1375	1267	1310	1274	799	525	0	439	871	1044	
705	1173	1216	1389	1512	1108	957	439	0	453	763	
784	900	1108	1396	1663	1368	1360	871	453	0	468	
583	439	684	1022	1396	1245	1411	1044	763	468	0	
V7
0	915	695	827	1073	800	1100	853	862	959	712	
915	0	536	1029	1610	1636	2015	1680	1434	1100	536	
695	536	0	484	1082	1214	1707	1548	1487	1355	836	
827	1029	484	0	624	959	1566	1601	1698	1707	1249	
1073	1610	1082	624	0	624	1276	1557	1848	2032	1707	
800	1636	1214	959	624	0	651	976	1355	1672	1522	
1100	2015	1707	1566	1276	651	0	642	1170	1663	1724	
853	1680	1548	1601	1557	976	642	0	536	1064	1276	
862	1434	1487	1698	1848	1355	1170	536	0	554	932	
959	1100	1355	1707	2032	1672	1663	1064	554	0	572	
712	536	836	1249	1707	1522	1724	1276	932	572	0	
Velocidade_Veiculos
1	1	1	1	1	1	1	1	