M: 4
N: 10
Nun_Veiculos: 4
Capacidade_Total: 296
Demanda_Total: 137
Setup_Min: 1
Setup_Max: 9
Raio: 100
Circulos: 1
Tempo_Processamento_Min: 1
Tempo_Processamento_Max: 49
Demanda_Min: 10
Demanda_Max: 30
Priority_Factor: 0.2
Range_Factor_R: 0.8
U_factor: 2
ALpha: 0.2Replicao: 4
Tempos_Processamentos
0	0	1	0	2	0	3	0	
0	24	1	7	2	3	3	7	
0	32	1	14	2	3	3	11	
0	14	1	29	2	32	3	19	
0	46	1	3	2	1	3	23	
0	25	1	39	2	35	3	35	
0	22	1	8	2	40	3	18	
0	25	1	10	2	37	3	49	
0	16	1	43	2	38	3	22	
0	7	1	33	2	15	3	14	
0	33	1	7	2	2	3	33	

Tempos_setup
M0
0	0	0	0	0	0	0	0	0	0	0	
0	0	4	6	2	2	3	4	3	2	3	
0	6	0	7	4	3	4	5	4	3	6	
0	3	4	0	4	3	3	2	3	2	6	
0	4	6	8	0	6	5	6	5	6	7	
0	4	2	4	6	0	2	3	1	5	5	
0	2	3	5	4	3	0	1	2	3	4	
0	1	2	4	3	3	3	0	1	2	4	
0	3	1	3	5	4	5	2	0	4	4	
0	3	4	6	2	4	1	2	3	0	5	
0	3	4	6	5	5	5	5	3	5	0	
M1
0	0	0	0	0	0	0	0	0	0	0	
0	0	3	4	5	3	3	4	2	4	6	
0	2	0	1	4	3	3	4	4	3	6	
0	1	3	0	5	4	4	3	3	2	5	
0	6	4	5	0	7	7	8	6	7	6	
0	5	6	4	2	0	5	5	7	4	6	
0	2	3	1	5	5	0	3	2	2	3	
0	5	3	4	2	2	5	0	4	5	3	
0	3	4	2	6	6	1	4	0	3	4	
0	3	4	5	3	3	5	1	5	0	4	
0	5	5	4	2	4	4	2	6	6	0	
M2
0	0	0	0	0	0	0	0	0	0	0	
0	0	4	3	5	5	4	4	3	2	6	
0	4	0	4	2	4	3	5	5	5	7	
0	3	3	0	2	2	4	1	1	4	5	
0	5	1	2	0	2	4	3	3	4	5	
0	5	2	3	2	0	5	4	4	2	3	
0	4	4	5	3	5	0	5	6	2	6	
0	7	5	5	5	3	3	0	5	5	4	
0	2	5	2	4	4	5	2	0	4	5	
0	3	2	5	4	4	5	4	4	0	4	
0	4	4	1	3	3	4	1	2	5	0	
M3
0	0	0	0	0	0	0	0	0	0	0	
0	0	4	2	5	3	3	3	4	5	6	
0	2	0	4	4	5	5	5	6	3	2	
0	2	2	0	3	4	1	1	2	3	4	
0	4	3	4	0	6	5	5	4	3	4	
0	4	2	4	2	0	5	5	4	3	4	
0	3	4	2	2	3	0	3	3	2	3	
0	1	1	3	3	3	1	0	1	3	3	
0	2	2	4	4	2	2	1	0	4	4	
0	1	3	1	1	4	2	2	3	0	1	
0	2	3	2	2	5	3	3	4	1	0	
Tamanho_Tarefas
0	10	9	16	4	32	9	25	22	8	2	
Data_Entrega
0	171	182	172	181	184	174	178	176	175	174	
Penalidade_Atraso
0	20	7	17	14	4	4	3	5	12	3	
Capacidade_Veiculo
36	92	78	90	
Custo_Fixo_Veiculo
360	920	780	900	
Coordenadas_Clientes
x	0	y	0
x	111	y	0
x	74	y	54
x	29	y	92
x	-27	y	84
x	-84	y	61
x	-98	y	0
x	-99	y	-72
x	-29	y	-92
x	26	y	-81
x	76	y	-55
Tempo_Viagem
0	111	91	96	88	103	98	122	96	85	93	
111	0	65	123	161	204	209	222	167	117	65	
91	65	0	58	105	158	180	213	178	143	109	
96	123	58	0	56	117	156	208	192	173	154	
88	161	105	56	0	61	109	171	176	173	173	
103	204	158	117	61	0	62	133	162	179	196	
98	209	180	156	109	62	0	72	115	148	182	
122	222	213	208	171	133	72	0	72	125	175	
96	167	178	192	176	162	115	72	0	56	111	
85	117	143	173	173	179	148	125	56	0	56	
93	65	109	154	173	196	182	175	111	56	0	
Custo_Viagem
V0
0	799	655	691	633	741	705	878	691	612	669	
799	0	468	885	1159	1468	1504	1598	1202	842	468	
655	468	0	417	756	1137	1296	1540	1281	1029	784	
691	885	417	0	403	842	1123	1497	1382	1245	1108	
633	1159	756	403	0	439	784	1231	1267	1245	1245	
741	1468	1137	842	439	0	446	957	1166	1288	1418	
705	1504	1296	1123	784	446	0	518	828	1065	1310	
878	1598	1540	1497	1231	957	518	0	518	900	1260	
691	1202	1281	1382	1267	1166	828	518	0	403	799	
612	842	1029	1245	1245	1288	1065	900	403	0	403	
669	468	784	1108	1245	1418	1310	1260	799	403	0	
V1
0	2042	1674	1766	1619	1895	1803	2244	1766	1564	1711	
2042	0	1196	2263	2962	3753	3845	4084	3072	2152	1196	
1674	1196	0	1067	1932	2907	3312	3937	3275	2631	2005	
1766	2263	1067	0	1030	2152	2870	3827	3532	3183	2833	
1619	2962	1932	1030	0	1122	2005	3146	3238	3183	3183	
1895	3753	2907	2152	1122	0	1140	2447	2980	3293	3624	
1803	3845	3312	2870	2005	1140	0	1324	2116	2723	3348	
2244	4084	3937	3827	3146	2447	1324	0	1324	2300	3220	
1766	3072	3275	3532	3238	2980	2116	1324	0	1030	2042	
1564	2152	2631	3183	3183	3293	2723	2300	1030	0	1030	
1711	1196	2005	2833	3183	3624	3348	3220	2042	1030	0	
V2
0	1731	1419	1497	1372	1606	1528	1903	1497	1326	1450	
1731	0	1014	1918	2511	3182	3260	3463	2605	1825	1014	
1419	1014	0	904	1638	2464	2808	3338	2776	2230	1700	
1497	1918	904	0	873	1825	2433	3244	2995	2698	2402	
1372	2511	1638	873	0	951	1700	2667	2745	2698	2698	
1606	3182	2464	1825	951	0	967	2074	2527	2792	3073	
1528	3260	2808	2433	1700	967	0	1123	1794	2308	2839	
1903	3463	3338	3244	2667	2074	1123	0	1123	1950	2730	
1497	2605	2776	2995	2745	2527	1794	1123	0	873	1731	
1326	1825	2230	2698	2698	2792	2308	1950	873	0	873	
1450	1014	1700	2402	2698	3073	2839	2730	1731	873	0	
V3
0	1998	1638	1728	1584	1854	1764	2196	1728	1530	1674	
1998	0	1170	2214	2898	3672	3762	3996	3006	2106	1170	
1638	1170	0	1044	1890	2844	3240	3852	3204	2574	1962	
1728	2214	1044	0	1008	2106	2808	3744	3456	3114	2772	
1584	2898	1890	1008	0	1098	1962	3078	3168	3114	3114	
1854	3672	2844	2106	1098	0	1116	2394	2916	3222	3546	
1764	3762	3240	2808	1962	1116	0	1296	2070	2664	3276	
2196	3996	3852	3744	3078	2394	1296	0	1296	2250	3150	
1728	3006	3204	3456	3168	2916	2070	1296	0	1008	1998	
1530	2106	2574	3114	3114	3222	2664	2250	1008	0	1008	
1674	1170	1962	2772	3114	3546	3276	3150	1998	1008	0	
Velocidade_Veiculos
1	1	1	1	