M: 4
N: 10
Nun_Veiculos: 5
Capacidade_Total: 296
Demanda_Total: 163
Setup_Min: 1
Setup_Max: 9
Raio: 100
Circulos: 1
Tempo_Processamento_Min: 1
Tempo_Processamento_Max: 49
Demanda_Min: 10
Demanda_Max: 30
Priority_Factor: 0.2
Range_Factor_R: 0.8
U_factor: 2
ALpha: 0.2Replicao: 3
Tempos_Processamentos
0	0	1	0	2	0	3	0	
0	29	1	22	2	44	3	32	
0	44	1	34	2	28	3	4	
0	3	1	40	2	13	3	13	
0	42	1	26	2	16	3	20	
0	6	1	36	2	28	3	36	
0	22	1	48	2	30	3	36	
0	29	1	2	2	12	3	48	
0	43	1	11	2	34	3	18	
0	34	1	10	2	32	3	36	
0	17	1	22	2	49	3	32	

Tempos_setup
M0
0	0	0	0	0	0	0	0	0	0	0	
0	0	2	1	3	6	6	1	5	4	5	
0	2	0	3	1	4	4	3	3	2	4	
0	1	3	0	3	6	5	2	5	5	4	
0	1	3	2	0	7	5	2	2	5	6	
0	3	3	4	2	0	4	2	4	5	4	
0	5	4	6	4	7	0	3	5	5	7	
0	2	1	3	2	5	5	0	4	3	5	
0	3	4	3	5	7	3	3	0	5	4	
0	3	5	2	4	2	5	4	2	0	6	
0	2	4	3	1	3	1	3	3	1	0	
M1
0	0	0	0	0	0	0	0	0	0	0	
0	0	3	3	4	5	1	4	2	7	2	
0	1	0	4	1	5	2	5	3	6	3	
0	2	1	0	2	4	1	1	1	5	3	
0	4	3	4	0	6	2	5	3	8	4	
0	5	4	7	3	0	5	6	2	4	6	
0	3	2	2	3	4	0	3	1	7	2	
0	3	2	1	3	5	2	0	2	6	4	
0	3	2	6	3	3	4	6	0	7	5	
0	2	5	5	4	1	3	6	3	0	2	
0	4	3	3	4	4	4	4	1	5	0	
M2
0	0	0	0	0	0	0	0	0	0	0	
0	0	2	2	4	2	3	3	1	3	3	
0	1	0	3	3	3	1	4	2	4	4	
0	2	1	0	4	3	2	5	3	5	1	
0	1	3	3	0	3	2	4	2	4	4	
0	4	5	6	7	0	2	7	4	7	5	
0	3	3	5	6	4	0	6	4	6	6	
0	1	2	3	2	3	3	0	2	4	3	
0	2	1	4	3	4	2	5	0	5	5	
0	4	3	2	5	1	3	3	5	0	3	
0	1	3	3	5	3	4	4	2	4	0	
M3
0	0	0	0	0	0	0	0	0	0	0	
0	0	5	4	3	4	3	3	6	3	4	
0	5	0	2	4	4	3	6	5	5	3	
0	3	1	0	5	2	1	4	5	4	1	
0	2	4	6	0	5	2	5	4	1	4	
0	1	6	5	4	0	4	4	3	4	3	
0	2	2	4	5	6	0	5	4	3	5	
0	2	2	1	5	1	2	0	3	3	1	
0	2	3	2	5	2	3	1	0	3	2	
0	5	7	6	4	4	5	6	5	0	5	
0	5	5	4	6	4	4	3	6	6	0	
Tamanho_Tarefas
0	31	6	13	16	8	26	8	16	11	28	
Data_Entrega
0	188	192	202	200	198	189	188	194	199	191	
Penalidade_Atraso
0	3	17	2	20	1	9	13	14	1	5	
Capacidade_Veiculo
47	67	92	35	55	
Custo_Fixo_Veiculo
470	670	920	350	550	
Coordenadas_Clientes
x	0	y	0
x	117	y	0
x	83	y	60
x	32	y	100
x	-36	y	113
x	-93	y	67
x	-90	y	0
x	-99	y	-72
x	-36	y	-111
x	29	y	-90
x	69	y	-50
Tempo_Viagem
0	117	102	104	118	114	90	122	116	94	85	
117	0	68	131	190	220	207	227	189	125	69	
102	68	0	64	130	176	183	224	208	159	110	
104	131	64	0	69	129	157	216	220	190	154	
118	190	130	69	0	73	125	195	224	212	193	
114	220	176	129	73	0	67	139	186	198	199	
90	207	183	157	125	67	0	72	123	149	166	
122	227	224	216	195	139	72	0	74	129	169	
116	189	208	220	224	186	123	74	0	68	121	
94	125	159	190	212	198	149	129	68	0	56	
85	69	110	154	193	199	166	169	121	56	0	
Custo_Viagem
V0
0	1099	958	977	1109	1071	846	1146	1090	883	799	
1099	0	639	1231	1786	2068	1945	2133	1776	1175	648	
958	639	0	601	1222	1654	1720	2105	1955	1494	1034	
977	1231	601	0	648	1212	1475	2030	2077	1786	1447	
1109	1786	1222	648	0	686	1175	1833	2105	2002	1814	
1071	2068	1654	1212	686	0	629	1306	1748	1861	1870	
846	1945	1720	1475	1175	629	0	676	1156	1400	1560	
1146	2133	2105	2030	1833	1306	676	0	695	1212	1588	
1090	1776	1955	2077	2105	1748	1156	695	0	639	1137	
883	1175	1494	1786	2002	1861	1400	1212	639	0	526	
799	648	1034	1447	1814	1870	1560	1588	1137	526	0	
V1
0	1567	1366	1393	1581	1527	1206	1634	1554	1259	1139	
1567	0	911	1755	2546	2948	2773	3041	2532	1675	924	
1366	911	0	857	1742	2358	2452	3001	2787	2130	1474	
1393	1755	857	0	924	1728	2103	2894	2961	2546	2063	
1581	2546	1742	924	0	978	1675	2613	3001	2854	2586	
1527	2948	2358	1728	978	0	897	1862	2492	2653	2666	
1206	2773	2452	2103	1675	897	0	964	1648	1996	2224	
1634	3041	3001	2894	2613	1862	964	0	991	1728	2264	
1554	2532	2787	2961	3001	2492	1648	991	0	911	1621	
1259	1675	2130	2546	2854	2653	1996	1728	911	0	750	
1139	924	1474	2063	2586	2666	2224	2264	1621	750	0	
V2
0	2152	1876	1913	2171	2097	1656	2244	2134	1729	1564	
2152	0	1251	2410	3496	4048	3808	4176	3477	2300	1269	
1876	1251	0	1177	2392	3238	3367	4121	3827	2925	2024	
1913	2410	1177	0	1269	2373	2888	3974	4066	3496	2833	
2171	3496	2392	1269	0	1343	2300	3588	4121	3919	3551	
2097	4048	3238	2373	1343	0	1232	2557	3422	3643	3661	
1656	3808	3367	2888	2300	1232	0	1324	2263	2741	3054	
2244	4176	4121	3974	3588	2557	1324	0	1361	2373	3109	
2134	3477	3827	4066	4121	3422	2263	1361	0	1251	2226	
1729	2300	2925	3496	3919	3643	2741	2373	1251	0	1030	
1564	1269	2024	2833	3551	3661	3054	3109	2226	1030	0	
V3
0	819	714	728	826	798	630	854	812	658	595	
819	0	476	917	1330	1540	1449	1589	1323	875	483	
714	476	0	448	910	1232	1281	1568	1456	1113	770	
728	917	448	0	483	903	1099	1512	1547	1330	1078	
826	1330	910	483	0	511	875	1365	1568	1491	1351	
798	1540	1232	903	511	0	469	973	1302	1386	1393	
630	1449	1281	1099	875	469	0	504	861	1043	1162	
854	1589	1568	1512	1365	973	504	0	518	903	1183	
812	1323	1456	1547	1568	1302	861	518	0	476	847	
658	875	1113	1330	1491	1386	1043	903	476	0	392	
595	483	770	1078	1351	1393	1162	1183	847	392	0	
V4
0	1287	1122	1144	1298	1254	990	1342	1276	1034	935	
1287	0	748	1441	2090	2420	2277	2497	2079	1375	759	
1122	748	0	704	1430	1936	2013	2464	2288	1749	1210	
1144	1441	704	0	759	1419	1727	2376	2431	2090	1694	
1298	2090	1430	759	0	803	1375	2145	2464	2343	2123	
1254	2420	1936	1419	803	0	737	1529	2046	2178	2189	
990	2277	2013	1727	1375	737	0	792	1353	1639	1826	
1342	2497	2464	2376	2145	1529	792	0	814	1419	1859	
1276	2079	2288	2431	2464	2046	1353	814	0	748	1331	
1034	1375	1749	2090	2343	2178	1639	1419	748	0	616	
935	759	1210	1694	2123	2189	1826	1859	1331	616	0	
Velocidade_Veiculos
1	1	1	1	1	