M: 4
N: 10
Nun_Veiculos: 4
Capacidade_Total: 277
Demanda_Total: 151
Setup_Min: 1
Setup_Max: 9
Raio: 100
Circulos: 1
Tempo_Processamento_Min: 1
Tempo_Processamento_Max: 49
Demanda_Min: 10
Demanda_Max: 30
Priority_Factor: 0.2
Range_Factor_R: 0.8
U_factor: 2
ALpha: 0.2Replicao: 0
Tempos_Processamentos
0	0	1	0	2	0	3	0	
0	34	1	19	2	15	3	45	
0	49	1	8	2	33	3	22	
0	20	1	4	2	26	3	36	
0	34	1	28	2	30	3	36	
0	2	1	19	2	2	3	28	
0	16	1	34	2	48	3	45	
0	6	1	24	2	31	3	22	
0	24	1	9	2	5	3	18	
0	47	1	9	2	38	3	20	
0	27	1	3	2	42	3	39	

Tempos_setup
M0
0	0	0	0	0	0	0	0	0	0	0	
0	0	7	2	7	4	4	1	1	2	3	
0	5	0	4	2	3	2	3	3	4	3	
0	4	7	0	6	4	4	5	3	2	7	
0	3	7	4	0	2	6	4	4	5	6	
0	7	6	5	7	0	4	6	4	6	4	
0	6	7	2	8	1	0	3	1	4	5	
0	5	6	1	6	3	3	0	3	1	2	
0	6	8	7	7	6	6	6	0	4	7	
0	6	5	4	6	2	2	5	2	0	6	
0	7	6	3	7	5	5	2	1	3	0	
M1
0	0	0	0	0	0	0	0	0	0	0	
0	0	1	2	5	3	4	5	3	3	4	
0	6	0	4	7	5	6	4	5	5	4	
0	2	3	0	4	1	2	4	2	1	2	
0	1	2	3	0	3	2	5	1	3	3	
0	4	4	3	3	0	1	5	1	4	2	
0	5	5	4	4	1	0	4	2	4	1	
0	3	1	3	3	4	5	0	1	3	4	
0	3	3	2	2	3	4	6	0	3	4	
0	1	2	2	4	3	4	3	2	0	1	
0	4	4	5	6	6	5	3	4	3	0	
M2
0	0	0	0	0	0	0	0	0	0	0	
0	0	2	2	4	3	5	1	4	3	1	
0	4	0	5	5	3	3	4	5	6	5	
0	4	3	0	2	4	4	5	6	5	2	
0	2	4	2	0	3	3	3	5	5	3	
0	4	4	4	2	0	5	5	5	3	5	
0	2	2	3	3	1	0	3	2	4	3	
0	3	3	1	3	5	4	0	5	2	3	
0	4	4	1	2	5	5	2	0	4	3	
0	4	1	1	3	3	2	5	3	0	3	
0	4	1	5	4	2	4	5	4	5	0	
M3
0	0	0	0	0	0	0	0	0	0	0	
0	0	1	4	2	4	4	4	3	3	4	
0	5	0	3	1	4	3	3	3	2	4	
0	3	4	0	2	4	3	4	1	3	2	
0	4	4	2	0	5	5	5	2	1	3	
0	6	2	3	3	0	1	5	3	2	4	
0	5	3	2	2	1	0	4	2	1	3	
0	4	3	2	2	4	4	0	1	3	2	
0	3	4	1	1	3	3	3	0	2	1	
0	4	3	1	1	4	4	4	1	0	2	
0	2	3	1	2	2	2	2	1	2	0	
Tamanho_Tarefas
0	19	11	17	28	11	23	12	9	13	8	
Data_Entrega
0	181	188	191	178	192	180	184	187	190	174	
Penalidade_Atraso
0	20	12	9	2	7	5	7	18	9	1	
Capacidade_Veiculo
82	36	83	76	
Custo_Fixo_Veiculo
820	360	830	760	
Coordenadas_Clientes
x	0	y	0
x	94	y	0
x	93	y	68
x	35	y	108
x	-31	y	97
x	-84	y	61
x	-101	y	0
x	-67	y	-49
x	-31	y	-97
x	36	y	-112
x	72	y	-52
Tempo_Viagem
0	94	115	113	101	103	101	83	101	117	88	
94	0	68	123	158	188	195	168	158	125	56	
115	68	0	70	127	177	205	198	206	188	121	
113	123	70	0	66	127	173	187	214	220	164	
101	158	127	66	0	64	119	150	194	218	181	
103	188	177	127	64	0	63	111	166	210	191	
101	195	205	173	119	63	0	59	119	176	180	
83	168	198	187	150	111	59	0	60	120	139	
101	158	206	214	194	166	119	60	0	68	112	
117	125	188	220	218	210	176	120	68	0	69	
88	56	121	164	181	191	180	139	112	69	0	
Custo_Viagem
V0
0	1541	1886	1853	1656	1689	1656	1361	1656	1918	1443	
1541	0	1115	2017	2591	3083	3198	2755	2591	2066	918	
1886	1115	0	1148	2082	2902	3362	3247	3378	3083	1984	
1853	2017	1148	0	1082	2082	2837	3066	3526	3608	2689	
1656	2591	2082	1082	0	1049	1951	2460	3181	3591	2968	
1689	3083	2902	2082	1049	0	1033	1820	2722	3444	3148	
1656	3198	3362	2837	1951	1033	0	967	1951	2886	2952	
1361	2755	3247	3066	2460	1820	967	0	984	1968	2279	
1656	2591	3378	3526	3181	2722	1951	984	0	1115	1836	
1918	2066	3083	3608	3591	3444	2886	1968	1115	0	1131	
1443	918	1984	2689	2968	3148	2952	2279	1836	1131	0	
V1
0	676	828	813	727	741	727	597	727	842	633	
676	0	489	885	1137	1353	1404	1209	1137	907	403	
828	489	0	504	914	1274	1476	1425	1483	1353	871	
813	885	504	0	475	914	1245	1346	1548	1584	1180	
727	1137	914	475	0	460	856	1080	1396	1576	1303	
741	1353	1274	914	460	0	453	799	1195	1512	1382	
727	1404	1476	1245	856	453	0	424	856	1267	1296	
597	1209	1425	1346	1080	799	424	0	432	864	1000	
727	1137	1483	1548	1396	1195	856	432	0	489	806	
842	907	1353	1584	1576	1512	1267	864	489	0	496	
633	403	871	1180	1303	1382	1296	1000	806	496	0	
V2
0	1560	1909	1875	1676	1709	1676	1377	1676	1942	1460	
1560	0	1128	2041	2622	3120	3237	2788	2622	2091	929	
1909	1128	0	1162	2108	2938	3403	3286	3419	3120	2008	
1875	2041	1162	0	1095	2108	2871	3104	3569	3652	2722	
1676	2622	2108	1095	0	1062	1975	2490	3220	3635	3004	
1709	3120	2938	2108	1062	0	1045	1842	2755	3486	3187	
1676	3237	3403	2871	1975	1045	0	979	1975	2921	2988	
1377	2788	3286	3104	2490	1842	979	0	996	1992	2307	
1676	2622	3419	3569	3220	2755	1975	996	0	1128	1859	
1942	2091	3120	3652	3635	3486	2921	1992	1128	0	1145	
1460	929	2008	2722	3004	3187	2988	2307	1859	1145	0	
V3
0	1428	1748	1717	1535	1565	1535	1261	1535	1778	1337	
1428	0	1033	1869	2401	2857	2964	2553	2401	1915	851	
1748	1033	0	1064	1930	2690	3116	3009	3131	2857	1839	
1717	1869	1064	0	1003	1930	2629	2842	3268	3344	2492	
1535	2401	1930	1003	0	972	1808	2280	2948	3328	2751	
1565	2857	2690	1930	972	0	957	1687	2523	3192	2918	
1535	2964	3116	2629	1808	957	0	896	1808	2675	2736	
1261	2553	3009	2842	2280	1687	896	0	912	1824	2112	
1535	2401	3131	3268	2948	2523	1808	912	0	1033	1702	
1778	1915	2857	3344	3328	3192	2675	1824	1033	0	1048	
1337	851	1839	2492	2751	2918	2736	2112	1702	1048	0	
Velocidade_Veiculos
1	1	1	1	