M: 2
N: 30
Nun_Veiculos: 9
Capacidade_Total: 826
Demanda_Total: 688
Setup_Min: 1
Setup_Max: 99
Raio: 100
Circulos: 1
Tempo_Processamento_Min: 1
Tempo_Processamento_Max: 49
Demanda_Min: 10
Demanda_Max: 30
Priority_Factor: 0.2
Range_Factor_R: 0.8
U_factor: 2
ALpha: 0.2Replicao: 4
Tempos_Processamentos
0	0	1	0	
0	7	1	48	
0	18	1	23	
0	9	1	36	
0	28	1	20	
0	8	1	24	
0	16	1	3	
0	20	1	44	
0	23	1	18	
0	6	1	7	
0	4	1	19	
0	49	1	14	
0	34	1	30	
0	2	1	14	
0	37	1	7	
0	43	1	40	
0	41	1	30	
0	36	1	43	
0	25	1	45	
0	37	1	34	
0	49	1	47	
0	16	1	2	
0	6	1	6	
0	44	1	45	
0	39	1	27	
0	42	1	5	
0	44	1	41	
0	38	1	49	
0	14	1	28	
0	2	1	9	
0	48	1	32	

Tempos_setup
M0
0	0	0	0	0	0	0	0	0	0	0	0	0	0	0	0	0	0	0	0	0	0	0	0	0	0	0	0	0	0	0	
0	0	17	17	19	14	12	9	23	1	10	7	10	25	6	1	12	7	8	12	6	21	10	8	7	21	18	18	9	5	13	
0	15	0	9	19	24	17	21	22	16	13	22	23	30	19	11	23	18	21	22	21	32	25	18	19	18	29	33	15	11	19	
0	6	20	0	22	15	15	12	25	7	13	13	16	21	10	2	14	11	14	13	12	25	16	9	10	23	24	24	12	11	16	
0	21	26	15	0	23	30	14	22	22	27	4	20	25	14	17	11	9	13	3	27	23	27	23	25	20	28	29	27	24	19	
0	11	12	21	30	0	23	4	24	12	21	18	9	33	17	12	13	15	15	21	17	21	15	19	18	22	17	19	20	16	5	
0	13	5	14	7	19	0	21	21	14	18	11	10	32	17	14	14	16	9	5	19	22	23	20	20	17	18	31	2	16	6	
0	24	35	24	43	32	36	0	22	25	28	31	33	39	27	25	35	16	32	22	30	30	34	30	31	18	29	15	32	29	29	
0	8	22	2	24	17	17	14	0	9	15	10	18	23	5	4	16	6	16	10	14	20	18	11	12	15	7	20	14	13	18	
0	19	16	19	18	17	11	12	24	0	19	6	9	24	5	10	13	6	7	12	5	20	9	16	16	22	17	27	8	4	12	
0	4	14	20	23	18	16	13	19	5	0	11	14	29	10	5	16	11	8	16	10	25	14	12	11	15	22	22	13	9	17	
0	21	29	20	20	19	29	10	18	22	23	0	26	39	17	15	7	5	9	11	27	19	23	19	23	16	25	25	24	20	22	
0	27	23	28	34	16	37	20	26	27	25	30	0	24	11	27	15	6	17	12	32	20	24	10	22	24	8	35	24	27	21	
0	21	16	15	18	19	26	11	13	22	18	14	12	0	10	11	19	11	9	14	27	4	8	18	16	22	12	26	7	3	11	
0	18	24	26	24	21	30	13	24	19	14	25	21	32	0	19	14	1	16	7	24	15	19	15	11	23	29	28	13	23	17	
0	15	20	25	21	13	21	10	23	16	11	22	18	40	8	0	12	9	14	11	21	23	25	7	8	21	26	25	10	20	14	
0	14	24	13	29	12	22	16	11	15	24	21	21	32	10	15	0	11	2	17	20	25	24	22	21	9	18	31	17	13	17	
0	31	27	25	28	20	40	21	23	32	29	24	22	46	15	21	19	0	19	6	37	14	18	14	26	28	30	36	25	30	25	
0	12	22	12	30	10	24	14	28	13	22	19	19	33	8	13	22	9	0	15	18	23	22	20	19	29	21	29	15	11	15	
0	35	40	29	51	33	44	37	27	36	33	36	17	41	28	31	32	23	32	0	41	37	41	27	39	23	25	30	37	40	38	
0	18	11	20	13	18	6	7	27	18	14	10	4	19	13	5	17	10	9	11	0	23	4	12	13	23	12	22	8	18	12	
0	17	22	11	14	15	26	7	9	18	18	10	8	32	6	7	17	7	5	13	23	0	4	14	15	24	16	22	11	16	15	
0	18	23	26	24	16	24	3	24	14	14	6	21	38	11	3	13	8	15	14	19	22	0	10	11	21	29	18	13	18	17	
0	17	13	18	25	6	27	10	16	18	15	24	15	33	1	18	5	2	7	4	23	16	20	0	12	14	23	25	14	18	11	
0	7	13	18	13	17	19	2	16	8	3	14	10	32	13	8	5	14	7	11	13	22	17	15	0	14	18	17	2	12	6	
0	12	25	6	28	21	21	18	4	13	16	14	17	27	9	8	20	10	20	14	18	24	22	15	16	0	11	24	14	17	18	
0	28	34	24	34	25	39	23	31	29	24	31	30	18	22	26	22	18	24	20	34	22	26	21	21	31	0	38	23	21	27	
0	9	20	26	28	21	21	18	24	10	13	16	19	34	15	10	20	1	17	7	15	15	19	15	16	28	27	0	18	14	22	
0	19	11	19	30	17	28	21	19	20	24	18	8	32	15	20	12	14	7	9	25	20	24	18	26	15	16	36	0	18	4	
0	19	13	22	30	21	23	25	23	20	15	22	12	36	19	20	16	18	11	13	25	24	28	22	26	19	20	37	4	0	8	
0	22	7	16	26	20	24	23	19	23	20	26	4	28	15	18	8	10	10	16	28	16	20	14	26	17	12	38	22	18	0	
M1
0	0	0	0	0	0	0	0	0	0	0	0	0	0	0	0	0	0	0	0	0	0	0	0	0	0	0	0	0	0	0	
0	0	9	7	14	10	21	15	27	13	16	8	4	12	11	15	20	3	12	12	27	14	19	5	16	10	16	14	9	25	18	
0	9	0	16	16	15	25	24	18	18	21	13	13	17	20	17	16	12	21	21	28	16	25	14	7	15	25	9	16	21	19	
0	13	17	0	11	5	17	23	25	10	13	16	12	9	19	10	24	16	17	8	24	9	21	13	24	18	19	10	17	29	15	
0	2	9	9	0	10	17	15	27	13	16	8	6	12	11	9	20	5	14	12	27	8	21	5	16	10	18	14	9	18	18	
0	20	24	26	18	0	21	30	20	9	20	23	22	16	26	13	19	23	16	27	25	12	28	20	22	25	22	5	24	24	22	
0	6	13	13	4	14	0	19	31	5	20	12	10	16	15	9	24	9	12	16	30	8	25	9	20	14	18	10	13	22	22	
0	12	21	12	16	11	15	0	24	15	25	20	4	21	21	7	5	15	21	19	23	6	20	17	28	22	16	5	21	10	14	
0	18	22	13	17	3	18	20	0	3	18	21	16	19	21	10	22	16	10	21	22	9	31	18	25	23	16	2	10	27	25	
0	16	19	19	14	14	23	25	33	0	15	18	13	22	21	23	30	19	7	22	35	22	34	15	26	20	13	15	16	32	28	
0	16	13	23	14	22	10	29	31	15	0	12	20	16	19	19	28	19	15	21	31	18	28	19	20	14	26	18	23	32	22	
0	8	1	15	6	11	17	18	19	5	8	0	12	4	7	8	17	11	12	9	19	8	16	8	8	2	14	6	12	22	10	
0	14	18	17	12	19	29	24	36	11	25	17	0	21	20	21	29	17	18	21	36	20	33	14	25	19	12	23	17	30	27	
0	4	8	11	2	9	13	14	16	1	4	7	8	0	10	11	19	7	8	11	15	10	12	4	15	9	10	13	8	20	6	
0	16	15	16	20	16	17	21	33	16	22	14	20	18	0	22	26	19	14	18	33	22	16	11	22	16	9	20	14	31	24	
0	28	24	28	29	23	25	33	30	28	31	23	29	27	29	0	21	31	33	25	29	16	26	23	31	25	37	17	27	26	20	
0	7	16	7	14	12	10	14	19	15	20	15	11	16	16	2	0	10	19	14	18	1	15	12	23	17	23	17	16	5	9	
0	2	11	4	15	9	21	17	29	14	17	10	6	13	13	14	22	0	14	12	28	13	16	7	18	12	18	14	11	27	19	
0	15	21	16	18	7	18	23	26	16	8	20	6	23	26	16	26	13	0	24	28	15	29	20	28	22	18	8	13	31	29	
0	15	22	21	13	2	9	28	22	11	22	21	4	18	24	15	21	18	18	0	27	14	30	18	24	23	16	7	21	26	24	
0	8	16	11	16	12	12	15	18	12	6	15	12	19	18	12	10	11	19	13	0	11	14	13	9	13	20	6	17	6	8	
0	15	22	22	13	23	9	18	31	14	29	21	19	25	15	1	22	18	21	25	29	0	27	18	29	23	24	18	22	27	21	
0	11	18	18	9	17	24	24	36	21	25	17	15	21	20	18	29	14	23	15	36	17	0	14	25	19	14	22	18	27	27	
0	5	4	7	9	5	16	10	22	8	11	3	9	7	6	11	15	8	15	7	22	11	19	0	11	5	15	9	4	20	13	
0	11	7	18	9	14	23	24	11	11	14	6	15	10	13	14	23	14	18	15	21	14	18	14	0	8	20	12	18	27	12	
0	20	18	21	20	9	16	25	17	18	25	17	11	21	5	22	28	23	19	7	25	21	21	15	25	0	14	14	19	31	16	
0	7	6	8	11	7	18	12	24	7	13	5	11	9	8	13	17	10	14	9	24	13	21	2	13	7	0	11	5	22	15	
0	22	29	28	20	6	16	25	26	15	24	28	22	22	22	8	25	25	16	29	20	7	34	25	28	22	28	0	29	26	28	
0	8	17	3	14	8	20	10	21	13	16	16	10	12	13	13	15	6	20	11	27	12	22	13	24	18	22	13	0	20	18	
0	2	11	5	10	10	6	9	29	11	18	10	6	14	13	15	14	5	14	13	29	14	21	7	18	12	18	14	11	0	20	
0	17	24	20	15	7	14	21	10	13	15	23	9	23	26	20	19	20	20	5	9	19	6	20	18	22	20	12	20	15	0	
Tamanho_Tarefas
0	24	18	18	23	12	4	30	18	6	6	22	31	3	8	41	31	36	31	34	47	8	6	44	28	19	42	42	18	2	36	
Data_Entrega
0	518	401	284	517	295	276	445	404	377	484	404	353	483	438	352	318	280	354	476	515	490	345	312	479	372	431	477	296	521	325	
Penalidade_Atraso
0	11	14	16	16	4	8	2	15	14	15	17	10	3	20	13	15	12	1	20	13	15	4	5	17	1	6	7	3	3	2	
Capacidade_Veiculo
113	112	91	66	109	76	106	91	62	
Custo_Fixo_Veiculo
1130	1120	910	660	1090	760	1060	910	620	
Coordenadas_Clientes
x	0	y	0
x	92	y	0
x	84	y	17
x	85	y	38
x	71	y	51
x	69	y	77
x	58	y	101
x	29	y	89
x	9	y	92
x	-10	y	104
x	-26	y	80
x	-38	y	65
x	-54	y	60
x	-91	y	66
x	-68	y	30
x	-95	y	20
x	-108	y	0
x	-77	y	-16
x	-77	y	-34
x	-94	y	-68
x	-53	y	-59
x	-55	y	-96
x	-29	y	-91
x	-10	y	-96
x	9	y	-86
x	30	y	-94
x	42	y	-73
x	80	y	-89
x	64	y	-47
x	97	y	-43
x	84	y	-17
Tempo_Viagem
0	92	85	93	87	103	116	93	92	104	84	75	80	112	74	97	108	78	84	116	79	110	95	96	86	98	84	119	79	106	85	
92	0	18	38	54	79	105	108	123	145	142	145	157	194	162	188	200	169	172	197	156	175	151	140	119	112	88	89	54	43	18	
85	18	0	21	36	61	87	90	106	128	126	131	144	181	152	179	192	163	168	197	156	179	156	146	127	123	99	106	67	61	34	
93	38	21	0	19	42	68	75	93	115	118	125	140	177	153	180	196	170	177	208	168	193	172	164	145	143	119	127	87	81	55	
87	54	36	19	0	26	51	56	74	96	101	109	125	162	140	168	186	162	170	203	165	193	173	167	150	150	127	140	98	97	69	
103	79	61	42	26	0	26	41	61	82	95	107	123	160	144	172	193	173	183	218	182	212	194	190	173	175	152	166	124	122	95	
116	105	87	68	51	26	0	31	49	68	86	102	118	152	144	172	194	178	190	227	194	226	210	208	193	197	174	191	148	148	120	
93	108	90	75	56	41	31	0	20	41	55	71	87	121	113	141	163	149	162	199	169	203	188	189	176	183	162	184	140	148	119	
92	123	106	93	74	61	49	20	0	22	37	54	70	103	98	126	148	138	152	190	163	198	186	188	178	187	168	193	149	161	132	
104	145	128	115	96	82	68	41	22	0	28	47	62	89	93	119	142	136	152	190	168	205	195	200	190	202	184	212	168	181	153	
84	142	126	118	101	95	86	55	37	28	0	19	34	66	65	91	114	108	124	162	141	178	171	176	169	182	167	199	155	173	146	
75	145	131	125	109	107	102	71	54	47	19	0	16	53	46	72	95	89	106	143	124	161	156	163	158	172	159	194	151	172	146	
80	157	144	140	125	123	118	87	70	62	34	16	0	37	33	57	80	79	96	133	119	156	153	162	159	175	164	199	159	182	158	
112	194	181	177	162	160	152	121	103	89	66	53	37	0	42	46	68	83	100	134	130	165	168	180	181	200	192	230	191	217	193	
74	162	152	153	140	144	144	113	98	93	65	46	33	42	0	28	50	46	64	100	90	126	127	138	139	158	150	189	152	180	159	
97	188	179	180	168	172	172	141	126	119	91	72	57	46	28	0	23	40	56	88	89	121	129	143	148	169	165	206	172	202	182	
108	200	192	196	186	193	194	163	148	142	114	95	80	68	50	23	0	34	46	69	80	109	120	136	144	166	165	206	178	209	192	
78	169	163	170	162	173	178	149	138	136	108	89	79	83	46	40	34	0	18	54	49	82	89	104	110	132	131	172	144	176	161	
84	172	168	177	170	183	190	162	152	152	124	106	96	100	64	56	46	18	0	38	34	65	74	90	100	122	125	166	141	174	161	
116	197	197	208	203	218	227	199	190	190	162	143	133	134	100	88	69	54	38	0	41	48	68	87	104	126	136	175	158	191	184	
79	156	156	168	165	182	194	169	163	168	141	124	119	130	90	89	80	49	34	41	0	37	40	56	67	89	96	136	117	150	143	
110	175	179	193	193	212	226	203	198	205	178	161	156	165	126	121	109	82	65	48	37	0	26	45	64	85	99	135	128	160	159	
95	151	156	172	173	194	210	188	186	195	171	156	153	168	127	129	120	89	74	68	40	26	0	19	38	59	73	109	102	134	135	
96	140	146	164	167	190	208	189	188	200	176	163	162	180	138	143	136	104	90	87	56	45	19	0	21	40	56	90	88	118	122	
86	119	127	145	150	173	193	176	178	190	169	158	159	181	139	148	144	110	100	104	67	64	38	21	0	22	35	71	67	97	101	
98	112	123	143	150	175	197	183	187	202	182	172	175	200	158	169	166	132	122	126	89	85	59	40	22	0	24	50	58	84	94	
84	88	99	119	127	152	174	162	168	184	167	159	164	192	150	165	165	131	125	136	96	99	73	56	35	24	0	41	34	62	70	
119	89	106	127	140	166	191	184	193	212	199	194	199	230	189	206	206	172	166	175	136	135	109	90	71	50	41	0	44	49	72	
79	54	67	87	98	124	148	140	149	168	155	151	159	191	152	172	178	144	141	158	117	128	102	88	67	58	34	44	0	33	36	
106	43	61	81	97	122	148	148	161	181	173	172	182	217	180	202	209	176	174	191	150	160	134	118	97	84	62	49	33	0	29	
85	18	34	55	69	95	120	119	132	153	146	146	158	193	159	182	192	161	161	184	143	159	135	122	101	94	70	72	36	29	0	
Custo_Viagem
V0
0	2079	1921	2101	1966	2327	2621	2101	2079	2350	1898	1695	1808	2531	1672	2192	2440	1762	1898	2621	1785	2486	2147	2169	1943	2214	1898	2689	1785	2395	1921	
2079	0	406	858	1243	1808	2395	2463	2779	3277	3209	3277	3548	4384	3661	4248	4520	3819	3887	4474	3525	3955	3412	3164	2689	2531	1988	2011	1220	971	406	
1921	406	0	474	813	1378	1966	2034	2395	2892	2847	2960	3254	4090	3435	4045	4339	3706	3796	4452	3525	4045	3525	3299	2870	2779	2237	2395	1514	1378	768	
2101	858	474	0	429	949	1536	1695	2101	2599	2666	2825	3164	4022	3457	4068	4429	3842	4000	4700	3796	4361	3887	3706	3277	3231	2689	2870	1966	1830	1243	
1966	1243	813	429	0	587	1152	1265	1672	2169	2282	2463	2825	3661	3164	3796	4203	3661	3842	4587	3729	4361	3909	3774	3390	3390	2870	3164	2214	2192	1559	
2327	1808	1378	949	587	0	587	926	1378	1875	2147	2418	2802	3616	3254	3909	4361	3909	4135	4926	4113	4791	4384	4294	3909	3955	3435	3751	2802	2779	2147	
2621	2395	1966	1536	1152	587	0	700	1107	1536	1943	2305	2689	3457	3254	3909	4384	4022	4294	5130	4384	5130	4746	4700	4361	4452	3932	4316	3344	3367	2712	
2101	2463	2034	1695	1265	926	700	0	452	926	1243	1604	1966	2757	2553	3186	3683	3367	3661	4497	3819	4587	4271	4271	3977	4135	3661	4181	3164	3344	2689	
2079	2779	2395	2101	1672	1378	1107	452	0	497	836	1220	1582	2327	2214	2847	3344	3118	3435	4294	3683	4474	4203	4248	4022	4226	3796	4384	3367	3638	2983	
2350	3277	2892	2599	2169	1875	1536	926	497	0	632	1084	1401	2011	2124	2689	3209	3096	3457	4316	3796	4633	4407	4520	4294	4565	4158	4791	3796	4090	3457	
1898	3209	2847	2666	2282	2147	1943	1243	836	632	0	429	768	1491	1469	2056	2576	2440	2802	3661	3186	4022	3864	3977	3819	4113	3774	4497	3503	3909	3299	
1695	3277	2960	2825	2463	2418	2305	1604	1220	1084	429	0	361	1197	1039	1627	2147	2011	2395	3254	2802	3638	3525	3683	3570	3887	3593	4384	3412	3887	3299	
1808	3548	3254	3164	2825	2802	2689	1966	1582	1401	768	361	0	836	745	1288	1808	1785	2169	3028	2689	3525	3457	3661	3593	3955	3706	4520	3593	4113	3570	
2531	4384	4090	4022	3661	3616	3457	2757	2327	2011	1491	1197	836	0	949	1039	1536	1875	2260	3028	2938	3729	3796	4090	4090	4520	4339	5198	4316	4904	4361	
1672	3661	3435	3457	3164	3254	3254	2553	2214	2124	1469	1039	745	949	0	632	1130	1039	1446	2282	2034	2847	2870	3118	3141	3570	3390	4271	3435	4068	3593	
2192	4248	4045	4068	3796	3909	3909	3186	2847	2689	2056	1627	1288	1039	632	0	519	904	1265	1988	2011	2757	2915	3231	3344	3819	3729	4655	3887	4565	4113	
2440	4520	4339	4429	4203	4361	4384	3683	3344	3209	2576	2147	1808	1536	1130	519	0	768	1039	1559	1808	2463	2712	3096	3277	3751	3751	4700	4022	4723	4339	
1762	3819	3706	3842	3661	3909	4022	3367	3118	3096	2440	2011	1785	1875	1039	904	768	0	406	1220	1107	1853	2011	2350	2486	2983	2960	3909	3254	3977	3638	
1898	3887	3796	4000	3842	4135	4294	3661	3435	3457	2802	2395	2169	2260	1446	1265	1039	406	0	858	768	1469	1672	2056	2260	2757	2825	3751	3186	3932	3638	
2621	4474	4452	4700	4587	4926	5130	4497	4294	4316	3661	3254	3028	3028	2282	1988	1559	1220	858	0	926	1084	1536	1988	2350	2847	3073	3955	3593	4339	4181	
1785	3525	3525	3796	3729	4113	4384	3819	3683	3796	3186	2802	2689	2938	2034	2011	1808	1107	768	926	0	836	904	1265	1514	2034	2169	3073	2644	3390	3231	
2486	3955	4045	4361	4361	4791	5130	4587	4474	4633	4022	3638	3525	3729	2847	2757	2463	1853	1469	1084	836	0	587	1017	1446	1921	2237	3051	2892	3616	3593	
2147	3412	3525	3887	3909	4384	4746	4271	4203	4407	3864	3525	3457	3796	2870	2915	2712	2011	1672	1536	904	587	0	429	858	1333	1649	2463	2305	3028	3051	
2169	3164	3299	3706	3774	4294	4700	4271	4248	4520	3977	3683	3661	4090	3118	3231	3096	2350	2056	1988	1265	1017	429	0	474	904	1265	2034	1988	2689	2757	
1943	2689	2870	3277	3390	3909	4361	3977	4022	4294	3819	3570	3593	4090	3141	3344	3277	2486	2260	2350	1514	1446	858	474	0	497	791	1604	1514	2192	2282	
2214	2531	2779	3231	3390	3955	4452	4135	4226	4565	4113	3887	3955	4520	3570	3819	3751	2983	2757	2847	2034	1921	1333	904	497	0	542	1130	1310	1898	2124	
1898	1988	2237	2689	2870	3435	3932	3661	3796	4158	3774	3593	3706	4339	3390	3729	3751	2960	2825	3073	2169	2237	1649	1265	791	542	0	926	768	1401	1582	
2689	2011	2395	2870	3164	3751	4316	4181	4384	4791	4497	4384	4520	5198	4271	4655	4700	3909	3751	3955	3073	3051	2463	2034	1604	1130	926	0	994	1107	1627	
1785	1220	1514	1966	2214	2802	3344	3164	3367	3796	3503	3412	3593	4316	3435	3887	4022	3254	3186	3593	2644	2892	2305	1988	1514	1310	768	994	0	745	813	
2395	971	1378	1830	2192	2779	3367	3344	3638	4090	3909	3887	4113	4904	4068	4565	4723	3977	3932	4339	3390	3616	3028	2689	2192	1898	1401	1107	745	0	655	
1921	406	768	1243	1559	2147	2712	2689	2983	3457	3299	3299	3570	4361	3593	4113	4339	3638	3638	4181	3231	3593	3051	2757	2282	2124	1582	1627	813	655	0	
V1
0	2060	1904	2083	1948	2307	2598	2083	2060	2329	1881	1680	1792	2508	1657	2172	2419	1747	1881	2598	1769	2464	2128	2150	1926	2195	1881	2665	1769	2374	1904	
2060	0	403	851	1232	1792	2374	2441	2755	3248	3180	3248	3516	4345	3628	4211	4480	3785	3852	4435	3494	3920	3382	3136	2665	2508	1971	1993	1209	963	403	
1904	403	0	470	806	1366	1948	2016	2374	2867	2822	2934	3225	4054	3404	4009	4300	3673	3763	4412	3494	4009	3494	3270	2844	2755	2217	2374	1500	1366	761	
2083	851	470	0	425	940	1523	1680	2083	2576	2643	2800	3136	3987	3427	4032	4390	3808	3964	4659	3763	4323	3852	3673	3248	3203	2665	2844	1948	1814	1232	
1948	1232	806	425	0	582	1142	1254	1657	2150	2262	2441	2800	3628	3136	3763	4166	3628	3808	4547	3696	4323	3875	3740	3360	3360	2844	3136	2195	2172	1545	
2307	1792	1366	940	582	0	582	918	1366	1859	2128	2396	2777	3584	3225	3875	4323	3875	4099	4883	4076	4748	4345	4256	3875	3920	3404	3718	2777	2755	2128	
2598	2374	1948	1523	1142	582	0	694	1097	1523	1926	2284	2665	3427	3225	3875	4345	3987	4256	5084	4345	5084	4704	4659	4323	4412	3897	4278	3315	3337	2688	
2083	2441	2016	1680	1254	918	694	0	448	918	1232	1590	1948	2732	2531	3158	3651	3337	3628	4457	3785	4547	4233	4233	3942	4099	3628	4144	3136	3315	2665	
2060	2755	2374	2083	1657	1366	1097	448	0	492	828	1209	1568	2307	2195	2822	3315	3091	3404	4256	3651	4435	4166	4211	3987	4188	3763	4345	3337	3606	2956	
2329	3248	2867	2576	2150	1859	1523	918	492	0	627	1075	1388	1993	2105	2665	3180	3068	3427	4278	3763	4592	4368	4480	4256	4524	4121	4748	3763	4054	3427	
1881	3180	2822	2643	2262	2128	1926	1232	828	627	0	425	761	1478	1456	2038	2553	2419	2777	3628	3158	3987	3830	3942	3785	4076	3740	4457	3472	3875	3270	
1680	3248	2934	2800	2441	2396	2284	1590	1209	1075	425	0	358	1187	1030	1612	2128	1993	2374	3225	2777	3606	3494	3651	3539	3852	3561	4345	3382	3852	3270	
1792	3516	3225	3136	2800	2777	2665	1948	1568	1388	761	358	0	828	739	1276	1792	1769	2150	3001	2665	3494	3427	3628	3561	3920	3673	4480	3561	4076	3539	
2508	4345	4054	3987	3628	3584	3427	2732	2307	1993	1478	1187	828	0	940	1030	1523	1859	2240	3001	2912	3696	3763	4054	4054	4480	4300	5152	4278	4860	4323	
1657	3628	3404	3427	3136	3225	3225	2531	2195	2105	1456	1030	739	940	0	627	1120	1030	1433	2262	2016	2822	2844	3091	3113	3539	3360	4233	3404	4032	3561	
2172	4211	4009	4032	3763	3875	3875	3158	2822	2665	2038	1612	1276	1030	627	0	515	896	1254	1971	1993	2732	2889	3203	3315	3785	3696	4614	3852	4524	4076	
2419	4480	4300	4390	4166	4323	4345	3651	3315	3180	2553	2128	1792	1523	1120	515	0	761	1030	1545	1792	2441	2688	3068	3248	3718	3718	4659	3987	4681	4300	
1747	3785	3673	3808	3628	3875	3987	3337	3091	3068	2419	1993	1769	1859	1030	896	761	0	403	1209	1097	1836	1993	2329	2464	2956	2934	3875	3225	3942	3606	
1881	3852	3763	3964	3808	4099	4256	3628	3404	3427	2777	2374	2150	2240	1433	1254	1030	403	0	851	761	1456	1657	2038	2240	2732	2800	3718	3158	3897	3606	
2598	4435	4412	4659	4547	4883	5084	4457	4256	4278	3628	3225	3001	3001	2262	1971	1545	1209	851	0	918	1075	1523	1971	2329	2822	3046	3920	3561	4300	4144	
1769	3494	3494	3763	3696	4076	4345	3785	3651	3763	3158	2777	2665	2912	2016	1993	1792	1097	761	918	0	828	896	1254	1500	2016	2150	3046	2620	3360	3203	
2464	3920	4009	4323	4323	4748	5084	4547	4435	4592	3987	3606	3494	3696	2822	2732	2441	1836	1456	1075	828	0	582	1008	1433	1904	2217	3024	2867	3584	3561	
2128	3382	3494	3852	3875	4345	4704	4233	4166	4368	3830	3494	3427	3763	2844	2889	2688	1993	1657	1523	896	582	0	425	851	1321	1635	2441	2284	3001	3024	
2150	3136	3270	3673	3740	4256	4659	4233	4211	4480	3942	3651	3628	4054	3091	3203	3068	2329	2038	1971	1254	1008	425	0	470	896	1254	2016	1971	2665	2732	
1926	2665	2844	3248	3360	3875	4323	3942	3987	4256	3785	3539	3561	4054	3113	3315	3248	2464	2240	2329	1500	1433	851	470	0	492	784	1590	1500	2172	2262	
2195	2508	2755	3203	3360	3920	4412	4099	4188	4524	4076	3852	3920	4480	3539	3785	3718	2956	2732	2822	2016	1904	1321	896	492	0	537	1120	1299	1881	2105	
1881	1971	2217	2665	2844	3404	3897	3628	3763	4121	3740	3561	3673	4300	3360	3696	3718	2934	2800	3046	2150	2217	1635	1254	784	537	0	918	761	1388	1568	
2665	1993	2374	2844	3136	3718	4278	4144	4345	4748	4457	4345	4480	5152	4233	4614	4659	3875	3718	3920	3046	3024	2441	2016	1590	1120	918	0	985	1097	1612	
1769	1209	1500	1948	2195	2777	3315	3136	3337	3763	3472	3382	3561	4278	3404	3852	3987	3225	3158	3561	2620	2867	2284	1971	1500	1299	761	985	0	739	806	
2374	963	1366	1814	2172	2755	3337	3315	3606	4054	3875	3852	4076	4860	4032	4524	4681	3942	3897	4300	3360	3584	3001	2665	2172	1881	1388	1097	739	0	649	
1904	403	761	1232	1545	2128	2688	2665	2956	3427	3270	3270	3539	4323	3561	4076	4300	3606	3606	4144	3203	3561	3024	2732	2262	2105	1568	1612	806	649	0	
V2
0	1674	1547	1692	1583	1874	2111	1692	1674	1892	1528	1365	1456	2038	1346	1765	1965	1419	1528	2111	1437	2002	1729	1747	1565	1783	1528	2165	1437	1929	1547	
1674	0	327	691	1001	1456	1929	1983	2238	2639	2584	2639	2857	3530	2948	3421	3640	3075	3130	3603	2839	3185	2748	2548	2165	2038	1601	1619	982	782	327	
1547	327	0	382	655	1110	1583	1638	1929	2329	2293	2384	2620	3294	2766	3257	3494	2984	3057	3585	2839	3257	2839	2657	2311	2238	1801	1929	1219	1110	618	
1692	691	382	0	345	764	1237	1365	1692	2093	2147	2275	2548	3239	2784	3276	3567	3094	3221	3785	3057	3512	3130	2984	2639	2602	2165	2311	1583	1474	1001	
1583	1001	655	345	0	473	928	1019	1346	1747	1838	1983	2275	2948	2548	3057	3385	2948	3094	3694	3003	3512	3148	3039	2730	2730	2311	2548	1783	1765	1255	
1874	1456	1110	764	473	0	473	746	1110	1510	1729	1947	2256	2912	2620	3148	3512	3148	3330	3967	3312	3858	3530	3458	3148	3185	2766	3021	2256	2238	1729	
2111	1929	1583	1237	928	473	0	564	891	1237	1565	1856	2165	2784	2620	3148	3530	3239	3458	4131	3530	4131	3822	3785	3512	3585	3166	3476	2693	2711	2184	
1692	1983	1638	1365	1019	746	564	0	364	746	1001	1292	1583	2220	2056	2566	2966	2711	2948	3621	3075	3694	3439	3439	3203	3330	2948	3367	2548	2693	2165	
1674	2238	1929	1692	1346	1110	891	364	0	400	673	982	1274	1874	1783	2293	2693	2511	2766	3458	2966	3603	3385	3421	3239	3403	3057	3530	2711	2930	2402	
1892	2639	2329	2093	1747	1510	1237	746	400	0	509	873	1128	1619	1710	2165	2584	2493	2784	3476	3057	3731	3549	3640	3458	3676	3348	3858	3057	3294	2784	
1528	2584	2293	2147	1838	1729	1565	1001	673	509	0	345	618	1201	1183	1656	2074	1965	2256	2948	2566	3239	3112	3203	3075	3312	3039	3621	2821	3148	2657	
1365	2639	2384	2275	1983	1947	1856	1292	982	873	345	0	291	964	837	1310	1729	1619	1929	2620	2256	2930	2839	2966	2875	3130	2893	3530	2748	3130	2657	
1456	2857	2620	2548	2275	2256	2165	1583	1274	1128	618	291	0	673	600	1037	1456	1437	1747	2438	2165	2839	2784	2948	2893	3185	2984	3640	2893	3312	2875	
2038	3530	3294	3239	2948	2912	2784	2220	1874	1619	1201	964	673	0	764	837	1237	1510	1820	2438	2366	3003	3057	3294	3294	3640	3494	4186	3476	3949	3512	
1346	2948	2766	2784	2548	2620	2620	2056	1783	1710	1183	837	600	764	0	509	910	837	1164	1838	1638	2293	2311	2511	2529	2875	2730	3439	2766	3276	2893	
1765	3421	3257	3276	3057	3148	3148	2566	2293	2165	1656	1310	1037	837	509	0	418	728	1019	1601	1619	2220	2347	2602	2693	3075	3003	3749	3130	3676	3312	
1965	3640	3494	3567	3385	3512	3530	2966	2693	2584	2074	1729	1456	1237	910	418	0	618	837	1255	1456	1983	2184	2493	2639	3021	3021	3785	3239	3803	3494	
1419	3075	2984	3094	2948	3148	3239	2711	2511	2493	1965	1619	1437	1510	837	728	618	0	327	982	891	1492	1619	1892	2002	2402	2384	3148	2620	3203	2930	
1528	3130	3057	3221	3094	3330	3458	2948	2766	2784	2256	1929	1747	1820	1164	1019	837	327	0	691	618	1183	1346	1656	1820	2220	2275	3021	2566	3166	2930	
2111	3603	3585	3785	3694	3967	4131	3621	3458	3476	2948	2620	2438	2438	1838	1601	1255	982	691	0	746	873	1237	1601	1892	2293	2475	3185	2893	3494	3367	
1437	2839	2839	3057	3003	3312	3530	3075	2966	3057	2566	2256	2165	2366	1638	1619	1456	891	618	746	0	673	728	1019	1219	1638	1747	2475	2129	2730	2602	
2002	3185	3257	3512	3512	3858	4131	3694	3603	3731	3239	2930	2839	3003	2293	2220	1983	1492	1183	873	673	0	473	819	1164	1547	1801	2457	2329	2912	2893	
1729	2748	2839	3130	3148	3530	3822	3439	3385	3549	3112	2839	2784	3057	2311	2347	2184	1619	1346	1237	728	473	0	345	691	1073	1328	1983	1856	2438	2457	
1747	2548	2657	2984	3039	3458	3785	3439	3421	3640	3203	2966	2948	3294	2511	2602	2493	1892	1656	1601	1019	819	345	0	382	728	1019	1638	1601	2165	2220	
1565	2165	2311	2639	2730	3148	3512	3203	3239	3458	3075	2875	2893	3294	2529	2693	2639	2002	1820	1892	1219	1164	691	382	0	400	637	1292	1219	1765	1838	
1783	2038	2238	2602	2730	3185	3585	3330	3403	3676	3312	3130	3185	3640	2875	3075	3021	2402	2220	2293	1638	1547	1073	728	400	0	436	910	1055	1528	1710	
1528	1601	1801	2165	2311	2766	3166	2948	3057	3348	3039	2893	2984	3494	2730	3003	3021	2384	2275	2475	1747	1801	1328	1019	637	436	0	746	618	1128	1274	
2165	1619	1929	2311	2548	3021	3476	3367	3530	3858	3621	3530	3640	4186	3439	3749	3785	3148	3021	3185	2475	2457	1983	1638	1292	910	746	0	800	891	1310	
1437	982	1219	1583	1783	2256	2693	2548	2711	3057	2821	2748	2893	3476	2766	3130	3239	2620	2566	2893	2129	2329	1856	1601	1219	1055	618	800	0	600	655	
1929	782	1110	1474	1765	2238	2711	2693	2930	3294	3148	3130	3312	3949	3276	3676	3803	3203	3166	3494	2730	2912	2438	2165	1765	1528	1128	891	600	0	527	
1547	327	618	1001	1255	1729	2184	2165	2402	2784	2657	2657	2875	3512	2893	3312	3494	2930	2930	3367	2602	2893	2457	2220	1838	1710	1274	1310	655	527	0	
V3
0	1214	1122	1227	1148	1359	1531	1227	1214	1372	1108	990	1056	1478	976	1280	1425	1029	1108	1531	1042	1452	1254	1267	1135	1293	1108	1570	1042	1399	1122	
1214	0	237	501	726	1056	1399	1438	1623	1914	1874	1914	2072	2560	2138	2481	2640	2230	2270	2613	2059	2310	1993	1848	1570	1478	1161	1174	712	567	237	
1122	237	0	277	475	805	1148	1188	1399	1689	1663	1729	1900	2389	2006	2362	2534	2164	2217	2600	2059	2362	2059	1927	1676	1623	1306	1399	884	805	448	
1227	501	277	0	250	554	897	990	1227	1518	1557	1650	1848	2349	2019	2376	2587	2244	2336	2745	2217	2547	2270	2164	1914	1887	1570	1676	1148	1069	726	
1148	726	475	250	0	343	673	739	976	1267	1333	1438	1650	2138	1848	2217	2455	2138	2244	2679	2178	2547	2283	2204	1980	1980	1676	1848	1293	1280	910	
1359	1056	805	554	343	0	343	541	805	1095	1254	1412	1636	2112	1900	2283	2547	2283	2415	2877	2402	2798	2560	2508	2283	2310	2006	2191	1636	1623	1254	
1531	1399	1148	897	673	343	0	409	646	897	1135	1346	1570	2019	1900	2283	2560	2349	2508	2996	2560	2996	2772	2745	2547	2600	2296	2521	1953	1966	1584	
1227	1438	1188	990	739	541	409	0	264	541	726	937	1148	1610	1491	1861	2151	1966	2138	2626	2230	2679	2494	2494	2323	2415	2138	2442	1848	1953	1570	
1214	1623	1399	1227	976	805	646	264	0	290	488	712	924	1359	1293	1663	1953	1821	2006	2508	2151	2613	2455	2481	2349	2468	2217	2560	1966	2125	1742	
1372	1914	1689	1518	1267	1095	897	541	290	0	369	633	818	1174	1240	1570	1874	1808	2019	2521	2217	2706	2574	2640	2508	2666	2428	2798	2217	2389	2019	
1108	1874	1663	1557	1333	1254	1135	726	488	369	0	250	448	871	858	1201	1504	1425	1636	2138	1861	2349	2257	2323	2230	2402	2204	2626	2046	2283	1927	
990	1914	1729	1650	1438	1412	1346	937	712	633	250	0	211	699	607	950	1254	1174	1399	1900	1636	2125	2059	2151	2085	2270	2098	2560	1993	2270	1927	
1056	2072	1900	1848	1650	1636	1570	1148	924	818	448	211	0	488	435	752	1056	1042	1267	1768	1570	2059	2019	2138	2098	2310	2164	2640	2098	2402	2085	
1478	2560	2389	2349	2138	2112	2019	1610	1359	1174	871	699	488	0	554	607	897	1095	1320	1768	1716	2178	2217	2389	2389	2640	2534	3036	2521	2864	2547	
976	2138	2006	2019	1848	1900	1900	1491	1293	1240	858	607	435	554	0	369	660	607	844	1333	1188	1663	1676	1821	1834	2085	1980	2494	2006	2376	2098	
1280	2481	2362	2376	2217	2283	2283	1861	1663	1570	1201	950	752	607	369	0	303	528	739	1161	1174	1610	1702	1887	1953	2230	2178	2719	2270	2666	2402	
1425	2640	2534	2587	2455	2547	2560	2151	1953	1874	1504	1254	1056	897	660	303	0	448	607	910	1056	1438	1584	1808	1914	2191	2191	2745	2349	2758	2534	
1029	2230	2164	2244	2138	2283	2349	1966	1821	1808	1425	1174	1042	1095	607	528	448	0	237	712	646	1082	1174	1372	1452	1742	1729	2283	1900	2323	2125	
1108	2270	2217	2336	2244	2415	2508	2138	2006	2019	1636	1399	1267	1320	844	739	607	237	0	501	448	858	976	1201	1320	1610	1650	2191	1861	2296	2125	
1531	2613	2600	2745	2679	2877	2996	2626	2508	2521	2138	1900	1768	1768	1333	1161	910	712	501	0	541	633	897	1161	1372	1663	1795	2310	2098	2534	2442	
1042	2059	2059	2217	2178	2402	2560	2230	2151	2217	1861	1636	1570	1716	1188	1174	1056	646	448	541	0	488	528	739	884	1188	1267	1795	1544	1980	1887	
1452	2310	2362	2547	2547	2798	2996	2679	2613	2706	2349	2125	2059	2178	1663	1610	1438	1082	858	633	488	0	343	594	844	1122	1306	1782	1689	2112	2098	
1254	1993	2059	2270	2283	2560	2772	2494	2455	2574	2257	2059	2019	2217	1676	1702	1584	1174	976	897	528	343	0	250	501	778	963	1438	1346	1768	1782	
1267	1848	1927	2164	2204	2508	2745	2494	2481	2640	2323	2151	2138	2389	1821	1887	1808	1372	1201	1161	739	594	250	0	277	528	739	1188	1161	1570	1610	
1135	1570	1676	1914	1980	2283	2547	2323	2349	2508	2230	2085	2098	2389	1834	1953	1914	1452	1320	1372	884	844	501	277	0	290	462	937	884	1280	1333	
1293	1478	1623	1887	1980	2310	2600	2415	2468	2666	2402	2270	2310	2640	2085	2230	2191	1742	1610	1663	1188	1122	778	528	290	0	316	660	765	1108	1240	
1108	1161	1306	1570	1676	2006	2296	2138	2217	2428	2204	2098	2164	2534	1980	2178	2191	1729	1650	1795	1267	1306	963	739	462	316	0	541	448	818	924	
1570	1174	1399	1676	1848	2191	2521	2442	2560	2798	2626	2560	2640	3036	2494	2719	2745	2283	2191	2310	1795	1782	1438	1188	937	660	541	0	580	646	950	
1042	712	884	1148	1293	1636	1953	1848	1966	2217	2046	1993	2098	2521	2006	2270	2349	1900	1861	2098	1544	1689	1346	1161	884	765	448	580	0	435	475	
1399	567	805	1069	1280	1623	1966	1953	2125	2389	2283	2270	2402	2864	2376	2666	2758	2323	2296	2534	1980	2112	1768	1570	1280	1108	818	646	435	0	382	
1122	237	448	726	910	1254	1584	1570	1742	2019	1927	1927	2085	2547	2098	2402	2534	2125	2125	2442	1887	2098	1782	1610	1333	1240	924	950	475	382	0	
V4
0	2005	1853	2027	1896	2245	2528	2027	2005	2267	1831	1635	1744	2441	1613	2114	2354	1700	1831	2528	1722	2398	2071	2092	1874	2136	1831	2594	1722	2310	1853	
2005	0	392	828	1199	1744	2310	2376	2681	3161	3095	3161	3422	4229	3531	4098	4360	3684	3749	4316	3400	3815	3291	3052	2594	2441	1918	1940	1177	937	392	
1853	392	0	457	784	1329	1896	1962	2310	2790	2746	2855	3139	3945	3313	3902	4185	3575	3662	4294	3400	3902	3400	3182	2768	2681	2158	2310	1460	1329	741	
2027	828	457	0	414	915	1482	1635	2027	2507	2572	2725	3052	3880	3335	3924	4272	3706	3858	4534	3662	4207	3749	3575	3161	3117	2594	2768	1896	1765	1199	
1896	1199	784	414	0	566	1111	1220	1613	2092	2201	2376	2725	3531	3052	3662	4054	3531	3706	4425	3597	4207	3771	3640	3270	3270	2768	3052	2136	2114	1504	
2245	1744	1329	915	566	0	566	893	1329	1809	2071	2332	2703	3488	3139	3771	4207	3771	3989	4752	3967	4621	4229	4142	3771	3815	3313	3618	2703	2681	2071	
2528	2310	1896	1482	1111	566	0	675	1068	1482	1874	2223	2594	3335	3139	3771	4229	3880	4142	4948	4229	4948	4578	4534	4207	4294	3793	4163	3226	3248	2616	
2027	2376	1962	1635	1220	893	675	0	436	893	1199	1547	1896	2659	2463	3073	3553	3248	3531	4338	3684	4425	4120	4120	3836	3989	3531	4033	3052	3226	2594	
2005	2681	2310	2027	1613	1329	1068	436	0	479	806	1177	1526	2245	2136	2746	3226	3008	3313	4142	3553	4316	4054	4098	3880	4076	3662	4229	3248	3509	2877	
2267	3161	2790	2507	2092	1809	1482	893	479	0	610	1046	1351	1940	2049	2594	3095	2986	3335	4163	3662	4469	4251	4360	4142	4403	4011	4621	3662	3945	3335	
1831	3095	2746	2572	2201	2071	1874	1199	806	610	0	414	741	1438	1417	1983	2485	2354	2703	3531	3073	3880	3727	3836	3684	3967	3640	4338	3379	3771	3182	
1635	3161	2855	2725	2376	2332	2223	1547	1177	1046	414	0	348	1155	1002	1569	2071	1940	2310	3139	2703	3509	3400	3553	3444	3749	3466	4229	3291	3749	3182	
1744	3422	3139	3052	2725	2703	2594	1896	1526	1351	741	348	0	806	719	1242	1744	1722	2092	2921	2594	3400	3335	3531	3466	3815	3575	4360	3466	3967	3444	
2441	4229	3945	3880	3531	3488	3335	2659	2245	1940	1438	1155	806	0	915	1002	1482	1809	2180	2921	2834	3597	3662	3945	3945	4360	4185	5014	4163	4730	4207	
1613	3531	3313	3335	3052	3139	3139	2463	2136	2049	1417	1002	719	915	0	610	1090	1002	1395	2201	1962	2746	2768	3008	3030	3444	3270	4120	3313	3924	3466	
2114	4098	3902	3924	3662	3771	3771	3073	2746	2594	1983	1569	1242	1002	610	0	501	872	1220	1918	1940	2659	2812	3117	3226	3684	3597	4490	3749	4403	3967	
2354	4360	4185	4272	4054	4207	4229	3553	3226	3095	2485	2071	1744	1482	1090	501	0	741	1002	1504	1744	2376	2616	2986	3161	3618	3618	4534	3880	4556	4185	
1700	3684	3575	3706	3531	3771	3880	3248	3008	2986	2354	1940	1722	1809	1002	872	741	0	392	1177	1068	1787	1940	2267	2398	2877	2855	3771	3139	3836	3509	
1831	3749	3662	3858	3706	3989	4142	3531	3313	3335	2703	2310	2092	2180	1395	1220	1002	392	0	828	741	1417	1613	1983	2180	2659	2725	3618	3073	3793	3509	
2528	4316	4294	4534	4425	4752	4948	4338	4142	4163	3531	3139	2921	2921	2201	1918	1504	1177	828	0	893	1046	1482	1918	2267	2746	2964	3815	3466	4185	4033	
1722	3400	3400	3662	3597	3967	4229	3684	3553	3662	3073	2703	2594	2834	1962	1940	1744	1068	741	893	0	806	872	1220	1460	1962	2092	2964	2550	3270	3117	
2398	3815	3902	4207	4207	4621	4948	4425	4316	4469	3880	3509	3400	3597	2746	2659	2376	1787	1417	1046	806	0	566	981	1395	1853	2158	2943	2790	3488	3466	
2071	3291	3400	3749	3771	4229	4578	4120	4054	4251	3727	3400	3335	3662	2768	2812	2616	1940	1613	1482	872	566	0	414	828	1286	1591	2376	2223	2921	2943	
2092	3052	3182	3575	3640	4142	4534	4120	4098	4360	3836	3553	3531	3945	3008	3117	2986	2267	1983	1918	1220	981	414	0	457	872	1220	1962	1918	2594	2659	
1874	2594	2768	3161	3270	3771	4207	3836	3880	4142	3684	3444	3466	3945	3030	3226	3161	2398	2180	2267	1460	1395	828	457	0	479	763	1547	1460	2114	2201	
2136	2441	2681	3117	3270	3815	4294	3989	4076	4403	3967	3749	3815	4360	3444	3684	3618	2877	2659	2746	1962	1853	1286	872	479	0	523	1090	1264	1831	2049	
1831	1918	2158	2594	2768	3313	3793	3531	3662	4011	3640	3466	3575	4185	3270	3597	3618	2855	2725	2964	2092	2158	1591	1220	763	523	0	893	741	1351	1526	
2594	1940	2310	2768	3052	3618	4163	4033	4229	4621	4338	4229	4360	5014	4120	4490	4534	3771	3618	3815	2964	2943	2376	1962	1547	1090	893	0	959	1068	1569	
1722	1177	1460	1896	2136	2703	3226	3052	3248	3662	3379	3291	3466	4163	3313	3749	3880	3139	3073	3466	2550	2790	2223	1918	1460	1264	741	959	0	719	784	
2310	937	1329	1765	2114	2681	3248	3226	3509	3945	3771	3749	3967	4730	3924	4403	4556	3836	3793	4185	3270	3488	2921	2594	2114	1831	1351	1068	719	0	632	
1853	392	741	1199	1504	2071	2616	2594	2877	3335	3182	3182	3444	4207	3466	3967	4185	3509	3509	4033	3117	3466	2943	2659	2201	2049	1526	1569	784	632	0	
V5
0	1398	1292	1413	1322	1565	1763	1413	1398	1580	1276	1140	1216	1702	1124	1474	1641	1185	1276	1763	1200	1672	1444	1459	1307	1489	1276	1808	1200	1611	1292	
1398	0	273	577	836	1216	1611	1656	1869	2204	2158	2204	2386	2948	2462	2857	3040	2568	2614	3009	2371	2660	2295	2128	1808	1702	1337	1352	820	653	273	
1292	273	0	319	547	927	1322	1368	1611	1945	1915	1991	2188	2751	2310	2720	2918	2492	2553	2994	2371	2720	2371	2219	1930	1869	1504	1611	1018	927	516	
1413	577	319	0	288	638	1033	1140	1413	1748	1793	1900	2128	2705	2325	2736	2979	2584	2690	3161	2553	2933	2614	2492	2204	2173	1808	1930	1322	1231	836	
1322	836	547	288	0	395	775	851	1124	1459	1535	1656	1900	2462	2128	2553	2827	2462	2584	3085	2508	2933	2629	2538	2280	2280	1930	2128	1489	1474	1048	
1565	1216	927	638	395	0	395	623	927	1261	1444	1626	1884	2432	2188	2629	2933	2629	2781	3313	2766	3222	2948	2888	2629	2660	2310	2523	1884	1869	1444	
1763	1611	1322	1033	775	395	0	471	744	1033	1307	1550	1808	2325	2188	2629	2948	2705	2888	3450	2948	3450	3192	3161	2933	2994	2644	2903	2249	2264	1824	
1413	1656	1368	1140	851	623	471	0	304	623	836	1079	1322	1854	1717	2143	2477	2264	2462	3024	2568	3085	2872	2872	2675	2781	2462	2812	2128	2249	1808	
1398	1869	1611	1413	1124	927	744	304	0	334	562	820	1064	1565	1489	1915	2249	2097	2310	2888	2477	3009	2827	2857	2705	2842	2553	2948	2264	2447	2006	
1580	2204	1945	1748	1459	1261	1033	623	334	0	425	729	942	1352	1428	1808	2158	2082	2325	2903	2553	3116	2964	3040	2888	3070	2796	3222	2553	2751	2325	
1276	2158	1915	1793	1535	1444	1307	836	562	425	0	288	516	1003	988	1383	1732	1641	1884	2462	2143	2705	2599	2675	2568	2766	2538	3024	2356	2629	2219	
1140	2204	1991	1900	1656	1626	1550	1079	820	729	288	0	243	805	699	1094	1444	1352	1611	2188	1884	2447	2371	2477	2401	2614	2416	2948	2295	2614	2219	
1216	2386	2188	2128	1900	1884	1808	1322	1064	942	516	243	0	562	501	866	1216	1200	1459	2036	1808	2371	2325	2462	2416	2660	2492	3040	2416	2766	2401	
1702	2948	2751	2705	2462	2432	2325	1854	1565	1352	1003	805	562	0	638	699	1033	1261	1520	2036	1976	2508	2553	2751	2751	3040	2918	3496	2903	3298	2933	
1124	2462	2310	2325	2128	2188	2188	1717	1489	1428	988	699	501	638	0	425	760	699	972	1535	1368	1915	1930	2097	2112	2401	2280	2872	2310	2736	2416	
1474	2857	2720	2736	2553	2629	2629	2143	1915	1808	1383	1094	866	699	425	0	349	608	851	1337	1352	1854	1960	2173	2249	2568	2508	3131	2614	3070	2766	
1641	3040	2918	2979	2827	2933	2948	2477	2249	2158	1732	1444	1216	1033	760	349	0	516	699	1048	1216	1656	1824	2082	2204	2523	2523	3161	2705	3176	2918	
1185	2568	2492	2584	2462	2629	2705	2264	2097	2082	1641	1352	1200	1261	699	608	516	0	273	820	744	1246	1352	1580	1672	2006	1991	2629	2188	2675	2447	
1276	2614	2553	2690	2584	2781	2888	2462	2310	2325	1884	1611	1459	1520	972	851	699	273	0	577	516	988	1124	1383	1520	1854	1900	2523	2143	2644	2447	
1763	3009	2994	3161	3085	3313	3450	3024	2888	2903	2462	2188	2036	2036	1535	1337	1048	820	577	0	623	729	1033	1337	1580	1915	2067	2660	2416	2918	2812	
1200	2371	2371	2553	2508	2766	2948	2568	2477	2553	2143	1884	1808	1976	1368	1352	1216	744	516	623	0	562	608	851	1018	1368	1459	2067	1778	2280	2173	
1672	2660	2720	2933	2933	3222	3450	3085	3009	3116	2705	2447	2371	2508	1915	1854	1656	1246	988	729	562	0	395	684	972	1292	1504	2052	1945	2432	2416	
1444	2295	2371	2614	2629	2948	3192	2872	2827	2964	2599	2371	2325	2553	1930	1960	1824	1352	1124	1033	608	395	0	288	577	896	1109	1656	1550	2036	2052	
1459	2128	2219	2492	2538	2888	3161	2872	2857	3040	2675	2477	2462	2751	2097	2173	2082	1580	1383	1337	851	684	288	0	319	608	851	1368	1337	1808	1854	
1307	1808	1930	2204	2280	2629	2933	2675	2705	2888	2568	2401	2416	2751	2112	2249	2204	1672	1520	1580	1018	972	577	319	0	334	532	1079	1018	1474	1535	
1489	1702	1869	2173	2280	2660	2994	2781	2842	3070	2766	2614	2660	3040	2401	2568	2523	2006	1854	1915	1368	1292	896	608	334	0	364	760	881	1276	1428	
1276	1337	1504	1808	1930	2310	2644	2462	2553	2796	2538	2416	2492	2918	2280	2508	2523	1991	1900	2067	1459	1504	1109	851	532	364	0	623	516	942	1064	
1808	1352	1611	1930	2128	2523	2903	2812	2948	3222	3024	2948	3040	3496	2872	3131	3161	2629	2523	2660	2067	2052	1656	1368	1079	760	623	0	668	744	1094	
1200	820	1018	1322	1489	1884	2249	2128	2264	2553	2356	2295	2416	2903	2310	2614	2705	2188	2143	2416	1778	1945	1550	1337	1018	881	516	668	0	501	547	
1611	653	927	1231	1474	1869	2264	2249	2447	2751	2629	2614	2766	3298	2736	3070	3176	2675	2644	2918	2280	2432	2036	1808	1474	1276	942	744	501	0	440	
1292	273	516	836	1048	1444	1824	1808	2006	2325	2219	2219	2401	2933	2416	2766	2918	2447	2447	2812	2173	2416	2052	1854	1535	1428	1064	1094	547	440	0	
V6
0	1950	1802	1971	1844	2183	2459	1971	1950	2204	1780	1590	1696	2374	1568	2056	2289	1653	1780	2459	1674	2332	2014	2035	1823	2077	1780	2522	1674	2247	1802	
1950	0	381	805	1166	1696	2247	2310	2607	3074	3010	3074	3328	4112	3434	3985	4240	3582	3646	4197	3307	3710	3201	2968	2522	2374	1865	1886	1144	911	381	
1802	381	0	445	763	1293	1844	1908	2247	2713	2671	2777	3052	3837	3222	3794	4070	3476	3561	4176	3307	3794	3307	3095	2692	2607	2098	2247	1420	1293	720	
1971	805	445	0	402	890	1441	1590	1971	2438	2501	2650	2968	3773	3243	3816	4155	3604	3752	4409	3561	4091	3646	3476	3074	3031	2522	2692	1844	1717	1166	
1844	1166	763	402	0	551	1081	1187	1568	2035	2141	2310	2650	3434	2968	3561	3943	3434	3604	4303	3498	4091	3667	3540	3180	3180	2692	2968	2077	2056	1462	
2183	1696	1293	890	551	0	551	869	1293	1759	2014	2268	2628	3392	3052	3667	4091	3667	3879	4621	3858	4494	4112	4028	3667	3710	3222	3519	2628	2607	2014	
2459	2247	1844	1441	1081	551	0	657	1038	1441	1823	2162	2522	3243	3052	3667	4112	3773	4028	4812	4112	4812	4452	4409	4091	4176	3688	4049	3137	3158	2544	
1971	2310	1908	1590	1187	869	657	0	424	869	1166	1505	1844	2586	2395	2989	3455	3158	3434	4218	3582	4303	4006	4006	3731	3879	3434	3922	2968	3137	2522	
1950	2607	2247	1971	1568	1293	1038	424	0	466	784	1144	1484	2183	2077	2671	3137	2925	3222	4028	3455	4197	3943	3985	3773	3964	3561	4112	3158	3413	2798	
2204	3074	2713	2438	2035	1759	1441	869	466	0	593	1017	1314	1886	1992	2522	3010	2904	3243	4049	3561	4346	4134	4240	4028	4282	3900	4494	3561	3837	3243	
1780	3010	2671	2501	2141	2014	1823	1166	784	593	0	402	720	1399	1378	1929	2416	2289	2628	3434	2989	3773	3625	3731	3582	3858	3540	4218	3286	3667	3095	
1590	3074	2777	2650	2310	2268	2162	1505	1144	1017	402	0	339	1123	975	1526	2014	1886	2247	3052	2628	3413	3307	3455	3349	3646	3370	4112	3201	3646	3095	
1696	3328	3052	2968	2650	2628	2522	1844	1484	1314	720	339	0	784	699	1208	1696	1674	2035	2840	2522	3307	3243	3434	3370	3710	3476	4240	3370	3858	3349	
