M: 2
N: 30
Nun_Veiculos: 12
Capacidade_Total: 913
Demanda_Total: 602
Setup_Min: 1
Setup_Max: 99
Raio: 100
Circulos: 1
Tempo_Processamento_Min: 1
Tempo_Processamento_Max: 49
Demanda_Min: 10
Demanda_Max: 30
Priority_Factor: 0.2
Range_Factor_R: 0.8
U_factor: 2
ALpha: 0.2Replicao: 2
Tempos_Processamentos
0	0	1	0	
0	4	1	24	
0	13	1	25	
0	22	1	30	
0	18	1	41	
0	8	1	18	
0	29	1	23	
0	24	1	35	
0	35	1	33	
0	18	1	25	
0	40	1	29	
0	48	1	33	
0	10	1	31	
0	46	1	6	
0	23	1	12	
0	31	1	1	
0	14	1	32	
0	8	1	49	
0	15	1	19	
0	21	1	47	
0	44	1	34	
0	13	1	23	
0	4	1	38	
0	6	1	26	
0	29	1	15	
0	26	1	7	
0	42	1	14	
0	42	1	44	
0	44	1	23	
0	47	1	2	
0	16	1	43	

Tempos_setup
M0
0	0	0	0	0	0	0	0	0	0	0	0	0	0	0	0	0	0	0	0	0	0	0	0	0	0	0	0	0	0	0	
0	0	14	12	17	10	7	17	6	1	11	25	21	7	6	7	13	31	4	9	7	10	10	11	8	10	5	12	15	14	19	
0	8	0	9	19	11	3	8	11	7	2	26	18	13	12	8	14	28	10	5	4	6	13	11	5	13	11	10	16	16	12	
0	11	14	0	23	16	3	9	12	7	14	25	19	13	11	13	13	31	10	14	7	15	16	14	8	12	11	9	15	20	13	
0	18	24	22	0	15	18	23	18	13	17	30	32	19	18	12	18	34	16	16	17	10	17	21	18	20	15	17	20	20	27	
0	14	17	15	16	0	9	11	15	13	8	18	19	18	10	11	6	34	15	11	10	12	14	17	11	5	16	2	8	13	15	
0	11	17	8	20	13	0	17	9	4	11	28	24	10	9	10	16	34	7	12	10	13	13	11	11	13	8	15	18	19	21	
0	14	6	15	16	17	9	0	9	13	8	21	10	15	13	14	9	31	16	11	10	12	17	17	8	5	17	5	11	13	4	
0	12	12	9	13	14	1	13	0	5	12	24	23	11	10	11	17	29	8	13	11	9	14	12	6	4	9	16	14	10	17	
0	7	13	11	16	9	6	16	5	0	13	24	20	6	5	6	12	30	3	8	6	9	9	10	7	9	4	11	14	15	18	
0	6	9	7	17	9	1	6	9	5	0	24	16	11	10	6	12	26	8	3	2	4	11	9	3	11	9	11	14	14	10	
0	7	15	12	16	14	4	16	3	8	15	0	26	14	13	11	15	26	11	16	11	12	17	15	9	7	9	16	17	13	20	
0	11	17	15	20	13	9	16	14	9	17	17	0	5	14	10	5	34	7	17	10	15	13	14	11	14	8	15	7	22	20	
0	19	17	20	24	18	19	11	18	20	19	32	21	0	24	15	20	39	23	12	15	13	14	24	16	16	18	16	22	21	15	
0	10	13	11	17	7	10	16	9	11	13	24	22	17	0	6	12	30	14	3	6	4	11	15	7	12	9	9	14	14	18	
0	13	16	14	18	3	8	13	15	12	7	18	20	18	13	0	6	33	15	10	9	5	12	16	10	8	10	5	8	15	17	
0	15	14	12	22	8	4	18	9	8	12	12	14	14	13	5	0	38	11	15	14	10	8	15	15	13	12	10	2	19	22	
0	22	20	20	7	19	12	18	21	16	22	24	16	21	12	17	12	0	19	15	18	16	20	23	14	23	20	21	14	26	10	
0	4	10	8	13	6	11	13	10	5	10	21	17	3	10	3	9	27	0	13	3	8	6	7	4	7	1	8	11	15	15	
0	7	10	8	14	6	7	13	6	8	10	21	19	14	13	3	9	27	11	0	3	1	8	12	4	10	6	8	11	11	15	
0	4	7	5	21	14	8	10	10	5	9	22	16	11	10	11	17	24	8	12	0	13	14	15	1	14	9	14	19	18	12	
0	8	14	12	13	5	10	15	14	9	9	20	22	15	14	2	8	31	12	12	7	0	7	11	8	10	5	7	10	10	19	
0	23	15	24	34	26	18	23	26	22	17	41	25	28	20	23	29	32	25	20	19	21	0	26	9	28	25	25	31	31	27	
0	12	23	22	23	7	16	18	18	13	15	25	19	11	17	18	13	40	16	18	17	19	21	0	17	12	17	9	15	20	13	
0	14	6	15	25	17	9	14	17	13	8	32	24	19	18	14	20	23	16	11	10	12	19	17	0	19	17	16	22	22	18	
0	11	15	13	11	14	16	9	17	12	17	20	19	18	17	12	18	40	15	20	18	17	21	17	17	0	16	14	10	8	13	
0	3	9	7	14	5	10	12	9	4	9	20	18	10	9	2	8	26	7	12	2	7	9	6	3	6	0	7	10	14	14	
0	14	15	16	14	12	8	9	13	12	16	16	17	18	8	9	4	37	15	11	14	12	12	19	14	3	16	0	6	11	13	
0	16	16	16	20	6	8	16	7	12	10	10	12	17	16	3	9	36	15	13	12	8	15	19	13	11	13	8	0	17	20	
0	3	17	5	3	6	8	14	9	4	11	22	19	10	9	4	10	34	7	12	10	9	13	11	11	11	8	8	12	0	13	
0	17	10	19	24	17	13	8	17	15	12	23	6	11	20	14	11	27	13	11	14	12	19	20	4	13	14	13	13	21	0	
M1
0	0	0	0	0	0	0	0	0	0	0	0	0	0	0	0	0	0	0	0	0	0	0	0	0	0	0	0	0	0	0	
0	0	15	12	19	6	16	8	13	17	11	16	18	15	20	13	3	20	7	10	20	16	18	20	17	14	6	10	20	14	5	
0	15	0	15	7	17	5	9	4	5	18	17	19	16	14	1	13	15	8	13	21	13	19	27	14	11	7	19	14	12	15	
0	18	3	0	7	17	8	2	4	5	8	16	19	16	16	1	6	17	11	9	17	13	19	20	14	11	7	11	17	8	8	
0	30	15	12	0	23	9	13	10	17	20	19	19	22	25	13	17	19	4	21	21	19	23	27	20	17	11	23	18	20	19	
0	24	9	6	13	0	14	8	7	11	8	16	19	19	16	7	12	14	1	9	20	10	20	23	11	8	8	4	14	8	11	
0	29	14	22	14	23	0	16	16	12	24	23	14	22	25	15	20	10	18	18	16	16	26	36	16	14	14	27	9	17	22	
0	24	9	6	11	23	14	0	10	11	14	17	19	16	21	7	4	23	15	15	21	19	19	21	20	17	7	11	23	14	6	
0	26	11	19	18	13	13	20	0	16	21	13	15	12	23	12	21	13	14	14	17	9	25	33	10	7	18	17	13	15	22	
0	28	13	10	2	24	11	4	11	0	18	21	21	20	15	11	8	21	6	8	23	17	14	25	18	15	2	15	20	7	10	
0	23	8	5	12	14	13	7	9	10	0	8	14	20	13	6	11	10	11	8	12	12	24	15	13	10	12	3	9	7	13	
0	28	13	12	11	6	18	12	9	13	14	0	15	21	22	13	16	9	3	15	17	16	22	20	15	14	10	10	10	14	17	
0	26	11	8	15	11	15	10	2	13	10	15	0	14	23	9	14	15	12	16	2	11	23	22	12	9	11	13	15	16	16	
0	29	14	11	10	7	1	13	5	13	13	1	3	0	19	12	17	10	4	16	5	14	13	21	15	12	11	11	10	15	18	
0	26	11	9	4	18	13	11	12	13	4	12	18	20	0	9	15	14	8	10	16	16	22	13	17	14	10	7	13	11	17	
0	17	2	14	6	16	7	8	3	4	20	16	18	15	16	0	12	16	10	12	20	12	18	29	13	10	6	18	16	11	14	
0	27	12	9	16	19	13	5	13	14	17	13	15	12	17	10	0	20	16	12	17	16	15	17	17	14	3	7	20	11	2	
0	19	4	19	11	13	9	13	8	9	21	21	23	20	18	5	17	0	12	17	15	17	23	31	6	15	11	17	18	16	19	
0	32	17	15	20	19	19	9	6	20	23	19	21	18	21	16	13	19	0	20	23	15	19	23	16	13	7	20	19	21	15	
0	29	14	22	11	16	16	23	3	19	24	16	18	15	23	15	24	16	15	0	20	12	28	36	13	10	21	20	16	18	25	
0	33	22	19	19	29	25	13	23	17	24	30	32	29	29	20	17	31	17	23	0	27	23	20	28	25	11	24	31	22	19	
0	30	15	23	16	17	20	23	8	20	25	11	21	20	28	16	27	20	14	5	23	0	33	31	18	15	21	21	21	23	28	
0	17	17	15	10	16	19	16	18	19	10	10	24	23	6	15	11	19	13	16	22	22	0	19	23	20	14	13	19	17	13	
0	13	6	3	10	19	5	5	6	8	11	16	18	15	10	4	8	15	14	3	20	15	22	0	14	13	10	14	14	2	10	
0	16	1	16	8	16	6	10	4	6	19	17	19	16	15	2	14	3	9	14	18	13	20	28	0	11	8	20	15	13	16	
0	19	4	15	11	9	9	13	7	9	17	13	11	19	16	5	14	6	10	7	13	2	23	29	3	0	11	13	6	8	15	
0	26	11	8	13	25	16	2	12	13	16	19	21	18	18	9	6	25	17	17	23	21	12	23	22	19	0	13	25	16	8	
0	20	5	2	9	16	10	4	6	7	10	18	18	17	12	3	8	13	13	5	19	9	21	22	10	7	9	0	13	4	10	
0	20	5	13	5	14	10	7	7	3	15	18	5	19	18	6	11	1	9	11	7	7	17	27	7	14	5	18	0	10	13	
0	28	13	15	12	17	14	11	4	15	12	14	16	13	8	11	6	17	16	1	18	13	21	21	14	11	9	13	17	0	8	
0	27	12	9	14	23	17	3	13	14	17	17	22	19	19	10	7	26	18	18	24	22	13	24	23	20	1	14	26	17	0	
Tamanho_Tarefas
0	4	17	24	25	10	26	28	33	21	34	38	13	22	16	15	16	14	15	26	38	16	4	6	15	14	25	43	24	3	17	
Data_Entrega
0	425	311	303	455	306	249	365	450	384	427	270	455	255	343	276	314	379	251	450	258	403	326	450	447	381	418	330	269	358	439	
Penalidade_Atraso
0	7	3	20	13	3	10	16	10	14	2	18	17	2	17	1	10	9	17	3	15	1	8	20	15	16	1	1	18	7	14	
Capacidade_Veiculo
107	58	72	79	70	102	118	67	45	74	77	44	
Custo_Fixo_Veiculo
1070	580	720	790	700	1020	1180	670	450	740	770	440	
Coordenadas_Clientes
x	0	y	0
x	85	y	0
x	105	y	22
x	69	y	30
x	89	y	65
x	80	y	89
x	41	y	71
x	37	y	115
x	9	y	94
x	-11	y	109
x	-29	y	90
x	-49	y	85
x	-70	y	78
x	-77	y	56
x	-102	y	45
x	-76	y	16
x	-92	y	0
x	-79	y	-16
x	-110	y	-49
x	-98	y	-71
x	-78	y	-87
x	-61	y	-106
x	-35	y	-108
x	-9	y	-92
x	7	y	-74
x	38	y	-116
x	45	y	-77
x	70	y	-78
x	86	y	-62
x	97	y	-43
x	89	y	-18
Tempo_Viagem
0	85	107	75	110	119	81	120	94	109	94	98	104	95	111	77	92	80	120	121	116	122	113	92	74	122	89	104	106	106	90	
85	0	29	34	65	89	83	124	120	145	145	158	173	171	192	161	177	164	201	196	184	180	161	131	107	125	86	79	62	44	18	
107	29	0	36	45	70	80	115	119	144	150	166	183	184	207	181	198	187	226	223	213	209	190	160	136	153	115	105	86	65	43	
75	34	36	0	40	60	49	90	87	112	114	130	147	148	171	145	163	154	195	195	187	188	172	144	121	148	109	108	93	78	52	
110	65	45	40	0	25	48	72	85	109	120	139	159	166	192	172	192	186	229	231	225	227	212	184	161	187	148	144	127	108	83	
119	89	70	60	25	0	42	50	71	93	109	129	150	160	187	171	192	190	234	239	235	240	228	201	178	208	169	167	151	133	107	
81	83	80	49	48	42	0	44	39	64	72	91	111	118	145	129	150	148	192	198	197	203	194	170	148	187	148	151	140	127	101	
120	124	115	90	72	50	44	0	35	48	70	90	112	128	155	150	172	174	219	229	232	241	233	212	191	231	192	195	183	168	142	
94	120	119	87	85	71	39	35	0	25	38	58	80	94	121	115	137	140	185	196	200	211	206	186	168	211	174	182	173	162	137	
109	145	144	112	109	93	64	48	25	0	26	44	66	84	110	113	135	142	186	199	207	220	218	201	183	230	194	203	196	186	161	
94	145	150	114	120	109	72	70	38	26	0	20	42	58	85	87	109	117	160	175	183	198	198	183	167	216	182	195	190	183	159	
98	158	166	130	139	129	91	90	58	44	20	0	22	40	66	74	95	105	147	163	174	191	193	181	168	219	187	201	199	194	172	
104	173	183	147	159	150	111	112	80	66	42	22	0	23	45	62	80	94	132	151	165	184	189	180	170	222	193	208	209	206	185	
95	171	184	148	166	160	118	128	94	84	58	40	23	0	27	40	57	72	109	128	143	162	169	162	154	206	180	198	201	200	181	
111	192	207	171	192	187	145	155	121	110	85	66	45	27	0	38	46	65	94	116	134	156	166	165	160	212	190	211	216	217	201	
77	161	181	145	172	171	129	150	115	113	87	74	62	40	38	0	22	32	73	89	103	122	130	127	122	174	152	173	179	182	167	
92	177	198	163	192	192	150	172	137	135	109	95	80	57	46	22	0	20	52	71	88	110	121	123	123	173	157	179	188	193	181	
80	164	187	154	186	190	148	174	140	142	117	105	94	72	65	32	20	0	45	58	71	91	101	103	103	153	138	161	171	178	168	
120	201	226	195	229	234	192	219	185	186	160	147	132	109	94	73	52	45	0	25	49	74	95	109	119	161	157	182	196	207	201	
121	196	223	195	231	239	198	229	196	199	175	163	151	128	116	89	71	58	25	0	25	50	72	91	105	143	143	168	184	197	194	
116	184	213	187	225	235	197	232	200	207	183	174	165	143	134	103	88	71	49	25	0	25	47	69	85	119	123	148	164	180	180	
122	180	209	188	227	240	203	241	211	220	198	191	184	162	156	122	110	91	74	50	25	0	26	53	75	99	109	133	152	169	173	
113	161	190	172	212	228	194	233	206	218	198	193	189	169	166	130	121	101	95	72	47	26	0	30	54	73	85	109	128	146	152	
92	131	160	144	184	201	170	212	186	201	183	181	180	162	165	127	123	103	109	91	69	53	30	0	24	52	56	80	99	116	122	
74	107	136	121	161	178	148	191	168	183	167	168	170	154	160	122	123	103	119	105	85	75	54	24	0	52	38	63	79	95	99	
122	125	153	148	187	208	187	231	211	230	216	219	222	206	212	174	173	153	161	143	119	99	73	52	52	0	39	49	71	92	110	
89	86	115	109	148	169	148	192	174	194	182	187	193	180	190	152	157	138	157	143	123	109	85	56	38	39	0	25	43	62	73	
104	79	105	108	144	167	151	195	182	203	195	201	208	198	211	173	179	161	182	168	148	133	109	80	63	49	25	0	22	43	62	
106	62	86	93	127	151	140	183	173	196	190	199	209	201	216	179	188	171	196	184	164	152	128	99	79	71	43	22	0	21	44	
106	44	65	78	108	133	127	168	162	186	183	194	206	200	217	182	193	178	207	197	180	169	146	116	95	92	62	43	21	0	26	
90	18	43	52	83	107	101	142	137	161	159	172	185	181	201	167	181	168	201	194	180	173	152	122	99	110	73	62	44	26	0	
Custo_Viagem
V0
0	1819	2289	1605	2354	2546	1733	2568	2011	2332	2011	2097	2225	2033	2375	1647	1968	1712	2568	2589	2482	2610	2418	1968	1583	2610	1904	2225	2268	2268	1926	
1819	0	620	727	1391	1904	1776	2653	2568	3103	3103	3381	3702	3659	4108	3445	3787	3509	4301	4194	3937	3852	3445	2803	2289	2675	1840	1690	1326	941	385	
2289	620	0	770	963	1519	1712	2461	2568	3103	3210	3552	3916	3959	4451	3873	4237	4001	4836	4772	4558	4472	4087	3445	2931	3274	2461	2247	1840	1391	920	
1605	727	770	0	856	1284	1048	1926	1861	2396	2439	2782	3145	3167	3659	3103	3488	3295	4173	4173	4001	4023	3680	3081	2589	3188	2332	2311	1990	1669	1112	
2354	1391	963	856	0	535	1027	1540	1819	2332	2568	2974	3402	3552	4108	3680	4108	3980	4900	4943	4815	4857	4536	3959	3445	4023	3167	3081	2717	2311	1776	
2546	1904	1519	1284	535	0	898	1070	1519	1990	2332	2760	3210	3424	4001	3680	4130	4066	5007	5114	5050	5136	4879	4301	3809	4472	3616	3573	3231	2846	2289	
1733	1776	1712	1048	1027	898	0	941	834	1369	1540	1947	2375	2525	3103	2760	3210	3167	4108	4237	4215	4365	4151	3638	3167	4001	3167	3231	2996	2717	2161	
2568	2653	2461	1926	1540	1070	941	0	749	1027	1498	1947	2418	2739	3317	3210	3680	3723	4708	4900	4964	5157	5007	4536	4087	4943	4108	4173	3916	3616	3038	
2011	2568	2568	1861	1819	1519	834	749	0	535	813	1241	1712	2011	2589	2461	2931	2996	3980	4194	4280	4515	4408	3980	3595	4515	3723	3894	3702	3466	2931	
2332	3103	3103	2396	2332	1990	1369	1027	535	0	556	941	1412	1797	2375	2418	2889	3038	3980	4258	4429	4708	4665	4301	3916	4922	4151	4344	4194	3980	3445	
2011	3103	3210	2439	2568	2332	1540	1498	813	556	0	428	898	1241	1819	1861	2332	2503	3424	3745	3916	4237	4237	3916	3573	4622	3894	4173	4066	3916	3402	
2097	3381	3552	2782	2974	2760	1947	1947	1241	941	428	0	470	856	1412	1583	2033	2247	3145	3488	3723	4087	4130	3873	3595	4686	4001	4301	4258	4151	3680	
2225	3702	3916	3145	3402	3210	2375	2418	1712	1412	898	470	0	492	963	1326	1733	2011	2846	3231	3531	3937	4044	3852	3638	4750	4130	4472	4472	4408	3959	
2033	3659	3959	3167	3552	3424	2525	2739	2011	1797	1241	856	492	0	577	856	1219	1540	2354	2739	3060	3466	3616	3466	3295	4408	3852	4237	4301	4280	3873	
2375	4108	4451	3659	4108	4001	3103	3317	2589	2375	1819	1412	963	577	0	813	984	1391	2011	2482	2867	3338	3573	3531	3445	4558	4087	4515	4622	4643	4301	
1647	3445	3873	3103	3680	3680	2760	3210	2461	2418	1861	1583	1326	856	813	0	470	684	1562	1904	2204	2610	2782	2717	2610	3723	3252	3702	3830	3894	3595	
1968	3787	4237	3488	4108	4130	3210	3680	2931	2889	2332	2033	1733	1219	984	470	0	428	1112	1519	1883	2354	2610	2632	2632	3723	3359	3830	4023	4130	3873	
1712	3509	4001	3295	3980	4066	3167	3723	2996	3038	2503	2247	2011	1540	1391	684	428	0	963	1241	1519	1947	2161	2204	2204	3274	2953	3445	3659	3809	3595	
2568	4301	4836	4173	4900	5007	4108	4708	3980	3980	3424	3145	2846	2354	2011	1562	1112	963	0	535	1048	1605	2033	2332	2546	3466	3359	3894	4194	4429	4301	
2589	4194	4772	4173	4943	5114	4237	4900	4194	4258	3745	3488	3231	2739	2482	1904	1519	1241	535	0	535	1070	1562	1947	2247	3060	3060	3595	3937	4215	4151	
2482	3937	4558	4001	4815	5050	4215	4964	4280	4429	3916	3723	3531	3060	2867	2204	1883	1519	1048	535	0	535	1005	1476	1819	2546	2632	3167	3531	3852	3852	
2610	3852	4472	4023	4857	5136	4365	5157	4515	4708	4237	4087	3937	3466	3338	2610	2354	1947	1605	1070	535	0	556	1134	1605	2118	2332	2846	3274	3638	3702	
2418	3445	4087	3680	4536	4879	4151	5007	4408	4665	4237	4130	4044	3616	3573	2782	2610	2161	2033	1562	1005	556	0	642	1155	1562	1819	2332	2760	3145	3274	
1968	2803	3445	3081	3959	4301	3638	4536	3980	4301	3916	3873	3852	3466	3531	2717	2632	2204	2332	1947	1476	1134	642	0	513	1112	1198	1712	2118	2482	2610	
1583	2289	2931	2589	3445	3809	3167	4087	3595	3916	3573	3595	3638	3295	3445	2610	2632	2204	2546	2247	1819	1605	1155	513	0	1112	813	1348	1690	2033	2118	
2610	2675	3274	3188	4023	4472	4001	4943	4515	4922	4622	4686	4750	4408	4558	3723	3723	3274	3466	3060	2546	2118	1562	1112	1112	0	834	1048	1540	1990	2354	
1904	1840	2461	2332	3167	3616	3167	4108	3723	4151	3894	4001	4130	3852	4087	3252	3359	2953	3359	3060	2632	2332	1819	1198	813	834	0	535	920	1326	1562	
2225	1690	2247	2311	3081	3573	3231	4173	3894	4344	4173	4301	4472	4237	4515	3702	3830	3445	3894	3595	3167	2846	2332	1712	1348	1048	535	0	470	941	1326	
2268	1326	1840	1990	2717	3231	2996	3916	3702	4194	4066	4258	4472	4301	4622	3830	4023	3659	4194	3937	3531	3274	2760	2118	1690	1540	920	470	0	449	941	
2268	941	1391	1669	2311	2846	2717	3616	3466	3980	3916	4151	4408	4280	4643	3894	4130	3809	4429	4215	3852	3638	3145	2482	2033	1990	1326	941	449	0	556	
1926	385	920	1112	1776	2289	2161	3038	2931	3445	3402	3680	3959	3873	4301	3595	3873	3595	4301	4151	3852	3702	3274	2610	2118	2354	1562	1326	941	556	0	
V1
0	986	1241	870	1276	1380	939	1392	1090	1264	1090	1136	1206	1102	1287	893	1067	928	1392	1403	1345	1415	1310	1067	858	1415	1032	1206	1229	1229	1044	
986	0	336	394	754	1032	962	1438	1392	1682	1682	1832	2006	1983	2227	1867	2053	1902	2331	2273	2134	2088	1867	1519	1241	1450	997	916	719	510	208	
1241	336	0	417	522	823	928	1334	1392	1682	1740	1925	2122	2146	2412	2099	2296	2169	2621	2586	2470	2424	2215	1867	1589	1774	1334	1218	997	754	498	
870	394	417	0	464	696	568	1044	1009	1299	1322	1508	1705	1716	1983	1682	1890	1786	2262	2262	2169	2180	1995	1670	1403	1728	1264	1252	1078	904	603	
1276	754	522	464	0	290	556	835	986	1264	1392	1612	1844	1925	2227	1995	2227	2157	2656	2679	2610	2633	2459	2146	1867	2180	1716	1670	1473	1252	962	
1380	1032	823	696	290	0	487	580	823	1078	1264	1496	1740	1856	2169	1995	2238	2204	2714	2772	2737	2784	2644	2331	2064	2424	1960	1937	1751	1542	1241	
939	962	928	568	556	487	0	510	452	742	835	1055	1287	1368	1682	1496	1740	1716	2227	2296	2285	2366	2250	1972	1716	2169	1716	1751	1624	1473	1171	
1392	1438	1334	1044	835	580	510	0	406	556	812	1055	1310	1484	1798	1740	1995	2018	2552	2656	2691	2795	2714	2459	2215	2679	2227	2262	2122	1960	1647	
1090	1392	1392	1009	986	823	452	406	0	290	440	672	928	1090	1403	1334	1589	1624	2157	2273	2320	2447	2389	2157	1948	2447	2018	2111	2006	1879	1589	
1264	1682	1682	1299	1264	1078	742	556	290	0	301	510	765	974	1287	1310	1566	1647	2157	2308	2401	2552	2528	2331	2122	2668	2250	2354	2273	2157	1867	
1090	1682	1740	1322	1392	1264	835	812	440	301	0	232	487	672	986	1009	1264	1357	1856	2030	2122	2296	2296	2122	1937	2505	2111	2262	2204	2122	1844	
1136	1832	1925	1508	1612	1496	1055	1055	672	510	232	0	255	464	765	858	1102	1218	1705	1890	2018	2215	2238	2099	1948	2540	2169	2331	2308	2250	1995	
1206	2006	2122	1705	1844	1740	1287	1310	928	765	487	255	0	266	522	719	939	1090	1542	1751	1914	2134	2192	2088	1972	2575	2238	2424	2424	2389	2146	
1102	1983	2146	1716	1925	1856	1368	1484	1090	974	672	464	266	0	313	464	661	835	1276	1484	1658	1879	1960	1879	1786	2389	2088	2296	2331	2320	2099	
1287	2227	2412	1983	2227	2169	1682	1798	1403	1287	986	765	522	313	0	440	533	754	1090	1345	1554	1809	1937	1914	1867	2470	2215	2447	2505	2517	2331	
893	1867	2099	1682	1995	1995	1496	1740	1334	1310	1009	858	719	464	440	0	255	371	846	1032	1194	1415	1508	1473	1415	2018	1763	2006	2076	2111	1948	
1067	2053	2296	1890	2227	2238	1740	1995	1589	1566	1264	1102	939	661	533	255	0	232	603	823	1020	1276	1415	1426	1426	2018	1821	2076	2180	2238	2099	
928	1902	2169	1786	2157	2204	1716	2018	1624	1647	1357	1218	1090	835	754	371	232	0	522	672	823	1055	1171	1194	1194	1774	1600	1867	1983	2064	1948	
1392	2331	2621	2262	2656	2714	2227	2552	2157	2157	1856	1705	1542	1276	1090	846	603	522	0	290	568	870	1102	1264	1380	1879	1821	2111	2273	2401	2331	
1403	2273	2586	2262	2679	2772	2296	2656	2273	2308	2030	1890	1751	1484	1345	1032	823	672	290	0	290	580	846	1055	1218	1658	1658	1948	2134	2285	2250	
1345	2134	2470	2169	2610	2737	2285	2691	2320	2401	2122	2018	1914	1658	1554	1194	1020	823	568	290	0	290	545	800	986	1380	1426	1716	1914	2088	2088	
1415	2088	2424	2180	2633	2784	2366	2795	2447	2552	2296	2215	2134	1879	1809	1415	1276	1055	870	580	290	0	301	614	870	1148	1264	1542	1774	1972	2006	
1310	1867	2215	1995	2459	2644	2250	2714	2389	2528	2296	2238	2192	1960	1937	1508	1415	1171	1102	846	545	301	0	348	626	846	986	1264	1496	1705	1774	
1067	1519	1867	1670	2146	2331	1972	2459	2157	2331	2122	2099	2088	1879	1914	1473	1426	1194	1264	1055	800	614	348	0	278	603	649	928	1148	1345	1415	
858	1241	1589	1403	1867	2064	1716	2215	1948	2122	1937	1948	1972	1786	1867	1415	1426	1194	1380	1218	986	870	626	278	0	603	440	730	916	1102	1148	
1415	1450	1774	1728	2180	2424	2169	2679	2447	2668	2505	2540	2575	2389	2470	2018	2018	1774	1879	1658	1380	1148	846	603	603	0	452	568	835	1078	1276	
1032	997	1334	1264	1716	1960	1716	2227	2018	2250	2111	2169	2238	2088	2215	1763	1821	1600	1821	1658	1426	1264	986	649	440	452	0	290	498	719	846	
1206	916	1218	1252	1670	1937	1751	2262	2111	2354	2262	2331	2424	2296	2447	2006	2076	1867	2111	1948	1716	1542	1264	928	730	568	290	0	255	510	719	
1229	719	997	1078	1473	1751	1624	2122	2006	2273	2204	2308	2424	2331	2505	2076	2180	1983	2273	2134	1914	1774	1496	1148	916	835	498	255	0	243	510	
1229	510	754	904	1252	1542	1473	1960	1879	2157	2122	2250	2389	2320	2517	2111	2238	2064	2401	2285	2088	1972	1705	1345	1102	1078	719	510	243	0	301	
1044	208	498	603	962	1241	1171	1647	1589	1867	1844	1995	2146	2099	2331	1948	2099	1948	2331	2250	2088	2006	1774	1415	1148	1276	846	719	510	301	0	
V2
0	1224	1540	1080	1584	1713	1166	1728	1353	1569	1353	1411	1497	1368	1598	1108	1324	1152	1728	1742	1670	1756	1627	1324	1065	1756	1281	1497	1526	1526	1296	
1224	0	417	489	936	1281	1195	1785	1728	2088	2088	2275	2491	2462	2764	2318	2548	2361	2894	2822	2649	2592	2318	1886	1540	1800	1238	1137	892	633	259	
1540	417	0	518	648	1022	1152	1656	1728	2088	2160	2390	2635	2664	2995	2606	2851	2692	3254	3211	3067	3009	2750	2318	1972	2203	1656	1512	1238	936	619	
1080	489	518	0	576	864	705	1296	1252	1612	1641	1872	2116	2131	2462	2088	2347	2217	2808	2808	2692	2707	2476	2073	1742	2145	1569	1555	1339	1123	748	
1584	936	648	576	0	360	691	1036	1224	1569	1728	2001	2289	2390	2764	2476	2764	2678	3297	3326	3240	3268	3052	2664	2318	2707	2131	2073	1828	1555	1195	
1713	1281	1022	864	360	0	604	720	1022	1339	1569	1857	2160	2304	2692	2476	2779	2736	3369	3441	3398	3456	3283	2894	2563	3009	2433	2404	2174	1915	1540	
1166	1195	1152	705	691	604	0	633	561	921	1036	1310	1598	1699	2088	1857	2160	2131	2764	2851	2836	2937	2793	2448	2131	2692	2131	2174	2016	1828	1454	
1728	1785	1656	1296	1036	720	633	0	504	691	1008	1310	1627	1843	2232	2160	2476	2505	3168	3297	3340	3470	3369	3052	2750	3326	2764	2808	2635	2433	2044	
1353	1728	1728	1252	1224	1022	561	504	0	360	547	835	1152	1353	1742	1656	1972	2016	2678	2822	2880	3038	2966	2678	2419	3038	2505	2620	2491	2332	1972	
1569	2088	2088	1612	1569	1339	921	691	360	0	374	633	950	1209	1598	1627	1944	2044	2678	2865	2980	3168	3139	2894	2635	3312	2793	2923	2822	2678	2318	
1353	2088	2160	1641	1728	1569	1036	1008	547	374	0	288	604	835	1224	1252	1569	1684	2304	2520	2635	2851	2851	2635	2404	3110	2620	2808	2736	2635	2289	
1411	2275	2390	1872	2001	1857	1310	1310	835	633	288	0	316	576	950	1065	1368	1512	2116	2347	2505	2750	2779	2606	2419	3153	2692	2894	2865	2793	2476	
1497	2491	2635	2116	2289	2160	1598	1627	1152	950	604	316	0	331	648	892	1166	1353	1915	2174	2376	2649	2721	2592	2448	3196	2779	3009	3009	2966	2664	
1368	2462	2664	2131	2390	2304	1699	1843	1353	1209	835	576	331	0	388	576	820	1036	1584	1843	2059	2332	2433	2332	2217	2966	2592	2851	2894	2880	2606	
1598	2764	2995	2462	2764	2692	2088	2232	1742	1598	1224	950	648	388	0	547	662	936	1353	1670	1929	2246	2404	2376	2318	3067	2750	3038	3110	3124	2894	
1108	2318	2606	2088	2476	2476	1857	2160	1656	1627	1252	1065	892	576	547	0	316	460	1051	1281	1483	1756	1872	1828	1756	2505	2188	2491	2577	2620	2419	
1324	2548	2851	2347	2764	2779	2160	2476	1972	1944	1569	1368	1166	820	662	316	0	288	748	1022	1267	1584	1756	1771	1771	2505	2260	2577	2707	2779	2606	
1152	2361	2692	2217	2678	2736	2131	2505	2016	2044	1684	1512	1353	1036	936	460	288	0	648	835	1022	1310	1454	1483	1483	2203	1987	2318	2462	2563	2419	
1728	2894	3254	2808	3297	3369	2764	3168	2678	2678	2304	2116	1915	1584	1353	1051	748	648	0	360	705	1080	1368	1569	1713	2332	2260	2620	2822	2980	2894	
1742	2822	3211	2808	3326	3441	2851	3297	2822	2865	2520	2347	2174	1843	1670	1281	1022	835	360	0	360	720	1051	1310	1512	2059	2059	2419	2649	2836	2793	
1670	2649	3067	2692	3240	3398	2836	3340	2880	2980	2635	2505	2376	2059	1929	1483	1267	1022	705	360	0	360	676	993	1224	1713	1771	2131	2376	2592	2592	
1756	2592	3009	2707	3268	3456	2937	3470	3038	3168	2851	2750	2649	2332	2246	1756	1584	1310	1080	720	360	0	374	763	1080	1425	1569	1915	2203	2448	2491	
1627	2318	2750	2476	3052	3283	2793	3369	2966	3139	2851	2779	2721	2433	2404	1872	1756	1454	1368	1051	676	374	0	432	777	1051	1224	1569	1857	2116	2203	
1324	1886	2318	2073	2664	2894	2448	3052	2678	2894	2635	2606	2592	2332	2376	1828	1771	1483	1569	1310	993	763	432	0	345	748	806	1152	1425	1670	1756	
1065	1540	1972	1742	2318	2563	2131	2750	2419	2635	2404	2419	2448	2217	2318	1756	1771	1483	1713	1512	1224	1080	777	345	0	748	547	907	1137	1368	1425	
1756	1800	2203	2145	2707	3009	2692	3326	3038	3312	3110	3153	3196	2966	3067	2505	2505	2203	2332	2059	1713	1425	1051	748	748	0	561	705	1036	1339	1584	
1281	1238	1656	1569	2131	2433	2131	2764	2505	2793	2620	2692	2779	2592	2750	2188	2260	1987	2260	2059	1771	1569	1224	806	547	561	0	360	619	892	1051	
1497	1137	1512	1555	2073	2404	2174	2808	2620	2923	2808	2894	3009	2851	3038	2491	2577	2318	2620	2419	2131	1915	1569	1152	907	705	360	0	316	633	892	
1526	892	1238	1339	1828	2174	2016	2635	2491	2822	2736	2865	3009	2894	3110	2577	2707	2462	2822	2649	2376	2203	1857	1425	1137	1036	619	316	0	302	633	
1526	633	936	1123	1555	1915	1828	2433	2332	2678	2635	2793	2966	2880	3124	2620	2779	2563	2980	2836	2592	2448	2116	1670	1368	1339	892	633	302	0	374	
1296	259	619	748	1195	1540	1454	2044	1972	2318	2289	2476	2664	2606	2894	2419	2606	2419	2894	2793	2592	2491	2203	1756	1425	1584	1051	892	633	374	0	
V3
0	1343	1690	1185	1738	1880	1279	1896	1485	1722	1485	1548	1643	1501	1753	1216	1453	1264	1896	1911	1832	1927	1785	1453	1169	1927	1406	1643	1674	1674	1422	
1343	0	458	537	1027	1406	1311	1959	1896	2291	2291	2496	2733	2701	3033	2543	2796	2591	3175	3096	2907	2844	2543	2069	1690	1975	1358	1248	979	695	284	
1690	458	0	568	711	1121	1264	1817	1896	2291	2370	2622	2891	2923	3286	2859	3128	2954	3570	3523	3365	3302	3017	2543	2164	2417	1817	1659	1358	1027	679	
1185	537	568	0	632	948	774	1422	1374	1769	1801	2054	2322	2338	2701	2291	2575	2433	3081	3081	2954	2970	2717	2275	1911	2354	1722	1706	1469	1232	821	
1738	1027	711	632	0	395	758	1137	1343	1722	1896	2196	2512	2622	3033	2717	3033	2938	3618	3649	3555	3586	3349	2923	2543	2970	2338	2275	2006	1706	1311	
1880	1406	1121	948	395	0	663	790	1121	1469	1722	2038	2370	2528	2954	2717	3049	3002	3697	3776	3728	3792	3602	3175	2812	3302	2670	2638	2385	2101	1690	
1279	1311	1264	774	758	663	0	695	616	1011	1137	1437	1753	1864	2291	2038	2370	2338	3033	3128	3112	3223	3065	2686	2338	2954	2338	2385	2212	2006	1595	
1896	1959	1817	1422	1137	790	695	0	553	758	1106	1437	1785	2022	2449	2370	2717	2749	3476	3618	3665	3807	3697	3349	3017	3649	3033	3081	2891	2670	2243	
1485	1896	1896	1374	1343	1121	616	553	0	395	600	916	1264	1485	1911	1817	2164	2212	2938	3096	3160	3333	3254	2938	2654	3333	2749	2875	2733	2559	2164	
1722	2291	2291	1769	1722	1469	1011	758	395	0	410	695	1042	1327	1753	1785	2133	2243	2938	3144	3270	3476	3444	3175	2891	3634	3065	3207	3096	2938	2543	
1485	2291	2370	1801	1896	1722	1137	1106	600	410	0	316	663	916	1343	1374	1722	1848	2528	2765	2891	3128	3128	2891	2638	3412	2875	3081	3002	2891	2512	
1548	2496	2622	2054	2196	2038	1437	1437	916	695	316	0	347	632	1042	1169	1501	1659	2322	2575	2749	3017	3049	2859	2654	3460	2954	3175	3144	3065	2717	
1643	2733	2891	2322	2512	2370	1753	1785	1264	1042	663	347	0	363	711	979	1279	1485	2101	2385	2607	2907	2986	2844	2686	3507	3049	3302	3302	3254	2923	
1501	2701	2923	2338	2622	2528	1864	2022	1485	1327	916	632	363	0	426	632	900	1137	1738	2022	2259	2559	2670	2559	2433	3254	2844	3128	3175	3160	2859	
1753	3033	3286	2701	3033	2954	2291	2449	1911	1753	1343	1042	711	426	0	600	726	1027	1485	1832	2117	2464	2638	2607	2543	3365	3017	3333	3412	3428	3175	
1216	2543	2859	2291	2717	2717	2038	2370	1817	1785	1374	1169	979	632	600	0	347	505	1153	1406	1627	1927	2054	2006	1927	2749	2401	2733	2828	2875	2654	
1453	2796	3128	2575	3033	3049	2370	2717	2164	2133	1722	1501	1279	900	726	347	0	316	821	1121	1390	1738	1927	1943	1943	2749	2480	2828	2970	3049	2859	
1264	2591	2954	2433	2938	3002	2338	2749	2212	2243	1848	1659	1485	1137	1027	505	316	0	711	916	1121	1437	1595	1627	1627	2417	2180	2543	2701	2812	2654	
1896	3175	3570	3081	3618	3697	3033	3476	2938	2938	2528	2322	2101	1738	1485	1153	821	711	0	395	774	1185	1501	1722	1880	2559	2480	2875	3096	3270	3175	
1911	3096	3523	3081	3649	3776	3128	3618	3096	3144	2765	2575	2385	2022	1832	1406	1121	916	395	0	395	790	1153	1437	1659	2259	2259	2654	2907	3112	3065	
1832	2907	3365	2954	3555	3728	3112	3665	3160	3270	2891	2749	2607	2259	2117	1627	1390	1121	774	395	0	395	742	1090	1343	1880	1943	2338	2607	2844	2844	
1927	2844	3302	2970	3586	3792	3223	3807	3333	3476	3128	3017	2907	2559	2464	1927	1738	1437	1185	790	395	0	410	837	1185	1564	1722	2101	2417	2686	2733	
1785	2543	3017	2717	3349	3602	3065	3697	3254	3444	3128	3049	2986	2670	2638	2054	1927	1595	1501	1153	742	410	0	474	853	1153	1343	1722	2038	2322	2417	
1453	2069	2543	2275	2923	3175	2686	3349	2938	3175	2891	2859	2844	2559	2607	2006	1943	1627	1722	1437	1090	837	474	0	379	821	884	1264	1564	1832	1927	
1169	1690	2164	1911	2543	2812	2338	3017	2654	2891	2638	2654	2686	2433	2543	1927	1943	1627	1880	1659	1343	1185	853	379	0	821	600	995	1248	1501	1564	
1927	1975	2417	2354	2970	3302	2954	3649	3333	3634	3412	3460	3507	3254	3365	2749	2749	2417	2559	2259	1880	1564	1153	821	821	0	616	774	1137	1469	1738	
1406	1358	1817	1722	2338	2670	2338	3033	2749	3065	2875	2954	3049	2844	3017	2401	2480	2180	2480	2259	1943	1722	1343	884	600	616	0	395	679	979	1153	
1643	1248	1659	1706	2275	2638	2385	3081	2875	3207	3081	3175	3302	3128	3333	2733	2828	2543	2875	2654	2338	2101	1722	1264	995	774	395	0	347	695	979	
1674	979	1358	1469	2006	2385	2212	2891	2733	3096	3002	3144	3302	3175	3412	2828	2970	2701	3096	2907	2607	2417	2038	1564	1248	1137	679	347	0	331	695	
1674	695	1027	1232	1706	2101	2006	2670	2559	2938	2891	3065	3254	3160	3428	2875	3049	2812	3270	3112	2844	2686	2322	1832	1501	1469	979	695	331	0	410	
1422	284	679	821	1311	1690	1595	2243	2164	2543	2512	2717	2923	2859	3175	2654	2859	2654	3175	3065	2844	2733	2417	1927	1564	1738	1153	979	695	410	0	
V4
0	1190	1498	1050	1540	1666	1134	1680	1316	1526	1316	1372	1456	1330	1554	1078	1288	1120	1680	1694	1624	1708	1582	1288	1036	1708	1246	1456	1484	1484	1260	
1190	0	406	476	910	1246	1162	1736	1680	2030	2030	2212	2422	2394	2688	2254	2478	2296	2814	2744	2576	2520	2254	1834	1498	1750	1204	1106	868	616	252	
1498	406	0	504	630	994	1120	1610	1680	2030	2100	2324	2562	2590	2912	2534	2772	2618	3164	3122	2982	2926	2674	2254	1918	2142	1610	1470	1204	910	602	
1050	476	504	0	560	840	686	1260	1218	1568	1596	1820	2058	2072	2394	2030	2282	2156	2730	2730	2618	2632	2408	2016	1694	2086	1526	1512	1302	1092	728	
1540	910	630	560	0	350	672	1008	1190	1526	1680	1946	2226	2324	2688	2408	2688	2604	3206	3234	3150	3178	2968	2590	2254	2632	2072	2016	1778	1512	1162	
1666	1246	994	840	350	0	588	700	994	1302	1526	1806	2100	2240	2618	2408	2702	2660	3276	3346	3304	3360	3192	2814	2492	2926	2366	2338	2114	1862	1498	
1134	1162	1120	686	672	588	0	616	546	896	1008	1274	1554	1652	2030	1806	2100	2072	2688	2772	2758	2856	2716	2380	2072	2618	2072	2114	1960	1778	1414	
1680	1736	1610	1260	1008	700	616	0	490	672	980	1274	1582	1792	2170	2100	2408	2436	3080	3206	3248	3374	3276	2968	2674	3234	2688	2730	2562	2366	1988	
1316	1680	1680	1218	1190	994	546	490	0	350	532	812	1120	1316	1694	1610	1918	1960	2604	2744	2800	2954	2884	2604	2352	2954	2436	2548	2422	2268	1918	
1526	2030	2030	1568	1526	1302	896	672	350	0	364	616	924	1176	1554	1582	1890	1988	2604	2786	2898	3080	3052	2814	2562	3220	2716	2842	2744	2604	2254	
1316	2030	2100	1596	1680	1526	1008	980	532	364	0	280	588	812	1190	1218	1526	1638	2240	2450	2562	2772	2772	2562	2338	3024	2548	2730	2660	2562	2226	
1372	2212	2324	1820	1946	1806	1274	1274	812	616	280	0	308	560	924	1036	1330	1470	2058	2282	2436	2674	2702	2534	2352	3066	2618	2814	2786	2716	2408	
1456	2422	2562	2058	2226	2100	1554	1582	1120	924	588	308	0	322	630	868	1134	1316	1862	2114	2310	2576	2646	2520	2380	3108	2702	2926	2926	2884	2590	
1330	2394	2590	2072	2324	2240	1652	1792	1316	1176	812	560	322	0	378	560	798	1008	1540	1792	2002	2268	2366	2268	2156	2884	2520	2772	2814	2800	2534	
1554	2688	2912	2394	2688	2618	2030	2170	1694	1554	1190	924	630	378	0	532	644	910	1316	1624	1876	2184	2338	2310	2254	2982	2674	2954	3024	3038	2814	
1078	2254	2534	2030	2408	2408	1806	2100	1610	1582	1218	1036	868	560	532	0	308	448	1022	1246	1442	1708	1820	1778	1708	2436	2128	2422	2506	2548	2352	
1288	2478	2772	2282	2688	2702	2100	2408	1918	1890	1526	1330	1134	798	644	308	0	280	728	994	1232	1540	1708	1722	1722	2436	2198	2506	2632	2702	2534	
1120	2296	2618	2156	2604	2660	2072	2436	1960	1988	1638	1470	1316	1008	910	448	280	0	630	812	994	1274	1414	1442	1442	2142	1932	2254	2394	2492	2352	
1680	2814	3164	2730	3206	3276	2688	3080	2604	2604	2240	2058	1862	1540	1316	1022	728	630	0	350	686	1050	1330	1526	1666	2268	2198	2548	2744	2898	2814	
1694	2744	3122	2730	3234	3346	2772	3206	2744	2786	2450	2282	2114	1792	1624	1246	994	812	350	0	350	700	1022	1274	1470	2002	2002	2352	2576	2758	2716	
1624	2576	2982	2618	3150	3304	2758	3248	2800	2898	2562	2436	2310	2002	1876	1442	1232	994	686	350	0	350	658	966	1190	1666	1722	2072	2310	2520	2520	
1708	2520	2926	2632	3178	3360	2856	3374	2954	3080	2772	2674	2576	2268	2184	1708	1540	1274	1050	700	350	0	364	742	1050	1386	1526	1862	2142	2380	2422	
1582	2254	2674	2408	2968	3192	2716	3276	2884	3052	2772	2702	2646	2366	2338	1820	1708	1414	1330	1022	658	364	0	420	756	1022	1190	1526	1806	2058	2142	
1288	1834	2254	2016	2590	2814	2380	2968	2604	2814	2562	2534	2520	2268	2310	1778	1722	1442	1526	1274	966	742	420	0	336	728	784	1120	1386	1624	1708	
1036	1498	1918	1694	2254	2492	2072	2674	2352	2562	2338	2352	2380	2156	2254	1708	1722	1442	1666	1470	1190	1050	756	336	0	728	532	882	1106	1330	1386	
1708	1750	2142	2086	2632	2926	2618	3234	2954	3220	3024	3066	3108	2884	2982	2436	2436	2142	2268	2002	1666	1386	1022	728	728	0	546	686	1008	1302	1540	
1246	1204	1610	1526	2072	2366	2072	2688	2436	2716	2548	2618	2702	2520	2674	2128	2198	1932	2198	2002	1722	1526	1190	784	532	546	0	350	602	868	1022	
1456	1106	1470	1512	2016	2338	2114	2730	2548	2842	2730	2814	2926	2772	2954	2422	2506	2254	2548	2352	2072	1862	1526	1120	882	686	350	0	308	616	868	
1484	868	1204	1302	1778	2114	1960	2562	2422	2744	2660	2786	2926	2814	3024	2506	2632	2394	2744	2576	2310	2142	1806	1386	1106	1008	602	308	0	294	616	
1484	616	910	1092	1512	1862	1778	2366	2268	2604	2562	2716	2884	2800	3038	2548	2702	2492	2898	2758	2520	2380	2058	1624	1330	1302	868	616	294	0	364	
1260	252	602	728	1162	1498	1414	1988	1918	2254	2226	2408	2590	2534	2814	2352	2534	2352	2814	2716	2520	2422	2142	1708	1386	1540	1022	868	616	364	0	
V5
0	1734	2182	1530	2244	2427	1652	2448	1917	2223	1917	1999	2121	1938	2264	1570	1876	1632	2448	2468	2366	2488	2305	1876	1509	2488	1815	2121	2162	2162	1836	
1734	0	591	693	1326	1815	1693	2529	2448	2958	2958	3223	3529	3488	3916	3284	3610	3345	4100	3998	3753	3672	3284	2672	2182	2550	1754	1611	1264	897	367	
2182	591	0	734	918	1448	1632	2346	2448	2958	3060	3386	3733	3774	4243	3692	4039	3814	4610	4549	4345	4263	3896	3284	2794	3121	2346	2142	1754	1326	877	
1530	693	734	0	816	1224	999	1836	1774	2284	2325	2652	2998	3019	3488	2958	3325	3141	3978	3978	3814	3835	3508	2937	2468	3039	2223	2203	1897	1591	1060	
2244	1326	918	816	0	510	979	1468	1734	2223	2448	2835	3243	3386	3916	3508	3916	3794	4671	4712	4590	4630	4324	3774	3284	3835	3019	2937	2590	2203	1693	
2427	1815	1448	1224	510	0	856	1020	1448	1897	2223	2631	3060	3264	3814	3508	3937	3876	4773	4875	4814	4896	4651	4100	3631	4263	3447	3406	3080	2713	2182	
1652	1693	1632	999	979	856	0	897	795	1305	1468	1856	2264	2407	2958	2631	3060	3019	3916	4039	4018	4161	3957	3468	3019	3814	3019	3080	2856	2590	2060	
2448	2529	2346	1836	1468	1020	897	0	714	979	1428	1856	2305	2611	3162	3060	3508	3549	4488	4671	4732	4916	4773	4324	3896	4712	3916	3978	3733	3447	2896	
1917	2448	2448	1774	1734	1448	795	714	0	510	775	1183	1632	1917	2468	2346	2794	2856	3794	3998	4080	4304	4202	3794	3427	4304	3549	3712	3529	3304	2794	
2223	2958	2958	2284	2223	1897	1305	979	510	0	530	897	1346	1713	2264	2305	2754	2896	3794	4059	4222	4488	4447	4100	3733	4692	3957	4141	3998	3794	3284	
1917	2958	3060	2325	2448	2223	1468	1428	775	530	0	408	856	1183	1734	1774	2223	2386	3264	3570	3733	4039	4039	3733	3406	4406	3712	3978	3876	3733	3243	
1999	3223	3386	2652	2835	2631	1856	1856	1183	897	408	0	448	816	1346	1509	1938	2142	2998	3325	3549	3896	3937	3692	3427	4467	3814	4100	4059	3957	3508	
2121	3529	3733	2998	3243	3060	2264	2305	1632	1346	856	448	0	469	918	1264	1652	1917	2713	3080	3366	3753	3855	3672	3468	4528	3937	4263	4263	4202	3774	
1938	3488	3774	3019	3386	3264	2407	2611	1917	1713	1183	816	469	0	550	816	1162	1468	2244	2611	2917	3304	3447	3304	3141	4202	3672	4039	4100	4080	3692	
2264	3916	4243	3488	3916	3814	2958	3162	2468	2264	1734	1346	918	550	0	775	938	1326	1917	2366	2733	3182	3406	3366	3284	4345	3896	4304	4406	4426	4100	
1570	3284	3692	2958	3508	3508	2631	3060	2346	2305	1774	1509	1264	816	775	0	448	652	1489	1815	2101	2488	2652	2590	2488	3549	3100	3529	3651	3712	3427	
1876	3610	4039	3325	3916	3937	3060	3508	2794	2754	2223	1938	1652	1162	938	448	0	408	1060	1448	1795	2244	2488	2509	2509	3549	3202	3651	3835	3937	3692	
1632	3345	3814	3141	3794	3876	3019	3549	2856	2896	2386	2142	1917	1468	1326	652	408	0	918	1183	1448	1856	2060	2101	2101	3121	2815	3284	3488	3631	3427	
2448	4100	4610	3978	4671	4773	3916	4488	3794	3794	3264	2998	2713	2244	1917	1489	1060	918	0	510	999	1530	1938	2223	2427	3304	3202	3712	3998	4222	4100	
2468	3998	4549	3978	4712	4875	4039	4671	3998	4059	3570	3325	3080	2611	2366	1815	1448	1183	510	0	510	1020	1489	1856	2142	2917	2917	3427	3753	4018	3957	
2366	3753	4345	3814	4590	4814	4018	4732	4080	4222	3733	3549	3366	2917	2733	2101	1795	1448	999	510	0	510	958	1407	1734	2427	2509	3019	3366	3672	3672	
2488	3672	4263	3835	4630	4896	4161	4916	4304	4488	4039	3896	3753	3304	3182	2488	2244	1856	1530	1020	510	0	530	1081	1530	2019	2223	2713	3121	3468	3529	
2305	3284	3896	3508	4324	4651	3957	4773	4202	4447	4039	3937	3855	3447	3406	2652	2488	2060	1938	1489	958	530	0	612	1101	1489	1734	2223	2631	2998	3121	
1876	2672	3284	2937	3774	4100	3468	4324	3794	4100	3733	3692	3672	3304	3366	2590	2509	2101	2223	1856	1407	1081	612	0	489	1060	1142	1632	2019	2366	2488	
1509	2182	2794	2468	3284	3631	3019	3896	3427	3733	3406	3427	3468	3141	3284	2488	2509	2101	2427	2142	1734	1530	1101	489	0	1060	775	1285	1611	1938	2019	
2488	2550	3121	3039	3835	4263	3814	4712	4304	4692	4406	4467	4528	4202	4345	3549	3549	3121	3304	2917	2427	2019	1489	1060	1060	0	795	999	1468	1897	2244	
1815	1754	2346	2223	3019	3447	3019	3916	3549	3957	3712	3814	3937	3672	3896	3100	3202	2815	3202	2917	2509	2223	1734	1142	775	795	0	510	877	1264	1489	
2121	1611	2142	2203	2937	3406	3080	3978	3712	4141	3978	4100	4263	4039	4304	3529	3651	3284	3712	3427	3019	2713	2223	1632	1285	999	510	0	448	897	1264	
2162	1264	1754	1897	2590	3080	2856	3733	3529	3998	3876	4059	4263	4100	4406	3651	3835	3488	3998	3753	3366	3121	2631	2019	1611	1468	877	448	0	428	897	
2162	897	1326	1591	2203	2713	2590	3447	3304	3794	3733	3957	4202	4080	4426	3712	3937	3631	4222	4018	3672	3468	2998	2366	1938	1897	1264	897	428	0	530	
1836	367	877	1060	1693	2182	2060	2896	2794	3284	3243	3508	3774	3692	4100	3427	3692	3427	4100	3957	3672	3529	3121	2488	2019	2244	1489	1264	897	530	0	
V6
0	2006	2525	1770	2596	2808	1911	2832	2218	2572	2218	2312	2454	2242	2619	1817	2171	1888	2832	2855	2737	2879	2666	2171	1746	2879	2100	2454	2501	2501	2124	
2006	0	684	802	1534	2100	1958	2926	2832	3422	3422	3728	4082	4035	4531	3799	4177	3870	4743	4625	4342	4248	3799	3091	2525	2950	2029	1864	1463	1038	424	
2525	684	0	849	1062	1675	1888	2714	2832	3422	3540	3917	4318	4366	4908	4271	4672	4413	5333	5262	5026	4932	4507	3799	3233	3610	2714	2478	2029	1534	1014	
1770	802	849	0	944	1416	1156	2124	2053	2643	2690	3068	3469	3492	4035	3422	3846	3634	4602	4602	4413	4436	4059	3398	2855	3516	2572	2548	2194	1840	1227	
2596	1534	1062	944	0	590	1132	1699	2006	2572	2832	3280	3752	3917	4531	4059	4531	4389	5404	5451	5310	5357	5003	4366	3799	4436	3492	3398	2997	2548	1958	
2808	2100	1675	1416	590	0	991	1180	1675	2194	2572	3044	3540	3776	4413	4059	4554	4484	5522	5640	5569	5664	5380	4743	4200	4932	3988	3941	3563	3138	2525	
1911	1958	1888	1156	1132	991	0	1038	920	1510	1699	2147	2619	2784	3422	3044	3540	3492	4531	4672	4649	4814	4578	4012	3492	4413	3492	3563	3304	2997	2383	
2832	2926	2714	2124	1699	1180	1038	0	826	1132	1652	2147	2666	3020	3658	3540	4059	4106	5192	5404	5475	5687	5522	5003	4507	5451	4531	4602	4318	3988	3351	
2218	2832	2832	2053	2006	1675	920	826	0	590	896	1368	1888	2218	2855	2714	3233	3304	4389	4625	4720	4979	4861	4389	3964	4979	4106	4295	4082	3823	3233	
2572	3422	3422	2643	2572	2194	1510	1132	590	0	613	1038	1557	1982	2619	2666	3186	3351	4389	4696	4885	5192	5144	4743	4318	5428	4578	4790	4625	4389	3799	
2218	3422	3540	2690	2832	2572	1699	1652	896	613	0	472	991	1368	2006	2053	2572	2761	3776	4130	4318	4672	4672	4318	3941	5097	4295	4602	4484	4318	3752	
2312	3728	3917	3068	3280	3044	2147	2147	1368	1038	472	0	519	944	1557	1746	2242	2478	3469	3846	4106	4507	4554	4271	3964	5168	4413	4743	4696	4578	4059	
2454	4082	4318	3469	3752	3540	2619	2666	1888	1557	991	519	0	542	1062	1463	1911	2218	3138	3563	3894	4342	4460	4248	4012	5239	4554	4932	4932	4861	4366	
2242	4035	4366	3492	3917	3776	2784	3020	2218	1982	1368	944	542	0	637	944	1345	1699	2596	3020	3374	3823	3988	3823	3634	4861	4248	4672	4743	4720	4271	
