M: 2
N: 30
Nun_Veiculos: 11
Capacidade_Total: 975
Demanda_Total: 621
Setup_Min: 1
Setup_Max: 9
Raio: 100
Circulos: 1
Tempo_Processamento_Min: 1
Tempo_Processamento_Max: 49
Demanda_Min: 10
Demanda_Max: 30
Priority_Factor: 0.2
Range_Factor_R: 0.8
U_factor: 2
ALpha: 0.2Replicao: 0
Tempos_Processamentos
0	0	1	0	
0	9	1	31	
0	25	1	4	
0	40	1	11	
0	6	1	39	
0	7	1	39	
0	8	1	1	
0	25	1	31	
0	28	1	10	
0	32	1	30	
0	38	1	4	
0	27	1	11	
0	21	1	31	
0	21	1	47	
0	45	1	36	
0	17	1	26	
0	15	1	15	
0	37	1	36	
0	39	1	48	
0	41	1	17	
0	44	1	4	
0	3	1	11	
0	26	1	1	
0	48	1	23	
0	44	1	37	
0	20	1	28	
0	19	1	39	
0	33	1	30	
0	28	1	17	
0	1	1	20	
0	9	1	45	

Tempos_setup
M0
0	0	0	0	0	0	0	0	0	0	0	0	0	0	0	0	0	0	0	0	0	0	0	0	0	0	0	0	0	0	0	
0	0	2	2	3	2	2	1	3	1	3	2	1	3	4	3	1	4	3	3	2	1	3	4	4	3	2	3	3	2	2	
0	3	0	3	2	3	2	3	3	4	1	2	3	3	2	2	3	3	2	1	2	1	4	3	3	2	2	1	4	2	2	
0	3	2	0	2	2	3	2	3	3	3	2	4	2	3	3	1	4	3	2	3	1	4	4	3	3	3	3	3	3	3	
0	4	1	2	0	3	3	3	3	3	2	2	3	2	1	3	2	3	3	2	3	2	3	4	1	2	2	1	3	2	2	
0	3	3	3	3	0	3	2	3	3	3	2	4	2	3	1	1	2	3	3	4	4	4	3	3	2	1	3	2	3	2	
0	5	3	2	3	3	0	2	4	3	4	3	5	3	3	2	3	3	2	3	3	3	3	3	4	1	1	4	4	3	3	
0	3	1	3	3	3	2	0	2	3	2	1	4	2	3	2	3	3	3	2	3	2	3	3	3	3	2	2	3	1	1	
0	3	3	2	2	3	1	3	0	4	3	3	4	3	1	3	2	3	3	4	4	3	3	1	2	2	2	3	2	2	4	
0	3	3	3	4	4	4	2	4	0	4	3	2	3	3	4	3	5	5	4	1	3	4	3	5	3	3	2	4	3	3	
0	3	3	3	3	2	1	3	2	3	0	2	4	2	2	1	2	2	1	4	1	4	3	2	3	2	2	4	3	3	3	
0	4	2	2	3	3	1	1	1	4	3	0	4	3	2	3	3	3	3	3	4	3	2	2	2	2	2	3	3	2	2	
0	4	2	1	3	3	3	1	3	1	3	2	0	3	3	2	2	3	3	2	2	1	2	4	4	3	2	2	4	2	1	
0	2	1	2	2	3	2	2	3	1	2	2	3	0	3	2	3	2	3	2	2	2	2	3	2	1	2	2	1	3	3	
0	3	3	3	3	2	2	2	3	3	2	3	4	2	0	2	1	2	3	3	3	4	2	4	3	3	2	3	3	1	3	
0	3	2	3	3	1	2	2	2	2	3	1	4	1	2	0	1	1	3	3	3	3	3	3	2	2	1	3	2	3	3	
0	2	2	4	4	1	3	1	3	2	2	2	3	3	3	2	0	3	2	3	3	3	4	3	4	3	2	3	3	2	2	
0	4	3	2	2	1	1	3	3	1	4	2	3	3	3	2	2	0	2	4	2	3	4	2	1	2	1	3	3	4	3	
0	4	2	3	2	3	1	3	2	2	3	3	4	3	1	3	2	3	0	3	3	3	3	1	3	2	2	3	2	2	4	
0	2	3	4	2	2	3	2	4	3	2	3	3	4	3	3	2	4	3	0	3	3	4	4	3	3	2	3	4	3	3	
0	2	3	2	3	4	4	3	4	2	4	3	3	3	2	3	3	4	4	3	0	3	4	2	4	4	3	3	3	2	2	
0	4	1	3	3	3	2	2	2	3	2	1	4	2	3	3	2	4	2	2	2	0	3	3	3	2	3	2	3	3	3	
0	5	2	3	1	2	2	4	2	2	3	3	4	3	2	3	3	1	3	3	3	3	0	3	2	3	2	2	2	3	3	
0	4	2	3	1	3	3	3	3	3	3	2	3	3	2	2	3	3	4	3	3	3	4	0	2	3	3	2	1	3	3	
0	4	3	1	3	3	2	2	2	3	3	1	5	2	2	2	2	3	4	3	4	2	3	3	0	2	1	4	3	3	3	
0	4	2	1	3	2	3	3	3	3	3	2	4	2	3	1	2	2	3	2	2	2	4	4	3	0	1	3	3	4	4	
0	4	3	2	2	2	3	3	3	3	4	2	5	2	3	1	2	2	3	3	3	3	4	4	3	1	0	3	3	4	4	
0	4	3	2	3	3	3	3	4	3	3	3	2	3	1	2	2	3	4	2	3	2	3	3	3	1	1	0	4	2	1	
0	4	2	2	1	2	2	2	2	2	3	1	2	2	2	1	2	2	4	2	3	3	3	2	1	3	2	2	0	3	3	
0	2	2	2	3	2	3	3	3	3	3	2	3	2	3	1	2	2	4	3	4	3	3	4	2	2	1	3	3	0	4	
0	3	4	3	3	2	4	3	4	4	3	3	3	3	2	2	2	3	4	1	4	3	4	4	4	2	1	1	3	2	0	
M1
0	0	0	0	0	0	0	0	0	0	0	0	0	0	0	0	0	0	0	0	0	0	0	0	0	0	0	0	0	0	0	
0	0	4	2	2	3	2	3	2	2	2	1	4	3	3	3	2	2	2	1	3	2	3	3	2	3	3	3	2	3	3	
0	3	0	3	3	3	4	1	2	3	3	4	3	3	3	2	2	3	4	4	4	3	4	3	3	4	5	3	2	2	3	
0	2	5	0	3	3	3	3	4	3	2	3	3	2	2	4	4	2	1	1	3	3	2	5	3	3	3	2	4	3	3	
0	2	2	2	0	3	2	3	2	3	1	3	2	2	2	2	1	2	2	2	1	3	3	2	3	3	4	2	1	2	3	
0	3	3	2	4	0	4	2	3	3	3	4	3	3	4	2	3	3	3	3	5	4	3	3	2	3	3	3	3	1	2	
0	3	3	3	1	2	0	3	2	3	2	1	3	1	1	2	2	3	2	3	2	4	2	3	3	3	2	2	2	2	1	
0	2	3	2	2	2	3	0	1	3	3	3	3	2	2	2	1	2	3	3	3	2	3	2	2	3	4	2	1	1	2	
0	1	3	3	1	3	2	1	0	3	2	2	2	3	3	2	2	3	3	2	2	3	3	3	3	2	4	3	2	2	3	
0	3	2	3	3	1	2	3	3	0	2	3	2	2	2	1	4	3	3	3	3	2	1	2	2	3	4	3	3	2	3	
0	1	4	3	2	3	1	3	2	3	0	2	3	2	1	3	3	3	1	2	2	3	2	4	3	2	3	2	3	3	2	
0	2	3	4	2	3	3	2	1	2	3	0	3	2	2	2	1	2	3	3	3	3	3	2	3	3	4	3	3	3	4	
0	2	2	3	3	2	2	3	3	3	1	3	0	2	2	3	4	1	2	3	3	3	1	2	1	2	3	1	2	2	3	
0	3	3	2	1	1	2	2	3	3	2	2	2	0	3	2	2	3	3	3	2	3	1	3	2	3	3	3	2	1	2	
0	2	3	3	2	3	3	3	2	3	3	3	3	2	0	2	3	3	1	2	1	3	2	3	3	2	4	1	2	3	4	
0	2	1	2	3	2	2	2	3	1	1	2	1	3	2	0	3	2	2	3	3	3	2	3	1	2	4	2	2	2	3	
0	2	4	3	3	2	4	3	3	4	4	3	3	2	4	3	0	1	4	3	4	2	3	1	3	4	3	4	3	3	3	
0	2	3	4	3	4	3	2	2	3	3	3	3	4	3	2	3	0	4	3	4	4	4	4	3	3	2	3	2	3	4	
0	3	4	3	2	2	3	3	3	2	3	3	3	1	4	3	3	4	0	4	3	4	2	4	3	2	4	1	3	2	3	
0	1	4	3	2	3	2	3	3	3	1	2	4	2	2	3	3	1	1	0	3	2	3	4	3	3	2	2	3	3	2	
0	2	2	3	2	2	3	2	1	2	2	3	2	1	3	1	3	2	2	1	0	2	2	2	2	3	3	2	1	2	3	
0	3	3	2	3	2	3	2	3	3	3	4	3	2	4	2	2	3	3	2	4	0	3	3	2	3	2	2	2	1	1	
0	3	3	2	2	1	1	3	2	2	2	2	1	1	2	2	3	2	3	3	3	2	0	3	1	2	3	2	2	2	2	
0	2	4	2	2	2	3	3	3	4	3	3	3	1	4	3	2	3	3	3	3	1	2	0	2	3	2	3	3	2	2	
0	3	4	2	3	3	4	3	4	2	4	4	4	3	4	3	3	4	2	3	3	4	3	4	0	1	4	2	1	2	3	
0	3	3	1	3	2	3	2	3	1	3	3	3	2	3	2	3	3	1	2	2	3	2	3	2	0	3	2	3	1	2	
0	3	4	2	2	3	1	3	2	2	3	2	2	2	2	3	2	3	2	3	3	4	3	3	3	1	0	3	3	2	2	
0	3	3	2	3	3	4	2	2	2	4	4	4	3	4	3	3	4	2	3	3	4	3	4	3	1	4	0	2	2	3	
0	2	3	2	3	2	4	2	3	3	3	3	3	3	3	2	3	3	2	3	4	4	4	3	2	2	4	1	0	1	2	
0	3	2	1	3	1	3	1	2	2	2	3	2	2	3	1	2	2	2	2	4	3	3	2	1	2	3	2	2	0	1	
0	3	4	3	2	1	3	3	2	3	3	3	2	1	4	3	3	2	3	4	3	3	2	4	3	2	2	1	3	2	0	
Tamanho_Tarefas
0	18	11	14	22	22	3	25	16	31	21	13	25	30	38	17	15	36	42	29	7	6	1	24	38	24	25	30	17	2	19	
Data_Entrega
0	371	343	325	274	374	252	414	402	311	337	353	365	346	389	398	343	424	271	307	353	272	249	438	301	403	388	425	431	443	289	
Penalidade_Atraso
0	5	3	8	14	12	7	10	1	16	4	8	19	18	16	19	20	5	12	1	14	17	7	4	17	3	15	16	10	7	11	
Capacidade_Veiculo
77	77	104	89	54	124	105	100	88	52	105	
Custo_Fixo_Veiculo
770	770	1040	890	540	1240	1050	1000	880	520	1050	
Coordenadas_Clientes
x	0	y	0
x	124	y	0
x	95	y	20
x	87	y	39
x	70	y	51
x	56	y	63
x	60	y	105
x	35	y	108
x	11	y	109
x	-8	y	79
x	-28	y	87
x	-47	y	82
x	-76	y	84
x	-76	y	55
x	-72	y	32
x	-111	y	23
x	-114	y	0
x	-86	y	-18
x	-89	y	-39
x	-64	y	-47
x	-71	y	-79
x	-51	y	-90
x	-30	y	-93
x	-8	y	-76
x	12	y	-114
x	33	y	-103
x	59	y	-102
x	72	y	-80
x	90	y	-65
x	113	y	-50
x	118	y	-25
Tempo_Viagem
0	124	97	95	86	84	120	113	109	79	91	94	113	93	78	113	114	87	97	79	106	103	97	76	114	108	117	107	111	123	120	
124	0	35	53	73	91	122	139	155	153	174	189	216	207	198	236	238	210	216	193	210	196	179	152	159	137	120	95	73	50	25	
97	35	0	20	39	57	91	105	121	118	139	154	182	174	167	206	209	184	193	172	193	182	167	140	157	137	127	102	85	72	50	
95	53	20	0	20	38	71	86	102	102	123	140	169	163	159	198	204	182	192	173	197	188	176	149	170	151	143	119	104	92	70	
86	73	39	20	0	18	54	66	82	82	103	121	149	146	143	183	190	170	182	165	191	185	175	149	174	158	153	131	117	109	89	
84	91	57	38	18	0	42	49	64	65	86	104	133	132	131	171	181	163	177	162	190	186	178	153	182	167	165	143	132	126	107	
120	122	91	71	54	42	0	25	49	72	89	108	137	144	150	189	202	190	207	196	225	223	217	193	224	209	207	185	171	163	141	
113	139	105	86	66	49	25	0	24	51	66	85	113	123	130	168	182	174	192	183	214	215	210	188	223	211	211	191	181	175	155	
109	155	121	102	82	64	49	24	0	35	44	63	90	101	113	148	165	159	178	172	204	208	206	185	223	213	216	198	191	188	171	
79	153	118	102	82	65	72	51	35	0	21	39	68	72	79	117	131	124	143	137	169	174	173	155	193	186	193	177	174	176	163	
91	174	139	123	103	86	89	66	44	21	0	19	48	57	70	104	122	119	139	138	170	178	180	164	204	199	208	194	192	196	184	
94	189	154	140	121	104	108	85	63	39	19	0	29	39	55	86	105	106	127	130	162	172	175	162	204	201	211	201	200	207	196	
113	216	182	169	149	133	137	113	90	68	48	29	0	29	52	70	92	102	123	131	163	175	182	173	215	216	229	220	223	231	222	
93	207	174	163	146	132	144	123	101	72	57	39	29	0	23	47	66	73	94	102	134	146	154	147	189	191	207	200	204	216	209	
78	198	167	159	143	131	150	130	113	79	70	55	52	23	0	40	52	51	72	79	111	123	131	125	167	171	187	182	188	201	198	
113	236	206	198	183	171	189	168	148	117	104	86	70	47	40	0	23	48	65	84	108	127	141	142	184	191	211	209	219	235	233	
114	238	209	204	190	181	202	182	165	131	122	105	92	66	52	23	0	33	46	68	89	109	125	130	169	179	200	202	214	232	233	
87	210	184	182	170	163	190	174	159	124	119	106	102	73	51	48	33	0	21	36	62	80	93	97	137	146	167	169	182	201	204	
97	216	193	192	182	177	207	192	178	143	139	127	123	94	72	65	46	21	0	26	43	63	79	89	125	137	160	165	180	202	207	
79	193	172	173	165	162	196	183	172	137	138	130	131	102	79	84	68	36	26	0	32	44	57	63	101	112	134	139	155	177	183	
106	210	193	197	191	190	225	214	204	169	170	162	163	134	111	108	89	62	43	32	0	22	43	63	89	106	132	143	161	186	196	
103	196	182	188	185	186	223	215	208	174	178	172	175	146	123	127	109	80	63	44	22	0	21	45	67	84	110	123	143	168	180	
97	179	167	176	175	178	217	210	206	173	180	175	182	154	131	141	125	93	79	57	43	21	0	27	46	63	89	102	123	149	162	
76	152	140	149	149	153	193	188	185	155	164	162	173	147	125	142	130	97	89	63	63	45	27	0	42	49	71	80	98	123	135	
114	159	157	170	174	182	224	223	223	193	204	204	215	189	167	184	169	137	125	101	89	67	46	42	0	23	48	68	91	118	138	
108	137	137	151	158	167	209	211	213	186	199	201	216	191	171	191	179	146	137	112	106	84	63	49	23	0	26	45	68	95	115	
117	120	127	143	153	165	207	211	216	193	208	211	229	207	187	211	200	167	160	134	132	110	89	71	48	26	0	25	48	74	96	
107	95	102	119	131	143	185	191	198	177	194	201	220	200	182	209	202	169	165	139	143	123	102	80	68	45	25	0	23	50	71	
111	73	85	104	117	132	171	181	191	174	192	200	223	204	188	219	214	182	180	155	161	143	123	98	91	68	48	23	0	27	48	
123	50	72	92	109	126	163	175	188	176	196	207	231	216	201	235	232	201	202	177	186	168	149	123	118	95	74	50	27	0	25	
120	25	50	70	89	107	141	155	171	163	184	196	222	209	198	233	233	204	207	183	196	180	162	135	138	115	96	71	48	25	0	
Custo_Viagem
V0
0	1909	1493	1463	1324	1293	1848	1740	1678	1216	1401	1447	1740	1432	1201	1740	1755	1339	1493	1216	1632	1586	1493	1170	1755	1663	1801	1647	1709	1894	1848	
1909	0	539	816	1139	1416	1878	2140	2417	2356	2695	2910	3326	3187	3049	3634	3665	3234	3326	2972	3234	3018	2756	2340	2448	2109	1848	1463	1124	785	385	
1493	539	0	308	600	893	1401	1632	1878	1817	2156	2371	2802	2679	2571	3172	3218	2833	2972	2648	2972	2802	2587	2156	2417	2109	1955	1570	1309	1108	770	
1463	816	308	0	308	600	1093	1324	1586	1586	1909	2156	2602	2510	2448	3049	3141	2802	2956	2664	3033	2895	2710	2294	2618	2325	2202	1832	1601	1416	1093	
1324	1139	600	308	0	277	831	1016	1262	1262	1601	1863	2294	2248	2202	2818	2926	2618	2802	2556	2941	2849	2695	2294	2679	2433	2356	2017	1801	1678	1370	
1293	1416	893	600	277	0	646	754	985	1001	1339	1601	2048	2032	2017	2633	2787	2510	2725	2494	2926	2864	2741	2356	2802	2571	2541	2202	2032	1940	1647	
1848	1878	1401	1093	831	646	0	385	754	1108	1370	1678	2109	2217	2310	2910	3126	2926	3187	3018	3465	3449	3341	2972	3449	3218	3187	2849	2648	2510	2186	
1740	2140	1632	1324	1016	754	385	0	369	785	1016	1324	1740	1894	2017	2587	2833	2679	2956	2818	3295	3311	3249	2895	3434	3249	3249	2941	2787	2710	2402	
1678	2417	1878	1586	1262	985	754	369	0	539	677	970	1386	1570	1740	2294	2541	2448	2741	2664	3157	3203	3172	2849	3434	3280	3326	3049	2941	2895	2633	
1216	2356	1817	1586	1262	1001	1108	785	539	0	323	600	1047	1108	1216	1801	2032	1909	2202	2109	2618	2679	2664	2387	2987	2864	2972	2725	2679	2710	2510	
1401	2695	2156	1909	1601	1339	1370	1016	677	323	0	292	739	877	1078	1601	1878	1832	2140	2125	2633	2741	2772	2525	3141	3064	3203	2987	2956	3018	2833	
1447	2910	2371	2156	1863	1601	1678	1324	970	600	292	0	446	600	847	1339	1617	1647	1971	2002	2494	2648	2695	2494	3141	3095	3264	3095	3080	3187	3018	
1740	3326	2802	2602	2294	2048	2109	1740	1386	1047	739	446	0	446	800	1078	1416	1570	1894	2017	2510	2695	2802	2664	3326	3326	3526	3388	3434	3557	3418	
1432	3187	2679	2510	2248	2032	2217	1894	1570	1108	877	600	446	0	354	723	1016	1124	1447	1570	2063	2263	2371	2263	2926	2941	3187	3080	3141	3326	3218	
1201	3049	2571	2448	2202	2017	2310	2017	1740	1216	1078	847	800	354	0	616	800	785	1124	1216	1709	1894	2017	1925	2587	2633	2879	2802	2895	3110	3049	
1740	3634	3172	3049	2818	2633	2910	2587	2294	1801	1601	1339	1078	723	616	0	354	739	1001	1293	1678	1955	2171	2186	2833	2941	3249	3218	3372	3619	3588	
1755	3665	3218	3141	2926	2787	3126	2833	2541	2032	1878	1617	1416	1016	800	354	0	508	708	1047	1370	1678	1925	2002	2602	2756	3080	3110	3295	3572	3588	
1339	3234	2833	2802	2618	2510	2926	2679	2448	1909	1832	1647	1570	1124	785	739	508	0	323	554	954	1232	1432	1493	2109	2248	2571	2602	2802	3095	3141	
1493	3326	2972	2956	2802	2725	3187	2956	2741	2202	2140	1971	1894	1447	1124	1001	708	323	0	400	662	970	1216	1370	1925	2109	2464	2556	2772	3110	3187	
1216	2972	2648	2664	2556	2494	3018	2818	2664	2109	2125	2002	2017	1570	1216	1293	1047	554	400	0	492	677	877	970	1555	1724	2063	2140	2387	2725	2818	
1632	3234	2972	3033	2941	2926	3465	3295	3157	2618	2633	2494	2510	2063	1709	1678	1370	954	662	492	0	338	662	970	1386	1632	2032	2202	2479	2864	3018	
1586	3018	2802	2895	2849	2864	3449	3311	3203	2679	2741	2648	2695	2263	1894	1955	1678	1232	970	677	338	0	323	693	1031	1309	1694	1894	2202	2587	2787	
1493	2756	2587	2710	2695	2741	3341	3249	3172	2664	2772	2695	2802	2371	2017	2171	1925	1432	1216	877	662	323	0	415	708	970	1370	1570	1894	2294	2494	
1170	2340	2156	2294	2294	2356	2972	2895	2849	2387	2525	2494	2664	2263	1925	2186	2002	1493	1370	970	970	693	415	0	646	754	1093	1232	1509	1894	2079	
1755	2448	2417	2618	2679	2802	3449	3434	3434	2987	3141	3141	3326	2926	2587	2833	2602	2109	1925	1555	1386	1031	708	646	0	354	739	1047	1416	1832	2125	
1663	2109	2109	2325	2433	2571	3218	3249	3280	2864	3064	3095	3326	2941	2633	2941	2756	2248	2109	1724	1632	1309	970	754	354	0	400	693	1047	1463	1771	
1801	1848	1955	2202	2356	2541	3187	3249	3326	2972	3203	3264	3526	3187	2879	3249	3080	2571	2464	2063	2032	1694	1370	1093	739	400	0	385	739	1139	1493	
1647	1463	1570	1832	2017	2202	2849	2941	3049	2725	2987	3095	3388	3080	2802	3218	3110	2602	2556	2140	2202	1894	1570	1232	1047	693	385	0	354	770	1093	
1709	1124	1309	1601	1801	2032	2648	2787	2941	2679	2956	3080	3434	3141	2895	3372	3295	2802	2772	2387	2479	2202	1894	1509	1416	1047	739	354	0	415	739	
1894	785	1108	1416	1678	1940	2510	2710	2895	2710	3018	3187	3557	3326	3110	3619	3572	3095	3110	2725	2864	2587	2294	1894	1832	1463	1139	770	415	0	385	
1848	385	770	1093	1370	1647	2186	2402	2633	2510	2833	3018	3418	3218	3049	3588	3588	3141	3187	2818	3018	2787	2494	2079	2125	1771	1493	1093	739	385	0	
V1
0	1909	1493	1463	1324	1293	1848	1740	1678	1216	1401	1447	1740	1432	1201	1740	1755	1339	1493	1216	1632	1586	1493	1170	1755	1663	1801	1647	1709	1894	1848	
1909	0	539	816	1139	1416	1878	2140	2417	2356	2695	2910	3326	3187	3049	3634	3665	3234	3326	2972	3234	3018	2756	2340	2448	2109	1848	1463	1124	785	385	
1493	539	0	308	600	893	1401	1632	1878	1817	2156	2371	2802	2679	2571	3172	3218	2833	2972	2648	2972	2802	2587	2156	2417	2109	1955	1570	1309	1108	770	
1463	816	308	0	308	600	1093	1324	1586	1586	1909	2156	2602	2510	2448	3049	3141	2802	2956	2664	3033	2895	2710	2294	2618	2325	2202	1832	1601	1416	1093	
1324	1139	600	308	0	277	831	1016	1262	1262	1601	1863	2294	2248	2202	2818	2926	2618	2802	2556	2941	2849	2695	2294	2679	2433	2356	2017	1801	1678	1370	
1293	1416	893	600	277	0	646	754	985	1001	1339	1601	2048	2032	2017	2633	2787	2510	2725	2494	2926	2864	2741	2356	2802	2571	2541	2202	2032	1940	1647	
1848	1878	1401	1093	831	646	0	385	754	1108	1370	1678	2109	2217	2310	2910	3126	2926	3187	3018	3465	3449	3341	2972	3449	3218	3187	2849	2648	2510	2186	
1740	2140	1632	1324	1016	754	385	0	369	785	1016	1324	1740	1894	2017	2587	2833	2679	2956	2818	3295	3311	3249	2895	3434	3249	3249	2941	2787	2710	2402	
1678	2417	1878	1586	1262	985	754	369	0	539	677	970	1386	1570	1740	2294	2541	2448	2741	2664	3157	3203	3172	2849	3434	3280	3326	3049	2941	2895	2633	
1216	2356	1817	1586	1262	1001	1108	785	539	0	323	600	1047	1108	1216	1801	2032	1909	2202	2109	2618	2679	2664	2387	2987	2864	2972	2725	2679	2710	2510	
1401	2695	2156	1909	1601	1339	1370	1016	677	323	0	292	739	877	1078	1601	1878	1832	2140	2125	2633	2741	2772	2525	3141	3064	3203	2987	2956	3018	2833	
1447	2910	2371	2156	1863	1601	1678	1324	970	600	292	0	446	600	847	1339	1617	1647	1971	2002	2494	2648	2695	2494	3141	3095	3264	3095	3080	3187	3018	
1740	3326	2802	2602	2294	2048	2109	1740	1386	1047	739	446	0	446	800	1078	1416	1570	1894	2017	2510	2695	2802	2664	3326	3326	3526	3388	3434	3557	3418	
1432	3187	2679	2510	2248	2032	2217	1894	1570	1108	877	600	446	0	354	723	1016	1124	1447	1570	2063	2263	2371	2263	2926	2941	3187	3080	3141	3326	3218	
1201	3049	2571	2448	2202	2017	2310	2017	1740	1216	1078	847	800	354	0	616	800	785	1124	1216	1709	1894	2017	1925	2587	2633	2879	2802	2895	3110	3049	
1740	3634	3172	3049	2818	2633	2910	2587	2294	1801	1601	1339	1078	723	616	0	354	739	1001	1293	1678	1955	2171	2186	2833	2941	3249	3218	3372	3619	3588	
1755	3665	3218	3141	2926	2787	3126	2833	2541	2032	1878	1617	1416	1016	800	354	0	508	708	1047	1370	1678	1925	2002	2602	2756	3080	3110	3295	3572	3588	
1339	3234	2833	2802	2618	2510	2926	2679	2448	1909	1832	1647	1570	1124	785	739	508	0	323	554	954	1232	1432	1493	2109	2248	2571	2602	2802	3095	3141	
1493	3326	2972	2956	2802	2725	3187	2956	2741	2202	2140	1971	1894	1447	1124	1001	708	323	0	400	662	970	1216	1370	1925	2109	2464	2556	2772	3110	3187	
1216	2972	2648	2664	2556	2494	3018	2818	2664	2109	2125	2002	2017	1570	1216	1293	1047	554	400	0	492	677	877	970	1555	1724	2063	2140	2387	2725	2818	
1632	3234	2972	3033	2941	2926	3465	3295	3157	2618	2633	2494	2510	2063	1709	1678	1370	954	662	492	0	338	662	970	1386	1632	2032	2202	2479	2864	3018	
1586	3018	2802	2895	2849	2864	3449	3311	3203	2679	2741	2648	2695	2263	1894	1955	1678	1232	970	677	338	0	323	693	1031	1309	1694	1894	2202	2587	2787	
1493	2756	2587	2710	2695	2741	3341	3249	3172	2664	2772	2695	2802	2371	2017	2171	1925	1432	1216	877	662	323	0	415	708	970	1370	1570	1894	2294	2494	
1170	2340	2156	2294	2294	2356	2972	2895	2849	2387	2525	2494	2664	2263	1925	2186	2002	1493	1370	970	970	693	415	0	646	754	1093	1232	1509	1894	2079	
1755	2448	2417	2618	2679	2802	3449	3434	3434	2987	3141	3141	3326	2926	2587	2833	2602	2109	1925	1555	1386	1031	708	646	0	354	739	1047	1416	1832	2125	
1663	2109	2109	2325	2433	2571	3218	3249	3280	2864	3064	3095	3326	2941	2633	2941	2756	2248	2109	1724	1632	1309	970	754	354	0	400	693	1047	1463	1771	
1801	1848	1955	2202	2356	2541	3187	3249	3326	2972	3203	3264	3526	3187	2879	3249	3080	2571	2464	2063	2032	1694	1370	1093	739	400	0	385	739	1139	1493	
1647	1463	1570	1832	2017	2202	2849	2941	3049	2725	2987	3095	3388	3080	2802	3218	3110	2602	2556	2140	2202	1894	1570	1232	1047	693	385	0	354	770	1093	
1709	1124	1309	1601	1801	2032	2648	2787	2941	2679	2956	3080	3434	3141	2895	3372	3295	2802	2772	2387	2479	2202	1894	1509	1416	1047	739	354	0	415	739	
1894	785	1108	1416	1678	1940	2510	2710	2895	2710	3018	3187	3557	3326	3110	3619	3572	3095	3110	2725	2864	2587	2294	1894	1832	1463	1139	770	415	0	385	
1848	385	770	1093	1370	1647	2186	2402	2633	2510	2833	3018	3418	3218	3049	3588	3588	3141	3187	2818	3018	2787	2494	2079	2125	1771	1493	1093	739	385	0	
V2
0	2579	2017	1976	1788	1747	2496	2350	2267	1643	1892	1955	2350	1934	1622	2350	2371	1809	2017	1643	2204	2142	2017	1580	2371	2246	2433	2225	2308	2558	2496	
2579	0	728	1102	1539	1913	2537	2891	3265	3182	3640	3931	4492	4305	4118	4908	4950	4368	4492	4014	4368	4076	3723	3161	3307	2849	2496	1976	1518	1060	520	
2017	728	0	416	811	1206	1892	2204	2537	2454	2912	3203	3785	3619	3473	4284	4347	3827	4014	3577	4014	3785	3494	2912	3265	2849	2641	2121	1768	1497	1040	
1976	1102	416	0	416	811	1476	1788	2142	2142	2579	2912	3515	3390	3307	4118	4243	3785	3993	3598	4097	3910	3660	3099	3536	3140	2974	2475	2163	1913	1476	
1788	1539	811	416	0	374	1123	1372	1705	1705	2163	2516	3099	3036	2974	3806	3952	3536	3785	3452	3972	3848	3640	3099	3619	3286	3182	2724	2433	2267	1851	
1747	1913	1206	811	374	0	873	1019	1331	1352	1809	2163	2766	2745	2724	3556	3764	3390	3681	3369	3952	3868	3702	3182	3785	3473	3432	2974	2745	2620	2225	
2496	2537	1892	1476	1123	873	0	520	1019	1497	1851	2267	2849	2995	3120	3931	4222	3952	4305	4076	4680	4659	4513	4014	4659	4347	4305	3848	3577	3390	2953	
2350	2891	2204	1788	1372	1019	520	0	499	1060	1372	1788	2350	2558	2724	3494	3827	3619	3993	3806	4451	4472	4388	3910	4638	4388	4388	3972	3764	3660	3244	
2267	3265	2537	2142	1705	1331	1019	499	0	728	915	1310	1872	2121	2350	3099	3432	3307	3702	3598	4264	4326	4284	3848	4638	4430	4492	4118	3972	3910	3556	
1643	3182	2454	2142	1705	1352	1497	1060	728	0	436	811	1414	1497	1643	2433	2745	2579	2974	2849	3536	3619	3598	3224	4035	3868	4014	3681	3619	3660	3390	
1892	3640	2912	2579	2163	1809	1851	1372	915	436	0	395	998	1185	1456	2163	2537	2475	2891	2870	3556	3702	3744	3411	4243	4139	4326	4035	3993	4076	3827	
1955	3931	3203	2912	2516	2163	2267	1788	1310	811	395	0	603	811	1144	1809	2184	2225	2662	2704	3369	3577	3640	3369	4243	4180	4409	4180	4160	4305	4076	
2350	4492	3785	3515	3099	2766	2849	2350	1872	1414	998	603	0	603	1081	1456	1913	2121	2558	2724	3390	3640	3785	3598	4492	4492	4763	4576	4638	4804	4617	
1934	4305	3619	3390	3036	2745	2995	2558	2121	1497	1185	811	603	0	478	977	1372	1518	1955	2121	2787	3057	3203	3057	3952	3972	4305	4160	4243	4492	4347	
1622	4118	3473	3307	2974	2724	3120	2724	2350	1643	1456	1144	1081	478	0	832	1081	1060	1518	1643	2308	2558	2724	2600	3494	3556	3889	3785	3910	4201	4118	
2350	4908	4284	4118	3806	3556	3931	3494	3099	2433	2163	1809	1456	977	832	0	478	998	1352	1747	2267	2641	2932	2953	3827	3972	4388	4347	4555	4888	4846	
2371	4950	4347	4243	3952	3764	4222	3827	3432	2745	2537	2184	1913	1372	1081	478	0	686	956	1414	1851	2267	2600	2704	3515	3723	4160	4201	4451	4825	4846	
1809	4368	3827	3785	3536	3390	3952	3619	3307	2579	2475	2225	2121	1518	1060	998	686	0	436	748	1289	1664	1934	2017	2849	3036	3473	3515	3785	4180	4243	
2017	4492	4014	3993	3785	3681	4305	3993	3702	2974	2891	2662	2558	1955	1518	1352	956	436	0	540	894	1310	1643	1851	2600	2849	3328	3452	3744	4201	4305	
1643	4014	3577	3598	3452	3369	4076	3806	3598	2849	2870	2704	2724	2121	1643	1747	1414	748	540	0	665	915	1185	1310	2100	2329	2787	2891	3224	3681	3806	
2204	4368	4014	4097	3972	3952	4680	4451	4264	3536	3556	3369	3390	2787	2308	2267	1851	1289	894	665	0	457	894	1310	1872	2204	2745	2974	3348	3868	4076	
2142	4076	3785	3910	3848	3868	4659	4472	4326	3619	3702	3577	3640	3057	2558	2641	2267	1664	1310	915	457	0	436	936	1393	1768	2288	2558	2974	3494	3764	
2017	3723	3494	3660	3640	3702	4513	4388	4284	3598	3744	3640	3785	3203	2724	2932	2600	1934	1643	1185	894	436	0	561	956	1310	1851	2121	2558	3099	3369	
1580	3161	2912	3099	3099	3182	4014	3910	3848	3224	3411	3369	3598	3057	2600	2953	2704	2017	1851	1310	1310	936	561	0	873	1019	1476	1664	2038	2558	2808	
2371	3307	3265	3536	3619	3785	4659	4638	4638	4035	4243	4243	4492	3952	3494	3827	3515	2849	2600	2100	1872	1393	956	873	0	478	998	1414	1913	2475	2870	
2246	2849	2849	3140	3286	3473	4347	4388	4430	3868	4139	4180	4492	3972	3556	3972	3723	3036	2849	2329	2204	1768	1310	1019	478	0	540	936	1414	1976	2392	
2433	2496	2641	2974	3182	3432	4305	4388	4492	4014	4326	4409	4763	4305	3889	4388	4160	3473	3328	2787	2745	2288	1851	1476	998	540	0	520	998	1539	2017	
2225	1976	2121	2475	2724	2974	3848	3972	4118	3681	4035	4180	4576	4160	3785	4347	4201	3515	3452	2891	2974	2558	2121	1664	1414	936	520	0	478	1040	1476	
2308	1518	1768	2163	2433	2745	3577	3764	3972	3619	3993	4160	4638	4243	3910	4555	4451	3785	3744	3224	3348	2974	2558	2038	1913	1414	998	478	0	561	998	
2558	1060	1497	1913	2267	2620	3390	3660	3910	3660	4076	4305	4804	4492	4201	4888	4825	4180	4201	3681	3868	3494	3099	2558	2475	1976	1539	1040	561	0	520	
2496	520	1040	1476	1851	2225	2953	3244	3556	3390	3827	4076	4617	4347	4118	4846	4846	4243	4305	3806	4076	3764	3369	2808	2870	2392	2017	1476	998	520	0	
V3
0	2207	1726	1691	1530	1495	2136	2011	1940	1406	1619	1673	2011	1655	1388	2011	2029	1548	1726	1406	1886	1833	1726	1352	2029	1922	2082	1904	1975	2189	2136	
2207	0	623	943	1317	1637	2171	2474	2794	2723	3115	3364	3844	3684	3524	4200	4236	3738	3844	3435	3738	3488	3186	2705	2830	2438	2136	1691	1299	907	445	
1726	623	0	356	694	1032	1619	1886	2171	2100	2492	2741	3239	3097	2972	3666	3720	3275	3435	3061	3435	3239	2990	2492	2794	2438	2260	1815	1513	1281	890	
1691	943	356	0	356	694	1263	1530	1833	1833	2207	2492	3008	2901	2830	3524	3631	3239	3417	3079	3506	3346	3132	2652	3026	2687	2545	2118	1851	1637	1263	
1530	1317	694	356	0	320	961	1174	1459	1459	1851	2153	2652	2598	2545	3257	3382	3026	3239	2954	3399	3293	3115	2652	3097	2812	2723	2331	2082	1940	1584	
1495	1637	1032	694	320	0	747	872	1139	1157	1548	1851	2367	2349	2331	3043	3221	2901	3150	2883	3382	3310	3168	2723	3239	2972	2937	2545	2349	2242	1904	
2136	2171	1619	1263	961	747	0	445	872	1281	1584	1940	2438	2563	2670	3364	3613	3382	3684	3488	4005	3987	3862	3435	3987	3720	3684	3293	3061	2901	2527	
2011	2474	1886	1530	1174	872	445	0	427	907	1174	1530	2011	2189	2331	2990	3275	3097	3417	3257	3809	3827	3755	3346	3969	3755	3755	3399	3221	3132	2776	
1940	2794	2171	1833	1459	1139	872	427	0	623	783	1121	1602	1815	2011	2652	2937	2830	3168	3079	3649	3702	3666	3293	3969	3791	3844	3524	3399	3346	3043	
1406	2723	2100	1833	1459	1157	1281	907	623	0	373	694	1210	1281	1406	2082	2349	2207	2545	2438	3026	3097	3079	2759	3453	3310	3435	3150	3097	3132	2901	
1619	3115	2492	2207	1851	1548	1584	1174	783	373	0	338	854	1014	1246	1851	2171	2118	2474	2456	3043	3168	3204	2919	3631	3542	3702	3453	3417	3488	3275	
1673	3364	2741	2492	2153	1851	1940	1530	1121	694	338	0	516	694	979	1548	1869	1904	2278	2314	2883	3061	3115	2883	3631	3577	3773	3577	3560	3684	3488	
2011	3844	3239	3008	2652	2367	2438	2011	1602	1210	854	516	0	516	925	1246	1637	1815	2189	2331	2901	3115	3239	3079	3844	3844	4076	3916	3969	4111	3951	
1655	3684	3097	2901	2598	2349	2563	2189	1815	1281	1014	694	516	0	409	836	1174	1299	1673	1815	2385	2616	2741	2616	3382	3399	3684	3560	3631	3844	3720	
1388	3524	2972	2830	2545	2331	2670	2331	2011	1406	1246	979	925	409	0	712	925	907	1299	1406	1975	2189	2331	2225	2990	3043	3328	3239	3346	3595	3524	
2011	4200	3666	3524	3257	3043	3364	2990	2652	2082	1851	1548	1246	836	712	0	409	854	1157	1495	1940	2260	2509	2527	3275	3399	3755	3720	3898	4183	4147	
2029	4236	3720	3631	3382	3221	3613	3275	2937	2349	2171	1869	1637	1174	925	409	0	587	818	1210	1584	1940	2225	2314	3008	3186	3560	3595	3809	4129	4147	
1548	3738	3275	3239	3026	2901	3382	3097	2830	2207	2118	1904	1815	1299	907	854	587	0	373	640	1103	1424	1655	1726	2438	2598	2972	3008	3239	3577	3631	
1726	3844	3435	3417	3239	3150	3684	3417	3168	2545	2474	2278	2189	1673	1299	1157	818	373	0	462	765	1121	1406	1584	2225	2438	2848	2954	3204	3595	3684	
1406	3435	3061	3079	2954	2883	3488	3257	3079	2438	2456	2314	2331	1815	1406	1495	1210	640	462	0	569	783	1014	1121	1797	1993	2385	2474	2759	3150	3257	
1886	3738	3435	3506	3399	3382	4005	3809	3649	3026	3043	2883	2901	2385	1975	1940	1584	1103	765	569	0	391	765	1121	1602	1886	2349	2545	2865	3310	3488	
1833	3488	3239	3346	3293	3310	3987	3827	3702	3097	3168	3061	3115	2616	2189	2260	1940	1424	1121	783	391	0	373	801	1192	1513	1958	2189	2545	2990	3221	
1726	3186	2990	3132	3115	3168	3862	3755	3666	3079	3204	3115	3239	2741	2331	2509	2225	1655	1406	1014	765	373	0	480	818	1121	1584	1815	2189	2652	2883	
1352	2705	2492	2652	2652	2723	3435	3346	3293	2759	2919	2883	3079	2616	2225	2527	2314	1726	1584	1121	1121	801	480	0	747	872	1263	1424	1744	2189	2403	
2029	2830	2794	3026	3097	3239	3987	3969	3969	3453	3631	3631	3844	3382	2990	3275	3008	2438	2225	1797	1602	1192	818	747	0	409	854	1210	1637	2118	2456	
1922	2438	2438	2687	2812	2972	3720	3755	3791	3310	3542	3577	3844	3399	3043	3399	3186	2598	2438	1993	1886	1513	1121	872	409	0	462	801	1210	1691	2047	
2082	2136	2260	2545	2723	2937	3684	3755	3844	3435	3702	3773	4076	3684	3328	3755	3560	2972	2848	2385	2349	1958	1584	1263	854	462	0	445	854	1317	1726	
1904	1691	1815	2118	2331	2545	3293	3399	3524	3150	3453	3577	3916	3560	3239	3720	3595	3008	2954	2474	2545	2189	1815	1424	1210	801	445	0	409	890	1263	
1975	1299	1513	1851	2082	2349	3061	3221	3399	3097	3417	3560	3969	3631	3346	3898	3809	3239	3204	2759	2865	2545	2189	1744	1637	1210	854	409	0	480	854	
2189	907	1281	1637	1940	2242	2901	3132	3346	3132	3488	3684	4111	3844	3595	4183	4129	3577	3595	3150	3310	2990	2652	2189	2118	1691	1317	890	480	0	445	
2136	445	890	1263	1584	1904	2527	2776	3043	2901	3275	3488	3951	3720	3524	4147	4147	3631	3684	3257	3488	3221	2883	2403	2456	2047	1726	1263	854	445	0	
V4
0	1339	1047	1026	928	907	1296	1220	1177	853	982	1015	1220	1004	842	1220	1231	939	1047	853	1144	1112	1047	820	1231	1166	1263	1155	1198	1328	1296	
1339	0	378	572	799	993	1317	1501	1695	1652	1890	2041	2332	2235	2138	2548	2570	2268	2332	2084	2268	2116	1933	1641	1717	1479	1296	1026	788	550	270	
1047	378	0	216	421	626	982	1144	1317	1274	1512	1663	1965	1879	1803	2224	2257	1987	2084	1857	2084	1965	1814	1512	1695	1479	1371	1101	918	777	540	
1026	572	216	0	216	421	766	928	1112	1112	1339	1512	1825	1760	1717	2138	2203	1965	2073	1868	2127	2030	1900	1609	1836	1630	1544	1285	1123	993	766	
928	799	421	216	0	194	583	712	885	885	1123	1306	1609	1576	1544	1976	2052	1836	1965	1792	2062	1998	1890	1609	1879	1706	1652	1414	1263	1177	961	
907	993	626	421	194	0	453	529	691	702	939	1123	1436	1425	1414	1846	1954	1760	1911	1749	2052	2008	1922	1652	1965	1803	1782	1544	1425	1360	1155	
1296	1317	982	766	583	453	0	270	529	777	961	1177	1479	1555	1620	2041	2192	2052	2235	2116	2430	2419	2343	2084	2419	2257	2235	1998	1857	1760	1533	
1220	1501	1144	928	712	529	270	0	259	550	712	928	1220	1328	1414	1814	1987	1879	2073	1976	2311	2322	2278	2030	2408	2278	2278	2062	1954	1900	1684	
1177	1695	1317	1112	885	691	529	259	0	378	475	680	972	1101	1220	1609	1782	1717	1922	1868	2214	2246	2224	1998	2408	2300	2332	2138	2062	2030	1846	
853	1652	1274	1112	885	702	777	550	378	0	226	421	734	777	853	1263	1425	1339	1544	1479	1836	1879	1868	1674	2095	2008	2084	1911	1879	1900	1760	
982	1890	1512	1339	1123	939	961	712	475	226	0	205	518	615	756	1123	1317	1285	1501	1490	1846	1922	1944	1771	2203	2149	2246	2095	2073	2116	1987	
1015	2041	1663	1512	1306	1123	1177	928	680	421	205	0	313	421	594	939	1134	1155	1382	1404	1749	1857	1890	1749	2203	2170	2289	2170	2160	2235	2116	
1220	2332	1965	1825	1609	1436	1479	1220	972	734	518	313	0	313	561	756	993	1101	1328	1414	1760	1890	1965	1868	2332	2332	2473	2376	2408	2494	2397	
1004	2235	1879	1760	1576	1425	1555	1328	1101	777	615	421	313	0	248	507	712	788	1015	1101	1447	1587	1663	1587	2052	2062	2235	2160	2203	2332	2257	
842	2138	1803	1717	1544	1414	1620	1414	1220	853	756	594	561	248	0	432	561	550	788	853	1198	1328	1414	1350	1814	1846	2019	1965	2030	2181	2138	
1220	2548	2224	2138	1976	1846	2041	1814	1609	1263	1123	939	756	507	432	0	248	518	702	907	1177	1371	1522	1533	1987	2062	2278	2257	2365	2538	2516	
1231	2570	2257	2203	2052	1954	2192	1987	1782	1425	1317	1134	993	712	561	248	0	356	496	734	961	1177	1350	1404	1825	1933	2160	2181	2311	2505	2516	
939	2268	1987	1965	1836	1760	2052	1879	1717	1339	1285	1155	1101	788	550	518	356	0	226	388	669	864	1004	1047	1479	1576	1803	1825	1965	2170	2203	
1047	2332	2084	2073	1965	1911	2235	2073	1922	1544	1501	1382	1328	1015	788	702	496	226	0	280	464	680	853	961	1350	1479	1728	1792	1944	2181	2235	
853	2084	1857	1868	1792	1749	2116	1976	1868	1479	1490	1404	1414	1101	853	907	734	388	280	0	345	475	615	680	1090	1209	1447	1501	1674	1911	1976	
1144	2268	2084	2127	2062	2052	2430	2311	2214	1836	1846	1749	1760	1447	1198	1177	961	669	464	345	0	237	464	680	972	1144	1425	1544	1738	2008	2116	
1112	2116	1965	2030	1998	2008	2419	2322	2246	1879	1922	1857	1890	1587	1328	1371	1177	864	680	475	237	0	226	486	723	918	1188	1328	1544	1814	1954	
1047	1933	1814	1900	1890	1922	2343	2278	2224	1868	1944	1890	1965	1663	1414	1522	1350	1004	853	615	464	226	0	291	496	680	961	1101	1328	1609	1749	
820	1641	1512	1609	1609	1652	2084	2030	1998	1674	1771	1749	1868	1587	1350	1533	1404	1047	961	680	680	486	291	0	453	529	766	864	1058	1328	1458	
1231	1717	1695	1836	1879	1965	2419	2408	2408	2095	2203	2203	2332	2052	1814	1987	1825	1479	1350	1090	972	723	496	453	0	248	518	734	993	1285	1490	
1166	1479	1479	1630	1706	1803	2257	2278	2300	2008	2149	2170	2332	2062	1846	2062	1933	1576	1479	1209	1144	918	680	529	248	0	280	486	734	1026	1242	
1263	1296	1371	1544	1652	1782	2235	2278	2332	2084	2246	2289	2473	2235	2019	2278	2160	1803	1728	1447	1425	1188	961	766	518	280	0	270	518	799	1047	
1155	1026	1101	1285	1414	1544	1998	2062	2138	1911	2095	2170	2376	2160	1965	2257	2181	1825	1792	1501	1544	1328	1101	864	734	486	270	0	248	540	766	
1198	788	918	1123	1263	1425	1857	1954	2062	1879	2073	2160	2408	2203	2030	2365	2311	1965	1944	1674	1738	1544	1328	1058	993	734	518	248	0	291	518	
1328	550	777	993	1177	1360	1760	1900	2030	1900	2116	2235	2494	2332	2181	2538	2505	2170	2181	1911	2008	1814	1609	1328	1285	1026	799	540	291	0	270	
1296	270	540	766	961	1155	1533	1684	1846	1760	1987	2116	2397	2257	2138	2516	2516	2203	2235	1976	2116	1954	1749	1458	1490	1242	1047	766	518	270	0	
V5
0	3075	2405	2356	2132	2083	2976	2802	2703	1959	2256	2331	2802	2306	1934	2802	2827	2157	2405	1959	2628	2554	2405	1884	2827	2678	2901	2653	2752	3050	2976	
3075	0	868	1314	1835	2281	3025	3447	3893	3794	4340	4687	5356	5133	4910	5852	5902	5208	5356	4786	5208	4860	4439	3769	3943	3397	2976	2356	1810	1264	620	
2405	868	0	496	967	1438	2256	2628	3025	2926	3472	3819	4513	4315	4141	5108	5183	4563	4786	4265	4786	4513	4166	3472	3893	3397	3149	2529	2108	1785	1240	
2356	1314	496	0	496	967	1760	2132	2554	2554	3075	3472	4191	4042	3943	4910	5059	4513	4761	4290	4885	4662	4364	3695	4216	3744	3546	2951	2579	2281	1760	
2132	1835	967	496	0	446	1339	1636	2033	2033	2579	3000	3695	3620	3546	4538	4712	4216	4513	4116	4736	4588	4340	3695	4315	3918	3794	3248	2901	2703	2207	
2083	2281	1438	967	446	0	1041	1215	1587	1612	2157	2579	3298	3273	3248	4240	4488	4042	4389	4017	4712	4612	4414	3794	4513	4141	4092	3546	3273	3124	2653	
2976	3025	2256	1760	1339	1041	0	620	1215	1785	2207	2703	3397	3571	3720	4687	5034	4712	5133	4860	5580	5555	5381	4786	5555	5183	5133	4588	4265	4042	3521	
2802	3447	2628	2132	1636	1215	620	0	595	1264	1636	2132	2802	3050	3248	4166	4563	4315	4761	4538	5307	5332	5232	4662	5530	5232	5232	4736	4488	4364	3868	
2703	3893	3025	2554	2033	1587	1215	595	0	868	1091	1562	2232	2529	2802	3695	4092	3943	4414	4290	5084	5158	5108	4588	5530	5282	5356	4910	4736	4662	4240	
1959	3794	2926	2554	2033	1612	1785	1264	868	0	520	967	1686	1785	1959	2901	3273	3075	3546	3397	4216	4315	4290	3844	4811	4612	4786	4389	4315	4364	4042	
2256	4340	3472	3075	2579	2157	2207	1636	1091	520	0	471	1190	1413	1736	2579	3025	2951	3447	3422	4240	4414	4464	4067	5059	4935	5158	4811	4761	4860	4563	
2331	4687	3819	3472	3000	2579	2703	2132	1562	967	471	0	719	967	1364	2157	2604	2653	3174	3224	4017	4265	4340	4017	5059	4984	5257	4984	4960	5133	4860	
2802	5356	4513	4191	3695	3298	3397	2802	2232	1686	1190	719	0	719	1289	1736	2281	2529	3050	3248	4042	4340	4513	4290	5356	5356	5679	5456	5530	5728	5505	
2306	5133	4315	4042	3620	3273	3571	3050	2529	1785	1413	967	719	0	570	1165	1636	1810	2331	2529	3323	3645	3819	3645	4712	4736	5133	4960	5059	5356	5183	
1934	4910	4141	3943	3546	3248	3720	3248	2802	1959	1736	1364	1289	570	0	992	1289	1264	1810	1959	2752	3050	3248	3100	4166	4240	4637	4513	4662	5009	4910	
2802	5852	5108	4910	4538	4240	4687	4166	3695	2901	2579	2157	1736	1165	992	0	570	1190	1612	2083	2703	3149	3496	3521	4563	4736	5232	5183	5431	5828	5778	
2827	5902	5183	5059	4712	4488	5034	4563	4092	3273	3025	2604	2281	1636	1289	570	0	818	1140	1686	2207	2703	3100	3224	4191	4439	4960	5009	5307	5753	5778	
2157	5208	4563	4513	4216	4042	4712	4315	3943	3075	2951	2653	2529	1810	1264	1190	818	0	520	892	1537	1984	2306	2405	3397	3620	4141	4191	4513	4984	5059	
2405	5356	4786	4761	4513	4389	5133	4761	4414	3546	3447	3174	3050	2331	1810	1612	1140	520	0	644	1066	1562	1959	2207	3100	3397	3968	4116	4464	5009	5133	
1959	4786	4265	4290	4116	4017	4860	4538	4290	3397	3422	3224	3248	2529	1959	2083	1686	892	644	0	793	1091	1413	1562	2504	2777	3323	3447	3844	4389	4538	
2628	5208	4786	4885	4736	4712	5580	5307	5084	4216	4240	4017	4042	3323	2752	2703	2207	1537	1066	793	0	545	1066	1562	2232	2628	3273	3546	3992	4612	4860	
2554	4860	4513	4662	4588	4612	5555	5332	5158	4315	4414	4265	4340	3645	3050	3149	2703	1984	1562	1091	545	0	520	1116	1661	2108	2728	3050	3546	4166	4488	
2405	4439	4166	4364	4340	4414	5381	5232	5108	4290	4464	4340	4513	3819	3248	3496	3100	2306	1959	1413	1066	520	0	669	1140	1562	2207	2529	3050	3695	4017	
1884	3769	3472	3695	3695	3794	4786	4662	4588	3844	4067	4017	4290	3645	3100	3521	3224	2405	2207	1562	1562	1116	669	0	1041	1215	1760	1984	2430	3050	3348	
2827	3943	3893	4216	4315	4513	5555	5530	5530	4811	5059	5059	5356	4712	4166	4563	4191	3397	3100	2504	2232	1661	1140	1041	0	570	1190	1686	2281	2951	3422	
2678	3397	3397	3744	3918	4141	5183	5232	5282	4612	4935	4984	5356	4736	4240	4736	4439	3620	3397	2777	2628	2108	1562	1215	570	0	644	1116	1686	2356	2852	
2901	2976	3149	3546	3794	4092	5133	5232	5356	4786	5158	5257	5679	5133	4637	5232	4960	4141	3968	3323	3273	2728	2207	1760	1190	644	0	620	1190	1835	2405	
2653	2356	2529	2951	3248	3546	4588	4736	4910	4389	4811	4984	5456	4960	4513	5183	5009	4191	4116	3447	3546	3050	2529	1984	1686	1116	620	0	570	1240	1760	
2752	1810	2108	2579	2901	3273	4265	4488	4736	4315	4761	4960	5530	5059	4662	5431	5307	4513	4464	3844	3992	3546	3050	2430	2281	1686	1190	570	0	669	1190	
3050	1264	1785	2281	2703	3124	4042	4364	4662	4364	4860	5133	5728	5356	5009	5828	5753	4984	5009	4389	4612	4166	3695	3050	2951	2356	1835	1240	669	0	620	
2976	620	1240	1760	2207	2653	3521	3868	4240	4042	4563	4860	5505	5183	4910	5778	5778	5059	5133	4538	4860	4488	4017	3348	3422	2852	2405	1760	1190	620	0	
V6
0	2604	2037	1995	1806	1764	2520	2373	2289	1659	1911	1974	2373	1953	1638	2373	2394	1827	2037	1659	2226	2163	2037	1596	2394	2268	2457	2247	2331	2583	2520	
2604	0	735	1113	1554	1932	2562	2919	3297	3213	3675	3969	4536	4347	4158	4956	4998	4410	4536	4053	4410	4116	3759	3192	3339	2877	2520	1995	1533	1071	525	
2037	735	0	420	819	1218	1911	2226	2562	2478	2940	3234	3822	3654	3507	4326	4389	3864	4053	3612	4053	3822	3528	2940	3297	2877	2667	2142	1785	1512	1050	
1995	1113	420	0	420	819	1491	1806	2163	2163	2604	2940	3549	3423	3339	4158	4284	3822	4032	3633	4137	3948	3696	3129	3570	3171	3003	2499	2184	1932	1491	
1806	1554	819	420	0	378	1134	1386	1722	1722	2184	2541	3129	3066	3003	3843	3990	3570	3822	3486	4011	3885	3675	3129	3654	3318	3213	2751	2457	2289	1869	
1764	1932	1218	819	378	0	882	1029	1344	1365	1827	2184	2793	2772	2751	3591	3801	3423	3717	3402	3990	3906	3738	3213	3822	3507	3465	3003	2772	2646	2247	
2520	2562	1911	1491	1134	882	0	525	1029	1512	1869	2289	2877	3024	3150	3969	4263	3990	4347	4116	4725	4704	4557	4053	4704	4389	4347	3885	3612	3423	2982	
2373	2919	2226	1806	1386	1029	525	0	504	1071	1386	1806	2373	2583	2751	3528	3864	3654	4032	3843	4494	4515	4431	3948	4683	4431	4431	4011	3801	3696	3276	
2289	3297	2562	2163	1722	1344	1029	504	0	735	924	1323	1890	2142	2373	3129	3465	3339	3738	3633	4305	4368	4326	3885	4683	4473	4536	4158	4011	3948	3591	
1659	3213	2478	2163	1722	1365	1512	1071	735	0	441	819	1428	1512	1659	2457	2772	2604	3003	2877	3570	3654	3633	3255	4074	3906	4053	3717	3654	3696	3423	
1911	3675	2940	2604	2184	1827	1869	1386	924	441	0	399	1008	1197	1470	2184	2562	2499	2919	2898	3591	3738	3780	3444	4284	4179	4368	4074	4032	4116	3864	
1974	3969	3234	2940	2541	2184	2289	1806	1323	819	399	0	609	819	1155	1827	2205	2247	2688	2730	3402	3612	3675	3402	4284	4221	4452	4221	4200	4347	4116	
2373	4536	3822	3549	3129	2793	2877	2373	1890	1428	1008	609	0	609	1092	1470	1932	2142	2583	2751	3423	3675	3822	3633	4536	4536	4809	4620	4683	4851	4662	
1953	4347	3654	3423	3066	2772	3024	2583	2142	1512	1197	819	609	0	483	987	1386	1533	1974	2142	2814	3087	3234	3087	3990	4011	4347	4200	4284	4536	4389	
1638	4158	3507	3339	3003	2751	3150	2751	2373	1659	1470	1155	1092	483	0	840	1092	1071	1533	1659	2331	2583	2751	2625	3528	3591	3927	3822	3948	4242	4158	
2373	4956	4326	4158	3843	3591	3969	3528	3129	2457	2184	1827	1470	987	840	0	483	1008	1365	1764	2289	2667	2961	2982	3864	4011	4431	4389	4599	4935	4893	
2394	4998	4389	4284	3990	3801	4263	3864	3465	2772	2562	2205	1932	1386	1092	483	0	693	966	1428	1869	2289	2625	2730	3549	3759	4200	4242	4494	4872	4893	
1827	4410	3864	3822	3570	3423	3990	3654	3339	2604	2499	2247	2142	1533	1071	1008	693	0	441	756	1302	1680	1953	2037	2877	3066	3507	3549	3822	4221	4284	
2037	4536	4053	4032	3822	3717	4347	4032	3738	3003	2919	2688	2583	1974	1533	1365	966	441	0	546	903	1323	1659	1869	2625	2877	3360	3486	3780	4242	4347	
1659	4053	3612	3633	3486	3402	4116	3843	3633	2877	2898	2730	2751	2142	1659	1764	1428	756	546	0	672	924	1197	1323	2121	2352	2814	2919	3255	3717	3843	
2226	4410	4053	4137	4011	3990	4725	4494	4305	3570	3591	3402	3423	2814	2331	2289	1869	1302	903	672	0	462	903	1323	1890	2226	2772	3003	3381	3906	4116	
2163	4116	3822	3948	3885	3906	4704	4515	4368	3654	3738	3612	3675	3087	2583	2667	2289	1680	1323	924	462	0	441	945	1407	1785	2310	2583	3003	3528	3801	
