M: 2
N: 30
Nun_Veiculos: 12
Capacidade_Total: 1023
Demanda_Total: 658
Setup_Min: 1
Setup_Max: 99
Raio: 100
Circulos: 1
Tempo_Processamento_Min: 1
Tempo_Processamento_Max: 49
Demanda_Min: 10
Demanda_Max: 30
Priority_Factor: 0.2
Range_Factor_R: 0.8
U_factor: 2
ALpha: 0.2Replicao: 4
Tempos_Processamentos
0	0	1	0	
0	34	1	31	
0	18	1	25	
0	45	1	16	
0	3	1	48	
0	41	1	23	
0	5	1	28	
0	39	1	31	
0	27	1	39	
0	36	1	19	
0	43	1	9	
0	40	1	13	
0	36	1	14	
0	13	1	42	
0	29	1	48	
0	23	1	7	
0	36	1	3	
0	9	1	23	
0	15	1	25	
0	11	1	22	
0	47	1	46	
0	42	1	39	
0	7	1	12	
0	25	1	44	
0	40	1	31	
0	4	1	34	
0	40	1	42	
0	2	1	39	
0	19	1	36	
0	9	1	14	
0	10	1	49	

Tempos_setup
M0
0	0	0	0	0	0	0	0	0	0	0	0	0	0	0	0	0	0	0	0	0	0	0	0	0	0	0	0	0	0	0	
0	0	30	15	10	8	13	19	13	24	20	9	10	8	15	11	19	8	5	9	14	4	10	11	9	6	1	7	11	13	21	
0	12	0	13	8	15	16	11	18	20	4	11	8	6	12	13	13	6	7	11	19	11	8	14	6	9	8	5	9	15	24	
0	10	35	0	6	18	23	15	20	22	16	14	6	4	15	15	20	4	10	10	18	14	6	5	14	7	11	3	7	13	15	
0	10	35	11	0	18	23	15	21	17	16	14	6	4	15	16	20	4	10	10	21	14	6	8	14	1	11	3	6	13	18	
0	6	25	10	5	0	15	14	19	18	12	12	5	3	11	14	11	3	9	1	20	10	2	8	13	6	7	2	6	9	18	
0	13	19	18	11	17	0	14	16	22	19	9	5	15	8	11	13	15	9	3	17	13	9	15	16	12	10	14	17	6	25	
0	30	44	32	27	25	38	0	27	32	24	23	27	25	26	22	30	25	19	20	25	21	26	12	26	25	20	24	28	24	22	
0	11	34	12	7	12	24	16	0	23	9	13	7	5	16	15	21	5	9	11	1	8	7	13	8	2	5	4	7	14	23	
0	12	36	17	10	20	25	17	25	0	18	18	15	14	17	20	12	14	17	2	23	16	8	10	21	11	13	13	16	15	20	
0	15	45	29	25	23	28	7	27	21	0	20	25	23	19	22	33	23	20	23	28	19	25	19	24	21	16	22	18	17	29	
0	10	34	19	14	15	15	17	7	20	14	0	8	12	6	2	23	12	12	16	8	14	6	12	7	9	11	11	13	4	22	
0	17	29	19	13	12	23	9	15	28	19	8	0	12	14	10	23	11	4	13	16	8	13	15	13	10	5	11	14	12	25	
0	16	31	7	13	14	25	11	17	28	20	10	2	0	16	12	16	11	6	6	18	10	12	12	10	12	7	10	14	14	18	
0	11	34	19	14	9	16	18	8	21	15	1	9	12	0	3	18	12	13	10	9	15	7	13	8	10	12	11	11	5	23	
0	15	35	17	12	13	20	15	5	18	12	5	6	10	4	0	22	10	10	14	6	13	11	17	9	7	10	9	12	2	27	
0	19	32	20	15	13	19	5	18	31	11	11	3	13	17	13	0	13	7	14	19	9	15	16	14	11	6	12	16	15	26	
0	6	36	13	2	14	19	17	18	18	12	12	8	6	11	13	22	0	11	12	19	10	2	8	15	3	7	5	3	9	18	
0	13	25	15	9	8	19	19	11	24	18	4	10	8	10	6	19	7	0	9	12	4	9	11	9	6	1	7	10	8	21	
0	10	40	15	8	18	23	15	23	22	16	16	13	12	15	18	10	12	15	0	24	14	6	12	19	9	11	11	14	13	22	
0	10	33	11	6	11	23	15	19	22	16	12	6	4	15	14	20	4	8	10	0	7	6	12	12	1	4	3	6	13	22	
0	10	26	11	6	4	19	15	12	22	16	5	6	4	11	7	15	4	1	5	13	0	6	12	5	7	2	3	7	9	22	
0	4	34	19	14	12	17	17	17	16	10	10	14	12	9	12	23	12	9	13	18	8	0	6	13	10	5	11	15	7	16	
0	20	32	22	16	15	26	19	15	22	12	11	16	15	14	10	22	14	7	16	13	11	16	0	16	13	8	14	17	12	10	
0	18	42	27	22	23	23	25	15	28	22	8	16	20	14	10	31	20	20	24	16	22	14	20	0	17	19	19	21	12	30	
0	9	34	10	5	17	22	14	20	21	15	13	5	3	14	15	19	3	9	9	21	13	5	11	13	0	10	2	5	12	21	
0	13	29	14	9	7	22	18	15	25	19	8	9	7	14	10	18	7	4	8	16	3	9	10	8	5	0	6	10	12	20	
0	7	32	8	3	15	20	12	18	19	13	11	3	1	12	13	17	1	7	7	19	11	3	9	11	4	8	0	4	10	19	
0	25	40	27	22	23	30	25	15	28	22	15	16	20	14	10	32	20	20	24	16	23	21	27	19	17	20	19	0	12	37	
0	13	36	21	16	11	18	20	10	16	17	3	11	14	2	5	20	14	15	12	11	17	9	15	10	12	14	13	13	0	25	
0	13	31	14	9	9	24	9	17	23	2	10	9	7	16	12	20	7	6	10	3	5	9	15	10	4	7	6	9	14	0	
M1
0	0	0	0	0	0	0	0	0	0	0	0	0	0	0	0	0	0	0	0	0	0	0	0	0	0	0	0	0	0	0	
0	0	26	22	18	20	21	21	26	10	8	12	23	19	11	10	8	26	14	21	13	9	19	13	4	15	17	17	15	14	15	
0	2	0	8	17	18	22	21	18	10	10	12	10	4	13	12	10	28	16	18	13	11	20	13	6	17	19	17	17	12	15	
0	12	19	0	9	12	15	22	18	2	6	4	24	11	15	9	14	28	15	13	11	21	20	5	10	18	16	9	11	20	13	
0	8	21	7	0	14	17	23	20	4	2	6	26	12	17	11	16	30	16	15	13	17	21	7	12	18	9	11	13	11	9	
0	9	22	12	5	0	8	19	24	8	6	10	19	2	9	13	16	34	20	16	17	18	20	11	13	22	9	2	9	16	4	
0	14	22	17	13	15	0	14	21	5	9	7	27	14	14	12	17	31	17	16	14	20	12	8	13	21	1	12	1	23	16	
0	18	16	24	25	25	27	0	31	15	19	17	26	20	27	21	13	41	25	22	18	25	30	18	22	31	26	22	17	19	26	
0	14	18	17	10	5	4	4	0	9	8	6	24	7	14	16	17	34	11	16	4	16	2	12	17	19	5	7	5	21	9	
0	10	17	17	10	10	13	20	16	0	4	2	22	9	13	7	12	26	13	11	9	19	18	3	8	16	14	7	9	18	11	
0	6	19	19	12	12	15	21	18	2	0	4	24	11	15	9	14	28	14	13	11	15	19	5	10	16	16	9	11	20	7	
0	8	21	15	8	14	11	18	14	4	2	0	22	7	17	11	16	30	14	15	7	17	16	7	12	14	12	5	7	18	9	
0	18	17	21	14	24	17	11	27	14	12	16	0	18	21	18	18	35	10	25	3	19	15	17	17	18	13	16	18	24	19	
0	7	20	28	21	16	22	25	27	11	15	13	25	0	16	17	15	32	18	14	20	16	23	9	11	22	23	18	20	21	20	
0	13	26	21	19	19	15	14	25	10	8	11	19	18	0	4	7	36	19	21	12	19	13	13	11	24	16	16	6	13	15	
0	10	23	23	16	16	19	17	22	6	4	8	15	15	19	0	18	32	18	17	15	19	23	9	14	20	20	13	15	24	11	
0	13	19	14	13	12	14	19	19	9	7	5	15	12	14	8	0	30	12	20	5	12	17	12	17	18	13	10	7	6	14	
0	15	16	18	11	6	5	5	1	10	9	7	21	8	14	6	15	0	12	17	5	12	3	13	18	9	6	8	6	21	10	
0	12	23	11	4	16	7	7	24	8	6	10	23	16	11	12	8	25	0	19	13	11	5	11	16	8	8	15	8	14	12	
0	8	6	14	21	20	8	22	24	13	16	15	11	10	19	18	16	34	21	0	14	17	20	13	12	23	9	20	9	18	12	
0	16	14	18	11	23	14	14	24	15	13	17	24	15	18	15	15	32	7	26	0	16	12	18	20	15	15	13	15	21	19	
0	11	24	23	17	17	17	16	19	7	5	9	16	16	2	1	9	18	18	18	11	0	15	10	13	6	18	14	8	15	12	
0	16	18	19	15	11	2	2	23	7	11	9	28	13	16	14	15	33	19	18	16	22	0	10	15	23	3	13	3	21	7	
0	7	28	19	12	7	15	17	24	11	9	13	23	9	10	14	9	23	10	22	14	16	15	0	5	18	16	9	16	15	11	
0	2	23	18	14	16	17	17	22	6	4	8	19	15	10	12	4	28	10	17	9	11	15	9	0	13	13	13	11	10	11	
0	11	18	18	11	11	14	19	16	1	5	3	19	10	5	4	6	21	14	12	10	3	18	4	9	0	15	8	10	12	12	
0	20	30	19	12	26	23	23	25	16	14	18	35	24	21	20	22	37	16	24	25	19	21	19	18	24	0	23	24	23	21	
0	9	22	10	3	17	6	17	23	7	5	9	17	2	18	14	17	33	19	16	16	18	18	10	13	21	7	0	7	14	12	
0	28	35	16	25	28	29	32	34	18	22	20	40	27	28	25	29	44	30	29	25	26	30	21	26	23	14	25	0	35	29	
0	8	21	18	11	6	14	18	20	4	2	6	17	8	8	2	15	24	11	15	13	6	16	7	12	12	15	8	13	0	9	
0	11	24	14	17	17	20	26	23	7	5	9	29	16	20	14	19	33	19	18	16	20	24	10	15	21	21	14	16	25	0	
Tamanho_Tarefas
0	31	21	28	16	25	8	35	28	22	24	22	23	17	32	13	12	11	15	16	46	40	9	26	31	14	41	8	23	9	12	
Data_Entrega
0	463	470	332	429	419	482	282	416	389	271	342	285	283	449	484	320	336	295	285	482	464	355	445	376	310	482	280	380	459	407	
Penalidade_Atraso
0	10	10	14	6	12	3	3	6	1	13	16	14	13	7	3	17	1	5	7	16	3	2	7	9	17	10	15	13	7	13	
Capacidade_Veiculo
54	55	95	70	113	105	121	132	74	78	72	54	
Custo_Fixo_Veiculo
540	550	950	700	1130	1050	1210	1320	740	780	720	540	
Coordenadas_Clientes
x	0	y	0
x	104	y	0
x	111	y	23
x	109	y	48
x	80	y	58
x	60	y	67
x	51	y	90
x	33	y	104
x	10	y	104
x	-10	y	102
x	-25	y	77
x	-42	y	72
x	-76	y	84
x	-95	y	69
x	-89	y	39
x	-100	y	21
x	-107	y	0
x	-111	y	-23
x	-71	y	-31
x	-98	y	-71
x	-72	y	-80
x	-37	y	-64
x	-38	y	-116
x	-12	y	-115
x	11	y	-107
x	26	y	-80
x	47	y	-82
x	56	y	-62
x	62	y	-45
x	94	y	-41
x	89	y	-18
Tempo_Viagem
0	104	113	119	98	89	103	109	104	102	80	83	113	117	97	102	107	113	77	121	107	73	122	115	107	84	94	83	76	102	90	
104	0	24	48	62	80	104	125	140	152	150	162	198	210	196	205	211	216	177	214	192	154	183	162	141	111	99	78	61	42	23	
113	24	0	25	46	67	89	111	129	144	146	160	196	211	200	211	219	226	189	229	209	171	203	184	163	133	122	101	83	66	46	
119	48	25	0	30	51	71	93	113	129	136	152	187	205	198	210	221	231	196	238	221	184	220	203	182	152	143	122	104	90	68	
98	62	46	30	0	21	43	65	83	99	106	122	157	175	170	183	195	207	175	219	205	169	210	195	178	148	143	122	104	99	76	
89	80	67	51	21	0	24	45	62	78	85	102	136	155	151	166	179	193	163	209	196	162	207	195	180	150	149	129	112	112	89	
103	104	89	71	43	24	0	22	43	62	77	94	127	147	149	166	181	197	171	219	209	176	224	214	201	171	172	152	135	136	113	
109	125	111	93	65	45	22	0	23	43	63	80	110	132	137	156	174	192	170	218	211	182	231	223	212	184	186	167	151	157	134	
104	140	129	113	83	62	43	23	0	20	44	61	88	110	118	137	156	175	157	205	201	174	225	219	211	184	189	172	157	167	145	
102	152	144	129	99	78	62	43	20	0	29	43	68	91	100	120	140	160	146	194	192	168	219	217	209	185	192	176	163	176	155	
80	150	146	136	106	85	77	63	44	29	0	17	51	70	74	93	112	131	117	165	163	141	193	192	187	164	174	160	149	167	148	
83	162	160	152	122	102	94	80	61	43	17	0	36	53	57	77	97	117	107	153	154	136	188	189	186	166	177	166	156	176	158	
113	198	196	187	157	136	127	110	88	68	51	36	0	24	46	67	88	111	115	156	164	153	203	209	209	193	206	196	188	211	193	
117	210	211	205	175	155	147	132	110	91	70	53	24	0	30	48	70	93	102	140	150	145	193	201	205	191	207	199	193	218	203	
97	196	200	198	170	151	149	137	118	100	74	57	46	30	0	21	42	65	72	110	120	115	163	171	176	165	182	176	172	199	186	
102	205	211	210	183	166	166	156	137	120	93	77	67	48	21	0	22	45	59	92	104	105	150	161	169	161	179	176	174	203	192	
107	211	219	221	195	179	181	174	156	140	112	97	88	70	42	22	0	23	47	71	87	94	134	149	158	155	174	174	174	205	196	
113	216	226	231	207	193	197	192	175	160	131	117	111	93	65	45	23	0	40	49	69	84	118	135	148	148	168	170	173	205	200	
77	177	189	196	175	163	171	170	157	146	117	107	115	102	72	59	47	40	0	48	49	47	91	102	111	108	128	130	133	165	160	
121	214	229	238	219	209	219	218	205	194	165	153	156	140	110	92	71	49	48	0	27	61	75	96	114	124	145	154	161	193	194	
107	192	209	221	205	196	209	211	201	192	163	154	164	150	120	104	87	69	49	27	0	38	49	69	87	98	119	129	138	170	172	
73	154	171	184	169	162	176	182	174	168	141	136	153	145	115	105	94	84	47	61	38	0	52	56	64	65	85	93	100	132	134	
122	183	203	220	210	207	224	231	225	219	193	188	203	193	163	150	134	118	91	75	49	52	0	26	49	73	91	107	122	150	160	
115	162	184	203	195	195	214	223	219	217	192	189	209	201	171	161	149	135	102	96	69	56	26	0	24	51	67	85	101	128	139	
107	141	163	182	178	180	201	212	211	209	187	186	209	205	176	169	158	148	111	114	87	64	49	24	0	30	43	63	80	105	118	
84	111	133	152	148	150	171	184	184	185	164	166	193	191	165	161	155	148	108	124	98	65	73	51	30	0	21	34	50	77	88	
94	99	122	143	143	149	172	186	189	192	174	177	206	207	182	179	174	168	128	145	119	85	91	67	43	21	0	21	39	62	76	
83	78	101	122	122	129	152	167	172	176	160	166	196	199	176	176	174	170	130	154	129	93	107	85	63	34	21	0	18	43	55	
76	61	83	104	104	112	135	151	157	163	149	156	188	193	172	174	174	173	133	161	138	100	122	101	80	50	39	18	0	32	38	
102	42	66	90	99	112	136	157	167	176	167	176	211	218	199	203	205	205	165	193	170	132	150	128	105	77	62	43	32	0	23	
90	23	46	68	76	89	113	134	145	155	148	158	193	203	186	192	196	200	160	194	172	134	160	139	118	88	76	55	38	23	0	
Custo_Viagem
V0
0	1123	1220	1285	1058	961	1112	1177	1123	1101	864	896	1220	1263	1047	1101	1155	1220	831	1306	1155	788	1317	1242	1155	907	1015	896	820	1101	972	
1123	0	259	518	669	864	1123	1350	1512	1641	1620	1749	2138	2268	2116	2214	2278	2332	1911	2311	2084	1663	1976	1760	1522	1198	1069	842	658	453	248	
1220	259	0	270	496	723	961	1209	1393	1555	1576	1728	2116	2278	2160	2278	2365	2440	2041	2473	2257	1846	2192	1987	1771	1436	1317	1090	896	712	496	
1285	518	270	0	324	561	766	1015	1220	1404	1479	1641	2030	2214	2138	2268	2386	2494	2116	2570	2386	1987	2376	2192	1976	1641	1555	1317	1123	972	734	
1058	669	496	324	0	226	464	702	896	1080	1144	1317	1706	1890	1836	1976	2106	2235	1890	2365	2214	1825	2268	2106	1922	1598	1544	1317	1123	1069	820	
961	864	723	561	226	0	259	486	669	842	918	1101	1479	1674	1630	1792	1933	2084	1760	2257	2127	1760	2235	2106	1944	1620	1609	1393	1209	1220	961	
1112	1123	961	766	464	259	0	237	464	669	831	1015	1371	1587	1609	1792	1954	2127	1846	2365	2257	1911	2419	2311	2170	1846	1857	1641	1458	1479	1231	
1177	1350	1209	1015	702	486	237	0	248	464	680	874	1188	1425	1490	1684	1879	2073	1836	2354	2278	1965	2494	2408	2289	1987	2008	1803	1630	1695	1447	
1123	1512	1393	1220	896	669	464	248	0	216	475	658	950	1188	1274	1479	1684	1890	1695	2214	2170	1879	2430	2376	2278	1987	2041	1857	1695	1803	1566	
1101	1641	1555	1404	1080	842	669	464	216	0	313	464	734	982	1090	1306	1512	1728	1576	2095	2073	1814	2365	2343	2268	1998	2073	1900	1760	1900	1674	
864	1620	1576	1479	1144	918	831	680	475	313	0	183	550	756	799	1004	1209	1414	1263	1782	1760	1522	2084	2073	2019	1782	1879	1728	1609	1803	1598	
896	1749	1728	1641	1317	1101	1015	874	658	464	183	0	388	572	615	831	1047	1263	1155	1652	1663	1468	2030	2041	2008	1792	1911	1792	1684	1900	1706	
1220	2138	2116	2030	1706	1479	1371	1188	950	734	550	388	0	259	496	723	961	1209	1242	1684	1771	1652	2192	2257	2257	2084	2224	2116	2030	2278	2084	
1263	2268	2278	2214	1890	1674	1587	1425	1188	982	756	572	259	0	324	518	756	1004	1101	1512	1620	1566	2084	2170	2214	2062	2235	2149	2095	2354	2192	
1047	2116	2160	2138	1836	1630	1609	1490	1274	1090	799	615	496	324	0	226	453	702	777	1188	1296	1242	1760	1857	1900	1782	1965	1900	1857	2149	2008	
1101	2214	2278	2268	1976	1792	1792	1684	1479	1306	1004	831	723	518	226	0	237	486	637	993	1123	1134	1620	1738	1825	1738	1933	1900	1879	2192	2073	
1155	2278	2365	2386	2106	1933	1954	1879	1684	1512	1209	1047	961	756	453	237	0	248	507	766	939	1015	1447	1609	1717	1674	1879	1879	1879	2214	2116	
1220	2332	2440	2494	2235	2084	2127	2073	1890	1728	1414	1263	1209	1004	702	486	248	0	432	529	745	907	1274	1458	1598	1598	1814	1846	1879	2214	2160	
831	1911	2041	2116	1890	1760	1846	1836	1695	1576	1263	1155	1242	1101	777	637	507	432	0	518	529	507	982	1101	1198	1166	1382	1404	1436	1782	1728	
1306	2311	2473	2570	2365	2257	2365	2354	2214	2095	1782	1652	1684	1512	1188	993	766	529	518	0	291	658	810	1036	1231	1339	1566	1663	1749	2095	2095	
1155	2084	2257	2386	2214	2127	2257	2278	2170	2073	1760	1663	1771	1620	1296	1123	939	745	529	291	0	410	529	745	939	1058	1285	1393	1490	1836	1857	
788	1663	1846	1987	1825	1760	1911	1965	1879	1814	1522	1468	1652	1566	1242	1134	1015	907	507	658	410	0	561	604	691	702	918	1004	1080	1436	1447	
1317	1976	2192	2376	2268	2235	2419	2494	2430	2365	2084	2030	2192	2084	1760	1620	1447	1274	982	810	529	561	0	280	529	788	982	1166	1317	1630	1728	
1242	1760	1987	2192	2106	2106	2311	2408	2376	2343	2073	2041	2257	2170	1857	1738	1609	1458	1101	1036	745	604	280	0	259	550	723	928	1090	1393	1512	
1155	1522	1771	1976	1922	1944	2170	2289	2278	2268	2019	2008	2257	2214	1900	1825	1717	1598	1198	1231	939	691	529	259	0	324	464	680	864	1144	1274	
907	1198	1436	1641	1598	1620	1846	1987	1987	1998	1782	1792	2084	2062	1782	1738	1674	1598	1166	1339	1058	702	788	550	324	0	226	367	540	842	950	
1015	1069	1317	1555	1544	1609	1857	2008	2041	2073	1879	1911	2224	2235	1965	1933	1879	1814	1382	1566	1285	918	982	723	464	226	0	226	421	669	820	
896	842	1090	1317	1317	1393	1641	1803	1857	1900	1728	1792	2116	2149	1900	1900	1879	1846	1404	1663	1393	1004	1166	928	680	367	226	0	194	464	594	
820	658	896	1123	1123	1209	1458	1630	1695	1760	1609	1684	2030	2095	1857	1879	1879	1879	1436	1749	1490	1080	1317	1090	864	540	421	194	0	345	410	
1101	453	712	972	1069	1220	1479	1695	1803	1900	1803	1900	2278	2354	2149	2192	2214	2214	1782	2095	1836	1436	1630	1393	1144	842	669	464	345	0	248	
972	248	496	734	820	961	1231	1447	1566	1674	1598	1706	2084	2192	2008	2073	2116	2160	1728	2095	1857	1447	1728	1512	1274	950	820	594	410	248	0	
V1
0	1144	1243	1309	1078	979	1133	1199	1144	1122	880	913	1243	1287	1067	1122	1177	1243	847	1331	1177	803	1342	1265	1177	924	1034	913	836	1122	990	
1144	0	264	528	682	880	1144	1375	1540	1672	1650	1782	2178	2310	2156	2255	2321	2376	1947	2354	2123	1694	2013	1793	1551	1221	1089	858	671	462	253	
1243	264	0	275	506	737	979	1232	1419	1584	1606	1760	2156	2321	2200	2321	2409	2486	2079	2519	2299	1881	2233	2024	1804	1463	1342	1111	913	726	506	
1309	528	275	0	330	572	781	1034	1243	1430	1507	1672	2068	2255	2178	2310	2431	2541	2156	2618	2431	2024	2420	2233	2013	1672	1584	1342	1144	990	748	
1078	682	506	330	0	231	473	715	913	1100	1166	1342	1738	1925	1870	2013	2145	2277	1925	2409	2255	1859	2310	2145	1958	1628	1573	1342	1144	1089	836	
979	880	737	572	231	0	264	495	682	858	935	1122	1507	1705	1661	1826	1969	2123	1793	2299	2167	1793	2277	2145	1980	1650	1639	1419	1232	1243	979	
1133	1144	979	781	473	264	0	242	473	682	847	1034	1397	1617	1639	1826	1991	2167	1881	2409	2299	1947	2464	2354	2211	1881	1892	1672	1485	1507	1254	
1199	1375	1232	1034	715	495	242	0	253	473	693	891	1210	1452	1518	1716	1914	2112	1870	2398	2321	2002	2541	2453	2332	2024	2046	1837	1661	1727	1474	
1144	1540	1419	1243	913	682	473	253	0	220	484	671	968	1210	1298	1507	1716	1925	1727	2255	2211	1914	2475	2420	2321	2024	2079	1892	1727	1837	1595	
1122	1672	1584	1430	1100	858	682	473	220	0	319	473	748	1001	1111	1331	1540	1760	1606	2134	2112	1848	2409	2387	2310	2035	2112	1936	1793	1936	1705	
880	1650	1606	1507	1166	935	847	693	484	319	0	187	561	770	814	1023	1232	1441	1287	1815	1793	1551	2123	2112	2057	1815	1914	1760	1639	1837	1628	
913	1782	1760	1672	1342	1122	1034	891	671	473	187	0	396	583	627	847	1067	1287	1177	1683	1694	1496	2068	2079	2046	1826	1947	1826	1716	1936	1738	
1243	2178	2156	2068	1738	1507	1397	1210	968	748	561	396	0	264	506	737	979	1232	1265	1716	1804	1683	2233	2299	2299	2123	2266	2156	2068	2321	2123	
1287	2310	2321	2255	1925	1705	1617	1452	1210	1001	770	583	264	0	330	528	770	1023	1122	1540	1650	1595	2123	2211	2255	2101	2277	2189	2134	2398	2233	
1067	2156	2200	2178	1870	1661	1639	1518	1298	1111	814	627	506	330	0	231	462	715	792	1210	1320	1265	1793	1892	1936	1815	2002	1936	1892	2189	2046	
1122	2255	2321	2310	2013	1826	1826	1716	1507	1331	1023	847	737	528	231	0	242	495	649	1012	1144	1155	1650	1771	1859	1771	1969	1936	1914	2233	2112	
1177	2321	2409	2431	2145	1969	1991	1914	1716	1540	1232	1067	979	770	462	242	0	253	517	781	957	1034	1474	1639	1749	1705	1914	1914	1914	2255	2156	
1243	2376	2486	2541	2277	2123	2167	2112	1925	1760	1441	1287	1232	1023	715	495	253	0	440	539	759	924	1298	1485	1628	1628	1848	1881	1914	2255	2200	
847	1947	2079	2156	1925	1793	1881	1870	1727	1606	1287	1177	1265	1122	792	649	517	440	0	528	539	517	1001	1122	1221	1188	1408	1430	1463	1815	1760	
1331	2354	2519	2618	2409	2299	2409	2398	2255	2134	1815	1683	1716	1540	1210	1012	781	539	528	0	297	671	825	1056	1254	1364	1595	1694	1782	2134	2134	
1177	2123	2299	2431	2255	2167	2299	2321	2211	2112	1793	1694	1804	1650	1320	1144	957	759	539	297	0	418	539	759	957	1078	1309	1419	1518	1870	1892	
803	1694	1881	2024	1859	1793	1947	2002	1914	1848	1551	1496	1683	1595	1265	1155	1034	924	517	671	418	0	572	616	704	715	935	1023	1100	1463	1474	
1342	2013	2233	2420	2310	2277	2464	2541	2475	2409	2123	2068	2233	2123	1793	1650	1474	1298	1001	825	539	572	0	286	539	803	1001	1188	1342	1661	1760	
1265	1793	2024	2233	2145	2145	2354	2453	2420	2387	2112	2079	2299	2211	1892	1771	1639	1485	1122	1056	759	616	286	0	264	561	737	946	1111	1419	1540	
1177	1551	1804	2013	1958	1980	2211	2332	2321	2310	2057	2046	2299	2255	1936	1859	1749	1628	1221	1254	957	704	539	264	0	330	473	693	880	1166	1298	
924	1221	1463	1672	1628	1650	1881	2024	2024	2035	1815	1826	2123	2101	1815	1771	1705	1628	1188	1364	1078	715	803	561	330	0	231	374	550	858	968	
1034	1089	1342	1584	1573	1639	1892	2046	2079	2112	1914	1947	2266	2277	2002	1969	1914	1848	1408	1595	1309	935	1001	737	473	231	0	231	429	682	836	
913	858	1111	1342	1342	1419	1672	1837	1892	1936	1760	1826	2156	2189	1936	1936	1914	1881	1430	1694	1419	1023	1188	946	693	374	231	0	198	473	605	
836	671	913	1144	1144	1232	1485	1661	1727	1793	1639	1716	2068	2134	1892	1914	1914	1914	1463	1782	1518	1100	1342	1111	880	550	429	198	0	352	418	
1122	462	726	990	1089	1243	1507	1727	1837	1936	1837	1936	2321	2398	2189	2233	2255	2255	1815	2134	1870	1463	1661	1419	1166	858	682	473	352	0	253	
990	253	506	748	836	979	1254	1474	1595	1705	1628	1738	2123	2233	2046	2112	2156	2200	1760	2134	1892	1474	1760	1540	1298	968	836	605	418	253	0	
V2
0	1976	2147	2261	1862	1691	1957	2071	1976	1938	1520	1577	2147	2223	1843	1938	2033	2147	1463	2299	2033	1387	2318	2185	2033	1596	1786	1577	1444	1938	1710	
1976	0	456	912	1178	1520	1976	2375	2660	2888	2850	3078	3762	3990	3724	3895	4009	4104	3363	4066	3667	2926	3477	3097	2679	2109	1881	1482	1159	798	437	
2147	456	0	475	874	1273	1691	2128	2451	2736	2774	3040	3724	4009	3800	4009	4161	4294	3591	4351	3971	3249	3857	3496	3116	2527	2318	1919	1577	1254	874	
2261	912	475	0	570	988	1349	1786	2147	2470	2603	2888	3572	3895	3762	3990	4199	4389	3724	4522	4199	3496	4180	3857	3477	2888	2736	2318	1976	1710	1292	
1862	1178	874	570	0	399	817	1235	1577	1900	2014	2318	3002	3325	3230	3477	3705	3933	3325	4161	3895	3211	3990	3705	3382	2812	2717	2318	1976	1881	1444	
1691	1520	1273	988	399	0	456	855	1178	1482	1615	1938	2603	2945	2869	3154	3401	3667	3097	3971	3743	3097	3933	3705	3420	2850	2831	2451	2128	2147	1691	
1957	1976	1691	1349	817	456	0	418	817	1178	1463	1786	2413	2793	2831	3154	3439	3743	3249	4161	3971	3363	4256	4066	3819	3249	3268	2888	2565	2603	2166	
2071	2375	2128	1786	1235	855	418	0	437	817	1197	1539	2090	2508	2622	2964	3306	3648	3230	4142	4009	3458	4389	4237	4028	3496	3534	3173	2869	2983	2546	
1976	2660	2451	2147	1577	1178	817	437	0	380	836	1159	1672	2090	2242	2603	2964	3325	2983	3895	3819	3306	4275	4180	4009	3496	3591	3268	2983	3173	2755	
1938	2888	2736	2470	1900	1482	1178	817	380	0	551	817	1292	1729	1919	2299	2660	3040	2774	3686	3648	3192	4161	4123	3990	3515	3648	3344	3097	3344	2945	
1520	2850	2774	2603	2014	1615	1463	1197	836	551	0	323	969	1330	1406	1767	2128	2489	2223	3135	3097	2679	3667	3648	3553	3135	3306	3040	2831	3173	2812	
1577	3078	3040	2888	2318	1938	1786	1539	1159	817	323	0	684	1007	1083	1463	1843	2223	2033	2907	2926	2584	3572	3591	3534	3154	3363	3154	2964	3344	3002	
2147	3762	3724	3572	3002	2603	2413	2090	1672	1292	969	684	0	456	874	1273	1691	2128	2185	2964	3116	2907	3857	3971	3971	3667	3914	3724	3572	4009	3667	
2223	3990	4009	3895	3325	2945	2793	2508	2090	1729	1330	1007	456	0	570	912	1330	1767	1938	2660	2850	2755	3667	3819	3895	3629	3933	3781	3686	4142	3857	
1843	3724	3800	3762	3230	2869	2831	2622	2242	1919	1406	1083	874	570	0	399	798	1235	1368	2090	2280	2185	3097	3268	3344	3135	3458	3344	3268	3781	3534	
1938	3895	4009	3990	3477	3154	3154	2964	2603	2299	1767	1463	1273	912	399	0	418	855	1121	1748	1976	1995	2850	3059	3211	3059	3401	3344	3306	3857	3648	
2033	4009	4161	4199	3705	3401	3439	3306	2964	2660	2128	1843	1691	1330	798	418	0	437	893	1349	1653	1786	2546	2831	3021	2945	3306	3306	3306	3895	3724	
2147	4104	4294	4389	3933	3667	3743	3648	3325	3040	2489	2223	2128	1767	1235	855	437	0	760	931	1311	1596	2242	2565	2812	2812	3192	3249	3306	3895	3800	
1463	3363	3591	3724	3325	3097	3249	3230	2983	2774	2223	2033	2185	1938	1368	1121	893	760	0	912	931	893	1729	1938	2109	2052	2432	2470	2527	3135	3040	
2299	4066	4351	4522	4161	3971	4161	4142	3895	3686	3135	2907	2964	2660	2090	1748	1349	931	912	0	513	1159	1425	1824	2166	2356	2755	2926	3078	3686	3686	
2033	3667	3971	4199	3895	3743	3971	4009	3819	3648	3097	2926	3116	2850	2280	1976	1653	1311	931	513	0	722	931	1311	1653	1862	2261	2451	2622	3230	3268	
1387	2926	3249	3496	3211	3097	3363	3458	3306	3192	2679	2584	2907	2755	2185	1995	1786	1596	893	1159	722	0	988	1064	1216	1235	1615	1767	1900	2527	2546	
2318	3477	3857	4180	3990	3933	4256	4389	4275	4161	3667	3572	3857	3667	3097	2850	2546	2242	1729	1425	931	988	0	494	931	1387	1729	2052	2318	2869	3040	
2185	3097	3496	3857	3705	3705	4066	4237	4180	4123	3648	3591	3971	3819	3268	3059	2831	2565	1938	1824	1311	1064	494	0	456	969	1273	1634	1919	2451	2660	
2033	2679	3116	3477	3382	3420	3819	4028	4009	3990	3553	3534	3971	3895	3344	3211	3021	2812	2109	2166	1653	1216	931	456	0	570	817	1197	1520	2014	2242	
1596	2109	2527	2888	2812	2850	3249	3496	3496	3515	3135	3154	3667	3629	3135	3059	2945	2812	2052	2356	1862	1235	1387	969	570	0	399	646	950	1482	1672	
1786	1881	2318	2736	2717	2831	3268	3534	3591	3648	3306	3363	3914	3933	3458	3401	3306	3192	2432	2755	2261	1615	1729	1273	817	399	0	399	741	1178	1444	
1577	1482	1919	2318	2318	2451	2888	3173	3268	3344	3040	3154	3724	3781	3344	3344	3306	3249	2470	2926	2451	1767	2052	1634	1197	646	399	0	342	817	1045	
1444	1159	1577	1976	1976	2128	2565	2869	2983	3097	2831	2964	3572	3686	3268	3306	3306	3306	2527	3078	2622	1900	2318	1919	1520	950	741	342	0	608	722	
1938	798	1254	1710	1881	2147	2603	2983	3173	3344	3173	3344	4009	4142	3781	3857	3895	3895	3135	3686	3230	2527	2869	2451	2014	1482	1178	817	608	0	437	
1710	437	874	1292	1444	1691	2166	2546	2755	2945	2812	3002	3667	3857	3534	3648	3724	3800	3040	3686	3268	2546	3040	2660	2242	1672	1444	1045	722	437	0	
V3
0	1456	1582	1666	1372	1246	1442	1526	1456	1428	1120	1162	1582	1638	1358	1428	1498	1582	1078	1694	1498	1022	1708	1610	1498	1176	1316	1162	1064	1428	1260	
1456	0	336	672	868	1120	1456	1750	1960	2128	2100	2268	2772	2940	2744	2870	2954	3024	2478	2996	2702	2156	2562	2282	1974	1554	1386	1092	854	588	322	
1582	336	0	350	644	938	1246	1568	1806	2016	2044	2240	2744	2954	2800	2954	3066	3164	2646	3206	2926	2394	2842	2576	2296	1862	1708	1414	1162	924	644	
1666	672	350	0	420	728	994	1316	1582	1820	1918	2128	2632	2870	2772	2940	3094	3234	2744	3332	3094	2576	3080	2842	2562	2128	2016	1708	1456	1260	952	
1372	868	644	420	0	294	602	910	1162	1400	1484	1708	2212	2450	2380	2562	2730	2898	2450	3066	2870	2366	2940	2730	2492	2072	2002	1708	1456	1386	1064	
1246	1120	938	728	294	0	336	630	868	1092	1190	1428	1918	2170	2114	2324	2506	2702	2282	2926	2758	2282	2898	2730	2520	2100	2086	1806	1568	1582	1246	
1442	1456	1246	994	602	336	0	308	602	868	1078	1316	1778	2058	2086	2324	2534	2758	2394	3066	2926	2478	3136	2996	2814	2394	2408	2128	1890	1918	1596	
1526	1750	1568	1316	910	630	308	0	322	602	882	1134	1540	1848	1932	2184	2436	2688	2380	3052	2954	2548	3234	3122	2968	2576	2604	2338	2114	2198	1876	
1456	1960	1806	1582	1162	868	602	322	0	280	616	854	1232	1540	1652	1918	2184	2450	2198	2870	2814	2436	3150	3080	2954	2576	2646	2408	2198	2338	2030	
1428	2128	2016	1820	1400	1092	868	602	280	0	406	602	952	1274	1414	1694	1960	2240	2044	2716	2688	2352	3066	3038	2940	2590	2688	2464	2282	2464	2170	
1120	2100	2044	1918	1484	1190	1078	882	616	406	0	238	714	980	1036	1302	1568	1834	1638	2310	2282	1974	2702	2688	2618	2310	2436	2240	2086	2338	2072	
1162	2268	2240	2128	1708	1428	1316	1134	854	602	238	0	504	742	798	1078	1358	1638	1498	2142	2156	1904	2632	2646	2604	2324	2478	2324	2184	2464	2212	
1582	2772	2744	2632	2212	1918	1778	1540	1232	952	714	504	0	336	644	938	1246	1568	1610	2184	2296	2142	2842	2926	2926	2702	2884	2744	2632	2954	2702	
1638	2940	2954	2870	2450	2170	2058	1848	1540	1274	980	742	336	0	420	672	980	1302	1428	1960	2100	2030	2702	2814	2870	2674	2898	2786	2716	3052	2842	
1358	2744	2800	2772	2380	2114	2086	1932	1652	1414	1036	798	644	420	0	294	588	910	1008	1540	1680	1610	2282	2408	2464	2310	2548	2464	2408	2786	2604	
1428	2870	2954	2940	2562	2324	2324	2184	1918	1694	1302	1078	938	672	294	0	308	630	826	1288	1456	1470	2100	2254	2366	2254	2506	2464	2436	2842	2688	
1498	2954	3066	3094	2730	2506	2534	2436	2184	1960	1568	1358	1246	980	588	308	0	322	658	994	1218	1316	1876	2086	2226	2170	2436	2436	2436	2870	2744	
1582	3024	3164	3234	2898	2702	2758	2688	2450	2240	1834	1638	1568	1302	910	630	322	0	560	686	966	1176	1652	1890	2072	2072	2352	2394	2436	2870	2800	
1078	2478	2646	2744	2450	2282	2394	2380	2198	2044	1638	1498	1610	1428	1008	826	658	560	0	672	686	658	1274	1428	1554	1512	1792	1820	1862	2310	2240	
1694	2996	3206	3332	3066	2926	3066	3052	2870	2716	2310	2142	2184	1960	1540	1288	994	686	672	0	378	854	1050	1344	1596	1736	2030	2156	2268	2716	2716	
1498	2702	2926	3094	2870	2758	2926	2954	2814	2688	2282	2156	2296	2100	1680	1456	1218	966	686	378	0	532	686	966	1218	1372	1666	1806	1932	2380	2408	
1022	2156	2394	2576	2366	2282	2478	2548	2436	2352	1974	1904	2142	2030	1610	1470	1316	1176	658	854	532	0	728	784	896	910	1190	1302	1400	1862	1876	
1708	2562	2842	3080	2940	2898	3136	3234	3150	3066	2702	2632	2842	2702	2282	2100	1876	1652	1274	1050	686	728	0	364	686	1022	1274	1512	1708	2114	2240	
1610	2282	2576	2842	2730	2730	2996	3122	3080	3038	2688	2646	2926	2814	2408	2254	2086	1890	1428	1344	966	784	364	0	336	714	938	1204	1414	1806	1960	
1498	1974	2296	2562	2492	2520	2814	2968	2954	2940	2618	2604	2926	2870	2464	2366	2226	2072	1554	1596	1218	896	686	336	0	420	602	882	1120	1484	1652	
1176	1554	1862	2128	2072	2100	2394	2576	2576	2590	2310	2324	2702	2674	2310	2254	2170	2072	1512	1736	1372	910	1022	714	420	0	294	476	700	1092	1232	
1316	1386	1708	2016	2002	2086	2408	2604	2646	2688	2436	2478	2884	2898	2548	2506	2436	2352	1792	2030	1666	1190	1274	938	602	294	0	294	546	868	1064	
1162	1092	1414	1708	1708	1806	2128	2338	2408	2464	2240	2324	2744	2786	2464	2464	2436	2394	1820	2156	1806	1302	1512	1204	882	476	294	0	252	602	770	
1064	854	1162	1456	1456	1568	1890	2114	2198	2282	2086	2184	2632	2716	2408	2436	2436	2436	1862	2268	1932	1400	1708	1414	1120	700	546	252	0	448	532	
1428	588	924	1260	1386	1582	1918	2198	2338	2464	2338	2464	2954	3052	2786	2842	2870	2870	2310	2716	2380	1862	2114	1806	1484	1092	868	602	448	0	322	
1260	322	644	952	1064	1246	1596	1876	2030	2170	2072	2212	2702	2842	2604	2688	2744	2800	2240	2716	2408	1876	2240	1960	1652	1232	1064	770	532	322	0	
V4
0	2350	2553	2689	2214	2011	2327	2463	2350	2305	1808	1875	2553	2644	2192	2305	2418	2553	1740	2734	2418	1649	2757	2599	2418	1898	2124	1875	1717	2305	2034	
2350	0	542	1084	1401	1808	2350	2825	3164	3435	3390	3661	4474	4746	4429	4633	4768	4881	4000	4836	4361	3480	4135	3683	3186	2508	2237	1762	1378	949	519	
2553	542	0	565	1039	1514	2011	2531	2915	3254	3299	3616	4429	4768	4520	4768	4949	5107	4271	5175	4723	3864	4587	4158	3706	3005	2757	2282	1875	1491	1039	
2689	1084	565	0	678	1175	1604	2124	2553	2938	3096	3435	4248	4633	4474	4746	4994	5220	4429	5378	4994	4158	4972	4587	4135	3435	3254	2757	2350	2034	1536	
2214	1401	1039	678	0	474	971	1469	1875	2260	2395	2757	3570	3955	3842	4135	4407	4678	3955	4949	4633	3819	4746	4407	4022	3344	3231	2757	2350	2237	1717	
2011	1808	1514	1175	474	0	542	1017	1401	1762	1921	2305	3096	3503	3412	3751	4045	4361	3683	4723	4452	3683	4678	4407	4068	3390	3367	2915	2531	2553	2011	
2327	2350	2011	1604	971	542	0	497	971	1401	1740	2124	2870	3322	3367	3751	4090	4452	3864	4949	4723	4000	5062	4836	4542	3864	3887	3435	3051	3096	2576	
2463	2825	2531	2124	1469	1017	497	0	519	971	1423	1830	2486	2983	3118	3525	3932	4339	3842	4926	4768	4113	5220	5039	4791	4158	4203	3774	3412	3548	3028	
2350	3164	2915	2553	1875	1401	971	519	0	452	994	1378	1988	2486	2666	3096	3525	3955	3548	4633	4542	3932	5085	4972	4768	4158	4271	3887	3548	3774	3277	
2305	3435	3254	2938	2260	1762	1401	971	452	0	655	971	1536	2056	2282	2734	3164	3616	3299	4384	4339	3796	4949	4904	4746	4181	4339	3977	3683	3977	3503	
1808	3390	3299	3096	2395	1921	1740	1423	994	655	0	384	1152	1582	1672	2101	2531	2960	2644	3729	3683	3186	4361	4339	4226	3729	3932	3616	3367	3774	3344	
1875	3661	3616	3435	2757	2305	2124	1830	1378	971	384	0	813	1197	1288	1740	2192	2644	2418	3457	3480	3073	4248	4271	4203	3751	4000	3751	3525	3977	3570	
2553	4474	4429	4248	3570	3096	2870	2486	1988	1536	1152	813	0	542	1039	1514	2011	2531	2599	3525	3706	3457	4587	4723	4723	4361	4655	4429	4248	4768	4361	
2644	4746	4768	4633	3955	3503	3322	2983	2486	2056	1582	1197	542	0	678	1084	1582	2101	2305	3164	3390	3277	4361	4542	4633	4316	4678	4497	4384	4926	4587	
2192	4429	4520	4474	3842	3412	3367	3118	2666	2282	1672	1288	1039	678	0	474	949	1469	1627	2486	2712	2599	3683	3887	3977	3729	4113	3977	3887	4497	4203	
2305	4633	4768	4746	4135	3751	3751	3525	3096	2734	2101	1740	1514	1084	474	0	497	1017	1333	2079	2350	2373	3390	3638	3819	3638	4045	3977	3932	4587	4339	
2418	4768	4949	4994	4407	4045	4090	3932	3525	3164	2531	2192	2011	1582	949	497	0	519	1062	1604	1966	2124	3028	3367	3593	3503	3932	3932	3932	4633	4429	
2553	4881	5107	5220	4678	4361	4452	4339	3955	3616	2960	2644	2531	2101	1469	1017	519	0	904	1107	1559	1898	2666	3051	3344	3344	3796	3864	3932	4633	4520	
1740	4000	4271	4429	3955	3683	3864	3842	3548	3299	2644	2418	2599	2305	1627	1333	1062	904	0	1084	1107	1062	2056	2305	2508	2440	2892	2938	3005	3729	3616	
2734	4836	5175	5378	4949	4723	4949	4926	4633	4384	3729	3457	3525	3164	2486	2079	1604	1107	1084	0	610	1378	1695	2169	2576	2802	3277	3480	3661	4384	4384	
2418	4361	4723	4994	4633	4452	4723	4768	4542	4339	3683	3480	3706	3390	2712	2350	1966	1559	1107	610	0	858	1107	1559	1966	2214	2689	2915	3118	3842	3887	
1649	3480	3864	4158	3819	3683	4000	4113	3932	3796	3186	3073	3457	3277	2599	2373	2124	1898	1062	1378	858	0	1175	1265	1446	1469	1921	2101	2260	3005	3028	
2757	4135	4587	4972	4746	4678	5062	5220	5085	4949	4361	4248	4587	4361	3683	3390	3028	2666	2056	1695	1107	1175	0	587	1107	1649	2056	2440	2757	3412	3616	
2599	3683	4158	4587	4407	4407	4836	5039	4972	4904	4339	4271	4723	4542	3887	3638	3367	3051	2305	2169	1559	1265	587	0	542	1152	1514	1943	2282	2915	3164	
2418	3186	3706	4135	4022	4068	4542	4791	4768	4746	4226	4203	4723	4633	3977	3819	3593	3344	2508	2576	1966	1446	1107	542	0	678	971	1423	1808	2395	2666	
1898	2508	3005	3435	3344	3390	3864	4158	4158	4181	3729	3751	4361	4316	3729	3638	3503	3344	2440	2802	2214	1469	1649	1152	678	0	474	768	1130	1762	1988	
2124	2237	2757	3254	3231	3367	3887	4203	4271	4339	3932	4000	4655	4678	4113	4045	3932	3796	2892	3277	2689	1921	2056	1514	971	474	0	474	881	1401	1717	
1875	1762	2282	2757	2757	2915	3435	3774	3887	3977	3616	3751	4429	4497	3977	3977	3932	3864	2938	3480	2915	2101	2440	1943	1423	768	474	0	406	971	1243	
1717	1378	1875	2350	2350	2531	3051	3412	3548	3683	3367	3525	4248	4384	3887	3932	3932	3932	3005	3661	3118	2260	2757	2282	1808	1130	881	406	0	723	858	
2305	949	1491	2034	2237	2553	3096	3548	3774	3977	3774	3977	4768	4926	4497	4587	4633	4633	3729	4384	3842	3005	3412	2915	2395	1762	1401	971	723	0	519	
2034	519	1039	1536	1717	2011	2576	3028	3277	3503	3344	3570	4361	4587	4203	4339	4429	4520	3616	4384	3887	3028	3616	3164	2666	1988	1717	1243	858	519	0	
V5
0	2184	2373	2499	2058	1869	2163	2289	2184	2142	1680	1743	2373	2457	2037	2142	2247	2373	1617	2541	2247	1533	2562	2415	2247	1764	1974	1743	1596	2142	1890	
2184	0	504	1008	1302	1680	2184	2625	2940	3192	3150	3402	4158	4410	4116	4305	4431	4536	3717	4494	4053	3234	3843	3423	2961	2331	2079	1638	1281	882	483	
2373	504	0	525	966	1407	1869	2352	2709	3024	3066	3360	4116	4431	4200	4431	4599	4746	3969	4809	4389	3591	4263	3864	3444	2793	2562	2121	1743	1386	966	
2499	1008	525	0	630	1092	1491	1974	2373	2730	2877	3192	3948	4305	4158	4410	4641	4851	4116	4998	4641	3864	4620	4263	3843	3192	3024	2562	2184	1890	1428	
2058	1302	966	630	0	441	903	1365	1743	2100	2226	2562	3318	3675	3570	3843	4095	4347	3675	4599	4305	3549	4410	4095	3738	3108	3003	2562	2184	2079	1596	
1869	1680	1407	1092	441	0	504	945	1302	1638	1785	2142	2877	3255	3171	3486	3759	4053	3423	4389	4137	3423	4347	4095	3780	3150	3129	2709	2352	2373	1869	
2163	2184	1869	1491	903	504	0	462	903	1302	1617	1974	2667	3087	3129	3486	3801	4137	3591	4599	4389	3717	4704	4494	4221	3591	3612	3192	2835	2877	2394	
2289	2625	2352	1974	1365	945	462	0	483	903	1323	1701	2310	2772	2898	3276	3654	4032	3570	4578	4431	3822	4851	4683	4452	3864	3906	3507	3171	3297	2814	
2184	2940	2709	2373	1743	1302	903	483	0	420	924	1281	1848	2310	2478	2877	3276	3675	3297	4305	4221	3654	4725	4620	4431	3864	3969	3612	3297	3507	3045	
2142	3192	3024	2730	2100	1638	1302	903	420	0	609	903	1428	1911	2121	2541	2940	3360	3066	4074	4032	3528	4599	4557	4410	3885	4032	3696	3423	3696	3255	
1680	3150	3066	2877	2226	1785	1617	1323	924	609	0	357	1071	1470	1554	1953	2352	2751	2457	3465	3423	2961	4053	4032	3927	3465	3654	3360	3129	3507	3108	
1743	3402	3360	3192	2562	2142	1974	1701	1281	903	357	0	756	1113	1197	1617	2037	2457	2247	3213	3234	2856	3948	3969	3906	3486	3717	3486	3276	3696	3318	
2373	4158	4116	3948	3318	2877	2667	2310	1848	1428	1071	756	0	504	966	1407	1869	2352	2415	3276	3444	3213	4263	4389	4389	4053	4326	4116	3948	4431	4053	
2457	4410	4431	4305	3675	3255	3087	2772	2310	1911	1470	1113	504	0	630	1008	1470	1953	2142	2940	3150	3045	4053	4221	4305	4011	4347	4179	4074	4578	4263	
2037	4116	4200	4158	3570	3171	3129	2898	2478	2121	1554	1197	966	630	0	441	882	1365	1512	2310	2520	2415	3423	3612	3696	3465	3822	3696	3612	4179	3906	
2142	4305	4431	4410	3843	3486	3486	3276	2877	2541	1953	1617	1407	1008	441	0	462	945	1239	1932	2184	2205	3150	3381	3549	3381	3759	3696	3654	4263	4032	
2247	4431	4599	4641	4095	3759	3801	3654	3276	2940	2352	2037	1869	1470	882	462	0	483	987	1491	1827	1974	2814	3129	3339	3255	3654	3654	3654	4305	4116	
2373	4536	4746	4851	4347	4053	4137	4032	3675	3360	2751	2457	2352	1953	1365	945	483	0	840	1029	1449	1764	2478	2835	3108	3108	3528	3591	3654	4305	4200	
1617	3717	3969	4116	3675	3423	3591	3570	3297	3066	2457	2247	2415	2142	1512	1239	987	840	0	1008	1029	987	1911	2142	2331	2268	2688	2730	2793	3465	3360	
2541	4494	4809	4998	4599	4389	4599	4578	4305	4074	3465	3213	3276	2940	2310	1932	1491	1029	1008	0	567	1281	1575	2016	2394	2604	3045	3234	3402	4074	4074	
2247	4053	4389	4641	4305	4137	4389	4431	4221	4032	3423	3234	3444	3150	2520	2184	1827	1449	1029	567	0	798	1029	1449	1827	2058	2499	2709	2898	3570	3612	
1533	3234	3591	3864	3549	3423	3717	3822	3654	3528	2961	2856	3213	3045	2415	2205	1974	1764	987	1281	798	0	1092	1176	1344	1365	1785	1953	2100	2793	2814	
2562	3843	4263	4620	4410	4347	4704	4851	4725	4599	4053	3948	4263	4053	3423	3150	2814	2478	1911	1575	1029	1092	0	546	1029	1533	1911	2268	2562	3171	3360	
2415	3423	3864	4263	4095	4095	4494	4683	4620	4557	4032	3969	4389	4221	3612	3381	3129	2835	2142	2016	1449	1176	546	0	504	1071	1407	1806	2121	2709	2940	
2247	2961	3444	3843	3738	3780	4221	4452	4431	4410	3927	3906	4389	4305	3696	3549	3339	3108	2331	2394	1827	1344	1029	504	0	630	903	1323	1680	2226	2478	
1764	2331	2793	3192	3108	3150	3591	3864	3864	3885	3465	3486	4053	4011	3465	3381	3255	3108	2268	2604	2058	1365	1533	1071	630	0	441	714	1050	1638	1848	
1974	2079	2562	3024	3003	3129	3612	3906	3969	4032	3654	3717	4326	4347	3822	3759	3654	3528	2688	3045	2499	1785	1911	1407	903	441	0	441	819	1302	1596	
1743	1638	2121	2562	2562	2709	3192	3507	3612	3696	3360	3486	4116	4179	3696	3696	3654	3591	2730	3234	2709	1953	2268	1806	1323	714	441	0	378	903	1155	
1596	1281	1743	2184	2184	2352	2835	3171	3297	3423	3129	3276	3948	4074	3612	3654	3654	3654	2793	3402	2898	2100	2562	2121	1680	1050	819	378	0	672	798	
2142	882	1386	1890	2079	2373	2877	3297	3507	3696	3507	3696	4431	4578	4179	4263	4305	4305	3465	4074	3570	2793	3171	2709	2226	1638	1302	903	672	0	483	
1890	483	966	1428	1596	1869	2394	2814	3045	3255	3108	3318	4053	4263	3906	4032	4116	4200	3360	4074	3612	2814	3360	2940	2478	1848	1596	1155	798	483	0	
V6
0	2516	2734	2879	2371	2153	2492	2637	2516	2468	1936	2008	2734	2831	2347	2468	2589	2734	1863	2928	2589	1766	2952	2783	2589	2032	2274	2008	1839	2468	2178	
2516	0	580	1161	1500	1936	2516	3025	3388	3678	3630	3920	4791	5082	4743	4961	5106	5227	4283	5178	4670	3726	4428	3944	3412	2686	2395	1887	1476	1016	556	
2734	580	0	605	1113	1621	2153	2710	3121	3484	3533	3872	4743	5106	4840	5106	5299	5469	4573	5541	5057	4138	4912	4452	3968	3218	2952	2444	2008	1597	1113	
2879	1161	605	0	726	1258	1718	2274	2734	3146	3315	3678	4549	4961	4791	5082	5348	5590	4743	5759	5348	4452	5324	4912	4428	3678	3484	2952	2516	2178	1645	
2371	1500	1113	726	0	508	1040	1573	2008	2420	2565	2952	3823	4235	4114	4428	4719	5009	4235	5299	4961	4089	5082	4719	4307	3581	3460	2952	2516	2395	1839	
2153	1936	1621	1258	508	0	580	1089	1500	1887	2057	2468	3315	3751	3654	4017	4331	4670	3944	5057	4767	3944	5009	4719	4356	3630	3605	3121	2710	2734	2153	
2492	2516	2153	1718	1040	580	0	532	1040	1500	1863	2274	3073	3557	3605	4017	4380	4767	4138	5299	5057	4283	5420	5178	4864	4138	4162	3678	3267	3315	2758	
2637	3025	2710	2274	1573	1089	532	0	556	1040	1524	1960	2662	3194	3339	3775	4210	4646	4114	5275	5106	4404	5590	5396	5130	4452	4501	4041	3654	3799	3242	
2516	3388	3121	2734	2008	1500	1040	556	0	484	1064	1476	2129	2662	2855	3315	3775	4235	3799	4961	4864	4210	5445	5324	5106	4452	4573	4162	3799	4041	3509	
2468	3678	3484	3146	2420	1887	1500	1040	484	0	701	1040	1645	2202	2444	2928	3388	3872	3533	4694	4646	4065	5299	5251	5082	4477	4646	4259	3944	4259	3751	
1936	3630	3533	3315	2565	2057	1863	1524	1064	701	0	411	1234	1694	1790	2250	2710	3170	2831	3993	3944	3412	4670	4646	4525	3993	4210	3872	3605	4041	3581	
2008	3920	3872	3678	2952	2468	2274	1960	1476	1040	411	0	871	1282	1379	1863	2347	2831	2589	3702	3726	3291	4549	4573	4501	4017	4283	4017	3775	4259	3823	
2734	4791	4743	4549	3823	3315	3073	2662	2129	1645	1234	871	0	580	1113	1621	2153	2710	2783	3775	3968	3702	4912	5057	5057	4670	4985	4743	4549	5106	4670	
2831	5082	5106	4961	4235	3751	3557	3194	2662	2202	1694	1282	580	0	726	1161	1694	2250	2468	3388	3630	3509	4670	4864	4961	4622	5009	4815	4694	5275	4912	
