M: 2
N: 30
Nun_Veiculos: 14
Capacidade_Total: 1120
Demanda_Total: 587
Setup_Min: 1
Setup_Max: 99
Raio: 100
Circulos: 1
Tempo_Processamento_Min: 1
Tempo_Processamento_Max: 49
Demanda_Min: 10
Demanda_Max: 30
Priority_Factor: 0.2
Range_Factor_R: 0.8
U_factor: 2
ALpha: 0.2Replicao: 2
Tempos_Processamentos
0	0	1	0	
0	13	1	25	
0	24	1	21	
0	3	1	3	
0	36	1	44	
0	22	1	7	
0	2	1	4	
0	23	1	20	
0	43	1	13	
0	22	1	18	
0	32	1	31	
0	32	1	47	
0	36	1	29	
0	13	1	30	
0	32	1	40	
0	28	1	12	
0	33	1	45	
0	10	1	1	
0	41	1	13	
0	5	1	36	
0	16	1	8	
0	5	1	41	
0	35	1	40	
0	33	1	32	
0	2	1	14	
0	1	1	47	
0	36	1	22	
0	2	1	16	
0	7	1	20	
0	5	1	16	
0	21	1	44	

Tempos_setup
M0
0	0	0	0	0	0	0	0	0	0	0	0	0	0	0	0	0	0	0	0	0	0	0	0	0	0	0	0	0	0	0	
0	0	11	4	11	16	8	1	6	8	13	8	22	20	8	19	15	7	14	2	12	14	6	14	11	3	9	11	16	22	7	
0	7	0	5	14	15	5	8	7	7	12	7	21	19	11	15	15	6	11	9	6	13	5	5	8	2	5	5	9	21	8	
0	2	13	0	13	16	4	3	2	9	13	10	24	22	10	17	11	9	10	4	11	14	8	10	7	5	11	13	12	23	3	
0	12	21	12	0	13	5	12	14	10	12	10	24	23	13	11	15	9	11	12	2	13	16	17	8	13	15	1	13	22	13	
0	5	16	9	9	0	9	6	11	10	15	13	27	22	6	12	3	12	12	7	6	16	11	19	12	8	8	5	17	26	12	
0	12	16	10	13	12	0	7	12	8	9	13	22	20	10	13	12	12	6	14	7	10	11	17	3	8	12	13	8	20	10	
0	5	16	3	16	19	7	0	5	12	16	13	27	25	13	20	14	12	13	7	14	17	11	13	10	8	14	16	15	26	6	
0	7	18	5	15	14	2	2	0	7	11	10	24	22	12	15	9	9	8	9	9	12	8	8	5	10	14	11	10	22	1	
0	8	19	6	18	21	9	9	8	0	18	16	30	28	16	22	17	15	15	10	10	19	14	16	6	11	17	19	17	23	9	
0	8	19	12	12	3	3	9	14	11	0	6	25	11	9	6	3	15	9	10	6	1	14	20	6	11	11	5	11	20	13	
0	20	29	20	8	21	13	18	22	18	20	0	32	31	21	19	23	17	19	20	10	21	24	18	16	21	23	9	21	14	20	
0	10	18	12	5	16	4	11	9	6	13	12	0	12	2	7	4	11	10	9	6	2	10	17	7	12	4	5	12	24	10	
0	8	19	6	16	15	3	3	8	8	12	11	25	0	13	16	10	10	9	10	10	13	9	9	6	11	15	12	11	23	2	
0	12	16	10	3	15	7	9	7	4	13	11	25	16	0	13	16	10	13	7	4	14	15	15	10	13	2	3	15	24	8	
0	20	31	18	13	24	15	15	20	20	23	23	31	12	25	0	16	22	21	22	13	24	21	21	18	23	27	14	23	17	14	
0	6	17	10	11	14	6	7	12	14	13	14	28	24	14	12	0	13	12	8	3	14	12	20	9	9	15	2	14	23	13	
0	3	14	7	9	19	10	4	9	1	16	1	15	22	11	18	18	0	16	4	9	17	9	17	7	6	12	8	18	15	10	
0	10	21	8	15	6	5	5	10	10	3	9	27	14	12	7	6	12	0	12	9	4	11	11	8	13	14	8	13	23	4	
0	17	28	15	25	31	19	12	17	24	28	25	20	18	22	27	24	24	25	0	26	22	23	25	22	20	24	25	27	38	18	
0	16	27	20	8	11	13	17	17	18	10	16	32	21	17	16	13	17	19	18	0	11	22	24	16	19	19	9	21	20	18	
0	8	18	12	13	14	2	9	14	10	11	15	24	10	12	5	2	14	8	10	5	0	13	19	5	10	14	4	10	22	12	
0	4	15	8	10	10	10	5	10	2	7	2	16	18	12	13	10	1	16	5	10	8	0	18	8	7	13	9	18	16	11	
0	15	22	13	9	21	13	15	13	10	18	11	18	22	6	19	10	12	19	13	10	19	11	0	16	18	8	9	4	17	14	
0	9	13	7	12	15	3	4	9	10	12	10	24	23	13	16	15	9	9	11	4	13	8	17	0	5	11	13	11	17	10	
0	7	8	11	13	13	13	8	11	5	10	5	19	20	15	16	13	4	19	8	13	11	3	13	11	0	6	12	17	19	12	
0	11	22	10	17	14	7	7	5	9	11	9	23	14	17	17	14	8	13	5	14	12	13	13	10	14	0	16	15	23	6	
0	16	20	14	9	12	4	11	15	12	11	17	26	22	12	10	14	16	10	18	1	12	15	18	7	12	14	0	12	21	14	
0	11	18	9	5	17	9	11	9	6	15	7	14	18	2	15	18	12	15	9	6	16	17	17	12	14	4	5	0	13	10	
0	9	20	7	13	13	11	4	9	14	10	15	22	18	10	6	13	16	17	11	14	11	15	4	14	12	12	13	8	0	10	
0	6	17	4	14	13	1	1	6	6	10	9	23	21	11	14	8	8	7	8	8	11	7	7	4	9	13	10	9	21	0	
M1
0	0	0	0	0	0	0	0	0	0	0	0	0	0	0	0	0	0	0	0	0	0	0	0	0	0	0	0	0	0	0	
0	0	27	28	19	13	14	29	10	10	22	17	11	8	14	12	19	24	1	34	25	24	14	28	36	19	15	21	14	25	17	
0	5	0	9	4	6	12	2	5	3	8	12	4	13	8	5	13	6	6	20	21	6	7	14	9	5	9	15	7	10	13	
0	20	15	0	19	15	21	11	17	12	22	20	13	16	14	14	11	15	9	30	25	21	12	16	18	4	15	17	16	25	19	
0	1	28	25	0	14	15	15	1	11	17	8	12	9	11	13	12	15	2	29	22	15	9	10	22	1	12	14	15	19	16	
0	27	38	37	26	0	25	23	26	24	22	32	25	32	23	26	28	27	28	22	29	20	21	28	30	24	24	21	20	24	28	
0	15	13	22	17	19	0	15	9	16	21	16	17	22	20	18	20	19	15	33	19	19	18	25	22	10	21	22	20	23	11	
0	9	23	20	18	4	10	0	9	1	14	16	2	17	6	3	11	4	10	19	19	16	5	20	7	9	7	13	5	18	11	
0	14	31	28	26	25	20	22	0	23	22	7	23	22	14	13	11	14	15	34	21	24	12	20	29	17	15	13	15	26	19	
0	8	22	19	17	3	9	21	8	0	13	15	1	16	5	2	10	14	9	25	18	15	4	19	28	10	6	12	4	17	10	
0	5	23	22	4	7	10	13	5	11	0	12	12	13	8	12	13	15	6	12	17	2	6	14	17	5	9	15	5	4	13	
0	16	24	21	19	22	18	23	10	21	15	0	22	17	7	11	12	7	10	27	20	17	5	21	30	12	8	14	13	19	12	
0	13	21	18	16	2	8	20	7	20	12	14	0	19	4	1	9	13	14	24	17	14	3	18	27	9	5	11	3	16	9	
0	9	24	21	19	20	11	25	12	17	17	19	18	0	9	4	14	16	6	29	17	19	7	23	32	14	10	16	6	17	9	
0	9	17	14	12	15	11	16	3	16	8	10	17	17	0	4	5	16	10	20	13	10	7	14	23	5	1	7	6	12	5	
0	14	20	19	17	20	7	21	8	21	13	15	22	18	5	0	10	12	15	25	18	15	3	19	28	10	6	12	2	16	10	
0	21	33	30	20	14	20	28	19	25	16	9	12	25	16	13	0	16	18	27	29	14	14	27	29	21	17	23	15	18	21	
0	24	32	29	27	23	23	19	18	20	23	25	21	17	15	19	20	0	10	35	26	25	13	25	26	5	16	18	21	27	20	
0	16	26	28	26	14	13	28	19	11	24	26	12	7	16	11	21	23	0	36	24	26	14	30	35	21	17	23	13	24	16	
0	10	24	21	19	5	11	1	10	2	15	10	3	14	7	4	12	5	7	0	20	17	6	21	8	2	8	14	6	19	12	
0	18	32	31	17	16	19	25	18	22	13	25	22	23	17	21	22	19	16	25	0	11	15	6	26	11	18	24	14	15	22	
0	7	21	20	6	5	8	15	7	11	2	14	12	12	6	10	11	13	8	14	15	0	4	13	15	7	7	13	3	4	11	
0	11	19	16	14	17	13	18	5	18	10	12	19	19	2	6	7	18	12	22	15	12	0	16	25	7	3	9	8	14	7	
0	12	26	25	11	10	13	20	12	16	7	19	17	17	11	15	16	18	11	19	20	5	9	0	20	12	12	18	8	9	16	
0	8	33	18	14	18	22	25	6	15	12	12	16	16	19	17	17	19	9	24	12	14	17	18	0	15	18	19	17	16	4	
0	19	27	24	22	18	18	14	13	15	18	20	16	12	10	14	15	18	5	30	21	20	8	20	21	0	11	13	16	22	15	
0	8	25	13	11	14	17	20	2	15	7	9	16	16	15	15	13	16	9	19	12	9	13	18	24	12	0	15	12	11	4	
0	18	31	28	18	13	19	9	17	10	14	24	11	16	14	12	19	13	9	26	8	12	12	7	16	4	15	0	14	16	19	
0	12	18	17	15	18	5	19	6	19	11	13	20	20	3	7	8	10	13	23	16	13	1	17	26	8	4	10	0	15	8	
0	15	23	20	18	10	16	22	9	7	14	16	8	23	6	9	11	21	16	26	19	16	11	20	29	11	7	13	11	0	11	
0	4	31	16	10	14	18	25	11	11	21	18	12	12	16	13	21	16	5	33	8	19	15	14	32	11	17	23	15	23	0	
Tamanho_Tarefas
0	16	22	3	37	14	3	21	17	18	31	34	32	21	35	18	39	2	27	11	9	19	37	32	5	10	25	2	12	5	30	
Data_Entrega
0	380	331	292	280	423	444	313	306	280	353	374	330	246	345	352	398	325	313	330	424	361	328	256	281	322	330	341	412	254	422	
Penalidade_Atraso
0	4	8	16	15	7	6	14	1	14	19	15	15	15	15	20	17	14	12	15	17	8	18	7	9	20	5	9	17	11	14	
Capacidade_Veiculo
96	43	110	81	96	80	116	94	41	52	65	113	73	60	
Custo_Fixo_Veiculo
960	430	1100	810	960	800	1160	940	410	520	650	1130	730	600	
Coordenadas_Clientes
x	0	y	0
x	92	y	0
x	77	y	16
x	93	y	41
x	74	y	54
x	83	y	92
x	37	y	65
x	30	y	95
x	8	y	85
x	-8	y	80
x	-30	y	94
x	-47	y	81
x	-74	y	83
x	-89	y	65
x	-84	y	37
x	-117	y	24
x	-125	y	0
x	-84	y	-17
x	-111	y	-49
x	-64	y	-47
x	-72	y	-81
x	-57	y	-99
x	-36	y	-112
x	-10	y	-99
x	10	y	-102
x	35	y	-110
x	62	y	-108
x	81	y	-90
x	76	y	-55
x	114	y	-50
x	104	y	-22
Tempo_Viagem
0	92	78	101	91	123	74	99	85	80	98	93	111	110	91	119	125	85	121	79	108	114	117	99	102	115	124	121	93	124	106	
92	0	21	41	56	92	84	112	118	127	153	160	185	192	179	210	217	176	208	162	182	178	170	142	130	123	111	90	57	54	25	
78	21	0	29	38	76	63	91	97	106	132	140	165	173	162	194	202	163	198	154	177	176	170	144	135	132	124	106	71	75	46	
101	41	29	0	23	51	60	82	95	107	133	145	172	183	177	210	221	186	222	179	205	205	199	173	164	161	151	131	97	92	63	
91	56	38	23	0	39	38	60	72	85	111	123	150	163	158	193	206	173	211	170	198	201	199	174	168	168	162	144	109	110	81	
123	92	76	51	39	0	53	53	75	91	113	130	157	173	175	210	227	199	239	202	231	236	236	212	207	207	200	182	147	143	114	
74	84	63	60	38	53	0	30	35	47	73	85	112	126	124	159	174	146	186	150	182	188	191	170	169	175	174	161	126	138	109	
99	112	91	82	60	53	30	0	24	40	60	78	104	122	127	162	181	159	200	170	203	212	216	198	198	205	204	191	156	166	137	
85	118	97	95	72	75	35	24	0	16	39	55	82	98	103	138	157	137	178	150	184	195	201	184	187	196	200	189	155	171	143	
80	127	106	107	85	91	47	40	16	0	26	39	66	82	87	122	141	123	164	138	172	185	194	179	182	194	200	191	159	178	151	
98	153	132	133	111	113	73	60	39	26	0	21	45	65	78	111	133	123	164	145	179	194	206	194	200	213	221	214	182	203	177	
93	160	140	145	123	130	85	78	55	39	21	0	27	44	57	90	112	104	144	129	163	180	193	183	191	207	217	213	183	207	182	
111	185	165	172	150	157	112	104	82	66	45	27	0	23	47	72	97	100	137	130	164	182	198	192	203	221	234	232	203	230	206	
110	192	173	183	163	173	126	122	98	82	65	44	23	0	28	49	74	82	116	114	146	166	184	182	194	214	229	230	203	233	211	
91	179	162	177	158	175	124	127	103	87	78	57	47	28	0	35	55	54	90	86	118	138	156	154	167	189	205	208	184	215	197	
119	210	194	210	193	210	159	162	138	122	111	90	72	49	35	0	25	52	73	88	114	136	158	162	178	202	222	228	208	242	225	
125	217	202	221	206	227	174	181	157	141	133	112	97	74	55	25	0	44	50	77	96	119	143	151	169	194	215	224	208	244	230	
85	176	163	186	173	199	146	159	137	123	123	104	100	82	54	52	44	0	41	36	65	86	106	110	126	151	172	180	164	200	188	
121	208	198	222	211	239	186	200	178	164	164	144	137	116	90	73	50	41	0	47	50	73	97	112	132	158	182	196	187	225	216	
79	162	154	179	170	202	150	170	150	138	145	129	130	114	86	88	77	36	47	0	34	52	70	74	92	117	139	151	140	178	169	
108	182	177	205	198	231	182	203	184	172	179	163	164	146	118	114	96	65	50	34	0	23	47	64	84	110	136	153	150	188	185	
114	178	176	205	201	236	188	212	195	185	194	180	182	166	138	136	119	86	73	52	23	0	24	47	67	92	119	138	140	177	178	
117	170	170	199	199	236	191	216	201	194	206	193	198	184	156	158	143	106	97	70	47	24	0	29	47	71	98	119	125	162	166	
99	142	144	173	174	212	170	198	184	179	194	183	192	182	154	162	151	110	112	74	64	47	29	0	20	46	72	91	96	133	137	
102	130	135	164	168	207	169	198	187	182	200	191	203	194	167	178	169	126	132	92	84	67	47	20	0	26	52	72	81	116	123	
115	123	132	161	168	207	175	205	196	194	213	207	221	214	189	202	194	151	158	117	110	92	71	46	26	0	27	50	68	99	111	
124	111	124	151	162	200	174	204	200	200	221	217	234	229	205	222	215	172	182	139	136	119	98	72	52	27	0	26	54	77	95	
121	90	106	131	144	182	161	191	189	191	214	213	232	230	208	228	224	180	196	151	153	138	119	91	72	50	26	0	35	51	71	
93	57	71	97	109	147	126	156	155	159	182	183	203	203	184	208	208	164	187	140	150	140	125	96	81	68	54	35	0	38	43	
124	54	75	92	110	143	138	166	171	178	203	207	230	233	215	242	244	200	225	178	188	177	162	133	116	99	77	51	38	0	29	
106	25	46	63	81	114	109	137	143	151	177	182	206	211	197	225	230	188	216	169	185	178	166	137	123	111	95	71	43	29	0	
Custo_Viagem
V0
0	1766	1497	1939	1747	2361	1420	1900	1632	1536	1881	1785	2131	2112	1747	2284	2400	1632	2323	1516	2073	2188	2246	1900	1958	2208	2380	2323	1785	2380	2035	
1766	0	403	787	1075	1766	1632	2169	2284	2457	2956	3072	3552	3686	3436	4032	4166	3379	3993	3110	3494	3417	3264	2726	2496	2361	2150	1728	1094	1036	480	
1497	403	0	556	729	1459	1209	1747	1862	2035	2534	2688	3168	3321	3110	3724	3878	3148	3801	2956	3398	3379	3264	2764	2592	2534	2380	2035	1363	1440	883	
1939	787	556	0	441	979	1152	1574	1824	2073	2553	2784	3302	3513	3398	4032	4243	3571	4262	3436	3936	3936	3840	3321	3168	3091	2918	2515	1862	1785	1209	
1747	1075	729	441	0	748	729	1152	1382	1651	2131	2361	2880	3129	3033	3705	3955	3321	4051	3283	3801	3859	3820	3340	3225	3225	3110	2764	2092	2131	1555	
2361	1766	1459	979	748	0	1017	1017	1440	1747	2169	2496	3014	3340	3360	4051	4358	3820	4588	3878	4454	4531	4531	4070	3974	3974	3859	3494	2822	2784	2208	
1420	1632	1209	1152	729	1017	0	576	672	902	1401	1632	2150	2419	2380	3052	3340	2803	3571	2880	3494	3628	3667	3264	3244	3360	3340	3091	2419	2649	2092	
1900	2169	1747	1574	1152	1017	576	0	460	768	1152	1497	1996	2342	2438	3129	3475	3052	3859	3264	3897	4070	4166	3801	3801	3936	3936	3667	2995	3206	2649	
1632	2284	1862	1824	1382	1440	672	460	0	307	748	1056	1574	1900	1977	2668	3014	2630	3436	2880	3532	3744	3859	3532	3590	3763	3840	3628	2976	3283	2745	
1536	2457	2035	2073	1651	1747	902	768	307	0	499	748	1267	1574	1670	2342	2707	2361	3168	2649	3321	3552	3724	3436	3494	3724	3840	3667	3052	3417	2899	
1881	2956	2534	2553	2131	2169	1401	1152	748	499	0	403	864	1248	1497	2131	2553	2361	3148	2784	3436	3724	3955	3724	3840	4108	4243	4108	3494	3897	3398	
1785	3072	2688	2784	2361	2496	1632	1497	1056	748	403	0	518	844	1094	1728	2150	1996	2764	2476	3129	3456	3705	3513	3667	3974	4185	4089	3513	3974	3494	
2131	3552	3168	3302	2880	3014	2150	1996	1574	1267	864	518	0	441	902	1401	1862	1920	2630	2496	3148	3494	3801	3686	3897	4243	4492	4454	3897	4416	3955	
2112	3686	3321	3513	3129	3340	2419	2342	1900	1574	1248	844	441	0	537	940	1420	1574	2227	2188	2803	3206	3532	3494	3724	4108	4396	4416	3916	4473	4051	
1747	3436	3110	3398	3033	3360	2380	2438	1977	1670	1497	1094	902	537	0	672	1056	1036	1728	1651	2265	2649	2995	2956	3206	3628	3936	3993	3532	4147	3782	
2284	4032	3724	4032	3705	4051	3052	3129	2668	2342	2131	1728	1401	940	672	0	480	998	1401	1689	2188	2611	3033	3129	3417	3878	4262	4377	3993	4646	4320	
2400	4166	3878	4243	3955	4358	3340	3475	3014	2707	2553	2150	1862	1420	1056	480	0	844	960	1478	1843	2304	2745	2899	3244	3724	4128	4300	3993	4684	4416	
1632	3379	3148	3571	3321	3820	2803	3052	2630	2361	2361	1996	1920	1574	1036	998	844	0	787	691	1248	1651	2035	2112	2419	2899	3302	3456	3148	3840	3609	
2323	3993	3801	4262	4051	4588	3571	3859	3436	3168	3148	2764	2630	2227	1728	1401	960	787	0	902	960	1401	1862	2150	2534	3033	3494	3763	3590	4320	4147	
1516	3110	2956	3436	3283	3878	2880	3264	2880	2649	2784	2476	2496	2188	1651	1689	1478	691	902	0	652	998	1344	1420	1766	2246	2668	2899	2688	3417	3244	
2073	3494	3398	3936	3801	4454	3494	3897	3532	3321	3436	3129	3148	2803	2265	2188	1843	1248	960	652	0	441	902	1228	1612	2112	2611	2937	2880	3609	3552	
2188	3417	3379	3936	3859	4531	3628	4070	3744	3552	3724	3456	3494	3206	2649	2611	2304	1651	1401	998	441	0	460	902	1286	1766	2284	2649	2688	3398	3417	
2246	3264	3264	3840	3820	4531	3667	4166	3859	3724	3955	3705	3801	3532	2995	3033	2745	2035	1862	1344	902	460	0	556	902	1363	1881	2284	2400	3110	3187	
1900	2726	2764	3321	3340	4070	3264	3801	3532	3436	3724	3513	3686	3494	2956	3129	2899	2112	2150	1420	1228	902	556	0	384	883	1382	1747	1843	2553	2630	
1958	2496	2592	3168	3225	3974	3244	3801	3590	3494	3840	3667	3897	3724	3206	3417	3244	2419	2534	1766	1612	1286	902	384	0	499	998	1382	1555	2227	2361	
2208	2361	2534	3091	3225	3974	3360	3936	3763	3724	4108	3974	4243	4108	3628	3878	3724	2899	3033	2246	2112	1766	1363	883	499	0	518	960	1305	1900	2131	
2380	2150	2380	2918	3110	3859	3340	3936	3840	3840	4243	4185	4492	4396	3936	4262	4128	3302	3494	2668	2611	2284	1881	1382	998	518	0	499	1036	1478	1824	
2323	1728	2035	2515	2764	3494	3091	3667	3628	3667	4108	4089	4454	4416	3993	4377	4300	3456	3763	2899	2937	2649	2284	1747	1382	960	499	0	672	979	1363	
1785	1094	1363	1862	2092	2822	2419	2995	2976	3052	3494	3513	3897	3916	3532	3993	3993	3148	3590	2688	2880	2688	2400	1843	1555	1305	1036	672	0	729	825	
2380	1036	1440	1785	2131	2784	2649	3206	3283	3417	3897	3974	4416	4473	4147	4646	4684	3840	4320	3417	3609	3398	3110	2553	2227	1900	1478	979	729	0	556	
2035	480	883	1209	1555	2208	2092	2649	2745	2899	3398	3494	3955	4051	3782	4320	4416	3609	4147	3244	3552	3417	3187	2630	2361	2131	1824	1363	825	556	0	
V1
0	791	670	868	782	1057	636	851	731	688	842	799	954	946	782	1023	1075	731	1040	679	928	980	1006	851	877	989	1066	1040	799	1066	911	
791	0	180	352	481	791	731	971	1023	1100	1324	1376	1591	1651	1539	1806	1866	1513	1788	1393	1565	1530	1462	1221	1118	1057	963	774	490	464	215	
670	180	0	249	326	653	541	782	834	911	1135	1204	1419	1487	1393	1668	1737	1410	1702	1324	1522	1513	1462	1238	1161	1135	1066	911	610	645	395	
868	352	249	0	197	438	516	705	817	928	1143	1247	1479	1573	1522	1806	1900	1599	1909	1539	1763	1763	1720	1487	1419	1384	1307	1126	834	799	541	
782	481	326	197	0	335	326	516	619	739	954	1057	1290	1401	1358	1659	1771	1487	1814	1470	1702	1728	1711	1496	1444	1444	1393	1238	937	954	696	
1057	791	653	438	335	0	455	455	645	782	971	1118	1350	1496	1505	1814	1952	1711	2055	1737	1995	2029	2029	1823	1780	1780	1728	1565	1264	1247	989	
636	731	541	516	326	455	0	258	301	404	627	731	963	1083	1066	1367	1496	1255	1599	1290	1565	1625	1642	1462	1453	1505	1496	1384	1083	1186	937	
851	971	782	705	516	455	258	0	206	344	516	670	894	1049	1092	1401	1556	1367	1728	1462	1745	1823	1866	1702	1702	1763	1763	1642	1341	1436	1186	
731	1023	834	817	619	645	301	206	0	137	335	473	705	851	885	1195	1350	1178	1539	1290	1582	1677	1728	1582	1608	1685	1720	1625	1333	1470	1229	
688	1100	911	928	739	782	404	344	137	0	223	335	567	705	748	1049	1212	1057	1419	1186	1487	1591	1668	1539	1565	1668	1720	1642	1367	1530	1298	
842	1324	1135	1143	954	971	627	516	335	223	0	180	387	559	670	954	1143	1057	1410	1247	1539	1668	1771	1668	1720	1840	1900	1840	1565	1745	1522	
799	1376	1204	1247	1057	1118	731	670	473	335	180	0	232	378	490	774	963	894	1238	1109	1401	1548	1659	1573	1642	1780	1874	1831	1573	1780	1565	
954	1591	1419	1479	1290	1350	963	894	705	567	387	232	0	197	404	627	834	860	1178	1118	1410	1565	1702	1651	1745	1900	2012	1995	1745	1978	1771	
946	1651	1487	1573	1401	1496	1083	1049	851	705	559	378	197	0	240	421	636	705	997	980	1255	1436	1582	1565	1668	1840	1969	1978	1754	2003	1814	
782	1539	1393	1522	1358	1505	1066	1092	885	748	670	490	404	240	0	301	473	464	774	739	1014	1186	1341	1324	1436	1625	1763	1788	1582	1857	1694	
1023	1806	1668	1806	1659	1814	1367	1401	1195	1049	954	774	627	421	301	0	215	447	627	756	980	1169	1358	1401	1530	1737	1909	1960	1788	2081	1935	
1075	1866	1737	1900	1771	1952	1496	1556	1350	1212	1143	963	834	636	473	215	0	378	430	662	825	1032	1229	1298	1453	1668	1849	1926	1788	2098	1978	
731	1513	1410	1599	1487	1711	1255	1367	1178	1057	1057	894	860	705	464	447	378	0	352	309	559	739	911	946	1083	1298	1479	1548	1410	1720	1616	
1040	1788	1702	1909	1814	2055	1599	1728	1539	1419	1410	1238	1178	997	774	627	430	352	0	404	430	627	834	963	1135	1358	1565	1685	1608	1935	1857	
679	1393	1324	1539	1470	1737	1290	1462	1290	1186	1247	1109	1118	980	739	756	662	309	404	0	292	447	602	636	791	1006	1195	1298	1204	1530	1453	
928	1565	1522	1763	1702	1995	1565	1745	1582	1487	1539	1401	1410	1255	1014	980	825	559	430	292	0	197	404	550	722	946	1169	1315	1290	1616	1591	
980	1530	1513	1763	1728	2029	1625	1823	1677	1591	1668	1548	1565	1436	1186	1169	1032	739	627	447	197	0	206	404	576	791	1023	1186	1204	1522	1530	
1006	1462	1462	1720	1711	2029	1642	1866	1728	1668	1771	1659	1702	1582	1341	1358	1229	911	834	602	404	206	0	249	404	610	842	1023	1075	1393	1427	
851	1221	1238	1487	1496	1823	1462	1702	1582	1539	1668	1573	1651	1565	1324	1401	1298	946	963	636	550	404	249	0	172	395	619	782	825	1143	1178	
877	1118	1161	1419	1444	1780	1453	1702	1608	1565	1720	1642	1745	1668	1436	1530	1453	1083	1135	791	722	576	404	172	0	223	447	619	696	997	1057	
989	1057	1135	1384	1444	1780	1505	1763	1685	1668	1840	1780	1900	1840	1625	1737	1668	1298	1358	1006	946	791	610	395	223	0	232	430	584	851	954	
1066	963	1066	1307	1393	1728	1496	1763	1720	1720	1900	1874	2012	1969	1763	1909	1849	1479	1565	1195	1169	1023	842	619	447	232	0	223	464	662	817	
1040	774	911	1126	1238	1565	1384	1642	1625	1642	1840	1831	1995	1978	1788	1960	1926	1548	1685	1298	1315	1186	1023	782	619	430	223	0	301	438	610	
799	490	610	834	937	1264	1083	1341	1333	1367	1565	1573	1745	1754	1582	1788	1788	1410	1608	1204	1290	1204	1075	825	696	584	464	301	0	326	369	
1066	464	645	799	954	1247	1186	1436	1470	1530	1745	1780	1978	2003	1857	2081	2098	1720	1935	1530	1616	1522	1393	1143	997	851	662	438	326	0	249	
911	215	395	541	696	989	937	1186	1229	1298	1522	1565	1771	1814	1694	1935	1978	1616	1857	1453	1591	1530	1427	1178	1057	954	817	610	369	249	0	
V2
0	2024	1716	2222	2002	2706	1628	2178	1870	1760	2156	2046	2442	2420	2002	2618	2750	1870	2662	1738	2376	2508	2574	2178	2244	2530	2728	2662	2046	2728	2332	
2024	0	462	902	1232	2024	1870	2486	2618	2816	3388	3520	4070	4224	3938	4620	4774	3872	4576	3564	4004	3916	3740	3124	2860	2706	2464	1980	1254	1188	550	
1716	462	0	638	836	1672	1386	2002	2134	2332	2904	3080	3630	3806	3564	4268	4444	3608	4356	3388	3894	3872	3740	3168	2970	2904	2728	2332	1562	1650	1012	
2222	902	638	0	506	1122	1320	1804	2090	2376	2926	3190	3784	4026	3894	4620	4862	4092	4884	3938	4510	4510	4400	3806	3630	3542	3344	2882	2134	2046	1386	
2002	1232	836	506	0	858	836	1320	1584	1892	2442	2706	3300	3586	3476	4246	4532	3806	4642	3762	4356	4422	4378	3828	3696	3696	3564	3168	2398	2442	1782	
2706	2024	1672	1122	858	0	1166	1166	1650	2002	2486	2860	3454	3828	3850	4642	4994	4378	5258	4444	5104	5192	5192	4664	4554	4554	4422	4004	3234	3190	2530	
1628	1870	1386	1320	836	1166	0	660	770	1034	1606	1870	2464	2772	2728	3498	3828	3212	4092	3300	4004	4158	4202	3740	3718	3850	3828	3542	2772	3036	2398	
2178	2486	2002	1804	1320	1166	660	0	528	880	1320	1716	2288	2684	2794	3586	3982	3498	4422	3740	4466	4664	4774	4356	4356	4510	4510	4202	3432	3674	3036	
1870	2618	2134	2090	1584	1650	770	528	0	352	858	1210	1804	2178	2266	3058	3454	3014	3938	3300	4048	4290	4422	4048	4114	4312	4400	4158	3410	3762	3146	
1760	2816	2332	2376	1892	2002	1034	880	352	0	572	858	1452	1804	1914	2684	3102	2706	3630	3036	3806	4070	4268	3938	4004	4268	4400	4202	3498	3916	3322	
2156	3388	2904	2926	2442	2486	1606	1320	858	572	0	462	990	1430	1716	2442	2926	2706	3608	3190	3938	4268	4532	4268	4400	4708	4862	4708	4004	4466	3894	
2046	3520	3080	3190	2706	2860	1870	1716	1210	858	462	0	594	968	1254	1980	2464	2288	3168	2838	3586	3960	4246	4026	4202	4554	4796	4686	4026	4554	4004	
2442	4070	3630	3784	3300	3454	2464	2288	1804	1452	990	594	0	506	1034	1606	2134	2200	3014	2860	3608	4004	4356	4224	4466	4862	5148	5104	4466	5060	4532	
2420	4224	3806	4026	3586	3828	2772	2684	2178	1804	1430	968	506	0	616	1078	1628	1804	2552	2508	3212	3674	4048	4004	4268	4708	5038	5060	4488	5126	4642	
2002	3938	3564	3894	3476	3850	2728	2794	2266	1914	1716	1254	1034	616	0	770	1210	1188	1980	1892	2596	3036	3432	3388	3674	4158	4510	4576	4048	4752	4334	
2618	4620	4268	4620	4246	4642	3498	3586	3058	2684	2442	1980	1606	1078	770	0	550	1144	1606	1936	2508	2992	3476	3586	3916	4444	4884	5016	4576	5324	4950	
2750	4774	4444	4862	4532	4994	3828	3982	3454	3102	2926	2464	2134	1628	1210	550	0	968	1100	1694	2112	2640	3146	3322	3718	4268	4730	4928	4576	5368	5060	
1870	3872	3608	4092	3806	4378	3212	3498	3014	2706	2706	2288	2200	1804	1188	1144	968	0	902	792	1430	1892	2332	2420	2772	3322	3784	3960	3608	4400	4136	
2662	4576	4356	4884	4642	5258	4092	4422	3938	3630	3608	3168	3014	2552	1980	1606	1100	902	0	1034	1100	1606	2134	2464	2904	3476	4004	4312	4114	4950	4752	
1738	3564	3388	3938	3762	4444	3300	3740	3300	3036	3190	2838	2860	2508	1892	1936	1694	792	1034	0	748	1144	1540	1628	2024	2574	3058	3322	3080	3916	3718	
2376	4004	3894	4510	4356	5104	4004	4466	4048	3806	3938	3586	3608	3212	2596	2508	2112	1430	1100	748	0	506	1034	1408	1848	2420	2992	3366	3300	4136	4070	
2508	3916	3872	4510	4422	5192	4158	4664	4290	4070	4268	3960	4004	3674	3036	2992	2640	1892	1606	1144	506	0	528	1034	1474	2024	2618	3036	3080	3894	3916	
2574	3740	3740	4400	4378	5192	4202	4774	4422	4268	4532	4246	4356	4048	3432	3476	3146	2332	2134	1540	1034	528	0	638	1034	1562	2156	2618	2750	3564	3652	
2178	3124	3168	3806	3828	4664	3740	4356	4048	3938	4268	4026	4224	4004	3388	3586	3322	2420	2464	1628	1408	1034	638	0	440	1012	1584	2002	2112	2926	3014	
2244	2860	2970	3630	3696	4554	3718	4356	4114	4004	4400	4202	4466	4268	3674	3916	3718	2772	2904	2024	1848	1474	1034	440	0	572	1144	1584	1782	2552	2706	
2530	2706	2904	3542	3696	4554	3850	4510	4312	4268	4708	4554	4862	4708	4158	4444	4268	3322	3476	2574	2420	2024	1562	1012	572	0	594	1100	1496	2178	2442	
2728	2464	2728	3344	3564	4422	3828	4510	4400	4400	4862	4796	5148	5038	4510	4884	4730	3784	4004	3058	2992	2618	2156	1584	1144	594	0	572	1188	1694	2090	
2662	1980	2332	2882	3168	4004	3542	4202	4158	4202	4708	4686	5104	5060	4576	5016	4928	3960	4312	3322	3366	3036	2618	2002	1584	1100	572	0	770	1122	1562	
2046	1254	1562	2134	2398	3234	2772	3432	3410	3498	4004	4026	4466	4488	4048	4576	4576	3608	4114	3080	3300	3080	2750	2112	1782	1496	1188	770	0	836	946	
2728	1188	1650	2046	2442	3190	3036	3674	3762	3916	4466	4554	5060	5126	4752	5324	5368	4400	4950	3916	4136	3894	3564	2926	2552	2178	1694	1122	836	0	638	
2332	550	1012	1386	1782	2530	2398	3036	3146	3322	3894	4004	4532	4642	4334	4950	5060	4136	4752	3718	4070	3916	3652	3014	2706	2442	2090	1562	946	638	0	
V3
0	1490	1263	1636	1474	1992	1198	1603	1377	1296	1587	1506	1798	1782	1474	1927	2025	1377	1960	1279	1749	1846	1895	1603	1652	1863	2008	1960	1506	2008	1717	
1490	0	340	664	907	1490	1377	1830	1927	2073	2494	2592	2997	3110	2899	3402	3515	2851	3369	2624	2948	2883	2754	2300	2106	1992	1814	1458	923	874	405	
1263	340	0	469	615	1231	1020	1474	1571	1717	2138	2268	2673	2802	2624	3142	3272	2656	3207	2494	2867	2851	2754	2332	2187	2138	2008	1717	1150	1215	745	
1636	664	469	0	372	826	972	1328	1539	1749	2154	2349	2786	2964	2867	3402	3580	3013	3596	2899	3321	3321	3240	2802	2673	2608	2462	2122	1571	1506	1020	
1474	907	615	372	0	631	615	972	1166	1393	1798	1992	2430	2640	2559	3126	3337	2802	3418	2770	3207	3256	3223	2818	2721	2721	2624	2332	1765	1798	1312	
1992	1490	1231	826	631	0	858	858	1215	1474	1830	2106	2543	2818	2835	3418	3677	3223	3871	3272	3758	3823	3823	3434	3353	3353	3256	2948	2381	2349	1863	
1198	1377	1020	972	615	858	0	486	567	761	1182	1377	1814	2041	2008	2575	2818	2365	3013	2430	2948	3061	3094	2754	2737	2835	2818	2608	2041	2235	1765	
1603	1830	1474	1328	972	858	486	0	388	648	972	1263	1684	1976	2057	2640	2932	2575	3256	2754	3288	3434	3515	3207	3207	3321	3321	3094	2527	2705	2235	
1377	1927	1571	1539	1166	1215	567	388	0	259	631	891	1328	1603	1668	2251	2543	2219	2899	2430	2980	3159	3256	2980	3029	3175	3240	3061	2511	2770	2316	
1296	2073	1717	1749	1393	1474	761	648	259	0	421	631	1069	1328	1409	1976	2284	1992	2673	2235	2802	2997	3142	2899	2948	3142	3240	3094	2575	2883	2446	
1587	2494	2138	2154	1798	1830	1182	972	631	421	0	340	729	1053	1263	1798	2154	1992	2656	2349	2899	3142	3337	3142	3240	3466	3580	3466	2948	3288	2867	
1506	2592	2268	2349	1992	2106	1377	1263	891	631	340	0	437	712	923	1458	1814	1684	2332	2089	2640	2916	3126	2964	3094	3353	3531	3450	2964	3353	2948	
1798	2997	2673	2786	2430	2543	1814	1684	1328	1069	729	437	0	372	761	1182	1571	1620	2219	2106	2656	2948	3207	3110	3288	3580	3790	3758	3288	3726	3337	
1782	3110	2802	2964	2640	2818	2041	1976	1603	1328	1053	712	372	0	453	793	1198	1328	1879	1846	2365	2705	2980	2948	3142	3466	3709	3726	3304	3774	3418	
1474	2899	2624	2867	2559	2835	2008	2057	1668	1409	1263	923	761	453	0	567	891	874	1458	1393	1911	2235	2527	2494	2705	3061	3321	3369	2980	3499	3191	
1927	3402	3142	3402	3126	3418	2575	2640	2251	1976	1798	1458	1182	793	567	0	405	842	1182	1425	1846	2203	2559	2640	2883	3272	3596	3693	3369	3920	3645	
2025	3515	3272	3580	3337	3677	2818	2932	2543	2284	2154	1814	1571	1198	891	405	0	712	810	1247	1555	1944	2316	2446	2737	3142	3483	3628	3369	3952	3726	
1377	2851	2656	3013	2802	3223	2365	2575	2219	1992	1992	1684	1620	1328	874	842	712	0	664	583	1053	1393	1717	1782	2041	2446	2786	2916	2656	3240	3045	
1960	3369	3207	3596	3418	3871	3013	3256	2899	2673	2656	2332	2219	1879	1458	1182	810	664	0	761	810	1182	1571	1814	2138	2559	2948	3175	3029	3645	3499	
1279	2624	2494	2899	2770	3272	2430	2754	2430	2235	2349	2089	2106	1846	1393	1425	1247	583	761	0	550	842	1134	1198	1490	1895	2251	2446	2268	2883	2737	
1749	2948	2867	3321	3207	3758	2948	3288	2980	2802	2899	2640	2656	2365	1911	1846	1555	1053	810	550	0	372	761	1036	1360	1782	2203	2478	2430	3045	2997	
1846	2883	2851	3321	3256	3823	3061	3434	3159	2997	3142	2916	2948	2705	2235	2203	1944	1393	1182	842	372	0	388	761	1085	1490	1927	2235	2268	2867	2883	
1895	2754	2754	3240	3223	3823	3094	3515	3256	3142	3337	3126	3207	2980	2527	2559	2316	1717	1571	1134	761	388	0	469	761	1150	1587	1927	2025	2624	2689	
1603	2300	2332	2802	2818	3434	2754	3207	2980	2899	3142	2964	3110	2948	2494	2640	2446	1782	1814	1198	1036	761	469	0	324	745	1166	1474	1555	2154	2219	
1652	2106	2187	2673	2721	3353	2737	3207	3029	2948	3240	3094	3288	3142	2705	2883	2737	2041	2138	1490	1360	1085	761	324	0	421	842	1166	1312	1879	1992	
1863	1992	2138	2608	2721	3353	2835	3321	3175	3142	3466	3353	3580	3466	3061	3272	3142	2446	2559	1895	1782	1490	1150	745	421	0	437	810	1101	1603	1798	
2008	1814	2008	2462	2624	3256	2818	3321	3240	3240	3580	3531	3790	3709	3321	3596	3483	2786	2948	2251	2203	1927	1587	1166	842	437	0	421	874	1247	1539	
1960	1458	1717	2122	2332	2948	2608	3094	3061	3094	3466	3450	3758	3726	3369	3693	3628	2916	3175	2446	2478	2235	1927	1474	1166	810	421	0	567	826	1150	
1506	923	1150	1571	1765	2381	2041	2527	2511	2575	2948	2964	3288	3304	2980	3369	3369	2656	3029	2268	2430	2268	2025	1555	1312	1101	874	567	0	615	696	
2008	874	1215	1506	1798	2349	2235	2705	2770	2883	3288	3353	3726	3774	3499	3920	3952	3240	3645	2883	3045	2867	2624	2154	1879	1603	1247	826	615	0	469	
1717	405	745	1020	1312	1863	1765	2235	2316	2446	2867	2948	3337	3418	3191	3645	3726	3045	3499	2737	2997	2883	2689	2219	1992	1798	1539	1150	696	469	0	
V4
0	1766	1497	1939	1747	2361	1420	1900	1632	1536	1881	1785	2131	2112	1747	2284	2400	1632	2323	1516	2073	2188	2246	1900	1958	2208	2380	2323	1785	2380	2035	
1766	0	403	787	1075	1766	1632	2169	2284	2457	2956	3072	3552	3686	3436	4032	4166	3379	3993	3110	3494	3417	3264	2726	2496	2361	2150	1728	1094	1036	480	
1497	403	0	556	729	1459	1209	1747	1862	2035	2534	2688	3168	3321	3110	3724	3878	3148	3801	2956	3398	3379	3264	2764	2592	2534	2380	2035	1363	1440	883	
1939	787	556	0	441	979	1152	1574	1824	2073	2553	2784	3302	3513	3398	4032	4243	3571	4262	3436	3936	3936	3840	3321	3168	3091	2918	2515	1862	1785	1209	
1747	1075	729	441	0	748	729	1152	1382	1651	2131	2361	2880	3129	3033	3705	3955	3321	4051	3283	3801	3859	3820	3340	3225	3225	3110	2764	2092	2131	1555	
2361	1766	1459	979	748	0	1017	1017	1440	1747	2169	2496	3014	3340	3360	4051	4358	3820	4588	3878	4454	4531	4531	4070	3974	3974	3859	3494	2822	2784	2208	
1420	1632	1209	1152	729	1017	0	576	672	902	1401	1632	2150	2419	2380	3052	3340	2803	3571	2880	3494	3628	3667	3264	3244	3360	3340	3091	2419	2649	2092	
1900	2169	1747	1574	1152	1017	576	0	460	768	1152	1497	1996	2342	2438	3129	3475	3052	3859	3264	3897	4070	4166	3801	3801	3936	3936	3667	2995	3206	2649	
1632	2284	1862	1824	1382	1440	672	460	0	307	748	1056	1574	1900	1977	2668	3014	2630	3436	2880	3532	3744	3859	3532	3590	3763	3840	3628	2976	3283	2745	
1536	2457	2035	2073	1651	1747	902	768	307	0	499	748	1267	1574	1670	2342	2707	2361	3168	2649	3321	3552	3724	3436	3494	3724	3840	3667	3052	3417	2899	
1881	2956	2534	2553	2131	2169	1401	1152	748	499	0	403	864	1248	1497	2131	2553	2361	3148	2784	3436	3724	3955	3724	3840	4108	4243	4108	3494	3897	3398	
1785	3072	2688	2784	2361	2496	1632	1497	1056	748	403	0	518	844	1094	1728	2150	1996	2764	2476	3129	3456	3705	3513	3667	3974	4185	4089	3513	3974	3494	
2131	3552	3168	3302	2880	3014	2150	1996	1574	1267	864	518	0	441	902	1401	1862	1920	2630	2496	3148	3494	3801	3686	3897	4243	4492	4454	3897	4416	3955	
2112	3686	3321	3513	3129	3340	2419	2342	1900	1574	1248	844	441	0	537	940	1420	1574	2227	2188	2803	3206	3532	3494	3724	4108	4396	4416	3916	4473	4051	
1747	3436	3110	3398	3033	3360	2380	2438	1977	1670	1497	1094	902	537	0	672	1056	1036	1728	1651	2265	2649	2995	2956	3206	3628	3936	3993	3532	4147	3782	
2284	4032	3724	4032	3705	4051	3052	3129	2668	2342	2131	1728	1401	940	672	0	480	998	1401	1689	2188	2611	3033	3129	3417	3878	4262	4377	3993	4646	4320	
2400	4166	3878	4243	3955	4358	3340	3475	3014	2707	2553	2150	1862	1420	1056	480	0	844	960	1478	1843	2304	2745	2899	3244	3724	4128	4300	3993	4684	4416	
1632	3379	3148	3571	3321	3820	2803	3052	2630	2361	2361	1996	1920	1574	1036	998	844	0	787	691	1248	1651	2035	2112	2419	2899	3302	3456	3148	3840	3609	
2323	3993	3801	4262	4051	4588	3571	3859	3436	3168	3148	2764	2630	2227	1728	1401	960	787	0	902	960	1401	1862	2150	2534	3033	3494	3763	3590	4320	4147	
1516	3110	2956	3436	3283	3878	2880	3264	2880	2649	2784	2476	2496	2188	1651	1689	1478	691	902	0	652	998	1344	1420	1766	2246	2668	2899	2688	3417	3244	
2073	3494	3398	3936	3801	4454	3494	3897	3532	3321	3436	3129	3148	2803	2265	2188	1843	1248	960	652	0	441	902	1228	1612	2112	2611	2937	2880	3609	3552	
2188	3417	3379	3936	3859	4531	3628	4070	3744	3552	3724	3456	3494	3206	2649	2611	2304	1651	1401	998	441	0	460	902	1286	1766	2284	2649	2688	3398	3417	
2246	3264	3264	3840	3820	4531	3667	4166	3859	3724	3955	3705	3801	3532	2995	3033	2745	2035	1862	1344	902	460	0	556	902	1363	1881	2284	2400	3110	3187	
1900	2726	2764	3321	3340	4070	3264	3801	3532	3436	3724	3513	3686	3494	2956	3129	2899	2112	2150	1420	1228	902	556	0	384	883	1382	1747	1843	2553	2630	
1958	2496	2592	3168	3225	3974	3244	3801	3590	3494	3840	3667	3897	3724	3206	3417	3244	2419	2534	1766	1612	1286	902	384	0	499	998	1382	1555	2227	2361	
2208	2361	2534	3091	3225	3974	3360	3936	3763	3724	4108	3974	4243	4108	3628	3878	3724	2899	3033	2246	2112	1766	1363	883	499	0	518	960	1305	1900	2131	
2380	2150	2380	2918	3110	3859	3340	3936	3840	3840	4243	4185	4492	4396	3936	4262	4128	3302	3494	2668	2611	2284	1881	1382	998	518	0	499	1036	1478	1824	
2323	1728	2035	2515	2764	3494	3091	3667	3628	3667	4108	4089	4454	4416	3993	4377	4300	3456	3763	2899	2937	2649	2284	1747	1382	960	499	0	672	979	1363	
1785	1094	1363	1862	2092	2822	2419	2995	2976	3052	3494	3513	3897	3916	3532	3993	3993	3148	3590	2688	2880	2688	2400	1843	1555	1305	1036	672	0	729	825	
2380	1036	1440	1785	2131	2784	2649	3206	3283	3417	3897	3974	4416	4473	4147	4646	4684	3840	4320	3417	3609	3398	3110	2553	2227	1900	1478	979	729	0	556	
2035	480	883	1209	1555	2208	2092	2649	2745	2899	3398	3494	3955	4051	3782	4320	4416	3609	4147	3244	3552	3417	3187	2630	2361	2131	1824	1363	825	556	0	
V5
0	1472	1248	1616	1456	1968	1184	1584	1360	1280	1568	1488	1776	1760	1456	1904	2000	1360	1936	1264	1728	1824	1872	1584	1632	1840	1984	1936	1488	1984	1696	
1472	0	336	656	896	1472	1360	1808	1904	2048	2464	2560	2960	3072	2864	3360	3472	2816	3328	2592	2912	2848	2720	2272	2080	1968	1792	1440	912	864	400	
1248	336	0	464	608	1216	1008	1456	1552	1696	2112	2240	2640	2768	2592	3104	3232	2624	3168	2464	2832	2816	2720	2304	2160	2112	1984	1696	1136	1200	736	
1616	656	464	0	368	816	960	1312	1520	1728	2128	2320	2752	2928	2832	3360	3536	2976	3552	2864	3280	3280	3200	2768	2640	2576	2432	2096	1552	1488	1008	
1456	896	608	368	0	624	608	960	1152	1376	1776	1968	2400	2608	2528	3088	3296	2768	3376	2736	3168	3216	3184	2784	2688	2688	2592	2304	1744	1776	1296	
1968	1472	1216	816	624	0	848	848	1200	1456	1808	2080	2512	2784	2800	3376	3632	3184	3824	3232	3712	3776	3776	3392	3312	3312	3216	2912	2352	2320	1840	
1184	1360	1008	960	608	848	0	480	560	752	1168	1360	1792	2016	1984	2544	2784	2336	2976	2400	2912	3024	3056	2720	2704	2800	2784	2576	2016	2208	1744	
1584	1808	1456	1312	960	848	480	0	384	640	960	1248	1664	1952	2032	2608	2896	2544	3216	2720	3248	3392	3472	3168	3168	3280	3280	3056	2496	2672	2208	
1360	1904	1552	1520	1152	1200	560	384	0	256	624	880	1312	1584	1648	2224	2512	2192	2864	2400	2944	3120	3216	2944	2992	3136	3200	3024	2480	2736	2288	
1280	2048	1696	1728	1376	1456	752	640	256	0	416	624	1056	1312	1392	1952	2256	1968	2640	2208	2768	2960	3104	2864	2912	3104	3200	3056	2544	2848	2416	
1568	2464	2112	2128	1776	1808	1168	960	624	416	0	336	720	1040	1248	1776	2128	1968	2624	2320	2864	3104	3296	3104	3200	3424	3536	3424	2912	3248	2832	
1488	2560	2240	2320	1968	2080	1360	1248	880	624	336	0	432	704	912	1440	1792	1664	2304	2064	2608	2880	3088	2928	3056	3312	3488	3408	2928	3312	2912	
1776	2960	2640	2752	2400	2512	1792	1664	1312	1056	720	432	0	368	752	1168	1552	1600	2192	2080	2624	2912	3168	3072	3248	3536	3744	3712	3248	3680	3296	
1760	3072	2768	2928	2608	2784	2016	1952	1584	1312	1040	704	368	0	448	784	1184	1312	1856	1824	2336	2672	2944	2912	3104	3424	3664	3680	3264	3728	3376	
1456	2864	2592	2832	2528	2800	1984	2032	1648	1392	1248	912	752	448	0	560	880	864	1440	1376	1888	2208	2496	2464	2672	3024	3280	3328	2944	3456	3152	
1904	3360	3104	3360	3088	3376	2544	2608	2224	1952	1776	1440	1168	784	560	0	400	832	1168	1408	1824	2176	2528	2608	2848	3232	3552	3648	3328	3872	3600	
2000	3472	3232	3536	3296	3632	2784	2896	2512	2256	2128	1792	1552	1184	880	400	0	704	800	1232	1536	1920	2288	2416	2704	3104	3440	3584	3328	3904	3680	
1360	2816	2624	2976	2768	3184	2336	2544	2192	1968	1968	1664	1600	1312	864	832	704	0	656	576	1040	1376	1696	1760	2016	2416	2752	2880	2624	3200	3008	
1936	3328	3168	3552	3376	3824	2976	3216	2864	2640	2624	2304	2192	1856	1440	1168	800	656	0	752	800	1168	1552	1792	2112	2528	2912	3136	2992	3600	3456	
1264	2592	2464	2864	2736	3232	2400	2720	2400	2208	2320	2064	2080	1824	1376	1408	1232	576	752	0	544	832	1120	1184	1472	1872	2224	2416	2240	2848	2704	
1728	2912	2832	3280	3168	3712	2912	3248	2944	2768	2864	2608	2624	2336	1888	1824	1536	1040	800	544	0	368	752	1024	1344	1760	2176	2448	2400	3008	2960	
1824	2848	2816	3280	3216	3776	3024	3392	3120	2960	3104	2880	2912	2672	2208	2176	1920	1376	1168	832	368	0	384	752	1072	1472	1904	2208	2240	2832	2848	
1872	2720	2720	3200	3184	3776	3056	3472	3216	3104	3296	3088	3168	2944	2496	2528	2288	1696	1552	1120	752	384	0	464	752	1136	1568	1904	2000	2592	2656	
1584	2272	2304	2768	2784	3392	2720	3168	2944	2864	3104	2928	3072	2912	2464	2608	2416	1760	1792	1184	1024	752	464	0	320	736	1152	1456	1536	2128	2192	
1632	2080	2160	2640	2688	3312	2704	3168	2992	2912	3200	3056	3248	3104	2672	2848	2704	2016	2112	1472	1344	1072	752	320	0	416	832	1152	1296	1856	1968	
1840	1968	2112	2576	2688	3312	2800	3280	3136	3104	3424	3312	3536	3424	3024	3232	3104	2416	2528	1872	1760	1472	1136	736	416	0	432	800	1088	1584	1776	
1984	1792	1984	2432	2592	3216	2784	3280	3200	3200	3536	3488	3744	3664	3280	3552	3440	2752	2912	2224	2176	1904	1568	1152	832	432	0	416	864	1232	1520	
1936	1440	1696	2096	2304	2912	2576	3056	3024	3056	3424	3408	3712	3680	3328	3648	3584	2880	3136	2416	2448	2208	1904	1456	1152	800	416	0	560	816	1136	
1488	912	1136	1552	1744	2352	2016	2496	2480	2544	2912	2928	3248	3264	2944	3328	3328	2624	2992	2240	2400	2240	2000	1536	1296	1088	864	560	0	608	688	
1984	864	1200	1488	1776	2320	2208	2672	2736	2848	3248	3312	3680	3728	3456	3872	3904	3200	3600	2848	3008	2832	2592	2128	1856	1584	1232	816	608	0	464	
1696	400	736	1008	1296	1840	1744	2208	2288	2416	2832	2912	3296	3376	3152	3600	3680	3008	3456	2704	2960	2848	2656	2192	1968	1776	1520	1136	688	464	0	
V6
0	2134	1809	2343	2111	2853	1716	2296	1972	1856	2273	2157	2575	2552	2111	2760	2900	1972	2807	1832	2505	2644	2714	2296	2366	2668	2876	2807	2157	2876	2459	
2134	0	487	951	1299	2134	1972	2621	2760	2969	3572	3712	4292	4454	4152	4872	5034	4083	4825	3758	4222	4129	3944	3294	3016	2853	2598	2088	1322	1252	580	
1809	487	0	672	881	1763	1461	2111	2250	2459	3062	3248	3828	4013	3758	4500	4686	3804	4593	3572	4106	4083	3944	3340	3132	3062	2876	2459	1647	1740	1067	
2343	951	672	0	533	1183	1392	1902	2204	2505	3085	3364	3990	4245	4106	4872	5127	4315	5150	4152	4756	4756	4640	4013	3828	3735	3526	3039	2250	2157	1461	
2111	1299	881	533	0	904	881	1392	1670	1995	2575	2853	3480	3781	3665	4477	4779	4013	4895	3967	4593	4663	4616	4036	3897	3897	3758	3340	2528	2575	1879	
2853	2134	1763	1183	904	0	1229	1229	1740	2111	2621	3016	3642	4036	4060	4895	5266	4616	5544	4686	5382	5475	5475	4918	4802	4802	4663	4222	3410	3364	2668	
1716	1972	1461	1392	881	1229	0	696	812	1090	1693	1972	2598	2923	2876	3688	4036	3387	4315	3480	4222	4384	4431	3944	3920	4060	4036	3735	2923	3201	2528	
2296	2621	2111	1902	1392	1229	696	0	556	928	1392	1809	2412	2830	2946	3781	4199	3688	4663	3944	4709	4918	5034	4593	4593	4756	4756	4431	3619	3874	3201	
1972	2760	2250	2204	1670	1740	812	556	0	371	904	1276	1902	2296	2389	3224	3642	3178	4152	3480	4268	4524	4663	4268	4338	4547	4640	4384	3596	3967	3317	
1856	2969	2459	2505	1995	2111	1090	928	371	0	603	904	1531	1902	2018	2830	3271	2853	3828	3201	4013	4292	4500	4152	4222	4500	4640	4431	3688	4129	3503	
2273	3572	3062	3085	2575	2621	1693	1392	904	603	0	487	1044	1508	1809	2575	3085	2853	3804	3364	4152	4500	4779	4500	4640	4964	5127	4964	4222	4709	4106	
2157	3712	3248	3364	2853	3016	1972	1809	1276	904	487	0	626	1020	1322	2088	2598	2412	3340	2992	3781	4176	4477	4245	4431	4802	5057	4941	4245	4802	4222	
2575	4292	3828	3990	3480	3642	2598	2412	1902	1531	1044	626	0	533	1090	1693	2250	2320	3178	3016	3804	4222	4593	4454	4709	5127	5428	5382	4709	5336	4779	
2552	4454	4013	4245	3781	4036	2923	2830	2296	1902	1508	1020	533	0	649	1136	1716	1902	2691	2644	3387	3874	4268	4222	4500	4964	5312	5336	4732	5405	4895	
