M: 2
N: 30
Nun_Veiculos: 12
Capacidade_Total: 1003
Demanda_Total: 652
Setup_Min: 1
Setup_Max: 9
Raio: 100
Circulos: 1
Tempo_Processamento_Min: 1
Tempo_Processamento_Max: 49
Demanda_Min: 10
Demanda_Max: 30
Priority_Factor: 0.2
Range_Factor_R: 0.8
U_factor: 2
ALpha: 0.2Replicao: 1
Tempos_Processamentos
0	0	1	0	
0	26	1	12	
0	5	1	35	
0	36	1	43	
0	37	1	3	
0	13	1	18	
0	5	1	2	
0	15	1	12	
0	41	1	42	
0	28	1	44	
0	39	1	37	
0	9	1	17	
0	37	1	47	
0	36	1	43	
0	29	1	36	
0	11	1	26	
0	43	1	45	
0	3	1	7	
0	47	1	2	
0	22	1	2	
0	32	1	30	
0	28	1	31	
0	32	1	11	
0	24	1	17	
0	33	1	4	
0	36	1	1	
0	8	1	42	
0	33	1	6	
0	48	1	33	
0	10	1	7	
0	43	1	46	

Tempos_setup
M0
0	0	0	0	0	0	0	0	0	0	0	0	0	0	0	0	0	0	0	0	0	0	0	0	0	0	0	0	0	0	0	
0	0	3	3	1	2	3	2	4	3	3	2	3	2	3	1	4	2	2	2	3	4	2	3	3	3	3	3	3	4	3	
0	3	0	2	2	2	2	3	3	4	4	2	4	3	4	3	4	3	4	3	3	4	3	3	3	3	2	1	3	3	3	
0	1	2	0	2	3	2	3	3	3	3	3	4	1	4	2	3	3	2	3	4	3	1	2	3	2	2	2	3	3	4	
0	3	2	2	0	4	3	2	3	2	3	1	3	2	4	3	3	1	3	1	4	3	1	3	2	2	2	3	3	3	2	
0	2	3	2	3	0	3	2	2	3	2	1	3	2	2	2	2	3	2	2	3	3	3	1	2	1	2	2	1	2	2	
0	2	3	3	1	2	0	2	2	3	3	2	2	3	3	1	3	2	2	2	4	3	2	3	2	2	1	3	3	1	2	
0	2	3	1	1	2	3	0	3	3	1	2	4	2	3	2	2	2	3	2	2	3	2	3	3	1	2	2	2	2	3	
0	3	2	2	3	3	2	2	0	1	3	2	2	2	3	3	1	3	2	2	4	3	1	3	2	3	1	2	3	3	1	
0	2	1	1	2	2	2	3	3	0	4	3	4	1	3	3	2	3	2	3	3	3	2	3	4	3	2	1	3	3	4	
0	3	3	3	2	1	2	2	2	3	0	2	3	3	2	1	3	2	2	3	1	2	3	2	3	2	1	1	2	2	2	
0	3	2	2	3	3	2	3	2	3	2	0	2	1	3	2	2	2	2	2	3	2	3	2	1	3	3	2	3	2	1	
0	2	3	1	2	2	3	2	1	2	2	3	0	2	1	2	2	1	2	3	3	1	2	3	3	2	2	3	1	2	2	
0	3	1	2	2	2	1	3	3	3	3	3	3	0	4	2	4	3	1	2	3	2	3	3	3	3	2	1	2	2	3	
0	2	3	3	1	2	3	2	3	3	2	2	4	2	0	2	3	2	2	2	3	1	2	3	2	2	3	3	3	1	3	
0	3	3	3	3	1	3	3	3	2	3	2	4	3	2	0	3	2	1	2	4	3	3	2	3	2	3	3	2	3	3	
0	3	3	3	2	2	3	3	3	4	3	3	3	4	4	2	0	3	1	2	3	4	3	3	3	2	3	3	3	3	2	
0	3	2	2	2	3	3	1	4	1	2	3	4	2	3	3	3	0	2	3	3	3	3	3	2	2	3	2	2	3	3	
0	3	2	3	3	4	2	4	4	4	3	3	4	4	3	3	4	3	0	1	4	3	3	3	2	4	3	3	5	3	3	
0	2	1	3	3	3	2	4	4	5	4	3	3	4	4	3	4	4	3	0	4	4	2	4	4	3	3	2	4	3	4	
0	3	2	2	3	1	3	2	1	2	2	2	2	2	3	3	2	3	2	3	0	1	2	2	2	2	2	3	2	2	1	
0	3	2	2	2	1	2	1	2	3	1	2	4	1	3	2	2	3	2	3	2	0	3	2	3	2	2	2	2	3	3	
0	3	3	3	3	4	2	2	2	3	3	2	4	2	5	3	3	4	2	2	4	4	0	4	3	3	1	3	4	2	3	
0	2	3	2	3	2	2	2	2	3	2	2	3	3	3	1	1	3	2	2	2	2	3	0	1	2	1	3	3	1	2	
0	2	2	1	3	2	3	2	2	3	1	1	2	2	3	1	2	3	2	3	2	1	2	1	0	3	2	2	3	2	1	
0	1	2	2	2	2	3	1	3	3	1	3	4	3	3	2	1	3	2	2	2	2	2	3	2	0	2	1	3	1	3	
0	3	3	2	2	3	1	1	1	2	2	1	3	2	4	2	2	3	3	3	3	3	2	3	2	2	0	3	3	2	2	
0	3	3	3	1	1	2	2	2	3	3	2	4	3	3	3	3	2	3	2	2	3	2	2	3	2	1	0	2	3	3	
0	1	3	1	2	2	3	3	3	4	4	3	4	2	4	2	4	3	1	2	4	4	2	3	3	3	3	3	0	4	4	
0	1	2	2	2	3	3	2	3	2	2	2	3	3	4	2	2	3	1	1	3	2	2	2	1	1	3	2	4	0	2	
0	2	1	1	3	3	3	3	1	2	2	2	1	2	2	2	1	2	1	2	3	2	2	2	1	3	2	2	2	3	0	
M1
0	0	0	0	0	0	0	0	0	0	0	0	0	0	0	0	0	0	0	0	0	0	0	0	0	0	0	0	0	0	0	
0	0	3	2	4	3	2	3	1	3	3	4	3	4	3	2	4	3	3	3	3	3	4	3	3	3	3	2	3	2	2	
0	1	0	3	2	2	1	2	2	1	3	1	2	3	3	2	1	1	3	2	3	3	3	2	1	2	3	2	1	3	2	
0	2	3	0	3	2	3	2	3	4	1	2	3	3	3	3	3	3	2	3	3	2	2	3	1	1	2	3	2	1	3	
0	4	3	2	0	2	1	2	3	4	3	3	2	2	4	2	2	3	2	3	3	1	3	1	2	2	3	4	3	1	4	
0	2	3	4	4	0	3	4	3	4	1	2	3	4	3	3	4	3	2	3	2	3	2	3	4	3	3	2	3	4	3	
0	3	3	4	3	1	0	1	2	3	2	3	1	3	3	1	3	2	3	2	3	2	2	2	1	1	2	3	2	2	3	
0	2	3	3	3	3	3	0	1	3	2	2	2	3	2	2	3	3	3	1	4	2	1	3	1	2	2	2	2	2	3	
0	4	3	2	3	2	3	4	0	2	3	4	3	4	3	1	3	2	2	2	3	2	3	3	3	3	4	3	2	1	3	
0	2	1	3	2	3	2	2	3	0	2	2	3	3	2	2	2	1	3	2	2	3	2	2	1	1	2	1	2	3	1	
0	1	3	3	3	1	3	3	2	3	0	1	3	4	2	2	3	3	3	2	3	2	1	3	4	2	2	2	2	3	3	
0	4	4	3	3	3	4	4	4	4	4	0	2	5	2	3	3	3	2	1	2	3	3	2	3	3	3	3	2	3	3	
0	3	3	3	3	1	3	3	2	2	2	3	0	3	3	2	3	3	2	3	3	2	1	3	3	2	2	2	2	1	3	
0	3	3	1	3	2	4	3	2	4	2	3	2	0	2	3	3	3	2	1	3	3	3	1	2	2	3	4	2	2	3	
0	3	4	1	3	1	4	3	4	3	2	3	3	4	0	3	1	3	3	4	3	3	3	2	2	2	3	3	2	2	2	
0	3	3	4	4	3	2	3	4	4	4	3	3	4	3	0	2	1	4	3	3	1	3	3	3	2	3	3	3	3	2	
0	2	4	4	3	4	4	3	3	3	4	5	3	4	3	4	0	3	2	3	2	3	3	1	3	3	3	3	2	4	3	
0	4	3	3	3	3	3	2	3	4	3	4	4	4	2	2	2	0	3	3	2	3	2	3	3	1	2	2	2	2	1	
0	3	3	3	2	2	2	3	2	3	3	3	1	4	2	2	2	2	0	3	1	1	1	1	3	2	2	2	1	2	2	
0	4	4	2	2	2	3	4	3	3	3	4	1	4	1	2	2	2	3	0	3	3	2	3	2	3	3	3	1	2	2	
0	2	2	2	3	2	2	2	3	3	2	3	2	3	1	3	2	2	3	2	0	3	2	2	3	1	1	1	2	2	3	
0	3	2	4	3	2	1	2	3	3	3	2	2	3	3	2	1	3	3	2	3	0	2	2	2	1	2	3	2	3	3	
0	3	2	3	3	3	2	2	1	2	2	3	3	3	2	1	2	2	3	2	3	1	0	2	3	1	1	1	2	2	3	
0	4	4	4	3	3	3	2	3	4	4	4	2	3	3	3	3	3	1	2	2	2	2	0	3	3	3	3	2	3	3	
0	3	2	3	4	4	3	4	4	3	4	2	4	2	4	4	3	3	4	3	4	3	5	3	0	4	4	4	3	4	4	
0	3	3	3	2	3	2	1	2	3	3	3	3	4	3	2	3	2	3	2	3	2	1	3	2	0	1	2	1	2	2	
0	4	4	2	3	2	1	2	3	4	3	4	2	4	2	2	3	3	2	1	3	3	3	2	2	2	0	4	2	1	3	
0	2	1	2	3	2	2	3	3	2	1	2	3	2	1	3	2	1	2	3	2	3	2	1	2	2	3	0	2	3	2	
0	4	3	3	1	3	2	3	3	4	3	4	2	3	3	2	2	1	3	3	2	2	3	2	3	2	2	2	0	2	1	
0	4	4	2	3	3	3	4	3	4	3	4	2	3	3	3	3	3	1	4	2	2	2	2	3	3	3	3	2	0	3	
0	3	2	2	4	3	3	3	4	3	2	3	3	3	2	1	3	2	3	3	1	2	3	2	3	2	2	1	3	3	0	
Tamanho_Tarefas
0	12	13	36	14	14	2	12	41	33	38	12	42	37	31	16	44	5	13	6	31	28	16	19	4	17	23	7	36	7	43	
Data_Entrega
0	276	397	378	462	406	347	449	250	273	297	353	353	395	423	399	334	342	362	316	390	429	409	340	314	301	422	289	403	392	261	
Penalidade_Atraso
0	12	11	9	14	5	15	16	10	14	1	11	17	5	16	7	17	16	15	13	2	12	14	16	4	13	9	3	20	20	18	
Capacidade_Veiculo
96	49	98	46	66	129	92	116	66	113	69	63	
Custo_Fixo_Veiculo
960	490	980	460	660	1290	920	1160	660	1130	690	630	
Coordenadas_Clientes
x	0	y	0
x	123	y	0
x	74	y	15
x	84	y	37
x	74	y	54
x	57	y	63
x	40	y	70
x	29	y	91
x	11	y	109
x	-12	y	121
x	-31	y	96
x	-55	y	95
x	-66	y	73
x	-62	y	45
x	-80	y	35
x	-92	y	19
x	-115	y	0
x	-89	y	-19
x	-104	y	-46
x	-96	y	-69
x	-65	y	-72
x	-45	y	-78
x	-34	y	-105
x	-9	y	-88
x	11	y	-112
x	25	y	-77
x	44	y	-77
x	68	y	-75
x	64	y	-47
x	108	y	-48
x	80	y	-17
Tempo_Viagem
0	123	75	91	91	84	80	95	109	121	100	109	98	76	87	93	115	91	113	118	97	90	110	88	112	80	88	101	79	118	81	
123	0	51	53	72	90	108	129	154	179	181	201	202	190	205	215	238	212	231	229	201	185	188	158	158	124	110	93	75	50	46	
75	51	0	24	39	50	64	87	112	136	132	151	151	139	155	166	189	166	188	189	163	151	161	132	141	104	96	90	62	71	32	
91	53	24	0	19	37	55	76	101	126	129	150	154	146	164	176	202	181	204	208	184	172	184	155	165	128	120	113	86	88	54	
91	72	39	19	0	19	37	58	83	108	112	135	141	136	155	169	196	178	204	209	187	177	192	164	176	139	134	129	101	107	71	
84	90	50	37	19	0	18	39	64	89	93	116	123	120	139	155	183	167	194	202	181	174	191	164	180	143	140	138	110	121	82	
80	108	64	55	37	18	0	23	48	72	75	98	106	105	125	141	170	156	184	194	176	170	190	165	184	147	147	147	119	135	95	
95	129	87	76	58	39	23	0	25	50	60	84	96	101	121	140	169	161	190	203	188	184	205	182	203	168	168	170	142	158	118	
109	154	112	101	83	64	48	25	0	25	43	67	84	97	117	136	165	162	192	207	196	195	218	197	221	186	188	192	164	183	143	
121	179	136	126	108	89	72	50	25	0	31	50	72	90	109	129	158	159	189	207	200	201	227	209	233	201	205	211	184	206	165	
100	181	132	129	112	93	75	60	43	31	0	24	41	59	78	98	127	128	158	177	171	174	201	185	212	180	188	197	171	199	158	
109	201	151	150	135	116	98	84	67	50	24	0	24	50	64	83	111	118	148	168	167	173	201	188	217	189	197	209	185	216	175	
98	202	151	154	141	123	106	96	84	72	41	24	0	28	40	59	87	94	124	144	145	152	180	170	200	175	186	199	176	211	171	
76	190	139	146	136	120	105	101	97	90	59	50	28	0	20	39	68	69	99	118	117	124	152	143	173	149	161	176	155	193	154	
87	205	155	164	155	139	125	121	117	109	78	64	40	20	0	20	49	54	84	104	108	118	147	142	172	153	167	184	165	205	168	
93	215	166	176	169	155	141	140	136	129	98	83	59	39	20	0	29	38	66	88	94	107	136	135	166	151	166	185	169	210	174	
115	238	189	202	196	183	170	169	165	158	127	111	87	68	49	29	0	32	47	71	87	104	132	137	168	159	176	197	185	228	195	
91	212	166	181	178	167	156	161	162	159	128	118	94	69	54	38	32	0	30	50	58	73	102	105	136	127	145	166	155	199	169	
113	231	188	204	204	194	184	190	192	189	158	148	124	99	84	66	47	30	0	24	46	66	91	103	131	132	151	174	168	212	186	
118	229	189	208	209	202	194	203	207	207	177	168	144	118	104	88	71	50	24	0	31	51	71	88	115	121	140	164	161	205	183	
97	201	163	184	187	181	176	188	196	200	171	167	145	117	108	94	87	58	46	31	0	20	45	57	85	90	109	133	131	174	155	
90	185	151	172	177	174	170	184	195	201	174	173	152	124	118	107	104	73	66	51	20	0	29	37	65	70	89	113	113	155	139	
110	188	161	184	192	191	190	205	218	227	201	201	180	152	147	136	132	102	91	71	45	29	0	30	45	65	82	106	113	152	143	
88	158	132	155	164	164	165	182	197	209	185	188	170	143	142	135	137	105	103	88	57	37	30	0	31	35	54	78	83	122	113	
112	158	141	165	176	180	184	203	221	233	212	217	200	173	172	166	168	136	131	115	85	65	45	31	0	37	48	67	83	115	117	
80	124	104	128	139	143	147	168	186	201	180	189	175	149	153	151	159	127	132	121	90	70	65	35	37	0	19	43	49	87	81	
88	110	96	120	134	140	147	168	188	205	188	197	186	161	167	166	176	145	151	140	109	89	82	54	48	19	0	24	36	70	69	
101	93	90	113	129	138	147	170	192	211	197	209	199	176	184	185	197	166	174	164	133	113	106	78	67	43	24	0	28	48	59	
79	75	62	86	101	110	119	142	164	184	171	185	176	155	165	169	185	155	168	161	131	113	113	83	83	49	36	28	0	44	34	
118	50	71	88	107	121	135	158	183	206	199	216	211	193	205	210	228	199	212	205	174	155	152	122	115	87	70	48	44	0	41	
81	46	32	54	71	82	95	118	143	165	158	175	171	154	168	174	195	169	186	183	155	139	143	113	117	81	69	59	34	41	0	
Custo_Viagem
V0
0	2361	1440	1747	1747	1612	1536	1824	2092	2323	1920	2092	1881	1459	1670	1785	2208	1747	2169	2265	1862	1728	2112	1689	2150	1536	1689	1939	1516	2265	1555	
2361	0	979	1017	1382	1747	2073	2496	2995	3475	3475	3859	3878	3648	3936	4128	4569	4070	4435	4396	3859	3552	3609	3033	3033	2380	2112	1785	1440	960	883	
1440	979	0	460	748	960	1228	1689	2169	2611	2534	2899	2899	2668	2976	3187	3628	3187	3609	3628	3129	2899	3091	2534	2707	1996	1843	1728	1190	1363	614	
1747	1017	460	0	364	710	1056	1478	1958	2438	2476	2880	2956	2803	3148	3379	3878	3475	3936	3993	3532	3302	3532	2976	3168	2457	2304	2169	1651	1689	1036	
1747	1382	748	364	0	364	710	1113	1593	2092	2169	2592	2707	2611	2976	3244	3763	3417	3916	4012	3590	3398	3686	3148	3398	2668	2572	2476	1939	2054	1363	
1612	1747	960	710	364	0	345	748	1248	1728	1785	2227	2361	2304	2668	2976	3513	3206	3724	3878	3475	3340	3667	3148	3456	2745	2688	2649	2112	2342	1593	
1536	2073	1228	1056	710	345	0	441	921	1382	1440	1881	2035	2016	2400	2707	3264	2995	3532	3724	3379	3264	3648	3168	3532	2822	2822	2822	2284	2611	1824	
1824	2496	1689	1478	1113	748	441	0	480	960	1152	1612	1843	1939	2342	2688	3264	3091	3648	3897	3609	3532	3936	3494	3897	3225	3225	3264	2726	3052	2284	
2092	2995	2169	1958	1593	1248	921	480	0	480	825	1286	1632	1862	2246	2611	3187	3110	3705	3974	3763	3744	4185	3801	4243	3571	3609	3686	3148	3532	2745	
2323	3475	2611	2438	2092	1728	1382	960	480	0	595	960	1382	1728	2092	2476	3033	3052	3648	3974	3840	3859	4358	4012	4492	3859	3936	4051	3532	3974	3168	
1920	3475	2534	2476	2169	1785	1440	1152	825	595	0	460	787	1132	1497	1881	2438	2457	3052	3398	3283	3340	3859	3552	4070	3475	3609	3782	3283	3840	3033	
2092	3859	2899	2880	2592	2227	1881	1612	1286	960	460	0	460	960	1248	1612	2150	2265	2860	3244	3206	3321	3859	3609	4166	3628	3801	4012	3552	4147	3360	
1881	3878	2899	2956	2707	2361	2035	1843	1632	1382	787	460	0	537	768	1132	1670	1804	2380	2784	2784	2918	3456	3264	3840	3360	3571	3820	3379	4051	3283	
1459	3648	2668	2803	2611	2304	2016	1939	1862	1728	1132	960	537	0	384	748	1324	1324	1920	2265	2246	2380	2918	2745	3321	2860	3091	3379	2995	3705	2956	
1670	3936	2976	3148	2976	2668	2400	2342	2246	2092	1497	1248	768	384	0	384	940	1036	1612	2016	2073	2265	2822	2726	3302	2937	3206	3532	3168	3936	3225	
1785	4128	3187	3379	3244	2976	2707	2688	2611	2476	1881	1612	1132	748	384	0	556	729	1267	1689	1804	2054	2611	2592	3187	2899	3187	3552	3244	4032	3360	
2208	4569	3628	3878	3763	3513	3264	3264	3187	3033	2438	2150	1670	1324	940	556	0	614	902	1363	1670	1996	2534	2630	3225	3052	3379	3782	3552	4377	3744	
1747	4070	3187	3475	3417	3206	2995	3091	3110	3052	2457	2265	1804	1324	1036	729	614	0	576	960	1113	1401	1958	2016	2611	2438	2784	3187	2976	3820	3244	
2169	4435	3609	3936	3916	3724	3532	3648	3705	3648	3052	2860	2380	1920	1612	1267	902	576	0	460	883	1286	1747	1977	2534	2534	2899	3340	3225	4070	3571	
2265	4396	3628	3993	4012	3878	3724	3897	3974	3974	3398	3244	2784	2265	2016	1689	1363	960	460	0	595	979	1363	1708	2208	2323	2688	3148	3091	3936	3513	
1862	3859	3129	3532	3590	3475	3379	3609	3763	3840	3283	3206	2784	2246	2073	1804	1670	1113	883	595	0	384	864	1113	1632	1728	2092	2553	2515	3340	2976	
1728	3552	2899	3302	3398	3340	3264	3532	3744	3859	3340	3321	2918	2380	2265	2054	1996	1401	1286	979	384	0	556	710	1248	1344	1708	2169	2169	2976	2668	
2112	3609	3091	3532	3686	3667	3648	3936	4185	4358	3859	3859	3456	2918	2822	2611	2534	1958	1747	1363	864	556	0	576	864	1248	1574	2035	2169	2937	2764	
1689	3033	2534	2976	3148	3148	3168	3494	3801	4012	3552	3609	3264	2745	2726	2592	2630	2016	1977	1708	1113	710	576	0	595	672	1036	1497	1593	2361	2169	
2150	3033	2707	3168	3398	3456	3532	3897	4243	4492	4070	4166	3840	3321	3302	3187	3225	2611	2534	2208	1632	1248	864	595	0	710	921	1286	1593	2227	2246	
1536	2380	1996	2457	2668	2745	2822	3225	3571	3859	3475	3628	3360	2860	2937	2899	3052	2438	2534	2323	1728	1344	1248	672	710	0	364	825	940	1670	1555	
1689	2112	1843	2304	2572	2688	2822	3225	3609	3936	3609	3801	3571	3091	3206	3187	3379	2784	2899	2688	2092	1708	1574	1036	921	364	0	460	691	1344	1324	
1939	1785	1728	2169	2476	2649	2822	3264	3686	4051	3782	4012	3820	3379	3532	3552	3782	3187	3340	3148	2553	2169	2035	1497	1286	825	460	0	537	921	1132	
1516	1440	1190	1651	1939	2112	2284	2726	3148	3532	3283	3552	3379	2995	3168	3244	3552	2976	3225	3091	2515	2169	2169	1593	1593	940	691	537	0	844	652	
2265	960	1363	1689	2054	2342	2611	3052	3532	3974	3840	4147	4051	3705	3936	4032	4377	3820	4070	3936	3340	2976	2937	2361	2227	1670	1344	921	844	0	787	
1555	883	614	1036	1363	1593	1824	2284	2745	3168	3033	3360	3283	2956	3225	3360	3744	3244	3571	3513	2976	2668	2764	2169	2246	1555	1324	1132	652	787	0	
V1
0	1205	735	891	891	823	784	931	1068	1185	980	1068	960	744	852	911	1127	891	1107	1156	950	882	1078	862	1097	784	862	989	774	1156	793	
1205	0	499	519	705	891	1058	1274	1528	1773	1773	1969	1979	1862	2009	2107	2332	2077	2263	2244	1969	1813	1842	1548	1548	1215	1078	911	735	490	450	
735	499	0	235	382	490	627	862	1107	1332	1293	1479	1479	1362	1519	1626	1852	1626	1842	1852	1597	1479	1577	1293	1381	1019	940	882	607	695	313	
891	519	235	0	186	362	539	754	999	1244	1264	1470	1509	1430	1607	1724	1979	1773	2009	2038	1803	1685	1803	1519	1617	1254	1176	1107	842	862	529	
891	705	382	186	0	186	362	568	813	1068	1107	1323	1381	1332	1519	1656	1920	1744	1999	2048	1832	1734	1881	1607	1734	1362	1313	1264	989	1048	695	
823	891	490	362	186	0	176	382	637	882	911	1136	1205	1176	1362	1519	1793	1636	1901	1979	1773	1705	1871	1607	1764	1401	1372	1352	1078	1195	813	
784	1058	627	539	362	176	0	225	470	705	735	960	1038	1029	1225	1381	1666	1528	1803	1901	1724	1666	1862	1617	1803	1440	1440	1440	1166	1332	931	
931	1274	862	754	568	382	225	0	245	490	588	823	940	989	1195	1372	1666	1577	1862	1989	1842	1803	2009	1783	1989	1646	1646	1666	1391	1558	1166	
1068	1528	1107	999	813	637	470	245	0	245	421	656	833	950	1146	1332	1626	1587	1891	2028	1920	1911	2136	1940	2165	1822	1842	1881	1607	1803	1401	
1185	1773	1332	1244	1068	882	705	490	245	0	303	490	705	882	1068	1264	1548	1558	1862	2028	1960	1969	2224	2048	2293	1969	2009	2067	1803	2028	1617	
980	1773	1293	1264	1107	911	735	588	421	303	0	235	401	578	764	960	1244	1254	1558	1734	1675	1705	1969	1813	2077	1773	1842	1930	1675	1960	1548	
1068	1969	1479	1470	1323	1136	960	823	656	490	235	0	235	490	637	823	1097	1156	1460	1656	1636	1695	1969	1842	2126	1852	1940	2048	1813	2116	1715	
960	1979	1479	1509	1381	1205	1038	940	833	705	401	235	0	274	392	578	852	921	1215	1421	1421	1489	1764	1666	1960	1715	1822	1950	1724	2067	1675	
744	1862	1362	1430	1332	1176	1029	989	950	882	578	490	274	0	196	382	676	676	980	1156	1146	1215	1489	1401	1695	1460	1577	1724	1528	1891	1509	
852	2009	1519	1607	1519	1362	1225	1195	1146	1068	764	637	392	196	0	196	480	529	823	1029	1058	1156	1440	1391	1685	1499	1636	1803	1617	2009	1646	
911	2107	1626	1724	1656	1519	1381	1372	1332	1264	960	823	578	382	196	0	284	372	646	862	921	1048	1332	1323	1626	1479	1626	1813	1656	2058	1715	
1127	2332	1852	1979	1920	1793	1666	1666	1626	1548	1244	1097	852	676	480	284	0	313	460	695	852	1019	1293	1342	1646	1558	1724	1930	1813	2234	1911	
891	2077	1626	1773	1744	1636	1528	1577	1587	1558	1254	1156	921	676	529	372	313	0	294	490	568	715	999	1029	1332	1244	1421	1626	1519	1950	1656	
1107	2263	1842	2009	1999	1901	1803	1862	1891	1862	1558	1460	1215	980	823	646	460	294	0	235	450	656	891	1009	1293	1293	1479	1705	1646	2077	1822	
1156	2244	1852	2038	2048	1979	1901	1989	2028	2028	1734	1656	1421	1156	1029	862	695	490	235	0	303	499	695	872	1127	1185	1372	1607	1577	2009	1793	
950	1969	1597	1803	1832	1773	1724	1842	1920	1960	1675	1636	1421	1146	1058	921	852	568	450	303	0	196	441	568	833	882	1068	1303	1283	1705	1519	
882	1813	1479	1685	1734	1705	1666	1803	1911	1969	1705	1695	1489	1215	1156	1048	1019	715	656	499	196	0	284	362	637	686	872	1107	1107	1519	1362	
1078	1842	1577	1803	1881	1871	1862	2009	2136	2224	1969	1969	1764	1489	1440	1332	1293	999	891	695	441	284	0	294	441	637	803	1038	1107	1499	1411	
862	1548	1293	1519	1607	1607	1617	1783	1940	2048	1813	1842	1666	1401	1391	1323	1342	1029	1009	872	568	362	294	0	303	343	529	764	813	1205	1107	
1097	1548	1381	1617	1734	1764	1803	1989	2165	2293	2077	2126	1960	1695	1685	1626	1646	1332	1293	1127	833	637	441	303	0	362	470	656	813	1136	1146	
784	1215	1019	1254	1362	1401	1440	1646	1822	1969	1773	1852	1715	1460	1499	1479	1558	1244	1293	1185	882	686	637	343	362	0	186	421	480	852	793	
862	1078	940	1176	1313	1372	1440	1646	1842	2009	1842	1940	1822	1577	1636	1626	1724	1421	1479	1372	1068	872	803	529	470	186	0	235	352	686	676	
989	911	882	1107	1264	1352	1440	1666	1881	2067	1930	2048	1950	1724	1803	1813	1930	1626	1705	1607	1303	1107	1038	764	656	421	235	0	274	470	578	
774	735	607	842	989	1078	1166	1391	1607	1803	1675	1813	1724	1528	1617	1656	1813	1519	1646	1577	1283	1107	1107	813	813	480	352	274	0	431	333	
1156	490	695	862	1048	1195	1332	1558	1803	2028	1960	2116	2067	1891	2009	2058	2234	1950	2077	2009	1705	1519	1499	1205	1136	852	686	470	431	0	401	
793	450	313	529	695	813	931	1166	1401	1617	1548	1715	1675	1509	1646	1715	1911	1656	1822	1793	1519	1362	1411	1107	1146	793	676	578	333	401	0	
V2
0	2410	1470	1783	1783	1646	1568	1862	2136	2371	1960	2136	1920	1489	1705	1822	2254	1783	2214	2312	1901	1764	2156	1724	2195	1568	1724	1979	1548	2312	1587	
2410	0	999	1038	1411	1783	2116	2548	3057	3547	3547	3939	3959	3724	4018	4214	4664	4155	4527	4488	3939	3626	3684	3096	3096	2430	2156	1822	1470	980	901	
1470	999	0	470	764	980	1254	1724	2214	2665	2587	2959	2959	2724	3038	3253	3704	3253	3684	3704	3194	2959	3155	2587	2763	2038	1881	1764	1215	1391	627	
1783	1038	470	0	372	725	1078	1509	1999	2489	2528	2940	3018	2861	3214	3449	3959	3547	4018	4076	3606	3371	3606	3038	3234	2508	2352	2214	1685	1724	1058	
1783	1411	764	372	0	372	725	1136	1626	2136	2214	2646	2763	2665	3038	3312	3841	3488	3998	4096	3665	3469	3763	3214	3469	2724	2626	2528	1979	2097	1391	
1646	1783	980	725	372	0	352	764	1274	1764	1822	2273	2410	2352	2724	3038	3586	3273	3802	3959	3547	3410	3743	3214	3528	2802	2744	2704	2156	2391	1626	
1568	2116	1254	1078	725	352	0	450	940	1411	1470	1920	2077	2058	2450	2763	3332	3057	3606	3802	3449	3332	3724	3234	3606	2881	2881	2881	2332	2665	1862	
1862	2548	1724	1509	1136	764	450	0	490	980	1176	1646	1881	1979	2391	2744	3332	3155	3724	3978	3684	3606	4018	3567	3978	3292	3292	3332	2783	3116	2332	
2136	3057	2214	1999	1626	1274	940	490	0	490	842	1313	1666	1901	2293	2665	3253	3175	3782	4057	3841	3822	4272	3880	4331	3645	3684	3763	3214	3606	2802	
2371	3547	2665	2489	2136	1764	1411	980	490	0	607	980	1411	1764	2136	2528	3096	3116	3724	4057	3920	3939	4449	4096	4586	3939	4018	4135	3606	4057	3234	
1960	3547	2587	2528	2214	1822	1470	1176	842	607	0	470	803	1156	1528	1920	2489	2508	3116	3469	3351	3410	3939	3626	4155	3547	3684	3861	3351	3920	3096	
2136	3939	2959	2940	2646	2273	1920	1646	1313	980	470	0	470	980	1274	1646	2195	2312	2920	3312	3273	3390	3939	3684	4253	3704	3880	4096	3626	4233	3430	
1920	3959	2959	3018	2763	2410	2077	1881	1666	1411	803	470	0	548	784	1156	1705	1842	2430	2842	2842	2979	3528	3332	3920	3430	3645	3900	3449	4135	3351	
1489	3724	2724	2861	2665	2352	2058	1979	1901	1764	1156	980	548	0	392	764	1352	1352	1960	2312	2293	2430	2979	2802	3390	2920	3155	3449	3057	3782	3018	
1705	4018	3038	3214	3038	2724	2450	2391	2293	2136	1528	1274	784	392	0	392	960	1058	1646	2058	2116	2312	2881	2783	3371	2998	3273	3606	3234	4018	3292	
1822	4214	3253	3449	3312	3038	2763	2744	2665	2528	1920	1646	1156	764	392	0	568	744	1293	1724	1842	2097	2665	2646	3253	2959	3253	3626	3312	4116	3430	
2254	4664	3704	3959	3841	3586	3332	3332	3253	3096	2489	2195	1705	1352	960	568	0	627	921	1391	1705	2038	2587	2685	3292	3116	3449	3861	3626	4468	3822	
1783	4155	3253	3547	3488	3273	3057	3155	3175	3116	2508	2312	1842	1352	1058	744	627	0	588	980	1136	1430	1999	2058	2665	2489	2842	3253	3038	3900	3312	
2214	4527	3684	4018	3998	3802	3606	3724	3782	3724	3116	2920	2430	1960	1646	1293	921	588	0	470	901	1313	1783	2018	2587	2587	2959	3410	3292	4155	3645	
2312	4488	3704	4076	4096	3959	3802	3978	4057	4057	3469	3312	2842	2312	2058	1724	1391	980	470	0	607	999	1391	1744	2254	2371	2744	3214	3155	4018	3586	
1901	3939	3194	3606	3665	3547	3449	3684	3841	3920	3351	3273	2842	2293	2116	1842	1705	1136	901	607	0	392	882	1136	1666	1764	2136	2606	2567	3410	3038	
1764	3626	2959	3371	3469	3410	3332	3606	3822	3939	3410	3390	2979	2430	2312	2097	2038	1430	1313	999	392	0	568	725	1274	1372	1744	2214	2214	3038	2724	
2156	3684	3155	3606	3763	3743	3724	4018	4272	4449	3939	3939	3528	2979	2881	2665	2587	1999	1783	1391	882	568	0	588	882	1274	1607	2077	2214	2998	2822	
1724	3096	2587	3038	3214	3214	3234	3567	3880	4096	3626	3684	3332	2802	2783	2646	2685	2058	2018	1744	1136	725	588	0	607	686	1058	1528	1626	2410	2214	
2195	3096	2763	3234	3469	3528	3606	3978	4331	4586	4155	4253	3920	3390	3371	3253	3292	2665	2587	2254	1666	1274	882	607	0	725	940	1313	1626	2273	2293	
1568	2430	2038	2508	2724	2802	2881	3292	3645	3939	3547	3704	3430	2920	2998	2959	3116	2489	2587	2371	1764	1372	1274	686	725	0	372	842	960	1705	1587	
1724	2156	1881	2352	2626	2744	2881	3292	3684	4018	3684	3880	3645	3155	3273	3253	3449	2842	2959	2744	2136	1744	1607	1058	940	372	0	470	705	1372	1352	
1979	1822	1764	2214	2528	2704	2881	3332	3763	4135	3861	4096	3900	3449	3606	3626	3861	3253	3410	3214	2606	2214	2077	1528	1313	842	470	0	548	940	1156	
1548	1470	1215	1685	1979	2156	2332	2783	3214	3606	3351	3626	3449	3057	3234	3312	3626	3038	3292	3155	2567	2214	2214	1626	1626	960	705	548	0	862	666	
2312	980	1391	1724	2097	2391	2665	3116	3606	4057	3920	4233	4135	3782	4018	4116	4468	3900	4155	4018	3410	3038	2998	2410	2273	1705	1372	940	862	0	803	
1587	901	627	1058	1391	1626	1862	2332	2802	3234	3096	3430	3351	3018	3292	3430	3822	3312	3645	3586	3038	2724	2822	2214	2293	1587	1352	1156	666	803	0	
V3
0	1131	690	837	837	772	736	874	1002	1113	920	1002	901	699	800	855	1058	837	1039	1085	892	828	1012	809	1030	736	809	929	726	1085	745	
1131	0	469	487	662	837	993	1196	1435	1665	1665	1849	1858	1748	1886	1978	2189	1950	2125	2106	1849	1702	1729	1453	1453	1140	1012	855	690	460	423	
690	469	0	220	358	460	588	809	1039	1251	1214	1389	1389	1278	1426	1527	1738	1527	1729	1738	1499	1389	1481	1214	1297	956	883	828	570	653	294	
837	487	220	0	174	340	506	708	938	1168	1186	1380	1416	1343	1508	1619	1858	1665	1886	1913	1692	1582	1692	1426	1518	1177	1104	1039	791	809	496	
837	662	358	174	0	174	340	533	763	1002	1039	1242	1297	1251	1426	1554	1803	1637	1876	1922	1720	1628	1766	1508	1628	1278	1232	1186	929	984	653	
772	837	460	340	174	0	165	358	598	828	855	1067	1131	1104	1278	1426	1683	1536	1784	1858	1665	1600	1757	1508	1656	1315	1288	1269	1012	1122	763	
736	993	588	506	340	165	0	211	441	662	690	901	975	966	1150	1297	1564	1435	1692	1784	1619	1564	1748	1518	1692	1352	1352	1352	1094	1251	874	
874	1196	809	708	533	358	211	0	230	460	552	772	883	929	1122	1288	1564	1481	1748	1867	1729	1692	1886	1674	1867	1545	1545	1564	1306	1462	1094	
1002	1435	1039	938	763	598	441	230	0	230	395	616	782	892	1076	1251	1527	1490	1775	1904	1803	1794	2005	1821	2033	1711	1729	1766	1508	1692	1315	
1113	1665	1251	1168	1002	828	662	460	230	0	285	460	662	828	1002	1186	1453	1462	1748	1904	1840	1849	2088	1922	2152	1849	1886	1941	1692	1904	1518	
920	1665	1214	1186	1039	855	690	552	395	285	0	220	377	542	717	901	1168	1177	1462	1628	1573	1600	1849	1702	1950	1665	1729	1812	1573	1840	1453	
1002	1849	1389	1380	1242	1067	901	772	616	460	220	0	220	460	598	772	1030	1085	1370	1554	1536	1591	1849	1729	1996	1738	1821	1922	1702	1987	1610	
901	1858	1389	1416	1297	1131	975	883	782	662	377	220	0	257	368	542	800	864	1140	1334	1334	1398	1656	1564	1840	1610	1711	1830	1619	1941	1573	
699	1748	1278	1343	1251	1104	966	929	892	828	542	460	257	0	184	358	634	634	920	1085	1076	1140	1398	1315	1591	1370	1481	1619	1435	1775	1416	
800	1886	1426	1508	1426	1278	1150	1122	1076	1002	717	598	368	184	0	184	450	496	772	966	993	1085	1352	1306	1582	1407	1536	1692	1518	1886	1545	
855	1978	1527	1619	1554	1426	1297	1288	1251	1186	901	772	542	358	184	0	266	349	607	809	864	984	1251	1242	1527	1389	1527	1702	1554	1932	1610	
1058	2189	1738	1858	1803	1683	1564	1564	1527	1453	1168	1030	800	634	450	266	0	294	432	653	800	956	1214	1260	1545	1462	1619	1812	1702	2097	1794	
837	1950	1527	1665	1637	1536	1435	1481	1490	1462	1177	1085	864	634	496	349	294	0	276	460	533	671	938	966	1251	1168	1334	1527	1426	1830	1554	
1039	2125	1729	1886	1876	1784	1692	1748	1775	1748	1462	1370	1140	920	772	607	432	276	0	220	423	616	837	947	1214	1214	1389	1600	1545	1950	1711	
1085	2106	1738	1913	1922	1858	1784	1867	1904	1904	1628	1554	1334	1085	966	809	653	460	220	0	285	469	653	818	1058	1113	1288	1508	1481	1886	1683	
892	1849	1499	1692	1720	1665	1619	1729	1803	1840	1573	1536	1334	1076	993	864	800	533	423	285	0	184	414	533	782	828	1002	1223	1205	1600	1426	
828	1702	1389	1582	1628	1600	1564	1692	1794	1849	1600	1591	1398	1140	1085	984	956	671	616	469	184	0	266	340	598	644	818	1039	1039	1426	1278	
1012	1729	1481	1692	1766	1757	1748	1886	2005	2088	1849	1849	1656	1398	1352	1251	1214	938	837	653	414	266	0	276	414	598	754	975	1039	1407	1324	
809	1453	1214	1426	1508	1508	1518	1674	1821	1922	1702	1729	1564	1315	1306	1242	1260	966	947	818	533	340	276	0	285	322	496	717	763	1131	1039	
1030	1453	1297	1518	1628	1656	1692	1867	2033	2152	1950	1996	1840	1591	1582	1527	1545	1251	1214	1058	782	598	414	285	0	340	441	616	763	1067	1076	
736	1140	956	1177	1278	1315	1352	1545	1711	1849	1665	1738	1610	1370	1407	1389	1462	1168	1214	1113	828	644	598	322	340	0	174	395	450	800	745	
809	1012	883	1104	1232	1288	1352	1545	1729	1886	1729	1821	1711	1481	1536	1527	1619	1334	1389	1288	1002	818	754	496	441	174	0	220	331	644	634	
929	855	828	1039	1186	1269	1352	1564	1766	1941	1812	1922	1830	1619	1692	1702	1812	1527	1600	1508	1223	1039	975	717	616	395	220	0	257	441	542	
726	690	570	791	929	1012	1094	1306	1508	1692	1573	1702	1619	1435	1518	1554	1702	1426	1545	1481	1205	1039	1039	763	763	450	331	257	0	404	312	
1085	460	653	809	984	1122	1251	1462	1692	1904	1840	1987	1941	1775	1886	1932	2097	1830	1950	1886	1600	1426	1407	1131	1067	800	644	441	404	0	377	
745	423	294	496	653	763	874	1094	1315	1518	1453	1610	1573	1416	1545	1610	1794	1554	1711	1683	1426	1278	1324	1039	1076	745	634	542	312	377	0	
V4
0	1623	990	1201	1201	1108	1056	1254	1438	1597	1320	1438	1293	1003	1148	1227	1518	1201	1491	1557	1280	1188	1452	1161	1478	1056	1161	1333	1042	1557	1069	
1623	0	673	699	950	1201	1425	1716	2059	2389	2389	2653	2666	2508	2706	2838	3141	2798	3049	3022	2653	2442	2481	2085	2085	1636	1452	1227	990	660	607	
990	673	0	316	514	660	844	1161	1491	1795	1742	1993	1993	1834	2046	2191	2494	2191	2481	2494	2151	1993	2125	1742	1861	1372	1267	1188	818	937	422	
1201	699	316	0	250	488	726	1016	1346	1676	1702	1980	2032	1927	2164	2323	2666	2389	2706	2745	2428	2270	2428	2046	2178	1689	1584	1491	1135	1161	712	
1201	950	514	250	0	250	488	765	1095	1438	1491	1782	1861	1795	2046	2230	2587	2349	2692	2758	2468	2336	2534	2164	2336	1834	1768	1702	1333	1412	937	
1108	1201	660	488	250	0	237	514	858	1188	1227	1531	1623	1584	1834	2046	2415	2204	2560	2666	2389	2296	2521	2164	2376	1887	1848	1821	1452	1610	1095	
1056	1425	844	726	488	237	0	303	633	950	990	1293	1399	1386	1650	1861	2244	2059	2428	2560	2323	2244	2508	2178	2428	1940	1940	1940	1570	1795	1254	
1254	1716	1161	1016	765	514	303	0	330	660	792	1108	1267	1333	1610	1848	2244	2125	2508	2679	2481	2428	2706	2402	2679	2217	2217	2244	1874	2098	1570	
1438	2059	1491	1346	1095	858	633	330	0	330	567	884	1122	1280	1544	1795	2191	2138	2547	2732	2587	2574	2877	2613	2917	2455	2481	2534	2164	2428	1887	
1597	2389	1795	1676	1438	1188	950	660	330	0	409	660	950	1188	1438	1702	2085	2098	2508	2732	2640	2653	2996	2758	3088	2653	2706	2785	2428	2732	2178	
1320	2389	1742	1702	1491	1227	990	792	567	409	0	316	541	778	1029	1293	1676	1689	2098	2336	2257	2296	2653	2442	2798	2389	2481	2600	2257	2640	2085	
1438	2653	1993	1980	1782	1531	1293	1108	884	660	316	0	316	660	858	1108	1478	1557	1966	2230	2204	2283	2653	2481	2864	2494	2613	2758	2442	2851	2310	
1293	2666	1993	2032	1861	1623	1399	1267	1122	950	541	316	0	369	528	778	1148	1240	1636	1914	1914	2006	2376	2244	2640	2310	2455	2626	2323	2785	2257	
1003	2508	1834	1927	1795	1584	1386	1333	1280	1188	778	660	369	0	264	514	910	910	1320	1557	1544	1636	2006	1887	2283	1966	2125	2323	2059	2547	2032	
1148	2706	2046	2164	2046	1834	1650	1610	1544	1438	1029	858	528	264	0	264	646	712	1108	1386	1425	1557	1940	1874	2270	2019	2204	2428	2178	2706	2217	
1227	2838	2191	2323	2230	2046	1861	1848	1795	1702	1293	1108	778	514	264	0	382	501	871	1161	1240	1412	1795	1782	2191	1993	2191	2442	2230	2772	2310	
1518	3141	2494	2666	2587	2415	2244	2244	2191	2085	1676	1478	1148	910	646	382	0	422	620	937	1148	1372	1742	1808	2217	2098	2323	2600	2442	3009	2574	
1201	2798	2191	2389	2349	2204	2059	2125	2138	2098	1689	1557	1240	910	712	501	422	0	396	660	765	963	1346	1386	1795	1676	1914	2191	2046	2626	2230	
1491	3049	2481	2706	2692	2560	2428	2508	2547	2508	2098	1966	1636	1320	1108	871	620	396	0	316	607	884	1201	1359	1742	1742	1993	2296	2217	2798	2455	
1557	3022	2494	2745	2758	2666	2560	2679	2732	2732	2336	2230	1914	1557	1386	1161	937	660	316	0	409	673	937	1174	1518	1597	1848	2164	2125	2706	2415	
1280	2653	2151	2428	2468	2389	2323	2481	2587	2640	2257	2204	1914	1544	1425	1240	1148	765	607	409	0	264	594	765	1122	1188	1438	1755	1729	2296	2046	
1188	2442	1993	2270	2336	2296	2244	2428	2574	2653	2296	2283	2006	1636	1557	1412	1372	963	884	673	264	0	382	488	858	924	1174	1491	1491	2046	1834	
1452	2481	2125	2428	2534	2521	2508	2706	2877	2996	2653	2653	2376	2006	1940	1795	1742	1346	1201	937	594	382	0	396	594	858	1082	1399	1491	2019	1900	
1161	2085	1742	2046	2164	2164	2178	2402	2613	2758	2442	2481	2244	1887	1874	1782	1808	1386	1359	1174	765	488	396	0	409	462	712	1029	1095	1623	1491	
1478	2085	1861	2178	2336	2376	2428	2679	2917	3088	2798	2864	2640	2283	2270	2191	2217	1795	1742	1518	1122	858	594	409	0	488	633	884	1095	1531	1544	
1056	1636	1372	1689	1834	1887	1940	2217	2455	2653	2389	2494	2310	1966	2019	1993	2098	1676	1742	1597	1188	924	858	462	488	0	250	567	646	1148	1069	
1161	1452	1267	1584	1768	1848	1940	2217	2481	2706	2481	2613	2455	2125	2204	2191	2323	1914	1993	1848	1438	1174	1082	712	633	250	0	316	475	924	910	
1333	1227	1188	1491	1702	1821	1940	2244	2534	2785	2600	2758	2626	2323	2428	2442	2600	2191	2296	2164	1755	1491	1399	1029	884	567	316	0	369	633	778	
1042	990	818	1135	1333	1452	1570	1874	2164	2428	2257	2442	2323	2059	2178	2230	2442	2046	2217	2125	1729	1491	1491	1095	1095	646	475	369	0	580	448	
1557	660	937	1161	1412	1610	1795	2098	2428	2732	2640	2851	2785	2547	2706	2772	3009	2626	2798	2706	2296	2046	2019	1623	1531	1148	924	633	580	0	541	
1069	607	422	712	937	1095	1254	1570	1887	2178	2085	2310	2257	2032	2217	2310	2574	2230	2455	2415	2046	1834	1900	1491	1544	1069	910	778	448	541	0	
V5
0	3173	1935	2347	2347	2167	2064	2451	2812	3121	2580	2812	2528	1960	2244	2399	2967	2347	2915	3044	2502	2322	2838	2270	2889	2064	2270	2605	2038	3044	2089	
3173	0	1315	1367	1857	2347	2786	3354	4024	4669	4669	5185	5211	4902	5289	5547	6140	5469	5959	5908	5185	4773	4850	4076	4076	3199	2838	2399	1935	1290	1186	
1935	1315	0	619	1006	1290	1651	2270	2915	3508	3405	3895	3895	3586	3999	4282	4876	4282	4850	4876	4205	3895	4153	3405	3637	2683	2476	2322	1599	1831	825	
2347	1367	619	0	490	954	1419	1986	2631	3276	3328	3870	3973	3766	4231	4540	5211	4669	5289	5366	4747	4437	4747	3999	4257	3302	3096	2915	2218	2270	1393	
2347	1857	1006	490	0	490	954	1496	2141	2812	2915	3483	3637	3508	3999	4360	5056	4592	5263	5392	4824	4566	4953	4231	4566	3586	3457	3328	2605	2760	1831	
2167	2347	1290	954	490	0	464	1006	1677	2322	2399	2992	3173	3096	3586	3999	4721	4308	5005	5211	4669	4489	4927	4231	4644	3689	3612	3560	2838	3147	2141	
2064	2786	1651	1419	954	464	0	593	1238	1857	1935	2528	2734	2709	3225	3637	4386	4024	4747	5005	4540	4386	4902	4257	4747	3792	3792	3792	3070	3508	2451	
2451	3354	2270	1986	1496	1006	593	0	645	1290	1548	2167	2476	2605	3147	3612	4386	4153	4902	5237	4850	4747	5289	4695	5237	4334	4334	4386	3663	4102	3070	
2812	4024	2915	2631	2141	1677	1238	645	0	645	1109	1728	2193	2502	3018	3508	4282	4179	4979	5340	5056	5031	5624	5108	5701	4798	4850	4953	4231	4747	3689	
3121	4669	3508	3276	2812	2322	1857	1290	645	0	799	1290	1857	2322	2812	3328	4076	4102	4902	5340	5160	5185	5856	5392	6037	5185	5289	5443	4747	5340	4257	
2580	4669	3405	3328	2915	2399	1935	1548	1109	799	0	619	1057	1522	2012	2528	3276	3302	4102	4566	4411	4489	5185	4773	5469	4669	4850	5082	4411	5160	4076	
2812	5185	3895	3870	3483	2992	2528	2167	1728	1290	619	0	619	1290	1677	2167	2889	3044	3844	4360	4308	4463	5185	4850	5598	4876	5108	5392	4773	5572	4515	
2528	5211	3895	3973	3637	3173	2734	2476	2193	1857	1057	619	0	722	1032	1522	2244	2425	3199	3741	3741	3921	4644	4386	5160	4515	4798	5134	4540	5443	4411	
1960	4902	3586	3766	3508	3096	2709	2605	2502	2322	1522	1290	722	0	516	1006	1780	1780	2580	3044	3018	3199	3921	3689	4463	3844	4153	4540	4024	4979	3973	
2244	5289	3999	4231	3999	3586	3225	3147	3018	2812	2012	1677	1032	516	0	516	1264	1393	2167	2709	2786	3044	3792	3663	4437	3947	4308	4747	4257	5289	4334	
2399	5547	4282	4540	4360	3999	3637	3612	3508	3328	2528	2167	1522	1006	516	0	748	980	1702	2270	2425	2760	3508	3483	4282	3895	4282	4773	4360	5418	4515	
2967	6140	4876	5211	5056	4721	4386	4386	4282	4076	3276	2889	2244	1780	1264	748	0	825	1212	1831	2244	2683	3405	3534	4334	4102	4540	5082	4773	5882	5031	
2347	5469	4282	4669	4592	4308	4024	4153	4179	4102	3302	3044	2425	1780	1393	980	825	0	774	1290	1496	1883	2631	2709	3508	3276	3741	4282	3999	5134	4360	
2915	5959	4850	5289	5263	5005	4747	4902	4979	4902	4102	3844	3199	2580	2167	1702	1212	774	0	619	1186	1728	2347	2657	3405	3405	3895	4489	4334	5469	4798	
3044	5908	4876	5366	5392	5211	5005	5237	5340	5340	4566	4360	3741	3044	2709	2270	1831	1290	619	0	799	1315	1831	2296	2967	3121	3612	4231	4153	5289	4721	
2502	5185	4205	4747	4824	4669	4540	4850	5056	5160	4411	4308	3741	3018	2786	2425	2244	1496	1186	799	0	516	1161	1496	2193	2322	2812	3431	3379	4489	3999	
2322	4773	3895	4437	4566	4489	4386	4747	5031	5185	4489	4463	3921	3199	3044	2760	2683	1883	1728	1315	516	0	748	954	1677	1806	2296	2915	2915	3999	3586	
2838	4850	4153	4747	4953	4927	4902	5289	5624	5856	5185	5185	4644	3921	3792	3508	3405	2631	2347	1831	1161	748	0	774	1161	1677	2115	2734	2915	3947	3715	
2270	4076	3405	3999	4231	4231	4257	4695	5108	5392	4773	4850	4386	3689	3663	3483	3534	2709	2657	2296	1496	954	774	0	799	903	1393	2012	2141	3173	2915	
2889	4076	3637	4257	4566	4644	4747	5237	5701	6037	5469	5598	5160	4463	4437	4282	4334	3508	3405	2967	2193	1677	1161	799	0	954	1238	1728	2141	2992	3018	
2064	3199	2683	3302	3586	3689	3792	4334	4798	5185	4669	4876	4515	3844	3947	3895	4102	3276	3405	3121	2322	1806	1677	903	954	0	490	1109	1264	2244	2089	
2270	2838	2476	3096	3457	3612	3792	4334	4850	5289	4850	5108	4798	4153	4308	4282	4540	3741	3895	3612	2812	2296	2115	1393	1238	490	0	619	928	1806	1780	
2605	2399	2322	2915	3328	3560	3792	4386	4953	5443	5082	5392	5134	4540	4747	4773	5082	4282	4489	4231	3431	2915	2734	2012	1728	1109	619	0	722	1238	1522	
2038	1935	1599	2218	2605	2838	3070	3663	4231	4747	4411	4773	4540	4024	4257	4360	4773	3999	4334	4153	3379	2915	2915	2141	2141	1264	928	722	0	1135	877	
3044	1290	1831	2270	2760	3147	3508	4102	4747	5340	5160	5572	5443	4979	5289	5418	5882	5134	5469	5289	4489	3999	3947	3173	2992	2244	1806	1238	1135	0	1057	
2089	1186	825	1393	1831	2141	2451	3070	3689	4257	4076	4515	4411	3973	4334	4515	5031	4360	4798	4721	3999	3586	3715	2915	3018	2089	1780	1522	877	1057	0	
V6
0	2263	1380	1674	1674	1545	1472	1748	2005	2226	1840	2005	1803	1398	1600	1711	2116	1674	2079	2171	1784	1656	2024	1619	2060	1472	1619	1858	1453	2171	1490	
2263	0	938	975	1324	1674	1987	2392	2870	3330	3330	3698	3716	3496	3772	3956	4379	3900	4250	4213	3698	3404	3459	2907	2907	2281	2024	1711	1380	920	846	
1380	938	0	441	717	920	1177	1619	2079	2502	2428	2778	2778	2557	2852	3054	3477	3054	3459	3477	2999	2778	2962	2428	2594	1913	1766	1656	1140	1306	588	
1674	975	441	0	349	680	1012	1416	1876	2336	2373	2760	2833	2686	3017	3238	3716	3330	3772	3827	3385	3164	3385	2852	3036	2355	2208	2079	1582	1619	993	
1674	1324	717	349	0	349	680	1067	1527	2005	2079	2484	2594	2502	2852	3109	3606	3275	3753	3845	3440	3256	3532	3017	3256	2557	2465	2373	1858	1968	1306	
1545	1674	920	680	349	0	331	717	1196	1656	1711	2134	2263	2208	2557	2852	3367	3072	3569	3716	3330	3201	3514	3017	3312	2631	2576	2539	2024	2244	1527	
1472	1987	1177	1012	680	331	0	423	883	1324	1380	1803	1950	1932	2300	2594	3128	2870	3385	3569	3238	3128	3496	3036	3385	2704	2704	2704	2189	2502	1748	
1748	2392	1619	1416	1067	717	423	0	460	920	1104	1545	1766	1858	2244	2576	3128	2962	3496	3735	3459	3385	3772	3348	3735	3091	3091	3128	2612	2925	2189	
2005	2870	2079	1876	1527	1196	883	460	0	460	791	1232	1564	1784	2152	2502	3054	2980	3551	3808	3606	3588	4011	3643	4066	3422	3459	3532	3017	3385	2631	
2226	3330	2502	2336	2005	1656	1324	920	460	0	570	920	1324	1656	2005	2373	2907	2925	3496	3808	3680	3698	4176	3845	4305	3698	3772	3882	3385	3808	3036	
1840	3330	2428	2373	2079	1711	1380	1104	791	570	0	441	754	1085	1435	1803	2336	2355	2925	3256	3146	3201	3698	3404	3900	3330	3459	3624	3146	3680	2907	
2005	3698	2778	2760	2484	2134	1803	1545	1232	920	441	0	441	920	1196	1545	2060	2171	2741	3109	3072	3183	3698	3459	3992	3477	3643	3845	3404	3974	3220	
1803	3716	2778	2833	2594	2263	1950	1766	1564	1324	754	441	0	515	736	1085	1600	1729	2281	2668	2668	2796	3312	3128	3680	3220	3422	3661	3238	3882	3146	
1398	3496	2557	2686	2502	2208	1932	1858	1784	1656	1085	920	515	0	368	717	1269	1269	1840	2171	2152	2281	2796	2631	3183	2741	2962	3238	2870	3551	2833	
1600	3772	2852	3017	2852	2557	2300	2244	2152	2005	1435	1196	736	368	0	368	901	993	1545	1932	1987	2171	2704	2612	3164	2815	3072	3385	3036	3772	3091	
1711	3956	3054	3238	3109	2852	2594	2576	2502	2373	1803	1545	1085	717	368	0	533	699	1214	1619	1729	1968	2502	2484	3054	2778	3054	3404	3109	3864	3220	
2116	4379	3477	3716	3606	3367	3128	3128	3054	2907	2336	2060	1600	1269	901	533	0	588	864	1306	1600	1913	2428	2520	3091	2925	3238	3624	3404	4195	3588	
1674	3900	3054	3330	3275	3072	2870	2962	2980	2925	2355	2171	1729	1269	993	699	588	0	552	920	1067	1343	1876	1932	2502	2336	2668	3054	2852	3661	3109	
2079	4250	3459	3772	3753	3569	3385	3496	3551	3496	2925	2741	2281	1840	1545	1214	864	552	0	441	846	1232	1674	1895	2428	2428	2778	3201	3091	3900	3422	
2171	4213	3477	3827	3845	3716	3569	3735	3808	3808	3256	3109	2668	2171	1932	1619	1306	920	441	0	570	938	1306	1637	2116	2226	2576	3017	2962	3772	3367	
1784	3698	2999	3385	3440	3330	3238	3459	3606	3680	3146	3072	2668	2152	1987	1729	1600	1067	846	570	0	368	828	1067	1564	1656	2005	2447	2410	3201	2852	
1656	3404	2778	3164	3256	3201	3128	3385	3588	3698	3201	3183	2796	2281	2171	1968	1913	1343	1232	938	368	0	533	680	1196	1288	1637	2079	2079	2852	2557	
2024	3459	2962	3385	3532	3514	3496	3772	4011	4176	3698	3698	3312	2796	2704	2502	2428	1876	1674	1306	828	533	0	552	828	1196	1508	1950	2079	2815	2649	
1619	2907	2428	2852	3017	3017	3036	3348	3643	3845	3404	3459	3128	2631	2612	2484	2520	1932	1895	1637	1067	680	552	0	570	644	993	1435	1527	2263	2079	
2060	2907	2594	3036	3256	3312	3385	3735	4066	4305	3900	3992	3680	3183	3164	3054	3091	2502	2428	2116	1564	1196	828	570	0	680	883	1232	1527	2134	2152	
