M: 2
N: 30
Nun_Veiculos: 9
Capacidade_Total: 747
Demanda_Total: 551
Setup_Min: 1
Setup_Max: 9
Raio: 100
Circulos: 1
Tempo_Processamento_Min: 1
Tempo_Processamento_Max: 49
Demanda_Min: 10
Demanda_Max: 30
Priority_Factor: 0.2
Range_Factor_R: 0.8
U_factor: 2
ALpha: 0.2Replicao: 4
Tempos_Processamentos
0	0	1	0	
0	41	1	48	
0	13	1	42	
0	29	1	45	
0	6	1	24	
0	48	1	21	
0	48	1	3	
0	19	1	21	
0	35	1	17	
0	18	1	44	
0	8	1	26	
0	3	1	28	
0	24	1	9	
0	15	1	24	
0	7	1	43	
0	37	1	32	
0	5	1	36	
0	2	1	33	
0	9	1	21	
0	46	1	10	
0	8	1	5	
0	13	1	19	
0	16	1	19	
0	47	1	16	
0	11	1	12	
0	8	1	36	
0	48	1	7	
0	26	1	47	
0	22	1	43	
0	31	1	13	
0	6	1	12	

Tempos_setup
M0
0	0	0	0	0	0	0	0	0	0	0	0	0	0	0	0	0	0	0	0	0	0	0	0	0	0	0	0	0	0	0	
0	0	3	1	3	2	3	2	3	3	2	3	1	2	3	3	3	3	3	3	2	2	4	3	2	3	4	4	2	2	2	
0	2	0	3	1	2	2	2	5	3	3	3	2	3	2	3	2	2	3	4	3	2	1	2	3	3	4	3	3	4	2	
0	2	3	0	3	3	2	2	2	2	3	2	3	1	3	2	3	3	3	4	3	4	3	4	1	3	3	3	4	4	1	
0	2	2	3	0	1	3	2	4	2	2	3	1	2	3	3	2	1	2	4	2	3	3	3	2	2	4	3	2	3	2	
0	1	1	2	2	0	2	2	3	2	3	2	2	3	3	2	3	3	1	4	1	3	2	2	1	2	3	3	2	3	1	
0	2	2	3	2	1	0	3	4	3	1	3	3	4	2	3	3	3	2	5	2	3	2	3	2	3	3	1	3	3	2	
0	3	3	2	4	3	4	0	4	2	1	3	2	2	3	3	4	1	4	2	3	2	2	3	3	1	4	2	3	3	3	
0	3	3	2	2	2	2	2	0	2	1	3	1	3	1	3	4	2	3	4	2	3	3	2	3	3	4	3	2	3	3	
0	1	2	2	3	1	2	3	4	0	1	2	2	3	2	1	3	4	2	4	2	3	1	2	1	3	2	3	3	3	2	
0	4	4	4	4	4	4	3	5	3	0	4	4	4	3	4	3	4	3	4	3	5	4	5	4	4	4	4	2	2	5	
0	2	3	3	3	2	1	3	2	3	1	0	3	2	3	4	4	2	3	3	3	4	3	2	3	3	4	2	3	3	3	
0	2	2	2	2	1	3	1	4	3	1	3	0	3	3	3	4	2	2	3	1	3	3	3	2	2	4	3	1	3	2	
0	3	3	3	3	3	3	4	5	2	3	3	4	0	3	3	4	4	4	6	2	3	2	3	2	5	2	4	3	5	3	
0	3	3	1	2	2	1	3	3	3	2	3	3	2	0	3	3	3	3	5	3	2	3	3	2	2	4	2	4	3	2	
0	3	3	2	4	2	3	3	4	2	1	2	4	3	3	0	3	4	3	5	3	2	2	2	3	4	1	3	3	3	2	
0	3	4	2	3	3	2	3	3	3	2	3	2	3	1	1	0	4	1	2	3	3	3	3	3	2	2	3	3	3	3	
0	2	3	2	3	2	3	1	3	1	2	3	1	1	3	2	4	0	3	3	2	3	2	3	2	1	3	2	2	4	2	
0	2	3	2	3	2	4	2	2	4	2	3	1	3	3	4	3	3	0	4	2	2	3	3	3	1	4	2	2	4	3	
0	2	4	3	4	3	2	2	4	2	2	2	3	4	2	3	2	3	3	0	4	3	1	2	1	3	3	3	2	1	4	
0	3	1	1	1	2	2	2	3	3	3	2	2	2	3	3	3	2	3	4	0	3	2	3	1	3	4	3	1	4	2	
0	4	2	4	2	3	3	2	4	3	3	2	3	4	3	4	4	3	4	4	4	0	3	1	2	3	4	4	4	3	4	
0	1	4	2	3	3	2	3	4	2	3	2	2	3	1	3	4	4	4	4	3	2	0	1	2	3	4	3	3	3	3	
0	3	4	4	4	3	2	3	3	2	2	1	4	3	3	3	3	3	3	3	4	5	3	0	1	4	4	3	3	2	3	
0	3	3	4	3	2	1	3	3	2	2	1	3	3	3	3	2	3	2	4	3	4	3	3	0	3	4	2	4	3	3	
0	3	2	1	3	4	3	3	3	3	4	3	4	2	2	3	4	3	4	5	4	3	2	3	2	0	3	1	5	4	2	
0	2	2	3	3	1	2	2	4	1	2	2	3	3	3	2	4	3	2	4	2	1	2	1	2	3	0	3	3	3	1	
0	3	1	2	2	3	2	3	4	3	3	4	3	3	1	4	3	3	4	4	4	2	2	3	3	3	2	0	4	4	3	
0	3	3	3	4	2	3	1	4	3	2	2	3	3	3	2	5	2	3	3	3	3	2	3	3	2	3	3	0	4	3	
0	2	3	2	3	2	2	1	4	1	1	3	3	3	1	2	1	2	2	3	3	3	2	3	2	2	2	3	1	0	3	
0	1	2	2	2	2	2	1	3	1	2	1	2	3	3	1	4	2	3	3	3	3	2	3	2	2	2	3	3	3	0	
M1
0	0	0	0	0	0	0	0	0	0	0	0	0	0	0	0	0	0	0	0	0	0	0	0	0	0	0	0	0	0	0	
0	0	4	2	1	2	3	1	2	2	3	2	2	2	1	3	4	1	1	3	2	2	4	3	3	2	2	2	2	2	2	
0	5	0	3	5	4	4	4	2	4	4	4	3	4	2	5	4	5	3	3	4	2	5	3	4	4	3	5	3	2	4	
0	3	2	0	4	2	2	2	3	1	2	3	4	3	3	3	2	2	2	1	3	3	3	2	4	1	2	2	2	3	3	
0	3	3	3	0	3	3	3	3	2	3	4	2	3	4	3	3	2	3	2	1	4	3	2	3	4	3	3	3	1	2	
0	2	3	3	2	0	3	2	1	3	2	3	2	3	3	4	3	3	2	2	3	2	3	3	3	3	2	3	2	3	3	
0	4	3	4	4	3	0	2	4	4	4	3	4	2	3	4	3	5	3	4	4	3	2	1	3	2	3	3	3	4	3	
0	3	4	3	3	2	3	0	3	3	2	3	2	2	2	3	3	3	2	3	2	1	5	2	3	3	1	3	4	3	2	
0	3	2	3	3	2	2	2	0	2	2	3	4	2	3	3	3	3	2	3	2	1	3	2	3	3	1	3	1	3	2	
0	3	4	4	3	1	2	3	2	0	3	4	3	4	3	2	3	4	3	3	4	3	4	3	4	4	3	3	3	4	3	
0	1	4	3	2	3	4	1	2	2	0	3	3	3	2	4	4	2	2	4	2	2	3	3	2	3	2	1	3	3	3	
0	3	3	3	3	1	2	3	2	3	3	0	2	3	4	4	3	3	2	3	2	1	4	2	3	3	2	4	1	2	3	
0	2	3	1	3	2	1	2	2	1	1	3	0	1	2	3	3	3	2	2	2	3	3	2	3	2	1	2	3	3	2	
0	3	3	4	3	1	4	3	2	4	3	4	3	0	3	2	4	4	3	3	4	3	4	4	4	3	3	4	3	2	4	
0	3	3	1	3	3	2	3	3	2	2	4	1	2	0	3	3	3	3	2	3	4	3	3	2	2	2	3	2	4	2	
0	1	3	2	2	1	3	2	2	3	3	3	2	3	1	0	3	2	2	3	2	3	2	2	3	3	3	3	2	3	3	
0	1	4	3	2	3	4	2	2	2	3	3	3	3	2	4	0	2	2	3	3	1	5	2	3	3	2	1	3	3	3	
0	2	3	3	2	1	2	2	2	2	3	3	3	3	3	2	4	0	3	3	2	3	4	3	3	3	3	1	1	3	1	
0	4	3	1	4	2	2	3	1	2	3	1	3	1	2	3	3	3	0	2	3	2	3	2	4	1	2	2	2	1	3	
0	2	1	2	3	3	3	2	2	2	1	2	3	2	2	3	1	3	1	0	3	2	4	1	3	2	3	2	3	2	2	
0	3	3	3	2	2	3	2	3	3	3	3	3	3	3	2	3	1	3	2	0	3	4	3	2	3	2	2	2	1	1	
0	3	3	2	3	2	3	2	2	3	2	2	3	2	3	3	3	3	1	2	2	0	4	1	2	2	1	3	3	2	2	
0	3	1	2	2	3	2	3	3	3	3	3	2	2	1	2	3	3	3	2	2	3	0	1	3	3	2	2	3	3	1	
0	4	4	3	3	2	4	3	3	3	3	2	3	1	4	3	5	4	2	4	4	3	5	0	2	3	4	2	3	3	5	
0	3	2	1	1	3	3	3	4	2	3	4	3	4	4	3	3	3	3	2	2	3	4	3	0	2	3	3	2	2	3	
0	4	3	3	4	3	1	2	2	2	4	3	3	3	3	4	4	3	4	3	2	3	2	2	4	0	3	1	1	3	3	
0	2	4	2	2	1	3	1	2	3	1	2	3	1	3	2	2	2	1	3	1	2	4	3	3	2	0	2	3	2	1	
0	4	3	2	4	2	3	1	1	1	3	4	2	3	3	3	4	2	3	3	2	2	4	3	4	2	2	0	2	3	3	
0	3	2	2	3	3	1	3	4	3	4	2	4	2	4	3	4	2	3	3	1	2	3	2	3	3	3	3	0	2	2	
0	3	2	3	4	4	3	2	3	3	2	3	2	3	3	4	2	4	2	1	4	3	5	2	4	3	3	3	3	0	3	
0	2	3	3	1	2	3	3	3	3	2	3	3	3	2	1	4	2	2	3	1	4	3	3	2	2	3	2	2	2	0	
Tamanho_Tarefas
0	42	26	29	14	33	22	19	21	29	9	4	13	18	22	33	11	2	13	19	5	16	16	20	11	16	10	33	25	14	6	
Data_Entrega
0	328	275	300	300	327	256	352	322	382	264	309	236	274	267	385	352	231	357	388	383	281	372	367	385	241	314	350	317	249	268	
Penalidade_Atraso
0	20	10	19	7	7	3	17	10	11	2	2	1	14	17	18	9	10	4	20	3	2	7	3	16	12	1	2	9	5	18	
Capacidade_Veiculo
79	105	80	88	47	46	74	119	109	
Custo_Fixo_Veiculo
790	1050	800	880	470	460	740	1190	1090	
Coordenadas_Clientes
x	0	y	0
x	120	y	0
x	101	y	21
x	68	y	30
x	76	y	55
x	67	y	75
x	53	y	92
x	38	y	117
x	12	y	114
x	-9	y	93
x	-25	y	77
x	-62	y	108
x	-51	y	57
x	-79	y	57
x	-99	y	44
x	-112	y	23
x	-115	y	0
x	-91	y	-19
x	-81	y	-36
x	-85	y	-62
x	-74	y	-83
x	-45	y	-78
x	-32	y	-99
x	-12	y	-121
x	9	y	-87
x	25	y	-77
x	58	y	-100
x	69	y	-77
x	72	y	-52
x	97	y	-43
x	90	y	-19
Tempo_Viagem
0	120	103	74	93	100	106	123	114	93	80	124	76	97	108	114	115	92	88	105	111	90	104	121	87	80	115	103	88	106	91	
120	0	28	60	70	91	113	142	156	159	164	211	180	207	223	233	235	211	204	214	211	182	180	178	140	122	117	92	70	48	35	
103	28	0	34	42	63	85	114	128	131	137	184	156	183	201	213	217	195	190	203	203	176	179	180	141	124	127	102	78	64	41	
74	60	34	0	26	45	63	92	100	99	104	151	122	149	167	180	185	166	162	178	181	156	163	170	131	115	130	107	82	78	53	
93	70	42	26	0	21	43	72	87	93	103	147	127	155	175	190	198	182	181	198	203	179	188	196	157	141	156	132	107	100	75	
100	91	63	45	21	0	22	51	67	78	92	133	119	147	168	186	196	183	185	204	211	189	200	211	172	157	175	152	127	121	96	
106	113	85	63	43	22	0	29	46	62	79	116	109	136	158	178	191	181	185	206	216	196	209	222	184	171	192	169	145	141	116	
123	142	114	92	72	51	29	0	26	52	74	100	106	130	153	175	191	187	193	217	229	211	227	243	206	194	217	196	172	170	145	
114	156	128	100	87	67	46	26	0	29	51	74	83	107	130	152	168	167	176	200	214	200	217	235	201	191	218	199	176	178	153	
93	159	131	99	93	78	62	52	29	0	22	55	54	78	101	123	139	138	147	172	187	174	193	214	180	173	204	187	166	172	149	
80	164	137	104	103	92	79	74	51	22	0	48	32	57	80	101	117	116	126	151	167	156	176	198	167	160	195	180	161	171	149	
124	211	184	151	147	133	116	100	74	55	48	0	52	53	73	97	119	129	145	171	191	186	209	234	207	204	239	226	208	219	197	
76	180	156	122	127	119	109	106	83	54	32	52	0	28	49	69	85	85	97	123	141	135	157	182	156	154	191	179	164	178	160	
97	207	183	149	155	147	136	130	107	78	57	53	28	0	23	47	67	76	93	119	140	139	162	190	168	169	208	199	185	202	185	
108	223	201	167	175	168	158	153	130	101	80	73	49	23	0	24	46	63	82	106	129	133	157	186	169	173	213	207	196	214	199	
114	233	213	180	190	186	178	175	152	123	101	97	69	47	24	0	23	46	65	89	112	120	144	173	163	169	209	206	198	219	205	
115	235	217	185	198	196	191	191	168	139	117	119	85	67	46	23	0	30	49	68	91	104	128	157	150	159	199	199	194	216	205	
92	211	195	166	182	183	181	187	167	138	116	129	85	76	63	46	30	0	19	43	66	74	98	127	120	129	169	170	166	189	181	
88	204	190	162	181	185	185	193	176	147	126	145	97	93	82	65	49	19	0	26	47	55	79	108	103	113	153	155	153	178	171	
105	214	203	178	198	204	206	217	200	172	151	171	123	119	106	89	68	43	26	0	23	43	64	93	97	111	147	154	157	182	180	
111	211	203	181	203	211	216	229	214	187	167	191	141	140	129	112	91	66	47	23	0	29	44	72	83	99	133	143	148	174	176	
90	182	176	156	179	189	196	211	200	174	156	186	135	139	133	120	104	74	55	43	29	0	24	53	54	70	104	114	119	145	147	
104	180	179	163	188	200	209	227	217	193	176	209	157	162	157	144	128	98	79	64	44	24	0	29	42	60	90	102	113	139	145	
121	178	180	170	196	211	222	243	235	214	198	234	182	190	186	173	157	127	108	93	72	53	29	0	39	57	73	92	108	134	144	
87	140	141	131	157	172	184	206	201	180	167	207	156	168	169	163	150	120	103	97	83	54	42	39	0	18	50	60	71	97	105	
80	122	124	115	141	157	171	194	191	173	160	204	154	169	173	169	159	129	113	111	99	70	60	57	18	0	40	44	53	79	87	
115	117	127	130	156	175	192	217	218	204	195	239	191	208	213	209	199	169	153	147	133	104	90	73	50	40	0	25	50	69	86	
103	92	102	107	132	152	169	196	199	187	180	226	179	199	207	206	199	170	155	154	143	114	102	92	60	44	25	0	25	44	61	
88	70	78	82	107	127	145	172	176	166	161	208	164	185	196	198	194	166	153	157	148	119	113	108	71	53	50	25	0	26	37	
106	48	64	78	100	121	141	170	178	172	171	219	178	202	214	219	216	189	178	182	174	145	139	134	97	79	69	44	26	0	25	
91	35	41	53	75	96	116	145	153	149	149	197	160	185	199	205	205	181	171	180	176	147	145	144	105	87	86	61	37	25	0	
Custo_Viagem
V0
0	1896	1627	1169	1469	1580	1674	1943	1801	1469	1264	1959	1200	1532	1706	1801	1817	1453	1390	1659	1753	1422	1643	1911	1374	1264	1817	1627	1390	1674	1437	
1896	0	442	948	1106	1437	1785	2243	2480	2512	2591	3333	2844	3270	3523	3681	3713	3333	3223	3381	3333	2875	2859	2828	2227	1927	1848	1453	1106	758	553	
1627	442	0	537	663	995	1343	1801	2022	2069	2164	2907	2464	2891	3175	3365	3428	3096	3002	3207	3207	2780	2828	2859	2227	1959	2022	1627	1232	1011	647	
1169	948	537	0	410	711	995	1453	1580	1564	1643	2385	1927	2354	2638	2844	2923	2622	2559	2812	2859	2464	2575	2686	2069	1817	2054	1690	1295	1232	837	
1469	1106	663	410	0	331	679	1137	1374	1469	1627	2322	2006	2449	2765	3002	3128	2875	2859	3144	3207	2828	2970	3096	2480	2227	2464	2085	1690	1580	1185	
1580	1437	995	711	331	0	347	805	1058	1232	1453	2101	1880	2322	2654	2938	3096	2891	2923	3223	3333	2986	3160	3333	2717	2480	2765	2401	2006	1911	1516	
1674	1785	1343	995	679	347	0	458	726	979	1248	1832	1722	2148	2512	2812	3017	2859	2923	3254	3412	3096	3302	3507	2907	2701	3033	2670	2291	2227	1848	
1943	2243	1801	1453	1137	805	458	0	410	821	1169	1580	1690	2069	2449	2796	3033	2954	3049	3428	3618	3333	3586	3839	3254	3065	3428	3096	2717	2686	2291	
1801	2480	2022	1580	1374	1058	726	410	0	458	821	1169	1327	1690	2069	2417	2686	2654	2780	3160	3381	3160	3428	3728	3175	3017	3444	3144	2780	2812	2433	
1469	2512	2069	1564	1469	1232	979	821	458	0	347	869	869	1232	1611	1959	2227	2180	2322	2717	2954	2749	3049	3381	2844	2733	3223	2954	2622	2717	2354	
1264	2591	2164	1643	1627	1453	1248	1169	821	347	0	758	505	900	1279	1611	1864	1832	1990	2385	2638	2464	2780	3128	2638	2543	3081	2844	2543	2701	2354	
1959	3333	2907	2385	2322	2101	1832	1580	1169	869	758	0	821	837	1153	1548	1896	2054	2291	2701	3017	2938	3302	3697	3270	3223	3792	3570	3286	3460	3128	
1200	2844	2464	1927	2006	1880	1722	1690	1327	869	505	821	0	442	774	1090	1343	1343	1532	1943	2227	2133	2480	2875	2464	2433	3017	2828	2591	2812	2528	
1532	3270	2891	2354	2449	2322	2148	2069	1690	1232	900	837	442	0	363	742	1058	1200	1469	1880	2212	2196	2559	3002	2654	2670	3286	3144	2938	3191	2923	
1706	3523	3175	2638	2765	2654	2512	2449	2069	1611	1279	1153	774	363	0	379	726	995	1295	1674	2038	2101	2480	2938	2670	2733	3365	3270	3096	3381	3144	
1801	3681	3365	2844	3002	2938	2812	2796	2417	1959	1611	1548	1090	742	379	0	363	726	1042	1406	1769	1911	2291	2765	2575	2670	3302	3254	3128	3460	3254	
1817	3713	3428	2923	3128	3096	3017	3033	2686	2227	1864	1896	1343	1058	726	363	0	474	774	1074	1453	1643	2038	2496	2385	2512	3144	3144	3065	3412	3239	
1453	3333	3096	2622	2875	2891	2859	2954	2654	2180	1832	2054	1343	1200	995	726	474	0	300	679	1042	1169	1564	2038	1896	2038	2670	2686	2622	2986	2859	
1390	3223	3002	2559	2859	2923	2923	3049	2780	2322	1990	2291	1532	1469	1295	1042	774	300	0	410	742	869	1248	1722	1627	1785	2417	2449	2417	2812	2701	
1659	3381	3207	2812	3144	3223	3254	3428	3160	2717	2385	2701	1943	1880	1674	1406	1074	679	410	0	363	679	1011	1469	1532	1753	2322	2433	2480	2875	2844	
1753	3333	3207	2859	3207	3333	3412	3618	3381	2954	2638	3017	2227	2212	2038	1769	1453	1042	742	363	0	458	695	1137	1311	1564	2101	2259	2354	2765	2780	
1422	2875	2780	2464	2828	2986	3096	3333	3160	2749	2464	2938	2133	2196	2101	1911	1643	1169	869	679	458	0	379	853	853	1106	1659	1801	1880	2306	2322	
1643	2859	2828	2575	2970	3160	3302	3586	3428	3049	2780	3302	2480	2559	2480	2291	2038	1564	1248	1011	695	379	0	458	663	963	1422	1627	1801	2212	2291	
1911	2828	2859	2686	3096	3333	3507	3839	3728	3381	3128	3697	2875	3002	2938	2765	2496	2038	1722	1469	1137	853	458	0	616	900	1153	1453	1706	2117	2275	
1374	2227	2227	2069	2480	2717	2907	3254	3175	2844	2638	3270	2464	2654	2670	2575	2385	1896	1627	1532	1311	853	663	616	0	284	790	948	1137	1548	1659	
1264	1927	1959	1817	2227	2480	2701	3065	3017	2733	2543	3223	2433	2670	2733	2670	2512	2038	1785	1753	1564	1106	963	900	284	0	632	695	837	1248	1374	
1817	1848	2022	2054	2464	2765	3033	3428	3444	3223	3081	3792	3017	3286	3365	3302	3144	2670	2417	2322	2101	1659	1422	1153	790	632	0	395	790	1090	1374	
1627	1453	1627	1690	2085	2401	2670	3096	3144	2954	2844	3570	2828	3144	3270	3254	3144	2686	2449	2433	2259	1801	1627	1453	948	695	395	0	395	695	963	
1390	1106	1232	1295	1690	2006	2291	2717	2780	2622	2543	3286	2591	2938	3096	3128	3065	2622	2417	2480	2354	1880	1801	1706	1137	837	790	395	0	410	584	
1674	758	1011	1232	1580	1911	2227	2686	2812	2717	2701	3460	2812	3191	3381	3460	3412	2986	2812	2875	2765	2306	2212	2117	1548	1248	1090	695	410	0	395	
1437	553	647	837	1185	1516	1848	2291	2433	2354	2354	3128	2528	2923	3144	3254	3239	2859	2701	2844	2780	2322	2291	2275	1659	1374	1374	963	584	395	0	
V1
0	2520	2163	1554	1953	2100	2226	2583	2394	1953	1680	2604	1596	2037	2268	2394	2415	1932	1848	2205	2331	1890	2184	2541	1827	1680	2415	2163	1848	2226	1911	
2520	0	588	1260	1470	1911	2373	2982	3297	3339	3444	4431	3780	4347	4683	4893	4935	4431	4284	4494	4431	3822	3801	3759	2961	2562	2457	1932	1470	1008	735	
2163	588	0	714	882	1323	1785	2394	2688	2751	2877	3864	3276	3843	4221	4473	4557	4116	3990	4263	4263	3696	3759	3801	2961	2604	2688	2163	1638	1344	861	
1554	1260	714	0	546	945	1323	1932	2100	2079	2184	3171	2562	3129	3507	3780	3885	3486	3402	3738	3801	3276	3423	3570	2751	2415	2730	2247	1722	1638	1113	
1953	1470	882	546	0	441	903	1512	1827	1953	2163	3087	2667	3255	3675	3990	4158	3822	3801	4179	4263	3759	3948	4116	3297	2961	3276	2772	2247	2100	1575	
2100	1911	1323	945	441	0	462	1071	1407	1638	1932	2793	2499	3087	3528	3906	4116	3843	3885	4284	4431	3969	4200	4431	3612	3297	3675	3192	2667	2541	2016	
2226	2373	1785	1323	903	462	0	609	966	1302	1659	2436	2289	2856	3339	3738	4011	3801	3885	4326	4536	4116	4389	4662	3864	3591	4032	3549	3045	2961	2457	
2583	2982	2394	1932	1512	1071	609	0	546	1092	1554	2100	2247	2751	3255	3717	4032	3927	4053	4557	4809	4431	4767	5103	4326	4074	4557	4116	3612	3570	3045	
2394	3297	2688	2100	1827	1407	966	546	0	609	1092	1554	1764	2247	2751	3213	3570	3528	3696	4200	4494	4200	4557	4956	4221	4011	4578	4179	3696	3738	3234	
1953	3339	2751	2079	1953	1638	1302	1092	609	0	462	1155	1155	1638	2142	2604	2961	2898	3087	3612	3927	3654	4053	4494	3780	3633	4284	3927	3486	3612	3129	
1680	3444	2877	2184	2163	1932	1659	1554	1092	462	0	1008	672	1197	1701	2142	2478	2436	2646	3171	3507	3276	3696	4158	3507	3381	4095	3780	3381	3591	3129	
2604	4431	3864	3171	3087	2793	2436	2100	1554	1155	1008	0	1092	1113	1533	2058	2520	2730	3045	3591	4011	3906	4389	4914	4347	4284	5040	4746	4368	4599	4158	
1596	3780	3276	2562	2667	2499	2289	2247	1764	1155	672	1092	0	588	1029	1449	1785	1785	2037	2583	2961	2835	3297	3822	3276	3234	4011	3759	3444	3738	3360	
2037	4347	3843	3129	3255	3087	2856	2751	2247	1638	1197	1113	588	0	483	987	1407	1596	1953	2499	2940	2919	3402	3990	3528	3549	4368	4179	3906	4242	3885	
2268	4683	4221	3507	3675	3528	3339	3255	2751	2142	1701	1533	1029	483	0	504	966	1323	1722	2226	2709	2793	3297	3906	3549	3633	4473	4347	4116	4494	4179	
2394	4893	4473	3780	3990	3906	3738	3717	3213	2604	2142	2058	1449	987	504	0	483	966	1386	1869	2352	2541	3045	3675	3423	3549	4389	4326	4158	4599	4326	
2415	4935	4557	3885	4158	4116	4011	4032	3570	2961	2478	2520	1785	1407	966	483	0	630	1029	1428	1932	2184	2709	3318	3171	3339	4179	4179	4074	4536	4305	
1932	4431	4116	3486	3822	3843	3801	3927	3528	2898	2436	2730	1785	1596	1323	966	630	0	399	903	1386	1554	2079	2709	2520	2709	3549	3570	3486	3969	3801	
1848	4284	3990	3402	3801	3885	3885	4053	3696	3087	2646	3045	2037	1953	1722	1386	1029	399	0	546	987	1155	1659	2289	2163	2373	3213	3255	3213	3738	3591	
2205	4494	4263	3738	4179	4284	4326	4557	4200	3612	3171	3591	2583	2499	2226	1869	1428	903	546	0	483	903	1344	1953	2037	2331	3087	3234	3297	3822	3780	
2331	4431	4263	3801	4263	4431	4536	4809	4494	3927	3507	4011	2961	2940	2709	2352	1932	1386	987	483	0	609	924	1512	1743	2079	2793	3003	3129	3675	3696	
1890	3822	3696	3276	3759	3969	4116	4431	4200	3654	3276	3906	2835	2919	2793	2541	2184	1554	1155	903	609	0	504	1134	1134	1470	2205	2394	2499	3066	3087	
2184	3801	3759	3423	3948	4200	4389	4767	4557	4053	3696	4389	3297	3402	3297	3045	2709	2079	1659	1344	924	504	0	609	882	1281	1890	2163	2394	2940	3045	
2541	3759	3801	3570	4116	4431	4662	5103	4956	4494	4158	4914	3822	3990	3906	3675	3318	2709	2289	1953	1512	1134	609	0	819	1197	1533	1932	2268	2814	3024	
1827	2961	2961	2751	3297	3612	3864	4326	4221	3780	3507	4347	3276	3528	3549	3423	3171	2520	2163	2037	1743	1134	882	819	0	378	1050	1260	1512	2058	2205	
1680	2562	2604	2415	2961	3297	3591	4074	4011	3633	3381	4284	3234	3549	3633	3549	3339	2709	2373	2331	2079	1470	1281	1197	378	0	840	924	1113	1659	1827	
2415	2457	2688	2730	3276	3675	4032	4557	4578	4284	4095	5040	4011	4368	4473	4389	4179	3549	3213	3087	2793	2205	1890	1533	1050	840	0	525	1050	1449	1827	
2163	1932	2163	2247	2772	3192	3549	4116	4179	3927	3780	4746	3759	4179	4347	4326	4179	3570	3255	3234	3003	2394	2163	1932	1260	924	525	0	525	924	1281	
1848	1470	1638	1722	2247	2667	3045	3612	3696	3486	3381	4368	3444	3906	4116	4158	4074	3486	3213	3297	3129	2499	2394	2268	1512	1113	1050	525	0	546	777	
2226	1008	1344	1638	2100	2541	2961	3570	3738	3612	3591	4599	3738	4242	4494	4599	4536	3969	3738	3822	3675	3066	2940	2814	2058	1659	1449	924	546	0	525	
1911	735	861	1113	1575	2016	2457	3045	3234	3129	3129	4158	3360	3885	4179	4326	4305	3801	3591	3780	3696	3087	3045	3024	2205	1827	1827	1281	777	525	0	
V2
0	1920	1648	1184	1488	1600	1696	1968	1824	1488	1280	1984	1216	1552	1728	1824	1840	1472	1408	1680	1776	1440	1664	1936	1392	1280	1840	1648	1408	1696	1456	
1920	0	448	960	1120	1456	1808	2272	2512	2544	2624	3376	2880	3312	3568	3728	3760	3376	3264	3424	3376	2912	2896	2864	2256	1952	1872	1472	1120	768	560	
1648	448	0	544	672	1008	1360	1824	2048	2096	2192	2944	2496	2928	3216	3408	3472	3136	3040	3248	3248	2816	2864	2896	2256	1984	2048	1648	1248	1024	656	
1184	960	544	0	416	720	1008	1472	1600	1584	1664	2416	1952	2384	2672	2880	2960	2656	2592	2848	2896	2496	2608	2720	2096	1840	2080	1712	1312	1248	848	
1488	1120	672	416	0	336	688	1152	1392	1488	1648	2352	2032	2480	2800	3040	3168	2912	2896	3184	3248	2864	3008	3136	2512	2256	2496	2112	1712	1600	1200	
1600	1456	1008	720	336	0	352	816	1072	1248	1472	2128	1904	2352	2688	2976	3136	2928	2960	3264	3376	3024	3200	3376	2752	2512	2800	2432	2032	1936	1536	
1696	1808	1360	1008	688	352	0	464	736	992	1264	1856	1744	2176	2544	2848	3056	2896	2960	3296	3456	3136	3344	3552	2944	2736	3072	2704	2320	2256	1872	
1968	2272	1824	1472	1152	816	464	0	416	832	1184	1600	1712	2096	2480	2832	3072	2992	3088	3472	3664	3376	3632	3888	3296	3104	3472	3136	2752	2720	2320	
1824	2512	2048	1600	1392	1072	736	416	0	464	832	1184	1344	1712	2096	2448	2720	2688	2816	3200	3424	3200	3472	3776	3216	3056	3488	3184	2816	2848	2464	
1488	2544	2096	1584	1488	1248	992	832	464	0	352	880	880	1248	1632	1984	2256	2208	2352	2752	2992	2784	3088	3424	2880	2768	3264	2992	2656	2752	2384	
1280	2624	2192	1664	1648	1472	1264	1184	832	352	0	768	512	912	1296	1632	1888	1856	2016	2416	2672	2496	2816	3168	2672	2576	3120	2880	2576	2736	2384	
1984	3376	2944	2416	2352	2128	1856	1600	1184	880	768	0	832	848	1168	1568	1920	2080	2320	2736	3056	2976	3344	3744	3312	3264	3840	3616	3328	3504	3168	
1216	2880	2496	1952	2032	1904	1744	1712	1344	880	512	832	0	448	784	1104	1360	1360	1552	1968	2256	2160	2512	2912	2496	2464	3056	2864	2624	2848	2560	
1552	3312	2928	2384	2480	2352	2176	2096	1712	1248	912	848	448	0	368	752	1072	1216	1488	1904	2240	2224	2592	3040	2688	2704	3328	3184	2976	3232	2960	
1728	3568	3216	2672	2800	2688	2544	2480	2096	1632	1296	1168	784	368	0	384	736	1008	1312	1696	2064	2128	2512	2976	2704	2768	3408	3312	3136	3424	3184	
1824	3728	3408	2880	3040	2976	2848	2832	2448	1984	1632	1568	1104	752	384	0	368	736	1056	1424	1792	1936	2320	2800	2608	2704	3344	3296	3168	3504	3296	
1840	3760	3472	2960	3168	3136	3056	3072	2720	2256	1888	1920	1360	1072	736	368	0	480	784	1088	1472	1664	2064	2528	2416	2544	3184	3184	3104	3456	3280	
1472	3376	3136	2656	2912	2928	2896	2992	2688	2208	1856	2080	1360	1216	1008	736	480	0	304	688	1056	1184	1584	2064	1920	2064	2704	2720	2656	3024	2896	
1408	3264	3040	2592	2896	2960	2960	3088	2816	2352	2016	2320	1552	1488	1312	1056	784	304	0	416	752	880	1264	1744	1648	1808	2448	2480	2448	2848	2736	
1680	3424	3248	2848	3184	3264	3296	3472	3200	2752	2416	2736	1968	1904	1696	1424	1088	688	416	0	368	688	1024	1488	1552	1776	2352	2464	2512	2912	2880	
1776	3376	3248	2896	3248	3376	3456	3664	3424	2992	2672	3056	2256	2240	2064	1792	1472	1056	752	368	0	464	704	1152	1328	1584	2128	2288	2384	2800	2816	
1440	2912	2816	2496	2864	3024	3136	3376	3200	2784	2496	2976	2160	2224	2128	1936	1664	1184	880	688	464	0	384	864	864	1120	1680	1824	1904	2336	2352	
1664	2896	2864	2608	3008	3200	3344	3632	3472	3088	2816	3344	2512	2592	2512	2320	2064	1584	1264	1024	704	384	0	464	672	976	1440	1648	1824	2240	2320	
1936	2864	2896	2720	3136	3376	3552	3888	3776	3424	3168	3744	2912	3040	2976	2800	2528	2064	1744	1488	1152	864	464	0	624	912	1168	1472	1728	2144	2304	
1392	2256	2256	2096	2512	2752	2944	3296	3216	2880	2672	3312	2496	2688	2704	2608	2416	1920	1648	1552	1328	864	672	624	0	288	800	960	1152	1568	1680	
1280	1952	1984	1840	2256	2512	2736	3104	3056	2768	2576	3264	2464	2704	2768	2704	2544	2064	1808	1776	1584	1120	976	912	288	0	640	704	848	1264	1392	
1840	1872	2048	2080	2496	2800	3072	3472	3488	3264	3120	3840	3056	3328	3408	3344	3184	2704	2448	2352	2128	1680	1440	1168	800	640	0	400	800	1104	1392	
1648	1472	1648	1712	2112	2432	2704	3136	3184	2992	2880	3616	2864	3184	3312	3296	3184	2720	2480	2464	2288	1824	1648	1472	960	704	400	0	400	704	976	
1408	1120	1248	1312	1712	2032	2320	2752	2816	2656	2576	3328	2624	2976	3136	3168	3104	2656	2448	2512	2384	1904	1824	1728	1152	848	800	400	0	416	592	
1696	768	1024	1248	1600	1936	2256	2720	2848	2752	2736	3504	2848	3232	3424	3504	3456	3024	2848	2912	2800	2336	2240	2144	1568	1264	1104	704	416	0	400	
1456	560	656	848	1200	1536	1872	2320	2464	2384	2384	3168	2560	2960	3184	3296	3280	2896	2736	2880	2816	2352	2320	2304	1680	1392	1392	976	592	400	0	
V3
0	2112	1812	1302	1636	1760	1865	2164	2006	1636	1408	2182	1337	1707	1900	2006	2024	1619	1548	1848	1953	1584	1830	2129	1531	1408	2024	1812	1548	1865	1601	
2112	0	492	1056	1232	1601	1988	2499	2763	2798	2886	3713	3168	3643	3924	4100	4136	3713	3590	3766	3713	3203	3185	3150	2481	2147	2059	1619	1232	844	616	
1812	492	0	598	739	1108	1496	2006	2252	2305	2411	3238	2745	3220	3537	3748	3819	3449	3344	3572	3572	3097	3150	3185	2481	2182	2252	1812	1372	1126	721	
1302	1056	598	0	457	792	1108	1619	1760	1742	1830	2657	2147	2622	2939	3168	3256	2921	2851	3132	3185	2745	2868	2992	2305	2024	2288	1883	1443	1372	932	
1636	1232	739	457	0	369	756	1267	1531	1636	1812	2587	2235	2728	3080	3344	3484	3203	3185	3502	3572	3150	3308	3449	2763	2481	2745	2323	1883	1760	1320	
1760	1601	1108	792	369	0	387	897	1179	1372	1619	2340	2094	2587	2956	3273	3449	3220	3256	3590	3713	3326	3520	3713	3027	2763	3080	2675	2235	2129	1689	
1865	1988	1496	1108	756	387	0	510	809	1091	1390	2041	1918	2393	2798	3132	3361	3185	3256	3625	3801	3449	3678	3907	3238	3009	3379	2974	2552	2481	2059	
2164	2499	2006	1619	1267	897	510	0	457	915	1302	1760	1883	2305	2728	3115	3379	3291	3396	3819	4030	3713	3995	4276	3625	3414	3819	3449	3027	2992	2552	
2006	2763	2252	1760	1531	1179	809	457	0	510	915	1302	1478	1883	2305	2692	2992	2956	3097	3520	3766	3520	3819	4153	3537	3361	3836	3502	3097	3132	2710	
1636	2798	2305	1742	1636	1372	1091	915	510	0	387	968	968	1372	1795	2182	2481	2428	2587	3027	3291	3062	3396	3766	3168	3044	3590	3291	2921	3027	2622	
1408	2886	2411	1830	1812	1619	1390	1302	915	387	0	844	563	1003	1425	1795	2076	2041	2217	2657	2939	2745	3097	3484	2939	2833	3432	3168	2833	3009	2622	
2182	3713	3238	2657	2587	2340	2041	1760	1302	968	844	0	915	932	1284	1724	2112	2288	2552	3009	3361	3273	3678	4118	3643	3590	4224	3977	3660	3854	3484	
1337	3168	2745	2147	2235	2094	1918	1883	1478	968	563	915	0	492	862	1214	1496	1496	1707	2164	2481	2376	2763	3203	2745	2710	3361	3150	2886	3132	2816	
1707	3643	3220	2622	2728	2587	2393	2305	1883	1372	1003	932	492	0	404	827	1179	1337	1636	2094	2464	2446	2851	3344	2956	2974	3660	3502	3273	3555	3256	
1900	3924	3537	2939	3080	2956	2798	2728	2305	1795	1425	1284	862	404	0	422	809	1108	1443	1865	2270	2340	2763	3273	2974	3044	3748	3643	3449	3766	3502	
2006	4100	3748	3168	3344	3273	3132	3115	2692	2182	1795	1724	1214	827	422	0	404	809	1161	1566	1971	2129	2552	3080	2868	2974	3678	3625	3484	3854	3625	
2024	4136	3819	3256	3484	3449	3361	3379	2992	2481	2076	2112	1496	1179	809	404	0	528	862	1196	1619	1830	2270	2780	2657	2798	3502	3502	3414	3801	3608	
1619	3713	3449	2921	3203	3220	3185	3291	2956	2428	2041	2288	1496	1337	1108	809	528	0	334	756	1161	1302	1742	2270	2112	2270	2974	2992	2921	3326	3185	
1548	3590	3344	2851	3185	3256	3256	3396	3097	2587	2217	2552	1707	1636	1443	1161	862	334	0	457	827	968	1390	1918	1812	1988	2692	2728	2692	3132	3009	
1848	3766	3572	3132	3502	3590	3625	3819	3520	3027	2657	3009	2164	2094	1865	1566	1196	756	457	0	404	756	1126	1636	1707	1953	2587	2710	2763	3203	3168	
1953	3713	3572	3185	3572	3713	3801	4030	3766	3291	2939	3361	2481	2464	2270	1971	1619	1161	827	404	0	510	774	1267	1460	1742	2340	2516	2622	3080	3097	
1584	3203	3097	2745	3150	3326	3449	3713	3520	3062	2745	3273	2376	2446	2340	2129	1830	1302	968	756	510	0	422	950	950	1232	1848	2006	2094	2569	2587	
1830	3185	3150	2868	3308	3520	3678	3995	3819	3396	3097	3678	2763	2851	2763	2552	2270	1742	1390	1126	774	422	0	510	739	1073	1584	1812	2006	2464	2552	
2129	3150	3185	2992	3449	3713	3907	4276	4153	3766	3484	4118	3203	3344	3273	3080	2780	2270	1918	1636	1267	950	510	0	686	1003	1284	1619	1900	2358	2534	
1531	2481	2481	2305	2763	3027	3238	3625	3537	3168	2939	3643	2745	2956	2974	2868	2657	2112	1812	1707	1460	950	739	686	0	316	880	1056	1267	1724	1848	
1408	2147	2182	2024	2481	2763	3009	3414	3361	3044	2833	3590	2710	2974	3044	2974	2798	2270	1988	1953	1742	1232	1073	1003	316	0	704	774	932	1390	1531	
2024	2059	2252	2288	2745	3080	3379	3819	3836	3590	3432	4224	3361	3660	3748	3678	3502	2974	2692	2587	2340	1848	1584	1284	880	704	0	440	880	1214	1531	
1812	1619	1812	1883	2323	2675	2974	3449	3502	3291	3168	3977	3150	3502	3643	3625	3502	2992	2728	2710	2516	2006	1812	1619	1056	774	440	0	440	774	1073	
1548	1232	1372	1443	1883	2235	2552	3027	3097	2921	2833	3660	2886	3273	3449	3484	3414	2921	2692	2763	2622	2094	2006	1900	1267	932	880	440	0	457	651	
1865	844	1126	1372	1760	2129	2481	2992	3132	3027	3009	3854	3132	3555	3766	3854	3801	3326	3132	3203	3080	2569	2464	2358	1724	1390	1214	774	457	0	440	
1601	616	721	932	1320	1689	2059	2552	2710	2622	2622	3484	2816	3256	3502	3625	3608	3185	3009	3168	3097	2587	2552	2534	1848	1531	1531	1073	651	440	0	
V4
0	1128	968	695	874	940	996	1156	1071	874	752	1165	714	911	1015	1071	1081	864	827	987	1043	846	977	1137	817	752	1081	968	827	996	855	
1128	0	263	564	658	855	1062	1334	1475	1494	1541	1983	1692	1945	2096	2190	2209	1983	1917	2011	1983	1710	1701	1682	1325	1146	1099	864	658	451	329	
968	263	0	319	394	592	799	1071	1203	1231	1287	1729	1466	1720	1889	2002	2039	1842	1786	1908	1908	1654	1682	1701	1325	1165	1203	968	733	601	385	
695	564	319	0	244	423	592	864	940	930	977	1419	1146	1400	1569	1692	1739	1560	1522	1673	1701	1466	1532	1598	1231	1081	1222	1005	770	733	498	
874	658	394	244	0	197	404	676	817	874	968	1381	1193	1457	1645	1786	1861	1710	1701	1870	1908	1682	1767	1842	1475	1325	1466	1240	1005	940	705	
940	855	592	423	197	0	206	479	629	733	864	1250	1118	1381	1579	1748	1842	1720	1739	1917	1983	1776	1880	1983	1616	1475	1645	1428	1193	1137	902	
996	1062	799	592	404	206	0	272	432	582	742	1090	1024	1278	1494	1673	1795	1701	1739	1936	2030	1842	1964	2086	1729	1607	1804	1588	1363	1325	1099	
1156	1334	1071	864	676	479	272	0	244	488	695	940	1005	1231	1457	1663	1804	1757	1814	2039	2152	1983	2133	2284	1936	1823	2039	1842	1616	1598	1363	
1071	1475	1203	940	817	629	432	244	0	272	488	695	789	1005	1231	1438	1598	1579	1654	1880	2011	1880	2039	2218	1889	1795	2049	1870	1654	1673	1447	
874	1494	1231	930	874	733	582	488	272	0	206	517	517	733	958	1165	1325	1297	1381	1616	1757	1635	1814	2011	1692	1626	1917	1757	1560	1616	1400	
752	1541	1287	977	968	864	742	695	488	206	0	451	300	535	761	958	1109	1090	1184	1419	1569	1466	1654	1861	1569	1513	1833	1692	1513	1607	1400	
1165	1983	1729	1419	1381	1250	1090	940	695	517	451	0	488	498	686	921	1128	1222	1363	1607	1795	1748	1964	2199	1945	1917	2256	2124	1955	2058	1861	
714	1692	1466	1146	1193	1118	1024	1005	789	517	300	488	0	263	460	648	799	799	911	1156	1325	1269	1475	1710	1466	1447	1795	1682	1541	1673	1504	
911	1945	1720	1400	1457	1381	1278	1231	1005	733	535	498	263	0	216	441	629	714	874	1118	1316	1306	1522	1786	1579	1588	1955	1870	1748	1898	1739	
1015	2096	1889	1569	1645	1579	1494	1457	1231	958	761	686	460	216	0	225	432	592	770	996	1212	1250	1475	1748	1588	1626	2002	1945	1842	2011	1870	
1071	2190	2002	1692	1786	1748	1673	1663	1438	1165	958	921	648	441	225	0	216	432	620	836	1052	1137	1363	1645	1532	1588	1964	1936	1861	2058	1936	
1081	2209	2039	1739	1861	1842	1795	1804	1598	1325	1109	1128	799	629	432	216	0	282	460	639	864	977	1212	1485	1419	1494	1870	1870	1823	2030	1927	
864	1983	1842	1560	1710	1720	1701	1757	1579	1297	1090	1222	799	714	592	432	282	0	178	404	620	695	930	1212	1128	1212	1588	1598	1560	1776	1701	
827	1917	1786	1522	1701	1739	1739	1814	1654	1381	1184	1363	911	874	770	620	460	178	0	244	441	517	742	1024	968	1062	1438	1457	1438	1673	1607	
987	2011	1908	1673	1870	1917	1936	2039	1880	1616	1419	1607	1156	1118	996	836	639	404	244	0	216	404	601	874	911	1043	1381	1447	1475	1710	1692	
1043	1983	1908	1701	1908	1983	2030	2152	2011	1757	1569	1795	1325	1316	1212	1052	864	620	441	216	0	272	413	676	780	930	1250	1344	1400	1645	1654	
846	1710	1654	1466	1682	1776	1842	1983	1880	1635	1466	1748	1269	1306	1250	1137	977	695	517	404	272	0	225	507	507	658	987	1071	1118	1372	1381	
977	1701	1682	1532	1767	1880	1964	2133	2039	1814	1654	1964	1475	1522	1475	1363	1212	930	742	601	413	225	0	272	394	573	846	968	1071	1316	1363	
1137	1682	1701	1598	1842	1983	2086	2284	2218	2011	1861	2199	1710	1786	1748	1645	1485	1212	1024	874	676	507	272	0	366	535	686	864	1015	1259	1353	
817	1325	1325	1231	1475	1616	1729	1936	1889	1692	1569	1945	1466	1579	1588	1532	1419	1128	968	911	780	507	394	366	0	169	470	564	676	921	987	
752	1146	1165	1081	1325	1475	1607	1823	1795	1626	1513	1917	1447	1588	1626	1588	1494	1212	1062	1043	930	658	573	535	169	0	376	413	498	742	817	
1081	1099	1203	1222	1466	1645	1804	2039	2049	1917	1833	2256	1795	1955	2002	1964	1870	1588	1438	1381	1250	987	846	686	470	376	0	235	470	648	817	
968	864	968	1005	1240	1428	1588	1842	1870	1757	1692	2124	1682	1870	1945	1936	1870	1598	1457	1447	1344	1071	968	864	564	413	235	0	235	413	573	
827	658	733	770	1005	1193	1363	1616	1654	1560	1513	1955	1541	1748	1842	1861	1823	1560	1438	1475	1400	1118	1071	1015	676	498	470	235	0	244	347	
996	451	601	733	940	1137	1325	1598	1673	1616	1607	2058	1673	1898	2011	2058	2030	1776	1673	1710	1645	1372	1316	1259	921	742	648	413	244	0	235	
855	329	385	498	705	902	1099	1363	1447	1400	1400	1861	1504	1739	1870	1936	1927	1701	1607	1692	1654	1381	1363	1353	987	817	817	573	347	235	0	
V5
0	1104	947	680	855	920	975	1131	1048	855	736	1140	699	892	993	1048	1058	846	809	966	1021	828	956	1113	800	736	1058	947	809	975	837	
1104	0	257	552	644	837	1039	1306	1444	1462	1508	1941	1656	1904	2051	2143	2162	1941	1876	1968	1941	1674	1665	1646	1297	1122	1076	846	644	441	322	
947	257	0	312	386	579	782	1048	1177	1205	1260	1692	1435	1683	1849	1959	1996	1803	1748	1867	1867	1619	1646	1665	1297	1140	1177	947	717	588	377	
680	552	312	0	239	414	579	846	920	910	956	1389	1122	1370	1536	1656	1702	1527	1490	1637	1665	1435	1499	1564	1205	1058	1196	984	754	717	487	
855	644	386	239	0	193	395	662	800	855	947	1352	1168	1426	1610	1748	1821	1674	1665	1830	1867	1646	1729	1803	1444	1297	1435	1214	984	920	690	
920	837	579	414	193	0	202	469	616	717	846	1223	1094	1352	1545	1711	1803	1683	1702	1876	1941	1738	1840	1941	1582	1444	1610	1398	1168	1113	883	
975	1039	782	579	395	202	0	266	423	570	726	1067	1002	1251	1462	1637	1757	1665	1702	1895	1987	1803	1922	2042	1692	1573	1766	1554	1334	1297	1076	
1131	1306	1048	846	662	469	266	0	239	478	680	920	984	1205	1426	1628	1766	1720	1775	1996	2106	1941	2088	2235	1895	1784	1996	1803	1582	1564	1334	
1048	1444	1177	920	800	616	423	239	0	266	478	680	772	984	1205	1407	1564	1545	1619	1840	1968	1840	1996	2171	1849	1757	2005	1830	1619	1637	1416	
855	1462	1205	910	855	717	570	478	266	0	202	506	506	717	938	1140	1297	1269	1352	1582	1720	1600	1775	1968	1656	1591	1876	1720	1527	1582	1370	
736	1508	1260	956	947	846	726	680	478	202	0	441	294	524	745	938	1085	1067	1159	1389	1536	1435	1619	1821	1536	1481	1794	1656	1481	1573	1370	
1140	1941	1692	1389	1352	1223	1067	920	680	506	441	0	478	487	671	901	1104	1196	1334	1573	1757	1711	1922	2152	1904	1876	2208	2079	1913	2014	1821	
699	1656	1435	1122	1168	1094	1002	984	772	506	294	478	0	257	450	634	782	782	892	1131	1297	1242	1444	1674	1435	1416	1757	1646	1508	1637	1472	
892	1904	1683	1370	1426	1352	1251	1205	984	717	524	487	257	0	211	432	616	699	855	1094	1288	1278	1490	1748	1545	1554	1913	1830	1711	1858	1702	
993	2051	1849	1536	1610	1545	1462	1426	1205	938	745	671	450	211	0	220	423	579	754	975	1186	1223	1444	1711	1554	1591	1959	1904	1803	1968	1830	
1048	2143	1959	1656	1748	1711	1637	1628	1407	1140	938	901	634	432	220	0	211	423	607	818	1030	1113	1334	1610	1499	1554	1922	1895	1821	2014	1895	
1058	2162	1996	1702	1821	1803	1757	1766	1564	1297	1085	1104	782	616	423	211	0	276	450	625	846	956	1186	1453	1389	1462	1830	1830	1784	1987	1886	
846	1941	1803	1527	1674	1683	1665	1720	1545	1269	1067	1196	782	699	579	423	276	0	174	395	607	680	910	1186	1104	1186	1554	1564	1527	1738	1665	
809	1876	1748	1490	1665	1702	1702	1775	1619	1352	1159	1334	892	855	754	607	450	174	0	239	432	506	726	1002	947	1039	1407	1426	1407	1637	1573	
966	1968	1867	1637	1830	1876	1895	1996	1840	1582	1389	1573	1131	1094	975	818	625	395	239	0	211	395	588	855	892	1021	1352	1416	1444	1674	1656	
1021	1941	1867	1665	1867	1941	1987	2106	1968	1720	1536	1757	1297	1288	1186	1030	846	607	432	211	0	266	404	662	763	910	1223	1315	1370	1610	1619	
828	1674	1619	1435	1646	1738	1803	1941	1840	1600	1435	1711	1242	1278	1223	1113	956	680	506	395	266	0	220	496	496	644	966	1048	1094	1343	1352	
956	1665	1646	1499	1729	1840	1922	2088	1996	1775	1619	1922	1444	1490	1444	1334	1186	910	726	588	404	220	0	266	386	561	828	947	1048	1288	1334	
1113	1646	1665	1564	1803	1941	2042	2235	2171	1968	1821	2152	1674	1748	1711	1610	1453	1186	1002	855	662	496	266	0	358	524	671	846	993	1232	1324	
800	1297	1297	1205	1444	1582	1692	1895	1849	1656	1536	1904	1435	1545	1554	1499	1389	1104	947	892	763	496	386	358	0	165	460	552	662	901	966	
736	1122	1140	1058	1297	1444	1573	1784	1757	1591	1481	1876	1416	1554	1591	1554	1462	1186	1039	1021	910	644	561	524	165	0	368	404	487	726	800	
1058	1076	1177	1196	1435	1610	1766	1996	2005	1876	1794	2208	1757	1913	1959	1922	1830	1554	1407	1352	1223	966	828	671	460	368	0	230	460	634	800	
947	846	947	984	1214	1398	1554	1803	1830	1720	1656	2079	1646	1830	1904	1895	1830	1564	1426	1416	1315	1048	947	846	552	404	230	0	230	404	561	
809	644	717	754	984	1168	1334	1582	1619	1527	1481	1913	1508	1711	1803	1821	1784	1527	1407	1444	1370	1094	1048	993	662	487	460	230	0	239	340	
975	441	588	717	920	1113	1297	1564	1637	1582	1573	2014	1637	1858	1968	2014	1987	1738	1637	1674	1610	1343	1288	1232	901	726	634	404	239	0	230	
837	322	377	487	690	883	1076	1334	1416	1370	1370	1821	1472	1702	1830	1895	1886	1665	1573	1656	1619	1352	1334	1324	966	800	800	561	340	230	0	
V6
0	1776	1524	1095	1376	1480	1568	1820	1687	1376	1184	1835	1124	1435	1598	1687	1702	1361	1302	1554	1642	1332	1539	1790	1287	1184	1702	1524	1302	1568	1346	
1776	0	414	888	1036	1346	1672	2101	2323	2353	2427	3122	2664	3063	3300	3448	3478	3122	3019	3167	3122	2693	2678	2649	2086	1805	1731	1361	1036	710	518	
1524	414	0	503	621	932	1258	1687	1894	1938	2027	2723	2308	2708	2974	3152	3211	2900	2812	3004	3004	2604	2649	2678	2086	1835	1894	1524	1154	947	606	
1095	888	503	0	384	666	932	1361	1480	1465	1539	2234	1805	2205	2471	2664	2738	2456	2397	2634	2678	2308	2412	2516	1938	1702	1924	1583	1213	1154	784	
1376	1036	621	384	0	310	636	1065	1287	1376	1524	2175	1879	2294	2590	2812	2930	2693	2678	2945	3004	2649	2782	2900	2323	2086	2308	1953	1583	1480	1110	
1480	1346	932	666	310	0	325	754	991	1154	1361	1968	1761	2175	2486	2752	2900	2708	2738	3019	3122	2797	2960	3122	2545	2323	2590	2249	1879	1790	1420	
1568	1672	1258	932	636	325	0	429	680	917	1169	1716	1613	2012	2353	2634	2826	2678	2738	3048	3196	2900	3093	3285	2723	2530	2841	2501	2146	2086	1731	
1820	2101	1687	1361	1065	754	429	0	384	769	1095	1480	1583	1938	2294	2619	2841	2767	2856	3211	3389	3122	3359	3596	3048	2871	3211	2900	2545	2516	2146	
1687	2323	1894	1480	1287	991	680	384	0	429	769	1095	1243	1583	1938	2264	2516	2486	2604	2960	3167	2960	3211	3492	2974	2826	3226	2945	2604	2634	2279	
1376	2353	1938	1465	1376	1154	917	769	429	0	325	814	814	1154	1509	1835	2086	2042	2175	2545	2767	2575	2856	3167	2664	2560	3019	2767	2456	2545	2205	
1184	2427	2027	1539	1524	1361	1169	1095	769	325	0	710	473	843	1198	1509	1746	1716	1864	2234	2471	2308	2604	2930	2471	2382	2886	2664	2382	2530	2205	
1835	3122	2723	2234	2175	1968	1716	1480	1095	814	710	0	769	784	1080	1450	1776	1924	2146	2530	2826	2752	3093	3463	3063	3019	3552	3344	3078	3241	2930	
1124	2664	2308	1805	1879	1761	1613	1583	1243	814	473	769	0	414	725	1021	1258	1258	1435	1820	2086	1998	2323	2693	2308	2279	2826	2649	2427	2634	2368	
1435	3063	2708	2205	2294	2175	2012	1938	1583	1154	843	784	414	0	340	695	991	1124	1376	1761	2072	2057	2397	2812	2486	2501	3078	2945	2752	2989	2738	
1598	3300	2974	2471	2590	2486	2353	2294	1938	1509	1198	1080	725	340	0	355	680	932	1213	1568	1909	1968	2323	2752	2501	2560	3152	3063	2900	3167	2945	
1687	3448	3152	2664	2812	2752	2634	2619	2264	1835	1509	1450	1021	695	355	0	340	680	976	1317	1657	1790	2146	2590	2412	2501	3093	3048	2930	3241	3048	
1702	3478	3211	2738	2930	2900	2826	2841	2516	2086	1746	1776	1258	991	680	340	0	444	725	1006	1361	1539	1909	2338	2234	2353	2945	2945	2871	3196	3034	
1361	3122	2900	2456	2693	2708	2678	2767	2486	2042	1716	1924	1258	1124	932	680	444	0	281	636	976	1095	1465	1909	1776	1909	2501	2516	2456	2797	2678	
1302	3019	2812	2397	2678	2738	2738	2856	2604	2175	1864	2146	1435	1376	1213	976	725	281	0	384	695	814	1169	1613	1524	1672	2264	2294	2264	2634	2530	
1554	3167	3004	2634	2945	3019	3048	3211	2960	2545	2234	2530	1820	1761	1568	1317	1006	636	384	0	340	636	947	1376	1435	1642	2175	2279	2323	2693	2664	
1642	3122	3004	2678	3004	3122	3196	3389	3167	2767	2471	2826	2086	2072	1909	1657	1361	976	695	340	0	429	651	1065	1228	1465	1968	2116	2205	2590	2604	
1332	2693	2604	2308	2649	2797	2900	3122	2960	2575	2308	2752	1998	2057	1968	1790	1539	1095	814	636	429	0	355	799	799	1036	1554	1687	1761	2160	2175	
1539	2678	2649	2412	2782	2960	3093	3359	3211	2856	2604	3093	2323	2397	2323	2146	1909	1465	1169	947	651	355	0	429	621	902	1332	1524	1687	2072	2146	
1790	2649	2678	2516	2900	3122	3285	3596	3492	3167	2930	3463	2693	2812	2752	2590	2338	1909	1613	1376	1065	799	429	0	577	843	1080	1361	1598	1983	2131	
1287	2086	2086	1938	2323	2545	2723	3048	2974	2664	2471	3063	2308	2486	2501	2412	2234	1776	1524	1435	1228	799	621	577	0	266	740	888	1065	1450	1554	
