M: 2
N: 30
Nun_Veiculos: 9
Capacidade_Total: 760
Demanda_Total: 579
Setup_Min: 1
Setup_Max: 99
Raio: 100
Circulos: 1
Tempo_Processamento_Min: 1
Tempo_Processamento_Max: 49
Demanda_Min: 10
Demanda_Max: 30
Priority_Factor: 0.2
Range_Factor_R: 0.8
U_factor: 2
ALpha: 0.2Replicao: 3
Tempos_Processamentos
0	0	1	0	
0	16	1	3	
0	30	1	1	
0	27	1	13	
0	2	1	28	
0	13	1	19	
0	44	1	38	
0	49	1	39	
0	23	1	28	
0	45	1	20	
0	9	1	41	
0	46	1	9	
0	15	1	40	
0	6	1	45	
0	17	1	41	
0	4	1	45	
0	6	1	22	
0	3	1	18	
0	8	1	34	
0	13	1	19	
0	30	1	23	
0	13	1	43	
0	7	1	13	
0	29	1	17	
0	3	1	49	
0	36	1	47	
0	24	1	26	
0	38	1	22	
0	26	1	8	
0	7	1	46	
0	19	1	40	

Tempos_setup
M0
0	0	0	0	0	0	0	0	0	0	0	0	0	0	0	0	0	0	0	0	0	0	0	0	0	0	0	0	0	0	0	
0	0	28	17	9	13	19	9	19	13	5	5	17	5	18	9	17	36	4	6	1	8	16	9	5	11	4	15	2	22	27	
0	18	0	18	6	22	27	17	22	7	14	16	18	11	7	2	6	33	12	14	19	13	17	8	13	12	14	16	13	18	26	
0	12	29	0	12	16	25	11	19	15	8	10	13	3	15	11	14	31	12	8	13	11	3	11	7	13	7	11	7	18	28	
0	13	21	17	0	18	22	12	21	6	10	15	17	16	9	12	8	32	7	9	14	13	16	2	8	11	9	15	12	17	20	
0	7	25	14	14	0	20	6	18	10	10	12	14	6	10	6	9	23	11	3	8	13	5	6	2	8	9	12	9	19	24	
0	25	36	33	34	36	0	30	27	28	28	12	21	29	32	30	40	50	27	27	25	20	32	24	28	27	29	31	27	26	36	
0	7	25	14	16	20	26	0	25	10	12	12	19	4	18	6	20	36	11	3	8	15	17	6	12	15	11	17	9	21	24	
0	23	12	17	17	21	33	16	0	19	13	23	30	20	19	14	18	44	24	19	24	16	16	19	20	24	12	28	20	30	11	
0	19	27	11	13	15	26	18	15	0	7	9	11	14	14	9	21	26	17	15	15	12	10	15	14	5	8	9	6	16	26	
0	15	31	22	22	8	27	14	26	16	0	20	22	14	18	14	17	31	19	11	16	21	13	12	10	16	17	20	17	27	30	
0	29	24	21	29	25	35	28	25	16	17	0	21	24	30	19	30	38	24	25	25	28	20	12	24	15	24	19	22	26	30	
0	12	16	19	13	17	21	11	6	15	9	13	0	8	20	11	19	39	6	8	4	12	18	11	7	13	8	17	14	5	15	
0	27	31	34	27	31	36	26	21	30	23	23	15	0	14	26	34	35	21	23	19	26	33	26	22	28	22	13	20	20	30	
0	19	31	20	13	17	35	14	21	18	9	9	15	18	0	18	21	40	20	17	19	12	19	15	19	14	8	18	6	20	30	
0	24	23	16	18	20	31	23	20	5	12	14	16	19	15	0	14	31	20	20	20	17	15	20	19	10	13	14	11	16	31	
0	12	25	19	13	17	21	11	22	15	9	10	16	15	1	11	0	39	6	8	13	12	18	11	7	13	8	17	7	21	29	
0	7	11	20	10	14	22	12	20	15	6	6	20	12	14	12	13	0	7	9	8	9	19	12	8	14	5	18	3	23	10	
0	6	24	13	7	11	15	5	17	9	3	11	13	9	16	5	15	33	0	2	7	6	12	5	1	7	2	11	8	18	23	
0	4	22	17	13	17	23	3	22	7	9	9	18	7	18	3	17	33	8	0	5	12	17	3	9	12	8	16	6	18	21	
0	9	27	16	10	14	18	8	20	12	6	14	16	4	18	8	18	36	3	5	0	9	15	8	4	10	5	14	11	21	26	
0	7	29	24	16	20	26	10	26	14	12	12	24	11	12	10	24	40	11	7	8	0	23	10	12	18	11	22	9	25	28	
0	9	26	16	9	13	22	8	19	12	5	7	16	12	18	8	17	28	13	5	10	8	0	8	4	10	4	14	4	21	25	
0	18	19	15	17	19	27	17	19	4	11	13	15	18	18	13	25	30	12	14	19	16	14	0	13	9	12	13	10	15	18	
0	5	23	12	14	16	18	4	16	8	8	10	12	8	19	4	18	32	9	1	6	13	11	4	0	6	9	10	7	17	22	
0	14	22	6	14	10	21	13	10	9	2	12	6	9	19	4	18	26	12	10	10	13	5	13	9	0	9	4	9	11	21	
0	11	26	22	5	9	27	14	15	11	1	12	22	15	14	14	13	32	12	11	12	4	14	7	11	16	0	20	9	22	25	
0	14	18	21	15	19	23	13	8	17	11	15	2	10	15	13	21	22	8	10	6	14	20	13	9	15	10	0	16	7	17	
0	13	27	23	7	11	29	16	17	12	3	3	23	17	16	16	15	34	14	13	14	6	16	9	13	17	2	21	0	24	27	
0	18	14	25	20	27	23	11	30	21	19	8	26	15	15	16	14	42	18	14	15	22	14	17	18	20	18	24	16	0	35	
0	12	1	19	7	23	28	5	23	8	15	15	19	9	8	3	7	34	13	8	13	14	18	9	14	13	15	17	14	19	0	
M1
0	0	0	0	0	0	0	0	0	0	0	0	0	0	0	0	0	0	0	0	0	0	0	0	0	0	0	0	0	0	0	
0	0	21	12	25	8	7	14	9	12	23	9	10	14	20	11	13	14	2	14	14	4	16	12	22	9	7	14	16	17	17	
0	14	0	8	21	11	12	14	5	15	2	12	8	17	6	16	16	10	7	12	17	15	15	17	18	14	11	12	18	20	7	
0	14	31	0	13	15	9	6	13	7	20	4	12	9	24	8	20	2	14	10	21	7	7	17	10	14	3	16	19	12	21	
0	15	24	12	0	18	10	10	14	8	21	5	15	10	25	15	23	14	15	18	14	8	14	20	22	17	14	9	20	24	22	
0	11	16	12	25	0	15	11	13	9	18	10	20	11	22	17	5	14	13	10	6	7	16	22	22	19	8	24	19	24	22	
0	11	23	16	27	12	0	14	18	12	23	9	13	14	20	10	17	7	5	17	13	12	9	10	24	12	10	17	24	15	15	
0	15	28	13	26	12	11	0	15	9	22	6	9	11	21	10	17	15	16	22	18	9	18	11	23	8	16	13	21	16	16	
0	9	21	3	16	17	12	9	0	10	23	7	15	12	11	11	18	5	11	13	19	10	10	20	13	17	6	19	22	15	12	
0	9	29	9	22	14	6	2	11	0	18	2	11	2	22	12	19	11	11	19	19	5	11	13	19	10	12	15	17	18	14	
0	13	25	7	20	21	16	13	4	14	0	11	19	16	15	15	22	9	15	10	23	14	14	24	17	21	10	21	26	19	16	
0	10	28	7	20	17	5	5	9	3	16	0	14	5	20	15	22	9	10	17	18	3	14	15	17	13	10	18	15	19	17	
0	14	19	15	25	3	16	14	16	12	21	11	0	14	25	10	8	14	16	13	9	10	9	25	24	22	9	4	22	27	25	
0	7	27	19	27	15	4	18	16	16	27	13	14	0	24	10	20	11	9	19	17	11	9	14	24	16	12	14	23	19	12	
0	15	10	15	28	8	6	13	15	11	12	8	9	13	0	10	13	13	1	13	14	9	15	11	25	8	6	13	12	16	1	
0	23	37	25	21	22	14	28	31	26	37	23	27	28	34	0	27	21	19	31	27	25	23	24	35	26	24	30	20	29	17	
0	6	11	7	20	14	10	6	8	4	13	6	15	6	17	12	0	9	8	5	1	2	11	17	17	14	10	19	14	19	17	
0	12	30	9	22	19	7	7	11	5	18	2	16	7	22	17	24	0	12	19	20	5	16	17	19	15	12	20	17	17	19	
0	14	23	14	27	7	5	12	16	10	23	7	8	12	19	9	12	12	0	12	13	10	14	10	24	7	5	12	20	15	15	
0	24	31	21	25	15	19	19	20	17	16	14	12	19	31	8	20	12	24	0	21	17	7	29	22	27	21	16	28	29	25	
0	5	10	6	19	13	9	5	9	3	12	5	14	5	16	11	18	8	7	4	0	8	10	16	16	13	9	18	20	18	17	
0	15	27	9	22	14	18	15	6	16	29	13	21	18	17	17	19	11	17	19	20	0	16	22	19	23	12	25	12	21	15	
0	17	24	14	18	8	12	12	16	10	23	7	5	12	27	1	13	5	17	18	14	10	0	22	15	20	14	9	21	22	18	
0	11	20	10	23	16	12	16	17	16	13	13	13	8	10	9	21	12	11	18	22	13	8	0	20	18	11	17	16	5	5	
0	18	24	15	3	13	13	10	17	11	24	8	11	13	28	7	18	11	18	21	17	11	6	21	0	18	17	12	15	26	24	
0	7	20	13	23	4	14	15	16	13	16	12	1	11	13	2	9	15	9	14	10	11	10	3	23	0	10	5	13	8	8	
0	12	30	9	22	18	7	7	11	5	18	2	16	7	22	9	23	11	12	7	20	5	11	17	19	15	0	20	16	21	19	
0	10	15	11	23	9	12	10	14	8	17	7	6	10	21	6	14	10	12	9	5	10	5	21	20	18	5	0	21	23	22	
0	13	18	14	27	2	17	13	15	11	20	12	22	13	17	19	7	16	15	12	8	9	18	10	24	21	10	26	0	15	15	
0	17	27	5	18	11	13	11	17	11	24	8	8	13	28	4	16	7	18	13	17	11	3	22	15	19	6	12	22	0	21	
0	23	21	17	30	13	14	22	14	20	23	17	27	22	25	24	18	19	19	23	19	8	23	21	27	26	20	31	11	26	0	
Tamanho_Tarefas
0	3	1	17	3	13	39	42	24	32	16	19	25	20	27	21	11	10	21	15	26	13	8	23	8	41	25	22	14	16	24	
Data_Entrega
0	255	298	413	252	371	370	372	266	340	313	322	391	408	362	378	341	257	277	338	292	399	408	242	397	345	337	259	394	356	396	
Penalidade_Atraso
0	9	4	16	11	13	9	5	8	12	17	1	19	6	1	14	16	9	20	13	5	20	8	16	16	11	3	10	16	8	20	
Capacidade_Veiculo
73	123	104	90	93	55	74	72	76	
Custo_Fixo_Veiculo
730	1230	1040	900	930	550	740	720	760	
Coordenadas_Clientes
x	0	y	0
x	107	y	0
x	100	y	21
x	108	y	48
x	93	y	67
x	77	y	86
x	40	y	71
x	27	y	84
x	10	y	104
x	-11	y	111
x	-24	y	74
x	-40	y	69
x	-82	y	92
x	-76	y	55
x	-101	y	45
x	-93	y	19
x	-115	y	0
x	-118	y	-25
x	-94	y	-41
x	-85	y	-62
x	-57	y	-63
x	-57	y	-100
x	-26	y	-80
x	-7	y	-75
x	8	y	-76
x	36	y	-113
x	39	y	-68
x	75	y	-83
x	85	y	-62
x	103	y	-45
x	78	y	-16
Tempo_Viagem
0	107	102	118	114	115	81	88	104	111	77	79	123	93	110	94	115	120	102	105	84	115	84	75	76	118	78	111	105	112	79	
107	0	22	48	68	90	97	115	141	161	150	162	209	191	212	200	222	226	205	201	175	191	155	136	124	133	96	88	65	45	33	
102	22	0	28	46	68	78	96	122	142	134	148	194	179	202	193	216	222	203	202	178	197	161	143	133	148	107	106	84	66	43	
118	48	28	0	24	48	71	88	112	134	134	149	194	184	209	203	228	237	220	222	198	221	185	168	159	175	134	134	112	93	70	
114	68	46	24	0	24	53	68	90	112	117	133	176	169	195	192	218	230	215	219	198	224	189	173	166	188	145	151	129	112	84	
115	90	68	48	24	0	39	50	69	91	101	117	159	155	181	181	209	223	213	219	199	229	195	181	176	203	158	169	148	133	102	
81	97	78	71	53	39	0	18	44	64	64	80	123	117	143	142	170	184	174	182	165	196	164	153	150	184	139	157	140	132	94	
88	115	96	88	68	50	18	0	26	46	51	67	109	105	131	136	164	181	173	184	169	202	172	162	161	197	152	173	157	149	112	
104	141	122	112	90	69	44	26	0	22	45	61	92	98	124	133	162	181	178	191	179	214	187	179	180	218	174	197	182	175	137	
111	161	142	134	112	91	64	46	22	0	39	51	73	85	111	123	152	173	173	188	179	215	191	186	187	228	185	212	197	193	155	
77	150	134	134	117	101	64	51	45	39	0	16	60	54	80	88	117	136	134	149	140	177	154	149	153	195	155	185	174	174	136	
79	162	148	149	133	117	80	67	61	51	16	0	47	38	64	72	101	122	122	138	133	169	149	147	152	197	157	190	181	182	145	
123	209	194	194	176	159	123	109	92	73	60	47	0	37	50	73	97	122	133	154	156	193	180	183	190	236	200	234	227	229	192	
93	191	179	184	169	155	117	105	98	85	54	38	37	0	26	39	67	89	97	117	119	156	143	147	155	201	168	204	198	205	169	
110	212	202	209	195	181	143	131	124	111	80	64	50	26	0	27	47	72	86	108	116	151	145	152	162	208	179	217	214	222	189	
94	200	193	203	192	181	142	136	133	123	88	72	73	39	27	0	29	50	60	81	89	124	119	127	138	184	158	196	195	206	173	
115	222	216	228	218	209	170	164	162	152	117	101	97	67	47	29	0	25	46	68	85	115	119	131	144	188	168	207	209	222	193	
120	226	222	237	230	223	184	181	181	173	136	122	122	89	72	50	25	0	28	49	71	96	106	121	135	176	162	201	206	221	196	
102	205	203	220	215	213	174	173	178	173	134	122	133	97	86	60	46	28	0	22	43	69	78	93	107	148	135	174	180	197	173	
105	201	202	222	219	219	182	184	191	188	149	138	154	117	108	81	68	49	22	0	28	47	61	79	94	131	124	161	170	188	169	
84	175	178	198	198	199	165	169	179	179	140	133	156	119	116	89	85	71	43	28	0	37	35	51	66	105	96	133	142	161	142	
115	191	197	221	224	229	196	202	214	215	177	169	193	156	151	124	115	96	69	47	37	0	36	55	69	93	101	133	146	168	158	
84	155	161	185	189	195	164	172	187	191	154	149	180	143	145	119	119	106	78	61	35	36	0	19	34	70	65	101	111	133	122	
75	136	143	168	173	181	153	162	179	186	149	147	183	147	152	127	131	121	93	79	51	55	19	0	15	57	46	82	92	114	103	
76	124	133	159	166	176	150	161	180	187	153	152	190	155	162	138	144	135	107	94	66	69	34	15	0	46	32	67	78	99	92	
118	133	148	175	188	203	184	197	218	228	195	197	236	201	208	184	188	176	148	131	105	93	70	57	46	0	45	49	70	94	105	
78	96	107	134	145	158	139	152	174	185	155	157	200	168	179	158	168	162	135	124	96	101	65	46	32	45	0	39	46	68	65	
111	88	106	134	151	169	157	173	197	212	185	190	234	204	217	196	207	201	174	161	133	133	101	82	67	49	39	0	23	47	67	
105	65	84	112	129	148	140	157	182	197	174	181	227	198	214	195	209	206	180	170	142	146	111	92	78	70	46	23	0	24	46	
112	45	66	93	112	133	132	149	175	193	174	182	229	205	222	206	222	221	197	188	161	168	133	114	99	94	68	47	24	0	38	
79	33	43	70	84	102	94	112	137	155	136	145	192	169	189	173	193	196	173	169	142	158	122	103	92	105	65	67	46	38	0	
Custo_Viagem
V0
0	1562	1489	1722	1664	1679	1182	1284	1518	1620	1124	1153	1795	1357	1606	1372	1679	1752	1489	1533	1226	1679	1226	1095	1109	1722	1138	1620	1533	1635	1153	
1562	0	321	700	992	1328	1416	1693	2073	2365	2190	2365	3066	2788	3095	2920	3241	3299	2993	2934	2555	2803	2263	1985	1810	1941	1401	1284	949	657	481	
1489	321	0	408	671	992	1138	1401	1781	2073	1956	2160	2847	2613	2949	2817	3153	3241	2963	2949	2598	2890	2350	2087	1941	2160	1562	1547	1226	963	627	
1722	700	408	0	350	715	1036	1284	1635	1956	1956	2175	2847	2686	3051	2963	3328	3460	3212	3241	2890	3226	2701	2452	2321	2569	1956	1971	1635	1357	1022	
1664	992	671	350	0	350	773	992	1314	1635	1708	1941	2569	2467	2847	2803	3182	3358	3139	3197	2890	3270	2759	2525	2423	2744	2117	2204	1883	1635	1226	
1679	1328	992	715	350	0	569	730	1007	1328	1474	1722	2321	2277	2657	2657	3066	3270	3109	3197	2920	3343	2847	2642	2569	2963	2306	2467	2160	1941	1489	
1182	1416	1138	1036	773	569	0	262	642	934	934	1168	1795	1708	2087	2073	2482	2686	2540	2657	2409	2861	2394	2233	2190	2686	2029	2292	2044	1927	1372	
1284	1693	1401	1284	992	730	262	0	379	671	744	992	1591	1562	1941	1985	2394	2642	2525	2686	2467	2949	2511	2365	2350	2876	2219	2525	2292	2175	1635	
1518	2073	1781	1635	1314	1007	642	379	0	321	657	890	1343	1430	1825	1941	2365	2642	2598	2788	2613	3124	2730	2613	2628	3182	2540	2876	2657	2555	2000	
1620	2365	2073	1956	1635	1328	934	671	321	0	569	744	1065	1241	1620	1795	2219	2525	2525	2744	2613	3139	2788	2715	2730	3328	2701	3095	2876	2817	2263	
1124	2190	1956	1956	1708	1474	934	744	657	569	0	233	876	803	1197	1284	1708	1985	1956	2175	2044	2584	2248	2175	2233	2861	2263	2701	2540	2540	1985	
1153	2365	2160	2175	1941	1722	1168	992	890	744	233	0	686	554	949	1051	1474	1781	1781	2014	1941	2467	2175	2146	2219	2876	2306	2774	2642	2657	2117	
1795	3066	2847	2847	2569	2321	1795	1591	1343	1065	876	686	0	540	730	1065	1416	1781	1941	2248	2292	2817	2628	2671	2774	3445	2920	3431	3314	3358	2817	
1357	2788	2613	2686	2467	2277	1708	1562	1430	1241	803	554	540	0	379	569	978	1314	1416	1708	1737	2277	2087	2146	2263	2934	2452	2978	2905	2993	2467	
1606	3095	2949	3051	2847	2657	2087	1941	1825	1620	1197	949	730	379	0	394	686	1051	1255	1576	1693	2204	2117	2219	2365	3051	2613	3168	3124	3241	2759	
1372	2920	2817	2963	2803	2657	2073	1985	1941	1795	1284	1051	1065	569	394	0	423	730	876	1182	1299	1810	1737	1854	2014	2686	2306	2861	2847	3007	2540	
1679	3241	3153	3328	3182	3066	2482	2394	2365	2219	1708	1474	1416	978	686	423	0	365	671	992	1241	1679	1737	1912	2102	2744	2452	3022	3051	3241	2817	
1752	3299	3241	3460	3358	3270	2686	2642	2642	2525	1985	1781	1781	1314	1051	730	365	0	408	715	1036	1401	1562	1766	1971	2584	2365	2934	3007	3226	2861	
1489	2993	2963	3212	3139	3109	2540	2525	2598	2525	1956	1781	1941	1416	1255	876	671	408	0	321	627	1007	1138	1357	1562	2160	1971	2540	2628	2876	2525	
1533	2934	2949	3241	3197	3197	2657	2686	2788	2744	2175	2014	2248	1708	1576	1182	992	715	321	0	408	686	890	1153	1372	1912	1810	2350	2482	2744	2467	
1226	2555	2598	2890	2890	2920	2409	2467	2613	2613	2044	1941	2292	1737	1693	1299	1241	1036	627	408	0	540	511	744	963	1533	1401	1941	2073	2350	2073	
1679	2803	2890	3226	3270	3343	2861	2949	3124	3139	2584	2467	2817	2277	2204	1810	1679	1401	1007	686	540	0	525	803	1007	1357	1474	1941	2131	2467	2321	
1226	2263	2350	2701	2759	2847	2394	2511	2730	2788	2248	2175	2628	2087	2117	1737	1737	1562	1138	890	511	525	0	277	496	1022	963	1474	1635	1941	1781	
1095	1985	2087	2452	2525	2642	2233	2365	2613	2715	2175	2146	2671	2146	2219	1854	1912	1766	1357	1153	744	803	277	0	219	832	671	1197	1343	1664	1503	
1109	1810	1941	2321	2423	2569	2190	2350	2628	2730	2233	2219	2774	2263	2365	2014	2102	1971	1562	1372	963	1007	496	219	0	671	467	978	1138	1445	1343	
1722	1941	2160	2569	2744	2963	2686	2876	3182	3328	2861	2876	3445	2934	3051	2686	2744	2584	2160	1912	1533	1357	1022	832	671	0	657	715	1022	1387	1533	
1138	1401	1562	1956	2117	2306	2029	2219	2540	2701	2263	2306	2920	2452	2613	2306	2452	2365	1971	1810	1401	1474	963	671	467	657	0	569	671	992	949	
1620	1284	1547	1971	2204	2467	2292	2525	2876	3095	2701	2774	3431	2978	3168	2861	3022	2934	2540	2350	1941	1941	1474	1197	978	715	569	0	335	686	978	
1533	949	1226	1635	1883	2160	2044	2292	2657	2876	2540	2642	3314	2905	3124	2847	3051	3007	2628	2482	2073	2131	1635	1343	1138	1022	671	335	0	350	671	
1635	657	963	1357	1635	1941	1927	2175	2555	2817	2540	2657	3358	2993	3241	3007	3241	3226	2876	2744	2350	2467	1941	1664	1445	1387	992	686	350	0	554	
1153	481	627	1022	1226	1489	1372	1635	2000	2263	1985	2117	2817	2467	2759	2540	2817	2861	2525	2467	2073	2321	1781	1503	1343	1533	949	978	671	554	0	
V1
0	2632	2509	2902	2804	2829	1992	2164	2558	2730	1894	1943	3025	2287	2706	2312	2829	2952	2509	2583	2066	2829	2066	1845	1869	2902	1918	2730	2583	2755	1943	
2632	0	541	1180	1672	2238	2386	2853	3493	3985	3690	3985	5166	4698	5215	4920	5461	5559	5043	4944	4305	4723	3813	3345	3050	3271	2361	2164	1599	1107	811	
2509	541	0	688	1131	1672	1918	2361	3001	3493	3296	3640	4797	4403	4969	4747	5313	5461	4993	4969	4378	4870	3960	3517	3271	3640	2632	2607	2066	1623	1057	
2902	1180	688	0	590	1205	1746	2164	2755	3296	3296	3665	4797	4526	5141	4993	5608	5830	5412	5461	4870	5436	4551	4132	3911	4329	3296	3321	2755	2287	1722	
2804	1672	1131	590	0	590	1303	1672	2214	2755	2878	3271	4329	4157	4797	4723	5362	5658	5289	5387	4870	5510	4649	4255	4083	4624	3567	3714	3173	2755	2066	
2829	2238	1672	1205	590	0	959	1230	1697	2238	2484	2902	3911	3837	4477	4477	5166	5510	5239	5387	4920	5633	4797	4452	4329	4993	3886	4157	3640	3271	2509	
1992	2386	1918	1746	1303	959	0	442	1082	1574	1574	1968	3025	2878	3517	3493	4182	4526	4280	4477	4059	4821	4034	3763	3690	4526	3419	3862	3444	3247	2312	
2164	2853	2361	2164	1672	1230	442	0	639	1131	1254	1672	2681	2632	3271	3345	4034	4452	4255	4526	4157	4969	4231	3985	3960	4846	3739	4255	3862	3665	2755	
2558	3493	3001	2755	2214	1697	1082	639	0	541	1107	1500	2263	2410	3075	3271	3985	4452	4378	4698	4403	5264	4600	4403	4428	5362	4280	4846	4477	4305	3370	
2730	3985	3493	3296	2755	2238	1574	1131	541	0	959	1254	1795	2091	2730	3025	3739	4255	4255	4624	4403	5289	4698	4575	4600	5608	4551	5215	4846	4747	3813	
1894	3690	3296	3296	2878	2484	1574	1254	1107	959	0	393	1476	1353	2017	2164	2878	3345	3296	3665	3444	4354	3788	3665	3763	4821	3813	4551	4280	4280	3345	
1943	3985	3640	3665	3271	2902	1968	1672	1500	1254	393	0	1156	934	1599	1771	2484	3001	3001	3394	3271	4157	3665	3616	3739	4846	3886	4674	4452	4477	3567	
3025	5166	4797	4797	4329	3911	3025	2681	2263	1795	1476	1156	0	910	1230	1795	2386	3001	3271	3788	3862	4747	4428	4501	4674	5805	4920	5781	5584	5658	4747	
2287	4698	4403	4526	4157	3837	2878	2632	2410	2091	1353	934	910	0	639	959	1648	2214	2386	2878	2927	3837	3517	3616	3813	4944	4132	5018	4895	5043	4157	
2706	5215	4969	5141	4797	4477	3517	3271	3075	2730	2017	1599	1230	639	0	664	1156	1771	2115	2656	2853	3714	3567	3739	3985	5141	4403	5338	5264	5461	4649	
2312	4920	4747	4993	4723	4477	3493	3345	3271	3025	2164	1771	1795	959	664	0	713	1230	1476	1992	2189	3050	2927	3124	3394	4526	3886	4821	4797	5067	4280	
2829	5461	5313	5608	5362	5166	4182	4034	3985	3739	2878	2484	2386	1648	1156	713	0	615	1131	1672	2091	2829	2927	3222	3542	4624	4132	5092	5141	5461	4747	
2952	5559	5461	5830	5658	5510	4526	4452	4452	4255	3345	3001	3001	2214	1771	1230	615	0	688	1205	1746	2361	2632	2976	3321	4354	3985	4944	5067	5436	4821	
2509	5043	4993	5412	5289	5239	4280	4255	4378	4255	3296	3001	3271	2386	2115	1476	1131	688	0	541	1057	1697	1918	2287	2632	3640	3321	4280	4428	4846	4255	
2583	4944	4969	5461	5387	5387	4477	4526	4698	4624	3665	3394	3788	2878	2656	1992	1672	1205	541	0	688	1156	1500	1943	2312	3222	3050	3960	4182	4624	4157	
2066	4305	4378	4870	4870	4920	4059	4157	4403	4403	3444	3271	3862	2927	2853	2189	2091	1746	1057	688	0	910	861	1254	1623	2583	2361	3271	3493	3960	3493	
2829	4723	4870	5436	5510	5633	4821	4969	5264	5289	4354	4157	4747	3837	3714	3050	2829	2361	1697	1156	910	0	885	1353	1697	2287	2484	3271	3591	4157	3911	
2066	3813	3960	4551	4649	4797	4034	4231	4600	4698	3788	3665	4428	3517	3567	2927	2927	2632	1918	1500	861	885	0	467	836	1722	1623	2484	2755	3271	3001	
1845	3345	3517	4132	4255	4452	3763	3985	4403	4575	3665	3616	4501	3616	3739	3124	3222	2976	2287	1943	1254	1353	467	0	369	1402	1131	2017	2263	2804	2533	
1869	3050	3271	3911	4083	4329	3690	3960	4428	4600	3763	3739	4674	3813	3985	3394	3542	3321	2632	2312	1623	1697	836	369	0	1131	787	1648	1918	2435	2263	
2902	3271	3640	4329	4624	4993	4526	4846	5362	5608	4821	4846	5805	4944	5141	4526	4624	4354	3640	3222	2583	2287	1722	1402	1131	0	1107	1205	1722	2337	2583	
1918	2361	2632	3296	3567	3886	3419	3739	4280	4551	3813	3886	4920	4132	4403	3886	4132	3985	3321	3050	2361	2484	1623	1131	787	1107	0	959	1131	1672	1599	
2730	2164	2607	3321	3714	4157	3862	4255	4846	5215	4551	4674	5781	5018	5338	4821	5092	4944	4280	3960	3271	3271	2484	2017	1648	1205	959	0	565	1156	1648	
2583	1599	2066	2755	3173	3640	3444	3862	4477	4846	4280	4452	5584	4895	5264	4797	5141	5067	4428	4182	3493	3591	2755	2263	1918	1722	1131	565	0	590	1131	
2755	1107	1623	2287	2755	3271	3247	3665	4305	4747	4280	4477	5658	5043	5461	5067	5461	5436	4846	4624	3960	4157	3271	2804	2435	2337	1672	1156	590	0	934	
1943	811	1057	1722	2066	2509	2312	2755	3370	3813	3345	3567	4747	4157	4649	4280	4747	4821	4255	4157	3493	3911	3001	2533	2263	2583	1599	1648	1131	934	0	
V2
0	2225	2121	2454	2371	2392	1684	1830	2163	2308	1601	1643	2558	1934	2288	1955	2392	2496	2121	2184	1747	2392	1747	1560	1580	2454	1622	2308	2184	2329	1643	
2225	0	457	998	1414	1892	2017	2412	2953	3369	3120	3369	4368	3972	4409	4160	4617	4700	4264	4180	3640	3993	3224	2828	2579	2766	1996	1830	1352	936	686	
2121	457	0	582	956	1414	1622	1996	2537	2953	2787	3078	4056	3723	4201	4014	4492	4617	4222	4201	3702	4118	3348	2974	2766	3078	2225	2204	1747	1372	894	
2454	998	582	0	499	1019	1476	1830	2329	2787	2787	3099	4056	3827	4347	4222	4742	4929	4576	4617	4118	4596	3848	3494	3307	3660	2787	2808	2329	1934	1456	
2371	1414	956	499	0	499	1102	1414	1872	2329	2433	2766	3660	3515	4056	3993	4534	4784	4472	4555	4118	4659	3931	3598	3452	3910	3016	3140	2683	2329	1747	
2392	1892	1414	1019	499	0	811	1040	1435	1892	2100	2454	3307	3244	3785	3785	4368	4659	4430	4555	4160	4763	4056	3764	3660	4222	3286	3515	3078	2766	2121	
1684	2017	1622	1476	1102	811	0	374	915	1331	1331	1664	2558	2433	2974	2953	3536	3827	3619	3785	3432	4076	3411	3182	3120	3827	2891	3265	2912	2745	1955	
1830	2412	1996	1830	1414	1040	374	0	540	956	1060	1414	2267	2225	2766	2828	3411	3764	3598	3827	3515	4201	3577	3369	3348	4097	3161	3598	3265	3099	2329	
2163	2953	2537	2329	1872	1435	915	540	0	457	936	1268	1913	2038	2600	2766	3369	3764	3702	3972	3723	4451	3889	3723	3744	4534	3619	4097	3785	3640	2849	
2308	3369	2953	2787	2329	1892	1331	956	457	0	811	1060	1518	1768	2308	2558	3161	3598	3598	3910	3723	4472	3972	3868	3889	4742	3848	4409	4097	4014	3224	
1601	3120	2787	2787	2433	2100	1331	1060	936	811	0	332	1248	1144	1705	1830	2433	2828	2787	3099	2912	3681	3203	3099	3182	4076	3224	3848	3619	3619	2828	
1643	3369	3078	3099	2766	2454	1664	1414	1268	1060	332	0	977	790	1352	1497	2100	2537	2537	2870	2766	3515	3099	3057	3161	4097	3286	3952	3764	3785	3016	
2558	4368	4056	4056	3660	3307	2558	2267	1913	1518	1248	977	0	769	1040	1518	2017	2537	2766	3203	3265	4014	3744	3806	3952	4908	4160	4888	4721	4784	4014	
1934	3972	3723	3827	3515	3244	2433	2225	2038	1768	1144	790	769	0	540	811	1393	1872	2017	2433	2475	3244	2974	3057	3224	4180	3494	4243	4139	4264	3515	
2288	4409	4201	4347	4056	3785	2974	2766	2600	2308	1705	1352	1040	540	0	561	977	1497	1788	2246	2412	3140	3016	3161	3369	4347	3723	4513	4451	4617	3931	
1955	4160	4014	4222	3993	3785	2953	2828	2766	2558	1830	1497	1518	811	561	0	603	1040	1248	1684	1851	2579	2475	2641	2870	3827	3286	4076	4056	4284	3619	
2392	4617	4492	4742	4534	4368	3536	3411	3369	3161	2433	2100	2017	1393	977	603	0	520	956	1414	1768	2392	2475	2724	2995	3910	3494	4305	4347	4617	4014	
2496	4700	4617	4929	4784	4659	3827	3764	3764	3598	2828	2537	2537	1872	1497	1040	520	0	582	1019	1476	1996	2225	2516	2808	3681	3369	4180	4284	4596	4076	
2121	4264	4222	4576	4472	4430	3619	3598	3702	3598	2787	2537	2766	2017	1788	1248	956	582	0	457	894	1435	1622	1934	2225	3078	2808	3619	3744	4097	3598	
2184	4180	4201	4617	4555	4555	3785	3827	3972	3910	3099	2870	3203	2433	2246	1684	1414	1019	457	0	582	977	1268	1643	1955	2724	2579	3348	3536	3910	3515	
1747	3640	3702	4118	4118	4160	3432	3515	3723	3723	2912	2766	3265	2475	2412	1851	1768	1476	894	582	0	769	728	1060	1372	2184	1996	2766	2953	3348	2953	
2392	3993	4118	4596	4659	4763	4076	4201	4451	4472	3681	3515	4014	3244	3140	2579	2392	1996	1435	977	769	0	748	1144	1435	1934	2100	2766	3036	3515	3307	
1747	3224	3348	3848	3931	4056	3411	3577	3889	3972	3203	3099	3744	2974	3016	2475	2475	2225	1622	1268	728	748	0	395	707	1456	1372	2100	2329	2766	2537	
1560	2828	2974	3494	3598	3764	3182	3369	3723	3868	3099	3057	3806	3057	3161	2641	2724	2516	1934	1643	1060	1144	395	0	312	1185	956	1705	1913	2371	2142	
1580	2579	2766	3307	3452	3660	3120	3348	3744	3889	3182	3161	3952	3224	3369	2870	2995	2808	2225	1955	1372	1435	707	312	0	956	665	1393	1622	2059	1913	
2454	2766	3078	3660	3910	4222	3827	4097	4534	4742	4076	4097	4908	4180	4347	3827	3910	3681	3078	2724	2184	1934	1456	1185	956	0	936	1019	1456	1976	2184	
1622	1996	2225	2787	3016	3286	2891	3161	3619	3848	3224	3286	4160	3494	3723	3286	3494	3369	2808	2579	1996	2100	1372	956	665	936	0	811	956	1414	1352	
2308	1830	2204	2808	3140	3515	3265	3598	4097	4409	3848	3952	4888	4243	4513	4076	4305	4180	3619	3348	2766	2766	2100	1705	1393	1019	811	0	478	977	1393	
2184	1352	1747	2329	2683	3078	2912	3265	3785	4097	3619	3764	4721	4139	4451	4056	4347	4284	3744	3536	2953	3036	2329	1913	1622	1456	956	478	0	499	956	
2329	936	1372	1934	2329	2766	2745	3099	3640	4014	3619	3785	4784	4264	4617	4284	4617	4596	4097	3910	3348	3515	2766	2371	2059	1976	1414	977	499	0	790	
1643	686	894	1456	1747	2121	1955	2329	2849	3224	2828	3016	4014	3515	3931	3619	4014	4076	3598	3515	2953	3307	2537	2142	1913	2184	1352	1393	956	790	0	
V3
0	1926	1836	2124	2052	2070	1458	1584	1872	1998	1386	1422	2214	1674	1980	1692	2070	2160	1836	1890	1512	2070	1512	1350	1368	2124	1404	1998	1890	2016	1422	
1926	0	396	864	1224	1638	1746	2088	2556	2916	2700	2916	3780	3438	3816	3600	3996	4068	3690	3618	3150	3456	2790	2448	2232	2394	1728	1584	1170	810	594	
1836	396	0	504	828	1224	1404	1728	2196	2556	2412	2664	3510	3222	3636	3474	3888	3996	3654	3636	3204	3564	2898	2574	2394	2664	1926	1908	1512	1188	774	
2124	864	504	0	432	882	1278	1584	2016	2412	2412	2682	3510	3312	3762	3654	4104	4266	3960	3996	3564	3978	3330	3024	2862	3168	2412	2430	2016	1674	1260	
2052	1224	828	432	0	432	954	1224	1620	2016	2106	2394	3168	3042	3510	3456	3924	4140	3870	3942	3564	4032	3402	3114	2988	3384	2610	2718	2322	2016	1512	
2070	1638	1224	882	432	0	702	900	1242	1638	1818	2124	2862	2808	3276	3276	3780	4032	3834	3942	3600	4122	3510	3258	3168	3654	2844	3042	2664	2394	1836	
1458	1746	1404	1278	954	702	0	324	792	1152	1152	1440	2214	2106	2574	2556	3060	3312	3132	3276	2970	3528	2952	2754	2700	3312	2502	2826	2520	2376	1692	
1584	2088	1728	1584	1224	900	324	0	468	828	918	1224	1962	1926	2394	2448	2952	3258	3114	3312	3042	3636	3096	2916	2898	3546	2736	3114	2826	2682	2016	
1872	2556	2196	2016	1620	1242	792	468	0	396	810	1098	1656	1764	2250	2394	2916	3258	3204	3438	3222	3852	3366	3222	3240	3924	3132	3546	3276	3150	2466	
1998	2916	2556	2412	2016	1638	1152	828	396	0	702	918	1314	1530	1998	2214	2736	3114	3114	3384	3222	3870	3438	3348	3366	4104	3330	3816	3546	3474	2790	
1386	2700	2412	2412	2106	1818	1152	918	810	702	0	288	1080	990	1476	1584	2106	2448	2412	2682	2520	3186	2772	2682	2754	3528	2790	3330	3132	3132	2448	
1422	2916	2664	2682	2394	2124	1440	1224	1098	918	288	0	846	684	1170	1296	1818	2196	2196	2484	2394	3042	2682	2646	2736	3546	2844	3420	3258	3276	2610	
2214	3780	3510	3510	3168	2862	2214	1962	1656	1314	1080	846	0	666	900	1314	1746	2196	2394	2772	2826	3474	3240	3294	3420	4248	3600	4230	4086	4140	3474	
1674	3438	3222	3312	3042	2808	2106	1926	1764	1530	990	684	666	0	468	702	1206	1620	1746	2106	2142	2808	2574	2646	2790	3618	3024	3672	3582	3690	3042	
1980	3816	3636	3762	3510	3276	2574	2394	2250	1998	1476	1170	900	468	0	486	846	1296	1548	1944	2088	2718	2610	2736	2916	3762	3222	3906	3852	3996	3402	
1692	3600	3474	3654	3456	3276	2556	2448	2394	2214	1584	1296	1314	702	486	0	522	900	1080	1458	1602	2232	2142	2286	2484	3312	2844	3528	3510	3708	3132	
2070	3996	3888	4104	3924	3780	3060	2952	2916	2736	2106	1818	1746	1206	846	522	0	450	828	1224	1530	2070	2142	2358	2592	3384	3024	3726	3762	3996	3474	
2160	4068	3996	4266	4140	4032	3312	3258	3258	3114	2448	2196	2196	1620	1296	900	450	0	504	882	1278	1728	1926	2178	2430	3186	2916	3618	3708	3978	3528	
1836	3690	3654	3960	3870	3834	3132	3114	3204	3114	2412	2196	2394	1746	1548	1080	828	504	0	396	774	1242	1404	1674	1926	2664	2430	3132	3240	3546	3114	
1890	3618	3636	3996	3942	3942	3276	3312	3438	3384	2682	2484	2772	2106	1944	1458	1224	882	396	0	504	846	1098	1422	1692	2358	2232	2898	3060	3384	3042	
1512	3150	3204	3564	3564	3600	2970	3042	3222	3222	2520	2394	2826	2142	2088	1602	1530	1278	774	504	0	666	630	918	1188	1890	1728	2394	2556	2898	2556	
2070	3456	3564	3978	4032	4122	3528	3636	3852	3870	3186	3042	3474	2808	2718	2232	2070	1728	1242	846	666	0	648	990	1242	1674	1818	2394	2628	3042	2862	
1512	2790	2898	3330	3402	3510	2952	3096	3366	3438	2772	2682	3240	2574	2610	2142	2142	1926	1404	1098	630	648	0	342	612	1260	1188	1818	2016	2394	2196	
1350	2448	2574	3024	3114	3258	2754	2916	3222	3348	2682	2646	3294	2646	2736	2286	2358	2178	1674	1422	918	990	342	0	270	1026	828	1476	1656	2052	1854	
1368	2232	2394	2862	2988	3168	2700	2898	3240	3366	2754	2736	3420	2790	2916	2484	2592	2430	1926	1692	1188	1242	612	270	0	828	576	1206	1404	1782	1656	
2124	2394	2664	3168	3384	3654	3312	3546	3924	4104	3528	3546	4248	3618	3762	3312	3384	3186	2664	2358	1890	1674	1260	1026	828	0	810	882	1260	1710	1890	
1404	1728	1926	2412	2610	2844	2502	2736	3132	3330	2790	2844	3600	3024	3222	2844	3024	2916	2430	2232	1728	1818	1188	828	576	810	0	702	828	1224	1170	
1998	1584	1908	2430	2718	3042	2826	3114	3546	3816	3330	3420	4230	3672	3906	3528	3726	3618	3132	2898	2394	2394	1818	1476	1206	882	702	0	414	846	1206	
1890	1170	1512	2016	2322	2664	2520	2826	3276	3546	3132	3258	4086	3582	3852	3510	3762	3708	3240	3060	2556	2628	2016	1656	1404	1260	828	414	0	432	828	
2016	810	1188	1674	2016	2394	2376	2682	3150	3474	3132	3276	4140	3690	3996	3708	3996	3978	3546	3384	2898	3042	2394	2052	1782	1710	1224	846	432	0	684	
1422	594	774	1260	1512	1836	1692	2016	2466	2790	2448	2610	3474	3042	3402	3132	3474	3528	3114	3042	2556	2862	2196	1854	1656	1890	1170	1206	828	684	0	
V4
0	1990	1897	2194	2120	2139	1506	1636	1934	2064	1432	1469	2287	1729	2046	1748	2139	2232	1897	1953	1562	2139	1562	1395	1413	2194	1450	2064	1953	2083	1469	
1990	0	409	892	1264	1692	1804	2157	2641	3013	2790	3013	3906	3552	3943	3720	4129	4203	3813	3738	3255	3571	2883	2529	2306	2473	1785	1636	1209	837	613	
1897	409	0	520	855	1264	1450	1785	2269	2641	2492	2752	3627	3329	3757	3589	4017	4129	3775	3757	3310	3682	2994	2659	2473	2752	1990	1971	1562	1227	799	
2194	892	520	0	446	911	1320	1636	2083	2492	2492	2771	3627	3422	3887	3775	4240	4408	4092	4129	3682	4110	3441	3124	2957	3273	2492	2511	2083	1729	1302	
2120	1264	855	446	0	446	985	1264	1674	2083	2176	2473	3273	3143	3627	3571	4054	4278	3999	4073	3682	4166	3515	3217	3087	3496	2697	2808	2399	2083	1562	
2139	1692	1264	911	446	0	725	930	1283	1692	1878	2194	2957	2901	3385	3385	3906	4166	3961	4073	3720	4259	3627	3366	3273	3775	2938	3143	2752	2473	1897	
1506	1804	1450	1320	985	725	0	334	818	1190	1190	1488	2287	2176	2659	2641	3162	3422	3236	3385	3069	3645	3050	2845	2790	3422	2585	2920	2604	2455	1748	
1636	2157	1785	1636	1264	930	334	0	483	855	948	1264	2027	1990	2473	2529	3050	3366	3217	3422	3143	3757	3199	3013	2994	3664	2827	3217	2920	2771	2083	
1934	2641	2269	2083	1674	1283	818	483	0	409	837	1134	1711	1822	2325	2473	3013	3366	3310	3552	3329	3980	3478	3329	3348	4054	3236	3664	3385	3255	2548	
2064	3013	2641	2492	2083	1692	1190	855	409	0	725	948	1357	1581	2064	2287	2827	3217	3217	3496	3329	3999	3552	3459	3478	4240	3441	3943	3664	3589	2883	
1432	2790	2492	2492	2176	1878	1190	948	837	725	0	297	1116	1023	1525	1636	2176	2529	2492	2771	2604	3292	2864	2771	2845	3645	2883	3441	3236	3236	2529	
1469	3013	2752	2771	2473	2194	1488	1264	1134	948	297	0	874	706	1209	1339	1878	2269	2269	2566	2473	3143	2771	2734	2827	3664	2938	3534	3366	3385	2697	
2287	3906	3627	3627	3273	2957	2287	2027	1711	1357	1116	874	0	688	930	1357	1804	2269	2473	2864	2920	3589	3348	3403	3534	4389	3720	4371	4222	4278	3589	
1729	3552	3329	3422	3143	2901	2176	1990	1822	1581	1023	706	688	0	483	725	1246	1674	1804	2176	2213	2901	2659	2734	2883	3738	3124	3794	3701	3813	3143	
2046	3943	3757	3887	3627	3385	2659	2473	2325	2064	1525	1209	930	483	0	502	874	1339	1599	2008	2157	2808	2697	2827	3013	3887	3329	4036	3980	4129	3515	
1748	3720	3589	3775	3571	3385	2641	2529	2473	2287	1636	1339	1357	725	502	0	539	930	1116	1506	1655	2306	2213	2362	2566	3422	2938	3645	3627	3831	3236	
2139	4129	4017	4240	4054	3906	3162	3050	3013	2827	2176	1878	1804	1246	874	539	0	465	855	1264	1581	2139	2213	2436	2678	3496	3124	3850	3887	4129	3589	
2232	4203	4129	4408	4278	4166	3422	3366	3366	3217	2529	2269	2269	1674	1339	930	465	0	520	911	1320	1785	1990	2250	2511	3292	3013	3738	3831	4110	3645	
1897	3813	3775	4092	3999	3961	3236	3217	3310	3217	2492	2269	2473	1804	1599	1116	855	520	0	409	799	1283	1450	1729	1990	2752	2511	3236	3348	3664	3217	
1953	3738	3757	4129	4073	4073	3385	3422	3552	3496	2771	2566	2864	2176	2008	1506	1264	911	409	0	520	874	1134	1469	1748	2436	2306	2994	3162	3496	3143	
1562	3255	3310	3682	3682	3720	3069	3143	3329	3329	2604	2473	2920	2213	2157	1655	1581	1320	799	520	0	688	651	948	1227	1953	1785	2473	2641	2994	2641	
2139	3571	3682	4110	4166	4259	3645	3757	3980	3999	3292	3143	3589	2901	2808	2306	2139	1785	1283	874	688	0	669	1023	1283	1729	1878	2473	2715	3143	2957	
1562	2883	2994	3441	3515	3627	3050	3199	3478	3552	2864	2771	3348	2659	2697	2213	2213	1990	1450	1134	651	669	0	353	632	1302	1227	1878	2083	2473	2269	
1395	2529	2659	3124	3217	3366	2845	3013	3329	3459	2771	2734	3403	2734	2827	2362	2436	2250	1729	1469	948	1023	353	0	279	1060	855	1525	1711	2120	1915	
1413	2306	2473	2957	3087	3273	2790	2994	3348	3478	2845	2827	3534	2883	3013	2566	2678	2511	1990	1748	1227	1283	632	279	0	855	595	1246	1450	1841	1711	
2194	2473	2752	3273	3496	3775	3422	3664	4054	4240	3645	3664	4389	3738	3887	3422	3496	3292	2752	2436	1953	1729	1302	1060	855	0	837	911	1302	1767	1953	
1450	1785	1990	2492	2697	2938	2585	2827	3236	3441	2883	2938	3720	3124	3329	2938	3124	3013	2511	2306	1785	1878	1227	855	595	837	0	725	855	1264	1209	
2064	1636	1971	2511	2808	3143	2920	3217	3664	3943	3441	3534	4371	3794	4036	3645	3850	3738	3236	2994	2473	2473	1878	1525	1246	911	725	0	427	874	1246	
1953	1209	1562	2083	2399	2752	2604	2920	3385	3664	3236	3366	4222	3701	3980	3627	3887	3831	3348	3162	2641	2715	2083	1711	1450	1302	855	427	0	446	855	
2083	837	1227	1729	2083	2473	2455	2771	3255	3589	3236	3385	4278	3813	4129	3831	4129	4110	3664	3496	2994	3143	2473	2120	1841	1767	1264	874	446	0	706	
1469	613	799	1302	1562	1897	1748	2083	2548	2883	2529	2697	3589	3143	3515	3236	3589	3645	3217	3143	2641	2957	2269	1915	1711	1953	1209	1246	855	706	0	
V5
0	1177	1122	1298	1254	1265	891	968	1144	1221	847	869	1353	1023	1210	1034	1265	1320	1122	1155	924	1265	924	825	836	1298	858	1221	1155	1232	869	
1177	0	242	528	748	1001	1067	1276	1562	1782	1650	1782	2310	2101	2332	2200	2442	2486	2255	2211	1925	2112	1705	1496	1364	1463	1056	968	715	495	363	
1122	242	0	308	506	748	858	1056	1342	1562	1474	1628	2145	1969	2222	2123	2376	2442	2233	2222	1958	2178	1771	1573	1463	1628	1177	1166	924	726	473	
1298	528	308	0	264	539	781	968	1232	1474	1474	1639	2145	2024	2299	2233	2508	2607	2420	2442	2178	2431	2035	1848	1749	1936	1474	1485	1232	1023	770	
1254	748	506	264	0	264	583	748	990	1232	1287	1463	1936	1859	2145	2112	2398	2530	2365	2409	2178	2464	2079	1903	1826	2068	1595	1661	1419	1232	924	
1265	1001	748	539	264	0	429	550	759	1001	1111	1298	1749	1716	2002	2002	2310	2464	2343	2409	2200	2519	2145	1991	1936	2233	1738	1859	1628	1463	1122	
891	1067	858	781	583	429	0	198	484	704	704	880	1353	1287	1573	1562	1870	2024	1914	2002	1815	2156	1804	1683	1650	2024	1529	1727	1540	1452	1034	
968	1276	1056	968	748	550	198	0	286	506	561	748	1199	1177	1463	1496	1804	1991	1903	2024	1859	2222	1892	1782	1771	2167	1672	1903	1727	1639	1232	
1144	1562	1342	1232	990	759	484	286	0	242	495	671	1012	1078	1375	1463	1782	1991	1958	2101	1969	2354	2057	1969	1980	2398	1914	2167	2002	1925	1507	
1221	1782	1562	1474	1232	1001	704	506	242	0	429	561	803	935	1221	1353	1672	1903	1903	2068	1969	2365	2101	2046	2057	2508	2035	2332	2167	2123	1705	
847	1650	1474	1474	1287	1111	704	561	495	429	0	176	660	605	902	968	1287	1496	1474	1639	1540	1947	1694	1639	1683	2156	1705	2035	1914	1914	1496	
869	1782	1628	1639	1463	1298	880	748	671	561	176	0	517	418	715	792	1111	1342	1342	1518	1463	1859	1639	1617	1672	2167	1738	2090	1991	2002	1595	
1353	2310	2145	2145	1936	1749	1353	1199	1012	803	660	517	0	407	550	803	1067	1342	1463	1694	1727	2123	1980	2013	2090	2596	2200	2585	2497	2530	2123	
1023	2101	1969	2024	1859	1716	1287	1177	1078	935	605	418	407	0	286	429	737	990	1067	1287	1309	1716	1573	1617	1705	2211	1848	2244	2189	2255	1859	
1210	2332	2222	2299	2145	2002	1573	1463	1375	1221	902	715	550	286	0	297	517	792	946	1188	1276	1661	1595	1672	1782	2299	1969	2387	2354	2442	2079	
1034	2200	2123	2233	2112	2002	1562	1496	1463	1353	968	792	803	429	297	0	319	550	660	891	979	1364	1309	1397	1518	2024	1738	2156	2145	2266	1914	
1265	2442	2376	2508	2398	2310	1870	1804	1782	1672	1287	1111	1067	737	517	319	0	275	506	748	935	1265	1309	1441	1584	2068	1848	2277	2299	2442	2123	
1320	2486	2442	2607	2530	2464	2024	1991	1991	1903	1496	1342	1342	990	792	550	275	0	308	539	781	1056	1177	1331	1485	1947	1782	2211	2266	2431	2156	
1122	2255	2233	2420	2365	2343	1914	1903	1958	1903	1474	1342	1463	1067	946	660	506	308	0	242	473	759	858	1023	1177	1628	1485	1914	1980	2167	1903	
1155	2211	2222	2442	2409	2409	2002	2024	2101	2068	1639	1518	1694	1287	1188	891	748	539	242	0	308	517	671	869	1034	1441	1364	1771	1870	2068	1859	
924	1925	1958	2178	2178	2200	1815	1859	1969	1969	1540	1463	1727	1309	1276	979	935	781	473	308	0	407	385	561	726	1155	1056	1463	1562	1771	1562	
1265	2112	2178	2431	2464	2519	2156	2222	2354	2365	1947	1859	2123	1716	1661	1364	1265	1056	759	517	407	0	396	605	759	1023	1111	1463	1606	1859	1749	
924	1705	1771	2035	2079	2145	1804	1892	2057	2101	1694	1639	1980	1573	1595	1309	1309	1177	858	671	385	396	0	209	374	770	726	1111	1232	1463	1342	
825	1496	1573	1848	1903	1991	1683	1782	1969	2046	1639	1617	2013	1617	1672	1397	1441	1331	1023	869	561	605	209	0	165	627	506	902	1012	1254	1133	
836	1364	1463	1749	1826	1936	1650	1771	1980	2057	1683	1672	2090	1705	1782	1518	1584	1485	1177	1034	726	759	374	165	0	506	352	737	858	1089	1012	
1298	1463	1628	1936	2068	2233	2024	2167	2398	2508	2156	2167	2596	2211	2299	2024	2068	1947	1628	1441	1155	1023	770	627	506	0	495	539	770	1045	1155	
858	1056	1177	1474	1595	1738	1529	1672	1914	2035	1705	1738	2200	1848	1969	1738	1848	1782	1485	1364	1056	1111	726	506	352	495	0	429	506	748	715	
1221	968	1166	1485	1661	1859	1727	1903	2167	2332	2035	2090	2585	2244	2387	2156	2277	2211	1914	1771	1463	1463	1111	902	737	539	429	0	253	517	737	
1155	715	924	1232	1419	1628	1540	1727	2002	2167	1914	1991	2497	2189	2354	2145	2299	2266	1980	1870	1562	1606	1232	1012	858	770	506	253	0	264	506	
1232	495	726	1023	1232	1463	1452	1639	1925	2123	1914	2002	2530	2255	2442	2266	2442	2431	2167	2068	1771	1859	1463	1254	1089	1045	748	517	264	0	418	
869	363	473	770	924	1122	1034	1232	1507	1705	1496	1595	2123	1859	2079	1914	2123	2156	1903	1859	1562	1749	1342	1133	1012	1155	715	737	506	418	0	
V6
0	1583	1509	1746	1687	1702	1198	1302	1539	1642	1139	1169	1820	1376	1628	1391	1702	1776	1509	1554	1243	1702	1243	1110	1124	1746	1154	1642	1554	1657	1169	
1583	0	325	710	1006	1346	1435	1716	2101	2397	2220	2397	3108	2826	3137	2960	3285	3344	3034	2974	2590	2841	2294	2012	1835	1968	1420	1302	962	666	488	
1509	325	0	414	680	1006	1154	1420	1805	2101	1983	2190	2886	2649	2989	2856	3196	3285	3004	2989	2634	2930	2382	2116	1968	2190	1583	1568	1243	976	636	
1746	710	414	0	355	725	1050	1302	1657	1983	1983	2205	2886	2723	3093	3004	3374	3507	3256	3285	2930	3270	2738	2486	2353	2604	1983	1998	1657	1376	1036	
1687	1006	680	355	0	355	784	1006	1332	1657	1731	1968	2604	2501	2886	2841	3226	3404	3182	3241	2930	3315	2797	2560	2456	2782	2146	2234	1909	1657	1243	
1702	1346	1006	725	355	0	577	740	1021	1346	1494	1746	2353	2308	2693	2693	3108	3315	3152	3241	2960	3389	2886	2678	2604	3004	2338	2501	2190	1968	1509	
1198	1435	1154	1050	784	577	0	266	651	947	947	1184	1820	1731	2116	2101	2516	2723	2575	2693	2442	2900	2427	2264	2220	2723	2057	2323	2072	1953	1391	
1302	1716	1420	1302	1006	740	266	0	384	680	754	1006	1613	1583	1968	2012	2427	2678	2560	2723	2501	2989	2545	2397	2382	2915	2249	2560	2323	2205	1657	
1539	2101	1805	1657	1332	1021	651	384	0	325	666	902	1361	1450	1850	1968	2397	2678	2634	2826	2649	3167	2767	2649	2664	3226	2575	2915	2693	2590	2027	
1642	2397	2101	1983	1657	1346	947	680	325	0	577	754	1080	1258	1642	1820	2249	2560	2560	2782	2649	3182	2826	2752	2767	3374	2738	3137	2915	2856	2294	
1139	2220	1983	1983	1731	1494	947	754	666	577	0	236	888	814	1213	1302	1731	2012	1983	2205	2072	2619	2279	2205	2264	2900	2294	2738	2575	2575	2012	
1169	2397	2190	2205	1968	1746	1184	1006	902	754	236	0	695	562	962	1065	1494	1805	1805	2042	1968	2501	2205	2175	2249	2915	2338	2812	2678	2693	2146	
1820	3108	2886	2886	2604	2353	1820	1613	1361	1080	888	695	0	547	740	1080	1435	1805	1968	2279	2323	2856	2664	2708	2812	3492	2960	3478	3359	3404	2856	
1376	2826	2649	2723	2501	2308	1731	1583	1450	1258	814	562	547	0	384	577	991	1332	1435	1731	1761	2308	2116	2175	2294	2974	2486	3019	2945	3034	2501	
