M: 2
N: 30
Nun_Veiculos: 16
Capacidade_Total: 1287
Demanda_Total: 676
Setup_Min: 1
Setup_Max: 9
Raio: 100
Circulos: 1
Tempo_Processamento_Min: 1
Tempo_Processamento_Max: 49
Demanda_Min: 10
Demanda_Max: 30
Priority_Factor: 0.2
Range_Factor_R: 0.8
U_factor: 2
ALpha: 0.2Replicao: 0
Tempos_Processamentos
0	0	1	0	
0	29	1	44	
0	3	1	5	
0	40	1	27	
0	27	1	10	
0	37	1	20	
0	41	1	2	
0	31	1	9	
0	49	1	41	
0	24	1	8	
0	43	1	44	
0	3	1	48	
0	1	1	31	
0	6	1	10	
0	36	1	32	
0	46	1	17	
0	35	1	44	
0	32	1	17	
0	20	1	17	
0	22	1	44	
0	27	1	41	
0	41	1	29	
0	25	1	25	
0	9	1	18	
0	32	1	13	
0	39	1	32	
0	10	1	27	
0	47	1	3	
0	7	1	33	
0	8	1	46	
0	41	1	38	

Tempos_setup
M0
0	0	0	0	0	0	0	0	0	0	0	0	0	0	0	0	0	0	0	0	0	0	0	0	0	0	0	0	0	0	0	
0	0	3	2	2	3	4	2	3	3	2	3	3	2	1	3	4	1	2	3	2	3	2	3	2	2	3	2	3	2	1	
0	2	0	3	4	3	2	2	1	3	3	4	3	3	3	1	4	2	2	5	3	3	4	3	3	2	2	4	3	3	3	
0	4	3	0	4	4	2	2	3	3	3	4	3	3	2	3	2	4	3	4	3	3	4	4	3	2	3	4	4	4	3	
0	2	2	4	0	2	2	4	2	2	4	3	3	3	3	2	4	3	4	4	3	2	3	2	2	4	1	1	3	3	3	
0	3	3	2	1	0	3	2	3	1	3	4	2	3	3	3	2	3	3	3	3	2	4	3	3	3	2	2	4	4	3	
0	3	1	4	2	4	0	3	2	3	4	2	4	4	4	2	5	3	3	5	3	4	2	2	1	3	3	3	2	3	3	
0	2	2	2	2	2	2	0	2	2	4	4	1	4	3	1	4	3	2	4	2	3	2	2	1	4	1	2	4	3	1	
0	4	2	2	4	4	2	4	0	3	4	3	3	2	4	3	4	4	4	4	4	4	4	2	3	3	4	3	2	3	3	
0	3	2	3	2	2	2	2	3	0	3	3	1	2	2	3	4	2	2	2	2	1	3	3	2	4	3	1	3	3	3	
0	2	3	2	3	4	3	3	3	3	0	1	3	3	2	3	3	3	2	4	2	2	2	2	2	3	4	3	3	2	3	
0	2	2	4	2	3	3	2	2	2	3	0	2	3	3	2	5	2	1	4	1	2	1	4	1	3	3	2	3	3	3	
0	3	2	2	1	1	3	3	3	1	4	4	0	3	3	3	3	3	2	3	3	2	4	3	3	4	2	2	4	3	4	
0	3	3	2	3	3	3	3	3	1	4	3	2	0	3	3	2	3	2	2	3	2	3	2	3	2	4	2	2	1	2	
0	3	3	1	2	3	3	3	2	2	4	2	3	1	0	2	3	3	3	2	2	3	2	3	1	3	2	3	3	2	2	
0	2	2	2	3	2	1	2	3	2	4	3	3	4	3	0	4	3	4	4	3	3	3	2	2	4	1	3	3	3	3	
0	3	2	3	3	3	1	3	3	3	3	3	4	3	2	1	0	2	4	4	4	4	3	2	2	4	2	4	3	3	3	
0	3	2	3	3	3	3	1	3	3	1	2	2	4	3	2	4	0	2	5	3	3	3	2	2	2	2	3	2	1	2	
0	3	3	3	2	2	2	3	3	2	4	3	1	2	2	1	4	3	0	4	3	2	3	3	3	4	2	3	2	3	2	
0	1	3	3	3	3	3	3	4	2	3	3	3	3	2	3	4	2	2	0	3	3	3	2	3	3	2	3	2	1	2	
0	1	1	3	2	3	3	1	1	1	3	4	2	2	2	2	4	2	2	3	0	2	2	3	1	3	2	2	3	3	2	
0	2	1	4	1	3	1	2	2	2	2	2	3	3	3	2	5	1	3	4	1	0	2	3	2	3	2	2	3	2	3	
0	3	3	4	3	3	2	2	4	3	2	3	2	4	3	3	5	1	2	3	4	4	0	3	3	3	3	4	3	2	3	
0	4	3	4	2	3	3	3	3	1	4	3	2	3	3	3	4	3	3	3	3	2	3	0	2	5	3	2	2	3	3	
0	2	3	3	1	3	3	3	1	3	3	4	3	3	3	3	5	2	2	4	3	3	1	3	0	4	2	2	3	3	2	
0	2	1	3	2	3	2	2	1	1	3	3	2	3	3	2	5	2	1	3	1	1	3	3	2	0	3	2	3	3	3	
0	1	1	3	2	1	1	3	2	1	3	3	2	3	2	2	3	2	3	3	3	2	3	1	2	3	0	2	3	2	2	
0	3	3	4	1	3	3	3	2	3	3	3	3	4	4	2	5	3	3	5	2	3	2	2	1	5	2	0	2	3	3	
0	3	2	2	2	4	1	3	3	2	4	1	3	4	3	2	4	3	2	3	2	3	2	2	2	4	3	1	0	1	1	
0	3	3	2	2	3	2	3	3	2	4	2	2	3	3	2	4	3	1	4	2	3	2	1	3	4	3	2	1	0	1	
0	2	2	1	1	3	3	2	2	2	3	4	2	3	3	2	3	2	1	4	1	3	1	3	2	3	2	1	3	3	0	
M1
0	0	0	0	0	0	0	0	0	0	0	0	0	0	0	0	0	0	0	0	0	0	0	0	0	0	0	0	0	0	0	
0	0	3	3	4	4	3	3	4	4	5	4	4	4	1	2	3	3	3	4	4	3	4	3	3	2	4	4	3	4	4	
0	2	0	2	1	2	3	3	3	2	2	2	2	3	1	2	2	3	3	2	3	3	2	2	2	2	2	4	1	1	1	
0	2	3	0	3	1	3	2	3	3	3	2	2	3	2	3	3	2	1	2	1	3	2	1	3	3	4	2	3	2	3	
0	1	1	1	0	2	3	2	2	2	1	1	3	2	2	3	3	3	2	2	2	3	2	2	3	3	1	3	2	1	2	
0	3	3	1	2	0	4	1	2	2	3	1	3	3	2	4	3	3	2	3	2	3	3	2	3	3	3	2	4	3	2	
0	2	2	2	1	3	0	2	2	2	2	2	2	2	3	4	4	2	1	3	3	3	1	2	3	2	1	3	3	2	3	
0	2	2	2	1	3	3	0	3	1	2	2	4	2	1	4	4	3	3	3	2	3	2	3	3	2	2	3	3	2	3	
0	2	3	3	3	3	3	2	0	3	4	1	2	2	3	2	3	2	1	3	4	3	2	1	3	2	4	3	3	3	2	
0	3	3	2	3	3	3	3	2	0	4	2	3	2	2	4	3	2	2	2	1	3	1	2	3	2	3	2	4	3	3	
0	2	4	3	3	4	3	2	2	2	0	2	3	2	3	4	3	2	2	3	3	3	1	2	3	2	1	2	4	3	3	
0	3	3	2	4	2	4	3	1	4	3	0	3	3	3	3	2	2	2	2	3	3	3	2	3	2	3	3	4	2	1	
0	3	4	4	4	3	3	3	1	3	3	2	0	3	2	2	3	1	2	3	2	3	3	2	1	3	3	3	2	2	3	
0	3	3	2	2	3	1	3	3	3	3	3	3	0	3	3	3	2	2	2	3	1	2	2	2	3	2	1	4	3	2	
0	4	2	2	3	3	4	2	4	3	4	4	3	3	0	4	4	4	3	4	3	4	3	2	2	1	4	3	3	3	3	
0	2	2	3	2	3	1	3	2	2	3	2	2	3	2	0	1	1	1	2	3	2	2	2	2	3	2	2	1	3	2	
0	2	3	3	3	2	3	2	2	2	3	2	2	2	3	3	0	2	1	2	3	1	1	2	3	2	3	3	4	2	1	
0	2	3	3	3	4	3	2	1	3	3	2	2	3	1	2	3	0	1	3	4	2	3	2	2	2	3	3	2	2	3	
0	1	2	4	3	4	3	3	2	2	4	3	1	4	2	3	4	1	0	2	3	3	3	3	2	3	4	3	3	3	3	
0	3	4	2	3	3	2	3	2	4	3	1	2	4	2	3	2	1	2	0	2	3	3	3	3	2	3	3	3	3	2	
0	3	3	2	3	3	3	2	2	3	4	2	2	2	1	3	3	1	2	1	0	3	2	1	2	2	4	1	3	3	3	
0	3	3	4	3	5	2	2	2	2	2	3	2	3	2	2	3	1	2	4	3	0	2	1	3	3	3	4	3	3	4	
0	2	3	2	3	3	2	2	1	3	3	1	2	1	3	3	3	2	1	3	3	2	0	1	2	1	3	2	4	2	2	
0	3	3	3	2	4	3	1	2	2	3	2	1	2	2	3	2	2	2	3	3	3	1	0	2	2	3	3	3	3	3	
0	3	5	3	4	2	4	3	4	4	5	3	5	3	4	5	5	5	4	5	4	4	4	4	0	5	5	4	6	5	4	
0	3	3	1	3	2	4	2	3	2	4	3	2	3	3	4	3	3	2	3	2	4	2	1	1	0	3	3	3	3	3	
0	1	3	3	2	4	2	1	3	1	3	3	4	1	2	3	4	3	3	2	2	2	2	3	3	3	0	2	4	3	3	
0	3	4	1	3	2	2	3	2	4	4	3	3	1	2	3	3	1	2	3	2	2	3	2	1	3	3	0	3	3	2	
0	1	3	3	3	2	2	2	3	1	3	3	2	2	2	1	2	2	2	2	2	3	2	1	1	2	1	3	0	2	1	
0	1	4	3	4	4	3	3	2	3	1	2	3	2	2	3	4	3	2	3	2	3	1	2	3	2	2	3	4	0	3	
0	2	2	2	3	1	3	2	3	3	2	2	3	3	3	4	1	2	2	1	3	2	2	2	2	1	3	3	3	1	0	
Tamanho_Tarefas
0	30	3	31	12	21	9	16	44	16	43	17	16	8	34	24	36	21	17	25	34	29	25	9	20	34	17	23	7	16	39	
Data_Entrega
0	270	301	288	264	469	329	454	347	292	289	259	460	326	329	422	397	352	258	259	451	374	442	304	316	381	256	342	450	303	313	
Penalidade_Atraso
0	18	4	7	12	4	5	2	8	2	16	13	16	20	15	3	2	20	13	11	15	2	5	15	7	10	12	15	3	1	5	
Capacidade_Veiculo
92	82	80	63	110	57	80	72	99	105	62	107	74	51	103	50	
Custo_Fixo_Veiculo
920	820	800	630	1100	570	800	720	990	1050	620	1070	740	510	1030	500	
Coordenadas_Clientes
x	0	y	0
x	77	y	0
x	103	y	22
x	108	y	48
x	94	y	68
x	54	y	60
x	43	y	76
x	29	y	92
x	10	y	103
x	-8	y	77
x	-34	y	106
x	-44	y	77
x	-58	y	65
x	-93	y	67
x	-77	y	34
x	-102	y	21
x	-104	y	0
x	-90	y	-19
x	-103	y	-45
x	-71	y	-51
x	-79	y	-88
x	-47	y	-82
x	-35	y	-109
x	-12	y	-120
x	9	y	-93
x	37	y	-115
x	62	y	-107
x	62	y	-69
x	92	y	-67
x	100	y	-44
x	86	y	-18
Tempo_Viagem
0	77	105	118	116	80	87	96	103	77	111	88	87	114	84	104	104	91	112	87	118	94	114	120	93	120	123	92	113	109	87	
77	0	34	57	70	64	83	103	122	114	152	143	149	182	157	180	181	168	185	156	179	148	156	149	115	121	108	70	68	49	20	
105	34	0	26	46	62	80	101	122	123	160	156	166	201	180	205	208	196	216	188	212	182	190	182	148	151	135	99	89	66	43	
118	57	26	0	24	55	70	90	111	119	152	154	166	201	185	211	217	209	230	204	231	202	212	206	172	177	161	125	115	92	69	
116	70	46	24	0	40	51	69	90	102	133	138	152	187	173	200	209	203	227	203	232	205	219	215	182	191	177	140	135	112	86	
80	64	62	55	40	0	19	40	61	64	99	99	112	147	133	160	169	164	188	167	198	174	191	191	159	175	167	129	132	113	84	
87	83	80	70	51	19	0	21	42	51	82	87	101	136	127	155	165	163	189	170	204	181	200	203	172	191	183	146	151	132	103	
96	103	101	90	69	40	21	0	21	39	64	74	90	124	120	148	161	162	190	174	209	189	210	215	186	207	201	164	171	152	123	
103	122	122	111	90	61	42	21	0	31	44	59	77	109	111	138	153	157	185	173	210	193	216	223	196	219	216	179	188	171	142	
77	114	123	119	102	64	51	39	31	0	38	36	51	85	81	109	123	126	154	142	179	163	187	197	170	197	196	161	175	162	133	
111	152	160	152	133	99	82	64	44	38	0	30	47	70	83	108	126	136	165	160	197	188	215	227	203	231	233	199	213	200	171	
88	143	156	154	138	99	87	74	59	36	30	0	18	50	54	80	97	106	135	130	167	159	186	199	178	208	211	180	198	188	161	
87	149	166	166	152	112	101	90	77	51	47	18	0	35	36	62	79	89	118	116	153	147	175	190	171	203	209	179	199	191	166	
114	182	201	201	187	147	136	124	109	85	70	50	35	0	36	46	67	86	112	120	155	155	184	203	189	223	233	206	227	222	198	
84	157	180	185	173	133	127	120	111	81	83	54	36	36	0	28	43	54	83	85	122	119	148	167	153	187	197	173	196	193	171	
104	180	205	211	200	160	155	148	138	109	108	80	62	46	28	0	21	41	66	78	110	116	145	167	159	194	208	187	213	212	191	
104	181	208	217	209	169	165	161	153	123	126	97	79	67	43	21	0	23	45	60	91	99	128	150	146	181	197	179	207	208	190	
91	168	196	209	203	164	163	162	157	126	136	106	89	86	54	41	23	0	29	37	69	76	105	127	123	158	175	160	188	191	176	
112	185	216	230	227	188	189	190	185	154	165	135	118	112	83	66	45	29	0	32	49	67	93	117	121	156	175	166	195	203	190	
87	156	188	204	203	167	170	174	173	142	160	130	116	120	85	78	60	37	32	0	37	39	68	90	90	125	144	134	163	171	160	
118	179	212	231	232	198	204	209	210	179	197	167	153	155	122	110	91	69	49	37	0	32	48	73	88	119	142	141	171	183	179	
94	148	182	202	205	174	181	189	193	163	188	159	147	155	119	116	99	76	67	39	32	0	29	51	57	90	111	109	139	151	147	
114	156	190	212	219	191	200	210	216	187	215	186	175	184	148	145	128	105	93	68	48	29	0	25	46	72	97	104	132	149	151	
120	149	182	206	215	191	203	215	223	197	227	199	190	203	167	167	150	127	117	90	73	51	25	0	34	49	75	89	116	134	141	
93	115	148	172	182	159	172	186	196	170	203	178	171	189	153	159	146	123	121	90	88	57	46	34	0	35	54	58	86	103	107	
120	121	151	177	191	175	191	207	219	197	231	208	203	223	187	194	181	158	156	125	119	90	72	49	35	0	26	52	73	94	108	
123	108	135	161	177	167	183	201	216	196	233	211	209	233	197	208	197	175	175	144	142	111	97	75	54	26	0	38	50	73	92	
92	70	99	125	140	129	146	164	179	161	199	180	179	206	173	187	179	160	166	134	141	109	104	89	58	52	38	0	30	45	56	
113	68	89	115	135	132	151	171	188	175	213	198	199	227	196	213	207	188	195	163	171	139	132	116	86	73	50	30	0	24	49	
109	49	66	92	112	113	132	152	171	162	200	188	191	222	193	212	208	191	203	171	183	151	149	134	103	94	73	45	24	0	29	
87	20	43	69	86	84	103	123	142	133	171	161	166	198	171	191	190	176	190	160	179	147	151	141	107	108	92	56	49	29	0	
Custo_Viagem
V0
0	1416	1932	2171	2134	1472	1600	1766	1895	1416	2042	1619	1600	2097	1545	1913	1913	1674	2060	1600	2171	1729	2097	2208	1711	2208	2263	1692	2079	2005	1600	
1416	0	625	1048	1288	1177	1527	1895	2244	2097	2815	2631	2741	3348	2888	3312	3330	3091	3404	2870	3293	2723	2870	2741	2116	2226	1987	1288	1251	901	368	
1932	625	0	478	846	1140	1472	1858	2263	2263	2944	2870	3054	3698	3312	3772	3827	3624	3974	3459	3900	3348	3496	3348	2723	2796	2484	1821	1637	1214	791	
2171	1048	478	0	441	1012	1288	1656	2060	2189	2815	2833	3054	3698	3404	3882	3992	3845	4232	3753	4250	3716	3900	3790	3164	3256	2962	2300	2134	1692	1269	
2134	1288	846	441	0	736	938	1269	1674	1876	2447	2539	2796	3440	3201	3698	3845	3735	4176	3735	4268	3772	4029	3956	3348	3514	3256	2576	2484	2060	1582	
1472	1177	1140	1012	736	0	349	736	1122	1177	1821	1821	2060	2704	2447	2944	3109	3017	3459	3072	3643	3201	3514	3514	2925	3220	3072	2373	2428	2079	1545	
1600	1527	1472	1288	938	349	0	386	772	938	1508	1600	1858	2502	2336	2852	3036	2999	3477	3128	3753	3330	3680	3735	3164	3514	3367	2686	2778	2428	1895	
1766	1895	1858	1656	1269	736	386	0	386	717	1177	1361	1674	2281	2208	2741	2962	2980	3496	3201	3845	3477	3864	3956	3422	3808	3698	3017	3146	2815	2263	
1895	2244	2263	2060	1674	1122	772	386	0	570	809	1085	1416	2005	2042	2539	2815	2888	3422	3201	3864	3551	3974	4121	3606	4029	3974	3293	3459	3164	2612	
1416	2097	2263	2189	1876	1177	938	717	570	0	699	662	938	1564	1490	2005	2263	2318	2833	2612	3293	2999	3440	3624	3128	3624	3606	2962	3220	2980	2447	
2042	2815	2944	2815	2447	1821	1508	1177	809	699	0	552	864	1288	1527	1987	2336	2502	3054	2962	3661	3459	3956	4176	3735	4268	4287	3661	3937	3698	3164	
1619	2631	2870	2833	2539	1821	1600	1361	1085	662	552	0	331	920	993	1472	1784	1950	2484	2392	3091	2925	3422	3661	3275	3827	3900	3312	3643	3459	2962	
1600	2741	3054	3054	2796	2060	1858	1674	1416	938	864	331	0	644	662	1140	1453	1637	2171	2134	2833	2704	3220	3496	3146	3735	3845	3293	3661	3514	3054	
2097	3348	3698	3698	3440	2704	2502	2281	2005	1564	1288	920	644	0	662	846	1232	1582	2060	2208	2852	2852	3404	3735	3477	4103	4287	3790	4195	4084	3643	
1545	2888	3312	3404	3201	2447	2336	2208	2042	1490	1527	993	662	662	0	515	791	993	1527	1564	2244	2189	2741	3072	2815	3440	3624	3183	3606	3551	3146	
1913	3312	3772	3882	3698	2944	2852	2741	2539	2005	1987	1472	1140	846	515	0	386	754	1214	1435	2042	2134	2686	3072	2925	3569	3827	3440	3919	3900	3532	
1913	3330	3827	3992	3845	3109	3036	2962	2815	2263	2336	1784	1453	1232	791	386	0	423	828	1104	1674	1821	2373	2778	2686	3330	3624	3293	3808	3827	3496	
1674	3091	3624	3845	3735	3017	2999	2980	2888	2318	2502	1950	1637	1582	993	754	423	0	533	680	1269	1398	1932	2336	2263	2925	3220	2944	3459	3514	3238	
2060	3404	3974	4232	4176	3459	3477	3496	3422	2833	3054	2484	2171	2060	1527	1214	828	533	0	588	901	1232	1711	2152	2226	2870	3238	3054	3606	3735	3496	
1600	2870	3459	3753	3735	3072	3128	3201	3201	2612	2962	2392	2134	2208	1564	1435	1104	680	588	0	680	717	1251	1656	1656	2300	2649	2465	2999	3146	2944	
2171	3293	3900	4250	4268	3643	3753	3845	3864	3293	3661	3091	2833	2852	2244	2042	1674	1269	901	680	0	588	883	1361	1619	2189	2612	2612	3164	3385	3293	
1729	2723	3348	3716	3772	3201	3330	3477	3551	2999	3459	2925	2704	2852	2189	2134	1821	1398	1232	717	588	0	533	938	1048	1656	2042	2005	2557	2778	2704	
2097	2870	3496	3900	4029	3514	3680	3864	3974	3440	3956	3422	3220	3404	2741	2686	2373	1932	1711	1251	883	533	0	460	846	1324	1784	1913	2447	2741	2778	
2208	2741	3348	3790	3956	3514	3735	3956	4121	3624	4176	3661	3496	3735	3072	3072	2778	2336	2152	1656	1361	938	460	0	625	901	1380	1637	2134	2484	2594	
1711	2116	2723	3164	3348	2925	3164	3422	3606	3128	3735	3275	3146	3477	2815	2925	2686	2263	2226	1656	1619	1048	846	625	0	644	993	1067	1582	1895	1968	
2208	2226	2796	3256	3514	3220	3514	3808	4029	3624	4268	3827	3735	4103	3440	3569	3330	2925	2870	2300	2189	1656	1324	901	644	0	478	956	1343	1729	1987	
2263	1987	2484	2962	3256	3072	3367	3698	3974	3606	4287	3900	3845	4287	3624	3827	3624	3220	3238	2649	2612	2042	1784	1380	993	478	0	699	920	1343	1692	
1692	1288	1821	2300	2576	2373	2686	3017	3293	2962	3661	3312	3293	3790	3183	3440	3293	2944	3054	2465	2612	2005	1913	1637	1067	956	699	0	552	828	1030	
2079	1251	1637	2134	2484	2428	2778	3146	3459	3220	3937	3643	3661	4195	3606	3919	3808	3459	3606	2999	3164	2557	2447	2134	1582	1343	920	552	0	441	901	
2005	901	1214	1692	2060	2079	2428	2815	3164	2980	3698	3459	3514	4084	3551	3900	3827	3514	3735	3146	3385	2778	2741	2484	1895	1729	1343	828	441	0	533	
1600	368	791	1269	1582	1545	1895	2263	2612	2447	3164	2962	3054	3643	3146	3532	3496	3238	3496	2944	3293	2704	2778	2594	1968	1987	1692	1030	901	533	0	
V1
0	1262	1722	1935	1902	1312	1426	1574	1689	1262	1820	1443	1426	1869	1377	1705	1705	1492	1836	1426	1935	1541	1869	1968	1525	1968	2017	1508	1853	1787	1426	
1262	0	557	934	1148	1049	1361	1689	2000	1869	2509	2345	2443	2984	2574	2952	2968	2755	3034	2558	2935	2427	2558	2443	1886	1984	1771	1148	1115	803	328	
1722	557	0	426	754	1016	1312	1656	2017	2017	2624	2558	2722	3296	2952	3362	3411	3230	3542	3083	3476	2984	3116	2984	2427	2492	2214	1623	1459	1082	705	
1935	934	426	0	393	902	1148	1476	1836	1951	2509	2525	2722	3296	3034	3460	3558	3427	3772	3345	3788	3312	3476	3378	2820	2902	2640	2050	1902	1508	1131	
1902	1148	754	393	0	656	836	1131	1492	1672	2181	2263	2492	3066	2853	3296	3427	3329	3722	3329	3804	3362	3591	3526	2984	3132	2902	2296	2214	1836	1410	
1312	1049	1016	902	656	0	311	656	1000	1049	1623	1623	1836	2410	2181	2624	2771	2689	3083	2738	3247	2853	3132	3132	2607	2870	2738	2115	2164	1853	1377	
1426	1361	1312	1148	836	311	0	344	688	836	1344	1426	1656	2230	2082	2542	2706	2673	3099	2788	3345	2968	3280	3329	2820	3132	3001	2394	2476	2164	1689	
1574	1689	1656	1476	1131	656	344	0	344	639	1049	1213	1492	2033	1968	2443	2640	2656	3116	2853	3427	3099	3444	3526	3050	3394	3296	2689	2804	2509	2017	
1689	2000	2017	1836	1492	1000	688	344	0	508	721	967	1262	1787	1820	2263	2509	2574	3050	2853	3444	3165	3542	3673	3214	3591	3542	2935	3083	2820	2328	
1262	1869	2017	1951	1672	1049	836	639	508	0	623	590	836	1394	1328	1787	2017	2066	2525	2328	2935	2673	3066	3230	2788	3230	3214	2640	2870	2656	2181	
1820	2509	2624	2509	2181	1623	1344	1049	721	623	0	492	770	1148	1361	1771	2082	2230	2722	2640	3263	3083	3526	3722	3329	3804	3821	3263	3509	3296	2820	
1443	2345	2558	2525	2263	1623	1426	1213	967	590	492	0	295	820	885	1312	1590	1738	2214	2132	2755	2607	3050	3263	2919	3411	3476	2952	3247	3083	2640	
1426	2443	2722	2722	2492	1836	1656	1492	1262	836	770	295	0	574	590	1016	1295	1459	1935	1902	2525	2410	2870	3116	2804	3329	3427	2935	3263	3132	2722	
1869	2984	3296	3296	3066	2410	2230	2033	1787	1394	1148	820	574	0	590	754	1098	1410	1836	1968	2542	2542	3034	3329	3099	3657	3821	3378	3739	3640	3247	
1377	2574	2952	3034	2853	2181	2082	1968	1820	1328	1361	885	590	590	0	459	705	885	1361	1394	2000	1951	2443	2738	2509	3066	3230	2837	3214	3165	2804	
1705	2952	3362	3460	3296	2624	2542	2443	2263	1787	1771	1312	1016	754	459	0	344	672	1082	1279	1820	1902	2394	2738	2607	3181	3411	3066	3493	3476	3148	
1705	2968	3411	3558	3427	2771	2706	2640	2509	2017	2082	1590	1295	1098	705	344	0	377	738	984	1492	1623	2115	2476	2394	2968	3230	2935	3394	3411	3116	
1492	2755	3230	3427	3329	2689	2673	2656	2574	2066	2230	1738	1459	1410	885	672	377	0	475	606	1131	1246	1722	2082	2017	2607	2870	2624	3083	3132	2886	
1836	3034	3542	3772	3722	3083	3099	3116	3050	2525	2722	2214	1935	1836	1361	1082	738	475	0	524	803	1098	1525	1918	1984	2558	2886	2722	3214	3329	3116	
1426	2558	3083	3345	3329	2738	2788	2853	2853	2328	2640	2132	1902	1968	1394	1279	984	606	524	0	606	639	1115	1476	1476	2050	2361	2197	2673	2804	2624	
1935	2935	3476	3788	3804	3247	3345	3427	3444	2935	3263	2755	2525	2542	2000	1820	1492	1131	803	606	0	524	787	1213	1443	1951	2328	2328	2820	3017	2935	
1541	2427	2984	3312	3362	2853	2968	3099	3165	2673	3083	2607	2410	2542	1951	1902	1623	1246	1098	639	524	0	475	836	934	1476	1820	1787	2279	2476	2410	
1869	2558	3116	3476	3591	3132	3280	3444	3542	3066	3526	3050	2870	3034	2443	2394	2115	1722	1525	1115	787	475	0	410	754	1180	1590	1705	2181	2443	2476	
1968	2443	2984	3378	3526	3132	3329	3526	3673	3230	3722	3263	3116	3329	2738	2738	2476	2082	1918	1476	1213	836	410	0	557	803	1230	1459	1902	2214	2312	
1525	1886	2427	2820	2984	2607	2820	3050	3214	2788	3329	2919	2804	3099	2509	2607	2394	2017	1984	1476	1443	934	754	557	0	574	885	951	1410	1689	1754	
1968	1984	2492	2902	3132	2870	3132	3394	3591	3230	3804	3411	3329	3657	3066	3181	2968	2607	2558	2050	1951	1476	1180	803	574	0	426	852	1197	1541	1771	
2017	1771	2214	2640	2902	2738	3001	3296	3542	3214	3821	3476	3427	3821	3230	3411	3230	2870	2886	2361	2328	1820	1590	1230	885	426	0	623	820	1197	1508	
1508	1148	1623	2050	2296	2115	2394	2689	2935	2640	3263	2952	2935	3378	2837	3066	2935	2624	2722	2197	2328	1787	1705	1459	951	852	623	0	492	738	918	
1853	1115	1459	1902	2214	2164	2476	2804	3083	2870	3509	3247	3263	3739	3214	3493	3394	3083	3214	2673	2820	2279	2181	1902	1410	1197	820	492	0	393	803	
1787	803	1082	1508	1836	1853	2164	2509	2820	2656	3296	3083	3132	3640	3165	3476	3411	3132	3329	2804	3017	2476	2443	2214	1689	1541	1197	738	393	0	475	
1426	328	705	1131	1410	1377	1689	2017	2328	2181	2820	2640	2722	3247	2804	3148	3116	2886	3116	2624	2935	2410	2476	2312	1754	1771	1508	918	803	475	0	
V2
0	1232	1680	1888	1856	1280	1392	1536	1648	1232	1776	1408	1392	1824	1344	1664	1664	1456	1792	1392	1888	1504	1824	1920	1488	1920	1968	1472	1808	1744	1392	
1232	0	544	912	1120	1024	1328	1648	1952	1824	2448	2288	2384	2912	2512	2880	2896	2688	2960	2496	2864	2368	2496	2384	1840	1936	1728	1120	1088	784	320	
1680	544	0	416	736	992	1280	1616	1968	1968	2560	2496	2656	3216	2880	3280	3328	3152	3456	3008	3392	2912	3040	2912	2368	2432	2160	1584	1424	1056	688	
1888	912	416	0	384	880	1120	1440	1792	1904	2448	2464	2656	3216	2960	3376	3472	3344	3680	3264	3696	3232	3392	3296	2752	2832	2576	2000	1856	1472	1104	
1856	1120	736	384	0	640	816	1104	1456	1632	2128	2208	2432	2992	2784	3216	3344	3248	3632	3248	3712	3280	3504	3440	2912	3056	2832	2240	2160	1792	1376	
1280	1024	992	880	640	0	304	640	976	1024	1584	1584	1792	2352	2128	2560	2704	2624	3008	2672	3168	2784	3056	3056	2544	2800	2672	2064	2112	1808	1344	
1392	1328	1280	1120	816	304	0	336	672	816	1312	1392	1616	2176	2032	2480	2640	2608	3024	2720	3264	2896	3200	3248	2752	3056	2928	2336	2416	2112	1648	
1536	1648	1616	1440	1104	640	336	0	336	624	1024	1184	1456	1984	1920	2384	2576	2592	3040	2784	3344	3024	3360	3440	2976	3312	3216	2624	2736	2448	1968	
1648	1952	1968	1792	1456	976	672	336	0	496	704	944	1232	1744	1776	2208	2448	2512	2976	2784	3360	3088	3456	3584	3136	3504	3456	2864	3008	2752	2272	
1232	1824	1968	1904	1632	1024	816	624	496	0	608	576	816	1360	1296	1744	1968	2016	2464	2272	2864	2608	2992	3152	2720	3152	3136	2576	2800	2592	2128	
1776	2448	2560	2448	2128	1584	1312	1024	704	608	0	480	752	1120	1328	1728	2032	2176	2656	2576	3184	3008	3440	3632	3248	3712	3728	3184	3424	3216	2752	
1408	2288	2496	2464	2208	1584	1392	1184	944	576	480	0	288	800	864	1280	1552	1696	2160	2080	2688	2544	2976	3184	2848	3328	3392	2880	3168	3008	2576	
1392	2384	2656	2656	2432	1792	1616	1456	1232	816	752	288	0	560	576	992	1264	1424	1888	1856	2464	2352	2800	3040	2736	3248	3344	2864	3184	3056	2656	
1824	2912	3216	3216	2992	2352	2176	1984	1744	1360	1120	800	560	0	576	736	1072	1376	1792	1920	2480	2480	2960	3248	3024	3568	3728	3296	3648	3552	3168	
1344	2512	2880	2960	2784	2128	2032	1920	1776	1296	1328	864	576	576	0	448	688	864	1328	1360	1952	1904	2384	2672	2448	2992	3152	2768	3136	3088	2736	
1664	2880	3280	3376	3216	2560	2480	2384	2208	1744	1728	1280	992	736	448	0	336	656	1056	1248	1776	1856	2336	2672	2544	3104	3328	2992	3408	3392	3072	
1664	2896	3328	3472	3344	2704	2640	2576	2448	1968	2032	1552	1264	1072	688	336	0	368	720	960	1456	1584	2064	2416	2336	2896	3152	2864	3312	3328	3040	
1456	2688	3152	3344	3248	2624	2608	2592	2512	2016	2176	1696	1424	1376	864	656	368	0	464	592	1104	1216	1680	2032	1968	2544	2800	2560	3008	3056	2816	
1792	2960	3456	3680	3632	3008	3024	3040	2976	2464	2656	2160	1888	1792	1328	1056	720	464	0	512	784	1072	1488	1872	1936	2496	2816	2656	3136	3248	3040	
1392	2496	3008	3264	3248	2672	2720	2784	2784	2272	2576	2080	1856	1920	1360	1248	960	592	512	0	592	624	1088	1440	1440	2000	2304	2144	2608	2736	2560	
1888	2864	3392	3696	3712	3168	3264	3344	3360	2864	3184	2688	2464	2480	1952	1776	1456	1104	784	592	0	512	768	1184	1408	1904	2272	2272	2752	2944	2864	
1504	2368	2912	3232	3280	2784	2896	3024	3088	2608	3008	2544	2352	2480	1904	1856	1584	1216	1072	624	512	0	464	816	912	1440	1776	1744	2224	2416	2352	
1824	2496	3040	3392	3504	3056	3200	3360	3456	2992	3440	2976	2800	2960	2384	2336	2064	1680	1488	1088	768	464	0	400	736	1152	1552	1664	2128	2384	2416	
1920	2384	2912	3296	3440	3056	3248	3440	3584	3152	3632	3184	3040	3248	2672	2672	2416	2032	1872	1440	1184	816	400	0	544	784	1200	1424	1856	2160	2256	
1488	1840	2368	2752	2912	2544	2752	2976	3136	2720	3248	2848	2736	3024	2448	2544	2336	1968	1936	1440	1408	912	736	544	0	560	864	928	1376	1648	1712	
1920	1936	2432	2832	3056	2800	3056	3312	3504	3152	3712	3328	3248	3568	2992	3104	2896	2544	2496	2000	1904	1440	1152	784	560	0	416	832	1168	1504	1728	
1968	1728	2160	2576	2832	2672	2928	3216	3456	3136	3728	3392	3344	3728	3152	3328	3152	2800	2816	2304	2272	1776	1552	1200	864	416	0	608	800	1168	1472	
1472	1120	1584	2000	2240	2064	2336	2624	2864	2576	3184	2880	2864	3296	2768	2992	2864	2560	2656	2144	2272	1744	1664	1424	928	832	608	0	480	720	896	
1808	1088	1424	1856	2160	2112	2416	2736	3008	2800	3424	3168	3184	3648	3136	3408	3312	3008	3136	2608	2752	2224	2128	1856	1376	1168	800	480	0	384	784	
1744	784	1056	1472	1792	1808	2112	2448	2752	2592	3216	3008	3056	3552	3088	3392	3328	3056	3248	2736	2944	2416	2384	2160	1648	1504	1168	720	384	0	464	
1392	320	688	1104	1376	1344	1648	1968	2272	2128	2752	2576	2656	3168	2736	3072	3040	2816	3040	2560	2864	2352	2416	2256	1712	1728	1472	896	784	464	0	
V3
0	970	1323	1486	1461	1008	1096	1209	1297	970	1398	1108	1096	1436	1058	1310	1310	1146	1411	1096	1486	1184	1436	1512	1171	1512	1549	1159	1423	1373	1096	
970	0	428	718	882	806	1045	1297	1537	1436	1927	1801	1877	2293	1978	2268	2280	2116	2331	1965	2255	1864	1965	1877	1449	1524	1360	882	856	617	252	
1323	428	0	327	579	781	1008	1272	1549	1549	2016	1965	2091	2532	2268	2583	2620	2482	2721	2368	2671	2293	2394	2293	1864	1915	1701	1247	1121	831	541	
1486	718	327	0	302	693	882	1134	1411	1499	1927	1940	2091	2532	2331	2658	2734	2633	2898	2570	2910	2545	2671	2595	2167	2230	2028	1575	1461	1159	869	
1461	882	579	302	0	504	642	869	1146	1285	1675	1738	1915	2356	2192	2532	2633	2557	2860	2557	2923	2583	2759	2709	2293	2406	2230	1764	1701	1411	1083	
1008	806	781	693	504	0	239	504	768	806	1247	1247	1411	1852	1675	2016	2129	2066	2368	2104	2494	2192	2406	2406	2003	2205	2104	1625	1663	1423	1058	
1096	1045	1008	882	642	239	0	264	529	642	1033	1096	1272	1713	1600	1953	2079	2053	2381	2142	2570	2280	2520	2557	2167	2406	2305	1839	1902	1663	1297	
1209	1297	1272	1134	869	504	264	0	264	491	806	932	1146	1562	1512	1877	2028	2041	2394	2192	2633	2381	2646	2709	2343	2608	2532	2066	2154	1927	1549	
1297	1537	1549	1411	1146	768	529	264	0	390	554	743	970	1373	1398	1738	1927	1978	2343	2192	2646	2431	2721	2822	2469	2759	2721	2255	2368	2167	1789	
970	1436	1549	1499	1285	806	642	491	390	0	478	453	642	1071	1020	1373	1549	1587	1940	1789	2255	2053	2356	2482	2142	2482	2469	2028	2205	2041	1675	
1398	1927	2016	1927	1675	1247	1033	806	554	478	0	378	592	882	1045	1360	1600	1713	2091	2028	2507	2368	2709	2860	2557	2923	2935	2507	2696	2532	2167	
1108	1801	1965	1940	1738	1247	1096	932	743	453	378	0	226	630	680	1008	1222	1335	1701	1638	2116	2003	2343	2507	2242	2620	2671	2268	2494	2368	2028	
1096	1877	2091	2091	1915	1411	1272	1146	970	642	592	226	0	441	453	781	995	1121	1486	1461	1940	1852	2205	2394	2154	2557	2633	2255	2507	2406	2091	
1436	2293	2532	2532	2356	1852	1713	1562	1373	1071	882	630	441	0	453	579	844	1083	1411	1512	1953	1953	2331	2557	2381	2809	2935	2595	2872	2797	2494	
1058	1978	2268	2331	2192	1675	1600	1512	1398	1020	1045	680	453	453	0	352	541	680	1045	1071	1537	1499	1877	2104	1927	2356	2482	2179	2469	2431	2154	
1310	2268	2583	2658	2532	2016	1953	1877	1738	1373	1360	1008	781	579	352	0	264	516	831	982	1398	1461	1839	2104	2003	2444	2620	2356	2683	2671	2419	
1310	2280	2620	2734	2633	2129	2079	2028	1927	1549	1600	1222	995	844	541	264	0	289	567	756	1146	1247	1625	1902	1839	2280	2482	2255	2608	2620	2394	
1146	2116	2482	2633	2557	2066	2053	2041	1978	1587	1713	1335	1121	1083	680	516	289	0	365	466	869	957	1323	1600	1549	2003	2205	2016	2368	2406	2217	
1411	2331	2721	2898	2860	2368	2381	2394	2343	1940	2091	1701	1486	1411	1045	831	567	365	0	403	617	844	1171	1474	1524	1965	2217	2091	2469	2557	2394	
1096	1965	2368	2570	2557	2104	2142	2192	2192	1789	2028	1638	1461	1512	1071	982	756	466	403	0	466	491	856	1134	1134	1575	1814	1688	2053	2154	2016	
1486	2255	2671	2910	2923	2494	2570	2633	2646	2255	2507	2116	1940	1953	1537	1398	1146	869	617	466	0	403	604	932	1108	1499	1789	1789	2167	2318	2255	
1184	1864	2293	2545	2583	2192	2280	2381	2431	2053	2368	2003	1852	1953	1499	1461	1247	957	844	491	403	0	365	642	718	1134	1398	1373	1751	1902	1852	
1436	1965	2394	2671	2759	2406	2520	2646	2721	2356	2709	2343	2205	2331	1877	1839	1625	1323	1171	856	604	365	0	315	579	907	1222	1310	1675	1877	1902	
1512	1877	2293	2595	2709	2406	2557	2709	2822	2482	2860	2507	2394	2557	2104	2104	1902	1600	1474	1134	932	642	315	0	428	617	945	1121	1461	1701	1776	
1171	1449	1864	2167	2293	2003	2167	2343	2469	2142	2557	2242	2154	2381	1927	2003	1839	1549	1524	1134	1108	718	579	428	0	441	680	730	1083	1297	1348	
1512	1524	1915	2230	2406	2205	2406	2608	2759	2482	2923	2620	2557	2809	2356	2444	2280	2003	1965	1575	1499	1134	907	617	441	0	327	655	919	1184	1360	
1549	1360	1701	2028	2230	2104	2305	2532	2721	2469	2935	2671	2633	2935	2482	2620	2482	2205	2217	1814	1789	1398	1222	945	680	327	0	478	630	919	1159	
1159	882	1247	1575	1764	1625	1839	2066	2255	2028	2507	2268	2255	2595	2179	2356	2255	2016	2091	1688	1789	1373	1310	1121	730	655	478	0	378	567	705	
1423	856	1121	1461	1701	1663	1902	2154	2368	2205	2696	2494	2507	2872	2469	2683	2608	2368	2469	2053	2167	1751	1675	1461	1083	919	630	378	0	302	617	
1373	617	831	1159	1411	1423	1663	1927	2167	2041	2532	2368	2406	2797	2431	2671	2620	2406	2557	2154	2318	1902	1877	1701	1297	1184	919	567	302	0	365	
1096	252	541	869	1083	1058	1297	1549	1789	1675	2167	2028	2091	2494	2154	2419	2394	2217	2394	2016	2255	1852	1902	1776	1348	1360	1159	705	617	365	0	
V4
0	1694	2310	2596	2552	1760	1914	2112	2266	1694	2442	1936	1914	2508	1848	2288	2288	2002	2464	1914	2596	2068	2508	2640	2046	2640	2706	2024	2486	2398	1914	
1694	0	748	1254	1540	1408	1826	2266	2684	2508	3366	3146	3278	4004	3454	3960	3982	3696	4070	3432	3938	3256	3432	3278	2530	2662	2376	1540	1496	1078	440	
2310	748	0	572	1012	1364	1760	2222	2706	2706	3520	3432	3652	4422	3960	4510	4576	4334	4752	4136	4664	4004	4180	4004	3256	3344	2970	2178	1958	1452	946	
2596	1254	572	0	528	1210	1540	1980	2464	2618	3366	3388	3652	4422	4070	4642	4774	4598	5060	4488	5082	4444	4664	4532	3784	3894	3542	2750	2552	2024	1518	
2552	1540	1012	528	0	880	1122	1518	2002	2244	2926	3036	3344	4114	3828	4422	4598	4466	4994	4466	5104	4510	4818	4730	4004	4202	3894	3080	2970	2464	1892	
1760	1408	1364	1210	880	0	418	880	1342	1408	2178	2178	2464	3234	2926	3520	3718	3608	4136	3674	4356	3828	4202	4202	3498	3850	3674	2838	2904	2486	1848	
1914	1826	1760	1540	1122	418	0	462	924	1122	1804	1914	2222	2992	2794	3410	3630	3586	4158	3740	4488	3982	4400	4466	3784	4202	4026	3212	3322	2904	2266	
2112	2266	2222	1980	1518	880	462	0	462	858	1408	1628	2002	2728	2640	3278	3542	3564	4180	3828	4598	4158	4620	4730	4092	4554	4422	3608	3762	3366	2706	
2266	2684	2706	2464	2002	1342	924	462	0	682	968	1298	1694	2398	2442	3036	3366	3454	4092	3828	4620	4246	4752	4928	4312	4818	4752	3938	4136	3784	3124	
1694	2508	2706	2618	2244	1408	1122	858	682	0	836	792	1122	1870	1782	2398	2706	2772	3388	3124	3938	3586	4114	4334	3740	4334	4312	3542	3850	3564	2926	
2442	3366	3520	3366	2926	2178	1804	1408	968	836	0	660	1034	1540	1826	2376	2794	2992	3652	3542	4378	4136	4730	4994	4466	5104	5126	4378	4708	4422	3784	
1936	3146	3432	3388	3036	2178	1914	1628	1298	792	660	0	396	1100	1188	1760	2134	2332	2970	2860	3696	3498	4092	4378	3916	4576	4664	3960	4356	4136	3542	
1914	3278	3652	3652	3344	2464	2222	2002	1694	1122	1034	396	0	770	792	1364	1738	1958	2596	2552	3388	3234	3850	4180	3762	4466	4598	3938	4378	4202	3652	
2508	4004	4422	4422	4114	3234	2992	2728	2398	1870	1540	1100	770	0	792	1012	1474	1892	2464	2640	3410	3410	4070	4466	4158	4906	5126	4532	5016	4884	4356	
1848	3454	3960	4070	3828	2926	2794	2640	2442	1782	1826	1188	792	792	0	616	946	1188	1826	1870	2684	2618	3278	3674	3366	4114	4334	3806	4312	4246	3762	
2288	3960	4510	4642	4422	3520	3410	3278	3036	2398	2376	1760	1364	1012	616	0	462	902	1452	1716	2442	2552	3212	3674	3498	4268	4576	4114	4686	4664	4224	
2288	3982	4576	4774	4598	3718	3630	3542	3366	2706	2794	2134	1738	1474	946	462	0	506	990	1320	2002	2178	2838	3322	3212	3982	4334	3938	4554	4576	4180	
2002	3696	4334	4598	4466	3608	3586	3564	3454	2772	2992	2332	1958	1892	1188	902	506	0	638	814	1518	1672	2310	2794	2706	3498	3850	3520	4136	4202	3872	
2464	4070	4752	5060	4994	4136	4158	4180	4092	3388	3652	2970	2596	2464	1826	1452	990	638	0	704	1078	1474	2046	2574	2662	3432	3872	3652	4312	4466	4180	
1914	3432	4136	4488	4466	3674	3740	3828	3828	3124	3542	2860	2552	2640	1870	1716	1320	814	704	0	814	858	1496	1980	1980	2750	3168	2948	3586	3762	3520	
2596	3938	4664	5082	5104	4356	4488	4598	4620	3938	4378	3696	3388	3410	2684	2442	2002	1518	1078	814	0	704	1056	1628	1936	2618	3124	3124	3784	4048	3938	
2068	3256	4004	4444	4510	3828	3982	4158	4246	3586	4136	3498	3234	3410	2618	2552	2178	1672	1474	858	704	0	638	1122	1254	1980	2442	2398	3058	3322	3234	
2508	3432	4180	4664	4818	4202	4400	4620	4752	4114	4730	4092	3850	4070	3278	3212	2838	2310	2046	1496	1056	638	0	550	1012	1584	2134	2288	2926	3278	3322	
2640	3278	4004	4532	4730	4202	4466	4730	4928	4334	4994	4378	4180	4466	3674	3674	3322	2794	2574	1980	1628	1122	550	0	748	1078	1650	1958	2552	2970	3102	
2046	2530	3256	3784	4004	3498	3784	4092	4312	3740	4466	3916	3762	4158	3366	3498	3212	2706	2662	1980	1936	1254	1012	748	0	770	1188	1276	1892	2266	2354	
2640	2662	3344	3894	4202	3850	4202	4554	4818	4334	5104	4576	4466	4906	4114	4268	3982	3498	3432	2750	2618	1980	1584	1078	770	0	572	1144	1606	2068	2376	
2706	2376	2970	3542	3894	3674	4026	4422	4752	4312	5126	4664	4598	5126	4334	4576	4334	3850	3872	3168	3124	2442	2134	1650	1188	572	0	836	1100	1606	2024	
2024	1540	2178	2750	3080	2838	3212	3608	3938	3542	4378	3960	3938	4532	3806	4114	3938	3520	3652	2948	3124	2398	2288	1958	1276	1144	836	0	660	990	1232	
2486	1496	1958	2552	2970	2904	3322	3762	4136	3850	4708	4356	4378	5016	4312	4686	4554	4136	4312	3586	3784	3058	2926	2552	1892	1606	1100	660	0	528	1078	
2398	1078	1452	2024	2464	2486	2904	3366	3784	3564	4422	4136	4202	4884	4246	4664	4576	4202	4466	3762	4048	3322	3278	2970	2266	2068	1606	990	528	0	638	
1914	440	946	1518	1892	1848	2266	2706	3124	2926	3784	3542	3652	4356	3762	4224	4180	3872	4180	3520	3938	3234	3322	3102	2354	2376	2024	1232	1078	638	0	
V5
0	877	1197	1345	1322	912	991	1094	1174	877	1265	1003	991	1299	957	1185	1185	1037	1276	991	1345	1071	1299	1368	1060	1368	1402	1048	1288	1242	991	
877	0	387	649	798	729	946	1174	1390	1299	1744	1630	1698	2074	1789	2052	2063	1915	2109	1778	2040	1687	1778	1698	1311	1379	1231	798	775	558	228	
1197	387	0	296	524	706	912	1151	1402	1402	1824	1778	1892	2291	2052	2337	2371	2245	2462	2143	2416	2074	2166	2074	1687	1732	1539	1128	1014	752	490	
1345	649	296	0	273	627	798	1026	1276	1356	1744	1755	1892	2291	2109	2405	2473	2382	2622	2325	2633	2302	2416	2348	1960	2017	1835	1425	1322	1048	786	
1322	798	524	273	0	456	581	786	1037	1162	1516	1573	1732	2131	1983	2291	2382	2314	2587	2314	2644	2337	2496	2451	2074	2177	2017	1596	1539	1276	980	
912	729	706	627	456	0	216	456	695	729	1128	1128	1276	1675	1516	1824	1926	1869	2143	1903	2257	1983	2177	2177	1812	1995	1903	1470	1504	1288	957	
991	946	912	798	581	216	0	239	478	581	934	991	1151	1550	1447	1767	1881	1858	2154	1938	2325	2063	2280	2314	1960	2177	2086	1664	1721	1504	1174	
1094	1174	1151	1026	786	456	239	0	239	444	729	843	1037	1413	1368	1698	1835	1846	2166	1983	2382	2154	2394	2451	2120	2359	2291	1869	1949	1744	1402	
1174	1390	1402	1276	1037	695	478	239	0	353	501	672	877	1242	1265	1573	1744	1789	2120	1983	2394	2200	2462	2553	2234	2496	2462	2040	2143	1960	1618	
877	1299	1402	1356	1162	729	581	444	353	0	433	410	581	969	923	1242	1402	1436	1755	1618	2040	1858	2131	2245	1938	2245	2234	1835	1995	1846	1516	
1265	1744	1824	1744	1516	1128	934	729	501	433	0	342	535	798	946	1231	1447	1550	1892	1835	2268	2143	2451	2587	2314	2644	2656	2268	2439	2291	1960	
1003	1630	1778	1755	1573	1128	991	843	672	410	342	0	205	570	615	912	1105	1208	1539	1482	1915	1812	2120	2268	2029	2371	2416	2052	2257	2143	1835	
991	1698	1892	1892	1732	1276	1151	1037	877	581	535	205	0	399	410	706	900	1014	1345	1322	1755	1675	1995	2166	1949	2314	2382	2040	2268	2177	1892	
1299	2074	2291	2291	2131	1675	1550	1413	1242	969	798	570	399	0	410	524	763	980	1276	1368	1767	1767	2109	2314	2154	2542	2656	2348	2599	2530	2257	
957	1789	2052	2109	1983	1516	1447	1368	1265	923	946	615	410	410	0	319	490	615	946	969	1390	1356	1698	1903	1744	2131	2245	1972	2234	2200	1949	
1185	2052	2337	2405	2291	1824	1767	1698	1573	1242	1231	912	706	524	319	0	239	467	752	889	1265	1322	1664	1903	1812	2211	2371	2131	2428	2416	2188	
1185	2063	2371	2473	2382	1926	1881	1835	1744	1402	1447	1105	900	763	490	239	0	262	513	684	1037	1128	1470	1721	1664	2063	2245	2040	2359	2371	2166	
1037	1915	2245	2382	2314	1869	1858	1846	1789	1436	1550	1208	1014	980	615	467	262	0	330	421	786	866	1197	1447	1402	1812	1995	1824	2143	2177	2006	
1276	2109	2462	2622	2587	2143	2154	2166	2120	1755	1892	1539	1345	1276	946	752	513	330	0	364	558	763	1060	1333	1379	1778	2006	1892	2234	2314	2166	
991	1778	2143	2325	2314	1903	1938	1983	1983	1618	1835	1482	1322	1368	969	889	684	421	364	0	421	444	775	1026	1026	1425	1641	1527	1858	1949	1824	
1345	2040	2416	2633	2644	2257	2325	2382	2394	2040	2268	1915	1755	1767	1390	1265	1037	786	558	421	0	364	547	843	1003	1356	1618	1618	1960	2097	2040	
1071	1687	2074	2302	2337	1983	2063	2154	2200	1858	2143	1812	1675	1767	1356	1322	1128	866	763	444	364	0	330	581	649	1026	1265	1242	1584	1721	1675	
1299	1778	2166	2416	2496	2177	2280	2394	2462	2131	2451	2120	1995	2109	1698	1664	1470	1197	1060	775	547	330	0	285	524	820	1105	1185	1516	1698	1721	
1368	1698	2074	2348	2451	2177	2314	2451	2553	2245	2587	2268	2166	2314	1903	1903	1721	1447	1333	1026	843	581	285	0	387	558	855	1014	1322	1539	1607	
1060	1311	1687	1960	2074	1812	1960	2120	2234	1938	2314	2029	1949	2154	1744	1812	1664	1402	1379	1026	1003	649	524	387	0	399	615	661	980	1174	1219	
1368	1379	1732	2017	2177	1995	2177	2359	2496	2245	2644	2371	2314	2542	2131	2211	2063	1812	1778	1425	1356	1026	820	558	399	0	296	592	832	1071	1231	
1402	1231	1539	1835	2017	1903	2086	2291	2462	2234	2656	2416	2382	2656	2245	2371	2245	1995	2006	1641	1618	1265	1105	855	615	296	0	433	570	832	1048	
1048	798	1128	1425	1596	1470	1664	1869	2040	1835	2268	2052	2040	2348	1972	2131	2040	1824	1892	1527	1618	1242	1185	1014	661	592	433	0	342	513	638	
1288	775	1014	1322	1539	1504	1721	1949	2143	1995	2439	2257	2268	2599	2234	2428	2359	2143	2234	1858	1960	1584	1516	1322	980	832	570	342	0	273	558	
1242	558	752	1048	1276	1288	1504	1744	1960	1846	2291	2143	2177	2530	2200	2416	2371	2177	2314	1949	2097	1721	1698	1539	1174	1071	832	513	273	0	330	
991	228	490	786	980	957	1174	1402	1618	1516	1960	1835	1892	2257	1949	2188	2166	2006	2166	1824	2040	1675	1721	1607	1219	1231	1048	638	558	330	0	
V6
0	1232	1680	1888	1856	1280	1392	1536	1648	1232	1776	1408	1392	1824	1344	1664	1664	1456	1792	1392	1888	1504	1824	1920	1488	1920	1968	1472	1808	1744	1392	
1232	0	544	912	1120	1024	1328	1648	1952	1824	2448	2288	2384	2912	2512	2880	2896	2688	2960	2496	2864	2368	2496	2384	1840	1936	1728	1120	1088	784	320	
1680	544	0	416	736	992	1280	1616	1968	1968	2560	2496	2656	3216	2880	3280	3328	3152	3456	3008	3392	2912	3040	2912	2368	2432	2160	1584	1424	1056	688	
1888	912	416	0	384	880	1120	1440	1792	1904	2448	2464	2656	3216	2960	3376	3472	3344	3680	3264	3696	3232	3392	3296	2752	2832	2576	2000	1856	1472	1104	
1856	1120	736	384	0	640	816	1104	1456	1632	2128	2208	2432	2992	2784	3216	3344	3248	3632	3248	3712	3280	3504	3440	2912	3056	2832	2240	2160	1792	1376	
1280	1024	992	880	640	0	304	640	976	1024	1584	1584	1792	2352	2128	2560	2704	2624	3008	2672	3168	2784	3056	3056	2544	2800	2672	2064	2112	1808	1344	
1392	1328	1280	1120	816	304	0	336	672	816	1312	1392	1616	2176	2032	2480	2640	2608	3024	2720	3264	2896	3200	3248	2752	3056	2928	2336	2416	2112	1648	
1536	1648	1616	1440	1104	640	336	0	336	624	1024	1184	1456	1984	1920	2384	2576	2592	3040	2784	3344	3024	3360	3440	2976	3312	3216	2624	2736	2448	1968	
1648	1952	1968	1792	1456	976	672	336	0	496	704	944	1232	1744	1776	2208	2448	2512	2976	2784	3360	3088	3456	3584	3136	3504	3456	2864	3008	2752	2272	
1232	1824	1968	1904	1632	1024	816	624	496	0	608	576	816	1360	1296	1744	1968	2016	2464	2272	2864	2608	2992	3152	2720	3152	3136	2576	2800	2592	2128	
1776	2448	2560	2448	2128	1584	1312	1024	704	608	0	480	752	1120	1328	1728	2032	2176	2656	2576	3184	3008	3440	3632	3248	3712	3728	3184	3424	3216	2752	
1408	2288	2496	2464	2208	1584	1392	1184	944	576	480	0	288	800	864	1280	1552	1696	2160	2080	2688	2544	2976	3184	2848	3328	3392	2880	3168	3008	2576	
1392	2384	2656	2656	2432	1792	1616	1456	1232	816	752	288	0	560	576	992	1264	1424	1888	1856	2464	2352	2800	3040	2736	3248	3344	2864	3184	3056	2656	
1824	2912	3216	3216	2992	2352	2176	1984	1744	1360	1120	800	560	0	576	736	1072	1376	1792	1920	2480	2480	2960	3248	3024	3568	3728	3296	3648	3552	3168	
1344	2512	2880	2960	2784	2128	2032	1920	1776	1296	1328	864	576	576	0	448	688	864	1328	1360	1952	1904	2384	2672	2448	2992	3152	2768	3136	3088	2736	
1664	2880	3280	3376	3216	2560	2480	2384	2208	1744	1728	1280	992	736	448	0	336	656	1056	1248	1776	1856	2336	2672	2544	3104	3328	2992	3408	3392	3072	
1664	2896	3328	3472	3344	2704	2640	2576	2448	1968	2032	1552	1264	1072	688	336	0	368	720	960	1456	1584	2064	2416	2336	2896	3152	2864	3312	3328	3040	
1456	2688	3152	3344	3248	2624	2608	2592	2512	2016	2176	1696	1424	1376	864	656	368	0	464	592	1104	1216	1680	2032	1968	2544	2800	2560	3008	3056	2816	
1792	2960	3456	3680	3632	3008	3024	3040	2976	2464	2656	2160	1888	1792	1328	1056	720	464	0	512	784	1072	1488	1872	1936	2496	2816	2656	3136	3248	3040	
1392	2496	3008	3264	3248	2672	2720	2784	2784	2272	2576	2080	1856	1920	1360	1248	960	592	512	0	592	624	1088	1440	1440	2000	2304	2144	2608	2736	2560	
1888	2864	3392	3696	3712	3168	3264	3344	3360	2864	3184	2688	2464	2480	1952	1776	1456	1104	784	592	0	512	768	1184	1408	1904	2272	2272	2752	2944	2864	
1504	2368	2912	3232	3280	2784	2896	3024	3088	2608	3008	2544	2352	2480	1904	1856	1584	1216	1072	624	512	0	464	816	912	1440	1776	1744	2224	2416	2352	
1824	2496	3040	3392	3504	3056	3200	3360	3456	2992	3440	2976	2800	2960	2384	2336	2064	1680	1488	1088	768	464	0	400	736	1152	1552	1664	2128	2384	2416	
