M: 2
N: 30
Nun_Veiculos: 12
Capacidade_Total: 924
Demanda_Total: 604
Setup_Min: 1
Setup_Max: 9
Raio: 100
Circulos: 1
Tempo_Processamento_Min: 1
Tempo_Processamento_Max: 49
Demanda_Min: 10
Demanda_Max: 30
Priority_Factor: 0.2
Range_Factor_R: 0.8
U_factor: 2
ALpha: 0.2Replicao: 2
Tempos_Processamentos
0	0	1	0	
0	12	1	21	
0	21	1	24	
0	27	1	42	
0	37	1	27	
0	3	1	34	
0	4	1	10	
0	31	1	6	
0	12	1	13	
0	3	1	15	
0	30	1	18	
0	17	1	31	
0	7	1	41	
0	31	1	34	
0	2	1	15	
0	41	1	26	
0	38	1	25	
0	30	1	8	
0	13	1	12	
0	29	1	17	
0	39	1	32	
0	17	1	17	
0	12	1	9	
0	38	1	35	
0	34	1	30	
0	25	1	48	
0	24	1	14	
0	47	1	15	
0	30	1	38	
0	6	1	30	
0	6	1	36	

Tempos_setup
M0
0	0	0	0	0	0	0	0	0	0	0	0	0	0	0	0	0	0	0	0	0	0	0	0	0	0	0	0	0	0	0	
0	0	3	2	2	3	3	1	3	2	3	4	2	3	3	3	3	2	3	2	4	3	2	4	3	3	2	2	2	1	2	
0	3	0	4	3	4	1	4	1	3	2	4	2	3	3	3	2	3	2	4	4	3	3	3	3	3	4	3	4	2	3	
0	2	1	0	2	2	2	1	2	2	2	3	2	1	3	3	3	2	3	2	3	3	3	3	2	2	1	2	2	3	1	
0	4	3	2	0	4	3	1	3	3	2	5	4	3	4	3	3	3	4	2	4	4	4	4	4	3	2	4	2	4	3	
0	2	3	2	3	0	1	3	3	3	2	1	2	3	3	1	3	2	1	3	2	2	1	2	2	2	2	1	2	3	3	
0	4	4	3	2	3	0	3	3	2	1	4	1	2	3	3	2	4	3	3	4	2	3	3	3	2	3	2	3	3	2	
0	3	2	1	3	3	2	0	2	3	3	4	3	2	3	2	2	3	3	1	3	3	4	3	3	3	2	3	1	3	2	
0	2	1	3	2	3	2	3	0	2	3	3	2	3	3	3	3	2	1	3	4	3	2	4	2	3	4	2	4	1	4	
0	3	2	3	1	1	2	2	3	0	1	2	3	3	4	2	4	3	2	3	3	2	2	2	3	3	3	2	3	3	2	
0	4	3	2	2	2	1	3	4	1	0	3	2	3	4	2	3	3	3	4	3	3	3	3	4	3	2	2	3	2	1	
0	4	4	3	3	4	3	4	3	3	4	0	3	2	3	3	3	2	3	3	4	2	4	4	3	2	1	1	2	2	4	
0	3	3	3	1	3	3	2	2	2	3	3	0	1	3	3	2	3	3	2	3	3	2	3	2	1	2	2	2	3	4	
0	3	2	3	2	2	3	2	1	1	2	3	1	0	4	2	3	3	2	3	2	3	3	2	1	2	2	3	3	2	3	
0	3	3	3	3	3	3	3	2	2	3	3	2	3	0	2	3	3	2	2	3	1	1	1	3	1	2	3	2	2	4	
0	2	3	3	2	3	1	3	2	2	1	2	1	2	3	0	2	4	3	3	1	3	3	2	3	2	3	3	1	3	2	
0	3	2	3	3	3	2	2	1	2	2	2	2	3	1	1	0	3	2	3	2	2	2	1	3	2	3	3	2	2	3	
0	3	2	1	2	3	3	2	2	2	3	4	2	2	1	3	3	0	3	3	4	2	2	2	3	2	2	2	3	1	2	
0	1	2	2	3	4	3	2	3	3	3	4	3	3	2	2	3	1	0	2	3	3	3	3	1	3	3	2	3	2	3	
0	3	2	2	3	4	2	1	1	3	2	3	2	3	2	1	2	2	2	0	2	2	3	3	3	3	3	3	1	2	3	
0	1	3	3	3	4	4	2	2	3	4	1	3	3	3	3	4	3	3	2	0	3	3	4	4	3	2	2	3	2	3	
0	4	3	2	3	4	2	3	3	4	3	4	2	3	3	3	2	2	4	4	4	0	4	3	4	3	3	4	1	3	3	
0	2	2	2	3	4	3	3	3	3	2	5	4	3	3	3	4	2	1	3	4	3	0	4	2	4	3	3	4	3	3	
0	3	3	3	2	2	2	3	3	1	2	3	2	3	3	1	3	2	3	2	2	3	3	0	4	3	4	3	2	3	3	
0	2	3	2	3	4	2	1	3	3	2	3	2	3	3	1	2	2	4	2	2	3	4	3	0	3	3	3	2	3	3	
0	2	2	3	3	2	3	2	1	3	3	2	2	3	3	2	3	2	2	1	3	3	3	4	2	0	1	3	2	2	4	
0	4	3	2	3	4	2	3	3	3	3	4	2	2	2	2	2	1	4	4	3	3	3	3	3	3	0	3	1	2	3	
0	3	3	3	3	3	3	3	2	4	4	3	3	4	4	3	3	3	2	2	4	1	4	4	3	1	2	0	2	3	4	
0	4	3	4	3	4	1	3	2	3	2	3	2	3	2	2	1	4	3	3	3	3	3	2	4	2	3	3	0	3	3	
0	4	3	2	1	2	3	2	2	1	2	3	1	2	2	3	2	1	3	3	4	2	3	3	3	2	3	1	3	0	3	
0	3	3	3	3	2	3	2	3	3	2	3	2	3	5	3	4	4	3	3	2	2	2	4	4	2	3	1	3	4	0	
M1
0	0	0	0	0	0	0	0	0	0	0	0	0	0	0	0	0	0	0	0	0	0	0	0	0	0	0	0	0	0	0	
0	0	3	2	2	2	1	2	2	3	3	3	2	2	1	1	1	2	3	1	2	2	1	2	2	2	3	2	2	3	2	
0	4	0	3	2	3	2	3	2	2	2	1	3	2	1	2	1	3	3	4	2	1	1	2	3	2	3	3	2	2	1	
0	4	1	0	3	3	2	3	3	2	3	1	2	3	2	3	1	3	3	3	2	2	2	3	4	2	4	3	2	2	2	
0	2	3	2	0	1	3	3	3	1	3	3	3	3	3	2	3	2	2	3	3	2	3	1	4	2	3	2	1	3	3	
0	4	2	1	4	0	3	4	3	3	3	2	2	2	3	1	2	2	4	3	3	2	3	3	4	3	5	3	2	3	2	
0	3	2	3	2	2	0	1	1	3	2	3	3	3	1	2	3	1	3	4	4	2	3	3	3	2	4	1	3	2	3	
0	3	1	3	1	2	3	0	3	2	3	2	4	2	2	3	2	3	3	4	3	2	2	2	3	1	3	2	2	3	2	
0	2	3	3	2	2	3	3	0	3	2	3	4	2	2	1	2	4	4	3	3	2	3	3	4	3	5	1	3	3	2	
0	3	4	3	3	2	3	4	3	0	3	3	2	3	3	3	3	4	1	3	4	2	2	3	4	3	2	3	4	2	4	
0	3	1	1	3	3	2	3	1	3	0	2	3	3	2	2	1	3	3	4	3	2	2	3	4	3	4	2	2	2	2	
0	4	4	3	3	2	3	4	3	3	4	0	3	3	3	3	3	3	2	4	1	3	2	2	3	2	3	2	3	1	2	
0	2	3	2	2	3	3	3	3	3	2	3	0	2	2	3	3	2	3	1	3	2	2	1	2	3	3	3	2	3	4	
0	4	3	3	3	3	3	4	3	1	2	4	3	0	4	3	3	3	2	3	1	3	2	2	3	3	3	4	4	3	4	
0	4	3	3	2	3	3	4	3	2	2	2	3	2	0	2	3	3	3	4	3	1	4	2	2	1	3	4	3	3	3	
0	4	3	2	3	1	2	3	2	2	2	2	3	1	3	0	3	3	3	4	2	1	3	2	4	4	4	3	3	3	1	
0	4	3	3	3	3	1	2	2	2	2	2	3	4	2	3	0	2	3	4	3	3	3	4	4	3	4	2	4	3	3	
0	3	2	2	3	2	3	4	1	2	1	2	2	3	3	2	2	0	2	3	3	1	3	2	4	2	3	2	3	1	3	
0	2	3	3	2	2	3	4	3	2	2	2	1	2	2	2	2	3	0	2	3	1	1	2	3	2	1	2	3	1	3	
0	3	2	1	2	2	3	3	3	2	2	2	3	1	1	2	2	2	2	0	2	1	1	1	1	2	3	2	1	3	3	
0	3	3	3	2	3	2	3	3	3	3	3	2	2	3	2	2	2	1	3	0	2	1	1	2	3	2	3	3	2	3	
0	3	2	2	2	2	3	3	2	1	1	1	2	2	3	1	2	2	2	3	2	0	3	1	4	3	3	3	3	2	2	
0	3	3	3	1	2	2	3	2	2	3	3	2	1	3	3	1	2	3	3	2	3	0	2	4	3	2	3	2	3	4	
0	2	3	3	3	2	3	2	2	2	2	2	3	3	2	2	3	1	3	3	2	1	3	0	4	2	2	3	4	2	3	
0	3	4	3	2	2	4	5	4	1	3	3	2	3	3	3	3	4	1	2	4	2	2	3	0	3	2	3	3	2	4	
0	3	3	3	1	2	3	4	3	2	3	4	4	1	2	3	3	3	3	4	2	3	3	2	4	0	2	3	2	2	2	
0	1	3	2	2	1	2	3	3	3	4	3	3	2	2	2	2	3	3	2	3	3	1	3	3	2	0	3	2	4	2	
0	3	3	2	3	1	4	2	2	3	4	3	3	3	4	2	3	3	4	4	4	3	3	4	5	3	5	0	3	4	3	
0	2	2	1	2	1	3	3	3	2	2	2	3	2	3	2	2	3	3	3	2	1	3	2	4	1	3	1	0	3	3	
0	3	3	2	2	1	4	3	3	2	3	3	2	2	3	2	3	3	1	3	3	2	2	3	4	1	2	1	2	0	3	
0	3	3	4	3	3	1	2	1	1	3	3	3	2	2	2	3	2	2	4	2	2	3	3	4	3	3	2	4	3	0	
Tamanho_Tarefas
0	15	22	31	32	17	4	15	12	9	18	19	9	32	8	29	31	9	12	22	34	17	10	35	30	29	19	24	32	13	15	
Data_Entrega
0	402	278	302	323	422	246	412	233	379	268	242	249	235	427	401	404	386	299	392	435	263	360	262	315	436	352	257	314	246	232	
Penalidade_Atraso
0	7	7	9	15	8	4	19	13	1	18	19	18	14	16	12	10	16	1	20	5	7	19	15	3	9	1	6	12	2	16	
Capacidade_Veiculo
91	90	68	98	96	92	68	48	61	76	95	41	
Custo_Fixo_Veiculo
910	900	680	980	960	920	680	480	610	760	950	410	
Coordenadas_Clientes
x	0	y	0
x	77	y	0
x	100	y	21
x	78	y	34
x	75	y	54
x	59	y	66
x	41	y	72
x	26	y	80
x	7	y	74
x	-9	y	90
x	-38	y	116
x	-56	y	97
x	-64	y	72
x	-72	y	52
x	-106	y	47
x	-121	y	25
x	-122	y	0
x	-89	y	-18
x	-95	y	-42
x	-82	y	-59
x	-59	y	-66
x	-37	y	-65
x	-30	y	-93
x	-8	y	-80
x	8	y	-77
x	25	y	-78
x	40	y	-69
x	52	y	-58
x	98	y	-71
x	70	y	-31
x	88	y	-18
Tempo_Viagem
0	77	102	85	92	88	82	84	74	90	122	112	96	88	115	123	122	90	103	101	88	74	97	80	77	81	79	77	121	76	89	
77	0	31	34	54	68	80	94	101	123	161	164	158	157	188	199	199	166	177	169	151	131	141	116	103	93	78	63	74	31	21	
102	31	0	25	41	60	77	94	106	128	166	173	171	174	207	221	222	192	204	198	181	161	172	147	134	124	108	92	92	60	40	
85	34	25	0	20	37	53	69	81	103	141	148	146	151	184	199	202	174	188	185	169	151	166	142	131	123	109	95	105	65	52	
92	54	41	20	0	20	38	55	70	91	128	137	140	147	181	198	204	179	195	193	179	163	180	157	147	141	127	114	125	85	72	
88	68	60	37	20	0	18	35	52	71	108	118	123	131	165	184	192	170	188	188	176	162	182	160	151	147	136	124	141	97	88	
82	80	77	53	38	18	0	17	34	53	90	100	105	114	148	168	178	158	177	179	170	156	179	159	152	150	141	130	153	107	101	
84	94	94	69	55	35	17	0	19	36	73	83	90	101	135	156	167	151	171	176	168	158	181	163	158	158	149	140	167	119	115	
74	101	106	81	70	52	34	19	0	22	60	67	71	82	116	137	148	132	154	160	154	145	171	154	151	153	146	139	170	122	122	
90	123	128	103	91	71	53	36	22	0	38	47	57	73	105	128	144	134	157	165	163	157	184	170	167	171	166	160	192	144	144	
122	161	166	141	128	108	90	73	60	38	0	26	51	72	96	122	143	143	167	180	183	181	209	198	198	203	200	195	230	182	182	
112	164	173	148	137	118	100	83	67	47	26	0	26	47	70	96	117	119	143	158	163	163	191	183	185	192	191	188	227	179	184	
96	158	171	146	140	123	105	90	71	57	51	26	0	21	48	73	92	93	117	132	138	139	167	161	165	174	175	173	216	169	176	
88	157	174	151	147	131	114	101	82	73	72	47	21	0	34	55	72	72	96	111	118	122	150	146	151	162	164	165	209	164	174	
115	188	207	184	181	165	148	135	116	105	96	70	48	34	0	26	49	67	89	108	122	131	159	160	168	181	186	189	235	191	204	
123	199	221	199	198	184	168	156	137	128	122	96	73	55	26	0	25	53	71	92	109	123	148	154	164	178	186	191	238	199	212	
122	199	222	202	204	192	178	167	148	144	143	117	92	72	49	25	0	37	49	70	91	107	130	139	150	165	175	183	230	194	210	
90	166	192	174	179	170	158	151	132	134	143	119	93	72	67	53	37	0	24	41	56	70	95	102	113	128	138	146	193	159	177	
103	177	204	188	195	188	177	171	154	157	167	143	117	96	89	71	49	24	0	21	43	62	82	94	108	125	137	147	194	165	184	
101	169	198	185	193	188	179	176	160	165	180	158	132	111	108	92	70	41	21	0	24	45	62	76	91	108	122	134	180	154	174	
88	151	181	169	179	176	170	168	154	163	183	163	138	118	122	109	91	56	43	24	0	22	39	52	67	84	99	111	157	133	154	
74	131	161	151	163	162	156	158	145	157	181	163	139	122	131	123	107	70	62	45	22	0	28	32	46	63	77	89	135	112	133	
97	141	172	166	180	182	179	181	171	184	209	191	167	150	159	148	130	95	82	62	39	28	0	25	41	57	73	88	129	117	139	
80	116	147	142	157	160	159	163	154	170	198	183	161	146	160	154	139	102	94	76	52	32	25	0	16	33	48	63	106	92	114	
77	103	134	131	147	151	152	158	151	167	198	185	165	151	168	164	150	113	108	91	67	46	41	16	0	17	32	47	90	77	99	
81	93	124	123	141	147	150	158	153	171	203	192	174	162	181	178	165	128	125	108	84	63	57	33	17	0	17	33	73	65	86	
79	78	108	109	127	136	141	149	146	166	200	191	175	164	186	186	175	138	137	122	99	77	73	48	32	17	0	16	58	48	69	
77	63	92	95	114	124	130	140	139	160	195	188	173	165	189	191	183	146	147	134	111	89	88	63	47	33	16	0	47	32	53	
121	74	92	105	125	141	153	167	170	192	230	227	216	209	235	238	230	193	194	180	157	135	129	106	90	73	58	47	0	48	53	
76	31	60	65	85	97	107	119	122	144	182	179	169	164	191	199	194	159	165	154	133	112	117	92	77	65	48	32	48	0	22	
89	21	40	52	72	88	101	115	122	144	182	184	176	174	204	212	210	177	184	174	154	133	139	114	99	86	69	53	53	22	0	
Custo_Viagem
V0
0	1401	1856	1547	1674	1601	1492	1528	1346	1638	2220	2038	1747	1601	2093	2238	2220	1638	1874	1838	1601	1346	1765	1456	1401	1474	1437	1401	2202	1383	1619	
1401	0	564	618	982	1237	1456	1710	1838	2256	2966	2984	2875	2857	3421	3621	3621	3021	3221	3075	2748	2384	2566	2111	1874	1692	1419	1146	1346	564	382	
1856	564	0	455	746	1092	1401	1710	1947	2347	3039	3148	3112	3166	3767	4022	4040	3494	3712	3603	3294	2930	3130	2675	2438	2256	1965	1674	1674	1092	728	
1547	618	455	0	364	673	964	1255	1474	1874	2584	2693	2657	2748	3348	3621	3676	3166	3421	3367	3075	2748	3021	2584	2384	2238	1983	1729	1929	1183	946	
1674	982	746	364	0	364	691	1001	1274	1656	2329	2493	2548	2675	3294	3603	3712	3257	3549	3512	3257	2966	3276	2857	2675	2566	2311	2074	2311	1547	1328	
1601	1237	1092	673	364	0	327	637	946	1310	1983	2165	2238	2384	3021	3348	3494	3094	3421	3421	3221	2948	3312	2912	2748	2675	2475	2256	2584	1765	1601	
1492	1456	1401	964	691	327	0	309	618	964	1638	1820	1911	2074	2711	3057	3239	2875	3221	3257	3094	2857	3257	2893	2766	2730	2566	2366	2784	1947	1838	
1528	1710	1710	1255	1001	637	309	0	345	655	1328	1510	1638	1838	2475	2839	3057	2748	3112	3203	3057	2875	3294	2966	2875	2875	2711	2548	3039	2165	2093	
1346	1838	1947	1474	1274	946	618	345	0	400	1110	1219	1292	1492	2111	2493	2693	2402	2802	2912	2802	2639	3112	2802	2748	2784	2657	2529	3112	2220	2220	
1638	2256	2347	1874	1656	1310	964	655	400	0	691	855	1037	1328	1929	2347	2620	2438	2857	3003	2966	2857	3348	3094	3039	3112	3021	2912	3512	2620	2639	
2220	2966	3039	2584	2329	1983	1638	1328	1110	691	0	473	928	1310	1747	2238	2602	2602	3039	3276	3330	3294	3803	3603	3603	3694	3640	3549	4204	3312	3330	
2038	2984	3148	2693	2493	2165	1820	1510	1219	855	473	0	473	855	1274	1765	2129	2165	2620	2875	2966	2966	3476	3330	3367	3494	3476	3421	4131	3257	3348	
1747	2875	3112	2657	2548	2238	1911	1638	1292	1037	928	473	0	382	873	1328	1674	1692	2147	2402	2511	2529	3057	2930	3003	3166	3185	3166	3931	3075	3203	
1601	2857	3166	2748	2675	2384	2074	1838	1492	1328	1310	855	382	0	618	1001	1310	1310	1747	2020	2147	2220	2730	2657	2748	2948	2984	3003	3803	2984	3166	
2093	3421	3767	3348	3294	3021	2711	2475	2111	1929	1747	1274	873	618	0	473	891	1219	1619	1965	2220	2384	2893	2912	3057	3294	3385	3439	4277	3494	3712	
2238	3621	4022	3621	3603	3348	3057	2839	2493	2347	2238	1765	1328	1001	473	0	455	964	1292	1674	2002	2238	2711	2802	2984	3239	3385	3476	4349	3621	3876	
2220	3621	4040	3676	3712	3494	3239	3057	2693	2620	2602	2129	1674	1310	891	455	0	673	891	1292	1656	1947	2366	2529	2748	3021	3203	3330	4204	3530	3822	
1638	3021	3494	3166	3257	3094	2875	2748	2402	2438	2602	2165	1692	1310	1219	964	673	0	436	746	1019	1274	1729	1856	2056	2329	2511	2657	3530	2893	3221	
1874	3221	3712	3421	3549	3421	3221	3112	2802	2857	3039	2620	2147	1747	1619	1292	891	436	0	382	782	1128	1492	1710	1965	2275	2493	2675	3549	3003	3348	
1838	3075	3603	3367	3512	3421	3257	3203	2912	3003	3276	2875	2402	2020	1965	1674	1292	746	382	0	436	819	1128	1383	1656	1965	2220	2438	3276	2802	3166	
1601	2748	3294	3075	3257	3221	3094	3057	2802	2966	3330	2966	2511	2147	2220	2002	1656	1019	782	436	0	400	709	946	1219	1528	1801	2020	2857	2420	2802	
1346	2384	2930	2748	2966	2948	2857	2875	2639	2857	3294	2966	2529	2220	2384	2238	1947	1274	1128	819	400	0	509	582	837	1146	1401	1619	2457	2038	2420	
1765	2566	3130	3021	3276	3312	3257	3294	3112	3348	3803	3476	3057	2730	2893	2711	2366	1729	1492	1128	709	509	0	455	746	1037	1346	1619	2347	2129	2529	
1456	2111	2675	2584	2857	2912	2893	2966	2802	3094	3603	3330	2930	2657	2912	2802	2529	1856	1710	1383	946	582	455	0	291	600	891	1146	1929	1674	2074	
1401	1874	2438	2384	2675	2748	2766	2875	2748	3039	3603	3367	3003	2748	3057	2984	2748	2056	1965	1656	1219	837	746	291	0	309	582	855	1638	1401	1801	
1474	1692	2256	2238	2566	2675	2730	2875	2784	3112	3694	3494	3166	2948	3294	3239	3021	2329	2275	1965	1528	1146	1037	600	309	0	309	600	1328	1183	1583	
1437	1419	1965	1983	2311	2475	2566	2711	2657	3021	3640	3476	3185	2984	3385	3385	3203	2511	2493	2220	1801	1401	1346	891	582	309	0	291	1055	873	1274	
1401	1146	1674	1729	2074	2256	2366	2548	2529	2912	3549	3421	3166	3003	3439	3476	3330	2657	2675	2438	2020	1619	1619	1146	855	600	291	0	855	582	964	
2202	1346	1674	1929	2311	2584	2784	3039	3112	3512	4204	4131	3931	3803	4277	4349	4204	3530	3549	3276	2857	2457	2347	1929	1638	1328	1055	855	0	873	964	
1383	564	1092	1183	1547	1765	1947	2165	2220	2620	3312	3257	3075	2984	3494	3621	3530	2893	3003	2802	2420	2038	2129	1674	1401	1183	873	582	873	0	400	
1619	382	728	946	1328	1601	1838	2093	2220	2639	3330	3348	3203	3166	3712	3876	3822	3221	3348	3166	2802	2420	2529	2074	1801	1583	1274	964	964	400	0	
V1
0	1386	1836	1530	1656	1584	1476	1512	1332	1620	2196	2016	1728	1584	2070	2214	2196	1620	1854	1818	1584	1332	1746	1440	1386	1458	1422	1386	2178	1368	1602	
1386	0	558	612	972	1224	1440	1692	1818	2232	2934	2952	2844	2826	3384	3582	3582	2988	3186	3042	2718	2358	2538	2088	1854	1674	1404	1134	1332	558	378	
1836	558	0	450	738	1080	1386	1692	1926	2322	3006	3114	3078	3132	3726	3978	3996	3456	3672	3564	3258	2898	3096	2646	2412	2232	1944	1656	1656	1080	720	
1530	612	450	0	360	666	954	1242	1458	1854	2556	2664	2628	2718	3312	3582	3636	3132	3384	3330	3042	2718	2988	2556	2358	2214	1962	1710	1908	1170	936	
1656	972	738	360	0	360	684	990	1260	1638	2304	2466	2520	2646	3258	3564	3672	3222	3510	3474	3222	2934	3240	2826	2646	2538	2286	2052	2286	1530	1314	
1584	1224	1080	666	360	0	324	630	936	1296	1962	2142	2214	2358	2988	3312	3456	3060	3384	3384	3186	2916	3276	2880	2718	2646	2448	2232	2556	1746	1584	
1476	1440	1386	954	684	324	0	306	612	954	1620	1800	1890	2052	2682	3024	3204	2844	3186	3222	3060	2826	3222	2862	2736	2700	2538	2340	2754	1926	1818	
1512	1692	1692	1242	990	630	306	0	342	648	1314	1494	1620	1818	2448	2808	3024	2718	3078	3168	3024	2844	3258	2934	2844	2844	2682	2520	3006	2142	2070	
1332	1818	1926	1458	1260	936	612	342	0	396	1098	1206	1278	1476	2088	2466	2664	2376	2772	2880	2772	2610	3078	2772	2718	2754	2628	2502	3078	2196	2196	
1620	2232	2322	1854	1638	1296	954	648	396	0	684	846	1026	1314	1908	2322	2592	2412	2826	2970	2934	2826	3312	3060	3006	3078	2988	2880	3474	2592	2610	
2196	2934	3006	2556	2304	1962	1620	1314	1098	684	0	468	918	1296	1728	2214	2574	2574	3006	3240	3294	3258	3762	3564	3564	3654	3600	3510	4158	3276	3294	
2016	2952	3114	2664	2466	2142	1800	1494	1206	846	468	0	468	846	1260	1746	2106	2142	2592	2844	2934	2934	3438	3294	3330	3456	3438	3384	4086	3222	3312	
1728	2844	3078	2628	2520	2214	1890	1620	1278	1026	918	468	0	378	864	1314	1656	1674	2124	2376	2484	2502	3024	2898	2970	3132	3150	3132	3888	3042	3168	
1584	2826	3132	2718	2646	2358	2052	1818	1476	1314	1296	846	378	0	612	990	1296	1296	1728	1998	2124	2196	2700	2628	2718	2916	2952	2970	3762	2952	3132	
2070	3384	3726	3312	3258	2988	2682	2448	2088	1908	1728	1260	864	612	0	468	882	1206	1602	1944	2196	2358	2862	2880	3024	3258	3348	3402	4230	3456	3672	
2214	3582	3978	3582	3564	3312	3024	2808	2466	2322	2214	1746	1314	990	468	0	450	954	1278	1656	1980	2214	2682	2772	2952	3204	3348	3438	4302	3582	3834	
2196	3582	3996	3636	3672	3456	3204	3024	2664	2592	2574	2106	1656	1296	882	450	0	666	882	1278	1638	1926	2340	2502	2718	2988	3168	3294	4158	3492	3780	
1620	2988	3456	3132	3222	3060	2844	2718	2376	2412	2574	2142	1674	1296	1206	954	666	0	432	738	1008	1260	1710	1836	2034	2304	2484	2628	3492	2862	3186	
1854	3186	3672	3384	3510	3384	3186	3078	2772	2826	3006	2592	2124	1728	1602	1278	882	432	0	378	774	1116	1476	1692	1944	2250	2466	2646	3510	2970	3312	
1818	3042	3564	3330	3474	3384	3222	3168	2880	2970	3240	2844	2376	1998	1944	1656	1278	738	378	0	432	810	1116	1368	1638	1944	2196	2412	3240	2772	3132	
1584	2718	3258	3042	3222	3186	3060	3024	2772	2934	3294	2934	2484	2124	2196	1980	1638	1008	774	432	0	396	702	936	1206	1512	1782	1998	2826	2394	2772	
1332	2358	2898	2718	2934	2916	2826	2844	2610	2826	3258	2934	2502	2196	2358	2214	1926	1260	1116	810	396	0	504	576	828	1134	1386	1602	2430	2016	2394	
1746	2538	3096	2988	3240	3276	3222	3258	3078	3312	3762	3438	3024	2700	2862	2682	2340	1710	1476	1116	702	504	0	450	738	1026	1332	1602	2322	2106	2502	
1440	2088	2646	2556	2826	2880	2862	2934	2772	3060	3564	3294	2898	2628	2880	2772	2502	1836	1692	1368	936	576	450	0	288	594	882	1134	1908	1656	2052	
1386	1854	2412	2358	2646	2718	2736	2844	2718	3006	3564	3330	2970	2718	3024	2952	2718	2034	1944	1638	1206	828	738	288	0	306	576	846	1620	1386	1782	
1458	1674	2232	2214	2538	2646	2700	2844	2754	3078	3654	3456	3132	2916	3258	3204	2988	2304	2250	1944	1512	1134	1026	594	306	0	306	594	1314	1170	1566	
1422	1404	1944	1962	2286	2448	2538	2682	2628	2988	3600	3438	3150	2952	3348	3348	3168	2484	2466	2196	1782	1386	1332	882	576	306	0	288	1044	864	1260	
1386	1134	1656	1710	2052	2232	2340	2520	2502	2880	3510	3384	3132	2970	3402	3438	3294	2628	2646	2412	1998	1602	1602	1134	846	594	288	0	846	576	954	
2178	1332	1656	1908	2286	2556	2754	3006	3078	3474	4158	4086	3888	3762	4230	4302	4158	3492	3510	3240	2826	2430	2322	1908	1620	1314	1044	846	0	864	954	
1368	558	1080	1170	1530	1746	1926	2142	2196	2592	3276	3222	3042	2952	3456	3582	3492	2862	2970	2772	2394	2016	2106	1656	1386	1170	864	576	864	0	396	
1602	378	720	936	1314	1584	1818	2070	2196	2610	3294	3312	3168	3132	3672	3834	3780	3186	3312	3132	2772	2394	2502	2052	1782	1566	1260	954	954	396	0	
V2
0	1047	1387	1156	1251	1196	1115	1142	1006	1224	1659	1523	1305	1196	1564	1672	1659	1224	1400	1373	1196	1006	1319	1088	1047	1101	1074	1047	1645	1033	1210	
1047	0	421	462	734	924	1088	1278	1373	1686	2216	2230	2148	2135	2556	2706	2706	2257	2407	2298	2053	1781	1917	1577	1400	1264	1060	856	1006	421	285	
1387	421	0	340	557	816	1047	1278	1455	1754	2271	2352	2325	2366	2815	3005	3019	2611	2774	2692	2461	2189	2339	1999	1822	1686	1468	1251	1251	816	544	
1156	462	340	0	272	503	720	938	1101	1400	1931	2012	1985	2053	2502	2706	2747	2366	2556	2516	2298	2053	2257	1931	1781	1672	1482	1292	1441	884	707	
1251	734	557	272	0	272	516	748	952	1237	1740	1863	1904	1999	2461	2692	2774	2434	2652	2624	2434	2216	2448	2135	1999	1917	1727	1550	1727	1156	992	
1196	924	816	503	272	0	244	476	707	979	1482	1618	1672	1781	2257	2502	2611	2312	2556	2556	2407	2203	2475	2176	2053	1999	1849	1686	1931	1319	1196	
1115	1088	1047	720	516	244	0	231	462	720	1224	1360	1428	1550	2026	2284	2420	2148	2407	2434	2312	2135	2434	2162	2067	2040	1917	1768	2080	1455	1373	
1142	1278	1278	938	748	476	231	0	258	489	992	1128	1224	1373	1849	2121	2284	2053	2325	2393	2284	2148	2461	2216	2148	2148	2026	1904	2271	1618	1564	
1006	1373	1455	1101	952	707	462	258	0	299	829	911	965	1115	1577	1863	2012	1795	2094	2176	2094	1972	2325	2094	2053	2080	1985	1890	2325	1659	1659	
1224	1686	1754	1400	1237	979	720	489	299	0	516	639	775	992	1441	1754	1958	1822	2135	2244	2216	2135	2502	2312	2271	2325	2257	2176	2624	1958	1972	
1659	2216	2271	1931	1740	1482	1224	992	829	516	0	353	693	979	1305	1672	1944	1944	2271	2448	2488	2461	2842	2692	2692	2760	2720	2652	3141	2475	2488	
1523	2230	2352	2012	1863	1618	1360	1128	911	639	353	0	353	639	952	1319	1591	1618	1958	2148	2216	2216	2597	2488	2516	2611	2597	2556	3087	2434	2502	
1305	2148	2325	1985	1904	1672	1428	1224	965	775	693	353	0	285	652	992	1251	1264	1604	1795	1876	1890	2284	2189	2244	2366	2380	2366	2937	2298	2393	
1196	2135	2366	2053	1999	1781	1550	1373	1115	992	979	639	285	0	462	748	979	979	1305	1509	1604	1659	2040	1985	2053	2203	2230	2244	2842	2230	2366	
1564	2556	2815	2502	2461	2257	2026	1849	1577	1441	1305	952	652	462	0	353	666	911	1210	1468	1659	1781	2162	2176	2284	2461	2529	2570	3196	2611	2774	
1672	2706	3005	2706	2692	2502	2284	2121	1863	1754	1672	1319	992	748	353	0	340	720	965	1251	1496	1672	2026	2094	2230	2420	2529	2597	3250	2706	2896	
1659	2706	3019	2747	2774	2611	2420	2284	2012	1958	1944	1591	1251	979	666	340	0	503	666	965	1237	1455	1768	1890	2053	2257	2393	2488	3141	2638	2856	
1224	2257	2611	2366	2434	2312	2148	2053	1795	1822	1944	1618	1264	979	911	720	503	0	326	557	761	952	1292	1387	1536	1740	1876	1985	2638	2162	2407	
1400	2407	2774	2556	2652	2556	2407	2325	2094	2135	2271	1958	1604	1305	1210	965	666	326	0	285	584	843	1115	1278	1468	1700	1863	1999	2652	2244	2502	
1373	2298	2692	2516	2624	2556	2434	2393	2176	2244	2448	2148	1795	1509	1468	1251	965	557	285	0	326	612	843	1033	1237	1468	1659	1822	2448	2094	2366	
1196	2053	2461	2298	2434	2407	2312	2284	2094	2216	2488	2216	1876	1604	1659	1496	1237	761	584	326	0	299	530	707	911	1142	1346	1509	2135	1808	2094	
1006	1781	2189	2053	2216	2203	2135	2148	1972	2135	2461	2216	1890	1659	1781	1672	1455	952	843	612	299	0	380	435	625	856	1047	1210	1836	1523	1808	
1319	1917	2339	2257	2448	2475	2434	2461	2325	2502	2842	2597	2284	2040	2162	2026	1768	1292	1115	843	530	380	0	340	557	775	1006	1210	1754	1591	1890	
1088	1577	1999	1931	2135	2176	2162	2216	2094	2312	2692	2488	2189	1985	2176	2094	1890	1387	1278	1033	707	435	340	0	217	448	666	856	1441	1251	1550	
1047	1400	1822	1781	1999	2053	2067	2148	2053	2271	2692	2516	2244	2053	2284	2230	2053	1536	1468	1237	911	625	557	217	0	231	435	639	1224	1047	1346	
1101	1264	1686	1672	1917	1999	2040	2148	2080	2325	2760	2611	2366	2203	2461	2420	2257	1740	1700	1468	1142	856	775	448	231	0	231	448	992	884	1183	
1074	1060	1468	1482	1727	1849	1917	2026	1985	2257	2720	2597	2380	2230	2529	2529	2393	1876	1863	1659	1346	1047	1006	666	435	231	0	217	788	652	952	
1047	856	1251	1292	1550	1686	1768	1904	1890	2176	2652	2556	2366	2244	2570	2597	2488	1985	1999	1822	1509	1210	1210	856	639	448	217	0	639	435	720	
1645	1006	1251	1441	1727	1931	2080	2271	2325	2624	3141	3087	2937	2842	3196	3250	3141	2638	2652	2448	2135	1836	1754	1441	1224	992	788	639	0	652	720	
1033	421	816	884	1156	1319	1455	1618	1659	1958	2475	2434	2298	2230	2611	2706	2638	2162	2244	2094	1808	1523	1591	1251	1047	884	652	435	652	0	299	
1210	285	544	707	992	1196	1373	1564	1659	1972	2488	2502	2393	2366	2774	2896	2856	2407	2502	2366	2094	1808	1890	1550	1346	1183	952	720	720	299	0	
V3
0	1509	1999	1666	1803	1724	1607	1646	1450	1764	2391	2195	1881	1724	2254	2410	2391	1764	2018	1979	1724	1450	1901	1568	1509	1587	1548	1509	2371	1489	1744	
1509	0	607	666	1058	1332	1568	1842	1979	2430	3194	3214	3096	3077	3684	3900	3900	3253	3469	3312	2959	2567	2763	2273	2018	1822	1528	1234	1450	607	411	
1999	607	0	490	803	1176	1509	1842	2097	2528	3273	3390	3351	3410	4057	4331	4351	3763	3998	3880	3547	3155	3371	2881	2626	2430	2116	1803	1803	1176	784	
1666	666	490	0	392	725	1038	1352	1587	2018	2783	2900	2861	2959	3606	3900	3959	3410	3684	3626	3312	2959	3253	2783	2567	2410	2136	1862	2077	1274	1019	
1803	1058	803	392	0	392	744	1078	1372	1783	2508	2685	2744	2881	3547	3880	3998	3508	3822	3782	3508	3194	3528	3077	2881	2763	2489	2234	2489	1666	1430	
1724	1332	1176	725	392	0	352	686	1019	1411	2136	2332	2410	2567	3253	3606	3763	3332	3684	3684	3469	3175	3567	3136	2959	2881	2665	2430	2783	1901	1724	
1607	1568	1509	1038	744	352	0	333	666	1038	1764	1960	2058	2234	2920	3292	3488	3096	3469	3508	3332	3077	3508	3116	2979	2940	2763	2548	2998	2097	1979	
1646	1842	1842	1352	1078	686	333	0	372	705	1430	1626	1764	1979	2665	3057	3292	2959	3351	3449	3292	3096	3547	3194	3096	3096	2920	2744	3273	2332	2254	
1450	1979	2097	1587	1372	1019	666	372	0	431	1195	1313	1391	1607	2273	2685	2900	2587	3018	3136	3018	2842	3351	3018	2959	2998	2861	2724	3351	2391	2391	
1764	2430	2528	2018	1783	1411	1038	705	431	0	744	921	1117	1430	2077	2528	2822	2626	3077	3234	3194	3077	3606	3332	3273	3351	3253	3136	3782	2822	2842	
2391	3194	3273	2783	2508	2136	1764	1430	1195	744	0	509	999	1411	1881	2410	2802	2802	3273	3528	3586	3547	4096	3880	3880	3978	3920	3822	4527	3567	3586	
2195	3214	3390	2900	2685	2332	1960	1626	1313	921	509	0	509	921	1372	1901	2293	2332	2822	3096	3194	3194	3743	3586	3626	3763	3743	3684	4449	3508	3606	
1881	3096	3351	2861	2744	2410	2058	1764	1391	1117	999	509	0	411	940	1430	1803	1822	2312	2587	2704	2724	3292	3155	3234	3410	3430	3410	4233	3312	3449	
1724	3077	3410	2959	2881	2567	2234	1979	1607	1430	1411	921	411	0	666	1078	1411	1411	1881	2175	2312	2391	2940	2861	2959	3175	3214	3234	4096	3214	3410	
2254	3684	4057	3606	3547	3253	2920	2665	2273	2077	1881	1372	940	666	0	509	960	1313	1744	2116	2391	2567	3116	3136	3292	3547	3645	3704	4606	3763	3998	
2410	3900	4331	3900	3880	3606	3292	3057	2685	2528	2410	1901	1430	1078	509	0	490	1038	1391	1803	2156	2410	2920	3018	3214	3488	3645	3743	4684	3900	4174	
2391	3900	4351	3959	3998	3763	3488	3292	2900	2822	2802	2293	1803	1411	960	490	0	725	960	1391	1783	2097	2548	2724	2959	3253	3449	3586	4527	3802	4116	
1764	3253	3763	3410	3508	3332	3096	2959	2587	2626	2802	2332	1822	1411	1313	1038	725	0	470	803	1097	1372	1862	1999	2214	2508	2704	2861	3802	3116	3469	
2018	3469	3998	3684	3822	3684	3469	3351	3018	3077	3273	2822	2312	1881	1744	1391	960	470	0	411	842	1215	1607	1842	2116	2450	2685	2881	3822	3234	3606	
1979	3312	3880	3626	3782	3684	3508	3449	3136	3234	3528	3096	2587	2175	2116	1803	1391	803	411	0	470	882	1215	1489	1783	2116	2391	2626	3528	3018	3410	
1724	2959	3547	3312	3508	3469	3332	3292	3018	3194	3586	3194	2704	2312	2391	2156	1783	1097	842	470	0	431	764	1019	1313	1646	1940	2175	3077	2606	3018	
1450	2567	3155	2959	3194	3175	3077	3096	2842	3077	3547	3194	2724	2391	2567	2410	2097	1372	1215	882	431	0	548	627	901	1234	1509	1744	2646	2195	2606	
1901	2763	3371	3253	3528	3567	3508	3547	3351	3606	4096	3743	3292	2940	3116	2920	2548	1862	1607	1215	764	548	0	490	803	1117	1450	1744	2528	2293	2724	
1568	2273	2881	2783	3077	3136	3116	3194	3018	3332	3880	3586	3155	2861	3136	3018	2724	1999	1842	1489	1019	627	490	0	313	646	960	1234	2077	1803	2234	
1509	2018	2626	2567	2881	2959	2979	3096	2959	3273	3880	3626	3234	2959	3292	3214	2959	2214	2116	1783	1313	901	803	313	0	333	627	921	1764	1509	1940	
1587	1822	2430	2410	2763	2881	2940	3096	2998	3351	3978	3763	3410	3175	3547	3488	3253	2508	2450	2116	1646	1234	1117	646	333	0	333	646	1430	1274	1705	
1548	1528	2116	2136	2489	2665	2763	2920	2861	3253	3920	3743	3430	3214	3645	3645	3449	2704	2685	2391	1940	1509	1450	960	627	333	0	313	1136	940	1372	
1509	1234	1803	1862	2234	2430	2548	2744	2724	3136	3822	3684	3410	3234	3704	3743	3586	2861	2881	2626	2175	1744	1744	1234	921	646	313	0	921	627	1038	
2371	1450	1803	2077	2489	2783	2998	3273	3351	3782	4527	4449	4233	4096	4606	4684	4527	3802	3822	3528	3077	2646	2528	2077	1764	1430	1136	921	0	940	1038	
1489	607	1176	1274	1666	1901	2097	2332	2391	2822	3567	3508	3312	3214	3763	3900	3802	3116	3234	3018	2606	2195	2293	1803	1509	1274	940	627	940	0	431	
1744	411	784	1019	1430	1724	1979	2254	2391	2842	3586	3606	3449	3410	3998	4174	4116	3469	3606	3410	3018	2606	2724	2234	1940	1705	1372	1038	1038	431	0	
V4
0	1478	1958	1632	1766	1689	1574	1612	1420	1728	2342	2150	1843	1689	2208	2361	2342	1728	1977	1939	1689	1420	1862	1536	1478	1555	1516	1478	2323	1459	1708	
1478	0	595	652	1036	1305	1536	1804	1939	2380	3129	3148	3033	3014	3609	3820	3820	3187	3398	3244	2899	2515	2707	2227	1977	1785	1497	1209	1420	595	403	
1958	595	0	480	787	1152	1478	1804	2054	2476	3206	3321	3283	3340	3974	4243	4262	3686	3916	3801	3475	3091	3302	2822	2572	2380	2073	1766	1766	1152	768	
1632	652	480	0	384	710	1017	1324	1555	1977	2726	2841	2803	2899	3532	3820	3878	3340	3609	3552	3244	2899	3187	2726	2515	2361	2092	1824	2035	1248	998	
1766	1036	787	384	0	384	729	1056	1344	1747	2457	2630	2688	2822	3475	3801	3916	3436	3744	3705	3436	3129	3456	3014	2822	2707	2438	2188	2438	1632	1401	
1689	1305	1152	710	384	0	345	672	998	1382	2092	2284	2361	2515	3187	3532	3686	3264	3609	3609	3398	3110	3494	3072	2899	2822	2611	2380	2726	1862	1689	
1574	1536	1478	1017	729	345	0	326	652	1017	1728	1920	2016	2188	2860	3225	3417	3033	3398	3436	3264	3014	3436	3052	2918	2880	2707	2496	2937	2054	1939	
1612	1804	1804	1324	1056	672	326	0	364	691	1401	1593	1728	1939	2611	2995	3225	2899	3283	3379	3225	3033	3475	3129	3033	3033	2860	2688	3206	2284	2208	
1420	1939	2054	1555	1344	998	652	364	0	422	1171	1286	1363	1574	2227	2630	2841	2534	2956	3072	2956	2784	3283	2956	2899	2937	2803	2668	3283	2342	2342	
1728	2380	2476	1977	1747	1382	1017	691	422	0	729	902	1094	1401	2035	2476	2764	2572	3014	3168	3129	3014	3532	3264	3206	3283	3187	3072	3705	2764	2784	
2342	3129	3206	2726	2457	2092	1728	1401	1171	729	0	499	979	1382	1843	2361	2745	2745	3206	3456	3513	3475	4012	3801	3801	3897	3840	3744	4435	3494	3513	
2150	3148	3321	2841	2630	2284	1920	1593	1286	902	499	0	499	902	1344	1862	2246	2284	2764	3033	3129	3129	3667	3513	3552	3686	3667	3609	4358	3436	3532	
1843	3033	3283	2803	2688	2361	2016	1728	1363	1094	979	499	0	403	921	1401	1766	1785	2265	2534	2649	2668	3225	3091	3168	3340	3360	3340	4147	3244	3379	
1689	3014	3340	2899	2822	2515	2188	1939	1574	1401	1382	902	403	0	652	1056	1382	1382	1843	2131	2265	2342	2880	2803	2899	3110	3148	3168	4012	3148	3340	
2208	3609	3974	3532	3475	3187	2860	2611	2227	2035	1843	1344	921	652	0	499	940	1286	1708	2073	2342	2515	3052	3072	3225	3475	3571	3628	4512	3686	3916	
2361	3820	4243	3820	3801	3532	3225	2995	2630	2476	2361	1862	1401	1056	499	0	480	1017	1363	1766	2112	2361	2860	2956	3148	3417	3571	3667	4588	3820	4089	
2342	3820	4262	3878	3916	3686	3417	3225	2841	2764	2745	2246	1766	1382	940	480	0	710	940	1363	1747	2054	2496	2668	2899	3187	3379	3513	4435	3724	4032	
1728	3187	3686	3340	3436	3264	3033	2899	2534	2572	2745	2284	1785	1382	1286	1017	710	0	460	787	1075	1344	1824	1958	2169	2457	2649	2803	3724	3052	3398	
1977	3398	3916	3609	3744	3609	3398	3283	2956	3014	3206	2764	2265	1843	1708	1363	940	460	0	403	825	1190	1574	1804	2073	2400	2630	2822	3744	3168	3532	
1939	3244	3801	3552	3705	3609	3436	3379	3072	3168	3456	3033	2534	2131	2073	1766	1363	787	403	0	460	864	1190	1459	1747	2073	2342	2572	3456	2956	3340	
1689	2899	3475	3244	3436	3398	3264	3225	2956	3129	3513	3129	2649	2265	2342	2112	1747	1075	825	460	0	422	748	998	1286	1612	1900	2131	3014	2553	2956	
1420	2515	3091	2899	3129	3110	3014	3033	2784	3014	3475	3129	2668	2342	2515	2361	2054	1344	1190	864	422	0	537	614	883	1209	1478	1708	2592	2150	2553	
1862	2707	3302	3187	3456	3494	3436	3475	3283	3532	4012	3667	3225	2880	3052	2860	2496	1824	1574	1190	748	537	0	480	787	1094	1420	1708	2476	2246	2668	
1536	2227	2822	2726	3014	3072	3052	3129	2956	3264	3801	3513	3091	2803	3072	2956	2668	1958	1804	1459	998	614	480	0	307	633	940	1209	2035	1766	2188	
1478	1977	2572	2515	2822	2899	2918	3033	2899	3206	3801	3552	3168	2899	3225	3148	2899	2169	2073	1747	1286	883	787	307	0	326	614	902	1728	1478	1900	
1555	1785	2380	2361	2707	2822	2880	3033	2937	3283	3897	3686	3340	3110	3475	3417	3187	2457	2400	2073	1612	1209	1094	633	326	0	326	633	1401	1248	1670	
1516	1497	2073	2092	2438	2611	2707	2860	2803	3187	3840	3667	3360	3148	3571	3571	3379	2649	2630	2342	1900	1478	1420	940	614	326	0	307	1113	921	1344	
1478	1209	1766	1824	2188	2380	2496	2688	2668	3072	3744	3609	3340	3168	3628	3667	3513	2803	2822	2572	2131	1708	1708	1209	902	633	307	0	902	614	1017	
2323	1420	1766	2035	2438	2726	2937	3206	3283	3705	4435	4358	4147	4012	4512	4588	4435	3724	3744	3456	3014	2592	2476	2035	1728	1401	1113	902	0	921	1017	
1459	595	1152	1248	1632	1862	2054	2284	2342	2764	3494	3436	3244	3148	3686	3820	3724	3052	3168	2956	2553	2150	2246	1766	1478	1248	921	614	921	0	422	
1708	403	768	998	1401	1689	1939	2208	2342	2784	3513	3532	3379	3340	3916	4089	4032	3398	3532	3340	2956	2553	2668	2188	1900	1670	1344	1017	1017	422	0	
V5
0	1416	1876	1564	1692	1619	1508	1545	1361	1656	2244	2060	1766	1619	2116	2263	2244	1656	1895	1858	1619	1361	1784	1472	1416	1490	1453	1416	2226	1398	1637	
1416	0	570	625	993	1251	1472	1729	1858	2281	2999	3017	2907	2888	3459	3661	3661	3054	3256	3109	2778	2410	2594	2134	1895	1711	1435	1159	1361	570	386	
1876	570	0	460	754	1104	1416	1729	1968	2373	3072	3183	3146	3201	3808	4066	4084	3532	3753	3643	3330	2962	3164	2704	2465	2281	1987	1692	1692	1104	736	
1564	625	460	0	368	680	975	1269	1490	1895	2612	2723	2686	2778	3385	3661	3716	3201	3459	3404	3109	2778	3054	2612	2410	2263	2005	1748	1950	1196	956	
1692	993	754	368	0	368	699	1012	1288	1674	2355	2520	2576	2704	3330	3643	3753	3293	3588	3551	3293	2999	3312	2888	2704	2594	2336	2097	2336	1564	1343	
1619	1251	1104	680	368	0	331	644	956	1324	2005	2189	2263	2410	3054	3385	3532	3128	3459	3459	3256	2980	3348	2944	2778	2704	2502	2281	2612	1784	1619	
1508	1472	1416	975	699	331	0	312	625	975	1656	1840	1932	2097	2741	3091	3275	2907	3256	3293	3128	2888	3293	2925	2796	2760	2594	2392	2815	1968	1858	
1545	1729	1729	1269	1012	644	312	0	349	662	1343	1527	1656	1858	2502	2870	3091	2778	3146	3238	3091	2907	3330	2999	2907	2907	2741	2576	3072	2189	2116	
1361	1858	1968	1490	1288	956	625	349	0	404	1122	1232	1306	1508	2134	2520	2723	2428	2833	2944	2833	2668	3146	2833	2778	2815	2686	2557	3146	2244	2244	
1656	2281	2373	1895	1674	1324	975	662	404	0	699	864	1048	1343	1950	2373	2649	2465	2888	3036	2999	2888	3385	3128	3072	3146	3054	2944	3551	2649	2668	
2244	2999	3072	2612	2355	2005	1656	1343	1122	699	0	478	938	1324	1766	2263	2631	2631	3072	3312	3367	3330	3845	3643	3643	3735	3680	3588	4250	3348	3367	
2060	3017	3183	2723	2520	2189	1840	1527	1232	864	478	0	478	864	1288	1784	2152	2189	2649	2907	2999	2999	3514	3367	3404	3532	3514	3459	4176	3293	3385	
1766	2907	3146	2686	2576	2263	1932	1656	1306	1048	938	478	0	386	883	1343	1692	1711	2171	2428	2539	2557	3091	2962	3036	3201	3220	3201	3974	3109	3238	
1619	2888	3201	2778	2704	2410	2097	1858	1508	1343	1324	864	386	0	625	1012	1324	1324	1766	2042	2171	2244	2760	2686	2778	2980	3017	3036	3845	3017	3201	
2116	3459	3808	3385	3330	3054	2741	2502	2134	1950	1766	1288	883	625	0	478	901	1232	1637	1987	2244	2410	2925	2944	3091	3330	3422	3477	4324	3532	3753	
2263	3661	4066	3661	3643	3385	3091	2870	2520	2373	2263	1784	1343	1012	478	0	460	975	1306	1692	2024	2263	2741	2833	3017	3275	3422	3514	4397	3661	3919	
2244	3661	4084	3716	3753	3532	3275	3091	2723	2649	2631	2152	1692	1324	901	460	0	680	901	1306	1674	1968	2392	2557	2778	3054	3238	3367	4250	3569	3864	
1656	3054	3532	3201	3293	3128	2907	2778	2428	2465	2631	2189	1711	1324	1232	975	680	0	441	754	1030	1288	1748	1876	2079	2355	2539	2686	3569	2925	3256	
1895	3256	3753	3459	3588	3459	3256	3146	2833	2888	3072	2649	2171	1766	1637	1306	901	441	0	386	791	1140	1508	1729	1987	2300	2520	2704	3588	3036	3385	
1858	3109	3643	3404	3551	3459	3293	3238	2944	3036	3312	2907	2428	2042	1987	1692	1306	754	386	0	441	828	1140	1398	1674	1987	2244	2465	3312	2833	3201	
1619	2778	3330	3109	3293	3256	3128	3091	2833	2999	3367	2999	2539	2171	2244	2024	1674	1030	791	441	0	404	717	956	1232	1545	1821	2042	2888	2447	2833	
1361	2410	2962	2778	2999	2980	2888	2907	2668	2888	3330	2999	2557	2244	2410	2263	1968	1288	1140	828	404	0	515	588	846	1159	1416	1637	2484	2060	2447	
1784	2594	3164	3054	3312	3348	3293	3330	3146	3385	3845	3514	3091	2760	2925	2741	2392	1748	1508	1140	717	515	0	460	754	1048	1361	1637	2373	2152	2557	
1472	2134	2704	2612	2888	2944	2925	2999	2833	3128	3643	3367	2962	2686	2944	2833	2557	1876	1729	1398	956	588	460	0	294	607	901	1159	1950	1692	2097	
1416	1895	2465	2410	2704	2778	2796	2907	2778	3072	3643	3404	3036	2778	3091	3017	2778	2079	1987	1674	1232	846	754	294	0	312	588	864	1656	1416	1821	
1490	1711	2281	2263	2594	2704	2760	2907	2815	3146	3735	3532	3201	2980	3330	3275	3054	2355	2300	1987	1545	1159	1048	607	312	0	312	607	1343	1196	1600	
1453	1435	1987	2005	2336	2502	2594	2741	2686	3054	3680	3514	3220	3017	3422	3422	3238	2539	2520	2244	1821	1416	1361	901	588	312	0	294	1067	883	1288	
1416	1159	1692	1748	2097	2281	2392	2576	2557	2944	3588	3459	3201	3036	3477	3514	3367	2686	2704	2465	2042	1637	1637	1159	864	607	294	0	864	588	975	
2226	1361	1692	1950	2336	2612	2815	3072	3146	3551	4250	4176	3974	3845	4324	4397	4250	3569	3588	3312	2888	2484	2373	1950	1656	1343	1067	864	0	883	975	
1398	570	1104	1196	1564	1784	1968	2189	2244	2649	3348	3293	3109	3017	3532	3661	3569	2925	3036	2833	2447	2060	2152	1692	1416	1196	883	588	883	0	404	
1637	386	736	956	1343	1619	1858	2116	2244	2668	3367	3385	3238	3201	3753	3919	3864	3256	3385	3201	2833	2447	2557	2097	1821	1600	1288	975	975	404	0	
V6
0	1047	1387	1156	1251	1196	1115	1142	1006	1224	1659	1523	1305	1196	1564	1672	1659	1224	1400	1373	1196	1006	1319	1088	1047	1101	1074	1047	1645	1033	1210	
1047	0	421	462	734	924	1088	1278	1373	1686	2216	2230	2148	2135	2556	2706	2706	2257	2407	2298	2053	1781	1917	1577	1400	1264	1060	856	1006	421	285	
1387	421	0	340	557	816	1047	1278	1455	1754	2271	2352	2325	2366	2815	3005	3019	2611	2774	2692	2461	2189	2339	1999	1822	1686	1468	1251	1251	816	544	
1156	462	340	0	272	503	720	938	1101	1400	1931	2012	1985	2053	2502	2706	2747	2366	2556	2516	2298	2053	2257	1931	1781	1672	1482	1292	1441	884	707	
1251	734	557	272	0	272	516	748	952	1237	1740	1863	1904	1999	2461	2692	2774	2434	2652	2624	2434	2216	2448	2135	1999	1917	1727	1550	1727	1156	992	
1196	924	816	503	272	0	244	476	707	979	1482	1618	1672	1781	2257	2502	2611	2312	2556	2556	2407	2203	2475	2176	2053	1999	1849	1686	1931	1319	1196	
1115	1088	1047	720	516	244	0	231	462	720	1224	1360	1428	1550	2026	2284	2420	2148	2407	2434	2312	2135	2434	2162	2067	2040	1917	1768	2080	1455	1373	
1142	1278	1278	938	748	476	231	0	258	489	992	1128	1224	1373	1849	2121	2284	2053	2325	2393	2284	2148	2461	2216	2148	2148	2026	1904	2271	1618	1564	
1006	1373	1455	1101	952	707	462	258	0	299	829	911	965	1115	1577	1863	2012	1795	2094	2176	2094	1972	2325	2094	2053	2080	1985	1890	2325	1659	1659	
1224	1686	1754	1400	1237	979	720	489	299	0	516	639	775	992	1441	1754	1958	1822	2135	2244	2216	2135	2502	2312	2271	2325	2257	2176	2624	1958	1972	
1659	2216	2271	1931	1740	1482	1224	992	829	516	0	353	693	979	1305	1672	1944	1944	2271	2448	2488	2461	2842	2692	2692	2760	2720	2652	3141	2475	2488	
1523	2230	2352	2012	1863	1618	1360	1128	911	639	353	0	353	639	952	1319	1591	1618	1958	2148	2216	2216	2597	2488	2516	2611	2597	2556	3087	2434	2502	
1305	2148	2325	1985	1904	1672	1428	1224	965	775	693	353	0	285	652	992	1251	1264	1604	1795	1876	1890	2284	2189	2244	2366	2380	2366	2937	2298	2393	
1196	2135	2366	2053	1999	1781	1550	1373	1115	992	979	639	285	0	462	748	979	979	1305	1509	1604	1659	2040	1985	2053	2203	2230	2244	2842	2230	2366	
1564	2556	2815	2502	2461	2257	2026	1849	1577	1441	1305	952	652	462	0	353	666	911	1210	1468	1659	1781	2162	2176	2284	2461	2529	2570	3196	2611	2774	
1672	2706	3005	2706	2692	2502	2284	2121	1863	1754	1672	1319	992	748	353	0	340	720	965	1251	1496	1672	2026	2094	2230	2420	2529	2597	3250	2706	2896	
1659	2706	3019	2747	2774	2611	2420	2284	2012	1958	1944	1591	1251	979	666	340	0	503	666	965	1237	1455	1768	1890	2053	2257	2393	2488	3141	2638	2856	
1224	2257	2611	2366	2434	2312	2148	2053	1795	1822	1944	1618	1264	979	911	720	503	0	326	557	761	952	1292	1387	1536	1740	1876	1985	2638	2162	2407	
1400	2407	2774	2556	2652	2556	2407	2325	2094	2135	2271	1958	1604	1305	1210	965	666	326	0	285	584	843	1115	1278	1468	1700	1863	1999	2652	2244	2502	
1373	2298	2692	2516	2624	2556	2434	2393	2176	2244	2448	2148	1795	1509	1468	1251	965	557	285	0	326	612	843	1033	1237	1468	1659	1822	2448	2094	2366	
1196	2053	2461	2298	2434	2407	2312	2284	2094	2216	2488	2216	1876	1604	1659	1496	1237	761	584	326	0	299	530	707	911	1142	1346	1509	2135	1808	2094	
1006	1781	2189	2053	2216	2203	2135	2148	1972	2135	2461	2216	1890	1659	1781	1672	1455	952	843	612	299	0	380	435	625	856	1047	1210	1836	1523	1808	
1319	1917	2339	2257	2448	2475	2434	2461	2325	2502	2842	2597	2284	2040	2162	2026	1768	1292	1115	843	530	380	0	340	557	775	1006	1210	1754	1591	1890	
