M: 2
N: 30
Nun_Veiculos: 7
Capacidade_Total: 710
Demanda_Total: 556
Setup_Min: 1
Setup_Max: 9
Raio: 100
Circulos: 1
Tempo_Processamento_Min: 1
Tempo_Processamento_Max: 49
Demanda_Min: 10
Demanda_Max: 30
Priority_Factor: 0.2
Range_Factor_R: 0.8
U_factor: 2
ALpha: 0.2Replicao: 0
Tempos_Processamentos
0	0	1	0	
0	37	1	39	
0	36	1	5	
0	30	1	11	
0	41	1	6	
0	40	1	21	
0	18	1	4	
0	15	1	49	
0	47	1	3	
0	2	1	16	
0	32	1	7	
0	47	1	47	
0	37	1	26	
0	26	1	17	
0	44	1	26	
0	47	1	4	
0	15	1	2	
0	11	1	43	
0	6	1	21	
0	43	1	35	
0	26	1	18	
0	33	1	47	
0	31	1	13	
0	16	1	5	
0	17	1	1	
0	11	1	47	
0	48	1	27	
0	3	1	25	
0	3	1	32	
0	2	1	49	
0	16	1	13	

Tempos_setup
M0
0	0	0	0	0	0	0	0	0	0	0	0	0	0	0	0	0	0	0	0	0	0	0	0	0	0	0	0	0	0	0	
0	0	1	3	2	4	1	2	3	2	2	1	1	3	2	2	1	3	2	3	3	1	2	2	1	2	2	2	3	2	3	
0	1	0	3	3	4	2	1	3	3	2	2	2	3	2	3	1	4	2	3	3	2	3	2	2	3	2	2	4	2	2	
0	2	3	0	4	2	3	3	3	2	2	3	3	1	4	1	3	2	3	3	3	2	4	2	3	3	4	3	3	3	4	
0	2	1	2	0	3	2	2	1	3	2	1	3	3	2	3	2	2	2	4	3	3	4	2	3	3	2	3	3	2	3	
0	3	3	1	2	0	3	2	1	3	3	3	4	2	2	2	3	3	1	4	3	3	3	2	4	3	2	3	3	2	3	
0	2	3	3	3	3	0	1	2	1	2	2	2	4	3	2	2	2	3	2	3	2	2	2	3	1	3	1	3	3	2	
0	2	3	2	4	4	1	0	3	2	1	3	3	3	3	3	2	3	3	3	2	3	2	1	2	2	3	2	4	3	1	
0	3	3	1	2	3	2	3	0	3	3	3	4	2	1	2	4	3	1	3	3	2	3	2	3	3	1	3	2	1	4	
0	3	4	3	4	3	2	3	2	0	2	4	3	3	3	1	3	2	3	3	3	1	3	3	4	2	2	2	2	3	4	
0	3	2	1	3	3	4	3	4	3	0	4	4	2	3	2	3	3	4	4	4	3	4	3	4	3	4	4	4	4	4	
0	3	2	2	1	4	1	2	2	2	1	0	3	3	3	3	2	3	3	3	2	3	3	1	4	2	3	2	3	2	3	
0	3	2	3	2	4	3	3	3	1	3	3	0	4	4	2	3	3	4	3	2	2	3	1	4	2	3	2	3	3	4	
0	1	2	3	3	4	2	2	2	3	2	2	2	0	3	2	2	2	3	3	2	2	3	1	2	3	3	2	4	3	3	
0	4	5	3	4	4	4	5	3	4	4	3	3	4	0	4	4	5	3	4	4	5	2	4	3	3	2	4	5	4	6	
0	3	3	2	3	2	3	2	3	2	1	3	2	2	3	0	2	1	2	2	2	3	3	2	4	4	3	3	4	2	3	
0	2	1	3	2	3	2	1	2	3	2	1	2	2	1	2	0	3	1	2	3	2	3	2	3	2	1	1	4	1	2	
0	3	2	2	2	4	3	2	3	1	3	2	1	3	2	2	1	0	2	3	1	2	2	2	3	3	2	2	3	2	3	
0	3	4	3	4	4	4	4	3	2	4	4	3	4	4	3	3	2	0	3	2	2	2	1	3	2	4	2	4	3	4	
0	3	4	2	3	1	4	3	2	4	4	4	3	3	3	3	3	4	2	0	2	4	3	3	3	2	3	2	4	3	4	
0	3	3	1	2	3	3	4	3	3	3	2	3	2	4	2	3	3	2	3	0	2	1	2	2	2	4	3	4	1	2	
0	2	3	3	3	3	3	2	2	3	2	3	2	3	2	1	2	2	3	2	3	0	2	2	3	1	2	1	2	3	3	
0	2	3	3	3	3	3	3	2	4	3	3	3	3	3	2	2	3	2	2	3	3	0	2	1	1	3	3	4	3	4	
0	3	4	2	3	3	4	3	3	2	4	3	2	3	4	3	3	4	3	2	1	3	2	0	3	2	4	1	3	2	3	
0	3	2	4	3	4	3	2	3	3	3	2	3	2	2	3	1	3	1	3	3	3	1	2	0	2	2	2	5	2	3	
0	1	2	2	2	2	2	2	1	3	2	2	2	3	2	1	1	2	2	1	2	2	1	1	2	0	2	2	3	2	3	
0	4	4	2	3	2	3	4	1	2	3	3	3	3	2	2	3	3	1	3	2	3	3	2	2	3	0	2	3	2	4	
0	2	3	2	2	2	3	3	2	2	3	3	1	3	3	2	2	3	3	1	2	3	2	1	3	1	3	0	4	3	2	
0	3	3	2	3	3	4	3	3	4	1	3	3	3	2	2	2	3	2	2	3	1	3	2	4	2	3	2	0	3	4	
0	3	2	3	1	4	3	3	2	3	3	2	3	4	3	2	3	3	1	3	3	1	3	2	4	2	3	2	3	0	4	
0	2	2	3	3	3	3	2	2	4	2	2	3	3	2	2	1	3	2	2	3	3	1	2	1	1	2	2	4	2	0	
M1
0	0	0	0	0	0	0	0	0	0	0	0	0	0	0	0	0	0	0	0	0	0	0	0	0	0	0	0	0	0	0	
0	0	1	2	2	1	3	3	4	3	4	4	3	3	2	4	3	2	4	3	2	3	3	3	3	3	2	3	4	4	3	
0	2	0	2	1	3	2	2	3	2	3	4	2	3	1	3	2	3	3	2	1	2	2	2	4	3	1	2	3	3	2	
0	3	1	0	2	4	2	2	2	3	2	5	1	1	2	4	3	1	3	3	2	3	3	3	3	2	2	3	4	3	3	
0	1	2	1	0	2	3	3	3	2	3	4	1	2	3	4	4	2	3	4	3	3	2	4	4	2	3	4	2	2	1	
0	2	2	3	2	0	4	2	3	2	3	3	2	3	3	3	2	1	3	2	3	2	4	3	2	3	1	3	3	3	2	
0	3	1	2	2	4	0	2	3	2	2	4	2	3	1	4	1	3	3	2	2	3	1	3	4	2	2	3	4	4	1	
0	2	3	3	3	3	3	0	2	2	1	3	3	1	3	4	2	2	1	1	3	3	4	3	3	2	3	4	4	2	4	
0	3	3	3	3	3	3	3	0	2	3	4	3	3	2	3	2	2	1	3	3	2	3	2	1	4	3	3	4	2	4	
0	1	2	3	3	2	3	3	3	0	3	2	3	3	3	3	3	3	4	3	3	2	2	4	4	4	3	3	2	3	3	
0	4	3	2	4	4	3	4	4	3	0	5	3	3	4	5	4	3	5	5	3	5	4	4	5	4	4	4	4	2	4	
0	2	3	2	3	3	2	2	1	2	1	0	2	3	3	1	1	3	2	3	3	2	2	2	2	3	2	2	1	2	3	
0	3	3	4	3	4	3	3	4	3	4	5	0	3	2	4	4	4	3	3	3	5	3	4	5	3	4	4	4	2	2	
0	2	3	3	2	3	3	2	1	3	3	4	3	0	3	3	2	1	2	3	3	2	4	3	2	1	2	3	4	2	3	
0	3	4	4	4	4	4	1	3	2	2	3	1	2	0	4	3	3	2	1	4	4	4	3	4	3	4	5	4	3	3	
0	2	2	3	3	3	4	3	3	2	3	4	1	3	3	0	2	3	4	2	3	2	4	4	4	4	1	3	4	3	3	
0	2	2	1	3	3	3	1	2	1	1	3	2	2	3	3	0	2	2	2	3	3	3	4	3	3	3	4	3	3	4	
0	2	3	2	1	3	4	1	3	2	2	4	2	2	3	3	2	0	2	2	3	2	3	4	4	3	1	3	3	3	2	
0	3	2	2	3	3	2	2	3	2	2	3	2	2	2	4	1	3	0	3	2	4	3	3	4	3	3	3	3	1	3	
0	2	3	3	4	3	4	3	3	1	3	2	4	3	4	3	2	4	4	0	4	3	3	2	3	4	3	4	3	3	4	
0	2	2	2	3	2	1	3	2	2	3	4	2	3	2	4	2	3	2	3	0	4	2	2	3	3	3	1	4	2	2	
0	2	2	1	3	2	2	3	2	3	3	5	1	1	3	1	3	2	2	3	2	0	3	3	3	2	2	1	3	1	3	
0	2	2	2	1	3	4	2	4	3	2	4	2	3	1	5	4	3	3	2	3	4	0	4	5	2	3	4	3	3	1	
0	2	2	3	3	1	2	2	2	2	3	4	2	1	2	3	2	2	2	2	2	2	3	0	3	2	1	3	3	1	3	
0	3	3	2	2	2	3	2	3	3	3	4	3	2	3	3	3	1	3	2	3	2	2	1	0	3	2	3	4	2	3	
0	3	3	3	2	4	2	3	4	2	4	4	3	4	3	4	3	4	4	3	4	3	3	3	5	0	2	4	4	4	3	
0	1	2	2	3	2	3	2	2	1	2	3	2	2	3	2	1	2	3	1	3	1	3	3	3	3	0	2	3	2	4	
0	1	2	3	3	1	2	3	1	3	3	4	1	2	3	4	2	2	1	3	2	3	3	3	2	3	2	0	3	1	3	
0	1	2	3	3	2	1	3	3	2	3	4	1	3	2	3	2	3	4	2	3	2	2	2	4	2	1	3	0	2	2	
0	2	1	3	2	3	1	3	2	3	3	5	1	1	2	3	2	2	3	3	1	3	2	2	3	2	2	2	2	0	2	
0	3	1	3	2	3	3	3	3	3	2	5	3	2	2	4	3	3	2	3	2	3	3	3	4	1	2	3	3	3	0	
Tamanho_Tarefas
0	38	13	14	10	29	9	27	6	8	15	47	30	19	27	12	7	16	9	38	19	37	16	8	2	17	29	14	7	19	14	
Data_Entrega
0	246	247	241	227	387	328	391	307	393	245	298	369	224	361	369	315	231	319	342	381	234	330	222	339	311	234	240	340	307	223	
Penalidade_Atraso
0	13	19	8	19	6	5	3	7	15	11	10	12	13	9	17	10	20	7	11	16	3	11	10	16	11	12	3	9	8	17	
Capacidade_Veiculo
119	118	91	106	104	59	113	
Custo_Fixo_Veiculo
1190	1180	910	1060	1040	590	1130	
Coordenadas_Clientes
x	0	y	0
x	119	y	0
x	84	y	17
x	81	y	36
x	85	y	62
x	56	y	62
x	40	y	71
x	33	y	101
x	12	y	117
x	-12	y	120
x	-35	y	109
x	-38	y	66
x	-51	y	57
x	-67	y	49
x	-95	y	42
x	-88	y	18
x	-78	y	0
x	-111	y	-23
x	-76	y	-34
x	-76	y	-55
x	-72	y	-81
x	-52	y	-90
x	-32	y	-99
x	-8	y	-76
x	12	y	-116
x	23	y	-73
x	43	y	-74
x	78	y	-87
x	97	y	-71
x	84	y	-37
x	77	y	-16
Tempo_Viagem
0	119	85	88	105	83	81	106	117	120	114	76	76	83	103	89	78	113	83	93	108	103	104	76	116	76	85	116	120	91	78	
119	0	38	52	70	88	105	132	158	176	188	169	178	192	218	207	197	231	197	201	206	192	180	148	156	120	105	96	74	50	44	
85	38	0	19	45	53	69	98	122	140	150	131	140	154	180	172	162	198	167	175	184	173	163	130	151	108	99	104	88	54	33	
88	52	19	0	26	36	53	80	106	124	137	122	133	148	176	169	163	200	171	181	192	183	176	143	166	123	116	123	107	73	52	
105	70	45	26	0	29	45	65	91	113	128	123	136	152	180	178	174	213	187	198	212	204	199	166	192	148	142	149	133	99	78	
83	88	53	36	29	0	18	45	70	89	102	94	107	123	151	150	147	187	163	176	191	186	183	152	182	138	136	150	138	102	80	
81	105	69	53	45	18	0	30	53	71	84	78	92	109	137	138	137	177	156	171	188	184	184	154	189	145	145	162	152	116	94	
106	132	98	80	65	45	30	0	26	48	68	79	94	111	139	146	150	190	173	190	210	209	210	181	218	174	175	192	182	146	124	
117	158	122	106	91	70	53	26	0	24	47	71	86	103	130	139	147	186	174	193	215	216	220	193	233	190	193	214	205	169	147	
120	176	140	124	113	89	71	48	24	0	25	59	74	89	113	126	136	173	165	185	209	213	219	196	236	196	201	225	219	184	162	
114	188	150	137	128	102	84	68	47	25	0	43	54	68	89	105	117	152	148	168	193	199	208	186	229	190	198	226	223	188	167	
76	169	131	122	123	94	78	79	71	59	43	0	15	32	60	68	77	115	106	126	150	156	165	145	188	151	161	192	192	159	141	
76	178	140	133	136	107	92	94	86	74	54	15	0	17	45	53	63	100	94	114	139	147	157	139	183	149	161	192	195	164	147	
83	192	154	148	152	123	109	111	103	89	68	32	17	0	28	37	50	84	83	104	130	139	152	138	182	151	165	198	203	173	157	
103	218	180	176	180	151	137	139	130	113	89	60	45	28	0	25	45	66	78	98	124	138	154	146	190	164	180	215	222	194	181	
89	207	172	169	178	150	138	146	139	126	105	68	53	37	25	0	20	47	53	73	99	113	129	123	166	143	160	196	205	180	167	
78	197	162	163	174	147	137	150	147	136	117	77	63	50	45	20	0	40	34	55	81	93	109	103	146	124	141	178	188	166	155	
113	231	198	200	213	187	177	190	186	173	152	115	100	84	66	47	40	0	36	47	69	89	109	115	154	142	161	198	212	195	188	
83	197	167	171	187	163	156	173	174	165	148	106	94	83	78	53	34	36	0	21	47	60	78	79	120	106	125	162	176	160	154	
93	201	175	181	198	176	171	190	193	185	168	126	114	104	98	73	55	47	21	0	26	42	62	71	107	100	120	156	173	161	157	
108	206	184	192	212	191	188	210	215	209	193	150	139	130	124	99	81	69	47	26	0	21	42	64	89	95	115	150	169	162	162	
103	192	173	183	204	186	184	209	216	213	199	156	147	139	138	113	93	89	60	42	21	0	21	46	68	76	96	130	150	145	148	
104	180	163	176	199	183	184	210	220	219	208	165	157	152	154	129	109	109	78	62	42	21	0	33	47	60	79	110	132	130	137	
76	148	130	143	166	152	154	181	193	196	186	145	139	138	146	123	103	115	79	71	64	46	33	0	44	31	51	86	105	99	104	
116	156	151	166	192	182	189	218	233	236	229	188	183	182	190	166	146	154	120	107	89	68	47	44	0	44	52	72	96	106	119	
76	120	108	123	148	138	145	174	190	196	190	151	149	151	164	143	124	142	106	100	95	76	60	31	44	0	20	56	74	70	78	
85	105	99	116	142	136	145	175	193	201	198	161	161	165	180	160	141	161	125	120	115	96	79	51	52	20	0	37	54	55	67	
116	96	104	123	149	150	162	192	214	225	226	192	192	198	215	196	178	198	162	156	150	130	110	86	72	56	37	0	24	50	71	
120	74	88	107	133	138	152	182	205	219	223	192	195	203	222	205	188	212	176	173	169	150	132	105	96	74	54	24	0	36	58	
91	50	54	73	99	102	116	146	169	184	188	159	164	173	194	180	166	195	160	161	162	145	130	99	106	70	55	50	36	0	22	
78	44	33	52	78	80	94	124	147	162	167	141	147	157	181	167	155	188	154	157	162	148	137	104	119	78	67	71	58	22	0	
Custo_Viagem
V0
0	2832	2023	2094	2499	1975	1927	2522	2784	2856	2713	1808	1808	1975	2451	2118	1856	2689	1975	2213	2570	2451	2475	1808	2760	1808	2023	2760	2856	2165	1856	
2832	0	904	1237	1666	2094	2522	3141	3760	4212	4474	4046	4260	4569	5188	4926	4688	5497	4688	4807	4926	4593	4284	3522	3736	2856	2522	2284	1761	1190	1047	
2023	904	0	452	1071	1261	1642	2332	2927	3332	3570	3117	3332	3665	4284	4093	3855	4736	3974	4165	4379	4117	3903	3094	3593	2570	2356	2475	2094	1285	785	
2094	1237	452	0	618	856	1261	1904	2522	2975	3260	2903	3165	3522	4188	4022	3879	4760	4069	4307	4569	4355	4188	3403	3950	2927	2760	2927	2570	1737	1237	
2499	1666	1071	618	0	690	1071	1547	2165	2689	3046	2927	3236	3617	4307	4236	4141	5069	4450	4736	5045	4855	4736	3950	4569	3522	3379	3546	3165	2356	1856	
1975	2094	1261	856	690	0	428	1071	1666	2118	2427	2237	2546	2927	3617	3570	3498	4450	3879	4188	4545	4426	4355	3617	4355	3284	3236	3570	3308	2427	1904	
1927	2522	1642	1261	1071	428	0	714	1261	1689	1999	1856	2189	2594	3284	3284	3260	4212	3712	4069	4474	4403	4379	3665	4498	3451	3451	3855	3641	2760	2237	
2522	3141	2332	1904	1547	1071	714	0	618	1142	1618	1880	2237	2665	3332	3474	3570	4522	4117	4522	4998	4974	4998	4307	5188	4141	4165	4593	4355	3498	2975	
2784	3760	2927	2522	2165	1666	1261	618	0	571	1118	1689	2070	2475	3094	3332	3498	4426	4141	4593	5117	5140	5236	4617	5545	4522	4593	5093	4902	4046	3522	
2856	4212	3332	2975	2689	2118	1689	1142	571	0	595	1404	1761	2118	2689	3022	3236	4117	3950	4426	4974	5069	5212	4664	5640	4664	4783	5355	5212	4379	3855	
2713	4474	3570	3260	3046	2427	1999	1618	1118	595	0	1023	1285	1618	2118	2499	2784	3617	3522	4022	4593	4736	4950	4426	5450	4545	4712	5378	5307	4474	3974	
1808	4046	3117	2903	2927	2237	1856	1880	1689	1404	1023	0	357	785	1451	1642	1832	2737	2522	2998	3570	3712	3927	3451	4474	3593	3831	4569	4569	3784	3355	
1808	4260	3332	3165	3236	2546	2189	2237	2070	1761	1285	357	0	404	1094	1261	1499	2380	2237	2713	3308	3498	3736	3308	4379	3546	3831	4593	4641	3903	3498	
1975	4569	3665	3522	3617	2927	2594	2665	2475	2118	1618	785	404	0	666	880	1190	1999	1975	2475	3094	3308	3617	3284	4331	3593	3927	4712	4831	4117	3736	
2451	5188	4284	4188	4307	3617	3284	3332	3094	2689	2118	1451	1094	666	0	595	1071	1570	1856	2332	2975	3284	3665	3474	4522	3903	4284	5117	5283	4641	4307	
2118	4926	4093	4022	4236	3570	3284	3474	3332	3022	2499	1642	1261	880	595	0	476	1118	1261	1737	2380	2689	3070	2927	3974	3403	3808	4664	4879	4284	3998	
1856	4688	3855	3879	4141	3498	3260	3570	3498	3236	2784	1832	1499	1190	1071	476	0	952	809	1309	1927	2213	2594	2451	3474	2951	3355	4236	4474	3950	3689	
2689	5497	4736	4760	5069	4450	4212	4522	4426	4117	3617	2737	2380	1999	1570	1118	952	0	856	1118	1642	2118	2594	2737	3665	3403	3855	4736	5069	4641	4474	
1975	4688	3974	4069	4450	3879	3712	4117	4141	3950	3522	2522	2237	1975	1856	1261	809	856	0	499	1118	1428	1856	1880	2856	2522	2975	3855	4188	3808	3665	
2213	4807	4165	4307	4736	4188	4069	4522	4593	4426	4022	2998	2713	2475	2332	1737	1309	1118	499	0	618	999	1475	1689	2546	2380	2856	3736	4117	3831	3736	
2570	4926	4379	4569	5045	4545	4474	4998	5117	4974	4593	3570	3308	3094	2975	2380	1927	1642	1118	618	0	499	1023	1523	2165	2261	2737	3570	4022	3855	3855	
2451	4593	4117	4355	4855	4426	4403	4974	5140	5069	4736	3712	3498	3308	3284	2689	2213	2118	1428	999	499	0	499	1094	1642	1808	2284	3094	3570	3451	3522	
2475	4284	3903	4188	4736	4355	4379	4998	5236	5212	4950	3927	3736	3617	3665	3070	2594	2594	1856	1475	1023	499	0	785	1118	1428	1880	2618	3141	3117	3260	
1808	3522	3094	3403	3950	3617	3665	4307	4617	4664	4426	3451	3308	3284	3474	2927	2451	2737	1880	1689	1523	1094	785	0	1047	737	1213	2046	2499	2356	2475	
2760	3736	3593	3950	4569	4355	4498	5188	5545	5640	5450	4474	4379	4331	4522	3974	3474	3665	2856	2546	2165	1642	1118	1047	0	1047	1237	1713	2284	2522	2832	
1808	2856	2570	2927	3522	3284	3451	4141	4522	4664	4545	3593	3546	3593	3903	3403	2951	3403	2522	2380	2261	1808	1428	737	1047	0	476	1332	1761	1666	1856	
2023	2522	2356	2760	3379	3236	3451	4165	4593	4783	4712	3831	3831	3927	4284	3808	3355	3855	2975	2856	2737	2284	1880	1213	1237	476	0	880	1285	1309	1594	
2760	2284	2475	2927	3546	3570	3855	4593	5093	5355	5378	4569	4593	4712	5117	4664	4236	4736	3855	3736	3570	3094	2618	2046	1713	1332	880	0	571	1190	1689	
2856	1761	2094	2570	3165	3308	3641	4355	4902	5212	5307	4569	4641	4831	5283	4879	4474	5069	4188	4117	4022	3570	3141	2499	2284	1761	1285	571	0	856	1380	
2165	1190	1285	1737	2356	2427	2760	3498	4046	4379	4474	3784	3903	4117	4641	4284	3950	4641	3808	3831	3855	3451	3117	2356	2522	1666	1309	1190	856	0	523	
1856	1047	785	1237	1856	1904	2237	2975	3522	3855	3974	3355	3498	3736	4307	3998	3689	4474	3665	3736	3855	3522	3260	2475	2832	1856	1594	1689	1380	523	0	
V1
0	2808	2006	2076	2478	1958	1911	2501	2761	2832	2690	1793	1793	1958	2430	2100	1840	2666	1958	2194	2548	2430	2454	1793	2737	1793	2006	2737	2832	2147	1840	
2808	0	896	1227	1652	2076	2501	3115	3728	4177	4436	4012	4224	4531	5144	4885	4649	5451	4649	4767	4885	4554	4248	3492	3705	2832	2501	2265	1746	1180	1038	
2006	896	0	448	1062	1250	1628	2312	2902	3304	3540	3091	3304	3634	4248	4059	3823	4696	3941	4130	4342	4082	3870	3068	3563	2548	2336	2454	2076	1274	778	
2076	1227	448	0	613	849	1250	1888	2501	2950	3233	2879	3138	3492	4153	3988	3846	4720	4035	4271	4531	4318	4153	3374	3917	2902	2737	2902	2548	1722	1227	
2478	1652	1062	613	0	684	1062	1534	2147	2666	3020	2902	3209	3587	4271	4200	4106	5026	4413	4696	5003	4814	4696	3917	4531	3492	3351	3516	3138	2336	1840	
1958	2076	1250	849	684	0	424	1062	1652	2100	2407	2218	2525	2902	3587	3540	3469	4413	3846	4153	4507	4389	4318	3587	4318	3256	3209	3540	3280	2407	1888	
1911	2501	1628	1250	1062	424	0	708	1250	1675	1982	1840	2171	2572	3256	3256	3233	4177	3681	4035	4436	4366	4342	3634	4460	3422	3422	3823	3610	2737	2218	
2501	3115	2312	1888	1534	1062	708	0	613	1132	1604	1864	2218	2643	3304	3445	3540	4484	4082	4484	4956	4932	4956	4271	5144	4106	4130	4554	4318	3469	2950	
2761	3728	2902	2501	2147	1652	1250	613	0	566	1109	1675	2053	2454	3068	3304	3469	4389	4106	4554	5074	5097	5192	4578	5498	4484	4554	5050	4861	4012	3492	
2832	4177	3304	2950	2666	2100	1675	1132	566	0	590	1392	1746	2100	2666	2997	3209	4082	3917	4389	4932	5026	5168	4625	5593	4625	4743	5310	5168	4342	3823	
2690	4436	3540	3233	3020	2407	1982	1604	1109	590	0	1014	1274	1604	2100	2478	2761	3587	3492	3988	4554	4696	4908	4389	5404	4507	4672	5333	5262	4436	3941	
1793	4012	3091	2879	2902	2218	1840	1864	1675	1392	1014	0	354	778	1439	1628	1817	2714	2501	2973	3540	3681	3894	3422	4436	3563	3799	4531	4531	3752	3327	
1793	4224	3304	3138	3209	2525	2171	2218	2053	1746	1274	354	0	401	1085	1250	1486	2360	2218	2690	3280	3469	3705	3280	4342	3516	3799	4554	4602	3870	3469	
1958	4531	3634	3492	3587	2902	2572	2643	2454	2100	1604	778	401	0	660	873	1180	1982	1958	2454	3068	3280	3587	3256	4295	3563	3894	4672	4790	4082	3705	
2430	5144	4248	4153	4271	3587	3256	3304	3068	2666	2100	1439	1085	660	0	590	1062	1557	1840	2312	2950	3256	3634	3445	4484	3870	4248	5074	5239	4602	4271	
2100	4885	4059	3988	4200	3540	3256	3445	3304	2997	2478	1628	1250	873	590	0	472	1109	1250	1722	2360	2666	3044	2902	3941	3374	3776	4625	4838	4248	3964	
1840	4649	3823	3846	4106	3469	3233	3540	3469	3209	2761	1817	1486	1180	1062	472	0	944	802	1298	1911	2194	2572	2430	3445	2926	3327	4200	4436	3917	3658	
2666	5451	4696	4720	5026	4413	4177	4484	4389	4082	3587	2714	2360	1982	1557	1109	944	0	849	1109	1628	2100	2572	2714	3634	3374	3823	4696	5026	4602	4436	
1958	4649	3941	4035	4413	3846	3681	4082	4106	3917	3492	2501	2218	1958	1840	1250	802	849	0	495	1109	1416	1840	1864	2832	2501	2950	3823	4153	3776	3634	
2194	4767	4130	4271	4696	4153	4035	4484	4554	4389	3988	2973	2690	2454	2312	1722	1298	1109	495	0	613	991	1463	1675	2525	2360	2832	3705	4082	3799	3705	
2548	4885	4342	4531	5003	4507	4436	4956	5074	4932	4554	3540	3280	3068	2950	2360	1911	1628	1109	613	0	495	1014	1510	2147	2242	2714	3540	3988	3823	3823	
2430	4554	4082	4318	4814	4389	4366	4932	5097	5026	4696	3681	3469	3280	3256	2666	2194	2100	1416	991	495	0	495	1085	1628	1793	2265	3068	3540	3422	3492	
2454	4248	3870	4153	4696	4318	4342	4956	5192	5168	4908	3894	3705	3587	3634	3044	2572	2572	1840	1463	1014	495	0	778	1109	1416	1864	2596	3115	3091	3233	
1793	3492	3068	3374	3917	3587	3634	4271	4578	4625	4389	3422	3280	3256	3445	2902	2430	2714	1864	1675	1510	1085	778	0	1038	731	1203	2029	2478	2336	2454	
2737	3705	3563	3917	4531	4318	4460	5144	5498	5593	5404	4436	4342	4295	4484	3941	3445	3634	2832	2525	2147	1628	1109	1038	0	1038	1227	1699	2265	2501	2808	
1793	2832	2548	2902	3492	3256	3422	4106	4484	4625	4507	3563	3516	3563	3870	3374	2926	3374	2501	2360	2242	1793	1416	731	1038	0	472	1321	1746	1652	1840	
2006	2501	2336	2737	3351	3209	3422	4130	4554	4743	4672	3799	3799	3894	4248	3776	3327	3823	2950	2832	2714	2265	1864	1203	1227	472	0	873	1274	1298	1581	
2737	2265	2454	2902	3516	3540	3823	4554	5050	5310	5333	4531	4554	4672	5074	4625	4200	4696	3823	3705	3540	3068	2596	2029	1699	1321	873	0	566	1180	1675	
2832	1746	2076	2548	3138	3280	3610	4318	4861	5168	5262	4531	4602	4790	5239	4838	4436	5026	4153	4082	3988	3540	3115	2478	2265	1746	1274	566	0	849	1368	
2147	1180	1274	1722	2336	2407	2737	3469	4012	4342	4436	3752	3870	4082	4602	4248	3917	4602	3776	3799	3823	3422	3091	2336	2501	1652	1298	1180	849	0	519	
1840	1038	778	1227	1840	1888	2218	2950	3492	3823	3941	3327	3469	3705	4271	3964	3658	4436	3634	3705	3823	3492	3233	2454	2808	1840	1581	1675	1368	519	0	
V2
0	2165	1547	1601	1911	1510	1474	1929	2129	2184	2074	1383	1383	1510	1874	1619	1419	2056	1510	1692	1965	1874	1892	1383	2111	1383	1547	2111	2184	1656	1419	
2165	0	691	946	1274	1601	1929	2402	2875	3221	3421	3094	3257	3494	3967	3767	3585	4204	3585	3676	3767	3512	3276	2693	2857	2184	1929	1747	1346	910	800	
1547	691	0	345	819	964	1255	1783	2238	2548	2730	2384	2548	2802	3276	3130	2948	3621	3039	3185	3348	3148	2984	2366	2748	1965	1801	1892	1601	982	600	
1601	946	345	0	473	655	964	1456	1929	2275	2493	2220	2420	2693	3203	3075	2966	3640	3112	3294	3494	3330	3203	2602	3021	2238	2111	2238	1965	1328	946	
1911	1274	819	473	0	527	819	1183	1656	2056	2329	2238	2475	2766	3294	3239	3166	3876	3403	3621	3858	3712	3621	3021	3494	2693	2584	2711	2420	1801	1419	
1510	1601	964	655	527	0	327	819	1274	1619	1856	1710	1947	2238	2766	2730	2675	3403	2966	3203	3476	3385	3330	2766	3330	2511	2475	2730	2529	1856	1456	
1474	1929	1255	964	819	327	0	546	964	1292	1528	1419	1674	1983	2511	2511	2493	3221	2839	3112	3421	3367	3348	2802	3439	2639	2639	2948	2784	2111	1710	
1929	2402	1783	1456	1183	819	546	0	473	873	1237	1437	1710	2038	2548	2657	2730	3458	3148	3458	3822	3803	3822	3294	3967	3166	3185	3512	3330	2675	2275	
2129	2875	2238	1929	1656	1274	964	473	0	436	855	1292	1583	1892	2366	2548	2675	3385	3166	3512	3913	3931	4004	3530	4240	3458	3512	3894	3749	3094	2693	
2184	3221	2548	2275	2056	1619	1292	873	436	0	455	1073	1346	1619	2056	2311	2475	3148	3021	3385	3803	3876	3985	3567	4313	3567	3658	4095	3985	3348	2948	
2074	3421	2730	2493	2329	1856	1528	1237	855	455	0	782	982	1237	1619	1911	2129	2766	2693	3075	3512	3621	3785	3385	4167	3476	3603	4113	4058	3421	3039	
1383	3094	2384	2220	2238	1710	1419	1437	1292	1073	782	0	273	600	1110	1255	1401	2093	1929	2293	2730	2839	3003	2639	3421	2748	2930	3494	3494	2893	2566	
1383	3257	2548	2420	2475	1947	1674	1710	1583	1346	982	273	0	309	837	964	1146	1820	1710	2074	2529	2675	2857	2529	3348	2711	2930	3512	3549	2984	2675	
1510	3494	2802	2693	2766	2238	1983	2038	1892	1619	1237	600	309	0	509	673	910	1528	1510	1892	2366	2529	2766	2511	3312	2748	3003	3603	3694	3148	2857	
1874	3967	3276	3203	3294	2766	2511	2548	2366	2056	1619	1110	837	509	0	455	819	1201	1419	1783	2275	2511	2802	2657	3458	2984	3276	3913	4040	3549	3294	
1619	3767	3130	3075	3239	2730	2511	2657	2548	2311	1911	1255	964	673	455	0	364	855	964	1328	1820	2056	2347	2238	3039	2602	2912	3567	3731	3276	3057	
1419	3585	2948	2966	3166	2675	2493	2730	2675	2475	2129	1401	1146	910	819	364	0	728	618	1001	1474	1692	1983	1874	2657	2256	2566	3239	3421	3021	2821	
2056	4204	3621	3640	3876	3403	3221	3458	3385	3148	2766	2093	1820	1528	1201	855	728	0	655	855	1255	1619	1983	2093	2802	2602	2948	3621	3876	3549	3421	
1510	3585	3039	3112	3403	2966	2839	3148	3166	3021	2693	1929	1710	1510	1419	964	618	655	0	382	855	1092	1419	1437	2184	1929	2275	2948	3203	2912	2802	
1692	3676	3185	3294	3621	3203	3112	3458	3512	3385	3075	2293	2074	1892	1783	1328	1001	855	382	0	473	764	1128	1292	1947	1820	2184	2857	3148	2930	2857	
1965	3767	3348	3494	3858	3476	3421	3822	3913	3803	3512	2730	2529	2366	2275	1820	1474	1255	855	473	0	382	782	1164	1656	1729	2093	2730	3075	2948	2948	
1874	3512	3148	3330	3712	3385	3367	3803	3931	3876	3621	2839	2675	2529	2511	2056	1692	1619	1092	764	382	0	382	837	1255	1383	1747	2366	2730	2639	2693	
1892	3276	2984	3203	3621	3330	3348	3822	4004	3985	3785	3003	2857	2766	2802	2347	1983	1983	1419	1128	782	382	0	600	855	1092	1437	2002	2402	2384	2493	
1383	2693	2366	2602	3021	2766	2802	3294	3530	3567	3385	2639	2529	2511	2657	2238	1874	2093	1437	1292	1164	837	600	0	800	564	928	1565	1911	1801	1892	
2111	2857	2748	3021	3494	3330	3439	3967	4240	4313	4167	3421	3348	3312	3458	3039	2657	2802	2184	1947	1656	1255	855	800	0	800	946	1310	1747	1929	2165	
1383	2184	1965	2238	2693	2511	2639	3166	3458	3567	3476	2748	2711	2748	2984	2602	2256	2602	1929	1820	1729	1383	1092	564	800	0	364	1019	1346	1274	1419	
1547	1929	1801	2111	2584	2475	2639	3185	3512	3658	3603	2930	2930	3003	3276	2912	2566	2948	2275	2184	2093	1747	1437	928	946	364	0	673	982	1001	1219	
2111	1747	1892	2238	2711	2730	2948	3512	3894	4095	4113	3494	3512	3603	3913	3567	3239	3621	2948	2857	2730	2366	2002	1565	1310	1019	673	0	436	910	1292	
2184	1346	1601	1965	2420	2529	2784	3330	3749	3985	4058	3494	3549	3694	4040	3731	3421	3876	3203	3148	3075	2730	2402	1911	1747	1346	982	436	0	655	1055	
1656	910	982	1328	1801	1856	2111	2675	3094	3348	3421	2893	2984	3148	3549	3276	3021	3549	2912	2930	2948	2639	2384	1801	1929	1274	1001	910	655	0	400	
1419	800	600	946	1419	1456	1710	2275	2693	2948	3039	2566	2675	2857	3294	3057	2821	3421	2802	2857	2948	2693	2493	1892	2165	1419	1219	1292	1055	400	0	
V3
0	2522	1802	1865	2226	1759	1717	2247	2480	2544	2416	1611	1611	1759	2183	1886	1653	2395	1759	1971	2289	2183	2204	1611	2459	1611	1802	2459	2544	1929	1653	
2522	0	805	1102	1484	1865	2247	2798	3349	3752	3985	3604	3794	4070	4621	4388	4176	4897	4176	4282	4388	4091	3816	3137	3328	2544	2247	2035	1568	1060	932	
1802	805	0	402	954	1123	1462	2077	2607	2968	3180	2777	2968	3264	3816	3646	3434	4218	3540	3710	3900	3667	3476	2756	3201	2289	2098	2204	1865	1144	699	
1865	1102	402	0	551	763	1123	1696	2247	2650	2904	2586	2819	3137	3731	3582	3455	4240	3625	3837	4070	3879	3731	3031	3519	2607	2459	2607	2289	1547	1102	
2226	1484	954	551	0	614	954	1378	1929	2395	2713	2607	2883	3222	3837	3773	3688	4515	3964	4218	4494	4324	4218	3519	4070	3137	3010	3158	2819	2098	1653	
1759	1865	1123	763	614	0	381	954	1484	1886	2162	1992	2268	2607	3222	3180	3116	3964	3455	3731	4049	3943	3879	3222	3879	2925	2883	3180	2946	2162	1696	
1717	2247	1462	1123	954	381	0	636	1123	1505	1780	1653	1950	2310	2925	2925	2904	3752	3307	3625	3985	3922	3900	3264	4006	3074	3074	3434	3243	2459	1992	
2247	2798	2077	1696	1378	954	636	0	551	1017	1441	1674	1992	2374	2968	3095	3180	4028	3667	4028	4452	4430	4452	3837	4621	3688	3710	4091	3879	3116	2650	
2480	3349	2607	2247	1929	1484	1123	551	0	508	996	1505	1844	2204	2756	2968	3116	3943	3688	4091	4558	4579	4664	4112	4939	4028	4091	4536	4367	3604	3137	
2544	3752	2968	2650	2395	1886	1505	1017	508	0	530	1250	1568	1886	2395	2692	2883	3667	3519	3943	4430	4515	4642	4155	5024	4155	4261	4770	4642	3900	3434	
2416	3985	3180	2904	2713	2162	1780	1441	996	530	0	911	1144	1441	1886	2226	2480	3222	3137	3582	4091	4218	4409	3943	4854	4049	4197	4791	4727	3985	3540	
1611	3604	2777	2586	2607	1992	1653	1674	1505	1250	911	0	318	699	1293	1462	1632	2438	2247	2671	3180	3307	3498	3074	3985	3201	3413	4070	4070	3370	2989	
1611	3794	2968	2819	2883	2268	1950	1992	1844	1568	1144	318	0	360	975	1123	1335	2120	1992	2416	2946	3116	3328	2946	3900	3158	3413	4091	4134	3476	3116	
1759	4070	3264	3137	3222	2607	2310	2374	2204	1886	1441	699	360	0	593	784	1060	1780	1759	2204	2756	2946	3222	2925	3858	3201	3498	4197	4303	3667	3328	
2183	4621	3816	3731	3837	3222	2925	2968	2756	2395	1886	1293	975	593	0	530	954	1399	1653	2077	2650	2925	3264	3095	4028	3476	3816	4558	4706	4134	3837	
1886	4388	3646	3582	3773	3180	2925	3095	2968	2692	2226	1462	1123	784	530	0	424	996	1123	1547	2120	2395	2734	2607	3540	3031	3392	4155	4346	3816	3561	
1653	4176	3434	3455	3688	3116	2904	3180	3116	2883	2480	1632	1335	1060	954	424	0	848	720	1166	1717	1971	2310	2183	3095	2628	2989	3773	3985	3519	3286	
2395	4897	4218	4240	4515	3964	3752	4028	3943	3667	3222	2438	2120	1780	1399	996	848	0	763	996	1462	1886	2310	2438	3264	3031	3434	4218	4515	4134	3985	
1759	4176	3540	3625	3964	3455	3307	3667	3688	3519	3137	2247	1992	1759	1653	1123	720	763	0	445	996	1272	1653	1674	2544	2247	2650	3434	3731	3392	3264	
1971	4282	3710	3837	4218	3731	3625	4028	4091	3943	3582	2671	2416	2204	2077	1547	1166	996	445	0	551	890	1314	1505	2268	2120	2544	3328	3667	3413	3328	
2289	4388	3900	4070	4494	4049	3985	4452	4558	4430	4091	3180	2946	2756	2650	2120	1717	1462	996	551	0	445	911	1356	1929	2014	2438	3180	3582	3434	3434	
2183	4091	3667	3879	4324	3943	3922	4430	4579	4515	4218	3307	3116	2946	2925	2395	1971	1886	1272	890	445	0	445	975	1462	1611	2035	2756	3180	3074	3137	
2204	3816	3476	3731	4218	3879	3900	4452	4664	4642	4409	3498	3328	3222	3264	2734	2310	2310	1653	1314	911	445	0	699	996	1272	1674	2332	2798	2777	2904	
1611	3137	2756	3031	3519	3222	3264	3837	4112	4155	3943	3074	2946	2925	3095	2607	2183	2438	1674	1505	1356	975	699	0	932	657	1081	1823	2226	2098	2204	
2459	3328	3201	3519	4070	3879	4006	4621	4939	5024	4854	3985	3900	3858	4028	3540	3095	3264	2544	2268	1929	1462	996	932	0	932	1102	1526	2035	2247	2522	
1611	2544	2289	2607	3137	2925	3074	3688	4028	4155	4049	3201	3158	3201	3476	3031	2628	3031	2247	2120	2014	1611	1272	657	932	0	424	1187	1568	1484	1653	
1802	2247	2098	2459	3010	2883	3074	3710	4091	4261	4197	3413	3413	3498	3816	3392	2989	3434	2650	2544	2438	2035	1674	1081	1102	424	0	784	1144	1166	1420	
2459	2035	2204	2607	3158	3180	3434	4091	4536	4770	4791	4070	4091	4197	4558	4155	3773	4218	3434	3328	3180	2756	2332	1823	1526	1187	784	0	508	1060	1505	
2544	1568	1865	2289	2819	2946	3243	3879	4367	4642	4727	4070	4134	4303	4706	4346	3985	4515	3731	3667	3582	3180	2798	2226	2035	1568	1144	508	0	763	1229	
1929	1060	1144	1547	2098	2162	2459	3116	3604	3900	3985	3370	3476	3667	4134	3816	3519	4134	3392	3413	3434	3074	2777	2098	2247	1484	1166	1060	763	0	466	
1653	932	699	1102	1653	1696	1992	2650	3137	3434	3540	2989	3116	3328	3837	3561	3286	3985	3264	3328	3434	3137	2904	2204	2522	1653	1420	1505	1229	466	0	
V4
0	2475	1768	1830	2184	1726	1684	2204	2433	2496	2371	1580	1580	1726	2142	1851	1622	2350	1726	1934	2246	2142	2163	1580	2412	1580	1768	2412	2496	1892	1622	
2475	0	790	1081	1456	1830	2204	2745	3286	3681	3910	3536	3723	3993	4534	4305	4097	4804	4097	4201	4305	4014	3744	3078	3265	2496	2204	1996	1539	1040	915	
1768	790	0	395	936	1102	1435	2038	2558	2912	3120	2724	2912	3203	3744	3577	3369	4139	3473	3640	3827	3598	3411	2704	3140	2246	2059	2163	1830	1123	686	
1830	1081	395	0	540	748	1102	1664	2204	2600	2849	2537	2766	3078	3660	3515	3390	4160	3556	3764	3993	3806	3660	2974	3452	2558	2412	2558	2246	1518	1081	
2184	1456	936	540	0	603	936	1352	1892	2350	2662	2558	2828	3161	3764	3702	3619	4430	3889	4139	4409	4243	4139	3452	3993	3078	2953	3099	2766	2059	1622	
1726	1830	1102	748	603	0	374	936	1456	1851	2121	1955	2225	2558	3161	3120	3057	3889	3390	3660	3972	3868	3806	3161	3806	2870	2828	3120	2891	2121	1664	
1684	2204	1435	1102	936	374	0	624	1102	1476	1747	1622	1913	2267	2870	2870	2849	3681	3244	3556	3910	3848	3827	3203	3931	3016	3016	3369	3182	2412	1955	
2204	2745	2038	1664	1352	936	624	0	540	998	1414	1643	1955	2329	2912	3036	3120	3952	3598	3952	4368	4347	4368	3764	4534	3619	3640	4014	3806	3057	2600	
2433	3286	2558	2204	1892	1456	1102	540	0	499	977	1476	1809	2163	2704	2912	3057	3868	3619	4014	4472	4492	4576	4035	4846	3952	4014	4451	4284	3536	3078	
2496	3681	2912	2600	2350	1851	1476	998	499	0	520	1227	1539	1851	2350	2641	2828	3598	3452	3868	4347	4430	4555	4076	4929	4076	4180	4680	4555	3827	3369	
2371	3910	3120	2849	2662	2121	1747	1414	977	520	0	894	1123	1414	1851	2184	2433	3161	3078	3515	4014	4139	4326	3868	4763	3972	4118	4700	4638	3910	3473	
1580	3536	2724	2537	2558	1955	1622	1643	1476	1227	894	0	312	686	1268	1435	1601	2392	2204	2620	3120	3244	3432	3016	3910	3140	3348	3993	3993	3307	2932	
1580	3723	2912	2766	2828	2225	1913	1955	1809	1539	1123	312	0	353	956	1102	1310	2080	1955	2371	2891	3057	3265	2891	3827	3099	3348	4014	4056	3411	3057	
1726	3993	3203	3078	3161	2558	2267	2329	2163	1851	1414	686	353	0	582	769	1040	1747	1726	2163	2704	2891	3161	2870	3785	3140	3432	4118	4222	3598	3265	
2142	4534	3744	3660	3764	3161	2870	2912	2704	2350	1851	1268	956	582	0	520	936	1372	1622	2038	2600	2870	3203	3036	3952	3411	3744	4472	4617	4056	3764	
1851	4305	3577	3515	3702	3120	2870	3036	2912	2641	2184	1435	1102	769	520	0	416	977	1102	1518	2080	2350	2683	2558	3473	2974	3328	4076	4264	3744	3494	
1622	4097	3369	3390	3619	3057	2849	3120	3057	2828	2433	1601	1310	1040	936	416	0	832	707	1144	1684	1934	2267	2142	3036	2579	2932	3702	3910	3452	3224	
2350	4804	4139	4160	4430	3889	3681	3952	3868	3598	3161	2392	2080	1747	1372	977	832	0	748	977	1435	1851	2267	2392	3203	2974	3369	4139	4430	4056	3910	
1726	4097	3473	3556	3889	3390	3244	3598	3619	3452	3078	2204	1955	1726	1622	1102	707	748	0	436	977	1248	1622	1643	2496	2204	2600	3369	3660	3328	3203	
1934	4201	3640	3764	4139	3660	3556	3952	4014	3868	3515	2620	2371	2163	2038	1518	1144	977	436	0	540	873	1289	1476	2225	2080	2496	3265	3598	3348	3265	
2246	4305	3827	3993	4409	3972	3910	4368	4472	4347	4014	3120	2891	2704	2600	2080	1684	1435	977	540	0	436	894	1331	1892	1976	2392	3120	3515	3369	3369	
2142	4014	3598	3806	4243	3868	3848	4347	4492	4430	4139	3244	3057	2891	2870	2350	1934	1851	1248	873	436	0	436	956	1435	1580	1996	2704	3120	3016	3078	
2163	3744	3411	3660	4139	3806	3827	4368	4576	4555	4326	3432	3265	3161	3203	2683	2267	2267	1622	1289	894	436	0	686	977	1248	1643	2288	2745	2724	2849	
1580	3078	2704	2974	3452	3161	3203	3764	4035	4076	3868	3016	2891	2870	3036	2558	2142	2392	1643	1476	1331	956	686	0	915	644	1060	1788	2184	2059	2163	
2412	3265	3140	3452	3993	3806	3931	4534	4846	4929	4763	3910	3827	3785	3952	3473	3036	3203	2496	2225	1892	1435	977	915	0	915	1081	1497	1996	2204	2475	
1580	2496	2246	2558	3078	2870	3016	3619	3952	4076	3972	3140	3099	3140	3411	2974	2579	2974	2204	2080	1976	1580	1248	644	915	0	416	1164	1539	1456	1622	
1768	2204	2059	2412	2953	2828	3016	3640	4014	4180	4118	3348	3348	3432	3744	3328	2932	3369	2600	2496	2392	1996	1643	1060	1081	416	0	769	1123	1144	1393	
2412	1996	2163	2558	3099	3120	3369	4014	4451	4680	4700	3993	4014	4118	4472	4076	3702	4139	3369	3265	3120	2704	2288	1788	1497	1164	769	0	499	1040	1476	
2496	1539	1830	2246	2766	2891	3182	3806	4284	4555	4638	3993	4056	4222	4617	4264	3910	4430	3660	3598	3515	3120	2745	2184	1996	1539	1123	499	0	748	1206	
1892	1040	1123	1518	2059	2121	2412	3057	3536	3827	3910	3307	3411	3598	4056	3744	3452	4056	3328	3348	3369	3016	2724	2059	2204	1456	1144	1040	748	0	457	
1622	915	686	1081	1622	1664	1955	2600	3078	3369	3473	2932	3057	3265	3764	3494	3224	3910	3203	3265	3369	3078	2849	2163	2475	1622	1393	1476	1206	457	0	
V5
0	1404	1003	1038	1239	979	955	1250	1380	1416	1345	896	896	979	1215	1050	920	1333	979	1097	1274	1215	1227	896	1368	896	1003	1368	1416	1073	920	
1404	0	448	613	826	1038	1250	1557	1864	2088	2218	2006	2112	2265	2572	2442	2324	2725	2324	2383	2442	2277	2124	1746	1852	1416	1250	1132	873	590	519	
1003	448	0	224	531	625	814	1156	1451	1652	1770	1545	1652	1817	2124	2029	1911	2348	1970	2065	2171	2041	1935	1534	1781	1274	1168	1227	1038	637	389	
1038	613	224	0	306	424	625	944	1250	1475	1616	1439	1569	1746	2076	1994	1923	2360	2017	2135	2265	2159	2076	1687	1958	1451	1368	1451	1274	861	613	
1239	826	531	306	0	342	531	767	1073	1333	1510	1451	1604	1793	2135	2100	2053	2513	2206	2348	2501	2407	2348	1958	2265	1746	1675	1758	1569	1168	920	
979	1038	625	424	342	0	212	531	826	1050	1203	1109	1262	1451	1793	1770	1734	2206	1923	2076	2253	2194	2159	1793	2159	1628	1604	1770	1640	1203	944	
955	1250	814	625	531	212	0	354	625	837	991	920	1085	1286	1628	1628	1616	2088	1840	2017	2218	2183	2171	1817	2230	1711	1711	1911	1805	1368	1109	
1250	1557	1156	944	767	531	354	0	306	566	802	932	1109	1321	1652	1722	1770	2242	2041	2242	2478	2466	2478	2135	2572	2053	2065	2277	2159	1734	1475	
1380	1864	1451	1250	1073	826	625	306	0	283	554	837	1026	1227	1534	1652	1734	2194	2053	2277	2537	2548	2596	2289	2749	2242	2277	2525	2430	2006	1746	
1416	2088	1652	1475	1333	1050	837	566	283	0	295	696	873	1050	1333	1498	1604	2041	1958	2194	2466	2513	2584	2312	2796	2312	2371	2655	2584	2171	1911	
1345	2218	1770	1616	1510	1203	991	802	554	295	0	507	637	802	1050	1239	1380	1793	1746	1994	2277	2348	2454	2194	2702	2253	2336	2666	2631	2218	1970	
896	2006	1545	1439	1451	1109	920	932	837	696	507	0	177	389	719	814	908	1357	1250	1486	1770	1840	1947	1711	2218	1781	1899	2265	2265	1876	1663	
896	2112	1652	1569	1604	1262	1085	1109	1026	873	637	177	0	200	542	625	743	1180	1109	1345	1640	1734	1852	1640	2171	1758	1899	2277	2301	1935	1734	
979	2265	1817	1746	1793	1451	1286	1321	1227	1050	802	389	200	0	330	436	590	991	979	1227	1534	1640	1793	1628	2147	1781	1947	2336	2395	2041	1852	
1215	2572	2124	2076	2135	1793	1628	1652	1534	1333	1050	719	542	330	0	295	531	778	920	1156	1475	1628	1817	1722	2242	1935	2124	2537	2619	2301	2135	
1050	2442	2029	1994	2100	1770	1628	1722	1652	1498	1239	814	625	436	295	0	236	554	625	861	1180	1333	1522	1451	1970	1687	1888	2312	2419	2124	1982	
920	2324	1911	1923	2053	1734	1616	1770	1734	1604	1380	908	743	590	531	236	0	472	401	649	955	1097	1286	1215	1722	1463	1663	2100	2218	1958	1829	
1333	2725	2348	2360	2513	2206	2088	2242	2194	2041	1793	1357	1180	991	778	554	472	0	424	554	814	1050	1286	1357	1817	1687	1911	2348	2513	2301	2218	
979	2324	1970	2017	2206	1923	1840	2041	2053	1958	1746	1250	1109	979	920	625	401	424	0	247	554	708	920	932	1416	1250	1475	1911	2076	1888	1817	
1097	2383	2065	2135	2348	2076	2017	2242	2277	2194	1994	1486	1345	1227	1156	861	649	554	247	0	306	495	731	837	1262	1180	1416	1852	2041	1899	1852	
1274	2442	2171	2265	2501	2253	2218	2478	2537	2466	2277	1770	1640	1534	1475	1180	955	814	554	306	0	247	507	755	1073	1121	1357	1770	1994	1911	1911	
1215	2277	2041	2159	2407	2194	2183	2466	2548	2513	2348	1840	1734	1640	1628	1333	1097	1050	708	495	247	0	247	542	814	896	1132	1534	1770	1711	1746	
1227	2124	1935	2076	2348	2159	2171	2478	2596	2584	2454	1947	1852	1793	1817	1522	1286	1286	920	731	507	247	0	389	554	708	932	1298	1557	1545	1616	
896	1746	1534	1687	1958	1793	1817	2135	2289	2312	2194	1711	1640	1628	1722	1451	1215	1357	932	837	755	542	389	0	519	365	601	1014	1239	1168	1227	
1368	1852	1781	1958	2265	2159	2230	2572	2749	2796	2702	2218	2171	2147	2242	1970	1722	1817	1416	1262	1073	814	554	519	0	519	613	849	1132	1250	1404	
896	1416	1274	1451	1746	1628	1711	2053	2242	2312	2253	1781	1758	1781	1935	1687	1463	1687	1250	1180	1121	896	708	365	519	0	236	660	873	826	920	
1003	1250	1168	1368	1675	1604	1711	2065	2277	2371	2336	1899	1899	1947	2124	1888	1663	1911	1475	1416	1357	1132	932	601	613	236	0	436	637	649	790	
1368	1132	1227	1451	1758	1770	1911	2277	2525	2655	2666	2265	2277	2336	2537	2312	2100	2348	1911	1852	1770	1534	1298	1014	849	660	436	0	283	590	837	
1416	873	1038	1274	1569	1640	1805	2159	2430	2584	2631	2265	2301	2395	2619	2419	2218	2513	2076	2041	1994	1770	1557	1239	1132	873	637	283	0	424	684	
1073	590	637	861	1168	1203	1368	1734	2006	2171	2218	1876	1935	2041	2301	2124	1958	2301	1888	1899	1911	1711	1545	1168	1250	826	649	590	424	0	259	
920	519	389	613	920	944	1109	1475	1746	1911	1970	1663	1734	1852	2135	1982	1829	2218	1817	1852	1911	1746	1616	1227	1404	920	790	837	684	259	0	
V6
0	2689	1921	1988	2373	1875	1830	2395	2644	2712	2576	1717	1717	1875	2327	2011	1762	2553	1875	2101	2440	2327	2350	1717	2621	1717	1921	2621	2712	2056	1762	
2689	0	858	1175	1582	1988	2395	2983	3570	4000	4248	3842	4045	4339	4926	4678	4452	5220	4452	4565	4678	4361	4068	3344	3548	2712	2395	2169	1672	1130	994	
1921	858	0	429	1017	1197	1559	2214	2779	3164	3390	2960	3164	3480	4068	3887	3661	4497	3774	3955	4158	3909	3706	2938	3412	2440	2237	2350	1988	1220	745	
1988	1175	429	0	587	813	1197	1808	2395	2825	3096	2757	3005	3344	3977	3819	3683	4520	3864	4090	4339	4135	3977	3231	3751	2779	2621	2779	2440	1649	1175	
2373	1582	1017	587	0	655	1017	1469	2056	2553	2892	2779	3073	3435	4090	4022	3932	4813	4226	4497	4791	4610	4497	3751	4339	3344	3209	3367	3005	2237	1762	
1875	1988	1197	813	655	0	406	1017	1582	2011	2305	2124	2418	2779	3435	3390	3322	4226	3683	3977	4316	4203	4135	3435	4135	3118	3073	3390	3141	2305	1808	
1830	2395	1559	1197	1017	406	0	678	1197	1604	1898	1762	2079	2463	3118	3118	3096	4000	3525	3864	4248	4181	4158	3480	4271	3277	3277	3661	3457	2621	2124	
2395	2983	2214	1808	1469	1017	678	0	587	1084	1536	1785	2124	2531	3164	3299	3390	4294	3909	4294	4746	4723	4746	4090	4926	3932	3955	4361	4135	3322	2825	
2644	3570	2779	2395	2056	1582	1197	587	0	542	1062	1604	1966	2350	2938	3164	3322	4203	3932	4361	4859	4881	4972	4384	5265	4294	4361	4836	4655	3842	3344	
2712	4000	3164	2825	2553	2011	1604	1084	542	0	565	1333	1672	2011	2553	2870	3073	3909	3751	4203	4723	4813	4949	4429	5356	4429	4542	5085	4949	4158	3661	
2576	4248	3390	3096	2892	2305	1898	1536	1062	565	0	971	1220	1536	2011	2373	2644	3435	3344	3819	4361	4497	4700	4203	5175	4316	4474	5107	5039	4248	3774	
1717	3842	2960	2757	2779	2124	1762	1785	1604	1333	971	0	339	745	1378	1559	1740	2599	2395	2847	3390	3525	3729	3277	4248	3412	3638	4339	4339	3593	3186	
1717	4045	3164	3005	3073	2418	2079	2124	1966	1672	1220	339	0	384	1039	1197	1423	2260	2124	2576	3141	3322	3548	3141	4158	3367	3638	4361	4407	3706	3322	
1875	4339	3480	3344	3435	2779	2463	2531	2350	2011	1536	745	384	0	632	836	1130	1898	1875	2350	2938	3141	3435	3118	4113	3412	3729	4474	4587	3909	3548	
2327	4926	4068	3977	4090	3435	3118	3164	2938	2553	2011	1378	1039	632	0	565	1017	1491	1762	2214	2825	3118	3480	3299	4294	3706	4068	4859	5017	4407	4090	
2011	4678	3887	3819	4022	3390	3118	3299	3164	2870	2373	1559	1197	836	565	0	452	1062	1197	1649	2260	2553	2915	2779	3774	3231	3616	4429	4633	4068	3796	
1762	4452	3661	3683	3932	3322	3096	3390	3322	3073	2644	1740	1423	1130	1017	452	0	904	768	1243	1830	2101	2463	2327	3299	2802	3186	4022	4248	3751	3503	
2553	5220	4497	4520	4813	4226	4000	4294	4203	3909	3435	2599	2260	1898	1491	1062	904	0	813	1062	1559	2011	2463	2599	3480	3231	3661	4497	4813	4407	4248	
1875	4452	3774	3864	4226	3683	3525	3909	3932	3751	3344	2395	2124	1875	1762	1197	768	813	0	474	1062	1356	1762	1785	2712	2395	2825	3661	3977	3616	3480	
2101	4565	3955	4090	4497	3977	3864	4294	4361	4203	3819	2847	2576	2350	2214	1649	1243	1062	474	0	587	949	1401	1604	2418	2260	2712	3548	3909	3638	3548	
2440	4678	4158	4339	4791	4316	4248	4746	4859	4723	4361	3390	3141	2938	2825	2260	1830	1559	1062	587	0	474	971	1446	2056	2147	2599	3390	3819	3661	3661	
2327	4361	3909	4135	4610	4203	4181	4723	4881	4813	4497	3525	3322	3141	3118	2553	2101	2011	1356	949	474	0	474	1039	1559	1717	2169	2938	3390	3277	3344	
