M: 2
N: 30
Nun_Veiculos: 8
Capacidade_Total: 797
Demanda_Total: 506
Setup_Min: 1
Setup_Max: 99
Raio: 100
Circulos: 1
Tempo_Processamento_Min: 1
Tempo_Processamento_Max: 49
Demanda_Min: 10
Demanda_Max: 30
Priority_Factor: 0.2
Range_Factor_R: 0.8
U_factor: 2
ALpha: 0.2Replicao: 3
Tempos_Processamentos
0	0	1	0	
0	6	1	22	
0	47	1	3	
0	15	1	30	
0	37	1	26	
0	6	1	16	
0	1	1	46	
0	26	1	9	
0	12	1	1	
0	19	1	22	
0	6	1	28	
0	8	1	21	
0	14	1	48	
0	44	1	47	
0	28	1	10	
0	25	1	40	
0	5	1	29	
0	2	1	3	
0	22	1	39	
0	6	1	1	
0	45	1	49	
0	39	1	2	
0	11	1	14	
0	49	1	46	
0	12	1	30	
0	9	1	48	
0	9	1	33	
0	28	1	1	
0	4	1	31	
0	1	1	40	
0	6	1	49	

Tempos_setup
M0
0	0	0	0	0	0	0	0	0	0	0	0	0	0	0	0	0	0	0	0	0	0	0	0	0	0	0	0	0	0	0	
0	0	9	10	20	5	9	10	4	17	11	15	13	6	20	10	7	17	11	8	11	12	14	11	14	10	16	13	9	7	5	
0	20	0	10	23	20	18	17	19	20	20	18	27	22	27	18	23	24	11	23	27	19	14	26	14	17	16	24	24	15	20	
0	10	6	0	13	10	8	7	9	10	10	20	19	12	17	8	13	14	1	13	17	9	4	16	4	7	6	18	14	5	10	
0	20	20	21	0	16	14	13	15	16	7	22	15	23	12	21	23	22	22	17	23	19	19	21	19	26	17	12	14	18	16	
0	13	15	12	20	0	9	9	10	12	11	18	11	15	25	8	7	17	13	8	18	7	12	6	15	10	13	8	9	10	11	
0	19	15	9	13	15	0	12	14	18	2	19	12	21	25	17	20	23	10	15	10	18	13	21	13	16	15	18	16	14	15	
0	15	7	8	21	3	9	0	2	15	11	13	12	10	18	11	10	20	9	11	10	10	9	9	6	13	14	11	12	13	3	
0	14	5	6	19	1	7	10	0	13	9	11	10	8	16	9	8	18	7	9	8	8	10	7	10	11	12	9	10	11	1	
0	17	10	11	15	6	4	10	5	0	6	13	12	13	20	8	9	18	12	3	13	3	12	6	15	12	14	9	4	5	6	
0	18	17	18	31	13	18	21	12	20	0	17	10	20	25	21	20	30	19	21	20	20	12	19	18	21	21	21	22	21	13	
0	14	13	14	21	9	8	7	8	10	10	0	9	16	22	15	16	16	15	11	16	13	15	15	13	19	11	6	12	12	9	
0	16	7	8	21	3	8	11	2	10	10	7	0	10	18	11	10	20	9	11	10	10	11	9	8	13	14	11	12	13	3	
0	16	9	10	14	5	3	4	4	12	5	12	11	0	19	7	1	11	11	2	12	6	11	7	10	4	13	8	3	4	5	
0	15	8	9	22	4	9	8	3	11	11	14	10	11	0	12	11	17	10	12	11	11	13	10	13	14	12	7	2	13	4	
0	10	19	20	30	11	19	20	14	23	21	25	22	16	17	0	17	16	21	18	21	16	4	17	24	20	13	19	15	13	15	
0	15	8	9	13	4	2	3	3	11	4	11	10	8	18	6	0	10	10	1	11	5	10	6	9	3	12	7	2	3	4	
0	18	18	17	23	5	12	13	13	17	14	21	16	18	28	13	10	0	18	11	21	11	17	11	19	13	8	13	12	13	14	
0	9	5	14	12	9	7	6	8	9	9	19	18	15	16	12	16	23	0	12	16	8	3	15	3	19	5	17	13	12	9	
0	14	7	8	12	3	1	7	2	10	3	10	9	10	17	5	10	16	9	0	10	10	9	9	12	13	11	6	1	2	3	
0	12	8	10	15	5	6	9	4	8	8	9	2	12	19	10	12	21	3	5	0	11	6	11	6	15	8	11	6	7	5	
0	20	16	10	23	10	15	16	16	20	17	15	14	12	27	18	13	15	11	14	12	0	14	16	14	16	16	18	15	15	5	
0	6	15	16	26	7	15	16	10	19	17	21	18	12	13	12	13	23	17	14	17	12	0	13	20	16	9	15	15	9	11	
0	16	12	6	19	16	14	13	15	16	16	26	22	18	23	14	19	20	7	19	23	14	10	0	10	13	11	24	20	11	16	
0	9	2	11	20	6	7	3	5	18	9	16	15	13	16	9	13	23	12	14	13	10	3	12	0	16	12	14	15	12	6	
0	21	14	15	14	10	8	9	9	17	10	17	16	5	24	12	6	16	16	7	17	11	16	12	15	0	18	13	8	9	10	
0	16	15	13	26	13	18	16	15	22	20	18	17	15	27	10	16	18	14	17	15	3	14	19	13	19	0	21	18	7	8	
0	8	8	9	15	4	2	1	3	4	4	10	3	11	19	9	11	10	10	5	11	7	9	10	7	14	5	0	6	6	4	
0	13	6	7	20	2	7	6	1	9	9	12	8	9	17	10	9	15	8	10	9	9	11	8	11	12	10	5	0	11	2	
0	13	19	20	25	14	19	12	14	15	15	25	24	19	20	3	20	16	21	18	22	10	7	20	18	23	16	22	18	0	15	
0	15	11	5	18	5	10	11	11	15	12	10	9	7	22	13	8	18	6	9	7	12	9	11	9	11	11	13	10	10	0	
M1
0	0	0	0	0	0	0	0	0	0	0	0	0	0	0	0	0	0	0	0	0	0	0	0	0	0	0	0	0	0	0	
0	0	12	15	11	11	11	10	9	16	12	15	10	16	19	9	20	2	17	18	12	2	12	6	1	8	15	15	14	9	16	
0	20	0	10	11	5	6	18	6	16	11	13	17	4	11	10	22	15	13	14	13	10	6	14	9	16	15	20	8	11	18	
0	10	13	0	12	8	12	11	10	17	13	3	11	17	20	10	27	8	16	4	12	3	13	7	2	9	16	15	15	18	22	
0	21	9	11	0	11	11	12	15	5	17	14	6	13	20	12	24	18	19	7	5	14	8	18	13	20	4	18	10	13	26	
0	24	15	16	13	0	12	13	12	18	6	19	13	14	13	12	20	10	8	20	15	5	14	9	4	11	17	18	16	19	15	
0	14	3	4	14	1	0	14	9	18	7	7	14	7	14	6	18	11	9	8	9	6	2	10	5	12	18	19	4	7	16	
0	22	2	12	13	7	8	0	8	18	13	15	14	6	13	6	24	17	15	16	9	6	8	10	11	17	17	19	10	13	20	
0	21	14	16	5	16	16	17	0	10	22	19	11	18	19	17	17	20	24	12	10	18	13	22	18	25	9	14	15	18	12	
0	31	23	24	30	22	24	24	28	0	28	27	29	21	20	24	27	15	15	28	27	21	22	25	20	27	34	34	24	27	22	
0	20	9	10	15	7	6	11	15	20	0	13	11	9	8	10	24	15	15	14	11	3	8	7	11	14	19	16	10	13	22	
0	30	12	22	14	14	18	20	12	19	15	0	20	16	17	7	26	24	14	18	10	12	11	4	11	11	18	25	13	16	21	
0	17	3	7	14	8	9	18	9	19	14	10	0	7	14	6	18	15	16	11	9	10	2	12	9	16	18	22	4	7	21	
0	25	14	15	14	1	11	14	13	19	7	10	14	0	14	13	21	11	9	19	16	6	13	10	5	12	18	19	15	18	16	
0	13	7	8	14	2	4	15	9	19	8	11	15	1	0	4	22	7	10	12	7	7	6	11	6	13	18	20	8	11	17	
0	23	15	18	10	15	14	22	5	15	21	21	16	19	23	0	20	22	22	11	3	20	16	24	19	26	14	18	18	9	17	
0	4	16	12	15	15	15	14	13	20	16	15	14	20	23	13	0	6	21	16	16	6	16	10	5	12	19	19	18	13	20	
0	23	25	14	26	20	22	25	24	31	23	13	25	19	18	20	19	0	15	18	23	17	24	17	16	23	30	29	26	29	14	
0	16	12	9	19	7	9	20	14	24	13	12	20	6	5	9	12	12	0	13	12	12	11	16	11	18	23	24	13	16	7	
0	25	11	15	17	4	16	17	16	22	10	18	8	15	16	11	24	11	12	0	14	9	10	13	8	15	21	11	12	15	19	
0	26	12	22	23	16	18	29	18	28	22	24	19	16	23	22	22	23	24	12	0	21	18	25	20	27	24	23	20	11	30	
0	23	10	13	12	10	9	8	12	17	15	16	8	14	17	7	26	20	18	17	10	0	10	4	11	11	16	13	12	15	24	
0	20	1	11	12	6	7	19	7	17	12	14	18	5	12	4	16	16	14	15	7	11	0	10	10	17	16	21	2	5	19	
0	26	14	21	10	10	17	16	8	15	11	24	16	14	13	3	23	20	18	14	6	8	18	0	7	7	14	21	14	12	20	
0	24	11	14	10	10	10	9	8	15	11	17	9	15	18	8	25	14	18	17	11	1	11	5	0	7	14	14	13	16	20	
0	24	12	14	3	3	10	15	15	8	4	17	9	13	12	13	21	13	11	10	8	7	11	10	7	0	7	20	7	10	18	
0	19	5	9	16	10	11	20	11	9	16	12	2	9	16	8	20	17	18	13	1	12	4	14	11	18	0	24	6	9	23	
0	18	12	13	15	7	9	20	14	20	10	16	13	6	5	9	27	12	15	17	12	12	11	16	11	12	11	0	13	16	22	
0	18	18	22	18	9	18	17	16	23	15	18	17	8	21	11	14	19	17	18	6	9	19	8	13	15	16	22	0	3	24	
0	15	15	22	18	19	21	25	13	20	25	25	15	19	26	20	11	17	27	15	3	17	16	21	16	23	13	26	18	0	25	
0	9	21	17	20	20	19	19	17	25	13	17	19	22	21	12	5	8	23	21	15	11	21	15	10	17	24	24	23	18	0	
Tamanho_Tarefas
0	13	6	17	30	10	16	10	5	19	14	9	28	44	18	27	14	2	22	2	46	2	11	46	13	27	16	8	6	4	21	
Data_Entrega
0	287	276	262	248	325	382	362	235	225	276	334	334	315	368	221	276	295	349	240	338	334	234	224	282	296	283	260	293	236	380	
Penalidade_Atraso
0	20	15	8	5	18	6	20	11	20	14	18	10	13	1	15	12	13	6	19	19	17	1	16	2	16	15	9	3	5	12	
Capacidade_Veiculo
103	131	55	130	53	112	92	121	
Custo_Fixo_Veiculo
1030	1310	550	1300	530	1120	920	1210	
Coordenadas_Clientes
x	0	y	0
x	101	y	0
x	108	y	23
x	69	y	30
x	72	y	52
x	55	y	61
x	46	y	80
x	38	y	116
x	8	y	83
x	-12	y	117
x	-37	y	114
x	-50	y	87
x	-51	y	57
x	-90	y	65
x	-68	y	30
x	-78	y	16
x	-90	y	0
x	-113	y	-24
x	-81	y	-36
x	-90	y	-65
x	-72	y	-80
x	-39	y	-69
x	-28	y	-88
x	-10	y	-96
x	9	y	-93
x	25	y	-78
x	56	y	-97
x	76	y	-85
x	60	y	-44
x	109	y	-48
x	105	y	-22
Tempo_Viagem
0	101	110	75	88	82	92	122	83	117	119	100	76	111	74	79	90	115	88	111	107	79	92	96	93	81	112	114	74	119	107	
101	0	24	43	59	76	97	131	123	161	177	174	162	201	171	179	191	215	185	201	190	156	156	146	129	108	106	88	60	48	22	
110	24	0	39	46	65	84	116	116	152	170	170	162	201	176	186	199	225	197	216	207	173	175	167	151	130	130	112	82	71	45	
75	43	39	0	22	34	55	91	80	118	134	131	123	162	137	147	161	189	163	185	178	146	152	148	136	116	127	115	74	87	63	
88	59	46	22	0	19	38	72	70	106	124	126	123	162	141	154	170	200	176	199	195	164	172	169	158	138	149	137	96	106	81	
82	76	65	34	19	0	21	57	51	87	105	108	106	145	126	140	157	188	167	192	189	160	170	169	160	142	158	147	105	121	96	
92	97	84	55	38	21	0	36	38	68	89	96	99	136	124	139	157	189	172	198	198	171	183	184	176	159	177	167	124	142	117	
122	131	116	91	72	57	36	0	44	50	75	92	106	137	136	153	172	205	192	221	224	200	214	217	211	194	213	203	160	178	153	
83	123	116	80	70	51	38	44	0	39	54	58	64	99	92	109	128	161	148	177	181	159	174	179	176	161	186	181	137	165	142	
117	161	152	118	106	87	68	50	39	0	25	48	71	93	102	119	139	172	167	197	205	187	205	213	210	198	224	220	176	204	181	
119	177	170	134	124	105	89	75	54	25	0	29	58	72	88	105	124	156	155	185	196	183	202	211	212	200	230	228	185	218	196	
100	174	170	131	126	108	96	92	58	48	29	0	30	45	59	76	95	127	126	156	168	156	176	187	189	181	212	213	171	208	189	
76	162	162	123	123	106	99	106	64	71	58	30	0	39	31	48	68	101	97	127	138	126	146	158	161	154	187	190	150	191	174	
111	201	201	162	162	145	136	137	99	93	72	45	39	0	41	50	65	91	101	130	145	143	164	179	186	183	218	223	185	228	213	
74	171	176	137	141	126	124	136	92	102	88	59	31	41	0	17	37	70	67	97	110	103	124	138	145	142	177	184	147	193	180	
79	179	186	147	154	140	139	153	109	119	105	76	48	50	17	0	20	53	52	81	96	93	114	131	139	139	175	184	150	197	186	
90	191	199	161	170	157	157	172	128	139	124	95	68	65	37	20	0	33	37	65	81	85	106	124	135	138	174	186	156	204	196	
115	215	225	189	200	188	189	205	161	172	156	127	101	91	70	53	33	0	34	47	69	86	106	125	139	148	183	198	174	223	218	
88	185	197	163	176	167	172	192	148	167	155	126	97	101	67	52	37	34	0	30	44	53	74	92	106	114	149	164	141	190	186	
111	201	216	185	199	192	198	221	177	197	185	156	127	130	97	81	65	47	30	0	23	51	66	85	102	115	149	166	151	199	199	
107	190	207	178	195	189	198	224	181	205	196	168	138	145	110	96	81	69	44	23	0	34	44	63	81	97	128	148	136	183	185	
79	156	173	146	164	160	171	200	159	187	183	156	126	143	103	93	85	86	53	51	34	0	21	39	53	64	99	115	102	149	151	
92	156	175	152	172	170	183	214	174	205	202	176	146	164	124	114	106	106	74	66	44	21	0	19	37	53	84	104	98	142	148	
96	146	167	148	169	169	184	217	179	213	211	187	158	179	138	131	124	125	92	85	63	39	19	0	19	39	66	86	87	128	136	
93	129	151	136	158	160	176	211	176	210	212	189	161	186	145	139	135	139	106	102	81	53	37	19	0	21	47	67	69	109	118	
81	108	130	116	138	142	159	194	161	198	200	181	154	183	142	139	138	148	114	115	97	64	53	39	21	0	36	51	48	89	97	
112	106	130	127	149	158	177	213	186	224	230	212	187	218	177	175	174	183	149	149	128	99	84	66	47	36	0	23	53	72	89	
114	88	112	115	137	147	167	203	181	220	228	213	190	223	184	184	186	198	164	166	148	115	104	86	67	51	23	0	44	49	69	
74	60	82	74	96	105	124	160	137	176	185	171	150	185	147	150	156	174	141	151	136	102	98	87	69	48	53	44	0	49	50	
119	48	71	87	106	121	142	178	165	204	218	208	191	228	193	197	204	223	190	199	183	149	142	128	109	89	72	49	49	0	26	
107	22	45	63	81	96	117	153	142	181	196	189	174	213	180	186	196	218	186	199	185	151	148	136	118	97	89	69	50	26	0	
Custo_Viagem
V0
0	2080	2266	1545	1812	1689	1895	2513	1709	2410	2451	2060	1565	2286	1524	1627	1854	2369	1812	2286	2204	1627	1895	1977	1915	1668	2307	2348	1524	2451	2204	
2080	0	494	885	1215	1565	1998	2719	2554	3337	3666	3584	3337	4140	3522	3687	3934	4429	3811	4140	3914	3213	3213	3007	2678	2224	2183	1812	1236	988	453	
2266	494	0	803	947	1339	1730	2389	2389	3131	3522	3502	3337	4161	3625	3831	4099	4635	4058	4449	4264	3563	3605	3440	3131	2678	2678	2307	1689	1462	927	
1545	885	803	0	453	700	1133	1874	1648	2430	2781	2698	2533	3337	2822	3028	3316	3893	3357	3811	3666	3007	3131	3048	2801	2389	2616	2369	1524	1792	1297	
1812	1215	947	453	0	391	782	1483	1462	2183	2575	2595	2533	3337	2904	3172	3502	4120	3625	4099	4017	3378	3543	3481	3254	2842	3069	2822	1977	2183	1668	
1689	1565	1339	700	391	0	432	1174	1050	1792	2183	2224	2183	2987	2595	2884	3234	3872	3440	3955	3893	3296	3502	3481	3296	2925	3254	3028	2163	2492	1977	
1895	1998	1730	1133	782	432	0	741	782	1400	1833	1977	2039	2801	2554	2863	3234	3893	3543	4078	4078	3522	3769	3790	3625	3275	3646	3440	2554	2925	2410	
2513	2719	2389	1874	1483	1174	741	0	906	1030	1545	1895	2183	2822	2801	3151	3543	4223	3975	4552	4614	4120	4408	4470	4346	3996	4387	4202	3316	3666	3151	
1709	2554	2389	1648	1462	1050	782	906	0	803	1112	1194	1318	2039	1895	2245	2636	3316	3048	3646	3728	3275	3584	3687	3625	3316	3831	3728	2822	3399	2925	
2410	3337	3131	2430	2183	1792	1400	1030	803	0	515	988	1462	1915	2121	2472	2884	3563	3440	4078	4223	3852	4223	4387	4346	4078	4614	4532	3625	4202	3728	
2451	3666	3522	2781	2575	2183	1833	1545	1112	515	0	597	1194	1483	1833	2183	2575	3234	3213	3831	4058	3769	4161	4346	4367	4140	4738	4696	3811	4490	4037	
2060	3584	3502	2698	2595	2224	1977	1895	1194	988	597	0	618	927	1215	1565	1957	2616	2595	3234	3460	3213	3625	3852	3893	3728	4367	4387	3522	4284	3893	
1565	3337	3337	2533	2533	2183	2039	2183	1318	1462	1194	618	0	803	638	1009	1421	2101	1998	2636	2842	2595	3007	3254	3316	3172	3852	3914	3090	3934	3584	
2286	4140	4161	3337	3337	2987	2801	2822	2039	1915	1483	927	803	0	844	1030	1339	1874	2080	2678	3007	2945	3399	3687	3831	3769	4490	4593	3811	4696	4387	
1524	3522	3625	2822	2904	2595	2554	2801	1895	2121	1833	1215	638	844	0	350	762	1442	1380	1998	2266	2121	2554	2842	2987	2925	3646	3790	3028	3975	3708	
1627	3687	3831	3028	3172	2884	2863	3151	2245	2472	2183	1565	1009	1030	350	0	412	1091	1071	1668	1977	1915	2369	2698	2863	2863	3605	3790	3090	4058	3831	
1854	3934	4099	3316	3502	3234	3234	3543	2636	2884	2575	1957	1421	1339	762	412	0	679	762	1339	1689	1751	2204	2554	2781	2842	3605	3831	3213	4202	4037	
2369	4429	4635	3893	4120	3872	3893	4223	3316	3563	3234	2616	2101	1874	1442	1091	679	0	700	968	1421	1771	2183	2575	2884	3048	3790	4078	3584	4593	4490	
1812	3811	4058	3357	3625	3440	3543	3975	3048	3440	3213	2595	1998	2080	1380	1071	762	700	0	618	906	1091	1524	1895	2183	2348	3069	3378	2904	3914	3831	
2286	4140	4449	3811	4099	3955	4078	4552	3646	4078	3831	3234	2636	2678	1998	1668	1339	968	618	0	473	1050	1359	1751	2101	2369	3069	3440	3110	4099	4099	
2204	3914	4264	3666	4017	3893	4078	4614	3728	4223	4058	3460	2842	3007	2266	1977	1689	1421	906	473	0	700	906	1318	1689	1998	2657	3048	2801	3769	3831	
1627	3213	3563	3007	3378	3296	3522	4120	3275	3852	3769	3213	2595	2945	2121	1915	1751	1771	1091	1050	700	0	432	803	1091	1318	2039	2389	2101	3069	3110	
1895	3213	3605	3131	3543	3502	3769	4408	3584	4223	4161	3625	3007	3399	2554	2369	2204	2183	1524	1359	906	432	0	391	762	1091	1730	2142	2018	2925	3048	
1977	3007	3440	3048	3481	3481	3790	4470	3687	4387	4346	3852	3254	3687	2842	2698	2554	2575	1895	1751	1318	803	391	0	391	803	1359	1771	1792	2636	2801	
1915	2678	3131	2801	3254	3296	3625	4346	3625	4346	4367	3893	3316	3831	2987	2863	2781	2884	2183	2101	1689	1091	762	391	0	432	968	1380	1442	2245	2451	
1668	2224	2678	2389	2842	2925	3275	3996	3316	4078	4140	3728	3172	3769	2925	2863	2842	3048	2348	2369	1998	1318	1091	803	432	0	741	1050	988	1833	1998	
2307	2183	2678	2616	3069	3254	3646	4387	3831	4614	4738	4367	3852	4490	3646	3605	3605	3790	3069	3069	2657	2039	1730	1359	968	741	0	473	1091	1483	1833	
2348	1812	2307	2369	2822	3028	3440	4202	3728	4532	4696	4387	3914	4593	3790	3790	3831	4078	3378	3440	3048	2389	2142	1771	1380	1050	473	0	906	1009	1421	
1524	1236	1689	1524	1977	2163	2554	3316	2822	3625	3811	3522	3090	3811	3028	3090	3213	3584	2904	3110	2801	2101	2018	1792	1442	988	1091	906	0	1009	1030	
2451	988	1462	1792	2183	2492	2925	3666	3399	4202	4490	4284	3934	4696	3975	4058	4202	4593	3914	4099	3769	3069	2925	2636	2245	1833	1483	1009	1009	0	535	
2204	453	927	1297	1668	1977	2410	3151	2925	3728	4037	3893	3584	4387	3708	3831	4037	4490	3831	4099	3831	3110	3048	2801	2451	1998	1833	1421	1030	535	0	
V1
0	2646	2882	1965	2305	2148	2410	3196	2174	3065	3117	2620	1991	2908	1938	2069	2358	3013	2305	2908	2803	2069	2410	2515	2436	2122	2934	2986	1938	3117	2803	
2646	0	628	1126	1545	1991	2541	3458	3248	4244	4663	4558	4244	5266	4480	4689	5004	5633	4847	5266	4978	4087	4087	3825	3406	2829	2777	2305	1572	1257	576	
2882	628	0	1021	1205	1703	2200	3039	3039	3982	4480	4454	4244	5292	4611	4873	5213	5895	5161	5659	5423	4532	4585	4375	3982	3406	3406	2934	2148	1860	1179	
1965	1126	1021	0	576	890	1441	2384	2096	3091	3537	3432	3222	4244	3589	3851	4218	4951	4270	4847	4663	3825	3982	3877	3563	3039	3327	3013	1938	2279	1650	
2305	1545	1205	576	0	497	995	1886	1860	2777	3275	3301	3222	4244	3694	4034	4454	5240	4611	5213	5109	4296	4506	4427	4139	3615	3903	3589	2515	2777	2122	
2148	1991	1703	890	497	0	550	1493	1336	2279	2777	2829	2777	3799	3301	3668	4113	4925	4375	5030	4951	4192	4454	4427	4192	3720	4139	3851	2751	3170	2515	
2410	2541	2200	1441	995	550	0	943	995	1781	2331	2515	2593	3563	3248	3641	4113	4951	4506	5187	5187	4480	4794	4820	4611	4165	4637	4375	3248	3720	3065	
3196	3458	3039	2384	1886	1493	943	0	1152	1310	1965	2410	2777	3589	3563	4008	4506	5371	5056	5790	5868	5240	5606	5685	5528	5082	5580	5344	4218	4663	4008	
2174	3248	3039	2096	1860	1336	995	1152	0	1021	1414	1519	1676	2593	2410	2855	3353	4218	3877	4637	4742	4165	4558	4689	4611	4218	4873	4742	3589	4323	3720	
3065	4244	3982	3091	2777	2279	1781	1310	1021	0	655	1257	1860	2436	2698	3144	3668	4532	4375	5187	5371	4899	5371	5580	5528	5187	5868	5764	4611	5344	4742	
3117	4663	4480	3537	3275	2777	2331	1965	1414	655	0	759	1519	1886	2331	2777	3275	4113	4087	4873	5161	4794	5292	5528	5554	5266	6026	5973	4847	5711	5135	
2620	4558	4454	3432	3301	2829	2515	2410	1519	1257	759	0	786	1179	1545	1991	2489	3327	3301	4113	4401	4087	4611	4899	4951	4742	5554	5580	4480	5449	4951	
1991	4244	4244	3222	3222	2777	2593	2777	1676	1860	1519	786	0	1021	812	1283	1807	2672	2541	3353	3615	3301	3825	4139	4218	4034	4899	4978	3930	5004	4558	
2908	5266	5292	4244	4244	3799	3563	3589	2593	2436	1886	1179	1021	0	1074	1310	1703	2384	2646	3406	3825	3746	4323	4689	4873	4794	5711	5842	4847	5973	5580	
1938	4480	4611	3589	3694	3301	3248	3563	2410	2698	2331	1545	812	1074	0	445	969	1834	1755	2541	2882	2698	3248	3615	3799	3720	4637	4820	3851	5056	4716	
2069	4689	4873	3851	4034	3668	3641	4008	2855	3144	2777	1991	1283	1310	445	0	524	1388	1362	2122	2515	2436	3013	3432	3641	3641	4585	4820	3930	5161	4873	
2358	5004	5213	4218	4454	4113	4113	4506	3353	3668	3275	2489	1807	1703	969	524	0	864	969	1703	2148	2227	2803	3248	3537	3615	4585	4873	4087	5344	5135	
3013	5633	5895	4951	5240	4925	4951	5371	4218	4532	4113	3327	2672	2384	1834	1388	864	0	890	1231	1807	2253	2777	3275	3668	3877	4820	5187	4558	5842	5711	
2305	4847	5161	4270	4611	4375	4506	5056	3877	4375	4087	3301	2541	2646	1755	1362	969	890	0	786	1152	1388	1938	2410	2777	2986	3903	4296	3694	4978	4873	
2908	5266	5659	4847	5213	5030	5187	5790	4637	5187	4873	4113	3353	3406	2541	2122	1703	1231	786	0	602	1336	1729	2227	2672	3013	3903	4375	3956	5213	5213	
2803	4978	5423	4663	5109	4951	5187	5868	4742	5371	5161	4401	3615	3825	2882	2515	2148	1807	1152	602	0	890	1152	1676	2148	2541	3379	3877	3563	4794	4873	
2069	4087	4532	3825	4296	4192	4480	5240	4165	4899	4794	4087	3301	3746	2698	2436	2227	2253	1388	1336	890	0	550	1021	1388	1676	2593	3039	2672	3903	3956	
2410	4087	4585	3982	4506	4454	4794	5606	4558	5371	5292	4611	3825	4323	3248	3013	2803	2777	1938	1729	1152	550	0	497	969	1388	2200	2724	2567	3720	3877	
2515	3825	4375	3877	4427	4427	4820	5685	4689	5580	5528	4899	4139	4689	3615	3432	3248	3275	2410	2227	1676	1021	497	0	497	1021	1729	2253	2279	3353	3563	
2436	3406	3982	3563	4139	4192	4611	5528	4611	5528	5554	4951	4218	4873	3799	3641	3537	3668	2777	2672	2148	1388	969	497	0	550	1231	1755	1834	2855	3117	
2122	2829	3406	3039	3615	3720	4165	5082	4218	5187	5266	4742	4034	4794	3720	3641	3615	3877	2986	3013	2541	1676	1388	1021	550	0	943	1336	1257	2331	2541	
2934	2777	3406	3327	3903	4139	4637	5580	4873	5868	6026	5554	4899	5711	4637	4585	4585	4820	3903	3903	3379	2593	2200	1729	1231	943	0	602	1388	1886	2331	
2986	2305	2934	3013	3589	3851	4375	5344	4742	5764	5973	5580	4978	5842	4820	4820	4873	5187	4296	4375	3877	3039	2724	2253	1755	1336	602	0	1152	1283	1807	
1938	1572	2148	1938	2515	2751	3248	4218	3589	4611	4847	4480	3930	4847	3851	3930	4087	4558	3694	3956	3563	2672	2567	2279	1834	1257	1388	1152	0	1283	1310	
3117	1257	1860	2279	2777	3170	3720	4663	4323	5344	5711	5449	5004	5973	5056	5161	5344	5842	4978	5213	4794	3903	3720	3353	2855	2331	1886	1283	1283	0	681	
2803	576	1179	1650	2122	2515	3065	4008	3720	4742	5135	4951	4558	5580	4716	4873	5135	5711	4873	5213	4873	3956	3877	3563	3117	2541	2331	1807	1310	681	0	
V2
0	1111	1210	825	968	902	1012	1342	913	1287	1309	1100	836	1221	814	869	990	1265	968	1221	1177	869	1012	1056	1023	891	1232	1254	814	1309	1177	
1111	0	264	473	649	836	1067	1452	1364	1782	1958	1914	1782	2211	1881	1969	2101	2365	2035	2211	2090	1716	1716	1606	1430	1188	1166	968	660	528	242	
1210	264	0	429	506	715	924	1276	1276	1672	1881	1870	1782	2222	1936	2046	2189	2475	2167	2376	2277	1903	1925	1837	1672	1430	1430	1232	902	781	495	
825	473	429	0	242	374	605	1001	880	1298	1485	1441	1353	1782	1507	1617	1771	2079	1793	2035	1958	1606	1672	1628	1496	1276	1397	1265	814	957	693	
968	649	506	242	0	209	418	792	781	1166	1375	1386	1353	1782	1551	1694	1870	2200	1936	2189	2145	1804	1892	1859	1738	1518	1639	1507	1056	1166	891	
902	836	715	374	209	0	231	627	561	957	1166	1188	1166	1595	1386	1540	1727	2068	1837	2112	2079	1760	1870	1859	1760	1562	1738	1617	1155	1331	1056	
1012	1067	924	605	418	231	0	396	418	748	979	1056	1089	1496	1364	1529	1727	2079	1892	2178	2178	1881	2013	2024	1936	1749	1947	1837	1364	1562	1287	
1342	1452	1276	1001	792	627	396	0	484	550	825	1012	1166	1507	1496	1683	1892	2255	2123	2431	2464	2200	2354	2387	2321	2134	2343	2244	1771	1958	1683	
913	1364	1276	880	781	561	418	484	0	429	594	638	704	1089	1012	1199	1408	1771	1628	1947	1991	1749	1914	1969	1936	1771	2046	1991	1507	1815	1562	
1287	1782	1672	1298	1166	957	748	550	429	0	275	528	781	1023	1133	1320	1540	1903	1837	2178	2255	2057	2255	2343	2321	2178	2464	2420	1936	2244	1991	
1309	1958	1881	1485	1375	1166	979	825	594	275	0	319	638	792	979	1166	1375	1727	1716	2046	2167	2013	2222	2321	2332	2211	2530	2508	2035	2398	2156	
1100	1914	1870	1441	1386	1188	1056	1012	638	528	319	0	330	495	649	836	1045	1397	1386	1727	1848	1716	1936	2057	2079	1991	2332	2343	1881	2288	2079	
836	1782	1782	1353	1353	1166	1089	1166	704	781	638	330	0	429	341	539	759	1122	1067	1408	1518	1386	1606	1738	1771	1694	2057	2090	1650	2101	1914	
1221	2211	2222	1782	1782	1595	1496	1507	1089	1023	792	495	429	0	451	550	715	1001	1111	1430	1606	1573	1815	1969	2046	2013	2398	2453	2035	2508	2343	
814	1881	1936	1507	1551	1386	1364	1496	1012	1133	979	649	341	451	0	187	407	770	737	1067	1210	1133	1364	1518	1595	1562	1947	2024	1617	2123	1980	
869	1969	2046	1617	1694	1540	1529	1683	1199	1320	1166	836	539	550	187	0	220	583	572	891	1056	1023	1265	1441	1529	1529	1925	2024	1650	2167	2046	
990	2101	2189	1771	1870	1727	1727	1892	1408	1540	1375	1045	759	715	407	220	0	363	407	715	902	935	1177	1364	1485	1518	1925	2046	1716	2244	2156	
1265	2365	2475	2079	2200	2068	2079	2255	1771	1903	1727	1397	1122	1001	770	583	363	0	374	517	759	946	1166	1375	1540	1628	2024	2178	1914	2453	2398	
968	2035	2167	1793	1936	1837	1892	2123	1628	1837	1716	1386	1067	1111	737	572	407	374	0	330	484	583	814	1012	1166	1254	1639	1804	1551	2090	2046	
1221	2211	2376	2035	2189	2112	2178	2431	1947	2178	2046	1727	1408	1430	1067	891	715	517	330	0	253	561	726	935	1122	1265	1639	1837	1661	2189	2189	
1177	2090	2277	1958	2145	2079	2178	2464	1991	2255	2167	1848	1518	1606	1210	1056	902	759	484	253	0	374	484	704	902	1067	1419	1628	1496	2013	2046	
869	1716	1903	1606	1804	1760	1881	2200	1749	2057	2013	1716	1386	1573	1133	1023	935	946	583	561	374	0	231	429	583	704	1089	1276	1122	1639	1661	
1012	1716	1925	1672	1892	1870	2013	2354	1914	2255	2222	1936	1606	1815	1364	1265	1177	1166	814	726	484	231	0	209	407	583	924	1144	1078	1562	1628	
1056	1606	1837	1628	1859	1859	2024	2387	1969	2343	2321	2057	1738	1969	1518	1441	1364	1375	1012	935	704	429	209	0	209	429	726	946	957	1408	1496	
1023	1430	1672	1496	1738	1760	1936	2321	1936	2321	2332	2079	1771	2046	1595	1529	1485	1540	1166	1122	902	583	407	209	0	231	517	737	770	1199	1309	
891	1188	1430	1276	1518	1562	1749	2134	1771	2178	2211	1991	1694	2013	1562	1529	1518	1628	1254	1265	1067	704	583	429	231	0	396	561	528	979	1067	
1232	1166	1430	1397	1639	1738	1947	2343	2046	2464	2530	2332	2057	2398	1947	1925	1925	2024	1639	1639	1419	1089	924	726	517	396	0	253	583	792	979	
1254	968	1232	1265	1507	1617	1837	2244	1991	2420	2508	2343	2090	2453	2024	2024	2046	2178	1804	1837	1628	1276	1144	946	737	561	253	0	484	539	759	
814	660	902	814	1056	1155	1364	1771	1507	1936	2035	1881	1650	2035	1617	1650	1716	1914	1551	1661	1496	1122	1078	957	770	528	583	484	0	539	550	
1309	528	781	957	1166	1331	1562	1958	1815	2244	2398	2288	2101	2508	2123	2167	2244	2453	2090	2189	2013	1639	1562	1408	1199	979	792	539	539	0	286	
1177	242	495	693	891	1056	1287	1683	1562	1991	2156	2079	1914	2343	1980	2046	2156	2398	2046	2189	2046	1661	1628	1496	1309	1067	979	759	550	286	0	
V3
0	2626	2860	1950	2288	2132	2392	3172	2158	3042	3094	2600	1976	2886	1924	2054	2340	2990	2288	2886	2782	2054	2392	2496	2418	2106	2912	2964	1924	3094	2782	
2626	0	624	1118	1534	1976	2522	3432	3224	4212	4628	4524	4212	5226	4446	4654	4966	5590	4810	5226	4940	4056	4056	3796	3380	2808	2756	2288	1560	1248	572	
2860	624	0	1014	1196	1690	2184	3016	3016	3952	4446	4420	4212	5252	4576	4836	5174	5850	5122	5616	5382	4498	4550	4342	3952	3380	3380	2912	2132	1846	1170	
1950	1118	1014	0	572	884	1430	2366	2080	3068	3510	3406	3198	4212	3562	3822	4186	4914	4238	4810	4628	3796	3952	3848	3536	3016	3302	2990	1924	2262	1638	
2288	1534	1196	572	0	494	988	1872	1846	2756	3250	3276	3198	4212	3666	4004	4420	5200	4576	5174	5070	4264	4472	4394	4108	3588	3874	3562	2496	2756	2106	
2132	1976	1690	884	494	0	546	1482	1326	2262	2756	2808	2756	3770	3276	3640	4082	4888	4342	4992	4914	4160	4420	4394	4160	3692	4108	3822	2730	3146	2496	
2392	2522	2184	1430	988	546	0	936	988	1768	2314	2496	2574	3536	3224	3614	4082	4914	4472	5148	5148	4446	4758	4784	4576	4134	4602	4342	3224	3692	3042	
3172	3432	3016	2366	1872	1482	936	0	1144	1300	1950	2392	2756	3562	3536	3978	4472	5330	5018	5746	5824	5200	5564	5642	5486	5044	5538	5304	4186	4628	3978	
2158	3224	3016	2080	1846	1326	988	1144	0	1014	1404	1508	1664	2574	2392	2834	3328	4186	3848	4602	4706	4134	4524	4654	4576	4186	4836	4706	3562	4290	3692	
3042	4212	3952	3068	2756	2262	1768	1300	1014	0	650	1248	1846	2418	2678	3120	3640	4498	4342	5148	5330	4862	5330	5538	5486	5148	5824	5720	4576	5304	4706	
3094	4628	4446	3510	3250	2756	2314	1950	1404	650	0	754	1508	1872	2314	2756	3250	4082	4056	4836	5122	4758	5252	5486	5512	5226	5980	5928	4810	5668	5096	
2600	4524	4420	3406	3276	2808	2496	2392	1508	1248	754	0	780	1170	1534	1976	2470	3302	3276	4082	4368	4056	4576	4862	4914	4706	5512	5538	4446	5408	4914	
1976	4212	4212	3198	3198	2756	2574	2756	1664	1846	1508	780	0	1014	806	1274	1794	2652	2522	3328	3588	3276	3796	4108	4186	4004	4862	4940	3900	4966	4524	
2886	5226	5252	4212	4212	3770	3536	3562	2574	2418	1872	1170	1014	0	1066	1300	1690	2366	2626	3380	3796	3718	4290	4654	4836	4758	5668	5798	4810	5928	5538	
1924	4446	4576	3562	3666	3276	3224	3536	2392	2678	2314	1534	806	1066	0	442	962	1820	1742	2522	2860	2678	3224	3588	3770	3692	4602	4784	3822	5018	4680	
2054	4654	4836	3822	4004	3640	3614	3978	2834	3120	2756	1976	1274	1300	442	0	520	1378	1352	2106	2496	2418	2990	3406	3614	3614	4550	4784	3900	5122	4836	
2340	4966	5174	4186	4420	4082	4082	4472	3328	3640	3250	2470	1794	1690	962	520	0	858	962	1690	2132	2210	2782	3224	3510	3588	4550	4836	4056	5304	5096	
2990	5590	5850	4914	5200	4888	4914	5330	4186	4498	4082	3302	2652	2366	1820	1378	858	0	884	1222	1794	2236	2756	3250	3640	3848	4784	5148	4524	5798	5668	
2288	4810	5122	4238	4576	4342	4472	5018	3848	4342	4056	3276	2522	2626	1742	1352	962	884	0	780	1144	1378	1924	2392	2756	2964	3874	4264	3666	4940	4836	
2886	5226	5616	4810	5174	4992	5148	5746	4602	5148	4836	4082	3328	3380	2522	2106	1690	1222	780	0	598	1326	1716	2210	2652	2990	3874	4342	3926	5174	5174	
2782	4940	5382	4628	5070	4914	5148	5824	4706	5330	5122	4368	3588	3796	2860	2496	2132	1794	1144	598	0	884	1144	1664	2132	2522	3354	3848	3536	4758	4836	
2054	4056	4498	3796	4264	4160	4446	5200	4134	4862	4758	4056	3276	3718	2678	2418	2210	2236	1378	1326	884	0	546	1014	1378	1664	2574	3016	2652	3874	3926	
2392	4056	4550	3952	4472	4420	4758	5564	4524	5330	5252	4576	3796	4290	3224	2990	2782	2756	1924	1716	1144	546	0	494	962	1378	2184	2704	2548	3692	3848	
2496	3796	4342	3848	4394	4394	4784	5642	4654	5538	5486	4862	4108	4654	3588	3406	3224	3250	2392	2210	1664	1014	494	0	494	1014	1716	2236	2262	3328	3536	
2418	3380	3952	3536	4108	4160	4576	5486	4576	5486	5512	4914	4186	4836	3770	3614	3510	3640	2756	2652	2132	1378	962	494	0	546	1222	1742	1820	2834	3094	
2106	2808	3380	3016	3588	3692	4134	5044	4186	5148	5226	4706	4004	4758	3692	3614	3588	3848	2964	2990	2522	1664	1378	1014	546	0	936	1326	1248	2314	2522	
2912	2756	3380	3302	3874	4108	4602	5538	4836	5824	5980	5512	4862	5668	4602	4550	4550	4784	3874	3874	3354	2574	2184	1716	1222	936	0	598	1378	1872	2314	
2964	2288	2912	2990	3562	3822	4342	5304	4706	5720	5928	5538	4940	5798	4784	4784	4836	5148	4264	4342	3848	3016	2704	2236	1742	1326	598	0	1144	1274	1794	
1924	1560	2132	1924	2496	2730	3224	4186	3562	4576	4810	4446	3900	4810	3822	3900	4056	4524	3666	3926	3536	2652	2548	2262	1820	1248	1378	1144	0	1274	1300	
3094	1248	1846	2262	2756	3146	3692	4628	4290	5304	5668	5408	4966	5928	5018	5122	5304	5798	4940	5174	4758	3874	3692	3328	2834	2314	1872	1274	1274	0	676	
2782	572	1170	1638	2106	2496	3042	3978	3692	4706	5096	4914	4524	5538	4680	4836	5096	5668	4836	5174	4836	3926	3848	3536	3094	2522	2314	1794	1300	676	0	
V4
0	1070	1166	795	932	869	975	1293	879	1240	1261	1060	805	1176	784	837	954	1219	932	1176	1134	837	975	1017	985	858	1187	1208	784	1261	1134	
1070	0	254	455	625	805	1028	1399	1314	1717	1886	1844	1717	2130	1812	1897	2024	2279	1961	2130	2014	1653	1653	1547	1378	1144	1123	932	636	508	233	
1166	254	0	413	487	689	890	1229	1229	1611	1812	1802	1717	2141	1865	1971	2109	2385	2088	2289	2194	1833	1855	1770	1611	1378	1378	1187	869	752	477	
795	455	413	0	233	360	583	964	848	1250	1431	1388	1303	1717	1452	1558	1706	2003	1727	1961	1886	1547	1611	1568	1441	1229	1346	1219	784	922	667	
932	625	487	233	0	201	402	763	752	1123	1325	1335	1303	1717	1494	1632	1802	2120	1865	2109	2067	1738	1823	1791	1674	1462	1579	1452	1017	1123	858	
869	805	689	360	201	0	222	604	540	922	1123	1144	1123	1537	1335	1484	1664	1992	1770	2035	2003	1696	1802	1791	1696	1505	1674	1558	1113	1282	1017	
975	1028	890	583	402	222	0	381	402	720	943	1017	1049	1441	1314	1473	1664	2003	1823	2098	2098	1812	1939	1950	1865	1685	1876	1770	1314	1505	1240	
1293	1399	1229	964	763	604	381	0	466	530	795	975	1123	1452	1441	1621	1823	2173	2045	2342	2374	2120	2268	2300	2236	2056	2257	2162	1706	1886	1621	
879	1314	1229	848	752	540	402	466	0	413	572	614	678	1049	975	1155	1356	1706	1568	1876	1918	1685	1844	1897	1865	1706	1971	1918	1452	1749	1505	
1240	1717	1611	1250	1123	922	720	530	413	0	265	508	752	985	1091	1272	1484	1833	1770	2098	2173	1982	2173	2257	2236	2098	2374	2332	1865	2162	1918	
1261	1886	1812	1431	1325	1123	943	795	572	265	0	307	614	763	943	1123	1325	1664	1653	1971	2088	1939	2141	2236	2247	2130	2438	2416	1961	2310	2077	
1060	1844	1802	1388	1335	1144	1017	975	614	508	307	0	318	477	625	805	1007	1346	1335	1664	1780	1653	1865	1982	2003	1918	2247	2257	1812	2204	2003	
805	1717	1717	1303	1303	1123	1049	1123	678	752	614	318	0	413	328	519	731	1081	1028	1356	1462	1335	1547	1674	1706	1632	1982	2014	1590	2024	1844	
1176	2130	2141	1717	1717	1537	1441	1452	1049	985	763	477	413	0	434	530	689	964	1070	1378	1547	1515	1749	1897	1971	1939	2310	2363	1961	2416	2257	
784	1812	1865	1452	1494	1335	1314	1441	975	1091	943	625	328	434	0	180	392	742	710	1028	1166	1091	1314	1462	1537	1505	1876	1950	1558	2045	1908	
837	1897	1971	1558	1632	1484	1473	1621	1155	1272	1123	805	519	530	180	0	212	561	551	858	1017	985	1219	1388	1473	1473	1855	1950	1590	2088	1971	
954	2024	2109	1706	1802	1664	1664	1823	1356	1484	1325	1007	731	689	392	212	0	349	392	689	869	901	1134	1314	1431	1462	1855	1971	1653	2162	2077	
1219	2279	2385	2003	2120	1992	2003	2173	1706	1833	1664	1346	1081	964	742	561	349	0	360	498	731	911	1123	1325	1484	1568	1950	2098	1844	2363	2310	
932	1961	2088	1727	1865	1770	1823	2045	1568	1770	1653	1335	1028	1070	710	551	392	360	0	318	466	561	784	975	1123	1208	1579	1738	1494	2014	1971	
1176	2130	2289	1961	2109	2035	2098	2342	1876	2098	1971	1664	1356	1378	1028	858	689	498	318	0	243	540	699	901	1081	1219	1579	1770	1600	2109	2109	
1134	2014	2194	1886	2067	2003	2098	2374	1918	2173	2088	1780	1462	1547	1166	1017	869	731	466	243	0	360	466	678	869	1028	1367	1568	1441	1939	1971	
837	1653	1833	1547	1738	1696	1812	2120	1685	1982	1939	1653	1335	1515	1091	985	901	911	561	540	360	0	222	413	561	678	1049	1229	1081	1579	1600	
975	1653	1855	1611	1823	1802	1939	2268	1844	2173	2141	1865	1547	1749	1314	1219	1134	1123	784	699	466	222	0	201	392	561	890	1102	1038	1505	1568	
1017	1547	1770	1568	1791	1791	1950	2300	1897	2257	2236	1982	1674	1897	1462	1388	1314	1325	975	901	678	413	201	0	201	413	699	911	922	1356	1441	
985	1378	1611	1441	1674	1696	1865	2236	1865	2236	2247	2003	1706	1971	1537	1473	1431	1484	1123	1081	869	561	392	201	0	222	498	710	742	1155	1261	
858	1144	1378	1229	1462	1505	1685	2056	1706	2098	2130	1918	1632	1939	1505	1473	1462	1568	1208	1219	1028	678	561	413	222	0	381	540	508	943	1028	
1187	1123	1378	1346	1579	1674	1876	2257	1971	2374	2438	2247	1982	2310	1876	1855	1855	1950	1579	1579	1367	1049	890	699	498	381	0	243	561	763	943	
1208	932	1187	1219	1452	1558	1770	2162	1918	2332	2416	2257	2014	2363	1950	1950	1971	2098	1738	1770	1568	1229	1102	911	710	540	243	0	466	519	731	
784	636	869	784	1017	1113	1314	1706	1452	1865	1961	1812	1590	1961	1558	1590	1653	1844	1494	1600	1441	1081	1038	922	742	508	561	466	0	519	530	
1261	508	752	922	1123	1282	1505	1886	1749	2162	2310	2204	2024	2416	2045	2088	2162	2363	2014	2109	1939	1579	1505	1356	1155	943	763	519	519	0	275	
1134	233	477	667	858	1017	1240	1621	1505	1918	2077	2003	1844	2257	1908	1971	2077	2310	1971	2109	1971	1600	1568	1441	1261	1028	943	731	530	275	0	
V5
0	2262	2464	1680	1971	1836	2060	2732	1859	2620	2665	2240	1702	2486	1657	1769	2016	2576	1971	2486	2396	1769	2060	2150	2083	1814	2508	2553	1657	2665	2396	
2262	0	537	963	1321	1702	2172	2956	2777	3628	3987	3897	3628	4502	3830	4009	4278	4816	4144	4502	4256	3494	3494	3270	2912	2419	2374	1971	1344	1075	492	
2464	537	0	873	1030	1456	1881	2598	2598	3404	3830	3808	3628	4524	3942	4166	4457	5040	4412	4838	4636	3875	3920	3740	3404	2912	2912	2508	1836	1590	1008	
1680	963	873	0	492	761	1232	2038	1792	2643	3024	2934	2755	3628	3068	3292	3606	4233	3651	4144	3987	3270	3404	3315	3046	2598	2844	2576	1657	1948	1411	
1971	1321	1030	492	0	425	851	1612	1590	2374	2800	2822	2755	3628	3158	3449	3808	4480	3942	4457	4368	3673	3852	3785	3539	3091	3337	3068	2150	2374	1814	
1836	1702	1456	761	425	0	470	1276	1142	1948	2374	2419	2374	3248	2822	3136	3516	4211	3740	4300	4233	3584	3808	3785	3584	3180	3539	3292	2352	2710	2150	
2060	2172	1881	1232	851	470	0	806	851	1523	1993	2150	2217	3046	2777	3113	3516	4233	3852	4435	4435	3830	4099	4121	3942	3561	3964	3740	2777	3180	2620	
2732	2956	2598	2038	1612	1276	806	0	985	1120	1680	2060	2374	3068	3046	3427	3852	4592	4323	4950	5017	4480	4793	4860	4726	4345	4771	4569	3606	3987	3427	
1859	2777	2598	1792	1590	1142	851	985	0	873	1209	1299	1433	2217	2060	2441	2867	3606	3315	3964	4054	3561	3897	4009	3942	3606	4166	4054	3068	3696	3180	
2620	3628	3404	2643	2374	1948	1523	1120	873	0	560	1075	1590	2083	2307	2688	3136	3875	3740	4435	4592	4188	4592	4771	4726	4435	5017	4928	3942	4569	4054	
2665	3987	3830	3024	2800	2374	1993	1680	1209	560	0	649	1299	1612	1993	2374	2800	3516	3494	4166	4412	4099	4524	4726	4748	4502	5152	5107	4144	4883	4390	
2240	3897	3808	2934	2822	2419	2150	2060	1299	1075	649	0	672	1008	1321	1702	2128	2844	2822	3516	3763	3494	3942	4188	4233	4054	4748	4771	3830	4659	4233	
1702	3628	3628	2755	2755	2374	2217	2374	1433	1590	1299	672	0	873	694	1097	1545	2284	2172	2867	3091	2822	3270	3539	3606	3449	4188	4256	3360	4278	3897	
2486	4502	4524	3628	3628	3248	3046	3068	2217	2083	1612	1008	873	0	918	1120	1456	2038	2262	2912	3270	3203	3696	4009	4166	4099	4883	4995	4144	5107	4771	
1657	3830	3942	3068	3158	2822	2777	3046	2060	2307	1993	1321	694	918	0	380	828	1568	1500	2172	2464	2307	2777	3091	3248	3180	3964	4121	3292	4323	4032	
1769	4009	4166	3292	3449	3136	3113	3427	2441	2688	2374	1702	1097	1120	380	0	448	1187	1164	1814	2150	2083	2576	2934	3113	3113	3920	4121	3360	4412	4166	
2016	4278	4457	3606	3808	3516	3516	3852	2867	3136	2800	2128	1545	1456	828	448	0	739	828	1456	1836	1904	2396	2777	3024	3091	3920	4166	3494	4569	4390	
2576	4816	5040	4233	4480	4211	4233	4592	3606	3875	3516	2844	2284	2038	1568	1187	739	0	761	1052	1545	1926	2374	2800	3136	3315	4121	4435	3897	4995	4883	
1971	4144	4412	3651	3942	3740	3852	4323	3315	3740	3494	2822	2172	2262	1500	1164	828	761	0	672	985	1187	1657	2060	2374	2553	3337	3673	3158	4256	4166	
2486	4502	4838	4144	4457	4300	4435	4950	3964	4435	4166	3516	2867	2912	2172	1814	1456	1052	672	0	515	1142	1478	1904	2284	2576	3337	3740	3382	4457	4457	
2396	4256	4636	3987	4368	4233	4435	5017	4054	4592	4412	3763	3091	3270	2464	2150	1836	1545	985	515	0	761	985	1433	1836	2172	2889	3315	3046	4099	4166	
1769	3494	3875	3270	3673	3584	3830	4480	3561	4188	4099	3494	2822	3203	2307	2083	1904	1926	1187	1142	761	0	470	873	1187	1433	2217	2598	2284	3337	3382	
2060	3494	3920	3404	3852	3808	4099	4793	3897	4592	4524	3942	3270	3696	2777	2576	2396	2374	1657	1478	985	470	0	425	828	1187	1881	2329	2195	3180	3315	
2150	3270	3740	3315	3785	3785	4121	4860	4009	4771	4726	4188	3539	4009	3091	2934	2777	2800	2060	1904	1433	873	425	0	425	873	1478	1926	1948	2867	3046	
2083	2912	3404	3046	3539	3584	3942	4726	3942	4726	4748	4233	3606	4166	3248	3113	3024	3136	2374	2284	1836	1187	828	425	0	470	1052	1500	1568	2441	2665	
1814	2419	2912	2598	3091	3180	3561	4345	3606	4435	4502	4054	3449	4099	3180	3113	3091	3315	2553	2576	2172	1433	1187	873	470	0	806	1142	1075	1993	2172	
2508	2374	2912	2844	3337	3539	3964	4771	4166	5017	5152	4748	4188	4883	3964	3920	3920	4121	3337	3337	2889	2217	1881	1478	1052	806	0	515	1187	1612	1993	
2553	1971	2508	2576	3068	3292	3740	4569	4054	4928	5107	4771	4256	4995	4121	4121	4166	4435	3673	3740	3315	2598	2329	1926	1500	1142	515	0	985	1097	1545	
1657	1344	1836	1657	2150	2352	2777	3606	3068	3942	4144	3830	3360	4144	3292	3360	3494	3897	3158	3382	3046	2284	2195	1948	1568	1075	1187	985	0	1097	1120	
2665	1075	1590	1948	2374	2710	3180	3987	3696	4569	4883	4659	4278	5107	4323	4412	4569	4995	4256	4457	4099	3337	3180	2867	2441	1993	1612	1097	1097	0	582	
2396	492	1008	1411	1814	2150	2620	3427	3180	4054	4390	4233	3897	4771	4032	4166	4390	4883	4166	4457	4166	3382	3315	3046	2665	2172	1993	1545	1120	582	0	
V6
0	1858	2024	1380	1619	1508	1692	2244	1527	2152	2189	1840	1398	2042	1361	1453	1656	2116	1619	2042	1968	1453	1692	1766	1711	1490	2060	2097	1361	2189	1968	
1858	0	441	791	1085	1398	1784	2428	2281	2980	3275	3201	2980	3698	3146	3293	3514	3956	3404	3698	3496	2870	2870	2686	2392	1987	1950	1619	1104	883	404	
2024	441	0	717	846	1196	1545	2134	2134	2796	3146	3128	2980	3716	3238	3422	3661	4140	3624	3974	3808	3183	3220	3072	2796	2392	2392	2060	1508	1306	828	
1380	791	717	0	404	625	1012	1674	1472	2171	2484	2410	2263	2980	2520	2704	2962	3477	2999	3404	3275	2686	2796	2723	2502	2134	2336	2116	1361	1600	1159	
1619	1085	846	404	0	349	699	1324	1306	1950	2300	2318	2263	2980	2594	2833	3128	3680	3238	3661	3588	3017	3164	3109	2907	2539	2741	2520	1766	1950	1490	
1508	1398	1196	625	349	0	386	1048	938	1600	1950	1987	1950	2668	2318	2576	2888	3459	3072	3532	3477	2944	3128	3109	2944	2612	2907	2704	1932	2226	1766	
1692	1784	1545	1012	699	386	0	662	699	1251	1637	1766	1821	2502	2281	2557	2888	3477	3164	3643	3643	3146	3367	3385	3238	2925	3256	3072	2281	2612	2152	
2244	2428	2134	1674	1324	1048	662	0	809	920	1380	1692	1950	2520	2502	2815	3164	3772	3551	4066	4121	3680	3937	3992	3882	3569	3919	3753	2962	3275	2815	
1527	2281	2134	1472	1306	938	699	809	0	717	993	1067	1177	1821	1692	2005	2355	2962	2723	3256	3330	2925	3201	3293	3238	2962	3422	3330	2520	3036	2612	
2152	2980	2796	2171	1950	1600	1251	920	717	0	460	883	1306	1711	1895	2208	2576	3183	3072	3643	3772	3440	3772	3919	3882	3643	4121	4048	3238	3753	3330	
2189	3275	3146	2484	2300	1950	1637	1380	993	460	0	533	1067	1324	1637	1950	2300	2888	2870	3422	3624	3367	3716	3882	3900	3698	4232	4195	3404	4011	3606	
1840	3201	3128	2410	2318	1987	1766	1692	1067	883	533	0	552	828	1085	1398	1748	2336	2318	2888	3091	2870	3238	3440	3477	3330	3900	3919	3146	3827	3477	
1398	2980	2980	2263	2263	1950	1821	1950	1177	1306	1067	552	0	717	570	901	1269	1876	1784	2355	2539	2318	2686	2907	2962	2833	3440	3496	2760	3514	3201	
2042	3698	3716	2980	2980	2668	2502	2520	1821	1711	1324	828	717	0	754	920	1196	1674	1858	2392	2686	2631	3036	3293	3422	3367	4011	4103	3404	4195	3919	
