M: 2
N: 30
Nun_Veiculos: 10
Capacidade_Total: 835
Demanda_Total: 521
Setup_Min: 1
Setup_Max: 9
Raio: 100
Circulos: 1
Tempo_Processamento_Min: 1
Tempo_Processamento_Max: 49
Demanda_Min: 10
Demanda_Max: 30
Priority_Factor: 0.2
Range_Factor_R: 0.8
U_factor: 2
ALpha: 0.2Replicao: 4
Tempos_Processamentos
0	0	1	0	
0	37	1	38	
0	48	1	11	
0	22	1	6	
0	33	1	7	
0	45	1	19	
0	14	1	35	
0	32	1	17	
0	2	1	46	
0	45	1	47	
0	38	1	14	
0	44	1	37	
0	29	1	1	
0	35	1	2	
0	22	1	24	
0	33	1	16	
0	12	1	35	
0	14	1	33	
0	2	1	24	
0	34	1	16	
0	7	1	13	
0	23	1	9	
0	10	1	29	
0	8	1	38	
0	26	1	25	
0	18	1	39	
0	28	1	26	
0	18	1	5	
0	3	1	20	
0	48	1	25	
0	26	1	1	

Tempos_setup
M0
0	0	0	0	0	0	0	0	0	0	0	0	0	0	0	0	0	0	0	0	0	0	0	0	0	0	0	0	0	0	0	
0	0	3	2	2	3	3	2	2	1	3	2	3	4	1	3	2	3	3	2	3	3	1	2	3	3	3	4	3	4	1	
0	2	0	4	4	4	3	3	4	3	2	2	2	3	2	1	2	2	2	2	3	3	3	4	1	4	3	4	4	2	3	
0	2	2	0	4	4	3	3	4	3	4	2	2	4	2	3	2	2	2	2	4	3	3	4	1	4	3	4	4	2	3	
0	3	2	3	0	2	2	2	2	3	2	2	3	2	2	3	3	4	1	3	1	2	3	1	2	3	3	2	3	3	1	
0	2	2	4	3	0	2	3	2	3	2	2	2	2	3	3	2	3	2	2	1	3	1	2	1	3	4	2	3	3	2	
0	3	2	3	1	2	0	2	3	3	1	1	2	1	1	2	2	3	2	3	2	3	2	2	3	2	2	3	3	1	1	
0	1	2	3	3	4	4	0	3	2	3	3	3	5	2	3	3	2	2	3	4	2	2	1	3	4	3	3	1	4	2	
0	5	4	3	4	3	4	5	0	4	4	4	2	4	4	4	5	5	5	5	3	3	3	4	4	5	4	4	5	3	4	
0	2	3	1	1	2	2	1	1	0	2	2	3	3	2	3	3	3	2	1	2	3	3	2	2	4	4	3	2	3	2	
0	2	3	4	4	3	3	4	2	3	0	1	3	4	3	2	3	3	3	3	4	3	1	2	2	3	2	2	5	3	2	
0	3	3	4	4	2	4	3	4	4	2	0	4	4	2	1	3	2	4	4	3	4	3	4	3	4	3	4	4	2	3	
0	4	3	3	2	4	4	3	3	2	2	2	0	4	2	2	3	3	3	3	3	1	3	3	4	4	3	4	4	3	3	
0	2	1	3	1	1	3	1	3	2	1	1	3	0	1	2	2	3	2	3	2	3	2	2	2	1	2	3	2	3	2	
0	2	3	3	4	3	4	1	3	3	3	2	2	4	0	3	1	2	3	3	4	2	3	2	4	4	3	4	2	4	1	
0	2	2	3	3	3	3	2	3	3	1	2	3	4	1	0	2	1	4	4	4	3	2	3	3	3	2	3	3	1	2	
0	3	4	3	3	2	3	3	3	2	2	3	1	4	3	3	0	1	4	3	3	1	3	4	3	3	2	4	3	3	2	
0	3	3	3	2	2	2	3	3	2	3	2	3	3	3	3	4	0	3	3	3	4	3	3	3	2	1	4	2	2	1	
0	2	2	3	3	3	4	1	3	2	2	3	2	5	3	2	4	3	0	3	4	1	3	2	3	4	3	2	2	3	3	
0	4	3	3	2	3	1	3	3	4	2	1	3	2	2	2	3	2	3	0	2	4	3	2	4	3	3	3	4	2	2	
0	2	2	4	2	1	1	2	1	3	1	2	3	1	2	3	3	4	3	3	0	2	2	3	2	2	3	1	2	2	2	
0	3	3	2	2	3	3	2	2	1	1	2	1	4	3	2	4	3	3	2	3	0	2	3	3	3	2	3	3	3	3	
0	3	2	3	3	2	2	3	1	3	3	2	3	3	2	3	3	4	3	3	3	3	0	1	3	2	3	3	4	3	1	
0	3	1	4	4	3	4	2	4	4	3	2	2	4	1	2	2	3	3	3	4	3	4	0	2	5	4	2	3	3	2	
0	1	1	3	3	3	2	2	3	2	3	1	1	3	2	2	1	2	1	1	3	2	2	3	0	4	3	3	3	3	2	
0	2	2	4	4	3	4	2	4	3	3	4	2	5	3	3	2	3	1	3	4	2	3	2	3	0	4	3	3	4	3	
0	3	3	2	2	3	1	2	2	1	2	2	3	2	2	3	3	3	3	2	3	4	3	3	3	2	0	4	3	2	2	
0	3	3	3	3	1	3	3	3	2	2	3	2	3	4	3	3	4	3	3	2	1	2	3	2	4	3	0	4	4	3	
0	2	3	4	4	4	5	1	3	3	3	3	3	5	1	2	2	3	3	4	4	3	3	2	4	3	4	4	0	3	2	
0	3	1	2	3	4	2	3	3	2	3	3	3	3	2	2	3	3	3	3	4	4	4	4	2	3	1	4	4	0	3	
0	2	4	2	3	3	3	3	3	2	3	1	4	4	3	2	3	3	4	2	4	4	3	4	3	4	2	3	4	3	0	
M1
0	0	0	0	0	0	0	0	0	0	0	0	0	0	0	0	0	0	0	0	0	0	0	0	0	0	0	0	0	0	0	
0	0	1	3	4	3	3	4	3	2	3	3	3	2	3	3	2	4	3	3	1	2	1	4	3	2	1	2	2	2	3	
0	2	0	2	6	2	3	3	2	4	4	2	3	1	2	2	3	3	4	3	3	3	3	3	3	4	3	4	3	4	3	
0	2	3	0	4	3	3	5	4	3	4	4	4	2	4	3	2	3	2	4	3	3	2	3	4	4	3	3	1	3	3	
0	2	3	2	0	4	3	3	2	4	1	3	5	3	3	2	2	3	3	3	3	1	2	3	4	4	2	2	3	3	2	
0	3	3	3	4	0	1	4	2	5	2	3	3	2	1	3	2	2	2	2	4	3	2	3	4	5	3	3	1	3	2	
0	2	3	2	5	3	0	4	2	4	1	3	3	2	1	3	2	1	3	2	3	4	2	3	3	4	3	2	2	2	2	
0	2	1	3	5	2	3	0	3	3	2	3	4	2	2	3	3	1	3	3	3	4	3	2	2	4	3	2	2	2	2	
0	2	3	2	4	2	3	3	0	4	2	2	3	1	3	2	1	3	2	1	3	3	2	3	2	4	2	3	1	2	3	
0	2	3	3	5	4	4	2	4	0	3	4	2	4	4	3	3	3	4	4	2	2	3	3	4	3	2	3	4	3	2	
0	1	2	4	4	3	3	4	3	3	0	2	4	3	3	3	3	2	4	2	2	3	1	3	3	3	2	2	2	2	3	
0	1	2	2	4	4	2	4	3	3	3	0	3	1	3	2	2	3	2	3	1	2	1	3	1	2	1	2	2	2	3	
0	1	2	3	3	4	3	4	3	3	1	3	0	3	3	3	1	3	2	3	1	2	2	3	3	2	2	3	3	2	2	
0	3	4	1	5	3	3	3	3	4	3	4	2	0	2	1	2	3	3	3	3	4	3	2	4	4	3	3	2	3	2	
0	3	4	2	4	2	3	3	1	4	2	2	2	1	0	2	1	4	2	1	3	4	1	3	3	4	2	2	2	2	3	
0	3	4	1	5	4	2	3	3	4	3	3	4	3	2	0	1	3	2	3	4	3	3	1	3	5	2	3	2	2	1	
0	2	3	3	4	4	2	5	3	4	3	2	4	3	2	3	0	3	1	3	3	4	2	2	2	4	1	3	3	3	4	
0	1	2	3	5	3	2	3	2	3	3	3	3	2	1	2	2	0	3	2	2	3	2	2	2	3	2	1	3	1	1	
0	2	3	3	4	3	1	4	3	3	2	3	4	3	2	2	1	2	0	3	3	3	1	1	3	4	2	2	2	2	3	
0	2	3	3	5	1	2	2	3	4	1	1	4	2	2	3	3	3	3	0	2	3	2	3	2	3	2	3	2	3	2	
0	2	3	2	4	4	2	3	2	4	2	3	2	3	3	2	1	3	2	3	0	1	3	3	3	1	2	2	3	3	2	
0	1	2	1	4	3	2	2	2	3	1	2	4	3	2	1	1	3	2	2	2	0	2	2	3	3	1	1	2	2	1	
0	3	3	3	3	3	2	3	2	5	3	3	4	2	2	2	2	3	3	2	3	3	0	3	2	4	3	1	1	1	3	
0	3	4	3	5	3	2	4	2	5	3	2	3	2	1	3	2	3	3	2	3	2	2	0	3	4	3	3	3	3	2	
0	3	4	3	5	3	2	3	2	4	3	3	4	3	2	2	2	3	1	2	3	4	2	2	0	4	3	1	3	1	3	
0	3	4	3	4	3	1	3	1	4	2	3	4	2	2	3	2	2	1	2	4	4	2	2	3	0	1	3	2	2	1	
0	3	3	2	3	4	2	5	4	5	2	2	3	3	3	4	4	3	3	3	3	4	3	4	3	4	0	3	3	4	4	
0	3	4	2	5	2	1	3	1	5	2	2	3	2	1	1	2	2	3	1	3	4	2	2	3	4	3	0	2	3	2	
0	3	2	2	3	2	3	4	3	5	3	3	3	1	3	2	1	2	2	3	4	2	1	3	3	5	2	2	0	2	3	
0	4	3	3	4	4	3	2	3	5	3	4	4	2	3	3	3	3	2	3	2	3	2	3	1	3	4	2	3	0	3	
0	3	3	4	5	4	3	2	3	5	4	2	4	3	2	3	3	3	3	3	3	3	3	1	2	4	3	2	4	1	0	
Tamanho_Tarefas
0	37	19	9	11	26	17	19	13	46	14	37	5	3	23	20	18	19	4	22	7	11	10	10	25	19	26	7	6	36	2	
Data_Entrega
0	261	392	304	252	372	393	391	328	335	268	351	392	288	390	268	253	268	251	233	297	352	337	330	325	393	266	235	301	347	289	
Penalidade_Atraso
0	14	14	17	19	15	12	11	9	12	9	5	12	4	14	18	7	15	2	8	1	19	3	19	12	17	13	7	2	4	12	
Capacidade_Veiculo
109	81	120	57	135	77	56	79	53	68	
Custo_Fixo_Veiculo
1090	810	1200	570	1350	770	560	790	530	680	
Coordenadas_Clientes
x	0	y	0
x	125	y	0
x	121	y	25
x	103	y	45
x	88	y	64
x	83	y	92
x	56	y	98
x	36	y	111
x	11	y	105
x	-10	y	96
x	-32	y	98
x	-48	y	83
x	-56	y	63
x	-85	y	62
x	-113	y	50
x	-101	y	21
x	-103	y	0
x	-122	y	-25
x	-99	y	-44
x	-71	y	-51
x	-50	y	-55
x	-47	y	-83
x	-33	y	-101
x	-10	y	-103
x	12	y	-119
x	24	y	-76
x	53	y	-91
x	52	y	-58
x	65	y	-47
x	101	y	-45
x	75	y	-16
Tempo_Viagem
0	125	123	112	108	123	112	116	105	96	103	95	84	105	123	103	103	124	108	87	74	95	106	103	119	79	105	77	80	110	76	
125	0	25	50	73	101	119	142	154	165	185	191	191	218	243	226	228	248	228	202	182	190	187	169	164	126	116	93	76	51	52	
123	25	0	26	50	77	96	119	135	149	169	178	181	209	235	222	225	247	230	206	188	199	198	182	179	139	134	107	91	72	61	
112	50	26	0	24	51	70	93	109	123	145	155	160	188	216	205	210	235	220	198	182	197	199	186	186	144	144	114	99	90	67	
108	73	50	24	0	28	46	69	87	103	124	137	144	173	201	193	201	228	215	195	182	199	204	193	197	153	158	127	113	109	81	
123	101	77	51	28	0	27	50	72	93	115	131	141	170	199	197	207	236	227	210	197	218	225	216	222	178	185	153	140	137	108	
112	119	96	70	46	27	0	23	45	66	88	105	117	145	175	174	186	216	210	195	186	207	217	211	220	176	189	156	145	149	115	
116	142	119	93	69	50	23	0	25	47	68	87	103	129	159	163	177	208	205	194	186	211	222	218	231	187	202	169	160	169	132	
105	154	135	109	87	72	45	25	0	22	43	62	78	104	134	139	154	185	185	176	171	196	210	208	224	181	200	168	161	174	136	
96	165	149	123	103	93	66	47	22	0	22	40	56	82	112	117	133	164	165	159	156	182	198	199	215	175	197	166	161	178	140	
103	185	169	145	124	115	88	68	43	22	0	21	42	63	93	102	120	151	157	154	154	181	199	202	221	182	207	177	174	194	156	
95	191	178	155	137	131	105	87	62	40	21	0	21	42	72	81	99	130	136	135	138	166	184	189	210	174	200	172	172	195	157	
84	191	181	160	144	141	117	103	78	56	42	21	0	29	58	61	78	109	115	114	118	146	165	172	194	160	188	161	163	190	152	
105	218	209	188	173	170	145	129	104	82	63	42	29	0	30	44	64	94	106	113	122	149	171	181	205	175	206	182	185	214	178	
123	243	235	216	201	199	175	159	134	112	93	72	58	30	0	31	50	75	94	109	122	148	170	184	210	186	217	197	202	233	199	
103	226	222	205	193	197	174	163	139	117	102	81	61	44	31	0	21	50	65	78	91	117	139	153	179	158	190	172	179	212	179	
103	228	225	210	201	207	186	177	154	133	120	99	78	64	50	21	0	31	44	60	76	100	122	138	165	148	180	165	174	208	178	
124	248	247	235	228	236	216	208	185	164	151	130	109	94	75	50	31	0	29	57	78	94	116	135	162	154	186	177	188	223	197	
108	228	230	220	215	227	210	205	185	165	157	136	115	106	94	65	44	29	0	28	49	65	87	106	133	125	157	151	164	200	176	
87	202	206	198	195	210	195	194	176	159	154	135	114	113	109	78	60	57	28	0	21	40	62	80	107	97	129	123	136	172	150	
74	182	188	182	182	197	186	186	171	156	154	138	118	122	122	91	76	78	49	21	0	28	49	62	89	76	108	102	115	151	130	
95	190	199	197	199	218	207	211	196	182	181	166	146	149	148	117	100	94	65	40	28	0	22	42	69	71	100	102	117	152	139	
106	187	198	199	204	225	217	222	210	198	199	184	165	171	170	139	122	116	87	62	49	22	0	23	48	62	86	95	111	145	137	
103	169	182	186	193	216	211	218	208	199	202	189	172	181	184	153	138	135	106	80	62	42	23	0	27	43	64	76	93	125	121	
119	164	179	186	197	222	220	231	224	215	221	210	194	205	210	179	165	162	133	107	89	69	48	27	0	44	49	72	89	115	119	
79	126	139	144	153	178	176	187	181	175	182	174	160	175	186	158	148	154	125	97	76	71	62	43	44	0	32	33	50	83	78	
105	116	134	144	158	185	189	202	200	197	207	200	188	206	217	190	180	186	157	129	108	100	86	64	49	32	0	33	45	66	77	
77	93	107	114	127	153	156	169	168	166	177	172	161	182	197	172	165	177	151	123	102	102	95	76	72	33	33	0	17	50	47	
80	76	91	99	113	140	145	160	161	161	174	172	163	185	202	179	174	188	164	136	115	117	111	93	89	50	45	17	0	36	32	
110	51	72	90	109	137	149	169	174	178	194	195	190	214	233	212	208	223	200	172	151	152	145	125	115	83	66	50	36	0	38	
76	52	61	67	81	108	115	132	136	140	156	157	152	178	199	179	178	197	176	150	130	139	137	121	119	78	77	47	32	38	0	
Custo_Viagem
V0
0	2725	2681	2441	2354	2681	2441	2528	2289	2092	2245	2071	1831	2289	2681	2245	2245	2703	2354	1896	1613	2071	2310	2245	2594	1722	2289	1678	1744	2398	1656	
2725	0	545	1090	1591	2201	2594	3095	3357	3597	4033	4163	4163	4752	5297	4926	4970	5406	4970	4403	3989	4142	4076	3684	3575	2746	2528	2027	1656	1111	1133	
2681	545	0	566	1111	1678	2114	2616	2964	3248	3684	3880	3945	4556	5123	4839	4905	5406	5014	4490	4098	4338	4316	3989	3924	3052	2921	2332	1983	1569	1329	
2441	1090	566	0	523	1111	1526	2049	2376	2681	3161	3379	3488	4098	4708	4469	4578	5123	4796	4316	3967	4294	4338	4054	4076	3139	3139	2485	2158	1962	1460	
2354	1591	1111	523	0	610	1002	1526	1896	2245	2703	2986	3139	3771	4381	4207	4381	4970	4687	4272	3967	4338	4447	4207	4316	3335	3444	2768	2463	2376	1765	
2681	2201	1678	1111	610	0	588	1090	1591	2027	2507	2855	3073	3706	4360	4294	4512	5144	4948	4578	4316	4752	4905	4708	4839	3880	4033	3335	3052	3008	2354	
2441	2594	2114	1526	1002	588	0	501	981	1438	1918	2289	2550	3161	3815	3793	4054	4708	4578	4251	4054	4534	4730	4599	4817	3836	4120	3400	3161	3248	2507	
2528	3095	2616	2049	1526	1090	501	0	545	1046	1504	1918	2245	2834	3509	3553	3858	4534	4469	4229	4054	4599	4839	4752	5035	4076	4403	3684	3488	3684	2877	
2289	3357	2964	2376	1896	1591	981	545	0	479	937	1351	1722	2289	2943	3052	3357	4033	4033	3836	3727	4272	4578	4556	4883	3945	4360	3662	3509	3793	2964	
2092	3597	3248	2681	2245	2027	1438	1046	479	0	479	872	1220	1787	2441	2550	2899	3575	3597	3466	3400	3967	4316	4338	4708	3815	4294	3618	3509	3902	3052	
2245	4033	3684	3161	2703	2507	1918	1504	937	479	0	457	915	1395	2049	2245	2637	3313	3422	3357	3357	3945	4338	4403	4817	3967	4512	3858	3793	4251	3400	
2071	4163	3880	3379	2986	2855	2289	1918	1351	872	457	0	457	915	1569	1765	2158	2834	2964	2943	3008	3618	4011	4120	4578	3793	4381	3749	3749	4272	3422	
1831	4163	3945	3488	3139	3073	2550	2245	1722	1220	915	457	0	632	1264	1329	1700	2398	2507	2485	2572	3182	3597	3749	4229	3488	4098	3531	3553	4142	3313	
2289	4752	4556	4098	3771	3706	3161	2834	2289	1787	1395	915	632	0	654	959	1395	2049	2310	2463	2659	3248	3727	3945	4469	3815	4490	3967	4033	4665	3880	
2681	5297	5123	4708	4381	4360	3815	3509	2943	2441	2049	1569	1264	654	0	675	1090	1635	2071	2376	2659	3226	3706	4011	4578	4054	4730	4294	4403	5101	4338	
2245	4926	4839	4469	4207	4294	3793	3553	3052	2550	2245	1765	1329	959	675	0	457	1090	1417	1700	1983	2550	3030	3335	3902	3444	4142	3749	3902	4621	3902	
2245	4970	4905	4578	4381	4512	4054	3858	3357	2899	2637	2158	1700	1395	1090	457	0	675	959	1308	1656	2180	2659	3008	3597	3226	3924	3597	3793	4534	3880	
2703	5406	5406	5123	4970	5144	4708	4534	4033	3575	3313	2834	2398	2049	1635	1090	675	0	632	1242	1700	2049	2550	2964	3553	3357	4076	3858	4098	4861	4294	
2354	4970	5014	4796	4687	4948	4578	4469	4033	3597	3422	2964	2507	2310	2071	1417	959	632	0	610	1090	1417	1896	2310	2899	2768	3466	3291	3575	4360	3836	
1896	4403	4490	4316	4272	4578	4251	4229	3836	3466	3357	2943	2485	2463	2376	1700	1308	1242	610	0	457	872	1351	1744	2332	2136	2834	2681	2964	3749	3270	
1613	3989	4098	3967	3967	4316	4054	4054	3727	3400	3357	3008	2572	2659	2659	1983	1656	1700	1090	457	0	610	1068	1351	1940	1656	2376	2223	2507	3291	2834	
2071	4142	4338	4294	4338	4752	4534	4599	4272	3967	3945	3618	3182	3248	3226	2550	2180	2049	1417	872	610	0	479	915	1504	1547	2180	2223	2550	3313	3030	
2310	4076	4316	4338	4447	4905	4730	4839	4578	4316	4338	4011	3597	3727	3706	3030	2659	2550	1896	1351	1068	479	0	501	1046	1351	1874	2071	2419	3161	2986	
2245	3684	3989	4054	4207	4708	4599	4752	4556	4338	4403	4120	3749	3945	4011	3335	3008	2964	2310	1744	1351	915	501	0	588	937	1395	1656	2027	2725	2637	
2594	3575	3924	4076	4316	4839	4817	5035	4883	4708	4817	4578	4229	4469	4578	3902	3597	3553	2899	2332	1940	1504	1046	588	0	959	1068	1569	1940	2507	2616	
1722	2746	3052	3139	3335	3880	3836	4076	3945	3815	3967	3793	3488	3815	4054	3444	3226	3357	2768	2136	1656	1547	1351	937	959	0	697	719	1090	1809	1700	
2289	2528	2921	3139	3444	4033	4120	4403	4360	4294	4512	4381	4098	4490	4730	4142	3924	4076	3466	2834	2376	2180	1874	1395	1068	697	0	719	981	1438	1700	
1678	2027	2332	2485	2768	3335	3400	3684	3662	3618	3858	3749	3531	3967	4294	3749	3597	3858	3291	2681	2223	2223	2071	1656	1569	719	719	0	370	1090	1024	
1744	1656	1983	2158	2463	3052	3161	3488	3509	3509	3793	3749	3553	4033	4403	3902	3793	4098	3575	2964	2507	2550	2419	2027	1940	1090	981	370	0	784	697	
2398	1111	1569	1962	2376	3008	3248	3684	3793	3902	4251	4272	4142	4665	5101	4621	4534	4861	4360	3749	3291	3313	3161	2725	2507	1809	1438	1090	784	0	828	
1656	1133	1329	1460	1765	2354	2507	2877	2964	3052	3400	3422	3313	3880	4338	3902	3880	4294	3836	3270	2834	3030	2986	2637	2616	1700	1700	1024	697	828	0	
V1
0	2025	1992	1814	1749	1992	1814	1879	1701	1555	1668	1539	1360	1701	1992	1668	1668	2008	1749	1409	1198	1539	1717	1668	1927	1279	1701	1247	1296	1782	1231	
2025	0	405	810	1182	1636	1927	2300	2494	2673	2997	3094	3094	3531	3936	3661	3693	4017	3693	3272	2964	3078	3029	2737	2656	2041	1879	1506	1231	826	842	
1992	405	0	421	826	1247	1571	1944	2203	2413	2737	2883	2932	3385	3807	3596	3645	4017	3726	3337	3045	3223	3207	2964	2916	2268	2170	1733	1474	1166	988	
1814	810	421	0	388	826	1134	1522	1765	1992	2349	2511	2592	3045	3499	3321	3402	3807	3564	3207	2948	3191	3223	3013	3029	2332	2332	1846	1603	1458	1085	
1749	1182	826	388	0	453	745	1134	1409	1668	2008	2219	2332	2802	3256	3126	3256	3693	3483	3175	2948	3223	3304	3126	3207	2478	2559	2057	1830	1765	1312	
1992	1636	1247	826	453	0	437	810	1182	1506	1863	2122	2284	2754	3240	3191	3353	3823	3677	3402	3207	3531	3645	3499	3596	2883	2997	2478	2268	2235	1749	
1814	1927	1571	1134	745	437	0	372	729	1069	1425	1701	1895	2349	2835	2818	3013	3499	3402	3159	3013	3369	3515	3418	3580	2851	3061	2527	2349	2413	1863	
1879	2300	1944	1522	1134	810	372	0	405	777	1117	1425	1668	2106	2608	2640	2867	3369	3321	3142	3013	3418	3596	3531	3742	3029	3272	2737	2592	2737	2138	
1701	2494	2203	1765	1409	1182	729	405	0	356	696	1004	1279	1701	2187	2268	2494	2997	2997	2851	2770	3175	3402	3385	3628	2932	3240	2721	2608	2818	2203	
1555	2673	2413	1992	1668	1506	1069	777	356	0	356	648	907	1328	1814	1895	2154	2656	2673	2575	2527	2948	3207	3223	3499	2835	3191	2689	2608	2899	2268	
1668	2997	2737	2349	2008	1863	1425	1117	696	356	0	340	680	1036	1522	1668	1960	2462	2543	2494	2494	2932	3223	3272	3580	2948	3353	2867	2818	3159	2527	
1539	3094	2883	2511	2219	2122	1701	1425	1004	648	340	0	340	680	1166	1312	1603	2106	2203	2187	2235	2689	2980	3061	3402	2818	3256	2786	2786	3175	2543	
1360	3094	2932	2592	2332	2284	1895	1668	1279	907	680	340	0	469	939	988	1263	1782	1863	1846	1911	2365	2673	2786	3142	2592	3045	2624	2640	3078	2462	
1701	3531	3385	3045	2802	2754	2349	2106	1701	1328	1036	680	469	0	486	712	1036	1522	1717	1830	1976	2413	2770	2932	3321	2835	3337	2948	2997	3466	2883	
1992	3936	3807	3499	3256	3240	2835	2608	2187	1814	1522	1166	939	486	0	502	810	1215	1539	1765	1976	2397	2754	2980	3402	3013	3515	3191	3272	3790	3223	
1668	3661	3596	3321	3126	3191	2818	2640	2268	1895	1668	1312	988	712	502	0	340	810	1053	1263	1474	1895	2251	2478	2899	2559	3078	2786	2899	3434	2899	
1668	3693	3645	3402	3256	3353	3013	2867	2494	2154	1960	1603	1263	1036	810	340	0	502	712	972	1231	1620	1976	2235	2673	2397	2916	2673	2818	3369	2883	
2008	4017	4017	3807	3693	3823	3499	3369	2997	2656	2462	2106	1782	1522	1215	810	502	0	469	923	1263	1522	1895	2203	2640	2494	3029	2867	3045	3612	3191	
1749	3693	3726	3564	3483	3677	3402	3321	2997	2673	2543	2203	1863	1717	1539	1053	712	469	0	453	810	1053	1409	1717	2154	2057	2575	2446	2656	3240	2851	
1409	3272	3337	3207	3175	3402	3159	3142	2851	2575	2494	2187	1846	1830	1765	1263	972	923	453	0	340	648	1004	1296	1733	1587	2106	1992	2203	2786	2430	
1198	2964	3045	2948	2948	3207	3013	3013	2770	2527	2494	2235	1911	1976	1976	1474	1231	1263	810	340	0	453	793	1004	1441	1231	1765	1652	1863	2446	2106	
1539	3078	3223	3191	3223	3531	3369	3418	3175	2948	2932	2689	2365	2413	2397	1895	1620	1522	1053	648	453	0	356	680	1117	1150	1620	1652	1895	2462	2251	
1717	3029	3207	3223	3304	3645	3515	3596	3402	3207	3223	2980	2673	2770	2754	2251	1976	1895	1409	1004	793	356	0	372	777	1004	1393	1539	1798	2349	2219	
1668	2737	2964	3013	3126	3499	3418	3531	3385	3223	3272	3061	2786	2932	2980	2478	2235	2203	1717	1296	1004	680	372	0	437	696	1036	1231	1506	2025	1960	
1927	2656	2916	3029	3207	3596	3580	3742	3628	3499	3580	3402	3142	3321	3402	2899	2673	2640	2154	1733	1441	1117	777	437	0	712	793	1166	1441	1863	1944	
1279	2041	2268	2332	2478	2883	2851	3029	2932	2835	2948	2818	2592	2835	3013	2559	2397	2494	2057	1587	1231	1150	1004	696	712	0	518	534	810	1344	1263	
1701	1879	2170	2332	2559	2997	3061	3272	3240	3191	3353	3256	3045	3337	3515	3078	2916	3029	2575	2106	1765	1620	1393	1036	793	518	0	534	729	1069	1263	
1247	1506	1733	1846	2057	2478	2527	2737	2721	2689	2867	2786	2624	2948	3191	2786	2673	2867	2446	1992	1652	1652	1539	1231	1166	534	534	0	275	810	761	
1296	1231	1474	1603	1830	2268	2349	2592	2608	2608	2818	2786	2640	2997	3272	2899	2818	3045	2656	2203	1863	1895	1798	1506	1441	810	729	275	0	583	518	
1782	826	1166	1458	1765	2235	2413	2737	2818	2899	3159	3175	3078	3466	3790	3434	3369	3612	3240	2786	2446	2462	2349	2025	1863	1344	1069	810	583	0	615	
1231	842	988	1085	1312	1749	1863	2138	2203	2268	2527	2543	2462	2883	3223	2899	2883	3191	2851	2430	2106	2251	2219	1960	1944	1263	1263	761	518	615	0	
V2
0	3000	2952	2688	2592	2952	2688	2784	2520	2304	2472	2280	2016	2520	2952	2472	2472	2976	2592	2088	1776	2280	2544	2472	2856	1896	2520	1848	1920	2640	1824	
3000	0	600	1200	1752	2424	2856	3408	3696	3960	4440	4584	4584	5232	5832	5424	5472	5952	5472	4848	4392	4560	4488	4056	3936	3024	2784	2232	1824	1224	1248	
2952	600	0	624	1224	1848	2328	2880	3264	3576	4056	4272	4344	5016	5640	5328	5400	5952	5520	4944	4512	4776	4752	4392	4320	3360	3216	2568	2184	1728	1464	
2688	1200	624	0	576	1224	1680	2256	2616	2952	3480	3720	3840	4512	5184	4920	5040	5640	5280	4752	4368	4728	4776	4464	4488	3456	3456	2736	2376	2160	1608	
2592	1752	1224	576	0	672	1104	1680	2088	2472	2976	3288	3456	4152	4824	4632	4824	5472	5160	4704	4368	4776	4896	4632	4752	3672	3792	3048	2712	2616	1944	
2952	2424	1848	1224	672	0	648	1200	1752	2232	2760	3144	3384	4080	4800	4728	4968	5664	5448	5040	4752	5232	5400	5184	5328	4272	4440	3672	3360	3312	2592	
2688	2856	2328	1680	1104	648	0	552	1080	1584	2112	2520	2808	3480	4200	4176	4464	5184	5040	4680	4464	4992	5208	5064	5304	4224	4536	3744	3480	3576	2760	
2784	3408	2880	2256	1680	1200	552	0	600	1152	1656	2112	2472	3120	3864	3912	4248	4992	4920	4656	4464	5064	5328	5232	5544	4488	4848	4056	3840	4056	3168	
2520	3696	3264	2616	2088	1752	1080	600	0	528	1032	1488	1896	2520	3240	3360	3696	4440	4440	4224	4104	4704	5040	5016	5376	4344	4800	4032	3864	4176	3264	
2304	3960	3576	2952	2472	2232	1584	1152	528	0	528	960	1344	1968	2688	2808	3192	3936	3960	3816	3744	4368	4752	4776	5184	4200	4728	3984	3864	4296	3360	
2472	4440	4056	3480	2976	2760	2112	1656	1032	528	0	504	1008	1536	2256	2472	2904	3648	3768	3696	3696	4344	4776	4848	5304	4368	4968	4248	4176	4680	3744	
2280	4584	4272	3720	3288	3144	2520	2112	1488	960	504	0	504	1008	1728	1944	2376	3120	3264	3240	3312	3984	4416	4536	5040	4176	4824	4128	4128	4704	3768	
2016	4584	4344	3840	3456	3384	2808	2472	1896	1344	1008	504	0	696	1392	1464	1872	2640	2760	2736	2832	3504	3960	4128	4656	3840	4512	3888	3912	4560	3648	
2520	5232	5016	4512	4152	4080	3480	3120	2520	1968	1536	1008	696	0	720	1056	1536	2256	2544	2712	2928	3576	4104	4344	4920	4200	4944	4368	4440	5136	4272	
2952	5832	5640	5184	4824	4800	4200	3864	3240	2688	2256	1728	1392	720	0	744	1200	1800	2280	2616	2928	3552	4080	4416	5040	4464	5208	4728	4848	5616	4776	
2472	5424	5328	4920	4632	4728	4176	3912	3360	2808	2472	1944	1464	1056	744	0	504	1200	1560	1872	2184	2808	3336	3672	4296	3792	4560	4128	4296	5088	4296	
2472	5472	5400	5040	4824	4968	4464	4248	3696	3192	2904	2376	1872	1536	1200	504	0	744	1056	1440	1824	2400	2928	3312	3960	3552	4320	3960	4176	4992	4272	
2976	5952	5952	5640	5472	5664	5184	4992	4440	3936	3648	3120	2640	2256	1800	1200	744	0	696	1368	1872	2256	2808	3264	3912	3696	4488	4248	4512	5352	4728	
2592	5472	5520	5280	5160	5448	5040	4920	4440	3960	3768	3264	2760	2544	2280	1560	1056	696	0	672	1200	1560	2088	2544	3192	3048	3816	3624	3936	4800	4224	
2088	4848	4944	4752	4704	5040	4680	4656	4224	3816	3696	3240	2736	2712	2616	1872	1440	1368	672	0	504	960	1488	1920	2568	2352	3120	2952	3264	4128	3600	
1776	4392	4512	4368	4368	4752	4464	4464	4104	3744	3696	3312	2832	2928	2928	2184	1824	1872	1200	504	0	672	1176	1488	2136	1824	2616	2448	2760	3624	3120	
2280	4560	4776	4728	4776	5232	4992	5064	4704	4368	4344	3984	3504	3576	3552	2808	2400	2256	1560	960	672	0	528	1008	1656	1704	2400	2448	2808	3648	3336	
2544	4488	4752	4776	4896	5400	5208	5328	5040	4752	4776	4416	3960	4104	4080	3336	2928	2808	2088	1488	1176	528	0	552	1152	1488	2064	2280	2664	3480	3288	
2472	4056	4392	4464	4632	5184	5064	5232	5016	4776	4848	4536	4128	4344	4416	3672	3312	3264	2544	1920	1488	1008	552	0	648	1032	1536	1824	2232	3000	2904	
2856	3936	4320	4488	4752	5328	5304	5544	5376	5184	5304	5040	4656	4920	5040	4296	3960	3912	3192	2568	2136	1656	1152	648	0	1056	1176	1728	2136	2760	2880	
1896	3024	3360	3456	3672	4272	4224	4488	4344	4200	4368	4176	3840	4200	4464	3792	3552	3696	3048	2352	1824	1704	1488	1032	1056	0	768	792	1200	1992	1872	
2520	2784	3216	3456	3792	4440	4536	4848	4800	4728	4968	4824	4512	4944	5208	4560	4320	4488	3816	3120	2616	2400	2064	1536	1176	768	0	792	1080	1584	1872	
1848	2232	2568	2736	3048	3672	3744	4056	4032	3984	4248	4128	3888	4368	4728	4128	3960	4248	3624	2952	2448	2448	2280	1824	1728	792	792	0	408	1200	1128	
1920	1824	2184	2376	2712	3360	3480	3840	3864	3864	4176	4128	3912	4440	4848	4296	4176	4512	3936	3264	2760	2808	2664	2232	2136	1200	1080	408	0	864	768	
2640	1224	1728	2160	2616	3312	3576	4056	4176	4296	4680	4704	4560	5136	5616	5088	4992	5352	4800	4128	3624	3648	3480	3000	2760	1992	1584	1200	864	0	912	
1824	1248	1464	1608	1944	2592	2760	3168	3264	3360	3744	3768	3648	4272	4776	4296	4272	4728	4224	3600	3120	3336	3288	2904	2880	1872	1872	1128	768	912	0	
V3
0	1425	1402	1276	1231	1402	1276	1322	1197	1094	1174	1083	957	1197	1402	1174	1174	1413	1231	991	843	1083	1208	1174	1356	900	1197	877	912	1254	866	
1425	0	285	570	832	1151	1356	1618	1755	1881	2109	2177	2177	2485	2770	2576	2599	2827	2599	2302	2086	2166	2131	1926	1869	1436	1322	1060	866	581	592	
1402	285	0	296	581	877	1105	1368	1550	1698	1926	2029	2063	2382	2679	2530	2565	2827	2622	2348	2143	2268	2257	2086	2052	1596	1527	1219	1037	820	695	
1276	570	296	0	273	581	798	1071	1242	1402	1653	1767	1824	2143	2462	2337	2394	2679	2508	2257	2074	2245	2268	2120	2131	1641	1641	1299	1128	1026	763	
1231	832	581	273	0	319	524	798	991	1174	1413	1561	1641	1972	2291	2200	2291	2599	2451	2234	2074	2268	2325	2200	2257	1744	1801	1447	1288	1242	923	
1402	1151	877	581	319	0	307	570	832	1060	1311	1493	1607	1938	2280	2245	2359	2690	2587	2394	2257	2485	2565	2462	2530	2029	2109	1744	1596	1573	1231	
1276	1356	1105	798	524	307	0	262	513	752	1003	1197	1333	1653	1995	1983	2120	2462	2394	2223	2120	2371	2473	2405	2519	2006	2154	1778	1653	1698	1311	
1322	1618	1368	1071	798	570	262	0	285	547	786	1003	1174	1482	1835	1858	2017	2371	2337	2211	2120	2405	2530	2485	2633	2131	2302	1926	1824	1926	1504	
1197	1755	1550	1242	991	832	513	285	0	250	490	706	900	1197	1539	1596	1755	2109	2109	2006	1949	2234	2394	2382	2553	2063	2280	1915	1835	1983	1550	
1094	1881	1698	1402	1174	1060	752	547	250	0	250	456	638	934	1276	1333	1516	1869	1881	1812	1778	2074	2257	2268	2462	1995	2245	1892	1835	2040	1596	
1174	2109	1926	1653	1413	1311	1003	786	490	250	0	239	478	729	1071	1174	1379	1732	1789	1755	1755	2063	2268	2302	2519	2074	2359	2017	1983	2223	1778	
1083	2177	2029	1767	1561	1493	1197	1003	706	456	239	0	239	478	820	923	1128	1482	1550	1539	1573	1892	2097	2154	2394	1983	2291	1960	1960	2234	1789	
957	2177	2063	1824	1641	1607	1333	1174	900	638	478	239	0	330	661	695	889	1254	1311	1299	1345	1664	1881	1960	2211	1824	2143	1846	1858	2166	1732	
1197	2485	2382	2143	1972	1938	1653	1482	1197	934	729	478	330	0	342	501	729	1071	1208	1288	1390	1698	1949	2063	2337	1995	2348	2074	2109	2439	2029	
1402	2770	2679	2462	2291	2280	1995	1835	1539	1276	1071	820	661	342	0	353	570	855	1083	1242	1390	1687	1938	2097	2394	2120	2473	2245	2302	2667	2268	
1174	2576	2530	2337	2200	2245	1983	1858	1596	1333	1174	923	695	501	353	0	239	570	741	889	1037	1333	1584	1744	2040	1801	2166	1960	2040	2416	2040	
1174	2599	2565	2394	2291	2359	2120	2017	1755	1516	1379	1128	889	729	570	239	0	353	501	684	866	1140	1390	1573	1881	1687	2052	1881	1983	2371	2029	
1413	2827	2827	2679	2599	2690	2462	2371	2109	1869	1732	1482	1254	1071	855	570	353	0	330	649	889	1071	1333	1550	1858	1755	2131	2017	2143	2542	2245	
1231	2599	2622	2508	2451	2587	2394	2337	2109	1881	1789	1550	1311	1208	1083	741	501	330	0	319	570	741	991	1208	1516	1447	1812	1721	1869	2280	2006	
991	2302	2348	2257	2234	2394	2223	2211	2006	1812	1755	1539	1299	1288	1242	889	684	649	319	0	239	456	706	912	1219	1117	1482	1402	1550	1960	1710	
843	2086	2143	2074	2074	2257	2120	2120	1949	1778	1755	1573	1345	1390	1390	1037	866	889	570	239	0	319	558	706	1014	866	1242	1162	1311	1721	1482	
1083	2166	2268	2245	2268	2485	2371	2405	2234	2074	2063	1892	1664	1698	1687	1333	1140	1071	741	456	319	0	250	478	786	809	1140	1162	1333	1732	1584	
1208	2131	2257	2268	2325	2565	2473	2530	2394	2257	2268	2097	1881	1949	1938	1584	1390	1333	991	706	558	250	0	262	547	706	980	1083	1265	1653	1561	
1174	1926	2086	2120	2200	2462	2405	2485	2382	2268	2302	2154	1960	2063	2097	1744	1573	1550	1208	912	706	478	262	0	307	490	729	866	1060	1425	1379	
1356	1869	2052	2131	2257	2530	2519	2633	2553	2462	2519	2394	2211	2337	2394	2040	1881	1858	1516	1219	1014	786	547	307	0	501	558	820	1014	1311	1368	
900	1436	1596	1641	1744	2029	2006	2131	2063	1995	2074	1983	1824	1995	2120	1801	1687	1755	1447	1117	866	809	706	490	501	0	364	376	570	946	889	
1197	1322	1527	1641	1801	2109	2154	2302	2280	2245	2359	2291	2143	2348	2473	2166	2052	2131	1812	1482	1242	1140	980	729	558	364	0	376	513	752	889	
877	1060	1219	1299	1447	1744	1778	1926	1915	1892	2017	1960	1846	2074	2245	1960	1881	2017	1721	1402	1162	1162	1083	866	820	376	376	0	193	570	535	
912	866	1037	1128	1288	1596	1653	1824	1835	1835	1983	1960	1858	2109	2302	2040	1983	2143	1869	1550	1311	1333	1265	1060	1014	570	513	193	0	410	364	
1254	581	820	1026	1242	1573	1698	1926	1983	2040	2223	2234	2166	2439	2667	2416	2371	2542	2280	1960	1721	1732	1653	1425	1311	946	752	570	410	0	433	
866	592	695	763	923	1231	1311	1504	1550	1596	1778	1789	1732	2029	2268	2040	2029	2245	2006	1710	1482	1584	1561	1379	1368	889	889	535	364	433	0	
V4
0	3375	3321	3024	2916	3321	3024	3132	2835	2592	2781	2565	2268	2835	3321	2781	2781	3348	2916	2349	1998	2565	2862	2781	3213	2133	2835	2079	2160	2970	2052	
3375	0	675	1350	1971	2727	3213	3834	4158	4455	4995	5157	5157	5886	6561	6102	6156	6696	6156	5454	4941	5130	5049	4563	4428	3402	3132	2511	2052	1377	1404	
3321	675	0	702	1377	2079	2619	3240	3672	4023	4563	4806	4887	5643	6345	5994	6075	6696	6210	5562	5076	5373	5346	4941	4860	3780	3618	2889	2457	1944	1647	
3024	1350	702	0	648	1377	1890	2538	2943	3321	3915	4185	4320	5076	5832	5535	5670	6345	5940	5346	4914	5319	5373	5022	5049	3888	3888	3078	2673	2430	1809	
2916	1971	1377	648	0	756	1242	1890	2349	2781	3348	3699	3888	4671	5427	5211	5427	6156	5805	5292	4914	5373	5508	5211	5346	4131	4266	3429	3051	2943	2187	
3321	2727	2079	1377	756	0	729	1350	1971	2511	3105	3537	3807	4590	5400	5319	5589	6372	6129	5670	5346	5886	6075	5832	5994	4806	4995	4131	3780	3726	2916	
3024	3213	2619	1890	1242	729	0	621	1215	1782	2376	2835	3159	3915	4725	4698	5022	5832	5670	5265	5022	5616	5859	5697	5967	4752	5103	4212	3915	4023	3105	
3132	3834	3240	2538	1890	1350	621	0	675	1296	1863	2376	2781	3510	4347	4401	4779	5616	5535	5238	5022	5697	5994	5886	6237	5049	5454	4563	4320	4563	3564	
2835	4158	3672	2943	2349	1971	1215	675	0	594	1161	1674	2133	2835	3645	3780	4158	4995	4995	4752	4617	5292	5670	5643	6048	4887	5400	4536	4347	4698	3672	
2592	4455	4023	3321	2781	2511	1782	1296	594	0	594	1080	1512	2214	3024	3159	3591	4428	4455	4293	4212	4914	5346	5373	5832	4725	5319	4482	4347	4833	3780	
2781	4995	4563	3915	3348	3105	2376	1863	1161	594	0	567	1134	1728	2538	2781	3267	4104	4239	4158	4158	4887	5373	5454	5967	4914	5589	4779	4698	5265	4212	
2565	5157	4806	4185	3699	3537	2835	2376	1674	1080	567	0	567	1134	1944	2187	2673	3510	3672	3645	3726	4482	4968	5103	5670	4698	5427	4644	4644	5292	4239	
2268	5157	4887	4320	3888	3807	3159	2781	2133	1512	1134	567	0	783	1566	1647	2106	2970	3105	3078	3186	3942	4455	4644	5238	4320	5076	4374	4401	5130	4104	
2835	5886	5643	5076	4671	4590	3915	3510	2835	2214	1728	1134	783	0	810	1188	1728	2538	2862	3051	3294	4023	4617	4887	5535	4725	5562	4914	4995	5778	4806	
3321	6561	6345	5832	5427	5400	4725	4347	3645	3024	2538	1944	1566	810	0	837	1350	2025	2565	2943	3294	3996	4590	4968	5670	5022	5859	5319	5454	6318	5373	
2781	6102	5994	5535	5211	5319	4698	4401	3780	3159	2781	2187	1647	1188	837	0	567	1350	1755	2106	2457	3159	3753	4131	4833	4266	5130	4644	4833	5724	4833	
2781	6156	6075	5670	5427	5589	5022	4779	4158	3591	3267	2673	2106	1728	1350	567	0	837	1188	1620	2052	2700	3294	3726	4455	3996	4860	4455	4698	5616	4806	
3348	6696	6696	6345	6156	6372	5832	5616	4995	4428	4104	3510	2970	2538	2025	1350	837	0	783	1539	2106	2538	3159	3672	4401	4158	5049	4779	5076	6021	5319	
2916	6156	6210	5940	5805	6129	5670	5535	4995	4455	4239	3672	3105	2862	2565	1755	1188	783	0	756	1350	1755	2349	2862	3591	3429	4293	4077	4428	5400	4752	
2349	5454	5562	5346	5292	5670	5265	5238	4752	4293	4158	3645	3078	3051	2943	2106	1620	1539	756	0	567	1080	1674	2160	2889	2646	3510	3321	3672	4644	4050	
1998	4941	5076	4914	4914	5346	5022	5022	4617	4212	4158	3726	3186	3294	3294	2457	2052	2106	1350	567	0	756	1323	1674	2403	2052	2943	2754	3105	4077	3510	
2565	5130	5373	5319	5373	5886	5616	5697	5292	4914	4887	4482	3942	4023	3996	3159	2700	2538	1755	1080	756	0	594	1134	1863	1917	2700	2754	3159	4104	3753	
2862	5049	5346	5373	5508	6075	5859	5994	5670	5346	5373	4968	4455	4617	4590	3753	3294	3159	2349	1674	1323	594	0	621	1296	1674	2322	2565	2997	3915	3699	
2781	4563	4941	5022	5211	5832	5697	5886	5643	5373	5454	5103	4644	4887	4968	4131	3726	3672	2862	2160	1674	1134	621	0	729	1161	1728	2052	2511	3375	3267	
3213	4428	4860	5049	5346	5994	5967	6237	6048	5832	5967	5670	5238	5535	5670	4833	4455	4401	3591	2889	2403	1863	1296	729	0	1188	1323	1944	2403	3105	3240	
2133	3402	3780	3888	4131	4806	4752	5049	4887	4725	4914	4698	4320	4725	5022	4266	3996	4158	3429	2646	2052	1917	1674	1161	1188	0	864	891	1350	2241	2106	
2835	3132	3618	3888	4266	4995	5103	5454	5400	5319	5589	5427	5076	5562	5859	5130	4860	5049	4293	3510	2943	2700	2322	1728	1323	864	0	891	1215	1782	2106	
2079	2511	2889	3078	3429	4131	4212	4563	4536	4482	4779	4644	4374	4914	5319	4644	4455	4779	4077	3321	2754	2754	2565	2052	1944	891	891	0	459	1350	1269	
2160	2052	2457	2673	3051	3780	3915	4320	4347	4347	4698	4644	4401	4995	5454	4833	4698	5076	4428	3672	3105	3159	2997	2511	2403	1350	1215	459	0	972	864	
2970	1377	1944	2430	2943	3726	4023	4563	4698	4833	5265	5292	5130	5778	6318	5724	5616	6021	5400	4644	4077	4104	3915	3375	3105	2241	1782	1350	972	0	1026	
2052	1404	1647	1809	2187	2916	3105	3564	3672	3780	4212	4239	4104	4806	5373	4833	4806	5319	4752	4050	3510	3753	3699	3267	3240	2106	2106	1269	864	1026	0	
V5
0	1925	1894	1724	1663	1894	1724	1786	1617	1478	1586	1463	1293	1617	1894	1586	1586	1909	1663	1339	1139	1463	1632	1586	1832	1216	1617	1185	1232	1694	1170	
1925	0	385	770	1124	1555	1832	2186	2371	2541	2849	2941	2941	3357	3742	3480	3511	3819	3511	3110	2818	2926	2879	2602	2525	1940	1786	1432	1170	785	800	
1894	385	0	400	785	1185	1493	1848	2094	2294	2602	2741	2787	3218	3619	3418	3465	3819	3542	3172	2895	3064	3049	2818	2772	2156	2063	1647	1401	1108	939	
1724	770	400	0	369	785	1078	1447	1678	1894	2233	2387	2464	2895	3326	3157	3234	3619	3388	3049	2802	3033	3064	2864	2879	2217	2217	1755	1524	1386	1031	
1663	1124	785	369	0	431	708	1078	1339	1586	1909	2109	2217	2664	3095	2972	3095	3511	3311	3018	2802	3064	3141	2972	3049	2356	2433	1955	1740	1678	1247	
1894	1555	1185	785	431	0	415	770	1124	1432	1771	2017	2171	2618	3080	3033	3187	3634	3495	3234	3049	3357	3465	3326	3418	2741	2849	2356	2156	2125	1663	
1724	1832	1493	1078	708	415	0	354	693	1016	1355	1617	1801	2233	2695	2679	2864	3326	3234	3003	2864	3203	3341	3249	3403	2710	2910	2402	2233	2294	1771	
1786	2186	1848	1447	1078	770	354	0	385	739	1062	1355	1586	2002	2479	2510	2725	3203	3157	2987	2864	3249	3418	3357	3557	2879	3110	2602	2464	2602	2032	
1617	2371	2094	1678	1339	1124	693	385	0	338	662	954	1216	1617	2079	2156	2371	2849	2849	2710	2633	3018	3234	3218	3449	2787	3080	2587	2479	2679	2094	
1478	2541	2294	1894	1586	1432	1016	739	338	0	338	616	862	1262	1724	1801	2048	2525	2541	2448	2402	2802	3049	3064	3326	2695	3033	2556	2479	2756	2156	
1586	2849	2602	2233	1909	1771	1355	1062	662	338	0	323	646	985	1447	1586	1863	2340	2417	2371	2371	2787	3064	3110	3403	2802	3187	2725	2679	3003	2402	
1463	2941	2741	2387	2109	2017	1617	1355	954	616	323	0	323	646	1108	1247	1524	2002	2094	2079	2125	2556	2833	2910	3234	2679	3095	2648	2648	3018	2417	
1293	2941	2787	2464	2217	2171	1801	1586	1216	862	646	323	0	446	893	939	1201	1694	1771	1755	1817	2248	2541	2648	2987	2464	2895	2494	2510	2926	2340	
1617	3357	3218	2895	2664	2618	2233	2002	1617	1262	985	646	446	0	462	677	985	1447	1632	1740	1878	2294	2633	2787	3157	2695	3172	2802	2849	3295	2741	
1894	3742	3619	3326	3095	3080	2695	2479	2079	1724	1447	1108	893	462	0	477	770	1155	1463	1678	1878	2279	2618	2833	3234	2864	3341	3033	3110	3603	3064	
1586	3480	3418	3157	2972	3033	2679	2510	2156	1801	1586	1247	939	677	477	0	323	770	1001	1201	1401	1801	2140	2356	2756	2433	2926	2648	2756	3264	2756	
1586	3511	3465	3234	3095	3187	2864	2725	2371	2048	1863	1524	1201	985	770	323	0	477	677	924	1170	1540	1878	2125	2541	2279	2772	2541	2679	3203	2741	
1909	3819	3819	3619	3511	3634	3326	3203	2849	2525	2340	2002	1694	1447	1155	770	477	0	446	877	1201	1447	1801	2094	2510	2371	2879	2725	2895	3434	3033	
1663	3511	3542	3388	3311	3495	3234	3157	2849	2541	2417	2094	1771	1632	1463	1001	677	446	0	431	770	1001	1339	1632	2048	1955	2448	2325	2525	3080	2710	
1339	3110	3172	3049	3018	3234	3003	2987	2710	2448	2371	2079	1755	1740	1678	1201	924	877	431	0	323	616	954	1232	1647	1509	2002	1894	2094	2648	2310	
1139	2818	2895	2802	2802	3049	2864	2864	2633	2402	2371	2125	1817	1878	1878	1401	1170	1201	770	323	0	431	754	954	1370	1170	1678	1570	1771	2325	2002	
1463	2926	3064	3033	3064	3357	3203	3249	3018	2802	2787	2556	2248	2294	2279	1801	1540	1447	1001	616	431	0	338	646	1062	1093	1540	1570	1801	2340	2140	
1632	2879	3049	3064	3141	3465	3341	3418	3234	3049	3064	2833	2541	2633	2618	2140	1878	1801	1339	954	754	338	0	354	739	954	1324	1463	1709	2233	2109	
1586	2602	2818	2864	2972	3326	3249	3357	3218	3064	3110	2910	2648	2787	2833	2356	2125	2094	1632	1232	954	646	354	0	415	662	985	1170	1432	1925	1863	
1832	2525	2772	2879	3049	3418	3403	3557	3449	3326	3403	3234	2987	3157	3234	2756	2541	2510	2048	1647	1370	1062	739	415	0	677	754	1108	1370	1771	1848	
1216	1940	2156	2217	2356	2741	2710	2879	2787	2695	2802	2679	2464	2695	2864	2433	2279	2371	1955	1509	1170	1093	954	662	677	0	492	508	770	1278	1201	
1617	1786	2063	2217	2433	2849	2910	3110	3080	3033	3187	3095	2895	3172	3341	2926	2772	2879	2448	2002	1678	1540	1324	985	754	492	0	508	693	1016	1201	
1185	1432	1647	1755	1955	2356	2402	2602	2587	2556	2725	2648	2494	2802	3033	2648	2541	2725	2325	1894	1570	1570	1463	1170	1108	508	508	0	261	770	723	
1232	1170	1401	1524	1740	2156	2233	2464	2479	2479	2679	2648	2510	2849	3110	2756	2679	2895	2525	2094	1771	1801	1709	1432	1370	770	693	261	0	554	492	
1694	785	1108	1386	1678	2125	2294	2602	2679	2756	3003	3018	2926	3295	3603	3264	3203	3434	3080	2648	2325	2340	2233	1925	1771	1278	1016	770	554	0	585	
1170	800	939	1031	1247	1663	1771	2032	2094	2156	2402	2417	2340	2741	3064	2756	2741	3033	2710	2310	2002	2140	2109	1863	1848	1201	1201	723	492	585	0	
V6
0	1400	1377	1254	1209	1377	1254	1299	1176	1075	1153	1064	940	1176	1377	1153	1153	1388	1209	974	828	1064	1187	1153	1332	884	1176	862	896	1232	851	
1400	0	280	560	817	1131	1332	1590	1724	1848	2072	2139	2139	2441	2721	2531	2553	2777	2553	2262	2049	2128	2094	1892	1836	1411	1299	1041	851	571	582	
1377	280	0	291	571	862	1086	1344	1523	1668	1892	1993	2027	2340	2632	2486	2520	2777	2576	2307	2105	2228	2217	2049	2016	1568	1500	1198	1019	806	683	
1254	560	291	0	268	571	784	1052	1220	1377	1624	1736	1792	2105	2419	2296	2352	2632	2464	2217	2038	2206	2228	2083	2094	1612	1612	1276	1108	1008	750	
1209	817	571	268	0	313	515	784	974	1153	1388	1534	1612	1937	2251	2161	2251	2553	2408	2195	2038	2228	2284	2161	2217	1713	1769	1422	1265	1220	907	
1377	1131	862	571	313	0	302	560	817	1041	1288	1467	1579	1904	2240	2206	2318	2643	2542	2352	2217	2441	2520	2419	2486	1993	2072	1713	1568	1545	1209	
1254	1332	1086	784	515	302	0	257	504	739	985	1176	1310	1624	1960	1948	2083	2419	2352	2184	2083	2329	2430	2363	2475	1971	2116	1747	1624	1668	1288	
1299	1590	1344	1052	784	560	257	0	280	537	772	985	1153	1456	1803	1825	1982	2329	2296	2172	2083	2363	2486	2441	2587	2094	2262	1892	1792	1892	1478	
1176	1724	1523	1220	974	817	504	280	0	246	481	694	884	1176	1512	1568	1724	2072	2072	1971	1915	2195	2352	2340	2508	2027	2240	1881	1803	1948	1523	
1075	1848	1668	1377	1153	1041	739	537	246	0	246	448	627	918	1254	1310	1489	1836	1848	1780	1747	2038	2217	2228	2419	1960	2206	1859	1803	2004	1568	
1153	2072	1892	1624	1388	1288	985	772	481	246	0	235	470	716	1052	1153	1355	1702	1758	1724	1724	2027	2228	2262	2475	2038	2318	1982	1948	2184	1747	
1064	2139	1993	1736	1534	1467	1176	985	694	448	235	0	235	470	806	907	1108	1456	1523	1512	1545	1859	2060	2116	2352	1948	2251	1926	1926	2195	1758	
940	2139	2027	1792	1612	1579	1310	1153	884	627	470	235	0	324	649	683	873	1232	1288	1276	1321	1635	1848	1926	2172	1792	2105	1814	1825	2128	1702	
1176	2441	2340	2105	1937	1904	1624	1456	1176	918	716	470	324	0	336	492	716	1052	1187	1265	1366	1668	1915	2027	2296	1960	2307	2038	2072	2396	1993	
1377	2721	2632	2419	2251	2240	1960	1803	1512	1254	1052	806	649	336	0	347	560	840	1064	1220	1366	1657	1904	2060	2352	2083	2430	2206	2262	2620	2228	
1153	2531	2486	2296	2161	2206	1948	1825	1568	1310	1153	907	683	492	347	0	235	560	728	873	1019	1310	1556	1713	2004	1769	2128	1926	2004	2374	2004	
1153	2553	2520	2352	2251	2318	2083	1982	1724	1489	1355	1108	873	716	560	235	0	347	492	672	851	1120	1366	1545	1848	1657	2016	1848	1948	2329	1993	
1388	2777	2777	2632	2553	2643	2419	2329	2072	1836	1702	1456	1232	1052	840	560	347	0	324	638	873	1052	1310	1523	1825	1724	2094	1982	2105	2497	2206	
1209	2553	2576	2464	2408	2542	2352	2296	2072	1848	1758	1523	1288	1187	1064	728	492	324	0	313	560	728	974	1187	1489	1422	1780	1691	1836	2240	1971	
974	2262	2307	2217	2195	2352	2184	2172	1971	1780	1724	1512	1276	1265	1220	873	672	638	313	0	235	448	694	896	1198	1097	1456	1377	1523	1926	1680	
828	2049	2105	2038	2038	2217	2083	2083	1915	1747	1724	1545	1321	1366	1366	1019	851	873	560	235	0	313	548	694	996	851	1220	1142	1288	1691	1456	
1064	2128	2228	2206	2228	2441	2329	2363	2195	2038	2027	1859	1635	1668	1657	1310	1120	1052	728	448	313	0	246	470	772	795	1120	1142	1310	1702	1556	
