M: 2
N: 30
Nun_Veiculos: 18
Capacidade_Total: 1366
Demanda_Total: 682
Setup_Min: 1
Setup_Max: 99
Raio: 100
Circulos: 1
Tempo_Processamento_Min: 1
Tempo_Processamento_Max: 49
Demanda_Min: 10
Demanda_Max: 30
Priority_Factor: 0.2
Range_Factor_R: 0.8
U_factor: 2
ALpha: 0.2Replicao: 4
Tempos_Processamentos
0	0	1	0	
0	14	1	7	
0	49	1	19	
0	35	1	28	
0	35	1	12	
0	12	1	4	
0	26	1	38	
0	5	1	14	
0	32	1	31	
0	30	1	43	
0	10	1	39	
0	27	1	18	
0	36	1	49	
0	36	1	18	
0	36	1	37	
0	22	1	22	
0	34	1	23	
0	43	1	35	
0	1	1	20	
0	14	1	24	
0	12	1	14	
0	27	1	33	
0	18	1	18	
0	41	1	25	
0	39	1	26	
0	41	1	10	
0	25	1	42	
0	37	1	19	
0	44	1	31	
0	6	1	41	
0	20	1	30	

Tempos_setup
M0
0	0	0	0	0	0	0	0	0	0	0	0	0	0	0	0	0	0	0	0	0	0	0	0	0	0	0	0	0	0	0	
0	0	10	2	5	12	16	9	13	10	6	10	6	16	6	6	10	3	9	9	13	13	10	9	15	1	14	11	4	9	1	
0	15	0	10	13	24	26	23	28	16	20	18	14	21	12	21	22	18	23	16	21	25	24	17	23	15	21	18	18	20	16	
0	5	10	0	3	17	16	13	18	13	10	8	4	14	9	11	12	8	14	7	11	17	15	7	13	5	16	13	8	10	6	
0	18	23	13	0	20	18	10	24	15	16	15	17	11	11	12	19	11	13	20	8	14	16	20	10	11	19	19	14	16	19	
0	12	15	7	10	0	21	6	18	19	11	15	11	21	15	11	15	6	14	13	18	1	15	14	19	6	19	16	9	15	6	
0	7	17	9	12	19	0	10	17	17	7	17	13	18	13	13	17	10	16	16	20	5	17	16	18	8	21	18	7	16	8	
0	8	13	3	6	10	17	0	14	16	6	11	7	17	12	14	10	9	17	10	14	4	18	10	13	1	14	11	4	13	9	
0	10	20	12	11	10	20	16	0	14	5	20	16	16	10	16	20	13	10	19	19	11	20	19	16	11	7	4	14	16	11	
0	13	23	15	18	19	24	22	26	0	6	23	12	17	17	19	23	15	19	15	26	20	8	22	17	14	27	24	17	22	14	
0	18	28	20	14	25	18	17	27	26	0	28	17	11	22	24	27	9	13	20	22	21	26	27	11	18	22	19	21	19	19	
0	11	16	6	9	11	11	17	17	8	9	0	10	20	15	14	4	14	11	13	17	12	16	13	19	4	8	5	7	16	9	
0	1	11	3	6	13	17	10	14	9	7	11	0	17	5	7	11	4	10	3	14	14	11	10	16	2	15	12	5	10	2	
0	14	19	9	3	16	7	6	16	18	12	17	13	0	14	15	16	14	2	16	11	10	15	16	13	7	15	12	10	8	13	
0	17	27	17	15	14	18	20	30	4	10	25	16	21	0	23	27	19	14	19	23	15	12	24	21	18	11	8	21	20	18	
0	7	17	9	4	19	10	14	20	12	13	10	13	15	13	0	14	10	3	16	12	15	4	16	14	8	18	15	11	4	8	
0	8	13	3	6	7	7	13	21	16	13	11	7	17	12	14	0	11	7	10	14	8	18	10	16	8	4	1	11	13	9	
0	32	42	34	30	41	34	33	43	27	16	38	31	27	34	38	42	0	29	34	31	37	35	41	27	33	38	35	36	35	33	
0	17	24	14	1	21	19	11	25	16	17	16	16	12	12	13	20	12	0	19	9	15	17	21	11	12	20	20	15	17	18	
0	19	29	19	17	16	20	22	23	6	12	27	18	23	2	25	29	21	16	0	25	17	14	26	23	20	13	10	13	22	20	
0	10	15	5	6	12	10	2	16	7	8	7	9	3	3	16	11	3	5	12	0	6	15	12	2	3	14	11	6	11	11	
0	11	14	6	9	15	20	5	17	18	11	14	10	20	14	10	15	5	13	12	17	0	14	13	18	6	19	16	9	14	5	
0	21	31	23	26	27	17	22	34	8	14	27	20	23	23	27	31	23	25	23	20	22	0	30	22	22	34	31	24	23	22	
0	21	30	20	23	29	26	25	19	17	11	28	20	22	17	27	27	20	24	23	23	20	9	0	22	18	26	23	9	30	22	
0	21	24	16	19	24	30	22	27	16	17	24	20	28	17	20	28	1	23	15	27	25	24	23	0	21	21	25	24	24	15	
0	7	12	2	5	16	16	14	13	15	5	10	6	16	11	13	9	10	16	9	13	14	17	9	15	0	13	10	3	12	8	
0	15	18	10	13	3	24	9	21	13	13	18	14	24	9	14	18	9	17	16	21	4	16	17	22	9	0	17	11	9	9	
0	15	21	13	7	6	25	12	24	16	16	21	14	18	12	17	21	12	6	17	15	7	19	20	17	12	3	0	14	12	12	
0	12	21	14	16	20	20	16	10	12	2	22	11	13	8	18	22	11	15	14	24	11	20	21	13	13	17	14	0	21	13	
0	19	22	14	17	24	24	18	24	15	16	22	18	27	22	18	26	12	21	21	25	13	7	21	27	19	26	23	14	0	13	
0	6	9	1	4	11	15	8	12	14	8	9	5	15	10	5	13	9	8	8	12	12	9	8	14	6	17	14	9	9	0	
M1
0	0	0	0	0	0	0	0	0	0	0	0	0	0	0	0	0	0	0	0	0	0	0	0	0	0	0	0	0	0	0	
0	0	22	3	22	19	11	12	23	21	16	9	15	17	22	21	6	23	28	14	28	15	22	21	28	5	4	17	21	28	31	
0	9	0	6	3	22	11	15	23	24	5	12	4	20	22	24	9	16	13	17	21	8	19	17	27	8	7	17	11	25	16	
0	16	19	0	19	16	8	9	20	18	13	6	12	14	19	18	3	20	25	11	25	12	19	18	25	2	1	14	18	25	28	
0	6	25	6	0	22	8	15	20	24	19	12	18	20	19	24	9	23	27	17	25	18	25	24	25	8	7	20	24	31	29	
0	27	26	22	29	0	27	20	27	7	21	25	20	24	38	32	24	31	17	22	25	23	23	25	32	12	22	21	27	29	20	
0	14	17	17	20	22	0	22	12	18	22	21	21	31	11	28	20	15	19	18	17	19	25	18	17	19	18	22	17	31	21	
0	17	20	20	15	7	7	0	19	9	22	5	21	19	18	12	13	11	18	2	24	3	24	9	22	7	11	5	13	30	21	
0	22	16	15	17	10	17	10	0	17	14	9	20	20	28	22	15	21	7	12	15	13	13	15	5	11	13	11	20	19	10	
0	20	20	15	23	30	21	23	33	0	14	20	13	28	32	33	17	25	28	25	36	17	33	32	36	16	15	28	20	35	31	
0	10	6	1	9	17	7	10	19	19	0	7	10	15	18	19	4	11	14	12	22	3	20	19	22	3	2	15	6	26	17	
0	22	20	19	21	12	12	20	24	19	18	0	24	14	23	17	19	20	24	7	26	8	19	29	26	2	20	25	18	25	27	
0	7	7	2	10	18	8	11	20	20	1	8	0	16	19	20	5	12	15	13	23	4	21	20	23	4	3	16	7	22	18	
0	8	8	7	11	4	10	6	13	11	6	8	12	0	21	15	8	9	20	5	12	6	5	15	18	7	6	11	4	11	16	
0	3	18	6	10	12	9	12	2	7	14	10	13	20	0	17	9	5	9	7	6	8	15	15	7	8	7	11	18	21	10	
0	5	8	8	11	6	6	8	17	13	13	4	12	18	17	0	11	6	7	1	15	2	13	15	21	6	9	11	1	19	10	
0	16	16	11	16	13	5	6	17	15	10	3	9	17	16	18	0	17	24	8	22	9	22	15	22	5	12	11	16	28	26	
0	18	21	21	23	13	4	22	12	20	22	12	25	26	15	19	21	0	19	9	21	10	25	22	17	14	19	23	20	31	22	
0	15	9	8	12	10	10	3	10	12	7	8	13	16	21	15	8	14	0	5	8	6	6	8	15	4	6	4	13	12	3	
0	15	18	18	14	5	5	17	17	12	21	3	22	17	16	10	21	16	17	0	22	1	22	23	20	5	19	21	11	28	20	
0	17	13	15	16	12	9	10	2	19	14	7	13	15	20	22	4	16	9	12	0	13	15	16	7	3	2	12	19	21	4	
0	18	21	21	24	26	4	26	16	22	26	23	25	35	15	23	24	19	23	22	21	0	29	22	19	23	22	26	21	35	25	
0	9	3	2	6	18	8	11	8	20	1	8	7	14	19	20	5	10	15	13	23	4	0	20	13	4	3	16	7	6	11	
0	17	18	15	20	17	9	10	16	19	14	7	13	15	14	17	4	19	9	12	17	13	15	0	21	3	2	13	18	21	12	
0	18	12	12	12	16	16	20	12	18	11	4	16	18	27	21	14	20	19	11	10	12	10	20	0	6	12	22	17	16	14	
0	20	18	19	21	16	22	18	25	23	18	17	22	12	33	27	20	21	25	17	24	18	17	27	24	0	18	23	16	23	28	
0	15	18	13	18	15	7	8	19	17	12	5	11	13	18	20	2	19	26	10	24	11	18	17	24	1	0	13	17	24	28	
0	16	22	16	10	21	13	14	20	14	18	11	17	19	18	21	8	23	13	16	21	17	19	4	25	7	6	0	22	25	16	
0	4	22	7	22	14	9	7	17	16	17	12	19	21	20	19	10	5	24	9	26	10	19	16	22	9	8	12	0	25	27	
0	3	22	6	23	17	8	15	16	24	16	10	18	20	19	23	9	4	23	13	25	14	25	17	21	8	7	13	22	0	5	
0	18	17	12	18	17	10	11	22	20	11	5	14	16	21	22	5	12	21	12	27	13	21	12	27	4	3	8	17	27	0	
Tamanho_Tarefas
0	10	28	31	23	4	30	6	31	32	17	18	36	20	36	22	28	37	1	19	12	27	18	25	27	13	27	28	31	20	25	
Data_Entrega
0	339	366	496	295	327	352	416	458	389	323	355	513	318	379	461	464	272	466	482	494	484	312	445	285	500	390	272	436	453	407	
Penalidade_Atraso
0	2	9	13	7	12	10	2	6	5	6	9	6	18	15	7	14	2	13	3	20	14	13	15	10	18	14	4	14	11	3	
Capacidade_Veiculo
51	40	70	69	111	90	68	88	47	93	78	41	86	92	75	92	86	89	
Custo_Fixo_Veiculo
510	400	700	690	1110	900	680	880	470	930	780	410	860	920	750	920	860	890	
Coordenadas_Clientes
x	0	y	0
x	87	y	0
x	73	y	15
x	74	y	33
x	69	y	50
x	50	y	55
x	50	y	87
x	26	y	80
x	8	y	84
x	-9	y	93
x	-31	y	97
x	-43	y	75
x	-82	y	91
x	-95	y	69
x	-111	y	49
x	-82	y	17
x	-109	y	0
x	-104	y	-22
x	-82	y	-36
x	-91	y	-66
x	-65	y	-72
x	-38	y	-66
x	-23	y	-71
x	-13	y	-124
x	12	y	-121
x	35	y	-109
x	50	y	-87
x	72	y	-80
x	68	y	-49
x	98	y	-43
x	115	y	-24
Tempo_Viagem
0	87	74	81	85	74	100	84	84	93	101	86	122	117	121	83	109	106	89	112	97	76	74	124	121	114	100	107	83	107	117	
87	0	20	35	52	66	93	100	114	133	152	150	191	194	203	169	196	192	172	189	168	141	130	159	142	120	94	81	52	44	36	
74	20	0	18	35	46	75	80	94	113	132	130	172	176	187	155	182	180	163	182	163	137	128	163	149	129	104	95	64	63	56	
81	35	18	0	17	32	58	66	83	102	122	124	166	172	185	156	185	186	170	192	174	149	142	179	166	147	122	113	82	79	70	
85	52	35	17	0	19	41	52	69	88	110	114	155	164	180	154	184	187	173	197	181	157	152	192	180	162	138	130	99	96	87	
74	66	46	32	19	0	32	34	51	70	91	95	136	145	161	137	168	172	160	185	171	149	145	189	180	164	142	136	105	109	102	
100	93	75	58	41	32	0	25	42	59	81	93	132	145	165	149	180	188	180	208	196	176	174	220	211	196	174	168	137	137	128	
84	100	80	66	52	34	25	0	18	37	59	69	108	121	140	125	156	165	158	187	177	159	158	207	201	189	168	166	135	142	136	
84	114	94	83	69	51	42	18	0	19	41	51	90	103	123	112	143	154	150	179	172	156	158	208	205	194	176	176	145	155	150	
93	133	113	102	88	70	59	37	19	0	22	38	73	89	110	105	136	149	148	178	174	161	164	217	214	206	189	191	161	173	169	
101	152	132	122	110	91	81	59	41	22	0	25	51	69	93	94	124	138	142	173	172	163	168	221	222	215	201	204	176	190	188	
86	150	130	124	114	95	93	69	51	38	25	0	42	52	72	69	99	113	117	148	148	141	147	200	203	199	186	193	166	183	186	
122	191	172	166	155	136	132	108	90	73	51	42	0	25	50	74	94	115	127	157	163	163	172	225	231	231	221	229	205	224	227	
117	194	176	172	164	145	145	121	103	89	69	52	25	0	25	53	70	91	105	135	143	146	157	209	218	220	212	223	200	223	229	
121	203	187	185	180	161	165	140	123	110	93	72	50	25	0	43	49	71	89	116	128	136	148	198	209	214	210	223	204	228	237	
83	169	155	156	154	137	149	125	112	105	94	69	74	53	43	0	31	44	53	83	90	93	105	156	166	171	168	182	163	189	200	
109	196	182	185	184	168	180	156	143	136	124	99	94	70	49	31	0	22	45	67	84	96	111	156	170	180	181	197	183	211	225	
106	192	180	186	187	172	188	165	154	149	138	113	115	91	71	44	22	0	26	45	63	79	94	136	152	163	167	185	174	203	219	
89	172	163	170	173	160	180	158	150	148	142	117	127	105	89	53	45	26	0	31	39	53	68	111	126	137	141	160	150	180	197	
112	189	182	192	197	185	208	187	179	178	173	148	157	135	116	83	67	45	31	0	26	53	68	97	116	132	141	163	159	189	210	
97	168	163	174	181	171	196	177	172	174	172	148	163	143	128	90	84	63	39	26	0	27	42	73	91	106	115	137	134	164	185	
76	141	137	149	157	149	176	159	156	161	163	141	163	146	136	93	96	79	53	53	27	0	15	63	74	84	89	110	107	137	158	
74	130	128	142	152	145	174	158	158	164	168	147	172	157	148	105	111	94	68	68	42	15	0	53	61	69	74	95	93	123	145	
124	159	163	179	192	189	220	207	208	217	221	200	225	209	198	156	156	136	111	97	73	63	53	0	25	50	73	95	110	137	162	
121	142	149	166	180	180	211	201	205	214	222	203	231	218	209	166	170	152	126	116	91	74	61	25	0	25	50	72	91	115	140	
114	120	129	147	162	164	196	189	194	206	215	199	231	220	214	171	180	163	137	132	106	84	69	50	25	0	26	47	68	91	116	
100	94	104	122	138	142	174	168	176	189	201	186	221	212	210	168	181	167	141	141	115	89	74	73	50	26	0	23	42	65	90	
107	81	95	113	130	136	168	166	176	191	204	193	229	223	223	182	197	185	160	163	137	110	95	95	72	47	23	0	31	45	70	
83	52	64	82	99	105	137	135	145	161	176	166	205	200	204	163	183	174	150	159	134	107	93	110	91	68	42	31	0	30	53	
107	44	63	79	96	109	137	142	155	173	190	183	224	223	228	189	211	203	180	189	164	137	123	137	115	91	65	45	30	0	25	
117	36	56	70	87	102	128	136	150	169	188	186	227	229	237	200	225	219	197	210	185	158	145	162	140	116	90	70	53	25	0	
Custo_Viagem
V0
0	887	754	826	867	754	1020	856	856	948	1030	877	1244	1193	1234	846	1111	1081	907	1142	989	775	754	1264	1234	1162	1020	1091	846	1091	1193	
887	0	204	357	540	673	958	1020	1173	1356	1550	1530	1948	1978	2070	1723	1999	1958	1754	1927	1713	1438	1326	1621	1448	1224	958	826	530	448	367	
754	204	0	183	357	469	765	816	958	1152	1346	1326	1754	1795	1907	1581	1856	1836	1662	1856	1662	1397	1305	1662	1519	1315	1060	969	652	642	581	
826	357	183	0	173	326	601	683	846	1040	1244	1264	1693	1754	1887	1591	1887	1897	1734	1958	1774	1519	1448	1825	1693	1499	1244	1152	836	805	714	
867	540	357	173	0	193	418	530	703	907	1122	1162	1591	1683	1836	1570	1876	1907	1764	2009	1846	1601	1550	1958	1836	1652	1407	1326	1009	989	887	
754	673	469	326	193	0	326	346	520	714	928	969	1387	1479	1642	1397	1713	1754	1632	1887	1744	1519	1479	1927	1836	1672	1448	1387	1071	1111	1040	
1020	958	765	601	418	326	0	255	428	601	826	948	1346	1489	1683	1519	1846	1917	1836	2121	1999	1795	1774	2244	2152	1999	1774	1713	1397	1407	1305	
856	1020	816	683	530	346	255	0	183	377	601	703	1101	1234	1428	1275	1591	1683	1611	1907	1805	1621	1611	2111	2050	1927	1713	1693	1377	1448	1387	
856	1173	958	846	703	520	428	183	0	193	418	520	918	1060	1264	1142	1468	1570	1530	1825	1754	1591	1611	2131	2091	1978	1795	1795	1479	1581	1550	
948	1356	1152	1040	907	714	601	377	193	0	224	387	744	907	1132	1071	1387	1519	1509	1815	1774	1642	1672	2213	2193	2101	1927	1948	1642	1764	1734	
1030	1550	1346	1244	1122	928	826	601	418	224	0	255	520	703	948	958	1264	1417	1448	1764	1754	1662	1713	2254	2264	2203	2050	2080	1795	1938	1927	
877	1530	1326	1264	1162	969	948	703	520	387	255	0	428	530	734	703	1009	1162	1193	1509	1509	1438	1499	2050	2070	2029	1897	1968	1693	1866	1897	
1244	1948	1754	1693	1591	1387	1346	1101	918	744	520	428	0	255	520	754	958	1173	1295	1601	1662	1662	1754	2295	2356	2356	2254	2346	2091	2284	2325	
1193	1978	1795	1754	1683	1479	1489	1234	1060	907	703	530	255	0	255	540	714	928	1071	1377	1468	1489	1601	2131	2223	2244	2162	2274	2050	2274	2335	
1234	2070	1907	1887	1836	1642	1683	1428	1264	1132	948	734	520	255	0	438	499	724	907	1183	1315	1387	1509	2019	2131	2193	2142	2274	2080	2325	2417	
846	1723	1581	1591	1570	1397	1519	1275	1142	1071	958	703	754	540	438	0	316	448	540	846	918	948	1071	1591	1693	1744	1713	1856	1662	1927	2050	
1111	1999	1856	1887	1876	1713	1846	1591	1468	1387	1264	1009	958	714	499	316	0	224	459	693	856	979	1132	1591	1744	1836	1846	2009	1866	2152	2295	
1081	1958	1836	1897	1907	1754	1917	1683	1570	1519	1417	1162	1173	928	724	448	224	0	265	459	642	805	958	1387	1550	1662	1703	1887	1774	2070	2233	
907	1754	1662	1734	1764	1632	1836	1611	1530	1509	1448	1193	1295	1071	907	540	459	265	0	316	397	540	693	1132	1285	1397	1438	1632	1530	1836	2009	
1142	1927	1856	1958	2009	1887	2121	1907	1825	1815	1764	1509	1601	1377	1183	846	693	459	316	0	265	540	693	989	1183	1356	1448	1662	1621	1938	2142	
989	1713	1662	1774	1846	1744	1999	1805	1754	1774	1754	1509	1662	1468	1315	918	856	642	397	265	0	275	428	744	928	1081	1173	1397	1366	1683	1897	
775	1438	1397	1519	1601	1519	1795	1621	1591	1642	1662	1438	1662	1489	1387	948	979	805	540	540	275	0	153	642	754	856	918	1122	1091	1397	1611	
754	1326	1305	1448	1550	1479	1774	1611	1611	1672	1713	1499	1754	1601	1509	1071	1132	958	693	693	428	153	0	540	622	703	754	969	948	1264	1479	
1264	1621	1662	1825	1958	1927	2244	2111	2131	2213	2254	2050	2295	2131	2019	1591	1591	1387	1132	989	744	642	540	0	255	510	744	969	1122	1397	1652	
1234	1448	1519	1693	1836	1836	2152	2050	2091	2193	2264	2070	2356	2223	2131	1693	1744	1550	1285	1183	928	754	622	255	0	255	510	734	928	1183	1438	
1162	1224	1315	1499	1652	1672	1999	1927	1978	2101	2203	2029	2356	2244	2193	1744	1836	1662	1397	1356	1081	856	703	510	255	0	265	479	693	928	1183	
1020	958	1060	1244	1407	1448	1774	1713	1795	1927	2050	1897	2254	2162	2142	1713	1846	1703	1438	1448	1173	918	754	744	510	265	0	234	428	663	918	
1091	826	969	1152	1326	1387	1713	1693	1795	1948	2080	1968	2346	2274	2274	1856	2009	1887	1632	1662	1397	1122	969	969	734	479	234	0	316	459	714	
846	530	652	836	1009	1071	1397	1377	1479	1642	1795	1693	2091	2050	2080	1662	1866	1774	1530	1621	1366	1091	948	1122	928	693	428	316	0	306	540	
1091	448	642	805	989	1111	1407	1448	1581	1764	1938	1866	2284	2274	2325	1927	2152	2070	1836	1938	1683	1397	1264	1397	1183	928	663	459	306	0	255	
1193	367	581	714	887	1040	1305	1387	1550	1734	1927	1897	2325	2335	2417	2050	2295	2233	2009	2142	1897	1611	1479	1652	1438	1183	918	714	540	255	0	
V1
0	696	592	648	680	592	800	672	672	744	808	688	976	936	968	664	872	848	712	896	776	608	592	992	968	912	800	856	664	856	936	
696	0	160	280	424	528	752	800	920	1064	1216	1200	1528	1552	1624	1352	1568	1536	1376	1512	1344	1128	1040	1272	1136	960	752	648	416	352	288	
592	160	0	144	280	368	600	640	752	904	1056	1040	1376	1408	1496	1240	1456	1440	1304	1456	1304	1096	1024	1304	1192	1032	832	760	512	504	456	
648	280	144	0	136	256	472	536	664	816	976	992	1328	1376	1480	1248	1480	1488	1360	1536	1392	1192	1136	1432	1328	1176	976	904	656	632	560	
680	424	280	136	0	152	328	416	552	712	880	912	1248	1320	1440	1232	1472	1496	1384	1576	1448	1256	1216	1536	1440	1296	1104	1040	792	776	696	
592	528	368	256	152	0	256	272	408	560	728	760	1088	1160	1288	1096	1344	1376	1280	1480	1368	1192	1160	1512	1440	1312	1136	1088	840	872	816	
800	752	600	472	328	256	0	200	336	472	648	744	1056	1168	1320	1192	1448	1504	1440	1664	1568	1408	1392	1760	1688	1568	1392	1344	1096	1104	1024	
672	800	640	536	416	272	200	0	144	296	472	552	864	968	1120	1000	1248	1320	1264	1496	1416	1272	1264	1656	1608	1512	1344	1328	1080	1136	1088	
672	920	752	664	552	408	336	144	0	152	328	408	720	832	992	896	1152	1232	1200	1432	1376	1248	1264	1672	1640	1552	1408	1408	1160	1240	1216	
744	1064	904	816	712	560	472	296	152	0	176	304	584	712	888	840	1088	1192	1184	1424	1392	1288	1312	1736	1720	1648	1512	1528	1288	1384	1360	
808	1216	1056	976	880	728	648	472	328	176	0	200	408	552	744	752	992	1112	1136	1384	1376	1304	1344	1768	1776	1728	1608	1632	1408	1520	1512	
688	1200	1040	992	912	760	744	552	408	304	200	0	336	416	576	552	792	912	936	1184	1184	1128	1176	1608	1624	1592	1488	1544	1328	1464	1488	
976	1528	1376	1328	1248	1088	1056	864	720	584	408	336	0	200	408	592	752	920	1016	1256	1304	1304	1376	1800	1848	1848	1768	1840	1640	1792	1824	
936	1552	1408	1376	1320	1160	1168	968	832	712	552	416	200	0	200	424	560	728	840	1080	1152	1168	1256	1672	1744	1760	1696	1784	1608	1784	1832	
968	1624	1496	1480	1440	1288	1320	1120	992	888	744	576	408	200	0	344	392	568	712	928	1032	1088	1184	1584	1672	1720	1680	1784	1632	1824	1896	
664	1352	1240	1248	1232	1096	1192	1000	896	840	752	552	592	424	344	0	248	352	424	664	720	744	840	1248	1328	1368	1344	1456	1304	1512	1608	
872	1568	1456	1480	1472	1344	1448	1248	1152	1088	992	792	752	560	392	248	0	176	360	544	672	768	888	1248	1368	1440	1448	1576	1464	1688	1800	
848	1536	1440	1488	1496	1376	1504	1320	1232	1192	1112	912	920	728	568	352	176	0	208	360	504	632	752	1088	1216	1304	1336	1480	1392	1624	1752	
712	1376	1304	1360	1384	1280	1440	1264	1200	1184	1136	936	1016	840	712	424	360	208	0	248	312	424	544	888	1008	1096	1128	1280	1200	1440	1576	
896	1512	1456	1536	1576	1480	1664	1496	1432	1424	1384	1184	1256	1080	928	664	544	360	248	0	208	424	544	776	928	1064	1136	1304	1272	1520	1680	
776	1344	1304	1392	1448	1368	1568	1416	1376	1392	1376	1184	1304	1152	1032	720	672	504	312	208	0	216	336	584	728	848	920	1096	1072	1320	1488	
608	1128	1096	1192	1256	1192	1408	1272	1248	1288	1304	1128	1304	1168	1088	744	768	632	424	424	216	0	120	504	592	672	720	880	856	1096	1264	
592	1040	1024	1136	1216	1160	1392	1264	1264	1312	1344	1176	1376	1256	1184	840	888	752	544	544	336	120	0	424	488	552	592	760	744	992	1160	
992	1272	1304	1432	1536	1512	1760	1656	1672	1736	1768	1608	1800	1672	1584	1248	1248	1088	888	776	584	504	424	0	200	400	584	760	880	1096	1296	
968	1136	1192	1328	1440	1440	1688	1608	1640	1720	1776	1624	1848	1744	1672	1328	1368	1216	1008	928	728	592	488	200	0	200	400	576	728	928	1128	
912	960	1032	1176	1296	1312	1568	1512	1552	1648	1728	1592	1848	1760	1720	1368	1440	1304	1096	1064	848	672	552	400	200	0	208	376	544	728	928	
800	752	832	976	1104	1136	1392	1344	1408	1512	1608	1488	1768	1696	1680	1344	1448	1336	1128	1136	920	720	592	584	400	208	0	184	336	520	720	
856	648	760	904	1040	1088	1344	1328	1408	1528	1632	1544	1840	1784	1784	1456	1576	1480	1280	1304	1096	880	760	760	576	376	184	0	248	360	560	
664	416	512	656	792	840	1096	1080	1160	1288	1408	1328	1640	1608	1632	1304	1464	1392	1200	1272	1072	856	744	880	728	544	336	248	0	240	424	
856	352	504	632	776	872	1104	1136	1240	1384	1520	1464	1792	1784	1824	1512	1688	1624	1440	1520	1320	1096	992	1096	928	728	520	360	240	0	200	
936	288	456	560	696	816	1024	1088	1216	1360	1512	1488	1824	1832	1896	1608	1800	1752	1576	1680	1488	1264	1160	1296	1128	928	720	560	424	200	0	
V2
0	1218	1036	1134	1190	1036	1400	1176	1176	1302	1414	1204	1708	1638	1694	1162	1526	1484	1246	1568	1358	1064	1036	1736	1694	1596	1400	1498	1162	1498	1638	
1218	0	280	490	742	924	1316	1400	1610	1862	2128	2100	2674	2716	2842	2366	2744	2688	2408	2646	2352	1974	1820	2226	1988	1680	1316	1134	728	616	504	
1036	280	0	252	490	644	1050	1120	1316	1582	1848	1820	2408	2464	2618	2170	2548	2520	2282	2548	2282	1918	1792	2282	2086	1806	1456	1330	896	882	798	
1134	490	252	0	238	448	826	938	1162	1428	1708	1736	2324	2408	2590	2184	2590	2604	2380	2688	2436	2086	1988	2506	2324	2058	1708	1582	1148	1106	980	
1190	742	490	238	0	266	574	728	966	1246	1540	1596	2184	2310	2520	2156	2576	2618	2422	2758	2534	2198	2128	2688	2520	2268	1932	1820	1386	1358	1218	
1036	924	644	448	266	0	448	476	714	980	1274	1330	1904	2030	2254	1918	2352	2408	2240	2590	2394	2086	2030	2646	2520	2296	1988	1904	1470	1526	1428	
1400	1316	1050	826	574	448	0	350	588	826	1134	1302	1848	2044	2310	2086	2534	2632	2520	2912	2744	2464	2436	3080	2954	2744	2436	2352	1918	1932	1792	
1176	1400	1120	938	728	476	350	0	252	518	826	966	1512	1694	1960	1750	2184	2310	2212	2618	2478	2226	2212	2898	2814	2646	2352	2324	1890	1988	1904	
1176	1610	1316	1162	966	714	588	252	0	266	574	714	1260	1456	1736	1568	2016	2156	2100	2506	2408	2184	2212	2926	2870	2716	2464	2464	2030	2170	2128	
1302	1862	1582	1428	1246	980	826	518	266	0	308	532	1022	1246	1554	1470	1904	2086	2072	2492	2436	2254	2296	3038	3010	2884	2646	2674	2254	2422	2380	
1414	2128	1848	1708	1540	1274	1134	826	574	308	0	350	714	966	1302	1316	1736	1946	1988	2422	2408	2282	2352	3094	3108	3024	2814	2856	2464	2660	2646	
1204	2100	1820	1736	1596	1330	1302	966	714	532	350	0	588	728	1008	966	1386	1596	1638	2072	2072	1974	2058	2814	2842	2786	2604	2702	2324	2562	2604	
1708	2674	2408	2324	2184	1904	1848	1512	1260	1022	714	588	0	350	714	1036	1316	1610	1778	2198	2282	2282	2408	3150	3234	3234	3094	3220	2870	3136	3192	
1638	2716	2464	2408	2310	2030	2044	1694	1456	1246	966	728	350	0	350	742	980	1274	1470	1890	2016	2044	2198	2926	3052	3080	2968	3122	2814	3122	3206	
1694	2842	2618	2590	2520	2254	2310	1960	1736	1554	1302	1008	714	350	0	602	686	994	1246	1624	1806	1904	2072	2772	2926	3010	2940	3122	2856	3192	3318	
1162	2366	2170	2184	2156	1918	2086	1750	1568	1470	1316	966	1036	742	602	0	434	616	742	1162	1260	1302	1470	2184	2324	2394	2352	2548	2282	2646	2814	
1526	2744	2548	2590	2576	2352	2534	2184	2016	1904	1736	1386	1316	980	686	434	0	308	630	952	1176	1344	1554	2184	2394	2520	2534	2758	2562	2954	3150	
1484	2688	2520	2604	2618	2408	2632	2310	2156	2086	1946	1596	1610	1274	994	616	308	0	364	630	882	1106	1316	1904	2128	2282	2338	2590	2436	2842	3066	
1246	2408	2282	2380	2422	2240	2520	2212	2100	2072	1988	1638	1778	1470	1246	742	630	364	0	434	546	742	952	1554	1764	1918	1974	2240	2100	2520	2758	
1568	2646	2548	2688	2758	2590	2912	2618	2506	2492	2422	2072	2198	1890	1624	1162	952	630	434	0	364	742	952	1358	1624	1862	1988	2282	2226	2660	2940	
1358	2352	2282	2436	2534	2394	2744	2478	2408	2436	2408	2072	2282	2016	1806	1260	1176	882	546	364	0	378	588	1022	1274	1484	1610	1918	1876	2310	2604	
1064	1974	1918	2086	2198	2086	2464	2226	2184	2254	2282	1974	2282	2044	1904	1302	1344	1106	742	742	378	0	210	882	1036	1176	1260	1540	1498	1918	2212	
1036	1820	1792	1988	2128	2030	2436	2212	2212	2296	2352	2058	2408	2198	2072	1470	1554	1316	952	952	588	210	0	742	854	966	1036	1330	1302	1736	2030	
1736	2226	2282	2506	2688	2646	3080	2898	2926	3038	3094	2814	3150	2926	2772	2184	2184	1904	1554	1358	1022	882	742	0	350	700	1022	1330	1540	1918	2268	
1694	1988	2086	2324	2520	2520	2954	2814	2870	3010	3108	2842	3234	3052	2926	2324	2394	2128	1764	1624	1274	1036	854	350	0	350	700	1008	1274	1624	1974	
1596	1680	1806	2058	2268	2296	2744	2646	2716	2884	3024	2786	3234	3080	3010	2394	2520	2282	1918	1862	1484	1176	966	700	350	0	364	658	952	1274	1624	
1400	1316	1456	1708	1932	1988	2436	2352	2464	2646	2814	2604	3094	2968	2940	2352	2534	2338	1974	1988	1610	1260	1036	1022	700	364	0	322	588	910	1260	
1498	1134	1330	1582	1820	1904	2352	2324	2464	2674	2856	2702	3220	3122	3122	2548	2758	2590	2240	2282	1918	1540	1330	1330	1008	658	322	0	434	630	980	
1162	728	896	1148	1386	1470	1918	1890	2030	2254	2464	2324	2870	2814	2856	2282	2562	2436	2100	2226	1876	1498	1302	1540	1274	952	588	434	0	420	742	
1498	616	882	1106	1358	1526	1932	1988	2170	2422	2660	2562	3136	3122	3192	2646	2954	2842	2520	2660	2310	1918	1736	1918	1624	1274	910	630	420	0	350	
1638	504	798	980	1218	1428	1792	1904	2128	2380	2646	2604	3192	3206	3318	2814	3150	3066	2758	2940	2604	2212	2030	2268	1974	1624	1260	980	742	350	0	
V3
0	1200	1021	1117	1173	1021	1380	1159	1159	1283	1393	1186	1683	1614	1669	1145	1504	1462	1228	1545	1338	1048	1021	1711	1669	1573	1380	1476	1145	1476	1614	
1200	0	276	483	731	910	1297	1380	1587	1835	2097	2070	2635	2677	2801	2332	2704	2649	2373	2608	2318	1945	1794	2194	1959	1656	1297	1117	717	607	496	
1021	276	0	248	483	634	1035	1104	1297	1559	1821	1794	2373	2428	2580	2139	2511	2484	2249	2511	2249	1890	1766	2249	2056	1780	1435	1311	883	869	786	
1117	483	248	0	234	441	814	924	1145	1407	1683	1711	2290	2373	2553	2152	2553	2566	2346	2649	2401	2056	1959	2470	2290	2028	1683	1559	1131	1090	966	
1173	731	483	234	0	262	565	717	952	1228	1518	1573	2152	2277	2484	2125	2539	2580	2387	2718	2497	2166	2097	2649	2484	2235	1904	1794	1366	1338	1200	
1021	910	634	441	262	0	441	469	703	966	1255	1311	1876	2001	2221	1890	2318	2373	2208	2553	2359	2056	2001	2608	2484	2263	1959	1876	1449	1504	1407	
1380	1297	1035	814	565	441	0	345	579	814	1117	1283	1821	2014	2277	2056	2497	2594	2484	2870	2704	2428	2401	3036	2911	2704	2401	2318	1890	1904	1766	
1159	1380	1104	924	717	469	345	0	248	510	814	952	1490	1669	1932	1725	2152	2277	2180	2580	2442	2194	2180	2856	2773	2608	2318	2290	1863	1959	1876	
1159	1587	1297	1145	952	703	579	248	0	262	565	703	1242	1435	1711	1545	1987	2125	2070	2470	2373	2152	2180	2884	2829	2677	2428	2428	2001	2139	2097	
1283	1835	1559	1407	1228	966	814	510	262	0	303	524	1007	1228	1531	1449	1876	2056	2042	2456	2401	2221	2263	2994	2967	2842	2608	2635	2221	2387	2346	
1393	2097	1821	1683	1518	1255	1117	814	565	303	0	345	703	952	1283	1297	1711	1918	1959	2387	2373	2249	2318	3049	3063	2980	2773	2815	2428	2622	2608	
1186	2070	1794	1711	1573	1311	1283	952	703	524	345	0	579	717	993	952	1366	1573	1614	2042	2042	1945	2028	2773	2801	2746	2566	2663	2290	2525	2566	
1683	2635	2373	2290	2152	1876	1821	1490	1242	1007	703	579	0	345	703	1021	1297	1587	1752	2166	2249	2249	2373	3105	3187	3187	3049	3174	2829	3091	3146	
1614	2677	2428	2373	2277	2001	2014	1669	1435	1228	952	717	345	0	345	731	966	1255	1449	1863	1987	2014	2166	2884	3008	3036	2925	3077	2773	3077	3160	
1669	2801	2580	2553	2484	2221	2277	1932	1711	1531	1283	993	703	345	0	593	676	979	1228	1600	1780	1876	2042	2732	2884	2967	2898	3077	2815	3146	3270	
1145	2332	2139	2152	2125	1890	2056	1725	1545	1449	1297	952	1021	731	593	0	427	607	731	1145	1242	1283	1449	2152	2290	2359	2318	2511	2249	2608	2773	
1504	2704	2511	2553	2539	2318	2497	2152	1987	1876	1711	1366	1297	966	676	427	0	303	621	938	1159	1324	1531	2152	2359	2484	2497	2718	2525	2911	3105	
1462	2649	2484	2566	2580	2373	2594	2277	2125	2056	1918	1573	1587	1255	979	607	303	0	358	621	869	1090	1297	1876	2097	2249	2304	2553	2401	2801	3022	
1228	2373	2249	2346	2387	2208	2484	2180	2070	2042	1959	1614	1752	1449	1228	731	621	358	0	427	538	731	938	1531	1738	1890	1945	2208	2070	2484	2718	
1545	2608	2511	2649	2718	2553	2870	2580	2470	2456	2387	2042	2166	1863	1600	1145	938	621	427	0	358	731	938	1338	1600	1835	1959	2249	2194	2622	2898	
1338	2318	2249	2401	2497	2359	2704	2442	2373	2401	2373	2042	2249	1987	1780	1242	1159	869	538	358	0	372	579	1007	1255	1462	1587	1890	1849	2277	2566	
1048	1945	1890	2056	2166	2056	2428	2194	2152	2221	2249	1945	2249	2014	1876	1283	1324	1090	731	731	372	0	207	869	1021	1159	1242	1518	1476	1890	2180	
1021	1794	1766	1959	2097	2001	2401	2180	2180	2263	2318	2028	2373	2166	2042	1449	1531	1297	938	938	579	207	0	731	841	952	1021	1311	1283	1711	2001	
1711	2194	2249	2470	2649	2608	3036	2856	2884	2994	3049	2773	3105	2884	2732	2152	2152	1876	1531	1338	1007	869	731	0	345	690	1007	1311	1518	1890	2235	
1669	1959	2056	2290	2484	2484	2911	2773	2829	2967	3063	2801	3187	3008	2884	2290	2359	2097	1738	1600	1255	1021	841	345	0	345	690	993	1255	1600	1945	
1573	1656	1780	2028	2235	2263	2704	2608	2677	2842	2980	2746	3187	3036	2967	2359	2484	2249	1890	1835	1462	1159	952	690	345	0	358	648	938	1255	1600	
1380	1297	1435	1683	1904	1959	2401	2318	2428	2608	2773	2566	3049	2925	2898	2318	2497	2304	1945	1959	1587	1242	1021	1007	690	358	0	317	579	897	1242	
1476	1117	1311	1559	1794	1876	2318	2290	2428	2635	2815	2663	3174	3077	3077	2511	2718	2553	2208	2249	1890	1518	1311	1311	993	648	317	0	427	621	966	
1145	717	883	1131	1366	1449	1890	1863	2001	2221	2428	2290	2829	2773	2815	2249	2525	2401	2070	2194	1849	1476	1283	1518	1255	938	579	427	0	414	731	
1476	607	869	1090	1338	1504	1904	1959	2139	2387	2622	2525	3091	3077	3146	2608	2911	2801	2484	2622	2277	1890	1711	1890	1600	1255	897	621	414	0	345	
1614	496	786	966	1200	1407	1766	1876	2097	2346	2608	2566	3146	3160	3270	2773	3105	3022	2718	2898	2566	2180	2001	2235	1945	1600	1242	966	731	345	0	
V4
0	1931	1642	1798	1887	1642	2220	1864	1864	2064	2242	1909	2708	2597	2686	1842	2419	2353	1975	2486	2153	1687	1642	2752	2686	2530	2220	2375	1842	2375	2597	
1931	0	444	777	1176	1465	2086	2220	2553	2952	3374	3330	4240	4306	4506	3751	4351	4262	3818	4195	3729	3130	2886	3529	3152	2664	2086	1798	1154	976	799	
1642	444	0	399	777	1021	1665	1776	2086	2508	2930	2886	3818	3907	4151	3441	4040	3996	3618	4040	3618	3041	2841	3618	3307	2863	2308	2109	1420	1398	1265	
1798	777	399	0	377	710	1309	1487	1842	2264	2708	2752	3685	3818	4107	3463	4107	4129	3774	4262	3862	3307	3152	3973	3685	3263	2708	2508	1820	1753	1554	
1887	1176	777	377	0	421	910	1154	1531	1975	2442	2530	3463	3663	3996	3418	4084	4151	3840	4373	4018	3485	3374	4262	3996	3596	3063	2886	2197	2153	1931	
1642	1465	1021	710	421	0	710	754	1132	1554	2020	2109	3019	3219	3574	3041	3729	3818	3552	4107	3796	3307	3219	4195	3996	3640	3152	3019	2331	2419	2264	
2220	2086	1665	1309	910	710	0	555	932	1309	1798	2064	2930	3241	3663	3307	4018	4173	3996	4617	4351	3907	3862	4884	4684	4351	3862	3729	3041	3063	2841	
1864	2220	1776	1487	1154	754	555	0	399	821	1309	1531	2397	2686	3108	2775	3463	3663	3507	4151	3929	3529	3507	4595	4462	4195	3729	3685	2997	3152	3019	
1864	2553	2086	1842	1531	1132	932	399	0	421	910	1132	1998	2308	2752	2486	3196	3418	3330	3973	3818	3463	3507	4639	4551	4306	3907	3907	3219	3441	3374	
2064	2952	2508	2264	1975	1554	1309	821	421	0	488	843	1620	1975	2464	2331	3019	3307	3285	3951	3862	3574	3640	4817	4773	4573	4195	4240	3574	3840	3774	
2242	3374	2930	2708	2442	2020	1798	1309	910	488	0	555	1132	1531	2064	2086	2752	3085	3152	3840	3818	3618	3729	4906	4928	4795	4462	4528	3907	4218	4195	
1909	3330	2886	2752	2530	2109	2064	1531	1132	843	555	0	932	1154	1598	1531	2197	2530	2597	3285	3285	3130	3263	4462	4506	4417	4129	4284	3685	4062	4129	
2708	4240	3818	3685	3463	3019	2930	2397	1998	1620	1132	932	0	555	1132	1642	2086	2553	2819	3485	3618	3618	3818	4995	5128	5128	4906	5106	4551	4972	5061	
2597	4306	3907	3818	3663	3219	3241	2686	2308	1975	1531	1154	555	0	555	1176	1554	2020	2331	2997	3196	3241	3485	4639	4839	4884	4706	4950	4462	4950	5083	
2686	4506	4151	4107	3996	3574	3663	3108	2752	2464	2064	1598	1132	555	0	954	1087	1576	1975	2575	2863	3019	3285	4395	4639	4773	4662	4950	4528	5061	5261	
1842	3751	3441	3463	3418	3041	3307	2775	2486	2331	2086	1531	1642	1176	954	0	688	976	1176	1842	1998	2064	2331	3463	3685	3796	3729	4040	3618	4195	4462	
2419	4351	4040	4107	4084	3729	4018	3463	3196	3019	2752	2197	2086	1554	1087	688	0	488	999	1509	1864	2131	2464	3463	3796	3996	4018	4373	4062	4684	4995	
2353	4262	3996	4129	4151	3818	4173	3663	3418	3307	3085	2530	2553	2020	1576	976	488	0	577	999	1398	1753	2086	3019	3374	3618	3707	4107	3862	4506	4861	
1975	3818	3618	3774	3840	3552	3996	3507	3330	3285	3152	2597	2819	2331	1975	1176	999	577	0	688	865	1176	1509	2464	2797	3041	3130	3552	3330	3996	4373	
2486	4195	4040	4262	4373	4107	4617	4151	3973	3951	3840	3285	3485	2997	2575	1842	1509	999	688	0	577	1176	1509	2153	2575	2952	3152	3618	3529	4218	4662	
2153	3729	3618	3862	4018	3796	4351	3929	3818	3862	3818	3285	3618	3196	2863	1998	1864	1398	865	577	0	599	932	1620	2020	2353	2553	3041	2974	3663	4129	
1687	3130	3041	3307	3485	3307	3907	3529	3463	3574	3618	3130	3618	3241	3019	2064	2131	1753	1176	1176	599	0	333	1398	1642	1864	1998	2442	2375	3041	3507	
1642	2886	2841	3152	3374	3219	3862	3507	3507	3640	3729	3263	3818	3485	3285	2331	2464	2086	1509	1509	932	333	0	1176	1354	1531	1642	2109	2064	2752	3219	
2752	3529	3618	3973	4262	4195	4884	4595	4639	4817	4906	4462	4995	4639	4395	3463	3463	3019	2464	2153	1620	1398	1176	0	555	1110	1620	2109	2442	3041	3596	
2686	3152	3307	3685	3996	3996	4684	4462	4551	4773	4928	4506	5128	4839	4639	3685	3796	3374	2797	2575	2020	1642	1354	555	0	555	1110	1598	2020	2575	3130	
2530	2664	2863	3263	3596	3640	4351	4195	4306	4573	4795	4417	5128	4884	4773	3796	3996	3618	3041	2952	2353	1864	1531	1110	555	0	577	1043	1509	2020	2575	
2220	2086	2308	2708	3063	3152	3862	3729	3907	4195	4462	4129	4906	4706	4662	3729	4018	3707	3130	3152	2553	1998	1642	1620	1110	577	0	510	932	1443	1998	
2375	1798	2109	2508	2886	3019	3729	3685	3907	4240	4528	4284	5106	4950	4950	4040	4373	4107	3552	3618	3041	2442	2109	2109	1598	1043	510	0	688	999	1554	
1842	1154	1420	1820	2197	2331	3041	2997	3219	3574	3907	3685	4551	4462	4528	3618	4062	3862	3330	3529	2974	2375	2064	2442	2020	1509	932	688	0	666	1176	
2375	976	1398	1753	2153	2419	3063	3152	3441	3840	4218	4062	4972	4950	5061	4195	4684	4506	3996	4218	3663	3041	2752	3041	2575	2020	1443	999	666	0	555	
2597	799	1265	1554	1931	2264	2841	3019	3374	3774	4195	4129	5061	5083	5261	4462	4995	4861	4373	4662	4129	3507	3219	3596	3130	2575	1998	1554	1176	555	0	
V5
0	1566	1332	1458	1530	1332	1800	1512	1512	1674	1818	1548	2196	2106	2178	1494	1962	1908	1602	2016	1746	1368	1332	2232	2178	2052	1800	1926	1494	1926	2106	
1566	0	360	630	954	1188	1692	1800	2070	2394	2736	2700	3438	3492	3654	3042	3528	3456	3096	3402	3024	2538	2340	2862	2556	2160	1692	1458	936	792	648	
1332	360	0	324	630	828	1350	1440	1692	2034	2376	2340	3096	3168	3366	2790	3276	3240	2934	3276	2934	2466	2304	2934	2682	2322	1872	1710	1152	1134	1026	
1458	630	324	0	306	576	1062	1206	1494	1836	2196	2232	2988	3096	3330	2808	3330	3348	3060	3456	3132	2682	2556	3222	2988	2646	2196	2034	1476	1422	1260	
1530	954	630	306	0	342	738	936	1242	1602	1980	2052	2808	2970	3240	2772	3312	3366	3114	3546	3258	2826	2736	3456	3240	2916	2484	2340	1782	1746	1566	
1332	1188	828	576	342	0	576	612	918	1260	1638	1710	2448	2610	2898	2466	3024	3096	2880	3330	3078	2682	2610	3402	3240	2952	2556	2448	1890	1962	1836	
1800	1692	1350	1062	738	576	0	450	756	1062	1458	1674	2376	2628	2970	2682	3258	3384	3240	3744	3528	3168	3132	3960	3798	3528	3132	3024	2466	2484	2304	
1512	1800	1440	1206	936	612	450	0	324	666	1062	1242	1944	2178	2520	2250	2808	2970	2844	3366	3186	2862	2844	3726	3618	3402	3024	2988	2430	2556	2448	
1512	2070	1692	1494	1242	918	756	324	0	342	738	918	1620	1872	2232	2016	2592	2772	2700	3222	3096	2808	2844	3762	3690	3492	3168	3168	2610	2790	2736	
1674	2394	2034	1836	1602	1260	1062	666	342	0	396	684	1314	1602	1998	1890	2448	2682	2664	3204	3132	2898	2952	3906	3870	3708	3402	3438	2898	3114	3060	
1818	2736	2376	2196	1980	1638	1458	1062	738	396	0	450	918	1242	1674	1692	2232	2502	2556	3114	3096	2934	3024	3978	3996	3888	3618	3672	3168	3420	3402	
1548	2700	2340	2232	2052	1710	1674	1242	918	684	450	0	756	936	1296	1242	1782	2052	2106	2664	2664	2538	2646	3618	3654	3582	3348	3474	2988	3294	3348	
2196	3438	3096	2988	2808	2448	2376	1944	1620	1314	918	756	0	450	918	1332	1692	2070	2286	2826	2934	2934	3096	4050	4158	4158	3978	4140	3690	4032	4104	
2106	3492	3168	3096	2970	2610	2628	2178	1872	1602	1242	936	450	0	450	954	1260	1638	1890	2430	2592	2628	2826	3762	3924	3960	3816	4014	3618	4014	4122	
2178	3654	3366	3330	3240	2898	2970	2520	2232	1998	1674	1296	918	450	0	774	882	1278	1602	2088	2322	2448	2664	3564	3762	3870	3780	4014	3672	4104	4266	
1494	3042	2790	2808	2772	2466	2682	2250	2016	1890	1692	1242	1332	954	774	0	558	792	954	1494	1620	1674	1890	2808	2988	3078	3024	3276	2934	3402	3618	
1962	3528	3276	3330	3312	3024	3258	2808	2592	2448	2232	1782	1692	1260	882	558	0	396	810	1224	1512	1728	1998	2808	3078	3240	3258	3546	3294	3798	4050	
1908	3456	3240	3348	3366	3096	3384	2970	2772	2682	2502	2052	2070	1638	1278	792	396	0	468	810	1134	1422	1692	2448	2736	2934	3006	3330	3132	3654	3942	
1602	3096	2934	3060	3114	2880	3240	2844	2700	2664	2556	2106	2286	1890	1602	954	810	468	0	558	702	954	1224	1998	2268	2466	2538	2880	2700	3240	3546	
2016	3402	3276	3456	3546	3330	3744	3366	3222	3204	3114	2664	2826	2430	2088	1494	1224	810	558	0	468	954	1224	1746	2088	2394	2556	2934	2862	3420	3780	
1746	3024	2934	3132	3258	3078	3528	3186	3096	3132	3096	2664	2934	2592	2322	1620	1512	1134	702	468	0	486	756	1314	1638	1908	2070	2466	2412	2970	3348	
1368	2538	2466	2682	2826	2682	3168	2862	2808	2898	2934	2538	2934	2628	2448	1674	1728	1422	954	954	486	0	270	1134	1332	1512	1620	1980	1926	2466	2844	
1332	2340	2304	2556	2736	2610	3132	2844	2844	2952	3024	2646	3096	2826	2664	1890	1998	1692	1224	1224	756	270	0	954	1098	1242	1332	1710	1674	2232	2610	
2232	2862	2934	3222	3456	3402	3960	3726	3762	3906	3978	3618	4050	3762	3564	2808	2808	2448	1998	1746	1314	1134	954	0	450	900	1314	1710	1980	2466	2916	
2178	2556	2682	2988	3240	3240	3798	3618	3690	3870	3996	3654	4158	3924	3762	2988	3078	2736	2268	2088	1638	1332	1098	450	0	450	900	1296	1638	2088	2538	
2052	2160	2322	2646	2916	2952	3528	3402	3492	3708	3888	3582	4158	3960	3870	3078	3240	2934	2466	2394	1908	1512	1242	900	450	0	468	846	1224	1638	2088	
1800	1692	1872	2196	2484	2556	3132	3024	3168	3402	3618	3348	3978	3816	3780	3024	3258	3006	2538	2556	2070	1620	1332	1314	900	468	0	414	756	1170	1620	
1926	1458	1710	2034	2340	2448	3024	2988	3168	3438	3672	3474	4140	4014	4014	3276	3546	3330	2880	2934	2466	1980	1710	1710	1296	846	414	0	558	810	1260	
1494	936	1152	1476	1782	1890	2466	2430	2610	2898	3168	2988	3690	3618	3672	2934	3294	3132	2700	2862	2412	1926	1674	1980	1638	1224	756	558	0	540	954	
1926	792	1134	1422	1746	1962	2484	2556	2790	3114	3420	3294	4032	4014	4104	3402	3798	3654	3240	3420	2970	2466	2232	2466	2088	1638	1170	810	540	0	450	
2106	648	1026	1260	1566	1836	2304	2448	2736	3060	3402	3348	4104	4122	4266	3618	4050	3942	3546	3780	3348	2844	2610	2916	2538	2088	1620	1260	954	450	0	
V6
0	1183	1006	1101	1156	1006	1360	1142	1142	1264	1373	1169	1659	1591	1645	1128	1482	1441	1210	1523	1319	1033	1006	1686	1645	1550	1360	1455	1128	1455	1591	
1183	0	272	476	720	897	1278	1360	1564	1808	2067	2040	2597	2638	2760	2298	2665	2611	2339	2570	2284	1917	1768	2162	1931	1632	1278	1101	707	598	489	
1006	272	0	244	476	625	1020	1088	1278	1536	1795	1768	2339	2393	2543	2108	2475	2448	2216	2475	2216	1863	1740	2216	2026	1754	1414	1292	870	856	775	
1101	476	244	0	231	435	802	911	1128	1387	1659	1686	2257	2339	2516	2121	2516	2529	2312	2611	2366	2026	1931	2434	2257	1999	1659	1536	1115	1074	952	
1156	720	476	231	0	258	557	707	938	1210	1496	1550	2121	2244	2448	2094	2502	2543	2352	2679	2461	2135	2067	2611	2448	2203	1876	1768	1346	1319	1183	
1006	897	625	435	258	0	435	462	693	952	1237	1292	1849	1972	2189	1863	2284	2339	2176	2516	2325	2026	1972	2570	2448	2230	1931	1849	1428	1482	1387	
1360	1278	1020	802	557	435	0	340	571	802	1101	1264	1795	1985	2244	2026	2461	2556	2448	2828	2665	2393	2366	2992	2869	2665	2366	2284	1863	1876	1740	
1142	1360	1088	911	707	462	340	0	244	503	802	938	1468	1645	1904	1700	2121	2244	2148	2543	2407	2162	2148	2815	2733	2570	2284	2257	1836	1931	1849	
1142	1564	1278	1128	938	693	571	244	0	258	557	693	1224	1414	1686	1523	1958	2094	2040	2434	2339	2121	2148	2842	2788	2638	2393	2393	1972	2108	2067	
1264	1808	1536	1387	1210	952	802	503	258	0	299	516	992	1210	1509	1428	1849	2026	2012	2420	2366	2189	2230	2951	2924	2801	2570	2597	2189	2352	2312	
1373	2067	1795	1659	1496	1237	1101	802	557	299	0	340	693	938	1264	1278	1686	1890	1931	2352	2339	2216	2284	3005	3019	2937	2733	2774	2393	2584	2570	
1169	2040	1768	1686	1550	1292	1264	938	693	516	340	0	571	707	979	938	1346	1550	1591	2012	2012	1917	1999	2733	2760	2706	2529	2624	2257	2488	2529	
1659	2597	2339	2257	2121	1849	1795	1468	1224	992	693	571	0	340	693	1006	1278	1564	1727	2135	2216	2216	2339	3060	3141	3141	3005	3128	2788	3046	3100	
1591	2638	2393	2339	2244	1972	1985	1645	1414	1210	938	707	340	0	340	720	952	1237	1428	1836	1958	1985	2135	2842	2964	2992	2883	3032	2733	3032	3114	
1645	2760	2543	2516	2448	2189	2244	1904	1686	1509	1264	979	693	340	0	584	666	965	1210	1577	1754	1849	2012	2692	2842	2924	2856	3032	2774	3100	3223	
1128	2298	2108	2121	2094	1863	2026	1700	1523	1428	1278	938	1006	720	584	0	421	598	720	1128	1224	1264	1428	2121	2257	2325	2284	2475	2216	2570	2733	
1482	2665	2475	2516	2502	2284	2461	2121	1958	1849	1686	1346	1278	952	666	421	0	299	612	924	1142	1305	1509	2121	2325	2448	2461	2679	2488	2869	3060	
