M: 2
N: 30
Nun_Veiculos: 8
Capacidade_Total: 777
Demanda_Total: 626
Setup_Min: 1
Setup_Max: 9
Raio: 100
Circulos: 1
Tempo_Processamento_Min: 1
Tempo_Processamento_Max: 49
Demanda_Min: 10
Demanda_Max: 30
Priority_Factor: 0.2
Range_Factor_R: 0.8
U_factor: 2
ALpha: 0.2Replicao: 2
Tempos_Processamentos
0	0	1	0	
0	4	1	29	
0	29	1	3	
0	9	1	11	
0	23	1	18	
0	25	1	42	
0	18	1	42	
0	30	1	43	
0	13	1	27	
0	45	1	31	
0	19	1	44	
0	41	1	34	
0	39	1	26	
0	1	1	46	
0	33	1	32	
0	49	1	45	
0	10	1	38	
0	48	1	7	
0	39	1	46	
0	44	1	29	
0	6	1	26	
0	48	1	21	
0	32	1	15	
0	19	1	42	
0	19	1	27	
0	1	1	24	
0	12	1	26	
0	12	1	18	
0	49	1	14	
0	1	1	1	
0	12	1	39	

Tempos_setup
M0
0	0	0	0	0	0	0	0	0	0	0	0	0	0	0	0	0	0	0	0	0	0	0	0	0	0	0	0	0	0	0	
0	0	3	5	2	1	2	1	2	2	2	3	2	1	1	3	2	3	2	2	3	2	3	4	3	2	2	2	3	3	3	
0	3	0	5	4	3	3	3	2	3	3	2	2	1	3	1	3	3	2	2	3	2	3	3	3	3	3	4	2	1	3	
0	3	3	0	4	4	2	3	4	4	2	1	2	3	4	3	2	1	3	3	2	3	3	2	4	3	3	3	2	3	3	
0	1	3	4	0	2	2	1	3	1	2	1	2	2	2	3	3	3	3	3	3	2	3	2	4	2	3	2	2	1	3	
0	2	2	4	3	0	1	2	1	3	1	2	3	2	2	2	1	2	3	2	2	1	2	3	3	2	1	1	2	2	2	
0	2	2	4	3	3	0	3	3	2	2	1	3	2	3	3	4	3	3	1	3	2	2	2	2	2	3	3	1	3	2	
0	3	4	5	4	3	2	0	2	3	3	3	2	1	2	2	3	4	2	3	2	3	4	4	4	1	3	3	3	3	3	
0	1	2	5	2	2	3	1	0	3	2	3	3	2	2	2	1	3	3	2	1	2	2	3	3	2	2	3	1	2	1	
0	3	3	5	4	1	2	3	2	0	2	2	2	3	2	3	2	2	3	3	3	1	3	3	3	3	2	2	3	3	3	
0	3	3	4	2	3	2	3	2	3	0	3	3	2	2	2	3	3	2	1	2	3	1	4	2	1	2	1	2	2	1	
0	3	3	3	3	4	1	2	3	3	1	0	3	3	3	2	3	4	3	2	3	3	2	1	3	2	3	2	2	3	2	
0	4	3	5	3	2	2	3	3	4	1	2	0	3	2	2	2	4	3	2	3	3	2	3	3	2	1	2	3	3	2	
0	2	3	6	3	2	3	2	1	2	2	3	1	0	2	3	2	4	1	2	2	3	3	4	3	2	2	3	2	3	2	
0	3	2	4	3	3	3	1	2	2	1	3	2	1	0	2	3	4	1	2	2	3	2	4	3	2	2	1	3	3	2	
0	4	3	4	3	3	2	3	3	3	2	1	3	2	2	0	4	2	2	1	2	1	3	2	2	2	3	3	3	3	2	
0	2	1	5	3	3	3	2	2	3	2	2	2	1	3	1	0	3	2	1	1	2	2	2	2	2	3	3	1	2	2	
0	2	2	5	3	3	3	3	3	3	2	2	1	3	3	3	3	0	3	3	1	2	2	3	4	2	2	3	1	2	2	
0	2	2	5	2	2	2	3	3	1	2	2	3	3	3	2	2	3	0	1	1	2	3	3	2	3	1	3	2	2	2	
0	3	2	5	2	3	2	3	2	3	3	3	3	2	2	2	3	2	2	0	3	3	2	4	1	3	2	3	2	2	1	
0	3	3	5	2	3	3	3	3	3	1	2	4	3	3	3	2	4	3	2	0	3	2	3	3	2	3	2	2	1	2	
0	3	3	5	4	2	3	2	3	3	2	2	2	2	1	3	3	1	2	3	2	0	3	3	3	3	3	2	2	2	3	
0	2	3	6	3	3	3	2	1	4	3	4	3	3	3	3	2	2	3	3	2	3	0	4	4	2	3	4	2	3	2	
0	4	5	4	5	3	4	2	4	2	3	4	2	3	4	4	4	4	4	3	4	3	4	0	4	3	3	4	5	5	4	
0	2	2	5	3	3	1	2	1	2	2	2	3	2	1	1	2	3	1	2	2	2	2	3	0	2	2	2	1	2	2	
0	3	3	4	3	3	1	2	3	2	2	2	3	2	1	1	3	3	1	2	2	2	3	3	3	0	2	2	2	3	3	
0	3	2	4	4	1	1	2	2	3	2	1	3	2	3	1	1	3	3	2	2	2	3	2	3	3	0	2	2	3	3	
0	3	3	3	4	2	2	3	3	2	3	2	3	2	3	1	2	3	2	2	3	2	3	3	3	2	1	0	3	2	1	
0	1	1	5	3	2	2	2	2	3	3	3	3	2	2	2	3	2	2	3	2	1	1	3	4	1	2	3	0	2	3	
0	2	2	6	4	3	3	3	3	3	3	3	3	3	2	2	4	3	2	3	3	2	2	4	4	2	3	3	1	0	4	
0	3	3	4	4	2	2	3	2	3	3	2	2	1	3	2	2	4	2	3	3	3	3	3	4	3	1	3	2	1	0	
M1
0	0	0	0	0	0	0	0	0	0	0	0	0	0	0	0	0	0	0	0	0	0	0	0	0	0	0	0	0	0	0	
0	0	2	2	2	2	2	3	1	3	2	2	2	1	2	2	2	1	2	3	1	2	2	2	2	3	2	2	1	3	1	
0	1	0	2	2	3	3	1	2	3	3	1	1	2	3	2	2	2	3	3	2	3	3	3	3	4	2	3	2	1	2	
0	2	2	0	3	4	3	3	3	2	3	3	3	3	4	3	3	3	4	3	3	4	3	1	3	2	2	3	2	3	2	
0	2	3	3	0	4	2	3	2	3	1	2	3	2	2	3	3	3	2	2	1	3	2	3	3	3	3	4	2	2	3	
0	2	1	2	3	0	2	2	2	2	1	2	2	2	2	3	2	3	1	2	3	3	2	3	3	3	3	2	3	1	2	
0	2	2	2	2	3	0	1	3	2	2	3	2	3	3	2	2	2	2	3	3	3	2	1	2	1	1	3	1	2	3	
0	3	3	1	1	4	3	0	3	3	2	3	4	3	3	3	3	2	2	3	2	3	3	2	3	3	3	3	3	3	3	
0	3	3	1	3	2	1	2	0	2	1	1	3	2	2	1	1	3	2	2	3	1	2	2	3	2	2	3	2	2	3	
0	2	2	2	2	3	2	3	1	0	2	2	3	3	3	2	2	2	3	3	2	2	2	3	1	3	3	2	1	3	3	
0	2	2	2	2	3	1	2	3	3	0	1	2	1	1	2	2	2	1	1	3	3	1	2	2	2	2	3	2	3	2	
0	3	2	1	2	3	2	3	3	3	2	0	3	3	2	3	2	2	3	3	3	2	2	2	4	3	3	3	1	3	2	
0	3	3	2	3	4	3	2	4	3	3	1	0	4	3	4	3	3	3	2	4	3	3	3	2	4	2	3	2	2	3	
0	2	1	2	1	4	3	2	3	2	2	2	1	0	3	3	3	3	1	3	2	4	2	3	2	4	1	3	3	2	2	
0	1	2	3	3	2	3	3	2	2	3	2	3	2	0	2	1	1	1	3	2	2	2	2	3	4	3	2	2	3	2	
0	3	2	3	3	1	3	3	3	3	2	3	2	3	3	0	3	2	2	3	4	3	2	2	4	3	3	3	4	2	3	
0	2	2	2	3	1	2	3	1	1	2	2	3	3	3	2	0	3	2	3	2	2	3	3	2	3	3	3	2	2	3	
0	2	3	3	3	2	3	3	2	2	2	2	3	2	3	1	1	0	3	2	3	1	1	1	3	3	2	1	2	2	3	
0	1	2	3	2	3	2	3	2	3	3	3	2	1	3	2	2	2	0	4	2	3	1	3	3	3	2	3	2	3	1	
0	2	3	2	3	3	3	3	3	3	3	3	3	2	2	2	2	1	1	0	3	2	2	2	2	4	3	2	2	3	2	
0	1	2	3	2	3	2	3	2	2	2	3	3	2	1	3	2	2	2	3	0	3	2	3	2	3	3	3	1	3	2	
0	3	2	3	2	4	3	3	2	3	3	3	2	1	3	3	3	2	2	1	3	0	3	3	3	2	2	3	3	3	2	
0	3	2	3	3	2	3	3	2	2	2	3	2	3	3	1	1	3	2	3	3	3	0	2	3	4	3	4	3	3	3	
0	1	3	2	3	3	3	2	2	2	3	3	2	2	3	3	3	2	3	4	2	3	3	0	2	4	1	3	2	2	2	
0	1	2	3	3	2	2	2	2	2	1	2	3	2	2	2	1	1	2	2	2	2	2	2	0	3	3	1	2	2	2	
0	2	3	3	3	2	3	3	2	2	2	2	1	2	3	1	1	2	3	3	3	3	3	3	1	0	3	2	2	3	3	
0	2	3	1	2	3	3	1	2	1	2	2	1	3	3	3	2	2	3	3	3	3	2	2	1	3	0	2	2	1	3	
0	2	4	3	3	3	4	3	3	3	4	4	3	3	4	4	2	3	4	3	3	4	4	1	3	5	2	0	3	1	3	
0	2	1	2	1	2	1	2	2	2	1	2	2	2	2	2	1	1	2	2	2	2	1	2	3	2	2	2	0	2	2	
0	3	3	2	2	2	3	4	2	2	3	3	3	2	4	3	1	2	3	2	3	3	3	2	3	4	3	3	3	0	4	
0	2	3	3	3	3	1	2	3	3	3	2	3	3	4	3	2	3	3	4	3	3	3	2	3	2	2	4	2	3	0	
Tamanho_Tarefas
0	9	3	10	18	32	25	30	15	32	21	37	27	5	32	45	10	25	40	31	8	30	20	20	21	11	14	14	16	1	24	
Data_Entrega
0	275	301	284	391	342	270	426	444	250	318	442	300	409	450	414	379	343	296	451	438	364	257	369	356	339	317	390	377	351	367	
Penalidade_Atraso
0	16	5	6	18	7	14	20	8	5	13	11	9	15	14	8	19	2	14	19	19	13	11	16	2	12	13	4	18	7	9	
Capacidade_Veiculo
124	135	113	46	132	74	98	55	
Custo_Fixo_Veiculo
1240	1350	1130	460	1320	740	980	550	
Coordenadas_Clientes
x	0	y	0
x	123	y	0
x	91	y	19
x	84	y	37
x	63	y	46
x	64	y	71
x	40	y	70
x	28	y	88
x	8	y	82
x	-11	y	105
x	-29	y	90
x	-48	y	84
x	-80	y	89
x	-68	y	49
x	-95	y	42
x	-122	y	25
x	-96	y	0
x	-83	y	-17
x	-113	y	-50
x	-80	y	-58
x	-50	y	-55
x	-52	y	-90
x	-30	y	-93
x	-8	y	-77
x	8	y	-82
x	30	y	-93
x	49	y	-85
x	70	y	-78
x	98	y	-71
x	95	y	-42
x	90	y	-19
Tempo_Viagem
0	123	92	91	78	95	80	92	82	105	94	96	119	83	103	124	96	84	123	98	74	103	97	77	82	97	98	104	121	103	91	
123	0	37	53	75	92	108	128	140	169	176	190	221	197	222	246	219	206	241	211	181	196	178	151	141	131	112	93	75	50	38	
92	37	0	19	38	58	71	92	103	132	139	153	184	161	187	213	187	176	215	187	159	179	164	137	130	127	112	99	90	61	38	
91	53	19	0	22	39	55	75	87	116	123	139	171	152	179	206	183	175	214	189	162	186	172	146	141	140	126	115	108	79	56	
78	75	38	22	0	25	33	54	65	94	101	117	149	131	158	186	165	159	200	176	151	178	167	142	139	142	131	124	122	93	70	
95	92	58	39	25	0	24	39	57	81	94	112	144	133	160	191	175	171	214	193	169	198	189	164	162	167	156	149	145	116	93	
80	108	71	55	33	24	0	21	34	61	71	89	121	110	137	168	152	150	194	175	154	183	177	154	155	163	155	151	152	124	102	
92	128	92	75	54	39	21	0	20	42	57	76	108	102	129	160	152	152	196	181	162	195	189	168	171	181	174	171	173	145	123	
82	140	103	87	65	57	34	20	0	29	37	56	88	82	109	140	132	134	178	165	148	182	179	159	164	176	171	171	177	151	130	
105	169	132	116	94	81	61	42	29	0	23	42	70	79	104	135	135	141	185	177	164	199	198	182	187	202	199	200	206	180	159	
94	176	139	123	101	94	71	57	37	23	0	19	51	56	81	112	112	119	163	156	146	181	183	168	175	191	191	195	205	181	161	
96	190	153	139	117	112	89	76	56	42	19	0	32	40	63	94	96	106	148	145	139	174	177	165	175	193	194	200	212	190	172	
119	221	184	171	149	144	121	108	88	70	51	32	0	41	49	76	90	106	142	147	146	180	187	180	192	212	216	223	239	218	201	
83	197	161	152	131	133	110	102	82	79	56	40	41	0	27	58	56	67	108	107	105	139	146	139	151	172	177	187	204	186	172	
103	222	187	179	158	160	137	129	109	104	81	63	49	27	0	31	42	60	93	101	106	138	148	147	161	183	192	204	223	206	194	
124	246	213	206	186	191	168	160	140	135	112	94	76	58	31	0	36	57	75	93	107	134	149	152	168	192	203	217	240	227	215	
96	219	187	183	165	175	152	152	132	135	112	96	90	56	42	36	0	21	52	60	71	100	113	116	132	156	168	183	206	195	186	
84	206	176	175	159	171	150	152	134	141	119	106	106	67	60	57	21	0	44	41	50	79	92	96	111	135	148	164	188	179	173	
123	241	215	214	200	214	194	196	178	185	163	148	142	108	93	75	52	44	0	33	63	72	93	107	123	147	164	184	211	208	205	
98	211	187	189	176	193	175	181	165	177	156	145	147	107	101	93	60	41	33	0	30	42	61	74	90	114	131	151	178	175	174	
74	181	159	162	151	169	154	162	148	164	146	139	146	105	106	107	71	50	63	30	0	35	42	47	63	87	103	122	148	145	144	
103	196	179	186	178	198	183	195	182	199	181	174	180	139	138	134	100	79	72	42	35	0	22	45	60	82	101	122	150	153	158	
97	178	164	172	167	189	177	189	179	198	183	177	187	146	148	149	113	92	93	61	42	22	0	27	39	60	79	101	129	134	140	
77	151	137	146	142	164	154	168	159	182	168	165	180	139	147	152	116	96	107	74	47	45	27	0	16	40	57	78	106	108	113	
82	141	130	141	139	162	155	171	164	187	175	175	192	151	161	168	132	111	123	90	63	60	39	16	0	24	41	62	90	95	103	
97	131	127	140	142	167	163	181	176	202	191	193	212	172	183	192	156	135	147	114	87	82	60	40	24	0	20	42	70	82	95	
98	112	112	126	131	156	155	174	171	199	191	194	216	177	192	203	168	148	164	131	103	101	79	57	41	20	0	22	50	62	77	
104	93	99	115	124	149	151	171	171	200	195	200	223	187	204	217	183	164	184	151	122	122	101	78	62	42	22	0	28	43	62	
121	75	90	108	122	145	152	173	177	206	205	212	239	204	223	240	206	188	211	178	148	150	129	106	90	70	50	28	0	29	52	
103	50	61	79	93	116	124	145	151	180	181	190	218	186	206	227	195	179	208	175	145	153	134	108	95	82	62	43	29	0	23	
91	38	38	56	70	93	102	123	130	159	161	172	201	172	194	215	186	173	205	174	144	158	140	113	103	95	77	62	52	23	0	
Custo_Viagem
V0
0	3050	2281	2256	1934	2356	1984	2281	2033	2604	2331	2380	2951	2058	2554	3075	2380	2083	3050	2430	1835	2554	2405	1909	2033	2405	2430	2579	3000	2554	2256	
3050	0	917	1314	1860	2281	2678	3199	3496	4216	4364	4712	5480	4885	5505	6100	5431	5108	5976	5232	4488	4860	4439	3744	3496	3248	2777	2331	1860	1240	942	
2281	917	0	471	942	1438	1785	2306	2579	3298	3447	3794	4563	3992	4637	5282	4637	4389	5332	4637	3943	4439	4067	3397	3224	3149	2777	2455	2232	1512	942	
2256	1314	471	0	545	967	1364	1860	2182	2876	3075	3472	4265	3769	4439	5108	4538	4340	5332	4687	4017	4612	4265	3620	3496	3472	3124	2852	2678	1959	1388	
1934	1860	942	545	0	620	818	1339	1612	2331	2504	2901	3695	3248	3918	4612	4092	3943	4960	4364	3744	4414	4141	3521	3447	3521	3248	3075	3025	2306	1736	
2356	2281	1438	967	620	0	595	967	1413	2033	2331	2777	3596	3298	3992	4736	4340	4240	5307	4786	4191	4910	4687	4067	4017	4141	3868	3695	3620	2901	2306	
1984	2678	1785	1364	818	595	0	520	843	1512	1760	2207	3000	2728	3397	4166	3769	3720	4811	4340	3819	4563	4389	3819	3844	4042	3844	3744	3769	3075	2529	
2281	3199	2306	1860	1339	967	520	0	496	1041	1413	1884	2678	2554	3248	4017	3769	3769	4885	4488	4017	4836	4712	4166	4240	4488	4315	4240	4290	3620	3050	
2033	3496	2579	2182	1612	1413	843	496	0	719	917	1388	2182	2033	2728	3496	3273	3323	4439	4092	3670	4513	4439	3943	4067	4364	4240	4240	4389	3744	3224	
2604	4216	3298	2876	2331	2033	1512	1041	719	0	570	1041	1736	1959	2604	3372	3348	3496	4588	4389	4067	4935	4910	4513	4637	5009	4935	4960	5133	4488	3943	
2331	4364	3447	3075	2504	2331	1760	1413	917	570	0	471	1264	1388	2008	2802	2777	2951	4042	3868	3620	4488	4538	4166	4340	4761	4736	4836	5084	4488	3992	
2380	4712	3794	3472	2901	2777	2207	1884	1388	1041	471	0	793	992	1562	2331	2380	2628	3670	3596	3447	4315	4389	4092	4340	4786	4811	4960	5257	4712	4265	
2951	5480	4563	4265	3695	3596	3000	2678	2182	1736	1264	793	0	1016	1215	1884	2232	2628	3521	3645	3645	4488	4662	4464	4761	5257	5356	5555	5927	5406	4984	
2058	4885	3992	3769	3248	3298	2728	2554	2033	1959	1388	992	1016	0	669	1463	1388	1661	2678	2653	2604	3447	3620	3447	3744	4265	4389	4637	5059	4612	4265	
2554	5505	4637	4439	3918	3992	3397	3248	2728	2604	2008	1562	1215	669	0	768	1041	1488	2306	2504	2628	3422	3695	3645	3992	4538	4761	5059	5530	5133	4811	
3075	6100	5282	5108	4612	4736	4166	4017	3496	3372	2802	2331	1884	1463	768	0	892	1413	1860	2306	2653	3323	3695	3769	4166	4761	5034	5381	5952	5629	5356	
2380	5431	4637	4538	4092	4340	3769	3769	3273	3348	2777	2380	2232	1388	1041	892	0	520	1289	1488	1760	2480	2827	2876	3273	3868	4166	4538	5108	4836	4612	
2083	5108	4389	4340	3943	4240	3720	3769	3323	3496	2951	2628	2628	1661	1488	1413	520	0	1091	1016	1240	1959	2281	2380	2752	3372	3670	4067	4662	4439	4290	
3050	5976	5332	5332	4960	5307	4811	4885	4439	4588	4042	3670	3521	2678	2306	1860	1289	1091	0	818	1562	1785	2306	2678	3100	3695	4092	4588	5257	5158	5084	
2430	5232	4637	4687	4364	4786	4340	4488	4092	4389	3868	3596	3645	2653	2504	2306	1488	1016	818	0	744	1041	1512	1835	2256	2852	3248	3744	4414	4340	4315	
1835	4488	3943	4017	3744	4191	3819	4017	3670	4067	3620	3447	3645	2604	2628	2653	1760	1240	1562	744	0	868	1041	1165	1562	2182	2554	3025	3670	3596	3571	
2554	4860	4439	4612	4414	4910	4563	4836	4513	4935	4488	4315	4488	3447	3422	3323	2480	1959	1785	1041	868	0	545	1116	1488	2033	2504	3025	3744	3819	3918	
2405	4439	4067	4265	4141	4687	4389	4712	4439	4910	4538	4389	4662	3620	3695	3695	2827	2281	2306	1512	1041	545	0	669	967	1488	1959	2504	3199	3348	3472	
1909	3744	3397	3620	3521	4067	3819	4166	3943	4513	4166	4092	4464	3447	3645	3769	2876	2380	2678	1835	1165	1116	669	0	396	1016	1413	1934	2628	2678	2802	
2033	3496	3224	3496	3447	4017	3844	4240	4067	4637	4340	4340	4761	3744	3992	4166	3273	2752	3100	2256	1562	1488	967	396	0	595	1016	1537	2232	2356	2554	
2405	3248	3149	3472	3521	4141	4042	4488	4364	5009	4761	4786	5257	4265	4538	4761	3868	3372	3695	2852	2182	2033	1488	1016	595	0	496	1041	1760	2033	2356	
2430	2777	2777	3124	3248	3868	3844	4315	4240	4935	4736	4811	5356	4389	4761	5034	4166	3670	4092	3248	2554	2504	1959	1413	1016	496	0	545	1240	1537	1909	
2579	2331	2455	2852	3075	3695	3744	4240	4240	4960	4836	4960	5555	4637	5059	5381	4538	4067	4588	3744	3025	3025	2504	1934	1537	1041	545	0	694	1066	1537	
3000	1860	2232	2678	3025	3620	3769	4290	4389	5133	5084	5257	5927	5059	5530	5952	5108	4662	5257	4414	3670	3744	3199	2628	2232	1760	1240	694	0	719	1289	
2554	1240	1512	1959	2306	2901	3075	3620	3744	4488	4488	4712	5406	4612	5133	5629	4836	4439	5158	4340	3596	3819	3348	2678	2356	2033	1537	1066	719	0	570	
2256	942	942	1388	1736	2306	2529	3050	3224	3943	3992	4265	4984	4265	4811	5356	4612	4290	5084	4315	3571	3918	3472	2802	2554	2356	1909	1537	1289	570	0	
V1
0	3321	2484	2457	2106	2565	2160	2484	2214	2835	2538	2592	3213	2241	2781	3348	2592	2268	3321	2646	1998	2781	2619	2079	2214	2619	2646	2808	3267	2781	2457	
3321	0	999	1431	2025	2484	2916	3483	3807	4590	4752	5130	5967	5319	5994	6642	5913	5562	6507	5697	4887	5292	4833	4077	3807	3537	3024	2538	2025	1350	1026	
2484	999	0	513	1026	1566	1944	2511	2808	3591	3753	4131	4968	4347	5049	5751	5049	4779	5805	5049	4293	4833	4428	3699	3510	3429	3024	2673	2430	1647	1026	
2457	1431	513	0	594	1053	1485	2025	2376	3132	3348	3780	4644	4104	4833	5562	4941	4725	5805	5103	4374	5022	4644	3942	3807	3780	3402	3105	2916	2133	1512	
2106	2025	1026	594	0	675	891	1458	1755	2538	2727	3159	4023	3537	4266	5022	4455	4293	5400	4752	4077	4806	4509	3834	3753	3834	3537	3348	3294	2511	1890	
2565	2484	1566	1053	675	0	648	1053	1539	2214	2538	3024	3915	3591	4347	5157	4725	4617	5778	5211	4563	5346	5103	4428	4374	4509	4212	4023	3942	3159	2511	
2160	2916	1944	1485	891	648	0	567	918	1647	1917	2403	3267	2970	3699	4536	4104	4050	5238	4725	4158	4968	4779	4158	4185	4401	4185	4077	4104	3348	2754	
2484	3483	2511	2025	1458	1053	567	0	540	1134	1539	2052	2916	2781	3537	4374	4104	4104	5319	4887	4374	5265	5130	4536	4617	4887	4698	4617	4671	3942	3321	
2214	3807	2808	2376	1755	1539	918	540	0	783	999	1512	2376	2214	2970	3807	3564	3618	4833	4455	3996	4914	4833	4293	4428	4752	4617	4617	4779	4077	3510	
2835	4590	3591	3132	2538	2214	1647	1134	783	0	621	1134	1890	2133	2835	3672	3645	3807	4995	4779	4428	5373	5346	4914	5049	5454	5373	5400	5589	4887	4293	
2538	4752	3753	3348	2727	2538	1917	1539	999	621	0	513	1377	1512	2187	3051	3024	3213	4401	4212	3942	4887	4941	4536	4725	5184	5157	5265	5535	4887	4347	
2592	5130	4131	3780	3159	3024	2403	2052	1512	1134	513	0	864	1080	1701	2538	2592	2862	3996	3915	3753	4698	4779	4455	4725	5211	5238	5400	5724	5130	4644	
3213	5967	4968	4644	4023	3915	3267	2916	2376	1890	1377	864	0	1107	1323	2052	2430	2862	3834	3969	3969	4887	5076	4860	5184	5724	5832	6048	6453	5886	5427	
2241	5319	4347	4104	3537	3591	2970	2781	2214	2133	1512	1080	1107	0	729	1593	1512	1809	2916	2889	2835	3753	3942	3753	4077	4644	4779	5049	5508	5022	4644	
2781	5994	5049	4833	4266	4347	3699	3537	2970	2835	2187	1701	1323	729	0	837	1134	1620	2511	2727	2862	3726	4023	3969	4347	4941	5184	5508	6021	5589	5238	
3348	6642	5751	5562	5022	5157	4536	4374	3807	3672	3051	2538	2052	1593	837	0	972	1539	2025	2511	2889	3618	4023	4104	4536	5184	5481	5859	6480	6129	5832	
2592	5913	5049	4941	4455	4725	4104	4104	3564	3645	3024	2592	2430	1512	1134	972	0	567	1404	1620	1917	2700	3078	3132	3564	4212	4536	4941	5562	5265	5022	
2268	5562	4779	4725	4293	4617	4050	4104	3618	3807	3213	2862	2862	1809	1620	1539	567	0	1188	1107	1350	2133	2484	2592	2997	3672	3996	4428	5076	4833	4671	
3321	6507	5805	5805	5400	5778	5238	5319	4833	4995	4401	3996	3834	2916	2511	2025	1404	1188	0	891	1701	1944	2511	2916	3375	4023	4455	4995	5724	5616	5535	
2646	5697	5049	5103	4752	5211	4725	4887	4455	4779	4212	3915	3969	2889	2727	2511	1620	1107	891	0	810	1134	1647	1998	2457	3105	3537	4077	4806	4725	4698	
1998	4887	4293	4374	4077	4563	4158	4374	3996	4428	3942	3753	3969	2835	2862	2889	1917	1350	1701	810	0	945	1134	1269	1701	2376	2781	3294	3996	3915	3888	
2781	5292	4833	5022	4806	5346	4968	5265	4914	5373	4887	4698	4887	3753	3726	3618	2700	2133	1944	1134	945	0	594	1215	1620	2214	2727	3294	4077	4158	4266	
2619	4833	4428	4644	4509	5103	4779	5130	4833	5346	4941	4779	5076	3942	4023	4023	3078	2484	2511	1647	1134	594	0	729	1053	1620	2133	2727	3483	3645	3780	
2079	4077	3699	3942	3834	4428	4158	4536	4293	4914	4536	4455	4860	3753	3969	4104	3132	2592	2916	1998	1269	1215	729	0	432	1107	1539	2106	2862	2916	3051	
2214	3807	3510	3807	3753	4374	4185	4617	4428	5049	4725	4725	5184	4077	4347	4536	3564	2997	3375	2457	1701	1620	1053	432	0	648	1107	1674	2430	2565	2781	
2619	3537	3429	3780	3834	4509	4401	4887	4752	5454	5184	5211	5724	4644	4941	5184	4212	3672	4023	3105	2376	2214	1620	1107	648	0	540	1134	1917	2214	2565	
2646	3024	3024	3402	3537	4212	4185	4698	4617	5373	5157	5238	5832	4779	5184	5481	4536	3996	4455	3537	2781	2727	2133	1539	1107	540	0	594	1350	1674	2079	
2808	2538	2673	3105	3348	4023	4077	4617	4617	5400	5265	5400	6048	5049	5508	5859	4941	4428	4995	4077	3294	3294	2727	2106	1674	1134	594	0	756	1161	1674	
3267	2025	2430	2916	3294	3942	4104	4671	4779	5589	5535	5724	6453	5508	6021	6480	5562	5076	5724	4806	3996	4077	3483	2862	2430	1917	1350	756	0	783	1404	
2781	1350	1647	2133	2511	3159	3348	3942	4077	4887	4887	5130	5886	5022	5589	6129	5265	4833	5616	4725	3915	4158	3645	2916	2565	2214	1674	1161	783	0	621	
2457	1026	1026	1512	1890	2511	2754	3321	3510	4293	4347	4644	5427	4644	5238	5832	5022	4671	5535	4698	3888	4266	3780	3051	2781	2565	2079	1674	1404	621	0	
V2
0	2779	2079	2056	1762	2147	1808	2079	1853	2373	2124	2169	2689	1875	2327	2802	2169	1898	2779	2214	1672	2327	2192	1740	1853	2192	2214	2350	2734	2327	2056	
2779	0	836	1197	1695	2079	2440	2915	3186	3842	3977	4294	4994	4452	5017	5559	4949	4655	5446	4768	4090	4429	4045	3412	3186	2960	2531	2124	1695	1130	858	
2079	836	0	429	858	1310	1627	2101	2350	3005	3141	3457	4158	3638	4226	4813	4226	4000	4859	4226	3593	4045	3706	3096	2938	2870	2531	2237	2034	1378	858	
2056	1197	429	0	497	881	1243	1695	1988	2621	2802	3164	3887	3435	4045	4655	4135	3955	4859	4271	3661	4203	3887	3299	3186	3164	2847	2599	2440	1785	1265	
1762	1695	858	497	0	565	745	1220	1469	2124	2282	2644	3367	2960	3570	4203	3729	3593	4520	3977	3412	4022	3774	3209	3141	3209	2960	2802	2757	2101	1582	
2147	2079	1310	881	565	0	542	881	1288	1853	2124	2531	3277	3005	3638	4316	3955	3864	4836	4361	3819	4474	4271	3706	3661	3774	3525	3367	3299	2644	2101	
1808	2440	1627	1243	745	542	0	474	768	1378	1604	2011	2734	2486	3096	3796	3435	3390	4384	3955	3480	4158	4000	3480	3503	3683	3503	3412	3435	2802	2305	
2079	2915	2101	1695	1220	881	474	0	452	949	1288	1717	2440	2327	2960	3661	3435	3435	4452	4090	3661	4407	4294	3796	3864	4090	3932	3864	3909	3299	2779	
1853	3186	2350	1988	1469	1288	768	452	0	655	836	1265	1988	1853	2486	3186	2983	3028	4045	3729	3344	4113	4045	3593	3706	3977	3864	3864	4000	3412	2938	
2373	3842	3005	2621	2124	1853	1378	949	655	0	519	949	1582	1785	2373	3073	3051	3186	4181	4000	3706	4497	4474	4113	4226	4565	4497	4520	4678	4090	3593	
2124	3977	3141	2802	2282	2124	1604	1288	836	519	0	429	1152	1265	1830	2553	2531	2689	3683	3525	3299	4090	4135	3796	3955	4339	4316	4407	4633	4090	3638	
2169	4294	3457	3164	2644	2531	2011	1717	1265	949	429	0	723	904	1423	2124	2169	2395	3344	3277	3141	3932	4000	3729	3955	4361	4384	4520	4791	4294	3887	
2689	4994	4158	3887	3367	3277	2734	2440	1988	1582	1152	723	0	926	1107	1717	2034	2395	3209	3322	3322	4090	4248	4068	4339	4791	4881	5062	5401	4926	4542	
1875	4452	3638	3435	2960	3005	2486	2327	1853	1785	1265	904	926	0	610	1333	1265	1514	2440	2418	2373	3141	3299	3141	3412	3887	4000	4226	4610	4203	3887	
2327	5017	4226	4045	3570	3638	3096	2960	2486	2373	1830	1423	1107	610	0	700	949	1356	2101	2282	2395	3118	3367	3322	3638	4135	4339	4610	5039	4678	4384	
2802	5559	4813	4655	4203	4316	3796	3661	3186	3073	2553	2124	1717	1333	700	0	813	1288	1695	2101	2418	3028	3367	3435	3796	4339	4587	4904	5424	5130	4881	
2169	4949	4226	4135	3729	3955	3435	3435	2983	3051	2531	2169	2034	1265	949	813	0	474	1175	1356	1604	2260	2576	2621	2983	3525	3796	4135	4655	4407	4203	
1898	4655	4000	3955	3593	3864	3390	3435	3028	3186	2689	2395	2395	1514	1356	1288	474	0	994	926	1130	1785	2079	2169	2508	3073	3344	3706	4248	4045	3909	
2779	5446	4859	4859	4520	4836	4384	4452	4045	4181	3683	3344	3209	2440	2101	1695	1175	994	0	745	1423	1627	2101	2440	2825	3367	3729	4181	4791	4700	4633	
2214	4768	4226	4271	3977	4361	3955	4090	3729	4000	3525	3277	3322	2418	2282	2101	1356	926	745	0	678	949	1378	1672	2056	2599	2960	3412	4022	3955	3932	
1672	4090	3593	3661	3412	3819	3480	3661	3344	3706	3299	3141	3322	2373	2395	2418	1604	1130	1423	678	0	791	949	1062	1423	1988	2327	2757	3344	3277	3254	
2327	4429	4045	4203	4022	4474	4158	4407	4113	4497	4090	3932	4090	3141	3118	3028	2260	1785	1627	949	791	0	497	1017	1356	1853	2282	2757	3412	3480	3570	
2192	4045	3706	3887	3774	4271	4000	4294	4045	4474	4135	4000	4248	3299	3367	3367	2576	2079	2101	1378	949	497	0	610	881	1356	1785	2282	2915	3051	3164	
1740	3412	3096	3299	3209	3706	3480	3796	3593	4113	3796	3729	4068	3141	3322	3435	2621	2169	2440	1672	1062	1017	610	0	361	926	1288	1762	2395	2440	2553	
1853	3186	2938	3186	3141	3661	3503	3864	3706	4226	3955	3955	4339	3412	3638	3796	2983	2508	2825	2056	1423	1356	881	361	0	542	926	1401	2034	2147	2327	
2192	2960	2870	3164	3209	3774	3683	4090	3977	4565	4339	4361	4791	3887	4135	4339	3525	3073	3367	2599	1988	1853	1356	926	542	0	452	949	1604	1853	2147	
2214	2531	2531	2847	2960	3525	3503	3932	3864	4497	4316	4384	4881	4000	4339	4587	3796	3344	3729	2960	2327	2282	1785	1288	926	452	0	497	1130	1401	1740	
2350	2124	2237	2599	2802	3367	3412	3864	3864	4520	4407	4520	5062	4226	4610	4904	4135	3706	4181	3412	2757	2757	2282	1762	1401	949	497	0	632	971	1401	
2734	1695	2034	2440	2757	3299	3435	3909	4000	4678	4633	4791	5401	4610	5039	5424	4655	4248	4791	4022	3344	3412	2915	2395	2034	1604	1130	632	0	655	1175	
2327	1130	1378	1785	2101	2644	2802	3299	3412	4090	4090	4294	4926	4203	4678	5130	4407	4045	4700	3955	3277	3480	3051	2440	2147	1853	1401	971	655	0	519	
2056	858	858	1265	1582	2101	2305	2779	2938	3593	3638	3887	4542	3887	4384	4881	4203	3909	4633	3932	3254	3570	3164	2553	2327	2147	1740	1401	1175	519	0	
V3
0	1131	846	837	717	874	736	846	754	966	864	883	1094	763	947	1140	883	772	1131	901	680	947	892	708	754	892	901	956	1113	947	837	
1131	0	340	487	690	846	993	1186	1297	1564	1619	1748	2033	1812	2042	2263	2014	1895	2217	1941	1665	1803	1646	1389	1297	1205	1030	864	690	460	349	
846	340	0	174	349	533	662	855	956	1223	1278	1407	1692	1481	1720	1959	1720	1628	1978	1720	1462	1646	1508	1260	1196	1168	1030	910	828	561	349	
837	487	174	0	202	358	506	690	809	1067	1140	1288	1582	1398	1646	1895	1683	1610	1978	1738	1490	1711	1582	1343	1297	1288	1159	1058	993	726	515	
717	690	349	202	0	230	303	496	598	864	929	1076	1370	1205	1453	1711	1518	1462	1840	1619	1389	1637	1536	1306	1278	1306	1205	1140	1122	855	644	
874	846	533	358	230	0	220	358	524	754	864	1030	1334	1223	1481	1757	1610	1573	1968	1775	1554	1821	1738	1508	1490	1536	1435	1370	1343	1076	855	
736	993	662	506	303	220	0	193	312	561	653	818	1113	1012	1260	1545	1398	1380	1784	1610	1416	1692	1628	1416	1426	1499	1426	1389	1398	1140	938	
846	1186	855	690	496	358	193	0	184	386	524	699	993	947	1205	1490	1398	1398	1812	1665	1490	1794	1748	1545	1573	1665	1600	1573	1591	1343	1131	
754	1297	956	809	598	524	312	184	0	266	340	515	809	754	1012	1297	1214	1232	1646	1518	1361	1674	1646	1462	1508	1619	1573	1573	1628	1389	1196	
966	1564	1223	1067	864	754	561	386	266	0	211	386	644	726	966	1251	1242	1297	1702	1628	1508	1830	1821	1674	1720	1858	1830	1840	1904	1665	1462	
864	1619	1278	1140	929	864	653	524	340	211	0	174	469	515	745	1039	1030	1094	1499	1435	1343	1665	1683	1545	1610	1766	1757	1794	1886	1665	1481	
883	1748	1407	1288	1076	1030	818	699	515	386	174	0	294	368	579	864	883	975	1361	1334	1278	1600	1628	1518	1610	1775	1784	1840	1950	1748	1582	
1094	2033	1692	1582	1370	1334	1113	993	809	644	469	294	0	377	450	699	828	975	1306	1352	1352	1665	1729	1656	1766	1950	1987	2060	2198	2005	1849	
763	1812	1481	1398	1205	1223	1012	947	754	726	515	368	377	0	248	542	515	616	993	984	966	1278	1343	1278	1389	1582	1628	1720	1876	1711	1582	
947	2042	1720	1646	1453	1481	1260	1205	1012	966	745	579	450	248	0	285	386	552	855	929	975	1269	1370	1352	1481	1683	1766	1876	2051	1904	1784	
1140	2263	1959	1895	1711	1757	1545	1490	1297	1251	1039	864	699	542	285	0	331	524	690	855	984	1232	1370	1398	1545	1766	1867	1996	2208	2088	1987	
883	2014	1720	1683	1518	1610	1398	1398	1214	1242	1030	883	828	515	386	331	0	193	478	552	653	920	1048	1067	1214	1435	1545	1683	1895	1794	1711	
772	1895	1628	1610	1462	1573	1380	1398	1232	1297	1094	975	975	616	552	524	193	0	404	377	460	726	846	883	1021	1251	1361	1508	1729	1646	1591	
1131	2217	1978	1978	1840	1968	1784	1812	1646	1702	1499	1361	1306	993	855	690	478	404	0	303	579	662	855	993	1150	1370	1518	1702	1950	1913	1886	
901	1941	1720	1738	1619	1775	1610	1665	1518	1628	1435	1334	1352	984	929	855	552	377	303	0	276	386	561	680	837	1058	1205	1389	1637	1610	1600	
680	1665	1462	1490	1389	1554	1416	1490	1361	1508	1343	1278	1352	966	975	984	653	460	579	276	0	322	386	432	579	809	947	1122	1361	1334	1324	
947	1803	1646	1711	1637	1821	1692	1794	1674	1830	1665	1600	1665	1278	1269	1232	920	726	662	386	322	0	202	414	552	754	929	1122	1389	1416	1453	
892	1646	1508	1582	1536	1738	1628	1748	1646	1821	1683	1628	1729	1343	1370	1370	1048	846	855	561	386	202	0	248	358	552	726	929	1186	1242	1288	
708	1389	1260	1343	1306	1508	1416	1545	1462	1674	1545	1518	1656	1278	1352	1398	1067	883	993	680	432	414	248	0	147	377	524	717	975	993	1039	
754	1297	1196	1297	1278	1490	1426	1573	1508	1720	1610	1610	1766	1389	1481	1545	1214	1021	1150	837	579	552	358	147	0	220	377	570	828	874	947	
892	1205	1168	1288	1306	1536	1499	1665	1619	1858	1766	1775	1950	1582	1683	1766	1435	1251	1370	1058	809	754	552	377	220	0	184	386	653	754	874	
901	1030	1030	1159	1205	1435	1426	1600	1573	1830	1757	1784	1987	1628	1766	1867	1545	1361	1518	1205	947	929	726	524	377	184	0	202	460	570	708	
956	864	910	1058	1140	1370	1389	1573	1573	1840	1794	1840	2060	1720	1876	1996	1683	1508	1702	1389	1122	1122	929	717	570	386	202	0	257	395	570	
1113	690	828	993	1122	1343	1398	1591	1628	1904	1886	1950	2198	1876	2051	2208	1895	1729	1950	1637	1361	1389	1186	975	828	653	460	257	0	266	478	
947	460	561	726	855	1076	1140	1343	1389	1665	1665	1748	2005	1711	1904	2088	1794	1646	1913	1610	1334	1416	1242	993	874	754	570	395	266	0	211	
837	349	349	515	644	855	938	1131	1196	1462	1481	1582	1849	1582	1784	1987	1711	1591	1886	1600	1324	1453	1288	1039	947	874	708	570	478	211	0	
V4
0	3247	2428	2402	2059	2508	2112	2428	2164	2772	2481	2534	3141	2191	2719	3273	2534	2217	3247	2587	1953	2719	2560	2032	2164	2560	2587	2745	3194	2719	2402	
3247	0	976	1399	1980	2428	2851	3405	3722	4488	4646	5016	5834	5200	5860	6494	5781	5438	6362	5570	4778	5174	4725	3986	3722	3458	2956	2481	1980	1320	1003	
2428	976	0	501	1003	1531	1900	2455	2745	3511	3669	4039	4857	4250	4936	5623	4936	4672	5676	4936	4197	4725	4329	3616	3432	3352	2956	2613	2376	1610	1003	
2402	1399	501	0	580	1029	1452	1980	2323	3062	3273	3696	4540	4012	4725	5438	4831	4620	5676	4989	4276	4910	4540	3854	3722	3696	3326	3036	2851	2085	1478	
2059	1980	1003	580	0	660	871	1425	1716	2481	2666	3088	3933	3458	4171	4910	4356	4197	5280	4646	3986	4699	4408	3748	3669	3748	3458	3273	3220	2455	1848	
2508	2428	1531	1029	660	0	633	1029	1504	2164	2481	2956	3828	3511	4250	5042	4620	4514	5649	5095	4461	5227	4989	4329	4276	4408	4118	3933	3854	3088	2455	
2112	2851	1900	1452	871	633	0	554	897	1610	1874	2349	3194	2904	3616	4435	4012	3960	5121	4620	4065	4857	4672	4065	4092	4303	4092	3986	4012	3273	2692	
2428	3405	2455	1980	1425	1029	554	0	528	1108	1504	2006	2851	2719	3458	4276	4012	4012	5200	4778	4276	5148	5016	4435	4514	4778	4593	4514	4567	3854	3247	
2164	3722	2745	2323	1716	1504	897	528	0	765	976	1478	2323	2164	2904	3722	3484	3537	4725	4356	3907	4804	4725	4197	4329	4646	4514	4514	4672	3986	3432	
2772	4488	3511	3062	2481	2164	1610	1108	765	0	607	1108	1848	2085	2772	3590	3564	3722	4884	4672	4329	5253	5227	4804	4936	5332	5253	5280	5464	4778	4197	
2481	4646	3669	3273	2666	2481	1874	1504	976	607	0	501	1346	1478	2138	2983	2956	3141	4303	4118	3854	4778	4831	4435	4620	5068	5042	5148	5412	4778	4250	
2534	5016	4039	3696	3088	2956	2349	2006	1478	1108	501	0	844	1056	1663	2481	2534	2798	3907	3828	3669	4593	4672	4356	4620	5095	5121	5280	5596	5016	4540	
3141	5834	4857	4540	3933	3828	3194	2851	2323	1848	1346	844	0	1082	1293	2006	2376	2798	3748	3880	3880	4778	4963	4752	5068	5596	5702	5913	6309	5755	5306	
2191	5200	4250	4012	3458	3511	2904	2719	2164	2085	1478	1056	1082	0	712	1557	1478	1768	2851	2824	2772	3669	3854	3669	3986	4540	4672	4936	5385	4910	4540	
2719	5860	4936	4725	4171	4250	3616	3458	2904	2772	2138	1663	1293	712	0	818	1108	1584	2455	2666	2798	3643	3933	3880	4250	4831	5068	5385	5887	5464	5121	
3273	6494	5623	5438	4910	5042	4435	4276	3722	3590	2983	2481	2006	1557	818	0	950	1504	1980	2455	2824	3537	3933	4012	4435	5068	5359	5728	6336	5992	5702	
2534	5781	4936	4831	4356	4620	4012	4012	3484	3564	2956	2534	2376	1478	1108	950	0	554	1372	1584	1874	2640	3009	3062	3484	4118	4435	4831	5438	5148	4910	
2217	5438	4672	4620	4197	4514	3960	4012	3537	3722	3141	2798	2798	1768	1584	1504	554	0	1161	1082	1320	2085	2428	2534	2930	3590	3907	4329	4963	4725	4567	
3247	6362	5676	5676	5280	5649	5121	5200	4725	4884	4303	3907	3748	2851	2455	1980	1372	1161	0	871	1663	1900	2455	2851	3300	3933	4356	4884	5596	5491	5412	
2587	5570	4936	4989	4646	5095	4620	4778	4356	4672	4118	3828	3880	2824	2666	2455	1584	1082	871	0	792	1108	1610	1953	2402	3036	3458	3986	4699	4620	4593	
1953	4778	4197	4276	3986	4461	4065	4276	3907	4329	3854	3669	3880	2772	2798	2824	1874	1320	1663	792	0	924	1108	1240	1663	2323	2719	3220	3907	3828	3801	
2719	5174	4725	4910	4699	5227	4857	5148	4804	5253	4778	4593	4778	3669	3643	3537	2640	2085	1900	1108	924	0	580	1188	1584	2164	2666	3220	3986	4065	4171	
2560	4725	4329	4540	4408	4989	4672	5016	4725	5227	4831	4672	4963	3854	3933	3933	3009	2428	2455	1610	1108	580	0	712	1029	1584	2085	2666	3405	3564	3696	
2032	3986	3616	3854	3748	4329	4065	4435	4197	4804	4435	4356	4752	3669	3880	4012	3062	2534	2851	1953	1240	1188	712	0	422	1082	1504	2059	2798	2851	2983	
2164	3722	3432	3722	3669	4276	4092	4514	4329	4936	4620	4620	5068	3986	4250	4435	3484	2930	3300	2402	1663	1584	1029	422	0	633	1082	1636	2376	2508	2719	
2560	3458	3352	3696	3748	4408	4303	4778	4646	5332	5068	5095	5596	4540	4831	5068	4118	3590	3933	3036	2323	2164	1584	1082	633	0	528	1108	1874	2164	2508	
2587	2956	2956	3326	3458	4118	4092	4593	4514	5253	5042	5121	5702	4672	5068	5359	4435	3907	4356	3458	2719	2666	2085	1504	1082	528	0	580	1320	1636	2032	
2745	2481	2613	3036	3273	3933	3986	4514	4514	5280	5148	5280	5913	4936	5385	5728	4831	4329	4884	3986	3220	3220	2666	2059	1636	1108	580	0	739	1135	1636	
3194	1980	2376	2851	3220	3854	4012	4567	4672	5464	5412	5596	6309	5385	5887	6336	5438	4963	5596	4699	3907	3986	3405	2798	2376	1874	1320	739	0	765	1372	
2719	1320	1610	2085	2455	3088	3273	3854	3986	4778	4778	5016	5755	4910	5464	5992	5148	4725	5491	4620	3828	4065	3564	2851	2508	2164	1636	1135	765	0	607	
2402	1003	1003	1478	1848	2455	2692	3247	3432	4197	4250	4540	5306	4540	5121	5702	4910	4567	5412	4593	3801	4171	3696	2983	2719	2508	2032	1636	1372	607	0	
V5
0	1820	1361	1346	1154	1406	1184	1361	1213	1554	1391	1420	1761	1228	1524	1835	1420	1243	1820	1450	1095	1524	1435	1139	1213	1435	1450	1539	1790	1524	1346	
1820	0	547	784	1110	1361	1598	1909	2086	2516	2604	2812	3270	2915	3285	3640	3241	3048	3566	3122	2678	2900	2649	2234	2086	1938	1657	1391	1110	740	562	
1361	547	0	281	562	858	1065	1376	1539	1968	2057	2264	2723	2382	2767	3152	2767	2619	3182	2767	2353	2649	2427	2027	1924	1879	1657	1465	1332	902	562	
1346	784	281	0	325	577	814	1110	1302	1716	1835	2072	2545	2249	2649	3048	2708	2590	3182	2797	2397	2752	2545	2160	2086	2072	1864	1702	1598	1169	828	
1154	1110	562	325	0	370	488	799	962	1391	1494	1731	2205	1938	2338	2752	2442	2353	2960	2604	2234	2634	2471	2101	2057	2101	1938	1835	1805	1376	1036	
1406	1361	858	577	370	0	355	577	843	1213	1391	1657	2146	1968	2382	2826	2590	2530	3167	2856	2501	2930	2797	2427	2397	2471	2308	2205	2160	1731	1376	
1184	1598	1065	814	488	355	0	310	503	902	1050	1317	1790	1628	2027	2486	2249	2220	2871	2590	2279	2723	2619	2279	2294	2412	2294	2234	2249	1835	1509	
1361	1909	1376	1110	799	577	310	0	296	621	843	1124	1598	1524	1938	2397	2249	2249	2915	2678	2397	2886	2812	2486	2530	2678	2575	2530	2560	2160	1820	
1213	2086	1539	1302	962	843	503	296	0	429	547	828	1302	1213	1628	2086	1953	1983	2649	2442	2190	2693	2649	2353	2427	2604	2530	2530	2619	2234	1924	
1554	2516	1968	1716	1391	1213	902	621	429	0	340	621	1036	1169	1554	2012	1998	2086	2738	2619	2427	2945	2930	2693	2767	2989	2945	2960	3063	2678	2353	
1391	2604	2057	1835	1494	1391	1050	843	547	340	0	281	754	828	1198	1672	1657	1761	2412	2308	2160	2678	2708	2486	2590	2841	2826	2886	3034	2678	2382	
1420	2812	2264	2072	1731	1657	1317	1124	828	621	281	0	473	592	932	1391	1420	1568	2190	2146	2057	2575	2619	2442	2590	2856	2871	2960	3137	2812	2545	
1761	3270	2723	2545	2205	2146	1790	1598	1302	1036	754	473	0	606	725	1124	1332	1568	2101	2175	2175	2678	2782	2664	2841	3137	3196	3315	3537	3226	2974	
1228	2915	2382	2249	1938	1968	1628	1524	1213	1169	828	592	606	0	399	873	828	991	1598	1583	1554	2057	2160	2057	2234	2545	2619	2767	3019	2752	2545	
1524	3285	2767	2649	2338	2382	2027	1938	1628	1554	1198	932	725	399	0	458	621	888	1376	1494	1568	2042	2205	2175	2382	2708	2841	3019	3300	3063	2871	
1835	3640	3152	3048	2752	2826	2486	2397	2086	2012	1672	1391	1124	873	458	0	532	843	1110	1376	1583	1983	2205	2249	2486	2841	3004	3211	3552	3359	3196	
1420	3241	2767	2708	2442	2590	2249	2249	1953	1998	1657	1420	1332	828	621	532	0	310	769	888	1050	1480	1687	1716	1953	2308	2486	2708	3048	2886	2752	
1243	3048	2619	2590	2353	2530	2220	2249	1983	2086	1761	1568	1568	991	888	843	310	0	651	606	740	1169	1361	1420	1642	2012	2190	2427	2782	2649	2560	
1820	3566	3182	3182	2960	3167	2871	2915	2649	2738	2412	2190	2101	1598	1376	1110	769	651	0	488	932	1065	1376	1598	1850	2205	2442	2738	3137	3078	3034	
1450	3122	2767	2797	2604	2856	2590	2678	2442	2619	2308	2146	2175	1583	1494	1376	888	606	488	0	444	621	902	1095	1346	1702	1938	2234	2634	2590	2575	
1095	2678	2353	2397	2234	2501	2279	2397	2190	2427	2160	2057	2175	1554	1568	1583	1050	740	932	444	0	518	621	695	932	1302	1524	1805	2190	2146	2131	
1524	2900	2649	2752	2634	2930	2723	2886	2693	2945	2678	2575	2678	2057	2042	1983	1480	1169	1065	621	518	0	325	666	888	1213	1494	1805	2234	2279	2338	
1435	2649	2427	2545	2471	2797	2619	2812	2649	2930	2708	2619	2782	2160	2205	2205	1687	1361	1376	902	621	325	0	399	577	888	1169	1494	1909	1998	2072	
1139	2234	2027	2160	2101	2427	2279	2486	2353	2693	2486	2442	2664	2057	2175	2249	1716	1420	1598	1095	695	666	399	0	236	606	843	1154	1568	1598	1672	
1213	2086	1924	2086	2057	2397	2294	2530	2427	2767	2590	2590	2841	2234	2382	2486	1953	1642	1850	1346	932	888	577	236	0	355	606	917	1332	1406	1524	
1435	1938	1879	2072	2101	2471	2412	2678	2604	2989	2841	2856	3137	2545	2708	2841	2308	2012	2205	1702	1302	1213	888	606	355	0	296	621	1050	1213	1406	
1450	1657	1657	1864	1938	2308	2294	2575	2530	2945	2826	2871	3196	2619	2841	3004	2486	2190	2442	1938	1524	1494	1169	843	606	296	0	325	740	917	1139	
1539	1391	1465	1702	1835	2205	2234	2530	2530	2960	2886	2960	3315	2767	3019	3211	2708	2427	2738	2234	1805	1805	1494	1154	917	621	325	0	414	636	917	
1790	1110	1332	1598	1805	2160	2249	2560	2619	3063	3034	3137	3537	3019	3300	3552	3048	2782	3137	2634	2190	2234	1909	1568	1332	1050	740	414	0	429	769	
1524	740	902	1169	1376	1731	1835	2160	2234	2678	2678	2812	3226	2752	3063	3359	2886	2649	3078	2590	2146	2279	1998	1598	1406	1213	917	636	429	0	340	
1346	562	562	828	1036	1376	1509	1820	1924	2353	2382	2545	2974	2545	2871	3196	2752	2560	3034	2575	2131	2338	2072	1672	1524	1406	1139	917	769	340	0	
V6
0	2410	1803	1783	1528	1862	1568	1803	1607	2058	1842	1881	2332	1626	2018	2430	1881	1646	2410	1920	1450	2018	1901	1509	1607	1901	1920	2038	2371	2018	1783	
2410	0	725	1038	1470	1803	2116	2528	2763	3332	3449	3724	4331	3861	4351	4821	4292	4037	4723	4135	3547	3841	3508	2959	2763	2567	2195	1842	1470	980	744	
1803	725	0	372	744	1136	1411	1822	2038	2606	2724	2998	3606	3155	3665	4174	3665	3469	4214	3665	3116	3508	3214	2685	2548	2489	2195	1940	1764	1195	744	
1783	1038	372	0	431	764	1078	1470	1724	2273	2430	2744	3371	2979	3508	4037	3586	3430	4214	3704	3175	3645	3371	2861	2763	2744	2469	2254	2116	1548	1097	
1528	1470	744	431	0	490	646	1058	1274	1842	1979	2293	2920	2567	3096	3645	3234	3116	3920	3449	2959	3488	3273	2783	2724	2783	2567	2430	2391	1822	1372	
1862	1803	1136	764	490	0	470	764	1117	1607	1842	2195	2842	2606	3155	3743	3430	3351	4194	3782	3312	3880	3704	3214	3175	3273	3057	2920	2861	2293	1822	
1568	2116	1411	1078	646	470	0	411	666	1195	1391	1744	2371	2156	2685	3292	2979	2940	3802	3430	3018	3606	3469	3018	3038	3194	3038	2959	2979	2430	1999	
1803	2528	1822	1470	1058	764	411	0	392	823	1117	1489	2116	2018	2567	3175	2979	2979	3861	3547	3175	3822	3724	3292	3351	3547	3410	3351	3390	2861	2410	
1607	2763	2038	1724	1274	1117	666	392	0	568	725	1097	1724	1607	2156	2763	2587	2626	3508	3234	2900	3567	3508	3116	3214	3449	3351	3351	3469	2959	2548	
2058	3332	2606	2273	1842	1607	1195	823	568	0	450	823	1372	1548	2058	2665	2646	2763	3626	3469	3214	3900	3880	3567	3665	3959	3900	3920	4057	3547	3116	
1842	3449	2724	2430	1979	1842	1391	1117	725	450	0	372	999	1097	1587	2214	2195	2332	3194	3057	2861	3547	3586	3292	3430	3763	3743	3822	4018	3547	3155	
1881	3724	2998	2744	2293	2195	1744	1489	1097	823	372	0	627	784	1234	1842	1881	2077	2900	2842	2724	3410	3469	3234	3430	3782	3802	3920	4155	3724	3371	
2332	4331	3606	3371	2920	2842	2371	2116	1724	1372	999	627	0	803	960	1489	1764	2077	2783	2881	2881	3547	3684	3528	3763	4155	4233	4390	4684	4272	3939	
1626	3861	3155	2979	2567	2606	2156	2018	1607	1548	1097	784	803	0	529	1156	1097	1313	2116	2097	2058	2724	2861	2724	2959	3371	3469	3665	3998	3645	3371	
2018	4351	3665	3508	3096	3155	2685	2567	2156	2058	1587	1234	960	529	0	607	823	1176	1822	1979	2077	2704	2920	2881	3155	3586	3763	3998	4370	4057	3802	
2430	4821	4174	4037	3645	3743	3292	3175	2763	2665	2214	1842	1489	1156	607	0	705	1117	1470	1822	2097	2626	2920	2979	3292	3763	3978	4253	4704	4449	4233	
1881	4292	3665	3586	3234	3430	2979	2979	2587	2646	2195	1881	1764	1097	823	705	0	411	1019	1176	1391	1960	2234	2273	2587	3057	3292	3586	4037	3822	3645	
1646	4037	3469	3430	3116	3351	2940	2979	2626	2763	2332	2077	2077	1313	1176	1117	411	0	862	803	980	1548	1803	1881	2175	2665	2900	3214	3684	3508	3390	
2410	4723	4214	4214	3920	4194	3802	3861	3508	3626	3194	2900	2783	2116	1822	1470	1019	862	0	646	1234	1411	1822	2116	2450	2920	3234	3626	4155	4076	4018	
1920	4135	3665	3704	3449	3782	3430	3547	3234	3469	3057	2842	2881	2097	1979	1822	1176	803	646	0	588	823	1195	1450	1783	2254	2567	2959	3488	3430	3410	
1450	3547	3116	3175	2959	3312	3018	3175	2900	3214	2861	2724	2881	2058	2077	2097	1391	980	1234	588	0	686	823	921	1234	1724	2018	2391	2900	2842	2822	
2018	3841	3508	3645	3488	3880	3606	3822	3567	3900	3547	3410	3547	2724	2704	2626	1960	1548	1411	823	686	0	431	882	1176	1607	1979	2391	2959	3018	3096	
1901	3508	3214	3371	3273	3704	3469	3724	3508	3880	3586	3469	3684	2861	2920	2920	2234	1803	1822	1195	823	431	0	529	764	1176	1548	1979	2528	2646	2744	
