M: 2
N: 30
Nun_Veiculos: 15
Capacidade_Total: 1247
Demanda_Total: 621
Setup_Min: 1
Setup_Max: 9
Raio: 100
Circulos: 1
Tempo_Processamento_Min: 1
Tempo_Processamento_Max: 49
Demanda_Min: 10
Demanda_Max: 30
Priority_Factor: 0.2
Range_Factor_R: 0.8
U_factor: 2
ALpha: 0.2Replicao: 3
Tempos_Processamentos
0	0	1	0	
0	34	1	15	
0	30	1	9	
0	38	1	41	
0	15	1	31	
0	14	1	48	
0	8	1	34	
0	25	1	27	
0	37	1	22	
0	18	1	11	
0	15	1	27	
0	42	1	15	
0	4	1	48	
0	44	1	8	
0	47	1	26	
0	3	1	21	
0	31	1	45	
0	42	1	48	
0	48	1	1	
0	11	1	42	
0	5	1	47	
0	45	1	38	
0	33	1	20	
0	43	1	31	
0	25	1	20	
0	17	1	6	
0	4	1	3	
0	13	1	9	
0	29	1	19	
0	44	1	23	
0	6	1	5	

Tempos_setup
M0
0	0	0	0	0	0	0	0	0	0	0	0	0	0	0	0	0	0	0	0	0	0	0	0	0	0	0	0	0	0	0	
0	0	3	3	3	1	2	3	1	2	1	3	2	2	3	3	2	1	4	1	2	2	2	3	2	2	3	3	3	2	1	
0	1	0	2	3	2	2	1	2	2	2	3	3	2	2	2	2	2	2	2	2	3	3	3	3	2	3	3	2	2	1	
0	2	3	0	2	3	2	3	2	4	2	1	2	3	2	2	1	3	1	3	3	3	3	3	2	3	3	2	3	2	3	
0	3	2	1	0	2	2	2	3	3	3	2	3	3	2	3	2	2	2	3	3	3	2	2	3	2	3	1	1	3	2	
0	2	3	3	2	0	2	3	2	2	2	2	2	1	3	3	1	3	4	3	3	2	1	3	2	1	3	3	3	3	2	
0	3	3	3	2	3	0	2	2	3	3	2	2	2	2	3	2	3	3	2	3	2	2	1	1	1	2	1	2	1	4	
0	1	4	3	2	2	2	0	1	3	2	2	2	2	3	4	1	2	4	2	3	2	3	3	3	1	4	3	3	2	2	
0	3	4	4	3	3	2	2	0	3	3	3	2	3	2	3	2	4	4	2	3	3	4	3	2	3	4	3	3	1	4	
0	1	3	3	3	2	2	4	2	0	2	1	2	2	1	2	2	2	4	2	2	3	3	2	2	3	1	2	3	1	2	
0	3	2	3	2	3	2	3	2	4	0	2	4	2	2	3	3	3	3	3	3	1	1	2	1	2	3	3	2	3	3	
0	3	2	3	2	2	3	3	2	3	2	0	2	2	1	3	1	3	3	4	2	3	3	3	1	2	4	1	2	3	3	
0	1	2	2	1	1	2	3	2	3	2	3	0	1	2	4	2	2	3	2	1	3	2	3	3	2	2	2	2	3	2	
0	3	2	3	3	4	3	3	4	4	3	4	4	0	3	4	4	3	4	3	4	4	3	3	4	3	3	4	2	4	3	
0	3	3	2	3	1	3	3	2	2	1	2	3	1	0	3	2	2	3	3	1	2	2	3	1	2	3	3	2	3	3	
0	3	2	3	2	3	4	3	2	2	3	3	3	1	3	0	2	2	4	2	2	2	4	2	3	1	1	3	3	3	3	
0	2	3	2	1	2	3	2	3	4	1	1	1	2	2	4	0	3	3	3	2	2	2	2	2	3	3	2	2	4	3	
0	2	3	3	2	2	2	4	3	3	3	3	1	2	2	3	2	0	3	3	2	1	3	2	2	3	3	3	3	1	3	
0	2	3	4	3	3	1	2	3	3	3	3	2	2	2	1	2	2	0	2	3	3	3	2	2	2	2	2	3	1	3	
0	2	4	3	2	3	2	3	3	1	3	2	2	3	2	3	2	3	3	0	3	3	4	2	2	3	2	2	3	1	3	
0	3	3	1	2	2	2	2	1	3	2	2	2	2	1	3	1	2	2	3	0	3	2	2	2	2	2	3	1	2	4	
0	4	4	3	2	2	3	4	2	3	2	2	3	2	1	2	2	2	2	2	2	0	3	1	1	3	2	3	2	3	4	
0	4	4	3	3	3	1	3	3	4	2	3	3	3	2	2	3	3	4	3	2	3	0	2	2	2	3	2	2	2	5	
0	3	3	2	1	3	3	3	4	2	2	2	2	3	2	3	1	3	3	1	3	3	3	0	3	3	1	2	2	2	3	
0	4	3	4	3	3	2	3	1	3	3	1	3	1	2	2	2	2	2	3	3	3	2	2	0	2	3	2	1	2	4	
0	2	3	3	2	3	3	3	1	3	2	2	2	1	2	3	1	3	3	2	3	1	3	2	2	0	3	3	3	2	3	
0	2	4	2	2	3	3	3	3	1	2	2	2	3	2	3	1	3	3	2	3	3	3	1	3	4	0	3	3	2	3	
0	3	2	3	2	3	4	3	2	4	2	2	2	2	3	4	1	4	4	3	3	2	3	2	3	1	3	0	3	3	3	
0	3	2	3	2	2	1	3	2	2	2	3	2	2	1	3	2	1	4	2	2	2	1	1	2	1	2	2	0	2	3	
0	2	3	3	2	2	1	3	2	3	2	2	1	2	1	2	1	3	3	3	2	2	3	2	1	2	3	2	2	0	3	
0	3	3	2	3	3	1	3	2	3	3	3	2	1	2	2	2	3	3	3	1	3	3	2	2	2	2	2	2	2	0	
M1
0	0	0	0	0	0	0	0	0	0	0	0	0	0	0	0	0	0	0	0	0	0	0	0	0	0	0	0	0	0	0	
0	0	2	3	1	1	2	3	1	3	2	2	3	2	3	3	3	2	3	2	3	1	4	2	1	2	1	2	2	2	2	
0	2	0	3	1	3	3	4	3	4	2	3	4	3	3	3	3	4	5	3	2	3	2	3	3	2	3	2	3	4	4	
0	3	1	0	2	2	2	1	2	4	3	3	4	2	3	2	4	3	3	3	3	3	1	1	2	2	3	2	2	4	1	
0	4	3	2	0	2	3	3	3	4	1	2	4	3	2	2	2	3	4	2	3	3	3	2	2	1	2	1	2	3	3	
0	4	3	3	1	0	3	3	2	2	2	2	4	2	3	2	3	3	4	3	2	3	4	3	2	1	2	2	3	3	2	
0	4	3	2	1	3	0	3	3	4	2	3	2	3	3	3	3	1	5	2	4	2	2	3	3	2	3	2	3	3	3	
0	3	3	3	2	2	2	0	2	4	2	2	4	2	3	1	3	3	2	3	2	3	1	3	2	1	2	2	2	3	3	
0	3	1	3	2	3	1	2	0	2	3	1	3	2	3	3	2	2	4	3	2	2	3	1	2	2	3	2	3	3	1	
0	4	3	3	2	1	3	4	2	0	2	3	2	3	4	3	3	4	4	3	3	4	4	3	3	2	2	3	4	3	3	
0	4	2	1	2	1	3	2	3	3	0	3	3	3	4	3	1	2	4	2	2	3	2	1	2	2	3	3	3	4	2	
0	4	2	3	2	2	2	1	1	3	3	0	3	3	2	2	1	2	3	2	2	1	2	2	3	2	2	1	2	3	2	
0	2	2	3	3	2	2	3	1	3	3	2	0	3	4	3	3	2	3	2	3	3	4	2	1	2	1	3	2	1	2	
0	6	4	3	3	2	3	4	3	4	4	4	4	0	5	2	5	4	4	4	4	5	4	4	3	3	4	4	2	5	4	
0	2	2	2	3	2	2	2	1	3	3	1	3	3	0	3	1	2	2	3	1	2	3	2	3	2	2	2	3	1	2	
0	4	2	2	1	3	1	3	1	3	2	2	3	3	3	0	3	2	3	2	3	3	3	2	1	2	3	2	1	4	2	
0	3	1	2	2	1	3	3	3	3	3	2	2	3	4	3	0	1	4	4	1	2	3	3	3	2	3	3	3	3	3	
0	3	2	1	3	3	2	2	2	4	3	3	1	3	4	3	3	0	4	3	4	1	2	2	2	3	2	3	2	2	2	
0	4	2	2	3	2	2	3	1	3	3	2	3	2	3	3	3	3	0	3	3	3	1	2	2	2	2	2	1	1	1	
0	4	4	3	3	4	3	2	3	5	3	4	4	2	5	3	4	3	3	0	4	2	3	3	4	3	4	4	2	4	4	
0	4	3	3	3	3	2	2	2	4	2	1	2	3	3	3	2	3	3	3	0	2	2	3	3	3	3	2	3	2	3	
0	4	2	2	3	3	2	3	1	3	2	2	2	3	3	4	2	1	4	4	3	0	3	2	3	3	3	3	3	3	2	
0	4	3	2	2	1	1	3	3	3	3	3	3	1	2	3	3	2	3	2	3	3	0	3	1	2	2	1	2	3	3	
0	3	4	3	1	3	3	4	3	5	2	3	3	4	3	3	3	2	3	2	4	2	4	0	1	2	3	2	2	4	4	
0	4	3	2	3	3	2	3	3	5	2	2	2	3	4	2	3	1	2	1	4	2	3	3	0	1	2	3	1	3	3	
0	5	3	2	2	2	2	2	2	4	1	1	3	4	3	1	2	2	3	2	3	2	3	2	1	0	1	2	2	2	3	
0	5	3	2	2	1	3	3	2	3	2	3	3	3	4	3	3	3	3	1	3	2	3	2	3	2	0	3	3	4	3	
0	3	3	2	1	3	2	3	2	4	2	2	3	2	1	3	2	3	3	1	2	3	3	3	3	2	3	0	1	2	3	
0	4	2	1	2	3	1	2	3	5	2	4	2	3	4	3	3	2	4	3	4	3	2	2	3	3	3	3	0	3	2	
0	5	4	3	2	1	2	4	3	3	3	3	4	3	3	3	4	3	2	2	3	3	3	3	3	2	1	3	3	0	3	
0	4	2	3	3	3	2	3	1	3	2	2	4	1	3	2	3	3	4	3	3	3	4	2	2	1	2	2	3	3	0	
Tamanho_Tarefas
0	23	18	38	20	28	15	25	28	13	17	19	5	10	36	11	38	45	14	16	7	41	26	31	21	6	3	10	20	32	5	
Data_Entrega
0	314	346	280	380	424	299	248	444	379	336	279	274	402	367	322	359	289	433	372	364	281	418	342	333	288	292	401	363	278	367	
Penalidade_Atraso
0	16	8	7	16	12	13	18	8	16	12	6	20	14	13	3	9	6	19	2	16	4	18	12	8	8	10	20	8	18	13	
Capacidade_Veiculo
118	70	90	82	77	75	55	62	56	79	99	93	84	121	86	
Custo_Fixo_Veiculo
1180	700	900	820	770	750	550	620	560	790	990	930	840	1210	860	
Coordenadas_Clientes
x	0	y	0
x	116	y	0
x	97	y	20
x	81	y	36
x	96	y	69
x	76	y	84
x	49	y	85
x	24	y	75
x	11	y	109
x	-11	y	113
x	-34	y	107
x	-55	y	96
x	-74	y	82
x	-87	y	63
x	-70	y	31
x	-121	y	25
x	-100	y	0
x	-119	y	-25
x	-111	y	-49
x	-72	y	-52
x	-63	y	-70
x	-60	y	-105
x	-26	y	-82
x	-9	y	-93
x	10	y	-101
x	38	y	-116
x	55	y	-95
x	57	y	-63
x	93	y	-67
x	104	y	-46
x	83	y	-17
Tempo_Viagem
0	116	99	88	118	113	98	78	109	113	112	110	110	107	76	123	100	121	121	88	94	120	86	93	101	122	109	84	114	113	84	
116	0	27	49	71	93	107	118	150	168	184	196	206	212	188	238	216	236	232	195	192	204	163	155	146	139	112	86	70	47	37	
99	27	0	22	49	67	80	91	123	141	157	169	181	188	167	218	198	220	219	183	183	200	159	154	149	147	121	91	87	66	39	
88	49	22	0	36	48	58	69	101	119	135	148	161	170	151	202	184	209	209	176	178	199	159	157	154	157	133	101	103	85	53	
118	71	49	36	0	25	49	72	93	115	134	153	170	183	170	221	207	234	238	206	211	233	194	193	190	193	168	137	136	115	86	
113	93	67	48	25	0	27	52	69	91	112	131	150	163	155	205	195	223	229	200	207	232	194	196	196	203	180	148	151	132	101	
98	107	80	58	49	27	0	26	44	66	85	104	123	137	129	179	170	200	208	182	191	218	183	187	190	201	180	148	157	142	107	
78	118	91	69	72	52	26	0	36	51	66	81	98	111	103	153	144	174	183	159	169	198	164	171	176	191	172	141	157	144	109	
109	150	123	101	93	69	44	36	0	22	45	67	89	108	112	156	155	186	199	181	193	225	194	202	210	226	208	177	193	180	145	
113	168	141	119	115	91	66	51	22	0	23	46	69	90	101	140	143	174	190	175	190	223	195	206	214	234	218	188	207	195	160	
112	184	157	135	134	112	85	66	45	23	0	23	46	68	84	118	125	156	173	163	179	213	189	201	212	234	220	192	215	205	170	
110	196	169	148	153	131	104	81	67	46	23	0	23	45	66	95	106	136	155	148	166	201	180	194	207	231	219	194	220	213	178	
110	206	181	161	170	150	123	98	89	69	46	23	0	23	51	73	86	116	136	134	152	187	170	186	201	227	219	194	223	219	185	
107	212	188	170	183	163	137	111	108	90	68	45	23	0	36	50	64	93	114	115	135	169	157	174	190	218	212	191	221	219	187	
76	188	167	151	170	155	129	103	112	101	84	66	51	36	0	51	43	74	89	83	101	136	121	138	154	182	177	158	190	189	160	
123	238	218	202	221	205	179	153	156	140	118	95	73	50	51	0	32	50	74	91	111	143	142	162	181	212	213	198	232	235	207	
100	216	198	184	207	195	170	144	155	143	125	106	86	64	43	32	0	31	50	59	79	112	110	130	149	180	181	169	204	209	183	
121	236	220	209	234	223	200	174	186	174	156	136	116	93	74	50	31	0	25	54	71	99	108	128	148	179	187	180	216	223	202	
121	232	219	209	238	229	208	183	199	190	173	155	136	114	89	74	50	25	0	39	52	75	90	110	130	161	172	168	204	215	196	
88	195	183	176	206	200	182	159	181	175	163	148	134	115	83	91	59	54	39	0	20	54	54	74	94	125	134	129	165	176	158	
94	192	183	178	211	207	191	169	193	190	179	166	152	135	101	111	79	71	52	20	0	35	38	58	78	109	120	120	156	168	155	
120	204	200	199	233	232	218	198	225	223	213	201	187	169	136	143	112	99	75	54	35	0	41	52	70	98	115	124	157	173	167	
86	163	159	159	194	194	183	164	194	195	189	180	170	157	121	142	110	108	90	54	38	41	0	20	40	71	82	85	119	134	126	
93	155	154	157	193	196	187	171	202	206	201	194	186	174	138	162	130	128	110	74	58	52	20	0	20	51	64	72	105	121	119	
101	146	149	154	190	196	190	176	210	214	212	207	201	190	154	181	149	148	130	94	78	70	40	20	0	31	45	60	89	108	111	
122	139	147	157	193	203	201	191	226	234	234	231	227	218	182	212	180	179	161	125	109	98	71	51	31	0	27	56	73	96	108	
109	112	121	133	168	180	180	172	208	218	220	219	219	212	177	213	181	187	172	134	120	115	82	64	45	27	0	32	47	69	82	
84	86	91	101	137	148	148	141	177	188	192	194	194	191	158	198	169	180	168	129	120	124	85	72	60	56	32	0	36	49	52	
114	70	87	103	136	151	157	157	193	207	215	220	223	221	190	232	204	216	204	165	156	157	119	105	89	73	47	36	0	23	50	
113	47	66	85	115	132	142	144	180	195	205	213	219	219	189	235	209	223	215	176	168	173	134	121	108	96	69	49	23	0	35	
84	37	39	53	86	101	107	109	145	160	170	178	185	187	160	207	183	202	196	158	155	167	126	119	111	108	82	52	50	35	0	
Custo_Viagem
V0
0	2737	2336	2076	2784	2666	2312	1840	2572	2666	2643	2596	2596	2525	1793	2902	2360	2855	2855	2076	2218	2832	2029	2194	2383	2879	2572	1982	2690	2666	1982	
2737	0	637	1180	1675	2194	2548	2784	3563	3988	4342	4625	4861	5003	4436	5616	5097	5569	5475	4602	4531	4814	3846	3658	3445	3280	2643	2029	1652	1109	873	
2336	637	0	519	1156	1581	1888	2147	2902	3351	3705	3988	4271	4436	3941	5144	4672	5192	5168	4318	4318	4720	3752	3634	3516	3492	2879	2171	2053	1557	920	
2076	1180	519	0	849	1132	1368	1628	2383	2808	3186	3492	3799	4012	3563	4767	4342	4932	4932	4153	4200	4696	3752	3705	3634	3705	3138	2383	2430	2006	1250	
2784	1675	1156	849	0	590	1156	1699	2194	2714	3186	3610	4012	4318	4012	5215	4885	5522	5616	4885	4979	5498	4578	4554	4484	4554	3988	3233	3209	2714	2029	
2666	2194	1581	1132	590	0	637	1227	1628	2147	2643	3091	3540	3870	3658	4838	4602	5262	5404	4720	4885	5475	4578	4625	4625	4790	4248	3492	3563	3115	2383	
2312	2548	1888	1368	1156	637	0	613	1038	1557	2006	2454	2902	3233	3068	4248	4035	4720	4908	4295	4507	5168	4318	4413	4484	4743	4248	3492	3728	3351	2525	
1840	2784	2147	1628	1699	1227	613	0	849	1203	1557	1911	2312	2619	2430	3610	3398	4106	4318	3752	3988	4672	3870	4035	4153	4507	4059	3327	3705	3422	2572	
2572	3563	2902	2383	2194	1628	1038	849	0	519	1062	1581	2100	2548	2643	3681	3658	4389	4696	4271	4554	5310	4578	4767	4956	5333	4908	4200	4578	4248	3422	
2666	3988	3351	2808	2714	2147	1557	1203	519	0	542	1109	1652	2124	2383	3304	3374	4130	4484	4130	4484	5262	4602	4861	5074	5522	5144	4436	4885	4625	3776	
2643	4342	3705	3186	3186	2643	2006	1557	1062	542	0	542	1109	1604	1982	2808	2950	3705	4082	3846	4224	5026	4460	4743	5003	5522	5192	4531	5074	4861	4012	
2596	4625	3988	3492	3610	3091	2454	1911	1581	1109	542	0	542	1062	1557	2265	2501	3209	3658	3492	3917	4743	4248	4578	4885	5451	5192	4578	5192	5026	4200	
2596	4861	4271	3799	4012	3540	2902	2312	2100	1652	1109	542	0	542	1203	1722	2029	2737	3209	3162	3587	4413	4012	4389	4743	5357	5168	4602	5262	5168	4366	
2525	5003	4436	4012	4318	3870	3233	2619	2548	2124	1604	1062	542	0	849	1180	1510	2194	2690	2714	3186	4012	3705	4106	4484	5144	5003	4507	5239	5168	4413	
1793	4436	3941	3563	4012	3658	3068	2430	2643	2383	1982	1557	1203	849	0	1203	1014	1746	2100	1958	2383	3209	2855	3256	3634	4295	4177	3728	4484	4484	3776	
2902	5616	5144	4767	5215	4838	4248	3610	3681	3304	2808	2265	1722	1180	1203	0	755	1180	1746	2147	2619	3374	3374	3823	4271	5003	5026	4672	5475	5546	4908	
2360	5097	4672	4342	4885	4602	4035	3398	3658	3374	2950	2501	2029	1510	1014	755	0	731	1180	1392	1864	2643	2596	3068	3516	4248	4271	3988	4814	4932	4318	
2855	5569	5192	4932	5522	5262	4720	4106	4389	4130	3705	3209	2737	2194	1746	1180	731	0	590	1274	1675	2336	2572	3044	3516	4271	4413	4248	5097	5262	4767	
2855	5475	5168	4932	5616	5404	4908	4318	4696	4484	4082	3658	3209	2690	2100	1746	1180	590	0	920	1227	1770	2147	2619	3091	3846	4059	3964	4814	5074	4625	
2076	4602	4318	4153	4885	4720	4295	3752	4271	4130	3846	3492	3162	2714	1958	2147	1392	1274	920	0	472	1274	1274	1770	2242	2997	3162	3044	3894	4153	3728	
2218	4531	4318	4200	4979	4885	4507	3988	4554	4484	4224	3917	3587	3186	2383	2619	1864	1675	1227	472	0	826	896	1368	1864	2596	2832	2832	3681	3964	3658	
2832	4814	4720	4696	5498	5475	5168	4672	5310	5262	5026	4743	4413	4012	3209	3374	2643	2336	1770	1274	826	0	967	1227	1652	2312	2714	2926	3705	4106	3941	
2029	3846	3752	3752	4578	4578	4318	3870	4578	4602	4460	4248	4012	3705	2855	3374	2596	2572	2147	1274	896	967	0	472	944	1699	1935	2006	2808	3162	2973	
2194	3658	3634	3705	4554	4625	4413	4035	4767	4861	4743	4578	4389	4106	3256	3823	3068	3044	2619	1770	1368	1227	472	0	472	1227	1510	1699	2478	2879	2808	
2383	3445	3516	3634	4484	4625	4484	4153	4956	5074	5003	4885	4743	4484	3634	4271	3516	3516	3091	2242	1864	1652	944	472	0	731	1062	1416	2100	2548	2619	
2879	3280	3492	3705	4554	4790	4743	4507	5333	5522	5522	5451	5357	5144	4295	5003	4248	4271	3846	2997	2596	2312	1699	1227	731	0	637	1321	1722	2265	2548	
2572	2643	2879	3138	3988	4248	4248	4059	4908	5144	5192	5192	5168	5003	4177	5026	4271	4413	4059	3162	2832	2714	1935	1510	1062	637	0	755	1109	1628	1935	
1982	2029	2171	2383	3233	3492	3492	3327	4200	4436	4531	4578	4602	4507	3728	4672	3988	4248	3964	3044	2832	2926	2006	1699	1416	1321	755	0	849	1156	1227	
2690	1652	2053	2430	3209	3563	3728	3705	4578	4885	5074	5192	5262	5239	4484	5475	4814	5097	4814	3894	3681	3705	2808	2478	2100	1722	1109	849	0	542	1180	
2666	1109	1557	2006	2714	3115	3351	3422	4248	4625	4861	5026	5168	5168	4484	5546	4932	5262	5074	4153	3964	4106	3162	2879	2548	2265	1628	1156	542	0	826	
1982	873	920	1250	2029	2383	2525	2572	3422	3776	4012	4200	4366	4413	3776	4908	4318	4767	4625	3728	3658	3941	2973	2808	2619	2548	1935	1227	1180	826	0	
V1
0	1624	1386	1232	1652	1582	1372	1092	1526	1582	1568	1540	1540	1498	1064	1722	1400	1694	1694	1232	1316	1680	1204	1302	1414	1708	1526	1176	1596	1582	1176	
1624	0	378	700	994	1302	1512	1652	2114	2366	2576	2744	2884	2968	2632	3332	3024	3304	3248	2730	2688	2856	2282	2170	2044	1946	1568	1204	980	658	518	
1386	378	0	308	686	938	1120	1274	1722	1988	2198	2366	2534	2632	2338	3052	2772	3080	3066	2562	2562	2800	2226	2156	2086	2072	1708	1288	1218	924	546	
1232	700	308	0	504	672	812	966	1414	1666	1890	2072	2254	2380	2114	2828	2576	2926	2926	2464	2492	2786	2226	2198	2156	2198	1862	1414	1442	1190	742	
1652	994	686	504	0	350	686	1008	1302	1610	1890	2142	2380	2562	2380	3094	2898	3276	3332	2898	2954	3262	2716	2702	2660	2702	2366	1918	1904	1610	1204	
1582	1302	938	672	350	0	378	728	966	1274	1568	1834	2100	2296	2170	2870	2730	3122	3206	2800	2898	3248	2716	2744	2744	2842	2520	2072	2114	1848	1414	
1372	1512	1120	812	686	378	0	364	616	924	1190	1456	1722	1918	1820	2520	2394	2800	2912	2548	2674	3066	2562	2618	2660	2814	2520	2072	2212	1988	1498	
1092	1652	1274	966	1008	728	364	0	504	714	924	1134	1372	1554	1442	2142	2016	2436	2562	2226	2366	2772	2296	2394	2464	2674	2408	1974	2198	2030	1526	
1526	2114	1722	1414	1302	966	616	504	0	308	630	938	1246	1512	1568	2184	2170	2604	2786	2534	2702	3150	2716	2828	2940	3164	2912	2492	2716	2520	2030	
1582	2366	1988	1666	1610	1274	924	714	308	0	322	658	980	1260	1414	1960	2002	2450	2660	2450	2660	3122	2730	2884	3010	3276	3052	2632	2898	2744	2240	
1568	2576	2198	1890	1890	1568	1190	924	630	322	0	322	658	952	1176	1666	1750	2198	2422	2282	2506	2982	2646	2814	2968	3276	3080	2688	3010	2884	2380	
1540	2744	2366	2072	2142	1834	1456	1134	938	658	322	0	322	630	924	1344	1484	1904	2170	2072	2324	2814	2520	2716	2898	3234	3080	2716	3080	2982	2492	
1540	2884	2534	2254	2380	2100	1722	1372	1246	980	658	322	0	322	714	1022	1204	1624	1904	1876	2128	2618	2380	2604	2814	3178	3066	2730	3122	3066	2590	
1498	2968	2632	2380	2562	2296	1918	1554	1512	1260	952	630	322	0	504	700	896	1302	1596	1610	1890	2380	2198	2436	2660	3052	2968	2674	3108	3066	2618	
1064	2632	2338	2114	2380	2170	1820	1442	1568	1414	1176	924	714	504	0	714	602	1036	1246	1162	1414	1904	1694	1932	2156	2548	2478	2212	2660	2660	2240	
1722	3332	3052	2828	3094	2870	2520	2142	2184	1960	1666	1344	1022	700	714	0	448	700	1036	1274	1554	2002	2002	2268	2534	2968	2982	2772	3248	3290	2912	
1400	3024	2772	2576	2898	2730	2394	2016	2170	2002	1750	1484	1204	896	602	448	0	434	700	826	1106	1568	1540	1820	2086	2520	2534	2366	2856	2926	2562	
1694	3304	3080	2926	3276	3122	2800	2436	2604	2450	2198	1904	1624	1302	1036	700	434	0	350	756	994	1386	1526	1806	2086	2534	2618	2520	3024	3122	2828	
1694	3248	3066	2926	3332	3206	2912	2562	2786	2660	2422	2170	1904	1596	1246	1036	700	350	0	546	728	1050	1274	1554	1834	2282	2408	2352	2856	3010	2744	
1232	2730	2562	2464	2898	2800	2548	2226	2534	2450	2282	2072	1876	1610	1162	1274	826	756	546	0	280	756	756	1050	1330	1778	1876	1806	2310	2464	2212	
1316	2688	2562	2492	2954	2898	2674	2366	2702	2660	2506	2324	2128	1890	1414	1554	1106	994	728	280	0	490	532	812	1106	1540	1680	1680	2184	2352	2170	
1680	2856	2800	2786	3262	3248	3066	2772	3150	3122	2982	2814	2618	2380	1904	2002	1568	1386	1050	756	490	0	574	728	980	1372	1610	1736	2198	2436	2338	
1204	2282	2226	2226	2716	2716	2562	2296	2716	2730	2646	2520	2380	2198	1694	2002	1540	1526	1274	756	532	574	0	280	560	1008	1148	1190	1666	1876	1764	
1302	2170	2156	2198	2702	2744	2618	2394	2828	2884	2814	2716	2604	2436	1932	2268	1820	1806	1554	1050	812	728	280	0	280	728	896	1008	1470	1708	1666	
1414	2044	2086	2156	2660	2744	2660	2464	2940	3010	2968	2898	2814	2660	2156	2534	2086	2086	1834	1330	1106	980	560	280	0	434	630	840	1246	1512	1554	
1708	1946	2072	2198	2702	2842	2814	2674	3164	3276	3276	3234	3178	3052	2548	2968	2520	2534	2282	1778	1540	1372	1008	728	434	0	378	784	1022	1344	1512	
1526	1568	1708	1862	2366	2520	2520	2408	2912	3052	3080	3080	3066	2968	2478	2982	2534	2618	2408	1876	1680	1610	1148	896	630	378	0	448	658	966	1148	
1176	1204	1288	1414	1918	2072	2072	1974	2492	2632	2688	2716	2730	2674	2212	2772	2366	2520	2352	1806	1680	1736	1190	1008	840	784	448	0	504	686	728	
1596	980	1218	1442	1904	2114	2212	2198	2716	2898	3010	3080	3122	3108	2660	3248	2856	3024	2856	2310	2184	2198	1666	1470	1246	1022	658	504	0	322	700	
1582	658	924	1190	1610	1848	1988	2030	2520	2744	2884	2982	3066	3066	2660	3290	2926	3122	3010	2464	2352	2436	1876	1708	1512	1344	966	686	322	0	490	
1176	518	546	742	1204	1414	1498	1526	2030	2240	2380	2492	2590	2618	2240	2912	2562	2828	2744	2212	2170	2338	1764	1666	1554	1512	1148	728	700	490	0	
V2
0	2088	1782	1584	2124	2034	1764	1404	1962	2034	2016	1980	1980	1926	1368	2214	1800	2178	2178	1584	1692	2160	1548	1674	1818	2196	1962	1512	2052	2034	1512	
2088	0	486	900	1278	1674	1944	2124	2718	3042	3312	3528	3708	3816	3384	4284	3888	4248	4176	3510	3456	3672	2934	2790	2628	2502	2016	1548	1260	846	666	
1782	486	0	396	882	1206	1440	1638	2214	2556	2826	3042	3258	3384	3006	3924	3564	3960	3942	3294	3294	3600	2862	2772	2682	2664	2196	1656	1566	1188	702	
1584	900	396	0	648	864	1044	1242	1818	2142	2430	2664	2898	3060	2718	3636	3312	3762	3762	3168	3204	3582	2862	2826	2772	2826	2394	1818	1854	1530	954	
2124	1278	882	648	0	450	882	1296	1674	2070	2430	2754	3060	3294	3060	3978	3726	4212	4284	3726	3798	4194	3492	3474	3420	3474	3042	2466	2448	2070	1548	
2034	1674	1206	864	450	0	486	936	1242	1638	2016	2358	2700	2952	2790	3690	3510	4014	4122	3600	3726	4176	3492	3528	3528	3654	3240	2664	2718	2376	1818	
1764	1944	1440	1044	882	486	0	468	792	1188	1530	1872	2214	2466	2340	3240	3078	3600	3744	3276	3438	3942	3294	3366	3420	3618	3240	2664	2844	2556	1926	
1404	2124	1638	1242	1296	936	468	0	648	918	1188	1458	1764	1998	1854	2754	2592	3132	3294	2862	3042	3564	2952	3078	3168	3438	3096	2538	2826	2610	1962	
1962	2718	2214	1818	1674	1242	792	648	0	396	810	1206	1602	1944	2016	2808	2790	3348	3582	3258	3474	4050	3492	3636	3780	4068	3744	3204	3492	3240	2610	
2034	3042	2556	2142	2070	1638	1188	918	396	0	414	846	1260	1620	1818	2520	2574	3150	3420	3150	3420	4014	3510	3708	3870	4212	3924	3384	3726	3528	2880	
2016	3312	2826	2430	2430	2016	1530	1188	810	414	0	414	846	1224	1512	2142	2250	2826	3114	2934	3222	3834	3402	3618	3816	4212	3960	3456	3870	3708	3060	
1980	3528	3042	2664	2754	2358	1872	1458	1206	846	414	0	414	810	1188	1728	1908	2448	2790	2664	2988	3618	3240	3492	3726	4158	3960	3492	3960	3834	3204	
1980	3708	3258	2898	3060	2700	2214	1764	1602	1260	846	414	0	414	918	1314	1548	2088	2448	2412	2736	3366	3060	3348	3618	4086	3942	3510	4014	3942	3330	
1926	3816	3384	3060	3294	2952	2466	1998	1944	1620	1224	810	414	0	648	900	1152	1674	2052	2070	2430	3060	2826	3132	3420	3924	3816	3438	3996	3942	3366	
1368	3384	3006	2718	3060	2790	2340	1854	2016	1818	1512	1188	918	648	0	918	774	1332	1602	1494	1818	2448	2178	2484	2772	3276	3186	2844	3420	3420	2880	
2214	4284	3924	3636	3978	3690	3240	2754	2808	2520	2142	1728	1314	900	918	0	576	900	1332	1638	1998	2574	2574	2916	3258	3816	3834	3564	4176	4230	3744	
1800	3888	3564	3312	3726	3510	3078	2592	2790	2574	2250	1908	1548	1152	774	576	0	558	900	1062	1422	2016	1980	2340	2682	3240	3258	3042	3672	3762	3294	
2178	4248	3960	3762	4212	4014	3600	3132	3348	3150	2826	2448	2088	1674	1332	900	558	0	450	972	1278	1782	1962	2322	2682	3258	3366	3240	3888	4014	3636	
2178	4176	3942	3762	4284	4122	3744	3294	3582	3420	3114	2790	2448	2052	1602	1332	900	450	0	702	936	1350	1638	1998	2358	2934	3096	3024	3672	3870	3528	
1584	3510	3294	3168	3726	3600	3276	2862	3258	3150	2934	2664	2412	2070	1494	1638	1062	972	702	0	360	972	972	1350	1710	2286	2412	2322	2970	3168	2844	
1692	3456	3294	3204	3798	3726	3438	3042	3474	3420	3222	2988	2736	2430	1818	1998	1422	1278	936	360	0	630	684	1044	1422	1980	2160	2160	2808	3024	2790	
2160	3672	3600	3582	4194	4176	3942	3564	4050	4014	3834	3618	3366	3060	2448	2574	2016	1782	1350	972	630	0	738	936	1260	1764	2070	2232	2826	3132	3006	
1548	2934	2862	2862	3492	3492	3294	2952	3492	3510	3402	3240	3060	2826	2178	2574	1980	1962	1638	972	684	738	0	360	720	1296	1476	1530	2142	2412	2268	
1674	2790	2772	2826	3474	3528	3366	3078	3636	3708	3618	3492	3348	3132	2484	2916	2340	2322	1998	1350	1044	936	360	0	360	936	1152	1296	1890	2196	2142	
1818	2628	2682	2772	3420	3528	3420	3168	3780	3870	3816	3726	3618	3420	2772	3258	2682	2682	2358	1710	1422	1260	720	360	0	558	810	1080	1602	1944	1998	
2196	2502	2664	2826	3474	3654	3618	3438	4068	4212	4212	4158	4086	3924	3276	3816	3240	3258	2934	2286	1980	1764	1296	936	558	0	486	1008	1314	1728	1944	
1962	2016	2196	2394	3042	3240	3240	3096	3744	3924	3960	3960	3942	3816	3186	3834	3258	3366	3096	2412	2160	2070	1476	1152	810	486	0	576	846	1242	1476	
1512	1548	1656	1818	2466	2664	2664	2538	3204	3384	3456	3492	3510	3438	2844	3564	3042	3240	3024	2322	2160	2232	1530	1296	1080	1008	576	0	648	882	936	
2052	1260	1566	1854	2448	2718	2844	2826	3492	3726	3870	3960	4014	3996	3420	4176	3672	3888	3672	2970	2808	2826	2142	1890	1602	1314	846	648	0	414	900	
2034	846	1188	1530	2070	2376	2556	2610	3240	3528	3708	3834	3942	3942	3420	4230	3762	4014	3870	3168	3024	3132	2412	2196	1944	1728	1242	882	414	0	630	
1512	666	702	954	1548	1818	1926	1962	2610	2880	3060	3204	3330	3366	2880	3744	3294	3636	3528	2844	2790	3006	2268	2142	1998	1944	1476	936	900	630	0	
V3
0	1902	1623	1443	1935	1853	1607	1279	1787	1853	1836	1804	1804	1754	1246	2017	1640	1984	1984	1443	1541	1968	1410	1525	1656	2000	1787	1377	1869	1853	1377	
1902	0	442	820	1164	1525	1771	1935	2476	2771	3017	3214	3378	3476	3083	3903	3542	3870	3804	3198	3148	3345	2673	2542	2394	2279	1836	1410	1148	770	606	
1623	442	0	360	803	1098	1312	1492	2017	2328	2574	2771	2968	3083	2738	3575	3247	3608	3591	3001	3001	3280	2607	2525	2443	2427	2000	1508	1426	1082	639	
1443	820	360	0	590	787	951	1131	1656	1951	2214	2427	2640	2788	2476	3312	3017	3427	3427	2886	2919	3263	2607	2574	2525	2574	2181	1656	1689	1394	869	
1935	1164	803	590	0	410	803	1180	1525	1886	2214	2509	2788	3001	2788	3624	3394	3837	3903	3394	3460	3821	3181	3165	3116	3165	2771	2246	2230	1886	1410	
1853	1525	1098	787	410	0	442	852	1131	1492	1836	2148	2460	2689	2542	3362	3198	3657	3755	3280	3394	3804	3181	3214	3214	3329	2952	2427	2476	2164	1656	
1607	1771	1312	951	803	442	0	426	721	1082	1394	1705	2017	2246	2132	2952	2804	3280	3411	2984	3132	3591	3001	3066	3116	3296	2952	2427	2591	2328	1754	
1279	1935	1492	1131	1180	852	426	0	590	836	1082	1328	1607	1820	1689	2509	2361	2853	3001	2607	2771	3247	2689	2804	2886	3132	2820	2312	2574	2378	1787	
1787	2476	2017	1656	1525	1131	721	590	0	360	738	1098	1459	1771	1836	2558	2542	3050	3263	2968	3165	3690	3181	3312	3444	3706	3411	2919	3181	2952	2378	
1853	2771	2328	1951	1886	1492	1082	836	360	0	377	770	1148	1476	1656	2296	2345	2870	3116	2870	3116	3657	3198	3378	3526	3837	3575	3083	3394	3214	2624	
1836	3017	2574	2214	2214	1836	1394	1082	738	377	0	377	770	1115	1377	1951	2050	2574	2837	2673	2935	3493	3099	3296	3476	3837	3608	3148	3526	3378	2788	
1804	3214	2771	2427	2509	2148	1705	1328	1098	770	377	0	377	738	1082	1574	1738	2230	2542	2427	2722	3296	2952	3181	3394	3788	3608	3181	3608	3493	2919	
1804	3378	2968	2640	2788	2460	2017	1607	1459	1148	770	377	0	377	836	1197	1410	1902	2230	2197	2492	3066	2788	3050	3296	3722	3591	3198	3657	3591	3034	
1754	3476	3083	2788	3001	2689	2246	1820	1771	1476	1115	738	377	0	590	820	1049	1525	1869	1886	2214	2788	2574	2853	3116	3575	3476	3132	3640	3591	3066	
1246	3083	2738	2476	2788	2542	2132	1689	1836	1656	1377	1082	836	590	0	836	705	1213	1459	1361	1656	2230	1984	2263	2525	2984	2902	2591	3116	3116	2624	
2017	3903	3575	3312	3624	3362	2952	2509	2558	2296	1951	1574	1197	820	836	0	524	820	1213	1492	1820	2345	2345	2656	2968	3476	3493	3247	3804	3854	3411	
1640	3542	3247	3017	3394	3198	2804	2361	2542	2345	2050	1738	1410	1049	705	524	0	508	820	967	1295	1836	1804	2132	2443	2952	2968	2771	3345	3427	3001	
1984	3870	3608	3427	3837	3657	3280	2853	3050	2870	2574	2230	1902	1525	1213	820	508	0	410	885	1164	1623	1787	2115	2443	2968	3066	2952	3542	3657	3312	
1984	3804	3591	3427	3903	3755	3411	3001	3263	3116	2837	2542	2230	1869	1459	1213	820	410	0	639	852	1230	1492	1820	2148	2673	2820	2755	3345	3526	3214	
1443	3198	3001	2886	3394	3280	2984	2607	2968	2870	2673	2427	2197	1886	1361	1492	967	885	639	0	328	885	885	1230	1558	2082	2197	2115	2706	2886	2591	
1541	3148	3001	2919	3460	3394	3132	2771	3165	3116	2935	2722	2492	2214	1656	1820	1295	1164	852	328	0	574	623	951	1295	1804	1968	1968	2558	2755	2542	
1968	3345	3280	3263	3821	3804	3591	3247	3690	3657	3493	3296	3066	2788	2230	2345	1836	1623	1230	885	574	0	672	852	1148	1607	1886	2033	2574	2853	2738	
1410	2673	2607	2607	3181	3181	3001	2689	3181	3198	3099	2952	2788	2574	1984	2345	1804	1787	1492	885	623	672	0	328	656	1180	1344	1394	1951	2197	2066	
1525	2542	2525	2574	3165	3214	3066	2804	3312	3378	3296	3181	3050	2853	2263	2656	2132	2115	1820	1230	951	852	328	0	328	852	1049	1180	1722	2000	1951	
1656	2394	2443	2525	3116	3214	3116	2886	3444	3526	3476	3394	3296	3116	2525	2968	2443	2443	2148	1558	1295	1148	656	328	0	508	738	984	1459	1771	1820	
2000	2279	2427	2574	3165	3329	3296	3132	3706	3837	3837	3788	3722	3575	2984	3476	2952	2968	2673	2082	1804	1607	1180	852	508	0	442	918	1197	1574	1771	
1787	1836	2000	2181	2771	2952	2952	2820	3411	3575	3608	3608	3591	3476	2902	3493	2968	3066	2820	2197	1968	1886	1344	1049	738	442	0	524	770	1131	1344	
1377	1410	1508	1656	2246	2427	2427	2312	2919	3083	3148	3181	3198	3132	2591	3247	2771	2952	2755	2115	1968	2033	1394	1180	984	918	524	0	590	803	852	
1869	1148	1426	1689	2230	2476	2591	2574	3181	3394	3526	3608	3657	3640	3116	3804	3345	3542	3345	2706	2558	2574	1951	1722	1459	1197	770	590	0	377	820	
1853	770	1082	1394	1886	2164	2328	2378	2952	3214	3378	3493	3591	3591	3116	3854	3427	3657	3526	2886	2755	2853	2197	2000	1771	1574	1131	803	377	0	574	
1377	606	639	869	1410	1656	1754	1787	2378	2624	2788	2919	3034	3066	2624	3411	3001	3312	3214	2591	2542	2738	2066	1951	1820	1771	1344	852	820	574	0	
V4
0	1786	1524	1355	1817	1740	1509	1201	1678	1740	1724	1694	1694	1647	1170	1894	1540	1863	1863	1355	1447	1848	1324	1432	1555	1878	1678	1293	1755	1740	1293	
1786	0	415	770	1093	1432	1663	1817	2325	2602	2833	3018	3172	3264	2895	3665	3326	3634	3572	3003	2956	3141	2510	2387	2248	2140	1724	1324	1078	723	569	
1524	415	0	338	754	1031	1232	1401	1894	2186	2417	2602	2787	2895	2571	3357	3049	3388	3372	2818	2818	3080	2448	2371	2294	2279	1878	1416	1339	1016	600	
1355	770	338	0	554	739	893	1062	1555	1832	2079	2279	2479	2618	2325	3110	2833	3218	3218	2710	2741	3064	2448	2417	2371	2417	2048	1555	1586	1309	816	
1817	1093	754	554	0	385	754	1108	1432	1771	2079	2356	2618	2818	2618	3403	3187	3603	3665	3187	3249	3588	2987	2972	2926	2972	2602	2109	2094	1771	1324	
1740	1432	1031	739	385	0	415	800	1062	1401	1724	2017	2310	2525	2387	3157	3003	3434	3526	3080	3187	3572	2987	3018	3018	3126	2772	2279	2325	2032	1555	
1509	1663	1232	893	754	415	0	400	677	1016	1309	1601	1894	2109	2002	2772	2633	3080	3203	2802	2941	3372	2818	2879	2926	3095	2772	2279	2433	2186	1647	
1201	1817	1401	1062	1108	800	400	0	554	785	1016	1247	1509	1709	1586	2356	2217	2679	2818	2448	2602	3049	2525	2633	2710	2941	2648	2171	2417	2233	1678	
1678	2325	1894	1555	1432	1062	677	554	0	338	693	1031	1370	1663	1724	2402	2387	2864	3064	2787	2972	3465	2987	3110	3234	3480	3203	2741	2987	2772	2233	
1740	2602	2186	1832	1771	1401	1016	785	338	0	354	723	1078	1386	1555	2156	2202	2695	2926	2695	2926	3434	3003	3172	3311	3603	3357	2895	3187	3018	2464	
1724	2833	2417	2079	2079	1724	1309	1016	693	354	0	354	723	1047	1293	1832	1925	2417	2664	2510	2756	3280	2910	3095	3264	3603	3388	2956	3311	3172	2618	
1694	3018	2602	2279	2356	2017	1601	1247	1031	723	354	0	354	693	1016	1478	1632	2094	2387	2279	2556	3095	2772	2987	3187	3557	3388	2987	3388	3280	2741	
1694	3172	2787	2479	2618	2310	1894	1509	1370	1078	723	354	0	354	785	1124	1324	1786	2094	2063	2340	2879	2618	2864	3095	3495	3372	3003	3434	3372	2849	
1647	3264	2895	2618	2818	2525	2109	1709	1663	1386	1047	693	354	0	554	770	985	1432	1755	1771	2079	2618	2417	2679	2926	3357	3264	2941	3418	3372	2879	
1170	2895	2571	2325	2618	2387	2002	1586	1724	1555	1293	1016	785	554	0	785	662	1139	1370	1278	1555	2094	1863	2125	2371	2802	2725	2433	2926	2926	2464	
1894	3665	3357	3110	3403	3157	2772	2356	2402	2156	1832	1478	1124	770	785	0	492	770	1139	1401	1709	2202	2202	2494	2787	3264	3280	3049	3572	3619	3203	
1540	3326	3049	2833	3187	3003	2633	2217	2387	2202	1925	1632	1324	985	662	492	0	477	770	908	1216	1724	1694	2002	2294	2772	2787	2602	3141	3218	2818	
1863	3634	3388	3218	3603	3434	3080	2679	2864	2695	2417	2094	1786	1432	1139	770	477	0	385	831	1093	1524	1678	1986	2294	2787	2879	2772	3326	3434	3110	
1863	3572	3372	3218	3665	3526	3203	2818	3064	2926	2664	2387	2094	1755	1370	1139	770	385	0	600	800	1155	1401	1709	2017	2510	2648	2587	3141	3311	3018	
1355	3003	2818	2710	3187	3080	2802	2448	2787	2695	2510	2279	2063	1771	1278	1401	908	831	600	0	308	831	831	1155	1463	1955	2063	1986	2541	2710	2433	
1447	2956	2818	2741	3249	3187	2941	2602	2972	2926	2756	2556	2340	2079	1555	1709	1216	1093	800	308	0	539	585	893	1216	1694	1848	1848	2402	2587	2387	
1848	3141	3080	3064	3588	3572	3372	3049	3465	3434	3280	3095	2879	2618	2094	2202	1724	1524	1155	831	539	0	631	800	1078	1509	1771	1909	2417	2679	2571	
1324	2510	2448	2448	2987	2987	2818	2525	2987	3003	2910	2772	2618	2417	1863	2202	1694	1678	1401	831	585	631	0	308	616	1108	1262	1309	1832	2063	1940	
1432	2387	2371	2417	2972	3018	2879	2633	3110	3172	3095	2987	2864	2679	2125	2494	2002	1986	1709	1155	893	800	308	0	308	800	985	1108	1617	1878	1832	
1555	2248	2294	2371	2926	3018	2926	2710	3234	3311	3264	3187	3095	2926	2371	2787	2294	2294	2017	1463	1216	1078	616	308	0	477	693	924	1370	1663	1709	
1878	2140	2279	2417	2972	3126	3095	2941	3480	3603	3603	3557	3495	3357	2802	3264	2772	2787	2510	1955	1694	1509	1108	800	477	0	415	862	1124	1478	1663	
1678	1724	1878	2048	2602	2772	2772	2648	3203	3357	3388	3388	3372	3264	2725	3280	2787	2879	2648	2063	1848	1771	1262	985	693	415	0	492	723	1062	1262	
1293	1324	1416	1555	2109	2279	2279	2171	2741	2895	2956	2987	3003	2941	2433	3049	2602	2772	2587	1986	1848	1909	1309	1108	924	862	492	0	554	754	800	
1755	1078	1339	1586	2094	2325	2433	2417	2987	3187	3311	3388	3434	3418	2926	3572	3141	3326	3141	2541	2402	2417	1832	1617	1370	1124	723	554	0	354	770	
1740	723	1016	1309	1771	2032	2186	2233	2772	3018	3172	3280	3372	3372	2926	3619	3218	3434	3311	2710	2587	2679	2063	1878	1663	1478	1062	754	354	0	539	
1293	569	600	816	1324	1555	1647	1678	2233	2464	2618	2741	2849	2879	2464	3203	2818	3110	3018	2433	2387	2571	1940	1832	1709	1663	1262	800	770	539	0	
V5
0	1740	1485	1320	1770	1695	1470	1170	1635	1695	1680	1650	1650	1605	1140	1845	1500	1815	1815	1320	1410	1800	1290	1395	1515	1830	1635	1260	1710	1695	1260	
1740	0	405	750	1065	1395	1620	1770	2265	2535	2760	2940	3090	3180	2820	3570	3240	3540	3480	2925	2880	3060	2445	2325	2190	2085	1680	1290	1050	705	555	
1485	405	0	330	735	1005	1200	1365	1845	2130	2355	2535	2715	2820	2505	3270	2970	3300	3285	2745	2745	3000	2385	2310	2235	2220	1830	1380	1305	990	585	
1320	750	330	0	540	720	870	1035	1515	1785	2025	2220	2415	2550	2265	3030	2760	3135	3135	2640	2670	2985	2385	2355	2310	2355	1995	1515	1545	1275	795	
1770	1065	735	540	0	375	735	1080	1395	1725	2025	2295	2550	2745	2550	3315	3105	3510	3570	3105	3165	3495	2910	2895	2850	2895	2535	2055	2040	1725	1290	
1695	1395	1005	720	375	0	405	780	1035	1365	1680	1965	2250	2460	2325	3075	2925	3345	3435	3000	3105	3480	2910	2940	2940	3045	2700	2220	2265	1980	1515	
1470	1620	1200	870	735	405	0	390	660	990	1275	1560	1845	2055	1950	2700	2565	3000	3120	2730	2865	3285	2745	2805	2850	3015	2700	2220	2370	2130	1605	
1170	1770	1365	1035	1080	780	390	0	540	765	990	1215	1470	1665	1545	2295	2160	2610	2745	2385	2535	2970	2460	2565	2640	2865	2580	2115	2355	2175	1635	
1635	2265	1845	1515	1395	1035	660	540	0	330	675	1005	1335	1620	1680	2340	2325	2790	2985	2715	2895	3375	2910	3030	3150	3390	3120	2670	2910	2700	2175	
1695	2535	2130	1785	1725	1365	990	765	330	0	345	705	1050	1350	1515	2100	2145	2625	2850	2625	2850	3345	2925	3090	3225	3510	3270	2820	3105	2940	2400	
1680	2760	2355	2025	2025	1680	1275	990	675	345	0	345	705	1020	1260	1785	1875	2355	2595	2445	2685	3195	2835	3015	3180	3510	3300	2880	3225	3090	2550	
1650	2940	2535	2220	2295	1965	1560	1215	1005	705	345	0	345	675	990	1440	1590	2040	2325	2220	2490	3015	2700	2910	3105	3465	3300	2910	3300	3195	2670	
1650	3090	2715	2415	2550	2250	1845	1470	1335	1050	705	345	0	345	765	1095	1290	1740	2040	2010	2280	2805	2550	2790	3015	3405	3285	2925	3345	3285	2775	
1605	3180	2820	2550	2745	2460	2055	1665	1620	1350	1020	675	345	0	540	750	960	1395	1710	1725	2025	2550	2355	2610	2850	3270	3180	2865	3330	3285	2805	
1140	2820	2505	2265	2550	2325	1950	1545	1680	1515	1260	990	765	540	0	765	645	1110	1335	1245	1515	2040	1815	2070	2310	2730	2655	2370	2850	2850	2400	
1845	3570	3270	3030	3315	3075	2700	2295	2340	2100	1785	1440	1095	750	765	0	480	750	1110	1365	1665	2145	2145	2430	2715	3180	3195	2970	3480	3525	3120	
1500	3240	2970	2760	3105	2925	2565	2160	2325	2145	1875	1590	1290	960	645	480	0	465	750	885	1185	1680	1650	1950	2235	2700	2715	2535	3060	3135	2745	
1815	3540	3300	3135	3510	3345	3000	2610	2790	2625	2355	2040	1740	1395	1110	750	465	0	375	810	1065	1485	1635	1935	2235	2715	2805	2700	3240	3345	3030	
1815	3480	3285	3135	3570	3435	3120	2745	2985	2850	2595	2325	2040	1710	1335	1110	750	375	0	585	780	1125	1365	1665	1965	2445	2580	2520	3060	3225	2940	
1320	2925	2745	2640	3105	3000	2730	2385	2715	2625	2445	2220	2010	1725	1245	1365	885	810	585	0	300	810	810	1125	1425	1905	2010	1935	2475	2640	2370	
1410	2880	2745	2670	3165	3105	2865	2535	2895	2850	2685	2490	2280	2025	1515	1665	1185	1065	780	300	0	525	570	870	1185	1650	1800	1800	2340	2520	2325	
1800	3060	3000	2985	3495	3480	3285	2970	3375	3345	3195	3015	2805	2550	2040	2145	1680	1485	1125	810	525	0	615	780	1050	1470	1725	1860	2355	2610	2505	
1290	2445	2385	2385	2910	2910	2745	2460	2910	2925	2835	2700	2550	2355	1815	2145	1650	1635	1365	810	570	615	0	300	600	1080	1230	1275	1785	2010	1890	
1395	2325	2310	2355	2895	2940	2805	2565	3030	3090	3015	2910	2790	2610	2070	2430	1950	1935	1665	1125	870	780	300	0	300	780	960	1080	1575	1830	1785	
1515	2190	2235	2310	2850	2940	2850	2640	3150	3225	3180	3105	3015	2850	2310	2715	2235	2235	1965	1425	1185	1050	600	300	0	465	675	900	1335	1620	1665	
1830	2085	2220	2355	2895	3045	3015	2865	3390	3510	3510	3465	3405	3270	2730	3180	2700	2715	2445	1905	1650	1470	1080	780	465	0	405	840	1095	1440	1620	
1635	1680	1830	1995	2535	2700	2700	2580	3120	3270	3300	3300	3285	3180	2655	3195	2715	2805	2580	2010	1800	1725	1230	960	675	405	0	480	705	1035	1230	
1260	1290	1380	1515	2055	2220	2220	2115	2670	2820	2880	2910	2925	2865	2370	2970	2535	2700	2520	1935	1800	1860	1275	1080	900	840	480	0	540	735	780	
1710	1050	1305	1545	2040	2265	2370	2355	2910	3105	3225	3300	3345	3330	2850	3480	3060	3240	3060	2475	2340	2355	1785	1575	1335	1095	705	540	0	345	750	
1695	705	990	1275	1725	1980	2130	2175	2700	2940	3090	3195	3285	3285	2850	3525	3135	3345	3225	2640	2520	2610	2010	1830	1620	1440	1035	735	345	0	525	
1260	555	585	795	1290	1515	1605	1635	2175	2400	2550	2670	2775	2805	2400	3120	2745	3030	2940	2370	2325	2505	1890	1785	1665	1620	1230	780	750	525	0	
V6
0	1276	1089	968	1298	1243	1078	858	1199	1243	1232	1210	1210	1177	836	1353	1100	1331	1331	968	1034	1320	946	1023	1111	1342	1199	924	1254	1243	924	
1276	0	297	550	781	1023	1188	1298	1661	1859	2024	2156	2266	2332	2068	2618	2376	2596	2552	2145	2112	2244	1793	1705	1606	1529	1232	946	770	517	407	
1089	297	0	242	539	737	880	1001	1353	1562	1727	1859	1991	2068	1837	2398	2178	2420	2409	2013	2013	2200	1749	1694	1639	1628	1342	1012	957	726	429	
968	550	242	0	396	528	638	759	1111	1309	1485	1628	1771	1870	1661	2222	2024	2299	2299	1936	1958	2189	1749	1727	1694	1727	1463	1111	1133	935	583	
1298	781	539	396	0	275	539	792	1023	1265	1485	1683	1870	2013	1870	2431	2277	2574	2618	2277	2321	2563	2134	2123	2090	2123	1859	1507	1496	1265	946	
1243	1023	737	528	275	0	297	572	759	1001	1232	1441	1650	1804	1705	2255	2145	2453	2519	2200	2277	2552	2134	2156	2156	2233	1980	1628	1661	1452	1111	
1078	1188	880	638	539	297	0	286	484	726	935	1144	1353	1507	1430	1980	1881	2200	2288	2002	2101	2409	2013	2057	2090	2211	1980	1628	1738	1562	1177	
858	1298	1001	759	792	572	286	0	396	561	726	891	1078	1221	1133	1683	1584	1914	2013	1749	1859	2178	1804	1881	1936	2101	1892	1551	1727	1595	1199	
1199	1661	1353	1111	1023	759	484	396	0	242	495	737	979	1188	1232	1716	1705	2046	2189	1991	2123	2475	2134	2222	2310	2486	2288	1958	2134	1980	1595	
1243	1859	1562	1309	1265	1001	726	561	242	0	253	517	770	990	1111	1540	1573	1925	2090	1925	2090	2453	2145	2266	2365	2574	2398	2068	2277	2156	1760	
1232	2024	1727	1485	1485	1232	935	726	495	253	0	253	517	748	924	1309	1375	1727	1903	1793	1969	2343	2079	2211	2332	2574	2420	2112	2365	2266	1870	
1210	2156	1859	1628	1683	1441	1144	891	737	517	253	0	253	495	726	1056	1166	1496	1705	1628	1826	2211	1980	2134	2277	2541	2420	2134	2420	2343	1958	
1210	2266	1991	1771	1870	1650	1353	1078	979	770	517	253	0	253	561	803	946	1276	1496	1474	1672	2057	1870	2046	2211	2497	2409	2145	2453	2409	2035	
1177	2332	2068	1870	2013	1804	1507	1221	1188	990	748	495	253	0	396	550	704	1023	1254	1265	1485	1870	1727	1914	2090	2398	2332	2101	2442	2409	2057	
836	2068	1837	1661	1870	1705	1430	1133	1232	1111	924	726	561	396	0	561	473	814	979	913	1111	1496	1331	1518	1694	2002	1947	1738	2090	2090	1760	
1353	2618	2398	2222	2431	2255	1980	1683	1716	1540	1309	1056	803	550	561	0	352	550	814	1001	1221	1573	1573	1782	1991	2332	2343	2178	2552	2585	2288	
1100	2376	2178	2024	2277	2145	1881	1584	1705	1573	1375	1166	946	704	473	352	0	341	550	649	869	1232	1210	1430	1639	1980	1991	1859	2244	2299	2013	
1331	2596	2420	2299	2574	2453	2200	1914	2046	1925	1727	1496	1276	1023	814	550	341	0	275	594	781	1089	1199	1419	1639	1991	2057	1980	2376	2453	2222	
1331	2552	2409	2299	2618	2519	2288	2013	2189	2090	1903	1705	1496	1254	979	814	550	275	0	429	572	825	1001	1221	1441	1793	1892	1848	2244	2365	2156	
968	2145	2013	1936	2277	2200	2002	1749	1991	1925	1793	1628	1474	1265	913	1001	649	594	429	0	220	594	594	825	1045	1397	1474	1419	1815	1936	1738	
1034	2112	2013	1958	2321	2277	2101	1859	2123	2090	1969	1826	1672	1485	1111	1221	869	781	572	220	0	385	418	638	869	1210	1320	1320	1716	1848	1705	
1320	2244	2200	2189	2563	2552	2409	2178	2475	2453	2343	2211	2057	1870	1496	1573	1232	1089	825	594	385	0	451	572	770	1078	1265	1364	1727	1914	1837	
