M: 2
N: 30
Nun_Veiculos: 15
Capacidade_Total: 1327
Demanda_Total: 652
Setup_Min: 1
Setup_Max: 9
Raio: 100
Circulos: 1
Tempo_Processamento_Min: 1
Tempo_Processamento_Max: 49
Demanda_Min: 10
Demanda_Max: 30
Priority_Factor: 0.2
Range_Factor_R: 0.8
U_factor: 2
ALpha: 0.2Replicao: 4
Tempos_Processamentos
0	0	1	0	
0	21	1	26	
0	31	1	30	
0	40	1	38	
0	12	1	48	
0	41	1	40	
0	13	1	42	
0	9	1	23	
0	12	1	6	
0	35	1	10	
0	46	1	17	
0	34	1	33	
0	23	1	40	
0	3	1	1	
0	10	1	31	
0	42	1	33	
0	30	1	22	
0	26	1	40	
0	39	1	11	
0	10	1	27	
0	5	1	36	
0	36	1	29	
0	38	1	16	
0	22	1	13	
0	33	1	27	
0	4	1	29	
0	4	1	25	
0	4	1	47	
0	35	1	29	
0	3	1	27	
0	37	1	19	

Tempos_setup
M0
0	0	0	0	0	0	0	0	0	0	0	0	0	0	0	0	0	0	0	0	0	0	0	0	0	0	0	0	0	0	0	
0	0	2	3	3	2	2	2	1	1	2	3	1	2	3	3	2	2	3	3	3	3	3	2	3	2	2	2	3	2	2	
0	3	0	4	3	3	3	2	4	3	3	3	4	2	3	2	3	3	2	1	2	2	3	2	4	3	2	3	2	1	2	
0	3	3	0	1	3	3	3	3	3	2	3	3	1	3	2	3	2	2	4	3	2	1	3	4	3	2	2	2	1	3	
0	3	3	3	0	2	3	2	2	3	2	3	4	2	2	3	3	3	2	3	3	1	2	3	4	2	1	2	3	3	2	
0	2	3	3	2	0	2	3	3	3	3	3	2	2	4	4	3	3	3	4	4	3	2	1	4	4	3	1	3	3	2	
0	3	4	4	1	1	0	3	3	2	2	3	2	3	3	3	3	3	1	3	2	1	3	2	4	3	2	2	3	3	2	
0	3	2	3	2	2	1	0	3	3	1	2	3	3	2	2	4	1	2	2	2	2	3	1	3	2	3	3	1	3	3	
0	3	3	2	3	1	2	1	0	4	2	3	2	1	3	2	1	2	3	2	2	3	2	2	4	1	3	2	2	1	3	
0	3	3	4	3	2	3	3	4	0	3	2	2	3	3	2	1	3	3	2	3	3	2	1	2	4	3	3	2	1	1	
0	3	3	4	3	3	4	4	4	3	0	3	4	3	5	1	4	2	3	3	4	2	2	4	2	4	4	3	4	3	3	
0	2	3	3	3	3	3	2	3	2	1	0	3	1	2	1	2	2	3	2	3	3	3	2	1	2	2	3	2	3	1	
0	2	2	4	2	2	1	3	3	3	1	2	0	1	2	2	3	1	2	3	3	2	2	3	2	4	2	1	4	3	2	
0	4	4	4	3	3	2	4	5	3	3	4	2	0	4	4	2	3	3	3	4	3	3	4	4	3	3	3	5	4	3	
0	2	3	4	2	3	2	2	3	3	2	3	3	2	0	2	3	3	2	1	2	2	2	3	4	3	1	1	2	3	2	
0	3	2	4	2	3	3	4	3	4	3	2	3	3	4	0	4	1	3	3	3	2	3	4	3	3	3	2	4	3	3	
0	3	2	3	2	1	2	3	3	3	2	3	1	2	2	3	0	2	2	1	3	2	1	2	3	4	2	2	3	2	2	
0	3	1	4	1	3	3	3	3	3	2	1	2	2	3	2	3	0	3	2	3	2	3	3	2	3	2	3	3	2	2	
0	3	3	3	4	3	3	3	4	4	3	2	2	3	4	3	2	3	0	3	4	4	3	1	3	4	4	3	4	3	1	
0	2	3	4	2	2	3	2	3	2	2	2	3	1	4	3	2	3	1	0	2	1	3	2	3	3	1	2	3	2	1	
0	3	4	2	2	2	3	4	3	3	2	4	4	2	3	2	3	3	2	3	0	1	1	3	4	1	3	2	2	1	3	
0	2	3	4	3	1	2	3	3	2	3	3	3	2	3	4	3	2	1	2	3	0	2	2	4	4	3	1	2	3	2	
0	3	3	4	1	3	3	3	2	4	1	3	3	1	3	2	3	3	2	4	3	2	0	3	3	3	2	3	2	1	2	
0	2	2	4	4	4	3	2	3	3	2	4	3	3	4	3	3	3	4	3	4	4	3	0	4	3	4	4	3	3	4	
0	1	3	2	3	3	3	2	2	1	2	3	2	3	4	3	2	3	3	3	2	3	3	2	0	3	3	3	3	2	2	
0	4	4	1	2	3	4	4	4	4	3	4	3	2	4	3	2	3	3	2	4	3	2	4	5	0	3	3	3	2	3	
0	4	2	4	1	3	2	1	3	4	1	3	4	3	3	2	4	2	3	3	3	2	2	2	3	3	0	3	2	2	3	
0	1	3	4	2	2	1	3	2	2	2	2	2	1	4	3	2	3	2	3	3	2	1	3	3	3	3	0	3	2	1	
0	3	3	3	3	2	3	3	4	4	2	4	4	3	1	3	4	4	3	2	1	2	2	1	4	2	2	2	0	2	3	
0	2	3	4	3	3	3	3	3	3	3	3	3	3	2	1	3	2	4	3	2	3	3	2	4	3	2	2	1	0	3	
0	2	3	4	3	2	3	3	3	3	2	1	2	2	3	2	1	3	3	2	4	3	2	3	2	3	3	3	3	2	0	
M1
0	0	0	0	0	0	0	0	0	0	0	0	0	0	0	0	0	0	0	0	0	0	0	0	0	0	0	0	0	0	0	
0	0	2	2	4	2	3	2	3	2	3	1	1	3	3	2	2	2	1	2	2	2	3	1	3	1	2	1	2	2	1	
0	3	0	3	3	3	3	4	3	2	2	1	3	3	3	3	2	3	1	2	2	3	3	3	3	3	3	2	1	2	4	
0	2	2	0	3	2	4	1	3	3	3	2	1	3	1	2	3	2	3	3	1	3	3	2	1	2	3	2	3	3	2	
0	2	3	2	0	3	3	3	2	3	2	2	2	2	1	3	1	3	3	1	1	1	3	2	3	2	2	3	3	2	3	
0	1	1	3	3	0	4	3	1	3	3	2	1	2	3	3	3	2	2	3	3	3	2	2	3	2	2	1	1	2	2	
0	3	4	3	4	4	0	4	5	3	5	3	4	3	4	2	2	5	4	4	3	4	3	3	3	3	4	3	4	4	3	
0	3	1	1	3	2	3	0	3	3	3	1	2	2	1	2	2	3	2	2	2	2	3	2	2	1	3	1	2	3	1	
0	3	3	3	3	2	4	4	0	3	2	3	3	3	3	4	3	1	3	2	2	4	3	2	3	4	2	2	1	2	4	
0	2	2	2	3	2	1	3	3	0	3	1	3	3	3	2	1	3	3	2	3	3	3	3	3	1	4	1	1	2	2	
0	3	2	2	3	3	3	3	1	2	0	1	2	3	3	3	2	2	2	2	3	4	3	1	3	3	2	2	2	2	3	
0	2	1	2	3	3	3	3	3	3	2	0	3	2	3	3	1	2	2	1	2	3	4	3	3	2	3	1	2	2	3	
0	2	2	3	3	1	3	2	2	3	2	1	0	2	3	2	2	1	2	2	3	2	3	2	3	3	2	2	2	3	1	
0	2	3	3	1	2	3	3	3	3	3	2	1	0	2	1	2	2	2	2	2	2	2	1	2	2	2	3	3	2	2	
0	3	2	3	4	3	3	4	3	3	3	1	2	3	0	3	2	3	2	2	3	2	3	1	3	2	2	2	3	2	3	
0	2	3	2	2	3	2	3	3	3	3	2	2	2	3	0	2	3	2	3	3	3	1	1	1	3	2	2	2	2	3	
0	1	2	1	3	2	4	2	3	3	3	1	2	2	2	2	0	3	2	2	2	2	3	2	2	1	3	2	2	3	2	
0	2	2	3	2	1	3	3	2	2	1	2	2	2	2	3	2	0	3	1	2	3	2	2	3	3	1	1	2	2	3	
0	3	2	3	3	3	2	3	3	1	2	2	3	2	2	3	2	4	0	3	1	2	4	3	4	2	4	2	2	3	3	
0	3	3	3	2	3	2	2	2	2	1	2	2	1	2	2	3	3	2	0	1	3	3	2	2	3	3	2	3	1	3	
0	3	2	3	2	3	4	4	3	3	3	1	3	3	1	3	2	3	3	2	0	2	4	2	4	2	3	2	3	3	3	
0	1	3	3	3	2	3	3	1	3	2	2	1	2	2	3	3	2	2	1	1	0	4	2	3	2	3	2	2	2	2	
0	2	3	1	1	3	3	2	2	3	2	2	2	1	2	1	1	3	3	2	2	2	0	2	2	2	3	3	1	2	3	
0	3	2	2	3	2	2	3	2	2	3	1	1	2	2	3	2	2	1	2	2	3	2	0	2	3	1	2	3	1	2	
0	1	3	3	3	3	3	3	3	2	3	2	2	3	4	1	3	3	2	2	3	2	2	2	0	2	3	2	3	3	2	
0	2	2	1	3	1	3	2	2	4	3	3	2	3	2	1	2	3	3	3	2	2	2	2	2	0	3	2	1	2	1	
0	3	3	2	2	2	2	3	2	1	2	2	3	2	1	2	2	1	2	2	3	3	1	2	3	2	0	2	2	3	3	
0	3	2	3	4	2	4	4	3	3	3	3	2	4	4	2	2	3	3	4	3	4	3	3	3	3	3	0	3	4	3	
0	2	4	3	2	3	4	3	3	3	3	3	2	2	2	3	2	3	2	2	3	3	4	3	2	3	4	2	0	1	3	
0	2	3	4	2	2	3	3	2	2	2	2	1	1	3	2	3	2	1	1	2	3	3	2	1	3	3	1	3	0	2	
0	2	2	2	3	3	2	1	2	4	3	2	2	3	2	1	2	3	3	2	2	1	2	2	2	2	3	2	3	2	0	
Tamanho_Tarefas
0	21	30	39	27	40	26	13	6	20	29	33	24	2	17	36	22	28	18	18	14	31	16	14	30	11	6	18	32	8	23	
Data_Entrega
0	384	387	347	398	294	355	413	325	265	406	446	313	354	320	275	434	372	402	323	263	313	445	411	367	260	342	413	389	399	333	
Penalidade_Atraso
0	1	9	12	11	2	14	12	9	4	12	17	20	8	9	5	7	8	14	18	2	8	19	19	8	7	16	20	16	19	19	
Capacidade_Veiculo
103	102	67	91	71	86	62	108	67	118	119	58	93	76	106	
Custo_Fixo_Veiculo
1030	1020	670	910	710	860	620	1080	670	1180	1190	580	930	760	1060	
Coordenadas_Clientes
x	0	y	0
x	80	y	0
x	108	y	23
x	96	y	43
x	79	y	57
x	50	y	56
x	53	y	92
x	35	y	108
x	12	y	118
x	-7	y	74
x	-38	y	116
x	-50	y	87
x	-51	y	57
x	-67	y	49
x	-84	y	37
x	-95	y	20
x	-121	y	0
x	-111	y	-23
x	-101	y	-45
x	-87	y	-63
x	-51	y	-57
x	-54	y	-95
x	-30	y	-93
x	-11	y	-109
x	8	y	-85
x	27	y	-85
x	53	y	-91
x	81	y	-90
x	92	y	-67
x	101	y	-45
x	97	y	-20
Tempo_Viagem
0	80	110	105	97	75	106	113	118	74	122	100	76	83	91	97	121	113	110	107	76	109	97	109	85	89	105	121	113	110	99	
80	0	36	45	57	63	95	117	135	114	165	156	142	154	168	176	201	192	186	178	142	164	144	141	111	100	94	90	68	49	26	
110	36	0	23	44	66	87	111	134	125	172	169	162	176	192	203	230	223	219	213	177	200	180	177	147	135	126	115	91	68	44	
105	45	23	0	22	47	65	89	112	106	152	150	147	163	180	192	221	217	215	211	177	203	185	185	155	145	139	133	110	88	63	
97	57	44	22	0	29	43	67	90	87	131	131	130	146	164	177	207	206	206	204	172	201	185	188	158	151	150	147	124	104	79	
75	63	66	47	29	0	36	54	72	59	106	103	101	117	135	149	179	179	181	181	151	183	169	175	147	142	147	149	129	112	89	
106	95	87	65	43	36	0	24	48	62	94	103	109	126	146	164	196	200	206	208	181	215	202	210	182	178	183	184	163	144	120	
113	117	111	89	67	54	24	0	25	54	73	87	99	116	136	156	188	196	204	210	186	221	210	221	194	193	199	203	183	166	142	
118	135	134	112	90	72	48	25	0	47	50	69	87	104	124	144	176	187	198	205	185	222	215	227	203	203	212	219	201	184	161	
74	114	125	106	87	59	62	54	47	0	52	44	47	64	84	103	135	142	151	158	138	175	168	183	159	162	175	186	172	160	140	
122	165	172	152	131	106	94	73	50	52	0	31	60	72	91	111	142	156	171	185	173	211	209	226	206	211	226	237	224	212	191	
100	156	169	150	131	103	103	87	69	44	31	0	30	41	60	80	112	125	140	154	144	182	181	199	181	188	205	220	209	200	181	
76	142	162	147	130	101	109	99	87	47	60	30	0	17	37	57	89	100	113	125	114	152	151	170	153	162	180	197	189	183	166	
83	154	176	163	146	117	126	116	104	64	72	41	17	0	20	40	72	84	99	113	107	144	146	167	153	163	184	203	196	192	177	
91	168	192	180	164	135	146	136	124	84	91	60	37	20	0	20	52	65	83	100	99	135	140	163	152	164	187	208	204	201	189	
97	176	203	192	177	149	164	156	144	103	111	80	57	40	20	0	32	45	65	83	88	122	129	153	147	160	185	207	206	206	196	
121	201	230	221	207	179	196	188	176	135	142	112	89	72	52	32	0	25	49	71	90	116	130	154	154	170	196	221	223	226	218	
113	192	223	217	206	179	200	196	187	142	156	125	100	84	65	45	25	0	24	46	68	91	107	131	133	150	176	203	207	213	208	
110	186	219	215	206	181	206	204	198	151	171	140	113	99	83	65	49	24	0	22	51	67	85	109	116	133	159	187	194	202	199	
107	178	213	211	204	181	208	210	205	158	185	154	125	113	100	83	71	46	22	0	36	45	64	88	97	116	142	170	179	188	188	
76	142	177	177	172	151	181	186	185	138	173	144	114	107	99	88	90	68	51	36	0	38	41	65	65	82	108	136	143	152	152	
109	164	200	203	201	183	215	221	222	175	211	182	152	144	135	122	116	91	67	45	38	0	24	45	62	81	107	135	147	162	168	
97	144	180	185	185	169	202	210	215	168	209	181	151	146	140	129	130	107	85	64	41	24	0	24	38	57	83	111	123	139	146	
109	141	177	185	188	175	210	221	227	183	226	199	170	167	163	153	154	131	109	88	65	45	24	0	30	44	66	93	111	128	139	
85	111	147	155	158	147	182	194	203	159	206	181	153	153	152	147	154	133	116	97	65	62	38	30	0	19	45	73	85	101	110	
89	100	135	145	151	142	178	193	203	162	211	188	162	163	164	160	170	150	133	116	82	81	57	44	19	0	26	54	67	84	95	
105	94	126	139	150	147	183	199	212	175	226	205	180	184	187	185	196	176	159	142	108	107	83	66	45	26	0	28	45	66	83	
121	90	115	133	147	149	184	203	219	186	237	220	197	203	208	207	221	203	187	170	136	135	111	93	73	54	28	0	25	48	71	
113	68	91	110	124	129	163	183	201	172	224	209	189	196	204	206	223	207	194	179	143	147	123	111	85	67	45	25	0	23	47	
110	49	68	88	104	112	144	166	184	160	212	200	183	192	201	206	226	213	202	188	152	162	139	128	101	84	66	48	23	0	25	
99	26	44	63	79	89	120	142	161	140	191	181	166	177	189	196	218	208	199	188	152	168	146	139	110	95	83	71	47	25	0	
Custo_Viagem
V0
0	1648	2266	2163	1998	1545	2183	2327	2430	1524	2513	2060	1565	1709	1874	1998	2492	2327	2266	2204	1565	2245	1998	2245	1751	1833	2163	2492	2327	2266	2039	
1648	0	741	927	1174	1297	1957	2410	2801	2348	3399	3213	2925	3172	3460	3625	4140	3955	3831	3666	2925	3378	2966	2904	2286	2060	1936	1854	1400	1009	535	
2266	741	0	473	906	1359	1812	2307	2781	2575	3563	3502	3337	3625	3955	4181	4738	4593	4511	4387	3646	4120	3708	3646	3028	2781	2595	2389	1874	1400	906	
2163	927	473	0	453	968	1339	1833	2307	2204	3131	3131	3028	3357	3708	3955	4552	4470	4429	4346	3646	4181	3811	3811	3193	2987	2884	2739	2266	1812	1297	
1998	1174	906	453	0	597	885	1380	1854	1792	2698	2719	2678	3007	3378	3646	4264	4243	4243	4202	3543	4140	3811	3872	3254	3110	3090	3028	2554	2142	1627	
1545	1297	1359	968	597	0	741	1112	1483	1215	2183	2142	2080	2410	2781	3069	3687	3687	3728	3728	3110	3769	3481	3605	3028	2925	3028	3069	2657	2327	1833	
2183	1957	1812	1339	885	741	0	494	988	1277	1936	2121	2245	2616	3028	3378	4037	4120	4243	4284	3728	4429	4161	4326	3749	3666	3769	3790	3357	2987	2472	
2327	2410	2307	1833	1380	1112	494	0	515	1112	1503	1792	2039	2410	2842	3213	3893	4037	4202	4326	3831	4552	4346	4552	3996	3975	4099	4181	3790	3419	2925	
2430	2801	2781	2307	1854	1483	988	515	0	968	1030	1421	1792	2142	2575	2987	3646	3852	4078	4243	3811	4573	4429	4696	4181	4181	4367	4511	4140	3811	3337	
1524	2348	2575	2204	1792	1215	1277	1112	968	0	1071	906	968	1339	1751	2121	2781	2925	3110	3254	2842	3605	3460	3769	3275	3337	3605	3831	3543	3296	2884	
2513	3399	3563	3131	2698	2183	1936	1503	1030	1071	0	638	1236	1503	1874	2286	2925	3234	3543	3811	3563	4346	4305	4655	4243	4346	4655	4882	4614	4367	3934	
2060	3213	3502	3131	2719	2142	2121	1792	1421	906	638	0	618	844	1236	1648	2307	2575	2904	3172	2966	3749	3728	4099	3728	3872	4223	4532	4305	4120	3728	
1565	2925	3337	3028	2678	2080	2245	2039	1792	968	1236	618	0	350	782	1174	1854	2060	2327	2575	2348	3131	3110	3502	3151	3337	3708	4058	3893	3769	3419	
1709	3172	3625	3357	3007	2410	2616	2410	2142	1339	1503	844	350	0	412	824	1483	1730	2039	2327	2204	2966	3007	3440	3151	3357	3790	4181	4037	3955	3646	
1874	3460	3955	3708	3378	2781	3028	2842	2575	1751	1874	1236	782	412	0	412	1071	1339	1709	2060	2039	2781	2884	3357	3131	3378	3852	4284	4202	4161	3893	
1998	3625	4181	3955	3646	3069	3378	3213	2987	2121	2286	1648	1174	824	412	0	659	927	1339	1709	1812	2513	2678	3151	3028	3296	3811	4264	4243	4243	4037	
2492	4140	4738	4552	4264	3687	4037	3893	3646	2781	2925	2307	1854	1483	1071	659	0	515	1009	1462	1854	2389	2678	3172	3172	3502	4037	4552	4593	4655	4490	
2327	3955	4593	4470	4243	3687	4120	4037	3852	2925	3234	2575	2060	1730	1339	927	515	0	494	947	1400	1874	2204	2698	2760	3110	3646	4181	4264	4387	4284	
2266	3831	4511	4429	4243	3728	4243	4202	4078	3110	3543	2904	2327	2039	1709	1339	1009	494	0	453	1050	1400	1751	2266	2389	2760	3296	3852	3996	4161	4099	
2204	3666	4387	4346	4202	3728	4284	4326	4243	3254	3811	3172	2575	2327	2060	1709	1462	947	453	0	741	927	1318	1812	1998	2389	2925	3502	3687	3872	3872	
1565	2925	3646	3646	3543	3110	3728	3831	3811	2842	3563	2966	2348	2204	2039	1812	1854	1400	1050	741	0	782	844	1339	1339	1689	2245	2801	2945	3131	3131	
2245	3378	4120	4181	4140	3769	4429	4552	4573	3605	4346	3749	3131	2966	2781	2513	2389	1874	1400	927	782	0	494	927	1277	1668	2204	2781	3048	3337	3460	
1998	2966	3708	3811	3811	3481	4161	4346	4429	3460	4305	3728	3110	3007	2884	2678	2678	2204	1751	1318	844	494	0	494	782	1174	1709	2286	2554	2863	3007	
2245	2904	3646	3811	3872	3605	4326	4552	4696	3769	4655	4099	3502	3440	3357	3151	3172	2698	2266	1812	1339	927	494	0	618	906	1359	1915	2286	2636	2863	
1751	2286	3028	3193	3254	3028	3749	3996	4181	3275	4243	3728	3151	3151	3131	3028	3172	2760	2389	1998	1339	1277	782	618	0	391	927	1503	1751	2080	2266	
1833	2060	2781	2987	3110	2925	3666	3975	4181	3337	4346	3872	3337	3357	3378	3296	3502	3110	2760	2389	1689	1668	1174	906	391	0	535	1112	1380	1730	1957	
2163	1936	2595	2884	3090	3028	3769	4099	4367	3605	4655	4223	3708	3790	3852	3811	4037	3646	3296	2925	2245	2204	1709	1359	927	535	0	576	927	1359	1709	
2492	1854	2389	2739	3028	3069	3790	4181	4511	3831	4882	4532	4058	4181	4284	4264	4552	4181	3852	3502	2801	2781	2286	1915	1503	1112	576	0	515	1009	1462	
2327	1400	1874	2266	2554	2657	3357	3790	4140	3543	4614	4305	3893	4037	4202	4243	4593	4264	3996	3687	2945	3048	2554	2286	1751	1380	927	515	0	473	968	
2266	1009	1400	1812	2142	2327	2987	3419	3811	3296	4367	4120	3769	3955	4161	4243	4655	4387	4161	3872	3131	3337	2863	2636	2080	1730	1359	1009	473	0	515	
2039	535	906	1297	1627	1833	2472	2925	3337	2884	3934	3728	3419	3646	3893	4037	4490	4284	4099	3872	3131	3460	3007	2863	2266	1957	1709	1462	968	515	0	
V1
0	1632	2244	2142	1978	1530	2162	2305	2407	1509	2488	2040	1550	1693	1856	1978	2468	2305	2244	2182	1550	2223	1978	2223	1734	1815	2142	2468	2305	2244	2019	
1632	0	734	918	1162	1285	1938	2386	2774	2325	3366	3182	2896	3141	3427	3590	4100	3916	3794	3631	2896	3345	2937	2876	2264	2040	1917	1836	1387	999	530	
2244	734	0	469	897	1346	1795	2284	2754	2550	3529	3468	3304	3590	3916	4141	4692	4549	4467	4345	3610	4080	3672	3610	2998	2754	2570	2366	1856	1387	897	
2142	918	469	0	448	958	1326	1815	2284	2182	3100	3100	2998	3325	3672	3916	4508	4426	4386	4304	3610	4141	3774	3774	3162	2958	2856	2713	2244	1795	1285	
1978	1162	897	448	0	591	877	1366	1836	1774	2672	2692	2652	2978	3345	3610	4222	4202	4202	4161	3508	4100	3774	3835	3223	3080	3060	2998	2529	2121	1611	
1530	1285	1346	958	591	0	734	1101	1468	1203	2162	2121	2060	2386	2754	3039	3651	3651	3692	3692	3080	3733	3447	3570	2998	2896	2998	3039	2631	2305	1815	
2162	1938	1795	1326	877	734	0	489	979	1264	1917	2101	2223	2590	2998	3345	3998	4080	4202	4243	3692	4386	4120	4284	3712	3631	3733	3753	3325	2958	2448	
2305	2386	2284	1815	1366	1101	489	0	510	1101	1489	1774	2019	2386	2815	3182	3855	3998	4161	4284	3794	4508	4304	4508	3957	3937	4059	4141	3753	3386	2896	
2407	2774	2754	2284	1836	1468	979	510	0	958	1020	1407	1774	2121	2550	2958	3610	3814	4039	4202	3774	4528	4386	4651	4141	4141	4324	4467	4100	3774	3304	
1509	2325	2550	2182	1774	1203	1264	1101	958	0	1060	897	958	1326	1734	2101	2754	2896	3080	3223	2815	3570	3427	3733	3243	3304	3570	3794	3508	3264	2856	
2488	3366	3529	3100	2672	2162	1917	1489	1020	1060	0	632	1224	1489	1856	2264	2896	3202	3508	3774	3529	4304	4263	4610	4202	4304	4610	4834	4569	4324	3896	
2040	3182	3468	3100	2692	2121	2101	1774	1407	897	632	0	612	836	1224	1632	2284	2550	2876	3141	2937	3712	3692	4059	3692	3835	4182	4488	4263	4080	3692	
1550	2896	3304	2998	2652	2060	2223	2019	1774	958	1224	612	0	346	775	1162	1836	2040	2305	2550	2325	3100	3080	3468	3121	3304	3672	4018	3855	3733	3386	
1693	3141	3590	3325	2978	2386	2590	2386	2121	1326	1489	836	346	0	408	816	1468	1713	2019	2305	2182	2937	2978	3406	3121	3325	3753	4141	3998	3916	3610	
1856	3427	3916	3672	3345	2754	2998	2815	2550	1734	1856	1224	775	408	0	408	1060	1326	1693	2040	2019	2754	2856	3325	3100	3345	3814	4243	4161	4120	3855	
1978	3590	4141	3916	3610	3039	3345	3182	2958	2101	2264	1632	1162	816	408	0	652	918	1326	1693	1795	2488	2652	3121	2998	3264	3774	4222	4202	4202	3998	
2468	4100	4692	4508	4222	3651	3998	3855	3610	2754	2896	2284	1836	1468	1060	652	0	510	999	1448	1836	2366	2652	3141	3141	3468	3998	4508	4549	4610	4447	
2305	3916	4549	4426	4202	3651	4080	3998	3814	2896	3202	2550	2040	1713	1326	918	510	0	489	938	1387	1856	2182	2672	2733	3080	3610	4141	4222	4345	4243	
2244	3794	4467	4386	4202	3692	4202	4161	4039	3080	3508	2876	2305	2019	1693	1326	999	489	0	448	1040	1387	1734	2244	2366	2733	3264	3814	3957	4120	4059	
2182	3631	4345	4304	4161	3692	4243	4284	4202	3223	3774	3141	2550	2305	2040	1693	1448	938	448	0	734	918	1305	1795	1978	2366	2896	3468	3651	3835	3835	
1550	2896	3610	3610	3508	3080	3692	3794	3774	2815	3529	2937	2325	2182	2019	1795	1836	1387	1040	734	0	775	836	1326	1326	1672	2223	2774	2917	3100	3100	
2223	3345	4080	4141	4100	3733	4386	4508	4528	3570	4304	3712	3100	2937	2754	2488	2366	1856	1387	918	775	0	489	918	1264	1652	2182	2754	3019	3304	3427	
1978	2937	3672	3774	3774	3447	4120	4304	4386	3427	4263	3692	3080	2978	2856	2652	2652	2182	1734	1305	836	489	0	489	775	1162	1693	2264	2529	2835	2978	
2223	2876	3610	3774	3835	3570	4284	4508	4651	3733	4610	4059	3468	3406	3325	3121	3141	2672	2244	1795	1326	918	489	0	612	897	1346	1897	2264	2611	2835	
1734	2264	2998	3162	3223	2998	3712	3957	4141	3243	4202	3692	3121	3121	3100	2998	3141	2733	2366	1978	1326	1264	775	612	0	387	918	1489	1734	2060	2244	
1815	2040	2754	2958	3080	2896	3631	3937	4141	3304	4304	3835	3304	3325	3345	3264	3468	3080	2733	2366	1672	1652	1162	897	387	0	530	1101	1366	1713	1938	
2142	1917	2570	2856	3060	2998	3733	4059	4324	3570	4610	4182	3672	3753	3814	3774	3998	3610	3264	2896	2223	2182	1693	1346	918	530	0	571	918	1346	1693	
2468	1836	2366	2713	2998	3039	3753	4141	4467	3794	4834	4488	4018	4141	4243	4222	4508	4141	3814	3468	2774	2754	2264	1897	1489	1101	571	0	510	999	1448	
2305	1387	1856	2244	2529	2631	3325	3753	4100	3508	4569	4263	3855	3998	4161	4202	4549	4222	3957	3651	2917	3019	2529	2264	1734	1366	918	510	0	469	958	
2244	999	1387	1795	2121	2305	2958	3386	3774	3264	4324	4080	3733	3916	4120	4202	4610	4345	4120	3835	3100	3304	2835	2611	2060	1713	1346	999	469	0	510	
2019	530	897	1285	1611	1815	2448	2896	3304	2856	3896	3692	3386	3610	3855	3998	4447	4243	4059	3835	3100	3427	2978	2835	2244	1938	1693	1448	958	510	0	
V2
0	1072	1474	1407	1299	1005	1420	1514	1581	991	1634	1340	1018	1112	1219	1299	1621	1514	1474	1433	1018	1460	1299	1460	1139	1192	1407	1621	1514	1474	1326	
1072	0	482	603	763	844	1273	1567	1822	1527	2211	2090	1902	2063	2251	2358	2693	2572	2492	2385	1902	2197	1929	1889	1487	1340	1259	1206	911	656	348	
1474	482	0	308	589	884	1179	1500	1809	1675	2318	2278	2170	2358	2572	2720	3082	2988	2934	2854	2371	2680	2412	2371	1969	1809	1688	1554	1219	911	589	
1407	603	308	0	294	629	871	1192	1500	1433	2036	2036	1969	2184	2412	2572	2961	2907	2881	2827	2371	2720	2479	2479	2077	1943	1876	1782	1474	1179	844	
1299	763	589	294	0	388	576	897	1206	1165	1755	1768	1742	1956	2197	2371	2773	2760	2760	2733	2304	2693	2479	2519	2117	2023	2010	1969	1661	1393	1058	
1005	844	884	629	388	0	482	723	964	790	1420	1393	1353	1567	1809	1996	2398	2398	2425	2425	2023	2452	2264	2345	1969	1902	1969	1996	1728	1514	1192	
1420	1273	1179	871	576	482	0	321	643	830	1259	1380	1460	1701	1969	2197	2626	2680	2760	2787	2425	2881	2706	2814	2438	2385	2452	2465	2184	1943	1608	
1514	1567	1500	1192	897	723	321	0	335	723	978	1165	1326	1567	1849	2090	2532	2626	2733	2814	2492	2961	2827	2961	2599	2586	2666	2720	2465	2224	1902	
1581	1822	1809	1500	1206	964	643	335	0	629	670	924	1165	1393	1675	1943	2371	2505	2653	2760	2479	2974	2881	3055	2720	2720	2840	2934	2693	2479	2170	
991	1527	1675	1433	1165	790	830	723	629	0	696	589	629	871	1139	1380	1809	1902	2023	2117	1849	2345	2251	2452	2130	2170	2345	2492	2304	2144	1876	
1634	2211	2318	2036	1755	1420	1259	978	670	696	0	415	804	978	1219	1487	1902	2103	2304	2479	2318	2827	2800	3028	2760	2827	3028	3175	3001	2840	2559	
1340	2090	2278	2036	1768	1393	1380	1165	924	589	415	0	402	549	804	1072	1500	1675	1889	2063	1929	2438	2425	2666	2425	2519	2747	2948	2800	2680	2425	
1018	1902	2170	1969	1742	1353	1460	1326	1165	629	804	402	0	227	509	763	1206	1340	1514	1675	1527	2036	2023	2278	2050	2170	2412	2639	2532	2452	2224	
1112	2063	2358	2184	1956	1567	1701	1567	1393	871	978	549	227	0	268	536	964	1125	1326	1514	1433	1929	1956	2237	2050	2184	2465	2720	2626	2572	2371	
1219	2251	2572	2412	2197	1809	1969	1849	1675	1139	1219	804	509	268	0	268	696	871	1112	1340	1326	1809	1876	2184	2036	2197	2505	2787	2733	2706	2532	
1299	2358	2720	2572	2371	1996	2197	2090	1943	1380	1487	1072	763	536	268	0	428	603	871	1112	1179	1634	1742	2050	1969	2144	2479	2773	2760	2760	2626	
1621	2693	3082	2961	2773	2398	2626	2532	2371	1809	1902	1500	1206	964	696	428	0	335	656	951	1206	1554	1742	2063	2063	2278	2626	2961	2988	3028	2921	
1514	2572	2988	2907	2760	2398	2680	2626	2505	1902	2103	1675	1340	1125	871	603	335	0	321	616	911	1219	1433	1755	1795	2023	2371	2720	2773	2854	2787	
1474	2492	2934	2881	2760	2425	2760	2733	2653	2023	2304	1889	1514	1326	1112	871	656	321	0	294	683	911	1139	1474	1554	1795	2144	2505	2599	2706	2666	
1433	2385	2854	2827	2733	2425	2787	2814	2760	2117	2479	2063	1675	1514	1340	1112	951	616	294	0	482	603	857	1179	1299	1554	1902	2278	2398	2519	2519	
1018	1902	2371	2371	2304	2023	2425	2492	2479	1849	2318	1929	1527	1433	1326	1179	1206	911	683	482	0	509	549	871	871	1098	1460	1822	1916	2036	2036	
1460	2197	2680	2720	2693	2452	2881	2961	2974	2345	2827	2438	2036	1929	1809	1634	1554	1219	911	603	509	0	321	603	830	1085	1433	1809	1983	2170	2251	
1299	1929	2412	2479	2479	2264	2706	2827	2881	2251	2800	2425	2023	1956	1876	1742	1742	1433	1139	857	549	321	0	321	509	763	1112	1487	1661	1862	1956	
1460	1889	2371	2479	2519	2345	2814	2961	3055	2452	3028	2666	2278	2237	2184	2050	2063	1755	1474	1179	871	603	321	0	402	589	884	1246	1487	1715	1862	
1139	1487	1969	2077	2117	1969	2438	2599	2720	2130	2760	2425	2050	2050	2036	1969	2063	1795	1554	1299	871	830	509	402	0	254	603	978	1139	1353	1474	
1192	1340	1809	1943	2023	1902	2385	2586	2720	2170	2827	2519	2170	2184	2197	2144	2278	2023	1795	1554	1098	1085	763	589	254	0	348	723	897	1125	1273	
1407	1259	1688	1876	2010	1969	2452	2666	2840	2345	3028	2747	2412	2465	2505	2479	2626	2371	2144	1902	1460	1433	1112	884	603	348	0	375	603	884	1112	
1621	1206	1554	1782	1969	1996	2465	2720	2934	2492	3175	2948	2639	2720	2787	2773	2961	2720	2505	2278	1822	1809	1487	1246	978	723	375	0	335	656	951	
1514	911	1219	1474	1661	1728	2184	2465	2693	2304	3001	2800	2532	2626	2733	2760	2988	2773	2599	2398	1916	1983	1661	1487	1139	897	603	335	0	308	629	
1474	656	911	1179	1393	1514	1943	2224	2479	2144	2840	2680	2452	2572	2706	2760	3028	2854	2706	2519	2036	2170	1862	1715	1353	1125	884	656	308	0	335	
1326	348	589	844	1058	1192	1608	1902	2170	1876	2559	2425	2224	2371	2532	2626	2921	2787	2666	2519	2036	2251	1956	1862	1474	1273	1112	951	629	335	0	
V3
0	1456	2002	1911	1765	1365	1929	2056	2147	1346	2220	1820	1383	1510	1656	1765	2202	2056	2002	1947	1383	1983	1765	1983	1547	1619	1911	2202	2056	2002	1801	
1456	0	655	819	1037	1146	1729	2129	2475	2074	3003	2839	2584	2802	3057	3203	3658	3494	3385	3239	2584	2984	2620	2566	2020	1820	1710	1638	1237	891	473	
2002	655	0	418	800	1201	1601	2038	2457	2275	3148	3094	2948	3203	3494	3694	4186	4058	3985	3876	3221	3640	3276	3221	2675	2457	2293	2111	1656	1237	800	
1911	819	418	0	400	855	1183	1619	2038	1947	2766	2766	2675	2966	3276	3494	4022	3949	3913	3840	3221	3694	3367	3367	2821	2639	2548	2420	2002	1601	1146	
1765	1037	800	400	0	527	782	1219	1638	1583	2384	2402	2366	2657	2984	3221	3767	3749	3749	3712	3130	3658	3367	3421	2875	2748	2730	2675	2256	1892	1437	
1365	1146	1201	855	527	0	655	982	1310	1073	1929	1892	1838	2129	2457	2711	3257	3257	3294	3294	2748	3330	3075	3185	2675	2584	2675	2711	2347	2056	1619	
1929	1729	1601	1183	782	655	0	436	873	1128	1710	1874	1983	2311	2675	2984	3567	3640	3749	3785	3294	3913	3676	3822	3312	3239	3330	3348	2966	2639	2184	
2056	2129	2038	1619	1219	982	436	0	455	982	1328	1583	1801	2129	2511	2839	3439	3567	3712	3822	3385	4022	3840	4022	3530	3512	3621	3694	3348	3021	2584	
2147	2475	2457	2038	1638	1310	873	455	0	855	910	1255	1583	1892	2275	2639	3221	3403	3603	3749	3367	4040	3913	4149	3694	3694	3858	3985	3658	3367	2948	
1346	2074	2275	1947	1583	1073	1128	982	855	0	946	800	855	1183	1547	1874	2457	2584	2748	2875	2511	3185	3057	3330	2893	2948	3185	3385	3130	2912	2548	
2220	3003	3148	2766	2384	1929	1710	1328	910	946	0	564	1092	1328	1656	2020	2584	2857	3130	3367	3148	3840	3803	4113	3749	3840	4113	4313	4076	3858	3476	
1820	2839	3094	2766	2402	1892	1874	1583	1255	800	564	0	546	746	1092	1456	2038	2275	2566	2802	2620	3312	3294	3621	3294	3421	3731	4004	3803	3640	3294	
1383	2584	2948	2675	2366	1838	1983	1801	1583	855	1092	546	0	309	691	1037	1638	1820	2056	2275	2074	2766	2748	3094	2784	2948	3276	3585	3439	3330	3021	
1510	2802	3203	2966	2657	2129	2311	2129	1892	1183	1328	746	309	0	364	728	1310	1528	1801	2056	1947	2620	2657	3039	2784	2966	3348	3694	3567	3494	3221	
1656	3057	3494	3276	2984	2457	2675	2511	2275	1547	1656	1092	691	364	0	364	946	1183	1510	1820	1801	2457	2548	2966	2766	2984	3403	3785	3712	3676	3439	
1765	3203	3694	3494	3221	2711	2984	2839	2639	1874	2020	1456	1037	728	364	0	582	819	1183	1510	1601	2220	2366	2784	2675	2912	3367	3767	3749	3749	3567	
2202	3658	4186	4022	3767	3257	3567	3439	3221	2457	2584	2038	1638	1310	946	582	0	455	891	1292	1638	2111	2366	2802	2802	3094	3567	4022	4058	4113	3967	
2056	3494	4058	3949	3749	3257	3640	3567	3403	2584	2857	2275	1820	1528	1183	819	455	0	436	837	1237	1656	1947	2384	2438	2748	3221	3694	3767	3876	3785	
2002	3385	3985	3913	3749	3294	3749	3712	3603	2748	3130	2566	2056	1801	1510	1183	891	436	0	400	928	1237	1547	2002	2111	2438	2912	3403	3530	3676	3621	
1947	3239	3876	3840	3712	3294	3785	3822	3749	2875	3367	2802	2275	2056	1820	1510	1292	837	400	0	655	819	1164	1601	1765	2111	2584	3094	3257	3421	3421	
1383	2584	3221	3221	3130	2748	3294	3385	3367	2511	3148	2620	2074	1947	1801	1601	1638	1237	928	655	0	691	746	1183	1183	1492	1983	2475	2602	2766	2766	
1983	2984	3640	3694	3658	3330	3913	4022	4040	3185	3840	3312	2766	2620	2457	2220	2111	1656	1237	819	691	0	436	819	1128	1474	1947	2457	2693	2948	3057	
1765	2620	3276	3367	3367	3075	3676	3840	3913	3057	3803	3294	2748	2657	2548	2366	2366	1947	1547	1164	746	436	0	436	691	1037	1510	2020	2256	2529	2657	
1983	2566	3221	3367	3421	3185	3822	4022	4149	3330	4113	3621	3094	3039	2966	2784	2802	2384	2002	1601	1183	819	436	0	546	800	1201	1692	2020	2329	2529	
1547	2020	2675	2821	2875	2675	3312	3530	3694	2893	3749	3294	2784	2784	2766	2675	2802	2438	2111	1765	1183	1128	691	546	0	345	819	1328	1547	1838	2002	
1619	1820	2457	2639	2748	2584	3239	3512	3694	2948	3840	3421	2948	2966	2984	2912	3094	2748	2438	2111	1492	1474	1037	800	345	0	473	982	1219	1528	1729	
1911	1710	2293	2548	2730	2675	3330	3621	3858	3185	4113	3731	3276	3348	3403	3367	3567	3221	2912	2584	1983	1947	1510	1201	819	473	0	509	819	1201	1510	
2202	1638	2111	2420	2675	2711	3348	3694	3985	3385	4313	4004	3585	3694	3785	3767	4022	3694	3403	3094	2475	2457	2020	1692	1328	982	509	0	455	891	1292	
2056	1237	1656	2002	2256	2347	2966	3348	3658	3130	4076	3803	3439	3567	3712	3749	4058	3767	3530	3257	2602	2693	2256	2020	1547	1219	819	455	0	418	855	
2002	891	1237	1601	1892	2056	2639	3021	3367	2912	3858	3640	3330	3494	3676	3749	4113	3876	3676	3421	2766	2948	2529	2329	1838	1528	1201	891	418	0	455	
1801	473	800	1146	1437	1619	2184	2584	2948	2548	3476	3294	3021	3221	3439	3567	3967	3785	3621	3421	2766	3057	2657	2529	2002	1729	1510	1292	855	455	0	
V4
0	1136	1562	1491	1377	1065	1505	1604	1675	1050	1732	1420	1079	1178	1292	1377	1718	1604	1562	1519	1079	1547	1377	1547	1207	1263	1491	1718	1604	1562	1405	
1136	0	511	639	809	894	1349	1661	1931	1618	2343	2215	2016	2186	2385	2499	2854	2726	2641	2527	2016	2328	2044	2002	1576	1420	1334	1278	965	695	369	
1562	511	0	326	624	937	1249	1590	1917	1775	2456	2414	2300	2499	2726	2882	3266	3166	3109	3024	2513	2840	2556	2513	2087	1917	1789	1647	1292	965	624	
1491	639	326	0	312	667	923	1263	1590	1519	2158	2158	2087	2314	2556	2726	3138	3081	3053	2996	2513	2882	2627	2627	2201	2059	1988	1888	1562	1249	894	
1377	809	624	312	0	411	610	951	1278	1235	1860	1874	1846	2073	2328	2513	2939	2925	2925	2896	2442	2854	2627	2669	2243	2144	2130	2087	1760	1476	1121	
1065	894	937	667	411	0	511	766	1022	837	1505	1476	1434	1661	1917	2115	2541	2541	2570	2570	2144	2598	2399	2485	2087	2016	2087	2115	1831	1604	1263	
1505	1349	1249	923	610	511	0	340	681	880	1334	1462	1547	1803	2087	2328	2783	2840	2925	2953	2570	3053	2868	2982	2584	2527	2598	2612	2314	2059	1704	
1604	1661	1590	1263	951	766	340	0	355	766	1036	1235	1405	1661	1959	2215	2683	2783	2896	2982	2641	3138	2996	3138	2754	2740	2825	2882	2612	2357	2016	
1675	1931	1917	1590	1278	1022	681	355	0	667	710	979	1235	1476	1775	2059	2513	2655	2811	2925	2627	3152	3053	3237	2882	2882	3010	3109	2854	2627	2300	
1050	1618	1775	1519	1235	837	880	766	667	0	738	624	667	923	1207	1462	1917	2016	2144	2243	1959	2485	2385	2598	2257	2300	2485	2641	2442	2272	1988	
1732	2343	2456	2158	1860	1505	1334	1036	710	738	0	440	852	1036	1292	1576	2016	2229	2442	2627	2456	2996	2967	3209	2925	2996	3209	3365	3180	3010	2712	
1420	2215	2414	2158	1874	1476	1462	1235	979	624	440	0	426	582	852	1136	1590	1775	2002	2186	2044	2584	2570	2825	2570	2669	2911	3124	2967	2840	2570	
1079	2016	2300	2087	1846	1434	1547	1405	1235	667	852	426	0	241	539	809	1278	1420	1604	1775	1618	2158	2144	2414	2172	2300	2556	2797	2683	2598	2357	
1178	2186	2499	2314	2073	1661	1803	1661	1476	923	1036	582	241	0	284	568	1022	1192	1405	1604	1519	2044	2073	2371	2172	2314	2612	2882	2783	2726	2513	
1292	2385	2726	2556	2328	1917	2087	1959	1775	1207	1292	852	539	284	0	284	738	923	1178	1420	1405	1917	1988	2314	2158	2328	2655	2953	2896	2868	2683	
1377	2499	2882	2726	2513	2115	2328	2215	2059	1462	1576	1136	809	568	284	0	454	639	923	1178	1249	1732	1846	2172	2087	2272	2627	2939	2925	2925	2783	
1718	2854	3266	3138	2939	2541	2783	2683	2513	1917	2016	1590	1278	1022	738	454	0	355	695	1008	1278	1647	1846	2186	2186	2414	2783	3138	3166	3209	3095	
1604	2726	3166	3081	2925	2541	2840	2783	2655	2016	2229	1775	1420	1192	923	639	355	0	340	653	965	1292	1519	1860	1902	2144	2513	2882	2939	3024	2953	
1562	2641	3109	3053	2925	2570	2925	2896	2811	2144	2442	2002	1604	1405	1178	923	695	340	0	312	724	965	1207	1562	1647	1902	2272	2655	2754	2868	2825	
1519	2527	3024	2996	2896	2570	2953	2982	2925	2243	2627	2186	1775	1604	1420	1178	1008	653	312	0	511	639	908	1249	1377	1647	2016	2414	2541	2669	2669	
1079	2016	2513	2513	2442	2144	2570	2641	2627	1959	2456	2044	1618	1519	1405	1249	1278	965	724	511	0	539	582	923	923	1164	1547	1931	2030	2158	2158	
1547	2328	2840	2882	2854	2598	3053	3138	3152	2485	2996	2584	2158	2044	1917	1732	1647	1292	965	639	539	0	340	639	880	1150	1519	1917	2101	2300	2385	
1377	2044	2556	2627	2627	2399	2868	2996	3053	2385	2967	2570	2144	2073	1988	1846	1846	1519	1207	908	582	340	0	340	539	809	1178	1576	1760	1973	2073	
1547	2002	2513	2627	2669	2485	2982	3138	3237	2598	3209	2825	2414	2371	2314	2172	2186	1860	1562	1249	923	639	340	0	426	624	937	1320	1576	1817	1973	
1207	1576	2087	2201	2243	2087	2584	2754	2882	2257	2925	2570	2172	2172	2158	2087	2186	1902	1647	1377	923	880	539	426	0	269	639	1036	1207	1434	1562	
1263	1420	1917	2059	2144	2016	2527	2740	2882	2300	2996	2669	2300	2314	2328	2272	2414	2144	1902	1647	1164	1150	809	624	269	0	369	766	951	1192	1349	
1491	1334	1789	1988	2130	2087	2598	2825	3010	2485	3209	2911	2556	2612	2655	2627	2783	2513	2272	2016	1547	1519	1178	937	639	369	0	397	639	937	1178	
1718	1278	1647	1888	2087	2115	2612	2882	3109	2641	3365	3124	2797	2882	2953	2939	3138	2882	2655	2414	1931	1917	1576	1320	1036	766	397	0	355	695	1008	
1604	965	1292	1562	1760	1831	2314	2612	2854	2442	3180	2967	2683	2783	2896	2925	3166	2939	2754	2541	2030	2101	1760	1576	1207	951	639	355	0	326	667	
1562	695	965	1249	1476	1604	2059	2357	2627	2272	3010	2840	2598	2726	2868	2925	3209	3024	2868	2669	2158	2300	1973	1817	1434	1192	937	695	326	0	355	
1405	369	624	894	1121	1263	1704	2016	2300	1988	2712	2570	2357	2513	2683	2783	3095	2953	2825	2669	2158	2385	2073	1973	1562	1349	1178	1008	667	355	0	
V5
0	1376	1892	1806	1668	1290	1823	1943	2029	1272	2098	1720	1307	1427	1565	1668	2081	1943	1892	1840	1307	1874	1668	1874	1462	1530	1806	2081	1943	1892	1702	
1376	0	619	774	980	1083	1634	2012	2339	1960	2838	2683	2442	2648	2889	3027	3457	3302	3199	3061	2442	2820	2476	2425	1909	1720	1616	1548	1169	842	447	
1892	619	0	395	756	1135	1513	1926	2322	2150	2975	2924	2786	3027	3302	3491	3956	3835	3766	3663	3044	3440	3096	3044	2528	2322	2167	1995	1565	1169	756	
1806	774	395	0	378	808	1118	1530	1926	1840	2614	2614	2528	2803	3096	3302	3801	3732	3698	3629	3044	3491	3182	3182	2666	2494	2408	2287	1892	1513	1083	
1668	980	756	378	0	498	739	1152	1548	1496	2253	2270	2236	2511	2820	3044	3560	3543	3543	3508	2958	3457	3182	3233	2717	2597	2580	2528	2132	1788	1358	
1290	1083	1135	808	498	0	619	928	1238	1014	1823	1788	1737	2012	2322	2562	3078	3078	3113	3113	2597	3147	2906	3010	2528	2442	2528	2562	2218	1943	1530	
1823	1634	1513	1118	739	619	0	412	825	1066	1616	1771	1874	2184	2528	2820	3371	3440	3543	3577	3113	3698	3474	3612	3130	3061	3147	3164	2803	2494	2064	
1943	2012	1926	1530	1152	928	412	0	430	928	1255	1496	1702	2012	2373	2683	3250	3371	3508	3612	3199	3801	3629	3801	3336	3319	3422	3491	3164	2855	2442	
2029	2339	2322	1926	1548	1238	825	430	0	808	860	1186	1496	1788	2150	2494	3044	3216	3405	3543	3182	3818	3698	3921	3491	3491	3646	3766	3457	3182	2786	
1272	1960	2150	1840	1496	1014	1066	928	808	0	894	756	808	1118	1462	1771	2322	2442	2597	2717	2373	3010	2889	3147	2734	2786	3010	3199	2958	2752	2408	
2098	2838	2975	2614	2253	1823	1616	1255	860	894	0	533	1032	1255	1565	1909	2442	2700	2958	3182	2975	3629	3594	3887	3543	3629	3887	4076	3852	3646	3285	
1720	2683	2924	2614	2270	1788	1771	1496	1186	756	533	0	516	705	1032	1376	1926	2150	2425	2648	2476	3130	3113	3422	3113	3233	3526	3784	3594	3440	3113	
1307	2442	2786	2528	2236	1737	1874	1702	1496	808	1032	516	0	292	653	980	1548	1720	1943	2150	1960	2614	2597	2924	2631	2786	3096	3388	3250	3147	2855	
1427	2648	3027	2803	2511	2012	2184	2012	1788	1118	1255	705	292	0	344	688	1238	1444	1702	1943	1840	2476	2511	2872	2631	2803	3164	3491	3371	3302	3044	
1565	2889	3302	3096	2820	2322	2528	2373	2150	1462	1565	1032	653	344	0	344	894	1118	1427	1720	1702	2322	2408	2803	2614	2820	3216	3577	3508	3474	3250	
1668	3027	3491	3302	3044	2562	2820	2683	2494	1771	1909	1376	980	688	344	0	550	774	1118	1427	1513	2098	2236	2631	2528	2752	3182	3560	3543	3543	3371	
2081	3457	3956	3801	3560	3078	3371	3250	3044	2322	2442	1926	1548	1238	894	550	0	430	842	1221	1548	1995	2236	2648	2648	2924	3371	3801	3835	3887	3749	
1943	3302	3835	3732	3543	3078	3440	3371	3216	2442	2700	2150	1720	1444	1118	774	430	0	412	791	1169	1565	1840	2253	2304	2597	3044	3491	3560	3663	3577	
1892	3199	3766	3698	3543	3113	3543	3508	3405	2597	2958	2425	1943	1702	1427	1118	842	412	0	378	877	1169	1462	1892	1995	2304	2752	3216	3336	3474	3422	
1840	3061	3663	3629	3508	3113	3577	3612	3543	2717	3182	2648	2150	1943	1720	1427	1221	791	378	0	619	774	1100	1513	1668	1995	2442	2924	3078	3233	3233	
1307	2442	3044	3044	2958	2597	3113	3199	3182	2373	2975	2476	1960	1840	1702	1513	1548	1169	877	619	0	653	705	1118	1118	1410	1874	2339	2459	2614	2614	
1874	2820	3440	3491	3457	3147	3698	3801	3818	3010	3629	3130	2614	2476	2322	2098	1995	1565	1169	774	653	0	412	774	1066	1393	1840	2322	2545	2786	2889	
1668	2476	3096	3182	3182	2906	3474	3629	3698	2889	3594	3113	2597	2511	2408	2236	2236	1840	1462	1100	705	412	0	412	653	980	1427	1909	2132	2390	2511	
1874	2425	3044	3182	3233	3010	3612	3801	3921	3147	3887	3422	2924	2872	2803	2631	2648	2253	1892	1513	1118	774	412	0	516	756	1135	1599	1909	2201	2390	
1462	1909	2528	2666	2717	2528	3130	3336	3491	2734	3543	3113	2631	2631	2614	2528	2648	2304	1995	1668	1118	1066	653	516	0	326	774	1255	1462	1737	1892	
1530	1720	2322	2494	2597	2442	3061	3319	3491	2786	3629	3233	2786	2803	2820	2752	2924	2597	2304	1995	1410	1393	980	756	326	0	447	928	1152	1444	1634	
1806	1616	2167	2408	2580	2528	3147	3422	3646	3010	3887	3526	3096	3164	3216	3182	3371	3044	2752	2442	1874	1840	1427	1135	774	447	0	481	774	1135	1427	
2081	1548	1995	2287	2528	2562	3164	3491	3766	3199	4076	3784	3388	3491	3577	3560	3801	3491	3216	2924	2339	2322	1909	1599	1255	928	481	0	430	842	1221	
1943	1169	1565	1892	2132	2218	2803	3164	3457	2958	3852	3594	3250	3371	3508	3543	3835	3560	3336	3078	2459	2545	2132	1909	1462	1152	774	430	0	395	808	
1892	842	1169	1513	1788	1943	2494	2855	3182	2752	3646	3440	3147	3302	3474	3543	3887	3663	3474	3233	2614	2786	2390	2201	1737	1444	1135	842	395	0	430	
1702	447	756	1083	1358	1530	2064	2442	2786	2408	3285	3113	2855	3044	3250	3371	3749	3577	3422	3233	2614	2889	2511	2390	1892	1634	1427	1221	808	430	0	
V6
0	992	1364	1302	1202	930	1314	1401	1463	917	1512	1240	942	1029	1128	1202	1500	1401	1364	1326	942	1351	1202	1351	1054	1103	1302	1500	1401	1364	1227	
992	0	446	558	706	781	1178	1450	1686	1413	2046	1934	1760	1909	2083	2182	2492	2380	2306	2207	1760	2033	1785	1748	1376	1240	1165	1116	843	607	322	
1364	446	0	285	545	818	1091	1388	1674	1550	2145	2108	2008	2182	2380	2517	2852	2765	2715	2641	2194	2480	2232	2194	1822	1674	1562	1438	1128	843	545	
1302	558	285	0	272	582	806	1103	1388	1326	1884	1884	1822	2021	2232	2380	2740	2690	2666	2616	2194	2517	2294	2294	1922	1798	1736	1649	1364	1091	781	
1202	706	545	272	0	359	533	830	1116	1078	1624	1636	1612	1810	2033	2194	2566	2554	2554	2529	2132	2492	2294	2331	1959	1872	1860	1822	1537	1289	979	
930	781	818	582	359	0	446	669	892	731	1314	1289	1252	1450	1674	1847	2219	2219	2244	2244	1872	2269	2095	2170	1822	1760	1822	1847	1599	1401	1103	
1314	1178	1091	806	533	446	0	297	595	768	1165	1277	1351	1574	1822	2033	2430	2480	2554	2579	2244	2666	2504	2604	2256	2207	2269	2281	2021	1798	1488	
1401	1450	1388	1103	830	669	297	0	310	669	905	1078	1227	1450	1711	1934	2343	2430	2529	2604	2306	2740	2616	2740	2405	2393	2467	2517	2281	2058	1760	
1463	1686	1674	1388	1116	892	595	310	0	582	620	855	1078	1289	1550	1798	2194	2318	2455	2554	2294	2752	2666	2827	2517	2517	2628	2715	2492	2294	2008	
917	1413	1550	1326	1078	731	768	669	582	0	644	545	582	806	1054	1277	1674	1760	1872	1959	1711	2170	2083	2269	1971	2008	2170	2306	2132	1984	1736	
1512	2046	2145	1884	1624	1314	1165	905	620	644	0	384	744	905	1128	1376	1760	1946	2132	2294	2145	2616	2591	2802	2554	2616	2802	2938	2777	2628	2368	
1240	1934	2108	1884	1636	1289	1277	1078	855	545	384	0	372	508	744	992	1388	1550	1748	1909	1785	2256	2244	2467	2244	2331	2542	2728	2591	2480	2244	
942	1760	2008	1822	1612	1252	1351	1227	1078	582	744	372	0	210	471	706	1116	1240	1401	1550	1413	1884	1872	2108	1897	2008	2232	2442	2343	2269	2058	
1029	1909	2182	2021	1810	1450	1574	1450	1289	806	905	508	210	0	248	496	892	1041	1227	1401	1326	1785	1810	2070	1897	2021	2281	2517	2430	2380	2194	
1128	2083	2380	2232	2033	1674	1822	1711	1550	1054	1128	744	471	248	0	248	644	806	1029	1240	1227	1674	1736	2021	1884	2033	2318	2579	2529	2504	2343	
1202	2182	2517	2380	2194	1847	2033	1934	1798	1277	1376	992	706	496	248	0	396	558	806	1029	1091	1512	1612	1897	1822	1984	2294	2566	2554	2554	2430	
1500	2492	2852	2740	2566	2219	2430	2343	2194	1674	1760	1388	1116	892	644	396	0	310	607	880	1116	1438	1612	1909	1909	2108	2430	2740	2765	2802	2703	
1401	2380	2765	2690	2554	2219	2480	2430	2318	1760	1946	1550	1240	1041	806	558	310	0	297	570	843	1128	1326	1624	1661	1872	2194	2517	2566	2641	2579	
1364	2306	2715	2666	2554	2244	2554	2529	2455	1872	2132	1748	1401	1227	1029	806	607	297	0	272	632	843	1054	1364	1438	1661	1984	2318	2405	2504	2467	
1326	2207	2641	2616	2529	2244	2579	2604	2554	1959	2294	1909	1550	1401	1240	1029	880	570	272	0	446	558	793	1091	1202	1438	1760	2108	2219	2331	2331	
942	1760	2194	2194	2132	1872	2244	2306	2294	1711	2145	1785	1413	1326	1227	1091	1116	843	632	446	0	471	508	806	806	1016	1351	1686	1773	1884	1884	
1351	2033	2480	2517	2492	2269	2666	2740	2752	2170	2616	2256	1884	1785	1674	1512	1438	1128	843	558	471	0	297	558	768	1004	1326	1674	1835	2008	2083	
1202	1785	2232	2294	2294	2095	2504	2616	2666	2083	2591	2244	1872	1810	1736	1612	1612	1326	1054	793	508	297	0	297	471	706	1029	1376	1537	1723	1810	
