M: 4
N: 30
Nun_Veiculos: 8
Capacidade_Total: 719
Demanda_Total: 466
Setup_Min: 1
Setup_Max: 99
Raio: 100
Circulos: 1
Tempo_Processamento_Min: 1
Tempo_Processamento_Max: 49
Demanda_Min: 10
Demanda_Max: 30
Priority_Factor: 0.2
Range_Factor_R: 0.8
U_factor: 2
ALpha: 0.2Replicao: 0
Tempos_Processamentos
0	0	1	0	2	0	3	0	
0	21	1	7	2	17	3	5	
0	43	1	35	2	19	3	31	
0	5	1	41	2	39	3	7	
0	24	1	12	2	32	3	33	
0	7	1	15	2	36	3	5	
0	6	1	24	2	8	3	48	
0	36	1	10	2	35	3	49	
0	37	1	14	2	20	3	46	
0	16	1	3	2	34	3	33	
0	22	1	14	2	7	3	43	
0	32	1	6	2	31	3	38	
0	38	1	24	2	23	3	27	
0	11	1	31	2	26	3	31	
0	17	1	44	2	21	3	7	
0	40	1	39	2	13	3	39	
0	18	1	29	2	47	3	15	
0	1	1	8	2	15	3	20	
0	31	1	23	2	15	3	32	
0	24	1	11	2	25	3	31	
0	26	1	27	2	46	3	49	
0	43	1	42	2	11	3	17	
0	44	1	6	2	10	3	5	
0	11	1	1	2	14	3	39	
0	33	1	41	2	43	3	49	
0	30	1	43	2	6	3	36	
0	19	1	8	2	47	3	1	
0	23	1	6	2	46	3	25	
0	19	1	19	2	1	3	2	
0	25	1	46	2	37	3	5	
0	13	1	7	2	30	3	8	

Tempos_setup
M0
0	0	0	0	0	0	0	0	0	0	0	0	0	0	0	0	0	0	0	0	0	0	0	0	0	0	0	0	0	0	0	
0	0	7	1	12	12	2	12	9	9	25	10	7	3	8	3	6	6	14	5	11	10	10	9	5	11	8	8	9	4	7	
0	4	0	5	16	16	6	11	13	13	27	9	11	7	12	7	10	10	18	9	10	14	13	13	5	15	9	12	8	8	11	
0	10	6	0	18	11	1	17	8	8	24	10	6	2	7	13	5	5	19	4	16	16	9	8	4	16	7	7	14	3	6	
0	19	19	20	0	11	21	25	14	21	32	11	20	15	20	16	13	10	20	10	24	16	9	11	17	17	20	20	22	16	6	
0	12	8	13	7	0	13	19	11	10	21	12	16	4	9	15	14	12	9	16	18	5	12	18	6	6	17	9	16	5	9	
0	9	5	10	18	11	0	16	7	7	23	9	5	1	6	12	4	4	18	3	15	16	9	18	3	15	6	6	13	2	6	
0	20	16	16	13	8	17	0	19	18	16	10	19	12	15	3	12	18	15	20	11	11	20	22	14	12	8	17	9	13	17	
0	19	15	20	25	18	20	26	0	17	32	6	13	11	16	21	8	17	26	23	25	23	16	27	12	23	24	16	23	12	13	
0	19	15	20	28	21	20	26	27	0	16	19	23	11	16	22	21	20	29	23	25	26	19	28	13	26	24	16	23	12	16	
0	26	27	27	26	26	28	18	35	29	0	18	22	23	28	21	20	29	28	31	17	24	28	31	25	25	20	15	27	24	25	
0	13	9	14	19	12	14	20	21	11	27	0	9	5	10	15	2	11	21	17	19	17	10	22	7	18	18	10	17	6	7	
0	18	16	19	16	12	20	27	22	22	30	12	0	16	20	21	14	11	13	23	26	14	10	16	18	10	21	21	24	16	7	
0	8	4	9	17	10	9	15	16	6	22	8	12	0	5	11	10	9	18	12	14	15	8	17	2	15	13	5	12	1	5	
0	16	12	17	18	15	7	13	14	14	29	15	12	8	0	16	11	10	15	10	22	16	13	25	10	12	13	13	20	9	10	
0	20	16	13	17	17	14	9	21	18	25	7	16	12	12	0	9	18	19	17	8	15	17	19	12	16	5	17	6	13	14	
0	11	7	12	17	10	12	18	19	9	25	10	15	3	8	14	0	9	19	15	17	15	8	20	5	16	16	8	15	4	5	
0	16	12	17	14	7	17	20	18	17	28	18	22	11	13	11	18	0	16	20	19	12	13	25	7	13	16	16	17	9	13	
0	9	6	10	3	12	11	17	17	18	17	12	16	12	7	12	14	8	0	13	16	1	10	14	11	2	15	17	14	3	7	
0	13	9	14	22	15	14	20	4	11	27	10	17	5	10	16	12	14	23	0	19	20	13	19	7	20	18	10	17	6	10	
0	16	12	17	9	9	17	1	20	15	17	11	20	9	13	4	6	14	11	19	0	7	14	17	11	8	9	14	10	9	11	
0	9	5	10	2	11	10	16	16	17	16	11	15	11	6	12	13	7	4	12	15	0	9	13	10	1	14	16	13	2	6	
0	16	16	17	15	8	18	27	19	18	29	8	17	12	17	18	10	7	17	21	26	13	0	22	14	14	17	17	24	13	3	
0	25	21	26	22	23	22	32	6	23	36	12	19	17	22	27	14	22	19	25	31	20	17	0	6	21	28	22	29	18	18	
0	25	21	26	21	27	16	32	23	23	35	24	21	17	22	28	20	20	18	19	31	19	25	32	0	20	22	21	29	18	22	
0	8	9	9	6	13	10	20	17	17	20	15	15	11	10	11	14	6	3	13	19	4	13	17	13	0	14	16	17	6	10	
0	16	12	8	15	19	9	12	16	16	28	10	14	10	15	15	11	13	14	12	11	15	17	14	12	16	0	14	9	11	14	
0	16	12	17	22	15	13	23	20	14	30	3	7	8	13	18	5	14	20	16	22	20	13	23	10	17	19	0	20	9	10	
0	14	10	9	11	11	10	3	17	12	19	1	10	6	11	6	3	12	13	13	2	9	11	15	6	10	1	11	0	7	8	
0	7	3	8	16	9	8	14	15	15	30	9	13	9	4	10	11	8	18	11	13	14	7	16	8	15	12	14	11	0	4	
0	13	13	14	12	5	15	24	16	15	26	5	14	9	14	15	7	4	14	18	23	10	3	22	11	11	14	14	21	10	0	
M1
0	0	0	0	0	0	0	0	0	0	0	0	0	0	0	0	0	0	0	0	0	0	0	0	0	0	0	0	0	0	0	
0	0	9	17	14	16	1	17	15	15	15	5	18	6	6	11	16	10	7	5	11	12	10	19	5	4	12	8	18	17	13	
0	4	0	14	12	16	5	9	9	10	12	2	15	10	4	15	20	14	11	9	15	16	13	10	9	8	3	6	9	21	10	
0	13	9	0	18	5	14	14	16	17	19	6	1	8	10	8	19	14	16	9	12	13	11	19	6	13	12	9	17	12	17	
0	11	7	16	0	17	12	15	12	13	15	4	17	10	4	11	14	8	9	3	12	13	11	17	6	6	10	9	16	18	17	
0	13	12	3	15	0	14	17	11	12	14	2	4	11	7	11	14	10	11	9	7	8	6	19	1	8	12	4	12	7	16	
0	10	8	17	13	18	0	16	14	14	14	5	18	5	5	10	15	9	6	4	13	14	12	18	7	3	11	10	17	19	12	
0	14	10	13	15	10	15	0	16	5	5	7	14	20	7	12	17	11	10	6	15	16	4	20	9	7	13	12	7	17	3	
0	14	10	15	15	17	13	7	0	1	3	7	16	18	7	10	14	8	8	6	15	16	11	20	9	5	13	12	7	16	9	
0	21	17	22	22	25	20	25	23	0	10	14	22	25	14	10	13	7	15	13	22	23	21	27	16	12	20	19	14	23	8	
0	11	7	12	12	15	10	15	13	13	0	4	13	15	4	7	14	8	5	3	12	13	11	17	6	2	10	9	4	13	17	
0	18	20	12	13	14	19	16	23	21	21	0	13	20	5	20	27	21	22	16	21	22	20	19	15	19	17	18	23	21	19	
0	12	8	7	18	4	13	17	15	16	18	5	0	15	10	7	18	14	15	13	11	12	10	18	5	12	11	8	16	11	18	
0	25	21	20	28	17	26	15	26	20	20	15	13	0	20	20	31	26	25	21	24	25	19	31	18	22	24	13	22	24	18	
0	19	15	24	8	21	20	11	20	16	16	12	25	18	0	19	22	16	17	11	20	21	15	25	14	14	18	17	18	26	14	
0	22	23	25	28	22	23	20	13	14	16	20	26	28	20	0	27	21	21	19	17	28	16	28	22	18	21	24	20	23	22	
0	16	12	21	17	22	17	20	18	19	21	9	22	22	9	14	0	11	21	8	17	18	16	22	11	18	15	14	21	17	22	
0	22	18	25	23	25	23	23	16	17	13	15	26	28	15	3	6	0	18	14	20	20	19	28	17	15	21	20	17	23	16	
0	9	5	19	17	19	10	12	14	14	17	7	15	15	9	20	25	19	0	14	20	21	16	15	14	13	8	11	14	26	15	
0	8	4	13	9	14	9	12	10	11	13	1	14	14	1	8	11	5	15	0	9	10	8	14	3	12	7	6	13	15	14	
0	16	12	16	17	13	13	17	10	11	13	9	17	18	9	5	19	13	10	8	0	11	16	22	11	7	15	14	11	6	19	
0	5	14	19	19	21	6	17	10	11	13	9	20	11	11	16	21	15	12	10	16	0	15	11	10	9	4	7	10	22	11	
0	19	18	9	21	6	20	21	14	15	17	8	10	17	13	17	20	16	17	15	13	14	0	25	7	14	18	10	18	13	22	
0	10	6	15	11	16	11	14	12	13	9	3	16	16	3	10	13	7	7	2	11	12	10	0	5	4	9	8	13	17	7	
0	12	18	14	18	11	13	21	16	17	17	5	15	18	10	11	13	9	16	14	6	7	5	18	0	13	11	3	17	12	15	
0	9	5	14	10	15	8	13	11	11	14	2	15	13	2	7	12	6	3	1	10	11	9	15	4	0	8	7	14	16	15	
0	1	10	17	15	17	2	13	6	7	9	5	18	7	7	12	17	11	8	6	12	13	11	7	6	5	0	3	6	18	7	
0	20	21	14	15	16	21	18	25	23	14	2	15	22	7	21	28	22	19	17	23	24	22	21	17	16	19	0	18	23	12	
0	21	17	14	19	11	20	22	22	23	16	6	15	22	11	10	12	18	15	13	16	17	15	25	10	12	20	13	0	18	25	
0	10	6	15	11	15	9	11	4	5	7	3	16	14	3	7	13	7	4	2	2	5	10	16	5	1	9	8	5	0	13	
0	13	9	14	14	17	12	17	15	15	2	6	14	17	6	9	16	10	7	5	14	15	13	19	8	4	12	11	6	15	0	
M2
0	0	0	0	0	0	0	0	0	0	0	0	0	0	0	0	0	0	0	0	0	0	0	0	0	0	0	0	0	0	0	
0	0	12	16	22	18	20	14	10	13	19	7	25	20	17	17	12	15	16	11	18	12	17	20	10	22	21	19	6	19	24	
0	17	0	14	12	16	14	14	19	19	9	17	22	9	7	15	10	13	15	9	14	17	18	15	22	19	11	7	18	11	16	
0	9	13	0	17	2	11	16	7	10	9	4	9	11	12	10	5	3	3	4	8	12	6	7	10	11	14	20	8	3	21	
0	18	26	19	0	21	18	24	19	17	12	16	28	13	21	13	21	19	6	20	11	18	10	16	13	15	11	18	15	20	27	
0	13	11	7	15	0	14	14	5	8	7	2	7	9	10	8	3	1	1	2	6	10	4	11	8	9	12	18	6	10	19	
0	17	15	11	19	4	0	15	9	12	11	6	11	13	14	12	7	5	5	6	10	14	8	15	12	13	16	14	10	14	23	
0	14	18	5	16	7	13	0	12	7	14	9	14	16	17	15	10	8	8	9	13	5	11	12	9	12	16	13	13	8	18	
0	18	23	14	20	16	20	26	0	11	17	5	23	20	15	15	10	13	14	9	16	17	15	16	14	20	19	20	4	12	22	
0	13	20	15	19	17	14	18	14	0	11	11	24	9	21	8	15	13	11	14	6	22	4	11	3	9	12	18	10	14	11	
0	26	26	21	31	23	20	24	18	22	0	16	29	15	26	26	21	19	6	20	11	28	10	24	13	15	19	26	15	20	33	
0	15	18	9	15	11	20	21	3	6	12	0	18	15	10	10	5	8	12	4	11	12	10	13	9	15	14	20	4	12	17	
0	16	21	10	8	12	20	13	14	17	5	11	0	15	3	19	14	12	6	13	6	18	10	17	13	4	8	15	10	13	24	
0	12	19	6	23	8	5	20	10	14	2	8	15	0	18	16	11	9	8	10	13	18	12	13	15	13	17	19	12	9	25	
0	14	26	22	5	15	22	26	16	19	2	13	22	17	0	18	18	16	8	17	8	23	12	21	15	17	16	23	12	22	30	
0	5	17	11	23	13	18	19	15	4	15	12	20	13	22	0	16	14	14	15	7	17	8	3	7	12	4	22	11	14	15	
0	15	13	9	23	11	20	16	14	14	16	11	18	15	20	10	0	3	12	4	6	12	10	13	17	15	14	20	10	12	25	
0	12	10	6	20	8	17	13	13	11	13	10	15	12	17	7	2	0	9	1	8	9	7	10	14	12	11	17	12	9	22	
0	20	20	15	25	17	14	18	13	16	6	10	23	9	20	20	15	13	0	14	5	22	4	18	7	9	13	20	9	14	27	
0	11	14	5	19	7	16	17	12	10	12	9	14	15	17	6	1	4	8	0	7	8	10	9	13	15	10	21	11	8	21	
0	20	20	14	20	16	14	18	8	11	11	5	18	9	15	15	10	13	11	9	0	17	4	18	14	9	13	20	4	14	22	
0	22	23	16	11	12	8	22	17	20	19	14	19	18	22	17	12	13	13	11	15	0	13	20	17	13	17	22	18	19	31	
0	16	16	11	22	13	10	14	10	13	7	7	20	5	17	16	11	9	7	10	2	18	0	14	14	5	9	16	6	10	24	
0	2	14	18	24	20	22	16	12	15	21	9	27	22	19	19	14	17	18	13	20	14	19	0	10	24	23	21	8	21	26	
0	29	41	36	40	38	38	41	30	33	30	27	45	33	35	37	32	35	24	31	29	39	28	40	0	32	36	39	26	38	29	
0	12	17	14	22	16	16	9	10	13	8	7	20	11	17	17	12	15	2	11	2	14	6	19	9	0	4	11	6	15	20	
0	20	23	17	23	19	17	17	11	14	14	8	21	12	18	18	13	16	10	12	3	20	7	21	17	8	0	19	7	17	25	
0	10	16	7	21	9	12	7	14	12	14	11	16	16	18	8	3	6	10	2	7	10	11	8	15	12	4	0	11	4	9	
0	16	19	10	16	12	21	22	4	7	13	1	19	16	11	11	6	9	10	5	12	13	11	14	10	16	15	16	0	13	18	
0	6	18	19	27	12	8	20	16	19	19	13	19	21	22	20	15	13	13	14	18	18	16	4	14	21	24	22	12	0	30	
0	15	20	17	23	19	19	12	11	14	11	8	18	14	18	18	13	16	5	12	5	17	9	21	12	3	7	14	9	18	0	
M3
0	0	0	0	0	0	0	0	0	0	0	0	0	0	0	0	0	0	0	0	0	0	0	0	0	0	0	0	0	0	0	
0	0	21	18	20	13	24	16	8	11	23	17	33	28	22	15	10	2	26	16	12	3	17	20	7	14	4	26	25	18	24	
0	16	0	22	24	17	29	15	23	16	22	21	12	35	15	20	26	18	30	21	16	19	33	21	17	30	8	31	23	22	28	
0	25	18	0	20	23	21	21	17	13	13	17	30	31	27	12	23	18	21	13	22	19	27	19	16	27	14	29	25	19	25	
0	17	9	8	0	14	12	10	3	6	21	18	13	22	9	3	14	16	29	4	13	7	18	16	14	14	5	21	10	1	7	
0	16	16	7	7	0	19	17	10	13	20	4	20	29	16	10	21	18	28	11	20	14	17	23	21	21	12	20	12	8	14	
0	9	17	19	24	19	0	23	7	10	15	21	24	28	20	14	18	11	23	15	18	11	26	5	16	22	10	15	29	20	26	
0	13	11	10	23	16	14	0	8	1	23	20	23	20	26	5	16	15	30	6	15	12	20	6	16	20	7	16	22	21	21	
0	15	13	12	19	12	16	16	0	3	25	16	25	22	23	7	11	14	32	8	11	4	22	21	12	15	3	18	24	17	21	
0	12	10	9	22	15	13	13	20	0	22	19	22	19	25	4	15	14	29	5	14	15	19	18	15	19	6	22	21	20	20	
0	18	10	9	9	10	21	15	8	11	0	6	22	29	14	12	19	19	8	13	19	12	27	6	20	19	11	16	14	6	12	
0	12	12	3	3	17	15	13	6	9	16	0	16	25	12	6	17	14	24	7	16	10	21	19	17	17	8	24	8	4	10	
0	4	21	12	12	5	24	15	12	15	25	9	0	28	3	15	14	6	30	16	16	7	21	21	11	18	8	25	11	13	17	
0	28	12	21	13	27	25	23	16	19	34	31	24	0	16	16	27	21	10	17	26	20	29	14	26	27	18	15	23	14	20	
0	13	23	22	32	25	26	12	20	13	25	29	20	32	0	17	23	15	33	18	25	16	30	18	20	27	17	28	23	26	29	
0	18	6	5	18	11	9	9	16	10	18	15	18	19	21	0	11	13	26	1	10	14	15	14	11	15	2	18	17	16	22	
0	19	11	10	23	16	14	6	11	7	23	20	23	24	15	5	0	18	31	6	15	15	20	10	16	4	7	20	18	9	15	
0	21	19	18	19	18	22	14	6	9	21	20	31	26	20	13	8	0	29	14	17	1	15	18	5	12	9	24	26	17	23	
0	18	2	11	3	17	15	13	6	9	24	21	14	25	6	6	17	19	0	7	16	10	21	5	17	17	8	15	13	4	10	
0	17	11	10	17	10	8	8	15	9	18	14	23	18	23	5	16	12	26	0	9	13	14	13	10	20	1	17	22	15	21	
0	17	16	6	8	1	20	7	9	8	19	5	21	27	17	11	11	3	27	12	0	4	18	13	1	15	4	21	13	9	15	
0	26	18	17	30	23	21	13	18	14	30	27	30	25	19	12	7	25	35	13	22	0	27	17	23	11	14	27	25	16	22	
0	17	16	8	8	15	13	13	11	14	6	5	21	23	17	10	20	12	14	5	14	13	0	12	15	22	6	22	13	9	15	
0	17	12	14	21	14	18	18	2	5	27	18	24	23	23	9	13	16	33	10	13	6	24	0	14	17	5	10	24	15	21	
0	23	21	20	21	20	24	16	8	11	23	22	33	28	22	15	10	2	31	16	19	3	17	20	0	14	11	26	28	19	25	
0	19	7	6	19	12	10	6	14	7	19	16	19	20	11	1	4	14	27	2	11	15	16	12	12	0	3	19	18	13	19	
0	25	24	14	16	9	28	15	15	16	27	13	29	35	22	19	19	11	35	20	8	12	26	21	9	23	0	29	21	14	20	
0	18	2	22	22	15	19	17	17	18	24	19	14	13	17	18	19	11	23	19	18	12	26	23	16	23	10	0	25	23	29	
0	19	20	19	19	22	19	19	17	20	24	26	20	33	23	14	17	13	32	15	21	14	28	24	18	13	16	32	0	15	6	
0	17	15	10	19	14	18	9	2	5	23	18	26	24	8	9	13	16	31	10	13	6	24	15	14	13	5	20	9	0	6	
0	26	14	13	13	19	17	13	11	14	18	23	26	27	17	8	11	21	26	9	18	15	23	19	19	7	10	26	18	9	0	
Tamanho_Tarefas
0	6	22	7	12	14	19	13	24	13	10	22	27	12	12	18	26	4	20	17	35	15	9	3	40	13	17	7	5	16	8	
Data_Entrega
0	227	188	183	182	214	181	226	219	187	223	180	187	212	173	200	223	181	182	219	227	184	205	213	201	201	189	208	176	175	201	
Penalidade_Atraso
0	1	9	7	12	9	8	5	4	16	14	20	4	4	7	18	12	15	1	5	13	2	11	17	9	20	16	12	6	14	12	
Capacidade_Veiculo
91	91	63	103	86	81	118	86	
Custo_Fixo_Veiculo
910	910	630	1030	860	810	1180	860	
Coordenadas_Clientes
x	0	y	0
x	116	y	0
x	84	y	17
x	105	y	47
x	96	y	69
x	69	y	77
x	47	y	82
x	26	y	81
x	11	y	107
x	-9	y	87
x	-34	y	107
x	-54	y	94
x	-51	y	57
x	-76	y	55
x	-72	y	32
x	-105	y	22
x	-104	y	0
x	-89	y	-18
x	-107	y	-47
x	-70	y	-51
x	-65	y	-72
x	-46	y	-81
x	-36	y	-113
x	-9	y	-93
x	10	y	-101
x	35	y	-109
x	55	y	-95
x	72	y	-80
x	85	y	-62
x	112	y	-50
x	84	y	-17
Tempo_Viagem
0	116	85	115	118	103	94	85	107	87	112	108	76	93	78	107	104	90	116	86	97	93	118	93	101	114	109	107	105	122	85	
116	0	36	48	71	90	107	121	149	152	184	194	176	199	190	222	220	205	227	192	194	180	188	155	146	135	112	91	69	50	36	
85	36	0	36	53	61	74	86	115	116	148	158	140	164	156	189	188	175	201	168	173	162	176	144	139	135	115	97	79	72	34	
115	48	36	0	23	46	67	86	110	120	151	165	156	181	177	211	214	204	231	200	207	197	212	180	175	170	150	131	110	97	67	
118	71	53	23	0	28	50	71	93	106	134	151	147	172	172	206	211	204	233	204	214	206	224	193	190	188	168	150	131	120	86	
103	90	61	46	28	0	22	43	65	78	106	123	121	146	148	182	189	184	215	188	200	195	217	187	187	189	172	157	139	133	95	
94	107	74	67	50	22	0	21	43	56	84	101	101	125	129	163	171	168	200	177	190	187	211	183	186	191	177	163	148	146	105	
85	121	86	86	71	43	21	0	30	35	65	80	80	105	109	143	153	151	184	163	178	177	203	177	182	190	178	167	154	156	113	
107	149	115	110	93	65	43	30	0	28	45	66	79	101	111	143	156	160	194	177	194	196	224	200	208	217	206	196	184	186	143	
87	152	116	120	106	78	56	35	28	0	32	45	51	74	83	115	128	132	166	150	168	172	201	180	188	200	192	185	176	182	139	
112	184	148	151	134	106	84	65	45	32	0	23	52	66	84	109	127	136	170	161	181	188	220	201	212	226	220	214	206	214	171	
108	194	158	165	151	123	101	80	66	45	23	0	37	44	64	87	105	116	150	145	166	175	207	192	205	221	217	214	208	219	177	
76	176	140	156	147	121	101	80	79	51	52	37	0	25	32	64	77	84	118	109	129	138	170	155	169	186	185	183	180	194	153	
93	199	164	181	172	146	125	105	101	74	66	44	25	0	23	43	61	74	106	106	127	138	171	162	178	198	199	200	198	215	175	
78	190	156	177	172	148	129	109	111	83	84	64	32	23	0	34	45	52	86	83	104	115	148	139	156	177	179	182	182	200	163	
107	222	189	211	206	182	163	143	143	115	109	87	64	43	34	0	22	43	69	80	101	118	150	149	168	191	198	204	207	228	192	
104	220	188	214	211	189	171	153	156	128	127	105	77	61	45	22	0	23	47	61	81	99	131	132	152	176	185	193	198	221	188	
90	205	175	204	204	184	168	151	160	132	136	116	84	74	52	43	23	0	34	38	59	76	108	109	129	153	163	172	179	203	173	
116	227	201	231	233	215	200	184	194	166	170	150	118	106	86	69	47	34	0	37	48	69	96	107	127	153	168	181	192	219	193	
86	192	168	200	204	188	177	163	177	150	161	145	109	106	83	80	61	38	37	0	21	38	70	74	94	119	132	144	155	182	157	
97	194	173	207	214	200	190	178	194	168	181	166	129	127	104	101	81	59	48	21	0	21	50	59	79	105	122	137	150	178	158	
93	180	162	197	206	195	187	177	196	172	188	175	138	138	115	118	99	76	69	38	21	0	33	38	58	84	101	118	132	161	144	
118	188	176	212	224	217	211	203	224	201	220	207	170	171	148	150	131	108	96	70	50	33	0	33	47	71	92	112	131	160	153	
93	155	144	180	193	187	183	177	200	180	201	192	155	162	139	149	132	109	107	74	59	38	33	0	20	46	64	82	98	127	120	
101	146	139	175	190	187	186	182	208	188	212	205	169	178	156	168	152	129	127	94	79	58	47	20	0	26	45	65	84	113	111	
114	135	135	170	188	189	191	190	217	200	226	221	186	198	177	191	176	153	153	119	105	84	71	46	26	0	24	46	68	96	104	
109	112	115	150	168	172	177	178	206	192	220	217	185	199	179	198	185	163	168	132	122	101	92	64	45	24	0	22	44	72	83	
107	91	97	131	150	157	163	167	196	185	214	214	183	200	182	204	193	172	181	144	137	118	112	82	65	46	22	0	22	50	64	
105	69	79	110	131	139	148	154	184	176	206	208	180	198	182	207	198	179	192	155	150	132	131	98	84	68	44	22	0	29	45	
122	50	72	97	120	133	146	156	186	182	214	219	194	215	200	228	221	203	219	182	178	161	160	127	113	96	72	50	29	0	43	
85	36	34	67	86	95	105	113	143	139	171	177	153	175	163	192	188	173	193	157	158	144	153	120	111	104	83	64	45	43	0	
Custo_Viagem
V0
0	2111	1547	2093	2147	1874	1710	1547	1947	1583	2038	1965	1383	1692	1419	1947	1892	1638	2111	1565	1765	1692	2147	1692	1838	2074	1983	1947	1911	2220	1547	
2111	0	655	873	1292	1638	1947	2202	2711	2766	3348	3530	3203	3621	3458	4040	4004	3731	4131	3494	3530	3294	3439	2821	2657	2457	2038	1656	1255	910	655	
1547	655	0	655	964	1110	1346	1565	2093	2111	2693	2875	2548	2984	2839	3439	3421	3203	3658	3057	3148	2948	3203	2620	2529	2457	2093	1765	1437	1310	618	
2093	873	655	0	418	837	1219	1565	2020	2184	2748	3003	2839	3294	3221	3840	3894	3712	4204	3640	3767	3585	3876	3276	3185	3094	2730	2384	2002	1765	1219	
2147	1292	964	418	0	509	910	1292	1692	1929	2457	2766	2675	3130	3130	3749	3840	3712	4240	3712	3894	3749	4076	3512	3458	3421	3075	2730	2384	2184	1565	
1874	1638	1110	837	509	0	400	782	1183	1419	1947	2256	2202	2657	2693	3312	3439	3348	3913	3421	3640	3549	3949	3403	3403	3439	3130	2857	2529	2438	1729	
1710	1947	1346	1219	910	400	0	382	782	1019	1528	1838	1838	2275	2347	2966	3112	3057	3640	3221	3458	3403	3840	3330	3385	3476	3221	2966	2693	2675	1911	
1547	2202	1565	1565	1292	782	382	0	546	637	1183	1474	1456	1911	1983	2602	2784	2748	3348	2966	3239	3221	3694	3221	3312	3458	3239	3039	2802	2839	2056	
1947	2711	2093	2020	1692	1183	782	546	0	509	819	1201	1437	1838	2020	2602	2857	2912	3530	3221	3530	3567	4076	3640	3785	3949	3749	3567	3348	3385	2602	
1583	2766	2111	2184	1929	1419	1019	637	509	0	582	819	928	1346	1510	2093	2329	2402	3021	2730	3057	3130	3658	3276	3421	3640	3494	3367	3203	3312	2529	
2038	3348	2693	2748	2457	1947	1528	1183	819	582	0	418	946	1201	1528	2002	2311	2475	3094	2948	3294	3421	4004	3658	3858	4113	4004	3894	3749	3894	3112	
1965	3530	2875	3003	2766	2256	1838	1474	1201	819	418	0	673	800	1164	1601	1929	2129	2730	2639	3021	3185	3767	3494	3731	4022	3967	3894	3785	3985	3221	
1383	3203	2548	2839	2675	2202	1838	1456	1437	928	946	673	0	455	582	1164	1401	1528	2147	1983	2347	2511	3094	2821	3075	3385	3367	3348	3276	3530	2784	
1692	3621	2984	3294	3130	2657	2275	1911	1838	1346	1201	800	455	0	418	782	1110	1346	1929	1929	2311	2529	3130	2948	3239	3603	3621	3640	3621	3913	3185	
1419	3458	2839	3221	3130	2693	2347	1983	2020	1510	1528	1164	582	418	0	618	819	946	1565	1510	1892	2093	2711	2529	2839	3221	3257	3312	3312	3658	2966	
1947	4040	3439	3840	3749	3312	2966	2602	2602	2093	2002	1601	1164	782	618	0	400	782	1255	1456	1856	2147	2748	2711	3057	3476	3603	3712	3767	4149	3494	
1892	4004	3421	3894	3840	3439	3112	2784	2857	2329	2311	1929	1401	1110	819	400	0	418	855	1110	1474	1801	2384	2402	2766	3203	3367	3512	3603	4022	3421	
1638	3731	3203	3712	3712	3348	3057	2748	2912	2402	2475	2129	1528	1346	946	782	418	0	618	691	1073	1383	1965	1983	2347	2784	2966	3130	3257	3694	3148	
2111	4131	3658	4204	4240	3913	3640	3348	3530	3021	3094	2730	2147	1929	1565	1255	855	618	0	673	873	1255	1747	1965	2329	2802	3057	3312	3494	3985	3512	
1565	3494	3057	3640	3712	3421	3221	2966	3221	2730	2948	2639	1983	1929	1510	1456	1110	691	673	0	382	691	1274	1346	1710	2165	2402	2620	2821	3312	2857	
1765	3530	3148	3767	3894	3640	3458	3239	3530	3057	3294	3021	2347	2311	1892	1856	1474	1073	873	382	0	382	910	1073	1456	1929	2220	2493	2730	3239	2875	
1692	3294	2948	3585	3749	3549	3403	3221	3567	3130	3421	3185	2511	2529	2093	2147	1801	1383	1255	691	382	0	600	691	1073	1547	1838	2147	2402	2930	2620	
2147	3439	3203	3876	4076	3949	3840	3694	4076	3658	4004	3767	3094	3130	2711	2748	2384	1965	1747	1274	910	600	0	600	855	1292	1674	2038	2384	2912	2784	
1692	2821	2620	3276	3512	3403	3330	3221	3640	3276	3658	3494	2821	2948	2529	2711	2402	1983	1965	1346	1073	691	600	0	364	837	1164	1492	1783	2329	2184	
1838	2657	2529	3185	3458	3403	3385	3312	3785	3421	3858	3731	3075	3239	2839	3057	2766	2347	2329	1710	1456	1073	855	364	0	473	819	1183	1528	2074	2020	
2074	2457	2457	3094	3421	3439	3476	3458	3949	3640	4113	4022	3385	3603	3221	3476	3203	2784	2802	2165	1929	1547	1292	837	473	0	436	855	1237	1765	1892	
1983	2038	2093	2730	3075	3130	3221	3239	3749	3494	4004	3967	3367	3621	3257	3603	3367	2966	3057	2402	2220	1838	1674	1164	819	436	0	400	800	1310	1510	
1947	1656	1765	2384	2730	2857	2966	3039	3567	3367	3894	3894	3348	3640	3312	3712	3512	3130	3312	2620	2493	2147	2038	1492	1183	855	400	0	400	910	1164	
1911	1255	1437	2002	2384	2529	2693	2802	3348	3203	3749	3785	3276	3621	3312	3767	3603	3257	3494	2821	2730	2402	2384	1783	1528	1237	800	400	0	527	819	
2220	910	1310	1765	2184	2438	2675	2839	3385	3312	3894	3985	3530	3913	3658	4149	4022	3694	3985	3312	3239	2930	2912	2329	2074	1765	1310	910	527	0	782	
1547	655	618	1219	1565	1729	1911	2056	2602	2529	3112	3221	2784	3185	2966	3494	3421	3148	3512	2857	2875	2620	2784	2184	2020	1892	1510	1164	819	782	0	
V1
0	2111	1547	2093	2147	1874	1710	1547	1947	1583	2038	1965	1383	1692	1419	1947	1892	1638	2111	1565	1765	1692	2147	1692	1838	2074	1983	1947	1911	2220	1547	
2111	0	655	873	1292	1638	1947	2202	2711	2766	3348	3530	3203	3621	3458	4040	4004	3731	4131	3494	3530	3294	3439	2821	2657	2457	2038	1656	1255	910	655	
1547	655	0	655	964	1110	1346	1565	2093	2111	2693	2875	2548	2984	2839	3439	3421	3203	3658	3057	3148	2948	3203	2620	2529	2457	2093	1765	1437	1310	618	
2093	873	655	0	418	837	1219	1565	2020	2184	2748	3003	2839	3294	3221	3840	3894	3712	4204	3640	3767	3585	3876	3276	3185	3094	2730	2384	2002	1765	1219	
2147	1292	964	418	0	509	910	1292	1692	1929	2457	2766	2675	3130	3130	3749	3840	3712	4240	3712	3894	3749	4076	3512	3458	3421	3075	2730	2384	2184	1565	
1874	1638	1110	837	509	0	400	782	1183	1419	1947	2256	2202	2657	2693	3312	3439	3348	3913	3421	3640	3549	3949	3403	3403	3439	3130	2857	2529	2438	1729	
1710	1947	1346	1219	910	400	0	382	782	1019	1528	1838	1838	2275	2347	2966	3112	3057	3640	3221	3458	3403	3840	3330	3385	3476	3221	2966	2693	2675	1911	
1547	2202	1565	1565	1292	782	382	0	546	637	1183	1474	1456	1911	1983	2602	2784	2748	3348	2966	3239	3221	3694	3221	3312	3458	3239	3039	2802	2839	2056	
1947	2711	2093	2020	1692	1183	782	546	0	509	819	1201	1437	1838	2020	2602	2857	2912	3530	3221	3530	3567	4076	3640	3785	3949	3749	3567	3348	3385	2602	
1583	2766	2111	2184	1929	1419	1019	637	509	0	582	819	928	1346	1510	2093	2329	2402	3021	2730	3057	3130	3658	3276	3421	3640	3494	3367	3203	3312	2529	
2038	3348	2693	2748	2457	1947	1528	1183	819	582	0	418	946	1201	1528	2002	2311	2475	3094	2948	3294	3421	4004	3658	3858	4113	4004	3894	3749	3894	3112	
1965	3530	2875	3003	2766	2256	1838	1474	1201	819	418	0	673	800	1164	1601	1929	2129	2730	2639	3021	3185	3767	3494	3731	4022	3967	3894	3785	3985	3221	
1383	3203	2548	2839	2675	2202	1838	1456	1437	928	946	673	0	455	582	1164	1401	1528	2147	1983	2347	2511	3094	2821	3075	3385	3367	3348	3276	3530	2784	
1692	3621	2984	3294	3130	2657	2275	1911	1838	1346	1201	800	455	0	418	782	1110	1346	1929	1929	2311	2529	3130	2948	3239	3603	3621	3640	3621	3913	3185	
1419	3458	2839	3221	3130	2693	2347	1983	2020	1510	1528	1164	582	418	0	618	819	946	1565	1510	1892	2093	2711	2529	2839	3221	3257	3312	3312	3658	2966	
1947	4040	3439	3840	3749	3312	2966	2602	2602	2093	2002	1601	1164	782	618	0	400	782	1255	1456	1856	2147	2748	2711	3057	3476	3603	3712	3767	4149	3494	
1892	4004	3421	3894	3840	3439	3112	2784	2857	2329	2311	1929	1401	1110	819	400	0	418	855	1110	1474	1801	2384	2402	2766	3203	3367	3512	3603	4022	3421	
1638	3731	3203	3712	3712	3348	3057	2748	2912	2402	2475	2129	1528	1346	946	782	418	0	618	691	1073	1383	1965	1983	2347	2784	2966	3130	3257	3694	3148	
2111	4131	3658	4204	4240	3913	3640	3348	3530	3021	3094	2730	2147	1929	1565	1255	855	618	0	673	873	1255	1747	1965	2329	2802	3057	3312	3494	3985	3512	
1565	3494	3057	3640	3712	3421	3221	2966	3221	2730	2948	2639	1983	1929	1510	1456	1110	691	673	0	382	691	1274	1346	1710	2165	2402	2620	2821	3312	2857	
1765	3530	3148	3767	3894	3640	3458	3239	3530	3057	3294	3021	2347	2311	1892	1856	1474	1073	873	382	0	382	910	1073	1456	1929	2220	2493	2730	3239	2875	
1692	3294	2948	3585	3749	3549	3403	3221	3567	3130	3421	3185	2511	2529	2093	2147	1801	1383	1255	691	382	0	600	691	1073	1547	1838	2147	2402	2930	2620	
2147	3439	3203	3876	4076	3949	3840	3694	4076	3658	4004	3767	3094	3130	2711	2748	2384	1965	1747	1274	910	600	0	600	855	1292	1674	2038	2384	2912	2784	
1692	2821	2620	3276	3512	3403	3330	3221	3640	3276	3658	3494	2821	2948	2529	2711	2402	1983	1965	1346	1073	691	600	0	364	837	1164	1492	1783	2329	2184	
1838	2657	2529	3185	3458	3403	3385	3312	3785	3421	3858	3731	3075	3239	2839	3057	2766	2347	2329	1710	1456	1073	855	364	0	473	819	1183	1528	2074	2020	
2074	2457	2457	3094	3421	3439	3476	3458	3949	3640	4113	4022	3385	3603	3221	3476	3203	2784	2802	2165	1929	1547	1292	837	473	0	436	855	1237	1765	1892	
1983	2038	2093	2730	3075	3130	3221	3239	3749	3494	4004	3967	3367	3621	3257	3603	3367	2966	3057	2402	2220	1838	1674	1164	819	436	0	400	800	1310	1510	
1947	1656	1765	2384	2730	2857	2966	3039	3567	3367	3894	3894	3348	3640	3312	3712	3512	3130	3312	2620	2493	2147	2038	1492	1183	855	400	0	400	910	1164	
1911	1255	1437	2002	2384	2529	2693	2802	3348	3203	3749	3785	3276	3621	3312	3767	3603	3257	3494	2821	2730	2402	2384	1783	1528	1237	800	400	0	527	819	
2220	910	1310	1765	2184	2438	2675	2839	3385	3312	3894	3985	3530	3913	3658	4149	4022	3694	3985	3312	3239	2930	2912	2329	2074	1765	1310	910	527	0	782	
1547	655	618	1219	1565	1729	1911	2056	2602	2529	3112	3221	2784	3185	2966	3494	3421	3148	3512	2857	2875	2620	2784	2184	2020	1892	1510	1164	819	782	0	
V2
0	1461	1071	1449	1486	1297	1184	1071	1348	1096	1411	1360	957	1171	982	1348	1310	1134	1461	1083	1222	1171	1486	1171	1272	1436	1373	1348	1323	1537	1071	
1461	0	453	604	894	1134	1348	1524	1877	1915	2318	2444	2217	2507	2394	2797	2772	2583	2860	2419	2444	2280	2381	1953	1839	1701	1411	1146	869	630	453	
1071	453	0	453	667	768	932	1083	1449	1461	1864	1990	1764	2066	1965	2381	2368	2217	2532	2116	2179	2041	2217	1814	1751	1701	1449	1222	995	907	428	
1449	604	453	0	289	579	844	1083	1398	1512	1902	2079	1965	2280	2230	2658	2696	2570	2910	2520	2608	2482	2683	2268	2205	2142	1890	1650	1386	1222	844	
1486	894	667	289	0	352	630	894	1171	1335	1701	1915	1852	2167	2167	2595	2658	2570	2935	2570	2696	2595	2822	2431	2394	2368	2129	1890	1650	1512	1083	
1297	1134	768	579	352	0	277	541	819	982	1348	1562	1524	1839	1864	2293	2381	2318	2709	2368	2520	2457	2734	2356	2356	2381	2167	1978	1751	1688	1197	
1184	1348	932	844	630	277	0	264	541	705	1058	1272	1272	1575	1625	2053	2154	2116	2520	2230	2394	2356	2658	2305	2343	2406	2230	2053	1864	1852	1323	
1071	1524	1083	1083	894	541	264	0	378	441	819	1020	1008	1323	1373	1801	1927	1902	2318	2053	2242	2230	2557	2230	2293	2394	2242	2104	1940	1965	1423	
1348	1877	1449	1398	1171	819	541	378	0	352	567	831	995	1272	1398	1801	1978	2016	2444	2230	2444	2469	2822	2520	2620	2734	2595	2469	2318	2343	1801	
1096	1915	1461	1512	1335	982	705	441	352	0	403	567	642	932	1045	1449	1612	1663	2091	1890	2116	2167	2532	2268	2368	2520	2419	2331	2217	2293	1751	
1411	2318	1864	1902	1701	1348	1058	819	567	403	0	289	655	831	1058	1386	1600	1713	2142	2041	2280	2368	2772	2532	2671	2847	2772	2696	2595	2696	2154	
1360	2444	1990	2079	1915	1562	1272	1020	831	567	289	0	466	554	806	1108	1335	1474	1890	1827	2091	2205	2608	2419	2583	2784	2746	2696	2620	2759	2230	
957	2217	1764	1965	1852	1524	1272	1008	995	642	655	466	0	315	403	806	970	1058	1486	1373	1625	1738	2142	1953	2129	2343	2331	2318	2268	2444	1927	
1171	2507	2066	2280	2167	1839	1575	1323	1272	932	831	554	315	0	289	541	768	932	1335	1335	1600	1751	2167	2041	2242	2494	2507	2520	2507	2709	2205	
982	2394	1965	2230	2167	1864	1625	1373	1398	1045	1058	806	403	289	0	428	567	655	1083	1045	1310	1449	1877	1751	1965	2230	2255	2293	2293	2532	2053	
1348	2797	2381	2658	2595	2293	2053	1801	1801	1449	1386	1108	806	541	428	0	277	541	869	1008	1285	1486	1902	1877	2116	2406	2494	2570	2608	2872	2419	
1310	2772	2368	2696	2658	2381	2154	1927	1978	1612	1600	1335	970	768	567	277	0	289	592	768	1020	1247	1650	1663	1915	2217	2331	2431	2494	2784	2368	
1134	2583	2217	2570	2570	2318	2116	1902	2016	1663	1713	1474	1058	932	655	541	289	0	428	478	743	957	1360	1373	1625	1927	2053	2167	2255	2557	2179	
1461	2860	2532	2910	2935	2709	2520	2318	2444	2091	2142	1890	1486	1335	1083	869	592	428	0	466	604	869	1209	1360	1612	1940	2116	2293	2419	2759	2431	
1083	2419	2116	2520	2570	2368	2230	2053	2230	1890	2041	1827	1373	1335	1045	1008	768	478	466	0	264	478	882	932	1184	1499	1663	1814	1953	2293	1978	
1222	2444	2179	2608	2696	2520	2394	2242	2444	2116	2280	2091	1625	1600	1310	1285	1020	743	604	264	0	264	630	743	1008	1335	1537	1726	1890	2242	1990	
1171	2280	2041	2482	2595	2457	2356	2230	2469	2167	2368	2205	1738	1751	1449	1486	1247	957	869	478	264	0	415	478	743	1071	1272	1486	1663	2028	1814	
1486	2381	2217	2683	2822	2734	2658	2557	2822	2532	2772	2608	2142	2167	1877	1902	1650	1360	1209	882	630	415	0	415	592	894	1159	1411	1650	2016	1927	
1171	1953	1814	2268	2431	2356	2305	2230	2520	2268	2532	2419	1953	2041	1751	1877	1663	1373	1360	932	743	478	415	0	252	579	806	1033	1234	1612	1512	
1272	1839	1751	2205	2394	2356	2343	2293	2620	2368	2671	2583	2129	2242	1965	2116	1915	1625	1612	1184	1008	743	592	252	0	327	567	819	1058	1436	1398	
1436	1701	1701	2142	2368	2381	2406	2394	2734	2520	2847	2784	2343	2494	2230	2406	2217	1927	1940	1499	1335	1071	894	579	327	0	302	592	856	1222	1310	
1373	1411	1449	1890	2129	2167	2230	2242	2595	2419	2772	2746	2331	2507	2255	2494	2331	2053	2116	1663	1537	1272	1159	806	567	302	0	277	554	907	1045	
1348	1146	1222	1650	1890	1978	2053	2104	2469	2331	2696	2696	2318	2520	2293	2570	2431	2167	2293	1814	1726	1486	1411	1033	819	592	277	0	277	630	806	
1323	869	995	1386	1650	1751	1864	1940	2318	2217	2595	2620	2268	2507	2293	2608	2494	2255	2419	1953	1890	1663	1650	1234	1058	856	554	277	0	365	567	
1537	630	907	1222	1512	1688	1852	1965	2343	2293	2696	2759	2444	2709	2532	2872	2784	2557	2759	2293	2242	2028	2016	1612	1436	1222	907	630	365	0	541	
1071	453	428	844	1083	1197	1323	1423	1801	1751	2154	2230	1927	2205	2053	2419	2368	2179	2431	1978	1990	1814	1927	1512	1398	1310	1045	806	567	541	0	
V3
0	2389	1751	2369	2430	2121	1936	1751	2204	1792	2307	2224	1565	1915	1606	2204	2142	1854	2389	1771	1998	1915	2430	1915	2080	2348	2245	2204	2163	2513	1751	
2389	0	741	988	1462	1854	2204	2492	3069	3131	3790	3996	3625	4099	3914	4573	4532	4223	4676	3955	3996	3728	3893	3193	3007	2781	2307	1874	1421	1030	741	
1751	741	0	741	1091	1256	1524	1771	2369	2389	3048	3254	2884	3378	3213	3893	3872	3625	4140	3460	3563	3337	3625	2966	2863	2781	2369	1998	1627	1483	700	
2369	988	741	0	473	947	1380	1771	2286	2472	3110	3399	3213	3728	3646	4346	4408	4202	4758	4120	4264	4058	4387	3708	3605	3502	3090	2698	2266	1998	1380	
2430	1462	1091	473	0	576	1030	1462	1915	2183	2781	3131	3028	3543	3543	4243	4346	4202	4799	4202	4408	4243	4614	3975	3914	3872	3481	3090	2698	2472	1771	
2121	1854	1256	947	576	0	453	885	1339	1606	2204	2554	2492	3007	3048	3749	3893	3790	4429	3872	4120	4017	4470	3852	3852	3893	3543	3234	2863	2760	1957	
1936	2204	1524	1380	1030	453	0	432	885	1153	1730	2080	2080	2575	2657	3357	3522	3460	4120	3646	3914	3852	4346	3769	3831	3934	3646	3357	3048	3028	2163	
1751	2492	1771	1771	1462	885	432	0	618	721	1339	1668	1648	2163	2245	2945	3151	3110	3790	3357	3666	3646	4181	3646	3749	3914	3666	3440	3172	3213	2327	
2204	3069	2369	2286	1915	1339	885	618	0	576	927	1359	1627	2080	2286	2945	3234	3296	3996	3646	3996	4037	4614	4120	4284	4470	4243	4037	3790	3831	2945	
1792	3131	2389	2472	2183	1606	1153	721	576	0	659	927	1050	1524	1709	2369	2636	2719	3419	3090	3460	3543	4140	3708	3872	4120	3955	3811	3625	3749	2863	
2307	3790	3048	3110	2781	2204	1730	1339	927	659	0	473	1071	1359	1730	2266	2616	2801	3502	3337	3728	3872	4532	4140	4367	4655	4532	4408	4243	4408	3522	
2224	3996	3254	3399	3131	2554	2080	1668	1359	927	473	0	762	906	1318	1812	2183	2410	3090	2987	3419	3605	4264	3955	4223	4552	4490	4408	4284	4511	3646	
1565	3625	2884	3213	3028	2492	2080	1648	1627	1050	1071	762	0	515	659	1318	1586	1730	2430	2245	2657	2842	3502	3193	3481	3831	3811	3790	3708	3996	3151	
1915	4099	3378	3728	3543	3007	2575	2163	2080	1524	1359	906	515	0	473	885	1256	1524	2183	2183	2616	2863	3543	3337	3666	4078	4099	4120	4099	4429	3605	
1606	3914	3213	3646	3543	3048	2657	2245	2286	1709	1730	1318	659	473	0	700	927	1071	1771	1709	2142	2369	3069	2863	3213	3646	3687	3749	3749	4140	3357	
2204	4573	3893	4346	4243	3749	3357	2945	2945	2369	2266	1812	1318	885	700	0	453	885	1421	1648	2101	2430	3110	3069	3460	3934	4078	4202	4264	4696	3955	
2142	4532	3872	4408	4346	3893	3522	3151	3234	2636	2616	2183	1586	1256	927	453	0	473	968	1256	1668	2039	2698	2719	3131	3625	3811	3975	4078	4552	3872	
1854	4223	3625	4202	4202	3790	3460	3110	3296	2719	2801	2410	1730	1524	1071	885	473	0	700	782	1215	1565	2224	2245	2657	3151	3357	3543	3687	4181	3563	
2389	4676	4140	4758	4799	4429	4120	3790	3996	3419	3502	3090	2430	2183	1771	1421	968	700	0	762	988	1421	1977	2224	2636	3172	3460	3749	3955	4511	3975	
1771	3955	3460	4120	4202	3872	3646	3357	3646	3090	3337	2987	2245	2183	1709	1648	1256	782	762	0	432	782	1442	1524	1936	2451	2719	2966	3193	3749	3234	
1998	3996	3563	4264	4408	4120	3914	3666	3996	3460	3728	3419	2657	2616	2142	2101	1668	1215	988	432	0	432	1030	1215	1648	2183	2513	2822	3090	3666	3254	
1915	3728	3337	4058	4243	4017	3852	3646	4037	3543	3872	3605	2842	2863	2369	2430	2039	1565	1421	782	432	0	679	782	1215	1751	2080	2430	2719	3316	2966	
2430	3893	3625	4387	4614	4470	4346	4181	4614	4140	4532	4264	3502	3543	3069	3110	2698	2224	1977	1442	1030	679	0	679	968	1462	1895	2307	2698	3296	3151	
1915	3193	2966	3708	3975	3852	3769	3646	4120	3708	4140	3955	3193	3337	2863	3069	2719	2245	2224	1524	1215	782	679	0	412	947	1318	1689	2018	2636	2472	
2080	3007	2863	3605	3914	3852	3831	3749	4284	3872	4367	4223	3481	3666	3213	3460	3131	2657	2636	1936	1648	1215	968	412	0	535	927	1339	1730	2348	2286	
2348	2781	2781	3502	3872	3893	3934	3914	4470	4120	4655	4552	3831	4078	3646	3934	3625	3151	3172	2451	2183	1751	1462	947	535	0	494	968	1400	1998	2142	
2245	2307	2369	3090	3481	3543	3646	3666	4243	3955	4532	4490	3811	4099	3687	4078	3811	3357	3460	2719	2513	2080	1895	1318	927	494	0	453	906	1483	1709	
2204	1874	1998	2698	3090	3234	3357	3440	4037	3811	4408	4408	3790	4120	3749	4202	3975	3543	3749	2966	2822	2430	2307	1689	1339	968	453	0	453	1030	1318	
2163	1421	1627	2266	2698	2863	3048	3172	3790	3625	4243	4284	3708	4099	3749	4264	4078	3687	3955	3193	3090	2719	2698	2018	1730	1400	906	453	0	597	927	
2513	1030	1483	1998	2472	2760	3028	3213	3831	3749	4408	4511	3996	4429	4140	4696	4552	4181	4511	3749	3666	3316	3296	2636	2348	1998	1483	1030	597	0	885	
1751	741	700	1380	1771	1957	2163	2327	2945	2863	3522	3646	3151	3605	3357	3955	3872	3563	3975	3234	3254	2966	3151	2472	2286	2142	1709	1318	927	885	0	
V4
0	1995	1462	1978	2029	1771	1616	1462	1840	1496	1926	1857	1307	1599	1341	1840	1788	1548	1995	1479	1668	1599	2029	1599	1737	1960	1874	1840	1806	2098	1462	
1995	0	619	825	1221	1548	1840	2081	2562	2614	3164	3336	3027	3422	3268	3818	3784	3526	3904	3302	3336	3113	3250	2666	2511	2322	1926	1565	1186	860	619	
1462	619	0	619	911	1049	1272	1479	1978	1995	2545	2717	2408	2820	2683	3250	3233	3027	3457	2889	2975	2786	3027	2476	2390	2322	1978	1668	1358	1238	584	
1978	825	619	0	395	791	1152	1479	1909	2064	2597	2838	2683	3113	3044	3629	3680	3508	3973	3440	3560	3388	3663	3096	3010	2924	2580	2253	1892	1668	1152	
2029	1221	911	395	0	481	860	1221	1599	1823	2322	2614	2528	2958	2958	3543	3629	3508	4007	3508	3680	3543	3852	3319	3268	3233	2906	2580	2253	2064	1479	
1771	1548	1049	791	481	0	378	739	1118	1341	1840	2132	2081	2511	2545	3130	3250	3164	3698	3233	3440	3354	3732	3216	3216	3250	2958	2700	2390	2304	1634	
1616	1840	1272	1152	860	378	0	361	739	963	1444	1737	1737	2150	2218	2803	2941	2889	3440	3044	3268	3216	3629	3147	3199	3285	3044	2803	2545	2528	1806	
1462	2081	1479	1479	1221	739	361	0	516	602	1118	1393	1376	1806	1874	2459	2631	2597	3164	2803	3061	3044	3491	3044	3130	3268	3061	2872	2648	2683	1943	
1840	2562	1978	1909	1599	1118	739	516	0	481	774	1135	1358	1737	1909	2459	2700	2752	3336	3044	3336	3371	3852	3440	3577	3732	3543	3371	3164	3199	2459	
1496	2614	1995	2064	1823	1341	963	602	481	0	550	774	877	1272	1427	1978	2201	2270	2855	2580	2889	2958	3457	3096	3233	3440	3302	3182	3027	3130	2390	
1926	3164	2545	2597	2322	1840	1444	1118	774	550	0	395	894	1135	1444	1892	2184	2339	2924	2786	3113	3233	3784	3457	3646	3887	3784	3680	3543	3680	2941	
1857	3336	2717	2838	2614	2132	1737	1393	1135	774	395	0	636	756	1100	1513	1823	2012	2580	2494	2855	3010	3560	3302	3526	3801	3749	3680	3577	3766	3044	
1307	3027	2408	2683	2528	2081	1737	1376	1358	877	894	636	0	430	550	1100	1324	1444	2029	1874	2218	2373	2924	2666	2906	3199	3182	3164	3096	3336	2631	
1599	3422	2820	3113	2958	2511	2150	1806	1737	1272	1135	756	430	0	395	739	1049	1272	1823	1823	2184	2390	2958	2786	3061	3405	3422	3440	3422	3698	3010	
1341	3268	2683	3044	2958	2545	2218	1874	1909	1427	1444	1100	550	395	0	584	774	894	1479	1427	1788	1978	2562	2390	2683	3044	3078	3130	3130	3457	2803	
1840	3818	3250	3629	3543	3130	2803	2459	2459	1978	1892	1513	1100	739	584	0	378	739	1186	1376	1754	2029	2597	2562	2889	3285	3405	3508	3560	3921	3302	
1788	3784	3233	3680	3629	3250	2941	2631	2700	2201	2184	1823	1324	1049	774	378	0	395	808	1049	1393	1702	2253	2270	2614	3027	3182	3319	3405	3801	3233	
1548	3526	3027	3508	3508	3164	2889	2597	2752	2270	2339	2012	1444	1272	894	739	395	0	584	653	1014	1307	1857	1874	2218	2631	2803	2958	3078	3491	2975	
1995	3904	3457	3973	4007	3698	3440	3164	3336	2855	2924	2580	2029	1823	1479	1186	808	584	0	636	825	1186	1651	1857	2201	2648	2889	3130	3302	3766	3319	
1479	3302	2889	3440	3508	3233	3044	2803	3044	2580	2786	2494	1874	1823	1427	1376	1049	653	636	0	361	653	1204	1272	1616	2046	2270	2476	2666	3130	2700	
1668	3336	2975	3560	3680	3440	3268	3061	3336	2889	3113	2855	2218	2184	1788	1754	1393	1014	825	361	0	361	860	1014	1376	1823	2098	2356	2580	3061	2717	
1599	3113	2786	3388	3543	3354	3216	3044	3371	2958	3233	3010	2373	2390	1978	2029	1702	1307	1186	653	361	0	567	653	1014	1462	1737	2029	2270	2769	2476	
2029	3250	3027	3663	3852	3732	3629	3491	3852	3457	3784	3560	2924	2958	2562	2597	2253	1857	1651	1204	860	567	0	567	808	1221	1582	1926	2253	2752	2631	
1599	2666	2476	3096	3319	3216	3147	3044	3440	3096	3457	3302	2666	2786	2390	2562	2270	1874	1857	1272	1014	653	567	0	344	791	1100	1410	1685	2201	2064	
1737	2511	2390	3010	3268	3216	3199	3130	3577	3233	3646	3526	2906	3061	2683	2889	2614	2218	2201	1616	1376	1014	808	344	0	447	774	1118	1444	1960	1909	
1960	2322	2322	2924	3233	3250	3285	3268	3732	3440	3887	3801	3199	3405	3044	3285	3027	2631	2648	2046	1823	1462	1221	791	447	0	412	808	1169	1668	1788	
1874	1926	1978	2580	2906	2958	3044	3061	3543	3302	3784	3749	3182	3422	3078	3405	3182	2803	2889	2270	2098	1737	1582	1100	774	412	0	378	756	1238	1427	
1840	1565	1668	2253	2580	2700	2803	2872	3371	3182	3680	3680	3164	3440	3130	3508	3319	2958	3130	2476	2356	2029	1926	1410	1118	808	378	0	378	860	1100	
1806	1186	1358	1892	2253	2390	2545	2648	3164	3027	3543	3577	3096	3422	3130	3560	3405	3078	3302	2666	2580	2270	2253	1685	1444	1169	756	378	0	498	774	
2098	860	1238	1668	2064	2304	2528	2683	3199	3130	3680	3766	3336	3698	3457	3921	3801	3491	3766	3130	3061	2769	2752	2201	1960	1668	1238	860	498	0	739	
1462	619	584	1152	1479	1634	1806	1943	2459	2390	2941	3044	2631	3010	2803	3302	3233	2975	3319	2700	2717	2476	2631	2064	1909	1788	1427	1100	774	739	0	
V5
0	1879	1377	1863	1911	1668	1522	1377	1733	1409	1814	1749	1231	1506	1263	1733	1684	1458	1879	1393	1571	1506	1911	1506	1636	1846	1765	1733	1701	1976	1377	
1879	0	583	777	1150	1458	1733	1960	2413	2462	2980	3142	2851	3223	3078	3596	3564	3321	3677	3110	3142	2932	3061	2511	2365	2187	1814	1474	1117	810	583	
1377	583	0	583	858	988	1198	1393	1863	1879	2397	2559	2268	2656	2527	3061	3045	2851	3256	2721	2802	2624	2851	2332	2251	2187	1863	1571	1279	1166	550	
1863	777	583	0	372	745	1085	1393	1798	1944	2446	2673	2527	2932	2867	3418	3466	3304	3742	3240	3353	3191	3450	2916	2835	2754	2430	2122	1782	1571	1085	
1911	1150	858	372	0	453	810	1150	1506	1717	2187	2462	2381	2786	2786	3337	3418	3304	3774	3304	3466	3337	3628	3126	3078	3045	2737	2430	2122	1944	1393	
1668	1458	988	745	453	0	356	696	1053	1263	1733	2008	1960	2365	2397	2948	3061	2980	3483	3045	3240	3159	3515	3029	3029	3061	2786	2543	2251	2170	1539	
1522	1733	1198	1085	810	356	0	340	696	907	1360	1636	1636	2025	2089	2640	2770	2721	3240	2867	3078	3029	3418	2964	3013	3094	2867	2640	2397	2381	1701	
