M: 4
N: 30
Nun_Veiculos: 16
Capacidade_Total: 984
Demanda_Total: 508
Setup_Min: 1
Setup_Max: 9
Raio: 100
Circulos: 1
Tempo_Processamento_Min: 1
Tempo_Processamento_Max: 49
Demanda_Min: 10
Demanda_Max: 30
Priority_Factor: 0.2
Range_Factor_R: 0.8
U_factor: 2
ALpha: 0.2Replicao: 0
Tempos_Processamentos
0	0	1	0	2	0	3	0	
0	34	1	19	2	22	3	33	
0	30	1	36	2	35	3	17	
0	12	1	20	2	46	3	24	
0	21	1	28	2	43	3	27	
0	41	1	39	2	36	3	4	
0	18	1	5	2	13	3	46	
0	26	1	19	2	46	3	17	
0	2	1	36	2	36	3	10	
0	14	1	49	2	43	3	29	
0	28	1	42	2	23	3	41	
0	10	1	25	2	49	3	17	
0	4	1	23	2	49	3	7	
0	9	1	22	2	15	3	27	
0	28	1	1	2	38	3	42	
0	43	1	34	2	11	3	16	
0	9	1	16	2	5	3	17	
0	26	1	39	2	11	3	2	
0	30	1	36	2	45	3	7	
0	37	1	22	2	3	3	46	
0	3	1	45	2	43	3	9	
0	45	1	37	2	9	3	44	
0	47	1	15	2	35	3	29	
0	27	1	19	2	33	3	37	
0	17	1	34	2	15	3	13	
0	6	1	33	2	21	3	37	
0	20	1	44	2	26	3	10	
0	8	1	4	2	46	3	26	
0	11	1	16	2	45	3	29	
0	12	1	3	2	19	3	42	
0	38	1	20	2	32	3	8	

Tempos_setup
M0
0	0	0	0	0	0	0	0	0	0	0	0	0	0	0	0	0	0	0	0	0	0	0	0	0	0	0	0	0	0	0	
0	0	3	3	2	2	2	1	2	3	3	3	2	4	2	3	1	2	3	3	3	2	4	1	3	3	2	2	2	3	4	
0	2	0	2	3	3	1	3	3	2	2	3	3	3	1	2	3	2	3	2	4	3	3	2	3	2	3	4	3	2	1	
0	3	3	0	1	3	3	2	3	4	3	1	5	3	3	3	4	2	2	2	3	3	3	4	2	4	2	2	2	1	3	
0	3	3	2	0	2	2	1	2	4	2	3	5	2	2	2	4	1	2	3	2	4	3	3	2	3	1	1	2	2	3	
0	3	3	3	2	0	3	3	3	3	2	3	3	3	2	2	4	3	2	3	3	3	2	2	2	2	1	3	3	2	2	
0	2	2	3	2	2	0	2	3	4	3	3	4	2	3	3	3	2	2	1	4	3	4	1	3	3	2	3	2	3	3	
0	2	3	2	3	3	1	0	1	4	2	3	4	3	1	2	3	1	2	2	3	4	3	2	2	3	1	4	3	2	4	
0	3	3	3	3	3	1	2	0	4	2	4	3	3	3	3	2	3	2	2	2	4	3	2	3	3	2	3	3	3	3	
0	2	1	3	2	4	2	3	4	0	3	3	4	3	2	2	3	3	2	2	3	2	1	3	3	2	3	3	2	3	1	
0	2	1	1	1	3	2	2	3	3	0	2	4	3	1	3	3	2	3	2	2	2	2	3	2	1	2	2	3	1	2	
0	3	2	3	4	4	3	4	4	3	4	0	4	3	3	2	3	2	5	3	6	5	4	3	3	4	5	4	1	3	3	
0	2	2	3	3	3	2	3	2	1	4	2	0	2	3	3	3	3	3	2	4	3	2	2	1	3	4	2	3	3	2	
0	2	3	2	3	3	1	3	2	5	2	3	4	0	1	4	3	2	3	2	4	4	4	2	4	3	3	4	3	3	4	
0	1	2	1	2	3	2	2	3	4	1	2	3	4	0	4	2	1	3	3	3	3	3	2	3	2	3	3	3	2	3	
0	2	2	2	2	2	2	3	2	4	3	3	4	1	2	0	3	2	3	1	4	3	4	1	4	2	3	3	2	3	3	
0	3	3	3	1	1	3	2	3	2	3	3	1	3	3	2	0	2	3	3	3	3	3	3	2	2	2	1	2	3	3	
0	3	3	1	2	3	1	3	3	4	3	2	4	3	4	4	4	0	3	2	4	3	3	2	2	4	3	3	2	1	4	
0	2	4	3	4	4	2	3	3	4	4	2	4	2	3	4	3	3	0	3	3	2	2	3	1	3	3	4	3	3	3	
0	3	3	2	1	2	2	2	2	5	2	3	5	1	2	3	4	1	2	0	3	2	4	3	3	3	2	2	3	2	4	
0	3	3	3	3	1	2	4	2	4	3	2	4	1	2	3	4	2	1	3	0	3	3	3	2	3	2	1	2	2	3	
0	2	3	3	4	2	3	2	3	4	3	1	4	2	2	3	3	3	2	3	1	0	3	3	2	4	3	2	2	3	4	
0	2	2	3	2	3	2	3	3	2	3	3	4	2	3	2	3	2	1	1	3	2	0	3	2	1	3	3	1	3	1	
0	1	2	3	3	1	3	2	3	4	3	3	3	4	3	3	2	2	3	4	3	3	3	0	3	2	2	3	1	3	3	
0	1	3	2	3	3	1	2	2	3	3	1	3	1	2	3	2	2	2	2	3	3	1	2	0	2	3	3	2	2	2	
0	3	3	3	3	3	1	3	4	4	4	2	3	3	3	4	4	2	3	2	2	1	4	2	3	0	3	3	2	3	4	
0	2	2	2	2	3	2	3	3	3	1	2	4	2	1	1	3	2	1	2	3	3	2	2	1	2	0	3	3	2	3	
0	3	2	3	3	1	2	3	4	3	3	4	4	2	3	2	3	2	3	3	4	4	3	2	3	3	2	0	1	3	2	
0	2	1	2	3	3	2	3	4	3	3	3	3	3	2	3	2	1	4	3	5	4	3	3	2	3	4	3	0	2	2	
0	2	3	1	2	2	2	3	3	3	3	2	4	2	3	4	3	2	2	1	3	2	2	3	1	3	3	3	2	0	3	
0	1	2	3	2	3	3	2	3	1	3	4	3	2	3	1	2	3	3	2	4	3	2	2	4	3	3	3	3	4	0	
M1
0	0	0	0	0	0	0	0	0	0	0	0	0	0	0	0	0	0	0	0	0	0	0	0	0	0	0	0	0	0	0	
0	0	4	3	3	5	3	3	3	4	3	2	3	4	3	5	4	3	1	4	2	2	2	2	3	3	3	4	3	3	1	
0	3	0	3	3	2	2	2	2	2	2	1	2	2	2	3	3	3	3	1	2	2	4	2	1	2	2	1	2	2	2	
0	3	2	0	3	4	1	2	3	1	4	1	2	3	3	3	2	3	3	3	3	4	4	2	3	4	3	3	2	2	2	
0	4	4	2	0	2	3	3	2	3	2	3	3	3	3	3	3	3	3	4	1	2	4	4	2	2	1	1	4	2	3	
0	3	4	3	1	0	3	2	3	4	2	1	4	3	3	1	4	3	3	4	2	2	4	2	3	3	2	2	3	2	3	
0	2	1	4	2	3	0	1	2	1	3	2	2	2	3	2	1	3	2	2	2	3	3	3	2	3	3	2	2	1	2	
0	1	4	3	3	2	3	0	2	3	2	2	3	1	3	3	3	3	1	4	1	2	2	2	3	2	2	1	3	3	2	
0	2	3	3	2	3	4	4	0	3	3	2	2	3	3	2	1	3	3	2	3	3	4	3	4	2	3	2	4	3	2	
0	2	1	3	3	3	3	3	3	0	3	1	1	3	2	4	4	2	2	2	2	3	3	2	2	3	3	2	1	2	1	
0	3	2	4	3	3	1	2	1	2	0	3	2	3	2	3	2	4	3	3	3	3	2	4	3	3	4	2	3	2	3	
0	3	5	4	4	4	4	4	2	4	3	0	3	3	4	4	3	2	2	3	3	3	3	1	3	4	2	3	2	1	2	
0	2	4	2	3	4	3	2	4	3	3	2	0	3	1	3	4	3	1	4	1	2	2	3	3	2	2	3	3	3	2	
0	3	3	4	3	3	4	3	1	4	3	3	3	0	4	2	2	4	4	3	2	3	4	4	4	3	3	3	4	4	3	
0	1	5	4	4	5	4	4	3	5	4	3	4	2	0	4	4	3	2	4	2	3	3	2	4	3	3	4	3	4	1	
0	3	3	4	2	4	2	2	2	3	1	4	3	3	2	0	3	3	3	4	1	1	3	4	2	2	2	3	2	3	3	
0	1	2	3	1	2	3	3	1	2	2	3	1	2	2	3	0	3	2	1	2	2	3	2	3	2	2	1	3	2	1	
0	2	4	3	2	4	3	2	1	4	2	3	3	3	2	3	2	0	3	3	2	1	2	1	2	3	2	3	2	4	1	
0	3	3	3	2	4	2	2	3	3	2	1	2	3	2	4	3	3	0	4	3	1	1	2	2	4	2	3	2	2	3	
0	3	2	3	2	3	3	2	2	1	2	2	1	1	2	3	3	2	2	0	2	1	3	3	2	1	2	2	2	3	2	
0	3	3	4	4	4	4	4	3	3	4	3	4	4	4	4	4	2	3	4	0	3	4	3	4	1	1	3	4	4	2	
0	2	3	3	1	3	2	1	2	3	1	3	3	2	1	3	2	3	2	3	2	0	3	3	1	3	1	2	4	3	2	
0	3	2	4	2	3	1	2	2	2	2	3	3	3	2	3	2	3	3	3	3	1	0	3	2	4	2	2	2	2	3	
0	2	4	3	3	3	4	3	1	3	3	2	3	3	3	3	2	1	2	2	2	2	3	0	3	3	3	2	1	3	1	
0	2	3	4	2	3	2	1	2	3	1	3	3	1	1	2	3	3	2	4	1	1	3	3	0	2	1	2	4	3	2	
0	3	3	4	3	5	3	3	2	2	3	3	3	4	3	3	3	1	3	4	3	2	3	2	3	0	3	4	3	3	2	
0	3	5	5	4	6	4	4	4	5	4	2	4	3	4	5	5	3	2	5	3	3	3	3	4	3	0	5	4	3	2	
0	3	3	2	2	1	2	2	1	3	1	2	3	3	2	2	2	4	3	3	3	1	3	3	2	3	2	0	3	3	3	
0	2	4	2	2	4	3	3	2	3	3	3	4	4	3	4	3	1	3	3	2	2	3	2	3	2	2	3	0	4	1	
0	3	4	5	3	4	3	3	3	4	2	5	3	2	3	3	2	5	4	3	3	3	4	4	2	4	3	3	5	0	3	
0	1	4	4	4	4	4	4	2	4	4	3	4	4	4	4	3	2	2	3	1	3	3	1	4	2	2	3	2	4	0	
M2
0	0	0	0	0	0	0	0	0	0	0	0	0	0	0	0	0	0	0	0	0	0	0	0	0	0	0	0	0	0	0	
0	0	3	3	3	3	2	2	3	2	4	2	2	3	2	1	3	3	1	2	2	4	3	1	4	2	2	2	3	2	1	
0	3	0	2	3	1	2	1	2	2	2	2	2	1	1	1	2	2	2	1	2	2	2	3	3	1	2	2	2	2	3	
0	4	1	0	1	2	3	2	3	3	3	2	3	2	2	2	2	3	3	2	3	3	1	2	3	2	3	3	3	3	3	
0	4	3	3	0	2	3	4	3	2	4	3	2	4	3	4	1	3	3	2	3	3	3	1	2	3	3	3	3	3	2	
0	4	2	3	3	0	3	3	3	3	4	2	2	3	1	3	1	2	2	2	3	3	3	4	4	3	3	3	1	3	2	
0	2	5	5	3	4	0	4	5	3	4	2	3	4	4	3	4	5	3	4	4	3	2	3	4	4	1	3	4	4	3	
0	3	2	4	2	2	3	0	3	1	2	1	2	1	3	3	3	3	3	3	1	3	2	3	3	2	1	1	2	2	2	
0	4	3	3	3	2	3	1	0	2	3	2	2	2	3	4	3	3	3	2	2	3	3	3	4	2	2	1	1	3	2	
0	2	3	3	1	2	3	3	3	0	4	3	3	3	3	2	2	3	3	2	1	4	1	2	3	2	4	2	1	1	3	
0	3	4	4	2	3	4	4	4	1	0	3	4	4	4	3	3	4	4	3	2	3	2	3	4	3	5	3	2	2	4	
0	4	4	3	1	3	3	3	4	3	2	0	2	4	3	3	2	3	4	2	4	4	4	2	2	3	4	1	2	3	2	
0	3	3	4	2	3	4	2	2	1	3	3	0	2	4	3	3	4	4	3	2	4	2	3	4	3	3	3	2	2	4	
0	4	1	3	3	1	3	2	3	2	1	3	2	0	2	2	2	3	3	2	2	2	3	3	2	2	3	1	2	3	2	
0	4	1	3	2	2	3	2	3	3	3	1	3	2	0	2	3	3	2	2	3	2	3	3	3	2	3	2	1	3	3	
0	3	2	2	3	3	3	3	4	4	4	4	3	3	3	0	2	3	4	3	4	4	3	4	5	3	4	3	4	4	2	
0	3	2	2	3	1	2	3	2	3	4	3	3	3	2	3	0	2	2	3	2	2	2	3	4	2	2	2	2	2	1	
0	3	2	4	2	2	2	2	2	1	2	2	3	1	1	3	3	0	2	3	2	3	1	3	3	1	3	2	2	2	3	
0	2	3	2	2	3	3	3	2	1	4	3	2	3	3	3	3	2	0	3	2	4	2	2	3	3	4	1	2	1	2	
0	3	2	1	2	2	2	3	2	1	3	2	1	2	1	3	1	1	2	0	2	3	2	3	4	1	3	3	2	2	2	
0	2	2	4	4	1	2	3	2	3	3	3	2	3	2	3	2	2	2	3	0	3	2	3	4	1	3	1	2	3	2	
0	3	2	3	2	2	2	1	3	2	2	2	2	1	2	3	1	3	3	2	1	0	3	1	3	2	2	2	3	3	1	
0	5	3	4	2	2	3	2	4	3	3	3	2	2	3	2	3	4	4	4	3	4	0	3	4	4	3	3	3	4	4	
0	3	3	2	2	3	2	3	3	1	4	3	1	3	2	3	2	2	3	1	2	3	2	0	4	2	3	2	2	2	1	
0	4	3	3	2	2	3	4	3	4	3	1	3	4	3	2	1	3	3	3	3	3	2	3	0	3	3	2	3	3	2	
0	3	4	3	3	3	1	2	1	2	2	3	3	3	3	3	3	3	1	2	3	2	1	3	4	0	2	2	2	2	3	
0	4	4	5	3	4	4	3	4	2	3	4	2	3	4	4	3	5	5	4	3	2	3	3	3	4	0	4	3	3	3	
0	3	3	3	3	2	2	3	3	2	4	3	1	3	2	4	2	3	3	2	3	4	3	3	3	2	3	0	1	2	1	
0	3	3	2	3	1	2	3	2	2	4	2	2	3	2	4	2	2	3	1	3	4	3	4	4	2	3	3	0	3	3	
0	1	3	3	3	4	3	3	3	2	3	3	2	3	2	2	3	2	2	2	3	4	2	1	2	3	3	3	3	0	2	
0	3	2	4	3	3	1	3	2	3	3	2	2	3	1	3	3	4	2	3	4	3	2	4	4	1	2	1	2	3	0	
M3
0	0	0	0	0	0	0	0	0	0	0	0	0	0	0	0	0	0	0	0	0	0	0	0	0	0	0	0	0	0	0	
0	0	3	2	3	2	1	2	3	2	2	2	3	1	3	1	2	1	2	1	3	2	3	2	2	1	2	2	3	2	2	
0	2	0	4	4	1	3	2	2	4	4	4	4	3	1	3	3	2	3	3	2	2	2	3	4	3	3	4	3	4	3	
0	3	3	0	4	3	1	2	3	3	3	2	3	2	3	1	1	2	3	2	4	3	3	3	2	2	2	3	2	3	2	
0	2	3	3	0	3	3	2	3	3	1	4	2	3	3	3	2	2	3	3	3	4	4	3	2	3	3	1	2	2	2	
0	1	4	3	4	0	2	3	1	3	3	3	3	2	3	2	3	2	3	2	3	3	3	2	3	2	3	3	4	3	2	
0	3	3	2	3	2	0	2	3	2	3	1	2	1	2	1	3	2	3	2	3	2	2	3	2	1	1	2	2	2	3	
0	3	3	2	4	2	1	0	2	2	3	2	2	1	3	2	3	3	3	2	3	2	3	2	3	1	2	3	3	3	3	
0	3	3	2	3	2	3	2	0	2	2	2	3	1	2	1	3	2	2	4	2	3	3	3	4	3	4	2	3	3	1	
0	3	1	3	2	2	4	3	3	0	2	3	4	3	2	3	2	3	2	3	2	1	2	4	4	3	3	3	2	3	3	
0	3	2	2	2	3	3	3	3	3	0	3	4	4	2	3	1	3	2	2	2	3	3	3	3	4	3	3	2	1	2	
0	2	2	2	4	2	3	2	2	2	4	0	3	3	3	3	3	3	3	2	2	2	1	3	3	1	2	2	1	3	3	
0	3	3	2	2	2	3	4	3	4	2	2	0	3	4	3	3	2	2	4	4	4	3	3	3	3	3	3	3	1	1	
0	4	2	1	3	3	2	1	3	1	3	3	2	0	3	1	2	2	3	3	3	2	3	3	3	2	3	4	3	3	3	
0	3	3	3	3	3	4	3	3	4	3	3	3	3	0	3	2	2	2	3	2	1	3	2	3	3	3	3	2	4	2	
0	3	3	3	4	3	2	1	3	3	2	3	3	2	4	0	3	1	2	3	4	3	3	2	3	2	3	3	3	3	3	
0	2	2	2	3	2	3	2	2	2	2	4	3	3	3	3	0	2	3	1	3	3	2	2	2	3	2	2	1	3	1	
0	2	2	2	4	3	3	2	3	2	3	4	2	1	3	2	3	0	1	3	3	3	2	1	2	3	2	3	2	3	2	
0	1	2	2	3	2	2	2	2	3	2	3	3	2	3	2	3	2	0	2	4	3	3	3	3	2	2	3	1	3	1	
0	2	2	3	3	2	3	2	3	1	2	4	2	3	3	3	1	2	3	0	3	2	2	1	1	3	2	1	2	3	1	
0	2	3	3	4	3	2	1	3	3	4	3	2	2	2	3	2	3	2	3	0	1	2	3	2	2	3	3	2	3	3	
0	2	2	2	4	2	3	2	2	3	3	2	3	3	3	3	1	3	1	2	1	0	3	3	3	2	2	2	1	4	2	
0	3	1	3	4	2	3	2	2	2	3	2	2	2	2	2	2	3	3	1	1	2	0	2	2	3	3	2	3	3	2	
0	3	2	3	3	3	3	2	3	2	3	3	1	3	2	3	2	3	3	2	2	2	1	0	1	3	1	2	3	2	2	
0	2	2	3	3	2	2	1	3	1	3	3	2	2	3	3	1	3	3	2	3	2	3	2	0	2	3	1	2	2	2	
0	2	3	3	3	1	3	3	2	2	3	3	3	3	4	2	2	3	2	1	2	1	3	2	2	0	3	2	2	2	2	
0	2	3	2	3	3	3	2	3	4	3	3	1	3	1	3	2	3	2	3	2	1	2	3	4	3	0	1	2	2	2	
0	1	4	3	3	3	2	1	3	3	3	3	1	2	4	2	3	2	3	2	4	3	4	3	3	2	3	0	4	2	2	
0	1	1	1	3	2	2	1	1	2	3	3	2	2	2	2	2	2	2	2	3	2	3	3	2	2	1	2	0	3	2	
0	2	3	1	1	3	2	3	2	4	2	3	3	3	3	2	2	3	1	3	4	3	4	4	3	3	2	2	2	0	2	
0	2	2	3	2	1	3	3	2	3	1	4	3	2	3	3	2	1	2	3	3	4	2	2	3	3	3	2	3	2	0	
Tamanho_Tarefas
0	24	20	22	24	26	9	25	5	21	30	20	11	14	12	23	8	2	28	26	4	22	18	20	19	8	12	10	19	7	19	
Data_Entrega
0	181	214	173	164	190	208	161	212	194	203	170	184	189	174	163	167	213	177	198	167	194	187	167	195	192	200	184	161	214	172	
Penalidade_Atraso
0	8	15	12	1	9	12	9	11	5	17	19	8	14	12	3	14	12	5	16	4	14	18	4	15	17	1	15	13	5	11	
Capacidade_Veiculo
78	43	65	68	88	82	38	41	40	52	69	61	89	43	55	72	
Custo_Fixo_Veiculo
780	430	650	680	880	820	380	410	400	520	690	610	890	430	550	720	
Coordenadas_Clientes
x	0	y	0
x	104	y	0
x	100	y	21
x	96	y	43
x	100	y	72
x	80	y	89
x	40	y	70
x	23	y	71
x	7	y	75
x	-12	y	123
x	-25	y	77
x	-43	y	75
x	-53	y	59
x	-75	y	54
x	-70	y	31
x	-106	y	22
x	-111	y	0
x	-97	y	-20
x	-77	y	-34
x	-69	y	-50
x	-61	y	-68
x	-50	y	-88
x	-27	y	-84
x	-8	y	-76
x	13	y	-124
x	25	y	-79
x	60	y	-104
x	66	y	-74
x	72	y	-52
x	97	y	-43
x	95	y	-20
Tempo_Viagem
0	104	102	105	123	119	80	74	75	123	80	86	79	92	76	108	111	99	84	85	91	101	88	76	124	82	120	99	88	106	97	
104	0	21	43	72	91	94	107	122	168	150	165	167	186	176	211	215	201	184	180	178	177	155	135	153	111	112	82	60	43	21	
102	21	0	22	51	70	77	91	107	151	136	152	157	178	170	206	212	201	185	183	183	185	164	145	169	125	130	100	78	64	41	
105	43	22	0	29	48	62	78	94	134	125	142	149	171	166	203	211	203	189	189	192	196	176	158	186	141	149	119	97	86	63	
123	72	51	29	0	26	60	77	93	123	125	143	153	175	174	211	222	217	206	208	213	219	201	183	214	168	178	148	126	115	92	
119	91	70	48	26	0	44	59	74	98	105	123	135	157	160	196	210	207	199	203	210	219	203	187	222	176	193	163	141	133	110	
80	94	77	62	60	44	0	17	33	74	65	83	93	115	116	153	166	163	156	162	171	181	167	153	195	149	175	146	126	126	105	
74	107	91	78	77	59	17	0	16	62	48	66	76	98	101	137	151	150	145	152	162	174	162	150	195	150	178	151	132	135	116	
75	122	107	94	93	74	33	16	0	51	32	50	62	84	88	124	139	140	137	146	158	172	162	151	199	155	186	160	142	148	129	
123	168	151	134	123	98	74	62	51	0	47	57	75	93	107	137	157	164	169	181	196	213	207	199	247	205	237	211	193	197	178	
80	150	136	125	125	105	65	48	32	47	0	18	33	55	64	97	115	120	122	134	149	166	161	153	204	162	199	176	161	171	154	
86	165	152	142	143	123	83	66	50	57	18	0	18	38	50	82	100	107	114	127	144	163	159	155	206	168	206	184	171	183	167	
79	167	157	149	153	135	93	76	62	75	33	18	0	22	32	64	82	89	96	110	127	147	145	142	194	158	198	178	167	181	167	
92	186	178	171	175	157	115	98	84	93	55	38	22	0	23	44	64	77	88	104	122	143	145	146	198	166	207	190	180	197	185	
76	176	170	166	174	160	116	101	88	107	64	50	32	23	0	37	51	57	65	81	99	120	122	123	175	145	187	171	164	182	172	
108	211	206	203	211	196	153	137	124	137	97	82	64	44	37	0	22	42	63	80	99	121	132	138	188	165	208	196	192	213	205	
111	215	212	211	222	210	166	151	139	157	115	100	82	64	51	22	0	24	48	65	84	106	118	128	174	157	200	191	190	212	206	
99	201	201	203	217	207	163	150	140	164	120	107	89	77	57	42	24	0	24	41	60	82	94	104	150	135	177	171	172	195	192	
84	184	185	189	206	199	156	145	137	169	122	114	96	88	65	63	48	24	0	17	36	58	70	80	126	111	153	148	150	174	172	
85	180	183	189	208	203	162	152	146	181	134	127	110	104	81	80	65	41	17	0	19	41	54	66	110	98	139	137	141	166	166	
91	178	183	192	213	210	171	162	158	196	149	144	127	122	99	99	84	60	36	19	0	22	37	53	92	86	126	127	133	159	163	
101	177	185	196	219	219	181	174	172	213	166	163	147	143	120	121	106	82	58	41	22	0	23	43	72	75	111	116	126	152	160	
88	155	164	176	201	203	167	162	162	207	161	159	145	145	122	132	118	94	70	54	37	23	0	20	56	52	89	93	103	129	137	
76	135	145	158	183	187	153	150	151	199	153	155	142	146	123	138	128	104	80	66	53	43	20	0	52	33	73	74	83	109	117	
124	153	169	186	214	222	195	195	199	247	204	206	194	198	175	188	174	150	126	110	92	72	56	52	0	46	51	72	93	115	132	
82	111	125	141	168	176	149	150	155	205	162	168	158	166	145	165	157	135	111	98	86	75	52	33	46	0	43	41	54	80	91	
120	112	130	149	178	193	175	178	186	237	199	206	198	207	187	208	200	177	153	139	126	111	89	73	51	43	0	30	52	71	91	
99	82	100	119	148	163	146	151	160	211	176	184	178	190	171	196	191	171	148	137	127	116	93	74	72	41	30	0	22	43	61	
88	60	78	97	126	141	126	132	142	193	161	171	167	180	164	192	190	172	150	141	133	126	103	83	93	54	52	22	0	26	39	
106	43	64	86	115	133	126	135	148	197	171	183	181	197	182	213	212	195	174	166	159	152	129	109	115	80	71	43	26	0	23	
97	21	41	63	92	110	105	116	129	178	154	167	167	185	172	205	206	192	172	166	163	160	137	117	132	91	91	61	39	23	0	
Custo_Viagem
V0
0	1622	1591	1638	1918	1856	1248	1154	1170	1918	1248	1341	1232	1435	1185	1684	1731	1544	1310	1326	1419	1575	1372	1185	1934	1279	1872	1544	1372	1653	1513	
1622	0	327	670	1123	1435	1466	1669	1903	2636	2340	2574	2605	2901	2745	3291	3354	3135	2870	2808	2776	2761	2418	2106	2386	1731	1747	1294	951	670	327	
1591	327	0	343	795	1092	1201	1419	1669	2355	2121	2371	2449	2776	2652	3213	3307	3135	2886	2854	2854	2886	2558	2262	2636	1950	2043	1560	1216	998	639	
1638	670	343	0	452	748	967	1216	1466	2090	1950	2215	2324	2667	2589	3166	3291	3166	2948	2948	2995	3057	2745	2464	2901	2199	2355	1872	1513	1341	982	
1918	1123	795	452	0	405	936	1201	1450	1918	1950	2230	2386	2730	2714	3291	3463	3385	3213	3244	3322	3416	3135	2854	3338	2620	2808	2324	1981	1794	1435	
1856	1435	1092	748	405	0	686	920	1154	1528	1638	1918	2121	2464	2496	3073	3276	3229	3104	3166	3291	3416	3166	2917	3478	2745	3026	2542	2199	2074	1716	
1248	1466	1201	967	936	686	0	265	514	1154	1014	1294	1450	1809	1809	2386	2589	2542	2433	2527	2667	2823	2605	2386	3042	2324	2730	2277	1965	1965	1638	
1154	1669	1419	1216	1201	920	265	0	249	967	748	1029	1185	1544	1575	2137	2355	2340	2262	2371	2527	2714	2527	2340	3042	2340	2776	2355	2059	2106	1809	
1170	1903	1669	1466	1450	1154	514	249	0	795	499	780	967	1310	1372	1934	2168	2184	2137	2277	2464	2683	2527	2355	3104	2418	2901	2496	2215	2308	2012	
1918	2636	2355	2090	1918	1528	1154	967	795	0	733	889	1185	1450	1684	2137	2449	2589	2636	2839	3073	3338	3229	3104	3868	3198	3712	3291	3026	3088	2776	
1248	2340	2121	1950	1950	1638	1014	748	499	733	0	280	514	858	998	1513	1794	1872	1903	2090	2324	2589	2511	2386	3182	2542	3104	2745	2511	2667	2402	
1341	2574	2371	2215	2230	1918	1294	1029	780	889	280	0	280	592	795	1279	1575	1700	1778	1981	2246	2542	2480	2418	3213	2620	3213	2870	2667	2854	2605	
1232	2605	2449	2324	2386	2121	1450	1185	967	1185	514	280	0	343	499	998	1279	1404	1497	1716	1981	2293	2262	2215	3026	2464	3088	2776	2605	2823	2605	
1435	2901	2776	2667	2730	2464	1809	1544	1310	1450	858	592	343	0	358	686	998	1201	1372	1622	1903	2246	2277	2277	3088	2589	3229	2964	2823	3073	2886	
1185	2745	2652	2589	2714	2496	1809	1575	1372	1684	998	795	499	358	0	577	795	889	1014	1263	1544	1872	1903	1918	2730	2262	2917	2667	2558	2839	2683	
1684	3291	3213	3166	3291	3073	2386	2137	1934	2137	1513	1279	998	686	577	0	343	655	982	1248	1560	1918	2059	2152	2932	2574	3244	3057	2995	3322	3198	
1731	3354	3307	3291	3463	3276	2589	2355	2168	2449	1794	1575	1279	998	795	343	0	374	748	1014	1310	1669	1840	1996	2730	2449	3120	2979	2964	3307	3213	
1544	3135	3135	3166	3385	3229	2542	2340	2184	2589	1872	1700	1404	1201	889	655	374	0	374	639	936	1279	1466	1638	2355	2106	2776	2667	2683	3042	2995	
1310	2870	2886	2948	3213	3104	2433	2262	2137	2636	1903	1778	1497	1372	1014	982	748	374	0	265	577	936	1092	1248	1981	1731	2386	2308	2340	2714	2683	
1326	2808	2854	2948	3244	3166	2527	2371	2277	2839	2090	1981	1716	1622	1263	1248	1014	639	265	0	296	655	842	1029	1716	1528	2168	2137	2199	2589	2589	
1419	2776	2854	2995	3322	3291	2667	2527	2464	3073	2324	2246	1981	1903	1544	1560	1310	936	577	296	0	343	577	826	1435	1341	1965	1981	2074	2480	2542	
1575	2761	2886	3057	3416	3416	2823	2714	2683	3338	2589	2542	2293	2246	1872	1918	1669	1279	936	655	343	0	358	670	1123	1170	1731	1809	1981	2386	2496	
1372	2418	2558	2745	3135	3166	2605	2527	2527	3229	2511	2480	2262	2277	1903	2059	1840	1466	1092	842	577	358	0	312	873	811	1388	1450	1622	2028	2137	
1185	2106	2262	2464	2854	2917	2386	2340	2355	3104	2386	2418	2215	2277	1918	2152	1996	1638	1248	1029	826	670	312	0	811	514	1138	1154	1294	1716	1825	
1934	2386	2636	2901	3338	3478	3042	3042	3104	3868	3182	3213	3026	3088	2730	2932	2730	2355	1981	1716	1435	1123	873	811	0	717	795	1123	1450	1809	2059	
1279	1731	1950	2199	2620	2745	2324	2340	2418	3198	2542	2620	2464	2589	2262	2574	2449	2106	1731	1528	1341	1170	811	514	717	0	670	639	842	1248	1419	
1872	1747	2043	2355	2808	3026	2730	2776	2901	3712	3104	3213	3088	3229	2917	3244	3120	2776	2386	2168	1965	1731	1388	1138	795	670	0	468	826	1107	1419	
1544	1294	1560	1872	2324	2542	2277	2355	2496	3291	2745	2870	2776	2964	2667	3057	2979	2667	2308	2137	1981	1809	1450	1154	1123	639	468	0	343	670	951	
1372	951	1216	1513	1981	2199	1965	2059	2215	3026	2511	2667	2605	2823	2558	2995	2964	2683	2340	2199	2074	1981	1622	1294	1450	842	826	343	0	405	608	
1653	670	998	1341	1794	2074	1965	2106	2308	3088	2667	2854	2823	3073	2839	3322	3307	3042	2714	2589	2480	2386	2028	1716	1809	1248	1107	670	405	0	358	
1513	327	639	982	1435	1716	1638	1809	2012	2776	2402	2605	2605	2886	2683	3198	3213	2995	2683	2589	2542	2496	2137	1825	2059	1419	1419	951	608	358	0	
V1
0	894	877	903	1057	1023	688	636	645	1057	688	739	679	791	653	928	954	851	722	731	782	868	756	653	1066	705	1032	851	756	911	834	
894	0	180	369	619	791	808	920	1049	1453	1290	1419	1436	1599	1513	1814	1849	1728	1582	1548	1530	1522	1333	1161	1315	954	963	713	524	369	180	
877	180	0	189	438	602	662	782	920	1298	1169	1307	1350	1530	1462	1771	1823	1728	1591	1573	1573	1591	1410	1247	1453	1075	1126	860	670	550	352	
903	369	189	0	249	412	533	670	808	1152	1075	1221	1281	1470	1427	1745	1814	1745	1625	1625	1651	1685	1513	1358	1599	1212	1298	1032	834	739	541	
1057	619	438	249	0	223	516	662	799	1057	1075	1229	1315	1505	1496	1814	1909	1866	1771	1788	1831	1883	1728	1573	1840	1444	1548	1281	1092	989	791	
1023	791	602	412	223	0	378	507	636	842	903	1057	1169	1358	1376	1694	1806	1780	1711	1745	1814	1883	1745	1608	1917	1513	1668	1401	1212	1143	946	
688	808	662	533	516	378	0	146	283	636	559	713	799	997	997	1315	1427	1401	1341	1393	1470	1556	1436	1315	1677	1281	1505	1255	1083	1083	903	
636	920	782	670	662	507	146	0	137	533	412	567	653	851	868	1178	1298	1290	1247	1307	1393	1496	1393	1290	1677	1290	1530	1298	1135	1161	997	
645	1049	920	808	799	636	283	137	0	438	275	430	533	722	756	1066	1195	1204	1178	1255	1358	1479	1393	1298	1711	1333	1599	1376	1221	1272	1109	
1057	1453	1298	1152	1057	842	636	533	438	0	404	490	653	799	928	1178	1350	1427	1453	1565	1694	1840	1780	1711	2132	1763	2046	1814	1668	1702	1530	
688	1290	1169	1075	1075	903	559	412	275	404	0	154	283	473	550	834	989	1032	1049	1152	1281	1427	1384	1315	1754	1401	1711	1513	1384	1470	1324	
739	1419	1307	1221	1229	1057	713	567	430	490	154	0	154	326	438	705	868	937	980	1092	1238	1401	1367	1333	1771	1444	1771	1582	1470	1573	1436	
679	1436	1350	1281	1315	1169	799	653	533	653	283	154	0	189	275	550	705	774	825	946	1092	1264	1247	1221	1668	1358	1702	1530	1436	1556	1436	
791	1599	1530	1470	1505	1358	997	851	722	799	473	326	189	0	197	378	550	662	756	894	1049	1238	1255	1255	1702	1427	1780	1634	1556	1694	1591	
653	1513	1462	1427	1496	1376	997	868	756	928	550	438	275	197	0	318	438	490	559	696	851	1032	1049	1057	1505	1247	1608	1470	1410	1565	1479	
928	1814	1771	1745	1814	1694	1315	1178	1066	1178	834	705	550	378	318	0	189	361	541	688	860	1057	1135	1186	1616	1419	1788	1685	1651	1831	1763	
954	1849	1823	1814	1909	1806	1427	1298	1195	1350	989	868	705	550	438	189	0	206	412	559	722	920	1014	1100	1505	1350	1720	1642	1634	1823	1771	
851	1728	1728	1745	1866	1780	1401	1290	1204	1427	1032	937	774	662	490	361	206	0	206	352	516	705	808	903	1298	1161	1530	1470	1479	1677	1651	
722	1582	1591	1625	1771	1711	1341	1247	1178	1453	1049	980	825	756	559	541	412	206	0	146	318	516	602	688	1092	954	1315	1272	1290	1496	1479	
731	1548	1573	1625	1788	1745	1393	1307	1255	1565	1152	1092	946	894	696	688	559	352	146	0	163	361	464	567	946	842	1195	1178	1212	1427	1427	
782	1530	1573	1651	1831	1814	1470	1393	1358	1694	1281	1238	1092	1049	851	860	722	516	318	163	0	189	318	455	791	739	1083	1092	1143	1367	1401	
868	1522	1591	1685	1883	1883	1556	1496	1479	1840	1427	1401	1264	1238	1032	1057	920	705	516	361	189	0	197	369	619	645	954	997	1092	1315	1376	
756	1333	1410	1513	1728	1745	1436	1393	1393	1780	1384	1367	1247	1255	1049	1135	1014	808	602	464	318	197	0	172	481	447	765	799	894	1118	1178	
653	1161	1247	1358	1573	1608	1315	1290	1298	1711	1315	1333	1221	1255	1057	1186	1100	903	688	567	455	369	172	0	447	283	627	636	713	946	1006	
1066	1315	1453	1599	1840	1917	1677	1677	1711	2132	1754	1771	1668	1702	1505	1616	1505	1298	1092	946	791	619	481	447	0	395	438	619	799	997	1135	
705	954	1075	1212	1444	1513	1281	1290	1333	1763	1401	1444	1358	1427	1247	1419	1350	1161	954	842	739	645	447	283	395	0	369	352	464	688	782	
1032	963	1126	1298	1548	1668	1505	1530	1599	2046	1711	1771	1702	1780	1608	1788	1720	1530	1315	1195	1083	954	765	627	438	369	0	258	455	610	782	
851	713	860	1032	1281	1401	1255	1298	1376	1814	1513	1582	1530	1634	1470	1685	1642	1470	1272	1178	1092	997	799	636	619	352	258	0	189	369	524	
756	524	670	834	1092	1212	1083	1135	1221	1668	1384	1470	1436	1556	1410	1651	1634	1479	1290	1212	1143	1092	894	713	799	464	455	189	0	223	335	
911	369	550	739	989	1143	1083	1161	1272	1702	1470	1573	1556	1694	1565	1831	1823	1677	1496	1427	1367	1315	1118	946	997	688	610	369	223	0	197	
834	180	352	541	791	946	903	997	1109	1530	1324	1436	1436	1591	1479	1763	1771	1651	1479	1427	1401	1376	1178	1006	1135	782	782	524	335	197	0	
V2
0	1352	1326	1365	1599	1547	1040	962	975	1599	1040	1118	1027	1196	988	1404	1443	1287	1092	1105	1183	1313	1144	988	1612	1066	1560	1287	1144	1378	1261	
1352	0	273	559	936	1196	1222	1391	1586	2197	1950	2145	2171	2418	2288	2743	2795	2613	2392	2340	2314	2301	2015	1755	1989	1443	1456	1079	793	559	273	
1326	273	0	286	663	910	1001	1183	1391	1963	1768	1976	2041	2314	2210	2678	2756	2613	2405	2379	2379	2405	2132	1885	2197	1625	1703	1300	1014	832	533	
1365	559	286	0	377	624	806	1014	1222	1742	1625	1846	1937	2223	2158	2639	2743	2639	2457	2457	2496	2548	2288	2054	2418	1833	1963	1560	1261	1118	819	
1599	936	663	377	0	338	780	1001	1209	1599	1625	1859	1989	2275	2262	2743	2886	2821	2678	2704	2769	2847	2613	2379	2782	2184	2340	1937	1651	1495	1196	
1547	1196	910	624	338	0	572	767	962	1274	1365	1599	1768	2054	2080	2561	2730	2691	2587	2639	2743	2847	2639	2431	2899	2288	2522	2119	1833	1729	1430	
1040	1222	1001	806	780	572	0	221	429	962	845	1079	1209	1508	1508	1989	2158	2119	2028	2106	2223	2353	2171	1989	2535	1937	2275	1898	1638	1638	1365	
962	1391	1183	1014	1001	767	221	0	208	806	624	858	988	1287	1313	1781	1963	1950	1885	1976	2106	2262	2106	1950	2535	1950	2314	1963	1716	1755	1508	
975	1586	1391	1222	1209	962	429	208	0	663	416	650	806	1092	1144	1612	1807	1820	1781	1898	2054	2236	2106	1963	2587	2015	2418	2080	1846	1924	1677	
1599	2197	1963	1742	1599	1274	962	806	663	0	611	741	988	1209	1404	1781	2041	2158	2197	2366	2561	2782	2691	2587	3224	2665	3094	2743	2522	2574	2314	
1040	1950	1768	1625	1625	1365	845	624	416	611	0	234	429	715	832	1261	1495	1560	1586	1742	1937	2158	2093	1989	2652	2119	2587	2288	2093	2223	2002	
1118	2145	1976	1846	1859	1599	1079	858	650	741	234	0	234	494	663	1066	1313	1417	1482	1651	1872	2119	2067	2015	2678	2184	2678	2392	2223	2379	2171	
1027	2171	2041	1937	1989	1768	1209	988	806	988	429	234	0	286	416	832	1066	1170	1248	1430	1651	1911	1885	1846	2522	2054	2574	2314	2171	2353	2171	
1196	2418	2314	2223	2275	2054	1508	1287	1092	1209	715	494	286	0	299	572	832	1001	1144	1352	1586	1872	1898	1898	2574	2158	2691	2470	2353	2561	2405	
988	2288	2210	2158	2262	2080	1508	1313	1144	1404	832	663	416	299	0	481	663	741	845	1053	1287	1560	1586	1599	2275	1885	2431	2223	2132	2366	2236	
1404	2743	2678	2639	2743	2561	1989	1781	1612	1781	1261	1066	832	572	481	0	286	546	819	1040	1300	1599	1716	1794	2444	2145	2704	2548	2496	2769	2665	
1443	2795	2756	2743	2886	2730	2158	1963	1807	2041	1495	1313	1066	832	663	286	0	312	624	845	1092	1391	1534	1664	2275	2041	2600	2483	2470	2756	2678	
1287	2613	2613	2639	2821	2691	2119	1950	1820	2158	1560	1417	1170	1001	741	546	312	0	312	533	780	1066	1222	1365	1963	1755	2314	2223	2236	2535	2496	
1092	2392	2405	2457	2678	2587	2028	1885	1781	2197	1586	1482	1248	1144	845	819	624	312	0	221	481	780	910	1040	1651	1443	1989	1924	1950	2262	2236	
1105	2340	2379	2457	2704	2639	2106	1976	1898	2366	1742	1651	1430	1352	1053	1040	845	533	221	0	247	546	702	858	1430	1274	1807	1781	1833	2158	2158	
1183	2314	2379	2496	2769	2743	2223	2106	2054	2561	1937	1872	1651	1586	1287	1300	1092	780	481	247	0	286	481	689	1196	1118	1638	1651	1729	2067	2119	
1313	2301	2405	2548	2847	2847	2353	2262	2236	2782	2158	2119	1911	1872	1560	1599	1391	1066	780	546	286	0	299	559	936	975	1443	1508	1651	1989	2080	
1144	2015	2132	2288	2613	2639	2171	2106	2106	2691	2093	2067	1885	1898	1586	1716	1534	1222	910	702	481	299	0	260	728	676	1157	1209	1352	1690	1781	
988	1755	1885	2054	2379	2431	1989	1950	1963	2587	1989	2015	1846	1898	1599	1794	1664	1365	1040	858	689	559	260	0	676	429	949	962	1079	1430	1521	
1612	1989	2197	2418	2782	2899	2535	2535	2587	3224	2652	2678	2522	2574	2275	2444	2275	1963	1651	1430	1196	936	728	676	0	598	663	936	1209	1508	1716	
1066	1443	1625	1833	2184	2288	1937	1950	2015	2665	2119	2184	2054	2158	1885	2145	2041	1755	1443	1274	1118	975	676	429	598	0	559	533	702	1040	1183	
1560	1456	1703	1963	2340	2522	2275	2314	2418	3094	2587	2678	2574	2691	2431	2704	2600	2314	1989	1807	1638	1443	1157	949	663	559	0	390	689	923	1183	
1287	1079	1300	1560	1937	2119	1898	1963	2080	2743	2288	2392	2314	2470	2223	2548	2483	2223	1924	1781	1651	1508	1209	962	936	533	390	0	286	559	793	
1144	793	1014	1261	1651	1833	1638	1716	1846	2522	2093	2223	2171	2353	2132	2496	2470	2236	1950	1833	1729	1651	1352	1079	1209	702	689	286	0	338	507	
1378	559	832	1118	1495	1729	1638	1755	1924	2574	2223	2379	2353	2561	2366	2769	2756	2535	2262	2158	2067	1989	1690	1430	1508	1040	923	559	338	0	299	
1261	273	533	819	1196	1430	1365	1508	1677	2314	2002	2171	2171	2405	2236	2665	2678	2496	2236	2158	2119	2080	1781	1521	1716	1183	1183	793	507	299	0	
V3
0	1414	1387	1428	1672	1618	1088	1006	1020	1672	1088	1169	1074	1251	1033	1468	1509	1346	1142	1156	1237	1373	1196	1033	1686	1115	1632	1346	1196	1441	1319	
1414	0	285	584	979	1251	1278	1455	1659	2298	2040	2244	2271	2529	2393	2869	2924	2733	2502	2448	2420	2407	2108	1836	2080	1509	1523	1128	829	584	285	
1387	285	0	299	693	952	1047	1237	1455	2053	1849	2067	2135	2420	2312	2801	2883	2733	2516	2488	2488	2516	2230	1972	2298	1700	1781	1360	1060	870	557	
1428	584	299	0	394	652	843	1060	1278	1822	1700	1931	2026	2325	2257	2760	2869	2760	2570	2570	2611	2665	2393	2148	2529	1917	2053	1632	1319	1169	856	
1672	979	693	394	0	353	816	1047	1264	1672	1700	1944	2080	2380	2366	2869	3019	2951	2801	2828	2896	2978	2733	2488	2910	2284	2448	2026	1727	1564	1251	
1618	1251	952	652	353	0	598	802	1006	1332	1428	1672	1849	2148	2176	2679	2856	2815	2706	2760	2869	2978	2760	2543	3032	2393	2638	2216	1917	1808	1496	
1088	1278	1047	843	816	598	0	231	448	1006	884	1128	1264	1577	1577	2080	2257	2216	2121	2203	2325	2461	2271	2080	2652	2026	2380	1985	1713	1713	1428	
1006	1455	1237	1060	1047	802	231	0	217	843	652	897	1033	1346	1373	1863	2053	2040	1972	2067	2203	2366	2203	2040	2652	2040	2420	2053	1795	1836	1577	
1020	1659	1455	1278	1264	1006	448	217	0	693	435	680	843	1142	1196	1686	1890	1904	1863	1985	2148	2339	2203	2053	2706	2108	2529	2176	1931	2012	1754	
1672	2298	2053	1822	1672	1332	1006	843	693	0	639	775	1033	1264	1468	1863	2135	2257	2298	2475	2679	2910	2815	2706	3372	2788	3236	2869	2638	2692	2420	
1088	2040	1849	1700	1700	1428	884	652	435	639	0	244	448	748	870	1319	1564	1632	1659	1822	2026	2257	2189	2080	2774	2216	2706	2393	2189	2325	2094	
1169	2244	2067	1931	1944	1672	1128	897	680	775	244	0	244	516	693	1115	1373	1482	1550	1727	1958	2216	2162	2108	2801	2284	2801	2502	2325	2488	2271	
1074	2271	2135	2026	2080	1849	1264	1033	843	1033	448	244	0	299	435	870	1115	1224	1305	1496	1727	1999	1972	1931	2638	2148	2692	2420	2271	2461	2271	
1251	2529	2420	2325	2380	2148	1577	1346	1142	1264	748	516	299	0	312	598	870	1047	1196	1414	1659	1958	1985	1985	2692	2257	2815	2584	2461	2679	2516	
1033	2393	2312	2257	2366	2176	1577	1373	1196	1468	870	693	435	312	0	503	693	775	884	1101	1346	1632	1659	1672	2380	1972	2543	2325	2230	2475	2339	
1468	2869	2801	2760	2869	2679	2080	1863	1686	1863	1319	1115	870	598	503	0	299	571	856	1088	1360	1672	1795	1876	2556	2244	2828	2665	2611	2896	2788	
1509	2924	2883	2869	3019	2856	2257	2053	1890	2135	1564	1373	1115	870	693	299	0	326	652	884	1142	1455	1604	1740	2380	2135	2720	2597	2584	2883	2801	
1346	2733	2733	2760	2951	2815	2216	2040	1904	2257	1632	1482	1224	1047	775	571	326	0	326	557	816	1115	1278	1428	2053	1836	2420	2325	2339	2652	2611	
1142	2502	2516	2570	2801	2706	2121	1972	1863	2298	1659	1550	1305	1196	884	856	652	326	0	231	503	816	952	1088	1727	1509	2080	2012	2040	2366	2339	
1156	2448	2488	2570	2828	2760	2203	2067	1985	2475	1822	1727	1496	1414	1101	1088	884	557	231	0	258	571	734	897	1496	1332	1890	1863	1917	2257	2257	
1237	2420	2488	2611	2896	2869	2325	2203	2148	2679	2026	1958	1727	1659	1346	1360	1142	816	503	258	0	299	503	720	1251	1169	1713	1727	1808	2162	2216	
1373	2407	2516	2665	2978	2978	2461	2366	2339	2910	2257	2216	1999	1958	1632	1672	1455	1115	816	571	299	0	312	584	979	1020	1509	1577	1727	2080	2176	
1196	2108	2230	2393	2733	2760	2271	2203	2203	2815	2189	2162	1972	1985	1659	1795	1604	1278	952	734	503	312	0	272	761	707	1210	1264	1414	1768	1863	
1033	1836	1972	2148	2488	2543	2080	2040	2053	2706	2080	2108	1931	1985	1672	1876	1740	1428	1088	897	720	584	272	0	707	448	992	1006	1128	1496	1591	
1686	2080	2298	2529	2910	3032	2652	2652	2706	3372	2774	2801	2638	2692	2380	2556	2380	2053	1727	1496	1251	979	761	707	0	625	693	979	1264	1577	1795	
1115	1509	1700	1917	2284	2393	2026	2040	2108	2788	2216	2284	2148	2257	1972	2244	2135	1836	1509	1332	1169	1020	707	448	625	0	584	557	734	1088	1237	
1632	1523	1781	2053	2448	2638	2380	2420	2529	3236	2706	2801	2692	2815	2543	2828	2720	2420	2080	1890	1713	1509	1210	992	693	584	0	408	720	965	1237	
1346	1128	1360	1632	2026	2216	1985	2053	2176	2869	2393	2502	2420	2584	2325	2665	2597	2325	2012	1863	1727	1577	1264	1006	979	557	408	0	299	584	829	
1196	829	1060	1319	1727	1917	1713	1795	1931	2638	2189	2325	2271	2461	2230	2611	2584	2339	2040	1917	1808	1727	1414	1128	1264	734	720	299	0	353	530	
1441	584	870	1169	1564	1808	1713	1836	2012	2692	2325	2488	2461	2679	2475	2896	2883	2652	2366	2257	2162	2080	1768	1496	1577	1088	965	584	353	0	312	
1319	285	557	856	1251	1496	1428	1577	1754	2420	2094	2271	2271	2516	2339	2788	2801	2611	2339	2257	2216	2176	1863	1591	1795	1237	1237	829	530	312	0	
V4
0	1830	1795	1848	2164	2094	1408	1302	1320	2164	1408	1513	1390	1619	1337	1900	1953	1742	1478	1496	1601	1777	1548	1337	2182	1443	2112	1742	1548	1865	1707	
1830	0	369	756	1267	1619	1654	1883	2147	2974	2640	2904	2939	3273	3097	3713	3784	3537	3238	3168	3132	3115	2728	2376	2692	1953	1971	1460	1073	756	369	
1795	369	0	387	897	1232	1355	1601	1883	2657	2393	2675	2763	3132	2992	3625	3731	3537	3256	3220	3220	3256	2886	2552	2974	2200	2305	1760	1372	1126	721	
1848	756	387	0	510	844	1091	1372	1654	2358	2200	2499	2622	3009	2921	3572	3713	3572	3326	3326	3379	3449	3097	2780	3273	2481	2657	2112	1707	1513	1108	
2164	1267	897	510	0	457	1056	1355	1636	2164	2200	2516	2692	3080	3062	3713	3907	3819	3625	3660	3748	3854	3537	3220	3766	2956	3168	2622	2235	2024	1619	
2094	1619	1232	844	457	0	774	1038	1302	1724	1848	2164	2393	2780	2816	3467	3696	3643	3502	3572	3713	3854	3572	3291	3924	3097	3414	2868	2481	2340	1936	
1408	1654	1355	1091	1056	774	0	299	580	1302	1144	1460	1636	2041	2041	2692	2921	2868	2745	2851	3009	3185	2939	2692	3432	2622	3080	2569	2217	2217	1848	
1302	1883	1601	1372	1355	1038	299	0	281	1091	844	1161	1337	1742	1777	2411	2657	2640	2552	2675	2851	3062	2851	2640	3432	2640	3132	2657	2323	2376	2041	
1320	2147	1883	1654	1636	1302	580	281	0	897	563	880	1091	1478	1548	2182	2446	2464	2411	2569	2780	3027	2851	2657	3502	2728	3273	2816	2499	2604	2270	
2164	2974	2657	2358	2164	1724	1302	1091	897	0	827	1003	1337	1636	1900	2411	2763	2921	2974	3203	3467	3766	3643	3502	4364	3608	4188	3713	3414	3484	3132	
1408	2640	2393	2200	2200	1848	1144	844	563	827	0	316	580	968	1126	1707	2024	2112	2147	2358	2622	2921	2833	2692	3590	2868	3502	3097	2833	3009	2710	
1513	2904	2675	2499	2516	2164	1460	1161	880	1003	316	0	316	668	897	1443	1777	1918	2006	2235	2534	2868	2798	2728	3625	2956	3625	3238	3009	3220	2939	
1390	2939	2763	2622	2692	2393	1636	1337	1091	1337	580	316	0	387	563	1126	1443	1584	1689	1936	2235	2587	2552	2499	3414	2780	3484	3132	2939	3185	2939	
1619	3273	3132	3009	3080	2780	2041	1742	1478	1636	968	668	387	0	404	774	1126	1355	1548	1830	2147	2534	2569	2569	3484	2921	3643	3344	3185	3467	3256	
1337	3097	2992	2921	3062	2816	2041	1777	1548	1900	1126	897	563	404	0	651	897	1003	1144	1425	1742	2112	2147	2164	3080	2552	3291	3009	2886	3203	3027	
1900	3713	3625	3572	3713	3467	2692	2411	2182	2411	1707	1443	1126	774	651	0	387	739	1108	1408	1760	2164	2323	2428	3308	2904	3660	3449	3379	3748	3608	
1953	3784	3731	3713	3907	3696	2921	2657	2446	2763	2024	1777	1443	1126	897	387	0	422	844	1144	1478	1883	2076	2252	3080	2763	3520	3361	3344	3731	3625	
1742	3537	3537	3572	3819	3643	2868	2640	2464	2921	2112	1918	1584	1355	1003	739	422	0	422	721	1056	1443	1654	1848	2657	2376	3132	3009	3027	3432	3379	
1478	3238	3256	3326	3625	3502	2745	2552	2411	2974	2147	2006	1689	1548	1144	1108	844	422	0	299	651	1056	1232	1408	2235	1953	2692	2604	2640	3062	3027	
1496	3168	3220	3326	3660	3572	2851	2675	2569	3203	2358	2235	1936	1830	1425	1408	1144	721	299	0	334	739	950	1161	1936	1724	2446	2411	2481	2921	2921	
1601	3132	3220	3379	3748	3713	3009	2851	2780	3467	2622	2534	2235	2147	1742	1760	1478	1056	651	334	0	387	651	932	1619	1513	2217	2235	2340	2798	2868	
1777	3115	3256	3449	3854	3854	3185	3062	3027	3766	2921	2868	2587	2534	2112	2164	1883	1443	1056	739	387	0	404	756	1267	1320	1953	2041	2235	2692	2816	
1548	2728	2886	3097	3537	3572	2939	2851	2851	3643	2833	2798	2552	2569	2147	2323	2076	1654	1232	950	651	404	0	352	985	915	1566	1636	1830	2288	2411	
1337	2376	2552	2780	3220	3291	2692	2640	2657	3502	2692	2728	2499	2569	2164	2428	2252	1848	1408	1161	932	756	352	0	915	580	1284	1302	1460	1936	2059	
2182	2692	2974	3273	3766	3924	3432	3432	3502	4364	3590	3625	3414	3484	3080	3308	3080	2657	2235	1936	1619	1267	985	915	0	809	897	1267	1636	2041	2323	
1443	1953	2200	2481	2956	3097	2622	2640	2728	3608	2868	2956	2780	2921	2552	2904	2763	2376	1953	1724	1513	1320	915	580	809	0	756	721	950	1408	1601	
2112	1971	2305	2657	3168	3414	3080	3132	3273	4188	3502	3625	3484	3643	3291	3660	3520	3132	2692	2446	2217	1953	1566	1284	897	756	0	528	932	1249	1601	
1742	1460	1760	2112	2622	2868	2569	2657	2816	3713	3097	3238	3132	3344	3009	3449	3361	3009	2604	2411	2235	2041	1636	1302	1267	721	528	0	387	756	1073	
1548	1073	1372	1707	2235	2481	2217	2323	2499	3414	2833	3009	2939	3185	2886	3379	3344	3027	2640	2481	2340	2235	1830	1460	1636	950	932	387	0	457	686	
1865	756	1126	1513	2024	2340	2217	2376	2604	3484	3009	3220	3185	3467	3203	3748	3731	3432	3062	2921	2798	2692	2288	1936	2041	1408	1249	756	457	0	404	
1707	369	721	1108	1619	1936	1848	2041	2270	3132	2710	2939	2939	3256	3027	3608	3625	3379	3027	2921	2868	2816	2411	2059	2323	1601	1601	1073	686	404	0	
V5
0	1705	1672	1722	2017	1951	1312	1213	1230	2017	1312	1410	1295	1508	1246	1771	1820	1623	1377	1394	1492	1656	1443	1246	2033	1344	1968	1623	1443	1738	1590	
1705	0	344	705	1180	1508	1541	1754	2000	2771	2460	2706	2738	3050	2886	3460	3526	3296	3017	2952	2919	2902	2542	2214	2509	1820	1836	1361	1000	705	344	
1672	344	0	360	836	1148	1262	1492	1754	2476	2230	2492	2574	2919	2788	3378	3476	3296	3034	3001	3001	3034	2689	2378	2771	2050	2148	1640	1279	1049	672	
1722	705	360	0	475	787	1016	1279	1541	2197	2050	2328	2443	2804	2722	3329	3460	3329	3099	3099	3148	3214	2886	2591	3050	2312	2476	1968	1590	1410	1033	
2017	1180	836	475	0	426	984	1262	1525	2017	2050	2345	2509	2870	2853	3460	3640	3558	3378	3411	3493	3591	3296	3001	3509	2755	2952	2443	2082	1886	1508	
1951	1508	1148	787	426	0	721	967	1213	1607	1722	2017	2230	2591	2624	3230	3444	3394	3263	3329	3460	3591	3329	3066	3657	2886	3181	2673	2312	2181	1804	
1312	1541	1262	1016	984	721	0	278	541	1213	1066	1361	1525	1902	1902	2509	2722	2673	2558	2656	2804	2968	2738	2509	3198	2443	2870	2394	2066	2066	1722	
1213	1754	1492	1279	1262	967	278	0	262	1016	787	1082	1246	1623	1656	2246	2476	2460	2378	2492	2656	2853	2656	2460	3198	2460	2919	2476	2164	2214	1902	
1230	2000	1754	1541	1525	1213	541	262	0	836	524	820	1016	1377	1443	2033	2279	2296	2246	2394	2591	2820	2656	2476	3263	2542	3050	2624	2328	2427	2115	
2017	2771	2476	2197	2017	1607	1213	1016	836	0	770	934	1246	1525	1771	2246	2574	2722	2771	2984	3230	3509	3394	3263	4067	3362	3903	3460	3181	3247	2919	
1312	2460	2230	2050	2050	1722	1066	787	524	770	0	295	541	902	1049	1590	1886	1968	2000	2197	2443	2722	2640	2509	3345	2673	3263	2886	2640	2804	2525	
1410	2706	2492	2328	2345	2017	1361	1082	820	934	295	0	295	623	836	1344	1656	1787	1869	2082	2361	2673	2607	2542	3378	2755	3378	3017	2804	3001	2738	
1295	2738	2574	2443	2509	2230	1525	1246	1016	1246	541	295	0	360	524	1049	1344	1476	1574	1804	2082	2410	2378	2328	3181	2591	3247	2919	2738	2968	2738	
1508	3050	2919	2804	2870	2591	1902	1623	1377	1525	902	623	360	0	377	721	1049	1262	1443	1705	2000	2361	2394	2394	3247	2722	3394	3116	2968	3230	3034	
1246	2886	2788	2722	2853	2624	1902	1656	1443	1771	1049	836	524	377	0	606	836	934	1066	1328	1623	1968	2000	2017	2870	2378	3066	2804	2689	2984	2820	
1771	3460	3378	3329	3460	3230	2509	2246	2033	2246	1590	1344	1049	721	606	0	360	688	1033	1312	1640	2017	2164	2263	3083	2706	3411	3214	3148	3493	3362	
1820	3526	3476	3460	3640	3444	2722	2476	2279	2574	1886	1656	1344	1049	836	360	0	393	787	1066	1377	1754	1935	2099	2870	2574	3280	3132	3116	3476	3378	
1623	3296	3296	3329	3558	3394	2673	2460	2296	2722	1968	1787	1476	1262	934	688	393	0	393	672	984	1344	1541	1722	2476	2214	2919	2804	2820	3198	3148	
1377	3017	3034	3099	3378	3263	2558	2378	2246	2771	2000	1869	1574	1443	1066	1033	787	393	0	278	606	984	1148	1312	2082	1820	2509	2427	2460	2853	2820	
1394	2952	3001	3099	3411	3329	2656	2492	2394	2984	2197	2082	1804	1705	1328	1312	1066	672	278	0	311	688	885	1082	1804	1607	2279	2246	2312	2722	2722	
1492	2919	3001	3148	3493	3460	2804	2656	2591	3230	2443	2361	2082	2000	1623	1640	1377	984	606	311	0	360	606	869	1508	1410	2066	2082	2181	2607	2673	
1656	2902	3034	3214	3591	3591	2968	2853	2820	3509	2722	2673	2410	2361	1968	2017	1754	1344	984	688	360	0	377	705	1180	1230	1820	1902	2082	2509	2624	
1443	2542	2689	2886	3296	3329	2738	2656	2656	3394	2640	2607	2378	2394	2000	2164	1935	1541	1148	885	606	377	0	328	918	852	1459	1525	1705	2132	2246	
1246	2214	2378	2591	3001	3066	2509	2460	2476	3263	2509	2542	2328	2394	2017	2263	2099	1722	1312	1082	869	705	328	0	852	541	1197	1213	1361	1804	1918	
2033	2509	2771	3050	3509	3657	3198	3198	3263	4067	3345	3378	3181	3247	2870	3083	2870	2476	2082	1804	1508	1180	918	852	0	754	836	1180	1525	1902	2164	
1344	1820	2050	2312	2755	2886	2443	2460	2542	3362	2673	2755	2591	2722	2378	2706	2574	2214	1820	1607	1410	1230	852	541	754	0	705	672	885	1312	1492	
1968	1836	2148	2476	2952	3181	2870	2919	3050	3903	3263	3378	3247	3394	3066	3411	3280	2919	2509	2279	2066	1820	1459	1197	836	705	0	492	869	1164	1492	
1623	1361	1640	1968	2443	2673	2394	2476	2624	3460	2886	3017	2919	3116	2804	3214	3132	2804	2427	2246	2082	1902	1525	1213	1180	672	492	0	360	705	1000	
