M: 4
N: 30
Nun_Veiculos: 9
Capacidade_Total: 652
Demanda_Total: 515
Setup_Min: 1
Setup_Max: 99
Raio: 100
Circulos: 1
Tempo_Processamento_Min: 1
Tempo_Processamento_Max: 49
Demanda_Min: 10
Demanda_Max: 30
Priority_Factor: 0.2
Range_Factor_R: 0.8
U_factor: 2
ALpha: 0.2Replicao: 4
Tempos_Processamentos
0	0	1	0	2	0	3	0	
0	8	1	27	2	20	3	9	
0	37	1	9	2	42	3	12	
0	12	1	15	2	30	3	8	
0	44	1	38	2	40	3	25	
0	37	1	1	2	13	3	15	
0	28	1	5	2	46	3	33	
0	19	1	1	2	9	3	22	
0	12	1	32	2	18	3	2	
0	23	1	4	2	18	3	6	
0	21	1	44	2	27	3	42	
0	30	1	17	2	28	3	8	
0	40	1	2	2	8	3	42	
0	15	1	9	2	24	3	18	
0	44	1	4	2	25	3	15	
0	18	1	3	2	28	3	29	
0	35	1	47	2	45	3	43	
0	13	1	10	2	26	3	40	
0	29	1	1	2	35	3	20	
0	35	1	1	2	27	3	27	
0	48	1	35	2	24	3	31	
0	5	1	16	2	42	3	22	
0	39	1	35	2	31	3	41	
0	36	1	9	2	47	3	38	
0	45	1	44	2	15	3	32	
0	29	1	43	2	37	3	33	
0	17	1	24	2	6	3	47	
0	31	1	23	2	32	3	9	
0	27	1	44	2	49	3	36	
0	10	1	47	2	25	3	31	
0	9	1	20	2	18	3	28	

Tempos_setup
M0
0	0	0	0	0	0	0	0	0	0	0	0	0	0	0	0	0	0	0	0	0	0	0	0	0	0	0	0	0	0	0	
0	0	12	17	15	19	21	7	11	6	13	13	11	23	4	16	25	14	19	14	23	14	8	18	15	20	5	15	17	19	17	
0	18	0	17	13	26	23	19	9	16	18	15	9	28	16	27	23	12	14	12	24	20	22	16	27	25	15	14	23	19	19	
0	10	9	0	14	24	10	17	18	16	10	13	18	14	14	19	32	21	15	21	25	3	5	15	24	17	15	6	6	11	20	
0	21	16	17	0	28	18	12	20	11	21	18	12	15	19	19	26	15	14	15	11	20	18	19	18	12	17	17	23	22	22	
0	10	9	5	19	0	15	16	10	5	10	5	18	19	13	22	10	20	20	21	21	8	5	3	21	17	4	11	11	16	20	
0	11	8	20	4	28	0	16	13	15	9	22	16	17	15	23	30	11	17	19	15	10	4	22	22	16	14	13	13	18	19	
0	13	16	10	12	27	20	0	15	12	15	6	17	20	15	9	31	20	12	11	16	13	15	15	8	17	16	9	16	14	10	
0	19	1	13	14	24	23	13	0	12	19	16	10	25	10	19	21	13	10	13	25	16	18	17	21	26	11	15	17	20	20	
0	13	19	20	19	23	29	11	23	0	15	11	15	18	8	20	22	18	23	18	27	23	18	18	19	23	9	9	20	14	21	
0	20	15	20	15	28	25	18	19	18	0	17	11	30	18	19	25	14	22	14	26	23	25	18	18	27	17	16	24	21	21	
0	26	21	23	19	26	23	17	24	22	26	0	17	20	24	18	31	20	21	20	16	16	22	24	17	17	23	22	19	23	27	
0	9	4	9	4	17	14	10	8	7	9	6	0	19	7	18	14	3	18	3	15	12	14	7	18	16	6	5	15	10	10	
0	16	13	20	17	25	16	17	20	22	14	19	17	0	20	14	31	20	17	16	16	15	9	20	13	17	21	22	18	19	24	
0	15	11	13	11	15	21	3	15	2	15	9	7	20	0	12	21	10	15	10	19	16	10	14	11	20	1	11	19	15	13	
0	13	7	6	3	21	16	9	6	8	15	5	13	17	6	0	27	15	3	2	14	9	11	6	17	14	7	9	10	5	13	
0	13	8	8	13	3	9	6	7	8	13	4	10	13	16	15	0	10	14	13	20	2	8	6	14	17	7	12	5	15	16	
0	6	6	17	11	17	11	13	5	4	8	15	15	19	10	15	25	0	15	17	22	18	14	19	19	16	3	2	13	7	23	
0	13	12	3	9	27	13	15	19	12	13	11	19	17	12	22	33	22	0	8	18	6	8	12	23	19	13	9	9	14	10	
0	11	12	6	1	19	16	7	11	6	13	3	11	16	4	16	25	14	15	0	12	9	11	4	15	13	5	7	12	12	17	
0	10	5	10	5	18	7	1	9	8	10	7	1	4	8	10	15	4	13	4	0	13	11	8	9	1	7	6	16	11	11	
0	13	10	14	11	30	7	19	19	18	11	14	15	11	16	21	29	18	12	18	22	0	6	12	24	15	17	20	3	13	21	
0	7	4	20	17	26	13	14	13	13	5	19	13	15	11	20	27	16	18	16	27	6	0	18	19	12	12	18	9	19	15	
0	7	8	2	16	25	12	14	7	13	12	2	17	16	11	20	28	20	17	20	18	5	7	0	19	19	12	8	8	13	22	
0	14	8	7	4	22	12	7	7	9	16	6	9	12	7	1	23	12	4	3	8	10	12	7	0	9	8	10	11	6	14	
0	17	14	23	10	28	6	20	19	18	15	22	20	3	21	17	34	17	20	19	19	16	10	23	16	0	17	19	19	22	25	
0	14	18	19	20	14	27	12	24	1	16	12	16	19	9	18	23	19	21	19	25	20	14	17	17	23	0	10	20	14	22	
0	4	16	15	16	18	20	11	15	10	6	17	15	17	8	13	28	15	16	15	27	18	12	19	19	14	9	0	11	5	21	
0	10	7	11	18	27	16	17	16	16	8	11	16	8	14	22	30	19	9	17	24	9	3	9	21	12	15	17	0	22	18	
0	16	13	14	11	18	15	6	14	5	14	12	10	12	3	8	24	10	11	10	22	15	9	14	14	9	4	12	6	0	16	
0	15	15	21	21	25	26	13	24	2	8	13	17	18	10	22	24	20	19	20	29	19	13	19	21	22	11	11	10	16	0	
M1
0	0	0	0	0	0	0	0	0	0	0	0	0	0	0	0	0	0	0	0	0	0	0	0	0	0	0	0	0	0	0	
0	0	13	21	16	17	19	20	14	23	21	18	13	23	26	8	22	14	22	24	19	20	20	16	24	16	18	18	21	16	10	
0	17	0	9	14	22	14	21	20	12	17	15	1	19	15	20	12	12	13	18	10	21	11	14	22	4	14	12	19	5	9	
0	15	16	0	5	13	14	12	16	12	15	19	13	17	15	11	16	3	11	13	8	14	9	5	13	16	7	7	10	18	12	
0	10	21	14	0	18	9	12	15	7	10	14	8	12	10	16	13	12	6	8	3	14	4	8	13	11	2	2	10	13	16	
0	10	23	8	8	0	13	7	16	11	4	10	5	6	14	18	5	6	10	13	7	3	8	5	13	8	7	9	10	7	13	
0	17	24	8	7	9	0	16	6	14	12	18	13	14	17	19	14	10	13	15	10	12	11	12	18	16	9	9	17	8	18	
0	9	20	13	13	17	8	0	14	6	9	15	10	10	9	15	4	11	5	12	2	2	3	7	15	13	6	4	12	11	15	
0	13	26	11	6	3	15	10	0	13	7	13	8	9	16	21	8	4	12	14	9	6	10	6	14	11	8	8	11	2	12	
0	18	26	10	9	11	2	18	8	0	14	13	7	16	3	21	16	9	12	16	11	14	12	11	12	7	10	1	16	10	12	
0	6	19	4	4	12	9	9	15	7	0	6	1	2	10	14	7	2	6	12	3	5	4	4	12	4	6	5	9	3	9	
0	17	25	9	10	20	11	21	17	12	17	0	1	19	15	20	23	12	13	9	10	22	11	14	8	4	12	12	19	16	9	
0	16	24	8	13	21	13	20	19	11	16	22	0	18	14	19	23	11	12	21	9	21	10	13	21	3	15	11	18	15	8	
0	4	17	12	12	16	7	13	13	5	8	14	9	0	8	12	15	10	4	20	1	13	2	6	14	12	14	3	11	1	14	
0	15	26	19	8	16	14	15	19	12	15	21	15	17	0	21	18	6	11	13	8	17	9	8	16	18	7	10	13	13	15	
0	19	5	14	18	20	11	12	17	16	19	10	6	15	19	0	16	17	14	19	12	14	13	16	18	9	18	14	21	9	2	
0	10	21	14	11	15	8	12	12	7	10	16	10	12	10	16	0	9	6	8	3	14	4	8	13	13	2	5	10	13	16	
0	12	23	16	2	10	11	9	13	9	12	16	10	14	12	18	13	0	8	10	5	11	6	2	10	13	4	4	7	15	9	
0	8	19	12	12	16	7	9	13	5	8	14	9	10	8	14	11	10	0	19	1	9	2	2	10	12	13	3	7	11	10	
0	18	20	10	9	11	2	18	8	13	14	20	2	16	16	15	16	12	14	0	11	14	12	14	20	5	11	11	19	10	10	
0	7	18	11	11	15	6	12	12	4	7	13	8	9	7	13	14	9	3	19	0	12	1	5	13	11	13	2	10	10	13	
0	12	22	12	13	17	10	4	14	9	12	18	12	8	12	17	2	11	8	10	5	0	6	10	15	15	4	7	12	9	14	
0	10	17	13	12	14	5	11	11	3	10	16	10	12	6	12	13	12	2	19	3	11	0	4	12	10	13	4	9	13	12	
0	16	27	19	10	14	11	7	11	13	16	22	17	17	16	22	11	15	12	18	9	9	10	0	8	18	12	11	5	13	22	
0	12	23	15	2	20	11	14	17	9	12	16	10	14	12	18	15	14	8	10	5	16	6	10	0	10	4	4	12	15	15	
0	13	21	5	10	18	12	17	18	10	13	19	14	15	13	16	20	8	9	18	6	18	7	10	18	0	12	8	15	12	5	
0	8	19	12	12	16	7	10	13	5	8	14	8	10	8	14	11	10	4	6	1	12	2	6	11	11	0	3	8	11	14	
0	22	30	14	19	22	19	26	19	17	21	12	6	21	20	25	27	17	18	21	15	25	16	19	20	9	21	0	24	21	14	
0	11	22	15	5	19	10	2	16	8	11	17	12	12	11	17	6	13	7	13	4	4	5	9	3	13	7	6	0	13	17	
0	26	37	29	20	24	21	17	21	23	26	27	27	27	15	32	21	21	22	28	19	19	20	10	18	28	22	21	15	0	20	
0	30	33	17	22	30	25	24	28	27	30	34	25	28	22	28	22	20	22	23	23	20	24	17	25	23	24	24	22	7	0	
M2
0	0	0	0	0	0	0	0	0	0	0	0	0	0	0	0	0	0	0	0	0	0	0	0	0	0	0	0	0	0	0	
0	0	11	7	5	11	6	9	16	10	19	12	13	5	12	11	5	9	21	14	14	4	8	14	17	6	9	6	13	12	16	
0	18	0	15	10	17	8	14	22	12	18	12	9	13	14	13	19	3	21	19	3	12	13	14	18	8	11	11	15	6	14	
0	13	4	0	13	16	12	2	9	7	19	16	13	15	9	11	18	7	25	22	7	16	7	18	12	12	15	14	13	10	13	
0	18	10	11	0	18	18	13	13	18	20	13	19	18	12	14	23	13	22	9	13	21	3	15	22	18	19	1	14	16	15	
0	30	20	22	20	0	20	24	31	24	12	28	21	20	26	19	35	15	33	23	20	19	23	23	27	28	17	15	14	18	26	
0	10	12	8	6	12	0	10	14	4	13	15	7	6	6	5	15	10	23	15	15	5	9	10	11	9	3	7	7	13	10	
0	11	10	6	16	14	14	0	15	5	17	20	15	13	7	9	16	13	29	20	13	15	5	20	12	17	17	12	11	16	11	
0	16	15	13	10	8	6	15	0	10	11	14	9	7	1	3	21	14	23	14	13	11	10	13	9	15	9	6	5	17	5	
0	6	16	13	11	9	9	15	10	0	12	15	10	8	2	4	11	15	24	15	14	10	11	15	7	12	12	7	6	18	6	
0	18	12	10	12	17	8	12	19	12	0	16	11	14	14	13	23	3	21	11	8	13	15	11	15	16	11	3	2	6	14	
0	12	15	11	9	15	10	13	20	14	16	0	10	9	15	8	17	13	9	15	12	8	12	2	10	18	6	10	10	16	15	
0	9	11	12	1	19	15	14	14	18	21	14	0	14	13	15	14	14	23	10	14	13	4	15	23	15	18	2	15	17	16	
0	11	13	9	7	6	1	11	12	5	14	9	8	0	7	6	16	11	17	16	16	6	8	11	12	10	4	8	8	14	11	
0	17	14	12	9	7	7	14	8	11	10	13	8	6	0	2	22	13	22	13	12	12	9	13	17	16	10	5	4	16	4	
0	20	12	10	12	16	16	12	19	17	8	16	11	21	19	0	25	11	24	11	15	20	15	11	15	16	19	3	2	14	22	
0	19	22	18	16	22	17	20	27	21	23	7	17	16	22	15	0	20	16	22	19	15	19	9	17	18	13	17	17	23	22	
0	15	17	13	11	14	5	15	19	9	15	14	11	11	11	10	20	0	23	20	5	10	14	15	16	14	8	12	12	3	11	
0	19	11	9	11	13	13	11	14	16	7	15	10	12	6	8	24	10	0	10	14	18	14	10	13	15	16	2	1	13	10	
0	9	20	16	14	10	15	18	25	19	20	21	22	14	21	20	14	18	30	0	23	13	17	23	26	15	18	15	22	21	25	
0	15	17	17	7	24	13	11	20	16	25	9	6	18	18	17	20	20	18	16	0	17	10	11	19	21	15	8	19	23	22	
0	12	7	3	1	7	2	5	12	6	15	10	9	1	8	7	17	5	18	10	10	0	4	12	13	11	5	2	9	8	12	
0	26	23	21	18	16	16	23	10	20	19	22	17	15	9	11	31	22	31	22	21	20	0	22	19	25	18	14	13	25	13	
0	10	19	15	13	19	14	17	24	18	20	19	16	13	19	19	15	17	13	22	10	12	16	0	25	16	17	14	14	20	23	
0	21	17	13	11	6	12	15	22	16	18	20	12	11	18	10	26	10	25	18	15	10	14	21	0	21	8	10	12	13	21	
0	16	11	7	5	11	6	9	16	10	19	14	13	5	12	11	11	9	22	14	14	4	8	16	17	0	9	6	13	12	16	
0	13	9	5	3	9	4	7	14	8	10	12	4	3	10	2	18	7	20	12	12	2	6	13	15	13	0	4	4	10	14	
0	17	9	10	19	18	17	12	19	17	19	21	18	22	19	21	22	12	23	8	12	21	17	22	22	17	20	0	13	15	23	
0	18	10	8	10	19	14	10	17	15	6	14	9	19	17	19	23	9	22	9	13	18	13	9	13	14	17	1	0	12	20	
0	30	17	17	24	29	20	19	22	24	12	28	23	26	23	19	35	15	33	23	20	25	24	23	27	25	23	15	14	0	26	
0	13	15	16	5	3	19	18	18	22	15	9	4	18	17	17	18	14	18	14	18	17	8	11	19	17	15	6	17	17	0	
M3
0	0	0	0	0	0	0	0	0	0	0	0	0	0	0	0	0	0	0	0	0	0	0	0	0	0	0	0	0	0	0	
0	0	11	17	17	20	12	14	11	19	10	16	12	19	11	16	15	13	16	16	19	4	13	19	21	27	7	1	16	23	16	
0	12	0	29	18	21	10	3	21	18	18	8	20	22	15	22	18	25	5	19	18	4	9	13	20	16	17	11	5	25	15	
0	9	15	0	23	18	13	12	19	21	19	17	21	24	13	14	10	18	17	5	19	13	14	20	12	20	16	10	14	6	18	
0	15	16	13	0	12	14	19	3	12	22	12	13	4	8	8	12	12	11	18	13	14	13	19	13	21	13	15	9	19	12	
0	13	13	30	21	0	11	16	24	19	23	16	25	25	24	23	28	26	18	20	19	17	17	23	21	20	20	14	13	8	16	
0	14	2	20	10	11	0	5	13	8	20	10	22	14	17	12	20	16	7	21	8	6	10	15	10	18	19	13	7	15	5	
0	9	9	26	15	18	7	0	18	15	15	5	17	19	13	19	17	22	14	21	15	1	6	12	17	25	14	8	2	22	12	
0	13	13	10	18	9	11	16	0	17	19	9	10	15	5	5	9	9	8	15	10	15	10	16	19	19	15	12	6	16	14	
0	17	19	19	20	15	17	22	19	0	22	15	21	21	12	11	16	15	14	20	16	2	16	22	9	17	15	18	12	23	22	
0	9	5	20	7	17	15	8	10	9	0	6	2	11	11	13	15	17	8	22	9	9	7	12	11	19	7	10	10	16	6	
0	11	15	23	10	22	23	18	13	18	10	0	12	14	18	18	12	22	17	16	18	13	1	7	20	28	17	10	19	24	15	
0	7	3	19	9	15	13	6	9	7	14	4	0	13	9	11	13	15	6	20	7	7	5	10	9	17	5	8	8	14	4	
0	11	19	19	13	9	17	22	11	8	21	15	21	0	13	11	17	15	10	20	11	10	15	21	9	17	9	12	12	17	8	
0	28	25	29	17	17	28	28	20	28	27	17	22	21	0	25	4	29	28	28	9	29	18	24	30	34	27	27	26	16	26	
0	8	8	8	13	4	6	11	12	14	14	4	16	10	17	0	16	4	3	13	5	10	5	11	16	14	15	7	1	12	11	
0	28	30	25	38	39	28	31	39	36	38	36	40	39	32	39	0	41	35	24	34	28	37	43	37	43	35	29	33	12	33	
0	5	16	4	19	15	17	16	8	14	15	17	17	6	13	13	14	0	16	9	17	7	18	24	15	23	12	6	14	10	14	
0	18	29	24	15	26	28	21	18	20	25	24	27	19	14	23	18	27	0	14	20	22	25	31	22	11	25	19	23	27	17	
0	4	15	10	21	24	14	7	15	22	14	12	16	23	8	20	12	17	20	0	17	8	13	19	22	19	11	5	9	16	19	
0	20	24	21	8	20	22	27	11	19	25	15	21	12	16	16	20	20	19	22	0	21	14	20	21	29	18	21	17	10	20	
0	15	17	25	25	26	27	20	17	21	25	25	27	29	17	22	21	26	22	28	23	0	19	25	25	25	13	16	22	30	20	
0	19	23	22	9	21	23	22	12	21	21	21	22	13	17	17	11	21	20	15	22	12	0	6	22	30	22	20	18	23	19	
0	21	20	28	18	17	26	23	21	16	15	21	17	22	23	20	5	24	15	29	16	6	22	0	18	26	19	22	21	17	13	
0	10	10	10	11	6	8	13	14	16	13	6	12	12	19	2	18	6	5	11	7	12	7	13	0	8	17	9	3	14	13	
0	7	18	13	17	23	17	10	18	15	17	13	19	21	11	19	15	20	14	3	15	11	14	20	17	0	14	8	12	19	12	
0	2	13	14	12	13	14	16	4	21	12	13	14	16	4	9	8	13	12	18	13	6	6	12	23	23	0	3	10	20	18	
0	1	10	18	18	21	13	13	12	18	11	17	13	20	12	17	16	14	15	17	18	3	14	20	20	26	8	0	15	24	15	
0	7	7	24	13	16	5	10	16	13	13	3	15	17	18	17	15	20	12	19	13	9	4	10	15	23	14	6	0	20	10	
0	16	18	22	26	27	16	19	27	24	26	24	28	27	20	28	24	29	23	12	24	19	25	31	26	31	23	17	21	0	21	
0	15	15	15	5	11	13	18	8	3	18	11	17	9	13	7	17	11	2	16	3	5	9	15	5	13	18	14	8	10	0	
Tamanho_Tarefas
0	13	12	15	29	11	8	1	12	5	27	8	23	11	18	3	38	18	7	17	26	18	34	21	23	32	7	12	27	25	14	
Data_Entrega
0	182	182	213	223	238	193	234	211	190	207	210	177	214	210	231	231	217	215	234	177	176	186	202	218	205	237	199	238	183	198	
Penalidade_Atraso
0	9	16	4	14	9	17	3	1	10	8	10	15	10	15	17	2	9	16	15	5	8	3	7	3	9	15	3	19	12	19	
Capacidade_Veiculo
70	44	68	114	42	99	59	50	106	
Custo_Fixo_Veiculo
700	440	680	1140	420	990	590	500	1060	
Coordenadas_Clientes
x	0	y	0
x	119	y	0
x	109	y	23
x	91	y	40
x	93	y	68
x	67	y	75
x	52	y	91
x	26	y	82
x	8	y	83
x	-12	y	119
x	-28	y	88
x	-39	y	68
x	-53	y	59
x	-97	y	70
x	-107	y	47
x	-112	y	23
x	-111	y	0
x	-101	y	-21
x	-110	y	-49
x	-101	y	-73
x	-73	y	-81
x	-59	y	-103
x	-36	y	-113
x	-8	y	-82
x	12	y	-117
x	37	y	-116
x	38	y	-66
x	54	y	-60
x	69	y	-50
x	85	y	-38
x	84	y	-17
Tempo_Viagem
0	119	111	99	115	100	104	86	83	119	92	78	79	119	116	114	111	103	120	124	109	118	118	82	117	121	76	80	85	93	85	
119	0	25	48	72	90	111	123	138	176	171	172	181	226	230	232	230	221	234	231	207	204	191	150	157	141	104	88	70	50	38	
111	25	0	24	47	66	87	101	117	153	151	154	165	210	217	221	221	214	230	230	209	210	198	157	169	156	113	99	83	65	47	
99	48	24	0	28	42	63	77	93	129	128	132	145	190	198	203	205	201	219	222	203	207	198	157	175	164	118	106	92	78	57	
115	72	47	28	0	26	47	67	85	116	121	132	146	190	201	209	215	213	234	239	223	228	221	180	201	191	144	133	120	106	85	
100	90	66	42	26	0	21	41	59	90	95	106	121	164	176	186	193	193	216	223	209	218	214	173	199	193	143	135	125	114	93	
104	111	87	63	47	21	0	27	44	69	80	93	109	149	164	177	186	189	214	224	212	222	222	183	211	207	157	151	142	133	112	
86	123	101	77	67	41	27	0	18	53	54	66	82	123	137	150	159	163	188	200	190	203	204	167	199	198	148	144	138	133	114	
83	138	117	93	85	59	44	18	0	41	36	49	65	105	120	134	145	150	177	190	182	197	200	165	200	201	151	150	146	143	125	
119	176	153	129	116	90	69	53	41	0	34	56	72	98	119	138	154	164	192	210	208	226	233	201	236	240	191	190	187	184	166	
92	171	151	128	121	95	80	54	36	34	0	22	38	71	89	106	120	130	158	176	174	193	201	171	208	213	167	169	168	169	153	
78	172	154	132	132	106	93	66	49	56	22	0	16	58	71	85	98	108	136	154	152	172	181	153	191	199	154	158	159	163	149	
79	181	165	145	146	121	109	82	65	72	38	16	0	45	55	69	82	93	122	140	141	162	172	148	187	196	154	159	163	168	156	
119	226	210	190	190	164	149	123	105	98	71	58	45	0	25	49	71	91	119	143	152	177	192	176	216	229	191	199	204	211	200	
116	230	217	198	201	176	164	137	120	119	89	71	55	25	0	24	47	68	96	120	132	157	175	162	202	217	183	193	200	209	201	
114	232	221	203	209	186	177	150	134	138	106	85	69	49	24	0	23	45	72	96	111	136	155	147	187	203	174	185	195	206	199	
111	230	221	205	215	193	186	159	145	154	120	98	82	71	47	23	0	23	49	73	89	115	135	131	169	187	162	175	186	199	195	
103	221	214	201	213	193	189	163	150	164	130	108	93	91	68	45	23	0	29	52	66	92	112	111	148	167	146	159	172	186	185	
120	234	230	219	234	216	214	188	177	192	158	136	122	119	96	72	49	29	0	25	48	74	96	107	139	161	148	164	179	195	196	
124	231	230	222	239	223	224	200	190	210	176	154	140	143	120	96	73	52	25	0	29	51	76	93	121	144	139	155	171	189	193	
109	207	209	203	223	209	212	190	182	208	174	152	141	152	132	111	89	66	48	29	0	26	48	65	92	115	112	128	145	163	169	
118	204	210	207	228	218	222	203	197	226	193	172	162	177	157	136	115	92	74	51	26	0	25	55	72	96	103	120	137	157	166	
118	191	198	198	221	214	222	204	200	233	201	181	172	192	175	155	135	112	96	76	48	25	0	41	48	73	87	104	121	141	153	
82	150	157	157	180	173	183	167	165	201	171	153	148	176	162	147	131	111	107	93	65	55	41	0	40	56	48	65	82	102	112	
117	157	169	175	201	199	211	199	200	236	208	191	187	216	202	187	169	148	139	121	92	72	48	40	0	25	57	70	87	107	122	
121	141	156	164	191	193	207	198	201	240	213	199	196	229	217	203	187	167	161	144	115	96	73	56	25	0	50	58	73	91	109	
76	104	113	118	144	143	157	148	151	191	167	154	154	191	183	174	162	146	148	139	112	103	87	48	57	50	0	17	34	54	67	
80	88	99	106	133	135	151	144	150	190	169	158	159	199	193	185	175	159	164	155	128	120	104	65	70	58	17	0	18	38	52	
85	70	83	92	120	125	142	138	146	187	168	159	163	204	200	195	186	172	179	171	145	137	121	82	87	73	34	18	0	20	36	
93	50	65	78	106	114	133	133	143	184	169	163	168	211	209	206	199	186	195	189	163	157	141	102	107	91	54	38	20	0	21	
85	38	47	57	85	93	112	114	125	166	153	149	156	200	201	199	195	185	196	193	169	166	153	112	122	109	67	52	36	21	0	
Custo_Viagem
V0
0	1666	1554	1386	1610	1400	1456	1204	1162	1666	1288	1092	1106	1666	1624	1596	1554	1442	1680	1736	1526	1652	1652	1148	1638	1694	1064	1120	1190	1302	1190	
1666	0	350	672	1008	1274	1582	1722	1932	2464	2394	2408	2534	3178	3220	3248	3220	3094	3276	3234	2912	2870	2674	2114	2212	1988	1456	1232	980	700	532	
1554	350	0	336	658	924	1232	1414	1638	2156	2114	2156	2310	2954	3038	3094	3094	2996	3220	3220	2926	2940	2772	2198	2380	2184	1582	1386	1162	910	658	
1386	672	336	0	392	588	896	1078	1302	1806	1792	1848	2030	2660	2772	2842	2870	2814	3066	3108	2842	2898	2772	2198	2450	2310	1652	1484	1288	1092	798	
1610	1008	658	392	0	364	658	952	1204	1624	1708	1848	2044	2660	2814	2926	3010	2982	3276	3346	3122	3192	3108	2520	2814	2688	2016	1862	1680	1484	1190	
1400	1274	924	588	364	0	294	574	826	1260	1330	1484	1694	2296	2464	2604	2702	2702	3024	3122	2926	3052	2996	2422	2786	2702	2002	1890	1750	1596	1302	
1456	1582	1232	896	658	294	0	378	616	966	1120	1302	1526	2100	2296	2478	2604	2646	2996	3136	2968	3122	3108	2562	2954	2898	2198	2114	1988	1862	1568	
1204	1722	1414	1078	952	574	378	0	252	742	756	924	1148	1722	1918	2100	2226	2282	2632	2800	2660	2842	2856	2338	2786	2772	2072	2016	1932	1862	1596	
1162	1932	1638	1302	1204	826	616	252	0	574	504	686	910	1470	1680	1876	2030	2100	2478	2660	2548	2758	2800	2310	2800	2814	2114	2100	2044	2002	1750	
1666	2464	2156	1806	1624	1260	966	742	574	0	476	798	1008	1372	1666	1932	2156	2310	2716	2954	2926	3164	3262	2814	3318	3360	2674	2660	2618	2576	2324	
1288	2394	2114	1792	1708	1330	1120	756	504	476	0	308	532	994	1246	1484	1680	1834	2226	2464	2436	2702	2814	2394	2912	2996	2338	2366	2352	2366	2142	
1092	2408	2156	1848	1848	1484	1302	924	686	798	308	0	224	812	994	1190	1386	1512	1904	2156	2128	2408	2534	2142	2674	2786	2156	2212	2226	2282	2086	
1106	2534	2310	2030	2044	1694	1526	1148	910	1008	532	224	0	630	770	966	1148	1302	1708	1960	1974	2268	2408	2072	2618	2744	2156	2240	2282	2352	2184	
1666	3178	2954	2660	2660	2296	2100	1722	1470	1372	994	812	630	0	350	686	994	1274	1666	2002	2128	2478	2688	2464	3024	3206	2674	2786	2856	2954	2800	
1624	3220	3038	2772	2814	2464	2296	1918	1680	1666	1246	994	770	350	0	336	658	952	1344	1680	1848	2198	2450	2268	2828	3038	2562	2702	2800	2926	2814	
1596	3248	3094	2842	2926	2604	2478	2100	1876	1932	1484	1190	966	686	336	0	322	630	1008	1344	1554	1904	2170	2058	2618	2842	2436	2590	2730	2884	2800	
1554	3220	3094	2870	3010	2702	2604	2226	2030	2156	1680	1386	1148	994	658	322	0	322	686	1022	1246	1610	1890	1834	2366	2632	2268	2450	2604	2786	2730	
1442	3094	2996	2814	2982	2702	2646	2282	2100	2310	1834	1512	1302	1274	952	630	322	0	406	728	924	1288	1568	1554	2072	2338	2044	2226	2408	2604	2590	
1680	3276	3220	3066	3276	3024	2996	2632	2478	2716	2226	1904	1708	1666	1344	1008	686	406	0	350	672	1036	1358	1498	1946	2254	2072	2296	2506	2730	2744	
1736	3234	3220	3108	3346	3122	3136	2800	2660	2954	2464	2156	1960	2002	1680	1344	1022	728	350	0	406	714	1064	1302	1694	2016	1946	2170	2394	2646	2702	
1526	2912	2926	2842	3122	2926	2968	2660	2548	2926	2436	2128	1974	2128	1848	1554	1246	924	672	406	0	364	672	910	1288	1610	1568	1792	2030	2282	2366	
1652	2870	2940	2898	3192	3052	3122	2842	2758	3164	2702	2408	2268	2478	2198	1904	1610	1288	1036	714	364	0	350	770	1008	1344	1442	1680	1932	2198	2324	
1652	2674	2772	2772	3108	2996	3108	2856	2800	3262	2814	2534	2408	2688	2450	2170	1890	1568	1358	1064	672	350	0	574	672	1022	1218	1456	1708	1988	2142	
1148	2114	2198	2198	2520	2422	2562	2338	2310	2814	2394	2142	2072	2464	2268	2058	1834	1554	1498	1302	910	770	574	0	560	784	672	910	1162	1428	1568	
1638	2212	2380	2450	2814	2786	2954	2786	2800	3318	2912	2674	2618	3024	2828	2618	2366	2072	1946	1694	1288	1008	672	560	0	350	798	980	1218	1498	1722	
1694	1988	2184	2310	2688	2702	2898	2772	2814	3360	2996	2786	2744	3206	3038	2842	2632	2338	2254	2016	1610	1344	1022	784	350	0	700	812	1022	1274	1526	
1064	1456	1582	1652	2016	2002	2198	2072	2114	2674	2338	2156	2156	2674	2562	2436	2268	2044	2072	1946	1568	1442	1218	672	798	700	0	238	476	756	938	
1120	1232	1386	1484	1862	1890	2114	2016	2100	2660	2366	2212	2240	2786	2702	2590	2450	2226	2296	2170	1792	1680	1456	910	980	812	238	0	252	532	728	
1190	980	1162	1288	1680	1750	1988	1932	2044	2618	2352	2226	2282	2856	2800	2730	2604	2408	2506	2394	2030	1932	1708	1162	1218	1022	476	252	0	280	504	
1302	700	910	1092	1484	1596	1862	1862	2002	2576	2366	2282	2352	2954	2926	2884	2786	2604	2730	2646	2282	2198	1988	1428	1498	1274	756	532	280	0	294	
1190	532	658	798	1190	1302	1568	1596	1750	2324	2142	2086	2184	2800	2814	2800	2730	2590	2744	2702	2366	2324	2142	1568	1722	1526	938	728	504	294	0	
V1
0	1047	976	871	1012	880	915	756	730	1047	809	686	695	1047	1020	1003	976	906	1056	1091	959	1038	1038	721	1029	1064	668	704	748	818	748	
1047	0	220	422	633	800	994	1082	1214	1548	1504	1513	1592	1997	2024	2041	2024	1944	2059	2032	1830	1804	1680	1328	1390	1249	915	774	616	440	334	
976	220	0	211	413	580	774	888	1029	1355	1328	1355	1452	1856	1909	1944	1944	1883	2024	2024	1839	1848	1742	1381	1496	1372	994	871	730	572	413	
871	422	211	0	246	369	563	677	818	1135	1126	1161	1276	1672	1742	1786	1804	1768	1927	1953	1786	1821	1742	1381	1540	1452	1038	932	809	686	501	
1012	633	413	246	0	228	413	598	756	1020	1073	1161	1284	1672	1768	1839	1892	1874	2059	2103	1962	2006	1953	1584	1768	1689	1267	1170	1056	932	748	
880	800	580	369	228	0	184	360	519	792	836	932	1064	1443	1548	1636	1698	1698	1900	1962	1839	1918	1883	1522	1751	1698	1258	1188	1100	1003	818	
915	994	774	563	413	184	0	237	387	607	704	818	959	1320	1443	1557	1636	1663	1883	1971	1865	1962	1953	1610	1856	1821	1381	1328	1249	1170	985	
756	1082	888	677	598	360	237	0	158	466	475	580	721	1082	1205	1320	1399	1434	1654	1760	1672	1786	1795	1469	1751	1742	1302	1267	1214	1170	1003	
730	1214	1029	818	756	519	387	158	0	360	316	431	572	924	1056	1179	1276	1320	1557	1672	1601	1733	1760	1452	1760	1768	1328	1320	1284	1258	1100	
1047	1548	1355	1135	1020	792	607	466	360	0	299	501	633	862	1047	1214	1355	1452	1707	1856	1839	1988	2050	1768	2085	2112	1680	1672	1645	1619	1460	
809	1504	1328	1126	1073	836	704	475	316	299	0	193	334	624	783	932	1056	1152	1399	1548	1531	1698	1768	1504	1830	1883	1469	1487	1478	1487	1346	
686	1513	1355	1161	1161	932	818	580	431	501	193	0	140	510	624	748	871	950	1196	1355	1337	1513	1592	1346	1680	1751	1355	1390	1399	1434	1311	
695	1592	1452	1276	1284	1064	959	721	572	633	334	140	0	396	484	607	721	818	1073	1232	1240	1425	1513	1302	1645	1724	1355	1408	1434	1478	1372	
1047	1997	1856	1672	1672	1443	1320	1082	924	862	624	510	396	0	220	431	624	800	1047	1258	1337	1557	1689	1548	1900	2015	1680	1751	1795	1856	1760	
1020	2024	1909	1742	1768	1548	1443	1205	1056	1047	783	624	484	220	0	211	413	598	844	1056	1161	1381	1540	1425	1777	1909	1610	1698	1760	1839	1768	
1003	2041	1944	1786	1839	1636	1557	1320	1179	1214	932	748	607	431	211	0	202	396	633	844	976	1196	1364	1293	1645	1786	1531	1628	1716	1812	1760	
976	2024	1944	1804	1892	1698	1636	1399	1276	1355	1056	871	721	624	413	202	0	202	431	642	783	1012	1188	1152	1487	1654	1425	1540	1636	1751	1716	
906	1944	1883	1768	1874	1698	1663	1434	1320	1452	1152	950	818	800	598	396	202	0	255	457	580	809	985	976	1302	1469	1284	1399	1513	1636	1628	
1056	2059	2024	1927	2059	1900	1883	1654	1557	1707	1399	1196	1073	1047	844	633	431	255	0	220	422	651	853	941	1223	1416	1302	1443	1575	1716	1724	
1091	2032	2024	1953	2103	1962	1971	1760	1672	1856	1548	1355	1232	1258	1056	844	642	457	220	0	255	448	668	818	1064	1267	1223	1364	1504	1663	1698	
959	1830	1839	1786	1962	1839	1865	1672	1601	1839	1531	1337	1240	1337	1161	976	783	580	422	255	0	228	422	572	809	1012	985	1126	1276	1434	1487	
1038	1804	1848	1821	2006	1918	1962	1786	1733	1988	1698	1513	1425	1557	1381	1196	1012	809	651	448	228	0	220	484	633	844	906	1056	1214	1381	1460	
1038	1680	1742	1742	1953	1883	1953	1795	1760	2050	1768	1592	1513	1689	1540	1364	1188	985	853	668	422	220	0	360	422	642	765	915	1073	1249	1346	
721	1328	1381	1381	1584	1522	1610	1469	1452	1768	1504	1346	1302	1548	1425	1293	1152	976	941	818	572	484	360	0	352	492	422	572	730	897	985	
1029	1390	1496	1540	1768	1751	1856	1751	1760	2085	1830	1680	1645	1900	1777	1645	1487	1302	1223	1064	809	633	422	352	0	220	501	616	765	941	1082	
1064	1249	1372	1452	1689	1698	1821	1742	1768	2112	1883	1751	1724	2015	1909	1786	1654	1469	1416	1267	1012	844	642	492	220	0	440	510	642	800	959	
668	915	994	1038	1267	1258	1381	1302	1328	1680	1469	1355	1355	1680	1610	1531	1425	1284	1302	1223	985	906	765	422	501	440	0	149	299	475	589	
704	774	871	932	1170	1188	1328	1267	1320	1672	1487	1390	1408	1751	1698	1628	1540	1399	1443	1364	1126	1056	915	572	616	510	149	0	158	334	457	
748	616	730	809	1056	1100	1249	1214	1284	1645	1478	1399	1434	1795	1760	1716	1636	1513	1575	1504	1276	1214	1073	730	765	642	299	158	0	176	316	
818	440	572	686	932	1003	1170	1170	1258	1619	1487	1434	1478	1856	1839	1812	1751	1636	1716	1663	1434	1381	1249	897	941	800	475	334	176	0	184	
748	334	413	501	748	818	985	1003	1100	1460	1346	1311	1372	1760	1768	1760	1716	1628	1724	1698	1487	1460	1346	985	1082	959	589	457	316	184	0	
V2
0	1618	1509	1346	1564	1360	1414	1169	1128	1618	1251	1060	1074	1618	1577	1550	1509	1400	1632	1686	1482	1604	1604	1115	1591	1645	1033	1088	1156	1264	1156	
1618	0	340	652	979	1237	1536	1672	1876	2393	2325	2339	2461	3087	3128	3155	3128	3005	3182	3141	2828	2788	2597	2053	2148	1931	1414	1196	952	680	516	
1509	340	0	326	639	897	1196	1373	1591	2094	2053	2094	2244	2869	2951	3005	3005	2910	3128	3128	2842	2856	2692	2135	2312	2121	1536	1346	1128	884	639	
1346	652	326	0	380	571	870	1047	1264	1754	1740	1795	1972	2584	2692	2760	2788	2733	2978	3019	2760	2815	2692	2135	2380	2244	1604	1441	1251	1060	775	
1564	979	639	380	0	353	639	924	1169	1577	1659	1795	1985	2584	2733	2842	2924	2896	3182	3250	3032	3100	3019	2448	2733	2611	1958	1808	1632	1441	1156	
1360	1237	897	571	353	0	285	557	802	1224	1292	1441	1645	2230	2393	2529	2624	2624	2937	3032	2842	2964	2910	2352	2706	2624	1944	1836	1700	1550	1264	
1414	1536	1196	870	639	285	0	367	598	938	1088	1264	1482	2040	2230	2407	2529	2570	2910	3046	2883	3032	3019	2488	2869	2815	2135	2053	1931	1808	1523	
1169	1672	1373	1047	924	557	367	0	244	720	734	897	1115	1672	1863	2040	2162	2216	2556	2720	2584	2760	2774	2271	2706	2692	2012	1958	1876	1808	1550	
1128	1876	1591	1264	1169	802	598	244	0	557	489	666	884	1428	1632	1822	1972	2040	2407	2584	2475	2679	2720	2244	2720	2733	2053	2040	1985	1944	1700	
1618	2393	2094	1754	1577	1224	938	720	557	0	462	775	979	1332	1618	1876	2094	2244	2638	2869	2842	3073	3168	2733	3223	3264	2597	2584	2543	2502	2257	
1251	2325	2053	1740	1659	1292	1088	734	489	462	0	299	516	965	1210	1441	1632	1781	2162	2393	2366	2624	2733	2325	2828	2910	2271	2298	2284	2298	2080	
1060	2339	2094	1795	1795	1441	1264	897	666	775	299	0	217	788	965	1156	1346	1468	1849	2094	2067	2339	2461	2080	2597	2706	2094	2148	2162	2216	2026	
1074	2461	2244	1972	1985	1645	1482	1115	884	979	516	217	0	612	748	938	1115	1264	1659	1904	1917	2203	2339	2012	2543	2665	2094	2176	2216	2284	2121	
1618	3087	2869	2584	2584	2230	2040	1672	1428	1332	965	788	612	0	340	666	965	1237	1618	1944	2067	2407	2611	2393	2937	3114	2597	2706	2774	2869	2720	
1577	3128	2951	2692	2733	2393	2230	1863	1632	1618	1210	965	748	340	0	326	639	924	1305	1632	1795	2135	2380	2203	2747	2951	2488	2624	2720	2842	2733	
1550	3155	3005	2760	2842	2529	2407	2040	1822	1876	1441	1156	938	666	326	0	312	612	979	1305	1509	1849	2108	1999	2543	2760	2366	2516	2652	2801	2720	
1509	3128	3005	2788	2924	2624	2529	2162	1972	2094	1632	1346	1115	965	639	312	0	312	666	992	1210	1564	1836	1781	2298	2556	2203	2380	2529	2706	2652	
1400	3005	2910	2733	2896	2624	2570	2216	2040	2244	1781	1468	1264	1237	924	612	312	0	394	707	897	1251	1523	1509	2012	2271	1985	2162	2339	2529	2516	
1632	3182	3128	2978	3182	2937	2910	2556	2407	2638	2162	1849	1659	1618	1305	979	666	394	0	340	652	1006	1319	1455	1890	2189	2012	2230	2434	2652	2665	
1686	3141	3128	3019	3250	3032	3046	2720	2584	2869	2393	2094	1904	1944	1632	1305	992	707	340	0	394	693	1033	1264	1645	1958	1890	2108	2325	2570	2624	
1482	2828	2842	2760	3032	2842	2883	2584	2475	2842	2366	2067	1917	2067	1795	1509	1210	897	652	394	0	353	652	884	1251	1564	1523	1740	1972	2216	2298	
1604	2788	2856	2815	3100	2964	3032	2760	2679	3073	2624	2339	2203	2407	2135	1849	1564	1251	1006	693	353	0	340	748	979	1305	1400	1632	1876	2135	2257	
1604	2597	2692	2692	3019	2910	3019	2774	2720	3168	2733	2461	2339	2611	2380	2108	1836	1523	1319	1033	652	340	0	557	652	992	1183	1414	1659	1931	2080	
1115	2053	2135	2135	2448	2352	2488	2271	2244	2733	2325	2080	2012	2393	2203	1999	1781	1509	1455	1264	884	748	557	0	544	761	652	884	1128	1387	1523	
1591	2148	2312	2380	2733	2706	2869	2706	2720	3223	2828	2597	2543	2937	2747	2543	2298	2012	1890	1645	1251	979	652	544	0	340	775	952	1183	1455	1672	
1645	1931	2121	2244	2611	2624	2815	2692	2733	3264	2910	2706	2665	3114	2951	2760	2556	2271	2189	1958	1564	1305	992	761	340	0	680	788	992	1237	1482	
1033	1414	1536	1604	1958	1944	2135	2012	2053	2597	2271	2094	2094	2597	2488	2366	2203	1985	2012	1890	1523	1400	1183	652	775	680	0	231	462	734	911	
1088	1196	1346	1441	1808	1836	2053	1958	2040	2584	2298	2148	2176	2706	2624	2516	2380	2162	2230	2108	1740	1632	1414	884	952	788	231	0	244	516	707	
1156	952	1128	1251	1632	1700	1931	1876	1985	2543	2284	2162	2216	2774	2720	2652	2529	2339	2434	2325	1972	1876	1659	1128	1183	992	462	244	0	272	489	
1264	680	884	1060	1441	1550	1808	1808	1944	2502	2298	2216	2284	2869	2842	2801	2706	2529	2652	2570	2216	2135	1931	1387	1455	1237	734	516	272	0	285	
1156	516	639	775	1156	1264	1523	1550	1700	2257	2080	2026	2121	2720	2733	2720	2652	2516	2665	2624	2298	2257	2080	1523	1672	1482	911	707	489	285	0	
V3
0	2713	2530	2257	2622	2280	2371	1960	1892	2713	2097	1778	1801	2713	2644	2599	2530	2348	2736	2827	2485	2690	2690	1869	2667	2758	1732	1824	1938	2120	1938	
2713	0	570	1094	1641	2074	2576	2804	3146	4012	3898	3921	4126	5175	5244	5289	5244	5038	5335	5266	4742	4674	4354	3442	3602	3237	2371	2006	1596	1140	866	
2530	570	0	547	1071	1504	2006	2302	2667	3511	3442	3511	3762	4810	4947	5038	5038	4879	5244	5244	4765	4788	4514	3579	3876	3556	2576	2257	1892	1482	1071	
2257	1094	547	0	638	957	1459	1755	2120	2941	2918	3009	3306	4332	4514	4628	4674	4582	4993	5061	4628	4719	4514	3579	3990	3762	2690	2416	2097	1778	1299	
2622	1641	1071	638	0	592	1071	1550	1960	2644	2781	3009	3328	4332	4582	4765	4902	4856	5335	5449	5084	5198	5061	4104	4582	4377	3283	3032	2736	2416	1938	
2280	2074	1504	957	592	0	478	934	1345	2052	2166	2416	2758	3739	4012	4240	4400	4400	4924	5084	4765	4970	4879	3944	4537	4400	3260	3078	2850	2599	2120	
2371	2576	2006	1459	1071	478	0	615	1003	1573	1824	2120	2485	3420	3739	4035	4240	4309	4879	5107	4833	5084	5061	4172	4810	4719	3579	3442	3237	3032	2553	
1960	2804	2302	1755	1550	934	615	0	410	1208	1231	1504	1869	2804	3123	3420	3625	3716	4286	4560	4332	4628	4651	3807	4537	4514	3374	3283	3146	3032	2599	
1892	3146	2667	2120	1960	1345	1003	410	0	934	820	1117	1482	2394	2736	3055	3306	3420	4035	4332	4149	4491	4560	3762	4560	4582	3442	3420	3328	3260	2850	
2713	4012	3511	2941	2644	2052	1573	1208	934	0	775	1299	1641	2234	2713	3146	3511	3762	4423	4810	4765	5152	5312	4582	5403	5472	4354	4332	4263	4195	3784	
2097	3898	3442	2918	2781	2166	1824	1231	820	775	0	501	866	1618	2029	2416	2736	2986	3625	4012	3967	4400	4582	3898	4742	4879	3807	3853	3830	3853	3488	
1778	3921	3511	3009	3009	2416	2120	1504	1117	1299	501	0	364	1322	1618	1938	2257	2462	3100	3511	3465	3921	4126	3488	4354	4537	3511	3602	3625	3716	3397	
1801	4126	3762	3306	3328	2758	2485	1869	1482	1641	866	364	0	1026	1254	1573	1869	2120	2781	3192	3214	3693	3921	3374	4263	4468	3511	3648	3716	3830	3556	
2713	5175	4810	4332	4332	3739	3420	2804	2394	2234	1618	1322	1026	0	570	1117	1618	2074	2713	3260	3465	4035	4377	4012	4924	5221	4354	4537	4651	4810	4560	
2644	5244	4947	4514	4582	4012	3739	3123	2736	2713	2029	1618	1254	570	0	547	1071	1550	2188	2736	3009	3579	3990	3693	4605	4947	4172	4400	4560	4765	4582	
2599	5289	5038	4628	4765	4240	4035	3420	3055	3146	2416	1938	1573	1117	547	0	524	1026	1641	2188	2530	3100	3534	3351	4263	4628	3967	4218	4446	4696	4560	
2530	5244	5038	4674	4902	4400	4240	3625	3306	3511	2736	2257	1869	1618	1071	524	0	524	1117	1664	2029	2622	3078	2986	3853	4286	3693	3990	4240	4537	4446	
2348	5038	4879	4582	4856	4400	4309	3716	3420	3762	2986	2462	2120	2074	1550	1026	524	0	661	1185	1504	2097	2553	2530	3374	3807	3328	3625	3921	4240	4218	
2736	5335	5244	4993	5335	4924	4879	4286	4035	4423	3625	3100	2781	2713	2188	1641	1117	661	0	570	1094	1687	2211	2439	3169	3670	3374	3739	4081	4446	4468	
2827	5266	5244	5061	5449	5084	5107	4560	4332	4810	4012	3511	3192	3260	2736	2188	1664	1185	570	0	661	1162	1732	2120	2758	3283	3169	3534	3898	4309	4400	
2485	4742	4765	4628	5084	4765	4833	4332	4149	4765	3967	3465	3214	3465	3009	2530	2029	1504	1094	661	0	592	1094	1482	2097	2622	2553	2918	3306	3716	3853	
2690	4674	4788	4719	5198	4970	5084	4628	4491	5152	4400	3921	3693	4035	3579	3100	2622	2097	1687	1162	592	0	570	1254	1641	2188	2348	2736	3146	3579	3784	
2690	4354	4514	4514	5061	4879	5061	4651	4560	5312	4582	4126	3921	4377	3990	3534	3078	2553	2211	1732	1094	570	0	934	1094	1664	1983	2371	2781	3237	3488	
1869	3442	3579	3579	4104	3944	4172	3807	3762	4582	3898	3488	3374	4012	3693	3351	2986	2530	2439	2120	1482	1254	934	0	912	1276	1094	1482	1892	2325	2553	
2667	3602	3876	3990	4582	4537	4810	4537	4560	5403	4742	4354	4263	4924	4605	4263	3853	3374	3169	2758	2097	1641	1094	912	0	570	1299	1596	1983	2439	2804	
2758	3237	3556	3762	4377	4400	4719	4514	4582	5472	4879	4537	4468	5221	4947	4628	4286	3807	3670	3283	2622	2188	1664	1276	570	0	1140	1322	1664	2074	2485	
1732	2371	2576	2690	3283	3260	3579	3374	3442	4354	3807	3511	3511	4354	4172	3967	3693	3328	3374	3169	2553	2348	1983	1094	1299	1140	0	387	775	1231	1527	
1824	2006	2257	2416	3032	3078	3442	3283	3420	4332	3853	3602	3648	4537	4400	4218	3990	3625	3739	3534	2918	2736	2371	1482	1596	1322	387	0	410	866	1185	
1938	1596	1892	2097	2736	2850	3237	3146	3328	4263	3830	3625	3716	4651	4560	4446	4240	3921	4081	3898	3306	3146	2781	1892	1983	1664	775	410	0	456	820	
2120	1140	1482	1778	2416	2599	3032	3032	3260	4195	3853	3716	3830	4810	4765	4696	4537	4240	4446	4309	3716	3579	3237	2325	2439	2074	1231	866	456	0	478	
1938	866	1071	1299	1938	2120	2553	2599	2850	3784	3488	3397	3556	4560	4582	4560	4446	4218	4468	4400	3853	3784	3488	2553	2804	2485	1527	1185	820	478	0	
V4
0	999	932	831	966	840	873	722	697	999	772	655	663	999	974	957	932	865	1008	1041	915	991	991	688	982	1016	638	672	714	781	714	
999	0	210	403	604	764	949	1033	1159	1478	1436	1444	1520	1906	1932	1948	1932	1856	1965	1940	1747	1722	1604	1268	1327	1192	873	739	588	420	319	
932	210	0	201	394	554	739	848	982	1293	1268	1293	1386	1772	1822	1856	1856	1797	1932	1932	1755	1764	1663	1318	1428	1310	949	831	697	546	394	
831	403	201	0	235	352	537	646	781	1083	1075	1108	1218	1596	1663	1705	1722	1688	1839	1864	1705	1738	1663	1318	1470	1386	991	890	772	655	478	
966	604	394	235	0	218	394	571	722	974	1024	1108	1226	1596	1688	1755	1806	1789	1965	2007	1873	1915	1864	1512	1688	1612	1209	1117	1008	890	714	
840	764	554	352	218	0	176	344	495	756	798	890	1016	1377	1478	1562	1621	1621	1814	1873	1755	1831	1797	1453	1671	1621	1201	1134	1050	957	781	
873	949	739	537	394	176	0	226	369	579	672	781	915	1260	1377	1486	1562	1587	1797	1881	1780	1873	1864	1537	1772	1738	1318	1268	1192	1117	940	
722	1033	848	646	571	344	226	0	151	445	453	554	688	1033	1150	1260	1335	1369	1579	1680	1596	1705	1713	1402	1671	1663	1243	1209	1159	1117	957	
697	1159	982	781	722	495	369	151	0	344	302	411	546	882	1008	1125	1218	1260	1486	1596	1528	1654	1680	1386	1680	1688	1268	1260	1226	1201	1050	
999	1478	1293	1083	974	756	579	445	344	0	285	478	604	823	999	1159	1293	1386	1629	1772	1755	1898	1957	1688	1990	2016	1604	1596	1570	1545	1394	
772	1436	1268	1075	1024	798	672	453	302	285	0	184	319	596	747	890	1008	1100	1335	1478	1461	1621	1688	1436	1747	1797	1402	1419	1411	1419	1285	
655	1444	1293	1108	1108	890	781	554	411	478	184	0	134	487	596	714	831	907	1142	1293	1276	1444	1520	1285	1604	1671	1293	1327	1335	1369	1251	
663	1520	1386	1218	1226	1016	915	688	546	604	319	134	0	378	462	579	688	781	1024	1176	1184	1360	1444	1243	1570	1646	1293	1344	1369	1411	1310	
999	1906	1772	1596	1596	1377	1260	1033	882	823	596	487	378	0	210	411	596	764	999	1201	1276	1486	1612	1478	1814	1923	1604	1671	1713	1772	1680	
974	1932	1822	1663	1688	1478	1377	1150	1008	999	747	596	462	210	0	201	394	571	806	1008	1108	1318	1470	1360	1696	1822	1537	1621	1680	1755	1688	
957	1948	1856	1705	1755	1562	1486	1260	1125	1159	890	714	579	411	201	0	193	378	604	806	932	1142	1302	1234	1570	1705	1461	1554	1638	1730	1680	
932	1932	1856	1722	1806	1621	1562	1335	1218	1293	1008	831	688	596	394	193	0	193	411	613	747	966	1134	1100	1419	1579	1360	1470	1562	1671	1638	
865	1856	1797	1688	1789	1621	1587	1369	1260	1386	1100	907	781	764	571	378	193	0	243	436	554	772	940	932	1243	1402	1226	1335	1444	1562	1554	
1008	1965	1932	1839	1965	1814	1797	1579	1486	1629	1335	1142	1024	999	806	604	411	243	0	210	403	621	814	898	1167	1352	1243	1377	1503	1638	1646	
1041	1940	1932	1864	2007	1873	1881	1680	1596	1772	1478	1293	1176	1201	1008	806	613	436	210	0	243	428	638	781	1016	1209	1167	1302	1436	1587	1621	
915	1747	1755	1705	1873	1755	1780	1596	1528	1755	1461	1276	1184	1276	1108	932	747	554	403	243	0	218	403	546	772	966	940	1075	1218	1369	1419	
991	1722	1764	1738	1915	1831	1873	1705	1654	1898	1621	1444	1360	1486	1318	1142	966	772	621	428	218	0	210	462	604	806	865	1008	1159	1318	1394	
991	1604	1663	1663	1864	1797	1864	1713	1680	1957	1688	1520	1444	1612	1470	1302	1134	940	814	638	403	210	0	344	403	613	730	873	1024	1192	1285	
688	1268	1318	1318	1512	1453	1537	1402	1386	1688	1436	1285	1243	1478	1360	1234	1100	932	898	781	546	462	344	0	336	470	403	546	697	856	940	
982	1327	1428	1470	1688	1671	1772	1671	1680	1990	1747	1604	1570	1814	1696	1570	1419	1243	1167	1016	772	604	403	336	0	210	478	588	730	898	1033	
1016	1192	1310	1386	1612	1621	1738	1663	1688	2016	1797	1671	1646	1923	1822	1705	1579	1402	1352	1209	966	806	613	470	210	0	420	487	613	764	915	
638	873	949	991	1209	1201	1318	1243	1268	1604	1402	1293	1293	1604	1537	1461	1360	1226	1243	1167	940	865	730	403	478	420	0	142	285	453	562	
672	739	831	890	1117	1134	1268	1209	1260	1596	1419	1327	1344	1671	1621	1554	1470	1335	1377	1302	1075	1008	873	546	588	487	142	0	151	319	436	
714	588	697	772	1008	1050	1192	1159	1226	1570	1411	1335	1369	1713	1680	1638	1562	1444	1503	1436	1218	1159	1024	697	730	613	285	151	0	168	302	
781	420	546	655	890	957	1117	1117	1201	1545	1419	1369	1411	1772	1755	1730	1671	1562	1638	1587	1369	1318	1192	856	898	764	453	319	168	0	176	
714	319	394	478	714	781	940	957	1050	1394	1285	1251	1310	1680	1688	1680	1638	1554	1646	1621	1419	1394	1285	940	1033	915	562	436	302	176	0	
V5
0	2356	2197	1960	2277	1980	2059	1702	1643	2356	1821	1544	1564	2356	2296	2257	2197	2039	2376	2455	2158	2336	2336	1623	2316	2395	1504	1584	1683	1841	1683	
2356	0	495	950	1425	1801	2237	2435	2732	3484	3385	3405	3583	4494	4554	4593	4554	4375	4633	4573	4118	4059	3781	2989	3128	2811	2059	1742	1386	990	752	
2197	495	0	475	930	1306	1742	1999	2316	3049	2989	3049	3267	4177	4296	4375	4375	4237	4554	4554	4138	4158	3920	3108	3366	3088	2237	1960	1643	1287	930	
1960	950	475	0	554	831	1267	1524	1841	2554	2534	2613	2871	3762	3920	4019	4059	3979	4336	4395	4019	4098	3920	3108	3465	3267	2336	2098	1821	1544	1128	
2277	1425	930	554	0	514	930	1346	1702	2296	2415	2613	2890	3762	3979	4138	4257	4217	4633	4732	4415	4514	4395	3564	3979	3801	2851	2633	2376	2098	1683	
1980	1801	1306	831	514	0	415	811	1168	1782	1881	2098	2395	3247	3484	3682	3821	3821	4276	4415	4138	4316	4237	3425	3940	3821	2831	2673	2475	2257	1841	
2059	2237	1742	1267	930	415	0	534	871	1366	1584	1841	2158	2970	3247	3504	3682	3742	4237	4435	4197	4415	4395	3623	4177	4098	3108	2989	2811	2633	2217	
1702	2435	1999	1524	1346	811	534	0	356	1049	1069	1306	1623	2435	2712	2970	3148	3227	3722	3960	3762	4019	4039	3306	3940	3920	2930	2851	2732	2633	2257	
1643	2732	2316	1841	1702	1168	871	356	0	811	712	970	1287	2079	2376	2653	2871	2970	3504	3762	3603	3900	3960	3267	3960	3979	2989	2970	2890	2831	2475	
2356	3484	3049	2554	2296	1782	1366	1049	811	0	673	1128	1425	1940	2356	2732	3049	3267	3841	4177	4138	4474	4613	3979	4692	4752	3781	3762	3702	3643	3286	
