M: 4
N: 30
Nun_Veiculos: 19
Capacidade_Total: 1147
Demanda_Total: 574
Setup_Min: 1
Setup_Max: 9
Raio: 100
Circulos: 1
Tempo_Processamento_Min: 1
Tempo_Processamento_Max: 49
Demanda_Min: 10
Demanda_Max: 30
Priority_Factor: 0.2
Range_Factor_R: 0.8
U_factor: 2
ALpha: 0.2Replicao: 4
Tempos_Processamentos
0	0	1	0	2	0	3	0	
0	29	1	11	2	34	3	7	
0	15	1	41	2	8	3	9	
0	11	1	38	2	47	3	7	
0	46	1	24	2	18	3	11	
0	35	1	9	2	3	3	4	
0	29	1	14	2	38	3	9	
0	6	1	47	2	1	3	32	
0	30	1	46	2	1	3	10	
0	29	1	43	2	26	3	39	
0	22	1	35	2	24	3	18	
0	35	1	6	2	3	3	21	
0	42	1	39	2	19	3	15	
0	20	1	45	2	20	3	32	
0	1	1	6	2	44	3	1	
0	33	1	11	2	10	3	42	
0	40	1	33	2	30	3	49	
0	30	1	15	2	45	3	42	
0	3	1	21	2	2	3	27	
0	12	1	21	2	32	3	39	
0	40	1	44	2	37	3	30	
0	34	1	19	2	24	3	7	
0	47	1	43	2	17	3	4	
0	30	1	43	2	37	3	44	
0	39	1	31	2	39	3	3	
0	40	1	26	2	8	3	36	
0	42	1	17	2	35	3	46	
0	31	1	25	2	38	3	16	
0	40	1	45	2	10	3	27	
0	3	1	7	2	7	3	1	
0	36	1	25	2	25	3	38	

Tempos_setup
M0
0	0	0	0	0	0	0	0	0	0	0	0	0	0	0	0	0	0	0	0	0	0	0	0	0	0	0	0	0	0	0	
0	0	3	3	3	3	3	4	1	2	2	4	3	2	1	2	2	3	1	3	3	4	2	2	4	2	2	3	3	3	3	
0	2	0	4	4	3	4	3	3	2	3	4	3	2	1	4	4	3	2	3	3	4	3	4	2	3	4	3	4	3	3	
0	3	3	0	1	3	3	2	2	3	3	3	3	2	3	2	3	2	2	3	4	1	2	2	4	4	3	2	1	2	2	
0	2	2	2	0	2	3	1	3	2	3	2	2	3	2	1	2	3	2	3	3	3	2	1	3	3	4	3	3	1	3	
0	2	2	2	3	0	3	1	3	2	3	4	2	2	1	3	2	1	2	2	3	3	2	2	1	3	2	2	1	2	2	
0	3	2	3	1	2	0	2	3	2	3	3	1	2	2	2	3	3	2	2	4	2	3	2	3	3	1	2	1	2	1	
0	3	1	1	2	3	2	0	3	2	2	4	1	3	1	2	1	3	2	2	2	2	2	3	3	2	3	3	2	3	2	
0	2	2	2	3	2	2	3	0	2	1	3	3	1	1	1	3	2	2	2	2	3	1	3	3	3	1	2	3	2	2	
0	4	4	3	4	2	3	3	4	0	3	2	4	3	2	3	2	2	3	1	3	3	2	2	3	1	3	4	3	3	3	
0	3	3	1	2	3	4	3	3	3	0	4	4	1	2	2	3	2	3	2	1	2	3	3	4	3	3	2	2	2	3	
0	3	3	3	2	3	1	3	4	3	2	0	2	2	3	2	4	3	1	3	1	3	3	3	4	2	2	2	2	3	2	
0	3	1	3	2	2	4	3	3	3	3	4	0	3	2	1	4	3	2	3	3	2	3	2	3	4	4	3	1	2	3	
0	4	2	3	3	2	3	2	4	3	3	4	3	0	3	2	2	1	2	1	2	4	2	3	3	2	2	3	2	1	3	
0	3	3	3	3	2	4	3	4	1	2	3	2	2	0	3	3	3	1	2	2	4	3	3	3	2	4	3	3	3	4	
0	4	3	2	3	3	4	4	4	4	4	5	2	2	4	0	3	3	4	2	4	3	3	4	2	4	4	3	3	3	3	
0	3	3	2	2	2	2	3	3	2	1	4	3	2	3	2	0	3	2	3	2	2	1	2	3	1	3	2	1	2	1	
0	3	2	3	3	2	3	3	3	3	2	4	3	1	2	3	2	0	1	1	3	3	2	2	3	3	1	2	1	2	3	
0	4	3	2	2	4	4	3	4	4	1	3	2	2	3	3	3	3	0	3	2	3	3	3	5	4	4	3	3	2	4	
0	3	3	2	3	1	2	2	4	2	2	3	3	2	2	2	1	1	2	0	3	3	1	3	2	2	2	3	2	3	2	
0	2	2	3	1	3	3	2	3	2	4	3	3	2	3	1	3	3	3	3	0	2	2	2	3	3	2	1	4	2	3	
0	2	2	2	3	3	2	1	3	2	3	4	2	1	2	2	2	2	3	2	3	0	1	3	4	3	2	1	3	2	3	
0	4	3	1	2	3	1	3	3	3	3	3	2	3	3	1	2	2	3	3	4	2	0	3	3	3	2	3	2	3	2	
0	3	3	2	2	1	2	2	4	1	4	3	3	3	2	3	3	2	3	2	2	3	3	0	2	2	3	3	2	3	3	
0	2	2	2	3	2	2	2	3	2	4	4	3	2	3	2	3	3	3	3	3	2	1	3	0	3	2	1	2	3	1	
0	4	4	3	3	3	3	3	3	4	4	5	4	3	4	3	3	4	5	3	5	2	2	3	4	0	4	3	4	4	4	
0	2	1	3	4	1	3	2	2	2	3	4	3	2	1	3	3	2	2	3	3	2	2	3	2	3	0	1	2	3	3	
0	1	1	2	3	2	2	2	2	2	3	4	3	1	2	2	3	2	2	2	3	1	1	2	3	3	1	0	3	2	2	
0	2	3	3	3	2	3	2	3	2	2	3	3	3	3	3	3	3	1	3	3	3	2	1	3	3	4	3	0	1	2	
0	3	2	2	3	4	2	1	4	3	2	4	2	2	2	2	2	2	1	3	3	3	1	4	3	3	3	2	3	0	3	
0	3	3	3	3	1	3	2	2	1	3	3	3	1	2	3	3	2	2	2	3	1	2	2	2	2	3	2	2	2	0	
M1
0	0	0	0	0	0	0	0	0	0	0	0	0	0	0	0	0	0	0	0	0	0	0	0	0	0	0	0	0	0	0	
0	0	3	4	2	3	2	3	1	4	2	4	4	3	3	2	3	4	3	4	1	4	3	4	3	4	3	4	3	4	2	
0	1	0	1	2	1	2	2	2	3	1	3	1	3	3	3	3	3	3	2	1	2	1	3	3	2	3	3	2	2	3	
0	3	4	0	3	3	3	4	2	3	3	2	3	3	4	3	3	2	2	3	4	1	3	2	4	4	5	2	4	2	3	
0	2	4	4	0	4	3	3	2	2	3	4	3	3	1	3	3	3	4	3	2	3	2	4	2	2	4	3	3	4	2	
0	2	4	3	3	0	3	4	3	3	3	3	3	2	2	3	4	3	4	1	2	4	4	2	3	3	2	2	1	1	3	
0	3	2	3	2	3	0	2	4	3	2	3	3	3	3	1	3	2	1	2	2	3	1	2	2	2	3	4	3	3	2	
0	2	1	1	3	2	3	0	2	2	2	2	2	3	4	1	3	3	2	3	2	1	2	2	2	3	3	3	3	2	2	
0	4	3	3	3	2	3	2	0	4	3	3	4	2	4	1	2	3	4	3	2	3	3	4	2	4	3	3	3	3	1	
0	4	3	4	3	3	1	3	2	0	3	3	3	1	4	2	1	2	2	2	3	2	2	3	3	3	3	3	4	3	2	
0	2	1	2	3	1	3	3	3	4	0	4	2	3	3	4	4	4	4	2	2	3	2	3	4	3	3	3	2	2	4	
0	3	3	3	2	3	2	2	4	3	2	0	1	4	3	1	3	4	3	2	2	3	1	2	2	2	3	4	3	3	2	
0	3	3	2	3	3	1	3	3	4	3	4	0	4	4	2	2	3	2	3	3	3	2	2	3	3	4	4	4	4	3	
0	4	3	4	2	2	1	3	3	2	2	2	2	0	3	2	2	1	2	1	3	4	2	3	2	3	4	3	3	3	1	
0	2	3	3	2	3	2	4	2	1	2	3	2	2	0	3	2	3	3	3	1	3	3	3	1	1	3	2	2	3	3	
0	3	2	2	2	3	2	1	3	3	2	2	3	3	3	0	2	4	3	3	1	2	3	3	1	3	2	3	4	2	1	
0	3	3	3	3	3	3	2	1	2	3	3	4	3	4	1	0	4	4	3	2	3	4	3	2	4	3	2	4	2	2	
0	3	4	4	1	1	2	3	2	3	3	1	2	3	2	2	1	0	3	2	3	4	2	3	3	2	3	3	2	2	2	
0	2	4	2	2	2	3	3	3	4	3	2	2	2	3	2	2	1	0	1	3	3	3	1	3	3	4	3	2	3	3	
0	4	3	4	4	3	2	4	4	5	2	3	3	4	4	3	3	4	3	0	4	5	3	4	3	4	5	5	4	3	3	
0	2	2	3	1	2	1	3	2	3	1	4	3	3	2	2	4	3	2	3	0	4	2	3	3	3	4	3	3	3	3	
0	2	4	3	2	2	2	3	3	4	3	1	2	3	3	2	3	2	1	2	3	0	2	1	3	3	4	4	3	3	3	
0	3	2	2	1	2	3	1	3	2	1	3	3	3	2	2	3	4	3	1	3	2	0	3	2	1	2	3	2	3	3	
0	1	4	3	1	1	2	4	2	3	3	3	1	3	2	3	3	4	3	2	2	2	3	0	3	3	3	3	2	2	3	
0	3	2	3	4	2	4	4	4	3	1	3	3	3	2	4	3	3	2	2	3	2	3	3	0	3	4	4	3	2	2	
0	3	4	3	3	3	2	4	3	1	3	3	3	2	2	3	2	3	3	3	2	3	3	2	3	0	2	2	1	4	3	
0	3	2	2	2	2	3	2	4	2	1	2	3	3	3	1	3	4	3	3	2	2	3	3	2	3	0	1	3	2	2	
0	3	2	1	3	2	2	3	3	1	1	1	2	2	3	2	2	3	2	3	3	2	2	3	3	2	4	0	2	3	3	
0	2	3	2	2	3	2	4	3	2	2	2	3	2	1	3	3	3	3	3	1	3	3	4	2	2	4	1	0	4	3	
0	1	4	4	2	1	2	4	2	3	3	3	2	1	2	3	3	2	3	2	2	3	3	1	3	3	3	3	2	0	2	
0	4	3	3	4	4	4	2	2	3	3	3	4	4	5	2	1	5	4	4	3	3	4	4	3	4	4	2	4	3	0	
M2
0	0	0	0	0	0	0	0	0	0	0	0	0	0	0	0	0	0	0	0	0	0	0	0	0	0	0	0	0	0	0	
0	0	4	3	3	3	3	2	3	3	1	1	2	1	3	2	3	3	3	3	1	2	2	2	3	4	2	2	2	4	2	
0	1	0	3	4	2	2	2	2	4	2	2	3	1	2	2	2	1	3	4	2	1	3	3	4	3	3	3	3	1	2	
0	4	4	0	3	2	1	4	4	4	3	2	3	2	1	3	1	3	2	4	2	3	4	2	3	3	4	3	3	2	3	
0	3	4	3	0	2	3	2	3	4	1	1	2	2	3	2	1	3	1	3	2	2	2	2	3	4	3	3	3	2	2	
0	3	2	1	3	0	2	2	2	4	3	1	2	2	2	3	2	1	2	3	2	1	3	3	4	2	3	3	3	2	2	
0	4	4	3	4	2	0	3	3	3	2	3	4	3	2	3	3	3	3	4	4	2	3	3	4	3	4	4	4	1	3	
0	1	4	3	3	2	2	0	3	4	2	2	3	2	1	2	2	3	2	4	2	3	1	2	3	4	3	3	3	3	3	
0	2	2	3	3	2	1	2	0	4	3	1	2	3	3	3	3	2	4	3	2	2	3	3	4	1	4	3	2	2	3	
0	3	3	2	2	2	3	2	3	0	3	2	2	3	3	3	2	3	1	4	3	2	2	2	3	4	1	1	2	4	2	
0	2	4	3	2	2	2	1	2	3	0	3	3	2	2	1	3	3	2	2	2	1	1	1	2	3	3	3	3	3	1	
0	3	4	3	3	2	3	3	3	3	4	0	1	3	2	2	3	3	4	2	1	2	3	2	4	4	3	2	2	4	3	
0	3	3	2	3	1	2	3	2	5	3	2	0	3	2	1	3	2	3	3	3	2	2	1	4	3	3	4	4	3	2	
0	2	5	4	5	3	4	4	3	5	3	3	4	0	5	2	3	4	4	5	3	4	3	4	5	4	4	4	4	5	3	
0	3	4	2	4	2	3	4	4	4	4	2	3	2	0	3	1	3	3	4	2	3	4	1	3	3	4	3	2	4	2	
0	3	3	2	3	1	2	3	1	5	4	2	3	2	3	0	3	2	3	3	3	2	4	4	4	2	4	4	3	3	1	
0	3	3	2	3	1	3	3	3	3	4	1	2	1	3	2	0	2	2	3	1	2	3	3	4	3	3	2	2	3	3	
0	2	1	3	3	2	1	3	3	3	3	2	3	2	3	2	1	0	2	4	1	2	3	3	4	2	2	2	2	2	3	
0	3	4	3	1	3	3	2	2	4	2	2	3	2	2	3	2	4	0	4	2	1	3	1	4	3	2	3	3	3	2	
0	2	3	2	4	1	3	1	3	4	3	2	3	2	2	3	3	2	3	0	3	2	2	1	4	3	4	4	4	3	3	
0	2	3	2	2	2	2	2	2	2	3	3	3	2	2	1	2	3	3	4	0	1	2	3	3	3	2	1	1	3	2	
0	2	3	3	3	2	2	1	1	5	2	2	2	1	1	3	2	3	3	3	3	0	2	2	4	2	2	4	3	2	1	
0	3	3	2	2	1	1	2	2	3	1	2	3	3	3	2	3	2	1	3	3	2	0	2	2	3	3	4	3	2	2	
0	2	5	3	3	3	3	4	3	4	3	3	2	3	1	3	2	4	2	4	2	3	4	0	4	4	4	3	3	3	2	
0	3	3	3	2	3	4	3	3	1	3	2	3	1	3	3	3	3	1	2	3	2	3	2	0	2	2	2	3	4	3	
0	2	1	2	2	1	2	2	2	4	3	2	3	2	2	3	2	1	3	4	2	1	3	3	3	0	3	3	1	2	2	
0	2	3	1	4	3	2	1	2	3	3	3	4	3	2	2	2	2	3	5	3	3	2	3	3	3	0	4	1	3	3	
0	3	2	3	3	2	2	2	2	2	2	2	3	2	2	3	1	3	2	3	2	1	1	3	3	3	3	0	3	3	1	
0	1	4	1	4	2	1	3	3	3	2	2	3	2	2	3	1	3	3	4	2	2	2	2	2	4	3	3	0	2	3	
0	3	3	2	3	1	3	2	2	5	3	2	3	2	2	2	3	2	2	4	3	1	3	2	5	2	3	4	3	0	2	
0	3	3	2	2	1	3	3	3	4	3	2	3	3	3	4	3	2	3	2	3	2	4	3	3	3	4	4	2	3	0	
M3
0	0	0	0	0	0	0	0	0	0	0	0	0	0	0	0	0	0	0	0	0	0	0	0	0	0	0	0	0	0	0	
0	0	1	4	4	2	3	5	3	3	2	4	3	4	3	4	3	3	3	4	3	3	2	2	3	3	2	3	3	3	4	
0	1	0	3	3	2	3	4	4	2	3	3	3	4	3	3	2	4	3	3	4	2	3	1	2	2	3	2	4	2	3	
0	3	3	0	2	2	3	4	3	3	3	3	2	2	3	2	1	1	1	3	2	2	1	2	3	3	3	3	4	3	3	
0	1	2	2	0	3	2	4	3	1	3	1	2	4	2	2	1	3	2	2	2	3	3	2	2	2	3	4	2	3	1	
0	2	3	3	3	0	1	5	4	3	3	3	1	2	2	3	3	3	2	4	2	3	2	2	2	3	3	4	3	3	4	
0	1	2	3	4	3	0	6	4	4	3	4	4	5	4	5	4	4	3	4	3	4	3	3	2	4	3	4	4	4	3	
0	3	3	2	3	2	3	0	3	1	3	2	3	3	1	2	1	3	2	1	3	3	2	2	2	3	2	3	3	2	2	
0	2	2	3	3	3	1	3	0	2	3	1	4	1	3	2	2	4	2	3	2	3	3	3	2	4	3	4	3	1	3	
0	3	3	1	2	2	2	5	4	0	3	1	3	3	3	3	2	2	1	4	2	2	2	3	3	4	3	3	3	2	3	
0	3	3	3	2	1	2	4	3	3	0	3	2	3	2	3	3	1	3	3	1	2	3	2	2	3	2	3	1	3	3	
0	3	2	3	3	3	3	5	3	3	3	0	4	4	2	2	1	3	3	3	1	2	4	2	3	3	2	3	2	3	3	
0	3	2	2	2	2	2	5	4	3	2	2	0	4	3	4	3	2	1	3	2	2	2	3	1	4	3	3	2	2	3	
0	2	2	2	2	2	3	5	4	1	2	2	3	0	3	4	3	3	1	3	2	2	2	3	1	4	3	3	3	3	3	
0	3	3	2	3	3	2	5	2	2	2	3	3	3	0	1	3	2	2	3	3	2	3	3	3	3	1	2	3	2	2	
0	2	3	1	2	2	1	5	4	3	1	3	3	3	3	0	2	2	2	3	2	1	2	3	3	4	3	2	2	4	2	
0	3	3	2	3	3	2	4	2	4	2	3	4	3	3	1	0	3	3	2	2	2	3	1	2	2	3	3	3	2	3	
0	2	3	3	1	3	3	3	4	2	2	2	1	5	3	3	2	0	2	3	3	2	3	3	2	3	4	3	3	3	2	
0	2	2	3	1	1	2	4	4	2	2	2	2	3	3	3	2	3	0	3	3	1	3	2	3	3	3	2	3	3	2	
0	2	2	3	2	1	2	4	4	3	3	3	2	3	2	3	3	4	3	0	2	3	1	3	2	4	3	4	2	1	1	
0	2	3	3	3	2	2	4	2	2	3	2	3	3	1	2	2	3	2	2	0	1	3	1	2	2	1	2	3	2	2	
0	2	3	2	2	1	1	6	3	3	3	2	2	3	2	3	3	3	3	2	2	0	3	3	2	4	3	1	3	3	1	
0	2	3	4	4	3	3	5	3	3	4	4	4	4	3	4	3	5	3	3	4	2	0	2	3	3	2	3	5	3	3	
0	2	2	2	2	2	2	3	3	3	2	2	3	4	3	2	1	3	2	3	3	1	2	0	1	1	4	2	3	1	2	
0	2	1	1	2	2	3	5	3	3	1	3	3	3	3	3	2	2	1	2	2	2	1	2	0	3	3	3	2	3	3	
0	2	3	2	1	3	2	2	4	2	2	1	3	4	3	1	2	3	3	3	2	2	2	3	3	0	3	3	3	4	2	
0	3	3	2	2	2	2	4	1	1	3	2	3	2	1	2	3	3	1	3	3	1	2	3	3	4	0	2	3	2	2	
0	3	2	1	3	2	3	5	4	4	2	1	3	3	3	3	2	2	2	1	2	3	2	3	3	4	3	0	3	2	2	
0	3	2	2	3	3	2	4	2	2	2	3	3	3	1	2	3	2	2	3	3	2	2	3	1	3	1	3	0	3	3	
0	1	1	4	3	3	3	3	4	3	3	4	4	5	4	4	3	4	4	3	3	3	3	2	3	3	3	3	3	0	2	
0	2	2	2	1	2	1	5	3	2	2	2	3	4	2	2	2	3	2	1	1	2	2	2	1	3	2	3	3	2	0	
Tamanho_Tarefas
0	18	18	11	14	9	16	15	16	33	21	6	18	29	3	23	30	20	8	24	32	20	16	30	21	12	29	27	24	4	27	
Data_Entrega
0	221	180	197	180	231	211	197	232	209	209	193	189	210	174	200	224	175	235	223	185	201	189	210	203	194	212	221	182	218	206	
Penalidade_Atraso
0	8	17	13	12	10	6	17	6	6	11	2	6	15	5	17	10	12	5	17	10	4	9	11	5	16	8	9	10	4	3	
Capacidade_Veiculo
80	44	46	53	65	55	39	89	89	47	70	48	42	44	97	51	63	55	70	
Custo_Fixo_Veiculo
800	440	460	530	650	550	390	890	890	470	700	480	420	440	970	510	630	550	700	
Coordenadas_Clientes
x	0	y	0
x	76	y	0
x	108	y	23
x	80	y	35
x	66	y	48
x	68	y	76
x	38	y	66
x	25	y	77
x	8	y	79
x	-11	y	105
x	-31	y	96
x	-61	y	105
x	-80	y	89
x	-94	y	68
x	-79	y	35
x	-116	y	24
x	-122	y	0
x	-92	y	-19
x	-97	y	-43
x	-79	y	-57
x	-78	y	-87
x	-56	y	-98
x	-26	y	-80
x	-8	y	-81
x	10	y	-97
x	25	y	-79
x	61	y	-105
x	80	y	-89
x	67	y	-48
x	112	y	-50
x	98	y	-20
Tempo_Viagem
0	76	110	87	81	101	76	80	79	105	100	121	119	116	86	118	122	93	106	97	116	112	84	81	97	82	121	119	82	122	100	
76	0	39	35	49	76	76	92	104	136	143	172	179	183	158	193	198	169	178	165	176	163	129	116	117	94	105	89	48	61	29	
110	39	0	30	48	66	81	98	113	143	155	186	198	206	187	224	231	203	215	203	215	202	168	155	154	131	136	115	81	73	44	
87	35	30	0	19	42	52	69	84	114	126	157	168	177	159	196	205	180	193	183	199	190	156	145	149	126	140	124	83	90	57	
81	49	48	19	0	28	33	50	65	95	107	138	151	161	145	183	194	171	186	178	197	190	157	148	155	133	153	137	96	108	75	
101	76	66	42	28	0	31	43	60	84	101	132	148	162	152	190	204	186	203	198	217	213	182	174	182	160	181	165	124	132	99	
76	76	81	52	33	31	0	17	32	62	74	105	120	132	121	159	173	155	173	169	192	188	159	154	165	145	172	160	117	137	104	
80	92	98	69	50	43	17	0	17	45	59	90	105	119	112	150	165	151	171	169	193	192	164	161	174	156	185	174	131	153	121	
79	104	113	84	65	60	32	17	0	32	42	73	88	102	97	135	152	140	160	161	186	188	162	160	176	158	191	182	140	165	133	
105	136	143	114	95	84	62	45	32	0	21	50	70	89	97	132	152	148	171	175	203	207	185	186	202	187	222	214	171	197	165	
100	143	155	126	107	101	74	59	42	21	0	31	49	68	77	111	132	130	153	160	188	195	176	178	197	182	221	215	174	204	172	
121	172	186	157	138	132	105	90	73	50	31	0	24	49	72	97	121	127	151	162	192	203	188	193	214	203	242	239	199	232	201	
119	179	198	168	151	148	120	105	88	70	49	24	0	25	54	74	98	108	132	146	176	188	177	184	206	198	239	238	200	237	208	
116	183	206	177	161	162	132	119	102	89	68	49	25	0	36	49	73	87	111	125	155	170	162	172	195	189	232	234	198	237	211	
86	158	187	159	145	152	121	112	97	97	77	72	54	36	0	38	55	55	79	92	122	134	126	136	159	154	197	201	167	208	185	
118	193	224	196	183	190	159	150	135	132	111	97	74	49	38	0	24	49	69	89	116	135	137	150	174	174	218	226	196	239	218	
122	198	231	205	194	204	173	165	152	152	132	121	98	73	55	24	0	35	49	71	96	117	124	139	163	166	210	220	195	239	220	
93	169	203	180	171	186	155	151	140	148	130	127	108	87	55	49	35	0	24	40	69	86	89	104	128	131	175	185	161	206	190	
106	178	215	193	186	203	173	171	160	171	153	151	132	111	79	69	49	24	0	22	47	68	79	96	118	127	169	182	164	209	196	
97	165	203	183	178	198	169	169	161	175	160	162	146	125	92	89	71	40	22	0	30	47	57	74	96	106	147	161	146	191	180	
116	176	215	199	197	217	192	193	186	203	188	192	176	155	122	116	96	69	47	30	0	24	52	70	88	103	139	158	150	193	188	
112	163	202	190	190	213	188	192	188	207	195	203	188	170	134	135	117	86	68	47	24	0	34	50	66	83	117	136	131	173	171	
84	129	168	156	157	182	159	164	162	185	176	188	177	162	126	137	124	89	79	57	52	34	0	18	39	51	90	106	98	141	137	
81	116	155	145	148	174	154	161	160	186	178	193	184	172	136	150	139	104	96	74	70	50	18	0	24	33	73	88	81	123	122	
97	117	154	149	155	182	165	174	176	202	197	214	206	195	159	174	163	128	118	96	88	66	39	24	0	23	51	70	75	112	116	
82	94	131	126	133	160	145	156	158	187	182	203	198	189	154	174	166	131	127	106	103	83	51	33	23	0	44	55	52	91	93	
121	105	136	140	153	181	172	185	191	222	221	242	239	232	197	218	210	175	169	147	139	117	90	73	51	44	0	24	57	74	92	
119	89	115	124	137	165	160	174	182	214	215	239	238	234	201	226	220	185	182	161	158	136	106	88	70	55	24	0	43	50	71	
82	48	81	83	96	124	117	131	140	171	174	199	200	198	167	196	195	161	164	146	150	131	98	81	75	52	57	43	0	45	41	
122	61	73	90	108	132	137	153	165	197	204	232	237	237	208	239	239	206	209	191	193	173	141	123	112	91	74	50	45	0	33	
100	29	44	57	75	99	104	121	133	165	172	201	208	211	185	218	220	190	196	180	188	171	137	122	116	93	92	71	41	33	0	
Custo_Viagem
V0
0	1216	1760	1392	1296	1616	1216	1280	1264	1680	1600	1936	1904	1856	1376	1888	1952	1488	1696	1552	1856	1792	1344	1296	1552	1312	1936	1904	1312	1952	1600	
1216	0	624	560	784	1216	1216	1472	1664	2176	2288	2752	2864	2928	2528	3088	3168	2704	2848	2640	2816	2624	2064	1856	1872	1504	1696	1424	768	976	464	
1760	624	0	480	768	1056	1312	1584	1824	2304	2512	2992	3184	3296	2992	3584	3696	3264	3440	3248	3456	3248	2704	2480	2464	2096	2176	1840	1296	1168	704	
1392	560	480	0	304	672	832	1104	1344	1824	2016	2512	2688	2832	2544	3136	3280	2880	3088	2928	3184	3040	2496	2320	2384	2016	2256	1984	1344	1440	912	
1296	784	768	304	0	448	528	800	1040	1520	1728	2224	2416	2576	2320	2928	3104	2736	2976	2864	3152	3040	2512	2368	2480	2128	2448	2192	1536	1728	1200	
1616	1216	1056	672	448	0	496	688	960	1344	1616	2112	2368	2592	2432	3056	3264	2976	3248	3168	3488	3408	2912	2784	2912	2560	2896	2640	1984	2128	1600	
1216	1216	1312	832	528	496	0	272	512	992	1200	1696	1920	2112	1936	2544	2768	2480	2768	2704	3072	3024	2544	2464	2640	2320	2752	2560	1872	2192	1664	
1280	1472	1584	1104	800	688	272	0	272	720	944	1440	1680	1904	1792	2400	2640	2416	2736	2704	3088	3072	2640	2576	2784	2496	2960	2784	2096	2448	1936	
1264	1664	1824	1344	1040	960	512	272	0	512	672	1168	1408	1632	1552	2160	2432	2240	2560	2576	2976	3008	2592	2560	2816	2528	3056	2912	2240	2640	2128	
1680	2176	2304	1824	1520	1344	992	720	512	0	336	800	1120	1440	1552	2112	2432	2368	2736	2800	3248	3312	2960	2976	3248	2992	3552	3424	2736	3152	2640	
1600	2288	2512	2016	1728	1616	1200	944	672	336	0	496	784	1088	1232	1776	2112	2080	2448	2560	3008	3120	2816	2848	3152	2928	3536	3440	2784	3264	2768	
1936	2752	2992	2512	2224	2112	1696	1440	1168	800	496	0	384	784	1152	1552	1936	2032	2432	2592	3072	3248	3008	3088	3424	3248	3872	3824	3184	3712	3232	
1904	2864	3184	2688	2416	2368	1920	1680	1408	1120	784	384	0	400	864	1184	1568	1728	2128	2336	2816	3008	2832	2944	3296	3168	3824	3824	3200	3792	3328	
1856	2928	3296	2832	2576	2592	2112	1904	1632	1440	1088	784	400	0	576	784	1168	1392	1776	2000	2480	2720	2592	2752	3120	3024	3712	3744	3168	3792	3376	
1376	2528	2992	2544	2320	2432	1936	1792	1552	1552	1232	1152	864	576	0	608	880	880	1280	1472	1952	2144	2016	2176	2544	2464	3152	3216	2672	3344	2960	
1888	3088	3584	3136	2928	3056	2544	2400	2160	2112	1776	1552	1184	784	608	0	384	784	1104	1424	1872	2160	2192	2400	2784	2784	3504	3616	3136	3824	3488	
1952	3168	3696	3280	3104	3264	2768	2640	2432	2432	2112	1936	1568	1168	880	384	0	560	784	1136	1552	1888	1984	2224	2608	2656	3360	3520	3120	3824	3520	
1488	2704	3264	2880	2736	2976	2480	2416	2240	2368	2080	2032	1728	1392	880	784	560	0	384	640	1104	1376	1424	1664	2048	2096	2800	2960	2576	3296	3040	
1696	2848	3440	3088	2976	3248	2768	2736	2560	2736	2448	2432	2128	1776	1280	1104	784	384	0	352	752	1088	1280	1536	1904	2032	2704	2912	2624	3344	3136	
1552	2640	3248	2928	2864	3168	2704	2704	2576	2800	2560	2592	2336	2000	1472	1424	1136	640	352	0	480	752	912	1184	1552	1696	2368	2592	2336	3056	2880	
1856	2816	3456	3184	3152	3488	3072	3088	2976	3248	3008	3072	2816	2480	1952	1872	1552	1104	752	480	0	384	832	1120	1408	1648	2240	2528	2400	3088	3008	
1792	2624	3248	3040	3040	3408	3024	3072	3008	3312	3120	3248	3008	2720	2144	2160	1888	1376	1088	752	384	0	544	800	1056	1328	1872	2176	2112	2784	2752	
1344	2064	2704	2496	2512	2912	2544	2640	2592	2960	2816	3008	2832	2592	2016	2192	1984	1424	1280	912	832	544	0	288	624	816	1440	1696	1568	2256	2192	
1296	1856	2480	2320	2368	2784	2464	2576	2560	2976	2848	3088	2944	2752	2176	2400	2224	1664	1536	1184	1120	800	288	0	384	528	1168	1408	1296	1968	1952	
1552	1872	2464	2384	2480	2912	2640	2784	2816	3248	3152	3424	3296	3120	2544	2784	2608	2048	1904	1552	1408	1056	624	384	0	368	816	1120	1200	1792	1856	
1312	1504	2096	2016	2128	2560	2320	2496	2528	2992	2928	3248	3168	3024	2464	2784	2656	2096	2032	1696	1648	1328	816	528	368	0	704	880	832	1456	1488	
1936	1696	2176	2256	2448	2896	2752	2960	3056	3552	3536	3872	3824	3712	3152	3504	3360	2800	2704	2368	2240	1872	1440	1168	816	704	0	384	912	1200	1472	
1904	1424	1840	1984	2192	2640	2560	2784	2912	3424	3440	3824	3824	3744	3216	3616	3520	2960	2912	2592	2528	2176	1696	1408	1120	880	384	0	688	800	1136	
1312	768	1296	1344	1536	1984	1872	2096	2240	2736	2784	3184	3200	3168	2672	3136	3120	2576	2624	2336	2400	2112	1568	1296	1200	832	912	688	0	720	656	
1952	976	1168	1440	1728	2128	2192	2448	2640	3152	3264	3712	3792	3792	3344	3824	3824	3296	3344	3056	3088	2784	2256	1968	1792	1456	1200	800	720	0	528	
1600	464	704	912	1200	1600	1664	1936	2128	2640	2768	3232	3328	3376	2960	3488	3520	3040	3136	2880	3008	2752	2192	1952	1856	1488	1472	1136	656	528	0	
V1
0	668	968	765	712	888	668	704	695	924	880	1064	1047	1020	756	1038	1073	818	932	853	1020	985	739	712	853	721	1064	1047	721	1073	880	
668	0	343	308	431	668	668	809	915	1196	1258	1513	1575	1610	1390	1698	1742	1487	1566	1452	1548	1443	1135	1020	1029	827	932	783	422	536	255	
968	343	0	264	422	580	721	871	1003	1267	1381	1645	1751	1812	1645	1971	2032	1795	1892	1786	1900	1786	1487	1364	1355	1152	1196	1012	712	642	387	
765	308	264	0	167	369	457	607	739	1003	1108	1381	1478	1557	1399	1724	1804	1584	1698	1610	1751	1672	1372	1276	1311	1108	1240	1091	739	792	501	
712	431	422	167	0	246	290	440	572	836	950	1223	1328	1416	1276	1610	1707	1504	1636	1575	1733	1672	1381	1302	1364	1170	1346	1205	844	950	660	
888	668	580	369	246	0	272	378	528	739	888	1161	1302	1425	1337	1680	1795	1636	1786	1742	1918	1874	1601	1531	1601	1408	1592	1452	1091	1170	880	
668	668	721	457	290	272	0	149	281	545	660	932	1056	1161	1064	1399	1522	1364	1522	1487	1689	1663	1399	1355	1452	1276	1513	1408	1029	1205	915	
704	809	871	607	440	378	149	0	149	396	519	792	924	1047	985	1320	1452	1328	1504	1487	1698	1689	1452	1416	1531	1372	1628	1531	1152	1346	1064	
695	915	1003	739	572	528	281	149	0	281	369	642	774	897	853	1188	1337	1232	1408	1416	1636	1654	1425	1408	1548	1390	1680	1601	1232	1452	1170	
924	1196	1267	1003	836	739	545	396	281	0	184	440	616	792	853	1161	1337	1302	1504	1540	1786	1821	1628	1636	1786	1645	1953	1883	1504	1733	1452	
880	1258	1381	1108	950	888	660	519	369	184	0	272	431	598	677	976	1161	1144	1346	1408	1654	1716	1548	1566	1733	1610	1944	1892	1531	1795	1522	
1064	1513	1645	1381	1223	1161	932	792	642	440	272	0	211	431	633	853	1064	1117	1337	1425	1689	1786	1654	1698	1883	1786	2129	2103	1751	2041	1777	
1047	1575	1751	1478	1328	1302	1056	924	774	616	431	211	0	220	475	651	862	950	1170	1284	1548	1654	1557	1619	1812	1742	2103	2103	1760	2085	1830	
1020	1610	1812	1557	1416	1425	1161	1047	897	792	598	431	220	0	316	431	642	765	976	1100	1364	1496	1425	1513	1716	1663	2041	2059	1742	2085	1856	
756	1390	1645	1399	1276	1337	1064	985	853	853	677	633	475	316	0	334	484	484	704	809	1073	1179	1108	1196	1399	1355	1733	1768	1469	1839	1628	
1038	1698	1971	1724	1610	1680	1399	1320	1188	1161	976	853	651	431	334	0	211	431	607	783	1029	1188	1205	1320	1531	1531	1927	1988	1724	2103	1918	
1073	1742	2032	1804	1707	1795	1522	1452	1337	1337	1161	1064	862	642	484	211	0	308	431	624	853	1038	1091	1223	1434	1460	1848	1936	1716	2103	1936	
818	1487	1795	1584	1504	1636	1364	1328	1232	1302	1144	1117	950	765	484	431	308	0	211	352	607	756	783	915	1126	1152	1540	1628	1416	1812	1672	
932	1566	1892	1698	1636	1786	1522	1504	1408	1504	1346	1337	1170	976	704	607	431	211	0	193	413	598	704	844	1047	1117	1487	1601	1443	1839	1724	
853	1452	1786	1610	1575	1742	1487	1487	1416	1540	1408	1425	1284	1100	809	783	624	352	193	0	264	413	501	651	853	932	1302	1425	1284	1680	1584	
1020	1548	1900	1751	1733	1918	1689	1698	1636	1786	1654	1689	1548	1364	1073	1029	853	607	413	264	0	211	457	616	774	906	1232	1390	1320	1698	1654	
985	1443	1786	1672	1672	1874	1663	1689	1654	1821	1716	1786	1654	1496	1179	1188	1038	756	598	413	211	0	299	440	580	730	1029	1196	1161	1531	1513	
739	1135	1487	1372	1381	1601	1399	1452	1425	1628	1548	1654	1557	1425	1108	1205	1091	783	704	501	457	299	0	158	343	448	792	932	862	1240	1205	
712	1020	1364	1276	1302	1531	1355	1416	1408	1636	1566	1698	1619	1513	1196	1320	1223	915	844	651	616	440	158	0	211	290	642	774	712	1082	1073	
853	1029	1355	1311	1364	1601	1452	1531	1548	1786	1733	1883	1812	1716	1399	1531	1434	1126	1047	853	774	580	343	211	0	202	448	616	660	985	1020	
721	827	1152	1108	1170	1408	1276	1372	1390	1645	1610	1786	1742	1663	1355	1531	1460	1152	1117	932	906	730	448	290	202	0	387	484	457	800	818	
1064	932	1196	1240	1346	1592	1513	1628	1680	1953	1944	2129	2103	2041	1733	1927	1848	1540	1487	1302	1232	1029	792	642	448	387	0	211	501	660	809	
1047	783	1012	1091	1205	1452	1408	1531	1601	1883	1892	2103	2103	2059	1768	1988	1936	1628	1601	1425	1390	1196	932	774	616	484	211	0	378	440	624	
721	422	712	739	844	1091	1029	1152	1232	1504	1531	1751	1760	1742	1469	1724	1716	1416	1443	1284	1320	1161	862	712	660	457	501	378	0	396	360	
1073	536	642	792	950	1170	1205	1346	1452	1733	1795	2041	2085	2085	1839	2103	2103	1812	1839	1680	1698	1531	1240	1082	985	800	660	440	396	0	290	
880	255	387	501	660	880	915	1064	1170	1452	1522	1777	1830	1856	1628	1918	1936	1672	1724	1584	1654	1513	1205	1073	1020	818	809	624	360	290	0	
V2
0	699	1012	800	745	929	699	736	726	966	920	1113	1094	1067	791	1085	1122	855	975	892	1067	1030	772	745	892	754	1113	1094	754	1122	920	
699	0	358	322	450	699	699	846	956	1251	1315	1582	1646	1683	1453	1775	1821	1554	1637	1518	1619	1508	1186	1067	1076	864	975	818	441	561	266	
1012	358	0	276	441	607	754	910	1048	1324	1444	1720	1830	1895	1720	2060	2125	1876	1978	1867	1987	1867	1554	1426	1416	1205	1251	1058	745	671	404	
800	322	276	0	174	386	478	634	772	1048	1159	1444	1545	1628	1462	1803	1886	1656	1775	1683	1830	1748	1435	1334	1370	1159	1297	1140	772	828	524	
745	450	441	174	0	257	303	460	598	874	993	1278	1389	1481	1334	1683	1784	1573	1711	1646	1812	1748	1444	1361	1426	1223	1407	1260	883	993	690	
929	699	607	386	257	0	285	395	552	772	929	1214	1361	1490	1398	1757	1876	1711	1867	1821	2005	1959	1674	1600	1674	1472	1665	1518	1140	1223	920	
699	699	754	478	303	285	0	156	294	570	690	975	1104	1214	1113	1462	1591	1426	1591	1554	1766	1738	1462	1416	1518	1334	1582	1472	1076	1260	956	
736	846	910	634	460	395	156	0	156	414	542	828	966	1094	1030	1380	1518	1389	1573	1554	1775	1766	1518	1481	1600	1435	1702	1600	1205	1407	1113	
726	956	1048	772	598	552	294	156	0	294	386	671	809	938	892	1242	1398	1288	1472	1481	1711	1729	1490	1472	1619	1453	1757	1674	1288	1518	1223	
966	1251	1324	1048	874	772	570	414	294	0	193	460	644	828	892	1214	1398	1361	1573	1610	1867	1904	1702	1711	1867	1720	2042	1968	1573	1812	1518	
920	1315	1444	1159	993	929	690	542	386	193	0	285	450	625	708	1021	1214	1196	1407	1472	1729	1794	1619	1637	1812	1683	2033	1978	1600	1876	1591	
1113	1582	1720	1444	1278	1214	975	828	671	460	285	0	220	450	662	892	1113	1168	1398	1490	1766	1867	1729	1775	1968	1867	2226	2198	1830	2134	1858	
1094	1646	1830	1545	1389	1361	1104	966	809	644	450	220	0	230	496	680	901	993	1223	1343	1619	1729	1628	1692	1895	1821	2198	2198	1840	2180	1913	
1067	1683	1895	1628	1481	1490	1214	1094	938	828	625	450	230	0	331	450	671	800	1021	1150	1426	1564	1490	1582	1794	1738	2134	2152	1821	2180	1941	
791	1453	1720	1462	1334	1398	1113	1030	892	892	708	662	496	331	0	349	506	506	736	846	1122	1232	1159	1251	1462	1416	1812	1849	1536	1922	1702	
1085	1775	2060	1803	1683	1757	1462	1380	1242	1214	1021	892	680	450	349	0	220	450	634	818	1076	1242	1260	1380	1600	1600	2014	2079	1803	2198	2005	
1122	1821	2125	1886	1784	1876	1591	1518	1398	1398	1214	1113	901	671	506	220	0	322	450	653	892	1085	1140	1278	1499	1527	1932	2024	1794	2198	2024	
855	1554	1876	1656	1573	1711	1426	1389	1288	1361	1196	1168	993	800	506	450	322	0	220	368	634	791	818	956	1177	1205	1610	1702	1481	1895	1748	
975	1637	1978	1775	1711	1867	1591	1573	1472	1573	1407	1398	1223	1021	736	634	450	220	0	202	432	625	736	883	1094	1168	1554	1674	1508	1922	1803	
892	1518	1867	1683	1646	1821	1554	1554	1481	1610	1472	1490	1343	1150	846	818	653	368	202	0	276	432	524	680	892	975	1361	1490	1343	1757	1656	
1067	1619	1987	1830	1812	2005	1766	1775	1711	1867	1729	1766	1619	1426	1122	1076	892	634	432	276	0	220	478	644	809	947	1288	1453	1380	1775	1729	
1030	1508	1867	1748	1748	1959	1738	1766	1729	1904	1794	1867	1729	1564	1232	1242	1085	791	625	432	220	0	312	460	607	763	1076	1251	1214	1600	1582	
772	1186	1554	1435	1444	1674	1462	1518	1490	1702	1619	1729	1628	1490	1159	1260	1140	818	736	524	478	312	0	165	358	469	828	975	901	1297	1260	
745	1067	1426	1334	1361	1600	1416	1481	1472	1711	1637	1775	1692	1582	1251	1380	1278	956	883	680	644	460	165	0	220	303	671	809	745	1131	1122	
892	1076	1416	1370	1426	1674	1518	1600	1619	1867	1812	1968	1895	1794	1462	1600	1499	1177	1094	892	809	607	358	220	0	211	469	644	690	1030	1067	
754	864	1205	1159	1223	1472	1334	1435	1453	1720	1683	1867	1821	1738	1416	1600	1527	1205	1168	975	947	763	469	303	211	0	404	506	478	837	855	
1113	975	1251	1297	1407	1665	1582	1702	1757	2042	2033	2226	2198	2134	1812	2014	1932	1610	1554	1361	1288	1076	828	671	469	404	0	220	524	690	846	
1094	818	1058	1140	1260	1518	1472	1600	1674	1968	1978	2198	2198	2152	1849	2079	2024	1702	1674	1490	1453	1251	975	809	644	506	220	0	395	460	653	
754	441	745	772	883	1140	1076	1205	1288	1573	1600	1830	1840	1821	1536	1803	1794	1481	1508	1343	1380	1214	901	745	690	478	524	395	0	414	377	
1122	561	671	828	993	1223	1260	1407	1518	1812	1876	2134	2180	2180	1922	2198	2198	1895	1922	1757	1775	1600	1297	1131	1030	837	690	460	414	0	303	
920	266	404	524	690	920	956	1113	1223	1518	1591	1858	1913	1941	1702	2005	2024	1748	1803	1656	1729	1582	1260	1122	1067	855	846	653	377	303	0	
V3
0	805	1166	922	858	1070	805	848	837	1113	1060	1282	1261	1229	911	1250	1293	985	1123	1028	1229	1187	890	858	1028	869	1282	1261	869	1293	1060	
805	0	413	371	519	805	805	975	1102	1441	1515	1823	1897	1939	1674	2045	2098	1791	1886	1749	1865	1738	1367	1229	1240	996	1123	943	508	646	307	
1166	413	0	318	508	699	869	1049	1208	1526	1664	1982	2109	2183	1982	2374	2448	2162	2279	2151	2289	2151	1791	1643	1632	1388	1441	1219	858	773	466	
922	371	318	0	201	445	551	731	890	1208	1335	1664	1780	1876	1685	2077	2173	1908	2045	1939	2109	2014	1653	1537	1579	1335	1494	1314	890	954	604	
858	519	508	201	0	296	349	530	689	1007	1144	1473	1600	1706	1537	1939	2056	1812	1971	1897	2088	2014	1664	1568	1643	1409	1621	1452	1017	1144	795	
1070	805	699	445	296	0	328	455	636	890	1070	1399	1568	1717	1611	2024	2162	1971	2151	2098	2310	2257	1929	1844	1929	1696	1918	1749	1314	1409	1060	
805	805	869	551	349	328	0	180	339	657	795	1123	1272	1399	1282	1685	1833	1643	1833	1791	2035	2003	1685	1632	1749	1537	1823	1696	1240	1452	1102	
848	975	1049	731	530	455	180	0	180	477	625	954	1113	1261	1187	1590	1749	1600	1812	1791	2045	2035	1749	1706	1844	1653	1961	1844	1388	1621	1282	
837	1102	1208	890	689	636	339	180	0	339	445	773	932	1081	1028	1431	1611	1484	1696	1706	1971	1992	1717	1696	1865	1674	2024	1929	1484	1749	1409	
1113	1441	1526	1208	1007	890	657	477	339	0	222	530	742	954	1028	1399	1611	1568	1812	1855	2151	2194	1961	1971	2151	1982	2353	2268	1812	2088	1749	
1060	1515	1664	1335	1144	1070	795	625	445	222	0	328	519	720	816	1176	1399	1378	1621	1696	1992	2067	1865	1886	2088	1939	2342	2279	1844	2162	1833	
1282	1823	1982	1664	1473	1399	1123	954	773	530	328	0	254	519	763	1028	1282	1346	1611	1717	2035	2151	1992	2045	2268	2151	2565	2533	2109	2459	2141	
1261	1897	2109	1780	1600	1568	1272	1113	932	742	519	254	0	265	572	784	1038	1144	1409	1547	1865	1992	1876	1950	2183	2098	2533	2533	2120	2512	2204	
1229	1939	2183	1876	1706	1717	1399	1261	1081	954	720	519	265	0	381	519	773	922	1176	1325	1643	1802	1717	1823	2067	2003	2459	2480	2098	2512	2236	
911	1674	1982	1685	1537	1611	1282	1187	1028	1028	816	763	572	381	0	402	583	583	848	975	1293	1420	1335	1441	1685	1632	2088	2130	1770	2215	1961	
1250	2045	2374	2077	1939	2024	1685	1590	1431	1399	1176	1028	784	519	402	0	254	519	731	943	1240	1431	1452	1590	1844	1844	2321	2395	2077	2533	2310	
1293	2098	2448	2173	2056	2162	1833	1749	1611	1611	1399	1282	1038	773	583	254	0	371	519	752	1028	1250	1314	1473	1727	1759	2226	2332	2067	2533	2332	
985	1791	2162	1908	1812	1971	1643	1600	1484	1568	1378	1346	1144	922	583	519	371	0	254	424	731	911	943	1102	1356	1388	1855	1961	1706	2183	2014	
1123	1886	2279	2045	1971	2151	1833	1812	1696	1812	1621	1611	1409	1176	848	731	519	254	0	233	498	720	848	1017	1261	1346	1791	1929	1738	2215	2077	
1028	1749	2151	1939	1897	2098	1791	1791	1706	1855	1696	1717	1547	1325	975	943	752	424	233	0	318	498	604	784	1028	1123	1568	1717	1547	2024	1908	
1229	1865	2289	2109	2088	2310	2035	2045	1971	2151	1992	2035	1865	1643	1293	1240	1028	731	498	318	0	254	551	742	932	1091	1484	1674	1590	2045	1992	
1187	1738	2151	2014	2014	2257	2003	2035	1992	2194	2067	2151	1992	1802	1420	1431	1250	911	720	498	254	0	360	530	699	879	1240	1441	1399	1844	1823	
890	1367	1791	1653	1664	1929	1685	1749	1717	1961	1865	1992	1876	1717	1335	1452	1314	943	848	604	551	360	0	190	413	540	954	1123	1038	1494	1452	
858	1229	1643	1537	1568	1844	1632	1706	1696	1971	1886	2045	1950	1823	1441	1590	1473	1102	1017	784	742	530	190	0	254	349	773	932	858	1303	1293	
1028	1240	1632	1579	1643	1929	1749	1844	1865	2151	2088	2268	2183	2067	1685	1844	1727	1356	1261	1028	932	699	413	254	0	243	540	742	795	1187	1229	
869	996	1388	1335	1409	1696	1537	1653	1674	1982	1939	2151	2098	2003	1632	1844	1759	1388	1346	1123	1091	879	540	349	243	0	466	583	551	964	985	
1282	1123	1441	1494	1621	1918	1823	1961	2024	2353	2342	2565	2533	2459	2088	2321	2226	1855	1791	1568	1484	1240	954	773	540	466	0	254	604	795	975	
1261	943	1219	1314	1452	1749	1696	1844	1929	2268	2279	2533	2533	2480	2130	2395	2332	1961	1929	1717	1674	1441	1123	932	742	583	254	0	455	530	752	
869	508	858	890	1017	1314	1240	1388	1484	1812	1844	2109	2120	2098	1770	2077	2067	1706	1738	1547	1590	1399	1038	858	795	551	604	455	0	477	434	
1293	646	773	954	1144	1409	1452	1621	1749	2088	2162	2459	2512	2512	2215	2533	2533	2183	2215	2024	2045	1844	1494	1303	1187	964	795	530	477	0	349	
1060	307	466	604	795	1060	1102	1282	1409	1749	1833	2141	2204	2236	1961	2310	2332	2014	2077	1908	1992	1823	1452	1293	1229	985	975	752	434	349	0	
V4
0	988	1430	1131	1053	1313	988	1040	1027	1365	1300	1573	1547	1508	1118	1534	1586	1209	1378	1261	1508	1456	1092	1053	1261	1066	1573	1547	1066	1586	1300	
988	0	507	455	637	988	988	1196	1352	1768	1859	2236	2327	2379	2054	2509	2574	2197	2314	2145	2288	2132	1677	1508	1521	1222	1378	1157	624	793	377	
1430	507	0	390	624	858	1066	1287	1482	1872	2041	2431	2587	2678	2431	2912	3003	2652	2795	2639	2808	2639	2197	2015	2002	1703	1768	1495	1053	949	572	
1131	455	390	0	247	546	676	897	1092	1482	1638	2041	2184	2301	2067	2548	2665	2340	2509	2379	2587	2470	2028	1885	1937	1638	1833	1612	1092	1170	741	
1053	637	624	247	0	364	429	650	845	1235	1404	1807	1963	2093	1885	2379	2522	2223	2418	2327	2561	2470	2041	1924	2015	1729	1989	1781	1248	1404	975	
1313	988	858	546	364	0	403	559	780	1092	1313	1716	1924	2106	1976	2483	2652	2418	2639	2574	2834	2769	2366	2262	2366	2080	2353	2145	1612	1729	1300	
988	988	1066	676	429	403	0	221	416	806	975	1378	1560	1716	1573	2067	2249	2015	2249	2197	2496	2457	2067	2002	2145	1885	2236	2080	1521	1781	1352	
1040	1196	1287	897	650	559	221	0	221	585	767	1170	1365	1547	1456	1950	2145	1963	2223	2197	2509	2496	2145	2093	2262	2028	2405	2262	1703	1989	1573	
1027	1352	1482	1092	845	780	416	221	0	416	546	949	1144	1326	1261	1755	1976	1820	2080	2093	2418	2444	2106	2080	2288	2054	2483	2366	1820	2145	1729	
1365	1768	1872	1482	1235	1092	806	585	416	0	273	650	910	1170	1261	1716	1976	1924	2223	2275	2639	2691	2405	2418	2639	2431	2886	2782	2223	2561	2145	
1300	1859	2041	1638	1404	1313	975	767	546	273	0	403	637	884	1001	1443	1716	1690	1989	2080	2444	2535	2288	2314	2561	2379	2873	2795	2262	2652	2249	
1573	2236	2431	2041	1807	1716	1378	1170	949	650	403	0	312	637	936	1261	1573	1651	1976	2106	2496	2639	2444	2509	2782	2639	3146	3107	2587	3016	2626	
1547	2327	2587	2184	1963	1924	1560	1365	1144	910	637	312	0	325	702	962	1274	1404	1729	1898	2288	2444	2301	2392	2678	2574	3107	3107	2600	3081	2704	
1508	2379	2678	2301	2093	2106	1716	1547	1326	1170	884	637	325	0	468	637	949	1131	1443	1625	2015	2210	2106	2236	2535	2457	3016	3042	2574	3081	2743	
1118	2054	2431	2067	1885	1976	1573	1456	1261	1261	1001	936	702	468	0	494	715	715	1040	1196	1586	1742	1638	1768	2067	2002	2561	2613	2171	2717	2405	
1534	2509	2912	2548	2379	2483	2067	1950	1755	1716	1443	1261	962	637	494	0	312	637	897	1157	1521	1755	1781	1950	2262	2262	2847	2938	2548	3107	2834	
1586	2574	3003	2665	2522	2652	2249	2145	1976	1976	1716	1573	1274	949	715	312	0	455	637	923	1261	1534	1612	1807	2119	2158	2730	2860	2535	3107	2860	
1209	2197	2652	2340	2223	2418	2015	1963	1820	1924	1690	1651	1404	1131	715	637	455	0	312	520	897	1118	1157	1352	1664	1703	2275	2405	2093	2678	2470	
1378	2314	2795	2509	2418	2639	2249	2223	2080	2223	1989	1976	1729	1443	1040	897	637	312	0	286	611	884	1040	1248	1547	1651	2197	2366	2132	2717	2548	
1261	2145	2639	2379	2327	2574	2197	2197	2093	2275	2080	2106	1898	1625	1196	1157	923	520	286	0	390	611	741	962	1261	1378	1924	2106	1898	2483	2340	
1508	2288	2808	2587	2561	2834	2496	2509	2418	2639	2444	2496	2288	2015	1586	1521	1261	897	611	390	0	312	676	910	1144	1339	1820	2054	1950	2509	2444	
1456	2132	2639	2470	2470	2769	2457	2496	2444	2691	2535	2639	2444	2210	1742	1755	1534	1118	884	611	312	0	442	650	858	1079	1521	1768	1716	2262	2236	
1092	1677	2197	2028	2041	2366	2067	2145	2106	2405	2288	2444	2301	2106	1638	1781	1612	1157	1040	741	676	442	0	234	507	663	1170	1378	1274	1833	1781	
1053	1508	2015	1885	1924	2262	2002	2093	2080	2418	2314	2509	2392	2236	1768	1950	1807	1352	1248	962	910	650	234	0	312	429	949	1144	1053	1599	1586	
1261	1521	2002	1937	2015	2366	2145	2262	2288	2639	2561	2782	2678	2535	2067	2262	2119	1664	1547	1261	1144	858	507	312	0	299	663	910	975	1456	1508	
1066	1222	1703	1638	1729	2080	1885	2028	2054	2431	2379	2639	2574	2457	2002	2262	2158	1703	1651	1378	1339	1079	663	429	299	0	572	715	676	1183	1209	
1573	1378	1768	1833	1989	2353	2236	2405	2483	2886	2873	3146	3107	3016	2561	2847	2730	2275	2197	1924	1820	1521	1170	949	663	572	0	312	741	975	1196	
1547	1157	1495	1612	1781	2145	2080	2262	2366	2782	2795	3107	3107	3042	2613	2938	2860	2405	2366	2106	2054	1768	1378	1144	910	715	312	0	559	650	923	
1066	624	1053	1092	1248	1612	1521	1703	1820	2223	2262	2587	2600	2574	2171	2548	2535	2093	2132	1898	1950	1716	1274	1053	975	676	741	559	0	585	533	
1586	793	949	1170	1404	1729	1781	1989	2145	2561	2652	3016	3081	3081	2717	3107	3107	2678	2717	2483	2509	2262	1833	1599	1456	1183	975	650	585	0	429	
1300	377	572	741	975	1300	1352	1573	1729	2145	2249	2626	2704	2743	2405	2834	2860	2470	2548	2340	2444	2236	1781	1586	1508	1209	1196	923	533	429	0	
V5
0	836	1210	957	891	1111	836	880	869	1155	1100	1331	1309	1276	946	1298	1342	1023	1166	1067	1276	1232	924	891	1067	902	1331	1309	902	1342	1100	
836	0	429	385	539	836	836	1012	1144	1496	1573	1892	1969	2013	1738	2123	2178	1859	1958	1815	1936	1804	1419	1276	1287	1034	1166	979	528	671	319	
1210	429	0	330	528	726	902	1089	1254	1584	1727	2057	2189	2266	2057	2464	2541	2244	2365	2233	2376	2233	1859	1705	1694	1441	1496	1265	891	803	484	
957	385	330	0	209	462	572	759	924	1254	1386	1727	1848	1947	1749	2156	2255	1980	2123	2013	2189	2090	1716	1595	1639	1386	1551	1364	924	990	627	
891	539	528	209	0	308	363	550	715	1045	1188	1529	1661	1771	1595	2013	2134	1881	2046	1969	2167	2090	1727	1628	1705	1463	1683	1507	1056	1188	825	
1111	836	726	462	308	0	341	473	660	924	1111	1452	1628	1782	1672	2101	2244	2046	2233	2178	2398	2343	2002	1914	2002	1760	1991	1815	1364	1463	1100	
836	836	902	572	363	341	0	187	352	682	825	1166	1320	1452	1331	1749	1903	1705	1903	1859	2112	2079	1749	1694	1815	1595	1892	1760	1287	1507	1144	
880	1012	1089	759	550	473	187	0	187	495	649	990	1155	1309	1232	1650	1815	1661	1881	1859	2123	2112	1815	1771	1914	1716	2035	1914	1441	1683	1331	
869	1144	1254	924	715	660	352	187	0	352	462	803	968	1122	1067	1485	1672	1540	1760	1771	2046	2068	1782	1760	1936	1738	2101	2002	1540	1815	1463	
1155	1496	1584	1254	1045	924	682	495	352	0	231	550	770	990	1067	1452	1672	1628	1881	1925	2233	2277	2035	2046	2233	2057	2442	2354	1881	2167	1815	
1100	1573	1727	1386	1188	1111	825	649	462	231	0	341	539	748	847	1221	1452	1430	1683	1760	2068	2145	1936	1958	2167	2013	2431	2365	1914	2244	1903	
1331	1892	2057	1727	1529	1452	1166	990	803	550	341	0	264	539	792	1067	1331	1397	1672	1782	2112	2233	2068	2123	2354	2233	2662	2629	2189	2552	2222	
1309	1969	2189	1848	1661	1628	1320	1155	968	770	539	264	0	275	594	814	1078	1188	1463	1606	1936	2068	1947	2024	2266	2178	2629	2629	2200	2607	2288	
1276	2013	2266	1947	1771	1782	1452	1309	1122	990	748	539	275	0	396	539	803	957	1221	1375	1705	1870	1782	1892	2145	2079	2552	2574	2178	2607	2321	
946	1738	2057	1749	1595	1672	1331	1232	1067	1067	847	792	594	396	0	418	605	605	880	1012	1342	1474	1386	1496	1749	1694	2167	2211	1837	2299	2035	
1298	2123	2464	2156	2013	2101	1749	1650	1485	1452	1221	1067	814	539	418	0	264	539	759	979	1287	1485	1507	1650	1914	1914	2409	2486	2156	2629	2398	
1342	2178	2541	2255	2134	2244	1903	1815	1672	1672	1452	1331	1078	803	605	264	0	385	539	781	1067	1298	1364	1529	1793	1826	2310	2420	2145	2629	2420	
1023	1859	2244	1980	1881	2046	1705	1661	1540	1628	1430	1397	1188	957	605	539	385	0	264	440	759	946	979	1144	1408	1441	1925	2035	1771	2266	2090	
1166	1958	2365	2123	2046	2233	1903	1881	1760	1881	1683	1672	1463	1221	880	759	539	264	0	242	517	748	880	1056	1309	1397	1859	2002	1804	2299	2156	
1067	1815	2233	2013	1969	2178	1859	1859	1771	1925	1760	1782	1606	1375	1012	979	781	440	242	0	330	517	627	814	1067	1166	1628	1782	1606	2101	1980	
1276	1936	2376	2189	2167	2398	2112	2123	2046	2233	2068	2112	1936	1705	1342	1287	1067	759	517	330	0	264	572	770	968	1133	1540	1738	1650	2123	2068	
1232	1804	2233	2090	2090	2343	2079	2112	2068	2277	2145	2233	2068	1870	1474	1485	1298	946	748	517	264	0	374	550	726	913	1287	1496	1452	1914	1892	
924	1419	1859	1716	1727	2002	1749	1815	1782	2035	1936	2068	1947	1782	1386	1507	1364	979	880	627	572	374	0	198	429	561	990	1166	1078	1551	1507	
891	1276	1705	1595	1628	1914	1694	1771	1760	2046	1958	2123	2024	1892	1496	1650	1529	1144	1056	814	770	550	198	0	264	363	803	968	891	1353	1342	
1067	1287	1694	1639	1705	2002	1815	1914	1936	2233	2167	2354	2266	2145	1749	1914	1793	1408	1309	1067	968	726	429	264	0	253	561	770	825	1232	1276	
902	1034	1441	1386	1463	1760	1595	1716	1738	2057	2013	2233	2178	2079	1694	1914	1826	1441	1397	1166	1133	913	561	363	253	0	484	605	572	1001	1023	
1331	1166	1496	1551	1683	1991	1892	2035	2101	2442	2431	2662	2629	2552	2167	2409	2310	1925	1859	1628	1540	1287	990	803	561	484	0	264	627	825	1012	
1309	979	1265	1364	1507	1815	1760	1914	2002	2354	2365	2629	2629	2574	2211	2486	2420	2035	2002	1782	1738	1496	1166	968	770	605	264	0	473	550	781	
902	528	891	924	1056	1364	1287	1441	1540	1881	1914	2189	2200	2178	1837	2156	2145	1771	1804	1606	1650	1452	1078	891	825	572	627	473	0	495	451	
1342	671	803	990	1188	1463	1507	1683	1815	2167	2244	2552	2607	2607	2299	2629	2629	2266	2299	2101	2123	1914	1551	1353	1232	1001	825	550	495	0	363	
