M: 4
N: 30
Nun_Veiculos: 7
Capacidade_Total: 598
Demanda_Total: 474
Setup_Min: 1
Setup_Max: 99
Raio: 100
Circulos: 1
Tempo_Processamento_Min: 1
Tempo_Processamento_Max: 49
Demanda_Min: 10
Demanda_Max: 30
Priority_Factor: 0.2
Range_Factor_R: 0.8
U_factor: 2
ALpha: 0.2Replicao: 1
Tempos_Processamentos
0	0	1	0	2	0	3	0	
0	45	1	41	2	4	3	9	
0	39	1	19	2	27	3	24	
0	18	1	20	2	28	3	21	
0	31	1	19	2	2	3	14	
0	30	1	24	2	13	3	31	
0	1	1	44	2	10	3	1	
0	9	1	32	2	41	3	27	
0	9	1	20	2	6	3	49	
0	34	1	46	2	48	3	29	
0	13	1	2	2	11	3	5	
0	10	1	31	2	46	3	32	
0	22	1	43	2	4	3	37	
0	43	1	7	2	39	3	41	
0	7	1	46	2	6	3	23	
0	19	1	22	2	24	3	3	
0	30	1	14	2	7	3	25	
0	11	1	34	2	31	3	36	
0	37	1	14	2	16	3	14	
0	12	1	14	2	9	3	43	
0	43	1	1	2	24	3	49	
0	25	1	15	2	49	3	43	
0	24	1	12	2	35	3	34	
0	2	1	15	2	43	3	7	
0	7	1	35	2	39	3	36	
0	45	1	22	2	40	3	35	
0	36	1	12	2	38	3	31	
0	48	1	35	2	37	3	5	
0	18	1	12	2	19	3	12	
0	43	1	1	2	23	3	2	
0	48	1	38	2	19	3	25	

Tempos_setup
M0
0	0	0	0	0	0	0	0	0	0	0	0	0	0	0	0	0	0	0	0	0	0	0	0	0	0	0	0	0	0	0	
0	0	18	14	24	22	20	26	19	28	12	15	30	19	15	23	29	22	28	20	25	29	29	24	16	18	13	25	17	29	15	
0	3	0	15	13	15	2	17	19	11	13	16	20	16	16	6	27	4	18	12	22	12	23	22	1	14	16	15	18	14	18	
0	20	24	0	20	18	19	22	27	33	31	32	32	23	26	28	34	22	30	29	38	34	26	26	25	14	15	23	34	21	35	
0	5	17	18	0	5	4	18	17	14	16	19	22	3	6	9	14	7	20	14	29	15	13	16	18	1	18	16	21	12	20	
0	7	14	17	2	0	6	20	19	16	15	15	24	5	8	11	16	9	22	16	24	17	8	18	15	3	20	18	17	7	20	
0	1	13	14	13	13	0	16	17	16	12	15	20	16	15	19	27	3	18	10	26	25	21	25	14	14	14	17	17	20	16	
0	17	17	3	17	15	16	0	18	19	11	14	10	16	12	22	19	19	24	15	30	21	23	29	7	11	18	1	16	16	20	
0	12	19	22	7	5	11	25	0	21	20	20	22	10	13	16	21	14	20	15	29	22	13	16	20	8	25	23	22	12	25	
0	19	16	16	23	21	18	33	20	0	29	25	25	26	29	16	33	20	23	18	26	22	29	19	17	24	31	31	27	9	27	
0	9	6	2	12	10	8	14	7	16	0	3	22	7	3	11	26	10	21	8	28	17	18	20	4	6	17	13	5	17	21	
0	6	3	13	10	8	5	18	4	14	16	0	23	10	6	9	24	7	21	5	25	15	16	20	4	9	19	16	2	15	20	
0	16	25	24	22	20	15	25	27	9	27	23	0	17	13	13	24	18	31	23	20	19	28	28	14	16	26	23	25	6	10	
0	12	21	15	12	10	11	15	14	12	17	18	19	0	3	7	26	14	17	21	29	13	18	13	20	6	25	13	20	15	21	
0	9	21	12	9	7	8	12	18	16	20	22	19	4	0	11	23	11	21	18	28	17	15	17	18	3	22	10	23	14	18	
0	17	14	21	21	19	16	29	15	5	27	11	17	21	17	0	30	18	20	16	23	6	27	16	15	20	20	27	13	8	26	
0	19	16	26	19	18	18	32	13	15	26	25	13	20	23	22	0	20	16	27	27	2	25	12	11	20	9	31	27	19	21	
0	18	15	11	19	17	17	23	16	13	9	12	17	16	12	20	25	0	15	14	27	26	25	29	13	15	26	22	14	18	26	
0	9	18	18	6	4	10	16	19	6	19	19	2	9	12	10	10	13	0	15	12	12	12	18	3	7	13	16	21	3	12	
0	10	10	8	5	3	9	23	7	19	18	7	27	8	11	14	19	12	25	0	27	20	11	21	11	6	23	21	9	10	20	
0	8	13	11	3	6	7	14	10	17	19	10	9	6	9	12	17	10	13	3	0	18	14	19	14	4	20	15	12	13	12	
0	17	14	26	17	16	16	30	11	13	24	23	11	18	21	20	24	18	14	26	25	0	24	10	15	18	27	29	25	17	21	
0	11	10	20	17	15	12	21	11	21	23	7	24	17	13	16	26	14	27	12	22	13	0	23	11	16	24	22	9	19	12	
0	13	20	22	8	6	12	20	1	10	21	21	6	11	14	14	14	15	4	16	16	16	14	0	7	9	17	20	23	7	16	
0	17	29	30	12	17	16	30	20	23	28	31	19	15	18	21	26	19	17	26	29	27	25	28	0	13	30	28	23	20	29	
0	6	18	19	6	4	5	21	22	20	17	19	25	9	12	15	20	8	23	15	28	21	12	22	19	0	19	22	21	11	21	
0	24	28	24	19	17	23	31	12	21	22	25	17	22	25	25	21	26	15	18	27	23	25	11	18	20	0	31	27	18	22	
0	19	16	2	19	17	18	2	17	18	10	13	9	17	13	21	21	20	26	14	29	23	25	28	9	13	17	0	15	15	19	
0	11	8	11	8	6	10	16	2	19	21	10	23	8	4	14	22	12	22	3	28	13	14	18	9	7	24	14	0	13	18	
0	10	20	23	20	22	9	25	21	12	21	17	24	23	23	7	32	12	27	19	17	13	30	23	21	21	23	26	19	0	18	
0	6	18	19	13	16	5	21	20	21	17	20	15	16	19	22	14	8	21	13	10	16	24	26	4	14	16	22	22	21	0	
M1
0	0	0	0	0	0	0	0	0	0	0	0	0	0	0	0	0	0	0	0	0	0	0	0	0	0	0	0	0	0	0	
0	0	16	12	23	29	23	13	10	15	4	21	15	20	15	21	14	9	7	13	18	9	14	13	18	20	14	25	12	10	10	
0	17	0	20	17	29	16	19	11	6	10	14	7	11	2	21	20	15	24	19	24	10	16	14	24	26	14	18	18	20	22	
0	13	14	0	17	20	12	8	12	10	6	15	9	12	12	9	9	6	20	4	20	13	3	14	18	16	15	14	14	1	22	
0	18	15	11	0	27	15	11	8	13	13	14	10	18	17	20	12	15	25	15	19	19	6	11	27	26	19	17	21	12	18	
0	25	19	12	25	0	24	18	19	14	18	22	15	19	21	21	19	18	30	16	30	11	15	5	30	28	16	26	26	13	13	
0	11	14	5	9	21	0	13	10	15	4	6	9	17	15	8	14	9	18	9	18	18	8	13	14	20	20	2	12	6	21	
0	7	7	1	13	21	13	0	6	2	2	10	2	7	9	10	1	7	14	5	16	8	4	9	16	17	8	15	10	2	17	
0	17	17	11	22	19	14	10	0	12	12	20	12	17	19	20	11	7	24	12	20	18	5	3	19	18	15	16	20	9	11	
0	22	6	14	11	23	19	15	5	0	16	8	1	5	8	15	16	12	29	17	25	6	10	8	24	22	8	21	24	14	16	
0	7	16	10	20	25	19	9	6	11	0	17	11	16	11	19	10	5	14	14	14	16	10	9	14	16	16	21	8	11	17	
0	16	18	14	3	15	18	14	11	16	16	0	13	21	20	7	15	18	23	18	22	22	9	14	30	29	22	20	24	15	21	
0	21	5	13	20	23	18	14	4	9	15	17	0	14	7	22	15	11	28	16	24	15	9	7	23	22	17	20	23	13	15	
0	19	19	15	6	18	21	17	8	19	19	3	16	0	21	10	18	15	26	19	25	1	12	11	27	26	3	23	27	16	13	
0	15	12	18	23	30	14	17	11	16	8	20	7	21	0	22	18	13	22	17	22	22	16	14	22	24	24	16	16	19	22	
0	22	20	16	8	35	23	15	16	17	17	22	17	22	22	0	16	22	29	20	27	23	14	19	31	32	23	23	25	17	26	
0	21	21	15	26	35	27	14	20	16	16	24	16	21	23	18	0	18	28	19	30	22	18	23	30	29	22	29	24	16	31	
0	17	17	11	15	30	14	10	16	12	12	15	12	15	16	20	11	0	24	15	26	16	5	19	12	11	18	16	13	12	22	
0	7	16	13	16	25	20	12	6	14	8	17	11	14	18	22	13	13	0	6	22	15	11	9	22	18	13	22	16	3	17	
0	9	18	12	14	26	15	11	8	13	2	11	13	8	13	18	12	7	16	0	16	9	6	11	16	12	11	17	10	13	19	
0	29	16	23	27	34	26	22	15	20	24	27	11	25	18	32	23	12	36	24	0	26	17	18	24	23	18	28	25	22	26	
0	27	18	14	20	34	26	22	26	24	20	29	23	26	20	12	18	20	34	18	34	0	17	28	32	30	18	28	28	15	12	
0	12	12	6	18	26	9	5	11	7	7	15	7	12	14	15	6	12	19	10	21	13	0	14	21	22	13	11	15	7	22	
0	20	14	10	26	16	22	13	19	15	15	23	15	20	16	19	14	16	25	14	25	21	13	0	28	26	14	24	23	11	8	
0	9	9	3	6	18	15	2	8	4	4	3	4	3	4	10	3	9	16	7	18	4	6	11	0	19	6	17	1	4	16	
0	13	8	13	7	26	21	14	7	12	6	20	3	17	10	11	13	11	20	17	20	18	12	10	20	0	17	23	13	14	11	
0	27	27	14	27	31	24	20	12	22	20	29	22	26	26	19	21	19	34	18	32	27	15	15	31	30	0	26	28	15	23	
0	16	17	3	18	23	15	11	15	13	9	15	12	15	15	12	12	9	23	7	23	16	6	17	12	19	18	0	13	4	25	
0	8	8	2	14	22	14	1	7	3	3	11	3	8	3	11	2	8	15	6	17	9	5	10	17	18	8	16	0	3	18	
0	12	13	10	17	29	18	9	11	11	5	14	8	11	15	19	10	10	19	3	19	12	9	13	19	15	14	20	13	0	21	
0	15	6	2	19	22	14	10	14	12	8	17	11	14	8	11	6	8	22	6	22	15	5	16	20	18	6	16	16	3	0	
M2
0	0	0	0	0	0	0	0	0	0	0	0	0	0	0	0	0	0	0	0	0	0	0	0	0	0	0	0	0	0	0	
0	0	10	12	10	11	6	15	22	8	5	12	6	13	10	11	7	11	15	13	7	19	7	10	4	11	7	15	3	11	14	
0	15	0	18	20	13	20	23	25	16	20	12	18	9	4	17	17	11	15	7	7	23	18	10	19	9	10	20	18	16	17	
0	12	7	0	15	17	17	5	26	13	10	16	16	10	9	16	12	15	19	6	11	7	13	16	16	14	11	20	15	12	10	
0	4	11	7	0	2	10	12	15	12	9	12	10	4	12	6	11	11	15	13	7	14	8	11	8	11	5	15	7	15	9	
0	2	9	5	12	0	8	10	13	10	7	14	8	2	10	4	9	13	17	11	9	12	6	9	6	13	3	13	5	13	7	
0	16	20	19	21	14	0	24	22	15	21	25	22	16	24	18	21	24	28	22	23	19	20	7	20	10	17	27	19	5	21	
0	15	2	18	11	13	20	0	24	16	20	12	18	11	6	17	18	11	15	9	7	23	19	12	19	11	12	20	18	7	19	
0	21	14	10	17	19	10	15	0	6	12	16	14	20	17	9	14	18	22	16	14	17	11	14	25	17	12	17	23	15	12	
0	15	8	4	11	13	4	9	17	0	6	10	8	14	11	3	8	12	16	10	8	11	5	8	19	11	6	21	17	9	6	
0	9	10	7	5	7	7	12	20	3	0	7	11	9	5	6	2	6	10	8	2	14	8	11	13	6	9	15	12	12	9	
0	7	12	8	13	5	8	13	18	4	8	0	12	7	13	7	10	14	17	6	10	11	9	12	11	1	8	18	7	13	10	
0	7	14	10	17	5	13	15	18	15	12	19	0	7	15	9	14	13	17	16	14	17	11	14	11	18	1	14	10	18	12	
0	18	16	19	23	17	12	24	16	20	19	26	20	0	8	21	20	13	17	11	21	21	22	19	18	13	1	11	19	17	21	
0	11	15	14	16	9	16	19	21	12	16	20	17	5	0	13	13	18	22	3	15	21	14	17	15	5	6	16	14	12	13	
0	12	5	1	8	10	10	6	14	6	3	10	5	11	8	0	5	9	13	7	5	8	2	5	16	9	3	18	15	13	3	
0	7	8	10	3	5	13	15	18	11	12	7	13	7	3	9	0	6	10	6	2	17	11	14	11	6	8	14	10	15	12	
0	5	15	9	10	12	11	14	24	13	10	14	7	14	10	16	7	0	4	13	9	16	12	15	9	13	8	20	8	16	19	
0	1	11	5	11	12	7	10	23	9	6	13	7	14	11	12	8	12	0	11	8	12	8	11	5	9	8	16	4	12	15	
0	17	18	18	13	15	16	23	20	17	14	17	14	4	12	17	10	16	20	0	12	25	11	14	21	16	5	15	20	21	20	
0	9	17	13	14	8	13	18	21	9	13	5	11	10	14	12	11	4	8	7	0	16	14	13	13	4	11	13	12	18	15	
0	5	13	10	8	10	10	15	22	6	3	9	11	12	8	9	5	8	12	11	4	0	11	14	9	8	12	13	8	15	12	
0	10	11	7	8	8	10	12	18	6	3	10	3	10	8	6	5	9	13	11	5	14	0	3	14	9	1	17	13	15	9	
0	18	16	12	14	16	21	17	25	17	14	21	16	18	19	11	16	20	24	15	16	19	13	0	22	13	14	29	21	24	14	
0	9	6	8	6	7	2	13	20	4	1	8	2	9	6	7	3	7	11	9	3	15	9	9	0	7	3	16	12	7	10	
0	6	13	9	14	4	12	14	17	14	11	18	12	6	14	8	11	17	21	15	13	16	10	13	10	0	7	17	9	17	11	
0	17	23	21	22	24	19	26	17	21	18	25	19	26	22	24	19	12	16	25	20	28	24	26	17	24	0	22	20	24	27	
0	15	5	8	18	15	1	13	9	15	13	17	19	9	9	18	15	16	20	5	12	10	16	8	19	11	10	0	8	6	18	
0	9	14	20	19	20	6	24	19	17	14	21	15	21	18	20	16	17	21	17	16	22	16	13	13	16	5	12	0	11	23	
0	11	18	14	19	9	14	19	17	10	16	20	17	11	19	13	16	19	23	20	18	21	15	18	15	5	12	22	14	0	16	
0	12	2	10	11	11	13	15	21	9	6	13	6	11	6	9	8	7	11	9	8	17	3	6	16	8	4	20	15	18	0	
M3
0	0	0	0	0	0	0	0	0	0	0	0	0	0	0	0	0	0	0	0	0	0	0	0	0	0	0	0	0	0	0	
0	0	12	15	16	14	2	4	22	6	15	15	16	9	7	9	12	13	11	12	3	4	16	15	11	15	8	8	15	6	15	
0	12	0	21	17	14	10	12	13	6	15	10	16	9	7	9	7	12	11	11	3	4	21	14	12	23	3	7	15	14	15	
0	9	15	0	19	22	11	13	21	9	18	17	18	11	10	7	14	3	13	19	12	13	20	18	14	19	11	15	18	10	18	
0	11	9	21	0	13	9	11	22	5	14	14	21	14	6	8	11	13	16	12	2	3	21	14	17	22	7	8	14	13	14	
0	8	10	20	11	0	10	8	16	14	22	6	10	3	15	17	3	17	5	16	11	12	15	11	6	19	13	16	11	10	22	
0	22	10	27	14	20	0	2	20	16	16	13	14	7	17	17	10	21	9	20	13	14	14	15	9	13	13	17	15	4	20	
0	20	8	25	13	18	12	0	21	14	14	11	12	5	15	15	8	19	7	18	11	12	12	13	8	11	11	15	13	2	23	
0	18	15	18	11	24	13	7	0	16	21	10	19	12	17	12	9	17	14	16	13	10	9	20	15	18	18	12	2	9	22	
0	6	14	20	18	20	4	6	22	0	9	9	18	11	1	14	6	11	13	10	9	10	18	9	13	17	2	6	9	8	9	
0	22	11	22	23	21	17	13	15	17	0	21	13	18	18	16	18	13	12	12	14	15	15	18	21	14	14	8	14	5	18	
0	20	10	23	11	20	10	2	20	16	16	0	10	3	17	17	6	15	5	14	13	14	14	11	6	13	13	10	11	4	20	
0	14	19	21	10	16	9	11	27	8	17	9	0	12	9	8	14	16	14	15	5	6	5	17	15	17	10	11	1	13	17	
0	19	7	20	8	21	7	8	17	13	22	6	7	0	14	15	3	14	2	13	10	11	12	8	3	16	10	14	8	7	19	
0	5	13	20	17	19	3	5	21	11	8	12	17	10	0	14	13	18	12	17	8	9	17	8	12	16	13	13	8	7	20	
0	6	13	13	14	17	8	10	23	9	18	12	13	6	10	0	9	16	8	15	6	7	13	14	9	21	11	14	14	12	18	
0	23	13	17	14	23	13	5	23	19	19	3	13	6	20	20	0	18	8	17	16	17	17	14	9	16	16	13	14	7	23	
0	25	13	28	16	19	15	15	25	19	28	14	15	8	20	20	11	0	10	21	16	16	17	16	11	16	16	20	15	7	27	
0	17	5	26	15	19	5	7	18	11	20	14	5	12	12	13	12	17	0	16	8	9	10	6	14	14	8	12	6	9	20	
0	11	14	10	15	20	13	15	26	17	26	15	16	9	18	12	12	1	11	0	14	7	18	17	10	17	17	19	16	8	6	
0	9	17	19	20	11	7	9	22	3	12	12	19	12	4	6	9	14	14	13	0	1	19	12	15	20	5	9	12	11	12	
0	10	18	18	19	22	12	14	28	12	21	17	18	11	13	5	14	21	13	20	11	0	18	19	14	25	14	18	19	16	21	
0	9	14	16	17	19	4	6	24	12	20	15	16	9	13	3	12	19	11	18	9	1	0	17	12	12	14	17	17	8	21	
0	14	22	22	23	26	16	18	32	16	25	21	22	15	17	9	18	22	17	21	15	4	22	0	18	29	18	17	23	20	25	
0	16	10	26	5	18	14	12	23	10	19	19	24	17	11	13	16	18	19	17	7	8	14	19	0	13	12	13	19	4	19	
0	10	15	17	18	7	5	7	23	13	16	13	17	10	8	4	10	20	12	19	10	2	1	12	13	0	15	18	16	9	22	
0	11	15	18	18	21	9	9	27	17	14	7	17	10	6	12	4	9	12	8	14	15	21	14	13	20	0	4	14	11	14	
0	14	11	14	19	17	16	18	24	17	26	18	20	13	18	8	16	5	15	4	14	11	21	21	14	21	14	0	10	12	10	
0	20	18	24	9	22	18	10	28	14	23	8	18	11	15	17	14	15	13	14	11	12	22	19	14	21	16	10	0	12	20	
0	18	6	26	21	16	14	8	19	12	21	16	20	13	13	13	13	18	15	17	9	10	10	20	16	9	9	13	21	0	21	
0	11	10	19	11	23	10	11	20	13	22	9	10	3	14	6	6	17	5	16	12	1	15	11	6	19	13	17	11	10	0	
Tamanho_Tarefas
0	10	19	19	15	24	5	23	14	39	2	22	26	10	15	6	13	11	14	19	5	25	14	3	19	26	18	5	14	10	29	
Data_Entrega
0	191	186	208	190	196	210	221	175	196	176	169	209	212	221	167	207	207	192	203	198	212	220	199	204	171	168	188	172	194	207	
Penalidade_Atraso
0	15	1	3	19	3	7	3	6	8	2	18	13	1	20	13	14	8	19	19	15	16	12	16	3	2	12	8	2	12	18	
Capacidade_Veiculo
106	87	50	113	94	99	49	
Custo_Fixo_Veiculo
1060	870	500	1130	940	990	490	
Coordenadas_Clientes
x	0	y	0
x	91	y	0
x	78	y	16
x	106	y	47
x	61	y	44
x	68	y	76
x	58	y	101
x	29	y	90
x	9	y	91
x	-8	y	84
x	-25	y	77
x	-44	y	77
x	-74	y	82
x	-91	y	66
x	-111	y	49
x	-98	y	20
x	-113	y	0
x	-91	y	-19
x	-77	y	-34
x	-80	y	-58
x	-78	y	-87
x	-52	y	-90
x	-38	y	-116
x	-10	y	-100
x	12	y	-121
x	32	y	-100
x	53	y	-91
x	50	y	-56
x	64	y	-47
x	105	y	-46
x	94	y	-20
Tempo_Viagem
0	91	79	115	75	101	116	94	91	84	80	88	110	112	121	100	113	92	84	98	116	103	122	100	121	104	105	75	79	114	96	
91	0	20	49	52	79	105	108	121	129	139	155	184	193	207	190	204	182	171	180	190	168	173	142	144	115	98	69	54	48	20	
79	20	0	41	32	60	86	88	101	109	119	136	165	176	191	176	191	171	162	174	186	167	175	145	152	124	109	77	64	67	39	
115	49	41	0	45	47	72	88	106	119	134	152	182	197	217	205	223	207	199	213	227	208	216	186	192	163	147	117	102	93	68	
75	52	32	45	0	32	57	56	70	79	92	110	140	153	172	160	179	164	158	173	191	175	188	160	172	146	135	100	91	99	71	
101	79	60	47	32	0	26	41	60	76	93	112	142	159	181	175	196	185	182	199	217	204	219	192	204	178	167	132	123	127	99	
116	105	86	72	57	26	0	31	50	68	86	104	133	152	176	175	198	191	190	210	232	219	237	212	226	202	192	157	148	153	125	
94	108	88	88	56	41	31	0	20	37	55	73	103	121	145	145	168	162	163	183	206	197	216	193	211	190	182	147	141	155	127	
91	121	101	106	70	60	50	20	0	18	36	54	83	102	126	128	152	148	151	173	198	191	212	191	212	192	187	152	148	167	139	
84	129	109	119	79	76	68	37	18	0	18	36	66	84	108	110	134	132	136	159	184	179	202	184	205	188	185	151	149	172	145	
80	139	119	134	92	93	86	55	36	18	0	19	49	66	90	92	116	116	122	145	172	169	193	177	201	184	185	152	152	178	153	
88	155	136	152	110	112	104	73	54	36	19	0	30	48	72	78	103	106	115	139	167	167	193	180	205	192	193	162	164	193	168	
110	184	165	182	140	142	133	103	83	66	49	30	0	23	49	66	90	102	116	140	169	173	201	192	220	210	214	185	188	220	196	
112	193	176	197	153	159	152	121	102	84	66	48	23	0	26	46	69	85	100	124	153	160	189	184	213	206	213	186	191	225	204	
121	207	191	217	172	181	176	145	126	108	90	72	49	26	0	31	49	70	88	110	139	149	178	179	209	206	215	192	199	235	216	
100	190	176	205	160	175	175	145	128	110	92	78	66	46	31	0	25	39	57	79	108	118	147	148	178	176	187	166	175	213	196	
113	204	191	223	179	196	198	168	152	134	116	103	90	69	49	25	0	29	49	66	93	108	137	143	173	176	189	172	183	222	207	
92	182	171	207	164	185	191	162	148	132	116	106	102	85	70	39	29	0	20	40	69	81	110	114	144	147	160	145	157	197	185	
84	171	162	199	158	182	190	163	151	136	122	115	116	100	88	57	49	20	0	24	53	61	90	94	124	127	141	128	141	182	171	
98	180	174	213	173	199	210	183	173	159	145	139	140	124	110	79	66	40	24	0	29	42	71	81	111	119	137	130	144	185	178	
116	190	186	227	191	217	232	206	198	184	172	167	169	153	139	108	93	69	53	29	0	26	49	69	96	110	131	131	147	186	184	
103	168	167	208	175	204	219	197	191	179	169	167	173	160	149	118	108	81	61	42	26	0	29	43	71	84	105	107	123	162	161	
122	173	175	216	188	219	237	216	212	202	193	193	201	189	178	147	137	110	90	71	49	29	0	32	50	71	93	106	122	159	162	
100	142	145	186	160	192	212	193	191	184	177	180	192	184	179	148	143	114	94	81	69	43	32	0	30	42	63	74	90	127	130	
121	144	152	192	172	204	226	211	212	205	201	205	220	213	209	178	173	144	124	111	96	71	50	30	0	29	50	75	90	118	130	
104	115	124	163	146	178	202	190	192	188	184	192	210	206	206	176	176	147	127	119	110	84	71	42	29	0	22	47	61	90	101	
105	98	109	147	135	167	192	182	187	185	185	193	214	213	215	187	189	160	141	137	131	105	93	63	50	22	0	35	45	68	81	
75	69	77	117	100	132	157	147	152	151	152	162	185	186	192	166	172	145	128	130	131	107	106	74	75	47	35	0	16	55	56	
79	54	64	102	91	123	148	141	148	149	152	164	188	191	199	175	183	157	141	144	147	123	122	90	90	61	45	16	0	41	40	
114	48	67	93	99	127	153	155	167	172	178	193	220	225	235	213	222	197	182	185	186	162	159	127	118	90	68	55	41	0	28	
96	20	39	68	71	99	125	127	139	145	153	168	196	204	216	196	207	185	171	178	184	161	162	130	130	101	81	56	40	28	0	
Custo_Viagem
V0
0	1929	1674	2438	1590	2141	2459	1992	1929	1780	1696	1865	2332	2374	2565	2120	2395	1950	1780	2077	2459	2183	2586	2120	2565	2204	2226	1590	1674	2416	2035	
1929	0	424	1038	1123	1674	2247	2310	2586	2734	2946	3286	3900	4091	4388	4028	4324	3858	3625	3816	4028	3561	3667	3010	3052	2459	2077	1462	1144	1017	424	
1674	424	0	869	678	1272	1844	1865	2141	2310	2522	2883	3498	3731	4049	3731	4049	3646	3434	3688	3943	3540	3710	3074	3222	2628	2310	1632	1356	1420	826	
2438	1038	869	0	954	996	1526	1865	2247	2522	2840	3222	3879	4176	4600	4346	4727	4388	4240	4515	4812	4430	4600	3964	4070	3476	3116	2480	2162	1971	1441	
1590	1123	678	954	0	678	1208	1187	1484	1674	1950	2332	2968	3243	3646	3392	3794	3476	3349	3688	4049	3710	3985	3392	3646	3095	2862	2120	1929	2120	1526	
2141	1674	1272	996	678	0	551	869	1272	1611	1971	2374	3010	3370	3837	3710	4155	3922	3858	4218	4621	4324	4642	4070	4324	3794	3540	2819	2607	2692	2098	
2459	2247	1844	1526	1208	551	0	657	1060	1441	1823	2204	2819	3243	3731	3710	4197	4049	4028	4452	4918	4664	5024	4494	4791	4282	4070	3328	3137	3264	2671	
1992	2310	1865	1865	1187	869	657	0	424	784	1166	1568	2183	2586	3074	3074	3561	3434	3455	3879	4367	4176	4579	4091	4473	4028	3858	3116	2989	3286	2692	
1929	2586	2141	2247	1484	1272	1060	424	0	381	763	1144	1759	2183	2692	2713	3222	3137	3201	3667	4197	4049	4494	4049	4494	4070	3964	3222	3137	3540	2946	
1780	2734	2310	2522	1674	1611	1441	784	381	0	381	763	1399	1780	2289	2332	2840	2798	2883	3370	3900	3794	4282	3900	4346	3985	3922	3201	3158	3646	3074	
1696	2946	2522	2840	1950	1971	1823	1166	763	381	0	402	1038	1399	1908	1950	2459	2459	2586	3074	3646	3582	4091	3752	4261	3922	3922	3222	3222	3773	3243	
1865	3286	2883	3222	2332	2374	2204	1568	1144	763	402	0	636	1017	1526	1653	2183	2247	2438	2946	3540	3540	4091	3816	4346	4070	4091	3434	3476	4091	3561	
2332	3900	3498	3879	2968	3010	2819	2183	1759	1399	1038	636	0	487	1038	1399	1908	2162	2459	2968	3582	3667	4261	4070	4664	4452	4536	3922	3985	4664	4155	
2374	4091	3731	4176	3243	3370	3243	2586	2183	1780	1399	1017	487	0	551	975	1462	1802	2120	2628	3243	3392	4006	3900	4515	4367	4515	3943	4049	4770	4324	
2565	4388	4049	4600	3646	3837	3731	3074	2692	2289	1908	1526	1038	551	0	657	1038	1484	1886	2353	2946	3201	3816	3816	4430	4367	4558	4070	4218	4982	4579	
2120	4028	3731	4346	3392	3710	3710	3074	2713	2332	1950	1653	1399	975	657	0	530	826	1208	1696	2289	2522	3137	3137	3773	3731	3964	3519	3710	4515	4155	
2395	4324	4049	4727	3794	4155	4197	3561	3222	2840	2459	2183	1908	1462	1038	530	0	614	1038	1399	1971	2289	2925	3031	3667	3731	4006	3646	3879	4706	4388	
1950	3858	3646	4388	3476	3922	4049	3434	3137	2798	2459	2247	2162	1802	1484	826	614	0	424	848	1462	1717	2332	2416	3052	3116	3392	3074	3328	4176	3922	
1780	3625	3434	4240	3349	3858	4028	3455	3201	2883	2586	2438	2459	2120	1886	1208	1038	424	0	508	1123	1293	1908	1992	2628	2692	2989	2713	2989	3858	3625	
2077	3816	3688	4515	3688	4218	4452	3879	3667	3370	3074	2946	2968	2628	2353	1696	1399	848	508	0	614	890	1505	1717	2353	2522	2904	2756	3052	3922	3773	
2459	4028	3943	4812	4049	4621	4918	4367	4197	3900	3646	3540	3582	3243	2946	2289	1971	1462	1123	614	0	551	1038	1462	2035	2332	2777	2777	3116	3964	3900	
2183	3561	3540	4430	3710	4324	4664	4176	4049	3794	3582	3540	3667	3392	3201	2522	2289	1717	1293	890	551	0	614	911	1505	1780	2226	2268	2607	3455	3413	
2586	3667	3710	4600	3985	4642	5024	4579	4494	4282	4091	4091	4261	4006	3816	3137	2925	2332	1908	1505	1038	614	0	678	1060	1505	1992	2247	2607	3370	3455	
2120	3010	3074	3964	3392	4070	4494	4091	4049	3900	3752	3816	4070	3900	3816	3137	3031	2416	1992	1717	1462	911	678	0	636	890	1335	1568	1929	2692	2777	
2565	3052	3222	4070	3646	4324	4791	4473	4494	4346	4261	4346	4664	4515	4430	3773	3667	3052	2628	2353	2035	1505	1060	636	0	614	1060	1590	1908	2522	2756	
2204	2459	2628	3476	3095	3794	4282	4028	4070	3985	3922	4070	4452	4367	4367	3731	3731	3116	2692	2522	2332	1780	1505	890	614	0	466	996	1293	1908	2141	
2226	2077	2310	3116	2862	3540	4070	3858	3964	3922	3922	4091	4536	4515	4558	3964	4006	3392	2989	2904	2777	2226	1992	1335	1060	466	0	742	954	1441	1717	
1590	1462	1632	2480	2120	2819	3328	3116	3222	3201	3222	3434	3922	3943	4070	3519	3646	3074	2713	2756	2777	2268	2247	1568	1590	996	742	0	339	1166	1187	
1674	1144	1356	2162	1929	2607	3137	2989	3137	3158	3222	3476	3985	4049	4218	3710	3879	3328	2989	3052	3116	2607	2607	1929	1908	1293	954	339	0	869	848	
2416	1017	1420	1971	2120	2692	3264	3286	3540	3646	3773	4091	4664	4770	4982	4515	4706	4176	3858	3922	3964	3455	3370	2692	2522	1908	1441	1166	869	0	593	
2035	424	826	1441	1526	2098	2671	2692	2946	3074	3243	3561	4155	4324	4579	4155	4388	3922	3625	3773	3900	3413	3455	2777	2756	2141	1717	1187	848	593	0	
V1
0	1583	1374	2001	1305	1757	2018	1635	1583	1461	1392	1531	1914	1948	2105	1740	1966	1600	1461	1705	2018	1792	2122	1740	2105	1809	1827	1305	1374	1983	1670	
1583	0	348	852	922	1374	1844	1896	2122	2244	2418	2697	3201	3358	3601	3306	3549	3166	2975	3132	3306	2923	3010	2470	2505	2018	1705	1200	939	835	348	
1374	348	0	713	556	1044	1513	1531	1757	1896	2070	2366	2871	3062	3323	3062	3323	2992	2818	3027	3236	2905	3045	2523	2644	2157	1896	1339	1113	1165	678	
2001	852	713	0	783	817	1252	1531	1844	2070	2331	2644	3184	3427	3775	3567	3880	3601	3480	3706	3949	3636	3775	3253	3340	2853	2557	2035	1774	1618	1183	
1305	922	556	783	0	556	991	974	1218	1374	1600	1914	2436	2662	2992	2784	3114	2853	2749	3027	3323	3045	3271	2784	2992	2540	2349	1740	1583	1740	1252	
1757	1374	1044	817	556	0	452	713	1044	1322	1618	1948	2470	2766	3149	3045	3410	3219	3166	3462	3793	3549	3810	3340	3549	3114	2905	2314	2140	2209	1722	
2018	1844	1513	1252	991	452	0	539	870	1183	1496	1809	2314	2662	3062	3045	3445	3323	3306	3654	4036	3828	4123	3688	3932	3514	3340	2731	2575	2679	2192	
1635	1896	1531	1531	974	713	539	0	348	643	957	1287	1792	2122	2523	2523	2923	2818	2836	3184	3584	3427	3758	3358	3671	3306	3166	2557	2453	2697	2209	
1583	2122	1757	1844	1218	1044	870	348	0	313	626	939	1444	1792	2209	2227	2644	2575	2627	3010	3445	3323	3688	3323	3688	3340	3253	2644	2575	2905	2418	
1461	2244	1896	2070	1374	1322	1183	643	313	0	313	626	1148	1461	1879	1914	2331	2296	2366	2766	3201	3114	3514	3201	3567	3271	3219	2627	2592	2992	2523	
1392	2418	2070	2331	1600	1618	1496	957	626	313	0	330	852	1148	1566	1600	2018	2018	2122	2523	2992	2940	3358	3079	3497	3219	3219	2644	2644	3097	2662	
1531	2697	2366	2644	1914	1948	1809	1287	939	626	330	0	522	835	1252	1357	1792	1844	2001	2418	2905	2905	3358	3132	3567	3340	3358	2818	2853	3358	2923	
1914	3201	2871	3184	2436	2470	2314	1792	1444	1148	852	522	0	400	852	1148	1566	1774	2018	2436	2940	3010	3497	3340	3828	3654	3723	3219	3271	3828	3410	
1948	3358	3062	3427	2662	2766	2662	2122	1792	1461	1148	835	400	0	452	800	1200	1479	1740	2157	2662	2784	3288	3201	3706	3584	3706	3236	3323	3915	3549	
2105	3601	3323	3775	2992	3149	3062	2523	2209	1879	1566	1252	852	452	0	539	852	1218	1548	1931	2418	2627	3132	3132	3636	3584	3741	3340	3462	4089	3758	
1740	3306	3062	3567	2784	3045	3045	2523	2227	1914	1600	1357	1148	800	539	0	435	678	991	1392	1879	2070	2575	2575	3097	3062	3253	2888	3045	3706	3410	
1966	3549	3323	3880	3114	3410	3445	2923	2644	2331	2018	1792	1566	1200	852	435	0	504	852	1148	1618	1879	2401	2488	3010	3062	3288	2992	3184	3862	3601	
1600	3166	2992	3601	2853	3219	3323	2818	2575	2296	2018	1844	1774	1479	1218	678	504	0	348	696	1200	1409	1914	1983	2505	2557	2784	2523	2731	3427	3219	
1461	2975	2818	3480	2749	3166	3306	2836	2627	2366	2122	2001	2018	1740	1548	991	852	348	0	417	922	1061	1566	1635	2157	2209	2453	2227	2453	3166	2975	
1705	3132	3027	3706	3027	3462	3654	3184	3010	2766	2523	2418	2436	2157	1931	1392	1148	696	417	0	504	730	1235	1409	1931	2070	2383	2262	2505	3219	3097	
2018	3306	3236	3949	3323	3793	4036	3584	3445	3201	2992	2905	2940	2662	2418	1879	1618	1200	922	504	0	452	852	1200	1670	1914	2279	2279	2557	3253	3201	
1792	2923	2905	3636	3045	3549	3828	3427	3323	3114	2940	2905	3010	2784	2627	2070	1879	1409	1061	730	452	0	504	748	1235	1461	1827	1861	2140	2836	2801	
2122	3010	3045	3775	3271	3810	4123	3758	3688	3514	3358	3358	3497	3288	3132	2575	2401	1914	1566	1235	852	504	0	556	870	1235	1635	1844	2140	2766	2836	
1740	2470	2523	3253	2784	3340	3688	3358	3323	3201	3079	3132	3340	3201	3132	2575	2488	1983	1635	1409	1200	748	556	0	522	730	1096	1287	1583	2209	2279	
2105	2505	2644	3340	2992	3549	3932	3671	3688	3567	3497	3567	3828	3706	3636	3097	3010	2505	2157	1931	1670	1235	870	522	0	504	870	1305	1566	2070	2262	
1809	2018	2157	2853	2540	3114	3514	3306	3340	3271	3219	3340	3654	3584	3584	3062	3062	2557	2209	2070	1914	1461	1235	730	504	0	382	817	1061	1566	1757	
1827	1705	1896	2557	2349	2905	3340	3166	3253	3219	3219	3358	3723	3706	3741	3253	3288	2784	2453	2383	2279	1827	1635	1096	870	382	0	609	783	1183	1409	
1305	1200	1339	2035	1740	2314	2731	2557	2644	2627	2644	2818	3219	3236	3340	2888	2992	2523	2227	2262	2279	1861	1844	1287	1305	817	609	0	278	957	974	
1374	939	1113	1774	1583	2140	2575	2453	2575	2592	2644	2853	3271	3323	3462	3045	3184	2731	2453	2505	2557	2140	2140	1583	1566	1061	783	278	0	713	696	
1983	835	1165	1618	1740	2209	2679	2697	2905	2992	3097	3358	3828	3915	4089	3706	3862	3427	3166	3219	3253	2836	2766	2209	2070	1566	1183	957	713	0	487	
1670	348	678	1183	1252	1722	2192	2209	2418	2523	2662	2923	3410	3549	3758	3410	3601	3219	2975	3097	3201	2801	2836	2279	2262	1757	1409	974	696	487	0	
V2
0	910	790	1150	750	1010	1160	940	910	840	800	880	1100	1120	1210	1000	1130	920	840	980	1160	1030	1220	1000	1210	1040	1050	750	790	1140	960	
910	0	200	490	530	790	1060	1090	1220	1290	1390	1550	1840	1930	2070	1900	2040	1820	1710	1800	1900	1680	1730	1420	1440	1160	980	690	540	480	200	
790	200	0	410	320	600	870	880	1010	1090	1190	1360	1650	1760	1910	1760	1910	1720	1620	1740	1860	1670	1750	1450	1520	1240	1090	770	640	670	390	
1150	490	410	0	450	470	720	880	1060	1190	1340	1520	1830	1970	2170	2050	2230	2070	2000	2130	2270	2090	2170	1870	1920	1640	1470	1170	1020	930	680	
750	530	320	450	0	320	570	560	700	790	920	1100	1400	1530	1720	1600	1790	1640	1580	1740	1910	1750	1880	1600	1720	1460	1350	1000	910	1000	720	
1010	790	600	470	320	0	260	410	600	760	930	1120	1420	1590	1810	1750	1960	1850	1820	1990	2180	2040	2190	1920	2040	1790	1670	1330	1230	1270	990	
1160	1060	870	720	570	260	0	310	500	680	860	1040	1330	1530	1760	1750	1980	1910	1900	2100	2320	2200	2370	2120	2260	2020	1920	1570	1480	1540	1260	
940	1090	880	880	560	410	310	0	200	370	550	740	1030	1220	1450	1450	1680	1620	1630	1830	2060	1970	2160	1930	2110	1900	1820	1470	1410	1550	1270	
910	1220	1010	1060	700	600	500	200	0	180	360	540	830	1030	1270	1280	1520	1480	1510	1730	1980	1910	2120	1910	2120	1920	1870	1520	1480	1670	1390	
840	1290	1090	1190	790	760	680	370	180	0	180	360	660	840	1080	1100	1340	1320	1360	1590	1840	1790	2020	1840	2050	1880	1850	1510	1490	1720	1450	
800	1390	1190	1340	920	930	860	550	360	180	0	190	490	660	900	920	1160	1160	1220	1450	1720	1690	1930	1770	2010	1850	1850	1520	1520	1780	1530	
880	1550	1360	1520	1100	1120	1040	740	540	360	190	0	300	480	720	780	1030	1060	1150	1390	1670	1670	1930	1800	2050	1920	1930	1620	1640	1930	1680	
1100	1840	1650	1830	1400	1420	1330	1030	830	660	490	300	0	230	490	660	900	1020	1160	1400	1690	1730	2010	1920	2200	2100	2140	1850	1880	2200	1960	
1120	1930	1760	1970	1530	1590	1530	1220	1030	840	660	480	230	0	260	460	690	850	1000	1240	1530	1600	1890	1840	2130	2060	2130	1860	1910	2250	2040	
1210	2070	1910	2170	1720	1810	1760	1450	1270	1080	900	720	490	260	0	310	490	700	890	1110	1390	1510	1800	1800	2090	2060	2150	1920	1990	2350	2160	
1000	1900	1760	2050	1600	1750	1750	1450	1280	1100	920	780	660	460	310	0	250	390	570	800	1080	1190	1480	1480	1780	1760	1870	1660	1750	2130	1960	
1130	2040	1910	2230	1790	1960	1980	1680	1520	1340	1160	1030	900	690	490	250	0	290	490	660	930	1080	1380	1430	1730	1760	1890	1720	1830	2220	2070	
920	1820	1720	2070	1640	1850	1910	1620	1480	1320	1160	1060	1020	850	700	390	290	0	200	400	690	810	1100	1140	1440	1470	1600	1450	1570	1970	1850	
840	1710	1620	2000	1580	1820	1900	1630	1510	1360	1220	1150	1160	1000	890	570	490	200	0	240	530	610	900	940	1240	1270	1410	1280	1410	1820	1710	
980	1800	1740	2130	1740	1990	2100	1830	1730	1590	1450	1390	1400	1240	1110	800	660	400	240	0	290	420	710	810	1110	1190	1370	1300	1440	1850	1780	
1160	1900	1860	2270	1910	2180	2320	2060	1980	1840	1720	1670	1690	1530	1390	1080	930	690	530	290	0	260	490	690	960	1100	1310	1310	1470	1870	1840	
1030	1680	1670	2090	1750	2040	2200	1970	1910	1790	1690	1670	1730	1600	1510	1190	1080	810	610	420	260	0	290	430	710	840	1050	1070	1230	1630	1610	
1220	1730	1750	2170	1880	2190	2370	2160	2120	2020	1930	1930	2010	1890	1800	1480	1380	1100	900	710	490	290	0	320	500	710	940	1060	1230	1590	1630	
1000	1420	1450	1870	1600	1920	2120	1930	1910	1840	1770	1800	1920	1840	1800	1480	1430	1140	940	810	690	430	320	0	300	420	630	740	910	1270	1310	
1210	1440	1520	1920	1720	2040	2260	2110	2120	2050	2010	2050	2200	2130	2090	1780	1730	1440	1240	1110	960	710	500	300	0	290	500	750	900	1190	1300	
1040	1160	1240	1640	1460	1790	2020	1900	1920	1880	1850	1920	2100	2060	2060	1760	1760	1470	1270	1190	1100	840	710	420	290	0	220	470	610	900	1010	
1050	980	1090	1470	1350	1670	1920	1820	1870	1850	1850	1930	2140	2130	2150	1870	1890	1600	1410	1370	1310	1050	940	630	500	220	0	350	450	680	810	
750	690	770	1170	1000	1330	1570	1470	1520	1510	1520	1620	1850	1860	1920	1660	1720	1450	1280	1300	1310	1070	1060	740	750	470	350	0	160	550	560	
790	540	640	1020	910	1230	1480	1410	1480	1490	1520	1640	1880	1910	1990	1750	1830	1570	1410	1440	1470	1230	1230	910	900	610	450	160	0	410	400	
1140	480	670	930	1000	1270	1540	1550	1670	1720	1780	1930	2200	2250	2350	2130	2220	1970	1820	1850	1870	1630	1590	1270	1190	900	680	550	410	0	280	
960	200	390	680	720	990	1260	1270	1390	1450	1530	1680	1960	2040	2160	1960	2070	1850	1710	1780	1840	1610	1630	1310	1300	1010	810	560	400	280	0	
V3
0	2056	1785	2599	1695	2282	2621	2124	2056	1898	1808	1988	2486	2531	2734	2260	2553	2079	1898	2214	2621	2327	2757	2260	2734	2350	2373	1695	1785	2576	2169	
2056	0	452	1107	1197	1785	2395	2463	2757	2915	3141	3503	4158	4361	4678	4294	4610	4113	3864	4068	4294	3796	3909	3209	3254	2621	2214	1559	1220	1084	452	
1785	452	0	926	723	1356	1966	1988	2282	2463	2689	3073	3729	3977	4316	3977	4316	3887	3661	3932	4203	3774	3955	3277	3435	2802	2463	1740	1446	1514	881	
2599	1107	926	0	1017	1062	1627	1988	2395	2689	3028	3435	4135	4452	4904	4633	5039	4678	4520	4813	5130	4723	4904	4226	4339	3706	3322	2644	2305	2101	1536	
1695	1197	723	1017	0	723	1288	1265	1582	1785	2079	2486	3164	3457	3887	3616	4045	3706	3570	3932	4316	3955	4248	3616	3887	3299	3051	2260	2056	2260	1627	
2282	1785	1356	1062	723	0	587	926	1356	1717	2101	2531	3209	3593	4090	3955	4429	4181	4113	4497	4926	4610	4949	4339	4610	4045	3774	3005	2779	2870	2237	
2621	2395	1966	1627	1288	587	0	700	1130	1536	1943	2350	3005	3457	3977	3955	4474	4316	4294	4746	5243	4972	5356	4791	5107	4565	4339	3548	3344	3480	2847	
2124	2463	1988	1988	1265	926	700	0	452	836	1243	1672	2327	2757	3277	3277	3796	3661	3683	4135	4655	4452	4881	4361	4768	4294	4113	3322	3186	3503	2870	
2056	2757	2282	2395	1582	1356	1130	452	0	406	813	1220	1875	2327	2870	2892	3435	3344	3412	3909	4474	4316	4791	4316	4791	4339	4226	3435	3344	3774	3141	
1898	2915	2463	2689	1785	1717	1536	836	406	0	406	813	1491	1898	2440	2486	3028	2983	3073	3593	4158	4045	4565	4158	4633	4248	4181	3412	3367	3887	3277	
1808	3141	2689	3028	2079	2101	1943	1243	813	406	0	429	1107	1491	2034	2079	2621	2621	2757	3277	3887	3819	4361	4000	4542	4181	4181	3435	3435	4022	3457	
1988	3503	3073	3435	2486	2531	2350	1672	1220	813	429	0	678	1084	1627	1762	2327	2395	2599	3141	3774	3774	4361	4068	4633	4339	4361	3661	3706	4361	3796	
2486	4158	3729	4135	3164	3209	3005	2327	1875	1491	1107	678	0	519	1107	1491	2034	2305	2621	3164	3819	3909	4542	4339	4972	4746	4836	4181	4248	4972	4429	
2531	4361	3977	4452	3457	3593	3457	2757	2327	1898	1491	1084	519	0	587	1039	1559	1921	2260	2802	3457	3616	4271	4158	4813	4655	4813	4203	4316	5085	4610	
2734	4678	4316	4904	3887	4090	3977	3277	2870	2440	2034	1627	1107	587	0	700	1107	1582	2011	2508	3141	3412	4068	4068	4723	4655	4859	4339	4497	5311	4881	
2260	4294	3977	4633	3616	3955	3955	3277	2892	2486	2079	1762	1491	1039	700	0	565	881	1288	1808	2440	2689	3344	3344	4022	3977	4226	3751	3955	4813	4429	
2553	4610	4316	5039	4045	4429	4474	3796	3435	3028	2621	2327	2034	1559	1107	565	0	655	1107	1491	2101	2440	3118	3231	3909	3977	4271	3887	4135	5017	4678	
2079	4113	3887	4678	3706	4181	4316	3661	3344	2983	2621	2395	2305	1921	1582	881	655	0	452	904	1559	1830	2486	2576	3254	3322	3616	3277	3548	4452	4181	
1898	3864	3661	4520	3570	4113	4294	3683	3412	3073	2757	2599	2621	2260	2011	1288	1107	452	0	542	1197	1378	2034	2124	2802	2870	3186	2892	3186	4113	3864	
2214	4068	3932	4813	3932	4497	4746	4135	3909	3593	3277	3141	3164	2802	2508	1808	1491	904	542	0	655	949	1604	1830	2508	2689	3096	2938	3254	4181	4022	
2621	4294	4203	5130	4316	4926	5243	4655	4474	4158	3887	3774	3819	3457	3141	2440	2101	1559	1197	655	0	587	1107	1559	2169	2486	2960	2960	3322	4226	4158	
2327	3796	3774	4723	3955	4610	4972	4452	4316	4045	3819	3774	3909	3616	3412	2689	2440	1830	1378	949	587	0	655	971	1604	1898	2373	2418	2779	3683	3638	
2757	3909	3955	4904	4248	4949	5356	4881	4791	4565	4361	4361	4542	4271	4068	3344	3118	2486	2034	1604	1107	655	0	723	1130	1604	2124	2395	2779	3593	3683	
2260	3209	3277	4226	3616	4339	4791	4361	4316	4158	4000	4068	4339	4158	4068	3344	3231	2576	2124	1830	1559	971	723	0	678	949	1423	1672	2056	2870	2960	
2734	3254	3435	4339	3887	4610	5107	4768	4791	4633	4542	4633	4972	4813	4723	4022	3909	3254	2802	2508	2169	1604	1130	678	0	655	1130	1695	2034	2689	2938	
2350	2621	2802	3706	3299	4045	4565	4294	4339	4248	4181	4339	4746	4655	4655	3977	3977	3322	2870	2689	2486	1898	1604	949	655	0	497	1062	1378	2034	2282	
2373	2214	2463	3322	3051	3774	4339	4113	4226	4181	4181	4361	4836	4813	4859	4226	4271	3616	3186	3096	2960	2373	2124	1423	1130	497	0	791	1017	1536	1830	
1695	1559	1740	2644	2260	3005	3548	3322	3435	3412	3435	3661	4181	4203	4339	3751	3887	3277	2892	2938	2960	2418	2395	1672	1695	1062	791	0	361	1243	1265	
1785	1220	1446	2305	2056	2779	3344	3186	3344	3367	3435	3706	4248	4316	4497	3955	4135	3548	3186	3254	3322	2779	2779	2056	2034	1378	1017	361	0	926	904	
2576	1084	1514	2101	2260	2870	3480	3503	3774	3887	4022	4361	4972	5085	5311	4813	5017	4452	4113	4181	4226	3683	3593	2870	2689	2034	1536	1243	926	0	632	
2169	452	881	1536	1627	2237	2847	2870	3141	3277	3457	3796	4429	4610	4881	4429	4678	4181	3864	4022	4158	3638	3683	2960	2938	2282	1830	1265	904	632	0	
V4
0	1710	1485	2162	1410	1898	2180	1767	1710	1579	1504	1654	2068	2105	2274	1880	2124	1729	1579	1842	2180	1936	2293	1880	2274	1955	1974	1410	1485	2143	1804	
1710	0	376	921	996	1485	1992	2049	2293	2425	2613	2914	3459	3628	3891	3572	3835	3421	3214	3384	3572	3158	3252	2669	2707	2180	1842	1297	1015	902	376	
1485	376	0	770	601	1128	1635	1654	1898	2049	2237	2556	3102	3308	3590	3308	3590	3233	3045	3271	3496	3139	3290	2726	2857	2331	2049	1447	1203	1259	733	
2162	921	770	0	846	883	1353	1654	1992	2237	2519	2857	3440	3703	4079	3854	4192	3891	3760	4004	4267	3929	4079	3515	3609	3083	2763	2199	1917	1748	1278	
1410	996	601	846	0	601	1071	1052	1316	1485	1729	2068	2632	2876	3233	3008	3365	3083	2970	3271	3590	3290	3534	3008	3233	2744	2538	1880	1710	1880	1353	
1898	1485	1128	883	601	0	488	770	1128	1428	1748	2105	2669	2989	3402	3290	3684	3478	3421	3741	4098	3835	4117	3609	3835	3365	3139	2500	2312	2387	1861	
2180	1992	1635	1353	1071	488	0	582	940	1278	1616	1955	2500	2876	3308	3290	3722	3590	3572	3948	4361	4136	4455	3985	4248	3797	3609	2951	2782	2895	2368	
1767	2049	1654	1654	1052	770	582	0	376	695	1034	1391	1936	2293	2726	2726	3158	3045	3064	3440	3872	3703	4060	3628	3966	3572	3421	2763	2650	2914	2387	
1710	2293	1898	1992	1316	1128	940	376	0	338	676	1015	1560	1936	2387	2406	2857	2782	2838	3252	3722	3590	3985	3590	3985	3609	3515	2857	2782	3139	2613	
1579	2425	2049	2237	1485	1428	1278	695	338	0	338	676	1240	1579	2030	2068	2519	2481	2556	2989	3459	3365	3797	3459	3854	3534	3478	2838	2801	3233	2726	
1504	2613	2237	2519	1729	1748	1616	1034	676	338	0	357	921	1240	1692	1729	2180	2180	2293	2726	3233	3177	3628	3327	3778	3478	3478	2857	2857	3346	2876	
1654	2914	2556	2857	2068	2105	1955	1391	1015	676	357	0	564	902	1353	1466	1936	1992	2162	2613	3139	3139	3628	3384	3854	3609	3628	3045	3083	3628	3158	
2068	3459	3102	3440	2632	2669	2500	1936	1560	1240	921	564	0	432	921	1240	1692	1917	2180	2632	3177	3252	3778	3609	4136	3948	4023	3478	3534	4136	3684	
2105	3628	3308	3703	2876	2989	2876	2293	1936	1579	1240	902	432	0	488	864	1297	1598	1880	2331	2876	3008	3553	3459	4004	3872	4004	3496	3590	4230	3835	
2274	3891	3590	4079	3233	3402	3308	2726	2387	2030	1692	1353	921	488	0	582	921	1316	1673	2086	2613	2838	3384	3384	3929	3872	4042	3609	3741	4418	4060	
1880	3572	3308	3854	3008	3290	3290	2726	2406	2068	1729	1466	1240	864	582	0	470	733	1071	1504	2030	2237	2782	2782	3346	3308	3515	3120	3290	4004	3684	
2124	3835	3590	4192	3365	3684	3722	3158	2857	2519	2180	1936	1692	1297	921	470	0	545	921	1240	1748	2030	2594	2688	3252	3308	3553	3233	3440	4173	3891	
1729	3421	3233	3891	3083	3478	3590	3045	2782	2481	2180	1992	1917	1598	1316	733	545	0	376	752	1297	1522	2068	2143	2707	2763	3008	2726	2951	3703	3478	
1579	3214	3045	3760	2970	3421	3572	3064	2838	2556	2293	2162	2180	1880	1673	1071	921	376	0	451	996	1146	1692	1767	2331	2387	2650	2406	2650	3421	3214	
1842	3384	3271	4004	3271	3741	3948	3440	3252	2989	2726	2613	2632	2331	2086	1504	1240	752	451	0	545	789	1334	1522	2086	2237	2575	2444	2707	3478	3346	
2180	3572	3496	4267	3590	4098	4361	3872	3722	3459	3233	3139	3177	2876	2613	2030	1748	1297	996	545	0	488	921	1297	1804	2068	2462	2462	2763	3515	3459	
1936	3158	3139	3929	3290	3835	4136	3703	3590	3365	3177	3139	3252	3008	2838	2237	2030	1522	1146	789	488	0	545	808	1334	1579	1974	2011	2312	3064	3026	
2293	3252	3290	4079	3534	4117	4455	4060	3985	3797	3628	3628	3778	3553	3384	2782	2594	2068	1692	1334	921	545	0	601	940	1334	1767	1992	2312	2989	3064	
1880	2669	2726	3515	3008	3609	3985	3628	3590	3459	3327	3384	3609	3459	3384	2782	2688	2143	1767	1522	1297	808	601	0	564	789	1184	1391	1710	2387	2462	
2274	2707	2857	3609	3233	3835	4248	3966	3985	3854	3778	3854	4136	4004	3929	3346	3252	2707	2331	2086	1804	1334	940	564	0	545	940	1410	1692	2237	2444	
1955	2180	2331	3083	2744	3365	3797	3572	3609	3534	3478	3609	3948	3872	3872	3308	3308	2763	2387	2237	2068	1579	1334	789	545	0	413	883	1146	1692	1898	
1974	1842	2049	2763	2538	3139	3609	3421	3515	3478	3478	3628	4023	4004	4042	3515	3553	3008	2650	2575	2462	1974	1767	1184	940	413	0	658	846	1278	1522	
1410	1297	1447	2199	1880	2500	2951	2763	2857	2838	2857	3045	3478	3496	3609	3120	3233	2726	2406	2444	2462	2011	1992	1391	1410	883	658	0	300	1034	1052	
1485	1015	1203	1917	1710	2312	2782	2650	2782	2801	2857	3083	3534	3590	3741	3290	3440	2951	2650	2707	2763	2312	2312	1710	1692	1146	846	300	0	770	752	
2143	902	1259	1748	1880	2387	2895	2914	3139	3233	3346	3628	4136	4230	4418	4004	4173	3703	3421	3478	3515	3064	2989	2387	2237	1692	1278	1034	770	0	526	
1804	376	733	1278	1353	1861	2368	2387	2613	2726	2876	3158	3684	3835	4060	3684	3891	3478	3214	3346	3459	3026	3064	2462	2444	1898	1522	1052	752	526	0	
V5
0	1801	1564	2277	1485	1999	2296	1861	1801	1663	1584	1742	2178	2217	2395	1980	2237	1821	1663	1940	2296	2039	2415	1980	2395	2059	2079	1485	1564	2257	1900	
1801	0	396	970	1049	1564	2098	2158	2415	2554	2752	3069	3643	3821	4098	3762	4039	3603	3385	3564	3762	3326	3425	2811	2851	2296	1940	1366	1069	950	396	
1564	396	0	811	633	1188	1722	1742	1999	2158	2356	2692	3267	3484	3781	3484	3781	3405	3207	3445	3682	3306	3465	2871	3009	2455	2158	1524	1267	1326	772	
2277	970	811	0	891	930	1425	1742	2098	2356	2653	3009	3623	3900	4296	4059	4415	4098	3960	4217	4494	4138	4296	3702	3801	3247	2910	2316	2019	1841	1346	
1485	1049	633	891	0	633	1128	1108	1386	1564	1821	2178	2772	3029	3405	3168	3544	3247	3128	3445	3781	3465	3722	3168	3405	2890	2673	1980	1801	1980	1425	
1999	1564	1188	930	633	0	514	811	1188	1504	1841	2217	2811	3148	3583	3465	3880	3663	3603	3940	4316	4039	4336	3801	4039	3544	3306	2633	2435	2514	1960	
2296	2098	1722	1425	1128	514	0	613	990	1346	1702	2059	2633	3029	3484	3465	3920	3781	3762	4158	4593	4356	4692	4197	4474	3999	3801	3108	2930	3049	2494	
