M: 4
N: 30
Nun_Veiculos: 10
Capacidade_Total: 677
Demanda_Total: 537
Setup_Min: 1
Setup_Max: 9
Raio: 100
Circulos: 1
Tempo_Processamento_Min: 1
Tempo_Processamento_Max: 49
Demanda_Min: 10
Demanda_Max: 30
Priority_Factor: 0.2
Range_Factor_R: 0.8
U_factor: 2
ALpha: 0.2Replicao: 0
Tempos_Processamentos
0	0	1	0	2	0	3	0	
0	38	1	14	2	44	3	42	
0	29	1	38	2	41	3	7	
0	22	1	35	2	46	3	19	
0	39	1	1	2	28	3	20	
0	4	1	39	2	47	3	20	
0	48	1	43	2	35	3	8	
0	27	1	5	2	40	3	38	
0	33	1	43	2	46	3	26	
0	3	1	2	2	11	3	21	
0	23	1	33	2	45	3	8	
0	4	1	44	2	47	3	32	
0	2	1	40	2	38	3	11	
0	22	1	32	2	4	3	39	
0	33	1	3	2	45	3	16	
0	43	1	33	2	43	3	6	
0	6	1	34	2	24	3	26	
0	11	1	28	2	20	3	27	
0	27	1	49	2	22	3	20	
0	26	1	34	2	20	3	35	
0	46	1	39	2	44	3	11	
0	30	1	6	2	32	3	28	
0	22	1	12	2	42	3	21	
0	42	1	27	2	46	3	42	
0	34	1	33	2	7	3	47	
0	8	1	10	2	8	3	30	
0	13	1	11	2	7	3	26	
0	19	1	39	2	14	3	30	
0	8	1	11	2	31	3	24	
0	35	1	14	2	5	3	46	
0	11	1	4	2	36	3	28	

Tempos_setup
M0
0	0	0	0	0	0	0	0	0	0	0	0	0	0	0	0	0	0	0	0	0	0	0	0	0	0	0	0	0	0	0	
0	0	2	2	2	3	2	3	1	4	3	2	2	2	4	3	2	2	2	3	1	1	2	3	3	3	3	1	3	3	3	
0	2	0	3	2	1	3	2	3	3	3	2	3	2	3	3	2	3	1	2	3	2	2	3	3	2	3	1	1	1	3	
0	3	3	0	2	3	4	3	3	2	2	2	3	2	2	3	1	1	3	3	2	3	3	3	3	3	2	4	2	3	3	
0	3	3	2	0	2	2	2	3	4	2	2	2	2	4	1	3	1	3	3	3	1	2	3	3	1	3	3	2	3	2	
0	2	1	3	2	0	3	3	3	4	2	2	2	2	4	3	2	3	2	3	3	2	3	4	3	1	2	1	2	2	2	
0	2	3	3	3	3	0	3	1	3	2	2	1	2	4	3	2	3	2	2	2	2	2	1	3	3	3	3	1	3	3	
0	3	3	1	2	3	4	0	2	3	3	3	3	3	3	2	2	2	3	4	1	3	2	3	3	3	3	4	3	2	4	
0	3	2	3	3	3	2	2	0	3	3	2	1	1	4	3	2	2	2	2	3	1	2	3	2	4	3	3	2	3	2	
0	3	3	2	2	3	4	4	3	0	2	2	3	3	1	3	1	3	3	2	2	3	3	4	3	3	2	4	2	3	3	
0	3	1	2	1	2	2	3	2	2	0	2	2	3	2	2	3	2	2	1	2	1	1	3	2	1	3	2	2	2	2	
0	3	3	3	3	3	2	3	1	3	3	0	1	2	4	3	2	2	3	2	2	1	2	2	3	3	1	3	2	2	1	
0	3	3	2	3	3	2	2	3	2	2	2	0	3	3	3	1	2	3	1	2	1	2	3	2	3	2	3	2	3	3	
0	2	1	2	2	2	3	1	2	4	2	3	3	0	4	3	3	2	1	3	2	3	2	3	1	3	3	2	2	2	3	
0	3	3	2	1	3	3	3	2	2	2	1	2	2	0	2	3	2	2	1	3	2	2	3	2	2	2	3	3	3	2	
0	2	2	2	3	1	3	1	3	3	3	2	3	3	4	0	2	2	2	2	2	3	2	4	3	2	3	2	1	3	3	
0	2	2	1	2	2	3	3	3	2	1	2	3	3	3	3	0	2	2	2	1	2	2	4	3	2	1	3	1	2	3	
0	3	2	2	1	3	3	2	3	4	3	3	3	1	4	2	3	0	2	4	3	2	3	2	2	2	3	3	3	3	3	
0	1	2	2	1	3	2	1	2	4	3	3	3	1	4	2	2	2	0	4	2	2	2	3	2	2	3	2	3	3	2	
0	4	2	1	2	2	3	4	2	1	1	1	2	3	2	3	2	2	3	0	3	2	2	3	1	2	2	2	3	3	2	
0	2	4	1	1	3	3	3	2	3	3	3	3	3	3	2	2	2	4	4	0	2	3	4	4	2	3	3	3	2	3	
0	3	2	2	2	2	1	3	2	3	2	1	2	2	4	2	3	1	3	3	3	0	1	2	2	3	2	3	2	2	2	
0	3	1	1	3	2	2	2	2	2	2	3	3	3	3	1	2	2	2	3	3	3	0	3	1	3	3	2	2	1	4	
0	3	2	2	2	3	3	2	3	3	1	3	3	2	3	3	3	2	3	2	1	2	2	0	3	2	4	3	3	3	3	
0	3	2	3	2	1	2	3	1	3	1	3	2	2	3	3	3	3	3	2	3	2	2	3	0	2	3	2	3	3	3	
0	3	2	3	1	3	2	3	2	3	1	2	1	2	3	2	2	2	3	2	2	1	2	3	3	0	2	3	2	3	1	
0	4	3	2	3	3	2	3	2	2	2	1	2	3	3	3	3	2	4	1	3	1	2	3	2	3	0	3	3	1	2	
0	2	1	2	2	2	3	2	2	3	2	1	2	1	3	3	1	3	1	3	2	2	3	3	2	3	2	0	2	2	2	
0	1	2	2	2	3	2	2	2	2	2	2	3	2	3	2	1	2	1	1	2	2	1	3	2	2	2	2	0	2	3	
0	4	3	3	3	4	2	2	3	4	3	3	3	4	2	4	3	4	4	3	2	3	4	3	4	2	4	4	3	0	3	
0	2	3	2	2	3	3	3	1	3	3	2	2	2	4	3	2	1	2	2	1	2	2	3	2	3	1	3	1	2	0	
M1
0	0	0	0	0	0	0	0	0	0	0	0	0	0	0	0	0	0	0	0	0	0	0	0	0	0	0	0	0	0	0	
0	0	3	4	2	2	1	2	3	1	2	3	3	3	3	3	1	3	2	2	2	1	2	2	4	2	3	2	4	2	2	
0	3	0	3	3	2	3	2	2	3	3	3	2	3	3	3	3	3	2	3	3	3	3	2	3	1	2	4	4	2	4	
0	3	3	0	3	1	2	2	2	2	3	3	2	1	2	2	1	2	2	3	3	2	2	1	3	1	2	2	3	2	2	
0	3	4	4	0	4	3	3	3	1	3	4	4	3	3	4	4	3	4	3	5	4	4	2	5	4	4	3	4	3	4	
0	3	2	2	2	0	1	3	2	1	2	3	3	3	3	2	3	3	2	3	2	1	2	2	4	3	1	2	3	1	3	
0	3	2	3	1	3	0	2	2	2	1	2	2	2	2	3	4	2	1	2	2	3	2	1	3	2	2	1	3	1	3	
0	4	3	3	3	2	3	0	2	3	2	4	2	1	3	1	3	3	3	4	3	2	1	2	3	2	2	4	4	2	4	
0	4	2	1	1	2	3	3	0	2	1	3	2	2	3	3	2	3	2	3	3	3	2	2	4	2	1	3	2	1	3	
0	3	4	3	3	3	2	4	2	0	2	4	3	2	2	3	3	2	3	2	4	3	4	1	4	4	3	3	3	3	3	
0	3	3	4	4	3	3	4	3	4	0	2	2	2	3	4	4	4	4	3	3	4	4	4	3	4	4	3	3	3	2	
0	1	2	3	2	3	2	3	3	2	3	0	2	3	2	3	2	2	3	1	3	2	2	3	1	3	3	3	3	3	3	
0	2	1	3	3	2	3	3	3	3	3	3	0	4	4	2	2	4	2	3	1	2	3	3	3	2	2	4	4	2	2	
0	4	4	5	4	3	4	4	4	4	4	4	4	0	2	3	5	4	3	3	4	3	3	3	4	4	4	5	3	3	5	
0	2	3	3	2	1	2	2	3	2	2	2	2	3	0	1	3	2	1	1	3	2	2	2	2	2	2	3	1	2	4	
0	3	2	4	3	3	2	4	4	4	1	3	1	3	4	0	3	4	3	4	2	3	3	3	4	3	3	3	4	3	3	
0	4	3	3	2	1	2	1	2	1	3	3	3	2	3	2	0	3	3	3	3	2	1	2	3	3	2	3	4	2	1	
0	3	3	1	2	2	3	2	1	3	2	3	3	2	1	2	2	0	2	2	3	2	3	2	3	2	2	3	1	2	3	
0	2	2	2	2	3	2	3	3	2	3	1	2	2	2	2	3	2	0	1	3	2	1	1	2	3	1	3	2	2	3	
0	3	2	2	1	2	1	3	2	1	2	3	1	3	1	2	3	1	2	0	2	1	3	2	3	3	3	2	2	2	3	
0	3	3	3	3	1	2	4	2	2	2	2	2	3	3	1	3	3	1	2	0	1	2	2	3	4	2	3	3	2	1	
0	4	4	4	3	2	3	3	3	1	3	3	3	3	3	2	4	3	2	3	1	0	3	2	4	5	3	4	4	2	2	
0	4	2	2	3	3	3	3	2	2	2	3	2	1	3	1	2	3	2	3	2	1	0	3	2	3	1	4	3	1	3	
0	3	3	2	2	2	1	3	2	3	2	3	2	3	1	2	3	1	2	2	3	3	3	0	3	3	2	2	2	2	2	
0	3	4	3	4	3	3	3	3	4	4	2	4	4	3	4	4	2	4	3	5	4	4	2	0	3	4	4	2	3	2	
0	2	2	2	2	1	2	4	1	2	2	2	1	3	2	3	3	2	1	2	2	2	2	1	2	0	1	3	3	2	3	
0	3	1	1	3	2	3	3	3	3	3	2	2	2	3	2	2	3	1	2	3	2	1	2	3	2	0	3	3	2	3	
0	2	1	3	3	2	3	1	2	3	1	1	2	1	3	2	3	3	2	2	3	3	2	2	2	1	2	0	4	3	3	
0	3	3	3	3	2	3	1	2	3	3	3	2	2	3	2	4	2	2	3	3	3	2	2	3	1	2	4	0	3	4	
0	4	2	2	2	3	3	4	1	3	2	3	3	2	3	2	3	3	2	3	3	2	1	2	3	3	1	4	3	0	4	
0	3	3	2	2	3	4	3	1	3	2	2	3	3	4	3	2	4	3	3	4	3	2	3	3	3	2	4	3	1	0	
M2
0	0	0	0	0	0	0	0	0	0	0	0	0	0	0	0	0	0	0	0	0	0	0	0	0	0	0	0	0	0	0	
0	0	2	3	1	3	2	4	1	1	3	2	2	3	2	3	2	2	3	2	4	2	3	3	4	2	3	2	3	2	3	
0	2	0	1	3	4	2	4	3	3	1	3	3	2	3	4	3	3	2	4	4	3	3	2	4	2	3	4	3	2	3	
0	2	2	0	3	3	1	3	3	3	2	2	2	2	2	3	2	2	1	3	4	3	3	3	3	3	3	4	2	1	2	
0	2	2	2	0	4	3	3	3	2	3	2	1	4	3	2	2	1	2	4	3	3	2	3	3	3	3	1	3	1	2	
0	3	2	3	3	0	3	2	3	2	1	2	3	2	3	4	3	2	1	3	4	3	3	2	4	2	3	4	2	2	3	
0	2	1	2	3	3	0	3	3	3	1	2	2	1	1	3	2	2	3	3	3	2	2	2	2	2	3	3	3	2	1	
0	2	3	3	1	2	3	0	1	3	2	3	2	3	2	3	2	2	3	2	4	1	3	3	3	3	4	2	3	2	3	
0	1	3	3	2	3	3	4	0	2	4	3	3	4	3	3	2	3	2	1	3	2	3	2	4	3	4	2	3	2	3	
0	2	1	2	3	2	3	3	1	0	2	1	2	2	4	3	2	1	2	2	4	1	3	3	3	1	2	3	3	3	3	
0	2	1	2	3	3	3	3	3	3	0	2	3	1	2	3	2	2	2	3	4	2	2	1	3	1	2	4	3	2	2	
0	2	3	4	3	3	2	3	3	3	3	0	1	3	3	2	1	3	3	3	3	3	2	3	3	2	1	4	2	3	2	
0	3	3	4	2	3	2	2	3	2	3	3	0	3	3	4	3	3	2	4	4	2	3	2	3	3	4	3	3	3	2	
0	1	2	2	2	2	2	3	2	2	1	1	2	0	3	2	1	3	2	3	3	1	2	1	2	2	2	3	2	1	2	
0	1	2	3	2	3	2	3	2	2	2	1	1	3	0	2	1	2	3	3	3	3	1	3	3	1	2	3	2	3	2	
0	2	3	3	3	3	3	4	3	3	3	2	2	4	1	0	2	1	2	2	1	2	2	2	1	2	2	2	2	2	2	
0	1	2	3	2	2	1	3	2	2	2	2	3	2	2	1	0	2	2	2	2	3	3	3	2	1	2	3	1	2	1	
0	3	4	2	3	3	3	3	4	4	4	1	2	4	3	3	2	0	1	3	3	3	3	3	2	3	2	3	2	2	3	
0	2	3	2	2	2	3	4	3	3	3	1	2	4	4	3	2	1	0	2	3	4	3	2	3	3	2	3	1	1	2	
0	3	3	3	1	3	3	3	3	2	4	2	2	4	3	2	3	2	1	0	3	2	2	1	3	2	3	1	2	2	2	
0	4	2	3	2	2	4	3	4	3	3	2	2	3	4	3	3	3	2	1	0	3	3	2	4	1	2	2	3	3	3	
0	1	3	4	2	1	2	3	2	2	2	3	3	2	3	2	1	3	2	3	3	0	4	3	3	2	3	3	2	3	2	
0	1	2	3	2	3	3	4	2	2	3	3	3	4	3	3	3	2	3	3	4	3	0	4	4	2	1	2	2	2	3	
0	2	2	3	3	4	4	2	2	2	3	2	3	3	2	4	3	3	3	2	3	3	1	0	2	1	2	3	3	3	3	
0	2	2	2	3	2	2	3	3	2	3	1	2	3	1	2	2	3	2	2	1	1	2	3	0	2	1	1	3	1	1	
0	3	1	2	3	4	3	2	3	2	2	1	2	2	4	3	2	3	3	4	4	3	2	3	4	0	1	4	3	3	3	
0	2	3	4	3	3	4	5	2	3	4	3	4	4	3	2	3	2	3	3	3	2	1	4	3	3	0	3	3	3	4	
0	3	2	3	3	3	2	3	2	1	3	2	3	3	2	1	2	2	1	3	2	2	3	3	2	2	3	0	2	2	1	
0	2	2	2	1	3	2	3	3	3	2	2	2	3	3	2	1	2	1	1	3	3	2	2	2	2	1	2	0	1	1	
0	1	3	1	2	4	2	3	2	2	3	3	3	3	3	4	3	3	2	3	4	3	4	4	4	3	4	3	3	0	3	
0	2	2	3	3	3	1	2	3	3	2	2	3	2	2	2	1	3	3	3	2	2	3	3	1	2	2	2	2	2	0	
M3
0	0	0	0	0	0	0	0	0	0	0	0	0	0	0	0	0	0	0	0	0	0	0	0	0	0	0	0	0	0	0	
0	0	4	4	4	3	4	2	3	3	3	4	3	2	3	4	2	2	4	3	4	4	3	2	2	4	2	3	4	3	4	
0	5	0	5	4	3	4	2	4	5	2	3	3	4	5	4	2	1	4	3	4	5	2	3	4	4	2	3	4	3	4	
0	1	4	0	3	3	3	2	2	3	3	2	2	3	4	1	3	3	2	3	1	2	3	3	3	1	2	2	1	3	3	
0	1	3	2	0	2	3	1	2	3	3	2	1	3	4	1	1	2	2	2	1	2	2	3	3	3	2	1	2	2	1	
0	3	1	2	4	0	1	2	3	3	1	3	3	2	4	3	3	2	1	3	3	2	3	4	4	3	2	3	2	2	3	
0	3	2	2	3	2	0	1	3	2	2	2	2	2	3	3	4	3	1	4	3	1	4	3	3	2	3	3	2	1	2	
0	3	2	3	3	1	2	0	2	3	2	4	3	2	3	4	4	3	2	4	4	3	4	2	2	4	3	3	3	3	2	
0	2	4	1	1	3	4	2	0	4	3	3	2	3	2	2	2	2	1	3	2	3	3	4	1	2	3	2	2	3	2	
0	4	4	3	5	4	2	3	5	0	3	3	3	3	5	2	4	3	3	5	3	2	5	5	4	4	4	3	3	3	4	
0	5	3	5	5	4	4	4	4	4	0	3	3	5	4	5	5	4	4	4	2	4	5	4	5	3	3	3	2	2	4	
0	2	2	2	2	1	2	3	2	4	2	0	2	3	3	3	3	2	1	3	3	3	4	2	3	3	3	2	2	1	1	
0	5	3	4	4	4	4	3	3	2	3	3	0	4	4	4	4	4	4	4	4	3	2	3	4	2	3	2	1	2	4	
0	4	4	3	3	5	3	4	2	1	4	4	1	0	4	3	4	4	3	2	4	3	3	4	3	3	3	3	2	3	4	
0	4	4	3	4	3	4	2	3	2	2	3	3	2	0	4	2	1	4	3	4	1	3	4	4	2	5	3	2	3	3	
0	2	3	1	3	2	3	1	3	2	2	1	1	2	3	0	4	3	1	4	2	1	3	3	2	2	3	3	2	2	2	
0	4	2	3	3	1	2	3	4	4	2	2	2	3	3	4	0	3	2	4	2	3	1	2	3	4	3	3	3	1	3	
0	4	3	4	3	2	3	1	3	4	1	2	3	3	4	4	1	0	3	5	3	4	2	3	3	4	4	3	3	2	3	
0	2	4	1	3	3	4	3	2	4	4	3	3	4	3	2	4	4	0	4	2	3	4	4	3	2	3	3	2	4	4	
0	4	4	3	5	3	4	2	4	2	4	3	3	2	5	2	4	3	3	0	4	3	5	4	4	3	3	3	2	4	4	
0	4	4	3	3	3	2	2	2	2	2	4	2	4	3	3	3	2	3	2	0	3	3	2	3	3	1	1	3	3	4	
0	3	4	2	4	3	3	2	3	1	1	4	2	1	4	3	3	4	3	3	3	0	4	4	4	2	4	2	1	3	4	
0	4	1	4	4	3	4	2	4	4	3	2	3	4	3	5	3	2	3	4	2	4	0	4	2	4	3	3	4	3	3	
0	3	3	2	3	2	3	3	4	2	3	4	3	3	2	3	3	2	3	2	2	3	2	0	1	3	1	2	3	4	4	
0	4	4	4	3	4	5	3	3	3	3	4	2	3	1	3	3	2	4	4	4	2	4	5	0	3	5	4	3	4	4	
0	3	3	2	2	4	2	3	1	3	4	4	3	2	3	3	3	3	2	4	3	3	2	3	2	0	3	3	3	3	3	
0	3	4	3	2	3	4	2	3	3	2	3	2	3	4	2	2	1	3	1	3	3	3	4	3	2	0	1	3	3	3	
0	3	3	3	2	2	3	1	3	3	3	4	1	3	4	3	3	3	3	3	3	3	3	3	3	3	2	0	2	3	3	
0	4	4	3	3	3	3	2	2	3	3	4	1	3	3	4	4	4	3	4	4	2	3	4	3	1	3	1	0	3	4	
0	3	1	3	3	2	3	3	3	3	1	1	1	4	2	4	3	2	2	3	3	3	3	3	4	3	2	3	2	0	2	
0	1	2	2	1	1	2	2	1	4	2	3	2	3	3	2	2	1	2	2	2	3	3	2	2	2	3	1	1	3	0	
Tamanho_Tarefas
0	30	28	22	17	6	32	22	31	4	20	30	2	14	9	7	11	13	28	21	26	24	16	30	7	8	9	25	17	17	11	
Data_Entrega
0	182	216	177	190	203	175	187	179	205	189	222	207	197	220	178	181	201	200	216	174	209	189	221	216	171	199	182	205	197	195	
Penalidade_Atraso
0	3	17	5	20	2	18	10	16	19	5	12	13	18	13	11	10	6	19	7	11	4	9	16	3	13	10	16	6	15	6	
Capacidade_Veiculo
80	76	94	68	48	72	91	62	52	34	
Custo_Fixo_Veiculo
800	760	940	680	480	720	910	620	520	340	
Coordenadas_Clientes
x	0	y	0
x	79	y	0
x	112	y	23
x	84	y	37
x	79	y	57
x	54	y	60
x	51	y	90
x	37	y	116
x	9	y	89
x	-11	y	112
x	-26	y	81
x	-60	y	103
x	-60	y	66
x	-88	y	64
x	-103	y	45
x	-106	y	22
x	-123	y	0
x	-110	y	-23
x	-113	y	-50
x	-85	y	-62
x	-62	y	-69
x	-54	y	-94
x	-33	y	-103
x	-8	y	-83
x	11	y	-105
x	30	y	-93
x	53	y	-91
x	62	y	-69
x	91	y	-66
x	101	y	-45
x	84	y	-17
Tempo_Viagem
0	79	114	91	97	80	103	121	89	112	85	119	89	108	112	108	123	112	123	105	92	108	108	83	105	97	105	92	112	110	85	
79	0	40	37	57	65	94	123	113	143	132	172	153	178	187	186	202	190	198	175	156	162	152	120	125	105	94	71	66	49	17	
114	40	0	31	47	68	90	119	121	151	149	189	177	204	216	218	236	226	236	214	196	202	192	160	162	141	127	104	91	68	48	
91	37	31	0	20	37	62	91	90	120	118	158	146	174	187	190	210	203	214	195	180	190	182	151	159	140	131	108	103	83	54	
97	57	47	20	0	25	43	72	76	105	107	146	139	167	182	188	209	205	219	202	189	201	195	164	175	157	150	127	123	103	74	
80	65	68	37	25	0	30	58	53	83	82	121	114	142	157	164	186	183	199	184	172	188	184	155	170	154	151	129	131	114	82	
103	94	90	62	43	30	0	29	42	65	77	111	113	141	160	171	195	196	215	203	195	211	210	182	199	184	181	159	160	143	111	
121	123	119	91	72	58	29	0	38	48	72	97	109	135	156	171	197	201	222	215	209	228	229	204	222	209	207	186	189	172	140	
89	113	121	90	76	53	42	38	0	30	35	70	72	99	119	133	159	163	184	177	173	193	196	172	194	183	185	166	175	161	129	
112	143	151	120	105	83	65	48	30	0	34	49	67	90	113	130	157	167	191	188	188	210	216	195	217	209	212	195	205	191	159	
85	132	149	118	107	82	77	72	35	34	0	40	37	64	84	99	126	133	157	154	154	177	184	164	189	182	189	173	187	178	147	
119	172	189	158	146	121	111	97	70	49	40	0	37	48	72	93	120	135	161	166	172	197	207	193	219	215	224	210	226	218	187	
89	153	177	146	139	114	113	109	72	67	37	37	0	28	47	63	90	102	127	130	135	160	171	157	185	182	193	181	200	195	166	
108	178	204	174	167	142	141	135	99	90	64	48	28	0	24	45	72	89	116	126	135	161	175	167	195	196	209	200	220	218	190	
112	187	216	187	182	157	160	156	119	113	84	72	47	24	0	23	49	68	95	108	121	147	163	159	188	191	206	200	223	222	197	
108	186	218	190	188	164	171	171	133	130	99	93	63	45	23	0	27	45	72	86	101	127	144	143	172	178	195	191	215	217	193	
123	202	236	210	209	186	195	197	159	157	126	120	90	72	49	27	0	26	50	72	92	116	136	141	170	179	198	197	223	228	207	
112	190	226	203	205	183	196	201	163	167	133	135	102	89	68	45	26	0	27	46	66	90	110	118	146	156	176	178	205	212	194	
123	198	236	214	219	199	215	222	184	191	157	161	127	116	95	72	50	27	0	30	54	73	95	109	135	148	170	176	204	214	199	
105	175	214	195	202	184	203	215	177	188	154	166	130	126	108	86	72	46	30	0	24	44	66	79	105	118	140	147	176	186	174	
92	156	196	180	189	172	195	209	173	188	154	172	135	135	121	101	92	66	54	24	0	26	44	55	81	94	116	124	153	164	154	
108	162	202	190	201	188	211	228	193	210	177	197	160	161	147	127	116	90	73	44	26	0	22	47	65	84	107	118	147	162	158	
108	152	192	182	195	184	210	229	196	216	184	207	171	175	163	144	136	110	95	66	44	22	0	32	44	63	86	100	129	145	145	
83	120	160	151	164	155	182	204	172	195	164	193	157	167	159	143	141	118	109	79	55	47	32	0	29	39	61	71	100	115	113	
105	125	162	159	175	170	199	222	194	217	189	219	185	195	188	172	170	146	135	105	81	65	44	29	0	22	44	62	88	107	114	
97	105	141	140	157	154	184	209	183	209	182	215	182	196	191	178	179	156	148	118	94	84	63	39	22	0	23	40	66	85	93	
105	94	127	131	150	151	181	207	185	212	189	224	193	209	206	195	198	176	170	140	116	107	86	61	44	23	0	23	45	66	79	
92	71	104	108	127	129	159	186	166	195	173	210	181	200	200	191	197	178	176	147	124	118	100	71	62	40	23	0	29	45	56	
112	66	91	103	123	131	160	189	175	205	187	226	200	220	223	215	223	205	204	176	153	147	129	100	88	66	45	29	0	23	49	
110	49	68	83	103	114	143	172	161	191	178	218	195	218	222	217	228	212	214	186	164	162	145	115	107	85	66	45	23	0	32	
85	17	48	54	74	82	111	140	129	159	147	187	166	190	197	193	207	194	199	174	154	158	145	113	114	93	79	56	49	32	0	
Custo_Viagem
V0
0	1264	1824	1456	1552	1280	1648	1936	1424	1792	1360	1904	1424	1728	1792	1728	1968	1792	1968	1680	1472	1728	1728	1328	1680	1552	1680	1472	1792	1760	1360	
1264	0	640	592	912	1040	1504	1968	1808	2288	2112	2768	2448	2848	2992	2976	3232	3040	3168	2800	2496	2592	2432	1920	2000	1680	1504	1136	1072	800	272	
1824	640	0	496	752	1088	1440	1904	1952	2416	2384	3024	2832	3264	3456	3488	3776	3616	3776	3424	3136	3248	3072	2560	2608	2272	2048	1664	1456	1088	768	
1456	592	496	0	320	592	992	1456	1456	1936	1888	2528	2336	2784	2992	3040	3360	3248	3440	3120	2880	3040	2912	2416	2544	2240	2096	1728	1648	1328	864	
1552	912	752	320	0	400	688	1152	1216	1680	1712	2336	2224	2672	2912	3008	3344	3280	3504	3232	3024	3216	3120	2624	2800	2512	2400	2032	1968	1664	1184	
1280	1040	1088	592	400	0	480	928	848	1328	1312	1936	1824	2272	2512	2624	2976	2928	3184	2944	2768	3008	2944	2480	2720	2464	2416	2064	2096	1840	1312	
1648	1504	1440	992	688	480	0	464	672	1040	1232	1776	1808	2256	2560	2736	3120	3136	3440	3248	3120	3376	3360	2912	3184	2944	2896	2544	2576	2288	1776	
1936	1968	1904	1456	1152	928	464	0	608	768	1152	1552	1744	2160	2496	2736	3152	3232	3568	3440	3344	3648	3664	3264	3552	3344	3312	2976	3024	2768	2256	
1424	1808	1952	1456	1216	848	672	608	0	480	560	1120	1152	1600	1920	2128	2544	2608	2944	2832	2768	3088	3136	2752	3104	2928	2960	2656	2800	2592	2064	
1792	2288	2416	1936	1680	1328	1040	768	480	0	544	784	1072	1440	1808	2080	2528	2672	3056	3024	3008	3360	3456	3120	3488	3344	3392	3120	3280	3072	2560	
1360	2112	2384	1888	1712	1312	1232	1152	560	544	0	640	592	1024	1360	1584	2016	2128	2512	2464	2464	2832	2944	2624	3024	2912	3024	2768	2992	2848	2352	
1904	2768	3024	2528	2336	1936	1776	1552	1120	784	640	0	592	768	1152	1488	1920	2160	2576	2656	2752	3152	3312	3088	3504	3440	3584	3360	3616	3488	2992	
1424	2448	2832	2336	2224	1824	1808	1744	1152	1072	592	592	0	448	752	1008	1456	1632	2032	2080	2160	2560	2736	2512	2960	2912	3088	2896	3200	3120	2656	
1728	2848	3264	2784	2672	2272	2256	2160	1600	1440	1024	768	448	0	384	720	1152	1424	1856	2016	2160	2576	2800	2672	3120	3136	3344	3200	3536	3488	3040	
1792	2992	3456	2992	2912	2512	2560	2496	1920	1808	1360	1152	752	384	0	368	784	1088	1520	1728	1936	2352	2608	2544	3008	3056	3296	3200	3568	3552	3152	
1728	2976	3488	3040	3008	2624	2736	2736	2128	2080	1584	1488	1008	720	368	0	432	720	1152	1376	1616	2032	2304	2288	2752	2848	3120	3056	3440	3472	3088	
1968	3232	3776	3360	3344	2976	3120	3152	2544	2528	2016	1920	1456	1152	784	432	0	416	800	1152	1472	1856	2176	2256	2720	2864	3168	3152	3568	3648	3312	
1792	3040	3616	3248	3280	2928	3136	3232	2608	2672	2128	2160	1632	1424	1088	720	416	0	432	736	1056	1440	1776	1888	2336	2496	2816	2848	3280	3392	3104	
1968	3168	3776	3440	3504	3184	3440	3568	2944	3056	2512	2576	2032	1856	1520	1152	800	432	0	480	864	1168	1520	1760	2160	2384	2720	2816	3264	3424	3184	
1680	2800	3424	3120	3232	2944	3248	3440	2832	3024	2464	2656	2080	2016	1728	1376	1152	736	480	0	384	704	1056	1264	1680	1904	2256	2352	2816	2976	2784	
1472	2496	3136	2880	3024	2768	3120	3344	2768	3008	2464	2752	2160	2160	1936	1616	1472	1056	864	384	0	416	704	880	1296	1520	1872	1984	2448	2624	2464	
1728	2592	3248	3040	3216	3008	3376	3648	3088	3360	2832	3152	2560	2576	2352	2032	1856	1440	1168	704	416	0	352	752	1040	1344	1712	1888	2352	2592	2528	
1728	2432	3072	2912	3120	2944	3360	3664	3136	3456	2944	3312	2736	2800	2608	2304	2176	1776	1520	1056	704	352	0	512	704	1008	1376	1600	2064	2336	2320	
1328	1920	2560	2416	2624	2480	2912	3264	2752	3120	2624	3088	2512	2672	2544	2288	2256	1888	1760	1264	880	752	512	0	464	624	976	1136	1600	1840	1808	
1680	2000	2608	2544	2800	2720	3184	3552	3104	3488	3024	3504	2960	3120	3008	2752	2720	2336	2160	1680	1296	1040	704	464	0	352	704	992	1424	1728	1824	
1552	1680	2272	2240	2512	2464	2944	3344	2928	3344	2912	3440	2912	3136	3056	2848	2864	2496	2384	1904	1520	1344	1008	624	352	0	368	640	1056	1360	1488	
1680	1504	2048	2096	2400	2416	2896	3312	2960	3392	3024	3584	3088	3344	3296	3120	3168	2816	2720	2256	1872	1712	1376	976	704	368	0	368	720	1056	1280	
1472	1136	1664	1728	2032	2064	2544	2976	2656	3120	2768	3360	2896	3200	3200	3056	3152	2848	2816	2352	1984	1888	1600	1136	992	640	368	0	464	720	896	
1792	1072	1456	1648	1968	2096	2576	3024	2800	3280	2992	3616	3200	3536	3568	3440	3568	3280	3264	2816	2448	2352	2064	1600	1424	1056	720	464	0	368	784	
1760	800	1088	1328	1664	1840	2288	2768	2592	3072	2848	3488	3120	3488	3552	3472	3648	3392	3424	2976	2624	2592	2336	1840	1728	1360	1056	720	368	0	512	
1360	272	768	864	1184	1312	1776	2256	2064	2560	2352	2992	2656	3040	3152	3088	3312	3104	3184	2784	2464	2528	2320	1808	1824	1488	1280	896	784	512	0	
V1
0	1200	1732	1383	1474	1216	1565	1839	1352	1702	1292	1808	1352	1641	1702	1641	1869	1702	1869	1596	1398	1641	1641	1261	1596	1474	1596	1398	1702	1672	1292	
1200	0	608	562	866	988	1428	1869	1717	2173	2006	2629	2325	2705	2842	2827	3070	2888	3009	2660	2371	2462	2310	1824	1900	1596	1428	1079	1018	760	258	
1732	608	0	471	714	1033	1368	1808	1854	2295	2264	2872	2690	3100	3283	3313	3587	3435	3587	3252	2979	3085	2918	2432	2477	2158	1945	1580	1383	1033	729	
1383	562	471	0	304	562	942	1383	1383	1839	1793	2401	2219	2644	2842	2888	3192	3085	3268	2964	2736	2888	2766	2295	2416	2128	1991	1641	1565	1261	820	
1474	866	714	304	0	380	653	1094	1155	1596	1626	2219	2112	2538	2766	2857	3176	3116	3328	3070	2872	3055	2964	2492	2660	2386	2280	1930	1869	1580	1124	
1216	988	1033	562	380	0	456	881	805	1261	1246	1839	1732	2158	2386	2492	2827	2781	3024	2796	2629	2857	2796	2356	2584	2340	2295	1960	1991	1748	1246	
1565	1428	1368	942	653	456	0	440	638	988	1170	1687	1717	2143	2432	2599	2964	2979	3268	3085	2964	3207	3192	2766	3024	2796	2751	2416	2447	2173	1687	
1839	1869	1808	1383	1094	881	440	0	577	729	1094	1474	1656	2052	2371	2599	2994	3070	3389	3268	3176	3465	3480	3100	3374	3176	3146	2827	2872	2629	2143	
1352	1717	1854	1383	1155	805	638	577	0	456	532	1064	1094	1520	1824	2021	2416	2477	2796	2690	2629	2933	2979	2614	2948	2781	2812	2523	2660	2462	1960	
1702	2173	2295	1839	1596	1261	988	729	456	0	516	744	1018	1368	1717	1976	2401	2538	2903	2872	2857	3192	3283	2964	3313	3176	3222	2964	3116	2918	2432	
1292	2006	2264	1793	1626	1246	1170	1094	532	516	0	608	562	972	1292	1504	1915	2021	2386	2340	2340	2690	2796	2492	2872	2766	2872	2629	2842	2705	2234	
1808	2629	2872	2401	2219	1839	1687	1474	1064	744	608	0	562	729	1094	1413	1824	2052	2447	2523	2614	2994	3146	2933	3328	3268	3404	3192	3435	3313	2842	
1352	2325	2690	2219	2112	1732	1717	1656	1094	1018	562	562	0	425	714	957	1383	1550	1930	1976	2052	2432	2599	2386	2812	2766	2933	2751	3040	2964	2523	
1641	2705	3100	2644	2538	2158	2143	2052	1520	1368	972	729	425	0	364	684	1094	1352	1763	1915	2052	2447	2660	2538	2964	2979	3176	3040	3359	3313	2888	
1702	2842	3283	2842	2766	2386	2432	2371	1824	1717	1292	1094	714	364	0	349	744	1033	1444	1641	1839	2234	2477	2416	2857	2903	3131	3040	3389	3374	2994	
1641	2827	3313	2888	2857	2492	2599	2599	2021	1976	1504	1413	957	684	349	0	410	684	1094	1307	1535	1930	2188	2173	2614	2705	2964	2903	3268	3298	2933	
1869	3070	3587	3192	3176	2827	2964	2994	2416	2401	1915	1824	1383	1094	744	410	0	395	760	1094	1398	1763	2067	2143	2584	2720	3009	2994	3389	3465	3146	
1702	2888	3435	3085	3116	2781	2979	3070	2477	2538	2021	2052	1550	1352	1033	684	395	0	410	699	1003	1368	1687	1793	2219	2371	2675	2705	3116	3222	2948	
1869	3009	3587	3268	3328	3024	3268	3389	2796	2903	2386	2447	1930	1763	1444	1094	760	410	0	456	820	1109	1444	1672	2052	2264	2584	2675	3100	3252	3024	
1596	2660	3252	2964	3070	2796	3085	3268	2690	2872	2340	2523	1976	1915	1641	1307	1094	699	456	0	364	668	1003	1200	1596	1808	2143	2234	2675	2827	2644	
1398	2371	2979	2736	2872	2629	2964	3176	2629	2857	2340	2614	2052	2052	1839	1535	1398	1003	820	364	0	395	668	836	1231	1444	1778	1884	2325	2492	2340	
1641	2462	3085	2888	3055	2857	3207	3465	2933	3192	2690	2994	2432	2447	2234	1930	1763	1368	1109	668	395	0	334	714	988	1276	1626	1793	2234	2462	2401	
1641	2310	2918	2766	2964	2796	3192	3480	2979	3283	2796	3146	2599	2660	2477	2188	2067	1687	1444	1003	668	334	0	486	668	957	1307	1520	1960	2219	2204	
1261	1824	2432	2295	2492	2356	2766	3100	2614	2964	2492	2933	2386	2538	2416	2173	2143	1793	1672	1200	836	714	486	0	440	592	927	1079	1520	1748	1717	
1596	1900	2477	2416	2660	2584	3024	3374	2948	3313	2872	3328	2812	2964	2857	2614	2584	2219	2052	1596	1231	988	668	440	0	334	668	942	1352	1641	1732	
1474	1596	2158	2128	2386	2340	2796	3176	2781	3176	2766	3268	2766	2979	2903	2705	2720	2371	2264	1808	1444	1276	957	592	334	0	349	608	1003	1292	1413	
1596	1428	1945	1991	2280	2295	2751	3146	2812	3222	2872	3404	2933	3176	3131	2964	3009	2675	2584	2143	1778	1626	1307	927	668	349	0	349	684	1003	1216	
1398	1079	1580	1641	1930	1960	2416	2827	2523	2964	2629	3192	2751	3040	3040	2903	2994	2705	2675	2234	1884	1793	1520	1079	942	608	349	0	440	684	851	
1702	1018	1383	1565	1869	1991	2447	2872	2660	3116	2842	3435	3040	3359	3389	3268	3389	3116	3100	2675	2325	2234	1960	1520	1352	1003	684	440	0	349	744	
1672	760	1033	1261	1580	1748	2173	2629	2462	2918	2705	3313	2964	3313	3374	3298	3465	3222	3252	2827	2492	2462	2219	1748	1641	1292	1003	684	349	0	486	
1292	258	729	820	1124	1246	1687	2143	1960	2432	2234	2842	2523	2888	2994	2933	3146	2948	3024	2644	2340	2401	2204	1717	1732	1413	1216	851	744	486	0	
V2
0	1485	2143	1710	1823	1504	1936	2274	1673	2105	1598	2237	1673	2030	2105	2030	2312	2105	2312	1974	1729	2030	2030	1560	1974	1823	1974	1729	2105	2068	1598	
1485	0	752	695	1071	1222	1767	2312	2124	2688	2481	3252	2876	3346	3515	3496	3797	3572	3722	3290	2932	3045	2857	2256	2350	1974	1767	1334	1259	940	319	
2143	752	0	582	883	1278	1692	2237	2293	2838	2801	3553	3327	3835	4060	4098	4436	4248	4436	4023	3684	3816	3609	3008	3064	2669	2406	1955	1710	1278	902	
1710	695	582	0	376	695	1165	1710	1710	2274	2218	2970	2744	3271	3515	3572	3948	3816	4042	3666	3384	3572	3421	2838	2989	2632	2462	2030	1936	1560	1015	
1823	1071	883	376	0	470	808	1353	1428	1974	2011	2744	2613	3139	3421	3534	3929	3854	4117	3797	3553	3778	3666	3083	3290	2951	2820	2387	2312	1955	1391	
1504	1222	1278	695	470	0	564	1090	996	1560	1541	2274	2143	2669	2951	3083	3496	3440	3741	3459	3252	3534	3459	2914	3196	2895	2838	2425	2462	2162	1541	
1936	1767	1692	1165	808	564	0	545	789	1222	1447	2086	2124	2650	3008	3214	3666	3684	4042	3816	3666	3966	3948	3421	3741	3459	3402	2989	3026	2688	2086	
2274	2312	2237	1710	1353	1090	545	0	714	902	1353	1823	2049	2538	2932	3214	3703	3797	4192	4042	3929	4286	4305	3835	4173	3929	3891	3496	3553	3252	2650	
1673	2124	2293	1710	1428	996	789	714	0	564	658	1316	1353	1880	2256	2500	2989	3064	3459	3327	3252	3628	3684	3233	3647	3440	3478	3120	3290	3045	2425	
2105	2688	2838	2274	1974	1560	1222	902	564	0	639	921	1259	1692	2124	2444	2970	3139	3590	3553	3534	3948	4060	3666	4098	3929	3985	3666	3854	3609	3008	
1598	2481	2801	2218	2011	1541	1447	1353	658	639	0	752	695	1203	1598	1861	2368	2500	2951	2895	2895	3327	3459	3083	3553	3421	3553	3252	3515	3346	2763	
2237	3252	3553	2970	2744	2274	2086	1823	1316	921	752	0	695	902	1353	1748	2256	2538	3026	3120	3233	3703	3891	3628	4117	4042	4211	3948	4248	4098	3515	
1673	2876	3327	2744	2613	2143	2124	2049	1353	1259	695	695	0	526	883	1184	1710	1917	2387	2444	2538	3008	3214	2951	3478	3421	3628	3402	3760	3666	3120	
2030	3346	3835	3271	3139	2669	2650	2538	1880	1692	1203	902	526	0	451	846	1353	1673	2180	2368	2538	3026	3290	3139	3666	3684	3929	3760	4154	4098	3572	
2105	3515	4060	3515	3421	2951	3008	2932	2256	2124	1598	1353	883	451	0	432	921	1278	1786	2030	2274	2763	3064	2989	3534	3590	3872	3760	4192	4173	3703	
2030	3496	4098	3572	3534	3083	3214	3214	2500	2444	1861	1748	1184	846	432	0	507	846	1353	1616	1898	2387	2707	2688	3233	3346	3666	3590	4042	4079	3628	
2312	3797	4436	3948	3929	3496	3666	3703	2989	2970	2368	2256	1710	1353	921	507	0	488	940	1353	1729	2180	2556	2650	3196	3365	3722	3703	4192	4286	3891	
2105	3572	4248	3816	3854	3440	3684	3797	3064	3139	2500	2538	1917	1673	1278	846	488	0	507	864	1240	1692	2086	2218	2744	2932	3308	3346	3854	3985	3647	
2312	3722	4436	4042	4117	3741	4042	4192	3459	3590	2951	3026	2387	2180	1786	1353	940	507	0	564	1015	1372	1786	2068	2538	2801	3196	3308	3835	4023	3741	
1974	3290	4023	3666	3797	3459	3816	4042	3327	3553	2895	3120	2444	2368	2030	1616	1353	864	564	0	451	827	1240	1485	1974	2237	2650	2763	3308	3496	3271	
1729	2932	3684	3384	3553	3252	3666	3929	3252	3534	2895	3233	2538	2538	2274	1898	1729	1240	1015	451	0	488	827	1034	1522	1786	2199	2331	2876	3083	2895	
2030	3045	3816	3572	3778	3534	3966	4286	3628	3948	3327	3703	3008	3026	2763	2387	2180	1692	1372	827	488	0	413	883	1222	1579	2011	2218	2763	3045	2970	
2030	2857	3609	3421	3666	3459	3948	4305	3684	4060	3459	3891	3214	3290	3064	2707	2556	2086	1786	1240	827	413	0	601	827	1184	1616	1880	2425	2744	2726	
1560	2256	3008	2838	3083	2914	3421	3835	3233	3666	3083	3628	2951	3139	2989	2688	2650	2218	2068	1485	1034	883	601	0	545	733	1146	1334	1880	2162	2124	
1974	2350	3064	2989	3290	3196	3741	4173	3647	4098	3553	4117	3478	3666	3534	3233	3196	2744	2538	1974	1522	1222	827	545	0	413	827	1165	1673	2030	2143	
1823	1974	2669	2632	2951	2895	3459	3929	3440	3929	3421	4042	3421	3684	3590	3346	3365	2932	2801	2237	1786	1579	1184	733	413	0	432	752	1240	1598	1748	
1974	1767	2406	2462	2820	2838	3402	3891	3478	3985	3553	4211	3628	3929	3872	3666	3722	3308	3196	2650	2199	2011	1616	1146	827	432	0	432	846	1240	1504	
1729	1334	1955	2030	2387	2425	2989	3496	3120	3666	3252	3948	3402	3760	3760	3590	3703	3346	3308	2763	2331	2218	1880	1334	1165	752	432	0	545	846	1052	
2105	1259	1710	1936	2312	2462	3026	3553	3290	3854	3515	4248	3760	4154	4192	4042	4192	3854	3835	3308	2876	2763	2425	1880	1673	1240	846	545	0	432	921	
2068	940	1278	1560	1955	2162	2688	3252	3045	3609	3346	4098	3666	4098	4173	4079	4286	3985	4023	3496	3083	3045	2744	2162	2030	1598	1240	846	432	0	601	
1598	319	902	1015	1391	1541	2086	2650	2425	3008	2763	3515	3120	3572	3703	3628	3891	3647	3741	3271	2895	2970	2726	2124	2143	1748	1504	1052	921	601	0	
V3
0	1074	1550	1237	1319	1088	1400	1645	1210	1523	1156	1618	1210	1468	1523	1468	1672	1523	1672	1428	1251	1468	1468	1128	1428	1319	1428	1251	1523	1496	1156	
1074	0	544	503	775	884	1278	1672	1536	1944	1795	2352	2080	2420	2543	2529	2747	2584	2692	2380	2121	2203	2067	1632	1700	1428	1278	965	911	680	231	
1550	544	0	421	639	924	1224	1618	1659	2053	2026	2570	2407	2774	2937	2964	3209	3073	3209	2910	2665	2760	2611	2176	2216	1931	1740	1414	1237	924	652	
1237	503	421	0	272	503	843	1237	1237	1645	1604	2148	1985	2366	2543	2584	2856	2760	2924	2652	2448	2584	2475	2053	2162	1904	1781	1468	1400	1128	734	
1319	775	639	272	0	340	584	979	1033	1428	1455	1985	1890	2271	2475	2556	2842	2788	2978	2747	2570	2733	2652	2230	2380	2135	2040	1727	1672	1414	1006	
1088	884	924	503	340	0	408	788	720	1128	1115	1645	1550	1931	2135	2230	2529	2488	2706	2502	2352	2556	2502	2108	2312	2094	2053	1754	1781	1564	1115	
1400	1278	1224	843	584	408	0	394	571	884	1047	1509	1536	1917	2176	2325	2652	2665	2924	2760	2652	2869	2856	2475	2706	2502	2461	2162	2189	1944	1509	
1645	1672	1618	1237	979	788	394	0	516	652	979	1319	1482	1836	2121	2325	2679	2747	3032	2924	2842	3100	3114	2774	3019	2842	2815	2529	2570	2352	1917	
1210	1536	1659	1237	1033	720	571	516	0	408	476	952	979	1360	1632	1808	2162	2216	2502	2407	2352	2624	2665	2339	2638	2488	2516	2257	2380	2203	1754	
1523	1944	2053	1645	1428	1128	884	652	408	0	462	666	911	1224	1536	1768	2148	2271	2597	2570	2556	2856	2937	2652	2964	2842	2883	2652	2788	2611	2176	
1156	1795	2026	1604	1455	1115	1047	979	476	462	0	544	503	870	1156	1346	1713	1808	2135	2094	2094	2407	2502	2230	2570	2475	2570	2352	2543	2420	1999	
1618	2352	2570	2148	1985	1645	1509	1319	952	666	544	0	503	652	979	1264	1632	1836	2189	2257	2339	2679	2815	2624	2978	2924	3046	2856	3073	2964	2543	
1210	2080	2407	1985	1890	1550	1536	1482	979	911	503	503	0	380	639	856	1237	1387	1727	1768	1836	2176	2325	2135	2516	2475	2624	2461	2720	2652	2257	
1468	2420	2774	2366	2271	1931	1917	1836	1360	1224	870	652	380	0	326	612	979	1210	1577	1713	1836	2189	2380	2271	2652	2665	2842	2720	3005	2964	2584	
1523	2543	2937	2543	2475	2135	2176	2121	1632	1536	1156	979	639	326	0	312	666	924	1292	1468	1645	1999	2216	2162	2556	2597	2801	2720	3032	3019	2679	
1468	2529	2964	2584	2556	2230	2325	2325	1808	1768	1346	1264	856	612	312	0	367	612	979	1169	1373	1727	1958	1944	2339	2420	2652	2597	2924	2951	2624	
1672	2747	3209	2856	2842	2529	2652	2679	2162	2148	1713	1632	1237	979	666	367	0	353	680	979	1251	1577	1849	1917	2312	2434	2692	2679	3032	3100	2815	
1523	2584	3073	2760	2788	2488	2665	2747	2216	2271	1808	1836	1387	1210	924	612	353	0	367	625	897	1224	1509	1604	1985	2121	2393	2420	2788	2883	2638	
1672	2692	3209	2924	2978	2706	2924	3032	2502	2597	2135	2189	1727	1577	1292	979	680	367	0	408	734	992	1292	1496	1836	2026	2312	2393	2774	2910	2706	
1428	2380	2910	2652	2747	2502	2760	2924	2407	2570	2094	2257	1768	1713	1468	1169	979	625	408	0	326	598	897	1074	1428	1618	1917	1999	2393	2529	2366	
1251	2121	2665	2448	2570	2352	2652	2842	2352	2556	2094	2339	1836	1836	1645	1373	1251	897	734	326	0	353	598	748	1101	1292	1591	1686	2080	2230	2094	
1468	2203	2760	2584	2733	2556	2869	3100	2624	2856	2407	2679	2176	2189	1999	1727	1577	1224	992	598	353	0	299	639	884	1142	1455	1604	1999	2203	2148	
1468	2067	2611	2475	2652	2502	2856	3114	2665	2937	2502	2815	2325	2380	2216	1958	1849	1509	1292	897	598	299	0	435	598	856	1169	1360	1754	1985	1972	
1128	1632	2176	2053	2230	2108	2475	2774	2339	2652	2230	2624	2135	2271	2162	1944	1917	1604	1496	1074	748	639	435	0	394	530	829	965	1360	1564	1536	
1428	1700	2216	2162	2380	2312	2706	3019	2638	2964	2570	2978	2516	2652	2556	2339	2312	1985	1836	1428	1101	884	598	394	0	299	598	843	1210	1468	1550	
1319	1428	1931	1904	2135	2094	2502	2842	2488	2842	2475	2924	2475	2665	2597	2420	2434	2121	2026	1618	1292	1142	856	530	299	0	312	544	897	1156	1264	
1428	1278	1740	1781	2040	2053	2461	2815	2516	2883	2570	3046	2624	2842	2801	2652	2692	2393	2312	1917	1591	1455	1169	829	598	312	0	312	612	897	1088	
1251	965	1414	1468	1727	1754	2162	2529	2257	2652	2352	2856	2461	2720	2720	2597	2679	2420	2393	1999	1686	1604	1360	965	843	544	312	0	394	612	761	
1523	911	1237	1400	1672	1781	2189	2570	2380	2788	2543	3073	2720	3005	3032	2924	3032	2788	2774	2393	2080	1999	1754	1360	1210	897	612	394	0	312	666	
1496	680	924	1128	1414	1564	1944	2352	2203	2611	2420	2964	2652	2964	3019	2951	3100	2883	2910	2529	2230	2203	1985	1564	1468	1156	897	612	312	0	435	
1156	231	652	734	1006	1115	1509	1917	1754	2176	1999	2543	2257	2584	2679	2624	2815	2638	2706	2366	2094	2148	1972	1536	1550	1264	1088	761	666	435	0	
V4
0	758	1094	873	931	768	988	1161	854	1075	816	1142	854	1036	1075	1036	1180	1075	1180	1008	883	1036	1036	796	1008	931	1008	883	1075	1056	816	
758	0	384	355	547	624	902	1180	1084	1372	1267	1660	1468	1708	1795	1785	1939	1824	1900	1680	1497	1555	1459	1152	1200	1008	902	681	643	480	163	
1094	384	0	297	451	652	864	1142	1171	1449	1430	1814	1699	1958	2073	2092	2265	2169	2265	2054	1881	1948	1843	1536	1564	1363	1228	998	873	652	460	
873	355	297	0	192	355	595	873	873	1161	1132	1516	1401	1670	1795	1824	2016	1948	2064	1872	1728	1824	1747	1449	1526	1344	1257	1036	988	796	518	
931	547	451	192	0	240	412	691	729	1008	1027	1401	1334	1603	1747	1804	2006	1968	2102	1939	1814	1929	1872	1574	1680	1507	1440	1219	1180	998	710	
768	624	652	355	240	0	288	556	508	796	787	1161	1094	1363	1507	1574	1785	1756	1910	1766	1660	1804	1766	1488	1632	1478	1449	1238	1257	1104	787	
988	902	864	595	412	288	0	278	403	624	739	1065	1084	1353	1536	1641	1872	1881	2064	1948	1872	2025	2016	1747	1910	1766	1737	1526	1545	1372	1065	
1161	1180	1142	873	691	556	278	0	364	460	691	931	1046	1296	1497	1641	1891	1939	2140	2064	2006	2188	2198	1958	2131	2006	1987	1785	1814	1660	1353	
854	1084	1171	873	729	508	403	364	0	288	336	672	691	960	1152	1276	1526	1564	1766	1699	1660	1852	1881	1651	1862	1756	1776	1593	1680	1555	1238	
1075	1372	1449	1161	1008	796	624	460	288	0	326	470	643	864	1084	1248	1516	1603	1833	1814	1804	2016	2073	1872	2092	2006	2035	1872	1968	1843	1536	
816	1267	1430	1132	1027	787	739	691	336	326	0	384	355	614	816	950	1209	1276	1507	1478	1478	1699	1766	1574	1814	1747	1814	1660	1795	1708	1411	
1142	1660	1814	1516	1401	1161	1065	931	672	470	384	0	355	460	691	892	1152	1296	1545	1593	1651	1891	1987	1852	2102	2064	2150	2016	2169	2092	1795	
854	1468	1699	1401	1334	1094	1084	1046	691	643	355	355	0	268	451	604	873	979	1219	1248	1296	1536	1641	1507	1776	1747	1852	1737	1920	1872	1593	
1036	1708	1958	1670	1603	1363	1353	1296	960	864	614	460	268	0	230	432	691	854	1113	1209	1296	1545	1680	1603	1872	1881	2006	1920	2121	2092	1824	
1075	1795	2073	1795	1747	1507	1536	1497	1152	1084	816	691	451	230	0	220	470	652	912	1036	1161	1411	1564	1526	1804	1833	1977	1920	2140	2131	1891	
1036	1785	2092	1824	1804	1574	1641	1641	1276	1248	950	892	604	432	220	0	259	432	691	825	969	1219	1382	1372	1651	1708	1872	1833	2064	2083	1852	
1180	1939	2265	2016	2006	1785	1872	1891	1526	1516	1209	1152	873	691	470	259	0	249	480	691	883	1113	1305	1353	1632	1718	1900	1891	2140	2188	1987	
1075	1824	2169	1948	1968	1756	1881	1939	1564	1603	1276	1296	979	854	652	432	249	0	259	441	633	864	1065	1132	1401	1497	1689	1708	1968	2035	1862	
1180	1900	2265	2064	2102	1910	2064	2140	1766	1833	1507	1545	1219	1113	912	691	480	259	0	288	518	700	912	1056	1296	1430	1632	1689	1958	2054	1910	
1008	1680	2054	1872	1939	1766	1948	2064	1699	1814	1478	1593	1248	1209	1036	825	691	441	288	0	230	422	633	758	1008	1142	1353	1411	1689	1785	1670	
883	1497	1881	1728	1814	1660	1872	2006	1660	1804	1478	1651	1296	1296	1161	969	883	633	518	230	0	249	422	528	777	912	1123	1190	1468	1574	1478	
1036	1555	1948	1824	1929	1804	2025	2188	1852	2016	1699	1891	1536	1545	1411	1219	1113	864	700	422	249	0	211	451	624	806	1027	1132	1411	1555	1516	
1036	1459	1843	1747	1872	1766	2016	2198	1881	2073	1766	1987	1641	1680	1564	1382	1305	1065	912	633	422	211	0	307	422	604	825	960	1238	1401	1392	
796	1152	1536	1449	1574	1488	1747	1958	1651	1872	1574	1852	1507	1603	1526	1372	1353	1132	1056	758	528	451	307	0	278	374	585	681	960	1104	1084	
1008	1200	1564	1526	1680	1632	1910	2131	1862	2092	1814	2102	1776	1872	1804	1651	1632	1401	1296	1008	777	624	422	278	0	211	422	595	854	1036	1094	
931	1008	1363	1344	1507	1478	1766	2006	1756	2006	1747	2064	1747	1881	1833	1708	1718	1497	1430	1142	912	806	604	374	211	0	220	384	633	816	892	
1008	902	1228	1257	1440	1449	1737	1987	1776	2035	1814	2150	1852	2006	1977	1872	1900	1689	1632	1353	1123	1027	825	585	422	220	0	220	432	633	768	
883	681	998	1036	1219	1238	1526	1785	1593	1872	1660	2016	1737	1920	1920	1833	1891	1708	1689	1411	1190	1132	960	681	595	384	220	0	278	432	537	
1075	643	873	988	1180	1257	1545	1814	1680	1968	1795	2169	1920	2121	2140	2064	2140	1968	1958	1689	1468	1411	1238	960	854	633	432	278	0	220	470	
1056	480	652	796	998	1104	1372	1660	1555	1843	1708	2092	1872	2092	2131	2083	2188	2035	2054	1785	1574	1555	1401	1104	1036	816	633	432	220	0	307	
816	163	460	518	710	787	1065	1353	1238	1536	1411	1795	1593	1824	1891	1852	1987	1862	1910	1670	1478	1516	1392	1084	1094	892	768	537	470	307	0	
V5
0	1137	1641	1310	1396	1152	1483	1742	1281	1612	1224	1713	1281	1555	1612	1555	1771	1612	1771	1512	1324	1555	1555	1195	1512	1396	1512	1324	1612	1584	1224	
1137	0	576	532	820	936	1353	1771	1627	2059	1900	2491	2203	2563	2692	2678	2908	2736	2851	2520	2246	2332	2188	1728	1800	1512	1353	1022	964	720	244	
1641	576	0	446	676	979	1296	1713	1756	2174	2145	2721	2548	2937	3110	3139	3398	3254	3398	3081	2822	2923	2764	2304	2347	2044	1843	1497	1310	979	691	
1310	532	446	0	288	532	892	1310	1310	1742	1699	2275	2102	2505	2692	2736	3024	2923	3096	2808	2592	2736	2620	2174	2289	2016	1886	1555	1483	1195	777	
1396	820	676	288	0	360	619	1036	1094	1512	1540	2102	2001	2404	2620	2707	3009	2952	3153	2908	2721	2894	2808	2361	2520	2260	2160	1828	1771	1497	1065	
1152	936	979	532	360	0	432	835	763	1195	1180	1742	1641	2044	2260	2361	2678	2635	2865	2649	2491	2707	2649	2232	2448	2217	2174	1857	1886	1656	1180	
1483	1353	1296	892	619	432	0	417	604	936	1108	1598	1627	2030	2304	2462	2808	2822	3096	2923	2808	3038	3024	2620	2865	2649	2606	2289	2318	2059	1598	
1742	1771	1713	1310	1036	835	417	0	547	691	1036	1396	1569	1944	2246	2462	2836	2908	3211	3096	3009	3283	3297	2937	3196	3009	2980	2678	2721	2491	2030	
1281	1627	1756	1310	1094	763	604	547	0	432	504	1008	1036	1440	1728	1915	2289	2347	2649	2548	2491	2779	2822	2476	2793	2635	2664	2390	2520	2332	1857	
1612	2059	2174	1742	1512	1195	936	691	432	0	489	705	964	1296	1627	1872	2275	2404	2750	2721	2707	3024	3110	2808	3139	3009	3052	2808	2952	2764	2304	
1224	1900	2145	1699	1540	1180	1108	1036	504	489	0	576	532	921	1224	1425	1814	1915	2260	2217	2217	2548	2649	2361	2721	2620	2721	2491	2692	2563	2116	
1713	2491	2721	2275	2102	1742	1598	1396	1008	705	576	0	532	691	1036	1339	1728	1944	2318	2390	2476	2836	2980	2779	3153	3096	3225	3024	3254	3139	2692	
1281	2203	2548	2102	2001	1641	1627	1569	1036	964	532	532	0	403	676	907	1310	1468	1828	1872	1944	2304	2462	2260	2664	2620	2779	2606	2880	2808	2390	
1555	2563	2937	2505	2404	2044	2030	1944	1440	1296	921	691	403	0	345	648	1036	1281	1670	1814	1944	2318	2520	2404	2808	2822	3009	2880	3182	3139	2736	
1612	2692	3110	2692	2620	2260	2304	2246	1728	1627	1224	1036	676	345	0	331	705	979	1368	1555	1742	2116	2347	2289	2707	2750	2966	2880	3211	3196	2836	
1555	2678	3139	2736	2707	2361	2462	2462	1915	1872	1425	1339	907	648	331	0	388	648	1036	1238	1454	1828	2073	2059	2476	2563	2808	2750	3096	3124	2779	
1771	2908	3398	3024	3009	2678	2808	2836	2289	2275	1814	1728	1310	1036	705	388	0	374	720	1036	1324	1670	1958	2030	2448	2577	2851	2836	3211	3283	2980	
1612	2736	3254	2923	2952	2635	2822	2908	2347	2404	1915	1944	1468	1281	979	648	374	0	388	662	950	1296	1598	1699	2102	2246	2534	2563	2952	3052	2793	
1771	2851	3398	3096	3153	2865	3096	3211	2649	2750	2260	2318	1828	1670	1368	1036	720	388	0	432	777	1051	1368	1584	1944	2145	2448	2534	2937	3081	2865	
1512	2520	3081	2808	2908	2649	2923	3096	2548	2721	2217	2390	1872	1814	1555	1238	1036	662	432	0	345	633	950	1137	1512	1713	2030	2116	2534	2678	2505	
1324	2246	2822	2592	2721	2491	2808	3009	2491	2707	2217	2476	1944	1944	1742	1454	1324	950	777	345	0	374	633	792	1166	1368	1684	1785	2203	2361	2217	
1555	2332	2923	2736	2894	2707	3038	3283	2779	3024	2548	2836	2304	2318	2116	1828	1670	1296	1051	633	374	0	316	676	936	1209	1540	1699	2116	2332	2275	
1555	2188	2764	2620	2808	2649	3024	3297	2822	3110	2649	2980	2462	2520	2347	2073	1958	1598	1368	950	633	316	0	460	633	907	1238	1440	1857	2102	2088	
1195	1728	2304	2174	2361	2232	2620	2937	2476	2808	2361	2779	2260	2404	2289	2059	2030	1699	1584	1137	792	676	460	0	417	561	878	1022	1440	1656	1627	
1512	1800	2347	2289	2520	2448	2865	3196	2793	3139	2721	3153	2664	2808	2707	2476	2448	2102	1944	1512	1166	936	633	417	0	316	633	892	1281	1555	1641	
1396	1512	2044	2016	2260	2217	2649	3009	2635	3009	2620	3096	2620	2822	2750	2563	2577	2246	2145	1713	1368	1209	907	561	316	0	331	576	950	1224	1339	
1512	1353	1843	1886	2160	2174	2606	2980	2664	3052	2721	3225	2779	3009	2966	2808	2851	2534	2448	2030	1684	1540	1238	878	633	331	0	331	648	950	1152	
