M: 4
N: 30
Nun_Veiculos: 10
Capacidade_Total: 892
Demanda_Total: 557
Setup_Min: 1
Setup_Max: 9
Raio: 100
Circulos: 1
Tempo_Processamento_Min: 1
Tempo_Processamento_Max: 49
Demanda_Min: 10
Demanda_Max: 30
Priority_Factor: 0.2
Range_Factor_R: 0.8
U_factor: 2
ALpha: 0.2Replicao: 4
Tempos_Processamentos
0	0	1	0	2	0	3	0	
0	25	1	4	2	28	3	23	
0	20	1	2	2	44	3	40	
0	21	1	15	2	25	3	6	
0	33	1	11	2	33	3	5	
0	13	1	46	2	10	3	30	
0	35	1	36	2	23	3	11	
0	31	1	21	2	11	3	41	
0	39	1	40	2	48	3	20	
0	47	1	8	2	44	3	17	
0	35	1	6	2	27	3	46	
0	45	1	2	2	9	3	46	
0	17	1	49	2	11	3	44	
0	48	1	5	2	6	3	15	
0	47	1	49	2	44	3	46	
0	10	1	28	2	33	3	31	
0	40	1	43	2	16	3	48	
0	28	1	5	2	40	3	46	
0	31	1	28	2	11	3	5	
0	36	1	19	2	10	3	27	
0	29	1	23	2	29	3	18	
0	10	1	35	2	8	3	7	
0	25	1	26	2	3	3	16	
0	17	1	44	2	29	3	34	
0	28	1	32	2	36	3	6	
0	38	1	5	2	35	3	19	
0	30	1	35	2	26	3	43	
0	27	1	49	2	3	3	14	
0	25	1	35	2	1	3	16	
0	27	1	5	2	2	3	8	
0	42	1	48	2	19	3	22	

Tempos_setup
M0
0	0	0	0	0	0	0	0	0	0	0	0	0	0	0	0	0	0	0	0	0	0	0	0	0	0	0	0	0	0	0	
0	0	3	3	2	2	3	3	3	4	3	3	1	2	2	2	3	2	3	2	2	2	1	2	3	3	3	3	3	3	1	
0	3	0	3	1	2	3	3	3	3	3	2	1	1	3	2	2	2	2	2	2	1	4	2	3	2	2	3	3	3	2	
0	1	2	0	2	2	1	1	3	4	3	3	2	3	2	2	3	3	3	3	2	3	1	3	2	3	2	2	2	2	2	
0	3	3	3	0	2	3	2	2	4	3	3	3	3	2	3	3	1	2	3	3	3	3	3	2	1	1	2	3	3	4	
0	1	1	3	2	0	2	1	2	4	3	3	1	2	3	2	3	2	3	1	2	2	2	2	3	3	1	3	1	1	2	
0	3	2	4	2	3	0	3	3	4	2	2	3	2	2	1	3	3	3	3	2	2	4	3	1	3	3	4	4	1	2	
0	3	2	3	3	4	2	0	2	4	2	2	3	2	2	1	2	3	3	3	1	3	3	3	3	3	1	3	3	2	2	
0	4	3	3	4	4	3	2	0	4	3	3	4	4	3	2	4	4	4	4	3	4	3	4	4	4	1	3	4	3	3	
0	1	1	3	2	3	3	3	3	0	3	3	2	2	3	2	3	2	3	1	3	2	2	3	1	3	2	3	3	1	1	
0	3	3	5	3	4	3	2	3	2	0	2	4	3	4	3	4	3	1	3	3	4	3	2	3	2	3	4	5	3	3	
0	3	2	4	2	4	2	3	3	4	2	0	3	2	2	1	3	1	3	3	4	3	4	3	1	3	2	2	3	2	2	
0	3	2	4	1	3	4	2	2	4	2	2	0	2	3	3	4	2	3	3	1	3	4	1	2	2	2	3	4	3	3	
0	2	2	3	2	3	2	3	3	4	2	2	2	0	2	1	2	2	1	1	3	2	3	3	3	2	2	3	3	2	1	
0	1	2	3	3	3	4	3	1	2	2	2	2	3	0	3	1	2	1	1	3	2	2	1	3	2	2	2	3	3	2	
0	2	1	4	2	3	1	2	2	3	1	1	2	2	1	0	2	2	2	2	3	2	3	2	2	2	2	3	3	1	1	
0	2	4	4	2	4	3	3	3	3	1	3	2	2	4	3	0	1	2	3	3	3	3	3	2	3	2	1	2	4	3	
0	4	3	3	1	3	2	2	2	4	3	3	2	2	3	2	3	0	3	3	3	2	3	3	1	2	1	1	2	3	3	
0	4	3	4	2	4	3	2	4	3	3	1	3	2	3	2	4	2	0	2	3	3	4	3	2	1	3	3	4	3	2	
0	3	3	2	2	2	3	2	2	3	3	3	1	3	3	2	2	3	4	0	2	1	3	2	2	3	1	3	3	2	3	
0	2	1	3	2	3	3	3	4	3	1	3	2	2	3	3	3	3	2	3	0	2	3	3	4	3	3	3	4	4	3	
0	2	2	2	1	1	3	2	2	2	2	2	2	3	2	3	1	2	3	2	3	0	3	1	3	2	2	2	2	2	3	
0	2	2	2	3	1	3	2	2	3	3	3	2	3	1	3	2	3	2	2	3	3	0	2	4	3	2	2	2	2	3	
0	3	3	3	3	2	3	3	1	3	1	1	3	3	3	2	3	2	2	2	2	3	4	0	2	3	2	3	3	3	3	
0	3	3	4	3	4	3	4	4	4	3	3	3	1	3	2	3	3	2	2	4	3	4	4	0	3	3	3	4	3	2	
0	4	3	4	3	4	3	1	3	3	3	2	4	2	3	2	3	3	1	3	2	4	4	2	3	0	2	4	4	3	3	
0	3	3	2	4	3	3	1	1	4	2	3	4	3	2	2	3	4	3	3	2	3	2	3	4	4	0	4	3	3	3	
0	3	3	3	2	4	2	2	2	5	3	3	1	1	3	2	3	2	2	2	2	3	3	2	3	2	1	0	1	3	2	
0	3	2	3	2	3	1	2	3	4	2	2	3	2	3	2	3	1	3	3	1	2	4	3	2	3	2	2	0	2	3	
0	3	2	5	3	2	2	3	3	4	2	2	3	3	2	1	3	3	3	3	2	3	4	2	3	3	3	4	3	0	2	
0	3	2	3	2	3	2	3	3	3	2	2	2	3	2	1	3	1	3	1	3	2	2	3	2	3	2	2	2	2	0	
M1
0	0	0	0	0	0	0	0	0	0	0	0	0	0	0	0	0	0	0	0	0	0	0	0	0	0	0	0	0	0	0	
0	0	2	3	2	2	3	2	3	2	2	3	1	1	3	1	2	2	2	2	2	2	2	3	5	4	1	1	3	3	2	
0	2	0	3	3	3	4	4	3	3	4	4	2	3	4	3	2	2	3	1	3	3	3	3	4	3	2	3	2	3	3	
0	2	4	0	1	3	2	3	3	2	3	3	2	3	2	3	2	1	2	4	2	3	2	3	5	3	3	3	3	4	2	
0	4	3	3	0	3	3	3	2	3	3	4	3	3	1	2	2	3	4	3	1	2	1	2	4	4	2	2	4	4	3	
0	2	2	3	3	0	3	2	1	1	2	2	2	2	2	3	2	1	2	3	2	2	1	2	4	3	3	1	4	3	1	
0	4	2	2	1	3	0	4	3	4	1	4	4	3	2	3	3	3	3	3	1	1	2	3	5	3	3	3	3	4	3	
0	2	3	3	3	2	2	0	2	3	3	3	3	2	4	3	1	2	2	1	3	2	3	2	4	3	3	3	2	1	3	
0	4	4	4	2	4	4	3	0	4	4	3	3	4	2	3	3	2	2	4	2	3	3	3	3	2	3	3	5	3	2	
0	4	3	2	3	2	4	4	2	0	4	4	4	4	4	2	1	3	4	3	3	1	3	3	4	3	5	3	5	4	3	
0	4	3	4	2	3	2	5	3	4	0	3	4	3	3	4	2	4	5	4	3	3	2	2	5	5	3	4	2	3	4	
0	1	3	1	2	2	2	3	2	3	3	0	2	2	3	2	1	2	2	3	2	2	3	4	4	2	2	2	4	4	3	
0	3	4	3	2	2	3	2	3	3	3	3	0	4	3	1	3	2	3	2	2	3	2	3	5	4	2	3	3	2	1	
0	2	2	3	3	2	3	2	3	2	2	3	1	0	3	1	2	2	3	1	2	2	2	4	4	3	3	1	4	3	1	
0	3	4	3	2	2	3	3	1	2	3	3	3	4	0	1	3	2	3	2	1	2	2	1	3	3	1	3	3	3	3	
0	2	3	2	3	1	4	3	2	2	2	3	2	3	3	0	2	1	2	1	3	3	2	3	5	3	3	2	4	4	2	
0	3	2	2	3	1	4	3	1	2	3	3	3	3	3	4	0	2	3	3	2	1	2	3	3	3	4	2	4	4	2	
0	3	3	3	3	2	3	2	2	3	3	2	1	3	3	2	1	0	1	3	2	2	2	4	4	2	2	2	3	3	1	
0	2	2	2	3	2	3	2	2	2	2	1	3	2	4	3	1	3	0	3	1	2	1	4	3	3	3	1	4	3	3	
0	1	3	3	3	3	4	3	3	3	3	3	2	2	4	2	2	1	2	0	3	3	3	4	5	2	2	2	4	4	2	
0	4	4	2	3	3	4	4	4	4	5	3	4	4	4	5	4	3	3	4	0	1	4	5	5	3	5	4	5	5	4	
0	3	3	1	2	4	3	3	4	3	4	4	3	3	3	4	3	2	3	4	2	0	3	4	6	2	4	4	4	4	3	
0	4	3	3	3	2	2	3	2	2	3	4	3	2	4	3	1	3	4	3	3	2	0	4	4	4	5	3	5	4	2	
0	2	3	4	4	4	3	3	4	3	3	5	3	3	5	3	3	3	4	2	4	3	4	0	3	4	3	2	5	4	4	
0	4	4	2	3	3	4	3	1	4	2	3	1	4	2	2	3	3	2	3	3	4	3	2	0	3	3	3	4	3	2	
0	5	3	3	4	4	3	3	4	3	3	4	4	3	3	3	3	3	3	4	3	2	3	3	5	0	4	2	5	2	2	
0	4	3	3	1	3	3	2	3	3	4	4	4	3	2	3	2	4	4	3	1	2	1	3	5	3	0	3	2	2	3	
0	3	1	2	3	2	2	1	2	1	1	4	2	1	4	2	1	2	3	2	3	1	3	3	4	3	3	0	3	2	2	
0	3	1	3	2	4	2	3	3	2	3	3	2	3	3	3	3	3	4	2	2	3	2	2	3	4	1	2	0	1	3	
0	3	3	2	2	4	1	4	4	2	2	2	4	4	3	4	3	3	4	3	2	2	3	1	4	4	4	3	3	0	4	
0	3	3	3	4	3	3	1	3	3	3	2	2	3	2	3	2	1	2	2	1	2	1	3	4	3	3	2	3	2	0	
M2
0	0	0	0	0	0	0	0	0	0	0	0	0	0	0	0	0	0	0	0	0	0	0	0	0	0	0	0	0	0	0	
0	0	2	2	3	3	1	3	3	2	3	3	2	1	2	3	2	1	3	4	3	4	4	3	3	2	2	3	3	2	3	
0	2	0	3	4	3	3	2	3	1	4	2	2	3	2	4	3	2	1	3	2	3	2	4	2	3	2	2	2	4	3	
0	2	3	0	2	2	2	3	3	2	3	2	1	3	1	3	2	2	2	3	2	2	3	1	2	3	3	3	1	2	1	
0	3	3	3	0	3	2	2	4	1	4	1	3	3	4	4	4	3	2	2	3	3	3	4	2	3	3	2	3	4	4	
0	3	3	1	2	0	3	3	2	2	3	1	2	3	2	3	2	3	2	1	3	3	3	1	3	4	3	3	2	3	2	
0	3	2	3	2	2	0	2	2	1	3	3	3	2	3	2	2	2	2	3	3	3	3	2	2	3	1	2	2	2	3	
0	2	3	2	3	3	2	0	3	3	2	4	3	3	3	4	2	3	3	3	2	3	3	2	4	1	3	2	3	2	3	
0	2	2	2	4	2	3	3	0	3	3	3	3	3	3	3	2	1	3	3	3	3	4	3	3	2	1	4	2	3	2	
0	2	2	3	3	3	2	1	3	0	3	3	2	2	4	4	3	3	1	4	3	2	4	3	1	2	2	1	2	3	3	
0	2	2	3	2	2	2	3	2	3	0	2	1	3	2	4	3	3	3	3	2	3	3	3	2	3	3	4	4	1	2	
0	2	2	2	2	2	3	3	3	3	4	0	2	2	3	5	3	3	3	1	2	3	2	3	4	4	3	3	3	3	3	
0	1	3	2	3	1	1	2	3	2	3	1	0	2	3	3	3	2	3	2	2	3	2	2	3	2	2	3	3	3	3	
0	2	1	2	2	2	2	3	3	2	2	2	1	0	3	4	1	3	2	3	2	3	3	3	3	3	3	3	3	1	2	
0	2	3	2	3	2	2	3	2	3	3	2	1	3	0	3	3	1	3	3	1	4	3	2	2	2	3	4	3	4	3	
0	2	2	3	3	3	1	2	3	1	3	3	2	2	3	0	2	3	1	4	2	3	4	3	1	3	2	2	2	3	3	
0	2	1	2	3	3	3	2	3	2	1	3	2	2	3	5	0	3	1	3	3	4	3	3	2	3	2	3	2	2	3	
0	2	3	1	3	3	3	2	2	3	2	3	2	3	2	2	2	0	3	3	2	3	4	2	3	1	3	3	2	3	2	
0	1	2	3	4	2	2	2	4	1	3	3	2	2	3	4	2	2	0	3	4	3	4	3	1	3	1	2	1	3	2	
0	2	2	1	1	1	2	2	3	2	4	2	1	3	2	4	3	3	3	0	3	3	3	2	3	3	2	3	2	3	2	
0	3	3	2	4	3	2	3	1	2	3	4	3	2	3	3	3	1	3	4	0	3	5	3	3	2	2	3	3	3	3	
0	2	3	3	2	2	3	2	2	1	3	2	3	3	2	3	2	2	2	3	3	0	2	1	2	3	1	2	2	3	3	
0	3	4	3	3	3	2	3	2	2	4	3	3	3	3	3	3	2	3	4	1	1	0	2	3	3	2	1	3	4	4	
0	2	2	2	1	1	3	2	3	1	2	2	2	3	1	2	1	2	1	2	2	3	4	0	2	3	2	2	2	2	3	
0	2	1	3	3	2	2	3	4	2	2	2	1	1	3	4	2	3	2	3	3	2	3	3	0	3	3	2	3	2	3	
0	1	2	3	2	2	2	1	2	2	1	3	2	2	2	3	1	2	2	2	1	3	4	1	3	0	3	2	3	2	3	
0	2	2	2	3	1	3	3	3	3	2	2	3	3	3	3	1	1	2	2	3	3	4	2	2	2	0	3	1	2	2	
0	3	3	2	2	3	1	3	2	2	4	3	2	3	3	3	3	3	3	3	4	1	3	2	3	4	2	0	3	3	3	
0	3	2	4	3	3	3	3	4	2	3	3	2	2	4	4	2	4	3	3	3	2	4	3	1	4	3	2	0	2	1	
0	4	3	3	1	3	3	3	2	2	3	2	3	2	4	4	2	2	3	3	1	2	4	3	3	3	2	3	3	0	1	
0	3	2	3	2	3	2	3	3	2	2	3	3	3	3	3	1	3	2	4	2	1	3	2	2	4	2	2	3	1	0	
M3
0	0	0	0	0	0	0	0	0	0	0	0	0	0	0	0	0	0	0	0	0	0	0	0	0	0	0	0	0	0	0	
0	0	4	4	4	3	1	2	3	2	3	2	4	3	4	4	3	2	3	3	4	4	3	3	3	2	3	3	1	3	3	
0	3	0	3	1	2	2	4	2	3	2	1	2	2	3	3	2	3	3	3	2	3	2	1	4	2	2	1	3	3	2	
0	2	3	0	3	2	1	3	2	1	3	2	3	2	2	1	3	2	3	3	2	3	3	2	3	2	2	1	2	1	2	
0	3	1	2	0	3	3	3	3	2	2	2	1	3	2	3	2	4	2	3	3	4	3	1	3	2	3	2	4	3	3	
0	2	3	3	4	0	3	4	3	3	3	2	4	2	4	3	3	1	2	4	3	2	3	3	3	3	2	2	3	1	2	
0	3	3	3	3	3	0	2	2	3	2	1	3	3	3	4	2	2	3	3	4	3	3	3	3	1	2	3	1	2	2	
0	2	2	3	2	3	3	0	2	1	3	3	3	1	3	2	1	3	3	3	3	4	2	2	1	3	2	3	2	3	2	
0	2	3	2	3	1	2	2	0	2	2	2	1	3	4	3	2	2	3	3	2	3	3	1	3	1	2	1	3	2	3	
0	3	2	4	3	3	3	3	3	0	3	2	4	3	2	3	2	4	2	3	3	4	2	1	4	2	1	2	3	2	1	
0	1	2	5	3	4	2	3	4	3	0	3	4	4	5	5	4	3	4	4	4	3	4	3	4	3	4	3	2	3	4	
0	2	2	4	2	2	3	4	2	4	1	0	3	4	3	4	1	3	4	2	3	4	2	3	3	3	4	3	3	3	3	
0	2	2	1	2	3	2	4	2	1	1	3	0	3	3	2	1	3	3	3	3	4	2	1	4	2	2	2	3	2	2	
0	1	3	3	2	2	2	3	1	3	3	3	2	0	4	1	3	2	4	3	3	4	4	1	3	2	3	2	2	2	3	
0	2	2	4	3	3	3	1	2	2	2	1	3	2	0	3	1	2	4	3	3	3	2	1	2	2	3	3	3	4	3	
0	2	3	3	3	3	3	4	3	3	3	2	4	2	4	0	3	1	3	2	2	3	3	3	3	3	2	2	3	1	2	
0	1	1	3	2	2	2	3	1	3	2	2	2	3	4	4	0	3	4	3	2	3	1	2	3	2	3	2	2	3	3	
0	3	2	4	3	2	2	4	2	4	2	1	3	2	3	2	2	0	2	3	2	3	2	3	4	3	1	1	3	3	4	
0	2	3	4	2	3	3	4	2	4	4	4	3	2	4	3	4	4	0	4	3	4	2	3	4	3	4	3	3	3	2	
0	1	2	3	2	4	2	3	3	3	4	3	3	3	4	2	3	3	4	0	3	4	3	2	1	3	4	3	2	2	1	
0	3	2	3	1	3	3	2	3	3	3	3	2	3	3	4	2	2	3	4	0	1	3	2	3	3	3	2	2	3	2	
0	2	2	3	3	3	3	2	2	2	3	2	3	3	4	3	1	1	2	3	3	0	2	3	3	2	2	2	1	2	1	
0	3	3	3	2	3	3	2	3	3	4	3	3	3	4	3	3	2	4	2	1	2	0	3	2	2	3	3	1	4	3	
0	3	2	3	3	3	4	3	2	4	3	3	3	4	3	3	4	4	3	2	3	4	3	0	3	1	2	3	4	3	3	
0	3	2	2	1	3	3	4	2	3	3	3	2	3	3	1	3	2	3	2	3	4	2	2	0	3	3	3	3	2	3	
0	3	3	2	2	2	3	2	1	3	3	2	2	3	3	3	3	3	2	3	3	4	2	2	3	0	1	2	3	3	3	
0	3	3	4	3	3	4	3	3	4	2	1	4	3	2	4	2	3	1	2	2	3	1	3	3	3	0	4	2	3	3	
0	2	3	3	2	1	1	3	1	3	2	1	2	3	3	4	2	2	2	3	1	2	2	2	4	2	1	0	2	2	3	
0	3	3	3	3	2	3	1	2	2	3	2	3	2	3	3	2	1	3	2	3	4	3	3	2	1	2	2	0	3	3	
0	1	2	2	3	3	2	3	2	2	3	2	3	1	4	2	3	2	4	3	2	3	4	2	2	2	3	2	2	0	1	
0	2	1	3	2	3	2	4	3	3	3	2	3	2	4	2	3	3	4	2	2	3	3	2	3	3	3	2	3	1	0	
Tamanho_Tarefas
0	17	22	8	16	22	21	12	35	12	16	20	13	5	45	17	34	11	7	16	21	15	9	30	21	21	32	14	5	9	31	
Data_Entrega
0	164	216	191	213	195	185	204	212	189	210	191	183	195	208	198	195	170	180	209	164	175	181	178	174	197	207	183	204	212	218	
Penalidade_Atraso
0	17	6	1	10	1	14	17	7	6	10	10	19	6	12	15	4	14	3	20	11	17	9	17	5	20	12	5	15	10	1	
Capacidade_Veiculo
96	66	118	89	127	111	112	46	65	62	
Custo_Fixo_Veiculo
960	660	1180	890	1270	1110	1120	460	650	620	
Coordenadas_Clientes
x	0	y	0
x	90	y	0
x	117	y	24
x	105	y	47
x	82	y	59
x	60	y	67
x	49	y	85
x	28	y	86
x	8	y	80
x	-12	y	123
x	-33	y	104
x	-57	y	99
x	-79	y	88
x	-84	y	61
x	-95	y	42
x	-76	y	16
x	-79	y	0
x	-87	y	-18
x	-108	y	-48
x	-86	y	-62
x	-83	y	-92
x	-53	y	-93
x	-26	y	-82
x	-8	y	-78
x	9	y	-92
x	27	y	-84
x	39	y	-68
x	50	y	-55
x	87	y	-63
x	68	y	-30
x	94	y	-20
Tempo_Viagem
0	90	119	115	101	89	98	90	80	123	109	114	118	103	103	77	79	88	118	106	123	107	86	78	92	88	78	74	107	74	96	
90	0	36	49	59	73	94	106	114	159	161	177	190	184	189	166	169	177	203	186	195	170	142	125	122	104	84	67	63	37	20	
119	36	0	25	49	71	91	108	122	162	169	189	206	204	212	193	197	207	236	220	231	206	178	161	157	139	119	102	92	72	49	
115	49	25	0	25	48	67	85	101	138	148	168	188	189	200	183	189	202	233	219	233	211	183	168	168	152	132	115	110	85	67	
101	59	49	25	0	23	42	60	76	113	123	143	163	166	177	163	171	185	218	207	223	203	177	163	167	153	134	118	122	90	79	
89	73	71	48	23	0	21	37	53	91	100	120	140	144	157	145	154	169	203	194	212	195	172	160	166	154	136	122	132	97	93	
98	94	91	67	42	21	0	21	41	71	84	106	128	134	150	142	153	170	205	199	220	205	183	172	181	170	153	140	152	116	114	
90	106	108	85	60	37	21	0	20	54	63	85	107	113	129	125	137	155	190	186	209	196	176	167	179	170	154	142	160	122	124	
80	114	122	101	76	53	41	20	0	47	47	67	87	93	109	105	118	136	172	170	194	183	165	158	172	165	151	141	163	125	131	
123	159	162	138	113	91	71	54	47	0	28	51	75	94	115	124	140	159	195	199	226	219	205	201	215	210	197	188	210	172	178	
109	161	169	148	123	100	84	63	47	28	0	24	48	66	87	97	113	132	168	174	202	198	186	183	200	197	186	179	205	167	177	
114	177	189	168	143	120	106	85	67	51	24	0	24	46	67	85	101	120	155	163	192	192	183	183	202	201	192	187	216	179	192	
118	190	206	188	163	140	128	107	87	75	48	24	0	27	48	72	88	106	138	150	180	182	178	180	200	202	195	192	224	188	203	
103	184	204	189	166	144	134	113	93	94	66	46	27	0	21	45	61	79	111	123	153	156	154	158	179	182	178	177	210	177	195	
103	189	212	200	177	157	150	129	109	115	87	67	48	21	0	32	44	60	90	104	134	140	141	148	169	175	173	174	210	177	198	
77	166	193	183	163	145	142	125	105	124	97	85	72	45	32	0	16	35	71	78	108	111	110	116	137	143	142	144	181	151	173	
79	169	197	189	171	154	153	137	118	140	113	101	88	61	44	16	0	19	55	62	92	96	97	105	127	135	136	140	177	150	174	
88	177	207	202	185	169	170	155	136	159	132	120	106	79	60	35	19	0	36	44	74	82	88	99	121	131	135	141	178	155	181	
118	203	236	233	218	203	205	190	172	195	168	155	138	111	90	71	55	36	0	26	50	71	88	104	124	139	148	158	195	176	203	
106	186	220	219	207	194	199	186	170	199	174	163	150	123	104	78	62	44	26	0	30	45	63	79	99	114	125	136	173	157	184	
123	195	231	233	223	212	220	209	194	226	202	192	180	153	134	108	92	74	50	30	0	30	57	75	92	110	123	137	171	163	190	
107	170	206	211	203	195	205	196	183	219	198	192	182	156	140	111	96	82	71	45	30	0	29	47	62	80	95	109	143	136	163	
86	142	178	183	177	172	183	176	165	205	186	183	178	154	141	110	97	88	88	63	57	29	0	18	36	53	66	80	114	107	134	
78	125	161	168	163	160	172	167	158	201	183	183	180	158	148	116	105	99	104	79	75	47	18	0	22	35	48	62	96	89	116	
92	122	157	168	167	166	181	179	172	215	200	202	200	179	169	137	127	121	124	99	92	62	36	22	0	19	38	55	82	85	111	
88	104	139	152	153	154	170	170	165	210	197	201	202	182	175	143	135	131	139	114	110	80	53	35	19	0	20	37	63	67	92	
78	84	119	132	134	136	153	154	151	197	186	192	195	178	173	142	136	135	148	125	123	95	66	48	38	20	0	17	48	47	73	
74	67	102	115	118	122	140	142	141	188	179	187	192	177	174	144	140	141	158	136	137	109	80	62	55	37	17	0	37	30	56	
107	63	92	110	122	132	152	160	163	210	205	216	224	210	210	181	177	178	195	173	171	143	114	96	82	63	48	37	0	38	43	
74	37	72	85	90	97	116	122	125	172	167	179	188	177	177	151	150	155	176	157	163	136	107	89	85	67	47	30	38	0	27	
96	20	49	67	79	93	114	124	131	178	177	192	203	195	198	173	174	181	203	184	190	163	134	116	111	92	73	56	43	27	0	
Custo_Viagem
V0
0	1728	2284	2208	1939	1708	1881	1728	1536	2361	2092	2188	2265	1977	1977	1478	1516	1689	2265	2035	2361	2054	1651	1497	1766	1689	1497	1420	2054	1420	1843	
1728	0	691	940	1132	1401	1804	2035	2188	3052	3091	3398	3648	3532	3628	3187	3244	3398	3897	3571	3744	3264	2726	2400	2342	2016	1632	1305	1209	710	384	
2284	691	0	480	940	1363	1747	2073	2342	3110	3264	3628	3955	3916	4070	3705	3782	3993	4531	4224	4435	3955	3417	3091	3033	2688	2304	1977	1766	1382	940	
2208	940	480	0	480	940	1286	1651	1958	2668	2860	3264	3609	3628	3840	3513	3628	3878	4473	4204	4473	4051	3513	3225	3225	2918	2534	2208	2131	1632	1286	
1939	1132	940	480	0	441	806	1152	1459	2169	2361	2764	3129	3187	3398	3129	3283	3552	4185	3974	4281	3897	3398	3129	3206	2937	2572	2265	2342	1728	1516	
1708	1401	1363	940	441	0	403	710	1017	1747	1920	2323	2688	2764	3014	2784	2956	3244	3897	3724	4089	3744	3302	3072	3187	2956	2611	2342	2534	1862	1785	
1881	1804	1747	1286	806	403	0	403	787	1363	1612	2035	2457	2592	2880	2726	2937	3264	3936	3820	4224	3936	3513	3302	3475	3264	2937	2688	2918	2227	2188	
1728	2035	2073	1651	1152	710	403	0	384	1036	1209	1632	2054	2188	2496	2400	2630	2976	3648	3571	4012	3763	3379	3206	3436	3264	2956	2726	3072	2342	2380	
1536	2188	2342	1958	1459	1017	787	384	0	902	902	1286	1670	1785	2092	2016	2265	2611	3302	3264	3724	3513	3168	3033	3302	3168	2899	2707	3129	2400	2515	
2361	3052	3110	2668	2169	1747	1363	1036	902	0	537	979	1440	1824	2208	2380	2688	3052	3763	3820	4339	4204	3936	3859	4147	4032	3782	3609	4032	3302	3417	
2092	3091	3264	2860	2361	1920	1612	1209	902	537	0	460	921	1267	1670	1862	2169	2553	3244	3340	3878	3801	3571	3513	3840	3782	3571	3436	3936	3206	3398	
2188	3398	3628	3264	2764	2323	2035	1632	1286	979	460	0	460	883	1305	1632	1939	2304	2976	3129	3686	3686	3513	3513	3878	3859	3686	3590	4147	3436	3686	
2265	3648	3955	3609	3129	2688	2457	2054	1670	1440	921	460	0	518	921	1382	1689	2035	2668	2880	3456	3494	3417	3456	3840	3878	3744	3686	4300	3609	3897	
1977	3532	3916	3628	3187	2764	2592	2188	1785	1824	1267	883	518	0	403	864	1171	1516	2131	2361	2937	3014	2956	3033	3436	3494	3417	3398	4051	3398	3744	
1977	3628	4070	3840	3398	3014	2880	2496	2092	2208	1670	1305	921	403	0	614	844	1152	1728	1996	2572	2707	2707	2841	3244	3360	3321	3340	4032	3417	3801	
1478	3187	3705	3513	3129	2784	2726	2400	2016	2380	1862	1632	1382	864	614	0	307	672	1363	1497	2073	2131	2112	2227	2630	2745	2726	2764	3475	2899	3321	
1516	3244	3782	3628	3283	2956	2937	2630	2265	2688	2169	1939	1689	1171	844	307	0	364	1075	1190	1766	1843	1862	2016	2438	2592	2611	2688	3398	2880	3340	
1689	3398	3993	3878	3552	3244	3264	2976	2611	3052	2553	2304	2035	1516	1152	672	364	0	691	844	1420	1574	1689	1900	2323	2515	2592	2707	3436	2976	3475	
2265	3897	4531	4473	4185	3897	3936	3648	3302	3763	3244	2976	2668	2131	1728	1363	1075	691	0	499	960	1363	1689	1996	2400	2668	2841	3033	3744	3379	3897	
2035	3571	4224	4204	3974	3724	3820	3571	3264	3820	3340	3129	2880	2361	1996	1497	1190	844	499	0	576	864	1209	1516	1900	2208	2400	2611	3321	3014	3532	
2361	3744	4435	4473	4281	4089	4224	4012	3724	4339	3878	3686	3456	2937	2572	2073	1766	1420	960	576	0	576	1094	1459	1766	2112	2380	2649	3302	3129	3667	
2054	3264	3955	4051	3897	3744	3936	3763	3513	4204	3801	3686	3494	3014	2707	2131	1843	1574	1363	864	576	0	556	902	1190	1536	1824	2092	2745	2611	3148	
1651	2726	3417	3513	3398	3302	3513	3379	3168	3936	3571	3513	3417	2956	2707	2112	1862	1689	1689	1209	1094	556	0	345	691	1017	1267	1536	2188	2054	2592	
1497	2400	3091	3225	3129	3072	3302	3206	3033	3859	3513	3513	3456	3033	2841	2227	2016	1900	1996	1516	1459	902	345	0	422	672	921	1190	1843	1708	2246	
1766	2342	3033	3225	3206	3187	3475	3436	3302	4147	3840	3878	3840	3436	3244	2630	2438	2323	2400	1900	1766	1190	691	422	0	364	729	1056	1593	1632	2131	
1689	2016	2688	2918	2937	2956	3264	3264	3168	4032	3782	3859	3878	3494	3360	2745	2592	2515	2668	2208	2112	1536	1017	672	364	0	384	710	1209	1286	1766	
1497	1632	2304	2534	2572	2611	2937	2956	2899	3782	3571	3686	3744	3417	3321	2726	2611	2592	2841	2400	2380	1824	1267	921	729	384	0	326	921	902	1401	
1420	1305	1977	2208	2265	2342	2688	2726	2707	3609	3436	3590	3686	3398	3340	2764	2688	2707	3033	2611	2649	2092	1536	1190	1056	710	326	0	710	576	1075	
2054	1209	1766	2131	2342	2534	2918	3072	3129	4032	3936	4147	4300	4051	4032	3475	3398	3436	3744	3321	3302	2745	2188	1843	1593	1209	921	710	0	729	825	
1420	710	1382	1632	1728	1862	2227	2342	2400	3302	3206	3436	3609	3398	3417	2899	2880	2976	3379	3014	3129	2611	2054	1708	1632	1286	902	576	729	0	518	
1843	384	940	1286	1516	1785	2188	2380	2515	3417	3398	3686	3897	3744	3801	3321	3340	3475	3897	3532	3667	3148	2592	2246	2131	1766	1401	1075	825	518	0	
V1
0	1188	1570	1518	1333	1174	1293	1188	1056	1623	1438	1504	1557	1359	1359	1016	1042	1161	1557	1399	1623	1412	1135	1029	1214	1161	1029	976	1412	976	1267	
1188	0	475	646	778	963	1240	1399	1504	2098	2125	2336	2508	2428	2494	2191	2230	2336	2679	2455	2574	2244	1874	1650	1610	1386	1122	897	831	488	264	
1570	475	0	330	646	937	1201	1425	1610	2138	2244	2494	2719	2692	2798	2547	2600	2745	3115	2904	3049	2719	2349	2125	2085	1848	1584	1359	1214	950	646	
1518	646	330	0	330	646	884	1135	1346	1834	1966	2244	2481	2494	2640	2415	2494	2666	3075	2890	3075	2785	2415	2217	2217	2006	1742	1518	1465	1122	884	
1333	778	646	330	0	303	554	792	1003	1491	1623	1900	2151	2191	2336	2151	2257	2442	2877	2732	2943	2679	2336	2151	2204	2019	1768	1557	1610	1188	1042	
1174	963	937	646	303	0	277	488	699	1201	1320	1597	1848	1900	2072	1914	2032	2230	2679	2560	2811	2574	2270	2112	2191	2032	1795	1610	1742	1280	1227	
1293	1240	1201	884	554	277	0	277	541	937	1108	1399	1689	1782	1980	1874	2019	2244	2706	2626	2904	2706	2415	2270	2389	2244	2019	1848	2006	1531	1504	
1188	1399	1425	1135	792	488	277	0	264	712	831	1122	1412	1504	1716	1650	1808	2046	2508	2455	2758	2587	2323	2204	2362	2244	2032	1874	2112	1610	1636	
1056	1504	1610	1346	1003	699	541	264	0	620	620	884	1148	1227	1438	1386	1557	1795	2270	2244	2560	2415	2178	2085	2270	2178	1993	1861	2151	1650	1729	
1623	2098	2138	1834	1491	1201	937	712	620	0	369	673	990	1254	1518	1636	1848	2098	2587	2626	2983	2890	2706	2653	2851	2772	2600	2481	2772	2270	2349	
1438	2125	2244	1966	1623	1320	1108	831	620	369	0	316	633	871	1148	1280	1491	1755	2230	2296	2666	2613	2455	2415	2640	2600	2455	2362	2706	2204	2336	
1504	2336	2494	2244	1900	1597	1399	1122	884	673	316	0	316	607	897	1122	1333	1584	2046	2151	2534	2534	2415	2415	2666	2653	2534	2468	2851	2362	2534	
1557	2508	2719	2481	2151	1848	1689	1412	1148	990	633	316	0	356	633	950	1161	1399	1834	1980	2376	2402	2349	2376	2640	2666	2574	2534	2956	2481	2679	
1359	2428	2692	2494	2191	1900	1782	1504	1227	1254	871	607	356	0	277	594	805	1042	1465	1623	2019	2072	2032	2085	2362	2402	2349	2336	2785	2336	2574	
1359	2494	2798	2640	2336	2072	1980	1716	1438	1518	1148	897	633	277	0	422	580	792	1188	1372	1768	1861	1861	1953	2230	2310	2283	2296	2772	2349	2613	
1016	2191	2547	2415	2151	1914	1874	1650	1386	1636	1280	1122	950	594	422	0	211	462	937	1029	1425	1465	1452	1531	1808	1887	1874	1900	2389	1993	2283	
1042	2230	2600	2494	2257	2032	2019	1808	1557	1848	1491	1333	1161	805	580	211	0	250	739	818	1214	1267	1280	1386	1676	1782	1795	1848	2336	1980	2296	
1161	2336	2745	2666	2442	2230	2244	2046	1795	2098	1755	1584	1399	1042	792	462	250	0	475	580	976	1082	1161	1306	1597	1729	1782	1861	2362	2046	2389	
1557	2679	3115	3075	2877	2679	2706	2508	2270	2587	2230	2046	1834	1465	1188	937	739	475	0	343	660	937	1161	1372	1650	1834	1953	2085	2574	2323	2679	
1399	2455	2904	2890	2732	2560	2626	2455	2244	2626	2296	2151	1980	1623	1372	1029	818	580	343	0	396	594	831	1042	1306	1518	1650	1795	2283	2072	2428	
1623	2574	3049	3075	2943	2811	2904	2758	2560	2983	2666	2534	2376	2019	1768	1425	1214	976	660	396	0	396	752	1003	1214	1452	1636	1821	2270	2151	2521	
1412	2244	2719	2785	2679	2574	2706	2587	2415	2890	2613	2534	2402	2072	1861	1465	1267	1082	937	594	396	0	382	620	818	1056	1254	1438	1887	1795	2164	
1135	1874	2349	2415	2336	2270	2415	2323	2178	2706	2455	2415	2349	2032	1861	1452	1280	1161	1161	831	752	382	0	237	475	699	871	1056	1504	1412	1782	
1029	1650	2125	2217	2151	2112	2270	2204	2085	2653	2415	2415	2376	2085	1953	1531	1386	1306	1372	1042	1003	620	237	0	290	462	633	818	1267	1174	1544	
1214	1610	2085	2217	2204	2191	2389	2362	2270	2851	2640	2666	2640	2362	2230	1808	1676	1597	1650	1306	1214	818	475	290	0	250	501	726	1095	1122	1465	
1161	1386	1848	2006	2019	2032	2244	2244	2178	2772	2600	2653	2666	2402	2310	1887	1782	1729	1834	1518	1452	1056	699	462	250	0	264	488	831	884	1214	
1029	1122	1584	1742	1768	1795	2019	2032	1993	2600	2455	2534	2574	2349	2283	1874	1795	1782	1953	1650	1636	1254	871	633	501	264	0	224	633	620	963	
976	897	1359	1518	1557	1610	1848	1874	1861	2481	2362	2468	2534	2336	2296	1900	1848	1861	2085	1795	1821	1438	1056	818	726	488	224	0	488	396	739	
1412	831	1214	1465	1610	1742	2006	2112	2151	2772	2706	2851	2956	2785	2772	2389	2336	2362	2574	2283	2270	1887	1504	1267	1095	831	633	488	0	501	567	
976	488	950	1122	1188	1280	1531	1610	1650	2270	2204	2362	2481	2336	2349	1993	1980	2046	2323	2072	2151	1795	1412	1174	1122	884	620	396	501	0	356	
1267	264	646	884	1042	1227	1504	1636	1729	2349	2336	2534	2679	2574	2613	2283	2296	2389	2679	2428	2521	2164	1782	1544	1465	1214	963	739	567	356	0	
V2
0	2124	2808	2714	2383	2100	2312	2124	1888	2902	2572	2690	2784	2430	2430	1817	1864	2076	2784	2501	2902	2525	2029	1840	2171	2076	1840	1746	2525	1746	2265	
2124	0	849	1156	1392	1722	2218	2501	2690	3752	3799	4177	4484	4342	4460	3917	3988	4177	4790	4389	4602	4012	3351	2950	2879	2478	2006	1604	1486	873	472	
2808	849	0	590	1156	1675	2147	2548	2879	3823	4012	4460	4861	4814	5003	4554	4649	4908	5569	5192	5451	4861	4200	3799	3728	3304	2832	2430	2171	1699	1156	
2714	1156	590	0	590	1156	1581	2029	2407	3280	3516	4012	4436	4460	4720	4318	4460	4767	5498	5168	5498	4979	4318	3964	3964	3587	3115	2714	2619	2006	1581	
2383	1392	1156	590	0	542	991	1416	1793	2666	2902	3398	3846	3917	4177	3846	4035	4366	5144	4885	5262	4790	4177	3846	3941	3610	3162	2784	2879	2124	1864	
2100	1722	1675	1156	542	0	495	873	1250	2147	2360	2855	3304	3398	3705	3422	3634	3988	4790	4578	5026	4602	4059	3776	3917	3634	3209	2879	3115	2289	2194	
2312	2218	2147	1581	991	495	0	495	967	1675	1982	2501	3020	3186	3540	3351	3610	4012	4838	4696	5192	4838	4318	4059	4271	4012	3610	3304	3587	2737	2690	
2124	2501	2548	2029	1416	873	495	0	472	1274	1486	2006	2525	2690	3068	2950	3233	3658	4484	4389	4932	4625	4153	3941	4224	4012	3634	3351	3776	2879	2926	
1888	2690	2879	2407	1793	1250	967	472	0	1109	1109	1581	2053	2194	2572	2478	2784	3209	4059	4012	4578	4318	3894	3728	4059	3894	3563	3327	3846	2950	3091	
2902	3752	3823	3280	2666	2147	1675	1274	1109	0	660	1203	1770	2242	2714	2926	3304	3752	4625	4696	5333	5168	4838	4743	5097	4956	4649	4436	4956	4059	4200	
2572	3799	4012	3516	2902	2360	1982	1486	1109	660	0	566	1132	1557	2053	2289	2666	3138	3988	4106	4767	4672	4389	4318	4720	4649	4389	4224	4838	3941	4177	
2690	4177	4460	4012	3398	2855	2501	2006	1581	1203	566	0	566	1085	1604	2006	2383	2832	3658	3846	4531	4531	4318	4318	4767	4743	4531	4413	5097	4224	4531	
2784	4484	4861	4436	3846	3304	3020	2525	2053	1770	1132	566	0	637	1132	1699	2076	2501	3280	3540	4248	4295	4200	4248	4720	4767	4602	4531	5286	4436	4790	
2430	4342	4814	4460	3917	3398	3186	2690	2194	2242	1557	1085	637	0	495	1062	1439	1864	2619	2902	3610	3705	3634	3728	4224	4295	4200	4177	4979	4177	4602	
2430	4460	5003	4720	4177	3705	3540	3068	2572	2714	2053	1604	1132	495	0	755	1038	1416	2124	2454	3162	3327	3327	3492	3988	4130	4082	4106	4956	4200	4672	
1817	3917	4554	4318	3846	3422	3351	2950	2478	2926	2289	2006	1699	1062	755	0	377	826	1675	1840	2548	2619	2596	2737	3233	3374	3351	3398	4271	3563	4082	
1864	3988	4649	4460	4035	3634	3610	3233	2784	3304	2666	2383	2076	1439	1038	377	0	448	1321	1463	2171	2265	2289	2478	2997	3186	3209	3304	4177	3540	4106	
2076	4177	4908	4767	4366	3988	4012	3658	3209	3752	3138	2832	2501	1864	1416	826	448	0	849	1038	1746	1935	2076	2336	2855	3091	3186	3327	4224	3658	4271	
2784	4790	5569	5498	5144	4790	4838	4484	4059	4625	3988	3658	3280	2619	2124	1675	1321	849	0	613	1180	1675	2076	2454	2950	3280	3492	3728	4602	4153	4790	
2501	4389	5192	5168	4885	4578	4696	4389	4012	4696	4106	3846	3540	2902	2454	1840	1463	1038	613	0	708	1062	1486	1864	2336	2714	2950	3209	4082	3705	4342	
2902	4602	5451	5498	5262	5026	5192	4932	4578	5333	4767	4531	4248	3610	3162	2548	2171	1746	1180	708	0	708	1345	1793	2171	2596	2926	3256	4059	3846	4507	
2525	4012	4861	4979	4790	4602	4838	4625	4318	5168	4672	4531	4295	3705	3327	2619	2265	1935	1675	1062	708	0	684	1109	1463	1888	2242	2572	3374	3209	3870	
2029	3351	4200	4318	4177	4059	4318	4153	3894	4838	4389	4318	4200	3634	3327	2596	2289	2076	2076	1486	1345	684	0	424	849	1250	1557	1888	2690	2525	3186	
1840	2950	3799	3964	3846	3776	4059	3941	3728	4743	4318	4318	4248	3728	3492	2737	2478	2336	2454	1864	1793	1109	424	0	519	826	1132	1463	2265	2100	2761	
2171	2879	3728	3964	3941	3917	4271	4224	4059	5097	4720	4767	4720	4224	3988	3233	2997	2855	2950	2336	2171	1463	849	519	0	448	896	1298	1958	2006	2619	
2076	2478	3304	3587	3610	3634	4012	4012	3894	4956	4649	4743	4767	4295	4130	3374	3186	3091	3280	2714	2596	1888	1250	826	448	0	472	873	1486	1581	2171	
1840	2006	2832	3115	3162	3209	3610	3634	3563	4649	4389	4531	4602	4200	4082	3351	3209	3186	3492	2950	2926	2242	1557	1132	896	472	0	401	1132	1109	1722	
1746	1604	2430	2714	2784	2879	3304	3351	3327	4436	4224	4413	4531	4177	4106	3398	3304	3327	3728	3209	3256	2572	1888	1463	1298	873	401	0	873	708	1321	
2525	1486	2171	2619	2879	3115	3587	3776	3846	4956	4838	5097	5286	4979	4956	4271	4177	4224	4602	4082	4059	3374	2690	2265	1958	1486	1132	873	0	896	1014	
1746	873	1699	2006	2124	2289	2737	2879	2950	4059	3941	4224	4436	4177	4200	3563	3540	3658	4153	3705	3846	3209	2525	2100	2006	1581	1109	708	896	0	637	
2265	472	1156	1581	1864	2194	2690	2926	3091	4200	4177	4531	4790	4602	4672	4082	4106	4271	4790	4342	4507	3870	3186	2761	2619	2171	1722	1321	1014	637	0	
V3
0	1602	2118	2047	1797	1584	1744	1602	1424	2189	1940	2029	2100	1833	1833	1370	1406	1566	2100	1886	2189	1904	1530	1388	1637	1566	1388	1317	1904	1317	1708	
1602	0	640	872	1050	1299	1673	1886	2029	2830	2865	3150	3382	3275	3364	2954	3008	3150	3613	3310	3471	3026	2527	2225	2171	1869	1513	1210	1121	658	356	
2118	640	0	445	872	1263	1619	1922	2171	2883	3026	3364	3666	3631	3773	3435	3506	3702	4200	3916	4111	3666	3168	2865	2812	2492	2136	1833	1637	1281	872	
2047	872	445	0	445	872	1192	1530	1815	2474	2652	3026	3346	3364	3560	3257	3364	3595	4147	3898	4147	3755	3257	2990	2990	2705	2349	2047	1975	1513	1192	
1797	1050	872	445	0	409	747	1068	1352	2011	2189	2563	2901	2954	3150	2901	3043	3293	3880	3684	3969	3613	3150	2901	2972	2723	2385	2100	2171	1602	1406	
1584	1299	1263	872	409	0	373	658	943	1619	1780	2153	2492	2563	2794	2581	2741	3008	3613	3453	3791	3471	3061	2848	2954	2741	2420	2171	2349	1726	1655	
1744	1673	1619	1192	747	373	0	373	729	1263	1495	1886	2278	2403	2670	2527	2723	3026	3649	3542	3916	3649	3257	3061	3221	3026	2723	2492	2705	2064	2029	
1602	1886	1922	1530	1068	658	373	0	356	961	1121	1513	1904	2029	2314	2225	2438	2759	3382	3310	3720	3488	3132	2972	3186	3026	2741	2527	2848	2171	2207	
1424	2029	2171	1815	1352	943	729	356	0	836	836	1192	1548	1655	1940	1869	2100	2420	3061	3026	3453	3257	2937	2812	3061	2937	2687	2509	2901	2225	2331	
2189	2830	2883	2474	2011	1619	1263	961	836	0	498	907	1335	1691	2047	2207	2492	2830	3488	3542	4022	3898	3649	3577	3844	3738	3506	3346	3738	3061	3168	
1940	2865	3026	2652	2189	1780	1495	1121	836	498	0	427	854	1174	1548	1726	2011	2367	3008	3097	3595	3524	3310	3257	3560	3506	3310	3186	3649	2972	3150	
2029	3150	3364	3026	2563	2153	1886	1513	1192	907	427	0	427	818	1210	1513	1797	2136	2759	2901	3417	3417	3257	3257	3595	3577	3417	3328	3844	3186	3417	
2100	3382	3666	3346	2901	2492	2278	1904	1548	1335	854	427	0	480	854	1281	1566	1886	2474	2670	3204	3239	3168	3204	3560	3595	3471	3417	3987	3346	3613	
1833	3275	3631	3364	2954	2563	2403	2029	1655	1691	1174	818	480	0	373	801	1085	1406	1975	2189	2723	2794	2741	2812	3186	3239	3168	3150	3755	3150	3471	
1833	3364	3773	3560	3150	2794	2670	2314	1940	2047	1548	1210	854	373	0	569	783	1068	1602	1851	2385	2509	2509	2634	3008	3115	3079	3097	3738	3168	3524	
1370	2954	3435	3257	2901	2581	2527	2225	1869	2207	1726	1513	1281	801	569	0	284	623	1263	1388	1922	1975	1958	2064	2438	2545	2527	2563	3221	2687	3079	
1406	3008	3506	3364	3043	2741	2723	2438	2100	2492	2011	1797	1566	1085	783	284	0	338	996	1103	1637	1708	1726	1869	2260	2403	2420	2492	3150	2670	3097	
1566	3150	3702	3595	3293	3008	3026	2759	2420	2830	2367	2136	1886	1406	1068	623	338	0	640	783	1317	1459	1566	1762	2153	2331	2403	2509	3186	2759	3221	
2100	3613	4200	4147	3880	3613	3649	3382	3061	3488	3008	2759	2474	1975	1602	1263	996	640	0	462	890	1263	1566	1851	2225	2474	2634	2812	3471	3132	3613	
1886	3310	3916	3898	3684	3453	3542	3310	3026	3542	3097	2901	2670	2189	1851	1388	1103	783	462	0	534	801	1121	1406	1762	2047	2225	2420	3079	2794	3275	
2189	3471	4111	4147	3969	3791	3916	3720	3453	4022	3595	3417	3204	2723	2385	1922	1637	1317	890	534	0	534	1014	1352	1637	1958	2207	2456	3061	2901	3399	
1904	3026	3666	3755	3613	3471	3649	3488	3257	3898	3524	3417	3239	2794	2509	1975	1708	1459	1263	801	534	0	516	836	1103	1424	1691	1940	2545	2420	2919	
1530	2527	3168	3257	3150	3061	3257	3132	2937	3649	3310	3257	3168	2741	2509	1958	1726	1566	1566	1121	1014	516	0	320	640	943	1174	1424	2029	1904	2403	
1388	2225	2865	2990	2901	2848	3061	2972	2812	3577	3257	3257	3204	2812	2634	2064	1869	1762	1851	1406	1352	836	320	0	391	623	854	1103	1708	1584	2082	
1637	2171	2812	2990	2972	2954	3221	3186	3061	3844	3560	3595	3560	3186	3008	2438	2260	2153	2225	1762	1637	1103	640	391	0	338	676	979	1477	1513	1975	
1566	1869	2492	2705	2723	2741	3026	3026	2937	3738	3506	3577	3595	3239	3115	2545	2403	2331	2474	2047	1958	1424	943	623	338	0	356	658	1121	1192	1637	
1388	1513	2136	2349	2385	2420	2723	2741	2687	3506	3310	3417	3471	3168	3079	2527	2420	2403	2634	2225	2207	1691	1174	854	676	356	0	302	854	836	1299	
1317	1210	1833	2047	2100	2171	2492	2527	2509	3346	3186	3328	3417	3150	3097	2563	2492	2509	2812	2420	2456	1940	1424	1103	979	658	302	0	658	534	996	
1904	1121	1637	1975	2171	2349	2705	2848	2901	3738	3649	3844	3987	3755	3738	3221	3150	3186	3471	3079	3061	2545	2029	1708	1477	1121	854	658	0	676	765	
1317	658	1281	1513	1602	1726	2064	2171	2225	3061	2972	3186	3346	3150	3168	2687	2670	2759	3132	2794	2901	2420	1904	1584	1513	1192	836	534	676	0	480	
1708	356	872	1192	1406	1655	2029	2207	2331	3168	3150	3417	3613	3471	3524	3079	3097	3221	3613	3275	3399	2919	2403	2082	1975	1637	1299	996	765	480	0	
V4
0	2286	3022	2921	2565	2260	2489	2286	2032	3124	2768	2895	2997	2616	2616	1955	2006	2235	2997	2692	3124	2717	2184	1981	2336	2235	1981	1879	2717	1879	2438	
2286	0	914	1244	1498	1854	2387	2692	2895	4038	4089	4495	4826	4673	4800	4216	4292	4495	5156	4724	4953	4318	3606	3175	3098	2667	2159	1727	1600	939	508	
3022	914	0	635	1244	1803	2311	2743	3098	4114	4318	4800	5232	5181	5384	4902	5003	5283	5994	5588	5867	5232	4521	4089	4013	3556	3048	2616	2336	1828	1244	
2921	1244	635	0	635	1244	1701	2184	2590	3530	3784	4318	4775	4800	5080	4648	4800	5130	5918	5562	5918	5359	4648	4267	4267	3860	3352	2921	2819	2159	1701	
2565	1498	1244	635	0	584	1066	1524	1930	2870	3124	3657	4140	4216	4495	4140	4343	4699	5537	5257	5664	5156	4495	4140	4241	3886	3403	2997	3098	2286	2006	
2260	1854	1803	1244	584	0	533	939	1346	2311	2540	3073	3556	3657	3987	3683	3911	4292	5156	4927	5410	4953	4368	4064	4216	3911	3454	3098	3352	2463	2362	
2489	2387	2311	1701	1066	533	0	533	1041	1803	2133	2692	3251	3429	3810	3606	3886	4318	5207	5054	5588	5207	4648	4368	4597	4318	3886	3556	3860	2946	2895	
2286	2692	2743	2184	1524	939	533	0	508	1371	1600	2159	2717	2895	3302	3175	3479	3937	4826	4724	5308	4978	4470	4241	4546	4318	3911	3606	4064	3098	3149	
2032	2895	3098	2590	1930	1346	1041	508	0	1193	1193	1701	2209	2362	2768	2667	2997	3454	4368	4318	4927	4648	4191	4013	4368	4191	3835	3581	4140	3175	3327	
3124	4038	4114	3530	2870	2311	1803	1371	1193	0	711	1295	1905	2413	2921	3149	3556	4038	4978	5054	5740	5562	5207	5105	5486	5334	5003	4775	5334	4368	4521	
2768	4089	4318	3784	3124	2540	2133	1600	1193	711	0	609	1219	1676	2209	2463	2870	3378	4292	4419	5130	5029	4724	4648	5080	5003	4724	4546	5207	4241	4495	
2895	4495	4800	4318	3657	3073	2692	2159	1701	1295	609	0	609	1168	1727	2159	2565	3048	3937	4140	4876	4876	4648	4648	5130	5105	4876	4749	5486	4546	4876	
2997	4826	5232	4775	4140	3556	3251	2717	2209	1905	1219	609	0	685	1219	1828	2235	2692	3530	3810	4572	4622	4521	4572	5080	5130	4953	4876	5689	4775	5156	
2616	4673	5181	4800	4216	3657	3429	2895	2362	2413	1676	1168	685	0	533	1143	1549	2006	2819	3124	3886	3987	3911	4013	4546	4622	4521	4495	5359	4495	4953	
2616	4800	5384	5080	4495	3987	3810	3302	2768	2921	2209	1727	1219	533	0	812	1117	1524	2286	2641	3403	3581	3581	3759	4292	4445	4394	4419	5334	4521	5029	
1955	4216	4902	4648	4140	3683	3606	3175	2667	3149	2463	2159	1828	1143	812	0	406	889	1803	1981	2743	2819	2794	2946	3479	3632	3606	3657	4597	3835	4394	
2006	4292	5003	4800	4343	3911	3886	3479	2997	3556	2870	2565	2235	1549	1117	406	0	482	1422	1574	2336	2438	2463	2667	3225	3429	3454	3556	4495	3810	4419	
2235	4495	5283	5130	4699	4292	4318	3937	3454	4038	3378	3048	2692	2006	1524	889	482	0	914	1117	1879	2082	2235	2514	3073	3327	3429	3581	4546	3937	4597	
2997	5156	5994	5918	5537	5156	5207	4826	4368	4978	4292	3937	3530	2819	2286	1803	1422	914	0	660	1270	1803	2235	2641	3175	3530	3759	4013	4953	4470	5156	
2692	4724	5588	5562	5257	4927	5054	4724	4318	5054	4419	4140	3810	3124	2641	1981	1574	1117	660	0	762	1143	1600	2006	2514	2921	3175	3454	4394	3987	4673	
3124	4953	5867	5918	5664	5410	5588	5308	4927	5740	5130	4876	4572	3886	3403	2743	2336	1879	1270	762	0	762	1447	1930	2336	2794	3149	3505	4368	4140	4851	
2717	4318	5232	5359	5156	4953	5207	4978	4648	5562	5029	4876	4622	3987	3581	2819	2438	2082	1803	1143	762	0	736	1193	1574	2032	2413	2768	3632	3454	4165	
2184	3606	4521	4648	4495	4368	4648	4470	4191	5207	4724	4648	4521	3911	3581	2794	2463	2235	2235	1600	1447	736	0	457	914	1346	1676	2032	2895	2717	3429	
1981	3175	4089	4267	4140	4064	4368	4241	4013	5105	4648	4648	4572	4013	3759	2946	2667	2514	2641	2006	1930	1193	457	0	558	889	1219	1574	2438	2260	2971	
2336	3098	4013	4267	4241	4216	4597	4546	4368	5486	5080	5130	5080	4546	4292	3479	3225	3073	3175	2514	2336	1574	914	558	0	482	965	1397	2108	2159	2819	
2235	2667	3556	3860	3886	3911	4318	4318	4191	5334	5003	5105	5130	4622	4445	3632	3429	3327	3530	2921	2794	2032	1346	889	482	0	508	939	1600	1701	2336	
1981	2159	3048	3352	3403	3454	3886	3911	3835	5003	4724	4876	4953	4521	4394	3606	3454	3429	3759	3175	3149	2413	1676	1219	965	508	0	431	1219	1193	1854	
1879	1727	2616	2921	2997	3098	3556	3606	3581	4775	4546	4749	4876	4495	4419	3657	3556	3581	4013	3454	3505	2768	2032	1574	1397	939	431	0	939	762	1422	
2717	1600	2336	2819	3098	3352	3860	4064	4140	5334	5207	5486	5689	5359	5334	4597	4495	4546	4953	4394	4368	3632	2895	2438	2108	1600	1219	939	0	965	1092	
1879	939	1828	2159	2286	2463	2946	3098	3175	4368	4241	4546	4775	4495	4521	3835	3810	3937	4470	3987	4140	3454	2717	2260	2159	1701	1193	762	965	0	685	
2438	508	1244	1701	2006	2362	2895	3149	3327	4521	4495	4876	5156	4953	5029	4394	4419	4597	5156	4673	4851	4165	3429	2971	2819	2336	1854	1422	1092	685	0	
V5
0	1998	2641	2553	2242	1975	2175	1998	1776	2730	2419	2530	2619	2286	2286	1709	1753	1953	2619	2353	2730	2375	1909	1731	2042	1953	1731	1642	2375	1642	2131	
1998	0	799	1087	1309	1620	2086	2353	2530	3529	3574	3929	4218	4084	4195	3685	3751	3929	4506	4129	4329	3774	3152	2775	2708	2331	1887	1509	1398	821	444	
2641	799	0	555	1087	1576	2020	2397	2708	3596	3774	4195	4573	4528	4706	4284	4373	4617	5239	4884	5128	4573	3951	3574	3507	3108	2664	2286	2042	1598	1087	
2553	1087	555	0	555	1087	1487	1909	2264	3085	3307	3774	4173	4195	4440	4062	4195	4484	5172	4861	5172	4684	4062	3729	3729	3374	2930	2553	2464	1887	1487	
2242	1309	1087	555	0	510	932	1332	1687	2508	2730	3196	3618	3685	3929	3618	3796	4107	4839	4595	4950	4506	3929	3618	3707	3396	2974	2619	2708	1998	1753	
1975	1620	1576	1087	510	0	466	821	1176	2020	2220	2686	3108	3196	3485	3219	3418	3751	4506	4306	4728	4329	3818	3552	3685	3418	3019	2708	2930	2153	2064	
2175	2086	2020	1487	932	466	0	466	910	1576	1864	2353	2841	2997	3330	3152	3396	3774	4551	4417	4884	4551	4062	3818	4018	3774	3396	3108	3374	2575	2530	
1998	2353	2397	1909	1332	821	466	0	444	1198	1398	1887	2375	2530	2886	2775	3041	3441	4218	4129	4639	4351	3907	3707	3973	3774	3418	3152	3552	2708	2752	
1776	2530	2708	2264	1687	1176	910	444	0	1043	1043	1487	1931	2064	2419	2331	2619	3019	3818	3774	4306	4062	3663	3507	3818	3663	3352	3130	3618	2775	2908	
2730	3529	3596	3085	2508	2020	1576	1198	1043	0	621	1132	1665	2109	2553	2752	3108	3529	4351	4417	5017	4861	4551	4462	4795	4662	4373	4173	4662	3818	3951	
2419	3574	3774	3307	2730	2220	1864	1398	1043	621	0	532	1065	1465	1931	2153	2508	2952	3751	3862	4484	4395	4129	4062	4440	4373	4129	3973	4551	3707	3929	
2530	3929	4195	3774	3196	2686	2353	1887	1487	1132	532	0	532	1021	1509	1887	2242	2664	3441	3618	4262	4262	4062	4062	4484	4462	4262	4151	4795	3973	4262	
2619	4218	4573	4173	3618	3108	2841	2375	1931	1665	1065	532	0	599	1065	1598	1953	2353	3085	3330	3996	4040	3951	3996	4440	4484	4329	4262	4972	4173	4506	
2286	4084	4528	4195	3685	3196	2997	2530	2064	2109	1465	1021	599	0	466	999	1354	1753	2464	2730	3396	3485	3418	3507	3973	4040	3951	3929	4684	3929	4329	
2286	4195	4706	4440	3929	3485	3330	2886	2419	2553	1931	1509	1065	466	0	710	976	1332	1998	2308	2974	3130	3130	3285	3751	3885	3840	3862	4662	3951	4395	
1709	3685	4284	4062	3618	3219	3152	2775	2331	2752	2153	1887	1598	999	710	0	355	777	1576	1731	2397	2464	2442	2575	3041	3174	3152	3196	4018	3352	3840	
1753	3751	4373	4195	3796	3418	3396	3041	2619	3108	2508	2242	1953	1354	976	355	0	421	1243	1376	2042	2131	2153	2331	2819	2997	3019	3108	3929	3330	3862	
1953	3929	4617	4484	4107	3751	3774	3441	3019	3529	2952	2664	2353	1753	1332	777	421	0	799	976	1642	1820	1953	2197	2686	2908	2997	3130	3973	3441	4018	
2619	4506	5239	5172	4839	4506	4551	4218	3818	4351	3751	3441	3085	2464	1998	1576	1243	799	0	577	1110	1576	1953	2308	2775	3085	3285	3507	4329	3907	4506	
2353	4129	4884	4861	4595	4306	4417	4129	3774	4417	3862	3618	3330	2730	2308	1731	1376	976	577	0	666	999	1398	1753	2197	2553	2775	3019	3840	3485	4084	
2730	4329	5128	5172	4950	4728	4884	4639	4306	5017	4484	4262	3996	3396	2974	2397	2042	1642	1110	666	0	666	1265	1687	2042	2442	2752	3063	3818	3618	4240	
2375	3774	4573	4684	4506	4329	4551	4351	4062	4861	4395	4262	4040	3485	3130	2464	2131	1820	1576	999	666	0	643	1043	1376	1776	2109	2419	3174	3019	3640	
1909	3152	3951	4062	3929	3818	4062	3907	3663	4551	4129	4062	3951	3418	3130	2442	2153	1953	1953	1398	1265	643	0	399	799	1176	1465	1776	2530	2375	2997	
1731	2775	3574	3729	3618	3552	3818	3707	3507	4462	4062	4062	3996	3507	3285	2575	2331	2197	2308	1753	1687	1043	399	0	488	777	1065	1376	2131	1975	2597	
