M: 4
N: 30
Nun_Veiculos: 11
Capacidade_Total: 849
Demanda_Total: 541
Setup_Min: 1
Setup_Max: 99
Raio: 100
Circulos: 1
Tempo_Processamento_Min: 1
Tempo_Processamento_Max: 49
Demanda_Min: 10
Demanda_Max: 30
Priority_Factor: 0.2
Range_Factor_R: 0.8
U_factor: 2
ALpha: 0.2Replicao: 1
Tempos_Processamentos
0	0	1	0	2	0	3	0	
0	25	1	36	2	27	3	20	
0	29	1	38	2	32	3	25	
0	36	1	35	2	22	3	39	
0	30	1	2	2	38	3	36	
0	30	1	48	2	3	3	14	
0	11	1	3	2	18	3	46	
0	3	1	8	2	17	3	32	
0	38	1	45	2	13	3	36	
0	11	1	49	2	12	3	43	
0	13	1	21	2	35	3	15	
0	19	1	25	2	23	3	1	
0	30	1	27	2	2	3	23	
0	27	1	36	2	5	3	35	
0	27	1	14	2	40	3	38	
0	27	1	32	2	9	3	44	
0	29	1	6	2	25	3	13	
0	14	1	39	2	28	3	40	
0	43	1	31	2	17	3	25	
0	32	1	47	2	42	3	38	
0	24	1	31	2	33	3	7	
0	5	1	20	2	14	3	25	
0	3	1	42	2	12	3	48	
0	13	1	38	2	14	3	33	
0	24	1	28	2	10	3	19	
0	11	1	30	2	37	3	1	
0	45	1	1	2	4	3	9	
0	37	1	48	2	19	3	25	
0	13	1	34	2	17	3	29	
0	6	1	22	2	29	3	47	
0	41	1	25	2	38	3	34	

Tempos_setup
M0
0	0	0	0	0	0	0	0	0	0	0	0	0	0	0	0	0	0	0	0	0	0	0	0	0	0	0	0	0	0	0	
0	0	12	5	9	2	12	8	8	26	10	18	13	13	13	8	10	20	16	7	13	13	11	17	8	10	7	3	7	9	13	
0	11	0	13	17	13	17	18	15	22	11	14	8	14	12	9	11	12	4	14	16	2	17	18	19	17	15	14	8	9	15	
0	7	7	0	13	9	13	15	3	24	7	13	11	8	12	5	5	15	11	2	11	9	12	14	12	5	2	10	4	4	12	
0	10	10	15	0	12	16	14	14	17	10	24	4	13	15	8	10	22	14	13	4	12	8	16	7	16	11	11	7	17	17	
0	10	10	3	7	0	16	18	6	24	10	16	11	11	11	8	8	18	14	5	11	12	15	17	6	8	5	13	7	7	14	
0	9	14	9	8	11	0	17	5	25	8	15	12	10	13	7	7	17	18	4	12	15	14	15	14	7	11	12	6	10	1	
0	13	18	13	12	15	4	0	9	29	12	19	16	14	17	8	11	21	22	8	16	16	18	19	18	11	15	16	10	14	5	
0	4	9	4	10	6	10	12	0	23	4	10	14	7	9	2	4	17	13	6	10	10	9	11	9	2	6	7	1	5	11	
0	16	16	21	6	18	22	20	20	0	16	24	10	19	21	14	16	28	20	19	10	18	14	22	13	22	17	17	13	23	23	
0	12	13	15	6	14	6	20	11	23	0	21	10	13	5	10	12	23	17	10	10	15	14	7	13	13	4	15	9	16	7	
0	13	19	14	18	15	15	11	10	31	13	0	16	15	8	4	12	22	22	9	18	12	19	20	17	12	16	6	10	15	11	
0	6	18	11	12	8	12	10	10	25	6	20	0	9	11	4	6	22	22	9	12	12	17	13	14	12	10	9	3	15	13	
0	12	9	11	7	14	17	20	8	16	11	17	11	0	16	10	10	17	13	7	3	11	15	18	6	9	10	15	9	12	4	
0	11	16	11	16	13	16	19	7	28	10	17	20	12	0	9	9	19	20	6	15	17	16	17	16	9	13	14	8	12	3	
0	9	15	10	14	11	15	17	6	27	9	16	18	11	14	0	8	18	19	5	14	8	15	16	13	8	12	12	6	11	15	
0	3	12	8	10	5	15	11	11	19	13	18	14	3	15	11	0	20	16	10	6	14	14	20	9	12	10	6	10	12	7	
0	15	13	20	21	17	17	13	18	34	15	8	13	18	15	12	15	0	17	17	21	15	5	18	23	20	4	8	12	12	18	
0	23	18	18	16	25	25	21	20	25	23	10	20	25	18	14	22	28	0	19	12	18	24	30	15	22	19	16	20	22	21	
0	5	10	5	11	7	11	13	1	22	5	11	15	6	10	3	3	13	14	0	9	11	10	12	10	3	7	8	2	6	10	
0	14	6	19	4	16	20	18	18	13	14	20	8	17	18	12	14	18	10	17	0	8	12	20	3	20	7	15	11	13	21	
0	18	11	11	21	20	23	19	14	20	18	14	14	19	10	16	16	10	15	13	17	0	15	25	20	16	13	14	15	7	13	
0	10	22	15	16	12	12	8	14	29	10	24	13	13	15	8	10	23	20	13	16	13	0	17	18	16	14	3	7	19	13	
0	9	15	14	13	11	15	13	13	22	9	23	3	6	14	7	9	23	19	12	9	15	20	0	12	15	13	12	6	18	10	
0	11	11	16	1	13	17	15	15	18	11	25	5	14	16	9	11	23	15	14	5	13	9	17	0	17	12	12	8	10	18	
0	9	7	2	15	9	15	13	5	26	9	8	13	10	14	7	7	15	11	4	13	9	14	16	14	0	4	8	6	3	14	
0	15	9	20	21	17	21	19	18	30	15	23	9	14	11	13	15	21	13	17	17	11	26	14	20	20	0	15	12	18	14	
0	7	19	12	13	9	9	5	11	26	7	21	10	10	12	5	7	20	17	10	13	10	18	14	15	13	11	0	4	16	10	
0	3	15	8	9	5	9	11	7	22	3	17	13	6	8	1	3	19	19	6	9	9	14	10	11	9	7	6	0	12	10	
0	14	4	17	14	16	16	12	18	23	14	18	12	17	16	12	14	16	8	17	10	6	21	21	13	20	17	7	11	0	17	
0	8	13	8	13	10	13	16	4	25	7	14	17	9	12	6	6	16	17	3	12	14	13	14	13	6	10	11	5	9	0	
M1
0	0	0	0	0	0	0	0	0	0	0	0	0	0	0	0	0	0	0	0	0	0	0	0	0	0	0	0	0	0	0	
0	0	20	12	6	26	2	4	12	15	15	13	17	14	21	18	13	13	13	7	15	15	1	25	10	21	6	9	11	8	22	
0	28	0	15	5	29	11	13	17	15	10	16	10	16	4	23	15	17	22	18	18	14	24	24	9	22	11	14	32	13	23	
0	16	21	0	11	16	11	1	13	5	6	7	17	12	23	20	20	7	21	19	16	19	13	20	13	15	8	10	23	10	10	
0	28	17	12	0	24	16	13	12	17	12	11	17	18	17	18	10	19	17	13	15	9	23	26	4	19	6	9	27	8	18	
0	19	17	12	5	0	2	4	12	12	13	9	1	19	17	14	15	13	17	16	9	14	16	27	9	10	6	9	26	4	22	
0	17	18	10	7	24	0	2	10	15	16	11	15	17	19	16	16	11	15	14	13	15	14	30	11	19	4	7	24	6	20	
0	15	24	16	13	30	13	0	16	21	20	17	21	23	25	22	22	9	28	18	19	21	12	34	12	17	10	13	22	12	26	
0	22	28	10	17	18	10	11	0	15	16	17	9	22	21	26	22	17	25	19	3	25	13	23	13	21	14	17	15	16	20	
0	22	16	6	6	22	6	7	8	0	1	2	12	7	18	15	15	2	21	16	11	14	19	15	10	10	3	5	23	5	16	
0	21	23	5	12	21	5	6	15	10	0	12	20	6	19	16	21	12	20	19	18	20	18	14	16	20	9	12	28	11	15	
0	22	14	6	10	22	16	7	6	11	12	0	15	13	18	26	20	13	22	23	9	19	17	26	14	21	14	3	21	16	16	
0	18	19	11	8	25	1	3	11	11	12	12	0	18	20	17	17	12	16	15	8	16	15	26	10	12	5	8	25	7	21	
0	19	37	29	25	43	19	15	29	29	30	30	18	0	38	35	32	24	31	26	26	34	20	44	27	30	23	26	26	25	39	
0	24	25	11	14	27	7	9	17	11	6	13	6	12	0	22	23	13	22	21	14	22	21	20	16	18	11	14	31	13	21	
0	27	23	14	17	30	10	12	16	14	9	10	9	13	3	0	26	16	25	22	17	25	24	23	19	16	14	13	31	16	24	
0	23	7	7	11	23	7	8	7	12	2	1	15	8	11	18	0	14	7	15	9	20	13	16	15	9	11	4	22	13	17	
0	23	15	7	4	21	11	8	7	12	13	8	12	14	16	13	13	0	20	14	10	12	20	27	8	8	1	4	22	3	17	
0	25	20	9	9	25	9	10	12	14	4	13	8	10	20	18	18	16	0	18	2	17	12	18	12	20	6	9	22	8	19	
0	16	28	20	17	29	18	20	20	25	24	21	24	27	18	26	26	13	29	0	23	25	17	18	21	21	14	17	27	16	23	
0	23	25	7	14	23	7	8	17	12	13	14	6	19	18	23	23	14	22	16	0	22	10	20	10	18	11	14	20	13	17	
0	20	8	8	4	24	8	9	8	8	3	2	12	9	12	19	1	10	8	4	6	0	14	17	8	10	10	5	23	12	18	
0	17	19	11	5	25	1	3	11	14	15	12	16	13	20	17	15	12	16	6	14	14	0	24	9	20	5	8	10	7	21	
0	29	20	22	19	31	12	14	22	27	19	18	22	25	24	28	17	23	24	26	25	27	26	0	23	26	16	19	34	18	32	
0	24	16	8	5	20	12	9	8	13	8	9	13	14	13	14	14	15	20	17	11	13	21	22	0	23	2	5	23	4	14	
0	22	7	16	12	30	18	17	16	21	17	16	17	23	11	21	22	9	29	6	19	21	23	24	16	0	10	13	31	11	26	
0	22	14	6	3	20	10	7	6	11	12	7	11	13	15	12	12	13	19	15	9	11	19	26	7	21	0	3	21	2	16	
0	19	11	3	7	19	13	4	3	8	9	10	12	10	15	23	17	10	19	20	6	16	16	23	11	18	11	0	18	13	13	
0	7	17	11	8	25	1	3	11	11	12	12	16	18	20	17	12	12	16	14	14	11	8	26	12	10	5	8	0	7	21	
0	25	18	11	1	25	8	10	11	16	13	5	9	18	13	10	11	18	18	14	14	10	22	27	5	20	7	8	26	0	19	
0	25	18	10	7	6	8	10	10	15	16	11	7	9	19	16	16	3	23	17	13	15	22	30	11	11	4	7	25	6	0	
M2
0	0	0	0	0	0	0	0	0	0	0	0	0	0	0	0	0	0	0	0	0	0	0	0	0	0	0	0	0	0	0	
0	0	11	8	10	13	20	13	15	18	5	10	14	19	13	12	23	13	3	8	11	9	12	8	12	18	24	7	7	8	12	
0	27	0	23	22	30	26	25	21	28	26	22	26	16	30	29	24	24	28	25	21	23	25	17	31	19	19	26	26	24	21	
0	15	12	0	10	15	15	7	19	12	13	4	16	14	15	14	19	17	15	8	4	9	10	16	18	14	24	14	12	16	4	
0	5	16	13	0	18	24	16	20	21	10	15	19	23	18	17	28	18	8	13	16	14	17	13	17	23	29	12	12	13	17	
0	17	14	2	12	0	17	9	21	14	15	6	18	16	17	16	21	19	17	10	6	11	12	18	20	16	26	16	14	18	6	
0	19	10	10	14	16	0	11	16	16	15	8	15	11	19	18	19	13	17	4	7	9	14	15	19	14	20	17	16	18	8	
0	16	9	9	11	8	8	0	12	5	6	6	9	7	8	7	15	14	8	6	9	6	3	9	13	10	21	8	5	9	10	
0	13	14	15	17	13	5	13	0	18	16	11	14	16	13	12	23	18	16	9	12	14	8	18	23	19	25	18	10	19	13	
0	11	10	4	6	10	3	4	7	0	1	1	11	2	12	11	10	9	3	4	7	5	7	4	8	5	16	3	7	4	8	
0	10	9	3	5	9	15	8	10	13	0	5	10	15	12	11	18	8	2	3	6	4	7	3	7	13	19	2	6	3	7	
0	11	12	12	6	11	11	3	15	8	9	0	12	10	11	10	18	17	11	9	12	5	6	12	16	13	24	11	8	12	13	
0	23	17	11	18	9	17	16	20	14	13	14	0	15	9	8	23	11	15	16	15	11	11	13	12	18	30	15	13	16	15	
0	16	13	9	11	16	10	9	5	14	10	6	10	0	16	15	8	8	12	13	5	11	12	10	15	3	17	10	10	13	13	
0	20	10	5	15	20	20	12	24	17	18	9	21	19	0	19	22	22	20	13	9	14	15	21	23	17	29	19	17	21	9	
0	17	9	3	12	1	13	8	12	13	14	6	2	7	1	0	15	13	16	11	7	3	3	15	14	10	23	16	5	17	7	
0	16	13	1	11	9	16	8	17	13	10	5	10	15	12	11	0	8	12	9	5	10	7	10	7	15	25	2	9	13	5	
0	12	11	5	7	11	14	10	9	15	2	7	2	12	11	10	20	0	4	5	8	6	9	2	9	15	19	4	8	5	9	
0	14	8	12	20	10	22	17	21	22	15	15	11	16	10	9	24	22	0	18	16	12	12	18	22	19	22	17	4	18	16	
0	15	6	6	10	15	15	7	18	12	11	4	11	14	15	14	15	9	13	0	3	5	10	11	18	10	16	13	12	14	4	
0	12	8	11	7	12	12	4	16	9	10	1	13	11	12	11	19	16	12	10	0	6	7	13	15	14	25	10	9	13	14	
0	25	20	10	20	18	25	17	29	22	22	14	19	24	18	17	20	20	24	18	14	0	20	22	27	15	34	22	21	25	14	
0	14	6	7	9	5	13	5	16	10	11	3	6	11	5	4	15	17	13	11	11	7	0	14	18	14	20	13	2	14	11	
0	19	14	15	14	13	12	13	7	18	19	11	14	19	13	12	23	18	21	16	19	13	8	0	17	22	17	21	10	12	19	
0	13	12	6	8	12	15	11	10	16	3	8	3	13	12	11	21	1	5	6	9	4	10	3	0	16	20	5	9	6	6	
0	13	11	6	8	13	17	9	14	14	7	10	7	16	13	12	5	5	9	10	10	11	12	7	12	0	24	7	7	10	10	
0	8	2	7	3	15	12	7	16	9	10	4	16	11	15	14	19	18	11	13	11	6	10	13	17	14	0	12	9	5	11	
0	14	11	1	9	7	14	6	15	11	8	3	8	13	10	9	20	6	10	9	5	8	5	8	5	15	25	0	7	11	5	
0	22	4	8	17	6	18	13	17	18	19	11	7	12	6	5	20	18	11	16	12	8	8	20	19	15	18	19	0	22	12	
0	7	18	11	2	14	16	17	17	13	12	14	15	15	14	13	21	20	10	15	15	1	16	15	19	16	22	14	14	0	15	
0	17	10	2	12	17	17	9	18	14	15	6	15	16	17	16	19	13	17	4	6	9	12	15	14	14	20	16	14	18	0	
M3
0	0	0	0	0	0	0	0	0	0	0	0	0	0	0	0	0	0	0	0	0	0	0	0	0	0	0	0	0	0	0	
0	0	28	29	17	21	24	14	22	18	17	18	20	12	13	14	16	19	20	17	14	16	9	19	15	21	16	16	25	25	11	
0	17	0	17	6	16	13	17	16	18	6	14	7	12	2	14	9	3	12	16	1	12	12	8	18	14	16	18	7	12	14	
0	15	6	0	6	19	15	17	17	21	8	16	10	15	8	17	15	9	18	12	7	18	12	14	10	20	11	20	13	15	14	
0	11	20	14	0	13	9	18	20	25	2	10	4	19	7	19	23	22	24	21	6	12	16	13	19	17	15	14	26	9	15	
0	11	19	20	12	0	15	5	7	12	8	13	14	6	9	6	10	12	14	8	8	8	3	15	6	13	7	13	16	19	2	
0	8	11	5	11	4	0	9	11	16	12	1	13	10	10	10	14	13	18	12	12	12	7	16	10	11	6	5	18	14	6	
0	9	24	21	8	20	16	0	18	17	10	17	12	11	13	11	9	12	19	13	12	3	16	19	11	8	5	15	11	17	7	
0	23	31	32	22	27	27	17	0	19	20	25	23	18	18	12	8	11	21	12	17	20	28	24	18	13	19	32	23	28	14	
0	20	25	19	9	11	14	16	18	0	9	15	13	17	5	17	20	23	2	19	15	19	14	11	17	24	18	19	18	18	13	
0	15	18	12	14	11	7	16	18	23	0	8	7	17	10	17	21	20	25	19	9	15	14	16	17	18	13	12	25	12	13	
0	14	22	23	15	3	18	8	10	15	11	0	17	9	12	9	13	15	17	11	11	11	6	18	9	10	10	16	19	13	5	
0	18	21	19	7	9	14	14	16	21	7	15	0	15	3	15	19	21	23	17	2	8	12	9	15	13	16	19	22	5	11	
0	8	21	19	7	17	14	9	17	6	7	15	8	0	3	2	4	7	8	15	2	12	17	9	13	9	14	19	19	13	9	
0	15	22	16	4	15	11	19	14	26	4	12	8	20	0	20	22	24	28	14	10	16	18	6	20	21	17	16	29	13	16	
0	16	24	25	15	21	20	10	18	14	13	18	16	8	11	0	12	15	16	13	10	13	16	17	11	17	12	25	17	21	7	
0	20	28	26	14	19	21	19	15	11	14	22	15	20	10	19	0	3	13	22	9	12	22	16	20	5	16	26	29	20	16	
0	17	30	26	14	23	23	16	24	19	16	24	14	17	17	17	20	0	21	19	16	9	26	23	17	14	13	28	27	19	13	
0	20	23	17	22	16	12	14	23	21	24	13	25	21	22	22	23	25	0	24	23	17	18	28	22	22	18	17	25	26	18	
0	11	19	20	13	16	15	5	5	12	8	13	14	6	9	6	10	13	14	0	8	8	19	15	6	13	7	20	16	19	2	
0	16	19	17	5	15	12	20	15	27	5	13	6	21	1	21	22	22	29	15	0	14	18	7	21	14	18	17	20	11	17	
0	13	21	19	5	18	14	7	15	14	7	15	9	8	10	8	12	15	16	10	9	0	17	16	8	5	9	19	18	14	4	
0	11	19	20	9	16	15	5	13	9	8	13	11	3	6	5	7	10	11	8	5	8	0	12	6	12	7	20	16	16	2	
0	24	38	32	34	30	27	31	24	37	34	28	29	31	31	33	28	29	39	36	30	29	31	0	36	33	22	21	26	26	32	
0	5	20	14	15	10	9	7	7	14	2	7	9	8	11	8	12	15	16	2	10	10	13	17	0	15	1	14	18	14	4	
0	20	23	21	9	14	16	19	10	18	9	17	10	20	5	20	18	21	20	19	4	18	17	11	20	0	21	21	24	15	16	
0	4	22	16	21	15	11	18	13	15	21	12	24	16	17	18	20	23	17	21	18	20	13	23	19	22	0	16	29	25	15	
0	3	23	17	14	16	12	10	14	16	14	13	8	15	10	17	19	8	18	20	9	13	12	16	18	18	1	0	21	13	14	
0	13	16	10	12	10	6	10	17	11	12	7	13	5	8	7	2	5	13	13	7	10	5	14	11	7	12	11	0	18	7	
0	15	23	20	8	4	15	9	11	16	8	16	12	10	13	10	14	16	18	12	12	3	7	19	10	8	11	17	20	0	6	
0	9	17	18	11	14	13	3	11	10	6	11	12	4	7	4	8	11	12	6	6	6	17	13	4	11	5	18	14	17	0	
Tamanho_Tarefas
0	21	25	27	10	19	11	10	29	28	21	11	11	8	29	18	9	17	22	38	12	12	23	16	11	6	11	27	19	14	26	
Data_Entrega
0	217	217	220	209	166	188	183	174	183	200	188	216	191	220	201	181	222	168	177	226	170	208	185	224	171	224	176	220	179	166	
Penalidade_Atraso
0	16	17	20	11	14	9	12	3	20	18	10	2	12	14	2	15	15	12	19	16	17	1	2	14	12	20	10	6	10	1	
Capacidade_Veiculo
40	66	67	109	48	57	98	76	113	80	95	
Custo_Fixo_Veiculo
400	660	670	1090	480	570	980	760	1130	800	950	
Coordenadas_Clientes
x	0	y	0
x	76	y	0
x	79	y	16
x	70	y	31
x	86	y	62
x	54	y	60
x	46	y	80
x	28	y	88
x	10	y	98
x	-11	y	113
x	-33	y	101
x	-39	y	68
x	-56	y	63
x	-86	y	62
x	-71	y	31
x	-76	y	16
x	-125	y	0
x	-88	y	-18
x	-109	y	-48
x	-90	y	-65
x	-79	y	-88
x	-62	y	-108
x	-38	y	-116
x	-8	y	-76
x	9	y	-88
x	29	y	-90
x	38	y	-65
x	72	y	-81
x	62	y	-45
x	86	y	-38
x	121	y	-25
Tempo_Viagem
0	76	80	76	106	80	92	92	98	113	106	78	84	106	77	77	125	89	119	111	118	124	122	76	88	94	75	108	76	94	123	
76	0	16	31	62	63	84	100	118	142	148	133	146	173	150	152	201	164	191	178	178	175	162	113	110	101	75	81	47	39	51	
80	16	0	17	46	50	71	87	106	131	140	128	142	171	150	155	204	169	198	187	189	187	176	126	125	116	90	97	63	54	58	
76	31	17	0	34	33	54	70	89	114	124	115	130	159	141	146	197	165	195	186	190	191	182	132	133	127	101	112	76	70	75	
106	62	46	34	0	32	43	62	82	107	124	125	142	172	160	168	219	191	223	217	222	225	216	166	167	161	135	143	109	100	93	
80	63	50	33	32	0	21	38	58	83	96	93	110	140	128	137	188	162	195	190	198	204	198	149	154	152	126	142	105	102	108	
92	84	71	54	43	21	0	19	39	64	81	85	102	132	126	137	188	166	201	198	209	216	213	165	172	170	145	163	126	123	129	
92	100	87	70	62	38	19	0	20	45	62	69	86	116	114	126	176	157	193	193	205	215	214	167	177	178	153	174	137	138	145	
98	118	106	89	82	58	39	20	0	25	43	57	74	102	105	118	166	151	187	191	206	218	219	174	186	188	165	189	152	155	164	
113	142	131	114	107	83	64	45	25	0	25	53	67	90	101	116	160	151	187	194	212	226	230	189	201	206	184	211	174	179	189	
106	148	140	124	124	96	81	62	43	25	0	33	44	65	79	94	136	130	166	175	194	210	217	178	193	200	180	210	174	182	198	
78	133	128	115	125	93	85	69	57	53	33	0	17	47	48	63	109	98	134	142	161	177	184	147	163	172	153	185	151	163	184	
84	146	142	130	142	110	102	86	74	67	44	17	0	30	35	50	93	86	122	132	152	171	179	147	164	175	158	192	159	174	197	
106	173	171	159	172	140	132	116	102	90	65	47	30	0	34	47	73	80	112	127	150	171	184	158	177	190	177	213	182	198	224	
77	150	150	141	160	128	126	114	105	101	79	48	35	34	0	15	62	51	87	97	119	139	150	124	143	156	145	181	153	171	200	
77	152	155	146	168	137	137	126	118	116	94	63	50	47	15	0	51	36	72	82	104	124	137	114	134	149	139	176	150	170	200	
125	201	204	197	219	188	188	176	166	160	136	109	93	73	62	51	0	41	50	73	98	124	145	139	159	178	175	212	192	214	247	
89	164	169	165	191	162	166	157	151	151	130	98	86	80	51	36	41	0	36	47	70	93	110	98	118	137	134	171	152	175	209	
119	191	198	195	223	195	201	193	187	187	166	134	122	112	87	72	50	36	0	25	50	76	97	104	124	143	147	183	171	195	231	
111	178	187	186	217	190	198	193	191	194	175	142	132	127	97	82	73	47	25	0	25	51	72	82	101	121	128	162	153	178	214	
118	178	189	190	222	198	209	205	206	212	194	161	152	150	119	104	98	70	50	25	0	26	49	72	88	108	119	151	147	172	209	
124	175	187	191	225	204	216	215	218	226	210	177	171	171	139	124	124	93	76	51	26	0	25	62	73	92	108	135	138	163	200	
122	162	176	182	216	198	213	214	219	230	217	184	179	184	150	137	145	110	97	72	49	25	0	50	54	71	91	114	122	145	182	
76	113	126	132	166	149	165	167	174	189	178	147	147	158	124	114	139	98	104	82	72	62	50	0	20	39	47	80	76	101	138	
88	110	125	133	167	154	172	177	186	201	193	163	164	177	143	134	159	118	124	101	88	73	54	20	0	20	37	63	68	91	128	
94	101	116	127	161	152	170	178	188	206	200	172	175	190	156	149	178	137	143	121	108	92	71	39	20	0	26	43	55	77	112	
75	75	90	101	135	126	145	153	165	184	180	153	158	177	145	139	175	134	147	128	119	108	91	47	37	26	0	37	31	55	92	
108	81	97	112	143	142	163	174	189	211	210	185	192	213	181	176	212	171	183	162	151	135	114	80	63	43	37	0	37	45	74	
76	47	63	76	109	105	126	137	152	174	174	151	159	182	153	150	192	152	171	153	147	138	122	76	68	55	31	37	0	25	62	
94	39	54	70	100	102	123	138	155	179	182	163	174	198	171	170	214	175	195	178	172	163	145	101	91	77	55	45	25	0	37	
123	51	58	75	93	108	129	145	164	189	198	184	197	224	200	200	247	209	231	214	209	200	182	138	128	112	92	74	62	37	0	
Custo_Viagem
V0
0	608	640	608	848	640	736	736	784	904	848	624	672	848	616	616	1000	712	952	888	944	992	976	608	704	752	600	864	608	752	984	
608	0	128	248	496	504	680	800	944	1136	1184	1064	1168	1384	1200	1216	1608	1312	1528	1424	1424	1400	1296	904	880	808	600	648	376	312	408	
640	128	0	136	368	400	576	704	856	1056	1120	1024	1136	1368	1200	1240	1632	1360	1584	1496	1512	1496	1408	1008	1000	936	720	776	504	432	464	
608	248	136	0	272	264	432	560	712	920	992	920	1040	1272	1128	1168	1576	1320	1560	1488	1520	1528	1456	1056	1064	1016	808	896	608	560	600	
848	496	368	272	0	256	344	504	672	872	1000	1000	1136	1376	1280	1344	1752	1528	1784	1736	1776	1800	1728	1328	1344	1296	1080	1144	872	800	744	
640	504	400	264	256	0	168	304	464	664	768	744	880	1120	1024	1096	1504	1296	1560	1520	1584	1632	1584	1192	1232	1216	1008	1136	840	824	864	
736	680	576	432	344	168	0	152	320	520	648	680	824	1064	1008	1096	1504	1328	1608	1584	1672	1728	1704	1320	1376	1360	1160	1304	1008	992	1032	
736	800	704	560	504	304	152	0	160	368	496	552	696	928	912	1008	1408	1256	1544	1544	1640	1720	1712	1336	1416	1424	1224	1392	1096	1104	1168	
784	944	856	712	672	464	320	160	0	200	344	456	592	816	840	944	1328	1208	1504	1528	1648	1744	1752	1392	1488	1504	1320	1512	1216	1240	1320	
904	1136	1056	920	872	664	520	368	200	0	200	424	536	720	808	928	1280	1208	1504	1552	1696	1808	1840	1512	1608	1648	1472	1688	1392	1432	1520	
848	1184	1120	992	1000	768	648	496	344	200	0	264	352	520	632	760	1088	1048	1336	1400	1552	1688	1736	1424	1544	1600	1440	1680	1392	1456	1584	
624	1064	1024	920	1000	744	680	552	456	424	264	0	136	376	384	504	872	784	1080	1136	1288	1416	1472	1176	1304	1376	1224	1480	1208	1304	1480	
672	1168	1136	1040	1136	880	824	696	592	536	352	136	0	240	280	408	744	696	984	1056	1216	1368	1432	1176	1312	1400	1264	1536	1272	1392	1576	
848	1384	1368	1272	1376	1120	1064	928	816	720	520	376	240	0	272	376	584	640	896	1016	1200	1368	1472	1264	1416	1520	1416	1704	1456	1584	1792	
616	1200	1200	1128	1280	1024	1008	912	840	808	632	384	280	272	0	120	496	408	696	776	952	1112	1200	992	1144	1248	1160	1448	1224	1368	1600	
616	1216	1240	1168	1344	1096	1096	1008	944	928	760	504	408	376	120	0	408	288	576	656	832	992	1096	912	1072	1192	1112	1408	1200	1360	1608	
1000	1608	1632	1576	1752	1504	1504	1408	1328	1280	1088	872	744	584	496	408	0	328	400	584	792	1000	1160	1112	1280	1424	1400	1704	1536	1712	1976	
712	1312	1360	1320	1528	1296	1328	1256	1208	1208	1048	784	696	640	408	288	328	0	288	376	560	744	880	784	952	1096	1072	1368	1216	1400	1672	
952	1528	1584	1560	1784	1560	1608	1544	1504	1504	1336	1080	984	896	696	576	400	288	0	200	400	608	784	832	992	1152	1176	1464	1368	1560	1848	
888	1424	1496	1488	1736	1520	1584	1544	1528	1552	1400	1136	1056	1016	776	656	584	376	200	0	200	408	576	656	808	968	1024	1296	1224	1424	1712	
944	1424	1512	1520	1776	1584	1672	1640	1648	1696	1552	1288	1216	1200	952	832	792	560	400	200	0	208	392	576	704	864	952	1208	1176	1376	1672	
992	1400	1496	1528	1800	1632	1728	1720	1744	1808	1688	1416	1368	1368	1112	992	1000	744	608	408	208	0	200	496	584	736	864	1088	1112	1304	1600	
976	1296	1408	1456	1728	1584	1704	1712	1752	1840	1736	1472	1432	1472	1200	1096	1160	880	784	576	392	200	0	400	432	568	728	920	976	1168	1464	
608	904	1008	1056	1328	1192	1320	1336	1392	1512	1424	1176	1176	1264	992	912	1112	784	832	656	576	496	400	0	160	312	376	640	608	808	1104	
704	880	1000	1064	1344	1232	1376	1416	1488	1608	1544	1304	1312	1416	1144	1072	1280	952	992	808	704	584	432	160	0	160	296	504	544	728	1024	
752	808	936	1016	1296	1216	1360	1424	1504	1648	1600	1376	1400	1520	1248	1192	1424	1096	1152	968	864	736	568	312	160	0	208	344	440	616	896	
600	600	720	808	1080	1008	1160	1224	1320	1472	1440	1224	1264	1416	1160	1112	1400	1072	1176	1024	952	864	728	376	296	208	0	296	248	440	736	
864	648	776	896	1144	1136	1304	1392	1512	1688	1680	1480	1536	1704	1448	1408	1704	1368	1464	1296	1208	1088	920	640	504	344	296	0	296	360	592	
608	376	504	608	872	840	1008	1096	1216	1392	1392	1208	1272	1456	1224	1200	1536	1216	1368	1224	1176	1112	976	608	544	440	248	296	0	200	496	
752	312	432	560	800	824	992	1104	1240	1432	1456	1304	1392	1584	1368	1360	1712	1400	1560	1424	1376	1304	1168	808	728	616	440	360	200	0	296	
984	408	464	600	744	864	1032	1168	1320	1520	1584	1480	1576	1792	1600	1608	1976	1672	1848	1712	1672	1600	1464	1104	1024	896	736	592	496	296	0	
V1
0	1003	1056	1003	1399	1056	1214	1214	1293	1491	1399	1029	1108	1399	1016	1016	1650	1174	1570	1465	1557	1636	1610	1003	1161	1240	990	1425	1003	1240	1623	
1003	0	211	409	818	831	1122	1320	1557	1874	1953	1755	1927	2283	1980	2006	2653	2164	2521	2349	2349	2310	2138	1491	1452	1333	990	1069	620	514	673	
1056	211	0	224	607	660	950	1161	1412	1742	1848	1689	1874	2257	1980	2046	2692	2244	2613	2468	2494	2468	2323	1663	1650	1544	1188	1280	831	712	765	
1003	409	224	0	448	435	712	924	1174	1518	1636	1518	1716	2098	1861	1927	2600	2178	2574	2455	2508	2521	2402	1742	1755	1676	1333	1478	1003	924	990	
1399	818	607	448	0	422	567	831	1108	1438	1650	1650	1874	2270	2112	2217	2890	2521	2943	2864	2930	2970	2851	2191	2217	2138	1782	1887	1438	1320	1227	
1056	831	660	435	422	0	277	501	765	1095	1267	1227	1452	1848	1689	1808	2481	2138	2574	2508	2613	2692	2613	1966	2032	2006	1663	1874	1386	1359	1425	
1214	1122	950	712	567	277	0	250	528	858	1069	1122	1359	1755	1663	1808	2481	2191	2653	2613	2758	2851	2811	2178	2270	2244	1914	2151	1663	1636	1702	
1214	1320	1161	924	831	501	250	0	264	607	818	910	1148	1531	1504	1663	2323	2072	2547	2547	2706	2838	2824	2204	2336	2349	2019	2296	1808	1821	1927	
1293	1557	1412	1174	1108	765	528	264	0	330	567	752	976	1346	1386	1557	2191	1993	2481	2521	2719	2877	2890	2296	2455	2481	2178	2494	2006	2046	2178	
1491	1874	1742	1518	1438	1095	858	607	330	0	330	699	884	1188	1333	1531	2112	1993	2481	2560	2798	2983	3036	2494	2653	2719	2428	2785	2296	2362	2508	
1399	1953	1848	1636	1650	1267	1069	818	567	330	0	435	580	858	1042	1254	1795	1729	2204	2310	2560	2785	2864	2349	2547	2640	2376	2772	2296	2402	2613	
1029	1755	1689	1518	1650	1227	1122	910	752	699	435	0	224	620	633	831	1438	1293	1782	1874	2125	2336	2428	1940	2151	2270	2019	2442	1993	2151	2442	
1108	1927	1874	1716	1874	1452	1359	1148	976	884	580	224	0	396	462	673	1227	1148	1623	1742	2006	2257	2362	1940	2164	2310	2085	2534	2098	2296	2600	
1399	2283	2257	2098	2270	1848	1755	1531	1346	1188	858	620	396	0	448	620	963	1056	1478	1676	1980	2257	2428	2085	2336	2508	2336	2811	2402	2613	2956	
1016	1980	1980	1861	2112	1689	1663	1504	1386	1333	1042	633	462	448	0	198	818	673	1148	1280	1570	1834	1980	1636	1887	2059	1914	2389	2019	2257	2640	
1016	2006	2046	1927	2217	1808	1808	1663	1557	1531	1254	831	673	620	198	0	673	475	950	1082	1372	1636	1808	1504	1768	1966	1834	2323	1980	2244	2653	
1650	2653	2692	2600	2890	2481	2481	2323	2191	2112	1795	1438	1227	963	818	673	0	541	660	963	1306	1650	1914	1834	2112	2349	2310	2811	2534	2824	3260	
1174	2164	2244	2178	2521	2138	2191	2072	1993	1993	1729	1293	1148	1056	673	475	541	0	475	620	924	1227	1452	1293	1570	1808	1768	2257	2006	2310	2758	
1570	2521	2613	2574	2943	2574	2653	2547	2481	2481	2204	1782	1623	1478	1148	950	660	475	0	330	660	1003	1293	1372	1636	1900	1940	2415	2257	2574	3049	
1465	2349	2468	2455	2864	2508	2613	2547	2521	2560	2310	1874	1742	1676	1280	1082	963	620	330	0	330	673	950	1082	1333	1597	1689	2138	2019	2349	2824	
1557	2349	2494	2508	2930	2613	2758	2706	2719	2798	2560	2125	2006	1980	1570	1372	1306	924	660	330	0	343	646	950	1161	1425	1570	1993	1940	2270	2758	
1636	2310	2468	2521	2970	2692	2851	2838	2877	2983	2785	2336	2257	2257	1834	1636	1650	1227	1003	673	343	0	330	818	963	1214	1425	1795	1834	2151	2640	
1610	2138	2323	2402	2851	2613	2811	2824	2890	3036	2864	2428	2362	2428	1980	1808	1914	1452	1293	950	646	330	0	660	712	937	1201	1518	1610	1927	2415	
1003	1491	1663	1742	2191	1966	2178	2204	2296	2494	2349	1940	1940	2085	1636	1504	1834	1293	1372	1082	950	818	660	0	264	514	620	1056	1003	1333	1821	
1161	1452	1650	1755	2217	2032	2270	2336	2455	2653	2547	2151	2164	2336	1887	1768	2112	1570	1636	1333	1161	963	712	264	0	264	488	831	897	1201	1689	
1240	1333	1544	1676	2138	2006	2244	2349	2481	2719	2640	2270	2310	2508	2059	1966	2349	1808	1900	1597	1425	1214	937	514	264	0	343	567	726	1016	1478	
990	990	1188	1333	1782	1663	1914	2019	2178	2428	2376	2019	2085	2336	1914	1834	2310	1768	1940	1689	1570	1425	1201	620	488	343	0	488	409	726	1214	
1425	1069	1280	1478	1887	1874	2151	2296	2494	2785	2772	2442	2534	2811	2389	2323	2811	2257	2415	2138	1993	1795	1518	1056	831	567	488	0	488	594	976	
1003	620	831	1003	1438	1386	1663	1808	2006	2296	2296	1993	2098	2402	2019	1980	2534	2006	2257	2019	1940	1834	1610	1003	897	726	409	488	0	330	818	
1240	514	712	924	1320	1359	1636	1821	2046	2362	2402	2151	2296	2613	2257	2244	2824	2310	2574	2349	2270	2151	1927	1333	1201	1016	726	594	330	0	488	
1623	673	765	990	1227	1425	1702	1927	2178	2508	2613	2442	2600	2956	2640	2653	3260	2758	3049	2824	2758	2640	2415	1821	1689	1478	1214	976	818	488	0	
V2
0	1018	1072	1018	1420	1072	1232	1232	1313	1514	1420	1045	1125	1420	1031	1031	1675	1192	1594	1487	1581	1661	1634	1018	1179	1259	1005	1447	1018	1259	1648	
1018	0	214	415	830	844	1139	1340	1581	1902	1983	1782	1956	2318	2010	2036	2693	2197	2559	2385	2385	2345	2170	1514	1474	1353	1005	1085	629	522	683	
1072	214	0	227	616	670	964	1179	1433	1768	1876	1715	1902	2291	2010	2077	2733	2278	2653	2505	2532	2505	2358	1688	1675	1567	1206	1299	844	723	777	
1018	415	227	0	455	442	723	938	1192	1541	1661	1541	1742	2130	1889	1956	2639	2211	2613	2492	2546	2559	2438	1768	1782	1701	1353	1500	1018	938	1005	
1420	830	616	455	0	428	576	844	1125	1460	1675	1675	1902	2304	2144	2251	2934	2559	2988	2907	2974	3015	2894	2224	2251	2170	1809	1916	1460	1340	1246	
1072	844	670	442	428	0	281	509	777	1112	1286	1246	1474	1876	1715	1835	2519	2170	2613	2546	2653	2733	2653	1996	2063	2036	1688	1902	1407	1380	1447	
1232	1139	964	723	576	281	0	254	536	871	1085	1139	1380	1782	1688	1835	2519	2224	2693	2653	2800	2894	2854	2211	2304	2278	1943	2184	1688	1661	1728	
1232	1340	1179	938	844	509	254	0	268	616	830	924	1165	1554	1527	1688	2358	2103	2586	2586	2747	2881	2867	2237	2371	2385	2050	2331	1835	1849	1956	
1313	1581	1433	1192	1125	777	536	268	0	335	576	763	991	1366	1407	1581	2224	2023	2519	2559	2760	2921	2934	2331	2492	2519	2211	2532	2036	2077	2211	
1514	1902	1768	1541	1460	1112	871	616	335	0	335	710	897	1206	1353	1554	2144	2023	2519	2599	2840	3028	3082	2532	2693	2760	2465	2827	2331	2398	2546	
1420	1983	1876	1661	1675	1286	1085	830	576	335	0	442	589	871	1058	1273	1822	1755	2237	2345	2599	2827	2907	2385	2586	2680	2412	2814	2331	2438	2653	
1045	1782	1715	1541	1675	1246	1139	924	763	710	442	0	227	629	643	844	1460	1313	1809	1902	2157	2371	2465	1969	2184	2304	2050	2479	2023	2184	2479	
1125	1956	1902	1742	1902	1474	1380	1165	991	897	589	227	0	402	469	683	1246	1165	1648	1768	2036	2291	2398	1969	2197	2345	2117	2572	2130	2331	2639	
1420	2318	2291	2130	2304	1876	1782	1554	1366	1206	871	629	402	0	455	629	978	1072	1500	1701	2010	2291	2465	2117	2371	2546	2371	2854	2438	2653	3001	
1031	2010	2010	1889	2144	1715	1688	1527	1407	1353	1058	643	469	455	0	201	830	683	1165	1299	1594	1862	2010	1661	1916	2090	1943	2425	2050	2291	2680	
1031	2036	2077	1956	2251	1835	1835	1688	1581	1554	1273	844	683	629	201	0	683	482	964	1098	1393	1661	1835	1527	1795	1996	1862	2358	2010	2278	2693	
1675	2693	2733	2639	2934	2519	2519	2358	2224	2144	1822	1460	1246	978	830	683	0	549	670	978	1326	1675	1943	1862	2144	2385	2345	2854	2572	2867	3309	
1192	2197	2278	2211	2559	2170	2224	2103	2023	2023	1755	1313	1165	1072	683	482	549	0	482	629	938	1246	1474	1313	1594	1835	1795	2291	2036	2345	2800	
1594	2559	2653	2613	2988	2613	2693	2586	2519	2519	2237	1809	1648	1500	1165	964	670	482	0	335	670	1018	1313	1393	1661	1929	1969	2452	2291	2613	3095	
1487	2385	2505	2492	2907	2546	2653	2586	2559	2599	2345	1902	1768	1701	1299	1098	978	629	335	0	335	683	964	1098	1353	1621	1715	2170	2050	2385	2867	
1581	2385	2532	2546	2974	2653	2800	2747	2760	2840	2599	2157	2036	2010	1594	1393	1326	938	670	335	0	348	656	964	1179	1447	1594	2023	1969	2304	2800	
1661	2345	2505	2559	3015	2733	2894	2881	2921	3028	2827	2371	2291	2291	1862	1661	1675	1246	1018	683	348	0	335	830	978	1232	1447	1822	1862	2184	2680	
1634	2170	2358	2438	2894	2653	2854	2867	2934	3082	2907	2465	2398	2465	2010	1835	1943	1474	1313	964	656	335	0	670	723	951	1219	1541	1634	1956	2452	
1018	1514	1688	1768	2224	1996	2211	2237	2331	2532	2385	1969	1969	2117	1661	1527	1862	1313	1393	1098	964	830	670	0	268	522	629	1072	1018	1353	1849	
1179	1474	1675	1782	2251	2063	2304	2371	2492	2693	2586	2184	2197	2371	1916	1795	2144	1594	1661	1353	1179	978	723	268	0	268	495	844	911	1219	1715	
1259	1353	1567	1701	2170	2036	2278	2385	2519	2760	2680	2304	2345	2546	2090	1996	2385	1835	1929	1621	1447	1232	951	522	268	0	348	576	737	1031	1500	
1005	1005	1206	1353	1809	1688	1943	2050	2211	2465	2412	2050	2117	2371	1943	1862	2345	1795	1969	1715	1594	1447	1219	629	495	348	0	495	415	737	1232	
1447	1085	1299	1500	1916	1902	2184	2331	2532	2827	2814	2479	2572	2854	2425	2358	2854	2291	2452	2170	2023	1822	1541	1072	844	576	495	0	495	603	991	
1018	629	844	1018	1460	1407	1688	1835	2036	2331	2331	2023	2130	2438	2050	2010	2572	2036	2291	2050	1969	1862	1634	1018	911	737	415	495	0	335	830	
1259	522	723	938	1340	1380	1661	1849	2077	2398	2438	2184	2331	2653	2291	2278	2867	2345	2613	2385	2304	2184	1956	1353	1219	1031	737	603	335	0	495	
1648	683	777	1005	1246	1447	1728	1956	2211	2546	2653	2479	2639	3001	2680	2693	3309	2800	3095	2867	2800	2680	2452	1849	1715	1500	1232	991	830	495	0	
V3
0	1656	1744	1656	2310	1744	2005	2005	2136	2463	2310	1700	1831	2310	1678	1678	2725	1940	2594	2419	2572	2703	2659	1656	1918	2049	1635	2354	1656	2049	2681	
1656	0	348	675	1351	1373	1853	2180	2572	3095	3226	2899	3182	3771	3270	3313	4381	3575	4163	3880	3880	3815	3531	2463	2398	2201	1635	1765	1024	850	1111	
1744	348	0	370	1002	1090	1569	1918	2332	2877	3052	2790	3095	3727	3270	3379	4447	3706	4316	4076	4120	4076	3836	2746	2725	2550	1962	2114	1373	1177	1264	
1656	675	370	0	741	719	1177	1526	1940	2507	2703	2507	2834	3466	3073	3182	4294	3597	4251	4054	4142	4163	3967	2877	2899	2768	2201	2441	1656	1526	1635	
2310	1351	1002	741	0	697	937	1373	1831	2376	2725	2725	3095	3749	3488	3662	4774	4163	4861	4730	4839	4905	4708	3618	3662	3531	2943	3117	2376	2180	2027	
1744	1373	1090	719	697	0	457	828	1264	1809	2092	2027	2398	3052	2790	2986	4098	3531	4251	4142	4316	4447	4316	3248	3357	3313	2746	3095	2289	2245	2354	
2005	1853	1569	1177	937	457	0	414	872	1417	1765	1853	2245	2899	2746	2986	4098	3618	4381	4316	4556	4708	4643	3597	3749	3706	3161	3553	2746	2703	2812	
2005	2180	1918	1526	1373	828	414	0	436	1002	1351	1504	1896	2528	2485	2746	3836	3422	4207	4207	4469	4687	4665	3640	3858	3880	3335	3793	2986	3008	3182	
2136	2572	2332	1940	1831	1264	872	436	0	545	937	1242	1613	2223	2289	2572	3618	3291	4098	4163	4490	4752	4774	3793	4054	4098	3597	4120	3313	3379	3597	
2463	3095	2877	2507	2376	1809	1417	1002	545	0	545	1155	1460	1962	2201	2528	3488	3291	4098	4229	4621	4926	5014	4120	4381	4490	4011	4599	3793	3902	4142	
2310	3226	3052	2703	2725	2092	1765	1351	937	545	0	719	959	1417	1722	2071	2964	2855	3640	3815	4229	4599	4730	3880	4207	4360	3924	4578	3793	3967	4316	
1700	2899	2790	2507	2725	2027	1853	1504	1242	1155	719	0	370	1024	1046	1373	2376	2136	2943	3095	3509	3858	4011	3204	3553	3749	3335	4033	3291	3553	4033	
1831	3182	3095	2834	3095	2398	2245	1896	1613	1460	959	370	0	654	763	1111	2027	1896	2681	2877	3313	3727	3902	3204	3575	3815	3444	4185	3466	3793	4294	
2310	3771	3727	3466	3749	3052	2899	2528	2223	1962	1417	1024	654	0	741	1024	1591	1744	2441	2768	3270	3727	4011	3444	3858	4142	3858	4643	3967	4316	4883	
1678	3270	3270	3073	3488	2790	2746	2485	2289	2201	1722	1046	763	741	0	327	1351	1111	1896	2114	2594	3030	3270	2703	3117	3400	3161	3945	3335	3727	4360	
1678	3313	3379	3182	3662	2986	2986	2746	2572	2528	2071	1373	1111	1024	327	0	1111	784	1569	1787	2267	2703	2986	2485	2921	3248	3030	3836	3270	3706	4381	
2725	4381	4447	4294	4774	4098	4098	3836	3618	3488	2964	2376	2027	1591	1351	1111	0	893	1090	1591	2158	2725	3161	3030	3488	3880	3815	4643	4185	4665	5384	
1940	3575	3706	3597	4163	3531	3618	3422	3291	3291	2855	2136	1896	1744	1111	784	893	0	784	1024	1526	2027	2398	2136	2594	2986	2921	3727	3313	3815	4556	
2594	4163	4316	4251	4861	4251	4381	4207	4098	4098	3640	2943	2681	2441	1896	1569	1090	784	0	545	1090	1656	2136	2267	2703	3139	3204	3989	3727	4251	5035	
2419	3880	4076	4054	4730	4142	4316	4207	4163	4229	3815	3095	2877	2768	2114	1787	1591	1024	545	0	545	1111	1569	1787	2201	2637	2790	3531	3335	3880	4665	
2572	3880	4120	4142	4839	4316	4556	4469	4490	4621	4229	3509	3313	3270	2594	2267	2158	1526	1090	545	0	566	1068	1569	1918	2354	2594	3291	3204	3749	4556	
2703	3815	4076	4163	4905	4447	4708	4687	4752	4926	4599	3858	3727	3727	3030	2703	2725	2027	1656	1111	566	0	545	1351	1591	2005	2354	2964	3030	3553	4360	
2659	3531	3836	3967	4708	4316	4643	4665	4774	5014	4730	4011	3902	4011	3270	2986	3161	2398	2136	1569	1068	545	0	1090	1177	1547	1983	2507	2659	3182	3989	
1656	2463	2746	2877	3618	3248	3597	3640	3793	4120	3880	3204	3204	3444	2703	2485	3030	2136	2267	1787	1569	1351	1090	0	436	850	1024	1744	1656	2201	3008	
1918	2398	2725	2899	3662	3357	3749	3858	4054	4381	4207	3553	3575	3858	3117	2921	3488	2594	2703	2201	1918	1591	1177	436	0	436	806	1373	1482	1983	2790	
2049	2201	2550	2768	3531	3313	3706	3880	4098	4490	4360	3749	3815	4142	3400	3248	3880	2986	3139	2637	2354	2005	1547	850	436	0	566	937	1199	1678	2441	
1635	1635	1962	2201	2943	2746	3161	3335	3597	4011	3924	3335	3444	3858	3161	3030	3815	2921	3204	2790	2594	2354	1983	1024	806	566	0	806	675	1199	2005	
2354	1765	2114	2441	3117	3095	3553	3793	4120	4599	4578	4033	4185	4643	3945	3836	4643	3727	3989	3531	3291	2964	2507	1744	1373	937	806	0	806	981	1613	
1656	1024	1373	1656	2376	2289	2746	2986	3313	3793	3793	3291	3466	3967	3335	3270	4185	3313	3727	3335	3204	3030	2659	1656	1482	1199	675	806	0	545	1351	
2049	850	1177	1526	2180	2245	2703	3008	3379	3902	3967	3553	3793	4316	3727	3706	4665	3815	4251	3880	3749	3553	3182	2201	1983	1678	1199	981	545	0	806	
2681	1111	1264	1635	2027	2354	2812	3182	3597	4142	4316	4033	4294	4883	4360	4381	5384	4556	5035	4665	4556	4360	3989	3008	2790	2441	2005	1613	1351	806	0	
V4
0	729	768	729	1017	768	883	883	940	1084	1017	748	806	1017	739	739	1200	854	1142	1065	1132	1190	1171	729	844	902	720	1036	729	902	1180	
729	0	153	297	595	604	816	960	1132	1363	1420	1276	1401	1660	1440	1459	1929	1574	1833	1708	1708	1680	1555	1084	1056	969	720	777	451	374	489	
768	153	0	163	441	480	691	844	1027	1267	1344	1228	1363	1641	1440	1488	1958	1632	1900	1795	1814	1795	1689	1209	1200	1123	864	931	604	518	556	
729	297	163	0	326	316	518	672	854	1104	1190	1104	1248	1526	1353	1401	1891	1584	1872	1785	1824	1833	1747	1267	1276	1219	969	1075	729	672	720	
1017	595	441	326	0	307	412	604	806	1046	1200	1200	1363	1651	1536	1612	2102	1833	2140	2083	2131	2160	2073	1593	1612	1555	1296	1372	1046	960	892	
768	604	480	316	307	0	201	364	556	796	921	892	1056	1344	1228	1315	1804	1555	1872	1824	1900	1958	1900	1430	1478	1459	1209	1363	1008	988	1036	
883	816	691	518	412	201	0	182	384	624	777	816	988	1276	1209	1315	1804	1593	1929	1900	2006	2073	2044	1584	1651	1632	1392	1564	1209	1190	1238	
883	960	844	672	604	364	182	0	192	441	595	662	835	1113	1094	1209	1689	1507	1852	1852	1968	2064	2054	1603	1699	1708	1468	1670	1315	1324	1401	
940	1132	1027	854	806	556	384	192	0	240	412	547	710	979	1008	1132	1593	1449	1804	1833	1977	2092	2102	1670	1785	1804	1584	1814	1459	1488	1584	
1084	1363	1267	1104	1046	796	624	441	240	0	240	508	643	864	969	1113	1536	1449	1804	1862	2035	2169	2208	1814	1929	1977	1766	2025	1670	1718	1824	
1017	1420	1344	1190	1200	921	777	595	412	240	0	316	422	624	758	912	1305	1257	1603	1680	1862	2025	2083	1708	1852	1920	1728	2016	1670	1747	1900	
748	1276	1228	1104	1200	892	816	662	547	508	316	0	163	451	460	604	1046	940	1296	1363	1545	1699	1766	1411	1564	1651	1468	1776	1449	1564	1776	
806	1401	1363	1248	1363	1056	988	835	710	643	422	163	0	288	336	489	892	835	1180	1267	1459	1641	1718	1411	1574	1680	1516	1843	1526	1670	1891	
1017	1660	1641	1526	1651	1344	1276	1113	979	864	624	451	288	0	326	451	700	768	1075	1219	1440	1641	1766	1516	1699	1824	1699	2044	1747	1900	2150	
739	1440	1440	1353	1536	1228	1209	1094	1008	969	758	460	336	326	0	144	595	489	835	931	1142	1334	1440	1190	1372	1497	1392	1737	1468	1641	1920	
739	1459	1488	1401	1612	1315	1315	1209	1132	1113	912	604	489	451	144	0	489	345	691	787	998	1190	1315	1094	1286	1430	1334	1689	1440	1632	1929	
1200	1929	1958	1891	2102	1804	1804	1689	1593	1536	1305	1046	892	700	595	489	0	393	480	700	950	1200	1392	1334	1536	1708	1680	2044	1843	2054	2371	
854	1574	1632	1584	1833	1555	1593	1507	1449	1449	1257	940	835	768	489	345	393	0	345	451	672	892	1056	940	1142	1315	1286	1641	1459	1680	2006	
1142	1833	1900	1872	2140	1872	1929	1852	1804	1804	1603	1296	1180	1075	835	691	480	345	0	240	480	729	940	998	1190	1382	1411	1756	1641	1872	2217	
1065	1708	1795	1785	2083	1824	1900	1852	1833	1862	1680	1363	1267	1219	931	787	700	451	240	0	240	489	691	787	969	1161	1228	1555	1468	1708	2054	
1132	1708	1814	1824	2131	1900	2006	1968	1977	2035	1862	1545	1459	1440	1142	998	950	672	480	240	0	249	470	691	844	1036	1142	1449	1411	1651	2006	
1190	1680	1795	1833	2160	1958	2073	2064	2092	2169	2025	1699	1641	1641	1334	1190	1200	892	729	489	249	0	240	595	700	883	1036	1305	1334	1564	1920	
1171	1555	1689	1747	2073	1900	2044	2054	2102	2208	2083	1766	1718	1766	1440	1315	1392	1056	940	691	470	240	0	480	518	681	873	1104	1171	1401	1756	
729	1084	1209	1267	1593	1430	1584	1603	1670	1814	1708	1411	1411	1516	1190	1094	1334	940	998	787	691	595	480	0	192	374	451	768	729	969	1324	
844	1056	1200	1276	1612	1478	1651	1699	1785	1929	1852	1564	1574	1699	1372	1286	1536	1142	1190	969	844	700	518	192	0	192	355	604	652	873	1228	
902	969	1123	1219	1555	1459	1632	1708	1804	1977	1920	1651	1680	1824	1497	1430	1708	1315	1382	1161	1036	883	681	374	192	0	249	412	528	739	1075	
720	720	864	969	1296	1209	1392	1468	1584	1766	1728	1468	1516	1699	1392	1334	1680	1286	1411	1228	1142	1036	873	451	355	249	0	355	297	528	883	
1036	777	931	1075	1372	1363	1564	1670	1814	2025	2016	1776	1843	2044	1737	1689	2044	1641	1756	1555	1449	1305	1104	768	604	412	355	0	355	432	710	
729	451	604	729	1046	1008	1209	1315	1459	1670	1670	1449	1526	1747	1468	1440	1843	1459	1641	1468	1411	1334	1171	729	652	528	297	355	0	240	595	
902	374	518	672	960	988	1190	1324	1488	1718	1747	1564	1670	1900	1641	1632	2054	1680	1872	1708	1651	1564	1401	969	873	739	528	432	240	0	355	
1180	489	556	720	892	1036	1238	1401	1584	1824	1900	1776	1891	2150	1920	1929	2371	2006	2217	2054	2006	1920	1756	1324	1228	1075	883	710	595	355	0	
V5
0	866	912	866	1208	912	1048	1048	1117	1288	1208	889	957	1208	877	877	1425	1014	1356	1265	1345	1413	1390	866	1003	1071	855	1231	866	1071	1402	
866	0	182	353	706	718	969	1140	1345	1618	1687	1516	1664	1972	1710	1732	2291	1869	2177	2029	2029	1995	1846	1288	1254	1151	855	923	535	444	581	
912	182	0	193	524	570	820	1003	1219	1504	1596	1459	1618	1949	1710	1767	2325	1938	2257	2131	2154	2131	2006	1436	1425	1333	1026	1105	718	615	661	
866	353	193	0	387	376	615	798	1014	1311	1413	1311	1482	1812	1607	1664	2245	1881	2223	2120	2166	2177	2074	1504	1516	1447	1151	1276	866	798	855	
1208	706	524	387	0	364	490	718	957	1242	1425	1425	1618	1960	1824	1915	2496	2177	2542	2473	2530	2565	2462	1892	1915	1846	1539	1630	1242	1140	1060	
912	718	570	376	364	0	239	433	661	946	1094	1060	1254	1596	1459	1561	2143	1846	2223	2166	2257	2325	2257	1698	1755	1732	1436	1618	1197	1174	1231	
1048	969	820	615	490	239	0	216	456	741	923	969	1174	1516	1436	1561	2143	1892	2291	2257	2382	2462	2428	1881	1960	1938	1653	1858	1436	1413	1470	
1048	1140	1003	798	718	433	216	0	228	524	706	786	991	1322	1299	1436	2006	1789	2200	2200	2337	2451	2439	1903	2017	2029	1744	1983	1561	1573	1664	
1117	1345	1219	1014	957	661	456	228	0	285	490	649	843	1162	1197	1345	1892	1721	2143	2177	2348	2485	2496	1983	2120	2143	1881	2154	1732	1767	1881	
1288	1618	1504	1311	1242	946	741	524	285	0	285	604	763	1026	1151	1322	1824	1721	2143	2211	2416	2576	2622	2154	2291	2348	2097	2405	1983	2040	2166	
1208	1687	1596	1413	1425	1094	923	706	490	285	0	376	501	741	900	1083	1550	1493	1903	1995	2211	2405	2473	2029	2200	2280	2052	2394	1983	2074	2257	
889	1516	1459	1311	1425	1060	969	786	649	604	376	0	193	535	547	718	1242	1117	1539	1618	1835	2017	2097	1675	1858	1960	1744	2109	1721	1858	2109	
