M: 8
N: 30
Nun_Veiculos: 15
Capacidade_Total: 978
Demanda_Total: 499
Setup_Min: 1
Setup_Max: 99
Raio: 100
Circulos: 1
Tempo_Processamento_Min: 1
Tempo_Processamento_Max: 49
Demanda_Min: 10
Demanda_Max: 30
Priority_Factor: 0.2
Range_Factor_R: 0.8
U_factor: 2
ALpha: 0.2Replicao: 3
Tempos_Processamentos
0	0	1	0	2	0	3	0	4	0	5	0	6	0	7	0	
0	15	1	33	2	18	3	6	4	4	5	4	6	36	7	43	
0	26	1	41	2	6	3	25	4	8	5	18	6	29	7	22	
0	34	1	8	2	2	3	8	4	23	5	3	6	22	7	49	
0	18	1	44	2	28	3	27	4	22	5	19	6	44	7	30	
0	38	1	18	2	38	3	35	4	33	5	10	6	12	7	13	
0	18	1	22	2	35	3	8	4	15	5	19	6	16	7	4	
0	41	1	8	2	4	3	32	4	49	5	13	6	6	7	47	
0	21	1	39	2	19	3	25	4	36	5	36	6	7	7	6	
0	41	1	31	2	10	3	14	4	27	5	23	6	9	7	13	
0	18	1	43	2	4	3	16	4	44	5	8	6	2	7	8	
0	17	1	33	2	48	3	32	4	31	5	23	6	29	7	3	
0	22	1	8	2	5	3	46	4	39	5	29	6	30	7	8	
0	49	1	37	2	2	3	43	4	7	5	21	6	35	7	41	
0	22	1	16	2	43	3	47	4	17	5	44	6	26	7	32	
0	6	1	49	2	19	3	15	4	1	5	24	6	1	7	30	
0	40	1	21	2	45	3	38	4	9	5	40	6	19	7	37	
0	31	1	42	2	11	3	4	4	45	5	13	6	44	7	46	
0	13	1	2	2	13	3	13	4	28	5	32	6	9	7	6	
0	18	1	23	2	41	3	4	4	38	5	28	6	14	7	48	
0	19	1	29	2	9	3	48	4	23	5	17	6	3	7	29	
0	9	1	23	2	23	3	43	4	42	5	23	6	10	7	40	
0	44	1	27	2	8	3	7	4	9	5	39	6	46	7	39	
0	2	1	29	2	4	3	18	4	34	5	22	6	47	7	38	
0	44	1	8	2	7	3	22	4	27	5	24	6	30	7	39	
0	31	1	38	2	15	3	24	4	46	5	13	6	24	7	11	
0	31	1	40	2	36	3	48	4	17	5	2	6	41	7	32	
0	2	1	32	2	4	3	40	4	47	5	35	6	36	7	20	
0	39	1	24	2	24	3	37	4	36	5	9	6	26	7	1	
0	16	1	17	2	35	3	33	4	47	5	10	6	13	7	26	
0	36	1	32	2	23	3	49	4	27	5	24	6	34	7	40	

Tempos_setup
M0
0	0	0	0	0	0	0	0	0	0	0	0	0	0	0	0	0	0	0	0	0	0	0	0	0	0	0	0	0	0	0	
0	0	15	10	9	10	15	12	7	17	12	3	6	14	10	5	11	14	14	14	12	13	7	10	10	17	10	11	18	6	1	
0	7	0	10	9	13	16	13	10	18	14	4	13	10	8	6	11	16	16	13	14	15	8	9	11	20	13	13	21	7	3	
0	15	18	0	20	23	24	21	21	15	22	12	21	23	19	14	16	29	22	25	22	25	14	21	19	13	25	24	26	15	16	
0	2	8	1	0	4	16	14	1	16	6	5	8	14	12	7	2	16	16	5	14	8	5	1	12	14	12	13	20	7	3	
0	15	21	14	13	0	20	27	14	29	19	18	21	26	25	20	15	29	29	18	27	20	18	14	25	27	25	26	33	20	16	
0	11	17	10	9	2	0	20	10	24	15	14	17	12	8	3	11	10	20	14	23	14	5	10	21	22	15	13	23	4	12	
0	2	17	12	11	8	6	0	9	19	14	5	8	16	12	7	13	16	16	16	14	15	9	12	12	19	12	13	20	8	3	
0	1	16	11	10	3	15	13	0	18	5	4	7	15	11	6	12	15	15	11	13	14	4	11	11	18	11	12	19	6	2	
0	22	19	22	21	8	25	25	21	0	17	23	28	25	25	25	22	18	27	19	19	19	17	22	14	23	28	25	11	16	22	
0	18	18	28	27	22	26	30	25	20	0	21	24	26	26	22	9	30	18	6	18	31	24	27	17	18	28	29	27	23	19	
0	3	12	9	8	12	12	9	9	14	10	0	9	11	7	2	10	17	17	13	10	13	4	9	7	20	13	12	19	3	4	
0	2	13	12	11	4	16	14	1	13	6	5	0	13	11	6	13	16	16	10	14	7	5	6	12	11	4	5	12	7	3	
0	12	19	21	20	14	17	24	11	12	12	15	18	0	19	14	18	24	19	15	23	19	15	13	14	10	3	23	11	15	13	
0	3	9	2	1	5	17	15	2	17	7	6	9	13	0	8	3	17	17	6	15	7	6	2	13	15	13	5	21	8	4	
0	8	14	7	6	10	10	17	7	21	12	11	14	9	5	0	8	20	22	11	20	11	2	7	18	19	12	10	20	1	9	
0	9	24	19	18	19	23	21	16	26	21	12	15	22	18	13	0	23	23	23	21	22	15	19	19	26	19	20	27	14	10	
0	18	24	17	16	20	26	24	17	29	22	15	24	19	15	16	18	0	26	21	25	13	6	17	22	29	22	20	30	17	13	
0	17	16	21	20	20	31	29	17	29	14	20	16	26	19	21	8	13	0	20	20	23	19	21	11	27	20	21	28	22	18	
0	12	27	22	21	22	26	24	19	23	24	15	18	25	21	16	3	24	26	0	24	25	18	22	22	29	22	23	30	17	13	
0	16	17	16	15	4	24	23	15	22	15	19	14	23	14	20	17	23	10	20	0	17	19	16	12	21	18	19	9	21	17	
0	18	25	8	26	20	22	29	17	18	18	20	19	6	25	20	15	26	13	21	29	0	21	19	20	16	9	24	17	21	19	
0	12	18	11	10	14	20	24	11	26	16	15	18	17	9	10	12	26	24	15	24	11	0	11	22	24	20	14	28	11	13	
0	14	7	15	16	17	23	17	14	25	19	11	13	17	15	13	7	23	23	4	21	20	15	0	18	24	17	18	25	14	10	
0	12	5	15	14	13	21	18	15	23	3	9	18	15	13	11	12	21	13	9	9	17	13	14	0	21	18	15	18	12	8	
0	16	20	15	14	10	25	22	15	2	18	13	22	15	13	15	16	20	28	19	21	17	6	15	15	0	18	18	13	16	17	
0	9	16	18	17	11	21	21	8	9	13	12	15	20	16	11	17	23	16	14	20	16	12	10	11	7	0	20	8	12	10	
0	15	19	10	13	17	23	27	14	20	19	18	21	8	12	13	11	28	15	8	27	2	3	14	22	18	11	0	19	14	16	
0	15	8	16	15	16	20	14	16	14	6	12	21	14	14	14	15	15	16	12	12	8	16	16	3	12	17	14	0	15	11	
0	13	19	6	11	11	9	25	12	21	15	16	19	16	10	11	13	19	23	16	25	10	1	12	23	19	19	15	27	0	14	
0	5	14	9	8	12	14	11	9	16	12	2	11	13	9	4	10	13	13	13	12	15	6	9	9	22	15	14	21	5	0	
M1
0	0	0	0	0	0	0	0	0	0	0	0	0	0	0	0	0	0	0	0	0	0	0	0	0	0	0	0	0	0	0	
0	0	25	32	23	26	22	24	16	10	15	22	24	32	20	30	24	20	28	19	22	25	29	18	13	23	34	25	17	21	25	
0	23	0	30	15	24	16	23	10	21	14	16	23	9	18	24	16	14	22	17	30	18	26	23	15	18	17	15	16	15	24	
0	10	19	0	18	18	10	19	11	19	17	17	26	10	15	8	18	9	17	13	26	16	23	5	17	18	18	19	16	16	20	
0	20	2	17	0	11	16	8	12	13	4	13	10	11	5	18	1	14	20	2	15	11	12	20	16	8	14	2	3	6	9	
0	23	13	24	18	0	15	19	20	2	11	23	8	21	15	23	12	13	11	13	14	9	18	10	5	18	20	12	13	15	20	
0	10	11	24	15	8	0	13	15	9	7	20	16	15	12	8	10	9	17	11	21	6	21	17	12	15	17	9	6	13	14	
0	14	10	23	14	13	16	0	18	8	10	19	16	19	11	14	9	15	23	10	20	5	16	13	11	14	16	8	9	12	1	
0	13	14	21	14	14	6	19	0	15	13	6	22	20	11	14	13	4	12	14	27	12	24	23	18	8	23	15	12	12	20	
0	21	19	22	17	20	13	19	21	0	9	22	14	24	14	21	18	11	19	13	12	15	23	8	3	17	26	18	12	15	20	
0	24	10	23	8	11	22	10	18	13	0	13	18	17	5	24	9	20	22	4	17	15	14	21	16	8	19	10	11	6	11	
0	19	14	30	14	17	19	22	15	19	17	0	24	14	11	17	15	18	26	16	29	25	26	17	22	8	22	16	17	12	23	
0	22	6	19	10	13	17	12	14	4	6	15	0	13	7	20	5	15	23	6	16	1	10	12	7	10	12	4	5	8	13	
0	14	15	22	15	15	7	18	1	16	9	7	22	0	12	15	14	5	13	13	26	13	23	14	11	9	8	16	11	6	19	
0	23	5	19	3	6	19	11	15	8	7	8	13	14	0	21	4	17	17	5	18	14	15	16	11	3	17	5	6	1	12	
0	2	11	26	17	10	2	11	8	11	9	14	18	7	14	0	10	1	9	5	18	8	15	19	14	12	15	11	8	13	12	
0	21	1	30	14	17	15	7	11	15	14	13	22	10	11	21	0	13	19	1	14	12	11	19	16	8	13	15	16	12	8	
0	12	10	26	17	10	2	15	17	11	9	22	18	17	14	10	9	0	8	10	23	8	20	19	14	17	19	11	8	13	16	
0	22	2	24	15	18	16	8	12	16	12	14	23	11	12	22	1	14	0	2	15	13	12	17	14	9	11	16	17	13	9	
0	20	13	29	13	16	18	6	14	14	16	12	21	13	10	20	14	16	18	0	13	11	10	19	17	7	15	14	15	11	7	
0	28	19	18	27	22	25	33	29	24	30	26	28	28	24	26	26	27	33	27	0	29	30	22	27	21	31	29	30	25	10	
0	21	5	18	9	12	16	11	13	3	5	14	11	14	6	19	4	14	22	5	15	0	15	11	6	9	11	3	4	7	12	
0	13	9	23	7	10	8	10	4	12	11	9	11	3	4	16	8	6	14	9	22	12	0	17	14	7	11	9	10	5	11	
0	17	15	27	13	15	7	20	17	16	14	17	23	16	10	15	14	5	13	15	28	13	25	0	12	13	24	15	13	11	17	
0	18	16	29	14	17	10	16	18	15	6	19	11	23	11	18	15	19	27	10	23	12	20	23	0	14	23	15	9	12	17	
0	24	6	22	6	9	22	14	16	11	9	5	16	15	3	22	7	20	20	8	21	17	18	19	14	0	20	8	9	4	15	
0	21	11	24	9	12	13	11	19	14	1	11	14	18	6	20	10	11	19	5	18	15	15	6	3	6	0	11	12	7	12	
0	18	2	15	6	9	16	8	10	11	2	11	8	11	3	16	1	14	20	2	15	9	12	19	14	6	14	0	1	4	9	
0	21	11	24	9	12	15	7	9	14	1	14	16	18	6	21	10	13	21	5	18	12	15	20	17	9	20	11	0	7	8	
0	26	16	19	14	17	20	12	14	11	6	19	21	23	11	26	15	18	26	10	23	17	20	19	14	14	25	16	5	0	13	
0	26	16	36	25	12	16	23	24	14	22	29	20	23	22	24	16	17	23	17	26	21	20	12	17	24	21	24	22	23	0	
M2
0	0	0	0	0	0	0	0	0	0	0	0	0	0	0	0	0	0	0	0	0	0	0	0	0	0	0	0	0	0	0	
0	0	21	16	14	27	20	13	35	13	11	15	20	19	15	12	5	17	13	8	13	12	13	13	1	18	15	14	18	7	9	
0	14	0	15	16	17	18	9	34	15	13	4	16	8	14	14	18	19	1	17	9	14	8	17	15	11	10	20	12	17	11	
0	6	15	0	7	21	11	6	27	6	4	8	18	12	1	5	8	14	6	10	14	5	6	7	7	11	8	11	2	9	2	
0	5	17	13	0	17	22	5	36	5	3	7	17	11	14	4	10	7	5	12	13	4	5	15	6	4	7	4	13	11	14	
0	9	18	12	10	0	16	9	32	9	7	11	17	15	4	8	14	17	9	14	17	8	9	19	10	14	11	14	14	13	5	
0	19	21	22	20	17	0	9	16	19	17	11	11	8	14	18	7	21	19	12	24	18	15	15	3	24	17	24	12	11	15	
0	12	19	20	16	15	24	0	35	15	13	2	17	6	12	14	16	21	15	8	15	14	6	15	13	20	8	20	10	17	13	
0	17	24	25	20	20	27	5	0	19	17	7	22	11	17	18	21	26	19	13	20	18	11	20	18	19	6	24	15	21	18	
0	6	18	14	7	21	23	6	37	0	4	8	18	12	15	5	11	14	6	13	14	5	6	19	7	11	8	11	16	12	15	
0	2	14	10	3	17	19	2	33	2	0	4	14	8	11	1	7	10	2	9	10	1	2	15	3	7	4	7	12	8	11	
0	10	17	18	16	13	22	5	35	15	13	0	16	4	10	14	14	23	15	13	13	14	4	13	11	19	6	20	8	15	11	
0	15	19	20	16	15	24	7	39	15	13	9	0	6	12	14	16	21	13	12	21	14	13	15	15	20	15	20	10	11	13	
0	11	13	14	12	9	18	1	34	11	9	3	18	0	6	10	10	19	11	9	16	10	7	9	12	16	9	16	4	11	7	
0	5	14	8	6	20	12	5	28	5	3	7	17	11	0	4	10	13	5	12	13	4	5	15	6	10	7	10	10	11	1	
0	1	13	17	15	16	21	1	36	14	12	3	18	7	13	0	6	18	14	9	14	13	7	14	2	19	9	15	11	8	10	
0	19	28	22	20	33	26	19	42	19	17	21	31	24	14	18	0	27	19	26	27	18	19	25	20	24	21	24	24	25	15	
0	18	27	17	14	30	25	18	36	18	16	17	28	21	13	17	12	0	18	14	25	17	16	11	13	18	18	18	6	13	14	
0	15	24	14	16	30	17	15	33	15	13	17	15	21	15	14	20	18	0	22	8	14	15	21	16	20	17	20	16	21	16	
0	7	19	15	8	22	23	7	27	7	5	9	19	13	16	6	12	15	7	0	15	6	7	20	8	12	9	12	17	13	16	
0	19	26	27	23	22	21	14	25	22	20	9	7	13	19	21	22	10	20	19	0	21	13	21	20	27	15	27	16	18	20	
0	7	19	9	2	19	20	7	32	7	5	9	13	13	10	6	12	9	7	8	10	0	1	16	8	6	3	6	11	7	11	
0	6	24	22	16	27	26	15	31	15	13	17	12	18	17	14	11	19	15	14	9	14	0	19	7	15	2	20	22	13	15	
0	7	16	10	8	19	14	7	25	7	5	6	19	10	2	6	10	12	7	3	15	6	7	0	6	12	9	12	12	2	3	
0	16	20	22	20	27	26	19	37	19	17	14	30	18	14	18	4	24	19	15	27	18	18	12	0	24	20	24	22	14	15	
0	20	22	26	24	35	30	23	38	23	21	22	20	26	27	22	25	23	23	28	13	22	14	33	21	0	16	28	28	27	19	
0	13	25	21	14	28	27	13	29	13	11	15	20	19	15	12	18	21	13	16	21	12	13	26	14	13	0	18	23	15	16	
0	1	22	13	6	13	21	11	34	11	9	13	17	17	13	10	6	3	11	9	14	4	5	14	2	10	5	0	9	8	10	
0	12	21	11	13	24	19	12	30	12	10	11	24	15	7	11	6	17	12	8	20	11	12	5	11	17	14	15	0	7	8	
0	8	20	16	9	23	24	8	28	8	6	10	20	14	17	7	8	10	8	1	16	7	8	16	4	13	10	13	16	0	17	
0	4	16	7	5	19	11	4	27	4	2	6	16	10	8	3	9	12	4	11	12	3	4	14	5	9	6	9	9	10	0	
M3
0	0	0	0	0	0	0	0	0	0	0	0	0	0	0	0	0	0	0	0	0	0	0	0	0	0	0	0	0	0	0	
0	0	19	23	15	23	24	13	33	25	4	18	23	15	32	16	10	18	23	17	11	10	22	26	22	11	24	9	20	12	7	
0	26	0	18	3	20	28	19	26	8	8	16	15	10	19	21	14	13	11	12	15	22	14	30	26	16	16	13	20	16	11	
0	8	11	0	13	2	22	13	27	14	2	20	14	4	9	14	8	7	17	15	5	16	20	24	20	9	15	7	18	10	5	
0	23	20	15	0	17	25	17	32	23	5	13	12	13	24	18	11	16	18	19	12	19	11	27	23	13	13	10	17	13	8	
0	6	9	20	12	0	21	11	25	12	1	20	12	2	23	14	7	5	15	15	8	15	18	23	19	9	13	6	18	9	4	
0	12	5	20	8	17	0	7	15	13	9	12	17	15	24	10	9	5	16	11	11	4	16	29	19	5	18	13	14	16	12	
0	21	18	13	18	15	27	0	30	16	7	11	10	11	22	20	13	14	16	20	14	21	9	29	25	15	11	12	15	15	10	
0	13	5	5	8	7	6	2	0	13	7	13	12	9	14	14	9	11	16	15	10	10	11	29	4	11	13	12	17	15	10	
0	18	20	14	2	16	24	17	18	0	7	15	12	15	11	20	13	17	3	20	14	21	13	29	22	15	13	12	16	15	10	
0	25	15	19	11	19	20	14	29	21	0	22	21	11	28	13	6	14	24	14	7	14	22	22	18	8	22	5	17	8	3	
0	30	11	24	14	24	25	20	20	19	19	0	21	21	30	31	11	7	5	23	18	27	20	37	23	26	22	23	18	21	22	
0	15	12	18	15	17	28	5	29	17	12	16	0	7	27	10	14	10	14	10	4	11	14	27	26	5	1	2	12	5	15	
0	25	7	20	10	20	21	9	28	10	15	18	10	0	21	20	7	3	13	19	14	21	16	28	19	15	11	12	22	15	18	
0	11	14	3	14	5	25	16	30	17	5	22	17	7	0	17	11	10	20	9	8	16	23	27	23	12	18	10	21	10	8	
0	24	13	28	16	18	31	15	34	21	16	14	25	20	28	0	20	21	19	1	5	12	24	19	29	6	13	3	15	6	17	
0	19	16	13	5	13	14	21	29	24	10	18	17	15	22	23	0	18	23	24	17	18	16	32	12	18	18	15	16	18	13	
0	23	4	17	7	17	18	19	30	12	12	15	14	14	23	24	4	0	15	16	18	22	13	34	16	19	15	16	19	19	15	
0	28	17	20	15	22	21	17	15	25	20	25	24	24	29	28	15	26	0	29	13	22	23	32	19	23	25	25	13	16	23	
0	23	12	27	15	17	30	14	33	20	15	13	24	19	31	10	19	20	18	0	4	11	23	27	28	5	12	2	14	5	16	
0	32	8	26	11	28	32	18	34	16	16	24	23	16	27	27	22	19	19	20	0	28	22	38	30	22	18	19	28	22	19	
0	19	15	16	16	13	25	3	28	19	5	8	13	14	25	6	11	15	13	7	7	0	12	25	23	1	14	9	10	12	8	
0	12	9	4	12	6	22	6	21	12	6	2	1	2	13	11	9	5	7	11	5	12	0	25	20	6	2	3	6	6	9	
0	21	17	18	18	15	15	5	24	21	7	7	15	16	27	8	13	14	9	9	9	2	14	0	21	3	16	11	7	14	10	
0	9	7	1	10	3	2	9	17	12	3	14	15	5	10	12	5	7	15	13	6	6	18	25	0	7	16	8	16	11	6	
0	18	14	23	17	12	25	20	37	22	12	19	20	14	32	5	18	17	24	6	6	17	19	24	23	0	18	8	9	11	15	
0	14	11	26	14	16	29	13	37	19	15	18	17	18	30	9	18	21	22	10	3	10	22	26	27	4	0	1	13	4	15	
0	21	10	25	13	15	28	12	36	18	14	17	22	17	29	8	17	20	21	9	2	9	21	25	26	3	20	0	12	3	14	
0	22	19	14	22	16	16	16	31	22	16	12	11	12	23	21	19	15	17	21	15	20	10	19	14	16	12	13	0	16	19	
0	18	21	22	22	12	29	9	34	24	11	14	19	14	31	12	17	17	19	13	13	6	18	22	27	7	20	15	16	0	14	
0	22	12	16	8	16	17	14	26	20	13	19	20	18	25	10	3	21	23	11	4	11	19	27	15	5	21	2	14	5	0	
M4
0	0	0	0	0	0	0	0	0	0	0	0	0	0	0	0	0	0	0	0	0	0	0	0	0	0	0	0	0	0	0	
0	0	16	13	10	17	17	15	13	15	9	11	2	7	10	12	23	12	17	13	12	18	8	13	22	30	10	20	16	14	7	
0	10	0	11	3	23	9	16	13	14	9	17	12	4	10	1	23	12	18	9	13	18	8	2	22	19	18	13	9	14	17	
0	21	13	0	16	14	22	11	26	20	12	7	22	9	13	14	26	15	26	15	8	23	21	10	32	28	30	26	19	17	27	
0	7	21	8	0	22	14	18	10	11	6	14	9	12	7	9	20	9	20	6	15	21	5	10	19	28	17	18	6	11	14	
0	24	26	19	28	0	23	21	19	18	15	17	8	19	16	18	29	18	28	25	18	24	14	19	28	36	16	26	22	20	13	
0	15	17	4	20	14	0	13	7	7	15	9	17	11	16	10	27	16	9	2	10	13	17	11	15	30	19	4	20	11	16	
0	24	32	24	34	22	20	0	24	27	20	22	26	24	21	23	15	23	26	22	23	22	19	24	33	30	21	24	27	20	18	
0	12	21	8	22	18	4	13	0	11	12	13	14	15	13	14	23	15	13	6	14	11	11	15	9	34	12	8	14	15	10	
0	8	15	14	18	18	19	15	17	0	17	19	10	6	10	3	30	20	13	12	12	17	16	4	26	32	18	15	16	4	15	
0	9	15	9	18	19	16	12	17	17	0	8	11	6	1	3	14	3	14	12	9	18	17	4	26	29	19	15	7	5	16	
0	20	11	2	14	16	20	4	24	13	14	0	17	2	15	12	19	17	20	8	1	16	19	3	25	21	25	24	12	17	22	
0	16	20	11	20	15	15	13	11	13	7	9	0	11	8	10	21	10	20	17	10	16	6	11	20	28	8	18	14	12	5	
0	19	9	8	12	22	18	12	22	11	18	15	21	0	19	10	27	21	18	6	9	14	17	11	31	28	27	22	18	15	26	
0	21	14	13	17	24	20	17	16	16	23	20	18	5	0	2	32	26	19	11	14	19	22	3	25	33	19	14	15	17	23	
0	19	12	11	15	22	18	15	14	14	21	18	16	3	14	0	30	24	17	9	12	17	20	1	23	31	17	12	13	15	21	
0	9	18	9	19	16	13	11	9	20	5	7	11	9	6	8	0	8	11	15	8	7	4	9	18	28	6	16	12	5	3	
0	6	16	6	16	16	13	9	19	18	15	5	8	7	16	16	11	0	11	13	6	15	14	8	28	26	16	17	4	2	13	
0	11	17	16	20	5	23	16	19	16	13	21	13	8	14	5	19	16	0	14	13	4	18	6	28	33	21	17	18	18	18	
0	13	15	2	18	16	24	13	22	5	14	9	15	11	15	8	28	17	18	0	10	22	21	9	31	30	23	20	21	9	20	
0	27	22	15	25	25	20	3	27	27	23	22	16	24	20	22	18	26	26	22	0	25	22	23	24	20	24	24	11	23	21	
0	15	21	20	21	9	23	20	19	20	11	19	11	12	10	9	23	14	4	18	17	0	14	10	28	37	19	21	18	16	16	
0	10	16	10	19	20	9	13	5	16	1	9	12	7	2	4	15	4	15	11	10	16	0	5	14	30	17	13	8	6	15	
0	18	27	21	28	28	32	15	29	29	27	28	20	18	13	15	30	30	23	24	12	27	26	0	36	32	28	27	23	14	25	
0	3	14	7	13	11	11	9	7	18	3	5	5	7	4	6	14	6	6	13	6	2	2	7	0	26	4	14	5	8	1	
0	7	2	2	5	15	11	9	11	16	7	5	8	6	8	3	18	10	10	11	6	6	6	4	4	0	8	15	9	12	5	
0	19	12	3	15	17	21	5	25	14	10	1	18	3	11	13	20	13	21	9	2	17	20	4	26	22	0	25	13	15	23	
0	13	22	18	23	10	22	20	18	21	11	16	15	13	12	10	24	14	5	19	17	9	13	11	11	37	15	0	16	16	12	
0	24	26	13	29	20	9	22	16	16	20	18	26	20	21	19	34	23	15	11	19	19	19	20	24	32	28	13	0	20	25	
0	4	20	17	14	14	21	11	17	19	13	15	6	11	14	14	26	16	9	17	8	13	12	15	26	28	14	19	19	0	11	
0	11	15	6	18	20	10	8	6	17	2	4	13	6	3	5	16	5	15	12	5	11	1	6	15	25	3	13	9	7	0	
M5
0	0	0	0	0	0	0	0	0	0	0	0	0	0	0	0	0	0	0	0	0	0	0	0	0	0	0	0	0	0	0	
0	0	18	23	12	18	16	13	15	1	12	16	11	9	16	11	12	20	15	16	14	14	14	15	15	15	14	16	10	21	12	
0	8	0	5	7	20	11	8	15	9	13	17	13	4	11	6	7	15	9	11	11	9	16	10	15	10	16	11	10	16	14	
0	10	13	0	18	22	8	16	16	10	13	12	12	15	21	17	18	15	4	11	19	16	23	7	15	9	23	10	11	15	21	
0	8	13	18	0	18	11	3	15	9	11	23	10	4	11	6	7	15	19	11	6	8	21	10	13	7	22	8	10	13	19	
0	12	9	12	9	0	6	12	13	9	7	5	6	9	16	11	12	11	9	7	15	14	3	9	13	7	8	8	8	13	1	
0	14	13	18	11	14	0	9	8	9	5	19	4	10	13	10	11	14	17	12	12	13	17	14	7	1	16	2	3	7	15	
0	5	10	15	4	15	8	0	12	6	9	20	9	1	8	3	4	12	16	8	3	5	18	7	12	6	19	7	7	12	16	
0	9	6	11	13	23	16	9	0	6	15	14	16	10	17	12	13	8	12	4	12	12	19	15	19	13	19	14	16	19	17	
0	15	19	24	11	17	15	14	19	0	17	15	16	15	15	10	18	19	14	17	13	13	13	14	20	14	13	15	14	20	11	
0	18	19	24	22	30	16	18	21	18	0	30	14	19	22	21	19	17	12	17	21	23	17	15	21	17	11	18	16	23	29	
0	7	4	9	7	19	5	7	13	4	10	0	9	4	11	6	7	6	10	2	10	9	17	4	12	6	17	7	8	12	15	
0	19	20	25	23	31	17	19	22	19	1	31	0	20	23	22	20	18	13	18	22	24	18	16	22	18	12	19	17	19	30	
0	4	9	14	3	19	7	4	11	5	9	20	9	0	7	2	3	11	15	7	7	5	18	6	12	6	18	7	6	12	16	
0	13	11	16	12	18	12	8	10	1	8	16	16	9	0	11	12	13	15	9	11	13	14	15	19	13	14	14	15	19	12	
0	5	14	19	1	19	5	4	9	6	7	21	7	5	5	0	8	13	17	12	7	3	19	4	10	4	18	5	4	10	17	
0	12	17	22	23	25	23	19	27	13	14	28	14	20	23	22	0	20	24	27	19	10	26	26	17	11	25	12	22	17	24	
0	6	9	14	5	16	9	1	13	7	10	20	10	2	9	4	5	0	15	7	4	6	19	8	13	7	20	8	8	13	17	
0	6	9	14	14	18	4	12	12	6	9	20	8	11	17	13	14	11	0	7	15	12	19	3	11	5	19	6	7	11	17	
0	5	2	7	9	19	12	5	17	2	11	13	14	6	13	8	9	4	8	0	8	10	15	11	17	11	15	12	12	17	13	
0	4	16	21	12	13	7	11	14	5	6	18	6	12	15	11	13	12	16	18	0	2	16	15	9	3	17	4	9	9	14	
0	2	14	19	13	20	13	9	17	3	4	18	4	10	13	12	11	10	14	17	12	0	16	16	7	1	15	2	12	7	14	
0	12	15	20	16	24	10	12	18	12	4	25	3	13	20	15	16	11	6	13	15	12	0	9	17	11	5	12	13	17	23	
0	3	14	19	12	15	1	10	9	4	6	19	5	11	14	11	12	15	18	13	13	14	17	0	8	2	17	3	4	8	15	
0	16	13	18	20	30	23	16	13	13	22	24	25	17	17	19	20	15	19	11	19	21	26	22	0	22	26	23	11	11	24	
0	13	13	18	12	21	16	8	16	8	4	23	3	9	12	11	10	13	16	16	11	13	21	15	6	0	15	1	11	6	19	
0	7	10	15	11	19	5	7	13	7	10	21	9	8	15	10	11	6	1	8	10	12	20	4	12	6	0	7	8	12	18	
0	12	17	22	11	22	15	7	15	7	3	22	2	8	15	10	11	12	15	15	10	12	20	14	19	13	14	0	10	19	18	
0	12	10	15	11	22	15	7	5	11	16	19	16	8	15	10	11	13	17	9	10	12	24	14	19	13	23	14	0	19	22	
0	19	17	22	18	24	18	14	16	7	14	22	22	15	6	17	18	19	21	15	16	18	20	21	25	19	20	20	21	0	18	
0	11	8	13	8	6	5	11	13	8	6	4	5	8	15	10	11	10	8	6	14	13	2	8	12	6	7	7	8	12	0	
M6
0	0	0	0	0	0	0	0	0	0	0	0	0	0	0	0	0	0	0	0	0	0	0	0	0	0	0	0	0	0	0	
0	0	15	17	12	12	21	16	16	22	24	33	18	5	15	17	17	18	21	10	3	22	10	14	16	20	14	24	20	19	22	
0	19	0	16	16	22	31	13	14	20	13	31	15	21	19	12	21	18	19	14	22	26	21	9	20	18	18	28	24	6	17	
0	23	17	0	23	27	32	20	28	26	25	42	22	23	20	19	22	10	33	21	26	27	28	16	21	24	19	29	31	23	20	
0	3	8	14	0	6	15	4	11	10	12	23	6	8	3	16	5	9	13	13	6	10	9	13	4	8	2	12	8	12	14	
0	14	12	17	19	0	19	8	16	18	20	28	10	19	19	21	21	13	21	17	17	24	14	18	18	16	18	15	13	15	17	
0	10	5	21	12	16	0	16	12	6	18	23	3	13	9	17	11	18	15	10	11	16	20	14	10	14	9	19	20	11	10	
0	6	4	15	11	16	26	0	14	16	17	22	2	11	14	15	16	5	19	9	9	16	8	12	10	14	13	23	19	10	15	
0	5	17	11	12	17	26	16	0	22	8	17	18	10	15	19	17	18	5	10	8	22	12	16	16	20	14	24	20	16	22	
0	4	8	15	11	10	11	15	11	0	12	21	8	9	3	18	5	17	9	9	7	10	14	15	4	8	12	22	19	12	4	
0	18	14	3	21	14	19	22	15	14	0	32	12	18	7	22	9	13	20	19	20	14	27	19	8	12	22	29	27	16	18	
0	8	12	14	15	20	29	17	3	24	11	0	10	13	18	16	20	18	8	13	11	21	9	13	18	22	17	27	8	18	21	
0	12	2	18	9	14	24	13	15	14	15	20	0	10	12	14	14	15	20	7	8	14	18	11	8	12	11	21	17	8	18	
0	10	12	21	7	13	22	11	18	17	19	29	13	0	10	14	12	13	20	5	13	17	16	11	11	15	9	19	15	18	19	
0	11	7	12	14	7	12	15	8	7	9	25	5	11	0	15	2	20	13	12	13	7	20	12	1	5	16	22	20	9	11	
0	7	9	18	4	10	19	8	15	14	16	27	10	12	7	0	9	13	17	6	10	14	13	17	8	12	6	16	12	15	5	
0	12	5	13	12	17	10	16	18	8	10	23	3	12	11	17	0	18	17	10	11	17	21	14	11	6	14	24	20	11	12	
0	13	14	18	20	17	22	24	18	16	15	35	15	13	10	25	12	0	23	18	16	17	23	22	11	14	9	19	28	19	10	
0	10	13	6	7	13	22	11	10	17	3	12	13	12	10	17	12	13	0	5	13	17	16	14	11	15	9	19	15	11	17	
0	5	10	16	2	8	17	6	13	12	14	24	8	10	5	17	7	8	15	0	8	12	11	15	6	10	4	14	10	14	16	
0	12	14	23	9	15	24	13	20	19	21	31	15	2	12	16	14	15	22	7	0	19	18	13	13	17	11	21	17	20	21	
0	6	6	9	13	14	15	17	1	4	6	18	12	8	7	17	9	19	6	11	9	0	13	14	8	2	15	25	21	12	8	
0	11	5	7	9	15	24	8	6	19	14	23	10	16	12	7	14	13	11	9	14	19	0	4	13	17	11	21	17	9	12	
0	10	1	17	7	13	22	4	15	17	14	26	6	15	10	3	12	9	20	5	13	17	12	0	11	15	9	19	15	7	8	
0	10	6	11	13	6	17	14	7	6	8	24	4	10	9	18	11	19	12	11	12	6	19	15	0	4	15	21	19	12	10	
0	6	10	7	13	12	13	17	13	2	4	23	10	6	5	20	7	17	11	11	9	12	16	17	6	0	14	24	21	14	6	
0	4	8	12	15	8	13	16	9	8	10	26	6	9	1	16	3	21	14	13	7	8	14	13	2	6	0	10	21	10	12	
0	6	9	2	13	18	4	12	1	10	9	18	7	11	13	11	15	12	6	11	9	20	4	8	14	18	13	0	21	13	14	
0	12	6	8	10	16	25	9	7	20	15	15	11	6	13	8	15	14	12	10	12	20	1	5	14	18	12	22	0	10	13	
0	13	2	12	10	16	25	7	16	14	9	29	9	18	13	6	15	12	21	8	16	20	15	3	14	12	12	22	18	0	11	
0	12	4	20	20	15	20	17	16	15	17	29	13	17	8	16	10	22	17	18	15	15	22	13	9	13	8	18	28	10	0	
M7
0	0	0	0	0	0	0	0	0	0	0	0	0	0	0	0	0	0	0	0	0	0	0	0	0	0	0	0	0	0	0	
0	0	13	19	12	16	13	15	9	19	16	15	16	13	23	12	7	16	24	24	18	16	8	5	15	15	12	11	9	14	4	
0	2	0	21	6	12	15	16	11	12	10	8	7	1	18	11	9	7	16	19	15	18	5	7	14	2	14	2	11	5	6	
0	7	5	0	7	16	18	14	13	17	11	6	12	6	20	9	12	11	17	11	7	17	10	9	4	7	1	7	16	9	9	
0	7	5	19	0	12	20	11	15	16	4	13	12	6	15	11	12	4	17	16	17	14	5	11	14	6	17	7	16	9	11	
0	13	12	15	8	0	11	13	8	6	12	7	1	4	12	10	5	3	19	13	17	14	4	4	11	14	8	7	20	10	2	
0	15	13	9	15	15	0	22	13	21	19	14	16	14	27	10	4	18	25	12	16	3	14	11	12	15	9	15	24	18	16	
0	11	9	9	14	21	15	0	5	11	12	14	16	10	27	10	4	16	9	18	6	3	14	1	12	11	9	11	17	8	6	
0	14	12	12	15	24	11	18	0	24	19	18	19	13	30	8	10	19	24	23	17	14	17	9	11	14	13	14	23	14	7	
0	8	6	9	8	18	19	15	14	0	9	7	13	7	21	10	13	12	18	20	11	18	11	10	5	8	2	8	17	11	10	
0	18	16	16	12	21	22	7	12	18	0	18	22	17	24	17	8	13	16	25	13	10	14	8	16	8	13	17	24	15	13	
0	8	6	17	1	13	17	8	7	17	5	0	13	7	16	3	6	5	17	17	12	11	6	3	6	7	11	8	17	10	8	
0	12	11	14	7	10	19	14	13	5	11	6	0	12	11	9	7	2	23	12	16	17	3	9	10	13	7	6	20	9	12	
0	16	15	21	18	11	22	24	17	17	19	18	12	0	17	13	16	6	15	18	22	25	7	15	16	17	19	10	22	13	13	
0	9	7	4	9	6	8	16	14	1	10	8	7	6	0	9	11	8	19	1	11	11	3	10	6	9	3	6	18	9	8	
0	6	4	15	10	16	17	18	14	16	14	10	11	5	22	0	3	11	16	19	9	17	9	10	3	6	8	6	15	9	8	
0	11	9	12	11	21	21	18	17	21	15	10	16	10	24	13	0	15	21	23	14	21	13	13	8	11	5	11	20	14	12	
0	10	9	15	15	8	19	18	13	12	13	15	9	10	11	7	10	0	21	12	16	21	1	9	10	11	14	4	19	7	10	
0	8	6	12	9	18	18	16	15	18	13	8	13	7	21	2	5	13	0	21	11	19	11	11	5	8	10	8	17	11	10	
0	10	8	3	10	5	7	17	13	10	14	9	6	5	15	8	10	7	20	0	10	10	2	9	7	8	4	5	19	8	7	
0	5	12	15	17	17	12	20	8	22	15	18	18	13	27	16	12	19	28	12	0	15	13	4	19	14	16	14	14	2	9	
0	12	10	6	12	22	22	19	12	22	16	11	17	11	25	7	1	16	22	17	13	0	14	8	9	12	6	12	21	15	13	
0	9	8	19	14	18	22	19	12	11	12	14	8	9	15	6	9	10	20	16	15	22	0	8	9	10	13	3	18	6	13	
0	10	8	16	13	20	14	16	4	20	11	14	15	9	26	12	8	15	24	26	21	17	13	0	15	10	13	10	16	13	5	
0	3	1	17	7	13	14	15	11	13	11	7	8	2	19	10	8	8	13	16	6	14	6	7	0	3	13	3	12	6	5	
0	11	9	20	4	13	20	15	18	17	8	17	14	10	16	12	15	5	15	17	13	18	6	14	13	0	16	9	20	12	15	
0	6	4	7	6	16	17	13	12	16	10	5	11	5	19	8	11	10	16	18	9	16	9	8	3	6	0	6	15	9	8	
0	6	13	19	12	15	19	19	9	10	16	11	5	14	16	14	12	7	28	17	21	22	8	5	15	15	12	0	15	3	10	
0	13	12	16	15	15	25	22	16	15	16	14	12	4	19	10	4	10	19	20	18	25	4	12	12	14	9	7	0	10	16	
0	3	10	18	15	19	16	18	6	22	13	16	17	11	26	14	10	17	26	27	21	19	11	2	17	12	15	12	12	0	7	
0	12	10	15	8	20	9	11	6	18	12	11	13	11	23	8	3	12	20	21	17	12	13	2	11	12	8	12	18	15	0	
Tamanho_Tarefas
0	14	16	13	23	24	6	22	17	17	5	17	14	27	18	18	26	28	2	20	13	24	17	9	25	12	7	11	4	19	31	
Data_Entrega
0	144	150	144	149	139	141	143	139	140	150	148	144	151	141	139	140	140	140	139	146	139	149	146	146	144	151	145	150	146	145	
Penalidade_Atraso
0	17	11	5	8	2	20	15	2	14	13	12	19	19	18	11	1	14	13	13	12	20	13	14	16	3	10	3	15	9	19	
Capacidade_Veiculo
47	41	69	84	40	88	62	65	92	70	67	93	49	61	50	
Custo_Fixo_Veiculo
470	410	690	840	400	880	620	650	920	700	670	930	490	610	500	
Coordenadas_Clientes
x	0	y	0
x	80	y	0
x	89	y	18
x	72	y	32
x	76	y	55
x	74	y	82
x	43	y	75
x	27	y	85
x	10	y	104
x	-8	y	82
x	-33	y	103
x	-60	y	104
x	-53	y	59
x	-62	y	45
x	-85	y	38
x	-97	y	20
x	-92	y	0
x	-94	y	-20
x	-84	y	-37
x	-68	y	-49
x	-66	y	-74
x	-43	y	-76
x	-36	y	-112
x	-11	y	-107
x	10	y	-97
x	29	y	-92
x	53	y	-91
x	52	y	-58
x	84	y	-61
x	112	y	-50
x	105	y	-22
Tempo_Viagem
0	80	90	78	93	110	86	89	104	82	108	120	79	76	93	99	92	96	91	83	99	87	117	107	97	96	105	77	103	122	107	
80	0	20	32	55	82	83	100	125	120	152	174	145	148	169	178	172	175	168	155	163	144	161	140	119	105	94	64	61	59	33	
90	20	0	22	39	65	73	91	116	116	148	172	147	153	175	186	181	186	181	170	180	162	180	160	139	125	114	84	79	71	43	
78	32	22	0	23	50	51	69	94	94	126	150	127	134	157	169	167	173	169	161	174	157	180	161	143	131	124	92	93	91	63	
93	55	39	23	0	27	38	56	81	88	118	144	129	138	161	176	176	185	184	176	191	176	201	183	165	154	147	115	116	110	82	
110	82	65	50	27	0	31	47	67	82	109	135	128	140	164	181	185	196	197	193	209	196	223	207	190	179	174	141	143	136	108	
86	83	73	51	38	31	0	18	43	51	80	107	97	109	133	150	154	166	169	166	184	173	203	189	175	167	166	133	142	142	114	
89	100	91	69	56	47	18	0	25	35	62	89	84	97	121	140	146	160	164	164	184	175	206	195	182	177	177	145	156	159	132	
104	125	116	94	81	67	43	25	0	28	43	70	77	93	115	135	145	161	169	171	193	187	220	211	201	196	199	167	180	184	157	
82	120	116	94	88	82	51	35	28	0	32	56	50	65	88	108	117	133	141	144	166	161	196	189	179	177	183	152	170	178	153	
108	152	148	126	118	109	80	62	43	32	0	27	48	64	83	104	118	136	148	155	180	179	215	211	204	204	212	182	201	210	185	
120	174	172	150	144	135	107	89	70	56	27	0	45	59	70	91	108	128	143	153	178	180	216	216	212	215	225	196	219	230	207	
79	145	147	127	129	128	97	84	77	50	48	45	0	16	38	58	70	88	100	109	133	135	171	171	168	171	183	156	182	197	177	
76	148	153	134	138	140	109	97	93	65	64	59	16	0	24	43	54	72	84	94	119	122	158	160	159	164	178	153	179	198	179	
93	169	175	157	161	164	133	121	115	88	83	70	38	24	0	21	38	58	75	88	113	121	157	162	165	172	188	167	195	215	199	
99	178	186	169	176	181	150	140	135	108	104	91	58	43	21	0	20	40	57	74	98	110	144	153	158	168	186	168	198	220	206	
92	172	181	167	176	185	154	146	145	117	118	108	70	54	38	20	0	20	37	54	78	90	124	134	140	152	171	155	186	210	198	
96	175	186	173	185	196	166	160	161	133	136	128	88	72	58	40	20	0	19	38	60	74	108	118	129	142	163	150	182	208	199	
91	168	181	169	184	197	169	164	169	141	148	143	100	84	75	57	37	19	0	20	41	56	89	100	111	125	147	137	169	196	189	
83	155	170	161	176	193	166	164	171	144	155	153	109	94	88	74	54	38	20	0	25	36	70	80	91	106	128	120	152	180	175	
99	163	180	174	191	209	184	184	193	166	180	178	133	119	113	98	78	60	41	25	0	23	48	64	79	96	120	119	150	179	178	
87	144	162	157	176	196	173	175	187	161	179	180	135	122	121	110	90	74	56	36	23	0	36	44	57	73	97	96	127	156	157	
117	161	180	180	201	223	203	206	220	196	215	216	171	158	157	144	124	108	89	70	48	36	0	25	48	67	90	103	130	160	167	
107	140	160	161	183	207	189	195	211	189	211	216	171	160	162	153	134	118	100	80	64	44	25	0	23	42	65	79	105	135	143	
97	119	139	143	165	190	175	182	201	179	204	212	168	159	165	158	140	129	111	91	79	57	48	23	0	19	43	57	82	112	121	
96	105	125	131	154	179	167	177	196	177	204	215	171	164	172	168	152	142	125	106	96	73	67	42	19	0	24	41	63	93	103	
105	94	114	124	147	174	166	177	199	183	212	225	183	178	188	186	171	163	147	128	120	97	90	65	43	24	0	33	43	71	86	
77	64	84	92	115	141	133	145	167	152	182	196	156	153	167	168	155	150	137	120	119	96	103	79	57	41	33	0	32	60	64	
103	61	79	93	116	143	142	156	180	170	201	219	182	179	195	198	186	182	169	152	150	127	130	105	82	63	43	32	0	30	44	
122	59	71	91	110	136	142	159	184	178	210	230	197	198	215	220	210	208	196	180	179	156	160	135	112	93	71	60	30	0	28	
107	33	43	63	82	108	114	132	157	153	185	207	177	179	199	206	198	199	189	175	178	157	167	143	121	103	86	64	44	28	0	
Custo_Viagem
V0
0	752	846	733	874	1034	808	836	977	770	1015	1128	742	714	874	930	864	902	855	780	930	817	1099	1005	911	902	987	723	968	1146	1005	
752	0	188	300	517	770	780	940	1175	1128	1428	1635	1363	1391	1588	1673	1616	1645	1579	1457	1532	1353	1513	1316	1118	987	883	601	573	554	310	
846	188	0	206	366	611	686	855	1090	1090	1391	1616	1381	1438	1645	1748	1701	1748	1701	1598	1692	1522	1692	1504	1306	1175	1071	789	742	667	404	
733	300	206	0	216	470	479	648	893	883	1184	1410	1193	1259	1475	1588	1569	1626	1598	1513	1635	1475	1692	1513	1344	1231	1165	864	874	855	592	
874	517	366	216	0	253	357	535	770	827	1118	1353	1212	1297	1513	1654	1654	1739	1729	1663	1795	1654	1889	1720	1551	1447	1381	1081	1090	1043	770	
1034	770	611	470	253	0	291	441	629	770	1024	1269	1212	1316	1541	1701	1739	1842	1851	1814	1964	1842	2096	1945	1786	1682	1635	1325	1344	1287	1015	
808	780	686	479	357	291	0	169	404	479	752	1005	911	1024	1250	1410	1447	1560	1588	1560	1729	1626	1908	1776	1645	1569	1560	1250	1334	1334	1081	
836	940	855	648	535	441	169	0	235	329	582	836	789	911	1137	1316	1372	1504	1541	1541	1729	1645	1936	1833	1710	1663	1663	1363	1466	1494	1240	
977	1175	1090	893	770	629	404	235	0	263	404	658	723	874	1081	1278	1363	1513	1588	1607	1814	1757	2068	1992	1889	1842	1870	1569	1692	1729	1475	
770	1128	1090	883	827	770	479	329	263	0	300	526	470	611	827	1015	1099	1250	1325	1353	1560	1513	1842	1776	1682	1663	1720	1428	1598	1673	1438	
1015	1428	1391	1184	1118	1024	752	582	404	300	0	253	451	601	780	977	1109	1287	1400	1457	1692	1682	2021	1983	1917	1917	1992	1710	1889	1974	1748	
1128	1635	1616	1410	1353	1269	1005	836	658	526	253	0	423	554	658	855	1015	1203	1344	1438	1673	1692	2039	2030	1992	2021	2115	1842	2058	2162	1945	
742	1363	1381	1193	1212	1212	911	789	723	470	451	423	0	150	357	545	658	836	940	1024	1250	1269	1607	1607	1579	1607	1720	1475	1710	1851	1663	
714	1391	1438	1259	1297	1316	1024	911	874	611	601	554	150	0	225	404	507	676	789	883	1118	1146	1494	1504	1494	1541	1673	1438	1692	1861	1682	
874	1588	1645	1475	1513	1541	1250	1137	1081	827	780	658	357	225	0	197	357	545	705	827	1062	1137	1475	1522	1551	1616	1767	1569	1833	2021	1870	
930	1673	1748	1588	1654	1701	1410	1316	1278	1015	977	855	545	404	197	0	188	376	545	695	921	1034	1363	1438	1485	1579	1748	1579	1861	2068	1936	
864	1616	1701	1569	1654	1739	1447	1372	1363	1099	1109	1015	658	507	357	188	0	188	347	507	733	846	1175	1259	1316	1428	1607	1457	1748	1974	1861	
902	1645	1748	1626	1739	1842	1560	1504	1513	1250	1287	1203	836	676	545	376	188	0	178	357	564	705	1015	1128	1212	1334	1532	1410	1710	1955	1870	
855	1579	1701	1598	1729	1851	1588	1541	1588	1325	1400	1344	940	789	705	545	347	178	0	188	385	526	836	949	1043	1175	1381	1287	1588	1842	1776	
780	1457	1598	1513	1663	1814	1560	1541	1607	1353	1457	1438	1024	883	827	695	507	357	188	0	235	338	658	761	855	996	1203	1128	1428	1692	1645	
930	1532	1692	1635	1795	1964	1729	1729	1814	1560	1692	1673	1250	1118	1062	921	733	564	385	235	0	216	451	601	742	902	1128	1118	1410	1682	1673	
817	1353	1522	1475	1654	1842	1626	1645	1757	1513	1682	1692	1269	1146	1137	1034	846	705	526	338	216	0	338	413	535	686	911	902	1193	1475	1475	
1099	1513	1692	1692	1889	2096	1908	1936	2068	1842	2021	2039	1607	1494	1475	1363	1175	1015	836	658	451	338	0	235	451	639	855	968	1222	1504	1569	
1005	1316	1504	1513	1720	1945	1776	1833	1992	1776	1983	2030	1607	1504	1522	1438	1259	1128	949	761	601	413	235	0	216	394	611	742	987	1269	1344	
911	1118	1306	1344	1551	1786	1645	1710	1889	1682	1917	1992	1579	1494	1551	1485	1316	1212	1043	855	742	535	451	216	0	178	404	535	770	1052	1137	
902	987	1175	1231	1447	1682	1569	1663	1842	1663	1917	2021	1607	1541	1616	1579	1428	1334	1175	996	902	686	639	394	178	0	225	385	592	874	968	
987	883	1071	1165	1381	1635	1560	1663	1870	1720	1992	2115	1720	1673	1767	1748	1607	1532	1381	1203	1128	911	855	611	404	225	0	310	404	667	808	
723	601	789	864	1081	1325	1250	1363	1569	1428	1710	1842	1475	1438	1569	1579	1457	1410	1287	1128	1118	902	968	742	535	385	310	0	300	564	601	
968	573	742	874	1090	1344	1334	1466	1692	1598	1889	2058	1710	1692	1833	1861	1748	1710	1588	1428	1410	1193	1222	987	770	592	404	300	0	282	413	
1146	554	667	855	1043	1287	1334	1494	1729	1673	1974	2162	1851	1861	2021	2068	1974	1955	1842	1692	1682	1475	1504	1269	1052	874	667	564	282	0	263	
1005	310	404	592	770	1015	1081	1240	1475	1438	1748	1945	1663	1682	1870	1936	1861	1870	1776	1645	1673	1475	1569	1344	1137	968	808	601	413	263	0	
V1
0	656	738	639	762	902	705	729	852	672	885	984	647	623	762	811	754	787	746	680	811	713	959	877	795	787	861	631	844	1000	877	
656	0	164	262	451	672	680	820	1025	984	1246	1426	1189	1213	1385	1459	1410	1435	1377	1271	1336	1180	1320	1148	975	861	770	524	500	483	270	
738	164	0	180	319	533	598	746	951	951	1213	1410	1205	1254	1435	1525	1484	1525	1484	1394	1476	1328	1476	1312	1139	1025	934	688	647	582	352	
639	262	180	0	188	410	418	565	779	770	1033	1230	1041	1098	1287	1385	1369	1418	1394	1320	1426	1287	1476	1320	1172	1074	1016	754	762	746	516	
762	451	319	188	0	221	311	467	672	721	975	1180	1057	1131	1320	1443	1443	1517	1508	1451	1566	1443	1648	1500	1353	1262	1205	943	951	910	672	
902	672	533	410	221	0	254	385	549	672	893	1107	1057	1148	1344	1484	1517	1607	1615	1582	1713	1607	1828	1697	1558	1467	1426	1156	1172	1123	885	
705	680	598	418	311	254	0	147	352	418	656	877	795	893	1090	1230	1262	1361	1385	1361	1508	1418	1664	1549	1435	1369	1361	1090	1164	1164	943	
729	820	746	565	467	385	147	0	205	287	508	729	688	795	992	1148	1197	1312	1344	1344	1508	1435	1689	1599	1492	1451	1451	1189	1279	1303	1082	
852	1025	951	779	672	549	352	205	0	229	352	574	631	762	943	1115	1189	1320	1385	1402	1582	1533	1804	1738	1648	1607	1631	1369	1476	1508	1287	
672	984	951	770	721	672	418	287	229	0	262	459	410	533	721	885	959	1090	1156	1180	1361	1320	1607	1549	1467	1451	1500	1246	1394	1459	1254	
885	1246	1213	1033	975	893	656	508	352	262	0	221	393	524	680	852	967	1123	1221	1271	1476	1467	1763	1730	1672	1672	1738	1492	1648	1722	1525	
984	1426	1410	1230	1180	1107	877	729	574	459	221	0	369	483	574	746	885	1049	1172	1254	1459	1476	1779	1771	1738	1763	1845	1607	1795	1886	1697	
647	1189	1205	1041	1057	1057	795	688	631	410	393	369	0	131	311	475	574	729	820	893	1090	1107	1402	1402	1377	1402	1500	1287	1492	1615	1451	
623	1213	1254	1098	1131	1148	893	795	762	533	524	483	131	0	196	352	442	590	688	770	975	1000	1303	1312	1303	1344	1459	1254	1476	1623	1467	
762	1385	1435	1287	1320	1344	1090	992	943	721	680	574	311	196	0	172	311	475	615	721	926	992	1287	1328	1353	1410	1541	1369	1599	1763	1631	
811	1459	1525	1385	1443	1484	1230	1148	1115	885	852	746	475	352	172	0	164	328	475	606	803	902	1189	1254	1295	1377	1525	1377	1623	1804	1689	
754	1410	1484	1369	1443	1517	1262	1197	1189	959	967	885	574	442	311	164	0	164	303	442	639	738	1025	1098	1148	1246	1402	1271	1525	1722	1623	
787	1435	1525	1418	1517	1607	1361	1312	1320	1090	1123	1049	729	590	475	328	164	0	155	311	492	615	885	984	1057	1164	1336	1230	1492	1705	1631	
746	1377	1484	1394	1508	1615	1385	1344	1385	1156	1221	1172	820	688	615	475	303	155	0	164	336	459	729	828	910	1025	1205	1123	1385	1607	1549	
680	1271	1394	1320	1451	1582	1361	1344	1402	1180	1271	1254	893	770	721	606	442	311	164	0	205	295	574	664	746	869	1049	984	1246	1476	1435	
811	1336	1476	1426	1566	1713	1508	1508	1582	1361	1476	1459	1090	975	926	803	639	492	336	205	0	188	393	524	647	787	984	975	1230	1467	1459	
713	1180	1328	1287	1443	1607	1418	1435	1533	1320	1467	1476	1107	1000	992	902	738	615	459	295	188	0	295	360	467	598	795	787	1041	1287	1287	
959	1320	1476	1476	1648	1828	1664	1689	1804	1607	1763	1779	1402	1303	1287	1189	1025	885	729	574	393	295	0	205	393	557	746	844	1066	1312	1369	
877	1148	1312	1320	1500	1697	1549	1599	1738	1549	1730	1771	1402	1312	1328	1254	1098	984	828	664	524	360	205	0	188	344	533	647	861	1107	1172	
795	975	1139	1172	1353	1558	1435	1492	1648	1467	1672	1738	1377	1303	1353	1295	1148	1057	910	746	647	467	393	188	0	155	352	467	672	918	992	
787	861	1025	1074	1262	1467	1369	1451	1607	1451	1672	1763	1402	1344	1410	1377	1246	1164	1025	869	787	598	557	344	155	0	196	336	516	762	844	
861	770	934	1016	1205	1426	1361	1451	1631	1500	1738	1845	1500	1459	1541	1525	1402	1336	1205	1049	984	795	746	533	352	196	0	270	352	582	705	
631	524	688	754	943	1156	1090	1189	1369	1246	1492	1607	1287	1254	1369	1377	1271	1230	1123	984	975	787	844	647	467	336	270	0	262	492	524	
844	500	647	762	951	1172	1164	1279	1476	1394	1648	1795	1492	1476	1599	1623	1525	1492	1385	1246	1230	1041	1066	861	672	516	352	262	0	246	360	
1000	483	582	746	910	1123	1164	1303	1508	1459	1722	1886	1615	1623	1763	1804	1722	1705	1607	1476	1467	1287	1312	1107	918	762	582	492	246	0	229	
877	270	352	516	672	885	943	1082	1287	1254	1525	1697	1451	1467	1631	1689	1623	1631	1549	1435	1459	1287	1369	1172	992	844	705	524	360	229	0	
V2
0	1104	1242	1076	1283	1518	1186	1228	1435	1131	1490	1656	1090	1048	1283	1366	1269	1324	1255	1145	1366	1200	1614	1476	1338	1324	1449	1062	1421	1683	1476	
1104	0	276	441	759	1131	1145	1380	1725	1656	2097	2401	2001	2042	2332	2456	2373	2415	2318	2139	2249	1987	2221	1932	1642	1449	1297	883	841	814	455	
1242	276	0	303	538	897	1007	1255	1600	1600	2042	2373	2028	2111	2415	2566	2497	2566	2497	2346	2484	2235	2484	2208	1918	1725	1573	1159	1090	979	593	
1076	441	303	0	317	690	703	952	1311	1297	1738	2070	1752	1849	2166	2332	2304	2387	2346	2221	2401	2166	2484	2221	1973	1807	1711	1269	1283	1255	869	
1283	759	538	317	0	372	524	786	1131	1214	1642	1987	1780	1904	2221	2428	2428	2553	2539	2442	2635	2428	2773	2525	2277	2125	2028	1587	1600	1531	1131	
1518	1131	897	690	372	0	427	648	924	1131	1504	1863	1780	1932	2263	2497	2553	2704	2718	2663	2884	2704	3077	2856	2622	2470	2401	1945	1973	1890	1490	
1186	1145	1007	703	524	427	0	248	593	703	1104	1476	1338	1504	1835	2070	2125	2290	2332	2290	2539	2387	2801	2608	2415	2304	2290	1835	1959	1959	1587	
1228	1380	1255	952	786	648	248	0	345	483	855	1228	1159	1338	1669	1932	2014	2208	2263	2263	2539	2415	2842	2691	2511	2442	2442	2001	2152	2194	1821	
1435	1725	1600	1311	1131	924	593	345	0	386	593	966	1062	1283	1587	1876	2001	2221	2332	2359	2663	2580	3036	2925	2773	2704	2746	2304	2484	2539	2166	
1131	1656	1600	1297	1214	1131	703	483	386	0	441	772	690	897	1214	1490	1614	1835	1945	1987	2290	2221	2704	2608	2470	2442	2525	2097	2346	2456	2111	
1490	2097	2042	1738	1642	1504	1104	855	593	441	0	372	662	883	1145	1435	1628	1890	2056	2139	2484	2470	2967	2911	2815	2815	2925	2511	2773	2898	2566	
1656	2401	2373	2070	1987	1863	1476	1228	966	772	372	0	621	814	966	1255	1490	1766	1973	2111	2456	2484	2994	2980	2925	2967	3105	2704	3022	3174	2856	
1090	2001	2028	1752	1780	1780	1338	1159	1062	690	662	621	0	220	524	800	966	1228	1380	1504	1835	1863	2359	2359	2318	2359	2525	2166	2511	2718	2442	
1048	2042	2111	1849	1904	1932	1504	1338	1283	897	883	814	220	0	331	593	745	993	1159	1297	1642	1683	2194	2208	2194	2263	2456	2111	2484	2732	2470	
1283	2332	2415	2166	2221	2263	1835	1669	1587	1214	1145	966	524	331	0	289	524	800	1035	1214	1559	1669	2166	2235	2277	2373	2594	2304	2691	2967	2746	
1366	2456	2566	2332	2428	2497	2070	1932	1876	1490	1435	1255	800	593	289	0	276	552	800	1021	1352	1518	2001	2111	2180	2318	2566	2318	2732	3036	2842	
1269	2373	2497	2304	2428	2553	2125	2014	2001	1614	1628	1490	966	745	524	276	0	276	510	745	1076	1242	1725	1849	1932	2097	2359	2139	2566	2898	2732	
1324	2415	2566	2387	2553	2704	2290	2208	2221	1835	1890	1766	1228	993	800	552	276	0	262	524	828	1035	1490	1656	1780	1959	2249	2070	2511	2870	2746	
1255	2318	2497	2346	2539	2718	2332	2263	2332	1945	2056	1973	1380	1159	1035	800	510	262	0	276	565	772	1228	1393	1531	1725	2028	1890	2332	2704	2608	
1145	2139	2346	2221	2442	2663	2290	2263	2359	1987	2139	2111	1504	1297	1214	1021	745	524	276	0	345	496	966	1117	1255	1462	1766	1656	2097	2484	2415	
1366	2249	2484	2401	2635	2884	2539	2539	2663	2290	2484	2456	1835	1642	1559	1352	1076	828	565	345	0	317	662	883	1090	1324	1656	1642	2070	2470	2456	
1200	1987	2235	2166	2428	2704	2387	2415	2580	2221	2470	2484	1863	1683	1669	1518	1242	1035	772	496	317	0	496	607	786	1007	1338	1324	1752	2166	2166	
1614	2221	2484	2484	2773	3077	2801	2842	3036	2704	2967	2994	2359	2194	2166	2001	1725	1490	1228	966	662	496	0	345	662	938	1255	1421	1794	2208	2304	
1476	1932	2208	2221	2525	2856	2608	2691	2925	2608	2911	2980	2359	2208	2235	2111	1849	1656	1393	1117	883	607	345	0	317	579	897	1090	1449	1863	1973	
1338	1642	1918	1973	2277	2622	2415	2511	2773	2470	2815	2925	2318	2194	2277	2180	1932	1780	1531	1255	1090	786	662	317	0	262	593	786	1131	1545	1669	
1324	1449	1725	1807	2125	2470	2304	2442	2704	2442	2815	2967	2359	2263	2373	2318	2097	1959	1725	1462	1324	1007	938	579	262	0	331	565	869	1283	1421	
1449	1297	1573	1711	2028	2401	2290	2442	2746	2525	2925	3105	2525	2456	2594	2566	2359	2249	2028	1766	1656	1338	1255	897	593	331	0	455	593	979	1186	
1062	883	1159	1269	1587	1945	1835	2001	2304	2097	2511	2704	2166	2111	2304	2318	2139	2070	1890	1656	1642	1324	1421	1090	786	565	455	0	441	828	883	
1421	841	1090	1283	1600	1973	1959	2152	2484	2346	2773	3022	2511	2484	2691	2732	2566	2511	2332	2097	2070	1752	1794	1449	1131	869	593	441	0	414	607	
1683	814	979	1255	1531	1890	1959	2194	2539	2456	2898	3174	2718	2732	2967	3036	2898	2870	2704	2484	2470	2166	2208	1863	1545	1283	979	828	414	0	386	
