M: 8
N: 30
Nun_Veiculos: 10
Capacidade_Total: 629
Demanda_Total: 499
Setup_Min: 1
Setup_Max: 9
Raio: 100
Circulos: 1
Tempo_Processamento_Min: 1
Tempo_Processamento_Max: 49
Demanda_Min: 10
Demanda_Max: 30
Priority_Factor: 0.2
Range_Factor_R: 0.8
U_factor: 2
ALpha: 0.2Replicao: 2
Tempos_Processamentos
0	0	1	0	2	0	3	0	4	0	5	0	6	0	7	0	
0	26	1	34	2	32	3	24	4	14	5	48	6	43	7	16	
0	34	1	42	2	13	3	46	4	20	5	27	6	46	7	13	
0	17	1	40	2	24	3	21	4	27	5	21	6	44	7	29	
0	36	1	47	2	25	3	3	4	4	5	6	6	37	7	26	
0	21	1	46	2	11	3	13	4	4	5	2	6	2	7	3	
0	48	1	45	2	45	3	13	4	48	5	27	6	30	7	7	
0	48	1	31	2	8	3	6	4	43	5	15	6	4	7	32	
0	37	1	47	2	15	3	43	4	41	5	29	6	2	7	4	
0	24	1	47	2	35	3	46	4	1	5	13	6	49	7	24	
0	20	1	49	2	12	3	3	4	40	5	49	6	29	7	29	
0	25	1	30	2	33	3	19	4	47	5	35	6	15	7	15	
0	35	1	39	2	19	3	4	4	38	5	22	6	18	7	26	
0	30	1	31	2	18	3	9	4	43	5	46	6	31	7	49	
0	16	1	10	2	32	3	22	4	2	5	46	6	2	7	4	
0	11	1	47	2	6	3	6	4	47	5	41	6	33	7	11	
0	49	1	23	2	34	3	9	4	15	5	26	6	36	7	39	
0	33	1	32	2	8	3	13	4	13	5	27	6	9	7	20	
0	34	1	3	2	42	3	1	4	17	5	17	6	32	7	15	
0	9	1	12	2	15	3	6	4	28	5	14	6	48	7	21	
0	20	1	9	2	41	3	48	4	22	5	5	6	38	7	5	
0	16	1	24	2	14	3	1	4	32	5	33	6	2	7	6	
0	44	1	20	2	41	3	46	4	11	5	22	6	7	7	29	
0	32	1	29	2	9	3	10	4	41	5	17	6	18	7	7	
0	35	1	13	2	12	3	14	4	11	5	44	6	9	7	8	
0	49	1	5	2	29	3	4	4	15	5	32	6	48	7	27	
0	35	1	27	2	9	3	22	4	32	5	33	6	27	7	22	
0	24	1	42	2	8	3	43	4	1	5	45	6	15	7	12	
0	3	1	15	2	35	3	23	4	9	5	26	6	13	7	12	
0	48	1	29	2	22	3	34	4	29	5	7	6	12	7	11	
0	42	1	42	2	27	3	24	4	35	5	39	6	26	7	15	

Tempos_setup
M0
0	0	0	0	0	0	0	0	0	0	0	0	0	0	0	0	0	0	0	0	0	0	0	0	0	0	0	0	0	0	0	
0	0	3	2	2	3	2	3	1	3	2	3	2	2	3	2	2	2	2	1	3	3	2	3	2	2	3	3	1	2	2	
0	4	0	2	3	3	2	4	3	3	3	4	1	3	3	2	2	3	3	2	2	2	3	4	4	2	3	3	2	3	1	
0	4	4	0	4	3	3	4	1	3	4	4	2	4	3	2	3	3	2	3	3	3	4	3	2	2	4	3	3	3	2	
0	3	4	3	0	2	3	1	3	3	3	1	2	2	3	3	2	3	1	2	4	2	2	3	3	3	3	2	3	2	2	
0	2	4	3	2	0	4	3	3	4	3	3	4	2	3	2	3	3	1	2	3	2	3	3	3	3	4	3	3	2	3	
0	2	1	1	3	3	0	4	2	2	4	4	2	1	3	3	3	3	2	3	3	2	4	2	3	1	4	1	2	2	2	
0	2	3	3	3	3	2	0	2	3	3	3	3	2	2	2	2	2	2	2	3	1	1	3	2	2	2	1	3	3	3	
0	3	3	2	3	3	2	4	0	2	3	3	1	3	2	1	3	2	2	3	2	2	4	2	1	1	4	3	2	2	3	
0	1	2	2	2	4	3	3	2	0	3	3	2	3	2	3	3	2	3	2	3	2	3	3	3	2	4	4	1	1	3	
0	3	3	3	2	3	2	2	4	3	0	3	4	2	2	3	1	3	3	4	4	2	3	3	4	2	2	2	3	1	4	
0	4	3	2	2	3	2	3	3	4	3	0	1	2	3	4	1	3	3	3	3	2	4	3	4	3	2	3	2	3	2	
0	3	3	2	2	2	3	3	3	3	3	3	0	3	2	3	2	2	3	3	2	1	3	4	4	3	3	2	1	3	4	
0	4	3	3	4	4	3	5	4	3	3	4	3	0	4	2	4	2	3	4	3	4	5	1	2	3	3	4	3	3	3	
0	1	4	3	3	2	3	3	2	4	3	4	3	1	0	3	3	3	1	2	4	2	3	2	2	3	4	4	2	2	2	
0	3	3	1	2	2	3	3	2	2	3	3	3	3	2	0	3	3	1	2	1	2	3	2	2	1	4	3	3	1	2	
0	3	2	2	1	3	1	2	3	3	2	2	3	1	3	3	0	2	2	3	4	2	3	2	3	2	1	2	3	2	3	
0	2	1	2	3	3	2	3	2	1	1	4	2	3	3	1	2	0	2	3	2	2	4	3	3	2	3	3	2	2	2	
0	3	3	3	3	1	3	2	3	3	2	3	3	2	2	3	2	2	0	1	3	1	2	3	4	2	3	3	2	1	2	
0	3	2	2	2	2	2	3	2	2	1	3	3	1	3	2	1	1	1	0	3	2	1	2	3	2	2	2	3	2	1	
0	3	5	1	4	3	4	4	2	3	4	4	3	2	2	3	3	4	3	4	0	2	3	3	3	2	4	4	4	1	3	
0	3	3	3	2	4	2	3	3	2	3	2	3	2	4	3	1	3	3	3	2	0	2	3	4	3	2	3	3	3	4	
0	2	3	2	2	2	3	3	1	2	2	3	2	1	2	1	2	2	2	1	2	3	0	2	2	1	3	3	3	2	2	
0	4	3	2	3	3	3	4	3	3	3	3	4	4	3	1	4	2	2	3	2	3	4	0	3	2	3	4	4	2	3	
0	3	2	2	2	3	1	3	3	2	3	3	1	2	3	1	3	3	2	3	2	2	4	3	0	1	4	2	1	2	2	
0	2	3	3	3	4	4	4	3	1	3	4	3	3	2	3	3	3	3	2	3	2	3	3	4	0	4	2	2	1	3	
0	3	1	3	3	2	3	3	3	2	1	2	2	3	2	2	2	1	1	2	3	1	3	2	4	2	0	3	3	1	2	
0	1	4	2	2	2	3	3	2	3	3	3	3	3	3	3	3	3	1	2	2	2	3	4	3	2	4	0	2	2	2	
0	3	2	1	1	3	2	2	2	2	3	2	1	3	3	3	3	3	2	2	2	2	3	4	3	2	4	3	0	3	3	
0	2	4	3	3	3	3	3	3	2	4	3	4	2	1	2	2	4	2	3	3	1	3	2	3	1	3	3	3	0	3	
0	3	3	1	2	3	2	3	2	2	2	3	3	2	3	3	1	2	2	1	4	3	2	3	3	1	2	3	2	2	0	
M1
0	0	0	0	0	0	0	0	0	0	0	0	0	0	0	0	0	0	0	0	0	0	0	0	0	0	0	0	0	0	0	
0	0	2	2	2	3	4	2	2	2	3	3	4	3	3	3	3	2	3	2	3	4	1	2	3	4	3	1	2	5	4	
0	2	0	4	1	3	4	3	4	2	1	3	2	3	3	3	3	2	3	2	3	3	3	2	3	4	2	2	3	5	4	
0	3	2	0	3	1	4	3	3	2	3	3	4	3	3	4	1	3	3	3	1	3	2	3	2	2	2	4	2	3	5	
0	1	3	3	0	3	3	3	3	1	2	3	3	2	2	3	3	2	3	2	3	4	2	2	3	4	3	1	2	5	4	
0	2	3	1	3	0	4	4	3	2	3	4	3	3	3	4	1	3	3	2	2	4	3	3	2	3	3	3	2	3	5	
0	3	4	4	5	4	0	3	3	4	2	4	2	3	4	2	3	3	4	3	3	4	3	3	4	4	3	4	4	5	3	
0	3	2	2	3	1	3	0	2	3	2	2	3	3	2	3	2	2	2	1	3	3	1	2	3	4	1	4	3	4	3	
0	3	2	2	2	3	4	3	0	3	3	3	2	3	4	3	3	2	2	3	3	4	1	2	3	2	4	3	4	3	2	
0	2	3	3	1	2	4	4	2	0	2	2	3	1	1	4	3	1	2	2	2	4	2	3	2	3	3	2	3	5	4	
0	1	3	3	3	2	3	2	3	2	0	2	1	3	3	2	3	1	2	2	2	2	2	2	2	3	1	2	3	4	3	
0	2	3	3	3	2	3	2	4	2	1	0	2	1	3	3	3	2	2	3	3	3	3	1	1	4	2	3	4	5	4	
0	3	2	2	3	2	2	1	2	2	2	3	0	3	3	3	3	2	3	2	3	2	1	1	2	4	2	4	4	4	4	
0	3	4	2	2	1	4	5	3	1	3	3	4	0	2	5	2	2	3	3	3	5	3	4	3	3	4	3	3	4	5	
0	3	2	3	3	3	3	3	3	3	3	3	4	3	0	4	3	3	2	4	1	3	2	2	1	2	2	4	3	5	4	
0	2	2	2	3	2	4	3	1	2	2	3	2	1	2	0	2	2	3	1	3	4	1	2	3	3	3	3	2	4	1	
0	3	2	4	2	3	5	5	2	1	3	3	4	2	2	3	0	2	3	2	3	4	3	2	3	2	4	3	1	2	4	
0	2	2	3	2	2	3	3	3	1	1	1	2	2	2	3	2	0	1	1	3	3	3	2	2	4	2	2	3	4	3	
0	2	1	2	1	1	2	4	3	2	2	2	3	3	3	4	2	1	0	2	2	4	3	3	3	3	3	2	3	3	2	
0	2	3	4	3	3	4	3	3	2	1	3	2	3	1	3	1	2	3	0	2	3	3	1	2	3	2	3	2	3	4	
0	3	1	2	2	2	3	2	2	3	2	2	3	2	3	3	3	2	2	3	0	2	1	3	3	1	1	3	2	4	4	
0	1	3	2	3	2	4	3	1	2	2	4	3	1	1	4	3	3	2	3	2	0	2	3	2	3	3	2	3	2	3	
0	3	1	1	2	2	3	4	1	2	2	2	3	3	3	2	2	1	2	2	2	4	0	3	3	3	3	3	3	4	3	
0	3	3	4	3	3	3	5	3	3	3	3	4	3	2	5	2	2	2	3	3	2	3	0	1	4	4	4	3	4	3	
0	2	2	3	2	2	2	4	4	2	3	3	4	3	2	4	2	2	1	3	3	3	3	1	0	4	3	3	3	4	3	
0	2	3	4	1	4	4	3	4	2	3	4	2	3	2	3	3	3	4	3	2	4	3	3	3	0	3	2	3	4	4	
0	2	2	2	2	1	2	3	3	2	2	1	3	2	3	4	2	2	1	3	3	2	3	2	2	4	0	3	3	4	3	
0	2	2	3	1	2	4	2	3	1	2	3	3	2	2	2	2	2	3	1	3	3	3	1	2	4	3	0	1	4	3	
0	3	1	5	2	4	5	4	4	3	2	4	3	4	2	4	2	3	3	1	3	4	4	2	3	4	3	3	0	4	5	
0	4	3	3	3	2	4	3	4	2	3	2	2	1	3	3	3	3	2	4	4	4	3	3	3	4	4	4	4	0	4	
0	1	3	3	3	2	3	2	3	2	3	4	1	1	3	4	3	3	3	3	3	3	2	2	2	2	3	2	2	3	0	
M2
0	0	0	0	0	0	0	0	0	0	0	0	0	0	0	0	0	0	0	0	0	0	0	0	0	0	0	0	0	0	0	
0	0	3	3	3	2	3	3	1	1	3	2	2	1	3	2	3	3	3	2	2	4	3	3	2	4	3	3	2	3	3	
0	2	0	2	2	2	2	2	3	1	2	1	2	3	1	1	1	2	1	2	2	3	3	2	3	2	3	2	3	1	2	
0	3	1	0	1	2	3	3	2	2	3	2	2	2	2	2	2	1	2	2	2	2	2	2	1	2	4	1	1	1	1	
0	3	3	2	0	1	2	4	2	2	3	1	2	1	2	2	2	1	2	3	2	3	3	1	3	2	4	2	2	1	2	
0	3	3	3	1	0	1	3	2	3	3	2	3	2	1	1	2	2	3	2	3	2	2	2	2	3	4	2	1	2	1	
0	2	3	3	3	2	0	4	2	3	4	3	3	3	2	1	1	1	4	3	2	3	3	3	1	2	4	1	3	2	3	
0	2	2	2	1	2	2	0	3	3	3	1	3	2	2	3	1	2	1	4	3	3	4	2	3	2	1	2	3	2	3	
0	2	2	3	2	3	4	2	0	2	2	3	1	2	3	1	3	3	3	1	2	3	2	2	2	4	3	3	2	2	2	
0	3	3	3	2	3	3	2	4	0	3	2	2	2	4	1	3	3	3	1	3	3	3	3	3	4	3	4	3	3	2	
0	2	2	3	2	2	3	1	3	3	0	2	1	3	2	3	2	2	2	2	2	1	1	2	1	3	2	3	3	2	3	
0	2	3	3	1	1	1	4	3	3	4	0	3	2	2	2	1	1	1	3	3	3	3	2	2	2	3	2	2	2	2	
0	1	1	3	2	2	3	2	2	2	1	2	0	2	2	2	2	2	2	1	1	2	1	1	1	3	3	3	3	2	2	
0	3	3	2	2	2	2	3	2	1	4	1	3	0	3	2	2	2	2	2	3	4	4	3	2	3	4	2	1	2	3	
0	4	2	4	3	2	3	2	4	3	3	2	3	3	0	2	3	2	3	2	3	2	2	2	3	3	3	4	3	2	1	
0	3	2	4	4	3	4	4	3	3	4	3	4	4	3	0	2	3	3	4	4	3	3	4	4	4	4	4	4	3	2	
0	1	4	4	2	1	2	4	2	2	4	3	3	2	2	2	0	3	4	3	3	3	3	3	3	2	4	2	2	3	2	
0	2	2	4	2	1	2	4	2	2	3	3	2	3	2	2	1	0	3	3	3	2	3	3	3	1	4	3	2	3	2	
0	3	3	3	2	1	2	3	2	3	3	1	2	3	1	2	2	2	0	3	3	2	3	3	3	1	2	1	2	3	2	
0	3	2	2	1	2	3	1	3	1	3	2	3	1	3	1	2	2	2	0	3	2	2	2	3	3	2	3	2	2	1	
0	2	1	3	3	2	3	3	3	2	2	2	2	3	2	2	1	3	2	3	0	3	1	3	3	3	4	3	3	2	3	
0	3	2	3	3	2	2	2	4	2	3	3	3	4	2	3	2	2	2	3	1	0	2	3	1	3	3	3	3	2	3	
0	2	1	3	3	3	3	2	3	2	1	2	1	3	2	2	2	3	2	2	2	2	0	2	2	3	3	3	4	2	3	
0	3	4	4	3	3	4	5	4	3	4	3	4	3	3	4	2	4	2	4	4	4	4	0	3	3	4	3	4	3	3	
0	2	2	3	2	1	2	3	3	3	3	2	2	3	1	2	2	1	3	3	1	3	2	2	0	2	4	3	2	1	2	
0	2	2	4	3	3	2	3	3	3	2	3	1	3	3	2	3	3	2	2	2	1	2	2	2	0	4	3	4	3	2	
0	3	1	1	2	3	3	2	3	2	3	2	3	3	2	2	2	2	2	3	3	3	3	3	2	3	0	2	2	2	2	
0	2	3	4	2	2	3	3	1	2	3	3	2	3	3	2	4	3	3	2	3	2	3	3	3	1	4	0	3	3	3	
0	3	2	3	2	1	2	2	1	2	3	3	2	2	2	2	2	1	3	1	3	3	3	3	3	2	3	1	0	3	2	
0	2	2	2	3	3	4	3	3	3	2	3	1	3	3	3	2	3	2	2	1	2	2	1	2	2	4	2	3	0	3	
0	3	2	4	2	1	2	3	3	3	2	1	2	3	2	1	2	1	2	3	2	1	1	2	2	2	4	3	2	3	0	
M3
0	0	0	0	0	0	0	0	0	0	0	0	0	0	0	0	0	0	0	0	0	0	0	0	0	0	0	0	0	0	0	
0	0	2	2	2	2	1	3	3	3	1	3	2	1	2	2	2	2	2	3	2	2	3	1	2	2	2	3	2	2	3	
0	2	0	3	2	4	3	4	4	3	3	4	3	3	1	2	3	3	2	3	4	2	2	1	3	3	2	1	3	3	4	
0	4	3	0	2	3	3	3	4	4	2	4	3	3	3	3	3	2	4	3	5	4	4	4	3	2	3	4	3	3	4	
0	3	2	3	0	2	1	3	3	2	1	4	3	3	2	3	1	4	2	3	4	4	2	2	2	2	3	3	2	2	3	
0	2	1	3	3	0	3	1	2	3	3	4	3	2	2	2	2	3	3	4	3	3	3	2	2	3	3	2	4	1	2	
0	3	2	3	3	1	0	2	2	2	3	3	3	2	3	3	2	3	1	3	3	4	2	2	1	3	3	3	2	1	2	
0	2	2	3	3	2	2	0	3	3	3	4	3	2	3	3	2	3	3	3	2	4	2	3	1	2	4	2	3	3	4	
0	3	2	3	3	2	4	3	0	3	3	3	2	4	1	2	2	3	3	2	5	4	2	3	3	1	3	2	3	3	4	
0	1	3	3	3	3	2	3	4	0	2	2	1	2	3	3	3	3	2	4	3	3	2	2	2	3	2	3	3	3	2	
0	3	1	4	3	2	2	2	3	3	0	3	2	4	2	2	4	3	3	2	4	3	2	2	1	1	3	2	1	3	4	
0	1	3	3	3	3	2	1	4	1	2	0	2	2	2	2	2	3	1	3	3	3	3	2	2	2	2	3	2	3	1	
0	2	3	3	4	2	2	2	3	2	3	1	0	2	3	3	3	3	2	3	4	2	2	3	1	3	1	3	3	3	2	
0	3	1	1	3	3	3	3	3	3	2	2	1	0	1	3	2	1	2	3	5	3	2	2	2	3	2	2	2	3	3	
0	3	1	2	3	3	4	3	3	2	4	3	2	3	0	3	3	4	2	2	5	3	1	2	3	3	3	1	2	2	3	
0	1	2	3	3	2	2	3	3	3	2	4	3	2	1	0	3	1	3	2	3	3	2	2	1	3	3	2	3	3	4	
0	3	2	4	4	4	4	4	4	2	3	3	3	3	3	3	0	4	3	4	4	3	1	3	4	3	2	2	3	5	2	
0	4	4	4	4	4	3	4	2	4	5	3	2	4	3	4	4	0	2	4	5	4	4	3	3	3	3	4	3	4	4	
0	3	3	2	4	2	4	2	3	2	3	3	2	4	3	3	3	3	0	2	4	4	4	3	3	4	3	2	1	3	3	
0	3	2	3	3	3	3	3	1	2	2	4	3	2	1	3	3	3	3	0	4	2	2	3	3	2	1	2	3	3	4	
0	2	2	4	2	3	3	3	1	1	1	3	2	3	2	3	3	2	3	3	0	2	3	3	2	2	3	3	2	4	3	
0	2	2	2	4	2	1	2	3	2	3	2	2	1	2	1	3	2	2	3	4	0	1	3	2	4	3	2	3	2	3	
0	2	4	4	3	4	3	3	4	1	3	2	2	3	4	3	3	4	2	3	4	4	0	2	3	3	3	1	3	4	3	
0	2	3	2	1	3	2	3	3	2	2	4	3	2	2	1	2	2	3	2	4	2	3	0	2	2	1	3	3	3	4	
0	3	2	4	4	1	1	2	2	2	4	3	3	3	3	3	3	2	2	3	4	3	1	3	0	3	4	2	2	2	3	
0	2	2	4	4	1	3	2	2	3	2	2	1	3	2	1	3	2	3	1	4	3	3	3	2	0	2	3	3	2	3	
0	2	2	2	3	3	2	2	4	1	3	3	2	1	2	2	3	2	3	3	3	1	2	3	3	2	0	3	2	3	3	
0	3	4	3	2	3	3	3	4	3	3	4	3	3	3	2	2	3	1	3	4	3	3	1	3	2	2	0	2	4	4	
0	3	2	4	3	1	3	1	2	3	2	5	4	3	2	3	3	4	2	1	3	3	3	2	2	3	2	1	0	2	3	
0	3	2	2	2	3	3	4	1	2	2	3	2	1	2	2	1	2	2	3	3	3	2	1	3	2	2	2	3	0	1	
0	2	2	3	2	2	3	3	3	1	1	2	2	2	2	1	3	2	3	2	2	2	3	3	2	1	1	3	2	3	0	
M4
0	0	0	0	0	0	0	0	0	0	0	0	0	0	0	0	0	0	0	0	0	0	0	0	0	0	0	0	0	0	0	
0	0	3	2	3	3	3	2	3	3	4	4	3	3	2	2	2	3	1	3	3	1	3	4	4	4	2	3	3	3	3	
0	3	0	3	3	1	2	2	3	3	3	3	3	2	1	2	2	2	2	2	4	3	3	2	3	3	2	2	2	3	1	
0	3	4	0	3	2	3	2	3	3	2	3	3	3	3	1	3	3	3	2	3	3	3	3	2	4	2	3	2	3	2	
0	3	3	2	0	3	3	2	3	3	3	3	2	1	1	2	2	2	4	2	3	1	2	3	2	3	1	3	3	2	3	
0	2	3	3	3	0	1	3	2	3	2	3	3	2	1	2	2	2	3	2	3	2	2	1	3	3	2	2	1	3	3	
0	2	4	4	2	3	0	3	3	2	3	3	3	2	3	4	3	4	3	4	3	3	2	1	4	4	3	2	2	3	4	
0	3	4	3	2	3	4	0	4	1	4	3	2	2	3	3	3	3	2	4	4	3	3	3	3	5	2	2	4	3	1	
0	3	2	1	1	3	3	3	0	4	3	4	2	2	2	2	3	3	4	3	4	2	3	2	3	3	2	3	2	1	3	
0	2	3	2	2	2	3	4	3	0	3	3	1	2	3	2	2	2	3	3	4	3	2	2	3	4	1	3	3	2	3	
0	2	3	3	3	3	4	3	4	3	0	3	3	2	1	2	2	2	3	2	4	2	3	2	3	3	2	3	4	3	2	
0	3	4	3	3	2	2	2	3	3	3	0	1	2	2	2	3	3	2	3	3	2	2	2	3	4	2	1	3	2	1	
0	3	3	3	3	1	2	3	3	3	3	2	0	1	2	1	2	2	3	2	4	3	1	2	3	3	2	3	2	1	2	
0	2	4	2	3	2	3	3	3	2	3	3	1	0	3	2	3	3	3	3	4	3	2	2	2	3	2	2	2	1	3	
0	2	2	3	2	2	3	3	3	2	2	2	2	1	0	1	1	1	3	1	4	2	2	3	2	2	1	3	3	2	2	
0	2	3	3	3	1	2	3	2	4	2	4	2	2	2	0	3	3	2	1	4	3	2	2	4	3	3	2	2	2	1	
0	3	4	3	3	3	2	3	4	1	3	3	2	2	2	3	0	3	3	3	4	3	1	2	2	3	2	2	4	3	4	
0	3	1	2	3	2	3	2	3	2	1	1	2	3	2	2	2	0	3	2	3	1	3	3	1	4	3	2	3	2	2	
0	3	3	2	3	2	3	2	3	2	3	3	3	2	1	1	2	2	0	2	3	1	3	3	3	3	2	2	3	3	2	
0	3	2	2	3	2	3	3	4	3	1	3	1	2	2	2	3	3	4	0	4	3	2	3	4	2	3	2	3	2	3	
0	3	3	2	1	2	3	3	1	2	3	2	1	1	2	2	3	3	4	2	0	2	2	3	1	4	2	3	3	2	3	
0	4	4	1	3	3	3	1	2	2	3	3	2	3	3	2	1	4	3	3	2	0	2	3	3	4	3	3	3	2	2	
0	2	5	4	2	3	3	3	4	4	2	5	3	2	3	3	3	4	2	4	3	3	0	1	4	4	3	2	4	3	4	
0	1	4	3	3	2	2	2	3	3	3	4	2	1	2	3	2	3	2	3	2	2	1	0	3	3	2	1	3	2	3	
0	3	3	3	2	2	3	3	3	3	2	1	2	2	1	1	2	2	3	1	4	3	3	3	0	3	2	2	2	1	2	
0	3	4	3	1	1	2	3	3	4	2	4	3	2	2	3	3	3	3	3	4	2	1	2	3	0	2	3	2	3	2	
0	4	2	3	1	2	2	3	4	3	2	2	1	2	2	2	3	1	4	3	4	2	2	3	2	4	0	2	3	2	3	
0	2	3	2	2	1	2	1	2	2	3	3	2	2	1	2	2	2	3	2	2	1	2	1	2	3	1	0	2	1	2	
0	3	2	2	2	3	1	2	1	2	1	3	3	3	2	3	1	3	4	2	3	1	2	2	2	3	3	3	0	2	3	
0	4	3	3	2	2	2	2	2	3	2	3	1	2	3	2	2	2	4	3	4	2	2	3	3	2	1	3	1	0	3	
0	3	3	2	3	2	3	2	3	3	4	4	2	1	2	2	3	3	1	3	3	2	3	2	3	4	2	1	3	2	0	
M5
0	0	0	0	0	0	0	0	0	0	0	0	0	0	0	0	0	0	0	0	0	0	0	0	0	0	0	0	0	0	0	
0	0	2	2	2	4	3	3	1	3	3	2	1	3	1	2	2	2	2	3	2	3	2	3	2	4	2	2	4	3	2	
0	2	0	3	3	2	1	2	3	2	3	3	2	3	3	3	2	4	3	2	2	3	3	1	1	2	2	2	2	2	3	
0	2	2	0	3	2	2	3	3	3	1	1	1	3	2	3	2	3	2	2	3	2	2	2	3	2	2	2	2	3	2	
0	2	2	2	0	2	3	2	2	2	2	1	2	1	2	3	2	3	3	2	2	3	3	3	2	3	2	1	3	2	3	
0	1	2	3	1	0	2	2	2	3	2	1	2	2	2	3	3	3	2	2	3	2	2	1	3	3	1	2	2	3	3	
0	3	3	2	4	3	0	3	2	3	2	3	2	4	3	3	1	4	2	4	3	3	3	3	2	1	3	4	4	1	3	
0	3	4	2	4	3	1	0	2	2	3	3	3	1	4	3	2	4	3	4	3	3	3	3	3	2	2	4	1	2	4	
0	3	2	1	3	3	2	4	0	4	2	2	2	3	3	1	2	2	3	3	1	3	1	3	3	3	2	2	3	2	3	
0	1	2	3	2	3	2	1	2	0	3	2	2	2	2	2	2	3	2	3	3	1	3	2	3	3	3	3	2	2	3	
0	2	2	3	2	1	1	3	3	3	0	2	2	3	3	2	2	3	3	3	3	1	1	1	3	2	2	2	2	2	3	
0	1	2	3	3	2	2	3	2	4	1	0	2	3	1	3	3	2	3	1	2	2	2	2	2	2	2	1	3	2	3	
0	1	1	3	2	3	2	2	2	2	2	2	0	2	1	3	1	2	1	3	2	2	2	2	2	3	1	2	3	3	1	
0	2	3	1	3	3	2	1	1	1	2	2	2	0	3	2	1	3	2	3	2	2	2	3	2	3	3	3	2	3	3	
0	2	2	3	2	3	3	2	3	3	2	1	1	2	0	2	2	1	2	2	2	3	3	2	1	3	2	1	3	2	2	
0	2	1	2	3	3	2	3	1	3	2	3	3	2	3	0	1	1	2	3	1	3	2	2	2	3	2	1	3	2	4	
0	3	3	2	3	2	1	2	1	4	1	3	3	3	4	2	0	3	1	4	2	2	2	2	3	2	2	3	3	2	4	
0	1	2	2	3	3	3	2	2	2	3	3	2	1	2	1	2	0	3	4	2	3	3	2	2	2	3	2	3	3	3	
0	3	3	2	2	4	2	1	1	3	3	3	3	2	4	2	3	2	0	4	2	2	2	3	3	3	1	2	2	3	4	
0	3	2	3	3	2	2	4	3	4	2	3	4	4	4	4	3	4	4	0	2	3	1	1	3	3	3	2	2	2	5	
0	3	3	3	3	2	2	3	3	3	3	3	3	2	3	3	2	3	3	4	0	2	2	3	3	3	1	4	4	1	4	
0	2	1	3	1	2	2	3	2	2	2	1	1	2	2	1	1	2	2	2	2	0	3	1	2	3	2	2	2	1	2	
0	3	3	2	3	2	1	3	3	4	1	2	3	3	3	3	2	4	3	3	3	2	0	2	2	2	2	3	3	2	4	
0	2	1	3	2	1	2	3	2	3	3	2	3	3	3	3	2	3	3	3	2	3	3	0	2	3	2	1	1	2	4	
0	1	3	3	3	3	2	1	2	3	3	3	2	2	2	2	2	3	3	4	1	2	2	2	0	3	1	2	2	1	2	
0	2	3	2	3	3	2	2	1	4	2	3	3	3	3	2	1	3	1	4	2	2	2	3	1	0	2	3	3	2	3	
0	3	2	2	2	3	2	2	2	2	2	2	2	1	3	2	2	3	3	3	3	1	1	2	2	2	0	3	3	2	3	
0	2	1	3	4	3	2	2	3	3	3	2	3	3	3	3	2	2	3	3	1	3	3	2	1	3	2	0	3	1	3	
0	3	3	3	3	3	2	3	2	3	2	3	3	2	4	3	1	4	2	4	3	2	2	2	2	3	1	3	0	3	4	
0	4	3	2	4	3	2	3	2	5	2	3	3	4	4	2	1	3	2	4	3	3	3	3	4	3	3	3	4	0	4	
0	1	3	3	3	3	1	1	2	3	3	3	2	2	2	3	2	3	3	4	2	3	3	2	1	2	2	3	2	2	0	
M6
0	0	0	0	0	0	0	0	0	0	0	0	0	0	0	0	0	0	0	0	0	0	0	0	0	0	0	0	0	0	0	
0	0	2	1	1	3	3	3	2	2	3	1	3	3	3	2	2	2	2	2	4	3	3	2	2	2	3	3	2	3	3	
0	2	0	3	2	3	3	2	3	3	3	3	4	2	2	1	4	3	4	3	2	1	2	3	2	3	2	4	3	3	2	
0	2	3	0	2	2	3	3	2	1	2	2	4	3	3	1	2	1	3	3	3	2	2	1	2	2	2	3	1	2	3	
0	1	2	2	0	3	2	3	2	3	2	1	3	2	2	3	2	3	2	1	3	3	3	3	1	3	4	3	3	3	2	
0	2	1	2	3	0	2	3	2	3	3	3	4	2	2	2	3	2	1	3	3	1	3	3	3	1	3	3	2	2	1	
0	3	3	2	2	4	0	3	2	1	3	2	4	4	4	3	2	3	3	3	3	3	3	2	3	3	4	2	3	2	3	
0	2	2	3	3	3	2	0	3	3	2	3	4	3	3	3	3	3	3	3	2	3	3	2	4	2	3	4	3	1	2	
0	2	2	3	3	2	2	3	0	3	2	1	3	2	3	3	1	1	1	4	3	1	2	1	2	2	3	1	1	2	2	
0	2	2	1	3	3	2	2	2	0	2	1	3	3	3	2	1	2	2	3	2	2	2	2	2	2	3	3	2	1	2	
0	3	4	4	3	4	4	4	2	3	0	3	3	3	3	3	3	1	2	3	3	3	1	3	4	2	4	3	3	3	3	
0	2	1	3	3	3	2	2	1	3	3	0	2	3	3	2	2	2	1	3	3	2	3	2	1	3	3	2	2	2	2	
0	2	1	3	3	3	3	3	2	3	1	3	0	2	3	2	2	1	1	1	1	2	2	2	3	3	2	3	3	2	2	
0	2	2	3	3	1	3	3	3	4	2	3	3	0	3	2	3	3	2	2	1	2	3	2	2	2	2	4	1	2	2	
0	3	3	4	4	2	3	1	2	3	3	2	3	1	0	3	2	1	3	2	2	3	1	3	3	2	3	3	2	2	3	
0	1	3	2	1	3	3	3	3	2	2	2	3	2	3	0	3	2	3	2	2	1	1	2	2	2	1	3	2	3	3	
0	3	2	3	4	3	2	3	2	2	3	1	3	2	3	3	0	3	2	3	3	3	1	3	2	2	2	3	3	3	3	
0	3	3	3	4	3	3	4	1	2	3	2	4	2	4	3	2	0	2	3	2	2	3	2	3	3	3	2	2	3	3	
0	1	3	2	2	3	2	2	2	3	2	2	4	2	2	3	3	2	0	3	2	1	2	3	3	3	3	3	2	1	1	
0	1	3	2	2	2	2	4	2	3	3	2	4	1	3	2	1	2	3	0	2	2	2	3	3	3	3	3	2	3	1	
0	1	3	2	2	2	3	3	2	3	2	2	2	2	3	1	2	3	3	1	0	2	2	1	2	2	1	3	3	2	2	
0	1	3	2	2	2	3	2	3	3	3	2	3	1	4	3	3	3	3	3	2	0	3	3	2	3	3	4	2	3	3	
0	3	3	3	3	4	3	3	2	4	3	3	2	3	2	2	3	2	2	3	3	3	0	3	4	1	3	3	3	2	2	
0	2	4	2	3	3	2	2	3	3	2	3	4	2	2	2	4	2	2	3	2	3	3	0	4	1	3	4	3	1	2	
0	2	1	3	3	3	1	3	2	2	4	1	3	2	3	2	2	3	2	3	3	2	3	2	0	3	3	3	3	3	3	
0	2	3	2	2	3	2	2	2	3	2	2	3	2	1	1	3	1	1	3	2	2	2	3	3	0	2	3	2	1	1	
0	2	2	3	3	3	2	3	2	3	1	2	4	2	3	3	2	2	2	1	3	1	2	1	1	2	0	3	2	2	2	
0	4	3	2	4	4	3	4	3	3	1	2	2	3	3	3	1	2	3	3	3	4	2	3	3	2	3	0	3	3	3	
0	2	2	3	3	1	2	2	3	3	1	2	4	3	3	3	3	2	2	3	2	2	2	3	1	2	3	3	0	1	2	
0	1	3	2	2	3	1	1	2	2	1	2	3	2	4	2	3	2	3	2	1	2	2	2	3	3	2	3	2	0	1	
0	2	3	1	3	2	1	3	1	2	2	2	4	2	4	2	2	1	2	4	3	1	3	2	2	3	3	2	1	2	0	
M7
0	0	0	0	0	0	0	0	0	0	0	0	0	0	0	0	0	0	0	0	0	0	0	0	0	0	0	0	0	0	0	
0	0	2	2	3	2	2	3	3	1	3	3	2	3	3	2	1	1	3	3	3	2	3	2	2	2	2	2	3	3	3	
0	3	0	3	4	2	1	3	2	4	1	1	3	2	2	4	3	2	2	3	3	2	1	2	2	3	2	2	2	3	3	
0	2	3	0	4	3	3	4	2	2	1	3	2	3	3	3	3	3	4	2	3	1	3	3	3	3	2	2	3	3	3	
0	5	4	3	0	3	3	4	2	3	3	3	2	3	4	4	4	3	3	4	2	4	3	3	2	2	4	2	1	2	3	
0	4	3	2	2	0	2	3	2	4	3	1	4	2	3	4	3	2	3	4	3	3	3	2	4	1	3	2	3	1	3	
0	3	2	3	3	2	0	2	4	3	3	3	3	1	2	4	2	1	3	3	3	4	3	1	3	2	2	1	3	3	2	
0	3	3	2	3	1	3	0	2	2	3	2	2	3	4	2	4	2	3	4	1	3	3	3	3	2	3	3	2	2	4	
0	3	2	1	3	1	3	2	0	2	1	2	3	3	2	2	3	2	3	2	1	2	3	1	3	2	2	3	2	2	4	
0	4	1	3	3	3	2	3	3	0	2	2	3	2	3	4	2	3	3	4	2	3	2	2	1	3	3	3	2	2	2	
0	4	3	2	4	2	3	3	1	3	0	2	4	3	3	3	4	3	4	3	2	3	2	2	3	2	1	3	3	2	3	
0	4	2	2	3	2	2	3	1	3	2	0	3	3	3	3	3	2	2	3	2	3	3	2	4	3	3	1	3	3	2	
0	3	4	1	3	1	2	3	2	3	1	2	0	3	2	4	3	3	3	3	3	2	3	2	4	2	2	2	1	1	4	
0	2	1	2	2	2	2	4	3	3	2	2	2	0	3	3	1	1	3	2	4	3	2	3	2	1	2	2	3	2	1	
0	2	2	3	2	4	3	5	4	3	3	3	4	2	0	4	3	3	4	4	4	4	3	4	4	3	4	2	3	4	2	
0	2	2	2	1	3	1	3	2	1	3	2	2	2	3	0	2	2	2	2	3	1	3	2	2	1	3	2	2	3	3	
0	3	3	1	2	1	3	3	3	3	2	2	1	3	2	4	0	2	4	3	4	2	2	2	2	2	3	2	2	2	3	
0	3	2	3	4	2	1	3	3	2	3	2	3	2	2	4	3	0	2	3	3	4	3	2	3	2	1	1	2	3	3	
0	2	4	3	2	2	2	2	2	3	3	2	3	3	2	2	2	3	0	1	3	3	3	1	3	2	1	3	2	3	1	
0	2	3	3	2	2	1	3	3	2	2	3	2	2	3	1	3	2	2	0	4	2	4	2	3	2	3	2	1	2	3	
0	4	2	3	2	3	3	4	3	1	2	3	2	3	4	2	3	3	2	3	0	3	3	3	2	2	3	4	1	2	3	
0	1	3	2	3	2	2	3	1	2	2	3	1	3	3	2	2	2	3	1	2	0	4	2	3	3	3	2	2	2	4	
0	2	2	3	3	3	2	3	2	3	2	2	2	1	3	3	2	2	2	2	3	1	0	3	1	2	1	3	1	2	2	
0	3	3	2	3	1	2	1	3	3	3	2	2	3	1	3	4	3	2	3	2	3	4	0	4	2	3	3	2	2	3	
0	5	4	3	2	3	3	4	4	3	3	3	2	3	4	4	2	2	3	4	4	4	3	3	0	2	3	3	1	2	1	
0	3	2	3	3	3	3	4	2	4	3	1	3	1	4	4	2	2	3	3	3	3	2	3	3	0	3	2	2	3	2	
0	4	3	2	3	3	3	2	2	2	3	1	4	2	4	4	3	3	3	4	2	3	3	3	3	1	0	2	3	4	2	
0	4	2	3	4	3	1	3	4	4	3	3	3	2	3	5	2	2	4	4	4	4	3	2	4	3	3	0	4	4	3	
0	4	3	2	4	2	2	3	3	4	2	2	1	2	3	4	3	2	2	3	4	3	3	2	4	1	3	3	0	1	3	
0	4	3	3	4	2	1	2	4	4	3	3	3	2	2	4	2	2	3	4	3	4	4	1	3	3	3	2	3	0	3	
0	4	3	2	1	2	4	4	3	2	3	3	2	3	3	3	1	3	4	4	3	3	2	3	3	3	3	3	2	3	0	
Tamanho_Tarefas
0	20	20	23	21	8	19	21	9	22	18	23	21	16	13	19	28	16	3	17	21	1	18	11	12	20	20	23	6	13	17	
Data_Entrega
0	149	154	150	156	156	153	152	157	151	157	155	151	162	156	149	156	161	150	149	153	159	152	153	158	153	162	161	157	158	160	
Penalidade_Atraso
0	18	16	9	15	15	14	6	14	5	19	8	18	3	20	12	15	19	10	7	7	13	8	20	5	11	12	19	9	12	11	
Capacidade_Veiculo
84	67	53	79	79	55	40	70	66	36	
Custo_Fixo_Veiculo
840	670	530	790	790	550	400	700	660	360	
Coordenadas_Clientes
x	0	y	0
x	98	y	0
x	88	y	18
x	101	y	45
x	63	y	46
x	83	y	92
x	53	y	92
x	24	y	76
x	9	y	94
x	-12	y	117
x	-36	y	112
x	-62	y	108
x	-72	y	81
x	-74	y	54
x	-100	y	44
x	-78	y	16
x	-92	y	0
x	-117	y	-24
x	-102	y	-45
x	-77	y	-56
x	-69	y	-77
x	-51	y	-89
x	-36	y	-111
x	-10	y	-100
x	10	y	-99
x	25	y	-77
x	59	y	-102
x	56	y	-62
x	100	y	-72
x	105	y	-47
x	96	y	-20
Tempo_Viagem
0	98	89	110	78	123	106	79	94	117	117	124	108	91	109	79	92	119	111	95	103	102	116	100	99	80	117	83	123	115	98	
98	0	20	45	57	93	101	106	129	160	174	193	188	180	202	176	190	216	205	183	183	173	174	147	132	106	109	74	72	47	20	
89	20	0	29	37	74	81	86	109	140	155	174	171	165	189	166	180	208	200	180	183	175	178	153	139	113	123	86	90	66	38	
110	45	29	0	38	50	67	83	104	133	152	174	176	175	201	181	198	228	221	204	209	202	207	182	168	142	152	115	117	92	65	
78	57	37	38	0	50	47	49	72	103	118	139	139	137	163	144	161	193	188	173	180	176	185	163	154	128	148	108	123	101	73	
123	93	74	50	50	0	30	61	74	98	120	145	155	161	188	178	197	231	230	217	226	225	235	213	204	178	195	156	164	140	112	
106	101	81	67	47	30	0	33	44	69	91	116	125	132	159	151	171	205	206	196	208	208	221	202	195	171	194	154	170	147	119	
79	106	86	83	49	61	33	0	23	54	69	91	96	100	127	118	138	172	174	166	179	181	195	179	175	153	181	141	166	147	120	
94	129	109	104	72	74	44	23	0	31	48	72	82	92	119	116	137	171	177	172	187	192	209	194	193	171	202	162	189	170	143	
117	160	140	133	103	98	69	54	31	0	24	50	69	88	114	120	141	175	185	184	202	209	229	217	216	197	230	191	219	201	174	
117	174	155	152	118	120	91	69	48	24	0	26	47	69	93	104	125	158	169	172	191	201	223	213	215	197	234	196	228	212	186	
124	193	174	174	139	145	116	91	72	50	26	0	28	55	74	93	111	142	157	164	185	197	220	214	219	204	241	206	242	227	203	
108	188	171	176	139	155	125	96	82	69	47	28	0	27	46	65	83	114	129	137	158	171	195	191	197	185	225	191	230	218	196	
91	180	165	175	137	161	132	100	92	88	69	55	27	0	27	38	56	89	102	110	131	144	169	166	174	164	205	174	214	205	185	
109	202	189	201	163	188	159	127	119	114	93	74	46	27	0	35	44	70	89	101	123	141	167	169	179	173	215	188	231	224	206	
79	176	166	181	144	178	151	118	116	120	104	93	65	38	35	0	21	55	65	72	93	108	133	134	144	138	180	155	198	193	177	
92	190	180	198	161	197	171	138	137	141	125	111	83	56	44	21	0	34	46	57	79	97	123	129	142	140	182	160	205	202	189	
119	216	208	228	193	231	205	172	171	175	158	142	114	89	70	55	34	0	25	51	70	91	117	131	147	151	192	177	222	223	213	
111	205	200	221	188	230	206	174	177	185	169	157	129	102	89	65	46	25	0	27	45	66	92	107	124	130	170	158	203	207	199	
95	183	180	204	173	217	196	166	172	184	172	164	137	110	101	72	57	51	27	0	22	42	68	80	97	104	143	133	177	182	176	
103	183	183	209	180	226	208	179	187	202	191	185	158	131	123	93	79	70	45	22	0	21	47	63	82	94	130	125	169	176	174	
102	173	175	202	176	225	208	181	192	209	201	197	171	144	141	108	97	91	66	42	21	0	26	42	61	76	110	110	151	161	162	
116	174	178	207	185	235	221	195	209	229	223	220	195	169	167	133	123	117	92	68	47	26	0	28	47	69	95	103	140	154	160	
100	147	153	182	163	213	202	179	194	217	213	214	191	166	169	134	129	131	107	80	63	42	28	0	20	41	69	75	113	126	132	
99	132	139	168	154	204	195	175	193	216	215	219	197	174	179	144	142	147	124	97	82	61	47	20	0	26	49	59	93	108	116	
80	106	113	142	128	178	171	153	171	197	197	204	185	164	173	138	140	151	130	104	94	76	69	41	26	0	42	34	75	85	91	
117	109	123	152	148	195	194	181	202	230	234	241	225	205	215	180	182	192	170	143	130	110	95	69	49	42	0	40	50	71	89	
83	74	86	115	108	156	154	141	162	191	196	206	191	174	188	155	160	177	158	133	125	110	103	75	59	34	40	0	45	51	58	
123	72	90	117	123	164	170	166	189	219	228	242	230	214	231	198	205	222	203	177	169	151	140	113	93	75	50	45	0	25	52	
115	47	66	92	101	140	147	147	170	201	212	227	218	205	224	193	202	223	207	182	176	161	154	126	108	85	71	51	25	0	28	
98	20	38	65	73	112	119	120	143	174	186	203	196	185	206	177	189	213	199	176	174	162	160	132	116	91	89	58	52	28	0	
Custo_Viagem
V0
0	1646	1495	1848	1310	2066	1780	1327	1579	1965	1965	2083	1814	1528	1831	1327	1545	1999	1864	1596	1730	1713	1948	1680	1663	1344	1965	1394	2066	1932	1646	
1646	0	336	756	957	1562	1713	1780	2167	2688	2923	3242	3158	3024	3393	2956	3192	3628	3444	3074	3074	2906	2923	2469	2217	1780	1831	1243	1209	789	336	
1495	336	0	487	621	1243	1360	1444	1831	2352	2604	2923	2872	2772	3175	2788	3024	3511	3360	3024	3074	2940	2990	2570	2352	1898	2066	1444	1512	1125	638	
1848	756	487	0	638	840	1125	1394	1747	2234	2553	2923	2956	2940	3376	3040	3326	3830	3729	3427	3511	3393	3477	3057	2856	2402	2553	1948	1965	1545	1092	
1310	957	621	638	0	840	789	823	1209	1730	1982	2335	2335	2301	2738	2419	2704	3242	3158	2906	3024	2956	3108	2738	2587	2150	2486	1814	2066	1713	1226	
2066	1562	1243	840	840	0	504	1024	1243	1646	2016	2436	2604	2704	3175	2990	3309	3880	3864	3645	3813	3780	3948	3578	3427	2990	3276	2620	2755	2352	1881	
1780	1713	1360	1125	789	504	0	554	739	1159	1528	1948	2100	2217	2688	2536	2872	3444	3460	3292	3494	3494	3712	3393	3276	2872	3259	2587	2856	2486	1999	
1327	1780	1444	1394	823	1024	554	0	386	907	1159	1528	1612	1680	2150	1982	2318	2889	2923	2788	3007	3040	3292	3007	2940	2570	3040	2368	2788	2469	2016	
1579	2167	1831	1747	1209	1243	739	386	0	520	806	1209	1377	1545	1999	1948	2301	2889	2973	2889	3141	3225	3511	3259	3242	2872	3393	2721	3175	2856	2402	
1965	2688	2352	2234	1730	1646	1159	907	520	0	403	840	1159	1478	1915	2016	2368	2940	3108	3091	3393	3511	3847	3645	3645	3309	3864	3208	3679	3376	2923	
1965	2923	2604	2553	1982	2016	1528	1159	806	403	0	436	789	1159	1562	1747	2100	2654	2856	2889	3208	3376	3746	3578	3612	3326	3931	3292	3830	3561	3124	
2083	3242	2923	2923	2335	2436	1948	1528	1209	840	436	0	470	924	1243	1562	1881	2402	2654	2755	3108	3309	3696	3595	3679	3427	4065	3460	4065	3813	3410	
1814	3158	2872	2956	2335	2604	2100	1612	1377	1159	789	470	0	453	772	1092	1394	1915	2167	2301	2654	2872	3276	3208	3309	3108	3780	3208	3864	3662	3292	
1528	3024	2772	2940	2301	2704	2217	1680	1545	1478	1159	924	453	0	453	638	940	1495	1713	1848	2200	2419	2839	2788	2923	2755	3444	2923	3595	3444	3108	
1831	3393	3175	3376	2738	3175	2688	2150	1999	1915	1562	1243	772	453	0	588	739	1176	1495	1713	2083	2368	2805	2839	3024	2906	3612	3158	3880	3763	3460	
1327	2956	2788	3040	2419	2990	2536	1982	1948	2016	1747	1562	1092	638	588	0	352	924	1092	1209	1562	1814	2234	2251	2419	2318	3024	2604	3326	3242	2973	
1545	3192	3024	3326	2704	3309	2872	2318	2301	2368	2100	1881	1394	940	739	352	0	571	772	957	1344	1629	2083	2167	2385	2352	3057	2688	3444	3393	3175	
1999	3628	3511	3830	3242	3880	3444	2889	2889	2940	2654	2402	1915	1495	1176	924	571	0	420	856	1192	1545	1982	2200	2469	2536	3225	2973	3729	3746	3578	
1864	3444	3360	3729	3158	3864	3460	2923	2973	3108	2856	2654	2167	1713	1495	1092	772	420	0	453	756	1125	1562	1797	2083	2184	2856	2654	3410	3477	3343	
1596	3074	3024	3427	2906	3645	3292	2788	2889	3091	2889	2755	2301	1848	1713	1209	957	856	453	0	369	705	1142	1344	1629	1747	2402	2234	2973	3057	2956	
1730	3074	3074	3511	3024	3813	3494	3007	3141	3393	3208	3108	2654	2200	2083	1562	1344	1192	756	369	0	352	789	1058	1377	1579	2184	2100	2839	2956	2923	
1713	2906	2940	3393	2956	3780	3494	3040	3225	3511	3376	3309	2872	2419	2368	1814	1629	1545	1125	705	352	0	436	705	1024	1276	1848	1848	2536	2704	2721	
1948	2923	2990	3477	3108	3948	3712	3292	3511	3847	3746	3696	3276	2839	2805	2234	2083	1982	1562	1142	789	436	0	470	789	1159	1596	1747	2368	2587	2688	
1680	2469	2570	3057	2738	3578	3393	3007	3259	3645	3578	3595	3208	2788	2839	2251	2167	2200	1797	1344	1058	705	470	0	336	688	1159	1276	1898	2116	2217	
1663	2217	2352	2856	2587	3427	3276	2940	3242	3645	3612	3679	3309	2923	3024	2419	2385	2469	2083	1629	1377	1024	789	336	0	436	823	991	1562	1814	1948	
1344	1780	1898	2402	2150	2990	2872	2570	2872	3309	3326	3427	3108	2755	2906	2318	2352	2536	2184	1747	1579	1276	1159	688	436	0	705	571	1260	1428	1528	
1965	1831	2066	2553	2486	3276	3259	3040	3393	3864	3931	4065	3780	3444	3612	3024	3057	3225	2856	2402	2184	1848	1596	1159	823	705	0	672	840	1192	1495	
1394	1243	1444	1948	1814	2620	2587	2368	2721	3208	3292	3460	3208	2923	3158	2604	2688	2973	2654	2234	2100	1848	1747	1276	991	571	672	0	756	856	974	
2066	1209	1512	1965	2066	2755	2856	2788	3175	3679	3830	4065	3864	3595	3880	3326	3444	3729	3410	2973	2839	2536	2368	1898	1562	1260	840	756	0	420	873	
1932	789	1125	1545	1713	2352	2486	2469	2856	3376	3561	3813	3662	3444	3763	3242	3393	3746	3477	3057	2956	2704	2587	2116	1814	1428	1192	856	420	0	470	
1646	336	638	1092	1226	1881	1999	2016	2402	2923	3124	3410	3292	3108	3460	2973	3175	3578	3343	2956	2923	2721	2688	2217	1948	1528	1495	974	873	470	0	
V1
0	1313	1192	1474	1045	1648	1420	1058	1259	1567	1567	1661	1447	1219	1460	1058	1232	1594	1487	1273	1380	1366	1554	1340	1326	1072	1567	1112	1648	1541	1313	
1313	0	268	603	763	1246	1366	1420	1728	2144	2331	2586	2519	2412	2706	2358	2546	2894	2747	2452	2452	2318	2331	1969	1768	1420	1460	991	964	629	268	
1192	268	0	388	495	991	1085	1152	1460	1876	2077	2331	2291	2211	2532	2224	2412	2800	2680	2412	2452	2345	2385	2050	1876	1514	1648	1152	1206	897	509	
1474	603	388	0	509	670	897	1112	1393	1782	2036	2331	2358	2345	2693	2425	2653	3055	2974	2733	2800	2706	2773	2438	2278	1916	2036	1554	1567	1232	871	
1045	763	495	509	0	670	629	656	964	1380	1581	1862	1862	1835	2184	1929	2157	2586	2519	2318	2412	2358	2479	2184	2063	1715	1983	1447	1648	1366	978	
1648	1246	991	670	670	0	402	817	991	1313	1608	1943	2077	2157	2532	2385	2639	3095	3082	2907	3041	3015	3149	2854	2733	2385	2613	2090	2197	1876	1500	
1420	1366	1085	897	629	402	0	442	589	924	1219	1554	1675	1768	2144	2023	2291	2747	2760	2626	2787	2787	2961	2706	2613	2291	2599	2063	2278	1983	1594	
1058	1420	1152	1112	656	817	442	0	308	723	924	1219	1286	1340	1715	1581	1849	2304	2331	2224	2398	2425	2626	2398	2345	2050	2425	1889	2224	1969	1608	
1259	1728	1460	1393	964	991	589	308	0	415	643	964	1098	1232	1594	1554	1835	2304	2371	2304	2505	2572	2800	2599	2586	2291	2706	2170	2532	2278	1916	
1567	2144	1876	1782	1380	1313	924	723	415	0	321	670	924	1179	1527	1608	1889	2345	2479	2465	2706	2800	3068	2907	2907	2639	3082	2559	2934	2693	2331	
1567	2331	2077	2036	1581	1608	1219	924	643	321	0	348	629	924	1246	1393	1675	2117	2278	2304	2559	2693	2988	2854	2881	2653	3135	2626	3055	2840	2492	
1661	2586	2331	2331	1862	1943	1554	1219	964	670	348	0	375	737	991	1246	1500	1916	2117	2197	2479	2639	2948	2867	2934	2733	3242	2760	3242	3041	2720	
1447	2519	2291	2358	1862	2077	1675	1286	1098	924	629	375	0	361	616	871	1112	1527	1728	1835	2117	2291	2613	2559	2639	2479	3015	2559	3082	2921	2626	
1219	2412	2211	2345	1835	2157	1768	1340	1232	1179	924	737	361	0	361	509	750	1192	1366	1474	1755	1929	2264	2224	2331	2197	2747	2331	2867	2747	2479	
1460	2706	2532	2693	2184	2532	2144	1715	1594	1527	1246	991	616	361	0	469	589	938	1192	1366	1661	1889	2237	2264	2412	2318	2881	2519	3095	3001	2760	
1058	2358	2224	2425	1929	2385	2023	1581	1554	1608	1393	1246	871	509	469	0	281	737	871	964	1246	1447	1782	1795	1929	1849	2412	2077	2653	2586	2371	
1232	2546	2412	2653	2157	2639	2291	1849	1835	1889	1675	1500	1112	750	589	281	0	455	616	763	1072	1299	1661	1728	1902	1876	2438	2144	2747	2706	2532	
1594	2894	2800	3055	2586	3095	2747	2304	2304	2345	2117	1916	1527	1192	938	737	455	0	335	683	951	1232	1581	1755	1969	2023	2572	2371	2974	2988	2854	
1487	2747	2680	2974	2519	3082	2760	2331	2371	2479	2278	2117	1728	1366	1192	871	616	335	0	361	603	897	1246	1433	1661	1742	2278	2117	2720	2773	2666	
1273	2452	2412	2733	2318	2907	2626	2224	2304	2465	2304	2197	1835	1474	1366	964	763	683	361	0	294	562	911	1072	1299	1393	1916	1782	2371	2438	2358	
1380	2452	2452	2800	2412	3041	2787	2398	2505	2706	2559	2479	2117	1755	1661	1246	1072	951	603	294	0	281	629	844	1098	1259	1742	1675	2264	2358	2331	
1366	2318	2345	2706	2358	3015	2787	2425	2572	2800	2693	2639	2291	1929	1889	1447	1299	1232	897	562	281	0	348	562	817	1018	1474	1474	2023	2157	2170	
1554	2331	2385	2773	2479	3149	2961	2626	2800	3068	2988	2948	2613	2264	2237	1782	1661	1581	1246	911	629	348	0	375	629	924	1273	1393	1889	2063	2144	
1340	1969	2050	2438	2184	2854	2706	2398	2599	2907	2854	2867	2559	2224	2264	1795	1728	1755	1433	1072	844	562	375	0	268	549	924	1018	1514	1688	1768	
1326	1768	1876	2278	2063	2733	2613	2345	2586	2907	2881	2934	2639	2331	2412	1929	1902	1969	1661	1299	1098	817	629	268	0	348	656	790	1246	1447	1554	
1072	1420	1514	1916	1715	2385	2291	2050	2291	2639	2653	2733	2479	2197	2318	1849	1876	2023	1742	1393	1259	1018	924	549	348	0	562	455	1005	1139	1219	
1567	1460	1648	2036	1983	2613	2599	2425	2706	3082	3135	3242	3015	2747	2881	2412	2438	2572	2278	1916	1742	1474	1273	924	656	562	0	536	670	951	1192	
1112	991	1152	1554	1447	2090	2063	1889	2170	2559	2626	2760	2559	2331	2519	2077	2144	2371	2117	1782	1675	1474	1393	1018	790	455	536	0	603	683	777	
1648	964	1206	1567	1648	2197	2278	2224	2532	2934	3055	3242	3082	2867	3095	2653	2747	2974	2720	2371	2264	2023	1889	1514	1246	1005	670	603	0	335	696	
1541	629	897	1232	1366	1876	1983	1969	2278	2693	2840	3041	2921	2747	3001	2586	2706	2988	2773	2438	2358	2157	2063	1688	1447	1139	951	683	335	0	375	
1313	268	509	871	978	1500	1594	1608	1916	2331	2492	2720	2626	2479	2760	2371	2532	2854	2666	2358	2331	2170	2144	1768	1554	1219	1192	777	696	375	0	
V2
0	1038	943	1166	826	1303	1123	837	996	1240	1240	1314	1144	964	1155	837	975	1261	1176	1007	1091	1081	1229	1060	1049	848	1240	879	1303	1219	1038	
1038	0	212	477	604	985	1081	1123	1367	1696	1844	2045	1992	1908	2141	1865	2014	2289	2173	1939	1939	1833	1844	1558	1399	1123	1155	784	763	498	212	
943	212	0	307	392	784	858	911	1155	1484	1643	1844	1812	1749	2003	1759	1908	2215	2120	1908	1939	1855	1886	1621	1484	1197	1303	911	954	710	402	
1166	477	307	0	402	530	710	879	1102	1409	1611	1844	1865	1855	2130	1918	2098	2416	2353	2162	2215	2141	2194	1929	1802	1515	1611	1229	1240	975	689	
826	604	392	402	0	530	498	519	763	1091	1250	1473	1473	1452	1727	1526	1706	2045	1992	1833	1908	1865	1961	1727	1632	1356	1568	1144	1303	1081	773	
1303	985	784	530	530	0	318	646	784	1038	1272	1537	1643	1706	2003	1886	2088	2448	2438	2300	2406	2385	2491	2257	2162	1886	2067	1653	1738	1484	1187	
1123	1081	858	710	498	318	0	349	466	731	964	1229	1325	1399	1696	1600	1812	2173	2183	2077	2204	2204	2342	2141	2067	1812	2056	1632	1802	1568	1261	
837	1123	911	879	519	646	349	0	243	572	731	964	1017	1060	1356	1250	1462	1823	1844	1759	1897	1918	2077	1897	1855	1621	1918	1494	1759	1558	1272	
996	1367	1155	1102	763	784	466	243	0	328	508	763	869	975	1261	1229	1452	1823	1876	1823	1982	2035	2215	2056	2045	1812	2141	1717	2003	1802	1515	
1240	1696	1484	1409	1091	1038	731	572	328	0	254	530	731	932	1208	1272	1494	1855	1961	1950	2141	2215	2427	2300	2300	2088	2438	2024	2321	2130	1844	
1240	1844	1643	1611	1250	1272	964	731	508	254	0	275	498	731	985	1102	1325	1674	1802	1823	2024	2130	2363	2257	2279	2098	2480	2077	2416	2247	1971	
1314	2045	1844	1844	1473	1537	1229	964	763	530	275	0	296	583	784	985	1187	1515	1674	1738	1961	2088	2332	2268	2321	2162	2565	2183	2565	2406	2151	
1144	1992	1812	1865	1473	1643	1325	1017	869	731	498	296	0	286	487	689	879	1208	1367	1452	1674	1812	2067	2024	2088	1961	2385	2024	2438	2310	2077	
964	1908	1749	1855	1452	1706	1399	1060	975	932	731	583	286	0	286	402	593	943	1081	1166	1388	1526	1791	1759	1844	1738	2173	1844	2268	2173	1961	
1155	2141	2003	2130	1727	2003	1696	1356	1261	1208	985	784	487	286	0	371	466	742	943	1081	1314	1494	1770	1791	1908	1833	2279	1992	2448	2374	2183	
837	1865	1759	1918	1526	1886	1600	1250	1229	1272	1102	985	689	402	371	0	222	583	689	763	985	1144	1409	1420	1526	1462	1908	1643	2098	2045	1876	
975	2014	1908	2098	1706	2088	1812	1462	1452	1494	1325	1187	879	593	466	222	0	360	487	604	848	1028	1314	1367	1505	1484	1929	1696	2173	2141	2003	
1261	2289	2215	2416	2045	2448	2173	1823	1823	1855	1674	1515	1208	943	742	583	360	0	265	540	752	975	1250	1388	1558	1600	2035	1876	2353	2363	2257	
1176	2173	2120	2353	1992	2438	2183	1844	1876	1961	1802	1674	1367	1081	943	689	487	265	0	286	477	710	985	1134	1314	1378	1802	1674	2151	2194	2109	
1007	1939	1908	2162	1833	2300	2077	1759	1823	1950	1823	1738	1452	1166	1081	763	604	540	286	0	233	445	720	848	1028	1102	1515	1409	1876	1929	1865	
1091	1939	1939	2215	1908	2406	2204	1897	1982	2141	2024	1961	1674	1388	1314	985	848	752	477	233	0	222	498	667	869	996	1378	1325	1791	1865	1844	
1081	1833	1855	2141	1865	2385	2204	1918	2035	2215	2130	2088	1812	1526	1494	1144	1028	975	710	445	222	0	275	445	646	805	1166	1166	1600	1706	1717	
1229	1844	1886	2194	1961	2491	2342	2077	2215	2427	2363	2332	2067	1791	1770	1409	1314	1250	985	720	498	275	0	296	498	731	1007	1102	1494	1632	1696	
1060	1558	1621	1929	1727	2257	2141	1897	2056	2300	2257	2268	2024	1759	1791	1420	1367	1388	1134	848	667	445	296	0	212	434	731	805	1197	1335	1399	
1049	1399	1484	1802	1632	2162	2067	1855	2045	2300	2279	2321	2088	1844	1908	1526	1505	1558	1314	1028	869	646	498	212	0	275	519	625	985	1144	1229	
848	1123	1197	1515	1356	1886	1812	1621	1812	2088	2098	2162	1961	1738	1833	1462	1484	1600	1378	1102	996	805	731	434	275	0	445	360	795	901	964	
1240	1155	1303	1611	1568	2067	2056	1918	2141	2438	2480	2565	2385	2173	2279	1908	1929	2035	1802	1515	1378	1166	1007	731	519	445	0	424	530	752	943	
879	784	911	1229	1144	1653	1632	1494	1717	2024	2077	2183	2024	1844	1992	1643	1696	1876	1674	1409	1325	1166	1102	805	625	360	424	0	477	540	614	
1303	763	954	1240	1303	1738	1802	1759	2003	2321	2416	2565	2438	2268	2448	2098	2173	2353	2151	1876	1791	1600	1494	1197	985	795	530	477	0	265	551	
1219	498	710	975	1081	1484	1568	1558	1802	2130	2247	2406	2310	2173	2374	2045	2141	2363	2194	1929	1865	1706	1632	1335	1144	901	752	540	265	0	296	
1038	212	402	689	773	1187	1261	1272	1515	1844	1971	2151	2077	1961	2183	1876	2003	2257	2109	1865	1844	1717	1696	1399	1229	964	943	614	551	296	0	
V3
0	1548	1406	1738	1232	1943	1674	1248	1485	1848	1848	1959	1706	1437	1722	1248	1453	1880	1753	1501	1627	1611	1832	1580	1564	1264	1848	1311	1943	1817	1548	
1548	0	316	711	900	1469	1611	1674	2038	2528	2749	3049	2970	2844	3191	2780	3002	3412	3239	2891	2891	2733	2749	2322	2085	1674	1722	1169	1137	742	316	
1406	316	0	458	584	1169	1279	1358	1722	2212	2449	2749	2701	2607	2986	2622	2844	3302	3160	2844	2891	2765	2812	2417	2212	1785	1943	1358	1422	1058	600	
1738	711	458	0	600	790	1058	1311	1643	2101	2401	2749	2780	2765	3175	2859	3128	3602	3507	3223	3302	3191	3270	2875	2686	2259	2401	1832	1848	1453	1027	
1232	900	584	600	0	790	742	774	1137	1627	1864	2196	2196	2164	2575	2275	2543	3049	2970	2733	2844	2780	2923	2575	2433	2022	2338	1706	1943	1611	1153	
1943	1469	1169	790	790	0	474	963	1169	1548	1896	2291	2449	2543	2986	2812	3112	3649	3634	3428	3586	3555	3713	3365	3223	2812	3081	2464	2591	2212	1769	
1674	1611	1279	1058	742	474	0	521	695	1090	1437	1832	1975	2085	2528	2385	2701	3239	3254	3096	3286	3286	3491	3191	3081	2701	3065	2433	2686	2338	1880	
1248	1674	1358	1311	774	963	521	0	363	853	1090	1437	1516	1580	2022	1864	2180	2717	2749	2622	2828	2859	3096	2828	2765	2417	2859	2227	2622	2322	1896	
1485	2038	1722	1643	1137	1169	695	363	0	489	758	1137	1295	1453	1880	1832	2164	2717	2796	2717	2954	3033	3302	3065	3049	2701	3191	2559	2986	2686	2259	
1848	2528	2212	2101	1627	1548	1090	853	489	0	379	790	1090	1390	1801	1896	2227	2765	2923	2907	3191	3302	3618	3428	3428	3112	3634	3017	3460	3175	2749	
1848	2749	2449	2401	1864	1896	1437	1090	758	379	0	410	742	1090	1469	1643	1975	2496	2686	2717	3017	3175	3523	3365	3397	3128	3697	3096	3602	3349	2938	
1959	3049	2749	2749	2196	2291	1832	1437	1137	790	410	0	442	869	1169	1469	1769	2259	2496	2591	2923	3112	3476	3381	3460	3223	3823	3254	3823	3586	3207	
1706	2970	2701	2780	2196	2449	1975	1516	1295	1090	742	442	0	426	726	1027	1311	1801	2038	2164	2496	2701	3081	3017	3112	2923	3555	3017	3634	3444	3096	
1437	2844	2607	2765	2164	2543	2085	1580	1453	1390	1090	869	426	0	426	600	884	1406	1611	1738	2069	2275	2670	2622	2749	2591	3239	2749	3381	3239	2923	
1722	3191	2986	3175	2575	2986	2528	2022	1880	1801	1469	1169	726	426	0	553	695	1106	1406	1611	1959	2227	2638	2670	2844	2733	3397	2970	3649	3539	3254	
1248	2780	2622	2859	2275	2812	2385	1864	1832	1896	1643	1469	1027	600	553	0	331	869	1027	1137	1469	1706	2101	2117	2275	2180	2844	2449	3128	3049	2796	
1453	3002	2844	3128	2543	3112	2701	2180	2164	2227	1975	1769	1311	884	695	331	0	537	726	900	1264	1532	1959	2038	2243	2212	2875	2528	3239	3191	2986	
1880	3412	3302	3602	3049	3649	3239	2717	2717	2765	2496	2259	1801	1406	1106	869	537	0	395	805	1121	1453	1864	2069	2322	2385	3033	2796	3507	3523	3365	
1753	3239	3160	3507	2970	3634	3254	2749	2796	2923	2686	2496	2038	1611	1406	1027	726	395	0	426	711	1058	1469	1690	1959	2054	2686	2496	3207	3270	3144	
1501	2891	2844	3223	2733	3428	3096	2622	2717	2907	2717	2591	2164	1738	1611	1137	900	805	426	0	347	663	1074	1264	1532	1643	2259	2101	2796	2875	2780	
1627	2891	2891	3302	2844	3586	3286	2828	2954	3191	3017	2923	2496	2069	1959	1469	1264	1121	711	347	0	331	742	995	1295	1485	2054	1975	2670	2780	2749	
1611	2733	2765	3191	2780	3555	3286	2859	3033	3302	3175	3112	2701	2275	2227	1706	1532	1453	1058	663	331	0	410	663	963	1200	1738	1738	2385	2543	2559	
1832	2749	2812	3270	2923	3713	3491	3096	3302	3618	3523	3476	3081	2670	2638	2101	1959	1864	1469	1074	742	410	0	442	742	1090	1501	1643	2227	2433	2528	
1580	2322	2417	2875	2575	3365	3191	2828	3065	3428	3365	3381	3017	2622	2670	2117	2038	2069	1690	1264	995	663	442	0	316	647	1090	1200	1785	1990	2085	
1564	2085	2212	2686	2433	3223	3081	2765	3049	3428	3397	3460	3112	2749	2844	2275	2243	2322	1959	1532	1295	963	742	316	0	410	774	932	1469	1706	1832	
1264	1674	1785	2259	2022	2812	2701	2417	2701	3112	3128	3223	2923	2591	2733	2180	2212	2385	2054	1643	1485	1200	1090	647	410	0	663	537	1185	1343	1437	
1848	1722	1943	2401	2338	3081	3065	2859	3191	3634	3697	3823	3555	3239	3397	2844	2875	3033	2686	2259	2054	1738	1501	1090	774	663	0	632	790	1121	1406	
1311	1169	1358	1832	1706	2464	2433	2227	2559	3017	3096	3254	3017	2749	2970	2449	2528	2796	2496	2101	1975	1738	1643	1200	932	537	632	0	711	805	916	
1943	1137	1422	1848	1943	2591	2686	2622	2986	3460	3602	3823	3634	3381	3649	3128	3239	3507	3207	2796	2670	2385	2227	1785	1469	1185	790	711	0	395	821	
1817	742	1058	1453	1611	2212	2338	2322	2686	3175	3349	3586	3444	3239	3539	3049	3191	3523	3270	2875	2780	2543	2433	1990	1706	1343	1121	805	395	0	442	
1548	316	600	1027	1153	1769	1880	1896	2259	2749	2938	3207	3096	2923	3254	2796	2986	3365	3144	2780	2749	2559	2528	2085	1832	1437	1406	916	821	442	0	
V4
0	1548	1406	1738	1232	1943	1674	1248	1485	1848	1848	1959	1706	1437	1722	1248	1453	1880	1753	1501	1627	1611	1832	1580	1564	1264	1848	1311	1943	1817	1548	
