M: 8
N: 30
Nun_Veiculos: 11
Capacidade_Total: 622
Demanda_Total: 414
Setup_Min: 1
Setup_Max: 9
Raio: 100
Circulos: 1
Tempo_Processamento_Min: 1
Tempo_Processamento_Max: 49
Demanda_Min: 10
Demanda_Max: 30
Priority_Factor: 0.2
Range_Factor_R: 0.8
U_factor: 2
ALpha: 0.2Replicao: 2
Tempos_Processamentos
0	0	1	0	2	0	3	0	4	0	5	0	6	0	7	0	
0	27	1	2	2	43	3	25	4	34	5	24	6	23	7	26	
0	49	1	8	2	4	3	36	4	23	5	39	6	12	7	7	
0	34	1	4	2	42	3	44	4	48	5	20	6	6	7	43	
0	9	1	13	2	35	3	49	4	25	5	36	6	43	7	33	
0	38	1	5	2	7	3	7	4	14	5	44	6	39	7	35	
0	18	1	26	2	9	3	30	4	9	5	23	6	23	7	10	
0	34	1	32	2	46	3	23	4	46	5	9	6	4	7	1	
0	11	1	24	2	13	3	28	4	19	5	4	6	13	7	3	
0	42	1	25	2	13	3	25	4	9	5	40	6	46	7	42	
0	5	1	3	2	2	3	25	4	47	5	1	6	18	7	47	
0	13	1	38	2	22	3	10	4	21	5	41	6	40	7	27	
0	26	1	46	2	10	3	32	4	49	5	14	6	18	7	30	
0	40	1	19	2	6	3	4	4	6	5	11	6	23	7	23	
0	21	1	19	2	2	3	12	4	38	5	33	6	13	7	25	
0	4	1	11	2	41	3	41	4	45	5	36	6	48	7	36	
0	41	1	11	2	27	3	40	4	37	5	13	6	39	7	38	
0	36	1	33	2	28	3	36	4	37	5	11	6	40	7	37	
0	4	1	43	2	5	3	34	4	32	5	20	6	24	7	4	
0	1	1	33	2	20	3	2	4	3	5	7	6	1	7	20	
0	21	1	44	2	34	3	13	4	8	5	48	6	6	7	44	
0	19	1	42	2	3	3	35	4	13	5	28	6	47	7	26	
0	3	1	30	2	20	3	47	4	40	5	44	6	4	7	39	
0	24	1	4	2	45	3	12	4	48	5	17	6	49	7	15	
0	18	1	25	2	22	3	34	4	48	5	45	6	29	7	2	
0	9	1	10	2	23	3	26	4	32	5	45	6	12	7	19	
0	42	1	15	2	43	3	42	4	23	5	38	6	17	7	10	
0	17	1	15	2	39	3	7	4	19	5	11	6	9	7	19	
0	32	1	3	2	19	3	36	4	21	5	48	6	48	7	34	
0	46	1	19	2	9	3	27	4	40	5	41	6	38	7	9	
0	9	1	15	2	33	3	37	4	46	5	44	6	42	7	17	

Tempos_setup
M0
0	0	0	0	0	0	0	0	0	0	0	0	0	0	0	0	0	0	0	0	0	0	0	0	0	0	0	0	0	0	0	
0	0	3	2	3	1	2	2	1	3	2	3	3	3	2	2	3	2	3	1	3	2	3	2	3	2	2	3	3	2	3	
0	4	0	4	3	3	1	3	3	3	3	3	3	4	3	4	2	3	4	3	4	4	2	4	2	3	2	4	3	3	2	
0	3	1	0	2	2	2	1	2	2	1	1	2	3	3	2	2	2	1	2	4	2	2	2	3	3	1	2	3	3	3	
0	1	1	1	0	1	2	2	2	3	2	2	3	3	3	1	3	2	2	2	2	3	3	3	3	2	2	3	3	2	1	
0	3	2	3	2	0	2	3	2	4	4	4	2	3	3	2	3	2	3	2	4	2	3	3	3	1	1	2	3	2	3	
0	3	1	3	2	2	0	2	2	3	3	3	3	3	2	3	1	2	3	2	4	3	2	3	1	2	1	3	3	2	1	
0	3	3	3	2	1	3	0	3	4	4	3	3	3	3	1	4	3	3	2	3	3	3	3	4	2	2	3	4	3	3	
0	1	2	2	3	2	3	1	0	3	3	3	2	3	1	2	3	2	2	2	2	1	2	2	2	3	2	2	2	1	2	
0	1	2	1	2	2	3	2	2	0	2	1	2	3	3	3	2	3	2	2	4	2	3	3	1	3	2	3	2	1	2	
0	2	2	2	1	2	3	3	3	1	0	2	2	3	2	1	3	2	2	3	3	3	3	1	2	3	3	3	2	2	2	
0	2	3	3	3	2	3	2	1	2	2	0	3	2	2	2	2	3	1	2	3	1	2	2	3	3	2	3	3	2	2	
0	2	1	3	2	3	1	3	3	3	3	3	0	2	3	3	2	1	2	3	3	4	2	4	2	3	2	3	2	1	2	
0	2	2	2	2	2	2	2	2	2	1	3	3	0	1	2	1	2	3	2	1	2	3	2	3	2	1	2	3	2	1	
0	3	1	1	3	3	2	2	2	3	2	2	3	3	0	2	3	2	2	2	3	3	2	2	2	2	1	1	4	3	3	
0	2	2	2	1	2	3	3	2	3	3	2	3	2	3	0	3	3	2	3	3	3	2	4	4	3	3	4	3	2	2	
0	3	3	2	2	1	2	3	3	2	3	2	2	4	3	3	0	3	3	3	3	2	2	4	3	1	2	2	3	2	3	
0	2	2	2	1	2	2	2	3	3	2	2	1	1	2	2	2	0	3	3	2	3	1	3	3	2	2	3	3	2	2	
0	2	2	2	2	2	3	2	2	1	1	1	3	3	2	2	1	2	0	2	4	2	1	2	2	2	1	3	3	2	3	
0	3	2	1	2	3	1	2	3	3	2	2	2	3	1	1	2	2	2	0	4	3	3	1	2	3	2	2	3	2	2	
0	3	1	3	3	3	1	2	3	2	4	3	3	3	2	3	2	2	3	3	0	4	3	2	2	3	2	3	4	3	2	
0	3	2	4	3	1	3	1	3	4	4	3	3	3	4	2	4	3	3	3	4	0	1	3	4	2	2	3	3	2	1	
0	4	3	3	4	4	3	3	3	3	3	3	2	2	3	4	3	3	2	3	3	4	0	2	4	3	2	4	2	2	2	
0	3	1	3	2	3	2	3	3	2	2	2	1	2	2	3	2	1	1	3	3	3	2	0	3	3	2	3	2	1	3	
0	2	2	2	1	2	3	1	2	4	3	3	3	3	3	2	4	2	3	2	3	2	3	3	0	3	1	3	4	3	2	
0	2	2	2	1	2	1	2	2	3	3	3	1	3	3	2	2	2	2	3	3	1	2	4	2	0	2	1	2	1	2	
0	2	1	2	2	3	2	2	1	4	3	3	2	2	2	2	3	1	3	1	3	2	2	2	3	3	0	2	3	2	3	
0	3	3	3	2	2	2	3	3	2	4	3	2	3	4	1	3	3	3	4	2	2	3	4	3	1	3	0	3	2	2	
0	3	2	1	3	3	3	2	3	3	2	2	3	1	2	3	2	3	2	3	2	3	3	3	4	3	2	3	0	3	2	
0	3	1	2	3	3	2	3	3	2	2	2	1	2	3	3	2	2	1	3	3	3	2	3	3	3	2	2	1	0	3	
0	2	1	3	3	2	2	1	3	3	3	2	2	3	4	2	3	2	2	3	4	2	2	3	3	3	3	3	2	1	0	
M1
0	0	0	0	0	0	0	0	0	0	0	0	0	0	0	0	0	0	0	0	0	0	0	0	0	0	0	0	0	0	0	
0	0	2	2	3	3	2	3	1	1	2	1	2	3	3	3	2	3	4	4	3	3	3	4	2	4	2	3	2	3	2	
0	4	0	1	3	2	3	2	4	3	3	2	3	2	1	3	2	2	3	3	2	2	1	2	3	5	3	4	2	3	3	
0	3	3	0	2	3	2	3	3	2	2	2	2	3	3	2	1	1	2	3	4	3	2	2	3	4	2	3	2	3	3	
0	4	3	2	0	4	1	2	3	3	3	3	2	3	4	3	3	2	3	2	3	3	3	1	3	5	3	2	2	3	2	
0	4	2	2	2	0	2	1	4	2	3	2	1	2	3	3	3	3	2	2	3	3	1	2	2	4	4	3	2	1	3	
0	3	3	3	2	3	0	1	4	2	2	3	4	3	3	3	3	1	2	2	3	2	2	2	2	4	2	4	1	2	3	
0	3	3	2	2	3	2	0	4	3	2	3	3	4	3	2	3	3	2	1	3	2	4	2	1	4	4	4	1	1	3	
0	2	2	2	2	2	1	2	0	2	1	2	1	2	2	2	1	2	3	3	3	2	2	3	3	3	1	3	2	3	1	
0	4	4	1	3	2	2	3	4	0	3	3	3	4	4	3	2	2	3	4	5	3	3	3	4	5	3	2	3	3	4	
0	3	1	2	2	3	2	2	4	2	0	1	3	2	1	3	3	1	2	3	2	3	2	2	2	2	2	4	2	3	3	
0	3	1	2	2	2	1	2	4	3	3	0	3	3	2	2	3	2	3	3	3	2	2	3	1	5	3	3	1	2	4	
0	4	1	2	1	3	2	3	4	1	4	1	0	3	2	3	3	3	4	3	3	2	2	2	2	5	4	2	2	3	3	
0	2	2	2	2	1	3	2	3	3	1	2	2	0	2	2	3	2	3	3	3	2	2	3	1	3	3	4	3	2	4	
0	4	2	3	3	3	2	1	3	2	3	1	4	3	0	3	3	3	2	2	1	2	2	2	2	4	4	3	2	2	2	
0	3	2	2	2	3	2	2	4	1	2	1	3	3	3	0	2	1	1	3	4	3	3	2	2	3	2	2	2	2	3	
0	3	2	3	2	2	2	3	3	2	2	2	1	2	2	1	0	1	2	3	3	2	1	2	3	4	2	2	1	2	3	
0	2	2	2	1	2	2	3	3	1	1	2	3	3	2	2	2	0	1	2	3	2	3	1	2	3	1	3	2	2	2	
0	3	2	2	2	3	2	3	3	3	2	1	2	2	3	2	1	2	0	2	3	2	2	1	1	2	3	3	1	1	2	
0	4	2	3	3	4	3	3	4	2	1	2	4	3	2	4	4	2	3	0	3	4	3	3	3	3	3	4	3	2	4	
0	3	2	2	3	2	3	3	2	1	3	4	3	2	3	4	3	3	4	3	0	1	3	4	3	5	3	2	3	3	1	
0	4	3	3	3	1	3	2	3	3	4	3	2	3	4	4	3	4	3	3	2	0	2	3	3	4	4	2	2	2	3	
0	3	3	2	3	1	2	2	3	3	2	3	2	1	3	3	3	3	3	2	3	2	0	1	2	4	4	4	1	2	2	
0	3	2	1	3	3	3	2	2	3	2	3	3	2	3	2	2	2	2	1	2	2	3	0	3	4	3	4	3	3	1	
0	2	3	1	1	4	2	3	3	2	3	2	3	4	3	1	2	2	2	3	3	4	3	2	0	4	3	3	3	1	3	
0	4	3	3	2	2	3	2	3	3	2	2	3	2	1	4	4	3	3	3	2	3	1	2	3	0	4	4	2	3	3	
0	1	2	1	2	1	3	2	2	2	1	2	2	3	2	3	2	1	2	3	3	3	2	2	3	3	0	4	3	2	3	
0	3	3	4	3	2	3	3	4	3	3	3	2	2	3	2	1	2	3	2	3	1	2	3	3	5	3	0	2	3	4	
0	2	2	3	2	2	1	2	3	3	3	3	3	4	3	3	4	2	3	2	3	1	3	2	2	4	3	3	0	1	3	
0	4	3	2	3	3	1	2	3	3	3	3	4	3	2	3	3	2	3	2	2	3	3	1	3	5	3	4	2	0	2	
0	2	1	2	2	2	3	2	3	3	2	3	3	1	2	3	3	3	4	3	3	1	2	3	2	4	2	3	3	3	0	
M2
0	0	0	0	0	0	0	0	0	0	0	0	0	0	0	0	0	0	0	0	0	0	0	0	0	0	0	0	0	0	0	
0	0	3	2	2	1	4	2	3	3	3	2	3	2	1	4	3	3	2	3	3	2	3	2	3	4	3	2	3	2	2	
0	2	0	3	2	3	1	2	3	3	3	3	3	4	1	3	4	3	2	2	2	3	3	3	2	3	2	1	3	2	2	
0	2	4	0	2	2	4	3	3	3	3	3	3	3	1	2	2	3	2	3	3	3	3	2	3	2	2	3	1	2	2	
0	1	3	3	0	2	4	3	3	3	2	3	4	3	2	3	2	3	3	2	3	3	2	3	3	3	3	3	2	3	3	
0	2	4	1	3	0	5	3	3	3	3	2	3	1	2	3	2	3	3	3	3	3	3	3	2	3	2	3	2	3	2	
0	2	1	3	3	3	0	1	3	3	3	2	2	3	2	4	3	2	1	3	3	2	2	3	3	3	1	2	2	3	3	
0	1	2	2	2	2	3	0	2	2	3	3	3	3	2	3	3	3	2	2	4	1	1	3	3	3	2	3	2	2	3	
0	1	2	2	3	1	3	2	0	4	1	3	3	2	2	2	3	3	3	3	4	3	3	3	2	3	3	3	3	2	3	
0	3	3	2	2	2	4	4	4	0	4	3	1	2	3	4	4	3	4	3	3	4	4	4	3	4	4	2	3	2	4	
0	1	1	3	3	2	2	1	3	3	0	3	3	3	2	4	3	3	2	2	3	2	2	3	1	2	2	2	2	3	3	
0	2	3	3	2	3	3	1	3	3	4	0	3	4	1	4	3	3	2	3	4	2	2	3	4	2	3	3	3	2	4	
0	3	3	1	3	1	4	4	3	4	3	3	0	2	2	3	3	2	3	2	2	3	4	3	3	3	3	1	2	1	3	
0	3	4	3	3	3	4	2	4	4	3	1	2	0	2	4	4	4	3	4	2	3	3	4	4	3	4	3	3	3	4	
0	1	4	3	1	2	5	3	3	2	3	3	2	3	0	4	3	2	1	2	3	3	2	3	3	4	3	3	3	1	3	
0	2	3	3	1	2	2	3	3	3	3	3	3	2	1	0	2	3	2	2	2	3	2	3	1	2	3	1	2	2	3	
0	2	2	2	3	2	3	2	2	2	1	3	2	2	2	3	0	1	2	2	1	3	2	3	1	2	3	1	2	3	1	
0	4	4	3	4	2	5	4	3	3	3	4	4	3	3	5	4	0	3	2	5	3	3	2	3	4	4	4	3	3	3	
0	3	3	2	3	2	4	4	2	4	3	4	1	3	2	4	4	1	0	2	3	2	3	2	3	4	2	2	3	2	4	
0	2	2	2	2	1	3	3	1	2	2	2	3	2	1	3	2	3	2	0	3	1	2	2	1	2	2	2	1	2	2	
0	2	2	3	2	2	3	2	3	3	1	2	3	3	1	4	2	3	2	3	0	3	3	2	2	2	2	3	1	2	2	
0	2	1	1	2	3	2	3	3	3	4	3	2	3	1	3	3	2	1	3	3	0	3	3	3	3	3	2	2	2	3	
0	1	3	1	3	2	4	3	2	1	3	3	2	2	2	2	2	3	3	1	3	2	0	2	2	2	2	3	1	3	2	
0	2	3	2	3	1	4	4	2	2	3	3	3	2	2	3	3	4	3	1	4	2	1	0	2	2	3	3	2	3	3	
0	2	3	2	2	1	4	3	2	2	3	3	2	2	1	3	2	2	1	1	2	2	1	2	0	1	2	1	1	2	2	
0	2	3	3	1	2	4	3	3	2	2	4	3	3	3	4	1	2	3	3	2	4	3	3	2	0	4	1	3	4	2	
0	3	2	2	3	2	3	3	3	3	2	3	3	3	2	4	2	3	2	3	3	1	3	2	3	2	0	3	1	3	2	
0	3	2	4	2	3	3	3	4	3	2	3	4	4	2	4	3	2	3	3	1	4	3	2	3	3	3	0	2	3	3	
0	3	3	2	2	1	3	2	2	2	2	2	3	2	3	3	1	2	3	2	2	2	2	1	2	1	1	2	0	4	1	
0	2	3	3	2	2	4	4	2	3	3	3	4	3	2	4	2	1	3	1	2	2	3	3	2	3	3	3	2	0	3	
0	2	2	1	3	2	3	1	1	1	1	4	2	3	2	3	2	2	2	3	3	2	2	3	2	3	3	3	2	3	0	
M3
0	0	0	0	0	0	0	0	0	0	0	0	0	0	0	0	0	0	0	0	0	0	0	0	0	0	0	0	0	0	0	
0	0	2	3	2	1	2	1	2	2	2	2	3	2	2	2	3	3	2	2	3	2	1	2	3	2	1	2	2	2	1	
0	2	0	1	2	2	2	3	2	2	2	2	1	3	2	2	3	3	3	2	4	2	1	2	2	2	3	2	3	3	2	
0	1	2	0	2	2	3	2	2	2	2	2	3	3	2	2	3	3	3	2	4	2	1	1	4	2	2	2	2	3	2	
0	3	4	5	0	4	3	4	4	2	2	4	3	4	3	4	3	4	3	4	5	2	3	4	4	4	3	5	3	3	4	
0	2	2	3	3	0	3	3	3	2	2	2	2	1	2	3	3	2	2	3	2	1	3	2	3	3	2	4	1	2	1	
0	2	2	3	4	3	0	3	4	3	4	3	3	2	3	4	4	1	3	3	3	2	3	1	4	1	3	3	2	3	2	
0	2	1	2	3	2	3	0	3	3	1	3	2	2	2	1	2	2	2	2	3	1	2	3	3	3	2	2	3	1	3	
0	2	3	4	2	3	2	3	0	1	3	3	2	3	2	3	2	2	1	2	4	1	2	2	3	3	2	4	3	2	3	
0	3	3	4	2	3	1	3	2	0	2	2	3	3	2	2	1	2	3	2	4	2	1	2	2	2	3	4	3	3	2	
0	3	2	3	4	3	2	3	4	3	0	4	3	3	4	3	1	3	3	4	4	3	3	3	4	3	4	4	2	2	2	
0	3	3	2	2	3	1	4	2	2	2	0	2	2	2	2	3	2	3	2	3	2	1	2	2	2	3	4	3	3	2	
0	3	3	3	1	1	1	3	3	3	1	1	0	2	3	3	2	2	2	3	3	2	2	2	1	2	3	4	2	3	2	
0	3	2	3	2	2	2	4	3	3	2	1	1	0	3	3	3	1	3	3	1	2	2	1	2	3	3	3	1	3	2	
0	2	2	3	3	3	3	3	1	2	4	2	3	4	0	4	3	3	2	3	5	2	3	2	3	2	1	4	3	3	3	
0	2	3	4	3	2	3	3	3	4	3	3	2	3	2	0	3	1	2	3	3	1	3	3	3	3	2	3	3	2	3	
0	4	3	4	3	3	4	2	3	3	3	3	4	4	3	3	0	4	4	3	4	3	2	5	5	3	4	4	2	3	3	
0	4	4	5	3	4	3	5	4	4	3	4	4	4	3	3	4	0	3	4	2	4	4	4	5	4	3	2	3	4	3	
0	2	2	3	3	2	3	3	2	2	3	3	2	3	2	3	3	3	0	1	4	1	3	1	3	3	2	3	2	2	3	
0	3	3	4	3	1	2	2	3	1	3	3	3	2	3	3	2	3	3	0	3	2	2	3	3	3	3	2	2	3	2	
0	3	3	3	3	4	1	4	2	3	3	2	3	3	3	3	4	2	3	3	0	2	2	2	4	2	3	4	3	3	3	
0	1	2	3	2	2	2	2	2	3	2	2	1	2	1	2	2	3	1	2	3	0	2	2	2	2	1	3	3	1	2	
0	2	3	3	1	2	2	3	1	1	1	1	2	3	1	1	2	2	2	1	3	1	0	3	3	1	2	3	3	2	1	
0	2	1	2	3	2	3	3	3	3	3	3	2	2	2	3	3	2	2	3	3	1	2	0	3	3	2	3	1	2	3	
0	2	3	4	2	3	3	3	2	2	2	2	3	4	2	2	3	3	1	2	3	2	1	2	0	1	3	4	3	3	1	
0	4	4	5	3	4	4	3	3	3	3	3	4	5	2	3	4	4	2	3	5	3	2	3	5	0	3	5	3	4	3	
0	1	1	2	3	2	2	2	3	3	3	1	2	3	3	3	4	3	1	2	4	2	2	1	2	1	0	3	2	3	2	
0	2	2	3	2	3	2	3	3	3	1	2	3	2	3	1	2	2	1	2	3	2	3	2	3	2	1	0	3	3	3	
0	3	1	2	3	1	3	4	2	3	2	3	2	2	3	3	3	3	3	3	3	2	2	3	3	3	3	3	0	3	2	
0	3	3	3	2	1	3	4	2	2	2	2	2	1	2	1	3	2	3	2	2	2	1	2	3	2	3	4	2	0	2	
0	1	3	4	3	2	2	2	3	1	3	3	3	3	2	3	2	2	3	3	2	3	2	3	2	3	2	3	3	2	0	
M4
0	0	0	0	0	0	0	0	0	0	0	0	0	0	0	0	0	0	0	0	0	0	0	0	0	0	0	0	0	0	0	
0	0	4	3	4	3	3	4	1	3	2	3	3	3	2	3	3	2	2	1	2	3	3	3	3	3	2	3	3	3	2	
0	3	0	2	2	2	3	2	2	3	1	2	4	3	3	3	2	3	2	3	1	2	3	2	1	1	3	3	2	3	4	
0	3	3	0	2	2	2	3	2	2	2	2	3	2	2	4	3	3	1	4	1	3	2	3	2	2	3	3	1	3	3	
0	2	3	4	0	4	3	2	3	3	2	1	5	3	4	3	2	2	3	3	4	2	3	3	2	4	1	1	4	4	4	
0	1	2	3	4	0	2	3	2	1	3	2	3	2	2	2	4	2	3	2	3	2	2	1	2	3	2	3	1	1	3	
0	2	3	1	3	3	0	2	3	3	2	3	4	1	3	2	3	4	2	3	2	3	3	1	1	3	3	3	2	3	1	
0	1	1	3	2	3	2	0	2	3	2	3	3	3	2	1	3	3	3	2	2	2	3	3	2	2	3	3	3	3	3	
0	2	3	4	4	2	3	3	0	3	2	3	2	3	4	3	3	2	3	3	4	3	4	2	4	4	1	2	3	3	4	
0	3	3	3	4	3	3	2	3	0	2	1	2	1	4	3	3	1	2	2	3	2	3	2	4	4	1	2	3	4	4	
0	3	3	3	3	2	2	2	2	2	0	3	3	2	4	2	1	3	1	2	3	1	2	3	2	2	3	4	3	3	3	
0	2	5	3	4	5	4	5	3	5	3	0	4	4	3	4	4	1	4	2	3	4	4	3	4	4	4	5	3	4	3	
0	2	3	3	4	1	3	3	3	2	2	3	0	3	3	2	3	3	3	3	2	3	3	1	3	3	1	2	2	2	3	
0	2	2	3	3	2	2	1	2	2	1	3	3	0	3	2	2	3	1	3	3	2	2	1	3	3	2	2	3	3	3	
0	3	2	2	2	2	2	3	3	3	3	3	4	2	0	2	2	2	2	3	2	2	3	3	2	1	3	2	1	1	3	
0	3	4	2	4	4	1	3	4	4	2	4	5	2	4	0	3	3	3	4	3	3	4	2	2	4	2	3	3	3	2	
0	3	3	4	3	4	3	2	3	4	3	4	3	4	3	3	0	4	4	2	3	3	4	2	1	4	4	4	4	3	4	
0	4	4	2	4	4	3	4	2	4	2	3	3	3	3	3	3	0	3	1	2	3	4	4	3	3	3	4	2	4	3	
0	2	3	2	3	1	1	2	1	1	2	2	2	1	3	3	3	2	0	3	3	3	1	2	2	4	2	3	2	2	2	
0	3	3	2	3	3	2	3	2	3	1	2	4	3	4	2	2	2	2	0	1	2	3	3	2	2	3	4	3	4	3	
0	2	2	1	2	3	3	2	3	3	3	1	4	3	3	3	2	2	2	3	0	2	3	2	1	1	3	3	2	3	4	
0	3	3	3	3	4	2	2	4	1	3	2	3	2	3	3	3	2	3	3	4	0	1	3	3	4	2	3	2	4	3	
0	2	2	2	2	4	1	1	3	4	2	3	4	2	3	2	3	4	3	3	3	3	0	2	2	3	1	2	3	4	2	
0	1	3	3	4	4	2	2	2	3	3	4	3	3	3	1	4	3	3	2	3	2	3	0	3	4	2	3	3	4	2	
0	2	2	4	2	4	3	1	3	3	3	3	4	4	3	2	4	4	4	3	3	2	3	1	0	3	3	3	3	2	3	
0	3	3	1	1	3	3	3	3	2	3	2	4	3	3	4	1	3	2	3	1	1	2	3	2	0	2	2	2	4	3	
0	3	3	3	3	3	2	2	3	3	1	4	4	2	4	3	2	4	2	3	4	2	3	3	3	3	0	1	4	4	3	
0	2	2	4	2	4	3	1	3	2	3	3	4	3	3	2	1	3	3	2	3	1	2	3	2	3	3	0	3	4	4	
0	3	3	3	3	3	3	2	3	3	2	3	4	1	1	3	3	2	2	3	2	2	3	2	3	2	2	2	0	2	4	
0	3	1	2	3	3	1	3	3	4	2	3	5	2	1	3	3	3	3	4	2	3	4	2	2	2	4	2	2	0	2	
0	4	2	3	3	3	2	3	4	2	2	3	4	2	2	2	3	3	3	4	3	3	4	3	2	3	3	3	1	3	0	
M5
0	0	0	0	0	0	0	0	0	0	0	0	0	0	0	0	0	0	0	0	0	0	0	0	0	0	0	0	0	0	0	
0	0	3	4	1	3	3	2	3	2	2	3	2	3	3	4	3	2	4	3	3	4	3	3	2	4	3	4	3	3	2	
0	2	0	1	3	2	3	2	3	2	3	1	3	2	2	2	1	1	1	3	2	1	2	2	3	3	2	3	2	2	2	
0	1	1	0	2	2	3	3	2	1	2	2	3	2	2	3	1	2	1	2	3	2	2	3	3	3	2	3	2	2	2	
0	2	2	3	0	2	3	1	3	1	1	3	2	2	2	3	3	3	3	2	4	3	2	3	2	3	2	3	2	2	2	
0	1	1	2	2	0	2	2	1	2	2	1	1	2	2	2	2	1	2	2	2	2	3	2	1	1	2	3	1	2	3	
0	3	4	3	4	3	0	3	1	3	2	2	3	4	2	3	3	4	3	2	3	4	3	4	4	2	3	3	3	3	4	
0	1	2	2	2	1	2	0	2	3	2	2	2	3	1	3	3	2	2	2	3	2	1	3	1	2	3	2	2	3	3	
0	2	3	2	3	2	2	2	0	2	1	1	2	3	1	2	2	3	2	1	2	3	2	4	3	1	2	3	2	2	3	
0	3	1	2	3	3	2	2	2	0	2	2	3	1	1	3	2	2	2	1	3	2	2	2	2	3	3	2	2	1	1	
0	3	2	2	4	3	3	3	3	1	0	3	1	2	1	4	3	3	2	2	3	3	1	3	3	4	1	2	1	2	2	
0	2	2	1	2	2	3	2	3	2	3	0	3	2	2	1	1	2	2	3	2	3	3	3	3	2	1	3	3	2	2	
0	4	3	4	4	3	4	4	4	2	3	4	0	3	3	5	4	4	3	3	5	4	4	2	4	4	4	4	3	3	3	
0	4	3	3	3	4	3	3	3	2	2	2	3	0	2	3	1	4	3	3	4	2	2	3	2	3	3	1	1	2	2	
0	2	3	4	3	2	3	4	3	3	4	3	3	2	0	3	3	3	4	3	2	2	4	3	3	3	4	3	3	4	2	
0	2	2	3	1	2	3	1	3	2	2	2	2	3	2	0	2	3	3	3	2	3	2	3	2	1	3	3	3	1	2	
0	3	3	2	3	3	2	3	2	3	3	1	4	3	3	2	0	3	2	3	3	4	3	2	2	3	2	4	2	3	1	
0	2	2	3	3	2	3	1	2	2	3	2	3	1	2	3	1	0	3	2	1	3	2	1	2	3	3	2	2	1	2	
0	2	2	3	3	1	3	3	2	2	2	2	2	3	3	3	1	2	0	3	3	2	1	3	2	2	3	2	1	2	2	
0	2	2	3	3	2	1	1	2	2	1	3	2	3	2	4	3	3	3	0	3	3	2	4	2	3	2	3	2	1	3	
0	3	2	3	3	2	2	2	1	1	2	2	3	1	2	2	1	3	3	1	0	3	3	3	3	2	3	2	2	2	2	
0	3	3	2	2	3	3	2	3	3	3	3	3	4	3	1	3	4	3	2	3	0	3	2	3	2	4	2	3	2	2	
0	3	1	2	3	2	3	3	3	3	2	2	3	3	3	3	2	2	1	4	3	2	0	3	2	3	3	1	2	3	2	
0	4	2	3	4	4	3	3	3	1	2	3	3	2	2	3	3	3	3	2	4	2	3	0	3	4	3	3	1	2	2	
0	3	3	3	1	3	1	2	2	2	2	2	3	2	3	3	2	4	4	3	3	2	3	4	0	3	3	3	3	3	3	
0	2	2	3	3	1	3	3	2	1	3	2	2	2	2	3	1	2	3	2	1	3	3	3	2	0	2	3	2	2	2	
0	2	2	1	3	3	4	3	3	2	3	3	4	3	1	4	2	3	2	3	3	3	2	2	3	4	0	2	3	1	3	
0	3	3	3	2	3	2	2	2	2	1	3	2	3	2	4	3	4	3	3	3	3	2	4	1	2	2	0	2	3	3	
0	3	2	3	3	3	3	2	3	1	3	3	4	2	2	3	3	3	3	2	3	3	2	3	2	4	4	3	0	1	2	
0	3	1	2	4	3	4	2	3	3	3	2	3	3	3	3	2	2	2	3	2	2	1	3	3	4	3	2	3	0	3	
0	3	3	2	2	3	1	3	1	2	2	1	3	3	2	2	2	3	3	2	3	3	3	1	1	2	2	4	1	2	0	
M6
0	0	0	0	0	0	0	0	0	0	0	0	0	0	0	0	0	0	0	0	0	0	0	0	0	0	0	0	0	0	0	
0	0	3	4	3	4	2	4	4	3	3	3	3	2	1	3	2	5	2	3	4	2	3	3	2	1	5	3	3	2	5	
0	4	0	4	3	4	3	2	3	2	1	4	3	3	3	4	4	4	3	4	2	3	3	1	3	4	4	4	3	2	3	
0	3	2	0	3	1	3	1	2	3	1	2	2	2	3	2	3	2	3	3	2	2	3	1	3	3	2	3	2	1	4	
0	3	3	1	0	2	1	2	2	4	2	1	3	2	2	3	4	3	3	1	2	2	2	2	3	3	3	2	3	2	3	
0	3	2	2	3	0	2	2	3	2	3	3	3	3	4	1	2	1	3	3	2	2	3	2	3	4	3	3	2	2	3	
0	2	2	3	2	4	0	4	2	3	3	2	2	3	2	3	3	4	3	1	4	1	3	2	2	2	3	2	4	2	3	
0	2	2	3	2	3	3	0	1	4	3	3	3	1	3	4	3	3	3	3	3	1	2	3	4	3	2	3	4	2	4	
0	3	3	3	3	2	3	3	0	3	2	4	2	2	4	3	3	2	2	3	3	2	1	2	4	3	1	2	4	1	5	
0	4	1	4	3	4	3	3	3	0	2	4	2	4	4	2	4	5	1	3	3	3	3	2	4	4	4	4	3	3	2	
0	3	1	3	2	4	3	2	3	3	0	3	2	3	3	4	3	4	4	3	1	2	4	1	2	4	4	4	3	2	4	
0	2	3	2	1	3	2	3	1	3	3	0	3	1	2	3	4	3	3	1	2	3	2	3	3	3	2	1	4	2	3	
0	4	2	4	3	3	3	3	1	1	2	2	0	2	2	3	4	3	2	3	3	3	2	2	3	4	2	3	4	1	3	
0	4	3	2	1	2	2	3	3	3	2	2	2	0	2	3	4	3	3	2	3	3	3	3	3	3	4	3	4	2	4	
0	2	2	3	2	4	3	4	3	2	3	2	3	3	0	2	3	5	3	3	3	1	4	3	1	3	4	3	2	2	4	
0	2	2	3	2	3	2	2	3	3	2	3	2	2	3	0	2	4	3	3	1	1	3	2	2	3	3	2	1	1	2	
0	3	2	4	3	3	2	4	3	4	3	2	4	3	4	4	0	4	4	3	3	3	1	3	4	4	3	2	1	4	3	
0	3	1	1	3	2	3	1	2	1	2	3	3	2	3	2	1	0	2	3	3	2	2	1	3	4	2	3	2	2	3	
0	3	3	4	3	3	2	3	4	4	3	3	3	3	3	1	3	4	0	2	2	2	2	3	3	4	4	3	2	2	3	
0	2	3	3	2	3	2	3	2	3	4	1	3	2	1	2	4	4	2	0	3	2	3	4	2	3	3	1	3	3	2	
0	2	3	4	3	4	4	1	2	2	3	3	1	2	3	4	2	4	3	4	0	2	3	3	1	3	3	4	3	2	4	
0	1	1	2	1	3	2	3	3	3	2	2	2	2	2	3	2	4	3	2	3	0	3	2	3	2	4	3	3	1	3	
0	2	4	3	4	3	4	3	4	4	4	3	3	4	3	3	2	3	3	2	4	4	0	4	4	3	5	1	3	4	4	
0	4	3	4	3	3	3	3	3	3	2	4	2	2	2	3	3	4	3	4	3	3	4	0	3	5	4	3	2	1	4	
0	1	2	3	2	4	3	4	3	1	3	3	3	3	2	3	3	5	2	3	4	3	4	3	0	2	4	3	4	3	3	
0	2	4	3	2	3	3	3	4	3	3	3	3	1	3	3	4	4	4	3	4	4	4	4	4	0	5	2	4	3	5	
0	2	2	2	2	1	3	2	1	2	3	3	3	3	3	2	2	1	3	3	3	1	2	1	4	2	0	3	3	2	4	
0	1	4	2	4	2	3	2	3	3	3	4	2	3	2	2	3	3	2	4	3	3	4	3	3	2	4	0	3	3	4	
0	2	3	3	3	3	1	3	3	4	4	3	3	4	3	3	1	3	3	2	4	2	2	3	3	3	2	1	0	3	4	
0	3	2	3	2	2	2	2	2	2	1	3	1	1	3	2	4	3	2	3	2	3	3	1	3	4	3	2	3	0	4	
0	2	2	3	2	4	3	2	3	3	2	3	2	2	3	4	3	5	3	3	1	1	4	3	2	3	4	4	4	2	0	
M7
0	0	0	0	0	0	0	0	0	0	0	0	0	0	0	0	0	0	0	0	0	0	0	0	0	0	0	0	0	0	0	
0	0	3	3	3	3	3	3	4	3	3	3	2	2	4	1	4	2	3	4	2	2	1	3	2	4	3	3	3	3	4	
0	2	0	3	1	4	3	2	2	4	3	3	4	2	1	2	2	4	2	4	3	3	3	4	3	3	3	2	3	2	1	
0	2	3	0	2	4	3	3	3	2	3	3	4	2	1	3	3	4	2	3	3	3	3	4	3	1	2	2	3	2	2	
0	3	2	2	0	3	2	1	1	3	2	2	3	1	3	1	2	3	2	3	2	2	2	3	2	3	2	2	2	2	1	
0	3	3	4	3	0	3	4	4	2	2	1	5	3	4	3	4	3	3	2	4	4	4	4	4	3	4	3	3	4	3	
0	3	1	4	2	2	0	1	3	1	2	1	3	3	2	3	3	3	3	3	3	4	4	3	4	3	2	3	4	3	2	
0	3	2	3	3	3	3	0	2	4	3	3	2	3	3	2	2	3	4	2	2	3	4	2	3	4	1	3	3	3	3	
0	2	2	3	3	4	4	2	0	2	3	3	4	2	2	3	2	4	4	4	4	3	3	2	1	2	3	1	2	2	3	
0	3	4	3	3	2	3	2	4	0	3	1	4	3	3	3	2	3	2	4	2	4	4	4	4	3	3	2	3	2	1	
0	2	2	3	1	1	2	2	2	3	0	2	3	1	2	2	2	1	3	1	2	2	2	3	2	4	3	1	2	3	2	
0	4	4	4	3	1	3	3	4	1	2	0	5	3	3	2	3	3	2	3	3	4	4	3	4	2	3	3	4	3	2	
0	2	2	3	3	3	3	2	2	4	2	3	0	3	2	2	2	3	4	2	2	1	3	3	3	3	1	1	1	2	3	
0	2	1	3	2	2	3	3	3	2	1	3	2	0	2	3	3	2	2	2	2	1	1	2	1	3	3	2	1	2	2	
0	1	2	2	3	3	3	2	3	4	3	4	3	2	0	2	2	3	2	3	3	3	2	4	3	2	2	1	2	1	1	
0	2	2	2	3	2	2	2	3	2	2	2	3	1	3	0	3	2	3	3	1	2	2	3	2	3	2	3	2	3	3	
0	1	3	2	2	2	3	2	3	3	1	2	3	2	3	2	0	2	3	2	3	3	2	2	2	2	3	2	3	1	3	
0	3	2	3	3	2	4	2	2	3	4	2	2	3	2	3	3	0	4	3	1	2	1	3	2	4	2	3	3	3	3	
0	2	2	2	1	3	1	2	2	2	2	2	3	1	1	2	2	3	0	3	2	2	2	3	2	2	2	2	2	1	2	
0	1	2	2	1	3	1	2	2	2	2	2	3	1	3	2	3	3	3	0	3	2	2	3	2	3	3	3	1	3	2	
0	3	2	4	3	1	3	1	3	2	3	1	3	3	3	3	3	1	3	2	0	3	2	3	3	3	2	4	3	4	3	
0	3	4	2	3	4	3	2	3	4	3	4	4	3	2	2	2	3	3	2	3	0	4	4	3	2	3	1	2	1	3	
0	2	2	3	3	2	4	2	3	2	3	2	1	2	3	3	3	2	4	3	1	1	0	2	1	3	2	2	2	2	3	
0	1	4	3	2	3	4	3	3	2	2	3	3	3	4	2	1	3	3	3	3	3	2	0	3	3	3	3	1	2	3	
0	1	1	2	2	3	4	2	3	1	2	2	3	1	2	2	2	3	3	3	3	2	2	1	0	2	3	2	2	1	2	
0	3	2	3	3	3	3	3	2	4	3	3	4	3	3	2	2	3	2	2	2	4	4	3	3	0	1	3	2	3	3	
0	2	1	2	2	2	2	2	1	3	2	2	4	2	2	1	1	2	3	1	1	3	3	3	2	3	0	2	2	2	2	
0	2	3	3	3	3	4	1	2	3	2	3	3	3	1	3	1	3	3	3	3	4	3	3	2	3	2	0	1	2	2	
0	1	3	4	2	2	3	3	3	3	1	2	2	2	3	2	3	2	3	2	3	3	2	2	3	4	3	2	0	4	3	
0	2	3	1	3	3	3	1	3	3	3	3	3	2	2	1	3	3	2	3	2	3	3	3	3	1	2	3	3	0	3	
0	2	3	2	2	3	2	1	3	3	2	3	3	2	2	2	1	3	1	3	3	3	3	3	3	2	2	3	2	1	0	
Tamanho_Tarefas
0	16	4	20	20	10	11	5	13	12	16	10	22	7	11	13	15	15	20	8	19	7	24	8	9	21	28	8	3	11	28	
Data_Entrega
0	151	147	153	150	150	150	151	155	155	155	149	155	157	147	154	152	156	148	155	150	153	157	153	152	147	157	147	154	149	155	
Penalidade_Atraso
0	1	9	2	10	17	8	5	6	10	2	16	5	10	16	1	14	6	16	1	6	17	15	1	16	18	11	7	3	12	9	
Capacidade_Veiculo
71	76	76	54	48	58	56	46	40	54	43	
Custo_Fixo_Veiculo
710	760	760	540	480	580	560	460	400	540	430	
Coordenadas_Clientes
x	0	y	0
x	116	y	0
x	96	y	20
x	105	y	46
x	86	y	62
x	62	y	69
x	41	y	71
x	30	y	95
x	12	y	118
x	-9	y	91
x	-31	y	96
x	-45	y	78
x	-70	y	78
x	-76	y	55
x	-113	y	50
x	-111	y	23
x	-113	y	0
x	-109	y	-23
x	-110	y	-49
x	-80	y	-58
x	-66	y	-73
x	-51	y	-89
x	-30	y	-95
x	-9	y	-86
x	9	y	-94
x	37	y	-115
x	55	y	-95
x	62	y	-69
x	68	y	-49
x	91	y	-40
x	113	y	-24
Tempo_Viagem
0	116	98	114	106	92	81	99	118	91	100	90	104	93	123	113	113	111	120	98	98	102	99	86	94	120	109	92	83	99	115	
116	0	28	47	68	87	103	127	156	154	175	178	201	199	234	228	229	226	231	204	196	189	173	151	142	138	112	87	68	47	24	
98	28	0	27	43	59	75	99	128	126	148	152	175	175	211	207	209	209	217	192	186	183	170	149	143	146	120	94	74	60	47	
114	47	27	0	24	48	68	89	116	121	143	153	177	181	218	217	222	224	234	212	208	206	195	174	169	173	147	121	101	87	70	
106	68	43	24	0	25	45	65	92	98	120	131	156	162	199	200	208	212	225	204	203	203	195	175	173	183	158	132	112	102	90	
92	87	59	48	25	0	21	41	70	74	96	107	132	138	175	179	188	194	208	190	190	194	188	170	171	185	164	138	118	112	106	
81	103	75	68	45	21	0	26	55	53	75	86	111	118	155	159	169	177	192	176	179	183	180	164	168	186	166	141	123	121	119	
99	127	99	89	65	41	26	0	29	39	61	76	101	113	149	158	171	182	200	188	193	201	198	185	190	210	191	167	148	147	145	
118	156	128	116	92	70	55	29	0	34	48	69	90	107	141	154	171	185	206	198	206	216	217	204	212	234	217	193	176	176	174	
91	154	126	121	98	74	53	39	34	0	22	38	62	76	111	122	138	151	172	165	173	184	187	177	185	211	196	175	159	164	167	
100	175	148	143	120	96	75	61	48	22	0	22	42	60	93	107	125	141	164	161	172	186	191	183	194	220	209	189	175	182	187	
90	178	152	153	131	107	86	76	69	38	22	0	25	38	73	85	103	119	142	140	152	167	173	167	180	209	199	181	169	180	188	
104	201	175	177	156	132	111	101	90	62	42	25	0	23	51	68	89	107	132	136	151	168	177	174	189	220	213	196	187	199	209	
93	199	175	181	162	138	118	113	107	76	60	38	23	0	37	47	66	84	109	113	128	146	156	156	171	204	199	185	176	192	204	
123	234	211	218	199	175	155	149	141	111	93	73	51	37	0	27	50	73	99	112	131	152	167	171	188	222	221	211	206	222	237	
113	228	207	217	200	179	159	158	154	122	107	85	68	47	27	0	23	46	72	86	106	127	143	149	167	202	203	195	192	211	228	
113	229	209	222	208	188	169	171	171	138	125	103	89	66	50	23	0	23	49	66	86	107	126	134	153	188	193	188	187	207	227	
111	226	209	224	212	194	177	182	185	151	141	119	107	84	73	46	23	0	26	45	65	86	106	118	137	172	179	177	178	200	222	
120	231	217	234	225	208	192	200	206	172	164	142	132	109	99	72	49	26	0	31	50	71	92	107	126	161	170	173	178	201	224	
98	204	192	212	204	190	176	188	198	165	161	140	136	113	112	86	66	45	31	0	20	41	62	76	95	130	139	142	148	171	195	
98	196	186	208	203	190	179	193	206	173	172	152	151	128	131	106	86	65	50	20	0	21	42	58	77	111	122	128	136	160	185	
102	189	183	206	203	194	183	201	216	184	186	167	168	146	152	127	107	86	71	41	21	0	21	42	60	90	106	114	125	149	176	
99	173	170	195	195	188	180	198	217	187	191	173	177	156	167	143	126	106	92	62	42	21	0	22	39	69	85	95	107	131	158	
86	151	149	174	175	170	164	185	204	177	183	167	174	156	171	149	134	118	107	76	58	42	22	0	19	54	64	73	85	109	136	
94	142	143	169	173	171	168	190	212	185	194	180	189	171	188	167	153	137	126	95	77	60	39	19	0	35	46	58	74	98	125	
120	138	146	173	183	185	186	210	234	211	220	209	220	204	222	202	188	172	161	130	111	90	69	54	35	0	26	52	72	91	117	
109	112	120	147	158	164	166	191	217	196	209	199	213	199	221	203	193	179	170	139	122	106	85	64	46	26	0	26	46	65	91	
92	87	94	121	132	138	141	167	193	175	189	181	196	185	211	195	188	177	173	142	128	114	95	73	58	52	26	0	20	41	68	
83	68	74	101	112	118	123	148	176	159	175	169	187	176	206	192	187	178	178	148	136	125	107	85	74	72	46	20	0	24	51	
99	47	60	87	102	112	121	147	176	164	182	180	199	192	222	211	207	200	201	171	160	149	131	109	98	91	65	41	24	0	27	
115	24	47	70	90	106	119	145	174	167	187	188	209	204	237	228	227	222	224	195	185	176	158	136	125	117	91	68	51	27	0	
Custo_Viagem
V0
0	1647	1391	1618	1505	1306	1150	1405	1675	1292	1420	1278	1476	1320	1746	1604	1604	1576	1704	1391	1391	1448	1405	1221	1334	1704	1547	1306	1178	1405	1633	
1647	0	397	667	965	1235	1462	1817	2229	2186	2485	2527	2854	2825	3322	3237	3251	3209	3280	2896	2783	2683	2470	2144	2016	1973	1590	1235	965	667	340	
1391	397	0	383	610	837	1065	1405	1831	1789	2101	2158	2485	2485	2996	2939	2967	2967	3081	2726	2641	2598	2414	2115	2030	2087	1732	1349	1050	852	667	
1618	667	383	0	340	681	965	1263	1661	1732	2044	2172	2513	2570	3095	3081	3152	3180	3337	3010	2953	2925	2769	2470	2399	2470	2115	1732	1434	1235	994	
1505	965	610	340	0	355	639	923	1306	1405	1718	1860	2215	2300	2825	2840	2953	3010	3195	2896	2882	2882	2769	2485	2456	2598	2272	1888	1590	1448	1278	
1306	1235	837	681	355	0	298	582	994	1050	1363	1519	1874	1959	2499	2541	2669	2754	2953	2698	2712	2754	2669	2414	2428	2627	2328	1959	1675	1590	1505	
1150	1462	1065	965	639	298	0	369	781	752	1079	1221	1576	1675	2201	2257	2399	2513	2726	2499	2541	2612	2556	2328	2385	2641	2357	2002	1746	1718	1689	
1405	1817	1405	1263	923	582	369	0	411	553	866	1079	1434	1604	2115	2243	2428	2584	2840	2669	2740	2854	2825	2627	2698	2982	2712	2371	2101	2101	2059	
1675	2229	1831	1661	1306	994	781	411	0	482	681	979	1292	1533	2016	2201	2428	2627	2925	2811	2925	3067	3081	2911	3010	3322	3081	2740	2499	2499	2470	
1292	2186	1789	1732	1405	1050	752	553	482	0	312	539	880	1079	1576	1732	1959	2144	2442	2343	2456	2612	2655	2513	2627	2996	2783	2485	2257	2328	2371	
1420	2485	2101	2044	1718	1363	1079	866	681	312	0	312	596	852	1334	1533	1789	2016	2343	2286	2442	2641	2712	2598	2754	3138	2967	2683	2485	2584	2655	
1278	2527	2158	2172	1860	1519	1221	1079	979	539	312	0	355	539	1036	1207	1462	1689	2016	1988	2158	2371	2456	2371	2556	2967	2825	2570	2399	2556	2669	
1476	2854	2485	2513	2215	1874	1576	1434	1292	880	596	355	0	326	724	965	1263	1533	1888	1931	2144	2385	2513	2470	2683	3124	3024	2797	2655	2825	2967	
1320	2825	2485	2570	2300	1959	1675	1604	1533	1079	852	539	326	0	525	667	937	1192	1547	1604	1817	2073	2215	2215	2428	2896	2825	2627	2513	2726	2896	
1746	3322	2996	3095	2825	2499	2201	2115	2016	1576	1334	1036	724	525	0	383	710	1036	1405	1590	1860	2158	2371	2428	2669	3152	3138	2996	2925	3152	3365	
1604	3237	2939	3081	2840	2541	2257	2243	2201	1732	1533	1207	965	667	383	0	326	653	1022	1221	1505	1803	2030	2115	2371	2868	2882	2769	2726	2996	3237	
1604	3251	2967	3152	2953	2669	2399	2428	2428	1959	1789	1462	1263	937	710	326	0	326	695	937	1221	1533	1789	1902	2186	2683	2740	2669	2655	2939	3223	
1576	3209	2967	3180	3010	2754	2513	2584	2627	2144	2016	1689	1533	1192	1036	653	326	0	369	639	923	1235	1505	1675	1945	2442	2541	2513	2527	2840	3152	
1704	3280	3081	3337	3195	2953	2726	2840	2925	2442	2343	2016	1888	1547	1405	1022	695	369	0	440	710	1008	1306	1519	1803	2286	2428	2456	2527	2854	3180	
1391	2896	2726	3010	2896	2698	2499	2669	2811	2343	2286	1988	1931	1604	1590	1221	937	639	440	0	284	596	880	1079	1363	1846	1973	2016	2101	2428	2769	
1391	2783	2641	2953	2882	2712	2541	2740	2925	2456	2442	2158	2144	1817	1860	1505	1221	923	710	284	0	298	596	823	1093	1576	1732	1817	1931	2272	2627	
1448	2683	2598	2925	2882	2754	2612	2854	3067	2612	2641	2371	2385	2073	2158	1803	1533	1235	1008	596	298	0	298	596	852	1292	1505	1618	1775	2130	2499	
1405	2470	2414	2769	2769	2669	2556	2825	3081	2655	2712	2456	2513	2215	2371	2030	1789	1505	1306	880	596	298	0	312	553	979	1207	1349	1533	1874	2257	
1221	2144	2115	2470	2485	2414	2328	2627	2911	2513	2598	2371	2470	2215	2428	2115	1902	1675	1519	1079	823	596	312	0	269	766	908	1036	1207	1562	1931	
1334	2016	2030	2399	2456	2428	2385	2698	3010	2627	2754	2556	2683	2428	2669	2371	2186	1945	1803	1363	1093	852	553	269	0	497	653	823	1050	1391	1775	
1704	1973	2087	2470	2598	2627	2641	2982	3322	2996	3138	2967	3124	2896	3152	2868	2683	2442	2286	1846	1576	1292	979	766	497	0	369	738	1022	1306	1675	
1547	1590	1732	2115	2272	2328	2357	2712	3081	2783	2967	2825	3024	2825	3138	2882	2740	2541	2428	1973	1732	1505	1207	908	653	369	0	369	667	923	1292	
1306	1235	1349	1732	1888	1959	2002	2371	2740	2485	2683	2570	2797	2627	2996	2769	2669	2513	2456	2016	1817	1618	1349	1036	823	738	369	0	284	582	965	
1178	965	1050	1434	1590	1675	1746	2101	2499	2257	2485	2399	2655	2513	2925	2726	2655	2527	2527	2101	1931	1775	1533	1207	1050	1022	667	284	0	340	724	
1405	667	852	1235	1448	1590	1718	2101	2499	2328	2584	2556	2825	2726	3152	2996	2939	2840	2854	2428	2272	2130	1874	1562	1391	1306	923	582	340	0	383	
1633	340	667	994	1278	1505	1689	2059	2470	2371	2655	2669	2967	2896	3365	3237	3223	3152	3180	2769	2627	2499	2257	1931	1775	1675	1292	965	724	383	0	
V1
0	1763	1489	1732	1611	1398	1231	1504	1793	1383	1520	1368	1580	1413	1869	1717	1717	1687	1824	1489	1489	1550	1504	1307	1428	1824	1656	1398	1261	1504	1748	
1763	0	425	714	1033	1322	1565	1945	2386	2340	2660	2705	3055	3024	3556	3465	3480	3435	3511	3100	2979	2872	2644	2295	2158	2112	1702	1322	1033	714	364	
1489	425	0	410	653	896	1140	1504	1960	1915	2249	2310	2660	2660	3207	3146	3176	3176	3298	2918	2827	2781	2584	2264	2173	2234	1854	1444	1124	912	714	
1732	714	410	0	364	729	1033	1352	1778	1854	2188	2325	2690	2751	3313	3298	3374	3404	3572	3222	3161	3131	2964	2644	2568	2644	2264	1854	1535	1322	1064	
1611	1033	653	364	0	380	684	988	1398	1504	1839	1991	2371	2462	3024	3040	3161	3222	3420	3100	3085	3085	2964	2660	2629	2781	2432	2021	1702	1550	1368	
1398	1322	896	729	380	0	319	623	1064	1124	1459	1626	2006	2097	2675	2720	2857	2948	3161	2888	2903	2948	2857	2584	2599	2812	2492	2097	1793	1702	1611	
1231	1565	1140	1033	684	319	0	395	836	805	1155	1307	1687	1793	2356	2416	2568	2690	2918	2675	2720	2796	2736	2492	2553	2827	2523	2143	1869	1839	1808	
1504	1945	1504	1352	988	623	395	0	440	592	927	1155	1535	1717	2264	2401	2599	2766	3040	2857	2933	3055	3024	2812	2888	3192	2903	2538	2249	2249	2204	
1793	2386	1960	1778	1398	1064	836	440	0	516	729	1048	1383	1641	2158	2356	2599	2812	3131	3009	3131	3283	3298	3116	3222	3556	3298	2933	2675	2675	2644	
1383	2340	1915	1854	1504	1124	805	592	516	0	334	577	942	1155	1687	1854	2097	2295	2614	2508	2629	2796	2842	2690	2812	3207	2979	2660	2416	2492	2538	
1520	2660	2249	2188	1839	1459	1155	927	729	334	0	334	638	912	1428	1641	1915	2158	2508	2447	2614	2827	2903	2781	2948	3359	3176	2872	2660	2766	2842	
1368	2705	2310	2325	1991	1626	1307	1155	1048	577	334	0	380	577	1109	1292	1565	1808	2158	2128	2310	2538	2629	2538	2736	3176	3024	2751	2568	2736	2857	
1580	3055	2660	2690	2371	2006	1687	1535	1383	942	638	380	0	349	775	1033	1352	1641	2021	2067	2295	2553	2690	2644	2872	3344	3237	2994	2842	3024	3176	
1413	3024	2660	2751	2462	2097	1793	1717	1641	1155	912	577	349	0	562	714	1003	1276	1656	1717	1945	2219	2371	2371	2599	3100	3024	2812	2690	2918	3100	
1869	3556	3207	3313	3024	2675	2356	2264	2158	1687	1428	1109	775	562	0	410	760	1109	1504	1702	1991	2310	2538	2599	2857	3374	3359	3207	3131	3374	3602	
1717	3465	3146	3298	3040	2720	2416	2401	2356	1854	1641	1292	1033	714	410	0	349	699	1094	1307	1611	1930	2173	2264	2538	3070	3085	2964	2918	3207	3465	
1717	3480	3176	3374	3161	2857	2568	2599	2599	2097	1915	1565	1352	1003	760	349	0	349	744	1003	1307	1641	1915	2036	2340	2872	2933	2857	2842	3146	3450	
1687	3435	3176	3404	3222	2948	2690	2766	2812	2295	2158	1808	1641	1276	1109	699	349	0	395	684	988	1322	1611	1793	2082	2614	2720	2690	2705	3040	3374	
1824	3511	3298	3572	3420	3161	2918	3040	3131	2614	2508	2158	2021	1656	1504	1094	744	395	0	471	760	1079	1398	1626	1930	2447	2599	2629	2705	3055	3404	
1489	3100	2918	3222	3100	2888	2675	2857	3009	2508	2447	2128	2067	1717	1702	1307	1003	684	471	0	304	638	942	1155	1459	1976	2112	2158	2249	2599	2964	
1489	2979	2827	3161	3085	2903	2720	2933	3131	2629	2614	2310	2295	1945	1991	1611	1307	988	760	304	0	319	638	881	1170	1687	1854	1945	2067	2432	2812	
1550	2872	2781	3131	3085	2948	2796	3055	3283	2796	2827	2538	2553	2219	2310	1930	1641	1322	1079	638	319	0	319	638	912	1383	1611	1732	1900	2280	2675	
1504	2644	2584	2964	2964	2857	2736	3024	3298	2842	2903	2629	2690	2371	2538	2173	1915	1611	1398	942	638	319	0	334	592	1048	1292	1444	1641	2006	2416	
1307	2295	2264	2644	2660	2584	2492	2812	3116	2690	2781	2538	2644	2371	2599	2264	2036	1793	1626	1155	881	638	334	0	288	820	972	1109	1292	1672	2067	
1428	2158	2173	2568	2629	2599	2553	2888	3222	2812	2948	2736	2872	2599	2857	2538	2340	2082	1930	1459	1170	912	592	288	0	532	699	881	1124	1489	1900	
1824	2112	2234	2644	2781	2812	2827	3192	3556	3207	3359	3176	3344	3100	3374	3070	2872	2614	2447	1976	1687	1383	1048	820	532	0	395	790	1094	1398	1793	
1656	1702	1854	2264	2432	2492	2523	2903	3298	2979	3176	3024	3237	3024	3359	3085	2933	2720	2599	2112	1854	1611	1292	972	699	395	0	395	714	988	1383	
1398	1322	1444	1854	2021	2097	2143	2538	2933	2660	2872	2751	2994	2812	3207	2964	2857	2690	2629	2158	1945	1732	1444	1109	881	790	395	0	304	623	1033	
1261	1033	1124	1535	1702	1793	1869	2249	2675	2416	2660	2568	2842	2690	3131	2918	2842	2705	2705	2249	2067	1900	1641	1292	1124	1094	714	304	0	364	775	
1504	714	912	1322	1550	1702	1839	2249	2675	2492	2766	2736	3024	2918	3374	3207	3146	3040	3055	2599	2432	2280	2006	1672	1489	1398	988	623	364	0	410	
1748	364	714	1064	1368	1611	1808	2204	2644	2538	2842	2857	3176	3100	3602	3465	3450	3374	3404	2964	2812	2675	2416	2067	1900	1793	1383	1033	775	410	0	
V2
0	1763	1489	1732	1611	1398	1231	1504	1793	1383	1520	1368	1580	1413	1869	1717	1717	1687	1824	1489	1489	1550	1504	1307	1428	1824	1656	1398	1261	1504	1748	
1763	0	425	714	1033	1322	1565	1945	2386	2340	2660	2705	3055	3024	3556	3465	3480	3435	3511	3100	2979	2872	2644	2295	2158	2112	1702	1322	1033	714	364	
1489	425	0	410	653	896	1140	1504	1960	1915	2249	2310	2660	2660	3207	3146	3176	3176	3298	2918	2827	2781	2584	2264	2173	2234	1854	1444	1124	912	714	
1732	714	410	0	364	729	1033	1352	1778	1854	2188	2325	2690	2751	3313	3298	3374	3404	3572	3222	3161	3131	2964	2644	2568	2644	2264	1854	1535	1322	1064	
1611	1033	653	364	0	380	684	988	1398	1504	1839	1991	2371	2462	3024	3040	3161	3222	3420	3100	3085	3085	2964	2660	2629	2781	2432	2021	1702	1550	1368	
1398	1322	896	729	380	0	319	623	1064	1124	1459	1626	2006	2097	2675	2720	2857	2948	3161	2888	2903	2948	2857	2584	2599	2812	2492	2097	1793	1702	1611	
1231	1565	1140	1033	684	319	0	395	836	805	1155	1307	1687	1793	2356	2416	2568	2690	2918	2675	2720	2796	2736	2492	2553	2827	2523	2143	1869	1839	1808	
1504	1945	1504	1352	988	623	395	0	440	592	927	1155	1535	1717	2264	2401	2599	2766	3040	2857	2933	3055	3024	2812	2888	3192	2903	2538	2249	2249	2204	
1793	2386	1960	1778	1398	1064	836	440	0	516	729	1048	1383	1641	2158	2356	2599	2812	3131	3009	3131	3283	3298	3116	3222	3556	3298	2933	2675	2675	2644	
1383	2340	1915	1854	1504	1124	805	592	516	0	334	577	942	1155	1687	1854	2097	2295	2614	2508	2629	2796	2842	2690	2812	3207	2979	2660	2416	2492	2538	
1520	2660	2249	2188	1839	1459	1155	927	729	334	0	334	638	912	1428	1641	1915	2158	2508	2447	2614	2827	2903	2781	2948	3359	3176	2872	2660	2766	2842	
1368	2705	2310	2325	1991	1626	1307	1155	1048	577	334	0	380	577	1109	1292	1565	1808	2158	2128	2310	2538	2629	2538	2736	3176	3024	2751	2568	2736	2857	
1580	3055	2660	2690	2371	2006	1687	1535	1383	942	638	380	0	349	775	1033	1352	1641	2021	2067	2295	2553	2690	2644	2872	3344	3237	2994	2842	3024	3176	
1413	3024	2660	2751	2462	2097	1793	1717	1641	1155	912	577	349	0	562	714	1003	1276	1656	1717	1945	2219	2371	2371	2599	3100	3024	2812	2690	2918	3100	
1869	3556	3207	3313	3024	2675	2356	2264	2158	1687	1428	1109	775	562	0	410	760	1109	1504	1702	1991	2310	2538	2599	2857	3374	3359	3207	3131	3374	3602	
1717	3465	3146	3298	3040	2720	2416	2401	2356	1854	1641	1292	1033	714	410	0	349	699	1094	1307	1611	1930	2173	2264	2538	3070	3085	2964	2918	3207	3465	
1717	3480	3176	3374	3161	2857	2568	2599	2599	2097	1915	1565	1352	1003	760	349	0	349	744	1003	1307	1641	1915	2036	2340	2872	2933	2857	2842	3146	3450	
1687	3435	3176	3404	3222	2948	2690	2766	2812	2295	2158	1808	1641	1276	1109	699	349	0	395	684	988	1322	1611	1793	2082	2614	2720	2690	2705	3040	3374	
1824	3511	3298	3572	3420	3161	2918	3040	3131	2614	2508	2158	2021	1656	1504	1094	744	395	0	471	760	1079	1398	1626	1930	2447	2599	2629	2705	3055	3404	
1489	3100	2918	3222	3100	2888	2675	2857	3009	2508	2447	2128	2067	1717	1702	1307	1003	684	471	0	304	638	942	1155	1459	1976	2112	2158	2249	2599	2964	
1489	2979	2827	3161	3085	2903	2720	2933	3131	2629	2614	2310	2295	1945	1991	1611	1307	988	760	304	0	319	638	881	1170	1687	1854	1945	2067	2432	2812	
1550	2872	2781	3131	3085	2948	2796	3055	3283	2796	2827	2538	2553	2219	2310	1930	1641	1322	1079	638	319	0	319	638	912	1383	1611	1732	1900	2280	2675	
1504	2644	2584	2964	2964	2857	2736	3024	3298	2842	2903	2629	2690	2371	2538	2173	1915	1611	1398	942	638	319	0	334	592	1048	1292	1444	1641	2006	2416	
1307	2295	2264	2644	2660	2584	2492	2812	3116	2690	2781	2538	2644	2371	2599	2264	2036	1793	1626	1155	881	638	334	0	288	820	972	1109	1292	1672	2067	
1428	2158	2173	2568	2629	2599	2553	2888	3222	2812	2948	2736	2872	2599	2857	2538	2340	2082	1930	1459	1170	912	592	288	0	532	699	881	1124	1489	1900	
1824	2112	2234	2644	2781	2812	2827	3192	3556	3207	3359	3176	3344	3100	3374	3070	2872	2614	2447	1976	1687	1383	1048	820	532	0	395	790	1094	1398	1793	
1656	1702	1854	2264	2432	2492	2523	2903	3298	2979	3176	3024	3237	3024	3359	3085	2933	2720	2599	2112	1854	1611	1292	972	699	395	0	395	714	988	1383	
1398	1322	1444	1854	2021	2097	2143	2538	2933	2660	2872	2751	2994	2812	3207	2964	2857	2690	2629	2158	1945	1732	1444	1109	881	790	395	0	304	623	1033	
1261	1033	1124	1535	1702	1793	1869	2249	2675	2416	2660	2568	2842	2690	3131	2918	2842	2705	2705	2249	2067	1900	1641	1292	1124	1094	714	304	0	364	775	
1504	714	912	1322	1550	1702	1839	2249	2675	2492	2766	2736	3024	2918	3374	3207	3146	3040	3055	2599	2432	2280	2006	1672	1489	1398	988	623	364	0	410	
1748	364	714	1064	1368	1611	1808	2204	2644	2538	2842	2857	3176	3100	3602	3465	3450	3374	3404	2964	2812	2675	2416	2067	1900	1793	1383	1033	775	410	0	
V3
0	1252	1058	1231	1144	993	874	1069	1274	982	1080	972	1123	1004	1328	1220	1220	1198	1296	1058	1058	1101	1069	928	1015	1296	1177	993	896	1069	1242	
1252	0	302	507	734	939	1112	1382	1695	1663	1890	1922	2170	2149	2527	2462	2473	2440	2494	2203	2116	2041	1879	1630	1533	1501	1209	939	734	507	259	
1058	302	0	291	464	637	810	1069	1393	1360	1598	1641	1890	1890	2278	2235	2257	2257	2343	2073	2008	1976	1836	1609	1544	1587	1317	1026	799	648	507	
1231	507	291	0	259	518	734	961	1263	1317	1555	1652	1911	1954	2354	2343	2397	2419	2538	2289	2246	2224	2106	1879	1825	1879	1609	1317	1090	939	756	
1144	734	464	259	0	270	486	702	993	1069	1306	1414	1684	1749	2149	2160	2246	2289	2430	2203	2192	2192	2106	1890	1868	1976	1728	1436	1209	1101	972	
993	939	637	518	270	0	226	442	756	799	1036	1155	1425	1490	1900	1933	2030	2095	2246	2052	2062	2095	2030	1836	1846	1998	1771	1490	1274	1209	1144	
874	1112	810	734	486	226	0	280	594	572	820	928	1198	1274	1674	1717	1825	1911	2073	1900	1933	1987	1944	1771	1814	2008	1792	1522	1328	1306	1285	
1069	1382	1069	961	702	442	280	0	313	421	658	820	1090	1220	1609	1706	1846	1965	2160	2030	2084	2170	2149	1998	2052	2268	2062	1803	1598	1598	1566	
1274	1695	1393	1263	993	756	594	313	0	367	518	745	982	1166	1533	1674	1846	1998	2224	2138	2224	2332	2343	2214	2289	2527	2343	2084	1900	1900	1879	
982	1663	1360	1317	1069	799	572	421	367	0	237	410	669	820	1198	1317	1490	1630	1857	1782	1868	1987	2019	1911	1998	2278	2116	1890	1717	1771	1803	
1080	1890	1598	1555	1306	1036	820	658	518	237	0	237	453	648	1015	1166	1360	1533	1782	1738	1857	2008	2062	1976	2095	2386	2257	2041	1890	1965	2019	
972	1922	1641	1652	1414	1155	928	820	745	410	237	0	270	410	788	918	1112	1285	1533	1512	1641	1803	1868	1803	1944	2257	2149	1954	1825	1944	2030	
1123	2170	1890	1911	1684	1425	1198	1090	982	669	453	270	0	248	550	734	961	1166	1436	1468	1630	1814	1911	1879	2041	2376	2300	2127	2019	2149	2257	
1004	2149	1890	1954	1749	1490	1274	1220	1166	820	648	410	248	0	399	507	712	907	1177	1220	1382	1576	1684	1684	1846	2203	2149	1998	1911	2073	2203	
1328	2527	2278	2354	2149	1900	1674	1609	1533	1198	1015	788	550	399	0	291	540	788	1069	1209	1414	1641	1803	1846	2030	2397	2386	2278	2224	2397	2559	
1220	2462	2235	2343	2160	1933	1717	1706	1674	1317	1166	918	734	507	291	0	248	496	777	928	1144	1371	1544	1609	1803	2181	2192	2106	2073	2278	2462	
1220	2473	2257	2397	2246	2030	1825	1846	1846	1490	1360	1112	961	712	540	248	0	248	529	712	928	1166	1360	1447	1663	2041	2084	2030	2019	2235	2451	
1198	2440	2257	2419	2289	2095	1911	1965	1998	1630	1533	1285	1166	907	788	496	248	0	280	486	702	939	1144	1274	1479	1857	1933	1911	1922	2160	2397	
1296	2494	2343	2538	2430	2246	2073	2160	2224	1857	1782	1533	1436	1177	1069	777	529	280	0	334	540	766	993	1155	1371	1738	1846	1868	1922	2170	2419	
1058	2203	2073	2289	2203	2052	1900	2030	2138	1782	1738	1512	1468	1220	1209	928	712	486	334	0	216	453	669	820	1036	1404	1501	1533	1598	1846	2106	
1058	2116	2008	2246	2192	2062	1933	2084	2224	1868	1857	1641	1630	1382	1414	1144	928	702	540	216	0	226	453	626	831	1198	1317	1382	1468	1728	1998	
1101	2041	1976	2224	2192	2095	1987	2170	2332	1987	2008	1803	1814	1576	1641	1371	1166	939	766	453	226	0	226	453	648	982	1144	1231	1350	1620	1900	
1069	1879	1836	2106	2106	2030	1944	2149	2343	2019	2062	1868	1911	1684	1803	1544	1360	1144	993	669	453	226	0	237	421	745	918	1026	1166	1425	1717	
928	1630	1609	1879	1890	1836	1771	1998	2214	1911	1976	1803	1879	1684	1846	1609	1447	1274	1155	820	626	453	237	0	205	583	691	788	918	1188	1468	
1015	1533	1544	1825	1868	1846	1814	2052	2289	1998	2095	1944	2041	1846	2030	1803	1663	1479	1371	1036	831	648	421	205	0	378	496	626	799	1058	1350	
1296	1501	1587	1879	1976	1998	2008	2268	2527	2278	2386	2257	2376	2203	2397	2181	2041	1857	1738	1404	1198	982	745	583	378	0	280	561	777	993	1274	
1177	1209	1317	1609	1728	1771	1792	2062	2343	2116	2257	2149	2300	2149	2386	2192	2084	1933	1846	1501	1317	1144	918	691	496	280	0	280	507	702	982	
993	939	1026	1317	1436	1490	1522	1803	2084	1890	2041	1954	2127	1998	2278	2106	2030	1911	1868	1533	1382	1231	1026	788	626	561	280	0	216	442	734	
896	734	799	1090	1209	1274	1328	1598	1900	1717	1890	1825	2019	1911	2224	2073	2019	1922	1922	1598	1468	1350	1166	918	799	777	507	216	0	259	550	
1069	507	648	939	1101	1209	1306	1598	1900	1771	1965	1944	2149	2073	2397	2278	2235	2160	2170	1846	1728	1620	1425	1188	1058	993	702	442	259	0	291	
1242	259	507	756	972	1144	1285	1566	1879	1803	2019	2030	2257	2203	2559	2462	2451	2397	2419	2106	1998	1900	1717	1468	1350	1274	982	734	550	291	0	
V4
0	1113	940	1094	1017	883	777	950	1132	873	960	864	998	892	1180	1084	1084	1065	1152	940	940	979	950	825	902	1152	1046	883	796	950	1104	
