M: 8
N: 30
Nun_Veiculos: 10
Capacidade_Total: 606
Demanda_Total: 469
Setup_Min: 1
Setup_Max: 99
Raio: 100
Circulos: 1
Tempo_Processamento_Min: 1
Tempo_Processamento_Max: 49
Demanda_Min: 10
Demanda_Max: 30
Priority_Factor: 0.2
Range_Factor_R: 0.8
U_factor: 2
ALpha: 0.2Replicao: 1
Tempos_Processamentos
0	0	1	0	2	0	3	0	4	0	5	0	6	0	7	0	
0	6	1	44	2	5	3	31	4	16	5	35	6	46	7	10	
0	23	1	1	2	37	3	30	4	46	5	41	6	26	7	24	
0	26	1	10	2	9	3	5	4	43	5	39	6	33	7	21	
0	40	1	22	2	38	3	35	4	12	5	42	6	24	7	33	
0	2	1	13	2	4	3	12	4	4	5	6	6	3	7	6	
0	18	1	7	2	49	3	6	4	32	5	1	6	26	7	29	
0	17	1	8	2	43	3	23	4	13	5	9	6	33	7	49	
0	36	1	15	2	32	3	36	4	33	5	13	6	30	7	16	
0	33	1	26	2	11	3	19	4	3	5	6	6	41	7	8	
0	38	1	41	2	46	3	18	4	23	5	48	6	24	7	2	
0	7	1	24	2	21	3	16	4	33	5	16	6	31	7	34	
0	43	1	30	2	29	3	36	4	39	5	18	6	2	7	41	
0	10	1	3	2	19	3	25	4	19	5	4	6	31	7	26	
0	33	1	9	2	24	3	37	4	23	5	20	6	49	7	18	
0	1	1	44	2	12	3	35	4	20	5	38	6	40	7	36	
0	49	1	12	2	5	3	16	4	40	5	21	6	40	7	42	
0	7	1	35	2	47	3	48	4	45	5	22	6	7	7	7	
0	49	1	45	2	12	3	17	4	12	5	25	6	33	7	35	
0	9	1	9	2	18	3	35	4	20	5	28	6	32	7	40	
0	39	1	43	2	14	3	20	4	22	5	11	6	11	7	37	
0	42	1	1	2	1	3	28	4	48	5	49	6	27	7	9	
0	20	1	20	2	16	3	33	4	18	5	40	6	22	7	6	
0	44	1	40	2	45	3	35	4	7	5	48	6	33	7	48	
0	14	1	24	2	49	3	41	4	47	5	7	6	20	7	22	
0	15	1	43	2	30	3	21	4	24	5	13	6	40	7	27	
0	47	1	9	2	40	3	43	4	11	5	33	6	16	7	1	
0	10	1	2	2	13	3	44	4	31	5	21	6	17	7	36	
0	38	1	23	2	43	3	20	4	17	5	38	6	26	7	16	
0	43	1	15	2	11	3	37	4	14	5	49	6	7	7	11	
0	29	1	39	2	40	3	27	4	2	5	7	6	19	7	28	

Tempos_setup
M0
0	0	0	0	0	0	0	0	0	0	0	0	0	0	0	0	0	0	0	0	0	0	0	0	0	0	0	0	0	0	0	
0	0	18	22	27	26	19	22	14	27	11	23	26	21	23	12	19	27	23	16	20	13	10	14	24	20	9	15	15	23	22	
0	25	0	17	21	18	23	16	6	13	17	25	8	20	19	16	18	20	22	20	21	17	16	15	19	18	15	16	14	15	14	
0	23	12	0	15	15	17	10	11	20	9	16	20	10	13	8	8	25	12	10	12	6	8	6	22	12	20	1	21	12	19	
0	8	14	15	0	10	12	5	14	21	12	17	22	12	8	8	15	28	13	12	16	9	11	10	25	16	15	11	22	7	22	
0	20	8	17	24	0	16	19	14	21	8	20	16	14	13	9	16	28	19	6	17	10	7	11	21	10	6	12	22	20	22	
0	26	15	3	18	18	0	13	14	15	12	19	23	13	16	11	11	23	15	13	13	9	11	9	22	15	14	4	16	15	17	
0	13	9	10	5	5	7	0	9	16	7	12	17	7	3	3	10	23	8	7	11	4	6	5	20	11	10	6	17	2	17	
0	19	16	11	26	12	20	21	0	20	12	19	24	14	15	10	12	14	16	14	16	11	11	12	13	12	15	12	21	9	8	
0	13	10	5	17	6	12	15	10	0	4	13	15	8	9	4	6	8	10	8	8	5	3	6	7	6	2	6	1	3	2	
0	26	23	16	22	19	24	21	17	20	0	26	31	14	22	17	12	21	16	21	17	17	15	17	13	24	22	12	21	16	15	
0	17	9	9	16	10	16	19	14	4	8	0	17	12	10	8	10	12	14	12	1	9	7	10	10	10	6	10	5	7	6	
0	18	15	10	22	11	17	20	2	5	9	18	0	13	14	9	11	13	15	13	13	10	8	11	12	11	7	11	6	8	7	
0	25	13	13	24	9	10	19	13	20	2	16	21	0	12	7	14	23	9	11	15	8	1	9	15	10	14	10	21	6	17	
0	25	15	19	28	13	16	23	21	17	8	28	23	16	0	21	14	25	6	13	25	18	7	23	21	17	19	20	18	20	19	
0	23	6	11	17	14	12	12	6	15	4	11	14	9	11	0	7	20	11	4	8	1	3	2	17	8	17	3	16	14	14	
0	22	13	6	14	7	12	9	15	15	4	18	21	2	12	9	0	23	4	11	17	10	3	11	17	12	13	7	16	8	17	
0	5	20	18	17	22	21	22	19	16	13	12	28	18	22	14	16	0	20	18	2	15	12	16	15	16	11	15	10	19	18	
0	24	9	13	22	15	10	17	15	11	2	22	17	10	14	15	8	19	0	7	19	12	1	17	15	11	13	14	12	14	13	
0	19	2	11	23	20	18	18	8	15	10	19	10	17	7	18	15	22	13	0	18	9	9	12	21	4	17	12	16	17	16	
0	23	19	19	15	20	26	20	24	14	18	10	27	22	20	18	20	22	22	22	0	19	17	15	20	20	16	13	15	17	16	
0	24	19	12	20	13	11	15	5	14	3	10	14	8	18	15	6	19	10	17	11	0	2	17	16	17	16	13	15	14	13	
0	27	24	12	23	20	9	22	16	21	1	21	25	15	23	18	13	22	17	22	18	11	0	18	14	24	23	13	22	17	16	
0	23	9	9	15	15	17	10	14	20	12	16	17	17	13	8	15	24	12	7	6	9	11	0	24	11	20	1	21	12	19	
0	20	14	3	15	8	13	10	4	7	5	14	18	3	13	10	1	15	5	12	4	4	4	9	0	13	9	4	8	9	9	
0	15	17	17	23	18	24	18	13	12	16	24	25	20	21	16	18	20	15	15	14	17	15	8	19	0	14	9	13	15	14	
0	26	9	13	18	17	10	13	9	18	2	14	17	12	14	3	10	23	14	7	11	4	1	5	15	11	0	6	19	15	17	
0	22	13	14	14	14	16	9	13	22	11	18	21	16	12	7	14	27	11	11	11	8	10	5	24	15	19	0	23	11	21	
0	21	10	14	16	18	11	14	10	18	3	15	18	13	15	4	11	24	15	8	12	5	2	6	16	6	1	7	0	16	18	
0	23	7	12	18	3	13	13	7	14	5	10	15	5	6	1	8	21	12	5	9	2	4	3	18	9	8	4	15	0	15	
0	11	8	3	18	4	14	13	8	12	6	11	16	6	7	2	4	6	8	6	8	3	5	4	5	10	9	4	13	1	0	
M1
0	0	0	0	0	0	0	0	0	0	0	0	0	0	0	0	0	0	0	0	0	0	0	0	0	0	0	0	0	0	0	
0	0	27	29	22	30	27	29	20	17	27	23	26	26	21	24	19	29	31	32	31	32	31	29	27	16	25	17	31	23	32	
0	12	0	19	16	5	11	17	14	11	15	11	20	10	10	13	13	8	8	9	10	9	6	16	12	20	19	22	6	18	29	
0	9	3	0	10	1	5	15	5	7	9	5	14	4	7	9	9	6	4	5	6	6	3	12	6	17	15	20	2	6	10	
0	12	17	19	0	15	14	22	17	14	18	13	4	13	13	21	16	13	18	19	15	10	9	7	11	23	15	12	16	20	27	
0	8	2	15	11	0	7	14	9	6	11	7	15	6	6	8	8	5	3	4	5	5	2	11	8	16	14	19	1	14	25	
0	15	11	15	13	16	0	19	11	16	4	3	15	9	15	21	10	12	14	17	5	14	11	16	1	25	16	23	10	10	18	
0	14	17	14	12	15	15	0	10	17	10	9	16	14	21	7	9	17	18	3	4	18	17	9	7	28	15	19	16	16	24	
0	12	19	17	10	18	21	28	0	24	16	19	14	21	23	13	7	23	21	13	14	20	19	17	17	28	13	22	19	14	22	
0	7	10	12	5	13	16	27	3	0	10	16	9	15	18	7	2	18	16	16	17	15	14	12	16	23	8	17	14	9	22	
0	15	12	21	17	17	6	17	17	17	0	6	11	5	16	18	16	8	15	20	11	15	12	19	7	26	22	19	11	13	14	
0	16	14	23	11	19	14	26	18	15	18	0	15	14	14	22	17	17	22	23	19	13	10	13	15	24	19	23	20	7	31	
0	12	13	15	19	11	18	18	17	17	22	9	0	17	17	19	16	9	14	15	11	16	13	22	7	23	11	8	12	16	23	
0	10	7	16	12	12	1	12	12	12	5	1	16	0	11	19	11	3	10	15	6	10	7	14	2	21	17	17	6	8	19	
0	8	11	13	6	14	14	23	4	1	11	14	10	13	0	8	3	16	17	17	18	16	15	13	15	10	9	18	15	10	23	
0	18	15	16	14	17	9	20	20	20	3	9	14	8	19	0	19	11	18	21	14	18	15	16	10	21	12	22	14	10	17	
0	5	12	10	3	11	14	25	1	17	17	15	7	14	16	14	0	16	14	14	15	13	12	10	14	21	6	15	12	7	20	
0	7	11	23	16	16	16	9	14	11	19	16	20	15	15	16	13	0	7	12	13	14	11	18	16	22	19	14	10	20	29	
0	10	4	17	14	9	9	20	12	9	13	9	18	8	8	16	11	11	0	13	14	7	4	19	10	15	17	25	3	16	27	
0	11	14	11	9	12	12	15	7	14	7	6	13	11	18	4	6	14	15	0	1	15	14	7	4	25	12	16	13	13	21	
0	10	13	10	8	11	11	14	6	17	15	11	12	10	17	16	5	13	14	12	0	16	13	15	12	26	11	20	12	12	20	
0	3	13	10	20	11	15	25	15	17	9	15	20	14	17	19	19	16	14	15	16	0	13	22	16	19	25	20	12	16	20	
0	6	11	13	10	11	5	16	8	5	9	5	14	4	4	12	7	7	14	15	10	3	0	17	6	14	13	21	10	12	23	
0	11	17	19	23	15	12	23	23	21	16	12	27	11	21	16	22	14	18	16	17	9	17	0	13	27	28	28	16	19	29	
0	14	10	14	12	15	15	18	10	15	19	2	16	14	14	20	9	17	13	16	4	13	10	15	0	24	15	24	9	9	24	
0	8	11	13	6	14	11	13	4	1	11	11	10	10	19	8	3	13	17	16	15	16	15	13	11	0	9	18	15	7	23	
0	13	7	4	8	5	9	19	9	11	13	9	12	8	11	13	13	10	8	9	10	10	7	15	10	21	0	20	6	10	14	
0	18	21	23	16	24	22	33	14	11	21	22	20	21	10	18	13	24	27	27	27	20	17	15	23	20	19	0	25	20	15	
0	7	1	14	11	6	6	17	9	6	10	6	15	5	5	13	8	8	9	10	11	4	1	17	7	15	14	22	0	13	24	
0	16	7	23	4	12	18	24	21	18	22	17	8	17	17	20	20	15	15	16	17	14	13	6	15	27	19	16	13	0	31	
0	20	16	20	18	21	13	24	16	13	7	10	18	12	23	4	15	15	22	18	18	22	19	20	14	12	16	16	18	14	0	
M2
0	0	0	0	0	0	0	0	0	0	0	0	0	0	0	0	0	0	0	0	0	0	0	0	0	0	0	0	0	0	0	
0	0	17	7	22	6	16	9	12	13	15	12	7	13	10	6	10	18	16	6	7	14	6	22	10	10	6	5	5	3	12	
0	28	0	15	8	13	14	17	12	11	12	10	15	21	8	17	18	20	16	17	18	15	15	9	11	13	16	13	14	16	17	
0	24	10	0	18	13	14	16	9	11	22	9	13	20	8	2	17	19	15	17	18	11	13	19	3	11	1	12	6	13	17	
0	20	21	16	0	5	15	18	13	12	4	11	16	13	9	18	15	17	13	18	19	13	20	1	5	15	17	14	8	17	18	
0	15	21	11	22	0	10	13	8	7	22	6	11	13	4	13	10	16	12	13	14	8	15	23	7	10	12	9	10	12	13	
0	26	24	14	20	11	0	16	6	18	24	9	1	20	15	13	17	12	15	23	18	13	13	21	17	8	3	12	12	10	21	
0	31	17	7	25	20	21	0	16	18	14	16	20	20	15	9	17	22	22	24	25	18	20	26	10	18	8	19	10	20	5	
0	20	18	8	14	5	15	10	0	12	18	11	8	14	9	7	11	19	17	18	12	13	7	15	11	2	9	6	6	4	15	
0	20	19	9	15	5	3	11	1	0	15	11	4	15	9	8	12	15	17	6	7	4	8	16	12	3	6	7	7	5	12	
0	41	32	22	25	29	35	32	25	32	0	27	24	36	30	24	33	20	33	14	15	16	29	26	25	27	22	28	24	26	20	
0	19	15	5	16	4	14	7	12	11	20	0	14	11	8	7	8	10	6	17	9	12	18	17	8	4	6	3	11	16	12	
0	25	23	13	19	10	20	15	5	17	23	8	0	19	14	12	16	11	14	23	17	12	12	20	16	7	2	11	11	9	20	
0	25	13	14	17	13	19	7	16	16	16	15	11	0	13	13	20	7	3	14	15	20	16	13	16	5	13	15	15	13	12	
0	21	17	7	18	6	6	9	4	3	18	2	7	13	0	9	10	12	8	9	10	7	11	19	3	6	8	5	6	8	9	
0	26	22	12	23	11	12	14	10	9	24	7	12	18	6	0	15	17	13	15	16	13	11	24	9	11	13	10	12	14	15	
0	25	16	11	20	10	20	10	18	17	14	16	14	3	14	13	0	10	6	17	15	18	19	16	6	8	12	9	9	16	15	
0	24	20	10	23	9	18	12	9	15	22	12	4	16	12	6	13	0	18	18	14	16	9	24	13	11	6	8	8	6	17	
0	25	10	14	14	10	16	16	13	13	18	12	8	20	10	10	17	4	0	19	18	17	13	15	13	2	10	12	12	10	19	
0	27	18	8	26	21	22	24	16	19	9	17	15	28	16	10	25	23	23	0	1	18	16	20	11	18	8	20	14	19	6	
0	30	31	21	29	20	30	24	15	27	28	22	14	28	24	21	25	25	28	33	0	17	15	30	24	17	7	20	20	18	19	
0	29	27	17	23	14	19	19	9	16	27	20	17	23	18	13	20	28	26	22	19	0	16	24	13	11	18	15	8	13	24	
0	21	17	7	20	6	16	9	6	13	22	9	1	13	10	6	10	12	15	19	11	13	0	21	10	8	3	5	5	3	13	
0	19	22	15	26	4	14	17	12	11	3	10	15	12	8	17	14	16	12	17	18	12	19	0	11	14	16	13	14	16	17	
0	32	28	18	27	17	17	20	23	22	27	21	18	24	19	17	21	29	27	18	19	25	17	28	0	15	19	16	3	14	24	
0	23	29	19	12	8	18	21	16	15	16	14	19	21	12	21	18	24	20	21	22	16	23	13	15	0	20	17	18	20	21	
0	23	26	16	22	13	23	18	8	20	26	19	16	22	17	15	19	27	25	26	20	10	15	23	19	10	0	14	14	12	23	
0	16	12	2	20	1	11	4	9	8	18	7	12	8	5	4	5	15	11	14	6	9	15	21	5	11	3	0	8	13	9	
0	29	25	15	24	14	14	17	20	19	28	18	15	21	16	14	18	26	24	25	19	22	14	25	18	12	16	13	0	11	22	
0	18	14	4	19	3	13	6	9	10	20	9	4	10	7	3	7	15	13	16	8	11	3	19	7	7	5	2	2	0	11	
0	26	12	2	20	15	16	18	11	13	9	11	15	22	10	4	19	17	17	19	20	13	15	21	5	13	3	14	8	15	0	
M3
0	0	0	0	0	0	0	0	0	0	0	0	0	0	0	0	0	0	0	0	0	0	0	0	0	0	0	0	0	0	0	
0	0	26	12	23	14	23	16	23	15	16	12	15	27	25	22	16	18	22	21	20	25	28	17	20	19	9	18	22	4	23	
0	13	0	16	12	19	12	5	16	21	19	22	4	24	27	22	12	7	11	15	16	21	20	8	14	8	21	16	18	12	20	
0	11	29	0	26	25	26	19	18	10	27	23	18	26	36	25	26	21	25	26	20	27	28	20	27	13	16	21	17	7	25	
0	8	12	14	0	14	12	5	15	19	18	20	12	17	25	10	10	7	11	15	6	12	19	3	14	8	11	4	16	12	18	
0	15	14	17	12	0	14	7	17	21	21	24	18	13	11	12	14	9	13	17	8	14	14	10	16	10	13	6	20	14	15	
0	18	29	21	17	25	0	10	21	21	14	10	22	24	24	20	17	12	16	15	19	26	25	13	19	13	24	21	23	17	25	
0	8	19	11	7	15	7	0	11	16	14	17	12	19	22	17	7	2	6	10	11	16	15	3	9	3	16	11	13	7	15	
0	4	21	13	9	17	9	2	0	9	16	16	14	8	24	7	9	4	8	12	2	13	10	5	11	5	7	13	15	8	11	
0	20	19	23	17	21	18	12	22	0	26	28	23	24	32	17	19	14	18	16	13	19	26	15	21	15	18	11	21	19	27	
0	15	23	8	15	23	7	8	11	13	0	17	9	14	20	18	4	10	14	5	13	14	16	11	17	11	18	19	10	7	12	
0	19	25	12	13	27	11	12	15	11	4	0	13	18	14	10	8	14	18	9	11	18	20	15	21	15	16	17	14	11	16	
0	9	20	12	8	15	8	1	12	17	15	18	0	20	23	18	8	3	7	11	12	17	16	4	10	4	17	12	14	8	16	
0	11	14	20	16	17	11	9	7	10	23	21	15	0	28	14	16	11	15	9	9	5	2	6	18	12	14	10	22	15	3	
0	12	16	12	4	18	5	9	15	17	19	15	16	20	0	14	8	11	4	19	9	15	22	7	7	12	14	8	14	5	16	
0	9	26	18	14	19	14	7	5	14	21	21	19	13	18	0	14	9	13	17	7	18	15	10	16	10	12	18	20	13	16	
0	11	19	4	11	19	11	4	7	9	18	21	16	15	16	14	0	6	10	14	9	10	17	7	13	7	14	15	6	11	8	
0	6	17	9	5	17	5	9	9	14	12	15	17	17	21	15	5	0	4	8	11	15	19	8	7	1	15	9	11	10	13	
0	9	13	8	1	15	1	6	11	13	15	11	13	18	20	11	4	8	0	16	7	13	20	4	3	9	12	5	10	6	12	
0	20	23	22	19	26	2	12	16	19	16	12	24	9	26	22	18	14	18	0	18	14	11	15	21	15	23	19	24	15	12	
0	16	27	21	21	16	13	14	12	20	20	16	26	13	25	14	17	16	20	22	0	18	15	17	16	17	5	22	23	20	16	
0	14	13	17	11	15	13	6	12	7	20	23	17	5	26	11	13	8	12	14	7	0	7	9	15	9	12	5	19	13	8	
0	16	12	20	14	18	9	9	12	8	23	19	16	5	29	14	16	11	15	7	10	3	0	11	18	12	15	8	22	16	1	
0	5	26	17	17	12	17	10	20	20	21	17	9	21	23	22	17	12	16	20	8	17	23	0	19	12	13	18	23	9	24	
0	12	13	5	12	20	12	5	8	10	19	22	17	16	17	15	1	7	11	15	9	11	18	8	0	8	14	16	7	12	9	
0	5	28	17	24	16	24	17	15	20	21	17	20	23	27	22	21	19	23	26	17	28	25	20	25	0	14	20	27	9	26	
0	17	24	16	23	11	22	16	19	15	15	11	24	21	22	21	12	18	22	20	19	16	23	19	11	19	0	17	18	21	14	
0	9	8	12	6	10	8	1	11	15	15	18	12	13	21	6	8	3	7	11	2	8	15	4	10	4	7	0	14	8	16	
0	5	19	14	10	18	10	3	1	3	17	17	15	9	24	8	10	5	9	9	3	10	11	6	12	6	8	12	0	9	8	
0	18	22	12	19	18	19	12	23	20	26	25	11	27	29	20	19	14	18	22	16	22	27	13	21	15	21	14	25	0	27	
0	16	11	19	13	17	8	8	14	9	22	18	15	7	28	13	15	10	14	6	9	2	9	11	17	11	14	7	21	15	0	
M4
0	0	0	0	0	0	0	0	0	0	0	0	0	0	0	0	0	0	0	0	0	0	0	0	0	0	0	0	0	0	0	
0	0	10	19	21	14	15	24	23	16	15	8	7	23	15	22	18	16	17	10	16	13	15	25	12	15	21	26	4	21	17	
0	10	0	14	17	4	21	17	15	11	18	16	17	16	10	16	13	8	23	20	9	3	5	17	12	25	11	23	14	12	7	
0	20	17	0	16	21	21	17	21	11	19	2	4	20	10	20	13	8	23	25	9	3	13	19	6	27	21	23	19	16	20	
0	12	2	16	0	6	16	19	17	13	20	18	13	18	12	18	15	10	14	22	11	5	7	17	4	25	13	25	16	14	9	
0	12	2	12	15	0	21	15	11	9	20	14	16	13	8	12	15	10	23	17	7	5	7	19	10	25	7	21	11	8	9	
0	12	11	6	9	15	0	9	14	3	15	3	10	16	2	15	10	14	2	22	1	9	16	17	4	19	13	15	16	8	13	
0	20	13	14	11	15	8	0	17	11	18	11	12	10	10	18	16	6	10	25	9	16	11	11	12	10	21	6	19	16	18	
0	19	9	6	19	7	10	19	0	13	21	8	10	2	12	1	13	14	12	24	11	9	14	8	2	15	14	25	18	15	16	
0	9	19	3	19	23	24	18	24	0	16	5	7	23	13	23	7	11	15	19	12	6	16	22	9	24	24	24	13	15	10	
0	16	7	10	8	11	20	12	22	7	0	8	11	17	6	23	9	1	22	10	5	10	6	18	8	11	17	18	4	12	13	
0	26	16	21	14	20	22	31	21	18	21	0	22	23	17	22	22	16	24	29	23	19	21	17	4	25	27	35	25	23	23	
0	18	16	12	14	20	27	19	17	9	25	14	0	16	8	16	16	20	24	21	21	15	21	23	17	27	19	23	15	14	19	
0	17	7	4	20	5	25	20	16	14	19	6	8	0	13	16	17	12	27	22	12	7	12	23	10	30	12	26	16	13	14	
0	10	16	4	20	14	25	19	17	1	17	6	8	19	0	18	8	12	16	20	13	7	17	23	10	22	11	18	14	6	11	
0	20	10	7	20	8	11	20	1	14	20	9	11	3	13	0	12	15	13	24	12	10	15	7	1	15	15	26	19	16	17	
0	24	17	4	18	21	19	11	25	15	10	6	8	21	14	24	0	11	21	20	13	7	11	22	10	21	21	17	14	8	9	
0	26	21	16	30	21	31	23	24	27	22	17	20	16	26	23	12	0	33	19	25	19	5	30	21	31	28	27	13	15	12	
0	13	19	7	23	17	21	22	12	4	20	9	11	14	3	13	11	15	0	23	16	10	20	20	13	24	14	20	17	9	14	
0	21	12	15	13	16	23	15	27	12	5	13	16	20	11	28	14	6	25	0	10	15	11	21	13	16	22	16	9	17	18	
0	11	10	5	8	14	15	8	18	2	14	7	9	18	1	19	9	13	17	21	0	8	15	16	3	18	12	14	15	7	12	
0	17	14	11	14	18	18	14	24	8	16	13	15	21	7	25	10	5	20	24	6	0	10	22	9	24	18	20	18	13	17	
0	26	16	25	27	20	29	33	19	23	28	18	28	21	26	18	29	24	31	24	25	19	0	25	19	26	27	22	18	10	7	
0	16	17	9	18	18	21	16	11	7	15	11	5	13	6	12	5	9	8	25	18	12	14	0	13	8	17	22	19	12	14	
0	23	25	17	23	24	27	29	17	14	19	19	18	19	13	18	18	20	21	29	24	20	25	13	0	21	24	31	23	19	24	
0	19	9	17	16	13	28	20	24	15	8	16	19	17	14	24	13	1	30	18	13	12	6	26	16	0	20	23	12	16	13	
0	17	15	12	22	13	16	13	6	19	15	8	16	8	18	7	19	16	18	10	17	15	20	14	8	21	0	19	4	21	22	
0	17	7	8	5	9	21	21	16	12	12	10	6	4	11	17	10	5	13	22	14	10	10	5	9	4	16	0	16	17	14	
0	13	18	21	18	22	26	21	25	18	11	4	20	26	17	26	20	12	28	6	16	21	17	21	8	22	28	22	0	23	24	
0	26	25	20	23	29	30	23	33	17	18	22	24	33	16	34	24	19	32	28	15	23	24	31	18	22	27	29	22	0	27	
0	19	9	23	26	13	30	26	24	20	22	15	26	25	19	25	22	17	32	17	18	12	14	26	13	33	20	32	11	21	0	
M5
0	0	0	0	0	0	0	0	0	0	0	0	0	0	0	0	0	0	0	0	0	0	0	0	0	0	0	0	0	0	0	
0	0	17	16	19	19	21	13	21	15	4	17	18	15	14	9	15	10	20	16	13	13	20	12	8	17	22	11	21	6	16	
0	11	0	18	18	6	19	12	22	16	15	22	15	15	10	19	14	16	19	11	15	8	12	8	14	13	19	12	8	17	15	
0	13	9	0	5	9	17	15	17	11	8	17	2	18	8	13	11	14	6	6	15	3	13	16	12	8	8	7	11	5	8	
0	8	4	13	0	10	14	12	16	12	3	12	11	14	3	8	8	9	1	6	10	4	14	11	7	8	3	2	6	5	3	
0	5	10	21	12	0	13	6	16	10	9	16	9	9	10	13	8	14	13	5	18	2	6	16	9	7	13	6	2	11	9	
0	14	9	19	11	9	0	15	12	12	14	14	11	17	11	11	7	12	12	1	16	4	7	13	8	3	9	2	11	15	8	
0	17	12	21	14	18	26	0	25	20	17	20	19	24	17	22	20	19	9	14	18	12	22	20	21	16	11	10	14	19	11	
0	10	9	25	15	11	9	17	0	13	14	15	12	7	18	18	13	2	14	8	22	5	15	17	14	9	15	3	9	3	12	
0	18	15	12	11	19	24	23	26	0	14	23	4	15	14	19	18	10	12	16	9	13	23	22	18	17	14	11	17	16	14	
0	14	13	27	15	15	17	9	17	17	0	13	16	11	10	5	11	6	16	12	24	9	16	8	4	13	18	7	17	2	12	
0	3	16	17	12	22	24	10	24	16	7	0	19	18	15	12	18	13	13	18	14	16	23	15	11	20	7	14	18	9	15	
0	24	19	28	21	25	33	31	32	17	24	27	0	30	24	24	27	25	16	21	25	19	29	27	28	23	18	17	21	26	18	
0	22	12	22	14	18	20	24	15	21	17	21	22	0	17	20	22	17	15	12	19	15	24	20	18	6	12	13	20	18	11	
0	17	7	22	9	13	11	19	13	20	12	21	19	13	0	17	5	15	10	9	19	12	18	10	6	10	12	10	15	14	6	
0	9	8	24	14	10	16	14	17	12	13	8	11	6	5	0	10	1	13	7	21	4	11	3	11	8	14	2	12	15	11	
0	12	2	17	4	8	6	14	14	15	7	16	14	16	7	12	0	11	5	4	14	7	13	10	1	5	7	5	10	9	1	
0	8	7	23	13	9	17	15	16	11	12	13	10	5	16	16	11	0	12	6	20	3	13	15	12	7	13	1	11	14	10	
0	8	3	12	5	9	17	15	16	11	8	11	10	15	8	13	11	10	0	5	9	3	13	11	12	7	2	1	5	10	2	
0	14	8	18	10	9	17	15	11	11	13	13	10	16	13	10	11	11	11	0	15	3	13	13	12	2	8	1	11	14	7	
0	9	8	3	8	10	18	16	17	2	11	14	5	6	11	16	12	1	9	7	0	4	14	16	13	8	11	2	12	8	11	
0	11	8	20	10	6	14	12	14	8	13	14	7	15	13	13	8	14	11	3	17	0	10	16	9	5	11	4	8	15	7	
0	7	11	21	13	2	7	8	17	12	11	15	11	11	4	7	9	8	9	7	18	4	0	10	10	9	11	8	4	13	10	
0	15	9	24	11	10	13	16	15	20	14	23	19	15	2	15	7	16	12	11	21	12	8	0	8	12	14	12	12	16	8	
0	19	9	24	11	15	13	20	20	20	11	21	16	20	7	16	7	17	12	11	21	14	13	17	0	12	14	12	17	13	8	
0	16	6	16	8	12	18	18	9	15	11	15	18	16	11	14	16	11	9	8	13	11	18	14	15	0	6	9	14	12	5	
0	12	15	10	15	15	23	19	23	9	16	9	12	13	18	21	17	8	12	12	7	9	19	23	18	14	0	9	17	15	14	
0	13	10	22	12	8	16	14	15	10	15	12	9	17	15	15	10	16	11	5	19	2	12	18	11	6	12	0	10	17	9	
0	3	15	19	18	13	18	16	24	18	7	20	21	18	15	12	14	13	19	18	16	15	11	15	11	19	21	14	0	9	15	
0	25	30	25	30	32	35	32	34	24	29	22	27	28	29	34	29	23	31	29	22	26	35	37	22	30	29	24	32	0	30	
0	11	1	16	3	7	17	13	14	14	6	15	13	16	6	11	11	12	4	3	13	6	13	9	10	5	6	4	9	8	0	
M6
0	0	0	0	0	0	0	0	0	0	0	0	0	0	0	0	0	0	0	0	0	0	0	0	0	0	0	0	0	0	0	
0	0	14	6	8	10	16	8	11	10	10	22	9	7	9	13	4	29	13	11	9	17	13	5	24	8	22	10	15	31	17	
0	26	0	18	20	15	21	16	23	22	19	31	18	27	17	24	9	34	25	10	20	22	25	24	13	20	34	16	27	29	22	
0	12	8	0	10	11	17	12	19	4	15	27	6	9	13	10	5	25	7	5	11	19	21	16	21	2	18	11	9	26	18	
0	12	15	17	0	12	25	13	10	14	16	19	16	14	14	5	13	30	7	18	1	9	12	17	18	12	14	8	9	36	20	
0	11	18	10	13	0	23	1	15	11	4	16	16	18	2	18	15	35	14	15	14	22	17	9	22	12	24	10	16	31	24	
0	19	7	21	17	19	0	15	2	12	18	12	18	16	16	8	16	29	14	16	9	9	4	20	8	14	20	22	16	36	1	
0	10	17	9	18	18	22	0	14	10	3	15	15	17	1	19	14	34	13	14	19	27	16	8	21	11	23	9	15	30	23	
0	17	5	22	21	17	26	13	0	14	16	28	23	21	14	20	14	35	12	15	21	27	2	21	18	12	23	21	14	34	27	
0	8	18	14	16	8	21	9	15	0	12	24	17	15	10	16	9	26	3	19	15	22	17	13	23	8	14	14	5	32	22	
0	10	17	9	17	15	19	16	14	7	0	12	15	16	17	19	14	33	10	14	18	26	16	8	27	11	20	20	12	27	20	
0	10	12	9	5	10	7	11	9	13	13	0	6	4	12	10	14	34	12	14	6	14	8	8	15	11	8	13	14	34	8	
0	12	19	11	18	5	28	6	14	15	9	21	0	18	7	9	16	33	10	16	5	13	16	10	27	13	21	15	12	36	24	
0	13	16	13	1	7	26	8	11	15	11	20	2	0	9	6	14	31	8	18	2	10	13	12	19	13	15	9	10	35	21	
0	9	16	8	17	19	25	17	13	12	12	24	14	16	0	18	13	33	15	13	18	26	15	7	20	10	26	19	17	33	26	
0	17	15	22	10	16	26	17	10	20	20	19	11	9	18	0	21	40	17	25	1	9	12	21	27	22	18	18	17	44	20	
0	17	19	16	19	6	12	7	14	17	10	22	21	19	8	15	0	41	20	21	11	19	16	15	20	18	28	16	22	37	13	
0	14	9	14	17	4	13	5	4	14	8	20	18	16	6	21	10	0	16	19	18	3	6	13	10	16	27	14	18	35	3	
0	5	15	11	13	5	18	6	12	7	9	21	14	12	7	13	6	23	0	16	12	19	14	10	20	5	11	15	2	29	19	
0	20	3	8	18	18	24	19	26	12	22	34	14	17	20	18	12	33	15	0	19	25	28	24	16	10	26	6	17	32	25	
0	16	14	22	14	20	25	21	9	19	24	18	15	13	22	4	20	44	21	24	0	8	11	21	26	21	17	22	21	43	19	
0	18	6	16	22	18	24	14	1	15	17	17	22	21	15	21	15	36	13	16	22	0	3	22	19	13	24	22	15	35	25	
0	20	30	23	19	19	25	14	27	12	17	29	25	23	15	18	13	38	15	28	19	27	0	22	33	10	26	23	17	34	26	
0	2	9	1	10	12	18	10	6	5	5	17	7	9	11	11	6	26	8	6	11	19	8	0	21	3	19	12	10	26	19	
0	23	15	25	29	23	12	23	10	15	26	24	30	28	24	20	20	21	18	25	21	9	12	28	0	17	29	29	20	41	13	
0	10	20	16	14	9	15	10	17	2	13	25	15	13	11	8	3	28	5	21	9	17	19	15	23	0	16	16	7	24	16	
0	14	4	20	22	14	25	15	21	6	18	30	22	21	16	21	13	32	9	14	21	26	23	19	17	13	0	20	11	26	25	
0	17	17	9	19	17	26	18	24	13	21	33	15	18	19	19	14	34	12	14	20	28	26	22	19	11	23	0	14	35	27	
0	3	13	9	11	10	16	11	14	13	13	25	12	10	12	16	4	32	16	14	12	20	16	8	24	11	9	13	0	34	17	
0	12	4	9	2	8	17	9	12	4	12	21	3	1	10	7	5	21	7	1	3	11	14	13	17	2	16	7	9	0	18	
0	19	14	24	27	19	16	20	9	11	23	25	28	26	21	24	20	28	14	24	25	8	11	24	7	19	25	25	16	43	0	
M7
0	0	0	0	0	0	0	0	0	0	0	0	0	0	0	0	0	0	0	0	0	0	0	0	0	0	0	0	0	0	0	
0	0	6	9	3	13	11	9	16	15	11	9	9	8	2	16	8	18	12	11	18	14	7	8	3	14	8	11	12	14	12	
0	15	0	3	15	7	17	16	14	18	16	4	18	14	13	21	20	12	12	17	27	14	13	19	14	8	17	19	8	13	10	
0	15	11	0	12	18	15	18	11	15	20	6	17	12	10	18	17	23	9	15	24	11	11	16	18	5	14	17	5	23	7	
0	13	3	6	0	10	16	6	13	16	8	6	12	13	10	19	5	15	9	10	20	11	13	16	16	11	10	9	11	11	9	
0	8	14	14	11	0	11	10	17	15	19	17	12	8	10	19	16	26	12	11	26	14	7	16	11	16	16	13	19	22	13	
0	17	8	7	5	15	0	11	13	4	12	6	5	7	8	12	10	20	14	10	20	15	6	5	10	5	10	9	12	16	11	
0	16	19	17	16	18	11	0	7	11	17	10	15	8	14	14	21	27	14	11	20	16	7	16	14	9	10	3	22	21	3	
0	13	14	13	11	20	14	17	0	16	10	10	14	11	8	7	16	26	7	14	13	9	10	14	9	9	3	6	18	14	8	
0	22	16	14	13	23	14	19	9	0	19	2	12	11	5	16	18	25	16	14	21	18	10	11	6	1	11	14	15	19	8	
0	5	8	6	5	15	9	11	11	13	0	11	4	6	7	11	10	20	14	9	12	4	5	13	8	11	2	5	11	4	7	
0	24	18	13	15	22	13	21	24	17	21	0	14	10	16	21	20	29	18	13	24	18	9	18	23	18	23	22	18	25	20	
0	12	4	2	1	11	5	7	13	9	7	7	0	2	8	7	6	16	10	5	19	10	1	10	9	7	9	10	7	11	9	
0	14	11	9	8	18	3	14	16	7	14	9	7	0	6	14	13	22	8	3	23	8	2	8	13	8	13	12	14	18	13	
0	19	11	9	8	18	9	14	16	13	14	14	7	6	0	14	13	23	14	9	21	14	5	6	16	14	11	10	14	14	12	
0	18	15	13	12	13	7	18	16	11	18	13	11	4	10	0	17	21	12	7	17	12	3	12	2	12	7	10	11	22	12	
0	17	12	11	9	19	11	1	8	11	16	1	9	8	8	15	0	24	15	5	21	7	8	14	15	10	11	4	16	20	4	
0	9	12	10	9	19	13	15	14	15	4	1	8	10	10	15	14	0	16	13	16	8	9	16	2	13	6	9	11	1	10	
0	6	7	10	4	14	10	10	17	14	12	10	8	7	1	15	9	19	0	10	22	2	6	7	9	15	12	11	15	15	13	
0	16	8	6	5	15	8	11	15	6	11	8	4	6	3	11	10	20	14	0	23	5	5	9	12	7	13	10	11	15	12	
0	19	15	14	12	22	14	4	11	14	14	4	12	11	11	18	3	27	18	8	0	10	11	17	11	13	14	7	19	18	7	
0	15	5	8	2	12	12	8	15	16	10	8	14	9	12	21	7	17	11	12	22	0	8	17	18	13	12	11	13	13	11	
0	15	12	10	9	19	4	15	17	8	15	10	8	1	7	15	14	20	9	4	24	9	0	9	14	9	14	13	15	19	14	
0	13	5	3	2	12	6	8	10	10	8	8	1	3	9	8	7	17	11	6	20	11	2	0	10	8	10	4	8	12	6	
0	20	15	18	16	22	16	19	14	18	23	14	20	13	15	21	18	19	14	16	15	16	12	21	0	14	5	8	9	20	10	
0	21	19	14	16	23	14	22	8	15	18	1	15	11	8	15	21	30	15	14	21	17	10	14	17	0	11	14	19	22	7	
0	22	19	17	16	18	11	14	9	13	19	9	15	8	14	16	13	27	16	11	10	16	7	16	14	9	0	3	22	23	5	
0	19	16	14	13	15	8	15	6	10	16	9	12	5	11	13	18	24	13	8	19	13	4	13	11	8	9	0	19	20	2	
0	19	6	9	7	13	10	13	6	10	15	8	14	7	13	13	12	18	13	10	19	15	6	15	15	8	9	12	0	18	2	
0	22	19	14	17	26	15	23	13	14	22	13	16	14	9	20	22	25	20	17	21	22	13	15	6	12	11	14	15	0	9	
0	17	16	14	13	23	8	19	4	8	14	7	12	5	11	11	18	24	11	8	17	13	4	13	13	6	7	10	19	18	0	
Tamanho_Tarefas
0	19	12	7	25	6	7	16	18	12	23	18	21	6	17	28	14	22	21	15	13	25	16	7	12	18	13	14	23	14	7	
Data_Entrega
0	146	151	150	152	151	146	151	147	147	155	147	145	151	147	149	146	151	155	155	147	157	145	154	149	147	154	149	150	152	146	
Penalidade_Atraso
0	1	1	15	1	18	15	2	16	11	20	15	11	13	8	14	13	1	13	1	16	8	10	1	5	8	9	10	3	6	13	
Capacidade_Veiculo
70	68	82	75	42	62	34	64	44	65	
Custo_Fixo_Veiculo
700	680	820	750	420	620	340	640	440	650	
Coordenadas_Clientes
x	0	y	0
x	109	y	0
x	122	y	25
x	81	y	36
x	69	y	50
x	80	y	89
x	49	y	86
x	36	y	111
x	8	y	78
x	-8	y	80
x	-29	y	90
x	-45	y	77
x	-77	y	86
x	-80	y	58
x	-106	y	47
x	-99	y	21
x	-101	y	0
x	-77	y	-16
x	-113	y	-50
x	-83	y	-60
x	-76	y	-84
x	-41	y	-71
x	-24	y	-74
x	-12	y	-121
x	11	y	-110
x	26	y	-80
x	61	y	-105
x	64	y	-72
x	72	y	-52
x	73	y	-32
x	98	y	-20
Tempo_Viagem
0	109	124	88	85	119	98	116	78	80	94	89	115	98	115	101	101	78	123	102	113	81	77	121	110	84	121	96	88	79	100	
109	0	28	45	63	93	104	132	127	141	164	172	204	197	220	209	210	186	227	201	202	165	152	170	147	115	114	84	63	48	22	
124	28	0	42	58	76	95	121	125	140	163	174	207	204	229	221	224	202	246	221	226	189	176	197	174	142	142	112	91	75	50	
88	45	42	0	18	53	59	87	84	99	122	132	165	162	187	180	185	166	211	190	197	162	152	182	161	128	141	109	88	68	58	
85	63	58	18	0	40	41	69	67	82	105	117	150	149	175	170	177	160	207	187	197	163	155	189	169	136	155	122	102	82	75	
119	93	76	53	40	0	31	49	72	88	109	125	157	162	190	191	201	188	237	220	232	200	193	229	209	176	194	161	141	121	110	
98	104	95	59	41	31	0	28	41	57	78	94	126	131	159	161	172	162	211	196	211	179	175	215	199	167	191	158	139	120	116	
116	132	121	87	69	49	28	0	43	53	68	87	115	126	154	161	175	169	218	208	224	197	193	236	222	191	217	185	166	147	144	
78	127	125	84	67	72	41	43	0	16	38	53	85	90	118	121	134	126	175	165	182	156	155	199	188	159	190	160	144	127	133	
80	141	140	99	82	88	57	53	16	0	23	37	69	75	103	108	122	118	167	158	177	154	154	201	190	163	197	168	154	138	145	
94	164	163	122	105	109	78	68	38	23	0	20	48	59	87	97	115	116	163	159	180	161	164	211	203	178	214	186	174	159	168	
89	172	174	132	117	125	94	87	53	37	20	0	33	39	67	77	95	98	144	142	163	148	152	200	195	172	210	184	174	160	172	
115	204	207	165	150	157	126	115	85	69	48	33	0	28	48	68	89	102	140	146	170	161	168	216	214	195	235	211	203	190	204	
98	197	204	162	149	162	131	126	90	75	59	39	28	0	28	41	61	74	112	118	142	134	143	191	191	174	215	194	186	177	194	
115	220	229	187	175	190	159	154	118	103	87	67	48	28	0	26	47	69	97	108	133	134	146	191	195	183	225	207	203	194	214	
101	209	221	180	170	191	161	161	121	108	97	77	68	41	26	0	21	43	72	82	107	108	121	165	171	160	203	187	185	179	201	
101	210	224	185	177	201	172	175	134	122	115	95	89	61	47	21	0	28	51	62	87	92	106	149	156	149	192	179	180	176	200	
78	186	202	166	160	188	162	169	126	118	116	98	102	74	69	43	28	0	49	44	68	65	78	122	128	121	164	151	153	150	175	
123	227	246	211	207	237	211	218	175	167	163	144	140	112	97	72	51	49	0	31	50	74	91	123	137	141	181	178	185	186	213	
102	201	221	190	187	220	196	208	165	158	159	142	146	118	108	82	62	44	31	0	25	43	60	93	106	110	150	147	155	158	185	
113	202	226	197	197	232	211	224	182	177	180	163	170	142	133	107	87	68	50	25	0	37	52	73	90	102	138	140	150	157	184	
81	165	189	162	163	200	179	197	156	154	161	148	161	134	134	108	92	65	74	43	37	0	17	57	65	67	107	105	114	120	147	
77	152	176	152	155	193	175	193	155	154	164	152	168	143	146	121	106	78	91	60	52	17	0	48	50	50	90	88	98	105	132	
121	170	197	182	189	229	215	236	199	201	211	200	216	191	191	165	149	122	123	93	73	57	48	0	25	55	74	90	108	122	148	
110	147	174	161	169	209	199	222	188	190	203	195	214	191	195	171	156	128	137	106	90	65	50	25	0	33	50	65	84	99	125	
84	115	142	128	136	176	167	191	159	163	178	172	195	174	183	160	149	121	141	110	102	67	50	55	33	0	43	38	53	67	93	
121	114	142	141	155	194	191	217	190	197	214	210	235	215	225	203	192	164	181	150	138	107	90	74	50	43	0	33	54	73	92	
96	84	112	109	122	161	158	185	160	168	186	184	211	194	207	187	179	151	178	147	140	105	88	90	65	38	33	0	21	41	62	
88	63	91	88	102	141	139	166	144	154	174	174	203	186	203	185	180	153	185	155	150	114	98	108	84	53	54	21	0	20	41	
79	48	75	68	82	121	120	147	127	138	159	160	190	177	194	179	176	150	186	158	157	120	105	122	99	67	73	41	20	0	27	
100	22	50	58	75	110	116	144	133	145	168	172	204	194	214	201	200	175	213	185	184	147	132	148	125	93	92	62	41	27	0	
Custo_Viagem
V0
0	1526	1736	1232	1190	1666	1372	1624	1092	1120	1316	1246	1610	1372	1610	1414	1414	1092	1722	1428	1582	1134	1078	1694	1540	1176	1694	1344	1232	1106	1400	
1526	0	392	630	896	1302	1456	1848	1778	1974	2296	2408	2856	2758	3080	2926	2940	2604	3178	2814	2842	2310	2128	2394	2058	1610	1610	1176	882	672	308	
1736	392	0	588	812	1064	1330	1694	1750	1974	2296	2436	2912	2856	3206	3094	3136	2842	3444	3094	3164	2646	2464	2772	2436	1988	2002	1582	1274	1050	714	
1232	630	588	0	252	742	826	1218	1176	1386	1708	1848	2310	2268	2618	2520	2590	2324	2968	2660	2758	2268	2128	2548	2254	1792	1988	1526	1232	952	812	
1190	896	812	252	0	560	574	966	938	1148	1470	1638	2100	2086	2450	2380	2478	2240	2898	2618	2758	2282	2170	2646	2380	1904	2170	1708	1428	1148	1050	
1666	1302	1064	742	560	0	434	686	1008	1232	1526	1750	2198	2268	2660	2674	2814	2632	3318	3080	3248	2800	2702	3206	2940	2478	2716	2254	1974	1694	1540	
1372	1456	1330	826	574	434	0	392	574	798	1092	1316	1764	1848	2226	2254	2408	2268	2954	2744	2954	2520	2450	3010	2786	2338	2674	2212	1946	1680	1624	
1624	1848	1694	1218	966	686	392	0	602	742	952	1218	1610	1778	2170	2268	2464	2366	3066	2912	3136	2758	2716	3304	3108	2674	3038	2590	2324	2058	2016	
1092	1778	1750	1176	938	1008	574	602	0	224	532	742	1190	1260	1652	1694	1876	1764	2464	2310	2548	2184	2170	2800	2632	2226	2660	2240	2016	1778	1862	
1120	1974	1974	1386	1148	1232	798	742	224	0	322	518	966	1050	1442	1512	1708	1652	2338	2212	2478	2156	2156	2814	2660	2282	2758	2352	2156	1932	2030	
1316	2296	2296	1708	1470	1526	1092	952	532	322	0	280	672	840	1232	1372	1610	1624	2282	2226	2520	2254	2296	2954	2842	2492	2996	2604	2436	2226	2352	
1246	2408	2436	1848	1638	1750	1316	1218	742	518	280	0	462	546	938	1078	1330	1372	2016	1988	2282	2072	2128	2800	2730	2408	2940	2576	2436	2240	2408	
1610	2856	2912	2310	2100	2198	1764	1610	1190	966	672	462	0	392	672	952	1246	1428	1960	2044	2380	2254	2352	3024	2996	2730	3290	2954	2842	2660	2856	
1372	2758	2856	2268	2086	2268	1848	1778	1260	1050	840	546	392	0	392	574	854	1036	1568	1652	1988	1876	2002	2674	2674	2436	3010	2716	2618	2478	2716	
1610	3080	3206	2618	2450	2660	2226	2170	1652	1442	1232	938	672	392	0	364	658	966	1358	1526	1876	1876	2044	2688	2730	2562	3150	2898	2842	2730	2996	
1414	2926	3094	2520	2380	2674	2254	2268	1694	1512	1372	1078	952	574	364	0	294	602	1008	1148	1498	1512	1694	2324	2394	2240	2842	2618	2590	2506	2814	
1414	2940	3136	2590	2478	2814	2408	2464	1876	1708	1610	1330	1246	854	658	294	0	392	714	868	1218	1288	1484	2100	2184	2100	2702	2520	2520	2464	2800	
1092	2604	2842	2324	2240	2632	2268	2366	1764	1652	1624	1372	1428	1036	966	602	392	0	686	616	952	910	1092	1722	1792	1694	2296	2114	2142	2100	2450	
1722	3178	3444	2968	2898	3318	2954	3066	2464	2338	2282	2016	1960	1568	1358	1008	714	686	0	434	700	1050	1288	1722	1918	1988	2548	2492	2590	2604	2982	
1428	2814	3094	2660	2618	3080	2744	2912	2310	2212	2226	1988	2044	1652	1526	1148	868	616	434	0	350	602	840	1302	1484	1540	2100	2058	2170	2212	2590	
1582	2842	3164	2758	2758	3248	2954	3136	2548	2478	2520	2282	2380	1988	1876	1498	1218	952	700	350	0	518	728	1022	1260	1428	1932	1960	2114	2198	2590	
1134	2310	2646	2268	2282	2800	2520	2758	2184	2156	2254	2072	2254	1876	1876	1512	1288	910	1050	602	518	0	238	798	910	938	1498	1470	1596	1680	2072	
1078	2128	2464	2128	2170	2702	2450	2716	2170	2156	2296	2128	2352	2002	2044	1694	1484	1092	1288	840	728	238	0	672	700	700	1260	1232	1372	1470	1862	
1694	2394	2772	2548	2646	3206	3010	3304	2800	2814	2954	2800	3024	2674	2688	2324	2100	1722	1722	1302	1022	798	672	0	350	770	1036	1260	1512	1722	2086	
1540	2058	2436	2254	2380	2940	2786	3108	2632	2660	2842	2730	2996	2674	2730	2394	2184	1792	1918	1484	1260	910	700	350	0	462	700	910	1176	1386	1750	
1176	1610	1988	1792	1904	2478	2338	2674	2226	2282	2492	2408	2730	2436	2562	2240	2100	1694	1988	1540	1428	938	700	770	462	0	602	532	742	938	1302	
1694	1610	2002	1988	2170	2716	2674	3038	2660	2758	2996	2940	3290	3010	3150	2842	2702	2296	2548	2100	1932	1498	1260	1036	700	602	0	462	756	1022	1288	
1344	1176	1582	1526	1708	2254	2212	2590	2240	2352	2604	2576	2954	2716	2898	2618	2520	2114	2492	2058	1960	1470	1232	1260	910	532	462	0	294	574	868	
1232	882	1274	1232	1428	1974	1946	2324	2016	2156	2436	2436	2842	2618	2842	2590	2520	2142	2590	2170	2114	1596	1372	1512	1176	742	756	294	0	280	574	
1106	672	1050	952	1148	1694	1680	2058	1778	1932	2226	2240	2660	2478	2730	2506	2464	2100	2604	2212	2198	1680	1470	1722	1386	938	1022	574	280	0	378	
1400	308	714	812	1050	1540	1624	2016	1862	2030	2352	2408	2856	2716	2996	2814	2800	2450	2982	2590	2590	2072	1862	2086	1750	1302	1288	868	574	378	0	
V1
0	1482	1686	1196	1156	1618	1332	1577	1060	1088	1278	1210	1564	1332	1564	1373	1373	1060	1672	1387	1536	1101	1047	1645	1496	1142	1645	1305	1196	1074	1360	
1482	0	380	612	870	1264	1414	1795	1727	1917	2230	2339	2774	2679	2992	2842	2856	2529	3087	2733	2760	2244	2067	2325	1999	1564	1564	1142	856	652	299	
1686	380	0	571	788	1033	1292	1645	1700	1917	2230	2366	2828	2774	3114	3005	3046	2760	3345	3005	3073	2570	2393	2692	2366	1931	1944	1536	1237	1020	693	
1196	612	571	0	244	720	802	1183	1142	1346	1659	1795	2244	2203	2543	2448	2516	2257	2883	2584	2679	2203	2067	2475	2189	1740	1931	1482	1196	924	788	
1156	870	788	244	0	544	557	938	911	1115	1428	1591	2040	2026	2380	2312	2407	2176	2815	2543	2679	2216	2108	2570	2312	1849	2108	1659	1387	1115	1020	
1618	1264	1033	720	544	0	421	666	979	1196	1482	1700	2135	2203	2584	2597	2733	2556	3223	2992	3155	2720	2624	3114	2856	2407	2638	2189	1917	1645	1496	
1332	1414	1292	802	557	421	0	380	557	775	1060	1278	1713	1795	2162	2189	2339	2203	2869	2665	2869	2448	2380	2924	2706	2271	2597	2148	1890	1632	1577	
1577	1795	1645	1183	938	666	380	0	584	720	924	1183	1564	1727	2108	2203	2393	2298	2978	2828	3046	2679	2638	3209	3019	2597	2951	2516	2257	1999	1958	
1060	1727	1700	1142	911	979	557	584	0	217	516	720	1156	1224	1604	1645	1822	1713	2393	2244	2475	2121	2108	2720	2556	2162	2584	2176	1958	1727	1808	
1088	1917	1917	1346	1115	1196	775	720	217	0	312	503	938	1020	1400	1468	1659	1604	2271	2148	2407	2094	2094	2733	2584	2216	2679	2284	2094	1876	1972	
1278	2230	2230	1659	1428	1482	1060	924	516	312	0	272	652	816	1196	1332	1564	1577	2216	2162	2448	2189	2230	2869	2760	2420	2910	2529	2366	2162	2284	
1210	2339	2366	1795	1591	1700	1278	1183	720	503	272	0	448	530	911	1047	1292	1332	1958	1931	2216	2012	2067	2720	2652	2339	2856	2502	2366	2176	2339	
1564	2774	2828	2244	2040	2135	1713	1564	1156	938	652	448	0	380	652	924	1210	1387	1904	1985	2312	2189	2284	2937	2910	2652	3196	2869	2760	2584	2774	
1332	2679	2774	2203	2026	2203	1795	1727	1224	1020	816	530	380	0	380	557	829	1006	1523	1604	1931	1822	1944	2597	2597	2366	2924	2638	2543	2407	2638	
1564	2992	3114	2543	2380	2584	2162	2108	1604	1400	1196	911	652	380	0	353	639	938	1319	1482	1822	1822	1985	2611	2652	2488	3060	2815	2760	2652	2910	
1373	2842	3005	2448	2312	2597	2189	2203	1645	1468	1332	1047	924	557	353	0	285	584	979	1115	1455	1468	1645	2257	2325	2176	2760	2543	2516	2434	2733	
1373	2856	3046	2516	2407	2733	2339	2393	1822	1659	1564	1292	1210	829	639	285	0	380	693	843	1183	1251	1441	2040	2121	2040	2624	2448	2448	2393	2720	
1060	2529	2760	2257	2176	2556	2203	2298	1713	1604	1577	1332	1387	1006	938	584	380	0	666	598	924	884	1060	1672	1740	1645	2230	2053	2080	2040	2380	
1672	3087	3345	2883	2815	3223	2869	2978	2393	2271	2216	1958	1904	1523	1319	979	693	666	0	421	680	1020	1251	1672	1863	1931	2475	2420	2516	2529	2896	
1387	2733	3005	2584	2543	2992	2665	2828	2244	2148	2162	1931	1985	1604	1482	1115	843	598	421	0	340	584	816	1264	1441	1496	2040	1999	2108	2148	2516	
1536	2760	3073	2679	2679	3155	2869	3046	2475	2407	2448	2216	2312	1931	1822	1455	1183	924	680	340	0	503	707	992	1224	1387	1876	1904	2053	2135	2516	
1101	2244	2570	2203	2216	2720	2448	2679	2121	2094	2189	2012	2189	1822	1822	1468	1251	884	1020	584	503	0	231	775	884	911	1455	1428	1550	1632	2012	
1047	2067	2393	2067	2108	2624	2380	2638	2108	2094	2230	2067	2284	1944	1985	1645	1441	1060	1251	816	707	231	0	652	680	680	1224	1196	1332	1428	1808	
1645	2325	2692	2475	2570	3114	2924	3209	2720	2733	2869	2720	2937	2597	2611	2257	2040	1672	1672	1264	992	775	652	0	340	748	1006	1224	1468	1672	2026	
1496	1999	2366	2189	2312	2856	2706	3019	2556	2584	2760	2652	2910	2597	2652	2325	2121	1740	1863	1441	1224	884	680	340	0	448	680	884	1142	1346	1700	
1142	1564	1931	1740	1849	2407	2271	2597	2162	2216	2420	2339	2652	2366	2488	2176	2040	1645	1931	1496	1387	911	680	748	448	0	584	516	720	911	1264	
1645	1564	1944	1931	2108	2638	2597	2951	2584	2679	2910	2856	3196	2924	3060	2760	2624	2230	2475	2040	1876	1455	1224	1006	680	584	0	448	734	992	1251	
1305	1142	1536	1482	1659	2189	2148	2516	2176	2284	2529	2502	2869	2638	2815	2543	2448	2053	2420	1999	1904	1428	1196	1224	884	516	448	0	285	557	843	
1196	856	1237	1196	1387	1917	1890	2257	1958	2094	2366	2366	2760	2543	2760	2516	2448	2080	2516	2108	2053	1550	1332	1468	1142	720	734	285	0	272	557	
1074	652	1020	924	1115	1645	1632	1999	1727	1876	2162	2176	2584	2407	2652	2434	2393	2040	2529	2148	2135	1632	1428	1672	1346	911	992	557	272	0	367	
1360	299	693	788	1020	1496	1577	1958	1808	1972	2284	2339	2774	2638	2910	2733	2720	2380	2896	2516	2516	2012	1808	2026	1700	1264	1251	843	557	367	0	
V2
0	1787	2033	1443	1394	1951	1607	1902	1279	1312	1541	1459	1886	1607	1886	1656	1656	1279	2017	1672	1853	1328	1262	1984	1804	1377	1984	1574	1443	1295	1640	
1787	0	459	738	1049	1525	1705	2164	2082	2312	2689	2820	3345	3230	3608	3427	3444	3050	3722	3296	3329	2706	2492	2804	2410	1886	1886	1377	1033	787	360	
2033	459	0	688	951	1246	1558	1984	2050	2312	2689	2853	3411	3345	3755	3624	3673	3329	4034	3624	3706	3099	2886	3247	2853	2328	2345	1853	1492	1230	836	
1443	738	688	0	295	869	967	1426	1377	1623	2000	2164	2706	2656	3066	2952	3034	2722	3476	3116	3230	2656	2492	2984	2640	2099	2328	1787	1443	1115	951	
1394	1049	951	295	0	656	672	1131	1098	1344	1722	1918	2460	2443	2870	2788	2902	2624	3394	3066	3230	2673	2542	3099	2788	2230	2542	2000	1672	1344	1230	
1951	1525	1246	869	656	0	508	803	1180	1443	1787	2050	2574	2656	3116	3132	3296	3083	3886	3608	3804	3280	3165	3755	3444	2902	3181	2640	2312	1984	1804	
1607	1705	1558	967	672	508	0	459	672	934	1279	1541	2066	2164	2607	2640	2820	2656	3460	3214	3460	2952	2870	3526	3263	2738	3132	2591	2279	1968	1902	
1902	2164	1984	1426	1131	803	459	0	705	869	1115	1426	1886	2082	2542	2656	2886	2771	3591	3411	3673	3230	3181	3870	3640	3132	3558	3034	2722	2410	2361	
1279	2082	2050	1377	1098	1180	672	705	0	262	623	869	1394	1476	1935	1984	2197	2066	2886	2706	2984	2558	2542	3280	3083	2607	3116	2624	2361	2082	2181	
1312	2312	2312	1623	1344	1443	934	869	262	0	377	606	1131	1230	1689	1771	2000	1935	2738	2591	2902	2525	2525	3296	3116	2673	3230	2755	2525	2263	2378	
1541	2689	2689	2000	1722	1787	1279	1115	623	377	0	328	787	984	1443	1607	1886	1902	2673	2607	2952	2640	2689	3460	3329	2919	3509	3050	2853	2607	2755	
1459	2820	2853	2164	1918	2050	1541	1426	869	606	328	0	541	639	1098	1262	1558	1607	2361	2328	2673	2427	2492	3280	3198	2820	3444	3017	2853	2624	2820	
1886	3345	3411	2706	2460	2574	2066	1886	1394	1131	787	541	0	459	787	1115	1459	1672	2296	2394	2788	2640	2755	3542	3509	3198	3854	3460	3329	3116	3345	
1607	3230	3345	2656	2443	2656	2164	2082	1476	1230	984	639	459	0	459	672	1000	1213	1836	1935	2328	2197	2345	3132	3132	2853	3526	3181	3066	2902	3181	
1886	3608	3755	3066	2870	3116	2607	2542	1935	1689	1443	1098	787	459	0	426	770	1131	1590	1787	2197	2197	2394	3148	3198	3001	3690	3394	3329	3198	3509	
1656	3427	3624	2952	2788	3132	2640	2656	1984	1771	1607	1262	1115	672	426	0	344	705	1180	1344	1754	1771	1984	2722	2804	2624	3329	3066	3034	2935	3296	
1656	3444	3673	3034	2902	3296	2820	2886	2197	2000	1886	1558	1459	1000	770	344	0	459	836	1016	1426	1508	1738	2460	2558	2460	3165	2952	2952	2886	3280	
1279	3050	3329	2722	2624	3083	2656	2771	2066	1935	1902	1607	1672	1213	1131	705	459	0	803	721	1115	1066	1279	2017	2099	1984	2689	2476	2509	2460	2870	
2017	3722	4034	3476	3394	3886	3460	3591	2886	2738	2673	2361	2296	1836	1590	1180	836	803	0	508	820	1230	1508	2017	2246	2328	2984	2919	3034	3050	3493	
1672	3296	3624	3116	3066	3608	3214	3411	2706	2591	2607	2328	2394	1935	1787	1344	1016	721	508	0	410	705	984	1525	1738	1804	2460	2410	2542	2591	3034	
1853	3329	3706	3230	3230	3804	3460	3673	2984	2902	2952	2673	2788	2328	2197	1754	1426	1115	820	410	0	606	852	1197	1476	1672	2263	2296	2476	2574	3034	
1328	2706	3099	2656	2673	3280	2952	3230	2558	2525	2640	2427	2640	2197	2197	1771	1508	1066	1230	705	606	0	278	934	1066	1098	1754	1722	1869	1968	2427	
1262	2492	2886	2492	2542	3165	2870	3181	2542	2525	2689	2492	2755	2345	2394	1984	1738	1279	1508	984	852	278	0	787	820	820	1476	1443	1607	1722	2181	
1984	2804	3247	2984	3099	3755	3526	3870	3280	3296	3460	3280	3542	3132	3148	2722	2460	2017	2017	1525	1197	934	787	0	410	902	1213	1476	1771	2017	2443	
1804	2410	2853	2640	2788	3444	3263	3640	3083	3116	3329	3198	3509	3132	3198	2804	2558	2099	2246	1738	1476	1066	820	410	0	541	820	1066	1377	1623	2050	
1377	1886	2328	2099	2230	2902	2738	3132	2607	2673	2919	2820	3198	2853	3001	2624	2460	1984	2328	1804	1672	1098	820	902	541	0	705	623	869	1098	1525	
