M: 8
N: 30
Nun_Veiculos: 8
Capacidade_Total: 586
Demanda_Total: 448
Setup_Min: 1
Setup_Max: 9
Raio: 100
Circulos: 1
Tempo_Processamento_Min: 1
Tempo_Processamento_Max: 49
Demanda_Min: 10
Demanda_Max: 30
Priority_Factor: 0.2
Range_Factor_R: 0.8
U_factor: 2
ALpha: 0.2Replicao: 4
Tempos_Processamentos
0	0	1	0	2	0	3	0	4	0	5	0	6	0	7	0	
0	48	1	28	2	20	3	14	4	45	5	35	6	42	7	27	
0	30	1	48	2	3	3	14	4	24	5	4	6	47	7	24	
0	25	1	3	2	23	3	22	4	48	5	4	6	15	7	18	
0	39	1	14	2	25	3	21	4	3	5	21	6	16	7	17	
0	37	1	24	2	20	3	49	4	40	5	12	6	27	7	28	
0	30	1	24	2	45	3	43	4	6	5	29	6	31	7	21	
0	48	1	37	2	11	3	12	4	5	5	24	6	19	7	16	
0	32	1	32	2	40	3	8	4	24	5	21	6	47	7	3	
0	2	1	28	2	46	3	36	4	19	5	10	6	36	7	29	
0	21	1	21	2	11	3	29	4	20	5	48	6	11	7	48	
0	22	1	6	2	10	3	28	4	25	5	22	6	2	7	21	
0	32	1	43	2	22	3	9	4	44	5	40	6	20	7	40	
0	2	1	41	2	48	3	33	4	1	5	19	6	47	7	16	
0	8	1	31	2	17	3	35	4	20	5	20	6	9	7	49	
0	49	1	46	2	31	3	37	4	27	5	23	6	40	7	44	
0	29	1	5	2	16	3	9	4	35	5	49	6	41	7	49	
0	14	1	49	2	3	3	11	4	14	5	22	6	9	7	34	
0	9	1	21	2	42	3	45	4	28	5	15	6	39	7	11	
0	41	1	25	2	9	3	40	4	22	5	30	6	11	7	28	
0	12	1	17	2	30	3	39	4	42	5	30	6	29	7	9	
0	17	1	43	2	10	3	26	4	25	5	26	6	34	7	1	
0	1	1	20	2	25	3	19	4	24	5	45	6	48	7	24	
0	30	1	27	2	49	3	34	4	35	5	49	6	41	7	26	
0	26	1	27	2	36	3	3	4	31	5	39	6	45	7	23	
0	11	1	38	2	23	3	10	4	20	5	20	6	11	7	7	
0	21	1	17	2	22	3	32	4	4	5	23	6	12	7	13	
0	20	1	9	2	45	3	33	4	4	5	28	6	29	7	13	
0	40	1	34	2	48	3	25	4	23	5	44	6	18	7	9	
0	16	1	13	2	15	3	11	4	28	5	11	6	39	7	49	
0	33	1	25	2	20	3	14	4	21	5	34	6	15	7	14	

Tempos_setup
M0
0	0	0	0	0	0	0	0	0	0	0	0	0	0	0	0	0	0	0	0	0	0	0	0	0	0	0	0	0	0	0	
0	0	3	4	3	5	3	4	2	2	3	5	3	3	3	4	3	4	4	3	2	4	4	4	1	4	4	2	3	5	2	
0	3	0	2	4	3	1	2	2	3	3	3	4	3	3	3	2	2	3	3	3	3	3	3	4	3	2	4	4	4	3	
0	1	3	0	2	1	1	3	2	3	3	1	3	2	3	3	2	2	3	2	1	1	3	3	2	3	2	3	2	4	2	
0	2	3	3	0	3	2	4	3	3	3	3	3	3	2	3	4	2	2	3	3	2	2	4	3	2	1	3	4	4	3	
0	2	3	2	3	0	1	2	2	2	3	3	3	1	3	2	2	2	3	2	2	2	3	3	1	2	2	2	1	3	2	
0	2	3	1	3	2	0	3	1	3	2	2	3	2	2	2	2	1	2	3	2	2	2	3	3	3	1	3	3	3	3	
0	2	3	3	3	2	2	0	3	1	4	2	2	2	2	2	3	1	2	3	2	3	2	2	3	1	1	2	2	3	3	
0	3	3	3	4	4	2	2	0	2	1	3	3	1	3	2	3	3	3	2	4	2	2	2	3	2	2	2	3	3	2	
0	3	3	2	2	3	3	3	2	0	3	3	1	3	2	3	2	3	3	2	3	3	3	2	4	4	3	2	1	3	4	
0	3	4	2	3	3	3	4	3	1	0	3	2	3	3	2	2	4	3	3	3	3	3	3	3	3	4	3	2	4	3	
0	3	2	3	4	2	3	4	3	4	4	0	2	3	3	3	3	4	2	1	4	3	2	3	3	4	4	3	3	4	2	
0	2	2	1	2	2	2	3	2	4	3	2	0	2	1	3	2	3	3	2	2	2	2	2	3	3	3	1	1	3	3	
0	2	3	2	4	3	1	1	2	2	3	2	2	0	2	1	2	2	2	2	3	1	2	2	2	1	1	1	3	3	1	
0	3	1	3	4	2	2	2	2	3	3	2	2	1	0	2	2	3	3	1	3	2	1	3	2	2	2	1	3	4	2	
0	4	4	3	3	3	3	3	1	2	2	3	2	2	3	0	3	2	2	3	2	3	1	3	1	1	3	3	3	4	2	
0	3	2	3	4	3	3	4	3	2	2	2	2	3	3	2	0	4	1	1	3	4	3	3	3	3	2	3	2	4	4	
0	2	2	2	2	1	1	3	2	3	3	3	3	2	1	1	3	0	2	2	1	3	2	4	2	2	1	2	2	4	3	
0	4	3	4	3	2	3	4	2	3	3	1	3	3	4	1	4	3	0	2	2	3	2	3	2	2	4	3	3	4	3	
0	2	1	2	3	3	2	3	3	4	4	2	1	2	2	3	3	3	3	0	3	3	2	2	3	3	3	2	2	3	3	
0	3	3	4	1	3	3	3	2	2	3	3	3	3	3	3	2	2	3	2	0	3	2	4	3	3	2	2	1	4	4	
0	1	2	3	4	3	3	2	2	3	3	1	2	3	3	3	2	3	3	1	3	0	3	2	2	3	3	2	3	3	1	
0	3	3	2	3	3	3	3	1	2	2	3	1	2	2	3	3	4	3	3	2	2	0	3	1	2	2	2	2	4	2	
0	2	2	1	2	2	2	3	1	3	2	2	2	2	3	1	3	3	3	1	2	2	2	0	2	2	2	3	3	1	2	
0	4	4	3	2	4	2	4	2	1	3	4	2	3	3	4	2	3	3	3	1	4	3	3	0	3	3	2	2	4	1	
0	3	3	2	4	3	2	2	3	2	4	2	3	1	3	2	3	3	1	2	3	2	3	3	3	0	2	2	3	4	2	
0	1	2	4	4	3	3	3	2	2	3	2	3	2	1	2	3	2	1	2	3	3	2	4	2	3	0	2	3	5	3	
0	3	3	2	3	3	3	4	3	4	3	3	1	3	2	4	3	4	3	3	3	3	3	3	4	4	2	0	2	4	3	
0	3	3	4	4	2	3	2	1	3	2	2	3	2	3	3	1	3	2	2	3	3	3	3	3	3	2	3	0	3	3	
0	2	3	3	1	4	2	2	2	3	3	3	2	1	2	2	3	3	2	3	3	2	1	3	2	2	1	2	3	0	2	
0	3	3	3	4	4	2	3	1	3	2	3	2	2	3	3	1	3	2	2	4	3	3	3	4	3	3	2	3	4	0	
M1
0	0	0	0	0	0	0	0	0	0	0	0	0	0	0	0	0	0	0	0	0	0	0	0	0	0	0	0	0	0	0	
0	0	2	3	3	3	2	2	2	2	3	1	4	3	3	2	3	2	3	3	1	2	2	1	2	2	3	2	3	3	3	
0	2	0	3	2	3	2	2	2	3	3	3	2	3	2	2	3	3	3	3	1	2	2	3	2	3	2	1	2	1	3	
0	2	1	0	3	2	2	2	3	2	3	3	1	3	2	3	2	3	3	3	1	1	2	1	2	2	3	1	2	2	3	
0	1	2	2	0	1	2	3	3	3	2	2	2	3	2	2	2	2	1	1	2	3	2	2	3	2	2	3	2	3	2	
0	2	1	2	1	0	3	2	2	2	2	3	3	2	2	1	2	2	2	2	2	3	1	3	2	1	2	2	1	2	1	
0	3	2	2	2	1	0	2	3	2	1	1	2	2	3	2	1	2	1	2	2	3	2	3	3	2	2	3	2	2	1	
0	2	3	2	1	2	3	0	3	3	3	3	2	3	1	3	2	3	2	2	3	2	2	3	3	3	1	1	2	3	2	
0	1	3	3	2	3	2	1	0	2	3	2	3	2	2	2	3	1	3	3	2	3	3	2	3	3	2	2	3	2	3	
0	2	3	3	3	3	3	2	1	0	2	3	3	2	3	2	2	1	4	2	2	3	2	1	3	1	3	2	3	2	1	
0	3	4	3	3	3	3	2	2	3	0	4	4	4	3	2	4	3	3	4	3	4	2	3	3	1	3	3	3	3	4	
0	3	3	3	2	3	3	1	2	1	3	0	3	2	2	1	3	2	3	3	2	3	3	2	2	2	2	2	3	3	2	
0	2	2	3	2	1	2	1	3	3	2	3	0	2	2	2	3	3	3	3	2	2	2	1	3	2	2	1	2	3	2	
0	3	1	2	3	2	2	2	2	4	3	3	3	0	2	3	3	3	3	3	1	2	2	1	2	2	1	2	3	2	2	
0	2	3	4	2	2	2	2	3	3	2	2	1	3	0	2	1	2	3	1	2	3	3	2	3	2	3	2	2	4	3	
0	2	3	3	2	3	3	1	3	3	3	3	3	3	2	0	3	3	3	3	3	3	2	3	1	3	2	1	2	2	3	
0	3	2	3	2	1	1	2	3	2	2	1	3	3	3	2	0	3	2	3	1	2	2	3	2	2	3	3	2	3	2	
0	3	2	3	3	3	3	2	3	2	4	3	3	1	3	1	2	0	4	4	2	3	3	2	2	3	2	2	3	3	3	
0	3	2	1	3	2	1	2	3	3	2	2	1	2	3	3	2	2	0	2	2	2	2	2	3	1	1	2	3	3	2	
0	3	2	4	2	3	3	3	2	2	1	2	3	2	2	2	2	1	3	0	2	3	3	3	2	2	3	3	1	3	3	
0	3	3	2	2	2	1	1	3	3	2	2	3	2	2	2	2	2	2	2	0	1	1	3	1	2	2	2	2	3	2	
0	3	3	4	3	2	2	2	3	2	3	2	2	4	1	3	1	3	3	2	2	0	3	3	3	2	3	3	3	4	3	
0	3	2	1	2	2	2	2	2	2	2	3	2	2	1	2	2	1	3	2	1	2	0	2	2	1	1	2	1	3	2	
0	2	3	3	3	3	2	2	3	3	2	3	3	3	3	3	3	3	3	3	1	2	2	0	2	1	3	1	2	2	3	
0	3	3	2	3	2	4	2	3	3	4	4	3	4	3	1	4	4	4	4	3	3	3	3	0	3	3	2	2	3	3	
0	3	3	2	2	3	3	1	3	3	1	4	3	3	2	3	3	2	3	3	2	3	1	2	3	0	2	2	2	2	3	
0	3	2	1	2	1	3	1	2	3	3	3	2	2	2	2	2	2	3	2	2	2	2	2	3	2	0	2	2	2	1	
0	1	2	2	2	3	3	3	2	2	2	2	3	3	2	3	3	2	3	3	2	3	1	2	2	2	2	0	1	3	3	
0	2	1	3	1	2	2	2	1	1	3	3	3	3	3	2	3	2	2	2	1	2	2	2	1	2	3	2	0	2	2	
0	2	3	2	3	2	1	2	3	3	2	2	1	3	1	1	2	3	2	2	3	3	2	2	2	3	1	1	2	0	2	
0	3	2	3	3	2	2	3	3	3	2	2	2	1	2	2	1	2	3	1	2	3	3	2	2	3	2	2	2	1	0	
M2
0	0	0	0	0	0	0	0	0	0	0	0	0	0	0	0	0	0	0	0	0	0	0	0	0	0	0	0	0	0	0	
0	0	1	2	4	3	2	2	2	3	4	2	1	1	3	2	3	1	3	2	3	2	2	2	3	2	2	1	2	2	2	
0	4	0	4	3	4	4	5	2	3	4	3	2	4	4	3	4	4	3	4	2	3	3	3	3	2	1	3	4	4	4	
0	4	2	0	3	4	2	5	2	3	3	1	2	2	2	2	1	4	3	3	2	3	3	2	3	4	3	2	3	3	2	
0	3	3	5	0	4	4	2	2	3	3	3	4	3	3	3	4	1	3	3	4	2	5	2	2	2	3	3	3	4	2	
0	4	2	4	3	0	3	4	1	4	5	3	2	4	4	3	3	3	2	3	2	4	3	3	3	3	2	2	3	4	1	
0	4	3	1	2	4	0	3	3	3	3	2	2	2	2	2	2	2	1	4	3	3	2	3	3	3	3	3	1	3	3	
0	1	2	3	2	2	3	0	2	1	2	3	2	2	2	3	3	2	1	2	2	1	3	1	2	2	1	2	2	3	2	
0	4	1	3	2	5	4	3	0	3	5	3	3	4	3	3	3	2	1	2	3	3	4	3	4	3	2	4	4	4	3	
0	3	2	2	2	4	4	4	1	0	5	3	4	3	4	4	3	3	2	3	4	3	2	4	2	4	3	4	3	5	3	
0	2	2	3	3	3	2	4	2	4	0	3	3	2	2	1	3	3	2	3	4	3	4	3	4	3	3	2	2	2	1	
0	4	2	3	3	3	2	4	1	3	5	0	3	1	3	4	3	3	2	3	4	2	4	3	4	3	3	2	3	5	1	
0	2	2	4	3	2	3	3	1	4	3	1	0	2	3	1	4	2	2	3	3	2	1	3	4	3	2	3	2	2	2	
0	4	1	4	4	2	3	5	2	2	5	3	3	0	2	4	5	4	3	3	3	3	4	2	3	3	2	2	3	4	3	
0	3	3	3	3	3	2	4	2	3	4	2	1	3	0	2	4	3	2	2	3	1	2	4	4	4	3	4	3	2	2	
0	2	3	3	4	4	2	3	3	3	2	2	2	2	2	0	4	2	3	2	3	3	3	3	4	3	4	3	1	1	3	
0	3	2	3	2	3	2	4	2	3	2	1	4	2	3	3	0	3	2	2	1	3	4	2	2	3	3	1	3	2	1	
0	2	2	4	3	3	3	1	1	2	3	2	3	2	2	3	3	0	2	2	3	1	4	1	2	1	2	2	2	4	1	
0	3	2	4	1	4	4	2	2	2	4	3	4	3	3	4	2	1	0	3	3	2	4	2	3	2	3	3	3	3	2	
0	2	2	2	2	4	2	3	2	1	5	2	2	3	1	3	3	3	3	0	4	2	3	4	3	4	3	3	3	3	3	
0	4	2	4	3	4	3	3	4	4	5	3	3	2	2	3	4	3	3	3	0	2	4	1	1	2	3	2	2	4	2	
0	3	2	3	2	3	3	3	3	2	4	3	3	4	2	2	3	2	1	1	3	0	4	3	4	3	2	4	3	3	1	
0	3	3	5	4	4	4	2	2	3	4	3	4	3	3	3	3	1	3	3	2	2	0	2	3	2	1	3	3	4	2	
0	4	1	3	3	3	2	4	3	3	5	2	2	2	1	3	3	3	2	2	3	1	3	0	1	3	2	3	1	3	1	
0	4	2	3	3	3	2	3	3	3	4	3	4	1	3	4	3	2	2	3	2	3	4	3	0	3	3	2	3	5	1	
0	3	3	3	4	3	2	4	3	3	5	2	4	2	3	4	4	3	3	2	3	3	4	2	1	0	4	1	3	5	2	
0	4	2	4	3	3	3	4	1	2	4	2	4	3	3	2	3	3	2	3	1	3	4	2	2	1	0	2	3	3	3	
0	2	2	2	3	2	1	4	2	2	4	1	3	2	2	3	3	3	2	1	4	3	3	3	4	3	3	0	2	4	1	
0	4	3	2	4	4	3	5	2	4	5	1	2	2	4	3	3	4	3	3	4	2	3	4	4	4	4	3	0	4	2	
0	3	2	3	4	3	2	2	2	3	4	3	2	1	1	3	4	1	3	3	2	2	3	2	3	2	3	3	3	0	2	
0	3	1	4	2	2	4	3	3	3	4	3	3	4	3	3	2	2	1	4	3	3	4	3	3	2	2	3	2	4	0	
M3
0	0	0	0	0	0	0	0	0	0	0	0	0	0	0	0	0	0	0	0	0	0	0	0	0	0	0	0	0	0	0	
0	0	1	2	3	1	3	1	2	2	2	3	2	2	2	2	3	1	2	2	2	3	3	3	3	1	3	2	1	2	2	
0	2	0	2	2	3	2	2	3	1	2	2	2	2	1	4	2	2	2	1	2	3	4	2	3	2	3	3	3	3	1	
0	3	3	0	4	3	3	1	2	3	2	3	2	4	3	3	4	4	2	3	2	4	3	3	3	1	3	1	2	3	2	
0	1	2	2	0	2	3	2	3	2	2	3	2	3	2	3	2	2	1	1	2	3	4	3	3	2	2	1	2	3	1	
0	3	3	2	3	0	3	3	2	3	4	3	3	3	2	4	4	3	1	3	2	4	2	3	2	3	3	3	3	2	4	
0	3	3	3	3	3	0	4	2	3	2	4	2	2	2	4	4	1	2	3	3	3	3	4	3	4	3	2	3	3	4	
0	2	3	1	4	2	2	0	3	2	3	3	1	3	3	3	3	3	2	3	2	4	2	3	2	2	4	2	2	3	1	
0	1	2	3	2	2	2	2	0	3	3	2	2	3	3	3	2	2	2	2	3	2	1	2	3	2	1	3	2	3	3	
0	2	3	2	2	3	2	1	2	0	2	1	2	1	2	3	1	1	2	3	3	2	3	1	3	2	3	2	3	3	2	
0	1	2	2	3	1	2	2	2	3	0	2	2	2	3	2	2	2	2	1	2	2	3	3	1	2	1	3	2	1	3	
0	2	2	2	1	3	1	2	2	3	3	0	3	3	3	4	3	2	2	2	2	3	3	4	4	1	2	2	3	4	2	
0	3	4	3	3	4	3	2	3	1	3	2	0	2	3	4	2	2	3	4	4	3	4	2	3	3	4	2	3	4	3	
0	3	3	3	3	3	4	3	2	2	2	3	1	0	2	3	3	1	3	3	4	2	3	3	3	4	3	2	3	3	4	
0	2	3	2	1	3	3	2	2	1	2	2	2	2	0	4	2	1	1	1	2	3	3	2	3	2	3	2	3	2	2	
0	2	2	3	4	1	2	3	2	3	2	3	2	2	3	0	4	1	2	3	1	2	3	4	3	3	1	2	2	2	3	
0	1	2	3	3	2	3	2	1	3	3	3	3	3	3	3	0	2	3	3	3	2	2	2	4	2	2	3	2	3	3	
0	2	2	2	3	2	3	3	1	2	1	3	1	1	3	3	3	0	3	2	3	2	2	3	2	3	2	1	2	2	3	
0	2	2	1	2	2	2	2	3	2	3	3	2	3	1	3	3	2	0	2	1	4	4	2	4	2	4	2	2	3	3	
0	1	2	1	3	2	2	2	2	2	1	3	1	2	2	3	1	2	2	0	1	3	3	2	2	1	2	2	2	2	3	
0	1	1	3	3	2	1	2	3	2	3	3	3	3	2	2	3	2	2	2	0	4	3	3	4	2	3	3	1	2	2	
0	2	3	2	2	2	2	1	1	2	1	1	1	2	2	1	2	2	3	2	2	0	2	3	2	2	2	3	3	2	2	
0	2	3	2	2	3	2	2	3	2	2	1	2	3	3	2	2	3	3	1	2	2	0	1	2	2	2	2	1	2	3	
0	1	2	3	4	2	4	2	3	3	3	4	3	3	3	3	4	2	2	3	3	4	4	0	4	2	4	3	2	3	3	
0	3	4	4	3	3	3	4	3	3	3	2	2	1	3	2	2	2	4	4	3	3	4	3	0	3	3	3	4	4	4	
0	2	2	1	3	3	2	2	1	2	3	2	2	3	3	3	3	3	3	3	1	3	2	3	4	0	2	2	2	3	3	
0	3	3	3	3	3	1	2	2	3	2	2	2	2	2	2	3	1	3	3	3	1	3	4	2	3	0	2	3	3	3	
0	3	4	1	4	3	3	2	3	4	3	3	3	4	4	2	5	3	3	4	3	3	4	2	4	2	2	0	1	2	3	
0	3	3	2	3	2	3	1	2	3	3	2	2	3	4	1	4	2	3	4	2	3	3	4	3	3	2	3	0	1	2	
0	2	3	3	2	3	2	3	1	3	4	1	2	4	4	4	3	3	3	3	2	3	2	3	4	2	2	2	3	0	3	
0	2	2	2	3	3	2	3	3	3	4	4	3	2	2	3	2	3	1	3	1	4	4	3	5	3	4	3	2	3	0	
M4
0	0	0	0	0	0	0	0	0	0	0	0	0	0	0	0	0	0	0	0	0	0	0	0	0	0	0	0	0	0	0	
0	0	2	2	3	2	1	2	3	3	2	2	2	1	3	3	4	3	3	2	2	2	3	1	3	2	3	2	3	3	2	
0	3	0	2	4	4	1	3	2	3	2	3	2	2	4	1	3	2	3	2	4	3	3	2	3	1	3	1	2	1	2	
0	2	3	0	3	2	1	1	2	1	2	3	2	2	3	2	2	2	2	2	4	2	3	3	1	3	3	3	3	3	2	
0	3	2	2	0	3	3	3	4	1	2	1	3	2	3	3	4	2	3	3	1	2	3	2	2	3	1	3	2	3	2	
0	4	5	4	3	0	4	3	3	4	2	3	2	5	1	4	5	4	4	3	4	3	2	4	5	3	4	5	3	4	3	
0	3	2	1	4	3	0	2	3	2	2	4	1	1	4	3	3	3	3	3	3	2	3	3	2	3	2	3	2	3	1	
0	2	3	2	2	1	1	0	2	1	2	3	2	2	2	4	4	3	1	4	3	2	3	3	2	3	3	4	3	3	2	
0	1	3	2	4	3	1	2	0	1	2	3	2	2	2	3	4	3	3	2	3	2	3	1	3	3	2	2	1	3	1	
0	3	4	3	3	3	2	2	4	0	1	3	3	3	4	4	4	3	2	3	3	1	3	2	2	3	2	3	3	4	1	
0	2	4	3	3	2	2	1	3	2	0	3	3	3	3	4	3	2	2	3	2	1	3	2	3	4	2	3	3	4	3	
0	3	2	1	4	2	2	2	3	2	3	0	2	3	3	3	3	2	3	3	4	3	3	4	2	3	2	3	3	3	2	
0	4	3	4	4	5	4	4	4	3	3	4	0	3	6	3	5	3	4	3	2	4	4	3	3	3	2	3	2	2	3	
0	3	1	3	4	3	2	2	3	3	1	3	3	0	4	2	4	3	3	3	3	2	2	3	4	2	3	2	2	2	2	
0	3	4	3	4	3	3	2	4	3	1	2	3	4	0	3	4	3	3	4	3	2	1	3	4	2	3	4	2	4	2	
0	2	3	2	4	3	2	2	3	3	1	3	3	3	4	0	4	3	3	2	3	2	4	1	2	1	3	2	3	4	3	
0	3	4	3	4	2	3	3	4	4	3	3	4	4	2	3	0	4	4	3	2	3	2	2	3	3	4	3	3	3	2	
0	2	3	2	4	3	3	3	4	1	2	1	3	3	4	2	4	0	3	1	4	2	1	3	3	2	3	4	2	4	2	
0	4	3	3	1	4	4	3	5	2	3	2	4	3	2	4	4	2	0	3	2	3	3	3	1	3	2	4	3	3	2	
0	1	2	3	4	3	2	2	4	1	2	3	3	2	4	1	5	3	3	0	3	2	3	2	3	2	2	3	3	3	1	
0	2	3	2	2	3	3	2	3	2	2	3	3	3	4	3	4	2	3	2	0	2	3	1	1	3	3	2	1	3	1	
0	2	3	2	2	3	1	3	3	3	3	3	2	2	3	3	3	3	1	2	3	0	4	1	2	3	1	2	2	4	2	
0	3	3	2	3	3	3	2	3	2	3	1	3	3	4	2	4	3	2	3	4	2	0	2	3	1	3	3	1	3	1	
0	1	3	3	3	2	2	3	2	2	3	2	3	2	3	2	3	2	2	1	3	1	3	0	3	3	2	1	3	4	2	
0	3	3	2	4	3	3	2	4	2	2	2	4	3	4	3	3	1	3	2	3	2	2	3	0	2	3	4	3	2	1	
0	3	5	4	4	3	3	4	2	3	4	4	4	4	4	4	3	3	3	3	3	2	3	2	4	0	3	2	3	5	3	
0	4	2	3	4	3	2	2	4	2	2	3	3	1	4	3	4	2	3	3	3	3	3	3	1	2	0	3	1	3	2	
0	2	4	3	4	3	2	3	1	2	3	2	3	3	3	3	2	1	3	2	4	3	2	2	4	3	3	0	2	4	2	
0	4	2	2	4	4	3	3	4	1	2	3	4	2	5	3	4	2	3	3	4	2	3	3	3	3	3	3	0	2	2	
0	2	1	3	3	3	2	2	3	2	1	3	3	3	4	2	4	3	2	1	3	2	4	1	3	2	2	2	1	0	2	
0	3	3	3	3	2	2	1	3	2	3	4	3	3	3	4	4	4	2	3	4	1	4	2	3	4	2	3	3	4	0	
M5
0	0	0	0	0	0	0	0	0	0	0	0	0	0	0	0	0	0	0	0	0	0	0	0	0	0	0	0	0	0	0	
0	0	2	2	4	2	3	2	2	3	5	2	3	1	4	3	3	3	2	2	3	4	3	4	2	4	4	3	3	4	3	
0	2	0	2	2	3	3	3	2	3	3	2	2	3	2	1	3	4	3	3	1	4	1	2	2	2	3	3	1	4	2	
0	2	3	0	3	3	4	2	4	4	3	3	1	3	4	4	2	3	1	2	3	4	2	4	4	3	3	4	4	4	2	
0	3	3	3	0	4	4	3	3	3	4	4	4	3	4	1	3	4	2	4	3	4	3	2	2	2	4	3	4	4	4	
0	3	2	1	2	0	4	1	3	3	4	3	2	2	2	3	1	1	2	2	2	3	3	3	3	2	3	3	2	3	1	
0	2	2	3	3	2	0	1	3	3	4	3	1	3	2	3	3	2	3	3	3	2	2	2	4	4	4	1	3	3	2	
0	3	3	3	2	3	3	0	2	3	4	3	2	2	2	3	3	1	2	3	4	2	2	3	3	3	3	3	2	2	3	
0	2	1	2	2	1	3	2	0	1	4	3	3	2	3	1	2	2	3	3	2	2	2	2	1	2	3	1	2	3	2	
0	2	2	1	1	3	3	3	3	0	4	2	2	1	4	2	3	4	2	2	3	5	1	3	3	3	3	4	3	2	2	
0	3	2	3	3	2	3	2	1	2	0	4	4	3	4	2	2	3	3	3	3	2	3	3	2	3	4	1	3	3	3	
0	4	2	3	4	4	5	4	4	3	3	0	4	4	4	2	5	5	4	5	3	4	3	3	4	3	5	3	3	5	4	
0	1	2	2	2	3	4	2	3	4	5	2	0	2	4	3	4	3	3	2	3	4	1	3	3	3	5	4	3	3	1	
0	3	1	3	3	2	4	2	3	3	4	1	3	0	3	2	2	3	1	1	2	4	2	3	3	3	3	3	2	4	3	
0	2	3	2	3	3	4	3	3	2	4	4	3	3	0	1	1	4	3	4	2	4	3	1	4	2	2	3	3	3	4	
0	2	3	2	3	3	4	2	4	2	3	3	3	2	3	0	4	3	3	3	2	3	3	1	3	1	4	2	4	3	3	
0	2	3	2	3	3	4	2	2	2	5	3	3	2	4	3	0	3	3	3	1	3	3	4	3	1	4	2	3	4	3	
0	2	2	3	2	3	4	3	2	3	4	2	2	1	1	2	2	0	1	2	3	4	3	2	2	2	2	3	1	4	2	
0	2	2	3	3	2	5	3	3	3	5	3	4	3	4	3	1	3	0	2	2	4	3	4	3	2	2	3	3	4	2	
0	3	3	3	3	3	4	4	4	2	4	3	4	3	5	4	3	4	2	0	4	3	2	5	4	4	4	2	4	3	3	
0	3	3	2	3	3	4	2	4	2	5	3	3	2	4	3	4	3	3	3	0	3	3	4	3	1	4	2	4	4	3	
0	1	3	1	2	2	1	2	3	1	4	2	2	2	3	3	2	3	1	3	3	0	1	3	3	3	3	1	4	3	2	
0	1	2	1	2	3	4	2	2	3	4	1	2	2	4	3	3	3	2	2	3	4	0	3	3	4	4	3	3	3	1	
0	1	2	1	2	3	4	3	3	1	4	3	2	2	2	3	3	4	2	3	1	4	2	0	3	2	4	3	3	3	3	
0	1	1	2	2	2	2	3	1	1	4	3	3	2	3	2	3	2	3	3	2	3	2	3	0	3	4	2	2	3	3	
0	2	2	1	2	2	3	1	3	1	4	2	2	1	3	3	3	2	2	2	2	2	2	4	2	0	3	1	3	3	2	
0	3	3	3	2	3	3	3	2	3	4	3	4	3	2	1	3	2	2	3	3	4	3	2	2	2	0	3	1	2	2	
0	2	2	2	3	1	2	2	4	2	3	3	3	3	3	3	2	2	2	3	3	1	2	4	3	3	4	0	3	2	2	
0	2	2	3	1	2	3	2	1	2	5	2	4	2	1	2	2	3	3	2	3	3	3	2	1	3	3	2	0	3	1	
0	3	2	2	2	3	1	2	3	2	5	2	2	1	3	3	3	3	2	2	3	3	3	3	4	4	4	2	3	0	1	
0	3	1	3	1	3	3	1	3	3	4	2	3	1	3	2	3	2	2	1	2	3	2	2	3	3	4	3	2	2	0	
M6
0	0	0	0	0	0	0	0	0	0	0	0	0	0	0	0	0	0	0	0	0	0	0	0	0	0	0	0	0	0	0	
0	0	3	3	2	2	3	2	2	1	3	3	2	2	2	3	1	2	2	1	1	2	2	2	3	2	3	2	2	3	2	
0	2	0	2	3	3	3	2	4	3	3	1	1	2	3	3	3	2	2	2	1	3	3	3	3	2	2	2	2	3	3	
0	3	1	0	2	2	2	3	3	2	1	2	2	3	2	3	2	3	2	3	2	1	3	3	3	3	3	3	3	2	2	
0	3	2	3	0	3	3	3	4	2	3	3	2	4	2	4	2	2	1	2	3	2	3	3	3	2	3	3	3	1	3	
0	3	1	1	2	0	3	2	2	1	2	2	2	3	2	1	2	2	3	3	2	2	1	4	3	3	3	2	3	1	2	
0	3	3	2	2	2	0	3	1	2	1	2	2	3	2	3	2	1	2	2	2	3	2	4	2	2	3	2	3	3	1	
0	3	3	3	2	3	2	0	2	2	2	3	2	4	2	2	2	3	3	3	3	2	2	3	1	2	3	3	3	1	2	
0	3	2	1	2	2	3	3	0	3	2	3	3	2	2	3	2	3	2	3	3	2	3	4	2	1	4	4	3	3	3	
0	2	2	2	1	3	3	3	2	0	3	3	1	4	2	3	2	1	2	2	3	3	3	4	2	2	2	2	2	2	1	
0	2	2	2	1	1	3	3	3	2	0	1	2	4	1	2	2	2	1	2	3	3	2	3	2	2	2	3	2	2	1	
0	2	3	3	3	2	3	3	3	3	4	0	1	3	3	3	2	2	2	3	2	3	3	2	3	2	1	3	2	3	2	
0	1	2	2	2	3	2	3	3	2	3	2	0	3	2	2	2	1	2	2	2	2	3	3	2	1	1	2	1	3	2	
0	2	1	3	2	3	3	1	3	3	2	2	2	0	1	3	2	3	3	3	2	3	3	4	2	2	3	3	3	2	3	
0	1	2	2	1	2	3	2	3	2	1	1	2	3	0	2	1	3	2	2	2	2	3	3	2	1	2	2	2	2	2	
0	3	2	2	2	1	3	3	1	1	2	1	2	3	2	0	3	2	3	3	3	3	2	3	3	2	2	1	3	2	2	
0	2	2	2	2	1	3	3	3	2	2	2	1	3	1	2	0	2	3	1	2	3	2	4	2	1	2	2	1	2	2	
0	3	3	2	2	2	3	2	3	1	3	2	2	4	2	2	1	0	3	2	3	3	3	4	2	2	3	1	2	3	1	
0	3	1	2	2	3	3	3	3	2	3	2	2	3	2	3	2	1	0	1	2	3	2	4	2	1	2	2	3	3	2	
0	3	3	3	1	4	3	2	2	2	3	3	2	3	2	3	3	3	2	0	3	2	1	4	3	2	3	1	3	2	2	
0	3	2	3	2	3	3	1	3	3	2	3	3	1	2	3	3	2	1	1	0	3	2	4	2	2	3	1	3	2	2	
0	3	2	3	3	2	1	2	2	2	2	3	2	2	2	3	1	2	2	2	1	0	2	5	3	2	3	2	2	1	2	
0	4	3	3	1	3	2	1	3	2	3	2	3	3	3	3	2	3	2	3	2	1	0	4	2	3	3	3	3	2	3	
0	1	3	3	3	3	3	3	3	2	3	4	3	3	3	4	2	3	3	2	2	3	3	0	3	2	4	3	3	4	2	
0	3	2	2	1	2	1	2	2	2	2	2	2	4	2	1	2	2	2	2	3	2	1	2	0	1	3	2	3	1	1	
0	2	1	1	1	3	2	3	3	3	2	2	2	3	1	2	2	3	2	3	2	2	2	3	1	0	3	3	3	2	2	
0	1	3	3	3	2	4	3	2	2	3	3	2	3	2	3	1	1	3	2	2	3	3	3	3	2	0	2	2	2	2	
0	3	3	2	3	4	2	2	3	4	3	3	4	5	2	3	3	3	4	2	4	3	3	4	2	3	4	0	2	3	1	
0	3	3	2	3	2	3	4	3	3	3	1	2	3	2	3	1	3	2	2	3	2	3	3	2	2	2	3	0	2	1	
0	2	3	3	2	2	3	3	4	3	2	2	1	4	1	3	1	2	3	2	3	2	3	4	3	2	2	3	2	0	3	
0	2	2	1	2	3	2	3	2	3	2	2	3	4	1	2	2	3	3	1	3	2	2	3	1	2	3	2	3	2	0	
M7
0	0	0	0	0	0	0	0	0	0	0	0	0	0	0	0	0	0	0	0	0	0	0	0	0	0	0	0	0	0	0	
0	0	2	2	2	3	1	3	3	3	2	3	2	2	3	2	2	3	3	3	3	1	4	3	3	3	3	4	2	2	3	
0	2	0	1	3	3	3	3	3	3	3	4	4	2	1	4	2	2	3	2	3	3	4	2	3	2	2	2	1	2	3	
0	3	2	0	3	2	3	3	3	2	3	3	4	3	3	3	1	2	2	2	2	3	4	2	3	1	2	3	3	2	2	
0	3	3	3	0	3	2	2	1	3	3	3	3	2	3	3	3	1	4	3	3	3	3	3	3	4	4	3	2	3	1	
0	3	3	2	3	0	3	3	4	3	1	4	3	2	1	4	2	2	2	2	2	3	3	2	3	3	3	3	1	2	4	
0	2	2	1	2	3	0	3	2	2	1	2	1	1	2	1	2	2	2	2	2	2	3	3	2	2	2	3	2	2	3	
0	3	2	2	3	1	3	0	2	2	2	1	4	3	2	3	1	1	3	2	3	3	4	2	3	3	3	3	2	2	4	
0	3	2	3	3	3	2	3	0	2	3	3	3	1	2	3	4	2	3	3	2	4	4	3	2	4	3	3	3	3	4	
0	1	3	2	3	4	2	3	2	0	2	1	3	2	2	1	3	2	2	3	2	2	4	1	1	3	1	1	3	2	4	
0	3	2	3	2	3	3	3	3	2	0	3	2	1	2	3	4	2	4	3	1	3	2	3	2	4	2	3	3	3	3	
0	2	3	1	4	3	3	4	3	1	3	0	4	3	3	2	2	3	3	3	3	3	5	2	2	2	2	2	4	3	3	
0	1	2	2	2	4	1	4	2	2	1	1	0	2	3	2	3	3	3	1	2	2	3	3	3	2	1	3	2	3	3	
0	2	1	2	2	2	3	2	3	1	3	2	4	0	1	2	3	1	3	2	1	3	4	2	1	3	2	2	2	2	3	
0	2	3	1	2	3	3	3	3	3	3	4	3	2	0	4	2	2	3	1	2	3	3	3	3	2	3	2	3	3	3	
0	3	3	2	2	4	2	3	1	3	3	3	3	2	3	0	3	2	2	4	2	1	3	3	3	3	3	2	2	1	3	
0	2	1	1	2	1	2	3	3	2	2	3	3	2	2	3	0	2	3	1	2	2	3	1	3	2	3	3	2	1	3	
0	3	2	3	2	2	3	1	3	3	3	2	4	4	2	4	2	0	4	2	3	2	4	2	3	4	4	4	1	2	3	
0	4	2	3	1	3	3	3	2	4	4	4	4	3	3	4	4	2	0	4	3	3	4	4	4	4	4	4	3	4	2	
0	1	3	1	1	3	2	3	2	3	3	4	3	3	2	3	2	2	3	0	3	2	4	3	3	2	3	4	2	3	2	
0	4	4	2	1	4	2	3	2	4	3	3	3	3	4	2	3	2	3	4	0	2	4	4	4	3	1	4	3	3	2	
0	3	2	1	1	3	1	2	2	3	2	3	2	2	2	2	2	2	3	3	2	0	3	2	3	2	3	4	1	1	2	
0	2	3	3	3	4	2	3	2	3	2	2	1	2	3	3	4	2	3	2	2	3	0	4	1	3	2	4	3	2	4	
0	3	3	3	3	3	2	2	4	3	3	3	3	3	3	3	3	1	3	3	2	2	3	0	3	4	3	2	2	1	3	
0	3	2	3	2	3	2	3	3	2	3	2	3	1	2	3	3	2	2	3	1	2	3	3	0	4	2	3	3	1	3	
0	2	3	3	2	3	3	2	3	1	3	2	4	3	2	2	2	3	1	3	3	3	5	2	2	0	2	2	4	3	3	
0	3	3	2	3	4	1	4	3	3	2	2	2	2	3	2	3	3	2	3	3	3	4	4	3	3	0	4	3	3	3	
0	1	3	2	2	3	1	3	3	3	1	2	2	2	3	2	2	2	1	3	2	1	3	1	2	3	3	0	2	2	3	
0	3	3	2	3	3	2	2	4	4	3	3	3	3	1	3	3	1	4	2	2	2	3	1	2	3	3	3	0	1	4	
0	3	3	2	2	3	1	3	3	3	2	2	2	2	3	2	2	3	3	3	1	1	2	3	2	3	2	4	2	0	3	
0	2	3	4	4	4	3	4	5	3	3	4	4	2	3	4	4	3	3	4	3	3	5	3	3	5	4	2	2	3	0	
Tamanho_Tarefas
0	16	3	18	9	28	23	15	13	8	16	3	9	9	12	23	23	3	12	18	24	5	23	35	11	9	11	10	25	14	20	
Data_Entrega
0	157	154	158	151	149	157	152	155	150	154	154	149	151	155	145	157	148	154	145	153	145	152	149	150	156	155	145	158	156	152	
Penalidade_Atraso
0	13	11	4	8	8	15	1	20	6	17	13	15	8	10	4	8	11	14	3	3	3	19	7	4	17	4	19	20	16	11	
Capacidade_Veiculo
50	56	100	100	55	91	83	51	
Custo_Fixo_Veiculo
500	560	1000	1000	550	910	830	510	
Coordenadas_Clientes
x	0	y	0
x	89	y	0
x	73	y	15
x	72	y	32
x	76	y	55
x	66	y	73
x	58	y	101
x	30	y	94
x	12	y	123
x	-12	y	119
x	-28	y	87
x	-57	y	98
x	-51	y	57
x	-62	y	45
x	-89	y	39
x	-86	y	18
x	-108	y	0
x	-82	y	-17
x	-92	y	-41
x	-73	y	-53
x	-74	y	-83
x	-39	y	-69
x	-29	y	-92
x	-9	y	-90
x	9	y	-92
x	36	y	-111
x	59	y	-103
x	69	y	-77
x	98	y	-71
x	98	y	-43
x	93	y	-19
Tempo_Viagem
0	89	74	78	93	98	116	98	123	119	91	113	76	76	97	87	108	83	100	90	111	79	96	90	92	116	118	103	121	107	94	
89	0	21	36	56	76	105	110	144	155	145	175	151	157	182	175	197	171	185	170	182	145	149	133	121	123	106	79	71	43	19	
74	21	0	17	40	58	87	89	123	134	124	154	130	138	163	159	181	157	174	161	176	140	147	133	124	131	118	92	89	63	39	
78	36	17	0	23	41	70	74	108	120	114	144	125	134	161	158	182	161	178	168	185	150	159	146	139	147	135	109	106	79	55	
93	56	40	23	0	20	49	60	93	108	108	139	127	138	165	166	192	173	193	183	203	169	180	168	161	170	158	132	127	99	75	
98	76	58	41	20	0	29	41	73	89	95	125	118	131	158	161	188	173	194	187	209	176	190	179	174	186	176	150	147	119	95	
116	105	87	70	49	29	0	28	50	72	86	115	117	132	159	166	194	183	206	202	226	195	211	202	199	213	204	178	176	148	124	
98	110	89	74	60	41	28	0	34	48	58	87	89	104	131	138	166	157	181	179	205	177	194	188	187	205	199	175	178	152	128	
123	144	123	108	93	73	50	34	0	24	53	73	90	106	130	142	170	168	194	195	223	198	218	213	215	235	230	207	212	186	162	
119	155	134	120	108	89	72	48	24	0	35	49	72	88	111	124	152	152	178	182	211	189	211	209	211	234	233	212	219	195	173	
91	145	124	114	108	95	86	58	53	35	0	31	37	53	77	89	117	117	143	147	176	156	179	178	182	207	208	190	202	181	160	
113	175	154	144	139	125	115	87	73	49	31	0	41	53	67	85	110	117	143	151	181	167	191	193	201	228	231	215	229	209	190	
76	151	130	125	127	118	117	89	90	72	37	41	0	16	42	52	80	80	106	112	141	126	150	152	160	189	194	179	196	179	162	
76	157	138	134	138	131	132	104	106	88	53	53	16	0	27	36	64	65	91	98	128	116	140	145	154	184	191	179	197	182	167	
97	182	163	161	165	158	159	131	130	111	77	67	42	27	0	21	43	56	80	93	122	119	144	151	163	195	205	196	216	204	191	
87	175	159	158	166	161	166	138	142	124	89	85	52	36	21	0	28	35	59	72	101	98	123	132	145	177	188	181	204	193	181	
108	197	181	182	192	188	194	166	170	152	117	110	80	64	43	28	0	31	44	63	89	97	121	133	148	181	196	193	217	210	201	
83	171	157	161	173	173	183	157	168	152	117	117	80	65	56	35	31	0	26	37	66	67	91	103	117	150	165	162	187	181	175	
100	185	174	178	193	194	206	181	194	178	143	143	106	91	80	59	44	26	0	22	45	59	80	95	112	144	162	164	192	190	186	
90	170	161	168	183	187	202	179	195	182	147	151	112	98	93	72	63	37	22	0	30	37	58	73	90	122	140	144	171	171	169	
111	182	176	185	203	209	226	205	223	211	176	181	141	128	122	101	89	66	45	30	0	37	45	65	83	112	133	143	172	176	178	
79	145	140	150	169	176	195	177	198	189	156	167	126	116	119	98	97	67	59	37	37	0	25	36	53	85	103	108	137	139	141	
96	149	147	159	180	190	211	194	218	211	179	191	150	140	144	123	121	91	80	58	45	25	0	20	38	67	88	99	128	136	142	
90	133	133	146	168	179	202	188	213	209	178	193	152	145	151	132	133	103	95	73	65	36	20	0	18	49	69	79	108	116	124	
92	121	124	139	161	174	199	187	215	211	182	201	160	154	163	145	148	117	112	90	83	53	38	18	0	33	51	61	90	101	111	
116	123	131	147	170	186	213	205	235	234	207	228	189	184	195	177	181	150	144	122	112	85	67	49	33	0	24	47	73	91	108	
118	106	118	135	158	176	204	199	230	233	208	231	194	191	205	188	196	165	162	140	133	103	88	69	51	24	0	27	50	71	89	
103	79	92	109	132	150	178	175	207	212	190	215	179	179	196	181	193	162	164	144	143	108	99	79	61	47	27	0	29	44	62	
121	71	89	106	127	147	176	178	212	219	202	229	196	197	216	204	217	187	192	171	172	137	128	108	90	73	50	29	0	28	52	
107	43	63	79	99	119	148	152	186	195	181	209	179	182	204	193	210	181	190	171	176	139	136	116	101	91	71	44	28	0	24	
94	19	39	55	75	95	124	128	162	173	160	190	162	167	191	181	201	175	186	169	178	141	142	124	111	108	89	62	52	24	0	
Custo_Viagem
V0
0	890	740	780	930	980	1160	980	1230	1190	910	1130	760	760	970	870	1080	830	1000	900	1110	790	960	900	920	1160	1180	1030	1210	1070	940	
890	0	210	360	560	760	1050	1100	1450	1560	1450	1750	1510	1570	1820	1750	1970	1710	1850	1700	1820	1450	1490	1330	1210	1230	1070	790	710	430	190	
740	210	0	170	400	580	870	890	1240	1340	1240	1540	1300	1380	1630	1590	1810	1580	1740	1610	1760	1400	1470	1330	1240	1310	1180	920	890	630	390	
780	360	170	0	230	410	700	740	1090	1200	1140	1440	1250	1340	1610	1580	1820	1610	1790	1680	1850	1500	1590	1460	1390	1470	1350	1090	1060	790	550	
930	560	400	230	0	200	490	600	930	1080	1080	1390	1270	1380	1650	1660	1920	1730	1930	1840	2030	1690	1800	1680	1610	1700	1580	1320	1270	1000	750	
980	760	580	410	200	0	290	410	730	900	950	1250	1180	1310	1580	1610	1880	1730	1940	1870	2090	1760	1900	1790	1740	1860	1760	1500	1470	1200	950	
1160	1050	870	700	490	290	0	280	500	720	870	1150	1170	1320	1590	1660	1940	1830	2060	2020	2260	1950	2110	2020	1990	2130	2040	1780	1760	1490	1250	
980	1100	890	740	600	410	280	0	340	480	580	870	890	1040	1310	1380	1660	1570	1810	1790	2050	1770	1950	1880	1870	2050	1990	1750	1780	1520	1290	
1230	1450	1240	1090	930	730	500	340	0	240	530	730	910	1070	1310	1430	1710	1680	1940	1950	2230	1980	2180	2140	2150	2350	2300	2070	2120	1860	1630	
1190	1560	1340	1200	1080	900	720	480	240	0	350	490	730	890	1110	1250	1520	1520	1780	1820	2110	1890	2110	2090	2120	2340	2330	2120	2190	1950	1730	
910	1450	1240	1140	1080	950	870	580	530	350	0	310	370	540	770	900	1180	1170	1430	1470	1760	1560	1790	1780	1820	2080	2080	1900	2020	1810	1600	
1130	1750	1540	1440	1390	1250	1150	870	730	490	310	0	410	530	670	850	1100	1170	1430	1510	1810	1670	1920	1940	2010	2280	2320	2150	2290	2090	1900	
760	1510	1300	1250	1270	1180	1170	890	910	730	370	410	0	160	420	520	800	800	1060	1120	1410	1260	1500	1520	1600	1890	1940	1790	1960	1790	1620	
760	1570	1380	1340	1380	1310	1320	1040	1070	890	540	530	160	0	270	360	640	650	910	980	1280	1160	1400	1450	1540	1840	1910	1790	1970	1820	1670	
970	1820	1630	1610	1650	1580	1590	1310	1310	1110	770	670	420	270	0	210	430	560	800	930	1220	1190	1440	1510	1630	1950	2050	1960	2160	2040	1910	
870	1750	1590	1580	1660	1610	1660	1380	1430	1250	900	850	520	360	210	0	280	350	590	720	1010	980	1230	1320	1450	1770	1880	1810	2040	1930	1820	
1080	1970	1810	1820	1920	1880	1940	1660	1710	1520	1180	1100	800	640	430	280	0	310	440	630	890	970	1210	1330	1480	1810	1960	1930	2170	2100	2010	
830	1710	1580	1610	1730	1730	1830	1570	1680	1520	1170	1170	800	650	560	350	310	0	260	370	660	670	910	1030	1170	1500	1650	1620	1870	1810	1750	
1000	1850	1740	1790	1930	1940	2060	1810	1940	1780	1430	1430	1060	910	800	590	440	260	0	220	450	590	810	960	1130	1450	1630	1640	1920	1900	1860	
900	1700	1610	1680	1840	1870	2020	1790	1950	1820	1470	1510	1120	980	930	720	630	370	220	0	300	370	580	730	900	1230	1410	1440	1710	1710	1690	
1110	1820	1760	1850	2030	2090	2260	2050	2230	2110	1760	1810	1410	1280	1220	1010	890	660	450	300	0	370	450	650	830	1130	1340	1430	1720	1760	1780	
790	1450	1400	1500	1690	1760	1950	1770	1980	1890	1560	1670	1260	1160	1190	980	970	670	590	370	370	0	250	360	530	850	1030	1080	1370	1390	1410	
960	1490	1470	1590	1800	1900	2110	1950	2180	2110	1790	1920	1500	1400	1440	1230	1210	910	810	580	450	250	0	200	380	670	880	990	1280	1360	1420	
900	1330	1330	1460	1680	1790	2020	1880	2140	2090	1780	1940	1520	1450	1510	1320	1330	1030	960	730	650	360	200	0	180	490	690	790	1080	1160	1240	
920	1210	1240	1390	1610	1740	1990	1870	2150	2120	1820	2010	1600	1540	1630	1450	1480	1170	1130	900	830	530	380	180	0	330	510	610	910	1010	1110	
1160	1230	1310	1470	1700	1860	2130	2050	2350	2340	2080	2280	1890	1840	1950	1770	1810	1500	1450	1230	1130	850	670	490	330	0	240	470	730	920	1080	
1180	1070	1180	1350	1580	1760	2040	1990	2300	2330	2080	2320	1940	1910	2050	1880	1960	1650	1630	1410	1340	1030	880	690	510	240	0	270	500	710	900	
1030	790	920	1090	1320	1500	1780	1750	2070	2120	1900	2150	1790	1790	1960	1810	1930	1620	1640	1440	1430	1080	990	790	610	470	270	0	290	440	620	
1210	710	890	1060	1270	1470	1760	1780	2120	2190	2020	2290	1960	1970	2160	2040	2170	1870	1920	1710	1720	1370	1280	1080	910	730	500	290	0	280	520	
1070	430	630	790	1000	1200	1490	1520	1860	1950	1810	2090	1790	1820	2040	1930	2100	1810	1900	1710	1760	1390	1360	1160	1010	920	710	440	280	0	240	
940	190	390	550	750	950	1250	1290	1630	1730	1600	1900	1620	1670	1910	1820	2010	1750	1860	1690	1780	1410	1420	1240	1110	1080	900	620	520	240	0	
V1
0	996	828	873	1041	1097	1299	1097	1377	1332	1019	1265	851	851	1086	974	1209	929	1120	1008	1243	884	1075	1008	1030	1299	1321	1153	1355	1198	1052	
996	0	235	403	627	851	1176	1232	1624	1747	1624	1960	1691	1758	2038	1960	2206	1915	2072	1904	2038	1624	1668	1489	1355	1377	1198	884	795	481	212	
828	235	0	190	448	649	974	996	1388	1500	1388	1724	1456	1545	1825	1780	2027	1769	1948	1803	1971	1568	1646	1489	1388	1467	1321	1030	996	705	436	
873	403	190	0	257	459	784	828	1220	1344	1276	1612	1400	1500	1803	1769	2038	1803	2004	1881	2072	1680	1780	1635	1556	1646	1512	1220	1187	884	616	
1041	627	448	257	0	224	548	672	1041	1209	1209	1556	1422	1545	1848	1859	2150	1937	2161	2060	2273	1892	2016	1881	1803	1904	1769	1478	1422	1120	840	
1097	851	649	459	224	0	324	459	817	1008	1064	1400	1321	1467	1769	1803	2105	1937	2172	2094	2340	1971	2128	2004	1948	2083	1971	1680	1646	1344	1064	
1299	1176	974	784	548	324	0	313	560	806	974	1288	1310	1478	1780	1859	2172	2049	2307	2262	2531	2184	2363	2262	2228	2385	2284	1993	1971	1668	1400	
1097	1232	996	828	672	459	313	0	380	537	649	974	996	1164	1467	1545	1859	1758	2027	2004	2296	1982	2184	2105	2094	2296	2228	1960	1993	1702	1444	
1377	1624	1388	1220	1041	817	560	380	0	268	593	817	1019	1198	1467	1601	1915	1881	2172	2184	2497	2217	2441	2396	2408	2632	2576	2318	2374	2083	1825	
1332	1747	1500	1344	1209	1008	806	537	268	0	392	548	817	996	1243	1400	1702	1702	1993	2038	2363	2116	2363	2340	2374	2620	2609	2374	2452	2184	1937	
1019	1624	1388	1276	1209	1064	974	649	593	392	0	347	414	604	862	1008	1321	1310	1601	1646	1971	1747	2004	1993	2038	2329	2329	2128	2262	2027	1792	
1265	1960	1724	1612	1556	1400	1288	974	817	548	347	0	459	593	750	952	1232	1310	1601	1691	2027	1870	2150	2172	2251	2553	2598	2408	2564	2340	2128	
851	1691	1456	1400	1422	1321	1310	996	1019	817	414	459	0	179	470	582	896	896	1187	1254	1579	1411	1680	1702	1792	2116	2172	2004	2195	2004	1814	
851	1758	1545	1500	1545	1467	1478	1164	1198	996	604	593	179	0	302	403	716	728	1019	1097	1433	1299	1568	1624	1724	2060	2139	2004	2206	2038	1870	
1086	2038	1825	1803	1848	1769	1780	1467	1467	1243	862	750	470	302	0	235	481	627	896	1041	1366	1332	1612	1691	1825	2184	2296	2195	2419	2284	2139	
974	1960	1780	1769	1859	1803	1859	1545	1601	1400	1008	952	582	403	235	0	313	392	660	806	1131	1097	1377	1478	1624	1982	2105	2027	2284	2161	2038	
1209	2206	2027	2038	2150	2105	2172	1859	1915	1702	1321	1232	896	716	481	313	0	347	492	705	996	1086	1355	1489	1657	2027	2195	2161	2430	2352	2251	
929	1915	1769	1803	1937	1937	2049	1758	1881	1702	1310	1310	896	728	627	392	347	0	291	414	739	750	1019	1153	1310	1680	1848	1814	2094	2027	1960	
1120	2072	1948	2004	2161	2172	2307	2027	2172	1993	1601	1601	1187	1019	896	660	492	291	0	246	504	660	907	1075	1265	1624	1825	1836	2150	2128	2083	
1008	1904	1803	1881	2060	2094	2262	2004	2184	2038	1646	1691	1254	1097	1041	806	705	414	246	0	336	414	649	817	1008	1377	1579	1612	1915	1915	1892	
1243	2038	1971	2072	2273	2340	2531	2296	2497	2363	1971	2027	1579	1433	1366	1131	996	739	504	336	0	414	504	728	929	1265	1500	1601	1926	1971	1993	
884	1624	1568	1680	1892	1971	2184	1982	2217	2116	1747	1870	1411	1299	1332	1097	1086	750	660	414	414	0	280	403	593	952	1153	1209	1534	1556	1579	
1075	1668	1646	1780	2016	2128	2363	2184	2441	2363	2004	2150	1680	1568	1612	1377	1355	1019	907	649	504	280	0	224	425	750	985	1108	1433	1523	1590	
1008	1489	1489	1635	1881	2004	2262	2105	2396	2340	1993	2172	1702	1624	1691	1478	1489	1153	1075	817	728	403	224	0	201	548	772	884	1209	1299	1388	
1030	1355	1388	1556	1803	1948	2228	2094	2408	2374	2038	2251	1792	1724	1825	1624	1657	1310	1265	1008	929	593	425	201	0	369	571	683	1019	1131	1243	
1299	1377	1467	1646	1904	2083	2385	2296	2632	2620	2329	2553	2116	2060	2184	1982	2027	1680	1624	1377	1265	952	750	548	369	0	268	526	817	1030	1209	
1321	1198	1321	1512	1769	1971	2284	2228	2576	2609	2329	2598	2172	2139	2296	2105	2195	1848	1825	1579	1500	1153	985	772	571	268	0	302	560	795	1008	
1153	884	1030	1220	1478	1680	1993	1960	2318	2374	2128	2408	2004	2004	2195	2027	2161	1814	1836	1612	1601	1209	1108	884	683	526	302	0	324	492	694	
1355	795	996	1187	1422	1646	1971	1993	2374	2452	2262	2564	2195	2206	2419	2284	2430	2094	2150	1915	1926	1534	1433	1209	1019	817	560	324	0	313	582	
1198	481	705	884	1120	1344	1668	1702	2083	2184	2027	2340	2004	2038	2284	2161	2352	2027	2128	1915	1971	1556	1523	1299	1131	1030	795	492	313	0	268	
1052	212	436	616	840	1064	1400	1444	1825	1937	1792	2128	1814	1870	2139	2038	2251	1960	2083	1892	1993	1579	1590	1388	1243	1209	1008	694	582	268	0	
V2
0	1780	1480	1560	1860	1960	2320	1960	2460	2380	1820	2260	1520	1520	1940	1740	2160	1660	2000	1800	2220	1580	1920	1800	1840	2320	2360	2060	2420	2140	1880	
1780	0	420	720	1120	1520	2100	2200	2900	3120	2900	3500	3020	3140	3640	3500	3940	3420	3700	3400	3640	2900	2980	2660	2420	2460	2140	1580	1420	860	380	
1480	420	0	340	800	1160	1740	1780	2480	2680	2480	3080	2600	2760	3260	3180	3620	3160	3480	3220	3520	2800	2940	2660	2480	2620	2360	1840	1780	1260	780	
1560	720	340	0	460	820	1400	1480	2180	2400	2280	2880	2500	2680	3220	3160	3640	3220	3580	3360	3700	3000	3180	2920	2780	2940	2700	2180	2120	1580	1100	
1860	1120	800	460	0	400	980	1200	1860	2160	2160	2780	2540	2760	3300	3320	3840	3460	3860	3680	4060	3380	3600	3360	3220	3400	3160	2640	2540	2000	1500	
1960	1520	1160	820	400	0	580	820	1460	1800	1900	2500	2360	2620	3160	3220	3760	3460	3880	3740	4180	3520	3800	3580	3480	3720	3520	3000	2940	2400	1900	
2320	2100	1740	1400	980	580	0	560	1000	1440	1740	2300	2340	2640	3180	3320	3880	3660	4120	4040	4520	3900	4220	4040	3980	4260	4080	3560	3520	2980	2500	
1960	2200	1780	1480	1200	820	560	0	680	960	1160	1740	1780	2080	2620	2760	3320	3140	3620	3580	4100	3540	3900	3760	3740	4100	3980	3500	3560	3040	2580	
2460	2900	2480	2180	1860	1460	1000	680	0	480	1060	1460	1820	2140	2620	2860	3420	3360	3880	3900	4460	3960	4360	4280	4300	4700	4600	4140	4240	3720	3260	
2380	3120	2680	2400	2160	1800	1440	960	480	0	700	980	1460	1780	2220	2500	3040	3040	3560	3640	4220	3780	4220	4180	4240	4680	4660	4240	4380	3900	3460	
1820	2900	2480	2280	2160	1900	1740	1160	1060	700	0	620	740	1080	1540	1800	2360	2340	2860	2940	3520	3120	3580	3560	3640	4160	4160	3800	4040	3620	3200	
2260	3500	3080	2880	2780	2500	2300	1740	1460	980	620	0	820	1060	1340	1700	2200	2340	2860	3020	3620	3340	3840	3880	4020	4560	4640	4300	4580	4180	3800	
1520	3020	2600	2500	2540	2360	2340	1780	1820	1460	740	820	0	320	840	1040	1600	1600	2120	2240	2820	2520	3000	3040	3200	3780	3880	3580	3920	3580	3240	
1520	3140	2760	2680	2760	2620	2640	2080	2140	1780	1080	1060	320	0	540	720	1280	1300	1820	1960	2560	2320	2800	2900	3080	3680	3820	3580	3940	3640	3340	
1940	3640	3260	3220	3300	3160	3180	2620	2620	2220	1540	1340	840	540	0	420	860	1120	1600	1860	2440	2380	2880	3020	3260	3900	4100	3920	4320	4080	3820	
1740	3500	3180	3160	3320	3220	3320	2760	2860	2500	1800	1700	1040	720	420	0	560	700	1180	1440	2020	1960	2460	2640	2900	3540	3760	3620	4080	3860	3640	
2160	3940	3620	3640	3840	3760	3880	3320	3420	3040	2360	2200	1600	1280	860	560	0	620	880	1260	1780	1940	2420	2660	2960	3620	3920	3860	4340	4200	4020	
1660	3420	3160	3220	3460	3460	3660	3140	3360	3040	2340	2340	1600	1300	1120	700	620	0	520	740	1320	1340	1820	2060	2340	3000	3300	3240	3740	3620	3500	
2000	3700	3480	3580	3860	3880	4120	3620	3880	3560	2860	2860	2120	1820	1600	1180	880	520	0	440	900	1180	1620	1920	2260	2900	3260	3280	3840	3800	3720	
1800	3400	3220	3360	3680	3740	4040	3580	3900	3640	2940	3020	2240	1960	1860	1440	1260	740	440	0	600	740	1160	1460	1800	2460	2820	2880	3420	3420	3380	
2220	3640	3520	3700	4060	4180	4520	4100	4460	4220	3520	3620	2820	2560	2440	2020	1780	1320	900	600	0	740	900	1300	1660	2260	2680	2860	3440	3520	3560	
1580	2900	2800	3000	3380	3520	3900	3540	3960	3780	3120	3340	2520	2320	2380	1960	1940	1340	1180	740	740	0	500	720	1060	1700	2060	2160	2740	2780	2820	
1920	2980	2940	3180	3600	3800	4220	3900	4360	4220	3580	3840	3000	2800	2880	2460	2420	1820	1620	1160	900	500	0	400	760	1340	1760	1980	2560	2720	2840	
1800	2660	2660	2920	3360	3580	4040	3760	4280	4180	3560	3880	3040	2900	3020	2640	2660	2060	1920	1460	1300	720	400	0	360	980	1380	1580	2160	2320	2480	
1840	2420	2480	2780	3220	3480	3980	3740	4300	4240	3640	4020	3200	3080	3260	2900	2960	2340	2260	1800	1660	1060	760	360	0	660	1020	1220	1820	2020	2220	
2320	2460	2620	2940	3400	3720	4260	4100	4700	4680	4160	4560	3780	3680	3900	3540	3620	3000	2900	2460	2260	1700	1340	980	660	0	480	940	1460	1840	2160	
2360	2140	2360	2700	3160	3520	4080	3980	4600	4660	4160	4640	3880	3820	4100	3760	3920	3300	3260	2820	2680	2060	1760	1380	1020	480	0	540	1000	1420	1800	
2060	1580	1840	2180	2640	3000	3560	3500	4140	4240	3800	4300	3580	3580	3920	3620	3860	3240	3280	2880	2860	2160	1980	1580	1220	940	540	0	580	880	1240	
2420	1420	1780	2120	2540	2940	3520	3560	4240	4380	4040	4580	3920	3940	4320	4080	4340	3740	3840	3420	3440	2740	2560	2160	1820	1460	1000	580	0	560	1040	
2140	860	1260	1580	2000	2400	2980	3040	3720	3900	3620	4180	3580	3640	4080	3860	4200	3620	3800	3420	3520	2780	2720	2320	2020	1840	1420	880	560	0	480	
1880	380	780	1100	1500	1900	2500	2580	3260	3460	3200	3800	3240	3340	3820	3640	4020	3500	3720	3380	3560	2820	2840	2480	2220	2160	1800	1240	1040	480	0	
V3
0	1780	1480	1560	1860	1960	2320	1960	2460	2380	1820	2260	1520	1520	1940	1740	2160	1660	2000	1800	2220	1580	1920	1800	1840	2320	2360	2060	2420	2140	1880	
1780	0	420	720	1120	1520	2100	2200	2900	3120	2900	3500	3020	3140	3640	3500	3940	3420	3700	3400	3640	2900	2980	2660	2420	2460	2140	1580	1420	860	380	
1480	420	0	340	800	1160	1740	1780	2480	2680	2480	3080	2600	2760	3260	3180	3620	3160	3480	3220	3520	2800	2940	2660	2480	2620	2360	1840	1780	1260	780	
1560	720	340	0	460	820	1400	1480	2180	2400	2280	2880	2500	2680	3220	3160	3640	3220	3580	3360	3700	3000	3180	2920	2780	2940	2700	2180	2120	1580	1100	
1860	1120	800	460	0	400	980	1200	1860	2160	2160	2780	2540	2760	3300	3320	3840	3460	3860	3680	4060	3380	3600	3360	3220	3400	3160	2640	2540	2000	1500	
1960	1520	1160	820	400	0	580	820	1460	1800	1900	2500	2360	2620	3160	3220	3760	3460	3880	3740	4180	3520	3800	3580	3480	3720	3520	3000	2940	2400	1900	
2320	2100	1740	1400	980	580	0	560	1000	1440	1740	2300	2340	2640	3180	3320	3880	3660	4120	4040	4520	3900	4220	4040	3980	4260	4080	3560	3520	2980	2500	
1960	2200	1780	1480	1200	820	560	0	680	960	1160	1740	1780	2080	2620	2760	3320	3140	3620	3580	4100	3540	3900	3760	3740	4100	3980	3500	3560	3040	2580	
2460	2900	2480	2180	1860	1460	1000	680	0	480	1060	1460	1820	2140	2620	2860	3420	3360	3880	3900	4460	3960	4360	4280	4300	4700	4600	4140	4240	3720	3260	
2380	3120	2680	2400	2160	1800	1440	960	480	0	700	980	1460	1780	2220	2500	3040	3040	3560	3640	4220	3780	4220	4180	4240	4680	4660	4240	4380	3900	3460	
1820	2900	2480	2280	2160	1900	1740	1160	1060	700	0	620	740	1080	1540	1800	2360	2340	2860	2940	3520	3120	3580	3560	3640	4160	4160	3800	4040	3620	3200	
2260	3500	3080	2880	2780	2500	2300	1740	1460	980	620	0	820	1060	1340	1700	2200	2340	2860	3020	3620	3340	3840	3880	4020	4560	4640	4300	4580	4180	3800	
1520	3020	2600	2500	2540	2360	2340	1780	1820	1460	740	820	0	320	840	1040	1600	1600	2120	2240	2820	2520	3000	3040	3200	3780	3880	3580	3920	3580	3240	
1520	3140	2760	2680	2760	2620	2640	2080	2140	1780	1080	1060	320	0	540	720	1280	1300	1820	1960	2560	2320	2800	2900	3080	3680	3820	3580	3940	3640	3340	
1940	3640	3260	3220	3300	3160	3180	2620	2620	2220	1540	1340	840	540	0	420	860	1120	1600	1860	2440	2380	2880	3020	3260	3900	4100	3920	4320	4080	3820	
1740	3500	3180	3160	3320	3220	3320	2760	2860	2500	1800	1700	1040	720	420	0	560	700	1180	1440	2020	1960	2460	2640	2900	3540	3760	3620	4080	3860	3640	
2160	3940	3620	3640	3840	3760	3880	3320	3420	3040	2360	2200	1600	1280	860	560	0	620	880	1260	1780	1940	2420	2660	2960	3620	3920	3860	4340	4200	4020	
1660	3420	3160	3220	3460	3460	3660	3140	3360	3040	2340	2340	1600	1300	1120	700	620	0	520	740	1320	1340	1820	2060	2340	3000	3300	3240	3740	3620	3500	
2000	3700	3480	3580	3860	3880	4120	3620	3880	3560	2860	2860	2120	1820	1600	1180	880	520	0	440	900	1180	1620	1920	2260	2900	3260	3280	3840	3800	3720	
1800	3400	3220	3360	3680	3740	4040	3580	3900	3640	2940	3020	2240	1960	1860	1440	1260	740	440	0	600	740	1160	1460	1800	2460	2820	2880	3420	3420	3380	
2220	3640	3520	3700	4060	4180	4520	4100	4460	4220	3520	3620	2820	2560	2440	2020	1780	1320	900	600	0	740	900	1300	1660	2260	2680	2860	3440	3520	3560	
1580	2900	2800	3000	3380	3520	3900	3540	3960	3780	3120	3340	2520	2320	2380	1960	1940	1340	1180	740	740	0	500	720	1060	1700	2060	2160	2740	2780	2820	
1920	2980	2940	3180	3600	3800	4220	3900	4360	4220	3580	3840	3000	2800	2880	2460	2420	1820	1620	1160	900	500	0	400	760	1340	1760	1980	2560	2720	2840	
1800	2660	2660	2920	3360	3580	4040	3760	4280	4180	3560	3880	3040	2900	3020	2640	2660	2060	1920	1460	1300	720	400	0	360	980	1380	1580	2160	2320	2480	
1840	2420	2480	2780	3220	3480	3980	3740	4300	4240	3640	4020	3200	3080	3260	2900	2960	2340	2260	1800	1660	1060	760	360	0	660	1020	1220	1820	2020	2220	
2320	2460	2620	2940	3400	3720	4260	4100	4700	4680	4160	4560	3780	3680	3900	3540	3620	3000	2900	2460	2260	1700	1340	980	660	0	480	940	1460	1840	2160	
2360	2140	2360	2700	3160	3520	4080	3980	4600	4660	4160	4640	3880	3820	4100	3760	3920	3300	3260	2820	2680	2060	1760	1380	1020	480	0	540	1000	1420	1800	
2060	1580	1840	2180	2640	3000	3560	3500	4140	4240	3800	4300	3580	3580	3920	3620	3860	3240	3280	2880	2860	2160	1980	1580	1220	940	540	0	580	880	1240	
2420	1420	1780	2120	2540	2940	3520	3560	4240	4380	4040	4580	3920	3940	4320	4080	4340	3740	3840	3420	3440	2740	2560	2160	1820	1460	1000	580	0	560	1040	
2140	860	1260	1580	2000	2400	2980	3040	3720	3900	3620	4180	3580	3640	4080	3860	4200	3620	3800	3420	3520	2780	2720	2320	2020	1840	1420	880	560	0	480	
1880	380	780	1100	1500	1900	2500	2580	3260	3460	3200	3800	3240	3340	3820	3640	4020	3500	3720	3380	3560	2820	2840	2480	2220	2160	1800	1240	1040	480	0	
V4
0	979	814	858	1023	1078	1276	1078	1353	1309	1001	1243	836	836	1067	957	1188	913	1100	990	1221	869	1056	990	1012	1276	1298	1133	1331	1177	1034	
