M: 8
N: 30
Nun_Veiculos: 13
Capacidade_Total: 736
Demanda_Total: 371
Setup_Min: 1
Setup_Max: 99
Raio: 100
Circulos: 1
Tempo_Processamento_Min: 1
Tempo_Processamento_Max: 49
Demanda_Min: 10
Demanda_Max: 30
Priority_Factor: 0.2
Range_Factor_R: 0.8
U_factor: 2
ALpha: 0.2Replicao: 2
Tempos_Processamentos
0	0	1	0	2	0	3	0	4	0	5	0	6	0	7	0	
0	20	1	21	2	18	3	35	4	19	5	9	6	32	7	40	
0	6	1	8	2	44	3	34	4	44	5	38	6	10	7	17	
0	16	1	32	2	25	3	37	4	13	5	26	6	16	7	18	
0	32	1	43	2	21	3	17	4	40	5	22	6	4	7	43	
0	19	1	14	2	33	3	31	4	14	5	22	6	1	7	7	
0	4	1	39	2	44	3	6	4	33	5	19	6	40	7	9	
0	14	1	15	2	24	3	36	4	26	5	17	6	19	7	30	
0	34	1	36	2	47	3	21	4	45	5	6	6	48	7	27	
0	35	1	7	2	25	3	22	4	19	5	33	6	39	7	25	
0	45	1	36	2	19	3	25	4	19	5	47	6	40	7	13	
0	28	1	46	2	2	3	22	4	1	5	3	6	30	7	46	
0	26	1	12	2	6	3	12	4	8	5	25	6	35	7	13	
0	19	1	18	2	32	3	12	4	5	5	2	6	49	7	2	
0	43	1	6	2	17	3	4	4	5	5	43	6	23	7	24	
0	43	1	33	2	15	3	28	4	47	5	18	6	29	7	39	
0	6	1	14	2	1	3	10	4	8	5	9	6	35	7	47	
0	11	1	18	2	8	3	29	4	15	5	41	6	19	7	29	
0	38	1	30	2	49	3	5	4	42	5	10	6	14	7	47	
0	6	1	46	2	29	3	26	4	10	5	47	6	43	7	11	
0	23	1	43	2	11	3	42	4	42	5	25	6	40	7	29	
0	34	1	48	2	14	3	24	4	48	5	31	6	38	7	11	
0	1	1	3	2	43	3	40	4	26	5	23	6	42	7	13	
0	23	1	25	2	48	3	10	4	33	5	28	6	19	7	43	
0	45	1	41	2	45	3	2	4	2	5	30	6	4	7	32	
0	30	1	41	2	28	3	35	4	45	5	18	6	47	7	40	
0	9	1	6	2	19	3	14	4	25	5	41	6	13	7	10	
0	4	1	30	2	47	3	1	4	36	5	49	6	35	7	18	
0	45	1	24	2	1	3	1	4	44	5	26	6	23	7	14	
0	45	1	21	2	42	3	49	4	6	5	44	6	44	7	13	
0	46	1	47	2	1	3	1	4	12	5	32	6	37	7	49	

Tempos_setup
M0
0	0	0	0	0	0	0	0	0	0	0	0	0	0	0	0	0	0	0	0	0	0	0	0	0	0	0	0	0	0	0	
0	0	14	12	13	21	7	8	7	15	19	17	16	18	11	14	19	12	11	9	18	6	17	9	7	20	8	10	13	8	12	
0	24	0	14	16	20	18	10	6	18	18	23	9	10	20	4	21	15	12	11	23	17	20	25	21	23	11	21	22	19	13	
0	12	23	0	25	31	19	13	19	27	29	26	28	28	23	26	24	21	23	14	27	18	26	21	19	32	17	22	25	18	15	
0	23	10	18	0	22	17	18	12	2	17	27	19	18	21	12	19	22	7	19	14	16	27	19	14	7	18	20	9	16	8	
0	36	28	24	35	0	33	23	28	37	31	36	22	38	33	31	34	31	25	24	20	32	36	38	43	36	27	36	35	33	26	
0	6	7	13	6	14	0	1	6	8	14	10	16	11	4	10	12	9	4	2	11	5	14	9	13	13	5	3	6	1	5	
0	16	10	12	12	23	10	0	10	14	24	13	19	20	14	14	11	8	14	1	14	9	13	19	23	19	4	13	16	10	15	
0	18	19	21	18	14	12	13	0	20	26	22	28	23	16	7	24	17	16	10	23	11	22	21	25	25	13	15	18	13	17	
0	25	8	16	23	24	19	18	10	0	15	29	17	18	23	11	17	22	5	19	12	18	26	28	28	25	18	22	19	20	6	
0	15	14	23	15	28	16	17	16	17	0	24	16	24	13	18	25	20	13	12	19	15	25	16	22	22	16	12	15	17	14	
0	17	18	5	17	25	11	12	16	19	25	0	27	22	15	21	23	20	15	13	1	16	25	10	24	24	16	14	17	12	16	
0	17	6	13	13	22	11	1	8	15	9	14	0	16	11	9	12	9	3	2	15	10	14	16	21	14	5	14	13	11	4	
0	16	11	4	13	20	11	1	6	8	23	14	20	0	15	4	12	9	13	2	15	10	14	20	23	20	5	14	17	11	14	
0	12	13	11	7	15	6	7	12	9	20	16	22	17	0	16	18	15	10	6	7	11	20	5	19	14	11	9	2	7	11	
0	20	13	15	12	16	14	15	2	14	28	24	22	23	18	0	26	11	18	12	24	13	16	23	26	19	7	17	20	15	19	
0	14	7	18	14	23	10	11	9	16	14	19	16	17	12	10	0	15	4	12	16	9	20	17	19	21	11	11	14	11	5	
0	16	17	4	22	30	16	17	16	24	30	26	26	27	20	21	28	0	20	18	27	15	26	25	21	23	17	19	22	17	19	
0	20	3	14	18	19	14	13	5	20	10	24	12	13	18	6	12	17	0	14	25	13	21	23	23	20	13	17	20	15	1	
0	29	29	17	21	22	23	20	22	23	37	12	28	19	27	20	31	27	27	0	13	24	32	21	33	26	23	26	16	9	28	
0	16	23	4	25	35	23	17	23	27	33	30	32	32	27	27	28	21	27	18	0	22	26	25	23	26	17	26	28	22	19	
0	7	8	10	7	15	1	2	1	9	15	11	17	12	5	8	13	6	5	3	12	0	11	10	14	14	2	4	7	2	6	
0	10	11	12	10	15	4	5	6	12	18	13	20	12	8	13	16	13	8	1	8	9	0	13	13	17	9	7	9	2	9	
0	10	11	7	10	18	4	5	10	12	18	14	20	15	8	14	16	13	8	6	15	9	18	0	17	17	9	7	10	5	9	
0	24	23	16	13	15	18	13	15	15	30	19	32	12	22	13	24	21	20	14	13	17	26	18	0	20	17	21	8	2	21	
0	22	17	11	7	15	16	12	7	9	24	25	26	11	20	5	23	16	14	13	7	18	21	12	7	0	12	19	2	9	15	
0	16	6	8	8	24	10	11	12	10	24	20	15	16	13	10	22	4	14	10	17	15	9	18	22	15	0	13	15	11	15	
0	3	4	12	3	16	7	8	6	5	11	17	13	14	1	7	13	15	1	7	8	9	20	6	10	10	11	0	3	5	2	
0	20	15	9	5	13	14	15	17	7	22	24	24	23	18	17	24	23	12	16	5	19	28	10	19	12	19	17	0	15	13	
0	22	21	14	12	13	16	11	13	14	29	17	30	10	20	11	22	19	19	12	12	15	24	17	26	19	15	19	7	0	20	
0	19	18	25	22	18	16	17	4	24	14	26	27	27	20	11	11	21	15	14	27	15	20	25	22	29	17	19	22	17	0	
M1
0	0	0	0	0	0	0	0	0	0	0	0	0	0	0	0	0	0	0	0	0	0	0	0	0	0	0	0	0	0	0	
0	0	14	11	16	10	15	14	8	27	26	10	10	16	18	10	17	11	20	14	5	18	12	20	12	17	10	17	16	13	5	
0	23	0	14	20	15	3	16	19	20	23	12	7	10	16	11	12	12	15	7	15	11	23	13	10	10	17	19	13	16	13	
0	18	6	0	8	6	9	3	13	17	18	11	11	12	10	8	12	9	15	4	10	11	17	10	13	10	3	6	5	2	6	
0	27	19	24	0	20	21	16	19	21	22	12	6	18	20	18	12	16	15	16	19	11	23	14	14	10	21	19	25	20	13	
0	25	17	24	24	0	18	23	26	27	36	10	21	16	18	15	25	16	26	14	17	26	23	20	12	25	22	26	23	4	8	
0	21	12	11	17	12	0	14	16	25	29	9	19	15	17	8	9	9	12	13	16	8	20	18	11	7	14	16	10	13	10	
0	15	3	17	19	8	6	0	13	14	26	13	10	9	7	10	12	9	13	1	7	13	17	7	13	13	12	3	16	4	8	
0	22	6	13	11	2	9	16	0	19	23	10	13	12	16	2	18	3	21	13	14	17	4	12	12	16	12	12	12	6	5	
0	25	12	7	15	8	14	10	6	0	25	14	18	18	17	8	19	9	11	10	17	18	10	16	16	17	10	13	12	9	11	
0	23	7	14	12	3	10	17	1	12	0	11	14	13	17	3	19	4	22	14	15	18	5	13	13	17	13	13	13	7	6	
0	15	7	14	18	8	9	13	16	17	27	0	11	6	8	16	15	12	16	4	7	17	20	10	2	16	12	16	13	12	16	
0	25	13	27	25	18	16	10	17	24	16	23	0	13	17	19	19	19	22	11	17	23	21	17	23	23	22	13	26	14	18	
0	30	18	31	12	23	21	15	22	28	21	17	5	0	22	24	24	23	27	16	22	23	26	21	19	22	27	18	30	19	23	
0	12	13	12	18	13	1	15	17	23	30	10	15	10	0	9	10	10	13	14	17	9	18	19	12	8	15	17	11	14	11	
0	23	4	18	9	17	7	20	16	17	21	13	11	10	18	0	16	1	19	11	17	15	20	10	14	14	21	23	17	20	8	
0	18	10	18	15	14	11	19	22	23	27	6	17	12	14	6	0	7	3	10	10	11	21	16	8	18	15	22	17	18	1	
0	22	21	23	21	16	18	24	15	16	28	17	14	9	17	17	16	0	19	21	21	15	19	9	19	24	26	27	23	20	12	
0	20	7	15	12	16	10	18	19	20	24	16	14	12	21	3	19	4	0	14	12	18	23	13	17	17	17	21	14	17	11	
0	24	12	20	23	13	15	9	12	13	25	17	19	17	14	14	11	8	12	0	16	22	16	6	19	22	21	12	20	13	12	
0	8	15	19	24	17	18	22	15	24	25	14	13	20	22	17	12	18	15	18	0	13	19	24	16	12	5	25	24	21	13	
0	19	11	13	16	15	12	16	18	21	28	7	18	13	15	7	1	8	4	8	11	0	22	14	9	9	16	19	18	15	2	
0	20	15	23	17	7	13	25	16	17	29	12	15	10	12	14	17	1	20	16	12	16	0	10	14	20	17	8	22	3	7	
0	20	12	14	17	7	9	17	6	7	19	16	16	11	8	8	18	2	18	17	20	17	10	0	18	16	17	18	14	11	11	
0	13	5	12	16	6	7	11	20	25	25	16	9	4	6	14	16	15	19	12	5	15	24	18	0	14	10	14	11	10	14	
0	17	9	14	13	10	11	15	9	19	29	2	13	8	10	8	2	9	5	6	9	1	13	12	4	0	14	18	15	14	3	
0	24	10	21	20	12	13	18	10	19	24	9	8	15	17	12	9	13	12	13	16	8	14	19	11	7	0	21	22	16	8	
0	12	7	16	16	5	5	19	19	24	28	10	14	14	4	7	14	8	17	14	4	13	17	17	12	12	9	0	15	1	5	
0	15	7	1	7	2	10	4	14	18	19	12	12	13	11	3	13	4	16	5	11	12	18	11	14	11	4	7	0	3	7	
0	21	15	20	20	4	14	22	25	26	32	9	20	15	17	11	23	12	25	13	13	22	19	19	11	21	18	25	19	0	4	
0	17	12	19	23	13	10	18	21	22	32	5	16	11	13	18	19	17	21	9	9	18	20	15	7	17	14	21	18	17	0	
M2
0	0	0	0	0	0	0	0	0	0	0	0	0	0	0	0	0	0	0	0	0	0	0	0	0	0	0	0	0	0	0	
0	0	22	15	14	23	19	13	8	30	25	19	32	23	26	26	28	17	28	25	19	24	26	24	19	23	18	28	26	23	16	
0	14	0	16	20	29	22	23	22	21	17	12	22	17	11	18	21	20	30	26	22	20	15	30	22	22	21	17	7	4	22	
0	26	22	0	15	26	20	12	9	33	19	22	27	10	13	24	16	4	27	24	6	11	21	23	6	24	5	23	23	20	19	
0	14	23	1	0	27	21	13	10	32	20	23	28	11	14	25	17	5	28	25	7	12	22	21	7	25	6	24	24	21	20	
0	15	1	9	10	0	11	9	4	7	11	5	11	4	12	6	16	10	16	2	10	1	3	1	11	19	14	5	8	5	13	
0	25	24	17	18	29	0	20	16	21	18	24	22	17	12	24	9	11	9	19	7	18	23	24	13	22	22	20	7	4	22	
0	30	17	28	27	33	34	0	23	38	16	10	20	25	27	13	33	19	15	28	17	15	24	32	21	20	33	25	24	21	26	
0	18	14	7	6	31	11	5	0	32	21	15	25	15	18	18	20	9	20	29	11	16	28	27	11	15	10	30	18	15	24	
0	20	6	12	11	24	14	12	7	0	23	18	22	8	17	24	23	13	9	5	18	20	21	22	4	22	17	2	10	7	17	
0	36	23	34	33	39	37	6	29	44	0	16	26	31	29	19	39	25	21	28	23	21	30	38	27	26	39	31	30	27	32	
0	32	18	32	32	26	37	12	26	32	6	0	13	28	27	25	37	31	27	28	29	27	27	25	33	32	36	15	23	20	19	
0	28	14	19	19	13	24	16	13	20	15	9	0	15	14	17	24	21	29	15	21	14	14	12	23	28	23	16	21	18	6	
0	31	17	5	20	16	25	17	14	23	18	12	17	0	18	22	21	9	32	18	11	16	19	17	11	29	10	21	24	21	9	
0	31	23	5	20	22	11	12	14	29	6	18	23	6	0	25	10	9	20	20	11	16	25	23	11	19	10	27	18	15	15	
0	17	4	15	14	26	21	15	10	25	20	16	25	20	14	0	20	19	30	15	4	2	17	21	21	25	20	19	11	8	19	
0	24	15	12	11	24	18	12	7	31	22	20	25	8	16	25	0	2	27	10	16	9	24	22	4	13	17	23	21	18	17	
0	22	19	11	11	22	16	10	5	29	24	18	23	6	19	23	25	0	25	20	16	7	22	20	2	20	15	21	19	16	15	
0	26	19	15	15	26	20	14	9	33	28	22	27	10	23	15	18	4	0	24	19	11	26	24	6	24	19	25	23	20	19	
0	19	5	19	25	22	9	25	25	26	19	13	26	14	16	23	18	20	18	0	16	19	20	23	22	27	22	22	12	9	15	
0	25	25	12	11	36	32	24	21	38	23	17	27	20	21	22	16	16	39	26	0	23	19	17	18	29	17	21	29	26	29	
0	15	18	14	18	34	22	24	23	29	18	26	23	18	12	18	22	18	31	13	20	0	15	35	20	31	19	17	15	12	27	
0	20	6	18	17	21	21	17	12	19	23	17	8	13	17	3	23	7	23	18	7	5	0	20	9	27	17	2	10	7	14	
0	22	8	8	19	19	23	19	14	21	21	15	10	3	19	5	24	9	25	20	9	7	2	0	11	29	13	4	12	9	12	
0	21	17	9	9	20	14	8	3	27	22	16	21	4	21	21	23	11	23	22	14	18	20	18	0	18	13	22	17	14	13	
0	24	24	10	25	25	28	22	19	32	27	21	26	9	23	31	26	14	37	19	16	14	28	26	16	0	15	30	25	26	18	
0	26	26	13	12	30	19	14	18	37	14	18	28	14	8	23	11	13	28	21	1	20	20	18	15	24	0	22	26	23	23	
0	18	4	20	21	30	26	19	24	17	21	16	20	21	15	22	25	24	26	22	26	24	19	31	21	25	25	0	8	5	23	
0	27	20	14	13	22	28	26	21	14	24	18	31	22	27	28	30	18	23	19	20	23	25	23	18	17	19	16	0	21	15	
0	21	23	17	16	25	31	29	24	17	25	21	18	25	30	22	33	21	26	22	23	24	19	26	21	20	22	19	3	0	18	
0	22	8	16	17	7	18	15	11	14	9	3	16	11	19	13	23	17	23	9	17	8	10	8	18	26	21	12	15	12	0	
M3
0	0	0	0	0	0	0	0	0	0	0	0	0	0	0	0	0	0	0	0	0	0	0	0	0	0	0	0	0	0	0	
0	0	3	20	14	11	27	21	18	11	12	14	13	11	22	14	9	22	26	5	3	8	8	12	14	5	21	7	24	22	9	
0	19	0	21	27	8	24	29	15	14	19	19	20	18	27	20	23	19	27	20	18	26	18	25	21	15	18	13	22	30	16	
0	10	13	0	14	4	11	11	11	4	13	2	14	12	9	12	2	15	13	10	9	14	14	15	11	11	19	12	18	12	12	
0	17	20	7	0	11	18	7	18	11	11	9	12	10	16	9	9	16	20	11	14	17	14	17	18	11	15	9	19	8	8	
0	11	14	21	24	0	24	21	7	21	11	11	12	10	19	12	19	25	19	14	13	18	13	17	19	10	29	8	14	22	8	
0	18	17	8	3	12	0	10	19	12	10	10	11	9	12	12	10	18	16	3	13	18	17	10	12	14	18	12	22	11	7	
0	21	20	11	12	15	18	0	13	14	11	6	12	10	14	2	13	9	17	4	7	16	7	11	13	4	8	2	12	1	8	
0	14	7	14	17	14	17	18	0	14	11	9	15	13	16	5	12	22	12	7	6	11	6	14	16	3	25	1	7	19	11	
0	17	20	20	27	11	28	22	18	0	13	15	14	12	23	14	9	26	27	6	16	21	21	11	7	18	21	19	24	23	10	
0	17	20	22	18	15	15	11	18	15	0	9	8	6	17	13	13	20	21	6	10	13	15	11	11	12	19	13	23	12	4	
0	15	18	16	20	10	20	10	17	10	11	0	12	10	8	10	8	14	12	12	14	23	17	17	17	14	18	12	20	11	15	
0	16	19	17	21	10	21	11	17	10	6	1	0	10	9	11	8	15	13	4	2	19	7	11	13	4	19	10	21	12	8	
0	11	14	19	19	12	16	12	19	12	1	3	2	0	11	10	10	17	15	6	4	14	9	7	9	6	20	12	20	13	5	
0	7	10	8	12	12	19	2	15	5	13	8	14	12	0	4	10	6	4	6	9	15	9	13	12	6	10	4	14	3	10	
0	19	18	9	20	13	20	14	11	13	9	4	10	8	12	0	11	18	15	2	12	14	17	9	11	14	22	12	10	15	6	
0	8	11	22	22	2	26	22	9	2	11	13	14	12	21	14	0	22	21	8	11	16	15	13	9	12	21	10	16	14	10	
0	12	15	2	16	6	13	13	13	6	15	4	16	14	11	14	4	0	15	12	11	16	16	17	13	13	21	14	20	14	14	
0	11	14	7	16	11	18	6	18	9	17	9	18	16	4	8	9	10	0	10	13	19	13	17	16	10	14	8	18	7	14	
0	17	20	19	21	13	22	18	18	13	7	9	8	6	17	10	11	23	21	0	10	15	15	7	9	12	26	16	20	19	4	
0	14	17	21	23	8	24	20	15	8	9	11	10	8	19	12	6	25	23	2	0	17	5	9	11	2	27	8	22	20	6	
0	23	26	13	6	17	24	13	24	17	17	15	18	16	22	15	15	22	26	17	20	0	20	23	24	17	21	15	25	14	14	
0	22	25	19	30	16	29	24	21	16	14	14	18	16	22	10	14	28	25	10	8	24	0	17	19	5	32	3	20	25	14	
0	12	15	12	20	6	17	11	13	6	11	7	13	11	15	3	4	20	18	5	15	17	18	0	2	15	19	13	13	12	9	
0	10	13	21	24	4	28	24	11	4	13	15	16	14	23	16	2	19	23	10	13	18	17	15	0	14	23	12	18	16	12	
0	17	20	22	26	11	27	23	18	11	12	14	13	11	22	13	9	28	26	5	3	20	3	12	14	0	30	6	23	23	9	
0	17	20	18	13	14	10	18	13	14	7	9	8	6	17	16	12	23	17	8	6	16	11	13	15	8	0	14	12	19	4	
0	19	22	16	27	13	27	21	18	13	14	11	15	13	19	7	11	25	22	7	5	21	5	14	16	2	29	0	17	22	11	
0	15	8	12	10	15	18	11	1	14	4	10	12	10	9	6	13	15	5	8	7	4	7	15	15	4	19	2	0	12	8	
0	20	19	10	11	14	17	15	12	14	10	5	11	9	13	1	12	8	16	3	13	15	18	10	12	15	7	13	11	0	7	
0	13	16	21	21	14	18	14	14	14	3	5	4	2	13	12	12	19	17	8	6	16	11	9	11	8	22	14	21	15	0	
M4
0	0	0	0	0	0	0	0	0	0	0	0	0	0	0	0	0	0	0	0	0	0	0	0	0	0	0	0	0	0	0	
0	0	7	1	12	11	20	7	6	3	5	10	15	1	15	16	14	9	8	19	15	11	11	18	2	8	23	6	5	13	13	
0	25	0	24	18	13	22	14	21	26	9	3	25	20	23	18	20	13	15	30	19	28	26	26	21	19	31	13	20	15	28	
0	18	6	0	11	10	19	6	5	21	7	9	14	17	14	15	13	8	7	18	14	14	10	17	16	11	22	5	19	12	12	
0	21	6	6	0	9	18	10	11	24	13	9	8	16	11	14	2	12	11	24	18	11	16	12	14	5	17	9	17	11	15	
0	12	14	13	10	0	9	8	18	15	14	10	18	7	21	5	12	10	9	17	11	21	22	21	8	13	22	7	11	2	25	
0	13	20	14	22	21	0	15	19	16	18	23	19	11	25	24	24	17	16	21	7	18	24	12	12	21	13	19	15	6	26	
0	18	9	13	7	16	13	0	18	20	18	12	11	16	17	9	9	2	1	26	8	14	23	19	17	12	23	12	20	17	21	
0	13	1	14	10	8	17	13	0	16	10	4	9	14	15	13	12	14	14	13	17	12	5	18	11	13	21	12	14	10	7	
0	19	15	20	19	16	20	13	14	0	2	18	23	18	17	16	21	15	14	27	15	8	19	20	19	22	25	23	22	13	16	
0	23	13	24	22	20	21	25	12	17	0	16	21	18	27	17	21	26	26	25	13	24	17	30	19	24	33	24	22	13	19	
0	22	17	21	15	10	19	11	18	23	6	0	22	17	20	15	17	10	12	27	16	25	23	23	18	16	28	10	21	12	25	
0	14	10	15	12	11	18	18	20	17	14	13	0	11	6	14	14	7	6	23	13	3	25	9	12	17	12	17	15	8	27	
0	16	12	17	19	25	23	19	22	15	17	15	23	0	24	19	21	14	16	19	20	17	27	27	1	14	32	18	4	22	29	
0	21	4	15	22	12	21	17	20	20	8	7	14	5	0	17	24	17	18	24	21	11	25	3	6	12	8	16	9	14	25	
0	17	21	18	15	15	4	16	23	20	11	5	23	15	25	0	17	10	17	17	6	22	28	16	16	20	17	15	19	10	30	
0	22	4	4	15	14	21	8	9	25	11	7	18	15	13	17	0	10	9	22	16	18	14	16	16	3	21	7	19	15	16	
0	16	11	11	5	14	23	11	16	19	17	14	13	17	16	19	7	0	12	29	6	16	21	17	18	10	22	10	21	15	20	
0	17	8	12	6	15	12	12	17	19	17	11	14	15	17	8	8	1	0	25	7	17	22	18	16	11	23	11	19	16	21	
0	5	12	6	16	14	23	10	11	8	10	15	14	6	20	19	18	12	11	0	4	16	16	23	7	13	26	9	10	13	13	
0	16	23	17	28	27	25	23	22	19	21	26	31	14	31	32	30	25	24	24	0	27	27	34	15	24	38	22	18	9	29	
0	11	16	12	18	8	17	16	17	14	16	12	26	10	12	13	20	18	17	20	19	0	22	15	11	19	20	15	14	5	24	
0	18	11	11	5	14	20	15	16	20	18	14	4	15	10	16	7	11	10	15	17	7	0	13	6	10	16	14	9	12	20	
0	19	9	12	19	9	18	17	17	22	18	12	11	7	17	14	21	18	17	26	20	8	22	0	8	21	5	16	11	11	22	
0	15	11	16	18	24	22	22	21	14	16	14	22	12	23	18	20	13	15	28	19	22	26	26	0	23	31	21	3	26	28	
0	22	1	18	12	14	18	5	22	25	10	4	16	12	22	14	14	7	6	27	13	19	19	24	13	0	28	4	16	12	26	
0	17	13	7	18	17	23	13	12	17	14	16	6	2	12	20	18	13	12	21	19	9	17	15	3	16	0	12	6	7	17	
0	18	7	14	8	17	14	1	19	21	7	10	12	13	18	10	10	3	2	23	9	15	15	20	14	6	24	0	17	8	22	
0	12	19	13	24	23	19	19	18	11	13	20	19	13	20	15	26	21	20	29	21	19	23	23	14	20	28	18	0	24	25	
0	10	17	11	22	21	16	17	16	13	15	20	25	5	25	24	24	19	18	15	19	21	21	28	6	18	29	16	9	0	23	
0	6	7	7	3	1	10	9	12	9	11	10	11	7	14	6	5	11	10	18	12	14	17	15	8	6	20	8	11	3	0	
M5
0	0	0	0	0	0	0	0	0	0	0	0	0	0	0	0	0	0	0	0	0	0	0	0	0	0	0	0	0	0	0	
0	0	10	18	7	19	11	17	14	1	13	17	24	7	6	10	15	19	9	6	14	22	16	12	11	10	16	2	18	19	4	
0	24	0	33	15	21	21	15	21	23	28	25	27	15	21	18	27	32	21	19	17	14	31	28	19	22	15	17	21	34	19	
0	14	20	0	17	12	24	6	17	14	26	21	19	18	19	13	19	13	12	16	14	25	29	19	14	19	12	15	24	18	17	
0	25	17	31	0	23	13	25	20	19	21	10	25	14	14	16	23	23	17	14	15	30	24	27	17	18	13	10	13	27	12	
0	21	16	13	11	0	16	16	18	13	18	21	7	19	11	15	15	19	14	10	18	15	20	24	16	14	21	7	20	23	8	
0	22	13	27	12	30	0	28	7	15	24	22	21	10	17	21	20	21	20	11	19	27	21	23	22	15	25	13	23	24	9	
0	9	14	19	14	6	18	0	11	8	20	15	13	14	13	7	13	21	6	13	21	19	23	17	8	17	22	9	18	26	11	
0	20	17	34	14	26	18	24	0	8	20	23	31	14	13	17	22	18	16	13	21	29	23	24	18	17	23	9	25	23	11	
0	16	9	27	6	18	10	16	13	0	12	16	23	6	5	9	14	18	8	5	13	21	15	19	10	9	15	1	17	18	3	
0	22	11	25	10	12	14	13	19	17	0	20	19	8	15	11	18	25	15	9	19	12	14	8	12	13	23	11	21	7	13	
0	22	7	26	12	13	4	22	11	12	18	0	20	4	11	15	20	13	14	11	19	21	21	17	16	15	21	7	23	18	9	
0	14	9	6	4	18	16	12	11	6	18	14	0	12	11	15	8	12	14	3	11	23	13	17	16	7	17	7	13	16	1	
0	18	3	29	8	20	6	18	13	12	14	18	25	0	7	11	16	20	10	7	15	17	17	13	12	11	17	3	19	20	5	
0	20	11	23	2	13	15	11	8	5	17	12	19	11	0	4	10	15	3	1	17	16	20	19	5	5	15	6	13	20	8	
0	29	11	22	17	9	21	20	25	22	19	27	16	21	20	0	24	14	20	16	17	24	29	15	1	20	15	16	28	19	17	
0	18	1	23	2	19	11	16	3	2	14	12	19	8	6	10	0	20	9	1	15	15	17	17	11	5	15	3	5	20	5	
0	20	17	29	8	17	21	11	18	15	27	18	24	21	20	14	16	0	13	7	23	26	29	6	15	11	21	16	19	5	18	
0	17	11	23	8	10	12	8	5	2	14	18	17	8	7	1	16	15	0	7	15	13	17	16	2	11	16	3	19	20	5	
0	26	10	22	1	24	14	22	12	11	22	11	18	15	13	17	9	21	16	0	16	24	25	26	18	4	14	11	12	26	13	
0	21	7	16	11	23	10	21	8	12	17	21	10	4	10	14	10	22	13	10	0	21	20	17	15	5	20	6	15	23	8	
0	10	14	20	1	7	12	1	7	9	14	11	14	11	7	8	14	19	7	6	7	0	17	18	6	10	14	3	12	20	5	
0	25	15	12	4	22	17	16	16	20	25	14	18	12	18	20	18	25	21	15	8	29	0	25	21	13	17	14	17	28	13	
0	14	11	23	2	11	15	5	13	12	23	12	18	16	14	12	10	22	11	1	17	24	26	0	13	5	15	12	13	23	14	
0	31	16	32	19	26	20	24	24	25	18	29	26	20	20	17	26	13	23	18	16	30	30	19	0	21	14	16	30	18	18	
0	23	6	28	7	24	16	21	8	7	19	17	22	13	11	15	5	25	14	6	17	20	22	22	16	0	20	8	10	25	10	
0	19	9	18	5	12	12	19	10	13	15	15	12	6	8	3	12	17	11	4	2	23	18	18	4	7	0	4	16	21	6	
0	15	14	26	5	17	9	15	12	9	11	15	22	15	4	8	13	17	7	4	12	20	14	18	9	8	14	0	16	17	2	
0	21	9	24	3	14	16	12	9	6	18	13	20	12	1	5	11	16	4	2	18	17	21	20	6	6	16	7	0	21	9	
0	15	12	24	3	12	16	6	13	10	22	13	19	16	15	9	11	23	8	2	18	21	24	1	10	6	16	11	14	0	13	
0	13	12	24	3	26	16	21	14	13	20	13	20	14	15	19	11	23	18	2	10	26	12	16	20	6	16	13	14	15	0	
M6
0	0	0	0	0	0	0	0	0	0	0	0	0	0	0	0	0	0	0	0	0	0	0	0	0	0	0	0	0	0	0	
0	0	19	6	11	6	8	26	11	18	13	17	23	22	14	11	20	6	10	18	13	9	12	9	13	11	10	16	2	6	10	
0	18	0	21	13	19	9	24	4	21	22	24	16	22	16	7	21	22	18	15	9	11	2	2	16	18	16	10	20	15	25	
0	19	13	0	16	20	10	25	5	12	23	27	17	22	18	11	22	23	19	16	13	23	6	3	19	17	19	10	19	16	4	
0	12	8	18	0	13	17	32	12	16	18	11	24	16	3	15	29	18	15	7	17	16	10	10	7	5	3	18	14	18	20	
0	21	19	22	13	0	15	42	8	19	27	15	34	26	16	18	27	22	24	20	8	20	13	21	18	16	16	14	18	21	11	
0	15	21	21	15	16	0	40	24	21	13	17	32	21	13	23	12	21	9	17	13	13	23	23	12	10	18	23	17	6	25	
0	9	15	13	13	11	12	0	18	25	8	11	30	4	16	13	24	8	13	20	8	11	17	16	16	14	3	23	11	1	17	
0	23	15	27	11	15	22	39	0	27	27	22	31	18	14	22	34	18	21	18	23	21	17	17	18	16	14	6	23	28	26	
0	18	14	24	6	19	19	38	18	0	24	17	30	22	9	21	31	24	21	13	23	22	16	16	13	11	9	24	20	24	26	
0	2	14	8	13	8	9	28	13	20	0	11	25	24	16	13	21	8	12	20	15	11	14	11	15	13	12	18	4	8	12	
0	17	4	7	7	10	9	28	8	19	15	0	20	23	10	9	21	7	11	14	11	5	6	6	14	12	10	14	3	8	11	
0	2	15	5	13	8	10	8	2	17	15	19	0	12	4	13	16	8	12	8	15	11	11	8	12	13	11	8	4	8	9	
0	5	17	9	9	11	8	31	14	21	13	20	26	0	12	9	20	4	15	16	11	7	13	12	13	14	12	19	7	11	13	
0	9	11	15	20	15	17	35	15	24	19	17	27	17	0	18	29	15	12	4	20	18	13	13	8	13	19	21	11	15	17	
0	15	27	18	20	21	9	41	22	30	15	23	34	30	22	0	21	18	18	26	2	18	24	20	21	19	15	26	14	15	22	
0	15	11	21	3	11	19	33	15	19	21	14	27	19	6	17	0	15	18	10	19	1	12	13	10	8	6	11	17	21	15	
0	11	13	9	5	12	4	34	14	21	9	16	26	21	8	5	16	0	13	12	7	3	9	12	12	10	8	19	5	10	13	
0	10	15	14	18	9	18	31	17	12	23	12	23	12	4	14	30	16	0	8	16	17	17	17	3	1	20	23	12	16	18	
0	17	7	23	17	20	16	31	11	21	15	25	23	25	17	14	28	23	25	0	16	15	9	9	16	22	20	17	19	16	13	
0	13	25	19	22	19	7	39	24	28	20	21	36	28	20	24	19	19	16	24	0	20	25	22	19	17	13	29	15	13	23	
0	14	10	20	2	15	18	32	14	18	20	13	26	18	5	17	30	14	17	9	19	0	12	12	9	7	5	20	16	20	22	
0	20	25	23	17	26	14	29	26	33	20	23	25	23	15	5	26	23	23	19	7	23	0	25	14	22	20	31	19	20	27	
0	16	17	19	13	17	7	22	2	19	20	24	14	20	16	24	19	20	16	13	20	20	19	0	19	17	16	8	18	13	23	
0	10	12	15	16	16	17	34	16	25	20	9	28	9	1	11	29	13	13	5	13	14	14	14	0	14	19	21	12	16	18	
0	9	14	13	17	8	17	30	16	11	22	11	22	11	3	13	29	15	15	7	15	16	16	16	2	0	19	22	11	15	17	
0	17	12	15	15	18	17	36	16	27	15	8	28	31	18	17	29	15	19	22	19	13	14	14	22	20	0	22	11	16	19	
0	17	28	21	21	23	20	36	13	27	25	27	38	12	19	21	32	16	15	23	23	19	25	24	18	16	24	0	19	23	25	
0	14	17	4	9	7	6	29	9	16	12	16	21	20	12	9	18	4	8	16	11	7	10	7	11	9	8	14	0	5	8	
0	9	15	15	18	10	14	35	18	27	7	11	31	31	21	20	26	15	19	25	7	16	17	17	22	20	19	24	11	0	19	
0	22	22	25	14	26	16	31	19	8	22	25	23	18	17	7	28	22	21	21	9	25	2	24	16	19	17	6	21	16	0	
M7
0	0	0	0	0	0	0	0	0	0	0	0	0	0	0	0	0	0	0	0	0	0	0	0	0	0	0	0	0	0	0	
0	0	17	10	15	16	8	27	8	7	19	6	1	16	21	10	16	13	15	15	14	18	14	11	15	11	15	13	19	17	19	
0	12	0	9	20	17	13	14	20	5	14	11	13	13	16	8	12	9	10	20	17	2	12	14	14	17	18	18	7	22	6	
0	6	7	0	21	16	14	20	14	9	18	12	7	16	20	7	13	3	5	21	19	8	15	10	5	11	14	17	13	16	12	
0	14	22	19	0	25	10	31	10	15	21	14	3	25	19	18	24	21	20	17	11	22	16	13	24	20	17	21	20	19	23	
0	16	21	14	18	0	11	30	24	10	22	9	17	18	11	13	19	16	19	23	3	22	8	17	19	13	21	16	22	30	22	
0	21	26	19	7	21	0	27	17	15	11	14	10	25	26	15	21	18	24	22	18	27	22	20	24	20	24	21	18	26	19	
0	21	23	16	22	24	15	0	28	12	26	13	21	24	2	15	21	18	21	18	13	22	2	26	21	19	25	20	23	32	24	
0	4	18	11	8	16	10	30	0	11	21	10	5	19	13	14	20	11	16	19	6	18	11	3	16	14	7	17	14	9	22	
0	9	11	4	22	19	15	20	17	0	14	15	10	19	20	3	9	6	9	15	21	12	7	14	9	14	14	13	13	20	12	
0	10	15	8	12	14	5	16	6	4	0	3	11	14	18	4	10	7	13	11	12	16	11	9	13	9	13	10	7	15	8	
0	9	12	5	9	11	2	21	15	1	13	0	9	11	18	4	10	7	10	16	14	13	8	13	10	6	12	7	13	21	13	
0	11	19	18	14	23	7	31	7	18	18	17	0	26	20	21	27	18	17	14	13	19	18	10	23	21	14	24	21	16	23	
0	18	6	15	25	7	18	20	23	11	20	16	19	0	12	14	18	15	16	17	4	8	9	20	20	20	20	23	13	28	12	
0	20	21	16	20	22	13	24	26	12	24	11	20	22	0	15	21	18	19	16	11	23	3	24	21	17	23	18	24	32	24	
0	6	15	13	19	16	12	17	14	9	11	12	7	16	17	0	6	3	14	21	19	17	8	12	13	11	11	10	10	23	9	
0	12	14	9	13	14	6	25	20	5	17	18	13	14	24	8	0	11	12	19	16	16	2	17	14	9	19	18	18	25	17	
0	3	12	10	18	13	11	21	11	6	15	9	4	13	21	4	10	0	11	18	16	14	12	14	10	8	15	14	14	20	13	
0	6	2	11	20	14	14	16	12	7	16	12	7	15	15	10	14	11	0	21	17	4	14	5	16	16	9	19	9	21	8	
0	9	5	14	23	17	17	19	15	10	19	15	10	18	18	13	17	14	3	0	20	7	17	8	19	19	12	21	12	24	11	
0	24	28	24	28	30	21	32	26	20	32	19	25	30	8	23	27	26	26	23	0	26	5	29	29	25	31	26	31	35	30	
0	10	10	7	21	15	14	12	18	3	12	12	11	11	14	6	10	7	8	18	15	0	10	13	12	15	17	16	5	20	4	
0	19	23	28	31	35	24	33	27	24	33	25	20	32	22	27	31	28	21	18	14	21	0	26	33	30	30	32	26	36	25	
0	1	17	11	15	13	9	27	7	8	20	7	2	16	10	11	17	8	15	16	13	15	13	0	15	11	4	14	20	16	19	
0	11	19	12	16	13	9	28	19	8	20	7	12	13	24	11	17	14	17	18	16	20	15	20	0	8	19	14	20	28	20	
0	3	11	13	18	5	11	25	11	10	22	9	4	5	16	13	19	16	13	10	8	13	13	14	18	0	18	16	18	20	17	
0	2	13	10	11	14	10	23	3	9	21	8	3	17	6	12	18	9	11	17	9	11	9	1	12	12	0	15	16	12	15	
0	7	12	5	16	8	14	21	8	13	9	12	8	21	11	12	18	8	10	20	11	13	14	6	10	16	5	0	16	17	17	
0	22	31	24	25	10	21	33	24	20	27	19	23	28	21	16	22	19	29	33	13	32	18	27	29	23	27	26	0	33	25	
0	3	9	2	12	11	11	22	4	10	20	9	4	18	7	9	15	5	7	18	10	10	10	2	7	13	1	15	5	0	14	
0	6	13	13	17	11	10	8	14	9	8	8	7	7	10	7	6	3	14	19	11	15	8	17	13	11	18	15	1	23	0	
Tamanho_Tarefas
0	13	8	19	9	4	10	19	14	8	21	16	6	4	5	17	1	8	11	15	28	18	13	23	17	25	6	4	10	13	6	
Data_Entrega
0	154	149	148	153	151	146	144	154	148	149	145	151	149	149	149	150	152	153	153	147	148	147	151	152	151	148	153	149	146	150	
Penalidade_Atraso
0	19	3	11	9	13	20	9	11	19	13	12	2	12	12	16	3	19	3	4	19	6	10	14	9	8	17	11	9	7	1	
Capacidade_Veiculo
82	38	32	53	75	62	77	50	74	46	63	29	55	
Custo_Fixo_Veiculo
820	380	320	530	750	620	770	500	740	460	630	290	550	
Coordenadas_Clientes
x	0	y	0
x	92	y	0
x	107	y	22
x	105	y	47
x	76	y	55
x	62	y	69
x	49	y	85
x	36	y	112
x	8	y	80
x	-10	y	101
x	-27	y	84
x	-56	y	96
x	-64	y	72
x	-93	y	67
x	-101	y	45
x	-74	y	15
x	-104	y	0
x	-108	y	-23
x	-102	y	-45
x	-89	y	-65
x	-63	y	-70
x	-46	y	-80
x	-37	y	-114
x	-8	y	-82
x	12	y	-116
x	29	y	-90
x	42	y	-72
x	67	y	-75
x	98	y	-71
x	71	y	-31
x	84	y	-17
Tempo_Viagem
0	92	109	115	93	92	98	117	80	101	88	111	96	114	110	75	104	110	111	110	94	92	119	82	116	94	83	100	121	77	85	
92	0	26	48	57	75	95	124	116	143	145	176	171	196	198	166	196	201	199	192	170	159	172	129	140	109	87	78	71	37	18	
109	26	0	25	45	64	84	113	114	141	147	178	178	205	209	181	212	219	219	214	193	183	198	155	166	135	113	104	93	63	44	
115	48	25	0	30	48	67	94	102	126	137	167	170	199	206	181	214	224	226	224	204	197	214	171	187	156	134	126	118	85	66	
93	57	45	30	0	19	39	68	72	97	107	137	141	169	177	155	188	199	204	203	186	181	203	160	182	152	131	130	127	86	72	
92	75	64	48	19	0	20	49	55	78	90	120	126	155	164	146	179	193	199	201	186	184	208	166	191	162	142	144	143	100	88	
98	95	84	67	39	20	0	29	41	61	76	105	113	142	155	141	174	190	199	203	191	190	216	176	204	176	157	161	162	118	107	
117	124	113	94	68	49	29	0	42	47	68	93	106	135	151	146	179	196	208	216	207	208	236	198	229	202	184	189	191	147	136	
80	116	114	102	72	55	41	42	0	27	35	65	72	101	114	104	137	154	166	174	165	168	199	162	196	171	155	165	175	127	123	
101	143	141	126	97	78	61	47	27	0	24	46	61	89	106	107	137	157	172	183	179	184	216	183	217	194	180	192	202	154	150	
88	145	147	137	107	90	76	68	35	24	0	31	38	67	83	83	113	133	149	161	158	165	198	167	203	182	170	184	199	151	150	
111	176	178	167	137	120	105	93	65	46	31	0	25	47	68	82	107	129	148	163	166	176	210	184	222	204	194	210	227	179	179	
96	171	178	170	141	126	113	106	72	61	38	25	0	29	45	57	82	104	123	138	142	153	187	163	202	186	178	196	216	169	172	
114	196	205	199	169	155	142	135	101	89	67	47	29	0	23	55	67	90	112	132	140	154	189	171	210	198	193	213	235	191	195	
110	198	209	206	177	164	155	151	114	106	83	68	45	23	0	40	45	68	90	110	121	136	171	157	196	187	184	206	230	187	195	
75	166	181	181	155	146	141	146	104	107	83	82	57	55	40	0	33	50	66	81	85	99	134	117	156	147	145	167	192	152	160	
104	196	212	214	188	179	174	179	137	137	113	107	82	67	45	33	0	23	45	66	81	98	132	126	164	160	162	186	214	177	188	
110	201	219	224	199	193	190	196	154	157	133	129	104	90	68	50	23	0	22	45	65	84	115	116	151	152	157	182	211	179	192	
111	199	219	226	204	199	199	208	166	172	149	148	123	112	90	66	45	22	0	23	46	65	94	101	133	138	146	171	201	173	188	
110	192	214	224	203	201	203	216	174	183	161	163	138	132	110	81	66	45	23	0	26	45	71	82	113	119	131	156	187	163	179	
94	170	193	204	186	186	191	207	165	179	158	166	142	140	121	85	81	65	46	26	0	19	51	56	87	93	105	130	161	139	156	
92	159	183	197	181	184	190	208	168	184	165	176	153	154	136	99	98	84	65	45	19	0	35	38	68	75	88	113	144	126	144	
119	172	198	214	203	208	216	236	199	216	198	210	187	189	171	134	132	115	94	71	51	35	0	43	49	70	89	110	141	136	155	
82	129	155	171	160	166	176	198	162	183	167	184	163	171	157	117	126	116	101	82	56	38	43	0	39	37	50	75	106	94	112	
116	140	166	187	182	191	204	229	196	217	203	222	202	210	196	156	164	151	133	113	87	68	49	39	0	31	53	68	97	103	122	
94	109	135	156	152	162	176	202	171	194	182	204	186	198	187	147	160	152	138	119	93	75	70	37	31	0	22	40	71	72	91	
83	87	113	134	131	142	157	184	155	180	170	194	178	193	184	145	162	157	146	131	105	88	89	50	53	22	0	25	56	50	69	
100	78	104	126	130	144	161	189	165	192	184	210	196	213	206	167	186	182	171	156	130	113	110	75	68	40	25	0	31	44	60	
121	71	93	118	127	143	162	191	175	202	199	227	216	235	230	192	214	211	201	187	161	144	141	106	97	71	56	31	0	48	55	
77	37	63	85	86	100	118	147	127	154	151	179	169	191	187	152	177	179	173	163	139	126	136	94	103	72	50	44	48	0	19	
85	18	44	66	72	88	107	136	123	150	150	179	172	195	195	160	188	192	188	179	156	144	155	112	122	91	69	60	55	19	0	
Custo_Viagem
V0
0	1508	1787	1886	1525	1508	1607	1918	1312	1656	1443	1820	1574	1869	1804	1230	1705	1804	1820	1804	1541	1508	1951	1344	1902	1541	1361	1640	1984	1262	1394	
1508	0	426	787	934	1230	1558	2050	1902	2345	2378	2886	2804	3214	3247	2722	3214	3296	3263	3148	2788	2607	2820	2115	2296	1787	1426	1295	1164	606	295	
1787	426	0	410	738	1066	1394	1869	1869	2312	2410	2935	2919	3362	3427	2968	3476	3591	3591	3509	3165	3001	3247	2542	2738	2230	1869	1705	1525	1049	738	
1886	787	410	0	492	787	1098	1541	1672	2082	2246	2755	2788	3263	3378	2968	3509	3673	3706	3673	3345	3230	3509	2804	3066	2558	2197	2082	1935	1394	1098	
1525	934	738	492	0	311	656	1131	1180	1590	1754	2263	2312	2771	2902	2542	3083	3263	3345	3345	3050	2968	3329	2624	2984	2492	2148	2132	2082	1410	1180	
1508	1230	1066	787	311	0	328	820	902	1279	1476	1984	2066	2542	2689	2394	2935	3165	3263	3296	3050	3017	3411	2722	3132	2656	2328	2361	2361	1640	1443	
1607	1558	1394	1098	656	328	0	475	672	1000	1246	1722	1853	2345	2542	2312	2870	3116	3263	3329	3132	3116	3542	2886	3345	2886	2574	2640	2673	1935	1754	
1918	2050	1869	1541	1131	820	475	0	688	770	1115	1525	1754	2230	2492	2394	2935	3230	3427	3542	3394	3411	3886	3247	3755	3312	3017	3099	3165	2410	2246	
1312	1902	1869	1672	1180	902	672	688	0	442	574	1066	1180	1656	1869	1705	2246	2542	2722	2853	2706	2755	3263	2656	3214	2804	2542	2706	2870	2082	2017	
1656	2345	2312	2082	1590	1279	1000	770	442	0	393	754	1000	1459	1738	1754	2246	2591	2820	3001	2935	3017	3542	3001	3575	3181	2952	3148	3329	2525	2460	
1443	2378	2410	2246	1754	1476	1246	1115	574	393	0	508	623	1115	1361	1361	1853	2197	2443	2640	2591	2706	3247	2738	3329	2984	2788	3017	3263	2476	2460	
1820	2886	2935	2755	2263	1984	1722	1525	1066	754	508	0	410	770	1115	1344	1754	2115	2427	2689	2722	2886	3444	3017	3640	3345	3181	3444	3722	2935	2935	
1574	2804	2919	2788	2312	2066	1853	1754	1180	1000	623	410	0	475	738	934	1344	1705	2017	2279	2328	2509	3066	2673	3312	3050	2919	3214	3542	2771	2820	
1869	3214	3362	3263	2771	2542	2345	2230	1656	1459	1115	770	475	0	377	902	1098	1492	1836	2164	2296	2525	3099	2804	3444	3247	3165	3493	3854	3132	3198	
1804	3247	3427	3378	2902	2689	2542	2492	1869	1738	1361	1115	738	377	0	656	738	1115	1476	1804	1984	2230	2804	2574	3214	3066	3017	3378	3772	3083	3198	
1230	2722	2968	2968	2542	2394	2312	2394	1705	1754	1361	1344	934	902	656	0	541	820	1082	1328	1394	1623	2197	1918	2558	2410	2378	2738	3148	2492	2640	
1705	3214	3476	3509	3083	2935	2870	2935	2246	2246	1853	1754	1344	1098	738	541	0	377	738	1082	1328	1607	2164	2066	2689	2624	2656	3050	3509	2902	3083	
1804	3296	3591	3673	3263	3165	3116	3230	2542	2591	2197	2115	1705	1492	1115	820	377	0	360	754	1066	1377	1886	1902	2476	2492	2574	2984	3460	2935	3148	
1820	3263	3591	3706	3345	3263	3263	3427	2722	2820	2443	2427	2017	1836	1476	1082	738	360	0	377	754	1082	1541	1656	2197	2263	2394	2804	3296	2837	3083	
1804	3148	3509	3673	3345	3296	3329	3542	2853	3001	2640	2689	2279	2164	1804	1328	1082	754	377	0	426	738	1164	1344	1853	1968	2148	2558	3066	2673	2935	
1541	2788	3165	3345	3050	3050	3132	3394	2706	2935	2591	2722	2328	2296	1984	1394	1328	1066	754	426	0	311	836	918	1426	1541	1722	2132	2640	2279	2558	
1508	2607	3001	3230	2968	3017	3116	3411	2755	3017	2706	2886	2509	2525	2230	1623	1607	1377	1082	738	311	0	574	623	1115	1230	1443	1853	2361	2066	2361	
1951	2820	3247	3509	3329	3411	3542	3886	3263	3542	3247	3444	3066	3099	2804	2197	2164	1886	1541	1164	836	574	0	705	803	1148	1459	1820	2312	2230	2542	
1344	2115	2542	2804	2624	2722	2886	3247	2656	3001	2738	3017	2673	2804	2574	1918	2066	1902	1656	1344	918	623	705	0	639	606	820	1230	1738	1541	1836	
1902	2296	2738	3066	2984	3132	3345	3755	3214	3575	3329	3640	3312	3444	3214	2558	2689	2476	2197	1853	1426	1115	803	639	0	508	869	1115	1590	1689	2000	
1541	1787	2230	2558	2492	2656	2886	3312	2804	3181	2984	3345	3050	3247	3066	2410	2624	2492	2263	1968	1541	1230	1148	606	508	0	360	656	1164	1180	1492	
1361	1426	1869	2197	2148	2328	2574	3017	2542	2952	2788	3181	2919	3165	3017	2378	2656	2574	2394	2148	1722	1443	1459	820	869	360	0	410	918	820	1131	
1640	1295	1705	2082	2132	2361	2640	3099	2706	3148	3017	3444	3214	3493	3378	2738	3050	2984	2804	2558	2132	1853	1820	1230	1115	656	410	0	508	721	984	
1984	1164	1525	1935	2082	2361	2673	3165	2870	3329	3263	3722	3542	3854	3772	3148	3509	3460	3296	3066	2640	2361	2312	1738	1590	1164	918	508	0	787	902	
1262	606	1049	1394	1410	1640	1935	2410	2082	2525	2476	2935	2771	3132	3083	2492	2902	2935	2837	2673	2279	2066	2230	1541	1689	1180	820	721	787	0	311	
1394	295	738	1098	1180	1443	1754	2246	2017	2460	2460	2935	2820	3198	3198	2640	3083	3148	3083	2935	2558	2361	2542	1836	2000	1492	1131	984	902	311	0	
V1
0	699	828	874	706	699	744	889	608	767	668	843	729	866	836	570	790	836	843	836	714	699	904	623	881	714	630	760	919	585	646	
699	0	197	364	433	570	722	950	881	1086	1102	1337	1299	1489	1504	1261	1489	1527	1512	1459	1292	1208	1307	980	1064	828	661	600	539	281	136	
828	197	0	190	342	494	646	866	866	1071	1117	1360	1352	1558	1588	1375	1611	1664	1664	1626	1466	1390	1504	1178	1269	1033	866	790	706	486	342	
874	364	190	0	228	364	509	714	775	965	1041	1276	1292	1512	1565	1375	1626	1702	1717	1702	1550	1497	1626	1299	1421	1185	1018	965	896	646	509	
706	433	342	228	0	144	304	524	547	737	813	1048	1071	1284	1345	1178	1428	1512	1550	1550	1413	1375	1542	1216	1383	1155	995	988	965	653	547	
699	570	494	364	144	0	152	380	418	592	684	919	957	1178	1246	1109	1360	1466	1512	1527	1413	1398	1580	1261	1451	1231	1079	1094	1094	760	668	
744	722	646	509	304	152	0	220	311	463	577	798	858	1086	1178	1071	1330	1444	1512	1542	1451	1444	1641	1337	1550	1337	1193	1223	1238	896	813	
889	950	866	714	524	380	220	0	319	357	516	706	813	1033	1155	1109	1360	1497	1588	1641	1573	1580	1801	1504	1740	1535	1398	1436	1466	1117	1041	
608	881	866	775	547	418	311	319	0	205	266	494	547	767	866	790	1041	1178	1261	1322	1254	1276	1512	1231	1489	1299	1178	1254	1330	965	934	
767	1086	1071	965	737	592	463	357	205	0	182	349	463	676	805	813	1041	1200	1307	1390	1360	1398	1641	1390	1656	1474	1368	1459	1542	1170	1140	
668	1102	1117	1041	813	684	577	516	266	182	0	235	288	516	630	630	858	1018	1132	1223	1200	1254	1504	1269	1542	1383	1292	1398	1512	1147	1140	
843	1337	1360	1276	1048	919	798	706	494	349	235	0	190	357	516	623	813	980	1124	1246	1261	1337	1596	1398	1687	1550	1474	1596	1725	1360	1360	
729	1299	1352	1292	1071	957	858	813	547	463	288	190	0	220	342	433	623	790	934	1056	1079	1162	1421	1238	1535	1413	1352	1489	1641	1284	1307	
866	1489	1558	1512	1284	1178	1086	1033	767	676	516	357	220	0	174	418	509	691	851	1003	1064	1170	1436	1299	1596	1504	1466	1618	1786	1451	1482	
836	1504	1588	1565	1345	1246	1178	1155	866	805	630	516	342	174	0	304	342	516	684	836	919	1033	1299	1193	1489	1421	1398	1565	1748	1428	1482	
570	1261	1375	1375	1178	1109	1071	1109	790	813	630	623	433	418	304	0	250	380	501	615	646	752	1018	889	1185	1117	1102	1269	1459	1155	1223	
790	1489	1611	1626	1428	1360	1330	1360	1041	1041	858	813	623	509	342	250	0	174	342	501	615	744	1003	957	1246	1216	1231	1413	1626	1345	1428	
836	1527	1664	1702	1512	1466	1444	1497	1178	1200	1018	980	790	691	516	380	174	0	167	349	494	638	874	881	1147	1155	1193	1383	1603	1360	1459	
843	1512	1664	1717	1550	1512	1512	1588	1261	1307	1132	1124	934	851	684	501	342	167	0	174	349	501	714	767	1018	1048	1109	1299	1527	1314	1428	
836	1459	1626	1702	1550	1527	1542	1641	1322	1390	1223	1246	1056	1003	836	615	501	349	174	0	197	342	539	623	858	912	995	1185	1421	1238	1360	
714	1292	1466	1550	1413	1413	1451	1573	1254	1360	1200	1261	1079	1064	919	646	615	494	349	197	0	144	387	425	661	714	798	988	1223	1056	1185	
699	1208	1390	1497	1375	1398	1444	1580	1276	1398	1254	1337	1162	1170	1033	752	744	638	501	342	144	0	266	288	516	570	668	858	1094	957	1094	
904	1307	1504	1626	1542	1580	1641	1801	1512	1641	1504	1596	1421	1436	1299	1018	1003	874	714	539	387	266	0	326	372	532	676	843	1071	1033	1178	
623	980	1178	1299	1216	1261	1337	1504	1231	1390	1269	1398	1238	1299	1193	889	957	881	767	623	425	288	326	0	296	281	380	570	805	714	851	
881	1064	1269	1421	1383	1451	1550	1740	1489	1656	1542	1687	1535	1596	1489	1185	1246	1147	1018	858	661	516	372	296	0	235	402	516	737	782	927	
714	828	1033	1185	1155	1231	1337	1535	1299	1474	1383	1550	1413	1504	1421	1117	1216	1155	1048	912	714	570	532	281	235	0	167	304	539	547	691	
630	661	866	1018	995	1079	1193	1398	1178	1368	1292	1474	1352	1466	1398	1102	1231	1193	1109	995	798	668	676	380	402	167	0	190	425	380	524	
760	600	790	965	988	1094	1223	1436	1254	1459	1398	1596	1489	1618	1565	1269	1413	1383	1299	1185	988	858	843	570	516	304	190	0	235	334	456	
919	539	706	896	965	1094	1238	1466	1330	1542	1512	1725	1641	1786	1748	1459	1626	1603	1527	1421	1223	1094	1071	805	737	539	425	235	0	364	418	
585	281	486	646	653	760	896	1117	965	1170	1147	1360	1284	1451	1428	1155	1345	1360	1314	1238	1056	957	1033	714	782	547	380	334	364	0	144	
646	136	342	509	547	668	813	1041	934	1140	1140	1360	1307	1482	1482	1223	1428	1459	1428	1360	1185	1094	1178	851	927	691	524	456	418	144	0	
V2
0	588	697	736	595	588	627	748	512	646	563	710	614	729	704	480	665	704	710	704	601	588	761	524	742	601	531	640	774	492	544	
588	0	166	307	364	480	608	800	742	915	928	1126	1094	1254	1267	1062	1254	1286	1273	1228	1088	1017	1100	825	896	697	556	505	454	236	115	
697	166	0	160	288	416	544	729	729	902	940	1145	1139	1312	1337	1158	1356	1401	1401	1369	1235	1171	1267	992	1068	870	729	665	595	409	288	
736	307	160	0	192	307	428	601	652	812	876	1075	1088	1273	1318	1158	1369	1433	1446	1433	1305	1260	1369	1094	1196	998	857	812	755	544	428	
595	364	288	192	0	121	256	441	460	620	684	883	902	1081	1132	992	1203	1273	1305	1305	1190	1158	1299	1024	1164	972	838	832	812	550	460	
588	480	416	307	121	0	128	320	352	499	576	774	806	992	1049	934	1145	1235	1273	1286	1190	1177	1331	1062	1222	1036	908	921	921	640	563	
627	608	544	428	256	128	0	185	262	390	486	672	723	915	992	902	1120	1216	1273	1299	1222	1216	1382	1126	1305	1126	1004	1030	1043	755	684	
748	800	729	601	441	320	185	0	268	300	435	595	684	870	972	934	1145	1260	1337	1382	1324	1331	1516	1267	1465	1292	1177	1209	1235	940	876	
512	742	729	652	460	352	262	268	0	172	224	416	460	646	729	665	876	992	1062	1113	1056	1075	1273	1036	1254	1094	992	1056	1120	812	787	
646	915	902	812	620	499	390	300	172	0	153	294	390	569	678	684	876	1011	1100	1171	1145	1177	1382	1171	1395	1241	1152	1228	1299	985	960	
563	928	940	876	684	576	486	435	224	153	0	198	243	435	531	531	723	857	953	1030	1011	1056	1267	1068	1299	1164	1088	1177	1273	966	960	
710	1126	1145	1075	883	774	672	595	416	294	198	0	160	300	435	524	684	825	947	1049	1062	1126	1344	1177	1420	1305	1241	1344	1452	1145	1145	
614	1094	1139	1088	902	806	723	684	460	390	243	160	0	185	288	364	524	665	787	889	908	979	1196	1043	1292	1190	1139	1254	1382	1081	1100	
729	1254	1312	1273	1081	992	915	870	646	569	435	300	185	0	147	352	428	582	716	844	896	985	1209	1094	1344	1267	1235	1363	1504	1222	1248	
704	1267	1337	1318	1132	1049	992	972	729	678	531	435	288	147	0	256	288	435	576	704	774	870	1094	1004	1254	1196	1177	1318	1472	1203	1248	
480	1062	1158	1158	992	934	902	934	665	684	531	524	364	352	256	0	211	320	422	518	544	633	857	748	998	940	928	1068	1228	972	1030	
665	1254	1356	1369	1203	1145	1120	1145	876	876	723	684	524	428	288	211	0	147	288	422	518	627	844	806	1049	1024	1036	1190	1369	1132	1203	
704	1286	1401	1433	1273	1235	1216	1260	992	1011	857	825	665	582	435	320	147	0	140	294	416	537	736	742	966	972	1004	1164	1350	1145	1228	
710	1273	1401	1446	1305	1273	1273	1337	1062	1100	953	947	787	716	576	422	288	140	0	147	294	422	601	646	857	883	934	1094	1286	1107	1203	
704	1228	1369	1433	1305	1286	1299	1382	1113	1171	1030	1049	889	844	704	518	422	294	147	0	166	288	454	524	723	768	838	998	1196	1043	1145	
601	1088	1235	1305	1190	1190	1222	1324	1056	1145	1011	1062	908	896	774	544	518	416	294	166	0	121	326	358	556	601	672	832	1030	889	998	
588	1017	1171	1260	1158	1177	1216	1331	1075	1177	1056	1126	979	985	870	633	627	537	422	288	121	0	224	243	435	480	563	723	921	806	921	
761	1100	1267	1369	1299	1331	1382	1516	1273	1382	1267	1344	1196	1209	1094	857	844	736	601	454	326	224	0	275	313	448	569	710	902	870	992	
524	825	992	1094	1024	1062	1126	1267	1036	1171	1068	1177	1043	1094	1004	748	806	742	646	524	358	243	275	0	249	236	320	480	678	601	716	
742	896	1068	1196	1164	1222	1305	1465	1254	1395	1299	1420	1292	1344	1254	998	1049	966	857	723	556	435	313	249	0	198	339	435	620	659	780	
601	697	870	998	972	1036	1126	1292	1094	1241	1164	1305	1190	1267	1196	940	1024	972	883	768	601	480	448	236	198	0	140	256	454	460	582	
531	556	729	857	838	908	1004	1177	992	1152	1088	1241	1139	1235	1177	928	1036	1004	934	838	672	563	569	320	339	140	0	160	358	320	441	
640	505	665	812	832	921	1030	1209	1056	1228	1177	1344	1254	1363	1318	1068	1190	1164	1094	998	832	723	710	480	435	256	160	0	198	281	384	
