M: 8
N: 30
Nun_Veiculos: 12
Capacidade_Total: 678
Demanda_Total: 431
Setup_Min: 1
Setup_Max: 9
Raio: 100
Circulos: 1
Tempo_Processamento_Min: 1
Tempo_Processamento_Max: 49
Demanda_Min: 10
Demanda_Max: 30
Priority_Factor: 0.2
Range_Factor_R: 0.8
U_factor: 2
ALpha: 0.2Replicao: 0
Tempos_Processamentos
0	0	1	0	2	0	3	0	4	0	5	0	6	0	7	0	
0	21	1	39	2	15	3	29	4	24	5	40	6	33	7	14	
0	3	1	15	2	24	3	12	4	40	5	17	6	4	7	12	
0	11	1	26	2	19	3	10	4	33	5	43	6	10	7	27	
0	13	1	28	2	46	3	22	4	37	5	39	6	24	7	23	
0	12	1	33	2	17	3	34	4	28	5	16	6	25	7	14	
0	47	1	34	2	34	3	2	4	31	5	9	6	15	7	5	
0	32	1	47	2	17	3	10	4	22	5	16	6	43	7	26	
0	19	1	9	2	42	3	30	4	39	5	15	6	41	7	9	
0	2	1	10	2	8	3	15	4	15	5	3	6	28	7	40	
0	40	1	19	2	20	3	7	4	3	5	9	6	18	7	2	
0	18	1	3	2	1	3	38	4	22	5	20	6	30	7	29	
0	3	1	49	2	38	3	12	4	14	5	45	6	11	7	14	
0	28	1	19	2	11	3	16	4	22	5	47	6	28	7	49	
0	22	1	5	2	34	3	15	4	36	5	49	6	30	7	14	
0	15	1	8	2	41	3	13	4	11	5	36	6	13	7	48	
0	14	1	6	2	22	3	42	4	13	5	14	6	44	7	1	
0	34	1	20	2	27	3	7	4	40	5	49	6	1	7	41	
0	1	1	33	2	4	3	10	4	3	5	10	6	31	7	14	
0	8	1	27	2	11	3	5	4	29	5	25	6	20	7	14	
0	17	1	25	2	28	3	41	4	37	5	37	6	39	7	30	
0	11	1	6	2	48	3	39	4	5	5	43	6	33	7	33	
0	48	1	10	2	31	3	3	4	33	5	3	6	38	7	48	
0	14	1	18	2	49	3	40	4	15	5	38	6	30	7	6	
0	36	1	10	2	28	3	25	4	8	5	3	6	8	7	15	
0	32	1	11	2	18	3	41	4	13	5	43	6	42	7	28	
0	36	1	46	2	37	3	5	4	43	5	14	6	27	7	17	
0	46	1	42	2	11	3	19	4	18	5	19	6	24	7	36	
0	39	1	28	2	40	3	42	4	45	5	40	6	18	7	4	
0	36	1	16	2	24	3	5	4	3	5	44	6	29	7	3	
0	6	1	45	2	47	3	16	4	15	5	28	6	43	7	42	

Tempos_setup
M0
0	0	0	0	0	0	0	0	0	0	0	0	0	0	0	0	0	0	0	0	0	0	0	0	0	0	0	0	0	0	0	
0	0	3	3	2	2	3	2	2	3	2	3	2	3	2	2	1	2	2	2	2	3	1	1	2	2	3	1	3	2	3	
0	2	0	3	3	3	1	4	3	4	1	3	3	3	3	3	3	1	2	2	2	2	2	2	3	2	3	3	3	3	2	
0	3	5	0	4	3	5	5	4	5	3	3	4	4	4	2	4	4	2	4	4	4	2	4	4	3	5	4	4	5	4	
0	3	2	2	0	4	1	4	4	4	3	3	4	3	2	4	3	3	1	4	2	3	3	4	4	2	4	4	4	4	2	
0	1	2	3	3	0	3	2	1	3	2	3	2	3	3	2	2	3	3	3	3	3	1	2	3	2	3	2	1	2	2	
0	2	1	2	3	3	0	3	4	3	2	2	3	2	2	3	2	2	1	3	3	2	2	3	3	1	3	3	3	3	1	
0	3	2	3	3	2	3	0	1	1	2	2	3	3	3	3	2	2	1	2	2	2	2	3	3	3	3	3	2	3	3	
0	2	1	3	3	2	2	2	0	3	2	3	2	3	3	2	1	2	3	2	2	3	1	2	2	2	2	3	3	3	3	
0	2	1	3	2	1	2	2	2	0	2	1	2	2	2	2	1	1	3	1	1	1	2	2	2	2	2	2	1	2	2	
0	1	3	3	3	3	3	3	3	3	0	3	2	2	2	3	2	3	1	1	3	2	2	2	3	3	3	2	4	3	3	
0	4	3	4	2	3	3	3	3	3	3	0	2	2	3	3	3	4	3	2	2	1	3	4	1	3	2	1	4	3	3	
0	3	1	2	3	3	1	3	3	3	2	1	0	2	1	3	2	2	2	3	3	2	2	2	2	1	3	2	3	3	1	
0	3	2	4	3	2	3	3	2	1	3	2	3	0	3	3	2	2	4	2	2	2	3	3	3	3	3	3	2	3	3	
0	2	3	1	2	2	3	4	2	3	1	3	3	2	0	2	3	4	2	2	3	1	1	3	4	2	2	3	3	3	3	
0	2	3	4	3	4	3	4	4	4	2	3	2	3	3	0	3	3	3	3	4	4	3	3	4	3	5	3	5	3	3	
0	3	2	2	2	3	2	1	2	2	3	2	1	2	2	3	0	2	2	1	1	2	2	3	2	1	3	3	3	3	2	
0	2	3	3	2	3	3	3	3	3	1	3	2	2	2	3	3	0	2	1	4	1	3	3	4	3	2	3	2	3	3	
0	4	4	2	2	4	3	4	5	5	3	4	4	4	4	4	3	2	0	3	2	3	4	4	4	4	4	5	3	4	4	
0	3	2	2	2	2	2	4	3	2	2	2	1	1	1	3	3	3	3	0	3	1	2	3	3	2	2	3	3	4	2	
0	3	2	3	1	3	2	3	3	4	2	2	2	3	3	2	2	3	2	3	0	2	3	2	2	2	3	3	4	3	3	
0	3	3	3	1	3	2	4	2	2	2	3	2	1	3	3	3	3	2	3	3	0	2	3	4	2	1	4	3	4	3	
0	1	3	2	2	1	3	3	2	3	1	2	3	2	2	1	2	3	2	2	3	2	0	2	3	1	3	2	2	3	2	
0	1	2	3	1	1	2	2	1	3	2	3	2	2	2	3	1	3	2	2	2	2	2	0	1	2	2	2	2	1	2	
0	3	4	3	2	2	3	2	3	3	2	3	3	2	3	2	4	4	3	3	4	1	3	4	0	2	1	4	3	4	4	
0	2	2	1	2	2	3	4	3	2	2	1	3	1	1	2	3	3	3	3	2	1	1	3	2	0	2	2	3	2	2	
0	2	3	2	3	3	4	4	4	3	1	2	3	2	2	3	3	4	2	2	3	2	2	3	3	1	0	3	4	3	3	
0	4	3	3	2	3	3	3	4	3	3	3	2	2	2	3	2	4	3	1	1	2	3	3	3	3	3	0	4	2	3	
0	2	2	3	2	2	2	1	2	2	2	2	1	3	2	1	2	2	2	3	3	3	3	1	2	2	3	3	0	1	1	
0	2	1	2	3	3	2	3	3	4	1	3	3	3	1	3	2	2	2	2	3	2	2	3	3	2	3	3	3	0	1	
0	3	2	2	3	3	2	2	3	3	2	2	2	2	2	2	1	1	2	2	2	2	2	3	2	1	3	3	2	3	0	
M1
0	0	0	0	0	0	0	0	0	0	0	0	0	0	0	0	0	0	0	0	0	0	0	0	0	0	0	0	0	0	0	
0	0	2	3	4	4	2	2	2	3	4	1	3	3	4	3	3	3	2	4	3	1	3	3	3	4	1	3	1	4	2	
0	3	0	2	3	3	2	3	3	1	2	2	1	2	3	3	3	3	3	2	2	3	3	3	3	3	2	1	2	2	2	
0	1	2	0	3	2	3	2	3	2	3	2	3	3	3	3	3	2	2	2	1	2	3	4	3	4	1	3	2	1	2	
0	2	3	3	0	3	1	2	2	1	1	2	1	2	3	2	3	3	2	2	3	3	4	2	2	2	2	2	3	2	2	
0	3	3	2	4	0	3	4	4	3	3	3	2	3	3	3	3	2	4	1	3	2	2	3	3	3	3	3	3	3	3	
0	1	3	2	3	3	0	1	2	3	2	2	3	1	3	3	3	2	2	3	3	2	3	1	1	3	2	1	2	3	1	
0	3	3	4	5	3	2	0	4	2	4	4	4	3	4	4	3	4	3	3	3	3	5	2	3	5	2	1	2	3	3	
0	2	3	2	3	3	2	3	0	2	2	2	1	2	3	1	2	3	3	2	3	3	4	2	3	3	2	1	2	2	1	
0	4	2	3	3	4	4	2	4	0	4	4	3	2	4	3	3	3	2	1	3	2	3	3	3	3	1	3	3	4	3	
0	3	3	2	4	2	2	3	1	3	0	3	2	3	3	1	2	2	3	1	3	2	4	2	2	1	3	2	2	3	2	
0	2	1	2	3	3	2	1	2	2	3	0	2	3	4	2	3	4	3	3	2	2	4	3	3	4	3	2	3	3	1	
0	3	2	3	2	2	3	2	2	2	1	1	0	1	2	2	3	2	2	2	3	2	3	3	2	2	3	3	3	1	2	
0	3	3	3	4	3	3	3	3	3	2	4	3	0	2	3	4	1	1	2	2	3	2	4	2	2	3	2	2	3	2	
0	4	3	3	5	2	3	2	4	2	4	4	4	4	0	3	4	2	4	1	2	2	3	3	3	3	3	2	3	1	3	
0	2	3	1	4	3	1	2	2	3	3	3	3	2	3	0	1	2	2	1	2	2	4	1	2	3	2	2	2	2	2	
0	2	4	4	5	3	2	3	4	4	3	3	5	3	5	4	0	4	3	3	3	3	5	3	3	2	3	1	2	3	3	
0	3	3	4	5	3	2	3	2	3	4	4	3	3	1	3	3	0	3	1	2	2	4	3	3	3	3	1	2	2	3	
0	3	2	4	4	4	2	3	3	3	3	3	2	1	3	4	3	2	0	2	1	3	3	3	3	3	2	3	1	3	3	
0	3	2	3	4	3	3	3	3	2	3	4	3	4	4	2	3	4	3	0	4	1	5	2	2	2	3	3	2	4	2	
0	3	3	3	4	3	3	3	4	3	3	3	2	3	3	3	2	2	2	1	0	2	3	3	3	3	4	3	3	2	2	
0	3	3	4	3	3	2	2	3	3	4	4	3	3	5	4	4	4	3	4	4	0	5	3	3	4	4	3	4	4	3	
0	2	3	2	4	4	1	2	2	1	2	3	3	2	4	3	4	3	2	2	3	3	0	2	1	3	2	2	3	3	2	
0	2	3	4	4	4	3	3	4	4	4	2	3	2	3	4	4	3	1	3	2	1	4	0	4	4	3	4	2	4	3	
0	2	3	1	4	3	2	1	1	3	1	3	2	2	3	2	3	2	3	2	2	3	4	2	0	2	2	2	3	2	1	
0	4	4	3	5	1	3	4	2	4	1	4	3	4	3	2	3	2	4	2	4	3	3	3	3	0	4	3	3	4	3	
0	4	3	5	5	5	3	4	4	3	4	4	3	2	3	4	2	3	1	3	2	4	4	4	4	4	0	3	2	4	4	
0	2	4	3	4	2	1	2	3	3	3	3	4	2	4	4	2	3	2	2	2	3	4	2	2	4	2	0	1	2	2	
0	2	3	3	4	4	1	2	2	3	3	2	3	2	3	3	3	2	2	3	3	3	4	2	2	3	1	2	0	4	2	
0	3	3	3	4	1	3	1	3	1	4	3	3	3	2	2	3	1	3	2	3	1	2	3	3	4	2	2	3	0	2	
0	1	3	1	3	2	1	2	3	2	3	2	3	2	3	2	3	3	2	3	2	2	4	2	2	4	2	2	2	2	0	
M2
0	0	0	0	0	0	0	0	0	0	0	0	0	0	0	0	0	0	0	0	0	0	0	0	0	0	0	0	0	0	0	
0	0	3	2	2	3	3	3	1	3	2	2	2	3	3	3	2	3	3	3	1	2	3	1	1	3	3	2	3	3	2	
0	3	0	2	2	2	1	3	2	2	1	1	2	2	2	2	2	3	2	3	2	4	2	3	3	3	3	3	2	1	4	
0	1	2	0	3	3	3	1	2	2	2	3	2	2	1	2	3	2	2	3	2	3	1	2	2	3	2	3	3	3	3	
0	3	3	2	0	2	4	3	3	4	4	3	3	2	3	4	4	4	3	5	3	4	3	4	4	5	2	4	3	4	4	
0	3	1	3	3	0	2	3	1	2	2	2	2	1	3	2	2	2	2	3	2	3	3	3	3	4	3	3	3	2	4	
0	2	2	2	1	1	0	3	2	2	2	3	1	2	3	3	3	3	3	3	1	3	3	3	3	3	3	2	3	3	4	
0	2	2	3	2	2	3	0	3	1	1	2	2	1	3	2	2	4	2	2	2	3	1	3	2	3	2	3	2	3	3	
0	3	2	4	4	3	3	3	0	3	3	3	3	2	3	4	2	4	3	4	3	2	4	4	3	4	2	4	3	2	4	
0	3	3	3	3	2	2	2	2	0	3	2	3	2	2	3	1	3	1	1	3	2	2	4	2	2	1	2	1	4	2	
0	2	2	3	3	1	2	2	2	2	0	2	3	2	3	2	3	3	1	2	3	3	1	3	2	2	2	3	2	3	3	
0	2	3	1	3	3	2	2	1	2	3	0	2	3	2	3	1	3	2	3	3	3	2	3	2	4	3	3	1	3	3	
0	3	3	2	3	2	3	2	3	1	3	3	0	3	3	2	2	3	2	2	3	2	3	3	3	2	2	1	2	4	3	
0	3	3	2	3	2	2	2	2	2	3	1	1	0	3	3	2	4	1	3	1	3	3	3	2	3	3	2	2	4	3	
0	2	4	4	3	3	4	3	3	3	2	4	2	4	0	3	2	1	3	4	3	3	3	3	2	3	2	2	3	5	3	
0	3	3	2	4	2	3	3	1	1	3	1	2	1	3	0	2	4	2	2	2	2	3	1	3	3	1	3	2	3	3	
0	3	3	4	3	3	3	1	3	1	2	3	3	2	3	3	0	4	2	2	3	2	2	4	3	3	2	2	2	4	3	
0	1	3	3	3	2	3	2	2	2	1	3	3	3	3	2	3	0	2	3	2	3	2	2	2	2	3	1	3	4	2	
0	2	2	2	2	1	1	3	1	3	2	1	2	1	3	3	2	3	0	4	2	3	3	3	1	3	3	3	2	3	2	
0	3	3	2	4	2	4	3	2	3	2	3	4	3	2	3	4	2	3	0	3	1	3	4	2	3	2	2	3	4	1	
0	2	3	1	4	3	3	2	3	2	3	3	1	3	2	3	3	3	2	3	0	3	2	3	3	3	3	2	2	4	3	
0	3	3	4	4	2	3	3	1	3	1	3	3	2	4	2	3	2	2	2	3	0	2	3	3	3	3	3	3	3	3	
0	3	1	3	3	2	2	2	2	2	2	2	3	2	3	1	3	4	1	3	3	3	0	2	2	2	2	4	2	2	3	
0	4	2	4	4	3	3	2	2	2	2	3	4	3	3	3	1	3	3	2	3	1	2	0	3	4	3	3	2	3	3	
0	1	3	2	3	2	3	3	2	3	1	3	3	3	2	3	3	2	2	3	2	2	2	2	0	2	3	2	3	4	1	
0	1	4	3	3	3	2	3	2	3	3	3	2	3	2	4	2	3	2	4	2	3	4	2	2	0	4	3	1	4	3	
0	3	2	2	3	1	2	3	2	3	2	3	3	2	2	3	3	3	2	4	3	2	3	4	2	4	0	4	1	3	3	
0	2	2	3	2	1	2	1	2	1	2	2	2	2	3	1	2	2	2	2	3	3	2	2	3	1	2	0	2	3	3	
0	2	3	3	2	2	1	2	1	3	2	2	2	2	1	4	3	2	1	3	2	3	3	3	1	3	3	3	0	3	2	
0	3	2	4	4	1	3	4	2	3	2	3	3	2	1	3	3	2	2	4	3	4	3	3	3	2	3	3	3	0	4	
0	2	2	1	3	1	3	2	2	2	2	3	3	2	1	2	3	1	3	3	3	1	2	3	1	2	3	1	3	3	0	
M3
0	0	0	0	0	0	0	0	0	0	0	0	0	0	0	0	0	0	0	0	0	0	0	0	0	0	0	0	0	0	0	
0	0	2	1	3	4	2	4	2	3	2	2	3	3	2	2	3	1	3	3	3	3	2	2	2	3	3	1	4	2	3	
0	2	0	3	4	4	4	5	2	4	3	3	5	5	4	3	4	3	4	3	3	4	4	3	4	4	4	3	5	3	2	
0	3	1	0	3	3	3	3	3	3	1	3	3	2	3	3	3	2	3	3	2	3	2	3	4	2	3	4	5	3	3	
0	4	2	4	0	3	3	4	3	4	4	2	3	4	2	2	3	1	4	3	4	3	2	4	3	3	3	4	4	4	2	
0	2	4	3	3	0	3	4	3	2	3	4	4	4	3	3	3	3	2	2	2	3	2	1	1	4	3	2	5	4	3	
0	3	4	4	4	3	0	3	2	2	2	4	4	4	4	1	4	3	3	3	1	4	3	2	2	3	3	3	3	3	3	
0	3	2	1	2	2	2	0	3	3	2	4	2	1	3	3	1	3	1	2	2	2	2	3	3	3	2	3	4	3	2	
0	2	2	2	2	3	2	3	0	2	1	3	4	3	2	2	2	2	2	1	2	2	3	3	3	2	2	3	4	1	1	
0	4	2	2	3	2	3	3	3	0	3	3	5	4	3	2	3	4	4	2	3	3	3	3	1	3	1	2	3	4	1	
0	3	2	2	3	4	3	2	2	2	0	2	3	3	2	2	2	1	2	3	1	2	2	2	3	1	3	3	4	2	3	
0	2	2	3	2	4	1	4	3	3	3	0	4	4	2	2	1	3	2	1	2	2	2	3	2	3	2	3	3	2	1	
0	2	2	1	2	4	3	4	4	2	2	4	0	3	4	4	4	3	3	3	3	2	1	4	3	3	2	3	4	4	3	
0	3	2	1	2	1	1	4	2	3	2	3	1	0	2	2	2	2	3	1	1	1	1	2	2	3	2	3	3	2	3	
0	5	3	4	4	3	4	3	4	5	4	4	5	4	0	3	4	5	4	3	4	4	5	4	4	4	4	5	3	4	2	
0	3	3	3	3	4	3	2	1	3	2	4	3	3	3	0	3	3	3	2	2	3	3	4	1	3	3	2	2	2	2	
0	3	2	4	2	5	2	4	3	4	3	3	4	5	3	2	0	3	3	2	2	1	1	2	2	3	2	3	4	4	1	
0	3	3	3	2	4	2	3	2	3	3	1	2	3	1	1	2	0	3	2	3	2	1	4	2	2	2	3	3	3	2	
0	3	3	3	1	3	3	2	3	2	3	3	2	2	2	3	3	2	0	3	3	2	1	4	3	3	1	2	3	4	3	
0	4	3	3	1	4	1	3	2	3	3	3	4	4	1	2	1	2	2	0	1	1	2	3	3	3	1	2	3	2	2	
0	3	3	3	3	4	3	3	1	3	2	4	5	4	3	3	3	3	3	2	0	3	4	4	3	3	3	2	5	2	2	
0	4	4	4	3	4	1	4	2	3	2	4	3	4	4	2	4	3	4	3	1	0	2	3	2	3	3	3	4	3	3	
0	4	2	3	1	4	2	3	3	3	3	3	4	4	3	3	3	2	2	2	2	1	0	4	3	2	1	2	3	3	3	
0	1	3	2	2	4	2	3	2	2	2	3	3	3	2	3	2	2	1	1	1	2	1	0	3	3	2	2	4	3	3	
0	4	3	4	3	6	4	4	3	4	2	4	5	5	4	2	4	3	4	4	3	3	2	4	0	3	3	1	4	3	4	
0	3	1	1	2	3	2	1	3	1	2	3	3	2	3	2	2	3	1	3	2	1	2	4	2	0	2	3	4	1	2	
0	4	3	3	2	4	2	2	3	3	2	4	4	3	4	2	3	3	3	4	3	4	4	4	2	3	0	1	2	3	4	
0	3	3	3	2	5	3	3	2	3	1	3	4	4	3	1	3	2	3	3	2	3	3	3	1	2	4	0	3	3	3	
0	3	3	2	1	3	3	3	3	2	1	3	2	2	3	2	3	2	2	3	2	3	3	3	1	2	3	2	0	1	3	
0	4	2	1	2	3	3	3	2	3	2	2	3	2	3	1	3	3	1	3	1	3	2	4	2	3	2	2	3	0	3	
0	3	1	3	2	5	2	3	2	3	3	2	4	4	2	1	2	3	3	1	2	2	3	4	2	2	2	3	3	3	0	
M4
0	0	0	0	0	0	0	0	0	0	0	0	0	0	0	0	0	0	0	0	0	0	0	0	0	0	0	0	0	0	0	
0	0	2	3	3	2	2	4	1	3	1	3	3	3	3	3	3	3	2	3	3	4	3	2	3	2	3	2	3	4	2	
0	1	0	2	2	3	3	3	2	3	1	3	3	1	3	3	4	1	1	3	3	3	2	2	3	2	2	3	3	3	2	
0	4	4	0	2	3	4	4	3	4	3	4	4	4	3	4	3	3	2	5	4	1	4	4	3	3	4	3	2	4	4	
0	2	2	2	0	1	2	2	1	3	3	3	2	2	1	3	2	3	2	4	2	3	2	4	2	3	2	2	2	2	4	
0	3	3	2	3	0	3	2	3	3	4	2	2	1	1	3	2	3	3	3	4	2	1	3	1	3	2	2	2	3	4	
0	1	3	1	3	3	0	4	2	4	2	2	4	4	4	1	1	1	3	3	2	2	1	3	3	3	3	3	3	2	2	
0	2	3	1	3	3	1	0	3	1	3	3	4	2	3	1	2	2	2	4	2	1	2	2	2	3	2	3	2	3	3	
0	1	1	2	2	2	1	3	0	3	2	2	2	2	3	2	2	2	1	4	3	3	2	3	3	2	3	3	4	3	3	
0	2	2	2	2	3	2	1	2	0	3	3	3	1	2	2	3	3	3	4	1	2	2	1	1	3	1	2	2	4	2	
0	2	3	3	3	4	4	3	3	2	0	3	2	3	3	3	4	4	4	2	2	3	3	1	3	1	2	2	3	3	2	
0	3	3	2	1	1	3	3	2	4	3	0	3	2	2	4	3	1	3	3	3	2	2	4	2	3	3	2	3	3	2	
0	3	3	2	2	3	2	1	3	2	2	2	0	2	1	1	2	3	3	3	3	2	1	3	3	3	2	3	2	2	3	
0	3	4	1	3	2	4	3	4	3	4	2	3	0	2	4	3	3	3	3	4	2	1	2	3	2	3	3	2	3	3	
0	3	2	2	3	2	2	1	3	2	3	3	4	3	0	2	1	2	3	4	3	2	2	3	2	4	1	2	1	2	3	
0	3	3	4	5	4	4	3	4	4	3	5	4	4	4	0	4	2	4	4	5	4	4	4	3	3	3	2	4	6	2	
0	2	4	4	4	4	3	4	3	4	3	5	4	4	5	4	0	1	4	4	5	3	4	4	3	3	5	4	4	5	2	
0	3	4	3	3	4	2	3	4	3	2	4	3	4	4	3	3	0	3	3	4	2	3	3	2	2	4	3	3	4	1	
0	3	2	3	1	2	3	2	2	2	1	3	2	3	2	3	3	1	0	3	3	3	2	2	3	1	3	2	3	2	2	
0	4	3	3	3	3	3	2	4	3	3	4	3	4	1	3	2	3	4	0	2	3	3	4	3	3	2	2	2	3	2	
0	3	3	1	1	2	3	3	2	3	3	3	3	2	2	2	2	2	2	3	0	1	2	3	3	3	3	2	1	3	3	
0	4	3	3	2	3	4	3	3	3	2	3	3	4	3	3	4	2	1	4	4	0	3	3	4	2	3	2	1	3	3	
0	2	3	3	2	2	4	4	3	3	3	1	4	3	3	4	4	2	3	2	3	2	0	4	3	3	4	2	3	2	3	
0	1	3	2	2	3	3	2	2	3	2	4	4	4	3	3	4	4	3	4	4	2	4	0	3	3	3	3	3	3	3	
0	3	3	2	3	4	2	1	3	2	3	4	4	3	3	2	3	3	2	5	3	1	3	3	0	3	2	3	2	4	4	
0	3	2	3	3	3	3	2	3	1	2	2	1	2	2	2	3	3	3	3	2	3	2	2	2	0	2	1	3	3	1	
0	2	1	3	3	3	3	2	3	3	2	2	4	2	1	1	2	2	2	3	4	3	1	3	3	3	0	3	2	3	3	
0	2	1	3	3	4	4	3	3	4	2	4	4	2	4	3	5	2	2	4	4	3	3	3	4	3	3	0	4	4	3	
0	3	2	4	4	4	4	3	4	2	3	3	5	3	3	4	4	3	3	4	3	4	2	2	3	4	3	1	0	4	4	
0	3	3	3	1	2	3	3	2	4	3	3	3	2	2	3	3	4	3	4	3	4	3	2	3	3	2	2	3	0	2	
0	3	3	2	3	4	3	2	4	2	1	3	2	3	3	3	4	3	2	2	3	2	3	2	1	1	3	2	3	4	0	
M5
0	0	0	0	0	0	0	0	0	0	0	0	0	0	0	0	0	0	0	0	0	0	0	0	0	0	0	0	0	0	0	
0	0	3	2	2	1	2	3	2	3	3	2	3	1	3	3	1	2	2	2	3	2	3	2	2	3	3	3	1	3	3	
0	2	0	2	2	2	2	2	2	3	2	1	1	1	2	3	2	3	2	2	1	1	2	2	2	2	3	3	2	3	2	
0	2	2	0	3	3	1	2	2	1	2	2	1	3	3	3	1	3	2	2	2	2	3	2	2	2	1	1	2	1	2	
0	2	2	2	0	2	3	2	2	3	3	1	3	3	2	1	2	3	3	1	1	2	2	2	3	3	2	3	2	3	2	
0	3	3	2	3	0	2	2	1	3	2	1	2	2	2	2	3	2	2	2	3	2	2	1	1	2	3	2	1	3	2	
0	3	3	3	3	4	0	1	4	3	3	2	2	2	2	3	3	3	1	3	3	3	3	3	3	3	3	4	2	1	3	
0	3	3	3	4	4	3	0	4	2	4	2	3	2	3	4	3	3	3	3	4	3	3	3	2	2	3	4	2	1	4	
0	3	2	2	2	3	2	1	0	3	2	2	1	3	2	2	3	2	3	2	3	1	2	2	2	2	2	2	1	2	1	
0	2	1	3	2	3	3	3	2	0	3	1	2	2	2	3	3	4	2	1	2	2	2	2	3	3	3	2	3	4	3	
0	3	3	1	3	1	2	3	2	2	0	2	2	3	3	3	2	3	3	3	2	3	3	2	2	3	2	2	2	2	2	
0	2	3	2	2	3	3	3	2	3	2	0	3	3	1	3	3	4	4	2	3	3	1	2	4	2	3	3	3	3	3	
0	2	1	2	2	2	1	2	3	3	1	2	0	2	3	3	3	3	2	2	2	2	3	3	1	1	3	3	3	2	3	
0	1	2	3	2	2	2	2	3	3	3	3	3	0	2	3	2	2	1	1	3	2	4	2	1	3	3	4	2	3	3	
0	2	3	1	1	2	2	3	3	2	1	2	2	3	0	2	2	4	3	1	2	2	3	2	3	3	2	2	3	2	3	
0	2	2	1	3	3	2	1	1	2	3	3	2	3	3	0	2	3	2	3	2	2	3	3	3	3	1	2	2	2	2	
0	2	3	3	2	3	3	3	2	3	3	3	2	3	2	2	0	2	3	1	3	1	4	1	2	2	3	2	3	3	3	
0	3	2	2	2	2	1	2	2	1	4	2	3	3	3	2	2	0	1	2	1	2	2	2	1	3	2	2	1	2	1	
0	3	3	2	4	4	2	3	3	3	4	4	3	4	4	3	3	2	0	4	3	2	4	2	3	3	2	3	1	3	3	
0	1	3	2	1	2	2	3	2	2	2	2	2	2	1	2	2	3	3	0	2	1	3	1	3	2	2	3	2	3	3	
0	2	1	1	2	1	2	2	1	2	3	2	2	2	2	2	1	2	3	1	0	2	2	2	2	3	2	2	1	2	1	
0	3	2	3	3	3	2	3	2	3	2	3	1	3	4	2	3	4	3	3	3	0	4	1	2	2	3	2	3	2	3	
0	2	2	2	2	3	3	4	3	3	3	3	3	3	2	3	3	3	4	1	3	2	0	2	4	1	3	3	3	2	2	
0	3	3	2	3	4	3	2	1	3	3	3	2	4	3	1	3	3	3	3	3	2	3	0	2	1	2	3	2	2	2	
0	2	3	3	2	3	2	1	3	3	3	3	3	3	2	3	2	3	1	1	3	2	4	2	0	2	3	4	2	2	4	
0	3	3	1	4	4	2	3	3	2	3	2	2	4	3	4	2	2	3	3	3	3	3	3	3	0	2	2	2	1	3	
0	1	1	2	2	2	2	3	2	2	3	2	2	2	3	2	2	2	1	2	1	2	2	2	3	3	0	2	1	3	1	
0	3	4	3	3	2	3	2	3	3	4	2	4	4	3	4	2	4	2	2	4	3	3	3	1	2	4	0	3	3	4	
0	3	2	1	3	3	1	2	2	2	3	3	2	3	3	2	2	1	2	3	2	1	3	1	2	2	2	2	0	2	2	
0	3	2	2	3	4	2	3	3	2	3	1	2	3	2	3	3	2	3	3	3	2	2	2	3	2	2	3	1	0	3	
0	3	3	2	1	3	3	2	2	3	4	2	3	4	3	1	3	4	3	2	2	3	1	3	2	2	2	1	3	3	0	
M6
0	0	0	0	0	0	0	0	0	0	0	0	0	0	0	0	0	0	0	0	0	0	0	0	0	0	0	0	0	0	0	
0	0	3	3	2	2	3	3	3	3	2	2	3	4	4	3	1	2	2	2	4	3	3	3	2	3	3	2	2	3	1	
0	3	0	1	1	2	2	2	3	1	2	2	3	1	2	3	3	3	3	2	2	4	3	1	3	2	2	3	2	3	3	
0	3	3	0	3	2	3	3	4	2	3	2	2	3	1	2	2	2	2	3	1	3	3	2	2	1	3	2	1	2	2	
0	5	2	3	0	4	2	3	3	3	2	4	4	3	4	3	5	4	3	2	4	4	5	3	4	3	1	3	3	3	4	
0	4	2	3	3	0	3	2	3	1	2	1	1	3	2	3	1	2	2	2	3	2	2	3	2	3	3	3	1	3	2	
0	5	3	3	2	4	0	4	4	4	3	3	3	3	2	3	3	3	3	3	4	4	4	3	3	4	3	4	4	4	2	
0	4	3	2	2	1	3	0	3	2	2	2	2	3	2	3	2	3	2	2	2	2	3	3	2	3	1	1	2	1	3	
0	5	3	2	2	2	4	3	0	3	3	2	3	4	2	1	3	3	1	3	3	3	3	3	3	3	2	4	3	3	3	
0	3	2	3	3	2	2	4	4	0	1	3	3	3	1	2	2	2	2	3	3	3	4	2	3	3	2	2	3	3	2	
0	4	1	2	2	2	1	3	3	2	0	2	3	2	2	1	3	3	1	2	2	2	3	1	2	2	1	1	3	2	3	
0	3	1	2	2	3	3	3	3	2	3	0	3	2	3	4	1	2	2	2	2	2	1	2	2	3	3	3	2	3	2	
0	4	3	2	3	2	3	1	4	2	2	3	0	4	3	3	3	1	1	3	3	1	3	3	3	2	2	2	2	2	4	
0	3	2	3	3	3	4	2	2	3	3	3	3	0	3	2	4	3	3	1	3	3	4	3	3	2	2	3	2	2	4	
0	4	3	3	2	2	2	3	3	3	3	2	2	2	0	1	1	1	2	2	2	2	3	1	2	2	2	3	2	3	1	
0	4	2	2	1	3	3	3	3	3	2	1	3	3	1	0	2	2	1	2	3	3	2	2	3	3	1	3	3	3	2	
0	3	2	3	2	3	4	2	2	2	3	2	2	3	3	3	0	2	2	1	3	3	2	3	1	2	2	3	1	2	1	
0	4	3	3	3	2	4	2	5	2	3	2	1	4	3	2	3	0	2	4	4	2	3	4	2	1	3	2	1	3	3	
0	4	3	1	4	3	4	4	4	3	3	3	3	3	2	3	3	3	0	4	2	2	3	3	3	2	4	3	2	3	3	
0	4	1	2	2	2	3	1	1	2	3	3	2	2	2	2	3	2	2	0	3	3	4	2	2	1	2	2	2	1	3	
0	4	2	3	2	4	3	3	3	3	2	2	3	3	4	3	3	2	2	2	0	4	3	3	2	3	3	3	3	3	1	
0	3	2	1	3	3	2	4	4	3	1	3	3	3	2	2	3	3	2	3	2	0	2	2	3	2	2	1	2	3	3	
0	4	3	2	3	3	3	3	3	3	2	3	2	4	3	3	1	1	3	2	1	1	0	3	2	2	2	2	2	3	2	
0	4	2	3	3	1	1	3	3	2	3	1	2	1	3	2	2	2	3	2	1	3	2	0	2	1	3	2	2	3	2	
0	2	2	3	3	3	4	3	4	2	3	1	2	3	3	2	2	1	2	3	3	3	2	3	0	2	3	3	1	4	3	
0	3	3	3	2	1	3	2	4	2	2	2	1	4	2	1	2	2	2	3	4	2	3	3	1	0	2	1	2	3	3	
0	5	2	3	3	3	2	2	2	3	1	3	3	2	3	2	4	3	2	1	3	3	4	2	3	2	0	2	2	2	3	
0	4	2	2	3	4	3	3	5	3	2	3	4	3	3	3	4	3	2	4	3	1	3	3	2	3	3	0	3	4	4	
0	3	2	2	3	2	3	4	4	1	2	1	3	3	2	3	2	3	1	3	3	3	2	3	3	3	3	3	0	3	3	
0	4	3	1	1	3	3	2	2	3	3	2	3	3	1	2	2	2	3	3	2	3	3	2	3	2	2	3	2	0	2	
0	3	2	2	1	3	3	2	2	2	3	1	2	3	3	3	2	1	1	1	3	3	2	3	1	2	2	3	2	2	0	
M7
0	0	0	0	0	0	0	0	0	0	0	0	0	0	0	0	0	0	0	0	0	0	0	0	0	0	0	0	0	0	0	
0	0	2	2	1	3	3	1	3	3	3	2	3	2	2	3	3	4	3	2	3	3	2	2	3	4	3	3	3	3	4	
0	3	0	2	4	3	4	4	3	4	4	4	3	4	3	4	3	4	3	4	4	3	4	3	6	4	2	3	4	2	4	
0	2	4	0	2	3	2	2	2	2	4	3	4	3	2	3	1	3	3	3	3	3	3	3	4	3	4	1	2	4	2	
0	1	3	2	0	3	4	1	2	2	2	1	3	1	2	3	3	4	2	1	2	3	2	2	2	3	3	3	2	4	3	
0	2	3	3	3	0	4	2	2	3	1	3	3	4	3	2	4	4	2	3	3	4	2	3	4	1	3	3	4	2	3	
0	4	3	2	4	3	0	3	2	3	4	4	3	3	4	1	2	4	2	3	2	2	3	3	2	4	3	3	3	4	3	
0	3	2	1	2	2	3	0	2	2	2	2	2	2	1	2	2	3	3	1	2	2	1	1	4	3	2	2	2	4	3	
0	3	4	3	4	4	4	2	0	2	4	3	4	3	3	3	4	5	4	3	4	3	2	3	5	2	4	4	4	3	1	
0	2	2	1	2	3	3	2	3	0	2	3	2	2	3	2	2	3	3	3	2	4	3	1	3	1	3	2	3	2	3	
0	1	3	2	2	2	3	1	3	2	0	2	2	3	2	1	3	3	1	2	2	3	1	2	3	3	3	3	3	2	4	
0	3	2	2	2	3	4	1	2	3	3	0	3	3	2	3	3	4	3	2	3	3	2	2	4	4	2	3	2	4	2	
0	3	2	4	3	1	4	3	3	3	2	4	0	4	3	3	4	1	2	2	3	3	3	4	4	2	2	3	2	3	4	
0	3	3	2	3	2	4	2	1	1	3	4	3	0	3	3	3	4	1	2	3	3	3	2	3	2	4	3	3	3	2	
0	3	2	2	3	1	3	2	2	2	2	1	2	1	0	3	3	3	2	1	1	1	3	3	4	2	3	2	2	3	3	
0	3	2	1	3	2	3	3	3	3	3	4	2	2	3	0	2	3	1	3	1	2	4	2	3	3	2	2	3	3	3	
0	2	3	2	3	3	3	1	3	2	3	3	3	2	2	3	0	4	3	2	3	3	2	2	5	3	3	3	3	4	1	
0	3	1	3	3	2	3	3	2	3	3	3	4	3	2	3	3	0	2	2	3	2	3	4	3	3	1	2	1	3	3	
0	3	3	3	4	1	5	3	3	2	2	3	4	3	2	3	4	5	0	2	3	2	3	3	5	2	4	3	3	2	4	
0	2	2	2	3	2	3	2	1	1	1	2	2	2	1	2	3	3	2	0	1	2	2	2	4	2	4	2	1	3	2	
0	2	1	3	2	2	2	3	2	2	3	3	1	1	2	3	4	2	2	3	0	3	4	3	4	3	3	1	2	3	3	
0	2	1	1	3	2	3	3	3	3	3	2	4	4	3	4	2	4	4	4	3	0	3	3	5	3	3	2	3	3	2	
0	3	3	2	2	3	2	1	3	3	3	1	3	3	2	1	3	4	2	2	2	3	0	2	4	4	3	3	3	4	3	
0	2	1	1	1	2	3	2	3	3	3	2	1	2	3	1	2	2	2	2	2	3	3	0	3	3	3	2	3	3	3	
0	3	3	3	3	2	4	2	2	2	2	3	1	3	2	3	1	2	2	1	2	3	3	2	0	3	3	2	1	4	2	
0	1	2	3	2	2	4	2	2	4	3	3	4	3	3	2	3	5	3	3	3	4	2	3	3	0	3	2	3	1	3	
0	3	2	2	4	2	2	3	1	3	3	2	3	2	1	3	2	2	1	2	2	1	2	4	4	3	0	3	3	3	2	
0	1	3	3	1	2	4	2	1	3	3	2	3	2	1	3	4	3	2	2	2	2	3	3	3	3	4	0	1	4	2	
0	2	2	3	2	3	5	2	2	3	4	3	4	3	2	2	4	4	3	3	3	2	3	3	4	4	4	1	0	3	2	
0	1	1	3	2	1	4	2	2	3	2	3	3	2	2	3	2	4	3	2	3	3	3	3	4	2	3	1	2	0	3	
0	3	3	2	3	3	3	2	3	1	3	2	3	2	3	2	3	4	3	3	3	4	1	2	4	2	4	3	3	3	0	
Tamanho_Tarefas
0	26	3	17	22	20	15	11	24	14	13	9	16	21	22	11	1	4	6	13	24	17	9	7	4	16	24	12	18	13	19	
Data_Entrega
0	152	147	150	153	149	151	151	151	153	155	146	148	149	150	146	149	154	148	150	153	154	149	154	153	146	150	146	151	147	147	
Penalidade_Atraso
0	12	17	5	15	20	1	19	1	2	7	1	6	12	1	17	10	4	20	17	12	7	14	15	20	19	20	7	5	1	20	
Capacidade_Veiculo
63	42	51	61	76	72	27	66	54	35	54	77	
Custo_Fixo_Veiculo
630	420	510	610	760	720	270	660	540	350	540	770	
Coordenadas_Clientes
x	0	y	0
x	120	y	0
x	122	y	25
x	93	y	41
x	84	y	61
x	50	y	55
x	40	y	70
x	25	y	78
x	13	y	124
x	-10	y	100
x	-32	y	100
x	-44	y	76
x	-58	y	64
x	-99	y	72
x	-97	y	43
x	-90	y	19
x	-123	y	0
x	-112	y	-23
x	-82	y	-36
x	-80	y	-58
x	-81	y	-90
x	-38	y	-67
x	-23	y	-72
x	-10	y	-102
x	11	y	-106
x	29	y	-89
x	58	y	-100
x	66	y	-74
x	87	y	-63
x	105	y	-46
x	76	y	-16
Tempo_Viagem
0	120	124	101	103	74	80	81	124	100	104	87	86	122	106	91	123	114	89	98	121	77	75	102	106	93	115	99	107	114	77	
120	0	25	49	70	89	106	122	163	163	181	180	189	230	221	210	243	233	205	207	218	170	159	165	151	127	117	91	71	48	46	
124	25	0	33	52	78	93	110	146	151	171	173	184	225	219	212	246	238	212	218	232	184	174	182	171	147	140	113	94	73	61	
101	49	33	0	21	45	60	77	115	118	138	141	152	193	190	184	219	214	190	199	217	169	161	176	168	144	144	117	104	87	59	
103	70	52	21	0	34	44	61	94	101	122	128	142	183	181	178	215	213	192	201	223	176	170	188	182	159	162	135	124	108	77	
74	89	78	45	34	0	18	33	78	74	93	96	108	149	147	144	181	179	160	172	195	150	146	168	165	145	155	129	123	115	75	
80	106	93	60	44	18	0	17	60	58	78	84	98	139	139	139	177	178	161	175	200	157	155	179	178	159	170	146	141	132	93	
81	122	110	77	61	33	17	0	47	41	61	69	84	124	126	129	167	170	156	171	198	158	156	183	184	167	181	157	154	147	106	
124	163	146	115	94	78	60	47	0	33	51	74	92	123	136	146	183	192	186	204	233	197	199	226	230	213	228	204	201	192	153	
100	163	151	118	101	74	58	41	33	0	22	41	59	93	103	113	150	159	153	172	202	169	172	202	206	192	211	189	189	185	144	
104	181	171	138	122	93	78	61	51	22	0	26	44	72	86	99	135	146	144	164	196	167	172	203	210	197	219	199	201	199	158	
87	180	173	141	128	96	84	69	74	41	26	0	18	55	62	73	109	120	118	138	170	143	149	181	190	180	202	186	191	192	151	
86	189	184	152	142	108	98	84	92	59	44	18	0	41	44	55	91	102	102	123	155	132	140	172	183	176	200	185	192	196	156	
122	230	225	193	183	149	139	124	123	93	72	55	41	0	29	53	75	95	108	130	162	151	162	194	209	205	232	220	229	235	195	
106	221	219	190	181	147	139	126	136	103	86	62	44	29	0	25	50	67	80	102	133	124	136	168	184	182	210	200	212	220	182	
91	210	212	184	178	144	139	129	146	113	99	73	55	53	25	0	38	47	55	77	109	100	113	144	160	160	189	181	195	205	168	
123	243	246	219	215	181	177	167	183	150	135	109	91	75	50	38	0	25	54	72	98	107	122	151	169	176	206	202	219	232	199	
114	233	238	214	213	179	178	170	192	159	146	120	102	95	67	47	25	0	32	47	73	85	100	129	147	154	185	184	202	218	188	
89	205	212	190	192	160	161	156	186	153	144	118	102	108	80	55	54	32	0	22	54	53	68	97	115	122	153	152	171	187	159	
98	207	218	199	201	172	175	171	204	172	164	138	123	130	102	77	72	47	22	0	32	42	57	82	102	111	142	146	167	185	161	
121	218	232	217	223	195	200	198	233	202	196	170	155	162	133	109	98	73	54	32	0	48	60	72	93	110	139	147	170	190	172	
77	170	184	169	176	150	157	158	197	169	167	143	132	151	124	100	107	85	53	42	48	0	15	44	62	69	100	104	125	144	124	
75	159	174	161	170	146	155	156	199	172	172	149	140	162	136	113	122	100	68	57	60	15	0	32	48	54	85	89	110	130	113	
102	165	182	176	188	168	179	183	226	202	203	181	172	194	168	144	151	129	97	82	72	44	32	0	21	41	68	80	103	127	121	
106	151	171	168	182	165	178	184	230	206	210	190	183	209	184	160	169	147	115	102	93	62	48	21	0	24	47	63	86	110	110	
93	127	147	144	159	145	159	167	213	192	197	180	176	205	182	160	176	154	122	111	110	69	54	41	24	0	31	39	62	86	86	
115	117	140	144	162	155	170	181	228	211	219	202	200	232	210	189	206	185	153	142	139	100	85	68	47	31	0	27	47	71	85	
99	91	113	117	135	129	146	157	204	189	199	186	185	220	200	181	202	184	152	146	147	104	89	80	63	39	27	0	23	47	58	
107	71	94	104	124	123	141	154	201	189	201	191	192	229	212	195	219	202	171	167	170	125	110	103	86	62	47	23	0	24	48	
114	48	73	87	108	115	132	147	192	185	199	192	196	235	220	205	232	218	187	185	190	144	130	127	110	86	71	47	24	0	41	
77	46	61	59	77	75	93	106	153	144	158	151	156	195	182	168	199	188	159	161	172	124	113	121	110	86	85	58	48	41	0	
Custo_Viagem
V0
0	1512	1562	1272	1297	932	1008	1020	1562	1260	1310	1096	1083	1537	1335	1146	1549	1436	1121	1234	1524	970	945	1285	1335	1171	1449	1247	1348	1436	970	
1512	0	315	617	882	1121	1335	1537	2053	2066	2280	2268	2381	2898	2784	2646	3061	2935	2583	2620	2772	2154	2016	2079	1915	1600	1474	1146	894	604	579	
1562	315	0	415	655	982	1171	1386	1852	1902	2154	2179	2318	2835	2759	2671	3099	2998	2671	2746	2935	2318	2192	2305	2154	1852	1764	1423	1184	919	768	
1272	617	415	0	264	567	756	970	1449	1486	1738	1776	1915	2444	2394	2318	2759	2696	2406	2507	2734	2129	2028	2217	2116	1814	1827	1486	1310	1096	743	
1297	882	655	264	0	428	554	768	1184	1272	1537	1612	1789	2305	2280	2242	2709	2683	2419	2545	2809	2217	2142	2368	2293	2003	2053	1713	1562	1373	970	
932	1121	982	567	428	0	226	415	982	945	1171	1209	1360	1877	1852	1814	2280	2255	2016	2167	2457	1890	1839	2116	2079	1827	1953	1625	1549	1449	945	
1008	1335	1171	756	554	226	0	214	756	730	982	1058	1234	1751	1751	1751	2230	2242	2028	2205	2520	1978	1953	2255	2242	2003	2142	1839	1776	1663	1171	
1020	1537	1386	970	768	415	214	0	592	516	768	869	1058	1562	1587	1625	2104	2142	1965	2154	2494	1990	1978	2305	2318	2104	2280	1978	1940	1852	1335	
1562	2053	1852	1449	1184	982	756	592	0	415	642	932	1159	1549	1713	1852	2318	2419	2343	2570	2935	2482	2507	2860	2898	2683	2872	2570	2532	2431	1927	
1260	2066	1902	1486	1272	945	730	516	415	0	277	516	756	1171	1310	1423	1890	2003	1927	2167	2545	2129	2167	2545	2608	2419	2658	2381	2381	2331	1814	
1310	2280	2154	1738	1537	1171	982	768	642	277	0	327	554	907	1083	1247	1701	1839	1814	2079	2469	2104	2167	2557	2646	2494	2759	2507	2532	2520	1990	
1096	2268	2179	1776	1612	1209	1058	869	932	516	327	0	226	693	781	919	1373	1512	1486	1738	2142	1801	1877	2280	2394	2268	2557	2343	2406	2419	1902	
1083	2381	2318	1915	1789	1360	1234	1058	1159	756	554	226	0	516	554	693	1146	1285	1285	1549	1953	1663	1764	2167	2305	2217	2520	2331	2419	2469	1965	
1537	2898	2835	2444	2305	1877	1751	1562	1549	1171	907	693	516	0	365	667	945	1197	1373	1650	2041	1902	2041	2457	2633	2583	2923	2772	2885	2961	2457	
1335	2784	2759	2394	2280	1852	1751	1587	1713	1310	1083	781	554	365	0	315	630	844	1008	1285	1675	1562	1713	2129	2318	2293	2646	2520	2671	2772	2293	
1146	2646	2671	2318	2242	1814	1751	1625	1852	1423	1247	919	693	667	315	0	478	592	693	970	1373	1260	1423	1827	2016	2016	2381	2280	2457	2583	2129	
1549	3061	3099	2759	2709	2280	2230	2104	2318	1890	1701	1373	1146	945	630	478	0	315	680	907	1247	1360	1549	1915	2142	2217	2595	2545	2759	2923	2507	
1436	2935	2998	2696	2683	2255	2242	2142	2419	2003	1839	1512	1285	1197	844	592	315	0	403	592	919	1083	1272	1625	1864	1953	2343	2331	2545	2746	2368	
1121	2583	2671	2406	2419	2016	2028	1965	2343	1927	1814	1486	1285	1373	1008	693	680	403	0	277	680	667	869	1222	1461	1549	1927	1915	2154	2356	2003	
1234	2620	2746	2507	2545	2167	2205	2154	2570	2167	2079	1738	1549	1650	1285	970	907	592	277	0	403	529	730	1033	1285	1423	1814	1839	2104	2331	2028	
1524	2772	2935	2734	2809	2457	2520	2494	2935	2545	2469	2142	1953	2041	1675	1373	1247	919	680	403	0	604	756	907	1171	1386	1751	1852	2142	2406	2179	
970	2154	2318	2129	2217	1890	1978	1990	2482	2129	2104	1801	1663	1902	1562	1260	1360	1083	667	529	604	0	189	554	781	882	1272	1310	1575	1814	1562	
945	2016	2192	2028	2142	1839	1953	1978	2507	2167	2167	1877	1764	2041	1713	1423	1549	1272	869	730	756	189	0	403	604	680	1071	1121	1386	1638	1423	
1285	2079	2305	2217	2368	2116	2255	2305	2860	2545	2557	2280	2167	2457	2129	1827	1915	1625	1222	1033	907	554	403	0	264	516	856	1008	1310	1600	1524	
1335	1915	2154	2116	2293	2079	2242	2318	2898	2608	2646	2394	2305	2633	2318	2016	2142	1864	1461	1285	1171	781	604	264	0	302	592	793	1096	1398	1398	
1171	1600	1852	1814	2003	1827	2003	2104	2683	2419	2494	2268	2217	2583	2293	2016	2217	1953	1549	1423	1386	882	680	516	302	0	390	491	793	1096	1083	
1449	1474	1764	1827	2053	1953	2142	2280	2872	2658	2759	2557	2520	2923	2646	2381	2595	2343	1927	1814	1751	1272	1071	856	592	390	0	340	592	894	1071	
1247	1146	1423	1486	1713	1625	1839	1978	2570	2381	2507	2343	2331	2772	2520	2280	2545	2331	1915	1839	1852	1310	1121	1008	793	491	340	0	289	604	730	
1348	894	1184	1310	1562	1549	1776	1940	2532	2381	2532	2406	2419	2885	2671	2457	2759	2545	2154	2104	2142	1575	1386	1310	1096	793	592	289	0	302	604	
1436	604	919	1096	1373	1449	1663	1852	2431	2331	2520	2419	2469	2961	2772	2583	2923	2746	2356	2331	2406	1814	1638	1600	1398	1096	894	604	302	0	516	
970	579	768	743	970	945	1171	1335	1927	1814	1990	1902	1965	2457	2293	2129	2507	2368	2003	2028	2179	1562	1423	1524	1398	1083	1071	730	604	516	0	
V1
0	1008	1041	848	865	621	672	680	1041	840	873	730	722	1024	890	764	1033	957	747	823	1016	646	630	856	890	781	966	831	898	957	646	
1008	0	210	411	588	747	890	1024	1369	1377	1520	1512	1587	1932	1856	1764	2041	1957	1722	1747	1848	1436	1344	1386	1276	1066	982	764	596	403	386	
1041	210	0	277	436	655	781	924	1234	1268	1436	1453	1545	1890	1839	1780	2066	1999	1780	1831	1957	1545	1461	1537	1436	1234	1176	949	789	613	512	
848	411	277	0	176	378	504	646	966	991	1159	1184	1276	1629	1596	1545	1839	1797	1604	1671	1822	1419	1352	1478	1411	1209	1218	991	873	730	495	
865	588	436	176	0	285	369	512	789	848	1024	1075	1192	1537	1520	1495	1806	1789	1612	1696	1873	1478	1428	1579	1528	1335	1369	1142	1041	915	646	
621	747	655	378	285	0	151	277	655	630	781	806	907	1251	1234	1209	1520	1503	1344	1444	1638	1260	1226	1411	1386	1218	1302	1083	1033	966	630	
672	890	781	504	369	151	0	142	504	487	655	705	823	1167	1167	1167	1486	1495	1352	1470	1680	1318	1302	1503	1495	1335	1428	1226	1184	1108	781	
680	1024	924	646	512	277	142	0	394	344	512	579	705	1041	1058	1083	1402	1428	1310	1436	1663	1327	1318	1537	1545	1402	1520	1318	1293	1234	890	
1041	1369	1234	966	789	655	504	394	0	277	428	621	772	1033	1142	1234	1545	1612	1562	1713	1957	1654	1671	1906	1932	1789	1915	1713	1688	1621	1285	
840	1377	1268	991	848	630	487	344	277	0	184	344	504	781	873	949	1260	1335	1285	1444	1696	1419	1444	1696	1738	1612	1772	1587	1587	1554	1209	
873	1520	1436	1159	1024	781	655	512	428	184	0	218	369	604	722	831	1134	1226	1209	1386	1646	1402	1444	1705	1764	1663	1839	1671	1688	1680	1327	
730	1512	1453	1184	1075	806	705	579	621	344	218	0	151	462	520	613	915	1008	991	1159	1428	1201	1251	1520	1596	1512	1705	1562	1604	1612	1268	
722	1587	1545	1276	1192	907	823	705	772	504	369	151	0	344	369	462	764	856	856	1033	1302	1108	1176	1444	1537	1478	1680	1554	1612	1646	1310	
1024	1932	1890	1629	1537	1251	1167	1041	1033	781	604	462	344	0	243	445	630	798	915	1100	1360	1268	1360	1638	1755	1722	1948	1848	1923	1974	1638	
890	1856	1839	1596	1520	1234	1167	1058	1142	873	722	520	369	243	0	210	420	562	672	856	1117	1041	1142	1419	1545	1528	1764	1680	1780	1848	1528	
764	1764	1780	1545	1495	1209	1167	1083	1234	949	831	613	462	445	210	0	319	394	462	646	915	840	949	1218	1344	1344	1587	1520	1638	1722	1419	
1033	2041	2066	1839	1806	1520	1486	1402	1545	1260	1134	915	764	630	420	319	0	210	453	604	831	907	1033	1276	1428	1478	1730	1696	1839	1948	1671	
957	1957	1999	1797	1789	1503	1495	1428	1612	1335	1226	1008	856	798	562	394	210	0	268	394	613	722	848	1083	1243	1302	1562	1554	1696	1831	1579	
747	1722	1780	1604	1612	1344	1352	1310	1562	1285	1209	991	856	915	672	462	453	268	0	184	453	445	579	814	974	1033	1285	1276	1436	1570	1335	
823	1747	1831	1671	1696	1444	1470	1436	1713	1444	1386	1159	1033	1100	856	646	604	394	184	0	268	352	487	688	856	949	1209	1226	1402	1554	1352	
1016	1848	1957	1822	1873	1638	1680	1663	1957	1696	1646	1428	1302	1360	1117	915	831	613	453	268	0	403	504	604	781	924	1167	1234	1428	1604	1453	
646	1436	1545	1419	1478	1260	1318	1327	1654	1419	1402	1201	1108	1268	1041	840	907	722	445	352	403	0	126	369	520	588	848	873	1050	1209	1041	
630	1344	1461	1352	1428	1226	1302	1318	1671	1444	1444	1251	1176	1360	1142	949	1033	848	579	487	504	126	0	268	403	453	714	747	924	1092	949	
856	1386	1537	1478	1579	1411	1503	1537	1906	1696	1705	1520	1444	1638	1419	1218	1276	1083	814	688	604	369	268	0	176	344	571	672	873	1066	1016	
890	1276	1436	1411	1528	1386	1495	1545	1932	1738	1764	1596	1537	1755	1545	1344	1428	1243	974	856	781	520	403	176	0	201	394	529	730	932	932	
781	1066	1234	1209	1335	1218	1335	1402	1789	1612	1663	1512	1478	1722	1528	1344	1478	1302	1033	949	924	588	453	344	201	0	260	327	529	730	722	
966	982	1176	1218	1369	1302	1428	1520	1915	1772	1839	1705	1680	1948	1764	1587	1730	1562	1285	1209	1167	848	714	571	394	260	0	226	394	596	714	
831	764	949	991	1142	1083	1226	1318	1713	1587	1671	1562	1554	1848	1680	1520	1696	1554	1276	1226	1234	873	747	672	529	327	226	0	193	403	487	
898	596	789	873	1041	1033	1184	1293	1688	1587	1688	1604	1612	1923	1780	1638	1839	1696	1436	1402	1428	1050	924	873	730	529	394	193	0	201	403	
957	403	613	730	915	966	1108	1234	1621	1554	1680	1612	1646	1974	1848	1722	1948	1831	1570	1554	1604	1209	1092	1066	932	730	596	403	201	0	344	
646	386	512	495	646	630	781	890	1285	1209	1327	1268	1310	1638	1528	1419	1671	1579	1335	1352	1453	1041	949	1016	932	722	714	487	403	344	0	
V2
0	1224	1264	1030	1050	754	816	826	1264	1020	1060	887	877	1244	1081	928	1254	1162	907	999	1234	785	765	1040	1081	948	1173	1009	1091	1162	785	
1224	0	255	499	714	907	1081	1244	1662	1672	1846	1836	1927	2346	2254	2142	2478	2376	2091	2121	2244	1744	1632	1683	1550	1295	1193	928	724	489	469	
1264	255	0	336	530	795	948	1122	1499	1540	1744	1764	1876	2295	2233	2162	2509	2427	2162	2223	2376	1876	1774	1866	1744	1499	1428	1152	958	744	622	
1030	499	336	0	214	459	612	785	1173	1203	1407	1438	1550	1978	1938	1876	2233	2182	1948	2029	2213	1723	1642	1795	1713	1468	1479	1203	1060	887	601	
1050	714	530	214	0	346	448	622	958	1030	1244	1305	1448	1866	1846	1815	2193	2172	1958	2060	2274	1795	1734	1917	1856	1621	1662	1387	1264	1111	785	
754	907	795	459	346	0	183	336	795	765	948	979	1101	1519	1499	1468	1846	1825	1632	1754	1989	1530	1489	1713	1683	1479	1581	1315	1254	1173	765	
816	1081	948	612	448	183	0	173	612	591	795	856	999	1417	1417	1417	1805	1815	1642	1785	2040	1601	1581	1825	1815	1621	1734	1489	1438	1346	948	
826	1244	1122	785	622	336	173	0	479	418	622	703	856	1264	1285	1315	1703	1734	1591	1744	2019	1611	1601	1866	1876	1703	1846	1601	1570	1499	1081	
1264	1662	1499	1173	958	795	612	479	0	336	520	754	938	1254	1387	1499	1876	1958	1897	2080	2376	2009	2029	2315	2346	2172	2325	2080	2050	1968	1560	
1020	1672	1540	1203	1030	765	591	418	336	0	224	418	612	948	1060	1152	1530	1621	1560	1754	2060	1723	1754	2060	2111	1958	2152	1927	1927	1887	1468	
1060	1846	1744	1407	1244	948	795	622	520	224	0	265	448	734	877	1009	1377	1489	1468	1683	1999	1703	1754	2070	2142	2019	2233	2029	2050	2040	1611	
887	1836	1764	1438	1305	979	856	703	754	418	265	0	183	561	632	744	1111	1224	1203	1407	1734	1458	1519	1846	1938	1836	2070	1897	1948	1958	1540	
877	1927	1876	1550	1448	1101	999	856	938	612	448	183	0	418	448	561	928	1040	1040	1254	1581	1346	1428	1754	1866	1795	2040	1887	1958	1999	1591	
1244	2346	2295	1978	1866	1519	1417	1264	1254	948	734	561	418	0	295	540	765	969	1111	1336	1652	1540	1652	1989	2131	2091	2366	2244	2335	2397	1989	
1081	2254	2233	1938	1846	1499	1417	1285	1387	1060	877	632	448	295	0	255	510	683	816	1040	1356	1264	1387	1723	1876	1856	2142	2040	2162	2244	1856	
928	2142	2162	1876	1815	1468	1417	1315	1499	1152	1009	744	561	540	255	0	387	479	561	785	1111	1020	1152	1479	1632	1632	1927	1846	1989	2091	1723	
1254	2478	2509	2233	2193	1846	1805	1703	1876	1530	1377	1111	928	765	510	387	0	255	550	734	1009	1101	1254	1550	1734	1795	2101	2060	2233	2366	2029	
1162	2376	2427	2182	2172	1825	1815	1734	1958	1621	1489	1224	1040	969	683	479	255	0	326	479	744	877	1030	1315	1509	1581	1897	1887	2060	2223	1917	
907	2091	2162	1948	1958	1632	1642	1591	1897	1560	1468	1203	1040	1111	816	561	550	326	0	224	550	540	703	989	1183	1254	1560	1550	1744	1907	1621	
999	2121	2223	2029	2060	1754	1785	1744	2080	1754	1683	1407	1254	1336	1040	785	734	479	224	0	326	428	591	836	1040	1152	1468	1489	1703	1887	1642	
1234	2244	2376	2213	2274	1989	2040	2019	2376	2060	1999	1734	1581	1652	1356	1111	1009	744	550	326	0	489	612	734	948	1122	1417	1499	1734	1948	1764	
785	1744	1876	1723	1795	1530	1601	1611	2009	1723	1703	1458	1346	1540	1264	1020	1101	877	540	428	489	0	153	448	632	714	1030	1060	1275	1468	1264	
765	1632	1774	1642	1734	1489	1581	1601	2029	1754	1754	1519	1428	1652	1387	1152	1254	1030	703	591	612	153	0	326	489	550	867	907	1122	1326	1152	
1040	1683	1866	1795	1917	1713	1825	1866	2315	2060	2070	1846	1754	1989	1723	1479	1550	1315	989	836	734	448	326	0	214	418	693	816	1060	1295	1234	
1081	1550	1744	1713	1856	1683	1815	1876	2346	2111	2142	1938	1866	2131	1876	1632	1734	1509	1183	1040	948	632	489	214	0	244	479	642	887	1132	1132	
948	1295	1499	1468	1621	1479	1621	1703	2172	1958	2019	1836	1795	2091	1856	1632	1795	1581	1254	1152	1122	714	550	418	244	0	316	397	642	887	877	
1173	1193	1428	1479	1662	1581	1734	1846	2325	2152	2233	2070	2040	2366	2142	1927	2101	1897	1560	1468	1417	1030	867	693	479	316	0	275	479	724	867	
1009	928	1152	1203	1387	1315	1489	1601	2080	1927	2029	1897	1887	2244	2040	1846	2060	1887	1550	1489	1499	1060	907	816	642	397	275	0	234	489	591	
1091	724	958	1060	1264	1254	1438	1570	2050	1927	2050	1948	1958	2335	2162	1989	2233	2060	1744	1703	1734	1275	1122	1060	887	642	479	234	0	244	489	
1162	489	744	887	1111	1173	1346	1499	1968	1887	2040	1958	1999	2397	2244	2091	2366	2223	1907	1887	1948	1468	1326	1295	1132	887	724	489	244	0	418	
785	469	622	601	785	765	948	1081	1560	1468	1611	1540	1591	1989	1856	1723	2029	1917	1621	1642	1764	1264	1152	1234	1132	877	867	591	489	418	0	
V3
0	1464	1512	1232	1256	902	976	988	1512	1220	1268	1061	1049	1488	1293	1110	1500	1390	1085	1195	1476	939	915	1244	1293	1134	1403	1207	1305	1390	939	
1464	0	305	597	854	1085	1293	1488	1988	2000	2208	2196	2305	2806	2696	2562	2964	2842	2501	2537	2684	2086	1952	2013	1854	1549	1427	1110	866	585	561	
1512	305	0	402	634	951	1134	1342	1793	1842	2086	2110	2244	2745	2671	2586	3001	2903	2586	2659	2842	2244	2122	2232	2086	1793	1708	1378	1146	890	744	
1232	597	402	0	256	549	732	939	1403	1439	1683	1720	1854	2366	2318	2244	2671	2610	2330	2427	2647	2061	1964	2147	2049	1756	1769	1439	1268	1061	719	
1256	854	634	256	0	414	536	744	1146	1232	1488	1561	1732	2232	2208	2171	2623	2598	2342	2464	2720	2147	2074	2293	2220	1939	1988	1659	1512	1329	939	
902	1085	951	549	414	0	219	402	951	915	1134	1171	1317	1817	1793	1756	2208	2183	1952	2098	2379	1830	1781	2049	2013	1769	1891	1573	1500	1403	915	
976	1293	1134	732	536	219	0	207	732	707	951	1024	1195	1695	1695	1695	2159	2171	1964	2135	2440	1915	1891	2183	2171	1939	2074	1781	1720	1610	1134	
988	1488	1342	939	744	402	207	0	573	500	744	841	1024	1512	1537	1573	2037	2074	1903	2086	2415	1927	1915	2232	2244	2037	2208	1915	1878	1793	1293	
1512	1988	1793	1403	1146	951	732	573	0	402	622	902	1122	1500	1659	1793	2244	2342	2269	2488	2842	2403	2427	2769	2806	2598	2781	2488	2452	2354	1866	
1220	2000	1842	1439	1232	915	707	500	402	0	268	500	732	1134	1268	1378	1830	1939	1866	2098	2464	2061	2098	2464	2525	2342	2574	2305	2305	2257	1756	
1268	2208	2086	1683	1488	1134	951	744	622	268	0	317	536	878	1049	1207	1647	1781	1756	2013	2391	2037	2098	2476	2562	2415	2671	2427	2452	2440	1927	
1061	2196	2110	1720	1561	1171	1024	841	902	500	317	0	219	671	756	890	1329	1464	1439	1683	2074	1744	1817	2208	2318	2196	2476	2269	2330	2342	1842	
1049	2305	2244	1854	1732	1317	1195	1024	1122	732	536	219	0	500	536	671	1110	1244	1244	1500	1891	1610	1708	2098	2232	2147	2440	2257	2342	2391	1903	
1488	2806	2745	2366	2232	1817	1695	1512	1500	1134	878	671	500	0	353	646	915	1159	1329	1598	1976	1842	1976	2379	2549	2501	2830	2684	2793	2867	2379	
1293	2696	2671	2318	2208	1793	1695	1537	1659	1268	1049	756	536	353	0	305	610	817	976	1244	1622	1512	1659	2061	2244	2220	2562	2440	2586	2684	2220	
1110	2562	2586	2244	2171	1756	1695	1573	1793	1378	1207	890	671	646	305	0	463	573	671	939	1329	1220	1378	1769	1952	1952	2305	2208	2379	2501	2061	
1500	2964	3001	2671	2623	2208	2159	2037	2244	1830	1647	1329	1110	915	610	463	0	305	658	878	1207	1317	1500	1854	2074	2147	2513	2464	2671	2830	2427	
1390	2842	2903	2610	2598	2183	2171	2074	2342	1939	1781	1464	1244	1159	817	573	305	0	390	573	890	1049	1232	1573	1805	1891	2269	2257	2464	2659	2293	
1085	2501	2586	2330	2342	1952	1964	1903	2269	1866	1756	1439	1244	1329	976	671	658	390	0	268	658	646	841	1183	1415	1500	1866	1854	2086	2281	1939	
1195	2537	2659	2427	2464	2098	2135	2086	2488	2098	2013	1683	1500	1598	1244	939	878	573	268	0	390	512	707	1000	1244	1378	1756	1781	2037	2257	1964	
1476	2684	2842	2647	2720	2379	2440	2415	2842	2464	2391	2074	1891	1976	1622	1329	1207	890	658	390	0	585	732	878	1134	1342	1695	1793	2074	2330	2110	
939	2086	2244	2061	2147	1830	1915	1927	2403	2061	2037	1744	1610	1842	1512	1220	1317	1049	646	512	585	0	183	536	756	854	1232	1268	1525	1756	1512	
915	1952	2122	1964	2074	1781	1891	1915	2427	2098	2098	1817	1708	1976	1659	1378	1500	1232	841	707	732	183	0	390	585	658	1037	1085	1342	1586	1378	
1244	2013	2232	2147	2293	2049	2183	2232	2769	2464	2476	2208	2098	2379	2061	1769	1854	1573	1183	1000	878	536	390	0	256	500	829	976	1268	1549	1476	
1293	1854	2086	2049	2220	2013	2171	2244	2806	2525	2562	2318	2232	2549	2244	1952	2074	1805	1415	1244	1134	756	585	256	0	292	573	768	1061	1354	1354	
1134	1549	1793	1756	1939	1769	1939	2037	2598	2342	2415	2196	2147	2501	2220	1952	2147	1891	1500	1378	1342	854	658	500	292	0	378	475	768	1061	1049	
1403	1427	1708	1769	1988	1891	2074	2208	2781	2574	2671	2476	2440	2830	2562	2305	2513	2269	1866	1756	1695	1232	1037	829	573	378	0	329	573	866	1037	
1207	1110	1378	1439	1659	1573	1781	1915	2488	2305	2427	2269	2257	2684	2440	2208	2464	2257	1854	1781	1793	1268	1085	976	768	475	329	0	280	585	707	
1305	866	1146	1268	1512	1500	1720	1878	2452	2305	2452	2330	2342	2793	2586	2379	2671	2464	2086	2037	2074	1525	1342	1268	1061	768	573	280	0	292	585	
1390	585	890	1061	1329	1403	1610	1793	2354	2257	2440	2342	2391	2867	2684	2501	2830	2659	2281	2257	2330	1756	1586	1549	1354	1061	866	585	292	0	500	
939	561	744	719	939	915	1134	1293	1866	1756	1927	1842	1903	2379	2220	2061	2427	2293	1939	1964	2110	1512	1378	1476	1354	1049	1037	707	585	500	0	
V4
0	1824	1884	1535	1565	1124	1216	1231	1884	1520	1580	1322	1307	1854	1611	1383	1869	1732	1352	1489	1839	1170	1140	1550	1611	1413	1748	1504	1626	1732	1170	
1824	0	380	744	1064	1352	1611	1854	2477	2492	2751	2736	2872	3496	3359	3192	3693	3541	3116	3161	3344	2599	2432	2508	2310	1930	1778	1383	1079	729	699	
1884	380	0	501	790	1185	1413	1672	2234	2295	2599	2629	2796	3420	3328	3222	3739	3617	3222	3313	3541	2796	2644	2781	2599	2234	2128	1717	1428	1109	927	
