M: 8
N: 30
Nun_Veiculos: 11
Capacidade_Total: 668
Demanda_Total: 432
Setup_Min: 1
Setup_Max: 99
Raio: 100
Circulos: 1
Tempo_Processamento_Min: 1
Tempo_Processamento_Max: 49
Demanda_Min: 10
Demanda_Max: 30
Priority_Factor: 0.2
Range_Factor_R: 0.8
U_factor: 2
ALpha: 0.2Replicao: 0
Tempos_Processamentos
0	0	1	0	2	0	3	0	4	0	5	0	6	0	7	0	
0	13	1	14	2	41	3	8	4	17	5	46	6	5	7	42	
0	48	1	36	2	21	3	4	4	23	5	17	6	2	7	7	
0	34	1	9	2	18	3	17	4	38	5	33	6	29	7	45	
0	18	1	45	2	7	3	17	4	43	5	5	6	48	7	31	
0	6	1	32	2	5	3	2	4	15	5	20	6	30	7	40	
0	30	1	11	2	31	3	1	4	36	5	35	6	29	7	27	
0	32	1	1	2	30	3	41	4	4	5	35	6	8	7	29	
0	9	1	36	2	43	3	26	4	44	5	9	6	3	7	9	
0	37	1	35	2	17	3	5	4	2	5	14	6	16	7	37	
0	46	1	44	2	39	3	35	4	19	5	4	6	34	7	9	
0	37	1	2	2	23	3	1	4	48	5	36	6	26	7	3	
0	4	1	49	2	42	3	26	4	12	5	28	6	34	7	3	
0	17	1	27	2	32	3	24	4	6	5	30	6	13	7	7	
0	45	1	45	2	20	3	43	4	10	5	9	6	27	7	31	
0	43	1	15	2	45	3	48	4	9	5	39	6	22	7	25	
0	21	1	41	2	8	3	29	4	13	5	43	6	31	7	12	
0	15	1	17	2	12	3	20	4	43	5	35	6	1	7	40	
0	33	1	48	2	17	3	23	4	8	5	47	6	25	7	46	
0	6	1	9	2	43	3	35	4	25	5	9	6	1	7	6	
0	48	1	9	2	37	3	8	4	17	5	13	6	4	7	4	
0	2	1	1	2	49	3	38	4	30	5	5	6	22	7	4	
0	42	1	27	2	10	3	22	4	46	5	44	6	11	7	35	
0	47	1	8	2	43	3	24	4	26	5	25	6	10	7	46	
0	35	1	10	2	1	3	47	4	49	5	3	6	33	7	46	
0	28	1	36	2	35	3	14	4	44	5	15	6	23	7	24	
0	23	1	37	2	42	3	28	4	35	5	11	6	48	7	21	
0	48	1	2	2	46	3	30	4	47	5	42	6	42	7	9	
0	15	1	48	2	34	3	26	4	22	5	22	6	44	7	41	
0	19	1	32	2	35	3	47	4	39	5	27	6	12	7	8	
0	36	1	9	2	18	3	3	4	49	5	34	6	9	7	24	

Tempos_setup
M0
0	0	0	0	0	0	0	0	0	0	0	0	0	0	0	0	0	0	0	0	0	0	0	0	0	0	0	0	0	0	0	
0	0	7	19	17	17	17	13	20	12	12	12	14	26	21	10	16	18	20	13	10	11	18	16	23	25	19	23	14	21	16	
0	18	0	20	16	10	10	14	17	17	14	5	7	19	22	16	9	12	13	13	3	4	11	18	16	18	15	16	16	14	18	
0	14	18	0	18	6	7	17	18	13	17	15	17	22	23	19	22	15	16	9	19	16	14	14	13	29	17	14	12	17	14	
0	2	9	21	0	19	19	15	22	14	14	14	16	23	23	12	9	20	22	8	12	13	20	13	25	26	16	24	11	18	18	
0	8	12	16	12	0	1	11	12	7	11	9	11	16	17	13	21	9	10	3	13	10	8	8	7	27	11	8	6	11	8	
0	17	11	17	15	13	0	11	19	20	10	8	10	22	24	22	20	17	23	16	14	9	7	16	6	26	15	21	14	20	15	
0	6	5	6	4	12	12	0	19	18	16	7	4	21	24	14	13	12	15	12	5	8	16	17	18	23	15	20	15	16	20	
0	15	6	18	13	8	8	12	0	5	16	3	5	17	20	14	15	12	11	6	1	4	15	9	14	21	12	16	7	12	16	
0	10	11	14	8	12	13	16	24	0	15	16	7	14	29	20	17	15	17	1	14	10	12	4	19	29	7	15	2	9	20	
0	7	6	7	5	13	13	1	20	19	0	8	5	21	25	15	14	13	15	13	6	9	17	18	19	24	16	21	16	16	21	
0	13	3	19	13	5	5	13	17	12	15	0	2	19	17	14	12	9	15	8	6	1	12	13	11	18	12	13	11	16	13	
0	14	15	29	12	20	21	23	30	26	22	20	0	18	31	20	21	8	22	20	18	7	19	25	27	33	11	25	23	16	26	
0	8	5	16	14	7	8	10	19	14	9	10	12	0	24	14	14	13	17	10	8	9	6	15	14	23	16	15	13	3	15	
0	23	22	31	21	24	25	25	25	30	24	27	9	17	0	29	30	17	31	27	25	16	21	30	31	12	20	32	28	20	32	
0	9	8	9	7	15	15	3	10	15	2	10	6	23	11	0	16	14	17	15	8	11	10	19	21	23	17	23	17	18	6	
0	10	17	29	8	27	27	23	30	22	22	22	24	25	31	20	0	15	30	16	20	7	22	21	33	34	18	32	19	23	26	
0	6	10	21	4	12	13	15	24	18	14	14	16	10	26	16	13	0	19	12	13	6	11	17	19	28	3	17	15	8	20	
0	7	3	7	5	5	6	1	13	12	5	8	5	6	14	3	11	11	0	8	6	7	4	13	12	19	14	13	11	1	9	
0	11	12	23	9	11	12	17	23	11	16	17	8	15	28	21	18	16	18	0	15	11	13	5	18	30	8	16	3	10	19	
0	15	5	17	15	7	7	11	14	14	15	2	4	16	19	13	14	11	10	10	0	3	14	15	13	20	14	15	13	11	15	
0	14	18	22	12	20	21	16	23	26	15	22	19	18	24	13	15	8	27	20	21	0	19	25	27	36	11	25	23	16	19	
0	10	9	10	8	16	16	4	23	15	3	11	8	19	28	18	17	16	18	16	9	12	0	9	22	27	12	20	7	14	24	
0	6	7	18	4	9	10	12	21	6	11	12	13	10	26	16	13	14	19	7	10	6	8	0	16	25	3	17	8	5	17	
0	12	19	25	10	11	12	19	13	18	18	16	18	16	18	22	19	20	21	10	14	12	15	15	0	20	9	19	13	19	9	
0	19	18	19	17	21	21	13	13	18	12	16	17	23	10	27	26	25	24	19	14	17	9	18	27	0	16	29	16	23	29	
0	3	10	22	1	14	15	16	23	15	15	11	13	7	24	13	10	11	23	9	13	3	13	14	21	27	0	22	12	10	19	
0	9	5	8	7	7	8	3	15	14	7	10	7	8	16	5	13	12	2	9	8	9	6	14	14	21	15	0	12	3	11	
0	8	9	20	6	11	12	14	23	8	13	14	5	12	28	18	15	13	15	9	12	8	10	2	18	27	5	13	0	7	19	
0	12	2	13	11	4	5	7	16	11	6	7	9	5	21	17	11	10	14	7	5	6	3	12	11	20	13	12	10	0	12	
0	16	10	16	14	12	12	10	4	9	9	7	9	21	9	18	19	16	15	10	5	8	6	13	18	21	16	20	11	16	0	
M1
0	0	0	0	0	0	0	0	0	0	0	0	0	0	0	0	0	0	0	0	0	0	0	0	0	0	0	0	0	0	0	
0	0	7	4	10	8	12	15	13	12	9	3	11	4	16	6	19	15	9	9	13	12	12	18	12	27	3	15	2	14	14	
0	21	0	12	3	19	19	22	12	13	15	11	4	11	12	17	20	9	10	17	14	10	5	11	8	25	15	8	14	10	7	
0	23	7	0	10	8	18	15	13	12	9	3	11	4	12	6	19	15	9	5	13	12	12	18	12	27	3	15	2	14	14	
0	27	24	21	0	25	26	31	29	29	22	20	28	21	18	23	30	32	26	26	21	16	22	32	29	31	20	14	19	31	24	
0	22	8	11	11	0	10	15	12	4	13	14	12	9	14	15	11	7	8	15	5	11	13	13	11	26	14	10	13	16	10	
0	18	17	18	19	26	0	24	20	25	13	19	21	17	9	24	21	26	21	23	14	7	13	23	25	22	21	5	20	27	15	
0	14	10	18	2	20	12	0	15	15	6	17	14	6	6	17	18	10	11	17	7	12	15	20	15	27	17	10	16	20	15	
0	23	21	19	9	17	23	28	0	17	12	22	22	22	27	9	24	20	13	24	18	16	22	26	20	18	22	23	21	25	24	
0	18	4	11	7	13	6	11	8	0	9	14	8	5	10	11	7	3	4	12	1	7	9	9	7	22	14	6	13	12	11	
0	22	21	24	21	17	23	28	12	21	0	23	17	14	28	21	28	24	8	29	18	11	17	30	25	26	25	27	24	24	19	
0	24	8	1	11	9	19	16	14	13	10	0	12	3	13	7	20	16	10	6	14	13	13	19	9	28	4	16	3	14	15	
0	23	4	16	7	21	18	22	16	17	16	15	0	15	16	13	24	13	14	21	18	14	9	15	8	29	19	12	18	13	11	
0	37	24	27	27	27	26	31	27	20	22	26	28	0	30	19	27	23	23	32	21	26	29	29	27	35	26	26	25	32	31	
0	24	20	15	10	23	22	27	23	16	19	14	22	17	0	21	12	19	19	20	17	13	19	14	23	28	18	16	17	28	21	
0	18	16	15	17	8	18	23	8	12	3	18	13	17	22	0	19	15	4	20	13	7	13	21	11	22	18	18	17	16	15	
0	17	8	4	11	12	10	15	11	4	12	7	10	8	8	10	0	7	7	9	5	6	11	2	11	21	7	4	6	16	13	
0	15	9	16	12	10	11	16	5	5	6	16	10	2	7	14	12	0	1	17	6	4	10	14	12	19	18	3	17	17	12	
0	14	13	16	13	9	15	20	4	13	9	15	9	13	20	13	20	16	0	21	10	3	9	22	17	18	17	19	16	16	11	
0	25	9	6	12	10	20	17	15	14	11	5	13	6	7	8	19	17	11	0	15	14	14	20	14	29	5	17	4	16	16	
0	23	3	15	6	18	5	10	15	16	13	14	7	14	14	10	23	12	13	11	0	12	8	14	11	27	16	10	15	13	10	
0	11	10	13	13	19	12	17	13	23	6	12	14	10	21	17	30	19	14	18	7	0	6	21	18	15	14	17	13	20	8	
0	25	14	7	16	15	24	21	7	19	16	6	18	9	19	13	26	22	16	12	20	19	0	20	15	25	10	22	9	20	2	
0	15	6	13	9	14	8	13	9	2	10	15	10	7	6	13	9	5	5	14	3	4	9	0	9	19	16	2	15	14	11	
0	15	16	19	8	21	18	14	10	12	12	18	20	16	16	19	16	15	16	24	13	6	12	18	0	21	18	18	17	5	9	
0	24	8	1	11	9	19	16	14	13	10	4	12	5	10	7	20	16	10	6	14	13	13	19	13	0	4	16	3	15	15	
0	20	13	16	16	5	15	20	10	9	15	19	15	1	19	19	16	12	6	20	10	9	15	18	16	24	0	15	18	11	11	
0	13	12	15	14	21	14	19	15	20	8	14	16	12	4	19	16	21	16	20	9	2	8	18	20	17	16	0	15	22	10	
0	21	5	2	8	6	16	13	11	10	7	1	9	2	14	4	17	13	7	7	11	10	10	16	10	25	1	13	0	12	12	
0	25	19	16	12	16	14	23	5	20	17	19	23	20	23	14	25	23	18	21	21	14	20	27	25	23	19	19	18	0	4	
0	28	15	19	14	22	28	19	5	22	17	18	19	21	25	14	29	24	18	24	23	21	20	26	23	23	22	23	21	25	0	
M2
0	0	0	0	0	0	0	0	0	0	0	0	0	0	0	0	0	0	0	0	0	0	0	0	0	0	0	0	0	0	0	
0	0	8	17	15	4	4	3	15	15	8	9	8	14	17	11	5	6	12	6	4	9	16	7	17	15	10	13	19	8	18	
0	20	0	18	23	13	10	17	18	15	14	12	14	20	9	10	19	15	18	15	18	15	13	16	20	14	16	16	25	9	19	
0	17	13	0	15	7	20	18	21	20	23	17	18	12	14	15	10	17	1	7	9	7	5	5	20	19	22	8	24	22	4	
0	10	8	16	0	1	9	3	13	14	8	11	13	11	17	9	5	6	12	3	4	6	16	4	14	13	15	13	19	8	17	
0	18	12	15	16	0	20	19	20	18	24	17	19	10	21	15	9	16	16	2	8	5	20	3	13	17	26	15	22	21	19	
0	13	16	15	16	10	0	11	11	11	7	5	4	10	18	11	13	14	8	10	12	5	12	11	13	15	6	12	18	16	19	
0	7	5	14	12	9	6	0	13	13	5	10	10	16	14	8	2	3	14	11	1	11	18	10	16	12	12	10	16	5	15	
0	19	20	11	12	13	14	15	0	5	13	15	18	6	12	13	17	18	12	15	16	10	16	16	13	17	9	6	24	20	15	
0	17	16	11	11	12	9	14	16	0	16	10	13	6	7	8	13	13	12	14	15	5	11	15	8	12	15	1	22	15	15	
0	6	14	21	14	10	10	9	10	15	0	6	11	16	22	12	11	12	15	12	10	12	19	13	11	16	16	16	11	14	12	
0	21	19	17	11	12	14	14	6	11	19	0	18	12	18	6	16	17	18	14	15	15	19	13	8	10	15	12	30	19	21	
0	19	18	11	12	6	6	15	16	17	13	11	0	6	17	17	15	18	4	8	14	1	8	9	19	21	12	11	18	20	15	
0	16	14	5	6	7	15	9	10	15	14	14	19	0	13	12	11	12	6	9	10	12	10	10	20	16	19	13	22	14	9	
0	22	18	17	14	6	12	17	9	6	16	3	16	12	0	1	15	6	16	8	14	10	4	9	11	5	18	7	27	11	20	
0	22	17	16	13	14	14	16	8	5	21	2	18	11	12	0	14	18	17	9	13	10	16	8	10	4	17	6	27	20	19	
0	16	3	20	21	16	13	19	11	16	17	15	17	15	12	13	0	18	21	10	13	10	16	8	23	17	19	17	27	12	22	
0	16	18	14	11	9	6	13	17	17	10	11	10	14	13	14	15	0	14	11	14	9	17	12	19	18	12	7	21	5	15	
0	23	18	21	21	6	22	24	22	19	26	16	17	16	13	14	15	19	0	8	14	11	4	9	19	18	28	7	28	21	25	
0	16	10	13	14	8	18	17	18	16	22	15	17	8	19	13	7	14	14	0	6	3	18	1	21	15	24	17	20	19	17	
0	17	4	21	19	17	12	18	12	12	18	9	16	16	13	7	1	8	20	11	0	11	17	9	17	11	18	13	28	13	23	
0	21	19	10	11	12	20	14	15	20	19	15	24	5	18	17	16	17	11	14	15	0	15	15	23	21	22	18	17	19	14	
0	20	14	17	18	2	19	21	22	19	26	16	13	12	13	14	11	18	12	4	10	7	0	5	15	18	25	17	24	23	21	
0	18	9	12	13	10	17	16	17	15	21	14	19	7	18	12	6	13	13	2	5	2	17	0	22	14	23	16	19	18	16	
0	13	11	10	3	4	12	6	11	16	11	5	16	14	20	11	8	9	11	6	7	9	15	7	0	15	18	16	22	11	14	
0	18	13	12	12	13	10	15	17	1	17	11	14	7	8	9	10	14	13	6	9	6	12	4	9	0	13	2	23	16	16	
0	10	18	16	16	14	14	13	14	5	4	10	15	11	12	13	15	16	17	16	14	10	16	17	13	17	0	6	15	15	16	
0	16	24	23	20	12	15	19	15	12	19	9	19	18	6	7	21	12	17	14	20	16	10	15	17	11	21	0	30	14	24	
0	15	19	13	12	10	7	14	18	10	9	12	11	15	14	15	16	1	14	12	15	10	18	13	18	19	5	8	0	6	16	
0	11	13	9	17	4	1	8	12	12	5	6	5	11	19	12	10	11	9	6	9	6	13	7	14	16	7	13	16	0	10	
0	25	26	21	29	21	16	27	24	21	22	18	20	26	15	16	26	21	22	19	25	21	19	20	26	20	18	9	33	23	0	
M3
0	0	0	0	0	0	0	0	0	0	0	0	0	0	0	0	0	0	0	0	0	0	0	0	0	0	0	0	0	0	0	
0	0	13	16	6	14	11	16	13	3	8	19	13	7	9	5	1	10	8	7	15	17	6	7	9	4	13	12	6	3	15	
0	12	0	14	4	11	9	14	23	13	7	18	20	14	5	3	13	8	15	17	14	14	16	6	7	16	14	10	13	15	13	
0	22	13	0	14	21	20	1	11	21	20	30	20	22	18	16	23	12	22	23	16	11	14	19	13	13	22	16	23	12	19	
0	8	21	20	0	18	19	21	19	9	16	27	17	10	12	13	9	18	11	13	22	25	14	15	17	12	21	20	14	11	23	
0	17	11	19	9	0	19	19	23	13	6	17	16	9	11	8	18	12	10	17	19	20	17	5	12	19	13	15	12	18	18	
0	13	26	29	19	27	0	29	26	16	21	16	26	20	22	18	14	23	21	20	28	30	19	20	22	17	26	25	19	16	28	
0	21	20	29	13	22	19	0	25	20	20	30	27	21	23	22	22	20	21	23	19	20	14	21	12	12	21	15	26	11	18	
0	16	17	23	8	19	13	14	0	11	15	19	21	15	17	17	17	9	16	12	5	15	3	16	7	14	22	10	21	13	13	
0	10	18	14	9	12	14	15	10	0	13	24	11	4	6	9	11	14	5	4	15	16	13	12	8	14	19	11	16	13	14	
0	11	11	13	3	8	20	13	22	12	0	17	18	13	15	2	12	6	14	16	13	14	15	5	6	15	7	9	6	14	12	
0	11	24	23	17	25	22	24	24	14	19	0	24	18	20	16	12	20	19	18	26	28	17	18	20	15	24	23	17	14	26	
0	12	9	17	6	12	16	5	13	11	4	15	0	15	14	6	9	10	7	15	12	13	9	3	5	9	11	8	10	15	6	
0	14	14	10	6	8	10	11	20	15	9	20	7	0	2	5	15	10	1	17	12	17	12	8	9	10	16	12	15	9	13	
0	23	17	25	15	6	22	25	28	19	12	23	22	15	0	14	24	18	16	23	25	26	17	11	18	15	19	21	18	24	20	
0	9	9	11	1	12	18	11	20	10	4	15	17	11	13	0	10	5	12	14	11	12	13	3	4	13	11	7	10	12	10	
0	3	12	15	5	14	14	15	12	2	7	18	12	6	8	4	0	9	7	6	14	16	9	6	8	7	14	11	5	6	14	
0	20	14	22	12	17	23	17	25	16	9	20	12	20	19	11	21	0	19	20	22	19	20	8	15	21	16	18	15	23	18	
0	22	23	27	14	25	9	20	31	21	21	25	30	24	26	23	23	22	0	16	11	21	22	22	13	22	28	16	27	24	19	
0	6	19	11	12	16	17	12	19	9	14	25	19	13	15	11	7	16	14	0	21	22	12	13	15	10	15	18	12	9	21	
0	11	12	19	3	14	21	9	20	10	10	23	19	13	15	12	12	11	14	14	0	10	11	11	2	14	17	5	16	13	8	
0	14	2	16	6	13	11	14	22	15	9	20	9	16	7	5	15	1	16	19	16	0	18	8	9	18	16	12	12	17	15	
0	15	20	20	7	20	10	17	11	8	15	16	18	12	14	17	16	6	13	9	11	20	0	14	12	19	22	15	21	18	18	
0	12	6	14	4	9	15	14	18	8	1	12	19	12	11	3	13	7	13	12	14	15	12	0	7	16	8	10	7	15	13	
0	9	10	17	1	16	19	7	18	8	8	21	17	11	13	10	10	9	12	12	7	8	9	9	0	12	15	3	14	11	6	
0	17	21	19	9	10	7	16	13	10	16	18	15	9	11	14	18	8	10	11	13	22	2	15	14	0	9	15	21	18	18	
0	18	12	20	10	1	20	20	24	14	7	18	17	10	12	9	19	13	11	18	20	21	18	6	13	20	0	16	13	19	19	
0	12	12	14	7	13	16	13	15	5	5	18	16	9	11	7	13	11	10	9	4	14	6	6	6	9	12	0	11	8	3	
0	9	22	22	2	19	20	18	21	11	17	28	13	12	13	14	10	19	13	15	24	26	15	16	18	13	22	21	0	12	19	
0	18	20	20	10	11	8	17	14	11	9	19	16	10	12	11	19	9	10	12	14	23	3	14	15	1	10	16	15	0	19	
0	13	11	11	5	10	13	12	14	10	2	19	20	14	16	4	14	8	15	12	14	16	3	7	8	17	9	11	8	16	0	
M4
0	0	0	0	0	0	0	0	0	0	0	0	0	0	0	0	0	0	0	0	0	0	0	0	0	0	0	0	0	0	0	
0	0	11	7	8	13	13	1	11	18	19	8	6	9	4	11	4	4	3	15	11	9	13	6	14	13	12	8	11	2	7	
0	19	0	8	9	18	18	6	11	15	24	2	15	14	7	14	9	13	15	12	13	6	8	9	19	18	13	14	8	18	12	
0	19	16	0	5	17	10	12	17	20	21	16	12	15	12	16	15	9	7	17	9	11	14	13	19	15	5	13	4	10	9	
0	17	11	19	0	13	23	11	17	26	16	13	12	10	16	11	14	4	20	16	4	17	11	18	15	10	18	8	14	15	17	
0	12	10	6	7	0	16	12	10	15	17	12	5	3	3	10	15	4	13	10	5	6	14	5	8	11	11	8	8	14	13	
0	19	14	11	10	23	0	3	17	20	21	16	12	19	12	15	6	14	18	17	14	11	17	11	24	15	3	11	13	21	9	
0	16	11	8	7	20	16	0	14	17	18	13	9	16	9	12	3	11	15	14	11	8	14	11	21	12	13	8	10	18	6	
0	18	13	16	14	22	22	8	0	25	21	15	11	21	17	10	11	13	21	19	18	16	20	19	24	15	21	10	13	20	14	
0	4	6	11	12	17	6	5	15	0	23	8	10	13	8	15	8	8	7	12	15	12	14	10	15	17	9	3	14	6	11	
0	11	10	9	10	17	7	9	8	25	0	12	13	16	6	13	12	14	14	14	14	16	9	8	21	12	2	17	13	13	15	
0	17	8	8	7	16	18	4	18	13	22	0	13	12	5	12	7	11	15	10	11	4	11	7	17	16	13	12	6	18	10	
0	7	9	14	9	11	18	8	5	20	16	11	0	14	11	5	11	2	10	15	13	15	15	13	19	10	18	6	8	9	13	
0	9	8	16	11	10	20	9	7	19	14	10	2	0	13	7	12	1	12	7	2	12	13	15	5	8	16	5	10	11	15	
0	21	7	3	4	11	13	13	18	22	20	9	15	14	0	15	15	8	10	16	8	13	11	2	19	14	8	12	7	13	12	
0	18	15	14	4	17	18	15	16	19	11	17	11	14	11	0	11	8	15	15	8	10	10	13	19	5	13	12	3	18	8	
0	13	13	9	8	17	19	7	11	14	15	15	6	13	6	10	0	8	15	11	10	5	11	8	18	9	14	12	7	15	3	
0	21	7	15	13	9	24	13	18	22	20	9	14	12	12	9	11	0	22	13	14	13	15	14	17	14	19	4	12	18	14	
0	19	17	17	16	20	10	13	17	22	24	9	12	10	14	17	14	11	0	17	12	13	20	16	15	18	13	15	15	3	17	
0	11	10	18	13	12	18	11	9	21	16	12	4	2	15	9	14	3	14	0	4	14	15	17	7	10	13	7	12	13	17	
0	13	18	15	11	21	19	7	20	24	12	17	16	17	16	7	10	15	16	16	0	15	11	18	22	6	14	15	10	11	13	
0	13	8	4	3	12	14	14	15	9	19	10	10	8	1	14	16	7	11	6	7	0	12	3	13	13	9	11	2	14	7	
0	16	15	10	15	17	17	16	14	26	21	17	9	7	20	14	19	8	17	5	9	19	0	10	12	15	12	12	14	18	19	
0	20	5	1	6	18	11	11	16	20	22	7	13	16	12	17	14	10	8	14	10	11	9	0	20	16	6	14	5	11	10	
0	26	9	16	17	24	18	15	20	24	30	11	19	17	13	23	18	18	13	15	19	15	17	15	0	24	21	6	17	16	21	
0	17	16	15	5	15	13	10	14	20	6	15	12	11	12	1	6	9	16	10	9	11	5	14	16	0	8	13	4	19	9	
0	18	13	9	14	22	5	7	16	24	25	15	11	22	16	16	10	13	16	21	18	15	17	8	24	19	0	15	13	19	13	
0	20	3	11	12	21	20	9	14	18	25	5	13	11	10	17	12	12	18	9	13	9	11	12	14	19	15	0	11	14	15	
0	15	12	11	1	14	21	12	13	16	17	14	8	11	8	12	15	5	16	13	5	7	10	10	16	11	16	9	0	16	5	
0	16	14	14	13	17	24	10	14	19	21	6	9	7	11	14	13	8	19	14	9	10	17	13	12	15	19	12	12	0	16	
0	10	10	6	5	14	16	11	8	11	19	12	3	10	3	8	14	5	13	8	7	2	14	5	15	13	11	9	4	12	0	
M5
0	0	0	0	0	0	0	0	0	0	0	0	0	0	0	0	0	0	0	0	0	0	0	0	0	0	0	0	0	0	0	
0	0	11	13	12	12	11	6	2	6	12	8	7	17	13	5	12	9	13	6	8	7	10	12	7	11	20	9	4	6	9	
0	11	0	15	15	5	14	9	11	12	8	4	8	17	16	16	15	15	16	9	10	10	13	15	10	14	19	11	7	9	12	
0	20	13	0	23	18	25	20	19	20	21	17	21	25	24	25	23	23	24	17	19	18	26	16	18	11	31	20	15	22	20	
0	12	16	21	0	16	15	16	14	16	15	11	11	20	13	9	18	19	1	18	15	19	14	12	7	14	27	21	16	10	9	
0	9	1	16	12	0	13	9	11	13	9	5	9	18	16	14	12	16	11	10	11	7	14	15	10	11	14	12	8	10	12	
0	13	2	17	17	7	0	11	13	14	10	6	10	19	18	18	17	17	18	11	12	12	15	17	12	16	21	13	9	11	14	
0	2	13	15	14	14	13	0	4	8	14	10	5	19	15	7	14	11	7	8	10	9	12	14	9	13	22	11	6	8	11	
0	10	11	21	20	10	17	12	0	4	11	9	13	15	19	15	20	7	18	14	16	15	16	18	13	19	24	17	12	12	15	
0	10	7	17	16	6	13	8	12	0	7	11	9	16	15	15	16	3	14	10	12	11	12	14	9	15	20	13	8	8	11	
0	3	8	16	9	7	6	1	5	9	0	11	2	9	8	8	13	12	8	9	7	10	5	7	2	13	21	12	7	1	4	
0	7	12	19	13	11	10	5	9	13	4	0	4	13	12	12	17	16	12	13	11	14	9	11	6	17	25	15	11	5	8	
0	23	19	20	23	21	25	21	13	15	20	22	0	28	12	28	14	18	24	23	19	24	25	21	16	17	32	26	21	21	18	
0	5	7	17	8	9	8	5	7	8	14	11	4	0	9	10	8	11	9	2	9	3	7	8	3	7	16	14	9	3	5	
0	11	7	8	17	9	14	9	13	3	8	11	10	17	0	16	5	6	16	11	13	12	13	10	7	5	23	14	9	9	9	
0	12	8	16	9	7	6	12	11	11	16	12	2	15	8	0	13	14	10	15	7	14	5	7	2	13	18	16	13	1	4	
0	17	6	15	19	11	12	15	17	10	14	10	14	15	7	22	0	13	20	15	16	15	19	7	2	12	24	16	13	15	4	
0	7	4	14	13	3	10	5	9	10	4	8	6	13	12	12	13	0	12	7	9	8	9	11	6	12	17	10	5	5	8	
0	17	16	24	17	15	14	15	19	19	14	10	10	22	16	8	21	22	0	23	14	22	13	15	10	21	26	24	21	9	12	
0	3	5	15	6	10	11	3	5	9	12	9	8	14	7	8	6	12	7	0	11	1	13	6	1	5	14	12	7	9	3	
0	25	20	16	29	23	18	23	27	17	22	24	24	31	14	28	19	20	30	25	0	24	21	24	21	19	26	12	23	23	10	
0	2	6	15	5	11	13	2	4	8	14	10	7	18	11	7	5	11	6	4	10	0	12	9	5	4	13	11	6	8	7	
0	7	3	14	18	8	1	12	6	9	11	7	11	15	6	12	11	12	19	12	2	13	0	16	13	11	22	14	10	12	2	
0	10	11	23	12	16	9	10	12	16	10	6	10	19	18	15	13	19	13	12	17	8	15	0	12	12	21	19	14	11	14	
0	15	12	14	17	15	10	15	15	9	14	11	15	13	6	20	11	12	18	13	15	13	19	5	0	11	22	14	11	15	2	
0	9	2	13	12	7	14	9	8	9	10	6	10	19	13	14	12	12	13	6	8	7	15	5	7	0	20	9	4	11	9	
0	12	10	18	11	9	8	12	13	13	18	14	4	17	10	2	15	16	12	14	9	10	7	9	4	14	0	18	15	3	6	
0	14	12	4	17	17	10	14	15	18	20	16	19	24	15	19	17	21	18	16	11	12	9	20	17	15	25	0	18	20	11	
0	5	7	9	8	11	13	5	4	5	12	11	10	16	9	10	8	8	9	2	4	3	14	8	3	7	16	5	0	11	5	
0	11	7	15	8	6	5	15	10	10	15	11	1	14	7	16	12	13	9	14	6	13	4	6	1	12	20	15	12	0	3	
0	15	10	12	21	13	8	13	17	7	12	14	14	21	4	20	9	10	20	15	17	16	17	14	11	9	20	18	13	13	0	
M6
0	0	0	0	0	0	0	0	0	0	0	0	0	0	0	0	0	0	0	0	0	0	0	0	0	0	0	0	0	0	0	
0	0	19	20	5	22	14	11	23	16	2	10	8	14	13	9	17	9	24	15	10	17	4	16	17	3	7	18	22	4	16	
0	14	0	23	19	36	28	23	37	19	16	24	20	28	27	23	31	23	26	27	22	31	18	24	31	17	10	32	33	18	30	
0	24	17	0	26	17	10	16	27	25	23	5	16	14	20	20	27	18	22	15	17	21	28	12	27	11	20	23	10	17	11	
0	16	18	21	0	28	13	6	18	26	15	20	20	13	21	16	12	8	21	24	5	25	16	21	26	16	23	17	17	20	26	
0	9	23	21	14	0	23	19	10	25	11	19	17	18	21	18	20	18	13	24	18	26	13	25	26	12	16	27	30	13	12	
0	14	7	30	16	19	0	19	29	26	13	21	19	25	24	15	28	21	21	29	19	14	18	28	27	14	17	13	23	18	22	
0	16	12	15	21	22	7	0	26	20	18	16	14	7	15	10	27	2	28	18	20	21	20	15	20	12	18	11	11	15	20	
0	19	19	17	18	14	21	14	0	15	19	22	7	10	12	19	10	16	3	14	13	23	14	20	23	20	6	25	21	3	8	
0	18	4	18	22	22	10	14	29	0	19	19	7	10	17	7	21	5	17	9	13	24	20	25	23	15	11	14	21	8	23	
0	1	20	18	3	20	13	9	21	17	0	8	6	12	14	7	15	10	22	16	8	18	5	15	15	1	8	16	20	5	14	
0	19	12	15	21	12	5	11	22	20	18	0	19	9	15	15	22	13	17	10	12	16	23	7	22	19	18	18	22	19	6	
0	12	17	21	15	27	14	7	25	13	12	20	0	14	10	17	22	9	27	12	6	26	13	18	24	13	4	18	14	1	26	
0	23	19	22	28	29	14	7	33	27	25	23	15	0	22	17	21	9	34	25	21	28	27	22	13	10	19	18	18	16	23	
0	17	9	21	22	27	15	12	28	5	19	24	9	15	0	12	12	10	22	12	15	25	21	27	14	20	13	19	23	10	24	
0	16	13	25	19	31	18	11	28	17	16	24	4	18	14	0	26	13	31	16	10	30	17	22	28	17	8	22	18	5	30	
0	11	20	28	13	30	22	15	16	16	10	18	16	22	11	17	0	17	19	23	14	13	15	25	25	11	18	26	22	15	24	
0	19	12	23	21	23	5	12	24	18	18	14	18	5	13	14	25	0	26	24	24	19	23	21	18	13	22	12	16	19	20	
0	20	18	22	17	28	21	14	25	14	19	23	20	7	11	18	9	16	0	13	22	22	11	19	20	17	5	25	25	2	23	
0	21	18	9	24	15	15	8	25	22	21	14	9	15	19	5	12	10	27	0	15	25	22	21	28	14	13	19	13	10	16	
0	17	13	16	22	23	8	1	19	21	19	17	15	8	16	11	28	3	22	19	0	22	11	16	21	13	19	12	12	16	21	
0	18	19	22	21	29	14	7	25	15	18	23	6	14	10	17	21	9	28	17	6	0	17	22	13	10	10	18	9	7	23	
0	24	17	28	26	28	10	17	29	23	23	19	19	10	18	19	30	5	31	19	19	13	0	16	23	18	23	17	21	20	25	
0	24	21	12	27	18	18	11	28	24	24	17	12	18	19	8	15	13	30	3	15	9	25	0	22	17	16	22	16	13	19	
0	19	21	19	20	16	24	17	24	17	18	24	23	16	14	21	8	19	21	16	16	17	23	18	0	19	8	28	26	5	10	
0	17	22	17	20	26	19	12	30	18	17	22	5	19	15	17	27	14	32	16	11	31	18	23	29	0	9	15	19	6	24	
0	27	13	26	31	30	19	23	38	9	28	18	16	19	26	16	29	14	23	17	22	23	29	14	32	24	0	23	30	17	24	
0	18	11	18	20	11	4	6	21	19	17	22	6	13	16	2	28	8	20	17	12	18	19	21	26	1	10	0	17	7	9	
0	18	23	17	21	23	20	13	31	19	18	22	6	20	16	13	20	15	33	8	12	15	19	24	28	1	10	16	0	7	24	
0	26	16	20	15	26	22	19	33	12	28	21	18	22	9	16	21	17	26	11	20	26	30	17	23	25	3	26	24	0	27	
0	15	13	9	20	6	14	7	16	25	17	14	21	6	22	17	20	9	11	13	6	28	17	21	19	16	16	18	18	13	0	
M7
0	0	0	0	0	0	0	0	0	0	0	0	0	0	0	0	0	0	0	0	0	0	0	0	0	0	0	0	0	0	0	
0	0	11	4	23	13	22	18	15	18	8	20	19	15	3	28	19	6	16	13	22	27	21	40	19	15	17	16	19	26	17	
0	10	0	14	17	8	16	25	25	28	18	30	11	24	13	26	14	16	23	23	16	30	20	30	24	21	27	26	15	15	18	
0	21	19	0	32	27	18	27	34	24	19	34	24	11	22	24	18	22	25	24	20	23	17	39	15	20	13	22	19	24	14	
0	14	9	10	0	11	10	8	20	19	8	18	17	7	11	16	11	14	6	14	14	21	10	17	7	16	21	18	12	16	9	
0	9	14	13	16	0	12	22	24	20	14	24	11	23	12	24	6	13	22	15	9	27	12	33	16	16	21	23	7	25	15	
0	13	9	4	26	17	0	13	26	24	11	18	17	15	14	25	10	4	24	19	13	26	9	39	16	20	17	14	11	24	14	
0	11	1	15	18	9	15	0	26	11	15	24	12	20	14	27	15	17	19	6	17	13	21	31	24	8	28	18	12	16	1	
0	1	12	5	20	14	10	19	0	12	9	16	20	16	4	22	4	7	17	13	7	14	10	37	14	14	18	17	5	23	2	
0	13	15	17	8	4	16	14	26	0	16	24	15	13	16	24	10	17	12	19	13	27	16	25	15	20	25	24	11	24	15	
0	16	19	20	26	21	22	18	15	18	0	28	27	17	3	30	18	19	16	13	21	23	17	43	21	15	13	28	19	30	14	
0	15	5	16	14	13	21	12	17	23	22	0	16	11	8	24	19	21	10	18	21	25	24	31	15	20	21	22	20	20	13	
0	18	14	9	30	22	5	18	19	22	16	23	0	20	7	30	15	9	20	17	18	31	14	37	21	19	22	19	16	29	19	
0	14	20	7	24	21	15	19	27	26	20	29	17	0	17	13	13	19	17	21	14	26	18	28	4	9	20	11	13	13	16	
0	13	16	17	23	18	19	15	12	15	21	25	24	14	0	27	16	19	13	10	19	26	22	40	18	12	30	25	16	27	14	
0	9	13	13	18	15	12	17	24	20	13	24	11	16	12	0	6	13	15	15	7	22	11	35	16	16	16	5	7	25	10	
0	3	8	7	22	16	6	16	18	14	8	18	19	18	6	18	0	7	19	9	3	21	6	34	10	10	20	17	1	19	9	
0	15	5	19	22	13	18	22	30	25	23	14	13	21	18	31	19	0	20	28	21	27	25	35	25	26	21	10	20	20	15	
0	13	3	8	20	5	16	2	14	13	17	12	14	1	11	14	11	18	0	8	14	15	17	29	5	10	21	12	12	14	3	
0	15	18	13	13	9	9	19	30	5	20	27	14	18	18	29	12	13	17	0	15	26	18	30	20	2	26	23	6	26	14	
0	8	6	12	23	14	11	21	21	19	6	23	17	22	9	15	5	12	21	14	0	26	4	35	11	15	19	20	6	20	14	
0	16	16	14	14	10	10	20	28	6	16	11	15	19	19	22	13	14	18	1	16	0	14	31	13	3	27	24	7	22	13	
0	4	2	8	19	10	7	17	17	15	2	19	13	18	5	16	1	8	17	10	4	22	0	31	7	11	15	18	2	16	10	
0	10	8	12	15	16	13	22	23	14	8	25	19	5	11	17	7	14	20	16	2	16	6	0	9	7	21	16	8	1	4	
0	10	16	3	27	22	11	19	25	22	16	27	20	14	13	9	9	15	17	18	10	24	14	24	0	15	16	14	10	9	12	
0	13	16	11	30	24	7	20	28	22	18	25	12	22	16	28	10	11	28	19	13	24	16	39	20	0	24	21	4	24	12	
0	8	6	12	19	14	11	21	21	11	6	21	17	22	9	20	5	12	21	11	8	10	4	35	11	13	0	18	6	20	1	
0	19	13	15	13	10	11	12	24	15	17	22	6	11	13	24	16	15	10	18	19	17	15	30	15	20	11	0	17	24	5	
0	18	14	9	26	22	5	18	28	18	16	23	22	20	16	30	15	9	24	21	18	20	14	43	21	23	22	19	0	29	8	
0	9	7	13	21	15	12	22	22	13	7	24	18	20	10	16	6	13	22	15	1	15	5	15	12	6	20	20	7	0	3	
0	23	25	26	18	14	22	24	29	10	14	23	23	23	17	34	20	26	22	13	23	12	26	35	25	15	27	17	19	34	0	
Tamanho_Tarefas
0	20	5	9	6	18	7	13	11	12	26	19	3	7	16	27	21	16	27	8	4	9	13	8	14	23	20	29	20	8	13	
Data_Entrega
0	144	140	147	137	137	144	137	137	140	145	140	143	144	138	140	145	144	144	142	143	140	138	140	140	137	143	145	138	145	141	
Penalidade_Atraso
0	15	9	17	14	10	16	14	5	8	10	4	4	5	14	17	5	15	1	16	9	5	7	13	16	17	20	15	8	17	11	
Capacidade_Veiculo
70	74	49	45	47	86	44	81	64	31	77	
Custo_Fixo_Veiculo
700	740	490	450	470	860	440	810	640	310	770	
Coordenadas_Clientes
x	0	y	0
x	78	y	0
x	120	y	25
x	100	y	44
x	86	y	62
x	62	y	69
x	48	y	84
x	26	y	81
x	8	y	76
x	-8	y	77
x	-24	y	76
x	-48	y	84
x	-80	y	89
x	-77	y	56
x	-74	y	33
x	-96	y	20
x	-114	y	0
x	-92	y	-19
x	-105	y	-46
x	-74	y	-54
x	-70	y	-78
x	-60	y	-104
x	-27	y	-84
x	-9	y	-86
x	8	y	-77
x	31	y	-97
x	42	y	-73
x	70	y	-78
x	64	y	-47
x	89	y	-39
x	89	y	-19
Tempo_Viagem
0	78	122	109	106	92	96	85	76	77	79	96	119	95	81	98	114	93	114	91	104	120	88	86	77	101	84	104	79	97	91	
78	0	48	49	62	70	89	96	103	115	127	151	181	164	155	175	192	171	188	161	167	172	134	122	104	107	81	78	49	40	21	
122	48	0	27	49	72	92	109	123	138	152	177	209	199	194	216	235	215	235	209	215	220	182	170	151	149	124	114	90	71	53	
109	49	27	0	22	45	65	82	97	112	128	152	184	177	174	197	218	202	223	199	209	217	180	169	152	156	130	124	97	83	63	
106	62	49	22	0	25	43	62	79	95	110	135	167	163	162	186	209	195	219	197	209	221	184	175	159	167	141	140	111	101	81	
92	70	72	45	25	0	20	37	54	70	86	110	142	139	140	165	189	177	202	183	196	211	177	170	155	168	143	147	116	110	91	
96	89	92	65	43	20	0	22	40	56	72	96	128	127	132	157	182	173	200	184	200	216	183	179	165	181	157	162	131	129	110	
85	96	109	82	62	37	22	0	18	34	50	74	106	105	110	135	161	154	182	168	185	204	173	170	159	178	154	164	133	135	117	
76	103	123	97	79	54	40	18	0	16	32	56	88	87	92	117	143	137	166	153	172	192	163	162	153	174	152	166	135	140	124	
77	115	138	112	95	70	56	34	16	0	16	40	72	72	79	104	130	127	156	146	166	188	162	163	154	178	158	173	143	151	136	
79	127	152	128	110	86	72	50	32	16	0	25	57	56	65	90	116	116	145	139	160	183	160	162	156	180	162	180	151	161	147	
96	151	177	152	135	110	96	74	56	40	25	0	32	40	57	80	106	112	141	140	163	188	169	174	170	197	180	200	172	184	171	
119	181	209	184	167	142	128	106	88	72	57	32	0	33	56	70	95	108	136	143	167	193	180	188	187	216	202	223	198	212	200	
95	164	199	177	163	139	127	105	87	72	56	40	33	0	23	40	66	76	105	110	134	160	148	157	157	187	175	198	174	191	182	
81	155	194	174	162	140	132	110	92	79	65	57	56	23	0	25	51	55	84	87	111	137	126	135	137	167	157	181	159	178	171	
98	175	216	197	186	165	157	135	117	104	90	80	70	40	25	0	26	39	66	77	101	128	124	137	142	172	166	192	173	194	189	
114	192	235	218	209	189	182	161	143	130	116	106	95	66	51	26	0	29	46	67	89	116	120	135	144	174	172	199	184	206	203	
93	171	215	202	195	177	173	154	137	127	116	112	108	76	55	39	29	0	29	39	62	89	91	106	115	145	144	172	158	182	181	
114	188	235	223	219	202	200	182	166	156	145	141	136	105	84	66	46	29	0	32	47	73	86	104	117	145	149	177	169	194	195	
91	161	209	199	197	183	184	168	153	146	139	140	143	110	87	77	67	39	32	0	24	51	55	72	85	113	117	145	138	163	166	
104	167	215	209	209	196	200	185	172	166	160	163	167	134	111	101	89	62	47	24	0	27	43	61	78	102	112	140	137	163	169	
120	172	220	217	221	211	216	204	192	188	183	188	193	160	137	128	116	89	73	51	27	0	38	54	73	91	106	132	136	162	170	
88	134	182	180	184	177	183	173	163	162	160	169	180	148	126	124	120	91	86	55	43	38	0	18	35	59	69	97	98	124	132	
86	122	170	169	175	170	179	170	162	163	162	174	188	157	135	137	135	106	104	72	61	54	18	0	19	41	52	79	82	108	118	
77	104	151	152	159	155	165	159	153	154	156	170	187	157	137	142	144	115	117	85	78	73	35	19	0	30	34	62	63	89	99	
101	107	149	156	167	168	181	178	174	178	180	197	216	187	167	172	174	145	145	113	102	91	59	41	30	0	26	43	59	82	96	
84	81	124	130	141	143	157	154	152	158	162	180	202	175	157	166	172	144	149	117	112	106	69	52	34	26	0	28	34	58	71	
104	78	114	124	140	147	162	164	166	173	180	200	223	198	181	192	199	172	177	145	140	132	97	79	62	43	28	0	31	43	61	
79	49	90	97	111	116	131	133	135	143	151	172	198	174	159	173	184	158	169	138	137	136	98	82	63	59	34	31	0	26	37	
97	40	71	83	101	110	129	135	140	151	161	184	212	191	178	194	206	182	194	163	163	162	124	108	89	82	58	43	26	0	20	
91	21	53	63	81	91	110	117	124	136	147	171	200	182	171	189	203	181	195	166	169	170	132	118	99	96	71	61	37	20	0	
Custo_Viagem
V0
0	1092	1708	1526	1484	1288	1344	1190	1064	1078	1106	1344	1666	1330	1134	1372	1596	1302	1596	1274	1456	1680	1232	1204	1078	1414	1176	1456	1106	1358	1274	
1092	0	672	686	868	980	1246	1344	1442	1610	1778	2114	2534	2296	2170	2450	2688	2394	2632	2254	2338	2408	1876	1708	1456	1498	1134	1092	686	560	294	
1708	672	0	378	700	1008	1302	1526	1722	1932	2128	2492	2926	2786	2716	3024	3290	3024	3290	2926	3024	3094	2562	2380	2114	2114	1750	1596	1274	994	742	
1526	686	378	0	308	630	910	1148	1358	1568	1792	2142	2590	2478	2436	2758	3052	2828	3122	2786	2926	3038	2520	2366	2128	2184	1820	1750	1358	1162	882	
1484	868	700	308	0	350	602	868	1106	1330	1540	1890	2352	2282	2268	2604	2926	2730	3066	2758	2926	3094	2576	2450	2226	2352	1974	1960	1554	1414	1134	
1288	980	1008	630	350	0	280	518	756	980	1204	1554	2002	1946	1960	2310	2646	2478	2828	2562	2758	2954	2478	2380	2170	2352	2002	2058	1624	1554	1288	
1344	1246	1302	910	602	280	0	308	560	784	1008	1344	1792	1792	1848	2198	2548	2422	2800	2576	2800	3024	2562	2506	2310	2534	2198	2282	1834	1806	1540	
1190	1344	1526	1148	868	518	308	0	252	476	700	1036	1484	1470	1540	1904	2254	2156	2548	2352	2590	2856	2422	2380	2226	2492	2156	2296	1862	1890	1652	
1064	1442	1722	1358	1106	756	560	252	0	224	448	784	1232	1218	1288	1652	2002	1918	2324	2142	2408	2688	2282	2268	2142	2436	2128	2324	1890	1960	1736	
1078	1610	1932	1568	1330	980	784	476	224	0	224	560	1008	1008	1106	1456	1834	1778	2184	2044	2324	2632	2268	2282	2156	2492	2212	2422	2002	2114	1904	
1106	1778	2128	1792	1540	1204	1008	700	448	224	0	350	798	784	910	1274	1638	1624	2044	1946	2240	2562	2240	2268	2184	2534	2268	2520	2114	2254	2058	
1344	2114	2492	2142	1890	1554	1344	1036	784	560	350	0	448	560	798	1120	1484	1568	1974	1960	2282	2632	2366	2436	2380	2758	2520	2800	2408	2576	2394	
1666	2534	2926	2590	2352	2002	1792	1484	1232	1008	798	448	0	462	784	980	1330	1512	1918	2002	2338	2716	2520	2632	2618	3024	2828	3136	2772	2968	2800	
1330	2296	2786	2478	2282	1946	1792	1470	1218	1008	784	560	462	0	322	560	938	1064	1470	1540	1876	2240	2072	2198	2198	2618	2450	2772	2436	2674	2548	
1134	2170	2716	2436	2268	1960	1848	1540	1288	1106	910	798	784	322	0	350	714	770	1176	1218	1554	1918	1764	1890	1918	2338	2198	2534	2226	2492	2394	
1372	2450	3024	2758	2604	2310	2198	1904	1652	1456	1274	1120	980	560	350	0	364	546	924	1078	1414	1806	1736	1918	1988	2408	2324	2688	2422	2716	2646	
1596	2688	3290	3052	2926	2646	2548	2254	2002	1834	1638	1484	1330	938	714	364	0	406	644	938	1246	1638	1680	1890	2016	2436	2408	2786	2576	2884	2842	
1302	2394	3024	2828	2730	2478	2422	2156	1918	1778	1624	1568	1512	1064	770	546	406	0	406	546	868	1260	1274	1484	1610	2030	2016	2408	2212	2548	2534	
1596	2632	3290	3122	3066	2828	2800	2548	2324	2184	2044	1974	1918	1470	1176	924	644	406	0	448	658	1022	1204	1456	1638	2030	2086	2478	2366	2716	2730	
1274	2254	2926	2786	2758	2562	2576	2352	2142	2044	1946	1960	2002	1540	1218	1078	938	546	448	0	336	714	770	1008	1190	1582	1638	2030	1932	2282	2324	
1456	2338	3024	2926	2926	2758	2800	2590	2408	2324	2240	2282	2338	1876	1554	1414	1246	868	658	336	0	378	602	854	1092	1428	1568	1960	1918	2282	2366	
1680	2408	3094	3038	3094	2954	3024	2856	2688	2632	2562	2632	2716	2240	1918	1806	1638	1260	1022	714	378	0	532	756	1022	1274	1484	1848	1904	2268	2394	
1232	1876	2562	2520	2576	2478	2562	2422	2282	2268	2240	2366	2520	2072	1764	1736	1680	1274	1204	770	602	532	0	252	490	826	966	1358	1372	1736	1848	
1204	1708	2380	2366	2450	2380	2506	2380	2268	2282	2268	2436	2632	2198	1890	1918	1890	1484	1456	1008	854	756	252	0	266	574	728	1106	1148	1512	1652	
1078	1456	2114	2128	2226	2170	2310	2226	2142	2156	2184	2380	2618	2198	1918	1988	2016	1610	1638	1190	1092	1022	490	266	0	420	476	868	882	1246	1386	
1414	1498	2114	2184	2352	2352	2534	2492	2436	2492	2534	2758	3024	2618	2338	2408	2436	2030	2030	1582	1428	1274	826	574	420	0	364	602	826	1148	1358	
1176	1134	1750	1820	1974	2002	2198	2156	2128	2212	2268	2520	2828	2450	2198	2324	2408	2016	2086	1638	1568	1484	966	728	476	364	0	392	476	812	994	
1456	1092	1596	1750	1960	2058	2282	2296	2324	2422	2520	2800	3136	2772	2534	2688	2786	2408	2478	2030	1960	1848	1358	1106	868	602	392	0	434	602	854	
1106	686	1274	1358	1554	1624	1834	1862	1890	2002	2114	2408	2772	2436	2226	2422	2576	2212	2366	1932	1918	1904	1372	1148	882	826	476	434	0	364	518	
1358	560	994	1162	1414	1554	1806	1890	1960	2114	2254	2576	2968	2674	2492	2716	2884	2548	2716	2282	2282	2268	1736	1512	1246	1148	812	602	364	0	280	
1274	294	742	882	1134	1288	1540	1652	1736	1904	2058	2394	2800	2548	2394	2646	2842	2534	2730	2324	2366	2394	1848	1652	1386	1358	994	854	518	280	0	
V1
0	1154	1805	1613	1568	1361	1420	1258	1124	1139	1169	1420	1761	1406	1198	1450	1687	1376	1687	1346	1539	1776	1302	1272	1139	1494	1243	1539	1169	1435	1346	
1154	0	710	725	917	1036	1317	1420	1524	1702	1879	2234	2678	2427	2294	2590	2841	2530	2782	2382	2471	2545	1983	1805	1539	1583	1198	1154	725	592	310	
1805	710	0	399	740	1065	1376	1613	1820	2042	2249	2634	3093	2945	2871	3196	3478	3196	3478	3093	3196	3270	2708	2516	2234	2234	1850	1687	1346	1050	784	
1613	725	399	0	325	666	962	1213	1435	1657	1894	2264	2738	2619	2575	2915	3226	2989	3300	2945	3093	3211	2664	2501	2249	2308	1924	1850	1435	1228	932	
1568	917	740	325	0	370	636	917	1169	1406	1628	1998	2486	2412	2397	2752	3093	2886	3241	2915	3093	3270	2723	2590	2353	2486	2086	2072	1642	1494	1198	
1361	1036	1065	666	370	0	296	547	799	1036	1272	1642	2116	2057	2072	2442	2797	2619	2989	2708	2915	3122	2619	2516	2294	2486	2116	2175	1716	1642	1361	
1420	1317	1376	962	636	296	0	325	592	828	1065	1420	1894	1894	1953	2323	2693	2560	2960	2723	2960	3196	2708	2649	2442	2678	2323	2412	1938	1909	1628	
1258	1420	1613	1213	917	547	325	0	266	503	740	1095	1568	1554	1628	2012	2382	2279	2693	2486	2738	3019	2560	2516	2353	2634	2279	2427	1968	1998	1746	
1124	1524	1820	1435	1169	799	592	266	0	236	473	828	1302	1287	1361	1746	2116	2027	2456	2264	2545	2841	2412	2397	2264	2575	2249	2456	1998	2072	1835	
1139	1702	2042	1657	1406	1036	828	503	236	0	236	592	1065	1065	1169	1539	1938	1879	2308	2160	2456	2782	2397	2412	2279	2634	2338	2560	2116	2234	2012	
1169	1879	2249	1894	1628	1272	1065	740	473	236	0	370	843	828	962	1346	1731	1716	2160	2057	2368	2708	2368	2397	2308	2678	2397	2664	2234	2382	2175	
1420	2234	2634	2264	1998	1642	1420	1095	828	592	370	0	473	592	843	1184	1568	1657	2086	2072	2412	2782	2501	2575	2516	2915	2664	2960	2545	2723	2530	
1761	2678	3093	2738	2486	2116	1894	1568	1302	1065	843	473	0	488	828	1036	1406	1598	2027	2116	2471	2871	2664	2782	2767	3196	2989	3315	2930	3137	2960	
1406	2427	2945	2619	2412	2057	1894	1554	1287	1065	828	592	488	0	340	592	991	1124	1554	1628	1983	2368	2190	2323	2323	2767	2590	2930	2575	2826	2693	
1198	2294	2871	2575	2397	2072	1953	1628	1361	1169	962	843	828	340	0	370	754	814	1243	1287	1642	2027	1864	1998	2027	2471	2323	2678	2353	2634	2530	
1450	2590	3196	2915	2752	2442	2323	2012	1746	1539	1346	1184	1036	592	370	0	384	577	976	1139	1494	1909	1835	2027	2101	2545	2456	2841	2560	2871	2797	
1687	2841	3478	3226	3093	2797	2693	2382	2116	1938	1731	1568	1406	991	754	384	0	429	680	991	1317	1731	1776	1998	2131	2575	2545	2945	2723	3048	3004	
1376	2530	3196	2989	2886	2619	2560	2279	2027	1879	1716	1657	1598	1124	814	577	429	0	429	577	917	1332	1346	1568	1702	2146	2131	2545	2338	2693	2678	
1687	2782	3478	3300	3241	2989	2960	2693	2456	2308	2160	2086	2027	1554	1243	976	680	429	0	473	695	1080	1272	1539	1731	2146	2205	2619	2501	2871	2886	
1346	2382	3093	2945	2915	2708	2723	2486	2264	2160	2057	2072	2116	1628	1287	1139	991	577	473	0	355	754	814	1065	1258	1672	1731	2146	2042	2412	2456	
1539	2471	3196	3093	3093	2915	2960	2738	2545	2456	2368	2412	2471	1983	1642	1494	1317	917	695	355	0	399	636	902	1154	1509	1657	2072	2027	2412	2501	
1776	2545	3270	3211	3270	3122	3196	3019	2841	2782	2708	2782	2871	2368	2027	1909	1731	1332	1080	754	399	0	562	799	1080	1346	1568	1953	2012	2397	2530	
1302	1983	2708	2664	2723	2619	2708	2560	2412	2397	2368	2501	2664	2190	1864	1835	1776	1346	1272	814	636	562	0	266	518	873	1021	1435	1450	1835	1953	
1272	1805	2516	2501	2590	2516	2649	2516	2397	2412	2397	2575	2782	2323	1998	2027	1998	1568	1539	1065	902	799	266	0	281	606	769	1169	1213	1598	1746	
1139	1539	2234	2249	2353	2294	2442	2353	2264	2279	2308	2516	2767	2323	2027	2101	2131	1702	1731	1258	1154	1080	518	281	0	444	503	917	932	1317	1465	
1494	1583	2234	2308	2486	2486	2678	2634	2575	2634	2678	2915	3196	2767	2471	2545	2575	2146	2146	1672	1509	1346	873	606	444	0	384	636	873	1213	1435	
1243	1198	1850	1924	2086	2116	2323	2279	2249	2338	2397	2664	2989	2590	2323	2456	2545	2131	2205	1731	1657	1568	1021	769	503	384	0	414	503	858	1050	
1539	1154	1687	1850	2072	2175	2412	2427	2456	2560	2664	2960	3315	2930	2678	2841	2945	2545	2619	2146	2072	1953	1435	1169	917	636	414	0	458	636	902	
1169	725	1346	1435	1642	1716	1938	1968	1998	2116	2234	2545	2930	2575	2353	2560	2723	2338	2501	2042	2027	2012	1450	1213	932	873	503	458	0	384	547	
1435	592	1050	1228	1494	1642	1909	1998	2072	2234	2382	2723	3137	2826	2634	2871	3048	2693	2871	2412	2412	2397	1835	1598	1317	1213	858	636	384	0	296	
1346	310	784	932	1198	1361	1628	1746	1835	2012	2175	2530	2960	2693	2530	2797	3004	2678	2886	2456	2501	2530	1953	1746	1465	1435	1050	902	547	296	0	
V2
0	764	1195	1068	1038	901	940	833	744	754	774	940	1166	931	793	960	1117	911	1117	891	1019	1176	862	842	754	989	823	1019	774	950	891	
764	0	470	480	607	686	872	940	1009	1127	1244	1479	1773	1607	1519	1715	1881	1675	1842	1577	1636	1685	1313	1195	1019	1048	793	764	480	392	205	
1195	470	0	264	490	705	911	1068	1205	1352	1489	1744	2048	1950	1901	2116	2303	2116	2303	2048	2116	2165	1793	1666	1479	1479	1225	1117	891	695	519	
1068	480	264	0	215	441	637	803	950	1097	1254	1499	1813	1734	1705	1930	2136	1979	2185	1950	2048	2126	1764	1656	1489	1528	1274	1225	950	813	617	
1038	607	490	215	0	245	421	607	774	931	1078	1323	1646	1597	1587	1822	2048	1911	2146	1930	2048	2165	1803	1715	1558	1646	1381	1372	1087	989	793	
901	686	705	441	245	0	196	362	529	686	842	1087	1401	1362	1372	1617	1852	1734	1979	1793	1930	2067	1734	1666	1519	1646	1401	1440	1136	1087	901	
940	872	911	637	421	196	0	215	392	548	705	940	1254	1254	1293	1538	1783	1695	1960	1803	1960	2116	1793	1754	1617	1773	1538	1597	1283	1264	1078	
833	940	1068	803	607	362	215	0	176	333	490	725	1038	1029	1078	1332	1577	1509	1783	1646	1813	1999	1695	1666	1558	1744	1509	1607	1303	1323	1156	
744	1009	1205	950	774	529	392	176	0	156	313	548	862	852	901	1156	1401	1342	1626	1499	1685	1881	1597	1587	1499	1705	1489	1626	1323	1372	1215	
754	1127	1352	1097	931	686	548	333	156	0	156	392	705	705	774	1019	1283	1244	1528	1430	1626	1842	1587	1597	1509	1744	1548	1695	1401	1479	1332	
774	1244	1489	1254	1078	842	705	490	313	156	0	245	558	548	637	891	1146	1136	1430	1362	1568	1793	1568	1587	1528	1773	1587	1764	1479	1577	1440	
940	1479	1744	1499	1323	1087	940	725	548	392	245	0	313	392	558	784	1038	1097	1381	1372	1597	1842	1656	1705	1666	1930	1764	1960	1685	1803	1675	
1166	1773	2048	1813	1646	1401	1254	1038	862	705	558	313	0	323	548	686	931	1058	1342	1401	1636	1901	1764	1842	1832	2116	1979	2195	1940	2077	1960	
931	1607	1950	1734	1597	1362	1254	1029	852	705	548	392	323	0	225	392	656	744	1029	1078	1313	1568	1450	1538	1538	1832	1715	1940	1705	1871	1783	
793	1519	1901	1705	1587	1372	1293	1078	901	774	637	558	548	225	0	245	499	539	823	852	1087	1342	1234	1323	1342	1636	1538	1773	1558	1744	1675	
960	1715	2116	1930	1822	1617	1538	1332	1156	1019	891	784	686	392	245	0	254	382	646	754	989	1264	1215	1342	1391	1685	1626	1881	1695	1901	1852	
1117	1881	2303	2136	2048	1852	1783	1577	1401	1283	1146	1038	931	656	499	254	0	284	450	656	872	1146	1176	1323	1411	1705	1685	1950	1803	2018	1989	
911	1675	2116	1979	1911	1734	1695	1509	1342	1244	1136	1097	1058	744	539	382	284	0	284	382	607	882	891	1038	1127	1421	1411	1685	1548	1783	1773	
1117	1842	2303	2185	2146	1979	1960	1783	1626	1528	1430	1381	1342	1029	823	646	450	284	0	313	460	715	842	1019	1146	1421	1460	1734	1656	1901	1911	
891	1577	2048	1950	1930	1793	1803	1646	1499	1430	1362	1372	1401	1078	852	754	656	382	313	0	235	499	539	705	833	1107	1146	1421	1352	1597	1626	
1019	1636	2116	2048	2048	1930	1960	1813	1685	1626	1568	1597	1636	1313	1087	989	872	607	460	235	0	264	421	597	764	999	1097	1372	1342	1597	1656	
1176	1685	2165	2126	2165	2067	2116	1999	1881	1842	1793	1842	1901	1568	1342	1264	1146	882	715	499	264	0	372	529	715	891	1038	1293	1332	1587	1675	
862	1313	1793	1764	1803	1734	1793	1695	1597	1587	1568	1656	1764	1450	1234	1215	1176	891	842	539	421	372	0	176	343	578	676	950	960	1215	1293	
842	1195	1666	1656	1715	1666	1754	1666	1587	1597	1587	1705	1842	1538	1323	1342	1323	1038	1019	705	597	529	176	0	186	401	509	774	803	1058	1156	
754	1019	1479	1489	1558	1519	1617	1558	1499	1509	1528	1666	1832	1538	1342	1391	1411	1127	1146	833	764	715	343	186	0	294	333	607	617	872	970	
989	1048	1479	1528	1646	1646	1773	1744	1705	1744	1773	1930	2116	1832	1636	1685	1705	1421	1421	1107	999	891	578	401	294	0	254	421	578	803	950	
823	793	1225	1274	1381	1401	1538	1509	1489	1548	1587	1764	1979	1715	1538	1626	1685	1411	1460	1146	1097	1038	676	509	333	254	0	274	333	568	695	
