M: 8
N: 30
Nun_Veiculos: 11
Capacidade_Total: 610
Demanda_Total: 500
Setup_Min: 1
Setup_Max: 99
Raio: 100
Circulos: 1
Tempo_Processamento_Min: 1
Tempo_Processamento_Max: 49
Demanda_Min: 10
Demanda_Max: 30
Priority_Factor: 0.2
Range_Factor_R: 0.8
U_factor: 2
ALpha: 0.2Replicao: 3
Tempos_Processamentos
0	0	1	0	2	0	3	0	4	0	5	0	6	0	7	0	
0	43	1	8	2	32	3	36	4	40	5	3	6	14	7	12	
0	5	1	44	2	23	3	21	4	34	5	11	6	27	7	4	
0	10	1	13	2	46	3	12	4	20	5	11	6	11	7	11	
0	5	1	43	2	38	3	1	4	32	5	35	6	45	7	13	
0	30	1	11	2	28	3	4	4	33	5	42	6	1	7	15	
0	27	1	20	2	39	3	1	4	6	5	39	6	14	7	7	
0	35	1	49	2	48	3	6	4	35	5	16	6	16	7	34	
0	30	1	4	2	28	3	12	4	30	5	45	6	12	7	26	
0	16	1	45	2	22	3	26	4	20	5	41	6	26	7	32	
0	32	1	28	2	34	3	49	4	40	5	30	6	43	7	24	
0	46	1	10	2	34	3	49	4	3	5	1	6	23	7	1	
0	22	1	33	2	47	3	39	4	21	5	49	6	40	7	12	
0	34	1	35	2	38	3	24	4	28	5	1	6	3	7	13	
0	30	1	29	2	43	3	15	4	28	5	47	6	48	7	24	
0	29	1	5	2	18	3	43	4	32	5	21	6	28	7	29	
0	39	1	15	2	13	3	44	4	27	5	3	6	32	7	6	
0	36	1	15	2	25	3	30	4	45	5	26	6	15	7	3	
0	31	1	33	2	2	3	32	4	35	5	15	6	40	7	27	
0	18	1	10	2	38	3	39	4	27	5	4	6	31	7	39	
0	1	1	47	2	37	3	38	4	29	5	40	6	13	7	49	
0	23	1	1	2	16	3	4	4	5	5	24	6	49	7	14	
0	7	1	44	2	41	3	49	4	37	5	37	6	2	7	20	
0	27	1	32	2	29	3	37	4	19	5	6	6	25	7	32	
0	12	1	4	2	5	3	11	4	42	5	24	6	9	7	49	
0	44	1	5	2	17	3	30	4	44	5	10	6	17	7	4	
0	34	1	49	2	23	3	39	4	15	5	45	6	33	7	4	
0	40	1	2	2	1	3	46	4	36	5	23	6	19	7	46	
0	21	1	4	2	14	3	11	4	6	5	8	6	32	7	45	
0	3	1	18	2	43	3	34	4	30	5	20	6	33	7	5	
0	29	1	45	2	39	3	42	4	3	5	46	6	15	7	33	

Tempos_setup
M0
0	0	0	0	0	0	0	0	0	0	0	0	0	0	0	0	0	0	0	0	0	0	0	0	0	0	0	0	0	0	0	
0	0	17	2	9	17	16	10	14	8	13	13	15	12	14	13	16	13	12	3	15	22	11	9	21	5	8	16	11	11	16	
0	18	0	16	10	8	16	11	21	12	19	1	14	11	25	10	7	6	11	17	12	15	9	8	14	15	10	9	8	13	11	
0	12	29	0	10	15	20	10	20	6	18	11	13	13	12	11	14	11	10	1	13	20	9	7	19	3	6	14	9	9	14	
0	14	31	8	0	23	18	7	17	8	15	9	10	3	20	12	11	12	7	9	14	17	6	4	16	5	8	19	17	9	16	
0	12	29	8	5	0	13	11	13	13	11	14	15	8	20	3	16	8	5	9	5	7	11	9	6	10	3	1	1	8	12	
0	22	39	19	11	23	0	13	24	17	22	20	17	14	20	5	21	15	17	20	7	18	16	14	17	16	17	24	24	10	22	
0	11	28	13	6	21	13	0	12	5	10	15	5	9	25	9	8	5	4	14	11	13	3	1	12	10	13	13	22	14	9	
0	14	31	16	12	26	11	9	0	14	19	16	14	13	28	16	9	1	13	12	18	22	4	10	21	17	16	22	25	21	8	
0	30	47	32	28	28	27	25	16	0	26	32	30	29	39	22	25	17	28	28	18	20	20	25	34	27	23	29	29	27	24	
0	10	27	12	10	26	3	8	2	4	0	16	11	13	23	8	9	3	8	13	4	18	4	5	17	1	4	20	21	13	10	
0	17	34	17	9	28	15	10	20	11	18	0	13	10	24	15	6	14	10	18	17	20	9	7	19	14	9	22	26	12	19	
0	15	32	17	12	24	8	11	7	3	5	18	0	15	28	13	11	3	13	10	9	23	6	10	22	6	9	23	20	18	10	
0	11	28	13	6	22	15	4	14	5	12	15	7	0	24	9	8	9	4	14	11	14	3	1	13	11	14	16	22	12	13	
0	16	33	4	12	19	16	6	15	10	13	15	8	15	0	15	14	11	10	5	17	19	9	7	18	7	10	18	13	12	15	
0	17	34	14	6	29	16	8	19	12	17	15	12	9	17	0	16	10	12	15	2	21	11	9	20	11	14	21	21	5	17	
0	11	28	11	3	22	9	4	14	5	12	7	7	4	23	9	0	9	4	12	11	14	3	1	13	8	11	16	20	12	13	
0	13	30	15	11	25	10	8	20	13	18	15	13	12	27	15	8	0	12	11	17	21	3	9	20	16	15	21	24	20	7	
0	7	24	9	2	24	20	9	19	10	17	11	12	5	21	5	13	14	0	10	7	18	8	6	17	7	10	12	18	10	18	
0	23	40	22	17	14	26	21	25	17	23	26	24	20	20	17	25	20	19	0	19	19	20	18	18	14	15	13	15	21	26	
0	15	32	17	10	32	14	12	23	10	21	19	16	13	21	4	20	14	16	18	0	25	15	13	24	15	18	25	25	9	21	
0	15	32	16	10	8	18	8	18	9	16	16	11	13	28	11	9	8	8	17	13	0	7	5	14	15	3	9	9	16	15	
0	16	33	16	8	27	14	9	19	10	17	12	12	9	28	14	5	14	9	17	16	19	0	6	18	13	16	21	25	17	18	
0	10	27	12	5	21	14	3	13	4	11	14	6	8	24	8	7	8	3	13	10	13	2	0	12	10	13	15	21	13	12	
0	15	32	13	11	9	8	9	7	9	5	17	12	14	25	12	10	8	9	14	9	1	8	6	0	6	4	10	10	17	15	
0	9	26	11	9	25	18	7	17	3	15	18	10	12	23	12	11	8	7	12	14	17	6	4	16	0	3	19	20	17	15	
0	18	35	19	15	30	15	13	25	18	23	20	18	17	26	9	13	5	17	16	11	26	8	14	25	20	0	26	28	14	12	
0	11	28	12	4	14	13	11	12	12	10	13	14	7	24	11	15	7	11	13	13	6	10	8	5	9	2	0	15	13	14	
0	11	28	13	6	28	17	10	21	14	19	15	14	9	19	2	17	12	4	14	4	22	12	10	21	11	12	16	0	7	11	
0	14	31	9	1	24	16	3	15	8	13	10	8	4	12	12	11	8	7	10	14	16	6	4	15	6	9	16	18	0	12	
0	12	29	14	7	22	6	1	13	6	11	16	6	10	26	10	9	1	5	12	12	14	4	2	13	11	8	14	23	15	0	
M1
0	0	0	0	0	0	0	0	0	0	0	0	0	0	0	0	0	0	0	0	0	0	0	0	0	0	0	0	0	0	0	
0	0	23	18	20	9	14	10	14	20	17	11	13	11	14	13	23	30	19	22	15	23	12	5	18	24	16	19	13	20	13	
0	10	0	21	15	16	21	19	21	10	16	10	15	18	13	20	18	32	9	8	14	20	14	15	17	19	15	18	12	19	11	
0	15	12	0	2	5	10	8	9	11	9	7	11	13	10	15	19	15	11	16	11	21	8	14	9	6	12	14	9	12	9	
0	13	10	12	0	3	8	6	7	9	7	5	9	11	8	13	17	26	9	15	9	19	6	12	7	4	10	12	7	10	7	
0	10	14	11	11	0	5	3	5	11	8	2	7	12	5	12	14	24	10	13	6	17	3	9	9	15	7	12	4	13	4	
0	17	19	11	13	16	0	19	10	20	11	18	12	15	14	17	28	26	13	18	15	12	15	18	18	16	15	17	13	18	16	
0	15	20	8	10	11	16	0	16	16	17	13	18	17	6	17	25	23	19	22	11	26	7	14	14	14	8	18	9	19	8	
0	7	9	14	15	16	21	14	0	10	14	10	2	12	4	11	18	19	16	8	5	20	5	8	8	19	5	12	3	10	6	
0	13	15	16	5	6	11	9	11	0	11	5	5	15	7	15	20	22	13	12	9	10	8	12	12	9	8	8	7	9	7	
0	9	13	5	3	6	11	9	10	12	0	8	12	4	11	6	20	20	2	18	10	16	9	13	10	7	13	6	10	7	10	
0	8	19	11	9	12	17	13	16	9	6	0	14	10	3	10	23	26	8	15	4	19	4	7	7	13	5	10	2	11	5	
0	13	26	14	16	19	24	18	23	14	14	8	0	12	4	15	21	17	16	18	9	24	5	12	12	20	3	18	7	19	6	
0	22	16	23	25	28	18	27	28	23	23	17	9	0	13	24	30	26	25	24	18	12	14	21	21	28	12	21	16	19	15	
0	9	22	10	12	15	20	14	19	10	14	15	15	11	0	11	20	23	16	16	5	20	1	8	8	16	2	18	3	19	2	
0	3	22	11	12	12	17	3	17	7	18	12	12	14	8	0	23	26	13	13	9	17	5	8	5	16	10	15	7	16	6	
0	5	7	9	7	10	15	7	14	16	4	10	16	8	13	10	0	24	6	15	14	16	13	10	14	1	15	10	12	11	14	
0	11	13	1	3	6	11	9	10	3	9	3	8	11	6	13	11	0	3	1	7	13	7	10	10	7	8	11	5	12	4	
0	15	26	29	30	23	28	21	19	25	27	21	19	15	23	18	37	36	0	27	8	27	23	11	23	32	22	25	22	26	24	
0	10	17	13	7	8	13	11	13	2	8	2	7	10	5	12	10	24	10	0	6	12	6	9	9	11	7	10	4	11	3	
0	13	23	21	22	15	20	13	20	17	23	17	11	7	15	10	29	28	22	23	0	19	15	3	15	24	14	17	17	18	16	
0	17	13	22	21	17	15	20	22	18	19	14	23	20	12	19	18	35	21	21	13	0	9	16	16	16	14	9	11	7	10	
0	8	24	13	14	15	20	13	20	9	13	14	14	11	3	10	23	26	15	15	4	19	0	7	7	18	5	17	2	18	1	
0	11	22	19	20	20	24	11	25	15	22	16	8	6	12	8	29	25	21	20	17	18	13	0	13	21	11	14	15	15	14	
0	15	17	18	7	8	13	11	13	2	13	7	7	17	9	17	18	24	15	8	11	12	10	14	0	11	10	10	9	11	9	
0	12	6	8	6	9	14	6	13	15	3	9	15	7	12	9	23	23	5	14	13	15	12	16	13	0	14	9	11	10	13	
0	23	25	22	18	19	24	22	24	13	22	18	18	9	19	26	18	21	24	19	20	21	20	23	11	19	0	21	18	22	17	
0	15	13	15	13	11	16	13	16	16	10	7	18	14	10	16	20	28	12	21	11	22	11	14	14	7	7	0	9	1	12	
0	6	22	11	12	13	18	11	18	7	11	12	12	9	1	8	21	24	13	13	2	17	2	5	5	16	3	15	0	16	3	
0	15	15	17	15	10	15	13	15	16	12	7	17	16	10	17	22	30	14	22	11	24	11	14	14	9	9	2	9	0	12	
0	7	23	12	13	14	19	12	19	8	12	13	13	10	2	9	22	25	14	14	3	18	3	6	6	17	4	16	1	17	0	
M2
0	0	0	0	0	0	0	0	0	0	0	0	0	0	0	0	0	0	0	0	0	0	0	0	0	0	0	0	0	0	0	
0	0	12	8	1	5	12	14	3	18	13	12	13	22	9	14	13	12	2	20	11	6	5	8	12	13	15	21	12	13	10	
0	12	0	11	4	9	15	17	6	19	8	7	22	21	4	13	10	11	5	22	10	9	8	7	3	16	14	16	11	16	13	
0	10	14	0	11	15	15	11	12	13	16	21	23	21	18	20	21	5	11	25	18	7	14	18	14	10	21	24	18	12	15	
0	8	12	7	0	10	11	13	2	19	12	18	18	21	16	14	18	12	1	19	16	5	4	13	15	12	15	20	12	12	9	
0	10	14	9	11	0	11	14	9	15	13	21	23	21	18	9	8	7	12	18	6	9	9	3	7	15	10	21	7	12	15	
0	12	7	7	11	12	0	8	13	12	12	14	17	10	11	9	17	12	12	14	11	14	15	14	10	7	10	18	7	1	4	
0	11	6	7	10	6	6	0	12	12	5	13	19	10	10	9	14	12	11	14	7	14	14	9	8	7	10	13	7	1	4	
0	6	10	5	7	8	11	14	0	18	10	16	19	21	14	15	16	10	8	20	14	3	2	11	13	13	16	18	13	12	10	
0	15	13	14	16	5	16	19	12	0	18	13	28	26	10	14	13	12	12	23	11	14	14	8	12	18	15	26	12	17	15	
0	6	1	10	5	1	8	11	7	16	0	8	14	18	5	6	9	8	6	19	7	10	9	4	4	15	7	8	4	9	12	
0	8	12	7	9	8	13	16	2	20	11	0	16	23	16	17	16	12	10	22	14	5	4	11	15	15	18	19	15	14	12	
0	11	14	9	4	1	11	12	6	5	13	17	0	21	14	9	9	7	5	18	6	9	8	3	7	11	10	21	7	12	13	
0	8	3	9	7	3	9	11	4	2	2	10	16	0	7	8	11	10	3	21	9	7	6	6	6	16	9	10	6	10	13	
0	8	3	7	7	10	11	14	2	15	11	3	19	18	0	9	13	7	8	18	6	5	4	3	6	15	10	19	7	12	12	
0	3	11	11	4	3	13	15	6	18	10	15	16	23	12	0	11	10	5	21	9	9	8	6	10	14	1	14	10	14	11	
0	12	9	11	13	2	13	16	11	17	15	16	22	23	13	11	0	9	14	12	8	11	7	5	9	17	12	16	9	14	15	
0	5	9	2	6	10	10	9	7	8	14	16	18	19	13	18	18	0	6	23	16	2	9	13	12	8	19	22	16	10	13	
0	7	11	6	8	9	12	15	1	18	11	17	17	22	15	16	17	11	0	19	15	4	3	12	14	14	17	19	14	13	11	
0	8	8	9	9	7	7	10	11	14	7	10	10	12	12	5	15	10	10	0	13	10	4	10	11	9	6	4	3	3	6	
0	13	8	17	12	8	15	18	14	23	7	15	21	24	12	13	8	15	13	12	0	17	11	11	1	21	14	15	11	15	18	
0	3	7	11	4	8	8	16	6	20	15	14	16	18	11	17	16	15	5	22	14	0	8	11	10	15	18	23	15	9	12	
0	16	15	11	17	6	10	12	14	21	17	15	27	20	12	13	14	13	18	18	12	15	0	9	13	11	14	22	11	11	8	
0	9	11	6	10	8	8	11	6	12	10	18	22	18	15	6	11	4	10	15	3	6	8	0	4	12	7	18	4	9	12	
0	19	16	17	20	9	20	23	18	24	22	23	29	29	20	18	7	16	21	19	15	18	14	12	0	24	19	23	16	21	22	
0	12	7	8	11	7	7	1	13	13	6	14	20	11	11	10	11	13	12	15	8	15	15	10	4	0	11	14	8	2	5	
0	12	16	11	13	2	13	16	11	17	15	19	19	23	20	11	10	9	14	20	8	11	11	5	9	17	0	13	9	14	17	
0	9	4	12	8	3	11	11	8	11	3	6	6	21	8	9	11	10	9	21	9	6	10	6	7	17	10	0	7	12	15	
0	5	11	9	6	5	4	7	8	15	12	17	18	14	14	2	13	7	7	18	11	9	10	8	12	11	3	16	0	5	8	
0	11	6	6	10	11	5	7	12	11	11	13	22	9	10	8	16	11	11	13	14	13	14	13	9	6	9	17	6	0	3	
0	8	9	3	9	8	2	4	11	14	9	15	19	12	12	5	14	8	10	10	11	10	13	11	7	3	6	14	3	3	0	
M3
0	0	0	0	0	0	0	0	0	0	0	0	0	0	0	0	0	0	0	0	0	0	0	0	0	0	0	0	0	0	0	
0	0	22	19	16	18	15	16	14	8	21	18	12	10	12	18	17	21	20	17	15	17	20	14	15	10	19	29	21	14	24	
0	17	0	30	16	18	19	16	18	8	23	17	23	10	12	13	17	26	20	17	15	12	20	18	15	21	20	29	21	21	24	
0	11	8	0	9	8	9	5	11	13	2	16	11	6	10	12	6	16	6	7	4	14	19	11	1	9	15	17	6	8	10	
0	12	11	27	0	7	3	8	2	18	21	7	15	15	1	3	1	12	9	6	7	6	10	8	12	13	6	18	11	13	14	
0	7	18	26	15	0	15	15	17	15	28	15	17	17	16	11	16	8	16	13	14	10	18	16	22	17	21	19	19	21	12	
0	15	17	27	17	17	0	18	11	23	21	7	18	25	18	20	18	25	15	16	17	23	27	20	10	16	6	21	28	28	14	
0	22	19	23	18	19	11	0	12	10	25	17	7	12	14	13	19	25	17	18	17	12	22	9	12	5	17	28	23	17	21	
0	16	18	28	18	18	1	19	0	24	22	8	19	26	19	21	14	23	16	17	18	24	28	21	11	17	7	22	20	22	15	
0	17	14	22	8	10	11	8	10	0	15	10	15	2	4	10	9	18	12	9	7	9	12	15	7	13	14	21	13	13	16	
0	18	15	25	7	14	10	3	9	13	0	14	9	15	8	10	4	15	13	13	2	12	17	9	15	7	13	16	18	19	19	
0	28	20	20	16	23	19	24	18	28	22	0	31	26	17	19	17	28	25	22	23	22	23	24	21	29	22	27	24	26	28	
0	19	21	16	21	20	4	21	7	22	18	10	0	18	22	6	14	25	19	20	20	5	23	2	14	10	10	25	20	22	18	
0	15	12	22	17	12	9	13	8	14	13	16	13	0	18	19	17	19	10	11	12	18	13	15	5	11	15	21	14	11	14	
0	13	10	30	11	6	7	7	12	17	28	10	14	18	0	6	12	14	8	5	6	5	21	11	11	12	13	17	20	14	18	
0	19	24	24	20	24	7	24	10	25	26	4	15	21	21	0	17	28	22	23	24	8	26	5	17	13	11	24	23	25	18	
0	14	11	33	16	11	12	12	18	19	33	19	17	20	17	19	0	11	9	10	11	21	26	19	12	15	18	22	26	27	15	
0	5	16	24	7	14	10	10	9	13	26	14	9	15	8	10	8	0	14	13	14	13	17	11	19	15	13	11	18	18	4	
0	9	2	24	7	2	3	3	9	10	24	10	8	11	8	10	8	10	0	1	2	12	17	10	8	6	9	16	17	18	14	
0	8	5	25	6	1	2	2	8	12	23	9	9	14	7	9	7	9	3	0	1	11	16	11	11	7	8	15	17	19	13	
0	17	15	24	5	12	8	1	7	11	26	12	8	13	6	8	6	17	13	11	0	11	15	10	13	6	11	14	16	18	19	
0	20	25	25	21	25	8	25	7	22	26	5	16	13	20	1	18	25	23	24	25	0	26	6	18	14	12	25	15	17	19	
0	10	5	27	10	5	4	6	3	8	18	11	11	5	6	12	11	11	3	4	5	11	0	13	9	9	10	19	1	3	14	
0	17	19	26	19	19	2	20	5	20	23	8	10	16	20	4	12	23	17	18	19	3	21	0	12	8	8	23	18	20	16	
0	10	7	29	12	7	8	8	14	15	29	15	13	16	13	15	13	15	5	6	7	17	22	15	0	11	14	16	22	23	9	
0	21	17	18	21	17	6	18	7	24	20	12	2	20	22	8	15	20	15	16	17	7	25	4	14	0	12	27	22	12	20	
0	9	21	28	11	18	14	14	13	17	15	18	13	19	12	14	12	23	20	17	17	17	21	15	16	19	0	15	22	23	8	
0	18	6	14	20	20	3	9	2	14	16	10	15	16	18	19	16	20	18	19	18	18	26	17	13	14	9	0	14	12	17	
0	14	15	29	15	11	12	12	17	7	22	15	17	9	5	11	16	10	13	10	11	10	19	16	8	17	13	20	0	2	13	
0	12	24	31	13	20	16	17	15	20	26	20	16	22	14	16	14	8	22	19	20	19	22	18	25	22	11	18	23	0	11	
0	1	13	20	3	10	6	6	5	9	22	10	5	11	4	6	4	15	12	9	10	9	13	7	15	11	9	7	14	15	0	
M4
0	0	0	0	0	0	0	0	0	0	0	0	0	0	0	0	0	0	0	0	0	0	0	0	0	0	0	0	0	0	0	
0	0	17	12	12	20	12	16	1	16	23	16	11	4	14	16	14	7	16	13	20	24	14	19	21	8	22	10	8	17	11	
0	22	0	16	22	25	14	8	15	9	18	8	16	24	19	13	20	14	21	5	18	20	19	12	19	13	28	15	15	11	16	
0	22	10	0	23	28	17	18	12	9	28	8	16	26	19	21	23	24	24	15	9	30	19	16	23	13	24	18	22	11	19	
0	15	15	16	0	21	10	16	16	14	21	16	9	19	12	14	13	18	17	13	22	28	12	19	19	6	21	11	15	19	12	
0	38	30	24	29	0	33	28	36	29	38	28	27	16	35	37	27	19	31	25	4	40	35	31	38	29	34	25	20	29	26	
0	13	8	9	8	11	0	6	13	7	16	6	14	15	10	19	6	8	7	3	15	18	13	10	17	11	16	1	5	9	2	
0	24	17	8	15	22	19	0	20	16	10	15	18	26	21	23	13	6	21	12	17	24	21	19	21	15	21	15	7	13	16	
0	26	26	24	11	32	21	27	0	25	32	27	20	27	23	25	24	27	28	24	25	23	23	30	22	17	32	22	26	30	23	
0	14	1	15	17	20	9	9	15	0	19	9	8	18	11	13	15	15	16	6	16	21	11	13	18	5	20	10	14	12	11	
0	20	11	9	5	12	15	13	17	10	0	9	14	16	17	19	3	4	19	10	15	14	17	17	24	11	19	13	5	12	14	
0	14	2	15	17	20	9	10	8	1	20	0	8	18	11	13	15	16	16	7	17	22	11	8	15	5	20	10	14	3	11	
0	20	17	17	11	18	13	19	21	16	12	15	0	23	23	25	9	16	15	16	21	25	21	18	25	17	12	9	13	18	10	
0	22	14	8	13	19	17	12	20	13	22	12	16	0	19	21	11	3	15	9	16	24	19	16	23	13	18	9	4	13	10	
0	3	10	4	15	11	9	13	4	9	23	8	14	7	0	19	15	8	7	10	10	25	13	7	7	11	16	1	5	11	2	
0	26	17	11	15	15	16	14	7	16	24	15	20	19	23	0	20	12	11	14	19	29	17	14	21	17	20	5	9	18	6	
0	17	8	16	2	9	12	11	14	7	21	6	11	21	14	16	0	17	19	13	12	17	14	14	21	8	23	13	17	9	14	
0	21	11	5	10	17	15	9	17	10	19	9	15	23	18	20	8	0	15	6	13	21	18	13	20	12	15	9	1	10	10	
0	28	17	7	20	15	16	17	19	16	27	15	23	8	26	25	18	11	0	14	12	29	17	14	21	20	20	5	9	18	6	
0	17	5	11	17	20	9	3	11	4	13	3	11	19	14	16	15	9	16	0	17	15	14	7	14	8	23	10	10	6	11	
0	42	30	38	37	36	29	35	36	29	45	28	36	39	39	41	35	37	36	32	0	47	39	27	34	33	45	30	34	31	31	
0	26	8	24	27	30	19	16	23	17	26	16	24	30	27	21	25	22	24	13	8	0	27	20	27	21	18	20	23	19	21	
0	21	9	13	21	24	13	7	15	8	17	7	15	23	18	20	19	12	20	4	19	19	0	11	18	12	27	14	9	10	15	
0	15	3	11	10	13	2	8	9	2	18	1	9	12	12	14	8	10	9	5	10	20	12	0	7	6	18	3	7	4	4	
0	25	17	13	18	24	21	15	23	16	25	15	21	5	24	26	16	8	20	12	3	27	24	19	0	18	23	14	9	18	15	
0	9	9	10	12	15	4	10	10	8	15	10	3	13	6	8	10	12	11	7	16	22	6	13	13	0	15	5	9	13	6	
0	8	9	10	9	12	1	7	9	8	17	7	15	12	11	20	7	9	6	4	16	13	14	11	18	12	0	2	6	10	3	
0	23	12	8	17	10	11	12	18	11	22	10	18	14	21	20	15	7	6	9	14	24	12	9	16	15	15	0	4	13	1	
0	20	14	4	13	18	15	12	16	13	22	12	14	22	17	19	11	3	14	9	12	24	17	16	23	11	18	8	0	9	9	
0	11	11	12	14	17	6	12	12	10	17	9	5	15	8	10	12	14	13	9	18	24	8	8	15	2	17	7	11	0	8	
0	23	13	7	16	9	17	11	19	12	21	11	17	25	20	22	14	6	17	8	13	23	11	15	22	14	21	11	3	12	0	
M5
0	0	0	0	0	0	0	0	0	0	0	0	0	0	0	0	0	0	0	0	0	0	0	0	0	0	0	0	0	0	0	
0	0	19	16	13	17	20	19	18	17	19	15	28	18	28	20	13	19	8	16	21	14	16	16	11	18	25	12	23	33	22	
0	21	0	14	8	7	9	12	16	3	14	20	20	23	14	12	10	13	16	13	7	11	13	11	16	15	20	17	15	24	13	
0	14	27	0	26	15	18	28	23	23	21	24	20	23	31	10	20	21	22	21	24	19	30	18	20	23	27	26	25	32	6	
0	15	8	16	0	15	17	12	13	11	11	15	21	15	17	9	2	6	8	14	10	16	5	8	11	16	17	9	18	31	21	
0	15	12	7	14	0	3	16	13	8	11	19	15	24	18	11	8	6	20	6	11	4	16	8	15	8	15	20	10	20	7	
0	12	21	18	14	14	0	13	11	21	9	18	12	21	15	8	8	16	17	16	8	18	18	6	14	18	15	19	7	17	4	
0	17	13	14	10	20	18	0	11	15	19	8	26	19	21	19	6	14	6	18	14	24	15	16	4	20	25	13	21	26	20	
0	29	24	26	16	31	19	12	0	27	27	20	31	31	33	25	18	22	18	30	26	32	21	24	16	32	33	25	26	36	21	
0	18	13	19	6	20	6	18	13	0	12	21	18	21	21	9	8	12	14	20	14	22	11	12	17	22	21	15	13	21	10	
0	20	13	24	21	20	22	24	20	16	0	32	26	20	26	14	23	26	28	26	19	24	10	23	28	28	29	14	27	36	18	
0	21	5	18	13	12	14	4	15	8	12	0	23	23	19	17	10	18	10	18	12	16	18	16	8	20	25	17	18	29	18	
0	17	14	9	16	2	5	9	13	10	11	17	0	13	11	13	10	8	13	8	4	6	18	8	13	10	17	7	12	22	9	
0	8	23	24	20	25	28	10	20	25	27	18	36	0	15	26	16	24	16	24	24	22	24	24	14	26	33	20	31	36	29	
0	22	11	25	17	18	20	11	5	14	19	7	28	30	0	23	17	17	17	24	18	22	22	19	15	24	28	24	25	26	14	
0	24	21	10	23	22	23	23	22	17	28	19	20	30	28	0	17	25	29	15	21	13	25	25	15	17	24	24	22	22	16	
0	21	14	22	6	21	19	10	15	13	13	13	21	21	15	15	0	8	14	12	8	22	11	10	9	14	19	15	16	31	23	
0	24	17	17	10	21	23	14	7	17	5	17	19	24	19	18	4	0	18	16	12	25	14	2	13	18	11	18	20	35	23	
0	11	12	8	11	19	12	11	10	9	18	7	20	18	20	18	5	13	0	17	13	23	16	15	3	19	24	12	15	25	14	
0	13	18	15	14	21	14	11	15	8	13	13	19	20	13	17	11	19	15	0	6	25	17	10	9	2	19	18	14	26	15	
0	20	18	17	12	15	18	5	9	18	7	13	13	24	7	20	6	14	9	18	0	19	16	4	9	20	13	18	8	23	21	
0	15	8	17	10	15	10	13	15	4	15	15	14	22	15	13	4	12	17	2	8	0	12	12	11	4	11	16	9	25	14	
0	10	3	14	11	10	12	15	10	6	17	23	16	10	17	4	13	16	18	16	10	14	0	14	19	18	23	4	18	26	16	
0	22	15	15	8	19	21	12	5	15	3	15	17	22	17	16	2	10	16	14	10	23	12	0	11	16	9	16	18	33	21	
0	23	9	19	8	16	18	8	7	12	15	4	23	15	17	17	2	10	14	14	10	20	13	12	0	16	21	9	18	22	22	
0	21	16	21	15	19	22	9	13	19	11	11	17	18	11	24	9	17	13	21	4	23	20	8	7	0	17	16	12	27	13	
0	13	6	6	14	10	13	16	4	9	19	24	8	13	18	7	16	16	21	16	12	14	3	16	20	18	0	7	20	29	12	
0	14	23	10	24	11	14	16	20	19	19	24	16	6	21	20	18	17	22	17	20	15	23	16	20	19	20	0	21	31	16	
0	21	14	14	13	7	10	6	10	15	8	11	5	18	8	15	7	13	10	13	1	11	11	5	7	15	14	12	0	24	14	
0	14	9	20	13	16	2	8	13	7	11	4	14	23	17	10	9	8	13	18	10	20	18	8	12	16	17	21	9	0	6	
0	8	23	23	21	16	19	22	21	24	25	18	14	17	25	27	16	21	16	22	18	20	24	22	14	24	31	20	26	36	0	
M6
0	0	0	0	0	0	0	0	0	0	0	0	0	0	0	0	0	0	0	0	0	0	0	0	0	0	0	0	0	0	0	
0	0	10	3	19	15	17	13	14	7	27	14	6	22	18	12	24	15	9	7	10	16	18	15	8	11	8	13	11	17	16	
0	23	0	14	9	13	19	3	13	10	28	12	6	21	20	15	24	12	11	11	8	18	17	11	10	13	12	4	7	21	6	
0	18	7	0	16	12	14	10	11	4	24	11	3	19	15	9	21	12	14	4	7	13	15	12	5	8	5	11	8	14	13	
0	20	13	13	0	20	20	16	24	10	20	24	16	14	21	15	27	25	2	17	20	19	18	24	18	14	11	17	20	27	19	
0	17	26	20	14	0	27	29	29	23	19	31	23	15	23	28	26	32	16	24	8	25	25	30	23	27	25	30	26	34	26	
0	26	11	11	14	12	0	14	20	15	16	11	3	24	16	16	7	12	16	15	18	15	20	5	14	10	9	15	11	25	11	
0	21	11	11	20	22	17	0	15	7	28	22	14	23	18	12	24	9	17	8	5	16	19	16	9	11	9	15	12	18	17	
0	22	9	5	18	17	9	5	0	9	25	16	8	8	10	14	16	8	19	9	10	8	4	1	10	3	7	12	11	19	15	
0	14	14	13	23	20	10	15	15	0	26	19	13	16	11	5	17	20	10	12	20	9	15	15	13	4	13	13	12	22	20	
0	28	11	11	14	22	20	14	22	15	0	22	14	16	21	20	7	23	16	15	18	19	12	22	16	14	9	15	12	25	11	
0	15	14	14	11	1	12	9	9	15	20	0	15	16	16	15	19	1	13	17	9	14	13	10	3	9	14	18	6	27	20	
0	23	17	16	19	9	13	17	17	15	28	8	0	22	14	13	20	9	18	15	17	12	18	18	11	7	16	21	14	25	20	
0	22	15	15	14	22	18	15	23	8	33	26	18	0	19	13	25	24	16	19	20	17	10	23	20	12	13	18	12	29	11	
0	15	3	9	12	15	11	6	16	1	26	15	9	8	0	6	18	15	11	13	11	2	4	10	13	5	7	7	5	19	9	
0	29	11	16	18	15	23	14	17	17	21	14	10	25	24	0	28	15	5	20	19	22	21	18	14	17	14	8	16	30	15	
0	21	4	4	7	15	14	7	15	8	26	15	7	21	15	13	0	16	9	8	11	13	18	15	9	8	2	8	5	18	4	
0	14	24	17	15	17	24	20	22	14	35	16	20	29	25	19	31	0	17	21	24	23	26	23	19	18	22	27	22	31	27	
0	29	11	11	20	23	21	14	22	15	18	22	14	20	22	15	25	23	0	15	18	20	16	22	16	15	9	15	18	25	17	
0	20	3	3	12	14	13	6	7	7	20	14	6	15	14	12	19	15	14	0	10	12	11	8	1	7	1	7	4	10	9	
0	34	24	21	31	17	19	27	28	25	35	30	22	32	35	30	26	30	33	21	0	33	32	24	22	28	22	28	25	31	30	
0	17	5	11	14	13	13	6	18	3	24	17	11	10	2	8	20	15	13	14	11	0	6	12	15	7	9	9	3	21	11	
0	21	5	5	14	17	8	8	13	9	24	16	8	4	9	14	15	17	16	9	12	7	0	13	10	2	3	8	10	19	11	
0	26	11	20	17	24	22	14	21	12	37	23	17	19	11	17	29	23	19	22	19	13	15	0	15	16	18	15	16	24	17	
0	19	15	11	24	13	12	6	6	13	24	22	14	14	13	18	18	14	23	14	11	11	10	7	0	6	13	18	3	24	21	
0	19	10	9	19	18	6	11	11	8	22	17	9	15	7	13	13	18	18	8	16	5	11	11	9	0	9	14	8	18	16	
0	20	2	2	11	14	12	5	13	6	26	13	5	21	13	11	19	14	13	6	9	11	17	13	7	6	0	6	9	16	8	
0	23	18	14	10	9	15	11	9	17	28	8	2	17	16	15	21	9	12	17	16	14	13	10	6	9	16	0	8	27	7	
0	16	14	14	23	10	20	3	18	10	21	25	17	17	21	15	17	12	20	11	8	19	13	19	12	14	12	18	0	21	20	
0	17	17	16	18	23	13	18	18	3	29	22	16	19	14	8	16	23	13	15	18	12	16	18	16	7	16	16	15	0	15	
0	17	15	15	3	11	21	4	16	11	22	26	18	17	20	15	18	13	5	12	9	20	14	17	13	15	13	19	1	22	0	
M7
0	0	0	0	0	0	0	0	0	0	0	0	0	0	0	0	0	0	0	0	0	0	0	0	0	0	0	0	0	0	0	
0	0	19	8	12	19	11	15	8	14	14	13	9	5	16	10	6	21	4	10	12	13	7	7	10	3	14	16	5	7	16	
0	15	0	15	4	14	6	10	9	17	9	18	13	11	20	17	13	23	11	14	19	15	14	13	14	10	16	19	12	14	17	
0	14	25	0	14	12	14	8	15	10	17	5	9	14	8	17	12	21	13	10	8	13	14	3	17	12	14	10	11	13	16	
0	20	22	17	0	22	24	18	5	16	14	15	15	7	25	24	17	22	18	14	18	23	21	9	10	17	20	15	16	18	22	
0	8	18	16	12	0	10	4	16	3	10	6	9	13	14	16	12	17	12	2	9	9	15	15	14	11	10	11	12	14	16	
0	9	11	9	2	8	0	4	7	11	3	12	7	6	14	11	7	17	5	8	13	9	8	8	11	4	10	15	6	8	11	
0	12	17	13	8	4	6	0	13	7	9	10	13	12	10	12	12	13	11	6	13	5	14	14	17	10	6	15	12	14	14	
0	21	17	12	21	18	20	14	0	17	9	13	16	19	20	22	13	17	25	9	16	19	19	15	5	24	15	10	12	14	23	
0	7	23	15	19	18	18	14	15	0	21	13	8	12	19	17	10	22	11	9	16	17	14	14	17	10	20	18	9	11	15	
0	12	8	20	12	17	12	13	17	15	0	12	7	10	16	20	4	21	16	8	15	11	19	12	20	15	19	14	3	5	14	
0	15	20	11	11	7	9	3	16	10	12	0	10	13	10	15	7	16	13	9	3	8	16	14	12	13	9	5	6	8	17	
0	5	21	13	13	10	12	6	13	13	13	5	0	9	11	13	3	14	9	1	8	11	12	9	13	8	12	10	10	12	7	
0	13	29	17	21	18	20	14	17	9	21	13	8	0	19	19	11	21	13	9	16	19	16	2	19	12	20	18	18	20	15	
0	8	21	16	12	16	10	12	7	18	13	11	14	9	0	9	13	24	12	7	14	17	6	11	12	11	18	12	13	15	21	
0	4	23	12	15	18	13	14	12	18	16	13	13	9	20	0	9	25	8	9	16	17	11	11	14	7	18	18	9	11	20	
0	19	32	23	27	24	26	20	23	15	24	19	14	6	25	25	0	27	19	15	22	25	22	8	20	18	26	24	24	26	21	
0	15	26	1	15	13	15	9	16	11	18	6	10	15	9	18	13	0	14	11	9	14	15	4	15	13	15	11	12	14	17	
0	14	29	4	18	16	18	12	18	10	21	9	9	1	12	20	10	22	0	10	12	17	17	3	20	13	18	14	15	17	12	
0	12	20	15	13	9	11	5	18	12	14	4	7	16	14	17	10	18	16	0	7	10	19	16	12	15	11	9	10	12	14	
0	12	17	8	8	14	6	10	13	17	9	13	13	12	16	17	12	23	11	14	0	15	14	11	17	10	16	18	12	14	17	
0	10	12	10	3	9	1	5	8	12	4	13	8	7	5	12	8	18	6	9	14	0	9	9	12	5	11	16	7	9	12	
0	2	15	10	6	12	4	8	1	12	7	14	11	3	18	3	7	18	6	10	14	13	0	5	6	5	12	11	7	9	15	
0	11	27	15	19	16	18	12	15	7	19	11	6	12	17	17	9	20	11	7	14	17	14	0	17	10	18	16	16	18	13	
0	16	12	7	16	13	15	9	15	16	4	8	11	14	15	17	8	12	20	4	11	14	14	10	0	19	15	13	7	9	18	
0	5	19	5	9	16	8	12	5	11	11	10	10	2	13	7	11	18	1	11	9	17	4	4	7	0	11	15	10	12	13	
0	16	29	7	20	19	18	15	15	17	21	12	16	17	15	17	19	7	20	17	15	20	14	10	20	19	0	17	18	20	23	
0	14	19	14	16	14	14	10	21	7	11	7	12	15	17	22	9	19	18	11	10	13	21	17	7	17	16	0	8	10	19	
0	9	20	17	11	14	9	10	14	16	12	9	4	7	13	17	1	18	13	5	12	8	16	9	17	12	16	11	0	2	11	
0	7	23	15	15	12	14	8	15	15	15	7	2	11	13	15	5	16	11	3	10	13	14	11	15	10	14	9	12	0	9	
0	11	24	9	6	18	13	14	10	9	16	13	8	12	17	12	11	20	13	9	16	19	9	2	15	12	13	18	15	17	0	
Tamanho_Tarefas
0	19	16	11	18	18	16	6	20	22	30	4	23	4	19	21	18	23	9	21	19	16	16	22	16	18	22	7	14	13	19	
Data_Entrega
0	150	155	148	152	150	155	153	150	149	152	150	154	154	149	150	154	149	151	148	154	150	152	154	148	151	148	150	149	151	154	
Penalidade_Atraso
0	3	16	17	19	11	18	16	11	13	16	12	3	1	9	6	18	10	4	10	18	17	6	19	12	10	1	3	11	20	6	
Capacidade_Veiculo
70	71	41	83	36	64	52	76	32	35	50	
Custo_Fixo_Veiculo
700	710	410	830	360	640	520	760	320	350	500	
Coordenadas_Clientes
x	0	y	0
x	88	y	0
x	104	y	22
x	105	y	47
x	100	y	72
x	73	y	81
x	57	y	100
x	34	y	106
x	11	y	110
x	-9	y	86
x	-33	y	103
x	-39	y	68
x	-79	y	88
x	-67	y	48
x	-70	y	31
x	-121	y	25
x	-101	y	0
x	-115	y	-24
x	-78	y	-34
x	-71	y	-51
x	-69	y	-77
x	-49	y	-86
x	-32	y	-100
x	-12	y	-119
x	8	y	-80
x	36	y	-113
x	55	y	-96
x	73	y	-81
x	84	y	-61
x	108	y	-48
x	118	y	-25
Tempo_Viagem
0	88	106	115	123	109	115	111	110	86	108	78	118	82	76	123	101	117	85	87	103	98	104	119	80	118	110	109	103	118	120	
88	0	27	49	72	82	104	118	134	129	158	144	188	162	161	210	189	204	169	166	174	161	156	155	113	124	101	82	61	52	39	
106	27	0	25	50	66	90	109	128	129	158	150	194	172	174	225	206	223	190	189	199	187	182	182	140	151	127	107	85	70	49	
115	49	25	0	25	46	70	92	113	120	148	145	188	172	175	226	211	231	200	201	213	203	200	202	159	173	150	131	110	95	73	
123	72	50	25	0	28	51	74	96	109	136	139	179	168	174	225	213	235	207	210	225	217	216	220	177	195	173	154	133	120	98	
109	82	66	46	28	0	24	46	68	82	108	112	152	143	151	201	191	215	189	195	212	206	209	216	173	197	177	162	142	133	115	
115	104	90	70	51	24	0	23	46	67	90	101	136	134	144	192	186	212	190	197	217	213	218	229	186	214	196	181	163	156	139	
111	118	109	92	74	46	23	0	23	47	67	81	114	115	128	173	171	197	179	188	209	209	215	229	187	219	203	191	174	170	155	
110	134	128	113	96	68	46	23	0	31	44	65	92	99	113	157	156	183	169	180	203	204	214	229	190	224	210	200	185	185	172	
86	129	129	120	109	82	67	47	31	0	29	34	70	68	82	126	125	152	138	150	173	176	187	205	166	204	192	186	173	177	168	
108	158	158	148	136	108	90	67	44	29	0	35	48	64	80	117	122	149	144	158	183	189	203	222	187	226	217	212	201	206	197	
78	144	150	145	139	112	101	81	65	34	35	0	44	34	48	92	91	118	109	123	148	154	168	188	155	195	188	186	178	187	182	
118	188	194	188	179	152	136	114	92	70	48	44	0	41	57	75	90	117	122	139	165	175	193	216	189	231	227	227	220	231	226	
82	162	172	172	168	143	134	115	99	68	64	34	41	0	17	58	58	85	82	99	125	135	152	175	148	191	188	190	185	199	198	
76	161	174	175	174	151	144	128	113	82	80	48	57	17	0	51	43	70	65	82	108	118	136	160	135	178	178	181	179	194	196	
123	210	225	226	225	201	192	173	157	126	117	92	75	58	51	0	32	49	73	90	114	131	152	179	166	209	213	221	222	240	243	
101	189	206	211	213	191	186	171	156	125	122	91	90	58	43	32	0	27	41	59	83	100	121	148	135	177	183	191	194	214	220	
117	204	223	231	235	215	212	197	183	152	149	118	117	85	70	49	27	0	38	51	70	90	112	139	135	174	184	196	202	224	233	
85	169	190	200	207	189	190	179	169	138	144	109	122	82	65	73	41	38	0	18	43	59	80	107	97	138	146	158	164	186	196	
87	166	189	201	210	195	197	188	180	150	158	123	139	99	82	90	59	51	18	0	26	41	62	89	84	123	133	147	155	179	190	
103	174	199	213	225	212	217	209	203	173	183	148	165	125	108	114	83	70	43	26	0	21	43	70	77	110	125	142	153	179	194	
98	161	187	203	217	206	213	209	204	176	189	154	175	135	118	131	100	90	59	41	21	0	22	49	57	89	104	122	135	161	177	
104	156	182	200	216	209	218	215	214	187	203	168	193	152	136	152	121	112	80	62	43	22	0	27	44	69	87	106	122	148	166	
119	155	182	202	220	216	229	229	229	205	222	188	216	175	160	179	148	139	107	89	70	49	27	0	43	48	70	93	112	139	160	
80	113	140	159	177	173	186	187	190	166	187	155	189	148	135	166	135	135	97	84	77	57	44	43	0	43	49	65	78	104	122	
118	124	151	173	195	197	214	219	224	204	226	195	231	191	178	209	177	174	138	123	110	89	69	48	43	0	25	48	70	96	119	
110	101	127	150	173	177	196	203	210	192	217	188	227	188	178	213	183	184	146	133	125	104	87	70	49	25	0	23	45	71	94	
109	82	107	131	154	162	181	191	200	186	212	186	227	190	181	221	191	196	158	147	142	122	106	93	65	48	23	0	22	48	71	
103	61	85	110	133	142	163	174	185	173	201	178	220	185	179	222	194	202	164	155	153	135	122	112	78	70	45	22	0	27	49	
118	52	70	95	120	133	156	170	185	177	206	187	231	199	194	240	214	224	186	179	179	161	148	139	104	96	71	48	27	0	25	
120	39	49	73	98	115	139	155	172	168	197	182	226	198	196	243	220	233	196	190	194	177	166	160	122	119	94	71	49	25	0	
Custo_Viagem
V0
0	1232	1484	1610	1722	1526	1610	1554	1540	1204	1512	1092	1652	1148	1064	1722	1414	1638	1190	1218	1442	1372	1456	1666	1120	1652	1540	1526	1442	1652	1680	
1232	0	378	686	1008	1148	1456	1652	1876	1806	2212	2016	2632	2268	2254	2940	2646	2856	2366	2324	2436	2254	2184	2170	1582	1736	1414	1148	854	728	546	
1484	378	0	350	700	924	1274	1526	1792	1806	2226	2100	2716	2408	2436	3150	2884	3122	2660	2646	2786	2618	2548	2548	1960	2114	1778	1498	1190	980	686	
1610	686	350	0	350	644	994	1288	1582	1680	2072	2030	2632	2408	2450	3178	2954	3234	2800	2814	2982	2842	2800	2842	2226	2436	2114	1834	1540	1330	1022	
1722	1008	700	350	0	392	714	1036	1344	1526	1904	1946	2506	2352	2436	3150	2982	3290	2898	2940	3150	3038	3024	3094	2478	2730	2422	2170	1862	1680	1372	
1526	1148	924	644	392	0	336	644	952	1148	1512	1568	2128	2002	2114	2814	2674	3010	2646	2730	2968	2884	2926	3038	2422	2758	2478	2268	1988	1862	1610	
1610	1456	1274	994	714	336	0	322	658	938	1260	1414	1904	1876	2016	2702	2604	2968	2660	2758	3038	2996	3052	3206	2604	2996	2744	2534	2282	2184	1946	
1554	1652	1526	1288	1036	644	322	0	322	658	938	1148	1596	1624	1792	2436	2394	2758	2506	2632	2926	2926	3024	3206	2618	3066	2842	2674	2436	2380	2170	
1540	1876	1792	1582	1344	952	658	322	0	434	616	910	1288	1386	1582	2198	2184	2562	2366	2520	2842	2856	2996	3220	2660	3136	2940	2800	2590	2590	2408	
1204	1806	1806	1680	1526	1148	938	658	434	0	406	476	980	966	1148	1778	1750	2128	1932	2100	2422	2464	2618	2870	2324	2856	2688	2604	2422	2478	2352	
1512	2212	2226	2072	1904	1512	1260	938	616	406	0	490	672	896	1120	1638	1722	2114	2016	2212	2562	2646	2842	3108	2618	3164	3038	2968	2814	2884	2758	
1092	2016	2100	2030	1946	1568	1414	1148	910	476	490	0	616	476	672	1288	1288	1666	1526	1722	2072	2156	2352	2632	2170	2730	2646	2604	2492	2618	2548	
1652	2632	2716	2632	2506	2128	1904	1596	1288	980	672	616	0	574	798	1050	1260	1638	1708	1946	2310	2464	2702	3038	2646	3234	3178	3178	3080	3234	3178	
1148	2268	2408	2408	2352	2002	1876	1624	1386	966	896	476	574	0	238	812	812	1204	1148	1386	1750	1890	2128	2450	2072	2674	2632	2660	2604	2786	2772	
1064	2254	2436	2450	2436	2114	2016	1792	1582	1148	1120	672	798	238	0	714	602	994	910	1148	1512	1652	1904	2240	1890	2492	2492	2534	2506	2716	2744	
1722	2940	3150	3178	3150	2814	2702	2436	2198	1778	1638	1288	1050	812	714	0	448	686	1022	1260	1596	1848	2142	2520	2324	2926	2982	3094	3108	3360	3416	
1414	2646	2884	2954	2982	2674	2604	2394	2184	1750	1722	1288	1260	812	602	448	0	378	574	826	1162	1400	1694	2072	1890	2478	2562	2674	2716	2996	3080	
1638	2856	3122	3234	3290	3010	2968	2758	2562	2128	2114	1666	1638	1204	994	686	378	0	532	714	980	1260	1568	1960	1890	2450	2576	2744	2828	3136	3262	
1190	2366	2660	2800	2898	2646	2660	2506	2366	1932	2016	1526	1708	1148	910	1022	574	532	0	252	602	826	1120	1498	1358	1932	2044	2212	2296	2604	2744	
1218	2324	2646	2814	2940	2730	2758	2632	2520	2100	2212	1722	1946	1386	1148	1260	826	714	252	0	364	574	868	1260	1176	1722	1862	2058	2170	2506	2660	
1442	2436	2786	2982	3150	2968	3038	2926	2842	2422	2562	2072	2310	1750	1512	1596	1162	980	602	364	0	294	602	980	1078	1554	1750	1988	2142	2506	2716	
1372	2254	2618	2842	3038	2884	2996	2926	2856	2464	2646	2156	2464	1890	1652	1848	1400	1260	826	574	294	0	308	686	798	1246	1456	1708	1890	2254	2478	
1456	2184	2548	2800	3024	2926	3052	3024	2996	2618	2842	2352	2702	2128	1904	2142	1694	1568	1120	868	602	308	0	378	616	966	1218	1484	1708	2086	2338	
1666	2170	2548	2842	3094	3038	3206	3206	3220	2870	3108	2632	3038	2450	2240	2520	2072	1960	1498	1260	980	686	378	0	602	672	980	1302	1568	1946	2240	
1120	1582	1960	2226	2478	2422	2604	2618	2660	2324	2618	2170	2646	2072	1890	2324	1890	1890	1358	1176	1078	798	616	602	0	602	686	910	1092	1456	1708	
1652	1736	2114	2436	2730	2758	2996	3066	3136	2856	3164	2730	3234	2674	2492	2926	2478	2450	1932	1722	1554	1246	966	672	602	0	350	672	980	1358	1680	
1540	1414	1778	2114	2422	2478	2744	2842	2940	2688	3038	2646	3178	2632	2492	2982	2562	2576	2044	1862	1750	1456	1218	980	686	350	0	322	630	994	1316	
1526	1148	1498	1834	2170	2268	2534	2674	2800	2604	2968	2604	3178	2660	2534	3094	2674	2744	2212	2058	1988	1708	1484	1302	910	672	322	0	308	672	994	
1442	854	1190	1540	1862	1988	2282	2436	2590	2422	2814	2492	3080	2604	2506	3108	2716	2828	2296	2170	2142	1890	1708	1568	1092	980	630	308	0	378	686	
1652	728	980	1330	1680	1862	2184	2380	2590	2478	2884	2618	3234	2786	2716	3360	2996	3136	2604	2506	2506	2254	2086	1946	1456	1358	994	672	378	0	350	
1680	546	686	1022	1372	1610	1946	2170	2408	2352	2758	2548	3178	2772	2744	3416	3080	3262	2744	2660	2716	2478	2338	2240	1708	1680	1316	994	686	350	0	
V1
0	1249	1505	1633	1746	1547	1633	1576	1562	1221	1533	1107	1675	1164	1079	1746	1434	1661	1207	1235	1462	1391	1476	1689	1136	1675	1562	1547	1462	1675	1704	
1249	0	383	695	1022	1164	1476	1675	1902	1831	2243	2044	2669	2300	2286	2982	2683	2896	2399	2357	2470	2286	2215	2201	1604	1760	1434	1164	866	738	553	
1505	383	0	355	710	937	1292	1547	1817	1831	2257	2130	2754	2442	2470	3195	2925	3166	2698	2683	2825	2655	2584	2584	1988	2144	1803	1519	1207	994	695	
1633	695	355	0	355	653	1008	1306	1604	1704	2101	2059	2669	2442	2485	3223	2996	3280	2840	2854	3024	2882	2840	2882	2257	2470	2144	1860	1562	1349	1036	
1746	1022	710	355	0	397	724	1050	1363	1547	1931	1973	2541	2385	2470	3195	3024	3337	2939	2982	3195	3081	3067	3138	2513	2769	2456	2201	1888	1704	1391	
1547	1164	937	653	397	0	340	653	965	1164	1533	1590	2158	2030	2144	2854	2712	3053	2683	2769	3010	2925	2967	3081	2456	2797	2513	2300	2016	1888	1633	
1633	1476	1292	1008	724	340	0	326	667	951	1278	1434	1931	1902	2044	2740	2641	3010	2698	2797	3081	3038	3095	3251	2641	3038	2783	2570	2314	2215	1973	
1576	1675	1547	1306	1050	653	326	0	326	667	951	1164	1618	1647	1817	2470	2428	2797	2541	2669	2967	2967	3067	3251	2655	3109	2882	2712	2470	2414	2201	
1562	1902	1817	1604	1363	965	667	326	0	440	624	923	1306	1405	1604	2229	2215	2598	2399	2556	2882	2896	3038	3266	2698	3180	2982	2840	2627	2627	2442	
1221	1831	1831	1704	1547	1164	951	667	440	0	411	482	994	979	1164	1803	1775	2158	1959	2130	2456	2499	2655	2911	2357	2896	2726	2641	2456	2513	2385	
1533	2243	2257	2101	1931	1533	1278	951	624	411	0	497	681	908	1136	1661	1746	2144	2044	2243	2598	2683	2882	3152	2655	3209	3081	3010	2854	2925	2797	
1107	2044	2130	2059	1973	1590	1434	1164	923	482	497	0	624	482	681	1306	1306	1689	1547	1746	2101	2186	2385	2669	2201	2769	2683	2641	2527	2655	2584	
1675	2669	2754	2669	2541	2158	1931	1618	1306	994	681	624	0	582	809	1065	1278	1661	1732	1973	2343	2499	2740	3081	2683	3280	3223	3223	3124	3280	3223	
1164	2300	2442	2442	2385	2030	1902	1647	1405	979	908	482	582	0	241	823	823	1221	1164	1405	1775	1917	2158	2485	2101	2712	2669	2698	2641	2825	2811	
1079	2286	2470	2485	2470	2144	2044	1817	1604	1164	1136	681	809	241	0	724	610	1008	923	1164	1533	1675	1931	2272	1917	2527	2527	2570	2541	2754	2783	
1746	2982	3195	3223	3195	2854	2740	2470	2229	1803	1661	1306	1065	823	724	0	454	695	1036	1278	1618	1874	2172	2556	2357	2967	3024	3138	3152	3408	3464	
1434	2683	2925	2996	3024	2712	2641	2428	2215	1775	1746	1306	1278	823	610	454	0	383	582	837	1178	1420	1718	2101	1917	2513	2598	2712	2754	3038	3124	
1661	2896	3166	3280	3337	3053	3010	2797	2598	2158	2144	1689	1661	1221	1008	695	383	0	539	724	994	1278	1590	1988	1917	2485	2612	2783	2868	3180	3308	
1207	2399	2698	2840	2939	2683	2698	2541	2399	1959	2044	1547	1732	1164	923	1036	582	539	0	255	610	837	1136	1519	1377	1959	2073	2243	2328	2641	2783	
1235	2357	2683	2854	2982	2769	2797	2669	2556	2130	2243	1746	1973	1405	1164	1278	837	724	255	0	369	582	880	1278	1192	1746	1888	2087	2201	2541	2698	
1462	2470	2825	3024	3195	3010	3081	2967	2882	2456	2598	2101	2343	1775	1533	1618	1178	994	610	369	0	298	610	994	1093	1576	1775	2016	2172	2541	2754	
1391	2286	2655	2882	3081	2925	3038	2967	2896	2499	2683	2186	2499	1917	1675	1874	1420	1278	837	582	298	0	312	695	809	1263	1476	1732	1917	2286	2513	
1476	2215	2584	2840	3067	2967	3095	3067	3038	2655	2882	2385	2740	2158	1931	2172	1718	1590	1136	880	610	312	0	383	624	979	1235	1505	1732	2115	2371	
1689	2201	2584	2882	3138	3081	3251	3251	3266	2911	3152	2669	3081	2485	2272	2556	2101	1988	1519	1278	994	695	383	0	610	681	994	1320	1590	1973	2272	
1136	1604	1988	2257	2513	2456	2641	2655	2698	2357	2655	2201	2683	2101	1917	2357	1917	1917	1377	1192	1093	809	624	610	0	610	695	923	1107	1476	1732	
1675	1760	2144	2470	2769	2797	3038	3109	3180	2896	3209	2769	3280	2712	2527	2967	2513	2485	1959	1746	1576	1263	979	681	610	0	355	681	994	1377	1704	
1562	1434	1803	2144	2456	2513	2783	2882	2982	2726	3081	2683	3223	2669	2527	3024	2598	2612	2073	1888	1775	1476	1235	994	695	355	0	326	639	1008	1334	
1547	1164	1519	1860	2201	2300	2570	2712	2840	2641	3010	2641	3223	2698	2570	3138	2712	2783	2243	2087	2016	1732	1505	1320	923	681	326	0	312	681	1008	
1462	866	1207	1562	1888	2016	2314	2470	2627	2456	2854	2527	3124	2641	2541	3152	2754	2868	2328	2201	2172	1917	1732	1590	1107	994	639	312	0	383	695	
1675	738	994	1349	1704	1888	2215	2414	2627	2513	2925	2655	3280	2825	2754	3408	3038	3180	2641	2541	2541	2286	2115	1973	1476	1377	1008	681	383	0	355	
1704	553	695	1036	1391	1633	1973	2201	2442	2385	2797	2584	3223	2811	2783	3464	3124	3308	2783	2698	2754	2513	2371	2272	1732	1704	1334	1008	695	355	0	
V2
0	721	869	943	1008	893	943	910	902	705	885	639	967	672	623	1008	828	959	697	713	844	803	852	975	656	967	902	893	844	967	984	
721	0	221	401	590	672	852	967	1098	1057	1295	1180	1541	1328	1320	1722	1549	1672	1385	1361	1426	1320	1279	1271	926	1016	828	672	500	426	319	
869	221	0	205	410	541	746	893	1049	1057	1303	1230	1590	1410	1426	1845	1689	1828	1558	1549	1631	1533	1492	1492	1148	1238	1041	877	697	574	401	
943	401	205	0	205	377	582	754	926	984	1213	1189	1541	1410	1435	1861	1730	1894	1640	1648	1746	1664	1640	1664	1303	1426	1238	1074	902	779	598	
1008	590	410	205	0	229	418	606	787	893	1115	1139	1467	1377	1426	1845	1746	1927	1697	1722	1845	1779	1771	1812	1451	1599	1418	1271	1090	984	803	
893	672	541	377	229	0	196	377	557	672	885	918	1246	1172	1238	1648	1566	1763	1549	1599	1738	1689	1713	1779	1418	1615	1451	1328	1164	1090	943	
943	852	746	582	418	196	0	188	385	549	738	828	1115	1098	1180	1582	1525	1738	1558	1615	1779	1754	1787	1877	1525	1754	1607	1484	1336	1279	1139	
910	967	893	754	606	377	188	0	188	385	549	672	934	951	1049	1426	1402	1615	1467	1541	1713	1713	1771	1877	1533	1795	1664	1566	1426	1394	1271	
902	1098	1049	926	787	557	385	188	0	254	360	533	754	811	926	1287	1279	1500	1385	1476	1664	1672	1754	1886	1558	1836	1722	1640	1517	1517	1410	
705	1057	1057	984	893	672	549	385	254	0	237	278	574	565	672	1041	1025	1246	1131	1230	1418	1443	1533	1681	1361	1672	1574	1525	1418	1451	1377	
885	1295	1303	1213	1115	885	738	549	360	237	0	287	393	524	656	959	1008	1238	1180	1295	1500	1549	1664	1820	1533	1853	1779	1738	1648	1689	1615	
639	1180	1230	1189	1139	918	828	672	533	278	287	0	360	278	393	754	754	975	893	1008	1213	1262	1377	1541	1271	1599	1549	1525	1459	1533	1492	
967	1541	1590	1541	1467	1246	1115	934	754	574	393	360	0	336	467	615	738	959	1000	1139	1353	1443	1582	1779	1549	1894	1861	1861	1804	1894	1861	
672	1328	1410	1410	1377	1172	1098	951	811	565	524	278	336	0	139	475	475	705	672	811	1025	1107	1246	1435	1213	1566	1541	1558	1525	1631	1623	
623	1320	1426	1435	1426	1238	1180	1049	926	672	656	393	467	139	0	418	352	582	533	672	885	967	1115	1312	1107	1459	1459	1484	1467	1590	1607	
1008	1722	1845	1861	1845	1648	1582	1426	1287	1041	959	754	615	475	418	0	262	401	598	738	934	1082	1254	1476	1361	1713	1746	1812	1820	1968	2000	
828	1549	1689	1730	1746	1566	1525	1402	1279	1025	1008	754	738	475	352	262	0	221	336	483	680	820	992	1213	1107	1451	1500	1566	1590	1754	1804	
959	1672	1828	1894	1927	1763	1738	1615	1500	1246	1238	975	959	705	582	401	221	0	311	418	574	738	918	1148	1107	1435	1508	1607	1656	1836	1910	
697	1385	1558	1640	1697	1549	1558	1467	1385	1131	1180	893	1000	672	533	598	336	311	0	147	352	483	656	877	795	1131	1197	1295	1344	1525	1607	
713	1361	1549	1648	1722	1599	1615	1541	1476	1230	1295	1008	1139	811	672	738	483	418	147	0	213	336	508	738	688	1008	1090	1205	1271	1467	1558	
844	1426	1631	1746	1845	1738	1779	1713	1664	1418	1500	1213	1353	1025	885	934	680	574	352	213	0	172	352	574	631	910	1025	1164	1254	1467	1590	
803	1320	1533	1664	1779	1689	1754	1713	1672	1443	1549	1262	1443	1107	967	1082	820	738	483	336	172	0	180	401	467	729	852	1000	1107	1320	1451	
852	1279	1492	1640	1771	1713	1787	1771	1754	1533	1664	1377	1582	1246	1115	1254	992	918	656	508	352	180	0	221	360	565	713	869	1000	1221	1369	
975	1271	1492	1664	1812	1779	1877	1877	1886	1681	1820	1541	1779	1435	1312	1476	1213	1148	877	738	574	401	221	0	352	393	574	762	918	1139	1312	
656	926	1148	1303	1451	1418	1525	1533	1558	1361	1533	1271	1549	1213	1107	1361	1107	1107	795	688	631	467	360	352	0	352	401	533	639	852	1000	
967	1016	1238	1426	1599	1615	1754	1795	1836	1672	1853	1599	1894	1566	1459	1713	1451	1435	1131	1008	910	729	565	393	352	0	205	393	574	795	984	
902	828	1041	1238	1418	1451	1607	1664	1722	1574	1779	1549	1861	1541	1459	1746	1500	1508	1197	1090	1025	852	713	574	401	205	0	188	369	582	770	
893	672	877	1074	1271	1328	1484	1566	1640	1525	1738	1525	1861	1558	1484	1812	1566	1607	1295	1205	1164	1000	869	762	533	393	188	0	180	393	582	
