M: 4
N: 50
Nun_Veiculos: 24
Capacidade_Total: 1712
Demanda_Total: 849
Setup_Min: 1
Setup_Max: 9
Raio: 100
Circulos: 1
Tempo_Processamento_Min: 1
Tempo_Processamento_Max: 49
Demanda_Min: 10
Demanda_Max: 30
Priority_Factor: 0.2
Range_Factor_R: 0.8
U_factor: 2
ALpha: 0.2Replicao: 0
Tempos_Processamentos
0	0	1	0	2	0	3	0	
0	6	1	33	2	11	3	26	
0	10	1	21	2	34	3	11	
0	21	1	39	2	46	3	7	
0	5	1	17	2	30	3	24	
0	30	1	21	2	37	3	22	
0	12	1	35	2	8	3	39	
0	48	1	26	2	12	3	42	
0	2	1	36	2	20	3	12	
0	29	1	13	2	2	3	13	
0	10	1	10	2	16	3	24	
0	14	1	35	2	23	3	12	
0	15	1	28	2	44	3	6	
0	41	1	18	2	1	3	1	
0	41	1	8	2	37	3	1	
0	1	1	45	2	3	3	10	
0	49	1	4	2	21	3	31	
0	46	1	47	2	11	3	25	
0	30	1	29	2	32	3	3	
0	46	1	45	2	13	3	9	
0	43	1	13	2	33	3	44	
0	7	1	40	2	21	3	43	
0	23	1	32	2	18	3	42	
0	8	1	28	2	31	3	1	
0	24	1	46	2	33	3	7	
0	20	1	8	2	2	3	17	
0	33	1	16	2	41	3	21	
0	36	1	41	2	5	3	2	
0	38	1	35	2	45	3	27	
0	20	1	46	2	49	3	15	
0	25	1	15	2	17	3	17	
0	14	1	34	2	44	3	14	
0	35	1	47	2	12	3	5	
0	44	1	23	2	24	3	46	
0	32	1	4	2	21	3	31	
0	16	1	35	2	46	3	39	
0	49	1	17	2	18	3	8	
0	17	1	10	2	19	3	28	
0	15	1	1	2	40	3	27	
0	37	1	37	2	15	3	29	
0	30	1	4	2	45	3	19	
0	40	1	13	2	26	3	7	
0	44	1	8	2	16	3	43	
0	31	1	17	2	34	3	35	
0	35	1	36	2	34	3	36	
0	7	1	12	2	11	3	22	
0	19	1	12	2	42	3	35	
0	48	1	27	2	14	3	32	
0	45	1	21	2	48	3	15	
0	27	1	31	2	38	3	21	
0	43	1	3	2	39	3	6	

Tempos_setup
M0
0	0	0	0	0	0	0	0	0	0	0	0	0	0	0	0	0	0	0	0	0	0	0	0	0	0	0	0	0	0	0	0	0	0	0	0	0	0	0	0	0	0	0	0	0	0	0	0	0	0	0	
0	0	3	1	3	2	3	2	2	3	2	3	3	2	3	2	3	2	3	2	3	3	2	3	2	3	3	3	2	2	2	2	3	3	3	3	3	3	1	3	4	4	3	4	2	2	3	3	3	3	3	
0	3	0	2	2	2	2	3	2	2	1	3	2	2	3	3	2	2	2	1	1	3	2	3	2	1	2	1	3	2	3	2	2	1	2	3	2	3	2	2	3	2	2	2	3	1	2	3	2	3	3	
0	2	2	0	3	3	3	2	2	2	2	2	2	2	2	1	3	1	2	2	2	3	3	2	1	3	3	2	2	2	3	1	2	2	3	4	3	3	3	2	4	3	2	3	1	3	2	3	2	3	2	
0	3	3	2	0	3	3	2	2	2	3	3	2	2	2	1	2	2	2	1	3	3	3	3	3	3	1	3	3	2	2	3	2	1	2	1	3	3	3	3	4	3	2	3	2	2	2	3	2	2	3	
0	3	3	2	2	0	3	4	1	2	3	3	3	2	3	2	2	2	3	2	3	3	3	3	2	1	3	3	3	2	2	2	3	3	4	3	2	3	2	3	3	4	3	3	3	2	4	2	3	2	3	
0	3	3	1	3	3	0	3	3	3	3	3	3	3	1	2	2	2	3	2	2	2	3	3	2	3	3	3	2	2	2	2	1	3	2	1	3	2	2	2	3	3	2	2	2	2	3	3	3	2	2	
0	1	4	2	1	2	3	0	2	3	3	3	3	3	1	2	2	3	2	2	2	2	3	3	3	2	1	3	2	3	3	2	1	2	3	2	3	2	2	2	2	3	2	3	2	3	3	3	3	2	2	
0	2	2	3	2	2	3	3	0	2	3	2	2	3	2	2	2	1	2	3	2	2	2	2	2	3	3	3	3	3	1	2	2	3	3	2	1	2	3	2	3	3	3	2	2	2	3	1	2	1	3	
0	3	3	2	3	2	2	2	3	0	3	2	2	3	3	2	3	3	2	2	2	3	2	1	3	2	3	3	3	1	2	2	2	1	3	2	2	2	3	2	4	3	1	3	2	2	2	1	2	3	2	
0	2	2	2	2	3	2	2	2	1	0	3	2	3	2	2	2	2	2	3	1	3	2	2	3	2	2	3	2	2	3	2	2	2	1	3	1	2	2	2	2	2	1	2	2	3	3	2	2	3	3	
0	2	2	3	2	3	2	2	2	2	2	0	1	2	2	2	2	1	1	2	2	3	3	3	2	1	3	3	3	2	2	2	3	3	2	2	3	3	2	2	3	3	3	2	1	2	2	3	2	3	2	
0	1	3	2	3	3	3	3	3	2	1	3	0	3	3	3	2	3	2	3	1	2	2	3	3	3	3	3	2	3	1	2	3	2	2	2	2	2	2	3	3	2	2	3	3	3	3	3	2	4	3	
0	3	3	3	3	2	3	3	3	1	3	3	3	0	3	3	3	2	3	3	3	4	3	2	3	3	3	2	1	2	3	2	3	2	2	3	3	3	2	3	3	2	2	3	3	3	3	2	3	4	3	
0	3	3	2	2	3	3	3	3	2	3	2	3	3	0	2	2	2	2	1	1	1	2	2	2	2	3	3	1	3	2	1	1	2	2	3	3	2	2	2	3	2	2	3	2	2	3	3	2	1	2	
0	3	3	2	3	2	3	3	3	2	3	3	2	1	1	0	2	2	2	1	2	2	3	3	2	3	3	3	2	1	3	2	1	1	3	3	3	2	3	2	3	3	2	3	3	2	2	3	2	2	2	
0	3	4	2	3	3	1	2	2	2	3	2	2	2	2	3	0	3	3	2	3	1	2	3	3	2	1	3	2	2	3	3	2	2	3	2	2	3	3	3	2	3	3	1	2	2	3	2	3	3	3	
0	3	1	3	3	3	3	2	3	1	2	2	3	2	1	2	3	0	1	2	1	2	2	2	3	2	3	2	2	2	3	2	2	2	3	3	2	3	2	1	3	2	2	2	2	2	2	2	1	2	3	
0	3	2	3	3	3	2	2	3	2	1	1	2	2	2	1	2	2	0	2	2	3	2	3	3	2	2	3	2	2	3	3	2	2	2	2	2	2	2	3	2	2	2	1	2	3	3	2	1	3	2	
0	3	2	3	4	2	2	3	3	1	2	2	2	3	2	2	2	1	1	0	2	3	3	2	2	3	3	2	2	2	3	3	2	2	2	3	3	3	3	2	3	2	2	2	3	1	3	2	2	3	3	
0	2	3	2	3	3	3	2	2	1	2	2	2	2	3	2	3	3	1	2	0	3	3	2	2	3	2	2	2	2	3	1	2	1	3	3	3	3	3	2	2	1	2	2	3	3	2	2	2	3	2	
0	3	3	2	2	3	2	3	3	1	2	1	2	2	3	2	1	2	2	1	3	0	1	2	2	1	2	3	3	2	3	2	2	2	3	3	2	2	2	3	2	3	2	2	2	2	2	2	2	3	3	
0	3	3	2	1	3	1	3	3	2	3	1	2	2	2	1	2	2	2	2	2	1	0	3	3	2	2	4	2	2	3	3	2	2	3	2	3	3	2	3	3	3	3	3	2	3	3	3	2	3	2	
0	2	3	2	2	1	2	1	2	2	2	2	2	2	2	2	2	2	2	1	2	2	1	0	3	2	2	2	3	3	1	2	2	3	3	2	1	2	3	1	3	2	3	3	2	1	2	2	2	3	1	
0	3	2	3	3	2	2	2	1	2	1	3	3	2	3	2	2	2	3	3	2	3	2	3	0	2	2	1	3	3	2	2	3	2	2	3	2	3	2	1	3	2	1	2	2	2	3	2	1	2	3	
0	3	3	2	1	2	2	3	2	1	2	3	2	1	2	2	3	2	2	1	2	3	2	2	1	0	2	2	2	1	2	1	2	2	3	2	3	2	1	2	3	3	2	3	3	1	3	2	2	3	3	
0	2	3	3	2	3	4	1	1	3	3	2	2	3	2	3	3	2	2	3	3	3	3	3	2	3	0	3	3	3	2	3	2	2	4	3	2	3	2	3	3	2	3	3	1	3	2	2	3	2	2	
0	3	3	2	2	3	2	2	2	3	3	2	2	2	3	2	1	3	3	2	3	2	1	2	3	2	1	0	2	2	3	2	2	2	2	3	1	3	3	3	2	3	1	1	2	3	3	2	2	3	3	
0	2	2	2	3	2	2	2	2	1	3	3	3	3	2	2	2	3	2	2	3	3	2	1	2	2	2	3	0	2	2	2	3	2	1	3	2	3	1	2	4	3	1	3	2	2	3	2	2	3	2	
0	3	3	2	3	1	2	3	2	2	2	2	2	3	2	2	3	2	1	1	1	3	3	3	2	2	3	2	2	0	3	1	2	2	3	2	3	1	3	2	3	2	3	2	3	1	2	3	2	2	3	
0	1	3	2	2	3	2	3	3	2	2	2	3	3	2	2	1	2	1	2	1	1	1	3	3	2	2	2	2	2	0	2	2	2	2	1	2	1	2	2	3	2	2	2	3	2	2	3	2	3	3	
0	3	2	1	3	3	3	2	2	2	2	3	3	2	2	2	3	2	2	1	3	3	2	2	1	3	3	2	1	3	3	0	3	3	2	4	3	3	2	2	3	2	2	2	2	2	3	2	1	3	3	
0	2	3	1	3	2	2	2	3	3	2	3	3	2	2	1	3	2	2	2	2	3	3	3	2	2	3	3	2	2	3	1	0	2	3	3	2	3	3	1	2	2	1	3	2	3	2	3	2	3	1	
0	2	2	1	3	2	3	2	3	2	2	3	1	2	3	2	3	2	3	3	2	3	2	3	2	3	3	3	3	2	2	2	3	0	3	2	2	3	2	3	3	2	3	2	2	2	1	3	1	2	3	
0	1	3	1	3	3	2	2	1	2	2	2	2	3	1	2	1	2	1	2	2	2	3	2	2	3	1	2	1	2	2	2	2	3	0	3	2	2	2	3	3	3	2	2	1	2	2	2	2	2	2	
0	2	3	2	3	2	2	2	2	3	3	2	2	3	2	2	1	3	2	2	2	2	2	3	3	2	2	2	2	1	1	2	2	2	1	0	2	2	3	2	3	3	1	2	2	1	3	3	2	3	3	
0	2	3	2	1	3	3	3	3	3	2	2	1	3	3	2	3	2	3	2	2	3	2	4	3	2	2	3	3	2	2	2	1	2	3	2	0	3	3	2	3	3	2	3	3	3	3	4	3	3	2	
0	2	2	3	3	2	3	3	3	2	1	2	3	3	1	2	2	3	1	2	2	2	2	2	3	3	2	1	1	2	2	2	2	3	2	1	2	0	2	1	3	2	2	2	3	2	1	3	2	2	3	
0	2	3	3	3	1	2	3	2	2	3	3	2	2	3	3	2	2	2	1	2	2	2	2	3	2	3	2	3	1	1	2	2	3	3	2	3	2	0	2	3	3	3	3	3	1	2	2	3	3	2	
0	2	3	3	2	3	3	2	2	2	1	3	2	2	3	2	3	2	3	3	2	3	2	3	3	2	3	4	3	3	3	3	2	2	2	3	1	3	2	0	2	1	2	2	2	3	3	3	1	3	3	
0	1	3	2	2	2	2	2	1	2	3	3	2	2	3	2	2	2	3	2	3	2	2	2	3	2	3	2	1	2	2	2	2	2	2	3	2	3	2	2	0	2	1	1	2	1	3	2	2	2	3	
0	1	2	2	3	3	3	3	1	2	2	2	2	1	3	3	3	2	3	3	3	2	3	3	3	2	4	3	2	2	2	3	3	1	3	3	2	3	2	1	1	0	2	2	3	2	2	2	2	2	4	
0	2	2	2	2	3	1	1	3	2	2	3	2	2	2	1	3	3	3	2	3	3	2	3	2	1	2	3	2	2	2	1	2	1	3	2	3	3	2	3	3	2	0	2	2	2	2	3	1	3	3	
0	2	3	2	3	2	1	2	2	2	3	2	2	1	2	3	1	2	2	2	2	2	2	2	2	3	2	2	1	1	3	2	2	1	2	2	2	2	2	3	1	3	2	0	1	2	2	1	2	3	2	
0	2	2	3	2	2	3	1	2	2	2	1	1	3	2	2	3	1	2	3	2	3	3	3	1	2	2	2	3	2	2	2	2	3	3	3	2	3	3	2	3	3	2	2	0	3	1	3	2	2	1	
0	2	3	2	3	1	1	3	2	2	2	2	1	3	2	2	2	2	2	1	2	3	2	3	3	2	2	1	3	2	2	2	1	3	3	2	2	3	3	1	2	2	2	2	3	0	3	3	2	3	2	
0	1	1	2	2	1	3	3	2	1	2	3	2	2	3	2	2	3	2	2	2	3	3	2	2	2	3	2	3	1	3	2	2	2	3	3	1	2	2	3	4	3	2	3	3	2	0	2	2	1	2	
0	3	3	2	3	2	3	2	3	3	3	1	2	3	3	3	3	2	2	2	3	3	2	1	2	2	3	3	2	3	2	1	3	4	3	3	2	3	3	2	4	3	3	3	1	2	2	0	2	3	2	
0	2	3	3	2	2	2	1	2	2	3	2	2	1	2	1	2	2	2	2	3	2	1	3	2	2	2	3	2	2	2	2	2	2	3	3	3	2	1	2	2	1	3	1	1	2	2	2	0	3	2	
0	2	3	3	3	3	3	2	2	3	2	3	3	2	2	1	3	3	2	2	3	3	2	3	1	3	3	2	2	2	3	3	2	2	2	4	2	3	2	2	3	2	2	2	2	3	3	3	1	0	3	
0	1	2	2	3	1	3	2	2	2	2	2	3	2	2	1	3	3	1	2	1	3	2	3	2	2	3	3	2	2	3	1	2	2	3	3	2	3	2	3	3	2	3	2	2	3	1	3	1	2	0	
M1
0	0	0	0	0	0	0	0	0	0	0	0	0	0	0	0	0	0	0	0	0	0	0	0	0	0	0	0	0	0	0	0	0	0	0	0	0	0	0	0	0	0	0	0	0	0	0	0	0	0	0	
0	0	3	3	3	2	3	2	3	3	3	2	2	3	2	3	3	3	1	2	3	2	2	3	3	3	2	3	2	3	1	2	3	2	2	2	3	2	3	1	3	2	4	2	3	3	3	3	3	3	2	
0	3	0	3	3	2	2	2	3	3	2	2	3	2	1	2	2	3	3	3	3	2	2	2	2	3	3	2	2	1	2	2	3	2	2	3	2	3	3	2	3	2	3	2	3	2	3	1	2	1	3	
0	3	2	0	3	2	3	1	3	1	3	2	3	3	3	3	2	2	2	2	2	2	2	2	1	2	2	3	3	3	1	2	3	3	3	2	2	2	2	2	2	1	3	2	2	3	3	2	2	3	3	
0	3	2	1	0	2	3	2	2	2	4	2	1	3	3	3	3	2	3	3	2	2	3	3	1	3	3	2	2	3	2	3	3	3	3	3	3	2	2	2	1	2	4	3	2	4	2	2	2	2	1	
0	3	2	2	1	0	3	3	2	3	2	2	2	1	2	2	2	2	3	3	3	2	1	2	2	3	2	1	2	2	2	2	3	3	3	2	2	2	2	3	2	1	3	3	1	3	2	2	2	2	1	
0	3	2	3	3	3	0	2	2	3	2	3	2	2	3	2	2	1	3	3	2	2	3	2	1	2	2	3	3	3	3	3	2	3	3	1	2	2	2	2	1	1	3	3	2	3	2	2	2	2	3	
0	2	2	2	3	3	3	0	2	2	3	1	2	2	2	2	2	3	1	2	1	1	2	1	2	3	1	3	3	2	2	2	3	2	2	3	2	2	2	2	1	3	3	3	3	2	2	2	1	3	2	
0	3	3	3	3	2	2	2	0	2	3	3	3	2	2	1	3	2	3	2	3	3	2	2	3	1	3	3	3	2	2	3	2	3	3	1	3	4	3	3	3	3	2	2	3	3	3	2	3	1	3	
0	3	2	2	3	2	3	1	2	0	2	2	3	2	3	3	3	3	2	2	1	1	1	2	3	3	2	3	2	2	3	1	4	3	2	3	3	2	1	2	2	3	2	3	3	3	3	2	2	3	3	
0	3	3	2	2	3	2	2	3	2	0	3	3	3	4	2	2	2	3	2	2	2	3	3	2	3	2	1	1	4	3	2	2	3	3	3	1	3	3	3	3	3	3	3	3	2	3	2	3	2	2	
0	2	2	2	3	2	3	2	2	2	3	0	3	2	2	1	1	2	2	3	2	2	2	1	1	3	2	2	2	2	2	3	3	1	3	2	2	3	1	1	3	2	2	2	2	2	3	2	3	3	1	
0	2	2	3	2	1	2	3	1	3	3	3	0	2	3	2	3	1	3	3	3	3	2	2	2	2	2	1	2	3	2	2	2	3	4	2	2	3	3	3	2	2	3	2	2	3	3	2	1	1	2	
0	3	3	2	2	3	2	2	3	2	3	3	3	0	3	1	3	2	2	2	2	2	3	3	3	3	2	4	1	4	2	3	3	3	2	3	4	3	2	3	2	3	2	2	3	2	3	3	3	1	2	
0	3	3	2	2	2	1	1	3	2	3	2	3	2	0	1	2	2	2	3	2	2	3	2	2	3	2	3	3	1	2	1	2	2	1	2	2	2	2	3	2	1	2	3	2	1	2	3	2	2	3	
0	2	3	3	3	2	4	2	3	1	3	3	3	3	3	0	4	3	2	3	2	2	2	2	4	2	3	3	3	3	1	2	3	3	3	2	3	3	2	3	3	3	1	2	3	2	3	3	3	3	3	
0	1	2	3	3	3	3	3	2	2	4	2	3	3	3	1	0	2	2	2	1	3	3	3	2	3	2	1	2	3	2	2	3	2	2	2	2	2	2	2	3	1	2	3	2	2	3	2	2	3	1	
0	4	1	4	4	3	3	3	3	3	2	2	3	3	2	2	3	0	4	4	3	3	2	3	3	4	4	3	3	2	3	3	1	3	3	2	3	4	3	3	2	3	3	3	3	3	3	2	3	2	3	
0	2	2	2	3	3	2	2	2	3	3	2	3	2	1	2	3	2	0	3	2	1	3	3	2	2	1	3	2	2	2	2	3	1	2	2	3	1	2	2	3	2	3	2	2	2	3	2	3	3	1	
0	2	3	3	3	2	3	3	2	3	3	3	1	1	2	2	3	2	1	0	3	2	2	3	2	3	2	2	2	3	3	3	3	2	3	3	2	2	2	3	3	3	3	3	3	3	4	3	2	2	2	
0	3	3	3	2	3	3	2	1	1	3	3	2	2	3	2	3	2	2	1	0	2	2	3	2	2	3	2	3	2	2	2	3	2	1	2	3	3	2	2	2	3	3	3	2	3	2	3	2	2	3	
0	2	1	1	3	2	3	2	2	2	3	2	4	2	2	3	3	3	3	3	3	0	2	2	2	2	3	2	3	2	2	1	3	3	3	3	2	1	1	1	3	2	2	3	3	3	3	2	3	2	3	
0	3	3	2	3	2	3	3	3	2	1	3	4	1	3	2	2	2	3	3	2	2	0	3	3	4	2	2	1	4	2	3	3	3	3	3	2	3	3	3	3	3	3	2	3	3	3	3	2	2	2	
0	2	2	3	3	2	2	1	3	3	3	2	3	1	3	2	3	2	2	2	2	2	3	0	2	3	1	2	2	1	1	2	2	3	3	2	1	3	2	3	2	2	3	2	2	1	3	3	2	2	1	
0	2	2	2	3	2	2	1	2	2	3	2	3	3	3	3	2	1	2	2	1	1	2	2	0	3	2	3	2	3	2	2	2	2	2	3	2	2	1	1	2	3	3	3	3	3	3	1	2	3	3	
0	3	2	3	3	2	2	1	3	2	2	2	2	2	1	1	2	1	2	1	2	2	2	2	3	0	2	3	3	2	2	2	1	2	2	3	2	3	3	3	2	2	2	3	3	2	3	1	2	3	3	
0	1	3	3	3	2	3	2	3	3	3	3	3	2	3	3	3	2	2	3	2	2	3	3	1	3	0	3	3	4	1	3	3	3	3	2	3	3	2	2	3	3	3	2	3	4	3	2	3	3	3	
0	3	2	2	3	2	2	2	3	2	3	2	3	2	3	2	2	2	3	2	2	2	2	2	1	2	2	0	1	3	2	1	2	2	3	2	1	3	2	2	3	3	3	3	3	2	2	1	3	2	2	
0	2	2	1	3	3	4	2	2	1	3	2	3	3	3	3	2	1	3	2	1	1	2	2	2	3	1	3	0	3	2	2	2	3	2	3	3	2	2	2	3	2	3	3	2	3	3	3	3	3	1	
0	2	2	3	2	1	2	2	3	3	3	2	2	1	3	2	2	3	3	3	3	2	2	2	3	2	2	2	2	0	2	3	3	3	3	2	2	2	3	3	2	1	3	2	2	2	3	2	1	1	2	
0	3	3	2	2	1	3	1	2	3	2	2	2	2	2	2	3	2	1	3	2	2	2	2	3	2	2	2	2	3	0	3	2	2	3	1	3	2	3	3	2	2	3	1	2	3	2	2	2	2	2	
0	3	3	3	3	2	4	3	2	4	4	3	4	3	3	3	4	3	4	4	3	2	3	2	3	3	2	3	3	3	3	0	3	4	4	3	3	3	1	3	4	3	4	4	2	3	4	4	4	3	2	
0	3	4	3	3	3	3	3	3	2	1	4	2	2	4	1	3	3	3	3	2	3	1	3	3	3	3	2	2	4	2	3	0	4	3	3	2	4	3	4	1	3	2	3	3	3	2	3	3	3	3	
0	2	2	2	3	2	2	2	1	3	2	2	2	2	1	2	2	2	1	3	3	2	2	2	3	2	2	3	2	2	3	2	2	0	2	1	2	2	2	1	3	2	3	1	3	2	2	3	3	2	2	
0	3	3	2	1	3	2	2	2	3	2	3	2	3	2	3	2	3	2	3	3	3	3	3	2	3	3	2	3	3	3	3	3	1	0	2	2	3	3	2	1	2	4	2	3	2	1	3	3	1	2	
0	3	2	2	3	3	2	2	1	2	2	3	3	1	3	1	3	1	3	3	3	3	2	1	3	2	2	3	2	2	2	2	1	4	3	0	2	4	3	3	2	3	2	2	3	2	3	3	3	1	2	
0	3	2	3	2	2	1	2	3	2	2	3	2	2	3	1	3	1	2	1	2	2	2	3	1	3	3	2	3	3	2	3	1	2	3	2	0	3	2	2	2	2	2	2	3	3	3	2	3	1	3	
0	3	2	3	3	2	2	2	3	3	3	1	3	3	2	2	2	2	3	2	3	2	2	2	2	1	2	3	3	3	2	3	2	2	3	3	2	0	2	2	3	3	3	3	3	2	3	1	3	3	2	
0	3	2	2	2	1	3	2	1	3	3	2	3	2	3	2	3	3	3	3	3	1	2	1	3	2	2	2	3	2	2	2	3	3	4	2	2	2	0	2	3	2	3	3	2	2	3	3	3	2	2	
0	1	3	2	4	3	2	3	3	3	2	3	3	2	3	3	3	2	2	3	2	3	1	4	3	4	3	2	2	3	2	3	3	3	3	3	2	3	4	0	3	3	4	3	2	4	4	3	3	3	3	
0	3	3	2	3	2	3	3	2	2	4	4	1	3	4	3	2	2	3	3	3	3	3	3	3	3	3	2	2	4	2	3	3	4	3	2	2	3	3	4	0	2	4	3	3	3	1	3	2	2	3	
0	2	2	3	3	3	2	3	2	3	3	2	2	2	2	2	1	2	2	2	2	2	3	2	2	2	1	2	3	2	2	2	2	3	3	1	1	1	2	3	2	0	2	3	1	3	3	2	1	2	2	
0	3	3	3	3	2	3	2	2	2	2	2	3	2	2	2	3	2	3	2	1	2	1	1	3	1	2	3	2	2	2	3	2	3	2	1	2	3	1	3	2	3	0	1	3	2	2	2	3	2	2	
0	2	3	2	2	1	2	2	3	2	1	1	3	2	1	2	2	2	3	3	2	2	2	2	2	4	2	2	1	2	3	2	1	2	2	3	2	3	2	2	2	2	3	0	2	2	1	3	3	3	2	
0	3	2	2	3	2	2	2	1	3	3	3	3	2	1	2	3	2	3	3	3	1	3	2	3	2	3	3	3	1	2	2	2	3	2	1	3	2	2	2	3	2	2	3	0	2	3	3	2	2	3	
0	3	2	4	4	3	3	3	3	4	3	3	2	3	3	3	3	3	3	2	4	3	3	3	4	2	4	3	4	3	3	4	2	3	4	3	3	4	4	4	3	4	4	4	4	0	4	2	2	3	4	
0	2	3	3	2	3	2	3	3	3	3	3	2	3	4	2	1	2	3	2	2	3	3	3	2	3	3	2	3	3	3	3	2	3	2	2	1	3	3	3	3	2	3	3	3	3	0	2	3	2	2	
0	2	1	2	2	1	1	2	2	3	2	1	3	2	2	2	1	2	2	2	2	1	1	1	2	3	2	2	2	2	1	2	2	1	3	2	1	2	2	2	2	2	3	2	2	2	2	0	3	2	2	
0	1	2	3	3	2	2	2	3	3	3	2	2	2	3	3	2	3	2	3	3	2	2	1	3	4	2	3	3	2	2	3	2	2	3	3	2	3	3	2	1	3	4	3	3	2	2	1	0	3	2	
0	3	3	3	2	2	1	3	3	3	2	2	3	3	2	3	3	2	4	3	3	3	3	3	2	2	3	3	2	3	4	3	2	3	3	2	3	3	3	2	2	2	4	1	3	3	2	3	3	0	3	
0	3	1	2	3	2	3	3	2	2	3	1	4	3	2	2	2	1	3	3	2	2	3	2	2	2	2	3	1	2	3	3	2	2	2	2	3	2	1	2	3	3	3	3	1	3	3	2	3	2	0	
M2
0	0	0	0	0	0	0	0	0	0	0	0	0	0	0	0	0	0	0	0	0	0	0	0	0	0	0	0	0	0	0	0	0	0	0	0	0	0	0	0	0	0	0	0	0	0	0	0	0	0	0	
0	0	2	2	2	2	1	3	1	3	2	3	3	1	2	2	2	3	2	1	2	2	2	2	2	2	1	2	2	2	1	2	2	1	2	3	2	2	2	1	2	2	3	1	1	2	1	1	2	2	3	
0	2	0	3	3	2	3	2	2	3	2	3	3	3	3	1	2	3	3	3	2	2	2	2	3	3	3	3	3	3	2	3	2	3	3	3	3	3	2	1	1	2	1	3	3	3	2	3	2	2	2	
0	2	2	0	3	2	2	2	2	3	2	2	3	2	2	3	2	3	3	3	3	2	2	1	3	2	2	2	1	2	2	2	2	3	2	1	1	2	1	2	3	2	2	2	3	2	2	2	2	2	1	
0	2	3	3	0	2	1	3	3	3	3	2	3	3	2	3	3	2	3	3	2	2	3	2	3	1	3	3	2	3	2	2	2	2	1	3	2	2	3	2	3	3	3	2	2	2	1	3	2	2	1	
0	3	3	3	3	0	2	2	2	2	2	2	3	1	3	3	2	2	3	3	3	2	3	2	1	1	2	3	3	3	3	2	2	2	3	3	2	1	1	2	2	2	1	2	2	2	3	2	2	2	2	
0	3	4	3	3	3	0	2	3	2	3	3	3	3	3	3	3	3	3	3	3	2	2	3	3	2	3	4	3	3	2	2	1	3	1	2	2	3	4	2	2	3	3	3	3	3	2	3	2	2	3	
0	2	2	3	2	3	2	0	1	2	3	2	2	2	2	2	2	1	2	1	2	2	2	2	1	2	2	2	2	2	2	1	2	2	1	2	2	3	2	2	3	2	2	2	1	2	2	2	1	2	2	
0	3	2	2	2	2	1	2	0	3	3	3	3	2	3	2	3	3	2	3	2	2	2	2	3	2	2	1	3	2	1	3	2	2	2	2	3	2	3	2	2	3	3	4	3	1	3	1	3	2	3	
0	3	2	3	3	1	2	1	2	0	3	3	3	2	3	3	2	2	3	1	2	3	3	3	2	2	2	3	1	3	3	2	2	3	2	3	2	2	2	2	1	2	2	3	2	1	3	3	2	1	2	
0	3	3	2	2	3	2	2	1	3	0	3	2	2	3	2	3	3	3	3	1	1	2	2	3	3	2	2	3	2	1	2	1	3	2	3	2	2	3	2	3	3	3	4	3	2	3	2	3	2	3	
0	2	3	3	2	2	1	3	2	3	1	0	2	3	1	2	1	2	2	3	2	1	3	2	3	1	2	3	3	2	2	2	2	2	2	3	2	2	3	2	2	2	1	3	2	3	3	2	2	2	2	
0	2	2	1	2	2	2	2	2	4	3	2	0	3	3	2	3	3	2	3	2	3	2	2	3	2	3	3	2	3	2	2	2	3	3	2	2	3	2	2	3	1	2	3	2	3	2	1	3	3	1	
0	3	3	2	3	2	3	2	2	3	3	2	4	0	3	3	3	3	3	2	3	3	2	3	3	3	1	3	3	4	2	2	2	3	2	3	2	2	3	3	1	3	3	2	3	3	2	3	3	3	2	
0	3	3	2	2	2	1	3	2	3	2	1	2	2	0	2	2	3	3	4	1	2	3	2	3	2	2	2	2	2	1	2	2	3	2	3	2	2	2	3	3	3	2	2	1	2	3	2	3	3	2	
0	3	3	3	2	2	2	2	1	3	3	3	2	3	2	0	2	3	2	2	3	3	1	2	3	2	3	2	2	3	2	3	1	2	2	2	2	2	1	2	3	3	2	2	3	2	2	2	1	2	2	
0	2	3	3	2	1	2	2	1	2	3	2	2	2	3	1	0	2	2	3	3	3	2	1	2	2	3	2	3	2	2	2	2	3	2	3	2	1	2	3	1	2	2	2	1	2	3	2	2	3	2	
0	2	1	2	3	2	1	2	2	1	2	3	3	3	2	2	2	0	3	2	2	2	1	2	3	2	2	3	1	2	2	2	2	3	2	1	1	2	3	1	2	2	2	3	3	2	2	2	2	2	3	
0	3	2	2	3	1	2	3	3	2	3	3	3	2	3	3	3	1	0	2	3	2	1	2	2	2	2	1	2	2	3	2	2	3	2	1	2	2	2	2	2	3	2	3	3	2	2	3	2	3	3	
0	3	1	3	2	3	1	2	3	3	3	3	2	3	3	2	2	3	4	0	1	3	2	3	2	2	2	2	3	3	2	1	2	3	2	2	2	2	3	2	2	3	2	3	3	3	2	3	3	1	2	
0	3	3	2	1	3	2	3	2	2	3	2	1	2	3	3	2	3	3	3	0	2	2	2	2	2	2	1	3	2	3	1	3	3	2	2	3	1	3	3	2	2	2	3	3	2	2	2	3	3	2	
0	3	3	2	3	2	3	3	2	3	3	3	1	2	3	1	2	3	2	3	3	0	2	3	3	3	1	3	2	1	2	3	2	3	2	3	3	2	2	3	2	2	3	3	3	3	3	2	2	3	2	
0	2	2	2	3	2	2	3	2	2	2	2	3	2	2	3	3	2	3	1	2	3	0	1	2	2	3	2	1	3	3	2	2	3	2	2	3	1	3	3	3	2	1	2	3	3	1	3	2	2	2	
0	1	3	3	2	3	1	2	2	3	2	1	3	1	2	3	2	2	3	2	3	2	2	0	3	1	2	1	3	2	2	1	1	2	1	2	2	2	3	2	2	1	2	2	2	3	2	2	2	2	2	
0	2	3	3	3	3	1	2	2	3	2	2	2	1	3	3	2	2	3	3	2	2	3	1	0	1	2	2	3	3	2	2	2	2	2	3	2	3	3	1	2	1	3	3	2	1	2	2	2	3	3	
0	3	2	2	2	2	2	3	2	2	2	3	2	2	2	2	2	1	2	2	3	1	2	2	2	0	2	2	2	2	3	1	3	1	3	2	1	2	2	2	3	3	2	2	1	2	2	2	1	2	2	
0	3	4	2	3	1	3	2	2	2	2	2	3	2	2	2	3	3	2	3	3	2	3	2	2	2	0	3	3	3	1	2	2	3	1	3	3	1	2	3	1	2	2	3	3	3	3	3	2	3	2	
0	3	2	3	3	2	3	2	2	2	3	2	3	2	3	3	2	2	3	3	4	2	2	2	2	1	2	0	2	1	3	2	2	2	3	1	2	1	3	3	1	2	2	3	2	2	3	3	2	3	2	
0	2	3	3	3	1	2	2	1	3	3	3	3	2	3	3	3	3	3	3	3	3	3	2	2	2	3	2	0	2	2	3	2	2	3	2	2	2	2	2	3	1	1	3	3	2	3	2	2	1	2	
0	3	3	4	3	2	3	2	2	3	4	3	3	3	3	2	1	3	3	3	3	3	3	2	3	2	4	3	1	0	3	3	2	3	3	3	3	2	2	3	1	2	2	3	2	3	2	3	2	2	2	
0	2	3	1	3	2	2	3	2	3	3	2	2	1	3	1	3	3	3	3	4	1	2	1	3	2	1	2	2	2	0	2	2	3	2	2	2	2	2	3	2	2	3	3	3	3	3	3	2	3	2	
0	2	3	3	3	2	2	3	2	3	3	2	3	3	2	2	1	2	3	2	2	2	1	2	3	1	1	3	2	3	2	0	2	2	2	3	2	2	3	2	2	3	1	2	2	3	1	3	2	2	1	
0	3	3	2	3	3	3	1	2	3	2	2	3	2	2	2	2	2	2	2	2	2	1	2	2	2	2	3	2	3	1	2	0	3	1	3	1	2	3	1	3	2	2	3	2	3	2	2	2	1	2	
0	2	2	2	2	1	2	2	3	2	3	2	2	1	2	2	2	2	1	1	2	3	2	1	1	2	2	2	2	1	3	2	2	0	2	2	3	2	2	2	2	2	2	3	3	2	3	2	1	2	3	
0	4	3	3	3	3	3	2	2	3	3	2	2	3	3	2	3	2	2	3	3	1	2	3	3	1	2	3	3	2	2	2	1	2	0	2	2	3	3	2	3	3	3	3	2	3	3	3	2	2	3	
0	3	2	3	2	2	3	2	3	3	3	3	2	3	2	2	2	3	2	2	3	1	1	2	3	2	1	3	2	1	2	1	3	2	2	0	3	2	3	3	2	3	2	3	3	1	2	3	1	2	2	
0	3	2	1	2	2	2	2	1	2	1	2	3	2	1	3	3	2	2	2	2	2	2	2	2	1	2	2	2	3	2	2	2	2	3	2	0	1	2	2	3	2	2	3	2	2	3	1	2	1	2	
0	2	3	3	2	2	2	2	1	1	2	1	3	1	2	3	2	2	3	2	3	2	2	1	1	2	2	2	2	2	2	1	2	3	2	3	3	0	3	2	2	1	1	3	3	2	2	2	2	2	2	
0	3	2	3	2	2	1	1	2	3	2	2	3	3	3	2	1	2	2	2	2	2	2	2	2	1	3	2	3	3	2	2	2	2	2	3	2	2	0	1	2	2	1	1	2	3	2	1	2	2	1	
0	2	3	2	2	2	2	3	1	2	1	3	2	2	4	2	1	3	3	3	1	2	3	2	2	2	2	2	2	3	1	2	2	3	3	3	3	2	3	0	2	1	2	2	2	2	3	2	3	3	3	
0	3	3	3	3	1	2	1	1	2	3	2	3	2	3	3	3	2	3	2	3	3	2	2	2	2	3	2	3	3	2	2	1	2	2	3	2	2	2	2	0	3	2	3	2	2	2	2	2	2	1	
0	1	3	3	3	3	2	3	1	3	3	2	3	2	3	3	3	2	3	2	3	2	3	1	3	1	2	2	3	3	2	2	2	2	2	3	2	3	3	2	3	0	3	2	2	2	2	2	2	3	3	
0	2	3	3	2	3	2	2	3	3	3	2	2	3	2	2	3	3	2	3	3	3	3	2	3	3	3	3	3	3	2	2	2	2	3	2	2	3	3	2	4	3	0	3	3	3	2	3	1	1	1	
0	2	3	2	1	2	2	3	2	3	1	2	2	2	2	2	3	2	1	3	2	2	2	2	3	2	3	1	3	2	2	3	2	2	2	2	3	2	3	3	2	1	3	0	3	3	2	3	1	2	2	
0	3	2	2	1	2	2	2	2	3	2	3	3	2	2	2	2	2	2	3	2	2	2	3	3	1	2	1	2	1	3	2	2	2	2	2	1	2	1	2	2	2	2	1	0	1	2	1	2	2	2	
0	2	3	3	3	2	3	1	2	3	3	3	3	3	2	3	3	2	3	2	3	3	3	3	2	3	1	3	3	3	2	2	3	2	2	3	3	2	2	3	2	2	3	3	2	0	3	2	2	3	3	
0	1	3	3	2	1	2	3	2	3	2	2	2	2	1	3	3	3	2	2	1	3	2	1	2	2	2	2	1	2	2	2	2	2	2	3	3	2	2	2	2	2	2	1	2	2	0	2	2	2	3	
0	3	1	3	1	1	2	2	3	3	3	2	2	2	2	2	3	2	1	2	1	2	1	2	2	1	3	2	2	3	2	2	1	2	2	2	2	2	2	2	2	3	2	3	2	2	2	0	2	2	2	
0	3	3	2	1	2	2	2	2	3	3	2	1	2	1	1	3	2	1	2	2	2	2	2	2	2	2	2	3	2	2	2	2	1	2	1	2	3	2	2	3	2	2	3	2	2	2	2	0	1	2	
0	3	3	2	3	3	3	1	2	3	2	2	3	3	2	3	2	2	3	2	2	2	3	2	2	2	3	3	3	3	2	2	3	3	2	2	1	2	3	1	3	2	3	3	2	3	3	2	2	0	3	
0	2	2	2	3	2	1	2	2	3	2	1	2	2	2	2	2	2	3	2	2	2	2	1	3	2	2	2	2	3	1	1	1	3	2	3	2	3	2	1	3	2	2	2	3	3	1	3	3	2	0	
M3
0	0	0	0	0	0	0	0	0	0	0	0	0	0	0	0	0	0	0	0	0	0	0	0	0	0	0	0	0	0	0	0	0	0	0	0	0	0	0	0	0	0	0	0	0	0	0	0	0	0	0	
0	0	1	3	2	2	2	2	2	3	2	1	2	3	1	2	2	2	3	3	3	3	1	1	1	2	2	2	2	2	2	2	3	2	2	2	3	3	3	3	2	1	2	2	3	2	2	3	2	2	3	
0	3	0	2	3	2	1	3	3	2	4	3	3	3	2	2	3	2	3	2	3	3	3	3	3	3	4	1	3	1	3	2	2	3	3	2	3	3	3	3	2	2	2	1	2	3	2	3	2	3	3	
0	2	2	0	2	3	3	3	3	3	2	3	1	2	3	2	2	3	3	3	3	3	2	3	3	3	4	1	2	3	2	3	1	2	2	2	2	3	3	3	3	2	3	1	3	2	3	2	2	2	3	
0	2	2	2	0	3	1	2	2	2	3	2	2	3	2	2	2	3	2	2	2	2	1	2	3	3	2	2	2	2	2	2	2	2	1	1	2	3	3	1	2	3	2	3	3	2	2	2	2	3	1	
0	3	3	3	3	0	2	2	3	3	3	4	3	3	2	3	3	3	3	3	3	1	2	2	3	4	3	3	2	3	3	3	4	3	3	3	2	3	3	4	3	1	3	2	3	2	3	4	2	2	4	
0	3	1	1	3	3	0	2	2	1	3	3	2	3	1	3	2	2	2	1	2	2	2	2	2	2	3	1	3	2	2	2	2	2	3	1	2	2	3	2	3	3	3	2	3	2	1	2	1	2	2	
0	2	3	3	4	1	3	0	3	2	3	2	3	3	3	1	3	2	2	2	3	2	3	3	3	4	4	3	3	3	3	3	2	3	2	3	3	3	2	3	3	2	2	3	4	3	3	3	3	3	3	
0	3	3	1	3	3	2	2	0	3	3	3	2	3	2	3	3	2	1	1	2	1	2	3	3	3	4	1	3	2	2	3	2	1	2	2	2	2	3	3	2	3	3	2	3	2	3	2	2	2	2	
0	3	2	2	2	2	2	2	2	0	3	2	3	4	1	3	2	2	2	3	3	2	2	2	3	4	3	3	3	3	1	2	2	2	3	3	3	3	2	3	3	2	3	3	4	2	3	1	2	1	2	
0	3	2	2	3	3	2	2	3	2	0	3	3	3	2	2	2	2	1	3	1	2	3	2	2	3	3	2	2	2	2	2	2	1	2	2	2	2	2	3	1	3	3	2	3	1	2	2	3	2	1	
0	2	2	2	2	2	1	2	1	2	1	0	3	3	2	1	2	2	2	2	2	2	3	2	2	2	3	2	1	1	2	2	2	2	1	1	2	3	3	2	2	2	2	2	2	1	1	2	2	3	2	
0	2	2	2	2	2	2	2	2	3	4	3	0	1	2	1	2	2	2	2	2	2	3	2	2	3	3	3	1	2	2	2	1	2	2	1	1	2	2	2	2	1	2	3	2	1	2	1	2	2	3	
0	3	2	3	2	1	2	2	3	2	3	3	3	0	2	3	1	2	3	3	2	2	3	1	2	2	2	2	3	2	2	2	3	1	3	2	2	1	2	3	1	2	2	2	3	1	2	2	3	2	3	
0	2	2	3	2	2	3	1	3	2	3	2	2	3	0	2	1	2	3	3	3	3	1	2	2	3	3	2	3	2	1	1	3	1	2	3	2	3	3	3	2	3	2	2	3	3	2	2	2	3	2	
0	3	3	3	3	3	2	2	3	3	3	2	3	3	2	0	2	1	1	1	2	1	2	2	3	3	3	2	2	2	2	2	1	2	1	2	2	2	3	3	2	1	3	2	3	2	3	2	2	2	2	
0	2	2	3	2	2	3	3	3	3	4	3	4	2	3	3	0	2	3	2	3	2	3	1	3	3	2	2	2	2	2	3	3	3	3	2	1	3	3	3	2	2	2	3	2	2	3	4	3	3	3	
0	3	2	2	2	3	1	2	2	2	2	1	3	3	2	2	1	0	3	1	2	2	3	2	3	3	3	1	2	2	1	2	3	2	1	2	2	3	3	3	2	2	3	3	3	2	2	2	2	3	2	
0	2	2	2	3	2	1	2	2	2	4	3	3	3	2	2	2	2	0	2	2	2	3	2	2	2	3	1	2	1	2	2	2	2	3	1	1	1	2	2	1	2	2	3	2	2	2	3	2	2	1	
0	3	2	2	2	2	1	1	3	2	3	2	2	3	1	2	2	1	3	0	1	2	2	2	3	3	3	2	2	2	1	2	2	2	2	2	3	3	3	3	2	3	3	2	3	2	2	2	2	2	1	
0	3	1	3	3	3	2	2	2	3	3	2	2	3	1	3	2	3	3	3	0	2	2	2	3	2	3	1	3	2	2	2	2	2	1	3	3	3	2	2	2	2	2	2	3	2	1	1	3	3	2	
0	2	2	2	3	2	2	2	2	3	4	3	2	2	1	2	2	2	2	3	2	0	1	2	2	3	3	3	3	2	2	2	3	2	2	2	3	2	2	3	3	3	2	1	3	1	2	3	1	1	3	
0	1	2	2	3	2	2	1	3	2	3	2	1	2	1	2	2	2	2	3	3	2	0	2	2	3	3	3	2	1	2	2	2	2	1	2	2	2	3	2	2	2	1	3	2	2	3	2	1	3	2	
0	2	1	2	1	1	2	2	2	2	3	2	3	3	2	2	2	1	3	2	3	2	2	0	3	2	1	1	3	1	2	2	2	2	2	1	2	2	2	2	1	1	1	2	2	2	2	3	3	2	2	
0	2	1	3	2	3	2	3	2	3	4	3	3	4	2	3	3	3	3	3	3	2	3	2	0	1	1	2	2	2	2	3	3	2	3	3	3	3	3	3	2	1	2	2	2	2	1	3	3	2	3	
0	3	2	2	2	3	3	3	3	2	3	2	3	4	3	3	3	3	2	3	3	3	2	2	3	0	2	3	3	3	1	3	3	3	3	3	3	3	3	2	2	3	1	3	1	3	3	3	3	3	2	
0	1	1	2	2	2	1	2	2	2	3	2	3	3	1	3	2	2	2	2	3	1	2	2	2	1	0	2	3	2	1	2	3	2	3	2	3	3	2	3	3	2	2	2	2	2	2	3	2	1	3	
0	2	2	4	2	2	3	4	4	2	4	3	3	4	3	4	4	3	3	4	4	3	3	2	3	4	3	0	4	3	3	4	4	4	3	3	4	3	3	3	3	3	3	3	4	4	4	3	2	3	3	
0	2	2	2	1	3	1	3	3	2	3	2	3	4	2	3	3	2	2	2	2	2	2	2	3	3	3	2	0	3	1	2	3	2	2	2	1	3	2	2	1	3	2	2	1	2	2	3	2	3	2	
0	3	2	2	3	1	1	3	2	2	3	2	3	2	2	3	2	1	3	2	3	2	3	2	3	3	3	2	2	0	2	1	1	2	2	1	2	2	2	2	1	1	3	3	1	2	2	3	2	2	3	
0	2	2	3	1	2	2	3	2	3	2	1	2	3	2	2	3	2	3	3	3	3	2	1	2	3	2	2	2	2	0	2	3	2	2	2	2	3	3	2	2	2	2	2	3	2	2	3	3	3	2	
0	2	1	3	3	3	2	2	2	3	2	3	2	3	3	3	3	3	2	2	3	2	3	3	3	2	4	2	2	2	3	0	3	3	4	3	1	3	4	3	3	3	2	2	2	2	1	3	3	3	2	
0	3	2	2	2	2	2	2	2	3	3	2	2	3	3	3	3	2	2	3	2	2	3	2	2	2	3	3	1	3	2	3	0	3	3	3	2	2	2	3	2	3	3	2	2	1	2	3	1	1	3	
0	3	3	3	2	3	2	3	3	2	3	2	3	4	2	2	2	1	3	2	3	2	2	2	4	4	3	2	3	3	2	2	2	0	2	3	3	3	2	3	1	2	3	1	2	3	3	1	2	3	3	
0	3	2	3	2	2	2	3	2	2	2	1	3	3	2	2	2	2	3	3	2	1	2	1	3	3	2	2	2	2	2	1	2	1	0	2	2	3	2	3	1	2	2	2	3	2	2	1	2	2	1	
0	2	2	2	2	3	3	2	1	2	3	2	3	3	1	3	1	3	2	2	2	2	2	2	3	2	2	2	2	3	1	1	3	2	2	0	1	3	3	1	2	3	2	3	2	2	2	3	3	3	3	
0	1	2	2	2	2	2	2	3	2	3	2	3	3	2	3	2	2	2	1	2	1	2	2	2	3	3	3	1	3	2	3	3	3	3	3	0	3	3	2	2	2	1	2	1	1	2	3	2	2	2	
0	2	3	2	3	2	3	3	2	3	4	3	3	4	3	4	3	2	2	2	3	2	3	2	3	1	3	3	2	3	2	3	3	3	2	3	1	0	2	3	3	3	2	3	2	2	3	3	3	1	3	
0	3	2	3	2	1	2	2	3	3	3	2	2	3	3	3	3	3	1	3	2	2	2	2	2	3	3	2	2	2	2	2	3	2	1	2	2	2	0	3	2	2	3	3	3	1	2	2	1	3	2	
0	2	2	2	2	2	2	1	2	1	2	1	2	3	2	2	2	3	1	2	1	2	1	2	3	2	1	2	2	2	2	2	3	2	1	2	1	2	2	0	2	3	1	3	2	2	2	2	2	2	2	
0	3	2	2	2	2	3	3	3	1	3	2	2	3	2	3	3	2	2	3	3	1	2	1	3	3	2	2	3	2	1	1	2	1	2	2	2	3	1	3	0	2	2	2	3	2	2	2	2	2	3	
0	3	2	2	2	2	1	2	2	2	4	3	2	3	2	3	3	2	2	2	2	2	3	1	2	3	2	2	3	2	3	3	3	3	3	2	3	2	2	3	2	0	2	2	3	1	2	3	2	1	3	
0	2	3	1	3	3	3	2	3	1	3	2	2	3	2	3	3	3	2	2	2	2	1	2	3	3	2	2	3	2	2	2	2	2	2	3	2	3	2	1	1	3	0	2	3	2	2	2	2	2	3	
0	4	3	3	4	3	2	3	3	3	4	3	3	3	3	1	3	2	2	2	3	2	3	3	4	4	3	2	3	3	3	2	2	3	2	3	3	3	2	2	3	2	3	0	4	3	3	3	2	2	3	
0	3	1	3	4	3	2	4	3	3	5	4	3	4	3	3	3	3	3	3	4	4	4	4	4	3	4	2	4	2	3	3	3	4	4	2	3	2	4	3	3	3	3	2	0	3	2	4	3	3	3	
0	3	2	2	3	2	1	1	2	2	4	3	3	2	2	2	3	3	3	2	1	3	3	3	1	2	2	2	3	3	3	3	2	3	2	2	3	3	3	3	3	2	3	2	2	0	1	2	2	3	3	
0	3	3	2	3	3	2	2	1	3	4	3	3	3	3	2	3	3	2	2	2	2	3	3	2	1	3	1	3	3	2	3	3	2	3	3	3	3	3	3	3	3	2	1	2	1	0	3	3	3	3	
0	3	3	3	3	2	2	2	3	3	4	3	3	4	1	3	2	2	2	3	3	3	2	2	3	3	3	3	3	3	2	2	4	2	2	3	3	2	1	4	3	1	3	3	4	2	3	0	2	2	3	
0	3	1	3	2	3	2	3	3	3	3	2	1	2	2	2	3	3	1	3	3	1	2	2	3	2	3	2	2	2	1	3	2	3	3	2	2	1	3	3	2	2	3	2	3	2	3	2	0	2	2	
0	3	2	1	2	1	2	3	1	3	3	2	2	3	2	3	2	1	1	2	3	1	2	1	3	3	2	2	2	2	2	3	2	2	2	2	2	2	1	3	2	2	2	2	3	2	3	3	2	0	2	
0	3	2	3	2	2	2	2	2	2	4	3	3	3	2	1	1	2	2	2	1	1	2	2	2	3	3	2	1	1	2	2	1	2	2	2	2	3	2	3	1	2	3	2	2	1	2	2	2	2	0	
Tamanho_Tarefas
0	17	15	23	13	21	20	25	11	9	12	15	8	12	5	2	12	26	8	27	31	13	19	13	22	2	24	20	31	31	16	24	11	24	5	34	12	12	12	28	15	7	18	17	34	7	13	16	25	22	10	
Data_Entrega
0	237	275	191	188	228	240	234	246	240	195	232	186	224	276	202	268	207	219	270	250	214	240	228	273	237	199	185	200	222	239	218	188	224	220	234	214	211	247	187	265	241	260	255	206	211	270	252	231	203	247	
Penalidade_Atraso
0	11	15	12	7	20	5	16	6	13	16	14	4	1	13	17	14	1	12	14	14	11	14	10	1	11	9	1	3	3	9	19	6	10	14	6	12	18	2	6	20	9	6	8	17	15	19	5	5	19	7	
Capacidade_Veiculo
67	88	90	72	100	77	37	72	72	63	89	48	37	77	52	97	58	70	78	89	62	47	68	102	
Custo_Fixo_Veiculo
670	880	900	720	1000	770	370	720	720	630	890	480	370	770	520	970	580	700	780	890	620	470	680	1020	
Coordenadas_Clientes
x	0	y	0
x	116	y	0
x	104	y	13
x	76	y	19
x	86	y	34
x	96	y	52
x	86	y	62
x	89	y	84
x	53	y	64
x	63	y	100
x	47	y	100
x	29	y	90
x	23	y	121
x	5	y	82
x	-6	y	99
x	-19	y	104
x	-24	y	76
x	-48	y	102
x	-59	y	93
x	-54	y	66
x	-63	y	59
x	-89	y	65
x	-78	y	43
x	-105	y	41
x	-81	y	20
x	-99	y	12
x	-92	y	0
x	-108	y	-13
x	-104	y	-26
x	-105	y	-41
x	-87	y	-48
x	-93	y	-68
x	-60	y	-56
x	-56	y	-68
x	-49	y	-78
x	-53	y	-113
x	-32	y	-98
x	-14	y	-73
x	-6	y	-107
x	6	y	-107
x	23	y	-120
x	26	y	-81
x	48	y	-103
x	57	y	-91
x	73	y	-88
x	86	y	-81
x	97	y	-70
x	105	y	-57
x	109	y	-43
x	109	y	-28
x	108	y	-13
Tempo_Viagem
0	116	104	78	92	109	106	122	83	118	110	94	123	82	99	105	79	112	110	85	86	110	89	112	83	99	92	108	107	112	99	115	82	88	92	124	103	74	107	107	122	85	113	107	114	118	119	119	117	112	108	
116	0	17	44	44	55	68	87	88	112	120	123	151	137	156	169	159	193	197	182	188	214	198	224	198	215	208	224	221	224	208	219	184	184	182	202	177	149	162	153	151	121	123	108	97	85	71	57	43	28	15	
104	17	0	28	27	39	52	71	71	96	103	106	134	120	139	152	142	176	180	166	172	198	183	210	185	203	196	212	211	215	200	212	177	179	178	200	175	146	162	154	155	122	128	114	105	95	83	70	56	41	26	
78	44	28	0	18	38	44	66	50	82	86	85	114	94	114	126	115	149	153	138	144	170	155	182	157	175	169	186	185	190	176	190	155	158	158	183	158	128	150	143	148	111	125	111	107	100	91	81	70	57	45	
92	44	27	18	0	20	28	50	44	69	76	79	107	94	112	125	117	150	155	143	151	177	164	191	167	186	181	199	199	204	191	206	171	174	175	201	176	146	168	161	166	129	142	128	122	115	104	92	80	66	51	
109	55	39	38	20	0	14	32	44	58	68	77	99	95	112	125	121	151	159	150	159	185	174	201	179	198	195	214	214	221	208	223	189	193	194	221	196	166	188	181	186	149	162	148	141	133	122	109	95	80	65	
106	68	52	44	28	14	0	22	33	44	54	63	85	83	99	112	110	139	147	140	149	175	165	192	172	191	188	207	209	217	205	221	187	192	194	223	198	168	192	186	192	155	169	155	150	143	132	120	107	92	78	
122	87	71	66	50	32	22	0	41	30	44	60	75	84	96	109	113	137	148	144	154	178	171	198	181	200	199	219	221	230	220	237	204	210	212	242	217	187	213	208	214	176	191	177	172	165	154	141	127	112	97	
83	88	71	50	44	44	33	41	0	37	36	35	64	51	68	81	77	107	115	107	116	142	132	159	141	160	158	178	180	189	179	196	164	171	174	206	182	152	180	177	186	147	167	155	153	148	141	131	120	107	94	
118	112	96	82	69	58	44	30	37	0	16	35	45	60	69	82	89	111	122	120	131	154	151	176	164	183	184	204	209	219	210	229	198	205	210	242	219	189	217	214	223	184	203	191	188	182	173	161	149	135	120	
110	120	103	86	76	68	54	44	36	16	0	20	31	45	53	66	74	95	106	105	116	139	136	161	150	169	170	190	196	207	199	218	189	197	202	234	213	183	213	211	221	182	203	191	189	184	177	167	155	142	127	
94	123	106	85	79	77	63	60	35	35	20	0	31	25	36	49	54	77	88	85	96	119	116	141	130	149	150	170	176	187	180	199	170	179	185	218	197	168	200	198	210	171	193	183	183	180	173	165	155	142	129	
123	151	134	114	107	99	85	75	64	45	31	31	0	42	36	45	65	73	86	94	105	125	126	150	144	163	166	186	194	206	201	221	194	203	210	245	225	197	229	228	241	202	224	214	214	211	204	195	184	171	158	
82	137	120	94	94	95	83	84	51	60	45	25	42	0	20	32	29	56	64	60	71	94	91	116	106	125	127	147	153	165	159	179	152	161	168	203	183	156	189	189	202	164	189	180	183	182	177	171	162	151	139	
99	156	139	114	112	112	99	96	68	69	53	36	36	20	0	13	29	42	53	58	69	89	90	114	108	127	130	150	158	171	167	187	164	174	182	217	198	172	206	206	220	182	209	200	203	202	197	191	182	171	159	
105	169	152	126	125	125	112	109	81	82	66	49	45	32	13	0	28	29	41	51	62	80	83	106	104	120	126	146	154	168	166	186	164	175	184	219	202	177	211	212	227	190	217	209	212	212	209	203	194	183	171	
79	159	142	115	117	121	110	113	77	89	74	54	65	29	29	28	0	35	38	31	42	65	63	87	79	98	101	121	129	142	139	159	136	147	156	191	174	149	183	185	201	164	192	185	190	191	189	185	178	168	159	
112	193	176	149	150	151	139	137	107	111	95	77	73	56	42	29	35	0	14	36	45	55	66	83	87	103	109	129	137	152	154	174	158	170	180	215	200	178	212	215	233	197	225	219	225	226	224	220	213	203	193	
110	197	180	153	155	159	147	148	115	122	106	88	86	64	53	41	38	14	0	27	34	41	53	69	76	90	98	116	126	141	143	163	149	161	171	206	192	171	205	210	228	193	223	217	224	226	225	222	216	206	197	
85	182	166	138	143	150	140	144	107	120	105	85	94	60	58	51	31	36	27	0	11	35	32	56	53	69	75	95	103	118	118	138	122	134	144	179	165	144	178	183	201	167	197	192	199	203	203	201	196	188	180	
86	188	172	144	151	159	149	154	116	131	116	96	105	71	69	62	42	45	34	11	0	26	21	45	42	58	64	84	92	107	109	129	115	127	137	172	160	140	174	179	198	165	196	192	200	204	205	204	199	192	185	
110	214	198	170	177	185	175	178	142	154	139	119	125	94	89	80	65	55	41	35	26	0	24	28	45	53	65	79	91	106	113	133	123	135	147	180	172	156	190	195	215	185	216	213	222	227	229	229	225	218	211	
89	198	183	155	164	174	165	171	132	151	136	116	126	91	90	83	63	66	53	32	21	24	0	27	23	37	45	63	73	88	91	111	100	112	124	157	148	132	166	171	191	161	192	190	199	205	208	208	205	200	194	
112	224	210	182	191	201	192	198	159	176	161	141	150	116	114	106	87	83	69	56	45	28	27	0	31	29	42	54	67	82	90	109	106	118	130	161	156	145	178	184	204	178	209	208	219	226	230	231	229	224	219	
83	198	185	157	167	179	172	181	141	164	150	130	144	106	108	104	79	87	76	53	42	45	23	31	0	19	22	42	50	65	68	88	78	90	102	135	127	114	147	153	173	147	178	177	188	195	199	201	200	195	191	
99	215	203	175	186	198	191	200	160	183	169	149	163	125	127	120	98	103	90	69	58	53	37	29	19	0	13	26	38	53	61	80	77	89	101	132	127	119	150	158	178	155	186	186	198	207	212	215	215	211	207	
92	208	196	169	181	195	188	199	158	184	170	150	166	127	130	126	101	109	98	75	64	65	45	42	22	13	0	20	28	43	48	68	64	76	88	119	114	106	137	145	165	143	173	174	187	195	201	205	205	202	200	
108	224	212	186	199	214	207	219	178	204	190	170	186	147	150	146	121	129	116	95	84	79	63	54	42	26	20	0	13	28	40	56	64	75	87	113	113	111	138	147	168	150	179	182	195	205	212	217	219	217	216	
107	221	211	185	199	214	209	221	180	209	196	176	194	153	158	154	129	137	126	103	92	91	73	67	50	38	28	13	0	15	27	43	53	63	75	100	101	101	126	136	157	141	169	173	187	197	205	211	213	213	212	
112	224	215	190	204	221	217	230	189	219	207	187	206	165	171	168	142	152	141	118	107	106	88	82	65	53	43	28	15	0	19	29	47	55	67	88	92	96	118	128	149	136	164	168	183	195	204	210	214	214	214	
99	208	200	176	191	208	205	220	179	210	199	180	201	159	167	166	139	154	143	118	109	113	91	90	68	61	48	40	27	19	0	20	28	36	48	73	74	77	99	109	130	117	145	149	164	176	185	192	196	197	198	
115	219	212	190	206	223	221	237	196	229	218	199	221	179	187	186	159	174	163	138	129	133	111	109	88	80	68	56	43	29	20	0	35	37	45	60	67	79	94	106	125	119	145	151	166	179	190	198	203	205	208	
82	184	177	155	171	189	187	204	164	198	189	170	194	152	164	164	136	158	149	122	115	123	100	106	78	77	64	64	53	47	28	35	0	12	24	57	50	49	74	83	104	89	117	121	136	148	157	165	169	171	173	
88	184	179	158	174	193	192	210	171	205	197	179	203	161	174	175	147	170	161	134	127	135	112	118	90	89	76	75	63	55	36	37	12	0	12	45	38	42	63	73	94	82	109	114	129	142	153	161	166	169	172	
92	182	178	158	175	194	194	212	174	210	202	185	210	168	182	184	156	180	171	144	137	147	124	130	102	101	88	87	75	67	48	45	24	12	0	35	26	35	51	62	82	75	100	106	122	135	146	155	161	165	169	
124	202	200	183	201	221	223	242	206	242	234	218	245	203	217	219	191	215	206	179	172	180	157	161	135	132	119	113	100	88	73	60	57	45	35	0	25	55	47	59	76	85	101	112	128	142	156	167	176	182	188	
103	177	175	158	176	196	198	217	182	219	213	197	225	183	198	202	174	200	192	165	160	172	148	156	127	127	114	113	101	92	74	67	50	38	26	25	0	30	27	39	58	60	80	89	105	119	131	142	151	157	163	
74	149	146	128	146	166	168	187	152	189	183	168	197	156	172	177	149	178	171	144	140	156	132	145	114	119	106	111	101	96	77	79	49	42	35	55	30	0	34	39	59	40	68	72	87	100	111	120	126	130	135	
107	162	162	150	168	188	192	213	180	217	213	200	229	189	206	211	183	212	205	178	174	190	166	178	147	150	137	138	126	118	99	94	74	63	51	47	27	34	0	12	31	41	54	65	81	95	109	121	131	139	147	
107	153	154	143	161	181	186	208	177	214	211	198	228	189	206	212	185	215	210	183	179	195	171	184	153	158	145	147	136	128	109	106	83	73	62	59	39	39	12	0	21	32	42	53	69	83	98	110	121	129	138	
122	151	155	148	166	186	192	214	186	223	221	210	241	202	220	227	201	233	228	201	198	215	191	204	173	178	165	168	157	149	130	125	104	94	82	76	58	59	31	21	0	39	30	44	59	73	88	102	114	125	136	
85	121	122	111	129	149	155	176	147	184	182	171	202	164	182	190	164	197	193	167	165	185	161	178	147	155	143	150	141	136	117	119	89	82	75	85	60	40	41	32	39	0	31	32	47	60	71	82	91	98	106	
113	123	128	125	142	162	169	191	167	203	203	193	224	189	209	217	192	225	223	197	196	216	192	209	178	186	173	179	169	164	145	145	117	109	100	101	80	68	54	42	30	31	0	15	29	43	58	73	85	96	108	
107	108	114	111	128	148	155	177	155	191	191	183	214	180	200	209	185	219	217	192	192	213	190	208	177	186	174	182	173	168	149	151	121	114	106	112	89	72	65	53	44	32	15	0	16	30	45	58	70	81	93	
114	97	105	107	122	141	150	172	153	188	189	183	214	183	203	212	190	225	224	199	200	222	199	219	188	198	187	195	187	183	164	166	136	129	122	128	105	87	81	69	59	47	29	16	0	14	29	44	57	69	82	
118	85	95	100	115	133	143	165	148	182	184	180	211	182	202	212	191	226	226	203	204	227	205	226	195	207	195	205	197	195	176	179	148	142	135	142	119	100	95	83	73	60	43	30	14	0	15	30	44	57	71	
119	71	83	91	104	122	132	154	141	173	177	173	204	177	197	209	189	224	225	203	205	229	208	230	199	212	201	212	205	204	185	190	157	153	146	156	131	111	109	98	88	71	58	45	29	15	0	15	29	43	58	
119	57	70	81	92	109	120	141	131	161	167	165	195	171	191	203	185	220	222	201	204	229	208	231	201	215	205	217	211	210	192	198	165	161	155	167	142	120	121	110	102	82	73	58	44	30	15	0	14	29	44	
117	43	56	70	80	95	107	127	120	149	155	155	184	162	182	194	178	213	216	196	199	225	205	229	200	215	205	219	213	214	196	203	169	166	161	176	151	126	131	121	114	91	85	70	57	44	29	14	0	15	30	
112	28	41	57	66	80	92	112	107	135	142	142	171	151	171	183	168	203	206	188	192	218	200	224	195	211	202	217	213	214	197	205	171	169	165	182	157	130	139	129	125	98	96	81	69	57	43	29	15	0	15	
108	15	26	45	51	65	78	97	94	120	127	129	158	139	159	171	159	193	197	180	185	211	194	219	191	207	200	216	212	214	198	208	173	172	169	188	163	135	147	138	136	106	108	93	82	71	58	44	30	15	0	
Custo_Viagem
V0
0	1554	1393	1045	1232	1460	1420	1634	1112	1581	1474	1259	1648	1098	1326	1407	1058	1500	1474	1139	1152	1474	1192	1500	1112	1326	1232	1447	1433	1500	1326	1541	1098	1179	1232	1661	1380	991	1433	1433	1634	1139	1514	1433	1527	1581	1594	1594	1567	1500	1447	
1554	0	227	589	603	737	911	1179	1192	1514	1621	1675	2036	1849	2103	2278	2130	2586	2653	2438	2519	2881	2653	3001	2653	2881	2787	3001	2961	3001	2787	2934	2465	2465	2438	2720	2371	1996	2170	2050	2023	1621	1648	1447	1299	1152	964	777	576	375	201	
1393	227	0	375	361	522	696	964	964	1286	1393	1433	1809	1608	1862	2050	1902	2358	2425	2224	2318	2666	2465	2814	2479	2720	2626	2854	2827	2881	2680	2854	2371	2398	2385	2693	2345	1956	2170	2063	2077	1634	1715	1527	1407	1273	1112	938	750	549	348	
1045	589	375	0	241	509	589	884	670	1098	1152	1139	1527	1259	1527	1701	1541	1996	2050	1849	1929	2291	2077	2438	2103	2345	2264	2492	2479	2546	2358	2546	2077	2117	2117	2465	2130	1715	2010	1929	1983	1487	1675	1487	1433	1340	1219	1085	938	763	603	
1232	603	361	241	0	268	375	670	589	924	1018	1058	1433	1259	1500	1688	1567	2010	2090	1916	2023	2371	2197	2559	2237	2492	2425	2666	2666	2747	2559	2760	2291	2331	2345	2706	2371	1956	2251	2170	2224	1728	1902	1715	1634	1541	1393	1232	1072	884	683	
1460	737	522	509	268	0	187	428	589	777	911	1031	1340	1273	1500	1688	1634	2036	2144	2010	2130	2479	2331	2693	2398	2666	2613	2867	2867	2961	2787	2988	2532	2586	2599	2974	2639	2224	2519	2438	2492	2010	2170	1983	1889	1782	1634	1460	1273	1085	884	
1420	911	696	589	375	187	0	294	442	589	723	844	1152	1112	1326	1514	1474	1862	1983	1876	1996	2345	2211	2572	2304	2559	2519	2773	2800	2907	2747	2961	2505	2572	2599	2988	2653	2251	2572	2492	2572	2077	2264	2077	2010	1916	1768	1608	1433	1232	1045	
1634	1179	964	884	670	428	294	0	549	402	589	804	1005	1125	1286	1460	1514	1849	1983	1929	2063	2398	2291	2653	2425	2693	2666	2934	2974	3082	2948	3175	2733	2814	2840	3242	2921	2505	2854	2787	2867	2358	2559	2371	2304	2211	2063	1889	1715	1514	1313	
1112	1192	964	670	589	589	442	549	0	495	482	469	857	683	911	1098	1031	1433	1541	1433	1554	1902	1768	2130	1889	2144	2117	2385	2412	2532	2398	2626	2197	2291	2331	2760	2438	2036	2412	2371	2492	1969	2237	2077	2050	1983	1889	1755	1608	1433	1259	
1581	1514	1286	1098	924	777	589	402	495	0	214	469	603	804	924	1098	1206	1487	1634	1621	1768	2077	2036	2385	2197	2465	2465	2733	2800	2934	2814	3068	2653	2747	2814	3242	2934	2532	2921	2867	2988	2465	2720	2559	2519	2438	2318	2170	2010	1822	1621	
1474	1621	1393	1152	1018	911	723	589	482	214	0	268	415	603	710	884	991	1273	1420	1420	1567	1876	1835	2184	2010	2278	2291	2559	2626	2773	2666	2921	2532	2639	2706	3149	2854	2452	2854	2827	2961	2438	2720	2559	2532	2479	2371	2237	2077	1902	1715	
1259	1675	1433	1139	1058	1031	844	804	469	469	268	0	415	335	482	670	723	1031	1179	1152	1299	1608	1554	1902	1742	1996	2010	2291	2358	2505	2412	2666	2278	2398	2479	2921	2639	2251	2680	2653	2814	2291	2586	2452	2452	2412	2318	2211	2077	1902	1728	
1648	2036	1809	1527	1433	1340	1152	1005	857	603	415	415	0	562	482	603	871	978	1152	1259	1420	1675	1701	2010	1929	2184	2224	2505	2599	2760	2693	2961	2613	2733	2827	3296	3015	2639	3068	3055	3229	2706	3015	2867	2867	2827	2733	2613	2479	2304	2117	
1098	1849	1608	1259	1259	1273	1112	1125	683	804	603	335	562	0	268	428	388	750	857	817	951	1273	1219	1567	1420	1675	1701	1969	2050	2211	2130	2398	2036	2157	2251	2720	2452	2090	2532	2532	2706	2197	2532	2412	2452	2438	2371	2291	2170	2023	1876	
1326	2103	1862	1527	1500	1500	1326	1286	911	924	710	482	482	268	0	174	388	562	710	777	924	1192	1219	1527	1447	1701	1755	2023	2117	2291	2237	2519	2197	2331	2438	2907	2653	2304	2760	2760	2948	2438	2800	2680	2720	2706	2639	2559	2438	2291	2130	
1407	2278	2050	1701	1688	1688	1514	1460	1098	1098	884	670	603	428	174	0	375	388	549	683	830	1072	1125	1420	1393	1621	1701	1969	2077	2251	2224	2505	2211	2345	2465	2934	2706	2371	2827	2840	3041	2546	2907	2800	2840	2840	2800	2720	2599	2452	2304	
1058	2130	1902	1541	1567	1634	1474	1514	1031	1206	991	723	871	388	388	375	0	469	509	415	562	871	844	1179	1058	1313	1353	1634	1728	1902	1862	2130	1822	1969	2090	2559	2331	1996	2452	2479	2693	2197	2572	2479	2546	2559	2532	2479	2385	2251	2130	
1500	2586	2358	1996	2010	2036	1862	1849	1433	1487	1273	1031	978	750	562	388	469	0	187	482	603	737	884	1112	1179	1380	1487	1728	1862	2050	2063	2345	2117	2278	2412	2881	2680	2385	2854	2881	3122	2639	3028	2934	3015	3028	3001	2948	2854	2720	2586	
1474	2653	2425	2050	2090	2144	1983	1983	1541	1634	1420	1179	1152	857	710	549	509	187	0	361	455	549	710	924	1018	1206	1313	1554	1701	1889	1916	2197	1996	2157	2291	2760	2572	2291	2760	2814	3055	2586	2988	2907	3001	3028	3015	2974	2894	2773	2639	
1139	2438	2224	1849	1916	2010	1876	1929	1433	1621	1420	1152	1259	817	777	683	415	482	361	0	147	469	442	750	710	938	1018	1273	1393	1581	1581	1862	1634	1795	1929	2398	2211	1929	2398	2452	2693	2237	2639	2572	2666	2720	2720	2693	2626	2519	2412	
1152	2519	2318	1929	2023	2130	1996	2063	1554	1768	1567	1299	1420	951	924	830	562	603	455	147	0	348	281	603	562	790	871	1125	1259	1447	1460	1742	1541	1701	1835	2304	2144	1876	2345	2398	2653	2211	2626	2572	2680	2733	2747	2733	2666	2572	2479	
1474	2881	2666	2291	2371	2479	2345	2398	1902	2077	1876	1608	1675	1273	1192	1072	871	737	549	469	348	0	321	375	603	710	871	1072	1232	1433	1514	1782	1661	1835	1983	2425	2304	2103	2546	2626	2894	2479	2894	2854	2974	3041	3068	3068	3015	2921	2827	
1192	2653	2465	2077	2197	2331	2211	2291	1768	2036	1835	1554	1701	1219	1219	1125	844	884	710	442	281	321	0	361	308	495	603	844	978	1179	1219	1500	1340	1514	1661	2103	1983	1768	2224	2291	2559	2157	2572	2546	2666	2747	2787	2787	2747	2680	2599	
1500	3001	2814	2438	2559	2693	2572	2653	2130	2385	2184	1902	2010	1567	1527	1420	1179	1112	924	750	603	375	361	0	415	388	576	723	897	1098	1206	1460	1420	1594	1755	2170	2103	1943	2385	2479	2747	2398	2814	2787	2934	3028	3082	3095	3068	3001	2934	
1112	2653	2479	2103	2237	2398	2304	2425	1889	2197	2010	1742	1929	1420	1447	1393	1058	1179	1018	710	562	603	308	415	0	254	294	562	683	871	911	1179	1045	1219	1380	1809	1701	1527	1969	2050	2331	1969	2385	2371	2519	2613	2666	2693	2680	2613	2559	
1326	2881	2720	2345	2492	2666	2559	2693	2144	2465	2278	1996	2184	1675	1701	1621	1313	1380	1206	938	790	710	495	388	254	0	174	348	509	710	817	1072	1045	1206	1366	1782	1715	1608	2023	2117	2398	2077	2492	2492	2653	2773	2840	2881	2881	2827	2787	
1232	2787	2626	2264	2425	2613	2519	2666	2117	2465	2291	2010	2224	1701	1755	1701	1353	1487	1313	1018	871	871	603	576	294	174	0	268	375	576	643	911	857	1018	1192	1594	1527	1420	1835	1943	2224	1916	2318	2331	2505	2613	2693	2747	2747	2706	2680	
