M: 4
N: 50
Nun_Veiculos: 15
Capacidade_Total: 1145
Demanda_Total: 929
Setup_Min: 1
Setup_Max: 9
Raio: 100
Circulos: 1
Tempo_Processamento_Min: 1
Tempo_Processamento_Max: 49
Demanda_Min: 10
Demanda_Max: 30
Priority_Factor: 0.2
Range_Factor_R: 0.8
U_factor: 2
ALpha: 0.2Replicao: 4
Tempos_Processamentos
0	0	1	0	2	0	3	0	
0	4	1	17	2	42	3	8	
0	35	1	34	2	12	3	1	
0	15	1	36	2	45	3	47	
0	33	1	45	2	27	3	18	
0	13	1	42	2	10	3	25	
0	23	1	16	2	21	3	16	
0	23	1	45	2	13	3	46	
0	22	1	11	2	46	3	28	
0	48	1	3	2	17	3	9	
0	43	1	9	2	35	3	48	
0	3	1	34	2	9	3	47	
0	35	1	19	2	15	3	46	
0	10	1	18	2	40	3	9	
0	30	1	4	2	19	3	21	
0	33	1	48	2	25	3	5	
0	49	1	27	2	35	3	33	
0	7	1	4	2	41	3	36	
0	1	1	18	2	33	3	34	
0	49	1	15	2	29	3	29	
0	28	1	49	2	32	3	15	
0	37	1	8	2	25	3	32	
0	38	1	15	2	19	3	3	
0	10	1	29	2	48	3	32	
0	12	1	24	2	10	3	40	
0	4	1	40	2	19	3	22	
0	28	1	47	2	26	3	23	
0	13	1	34	2	23	3	35	
0	45	1	1	2	27	3	1	
0	46	1	30	2	30	3	48	
0	7	1	15	2	10	3	48	
0	19	1	36	2	33	3	44	
0	30	1	28	2	16	3	40	
0	18	1	47	2	30	3	45	
0	2	1	41	2	30	3	13	
0	4	1	49	2	17	3	39	
0	31	1	23	2	19	3	47	
0	30	1	42	2	19	3	46	
0	15	1	47	2	18	3	19	
0	31	1	36	2	46	3	22	
0	28	1	8	2	47	3	9	
0	37	1	42	2	44	3	2	
0	13	1	1	2	27	3	47	
0	43	1	36	2	31	3	6	
0	48	1	20	2	1	3	35	
0	33	1	16	2	6	3	24	
0	10	1	26	2	46	3	6	
0	30	1	8	2	31	3	27	
0	22	1	40	2	26	3	18	
0	37	1	49	2	5	3	34	
0	34	1	36	2	1	3	48	

Tempos_setup
M0
0	0	0	0	0	0	0	0	0	0	0	0	0	0	0	0	0	0	0	0	0	0	0	0	0	0	0	0	0	0	0	0	0	0	0	0	0	0	0	0	0	0	0	0	0	0	0	0	0	0	0	
0	0	3	1	2	3	2	2	2	2	2	2	2	2	1	2	2	2	1	2	3	1	1	3	3	3	2	2	2	3	2	2	1	2	3	3	1	2	2	2	3	1	2	2	1	2	2	3	2	2	2	
0	4	0	2	2	3	3	2	3	2	4	3	3	2	1	3	3	2	2	3	3	3	3	3	3	3	2	4	2	4	2	3	4	3	3	2	3	3	2	3	3	3	3	3	2	3	1	3	3	3	3	
0	2	2	0	1	3	3	3	1	3	3	3	3	2	3	3	3	3	3	3	3	3	2	2	4	2	2	2	3	2	2	2	3	3	4	3	3	2	2	3	2	2	1	3	3	3	2	3	3	2	2	
0	3	3	2	0	3	2	3	2	3	2	3	2	3	3	2	3	3	2	3	2	2	1	2	3	3	3	3	2	3	3	1	3	3	3	3	2	1	1	3	3	2	3	2	2	2	3	2	2	2	2	
0	2	3	2	3	0	2	3	3	3	3	3	1	2	2	3	3	1	2	3	2	2	3	2	2	3	2	3	1	2	2	3	2	1	1	3	2	2	3	2	2	2	2	3	2	1	2	3	1	2	2	
0	1	2	2	2	2	0	2	3	3	3	2	3	1	2	2	2	2	1	2	2	2	2	2	2	2	2	2	2	1	2	3	2	2	1	2	1	2	3	2	1	1	1	2	2	2	2	2	3	3	2	
0	2	2	1	2	3	4	0	2	2	3	3	3	2	2	1	2	3	3	3	2	3	3	3	1	3	3	3	3	3	2	3	3	3	3	3	3	3	3	3	3	2	2	1	3	2	2	3	2	3	1	
0	2	1	2	1	2	3	3	0	2	2	3	2	1	2	2	2	2	3	2	2	2	2	1	3	1	2	1	2	1	3	2	2	2	3	2	2	2	2	2	2	1	2	2	3	2	1	3	3	1	1	
0	2	3	3	3	1	3	3	2	0	3	4	1	2	2	1	3	2	3	3	3	3	2	3	1	3	3	3	2	2	2	3	2	2	2	3	3	2	2	3	1	2	2	3	2	2	2	2	2	3	2	
0	2	1	3	3	3	3	3	4	3	0	4	3	3	2	3	1	3	3	3	3	2	1	3	2	4	2	3	3	4	3	3	2	3	2	1	2	3	2	3	4	3	2	2	3	3	2	3	2	3	2	
0	2	3	2	2	3	2	2	2	2	3	0	2	2	1	2	2	2	2	2	2	2	1	2	3	1	3	3	2	2	1	1	3	3	1	3	3	2	2	2	2	2	2	2	1	3	2	1	3	1	2	
0	2	2	3	3	2	2	3	3	2	3	4	0	1	2	2	2	3	3	2	3	2	2	2	1	2	2	2	2	1	3	2	1	2	3	2	2	3	3	2	3	1	3	2	3	2	2	2	2	3	2	
0	2	2	3	3	2	2	3	4	3	2	3	2	0	2	1	2	2	2	1	3	1	1	3	2	1	2	3	1	2	2	3	3	3	2	1	2	2	2	3	3	2	2	1	2	3	2	3	2	3	2	
0	3	2	1	2	2	2	2	2	1	3	2	2	1	0	2	3	1	1	2	2	2	2	2	2	2	2	3	2	3	1	3	3	2	3	2	3	3	2	2	2	2	2	2	3	3	1	3	2	2	2	
0	1	2	2	2	3	3	2	3	2	3	3	3	2	1	0	3	2	2	3	3	2	2	3	3	3	2	3	2	3	2	3	2	2	2	3	2	3	2	3	2	1	3	3	2	2	1	3	3	2	3	
0	2	3	2	3	3	3	3	3	2	3	3	3	2	1	3	0	2	2	3	2	3	3	2	1	3	3	3	3	3	2	3	3	3	1	3	3	2	3	2	3	3	2	1	3	3	2	3	3	3	3	
0	2	2	2	2	3	1	3	2	2	2	2	2	2	2	2	2	0	2	2	2	1	3	2	3	3	1	3	2	2	3	2	2	1	2	2	2	3	2	2	2	2	2	2	3	2	2	2	1	1	1	
0	2	3	3	1	3	1	3	3	3	3	1	3	1	2	2	3	2	0	2	3	2	2	3	2	2	2	3	2	2	2	2	3	2	2	2	2	2	2	1	2	1	2	2	2	2	3	2	3	2	3	
0	2	1	2	2	2	3	2	3	2	3	3	1	2	1	3	2	2	2	0	2	2	3	2	1	2	3	2	2	1	1	3	2	2	1	1	1	2	2	2	3	2	3	3	2	3	2	3	2	3	2	
0	2	2	1	2	2	2	2	1	1	2	3	2	2	2	2	1	2	2	1	0	2	3	1	2	2	2	2	2	2	2	1	3	2	2	2	1	1	3	2	2	1	2	2	2	1	2	2	2	2	2	
0	3	2	3	2	2	2	2	3	3	1	2	2	1	2	2	1	3	1	1	2	0	2	2	2	2	2	2	1	2	2	3	2	3	2	2	2	2	1	2	3	2	2	1	2	2	3	3	2	2	2	
0	2	2	2	2	3	2	4	3	2	3	3	2	3	3	2	3	3	3	3	2	3	0	2	3	4	3	3	3	3	4	2	3	3	3	4	3	2	1	3	3	2	3	3	3	2	3	3	3	2	1	
0	2	2	3	3	2	2	3	3	2	1	3	2	1	2	2	2	1	3	1	3	2	2	0	2	2	2	2	2	1	2	3	3	2	2	2	2	2	3	1	2	3	3	2	2	1	3	3	2	2	2	
0	3	3	2	3	3	3	4	3	3	3	4	3	1	2	2	3	3	3	2	4	2	2	3	0	2	2	4	2	3	3	2	4	3	3	2	3	3	3	4	4	2	3	2	3	3	2	3	3	3	3	
0	2	3	3	3	4	2	3	3	3	3	3	3	3	2	1	3	1	3	2	3	2	3	3	3	0	2	4	3	3	3	3	3	2	2	3	3	3	3	2	3	2	3	3	3	2	2	3	2	2	2	
0	2	2	3	2	3	1	3	2	2	4	3	2	2	2	2	2	3	2	1	3	3	3	3	2	3	0	3	3	2	2	3	3	3	2	2	2	3	2	3	2	2	2	2	3	3	3	1	3	1	3	
0	3	2	2	3	3	3	3	2	3	2	3	1	2	3	2	2	2	2	2	3	1	2	2	2	3	3	0	2	2	2	1	2	3	3	3	3	2	2	1	1	2	3	2	2	3	3	2	3	3	2	
0	2	3	3	2	1	2	3	3	3	3	2	2	2	2	2	3	2	1	2	3	2	2	2	3	2	1	3	0	3	2	2	3	2	2	3	2	1	3	2	3	2	2	2	1	2	3	2	2	2	3	
0	2	1	2	2	1	3	3	3	2	3	3	2	2	1	2	1	2	2	2	2	2	3	3	2	1	3	1	2	0	2	2	3	2	2	3	2	3	3	1	2	3	3	2	3	2	2	3	2	3	1	
0	3	3	2	1	2	3	1	2	2	2	2	2	2	3	2	2	2	2	2	1	2	2	1	2	1	2	3	1	2	0	2	3	2	3	3	2	2	2	2	3	2	3	2	2	2	2	3	3	3	2	
0	2	2	1	2	3	3	3	1	3	2	3	3	2	2	1	2	2	2	2	2	2	3	1	3	2	2	2	2	2	2	0	2	2	3	3	2	1	3	2	2	1	2	2	2	2	2	1	2	2	2	
0	2	3	2	3	2	3	3	2	3	3	3	1	2	3	2	3	3	2	3	3	3	3	2	2	3	2	3	1	2	2	1	0	2	2	3	2	2	3	2	3	1	2	3	2	2	3	2	1	2	3	
0	2	2	1	2	3	2	3	2	2	3	2	1	1	1	2	3	2	1	2	3	2	2	3	2	2	3	3	2	2	2	3	2	0	3	2	3	3	2	2	3	2	2	2	3	3	1	3	3	3	3	
0	1	3	1	2	3	2	2	2	2	2	3	2	2	2	3	2	1	2	2	1	2	2	1	3	3	2	2	2	2	3	2	2	2	0	3	2	1	3	2	3	2	2	2	2	2	3	3	2	2	2	
0	2	2	2	2	3	2	2	3	2	2	3	2	2	3	2	2	3	2	2	2	1	3	2	3	3	3	3	2	3	3	3	3	2	2	0	1	2	1	2	3	2	2	2	2	2	2	3	1	2	1	
0	2	2	2	2	3	2	1	3	2	2	3	2	2	2	2	2	3	2	1	2	1	3	3	2	3	3	3	2	2	2	2	3	3	2	2	0	2	2	2	2	3	2	2	1	2	1	2	3	3	1	
0	3	2	3	2	2	2	2	2	2	2	2	2	2	2	2	2	2	1	2	3	1	3	1	3	3	2	3	1	2	3	2	3	2	2	3	1	0	2	2	2	2	2	1	1	2	2	3	1	1	2	
0	2	2	2	2	3	1	3	2	2	2	3	1	2	2	2	2	2	2	2	1	2	2	1	2	3	2	2	2	2	3	2	2	2	2	3	2	1	0	2	2	1	2	2	2	1	3	3	2	1	1	
0	3	2	3	3	2	2	3	3	3	2	3	2	1	2	2	2	1	3	1	3	2	2	3	2	2	2	3	2	2	2	3	3	2	2	2	2	3	3	0	3	3	3	2	3	3	2	3	2	2	2	
0	2	2	2	2	3	2	2	3	2	3	3	2	2	2	2	2	2	3	3	2	3	1	2	3	2	3	3	2	3	1	2	3	2	3	3	3	3	2	2	0	2	2	3	1	2	3	1	3	3	1	
0	1	3	2	3	4	2	2	3	3	2	3	2	2	2	3	3	3	2	2	2	2	2	3	2	3	1	3	3	3	3	3	2	1	3	3	1	3	3	3	2	0	3	3	2	1	2	2	3	2	2	
0	1	2	2	2	3	2	2	3	3	3	2	2	3	2	2	3	3	2	3	2	2	2	2	3	2	3	1	2	3	1	2	2	3	3	4	2	3	3	2	2	2	0	3	2	3	2	2	3	3	3	
0	2	3	3	3	4	3	2	3	3	4	3	3	3	2	3	1	3	3	3	3	3	3	3	2	2	4	2	3	4	2	2	2	4	2	4	3	3	4	2	3	3	1	0	3	4	3	2	3	4	3	
0	2	2	2	3	3	1	3	2	2	2	3	1	2	1	1	3	2	2	2	3	3	3	2	2	3	3	2	3	2	2	1	2	2	2	3	2	2	2	1	2	2	1	3	0	3	2	2	3	3	3	
0	1	2	2	3	4	2	2	3	3	3	3	2	2	2	2	3	2	2	2	3	2	2	2	3	2	3	3	3	3	2	2	2	1	3	3	1	3	3	2	1	2	2	3	1	0	2	2	3	2	2	
0	3	1	3	1	4	2	3	3	3	3	4	2	3	2	3	3	2	3	3	2	3	2	2	3	4	3	3	3	3	3	2	3	3	3	3	2	2	1	2	3	2	3	2	3	2	0	3	3	2	2	
0	3	3	2	2	3	3	2	3	3	3	3	3	1	2	2	1	2	3	2	2	2	2	2	2	2	3	2	2	3	1	3	3	3	2	2	3	3	2	3	1	3	3	2	2	3	3	0	3	3	2	
0	2	3	2	2	3	2	3	3	3	2	2	2	2	2	3	3	2	1	2	2	3	3	2	3	3	3	2	3	3	2	3	3	1	1	3	3	2	2	1	3	2	1	3	3	3	2	2	0	3	2	
0	3	2	2	1	2	3	3	1	1	3	3	2	2	1	2	2	2	2	1	3	3	2	2	2	2	3	2	2	1	2	2	3	3	2	2	2	2	2	2	1	2	2	1	2	3	2	2	2	0	2	
0	1	1	1	1	2	3	3	2	1	2	2	2	3	2	1	2	3	2	2	1	2	2	2	2	3	2	3	3	2	3	2	2	2	2	3	2	2	2	3	2	2	2	3	2	1	2	3	3	3	0	
M1
0	0	0	0	0	0	0	0	0	0	0	0	0	0	0	0	0	0	0	0	0	0	0	0	0	0	0	0	0	0	0	0	0	0	0	0	0	0	0	0	0	0	0	0	0	0	0	0	0	0	0	
0	0	4	1	2	4	2	2	2	3	2	2	1	3	3	3	3	2	3	3	3	2	3	1	3	3	3	3	1	2	2	2	3	3	2	2	3	2	3	2	1	3	3	2	2	2	3	3	1	2	2	
0	1	0	2	2	2	2	3	2	2	1	2	2	2	3	2	2	2	3	1	1	3	3	2	3	1	2	3	2	2	2	2	2	3	3	2	3	2	2	2	1	3	2	2	3	3	2	3	2	2	3	
0	3	3	0	2	3	2	2	2	2	3	1	3	2	3	2	3	2	2	3	3	3	3	1	3	3	3	3	2	2	2	2	2	3	1	2	3	2	3	2	1	2	2	3	1	1	2	3	2	2	3	
0	2	3	2	0	3	3	2	3	2	1	3	2	3	2	1	2	2	2	1	2	3	2	2	1	3	1	1	3	2	2	2	3	2	2	2	2	1	2	2	3	3	2	3	3	2	2	3	3	1	2	
0	2	4	3	3	0	2	4	2	3	3	2	3	2	1	3	2	2	3	3	1	3	3	2	3	3	3	3	3	3	2	3	3	1	3	3	3	4	2	2	3	3	1	3	3	3	3	2	3	2	3	
0	3	2	3	2	4	0	3	3	2	1	2	2	1	3	3	3	2	2	3	3	2	1	3	2	3	3	3	3	3	2	3	2	2	2	3	2	3	2	2	3	3	2	3	3	4	3	2	1	2	3	
0	2	2	2	2	2	2	0	2	2	2	3	2	2	3	2	3	2	1	3	2	3	3	1	3	3	2	3	3	3	2	3	3	1	3	2	3	2	3	2	3	1	2	1	2	3	2	1	3	2	3	
0	2	4	3	3	4	2	2	0	2	3	3	3	2	3	2	2	2	3	3	3	3	2	2	3	2	3	2	2	3	1	1	2	3	1	3	2	3	3	2	2	3	2	3	2	2	2	3	2	2	3	
0	3	3	1	2	3	3	1	3	0	2	2	3	3	3	2	2	3	2	3	3	3	1	2	2	3	3	2	2	1	2	2	2	2	2	3	3	3	1	2	2	2	3	2	2	2	3	2	3	2	1	
0	2	3	2	2	4	2	3	3	2	0	2	3	2	3	2	2	3	2	3	3	2	2	2	2	3	2	2	2	2	1	2	2	2	3	3	2	3	1	1	3	3	1	3	3	3	2	2	3	1	2	
0	3	3	2	2	3	3	3	3	2	2	0	3	3	2	1	2	3	2	3	3	2	2	2	3	2	3	3	3	2	2	3	1	2	3	2	2	3	3	2	2	3	2	3	1	2	1	3	1	1	2	
0	1	3	2	3	3	1	1	3	2	2	3	0	2	3	3	2	2	2	4	2	3	2	2	3	2	3	2	2	3	3	3	3	2	1	3	3	3	3	2	2	2	3	2	3	2	2	2	2	3	1	
0	2	3	2	1	3	2	2	3	2	2	3	1	0	3	2	2	2	2	2	2	3	1	2	2	3	2	2	2	2	3	3	2	1	2	3	1	2	1	2	3	3	3	3	2	3	2	1	2	1	2	
0	2	3	2	2	3	1	3	1	2	2	3	3	2	0	3	3	2	3	3	3	3	2	1	2	2	3	3	3	3	2	2	3	3	2	3	3	3	3	2	3	3	3	3	2	3	3	1	2	3	3	
0	3	3	1	3	4	3	3	3	3	1	2	3	3	4	0	2	3	3	4	3	3	3	2	3	4	2	3	3	2	2	3	3	3	2	3	3	3	2	2	2	2	2	4	2	1	3	3	3	2	3	
0	2	2	3	3	3	2	3	3	2	2	3	3	2	3	2	0	2	1	3	3	3	3	2	3	2	3	2	2	3	2	3	2	1	4	2	3	3	1	2	2	3	3	2	1	3	2	2	1	2	3	
0	3	3	3	2	2	1	2	2	2	2	2	2	2	3	2	3	0	2	2	1	2	2	3	3	3	2	1	3	1	2	2	3	2	3	1	2	2	2	1	2	3	2	1	2	2	3	2	2	3	3	
0	2	1	3	3	2	2	2	2	2	2	2	3	2	2	2	2	3	0	2	2	3	2	3	3	2	2	3	3	2	1	3	2	3	3	2	2	2	3	3	2	3	2	1	3	2	1	3	3	3	3	
0	1	2	2	1	3	3	2	3	3	1	2	2	3	3	2	1	2	2	0	3	3	2	2	2	3	1	2	2	1	2	1	3	2	2	2	3	2	2	2	2	3	2	3	2	2	2	3	2	2	3	
0	2	4	3	3	1	3	3	1	3	3	2	3	2	2	2	2	3	3	3	0	3	3	3	3	2	3	3	2	4	1	2	2	2	2	3	2	3	3	2	2	2	1	3	3	3	3	3	3	3	3	
0	2	2	3	1	4	2	2	2	2	2	1	1	3	1	2	2	3	3	2	3	0	2	2	2	3	2	2	3	2	3	3	2	2	2	3	3	2	3	3	3	3	3	3	2	3	2	2	2	1	2	
0	3	2	2	2	3	3	2	3	1	1	3	3	3	3	3	3	2	1	3	2	2	0	3	1	2	3	3	3	2	2	3	1	2	2	3	2	3	2	2	3	3	2	2	2	3	2	2	4	1	2	
0	3	4	3	1	3	2	3	3	3	2	3	2	3	3	2	3	1	3	2	2	3	3	0	2	2	2	2	3	2	3	3	3	3	3	2	3	2	3	2	3	4	2	2	3	3	3	3	3	2	3	
0	2	2	3	3	2	2	3	2	2	2	3	2	2	2	2	2	1	2	3	1	3	1	3	0	3	2	2	3	2	1	3	2	1	1	2	2	3	3	2	2	3	2	2	3	3	3	3	3	2	3	
0	2	3	3	2	3	2	2	3	2	1	2	2	1	2	3	2	1	2	3	2	2	2	2	2	0	1	2	1	2	2	1	1	2	2	2	2	1	2	2	2	3	2	1	2	2	1	2	3	2	2	
0	3	2	3	3	2	3	2	3	2	2	3	2	2	3	3	1	2	1	3	2	3	2	2	1	3	0	3	3	3	2	2	3	2	1	1	3	3	2	2	2	3	3	2	2	2	2	2	2	3	3	
0	2	3	3	3	2	2	2	2	2	2	3	3	2	3	3	3	2	2	2	1	3	3	3	4	3	3	0	3	3	2	2	2	1	3	3	1	2	2	3	3	3	2	2	3	2	3	3	3	2	3	
0	2	3	3	2	3	2	2	2	2	2	2	1	2	3	3	2	1	2	3	2	3	2	2	3	3	3	2	0	2	3	2	3	2	2	2	3	1	3	2	1	3	3	2	2	3	2	3	3	1	2	
0	3	4	3	1	4	3	2	3	2	1	1	3	2	3	2	2	3	3	2	3	3	3	2	2	3	2	2	2	0	1	3	2	3	3	3	2	2	1	2	2	2	2	3	2	1	2	2	2	2	3	
0	2	3	2	2	3	3	3	2	3	2	2	2	1	3	1	1	3	2	2	2	2	2	3	3	3	3	3	3	3	0	3	1	2	3	3	1	2	2	2	3	3	1	3	2	2	3	2	2	2	2	
0	1	3	2	2	3	3	1	3	2	2	3	2	3	3	3	3	2	2	3	3	3	1	1	2	3	3	2	1	2	2	0	2	2	2	3	3	2	2	3	2	2	3	2	3	1	2	2	2	2	3	
0	3	3	3	2	2	3	3	3	2	3	2	2	2	2	2	2	3	2	3	3	1	2	3	2	4	3	2	3	3	1	3	0	3	3	2	2	3	3	3	2	3	2	3	1	2	3	3	3	2	1	
0	1	4	2	2	3	2	3	3	2	3	3	2	1	3	3	3	1	3	3	2	3	2	2	3	4	2	2	2	2	2	3	3	0	3	2	2	3	2	2	2	3	3	2	3	3	2	2	2	1	3	
0	3	3	2	2	3	2	2	2	1	3	2	2	1	3	3	3	1	2	3	2	2	2	3	3	4	3	2	2	2	3	2	3	2	0	2	2	3	2	1	1	3	3	2	3	3	3	2	3	2	2	
0	2	3	2	3	3	2	1	2	2	1	2	1	3	3	3	3	3	2	4	3	3	2	2	3	3	3	3	2	3	2	1	3	2	2	0	3	2	2	2	1	2	2	2	2	2	2	1	3	2	2	
0	2	3	3	2	2	3	3	2	3	2	3	2	3	3	3	2	3	3	1	1	2	3	2	3	3	2	3	2	2	2	2	1	2	3	3	0	1	3	3	3	3	2	2	2	2	3	4	3	3	2	
0	2	3	3	1	3	2	2	4	3	1	3	1	2	3	2	1	2	2	2	3	3	3	1	2	3	2	2	3	3	2	3	3	1	2	3	3	0	2	2	3	2	2	3	2	3	3	3	2	2	2	
0	2	3	2	2	4	2	2	2	1	2	3	2	2	3	1	1	2	2	3	3	2	2	1	2	3	3	2	1	2	3	3	3	2	3	3	3	2	0	1	2	3	3	3	2	2	3	1	2	2	2	
0	3	2	3	2	3	3	2	3	2	3	2	2	3	2	3	3	2	1	3	2	1	3	3	3	3	3	1	4	3	2	3	3	2	3	3	2	2	3	0	3	2	3	2	2	3	2	3	3	2	3	
0	2	3	3	3	3	1	2	1	2	2	1	2	2	3	2	3	2	3	4	2	3	2	2	3	3	4	3	1	3	2	1	2	3	2	1	3	2	3	3	0	3	3	3	2	2	2	2	2	2	3	
0	3	4	2	3	2	3	4	2	3	2	3	3	3	2	1	3	3	4	4	1	2	3	3	3	2	3	3	3	3	2	3	3	2	3	4	3	3	3	3	3	0	2	3	3	2	3	3	4	2	4	
0	1	3	2	3	4	3	3	3	2	3	1	2	3	2	2	3	3	2	3	3	2	3	2	2	2	3	2	2	3	3	3	2	3	3	3	3	3	3	1	2	3	0	2	2	3	2	3	2	2	2	
0	3	3	2	2	2	1	2	2	1	2	3	2	2	3	2	2	2	2	3	1	3	2	2	2	3	1	2	3	2	2	2	2	2	2	1	2	1	2	3	2	3	2	0	3	3	3	2	2	2	2	
0	3	4	2	3	2	2	2	2	1	2	2	2	3	2	3	3	2	3	4	3	2	2	3	3	4	4	3	2	2	2	2	1	3	3	1	3	3	2	3	1	2	3	3	0	3	3	2	3	3	2	
0	3	4	3	2	3	2	3	2	3	2	2	3	2	3	2	2	3	3	3	2	3	3	3	3	3	3	3	2	1	1	2	2	2	3	2	2	2	2	3	1	1	2	4	3	0	3	3	3	3	3	
0	2	2	3	3	3	2	3	2	2	2	1	3	3	1	2	3	3	1	3	3	2	1	2	2	3	3	3	3	2	2	3	2	3	2	3	3	3	3	2	2	2	1	2	2	1	0	2	2	2	3	
0	1	3	1	3	3	2	2	3	1	2	2	2	3	2	3	3	2	2	4	3	2	2	2	3	4	4	2	2	2	2	3	2	2	2	2	3	3	2	1	2	3	3	3	1	2	3	0	2	3	2	
0	3	3	3	2	3	3	3	2	2	1	3	3	3	3	3	3	3	2	3	3	2	2	3	3	4	3	2	3	2	2	3	3	2	3	3	3	3	2	1	3	2	2	3	2	3	2	2	0	1	3	
0	2	3	2	1	4	3	2	3	1	2	2	3	2	2	2	3	2	2	2	3	3	1	3	2	3	2	2	3	1	2	3	2	1	3	3	3	2	2	3	2	2	2	3	2	2	1	3	3	0	2	
0	3	2	4	3	3	2	3	3	3	3	3	3	3	2	3	1	3	2	3	2	4	3	3	4	3	3	1	2	3	2	3	3	2	4	3	2	3	2	3	3	4	2	3	2	3	3	3	2	2	0	
M2
0	0	0	0	0	0	0	0	0	0	0	0	0	0	0	0	0	0	0	0	0	0	0	0	0	0	0	0	0	0	0	0	0	0	0	0	0	0	0	0	0	0	0	0	0	0	0	0	0	0	0	
0	0	2	2	3	2	1	3	3	3	3	2	3	3	3	3	3	2	3	2	2	3	3	3	3	3	1	2	3	3	3	2	3	3	3	3	3	3	2	4	2	1	1	3	4	3	2	3	3	3	3	
0	2	0	3	3	2	3	3	2	2	3	3	2	1	3	2	2	3	2	2	2	1	2	3	2	2	2	3	2	2	3	1	2	2	3	3	2	2	1	3	3	2	2	3	3	3	2	2	1	1	2	
0	2	4	0	3	2	2	2	2	2	1	2	3	3	3	2	2	2	1	2	3	2	3	2	2	2	3	2	3	3	3	3	3	3	3	3	3	1	2	2	2	3	2	3	2	3	2	2	3	3	1	
0	2	1	3	0	3	3	4	3	2	3	3	2	2	4	3	2	3	3	3	3	2	3	3	3	2	3	3	3	3	4	1	3	2	3	3	3	2	2	3	4	3	3	4	3	4	3	3	2	2	2	
0	2	2	1	2	0	2	3	2	3	2	3	3	3	2	1	1	2	2	2	2	2	2	2	2	3	1	2	2	2	2	2	2	2	1	2	2	1	2	3	3	3	2	2	3	1	1	2	1	1	2	
0	3	3	2	3	1	0	3	3	3	2	1	3	3	3	2	2	1	2	3	1	2	3	2	2	3	1	2	3	3	3	3	3	2	2	3	2	2	2	3	2	2	1	2	3	2	2	3	2	2	2	
0	2	3	2	2	2	1	0	2	3	2	2	3	3	3	3	1	2	3	2	1	2	2	2	2	3	2	1	3	3	2	2	2	1	1	2	1	1	2	3	2	2	2	2	2	2	1	2	2	3	3	
0	2	3	2	2	2	3	3	0	3	3	2	2	2	2	3	2	2	3	3	2	3	3	3	3	3	1	2	3	1	1	2	1	2	2	3	3	3	2	2	2	3	3	2	2	2	1	3	2	3	3	
0	2	3	2	2	2	2	2	1	0	1	2	2	3	3	2	3	2	3	2	3	1	2	3	2	2	1	2	1	2	2	3	2	2	3	2	2	3	1	3	2	2	1	3	3	3	2	2	2	1	3	
0	3	3	1	2	2	2	1	3	3	0	1	3	2	2	1	2	3	2	3	2	2	3	3	2	1	3	2	2	3	2	2	2	2	2	2	2	2	2	3	3	3	3	2	2	2	1	2	2	2	2	
0	3	2	2	3	2	3	2	2	2	1	0	2	2	3	2	2	2	1	2	3	2	3	2	2	2	2	2	2	2	3	3	2	3	3	3	1	3	1	2	2	2	2	1	2	3	2	2	2	3	1	
0	2	3	1	2	2	2	3	2	2	2	3	0	2	3	2	1	2	2	2	3	1	2	2	2	2	3	2	2	2	2	1	3	2	1	2	2	2	2	3	2	2	2	2	2	3	3	3	1	3	2	
0	1	3	2	3	2	2	3	2	2	3	2	2	0	3	2	2	3	3	3	1	3	1	3	2	1	2	3	2	2	3	2	2	2	3	2	2	3	1	3	3	2	2	2	2	3	2	2	2	2	2	
0	2	3	2	3	2	2	2	3	3	1	2	3	3	0	2	2	3	2	3	2	2	2	3	2	1	2	3	1	3	2	2	2	2	2	2	2	2	3	3	3	2	3	3	1	3	2	2	3	2	2	
0	2	2	3	1	2	1	3	2	2	2	2	3	2	1	0	2	2	3	2	2	1	3	2	2	2	2	2	2	2	3	1	2	2	3	3	1	2	2	3	2	2	2	1	2	3	3	2	3	1	2	
0	2	2	2	1	2	3	3	1	3	2	2	3	3	2	2	0	1	3	3	2	2	1	2	2	3	2	2	2	2	2	2	2	2	2	1	3	3	2	3	2	2	1	3	3	2	2	3	1	3	3	
0	3	2	1	2	3	2	2	2	3	2	3	2	3	2	3	2	0	2	3	1	2	2	1	1	3	2	2	3	2	3	2	3	3	2	3	2	2	2	3	3	3	3	2	3	1	3	3	3	3	2	
0	2	3	1	2	1	3	2	2	2	2	2	3	3	2	2	1	2	0	3	2	2	2	3	2	2	2	1	2	3	2	2	3	2	2	2	3	2	2	3	1	2	1	2	1	2	2	3	2	2	2	
0	1	3	2	3	1	2	2	3	2	1	2	3	3	2	2	2	3	2	0	2	3	3	3	2	1	2	3	2	2	3	2	2	3	2	1	3	2	3	3	3	2	2	2	3	2	2	2	2	2	3	
0	3	3	1	2	2	3	3	2	3	2	3	2	2	3	3	1	2	2	2	0	2	2	2	2	2	2	3	2	2	3	3	2	3	3	2	1	2	1	3	2	3	2	1	3	2	3	2	2	3	2	
0	2	3	2	2	2	3	3	2	3	2	2	2	3	2	2	2	2	2	1	3	0	2	2	1	2	2	2	2	1	3	2	2	1	3	2	2	2	1	3	2	1	3	3	2	2	3	3	2	3	2	
0	3	3	2	3	1	3	3	1	3	3	2	2	3	2	2	2	2	3	3	1	3	0	3	3	2	1	2	2	2	2	2	1	3	2	3	2	2	1	3	3	3	3	2	3	2	2	3	2	2	3	
0	3	3	2	2	2	1	1	3	3	2	2	3	3	1	3	2	2	3	2	2	1	3	0	2	2	2	2	2	2	3	3	2	2	2	3	2	2	2	3	3	2	2	3	2	2	2	3	3	3	3	
0	3	2	2	1	2	2	2	2	2	2	3	2	3	2	3	1	2	1	2	2	2	1	1	0	3	1	1	3	1	3	2	2	3	3	2	2	2	2	2	2	3	2	2	2	1	3	3	2	3	1	
0	2	3	2	2	1	3	2	2	2	2	1	2	2	2	2	2	2	2	3	2	2	2	2	1	0	2	2	3	2	2	1	1	2	2	1	2	2	2	3	2	2	3	2	3	2	2	1	2	2	2	
0	3	3	1	3	2	2	3	2	3	2	3	2	3	2	3	3	1	2	3	2	3	3	2	2	3	0	3	2	2	2	3	2	3	3	2	2	2	1	3	3	3	3	3	3	2	3	3	2	2	2	
0	2	4	2	3	2	2	1	2	2	3	3	3	2	3	3	2	3	2	2	2	3	1	3	2	2	2	0	3	3	3	1	2	2	2	3	2	2	2	3	3	2	3	1	3	3	2	2	3	3	2	
0	2	2	2	2	2	1	4	2	2	3	2	3	2	2	1	3	2	3	2	2	1	1	3	2	3	1	3	0	2	3	2	2	1	2	2	2	3	2	3	3	1	2	2	2	2	1	3	3	2	3	
0	3	3	2	2	2	3	3	1	2	3	2	3	3	2	2	1	1	3	3	2	2	2	2	2	3	2	2	2	0	2	2	1	2	2	2	3	3	2	3	1	2	2	2	3	2	2	3	1	3	3	
0	1	3	2	3	2	2	3	2	3	3	2	2	1	3	2	2	3	2	2	2	3	2	2	2	2	2	3	2	2	0	3	2	1	1	2	3	2	2	3	3	2	2	1	1	3	3	2	1	2	2	
0	1	3	2	2	2	2	3	2	1	2	2	3	1	3	3	1	2	3	2	2	2	2	2	2	2	2	2	2	3	3	0	3	1	3	2	2	1	2	2	3	2	2	3	2	3	3	2	2	2	1	
0	2	2	1	3	1	3	2	1	2	2	1	3	2	1	2	2	3	2	3	2	3	2	3	3	2	2	1	2	2	2	1	0	2	2	3	2	2	2	3	3	3	3	2	2	2	1	2	2	2	2	
0	2	2	1	3	1	3	3	1	3	2	1	3	3	2	2	2	2	2	3	2	2	3	3	3	2	2	2	3	2	2	3	2	0	2	1	2	2	2	2	2	2	3	2	1	2	2	3	2	2	2	
0	2	3	2	3	1	1	2	2	3	2	2	2	2	2	2	2	2	3	1	2	2	2	1	3	2	2	3	2	2	1	3	2	1	0	2	2	2	1	3	3	3	2	2	2	2	2	3	2	2	3	
0	1	2	2	3	3	2	3	2	3	2	3	3	3	1	3	2	3	3	3	1	3	2	3	2	2	2	3	2	3	3	2	3	3	3	0	2	3	2	2	2	1	2	2	2	1	3	3	3	3	3	
0	2	2	2	3	2	2	2	2	2	3	2	3	3	2	3	3	3	3	3	2	2	3	1	3	3	3	2	3	3	3	2	1	2	3	3	0	3	2	3	1	2	3	3	2	3	2	3	3	3	3	
0	1	3	3	2	2	1	2	2	2	3	2	2	4	2	3	2	2	2	2	2	1	2	1	1	3	2	2	2	2	3	3	2	2	2	3	2	0	1	3	3	2	2	3	3	2	2	1	2	2	2	
0	3	3	2	3	1	2	3	1	3	3	2	1	3	2	2	2	2	3	2	3	2	2	2	3	3	1	2	1	1	2	2	1	2	2	3	1	2	0	2	2	2	3	3	3	2	2	3	1	2	3	
0	2	3	2	2	3	3	3	2	2	2	3	3	2	1	2	2	3	2	3	1	2	2	2	1	2	2	2	2	2	1	1	3	2	2	3	2	2	2	0	1	2	2	2	2	2	3	3	2	3	2	
0	2	3	2	3	2	3	3	2	1	2	2	2	2	3	3	2	3	3	2	1	1	3	3	2	3	2	3	2	2	3	2	2	1	3	2	2	2	1	3	0	1	2	2	2	3	3	3	2	2	3	
0	1	3	3	2	2	2	3	3	2	2	3	2	2	3	2	2	3	4	2	3	3	3	3	3	3	2	3	3	4	4	1	4	2	3	3	3	2	3	3	3	0	2	2	3	3	3	3	3	3	2	
0	3	3	3	4	2	3	2	2	2	2	1	2	3	3	3	3	3	2	3	2	2	2	3	3	3	2	1	2	2	3	2	2	2	3	3	2	3	1	3	1	2	0	2	3	3	3	2	2	3	2	
0	2	3	3	2	2	3	3	3	2	2	2	3	1	3	3	2	2	2	1	2	2	2	2	1	1	2	2	2	2	3	2	2	3	2	2	2	3	2	2	3	3	3	0	2	2	2	1	3	3	1	
0	1	3	2	3	2	2	3	3	2	2	1	3	2	3	3	2	2	1	2	1	2	3	2	2	1	2	2	2	3	1	2	2	2	2	2	2	1	2	2	2	2	2	2	0	3	3	2	2	1	1	
0	3	1	2	3	2	3	2	1	2	1	2	2	2	2	2	3	3	3	3	2	2	1	2	3	2	2	2	2	2	2	2	2	3	3	3	1	3	1	3	2	3	3	3	2	0	2	3	2	2	3	
0	3	2	2	3	2	3	3	2	3	2	2	3	3	3	2	2	3	3	3	1	3	2	3	3	3	3	3	3	3	2	3	3	1	3	2	2	3	2	3	3	3	3	2	2	1	0	3	3	3	3	
0	3	3	2	3	2	2	3	3	3	3	2	3	3	3	3	3	1	3	2	2	1	3	2	2	3	3	3	3	2	2	2	2	2	1	3	1	3	2	3	2	2	3	3	3	2	1	0	3	3	2	
0	3	3	3	2	3	2	4	2	3	3	3	4	3	2	1	1	2	4	3	3	2	2	3	3	3	2	3	1	3	3	2	3	2	3	2	2	2	3	3	2	2	2	2	3	3	2	3	0	2	3	
0	2	2	2	2	2	3	3	2	3	3	2	2	3	2	3	3	2	2	3	3	2	3	3	3	3	2	2	2	2	3	2	1	3	2	4	2	3	1	3	3	3	3	3	3	3	2	1	2	0	3	
0	2	3	2	2	2	3	2	2	1	2	2	3	3	2	3	1	1	2	1	2	2	2	2	2	2	2	1	2	3	2	2	3	3	3	2	3	2	2	1	2	3	2	2	1	2	3	3	2	2	0	
M3
0	0	0	0	0	0	0	0	0	0	0	0	0	0	0	0	0	0	0	0	0	0	0	0	0	0	0	0	0	0	0	0	0	0	0	0	0	0	0	0	0	0	0	0	0	0	0	0	0	0	0	
0	0	2	3	2	2	2	2	2	2	1	2	1	2	3	3	2	2	1	3	2	3	2	3	2	1	2	2	2	2	3	1	3	2	3	2	2	2	3	2	2	2	3	2	3	2	1	3	2	2	3	
0	2	0	2	2	2	3	3	2	1	3	3	1	2	2	2	2	1	2	3	3	3	2	2	3	2	3	2	2	2	1	3	3	2	2	3	3	3	2	3	2	3	2	3	2	3	3	2	3	3	2	
0	2	2	0	2	3	2	2	3	3	2	2	2	2	2	3	1	3	1	2	2	3	3	2	2	3	3	2	3	3	2	2	3	1	3	2	2	2	3	3	3	2	1	2	3	1	2	3	2	1	2	
0	2	3	2	0	2	3	3	3	4	2	2	3	2	3	3	2	1	3	3	3	2	2	2	3	3	3	3	3	3	3	2	3	3	4	2	1	3	3	3	3	3	2	3	2	2	3	3	2	3	3	
0	2	3	2	2	0	2	3	3	2	2	3	2	2	2	2	3	2	2	2	3	3	3	2	1	1	2	3	3	2	3	2	1	2	3	2	2	2	2	3	2	2	1	3	4	2	1	1	1	2	3	
0	2	3	3	3	3	0	3	3	3	2	2	2	3	4	2	1	3	2	2	2	2	3	2	2	2	2	3	3	2	2	2	3	2	1	2	3	3	2	3	1	3	3	2	3	2	3	3	2	3	1	
0	2	3	3	4	3	2	0	4	3	3	4	3	2	4	3	3	2	2	2	3	3	3	2	3	3	3	2	3	3	2	3	4	3	3	3	4	3	1	3	3	3	3	3	3	1	3	3	3	3	3	
0	2	3	2	3	3	2	2	0	3	2	1	3	3	1	3	2	2	3	3	2	2	2	2	2	3	2	2	2	3	2	3	3	3	3	2	3	2	2	1	2	2	2	2	1	2	3	3	3	3	1	
0	1	3	1	3	1	2	3	3	0	2	3	2	3	1	2	1	2	2	3	2	3	1	2	2	2	3	2	3	3	2	2	2	2	3	3	3	3	3	2	3	3	2	3	3	2	2	1	2	2	2	
0	2	1	2	2	2	3	3	3	2	0	3	2	2	2	2	3	1	2	2	1	2	1	2	2	3	2	2	2	1	2	3	3	2	3	2	2	2	3	3	1	2	2	2	3	2	1	2	2	2	2	
0	1	3	2	3	2	1	1	1	2	2	0	2	3	2	2	2	3	2	2	3	1	3	1	1	2	1	2	2	3	3	2	2	2	2	1	2	1	2	2	2	2	2	1	2	2	2	2	2	2	2	
0	2	3	3	1	3	2	2	1	3	3	2	0	3	2	2	3	2	2	3	2	2	3	3	2	1	2	2	1	3	2	3	3	3	3	2	2	3	3	2	1	3	3	3	2	3	3	3	2	3	2	
0	3	3	3	2	2	3	3	3	3	3	3	3	0	2	2	3	3	2	3	4	3	1	3	2	3	3	2	3	3	3	2	3	2	4	3	3	1	3	4	3	2	2	2	4	2	1	3	3	2	3	
0	2	2	2	3	2	3	2	3	2	1	3	2	2	0	2	1	1	3	2	2	2	1	1	3	2	2	1	3	2	1	2	3	2	3	3	2	2	2	2	2	3	1	3	2	2	2	3	3	2	2	
0	1	3	3	3	3	2	2	1	3	2	2	2	3	2	0	1	2	2	3	2	2	3	2	3	2	3	1	3	3	3	2	3	3	3	2	3	3	3	2	3	3	3	2	2	3	2	3	3	2	2	
0	2	3	3	2	3	2	3	2	3	2	3	1	3	3	3	0	3	3	2	1	3	3	1	3	2	2	3	2	3	2	3	3	2	3	2	3	2	2	2	2	3	2	3	3	2	2	3	3	3	1	
0	1	3	1	3	1	3	3	3	3	2	3	2	1	2	3	2	0	2	2	3	3	1	1	2	2	2	2	3	3	3	2	2	2	4	3	3	2	3	2	3	3	2	2	4	2	2	2	2	2	3	
0	2	3	2	2	2	2	2	3	3	2	2	3	3	3	2	3	2	0	2	3	3	3	3	1	2	2	3	2	3	3	3	2	2	3	1	2	2	2	3	2	1	2	1	3	3	2	2	1	2	3	
0	2	3	2	2	2	2	3	3	1	2	2	2	3	2	2	2	3	3	0	3	3	2	3	2	2	3	2	3	3	2	2	2	2	3	2	2	2	2	3	3	2	3	3	3	1	3	1	1	2	3	
0	2	2	3	1	3	2	2	2	3	1	2	1	3	3	2	3	2	3	3	0	3	2	2	3	2	3	3	2	2	2	3	2	2	3	1	2	3	3	3	2	3	2	3	3	3	2	3	2	2	3	
0	2	3	3	3	3	2	2	1	4	3	2	3	3	2	3	3	3	2	3	2	0	3	3	2	2	2	1	2	3	2	3	2	2	2	1	2	3	3	2	1	3	3	1	2	3	3	2	2	2	2	
0	2	2	3	3	3	2	2	2	2	2	3	3	2	1	3	2	2	3	2	3	2	0	2	2	2	2	1	3	3	2	2	4	3	3	3	3	2	2	3	3	3	1	2	3	1	2	3	3	2	2	
0	1	3	2	2	2	3	2	3	2	2	3	2	2	2	2	3	3	2	1	3	4	3	0	3	2	1	3	3	3	3	2	3	1	3	3	3	1	3	1	3	2	1	2	4	2	2	2	2	3	2	
0	2	3	1	2	3	2	2	3	2	2	3	2	2	2	2	2	3	2	3	2	2	3	3	0	1	2	2	3	3	2	2	2	2	2	3	2	2	1	3	1	2	1	3	3	2	3	1	2	2	2	
0	1	3	3	1	3	1	3	3	3	2	2	2	3	3	2	2	2	2	3	2	2	2	3	2	0	2	2	3	3	2	2	4	3	2	3	1	2	3	3	1	3	2	3	3	2	2	2	2	3	2	
0	2	2	3	2	1	3	3	2	2	2	3	3	2	3	1	2	3	3	1	3	3	3	1	2	2	0	2	2	3	3	1	2	2	3	3	3	2	2	2	2	2	2	3	3	2	2	2	1	2	3	
0	1	2	3	2	2	2	1	2	3	2	2	2	3	3	3	3	2	2	3	3	1	3	3	3	1	3	0	3	2	3	2	3	3	3	2	2	3	2	3	2	3	2	2	3	2	2	3	3	1	3	
0	2	2	3	2	3	2	2	2	3	2	2	3	3	3	1	2	3	3	2	3	1	2	3	2	2	3	1	0	2	1	3	2	2	3	1	3	3	2	3	2	2	2	2	2	2	3	2	1	2	2	
0	2	3	3	3	1	2	2	2	2	2	2	2	3	3	1	2	3	3	1	3	2	3	3	2	2	3	2	3	0	3	2	2	3	2	3	1	2	3	3	3	3	2	1	3	2	2	1	2	2	3	
0	2	1	3	2	2	3	2	2	2	2	2	2	3	3	1	2	2	2	2	2	2	3	2	3	2	3	1	2	1	0	2	3	1	2	2	2	3	1	3	2	3	2	2	1	2	2	2	3	2	1	
0	2	1	3	3	3	3	2	1	2	3	2	2	1	2	3	1	2	3	3	2	2	2	2	3	2	3	1	3	3	2	0	4	3	2	3	3	1	3	2	3	2	3	2	2	3	2	3	4	2	2	
0	2	3	3	1	2	2	2	2	3	3	2	3	3	3	1	2	2	2	2	3	2	3	2	2	1	1	2	2	3	2	2	0	2	3	1	2	3	2	3	2	2	3	3	3	1	1	3	2	2	3	
0	3	2	3	1	3	3	1	2	3	1	3	1	2	2	3	2	2	2	3	2	3	2	3	2	2	3	2	2	2	3	1	3	0	3	2	2	2	2	3	2	2	3	3	3	2	1	3	3	2	2	
0	1	2	3	2	3	2	2	2	2	1	1	2	3	3	1	2	2	1	2	2	2	2	1	2	2	2	2	3	2	3	2	3	1	0	2	2	2	1	2	2	2	2	1	3	2	2	2	2	3	1	
0	1	2	3	2	3	1	1	2	3	2	1	2	3	2	2	2	3	2	3	3	2	3	2	2	2	2	2	1	3	2	2	1	1	2	0	3	2	2	3	2	3	2	2	3	2	2	3	2	1	2	
0	2	2	3	3	3	2	2	2	3	1	1	3	2	2	3	2	2	3	3	2	1	2	2	2	3	2	2	3	2	3	1	3	3	3	2	0	2	3	3	2	2	1	2	3	2	2	2	3	3	3	
0	3	4	3	2	3	3	2	4	3	3	3	3	2	3	3	4	3	3	2	3	3	2	4	2	3	3	3	2	3	3	3	4	4	4	3	2	0	3	4	2	4	2	1	4	3	3	2	3	3	3	
0	2	2	2	3	3	2	3	3	3	3	3	3	4	4	2	2	3	1	2	3	3	4	2	2	2	3	2	3	3	2	3	3	3	3	2	3	3	0	3	3	2	3	2	3	1	3	3	2	3	3	
0	2	3	1	3	2	3	3	4	3	2	3	3	3	3	3	2	2	2	2	3	3	3	1	2	3	2	3	3	2	3	3	3	2	2	2	3	2	3	0	2	1	2	3	4	2	3	3	3	2	1	
0	1	2	2	2	2	3	3	2	3	2	3	2	3	3	2	3	3	1	2	1	1	3	2	1	2	1	2	2	2	1	2	3	2	3	2	3	3	2	3	0	2	2	2	2	2	2	2	1	3	1	
0	2	3	2	2	1	3	2	3	3	2	3	2	2	3	3	2	1	3	2	3	3	2	2	2	2	3	3	3	3	4	2	2	1	3	3	3	3	3	2	3	0	2	3	4	3	2	2	2	3	3	
0	2	2	3	3	3	2	3	2	3	1	3	3	1	1	3	2	2	3	2	2	3	2	2	3	3	3	2	3	2	2	1	4	3	3	3	2	1	3	2	2	3	0	2	3	1	2	3	2	2	3	
0	2	3	2	3	4	2	1	3	3	2	2	2	2	2	4	3	3	3	2	3	2	3	3	3	3	3	3	3	3	3	2	4	3	3	3	1	3	2	4	3	3	2	0	4	2	2	1	3	2	3	
0	2	3	2	2	3	2	2	2	3	2	1	2	3	3	2	3	3	2	3	1	2	3	2	2	3	2	2	1	3	2	3	3	3	3	2	3	2	3	2	1	3	3	2	0	3	3	3	2	3	2	
0	1	2	3	3	2	1	2	3	2	2	3	2	3	3	2	2	3	2	1	2	2	3	3	3	2	3	1	2	2	1	2	3	2	2	3	3	2	2	3	2	3	3	3	2	0	2	2	2	2	2	
0	2	2	2	2	2	2	2	3	3	2	2	2	2	3	3	3	2	1	2	3	3	3	3	1	2	3	2	3	3	2	2	3	1	3	2	3	3	2	3	2	1	2	2	3	1	0	2	2	1	3	
0	2	2	3	2	3	1	3	2	2	3	2	1	2	3	3	2	2	3	3	3	3	3	3	3	2	3	2	2	3	3	1	4	3	2	3	3	2	3	3	2	3	2	2	3	3	2	0	3	1	2	
0	1	2	2	1	2	2	2	2	2	1	2	2	3	3	1	2	2	2	1	2	3	2	3	1	2	3	2	3	2	3	2	3	1	3	3	2	3	1	3	2	1	2	3	3	2	2	1	0	2	3	
0	1	1	3	3	3	2	2	2	2	2	1	2	2	2	3	3	2	2	2	3	2	3	2	2	2	2	1	3	3	2	2	3	2	2	2	3	2	3	3	3	2	1	2	2	2	1	2	3	0	3	
0	1	3	3	3	3	2	2	3	3	2	2	2	3	3	3	2	3	2	2	2	2	3	3	2	2	2	2	2	3	2	2	2	2	3	1	2	3	3	3	1	3	3	3	3	1	2	3	2	2	0	
Tamanho_Tarefas
0	16	2	15	18	19	19	14	11	16	28	18	17	15	13	21	36	9	21	30	22	19	12	18	20	12	31	22	14	38	11	26	16	21	21	18	25	22	16	30	14	25	16	23	14	16	9	17	20	7	16	
Data_Entrega
0	263	234	227	245	234	201	270	221	260	243	206	196	238	237	226	183	191	243	211	277	203	254	235	271	256	209	198	243	205	272	266	196	193	195	224	277	243	214	225	267	240	196	245	245	251	210	270	207	199	207	
Penalidade_Atraso
0	11	8	13	12	2	2	13	18	10	19	3	13	18	2	19	8	2	11	13	10	16	2	7	17	9	6	14	15	5	8	2	8	18	13	7	20	6	3	3	14	9	6	1	9	7	2	15	15	15	18	
Capacidade_Veiculo
43	98	88	88	55	92	41	101	96	68	69	67	57	84	98	
Custo_Fixo_Veiculo
430	980	880	880	550	920	410	1010	960	680	690	670	570	840	980	
Coordenadas_Clientes
x	0	y	0
x	77	y	0
x	121	y	15
x	107	y	27
x	93	y	37
x	101	y	55
x	90	y	65
x	67	y	63
x	48	y	58
x	60	y	94
x	45	y	97
x	33	y	101
x	17	y	94
x	5	y	82
x	-5	y	83
x	-19	y	101
x	-38	y	116
x	-34	y	74
x	-41	y	65
x	-68	y	82
x	-87	y	82
x	-84	y	61
x	-82	y	45
x	-70	y	27
x	-73	y	18
x	-118	y	14
x	-104	y	0
x	-97	y	-12
x	-112	y	-28
x	-116	y	-46
x	-93	y	-51
x	-68	y	-49
x	-69	y	-65
x	-54	y	-66
x	-48	y	-76
x	-33	y	-70
x	-38	y	-117
x	-16	y	-85
x	-6	y	-107
x	5	y	-93
x	18	y	-99
x	32	y	-100
x	34	y	-72
x	66	y	-105
x	52	y	-63
x	83	y	-78
x	72	y	-52
x	87	y	-48
x	94	y	-37
x	94	y	-24
x	120	y	-15
Tempo_Viagem
0	77	121	110	100	115	111	91	75	111	106	106	95	82	83	102	122	81	76	106	119	103	93	75	75	118	104	97	115	124	106	83	94	85	89	77	123	86	107	93	100	104	79	124	81	113	88	99	101	97	120	
77	0	46	40	40	59	66	63	64	94	102	109	111	109	116	138	162	133	134	165	183	172	165	149	151	195	181	174	191	198	177	153	159	146	146	130	163	125	134	117	114	109	83	105	67	78	52	49	40	29	45	
121	46	0	18	35	44	58	71	84	99	111	121	129	133	142	163	187	165	169	199	218	210	205	191	194	239	225	218	236	244	223	199	205	192	191	175	206	169	175	158	153	144	123	131	104	100	82	71	58	47	30	
110	40	18	0	17	28	41	53	66	81	93	103	111	115	124	145	169	148	152	182	201	194	189	177	180	225	212	207	225	234	214	190	198	185	186	170	203	165	174	157	154	147	123	137	105	107	86	77	65	52	43	
100	40	35	17	0	19	28	36	49	65	76	86	94	98	107	128	152	132	136	166	185	178	175	163	167	212	200	196	215	224	205	182	191	179	180	165	201	163	173	156	154	149	123	144	107	115	91	85	74	61	58	
115	59	44	28	19	0	14	34	53	55	69	81	92	98	108	128	151	135	142	169	188	185	183	173	177	222	212	209	228	239	221	198	208	196	198	183	220	182	192	175	173	168	142	163	126	133	110	103	92	79	71	
111	66	58	41	28	14	0	23	42	41	55	67	78	86	96	114	137	124	131	158	177	174	172	164	169	213	204	202	222	234	216	194	205	194	197	182	221	183	196	179	179	174	148	171	133	143	118	113	102	89	84	
91	63	71	53	36	34	23	0	19	31	40	50	58	64	74	94	117	101	108	135	154	151	149	141	146	190	181	180	200	213	196	174	185	176	180	166	207	169	184	167	169	166	138	168	126	141	115	112	103	91	94	
75	64	84	66	49	53	42	19	0	37	39	45	47	49	58	79	103	83	89	117	136	132	130	122	127	171	162	161	181	194	178	157	169	160	164	151	194	156	173	157	159	158	130	163	121	140	112	112	104	93	102	
111	94	99	81	65	55	41	31	37	0	15	27	43	56	65	79	99	95	105	128	147	146	150	146	153	195	188	189	210	224	210	191	204	196	200	188	231	193	210	194	196	195	167	199	157	172	146	143	134	122	123	
106	102	111	93	76	69	55	40	39	15	0	12	28	42	51	64	84	81	91	113	132	132	136	134	142	182	177	179	200	215	202	184	198	190	195	183	229	191	210	194	197	197	169	202	160	179	151	150	142	130	134	
106	109	121	103	86	81	67	50	45	27	12	0	17	33	41	52	72	71	81	102	121	122	126	126	133	173	168	171	192	209	197	180	194	188	194	183	229	192	211	196	200	201	173	208	165	185	157	157	149	138	144	
95	111	129	111	94	92	78	58	47	43	28	17	0	16	24	36	59	54	64	85	104	105	109	109	116	156	151	154	175	192	181	165	180	175	182	171	218	181	202	187	193	194	166	204	160	184	156	158	151	140	149	
82	109	133	115	98	98	86	64	49	56	42	33	16	0	10	30	54	39	49	73	92	90	94	93	100	140	135	138	159	176	165	149	164	159	166	156	203	168	189	175	181	183	156	196	152	177	149	153	148	138	150	
83	116	142	124	107	108	96	74	58	65	51	41	24	10	0	22	46	30	40	63	82	81	85	85	94	132	128	132	153	170	160	146	161	156	164	155	202	168	190	176	183	186	159	200	156	183	155	160	155	145	158	
102	138	163	145	128	128	114	94	79	79	64	52	36	30	22	0	24	30	41	52	70	76	84	88	97	131	131	135	156	173	168	157	173	170	179	171	218	186	208	195	202	206	180	222	178	205	177	182	177	167	180	
122	162	187	169	152	151	137	117	103	99	84	72	59	54	46	24	0	42	51	45	59	71	83	94	103	129	133	140	161	178	174	167	183	182	192	186	233	202	225	213	222	226	201	244	200	228	200	206	201	191	204	
81	133	165	148	132	135	124	101	83	95	81	71	54	39	30	30	42	0	11	34	53	51	56	58	67	103	101	105	126	143	138	127	143	141	150	144	191	160	183	171	180	185	160	205	161	191	164	171	169	161	177	
76	134	169	152	136	142	131	108	89	105	91	81	64	49	40	41	51	11	0	31	49	43	45	47	56	92	90	94	115	132	127	117	132	131	141	135	182	152	175	164	174	180	155	200	157	189	162	170	169	161	179	
106	165	199	182	166	169	158	135	117	128	113	102	85	73	63	52	45	34	31	0	19	26	39	55	64	84	89	97	117	135	135	131	147	148	159	155	201	174	198	189	200	207	184	229	187	219	193	201	200	192	210	
119	183	218	201	185	188	177	154	136	147	132	121	104	92	82	70	59	53	49	19	0	21	37	57	65	74	83	94	112	130	133	132	147	151	162	160	204	181	205	197	209	217	195	240	200	232	207	217	216	209	228	
103	172	210	194	178	185	174	151	132	146	132	122	105	90	81	76	71	51	43	26	21	0	16	36	44	58	64	74	93	111	112	111	126	130	141	139	183	160	184	177	189	198	177	222	184	216	191	202	203	197	217	
93	165	205	189	175	183	172	149	130	150	136	126	109	94	85	84	83	56	45	39	37	16	0	21	28	47	50	58	78	96	96	95	110	114	125	124	167	145	169	162	174	183	164	209	172	205	181	192	194	189	210	
75	149	191	177	163	173	164	141	122	146	134	126	109	93	85	88	94	58	47	55	57	36	21	0	9	49	43	47	68	85	80	76	92	94	105	103	147	124	148	141	153	162	143	188	151	185	162	173	176	171	194	
75	151	194	180	167	177	169	146	127	153	142	133	116	100	94	97	103	67	56	64	65	44	28	9	0	45	35	38	59	76	71	67	83	86	97	96	139	117	141	135	148	157	139	184	148	182	161	173	175	172	195	
118	195	239	225	212	222	213	190	171	195	182	173	156	140	132	131	129	103	92	84	74	58	47	49	45	0	19	32	42	60	69	79	91	101	112	118	151	140	163	162	176	187	174	218	186	220	201	214	218	215	238	
104	181	225	212	200	212	204	181	162	188	177	168	151	135	128	131	133	101	90	89	83	64	50	43	35	19	0	13	29	47	52	60	72	82	93	99	132	121	144	143	157	168	155	199	168	202	183	196	201	199	224	
97	174	218	207	196	209	202	180	161	189	179	171	154	138	132	135	140	105	94	97	94	74	58	47	38	32	13	0	21	38	39	47	59	69	80	86	119	108	131	130	144	156	144	187	157	191	173	187	192	191	217	
115	191	236	225	215	228	222	200	181	210	200	192	175	159	153	156	161	126	115	117	112	93	78	68	59	42	29	21	0	18	29	48	56	69	79	88	114	110	131	132	146	159	152	193	167	201	185	200	206	206	232	
124	198	244	234	224	239	234	213	194	224	215	209	192	176	170	173	178	143	132	135	130	111	96	85	76	60	47	38	18	0	23	48	50	64	73	85	105	106	125	128	142	155	151	189	168	200	188	203	210	211	238	
106	177	223	214	205	221	216	196	178	210	202	197	181	165	160	168	174	138	127	135	133	112	96	80	71	69	52	39	29	23	0	25	27	41	50	62	85	83	102	105	119	132	128	166	145	177	165	180	187	188	215	
83	153	199	190	182	198	194	174	157	191	184	180	165	149	146	157	167	127	117	131	132	111	95	76	67	79	60	47	48	48	25	0	16	22	33	40	74	62	84	84	98	111	104	145	120	153	140	155	162	163	190	
94	159	205	198	191	208	205	185	169	204	198	194	180	164	161	173	183	143	132	147	147	126	110	92	83	91	72	59	56	50	27	16	0	15	23	36	60	56	75	78	92	105	103	139	121	152	141	156	165	168	195	
85	146	192	185	179	196	194	176	160	196	190	188	175	159	156	170	182	141	131	148	151	130	114	94	86	101	82	69	69	64	41	22	15	0	11	21	53	42	63	64	78	91	88	125	106	137	126	141	150	153	180	
89	146	191	186	180	198	197	180	164	200	195	194	182	166	164	179	192	150	141	159	162	141	125	105	97	112	93	80	79	73	50	33	23	11	0	16	42	33	52	55	69	82	82	116	100	131	122	137	147	151	178	
77	130	175	170	165	183	182	166	151	188	183	183	171	156	155	171	186	144	135	155	160	139	124	103	96	118	99	86	88	85	62	40	36	21	16	0	47	22	45	44	58	71	67	105	85	116	106	121	131	135	162	
123	163	206	203	201	220	221	207	194	231	229	229	218	203	202	218	233	191	182	201	204	183	167	147	139	151	132	119	114	105	85	74	60	53	42	47	0	38	33	49	58	71	84	104	104	126	126	141	152	160	186	
86	125	169	165	163	182	183	169	156	193	191	192	181	168	168	186	202	160	152	174	181	160	145	124	117	140	121	108	110	106	83	62	56	42	33	22	38	0	24	22	36	49	51	83	71	99	93	108	119	125	152	
107	134	175	174	173	192	196	184	173	210	210	211	202	189	190	208	225	183	175	198	205	184	169	148	141	163	144	131	131	125	102	84	75	63	52	45	33	24	0	17	25	38	52	72	72	93	94	109	120	128	154	
93	117	158	157	156	175	179	167	157	194	194	196	187	175	176	195	213	171	164	189	197	177	162	141	135	162	143	130	132	128	105	84	78	64	55	44	49	22	17	0	14	27	35	61	55	79	77	92	103	111	137	
100	114	153	154	154	173	179	169	159	196	197	200	193	181	183	202	222	180	174	200	209	189	174	153	148	176	157	144	146	142	119	98	92	78	69	58	58	36	25	14	0	14	31	48	49	68	71	85	97	106	131	
104	109	144	147	149	168	174	166	158	195	197	201	194	183	186	206	226	185	180	207	217	198	183	162	157	187	168	156	159	155	132	111	105	91	82	71	71	49	38	27	14	0	28	34	42	55	62	75	88	97	121	
79	83	123	123	123	142	148	138	130	167	169	173	166	156	159	180	201	160	155	184	195	177	164	143	139	174	155	144	152	151	128	104	103	88	82	67	84	51	52	35	31	28	0	45	20	49	42	57	68	76	102	
124	105	131	137	144	163	171	168	163	199	202	208	204	196	200	222	244	205	200	229	240	222	209	188	184	218	199	187	193	189	166	145	139	125	116	105	104	83	72	61	48	34	45	0	44	31	53	60	73	85	104	
81	67	104	105	107	126	133	126	121	157	160	165	160	152	156	178	200	161	157	187	200	184	172	151	148	186	168	157	167	168	145	120	121	106	100	85	104	71	72	55	49	42	20	44	0	34	22	37	48	57	82	
113	78	100	107	115	133	143	141	140	172	179	185	184	177	183	205	228	191	189	219	232	216	205	185	182	220	202	191	201	200	177	153	152	137	131	116	126	99	93	79	68	55	49	31	34	0	28	30	42	55	73	
88	52	82	86	91	110	118	115	112	146	151	157	156	149	155	177	200	164	162	193	207	191	181	162	161	201	183	173	185	188	165	140	141	126	122	106	126	93	94	77	71	62	42	53	22	28	0	15	26	35	60	
99	49	71	77	85	103	113	112	112	143	150	157	158	153	160	182	206	171	170	201	217	202	192	173	173	214	196	187	200	203	180	155	156	141	137	121	141	108	109	92	85	75	57	60	37	30	15	0	13	25	46	
101	40	58	65	74	92	102	103	104	134	142	149	151	148	155	177	201	169	169	200	216	203	194	176	175	218	201	192	206	210	187	162	165	150	147	131	152	119	120	103	97	88	68	73	48	42	26	13	0	13	34	
97	29	47	52	61	79	89	91	93	122	130	138	140	138	145	167	191	161	161	192	209	197	189	171	172	215	199	191	206	211	188	163	168	153	151	135	160	125	128	111	106	97	76	85	57	55	35	25	13	0	27	
120	45	30	43	58	71	84	94	102	123	134	144	149	150	158	180	204	177	179	210	228	217	210	194	195	238	224	217	232	238	215	190	195	180	178	162	186	152	154	137	131	121	102	104	82	73	60	46	34	27	0	
Custo_Viagem
V0
0	662	1040	946	860	989	954	782	645	954	911	911	817	705	713	877	1049	696	653	911	1023	885	799	645	645	1014	894	834	989	1066	911	713	808	731	765	662	1057	739	920	799	860	894	679	1066	696	971	756	851	868	834	1032	
662	0	395	344	344	516	567	541	550	817	877	946	954	937	997	1195	1401	1143	1152	1427	1573	1479	1419	1281	1298	1677	1556	1496	1642	1702	1522	1315	1367	1255	1255	1118	1410	1075	1161	1006	989	937	713	903	576	670	447	421	344	249	387	
1040	395	0	154	301	378	498	619	722	851	954	1057	1118	1143	1229	1410	1616	1419	1453	1720	1874	1806	1763	1642	1668	2055	1935	1883	2029	2098	1917	1711	1771	1651	1642	1505	1771	1453	1513	1358	1315	1247	1057	1135	894	860	713	610	498	404	258	
946	344	154	0	146	240	352	455	567	696	799	894	963	989	1075	1255	1462	1272	1307	1573	1728	1668	1625	1522	1548	1935	1823	1780	1935	2012	1840	1634	1702	1591	1599	1462	1754	1427	1505	1350	1324	1264	1057	1186	903	920	739	662	559	447	369	
860	344	301	146	0	163	240	309	421	559	653	748	817	842	928	1100	1307	1135	1169	1436	1591	1530	1505	1401	1436	1823	1720	1685	1849	1926	1763	1565	1642	1539	1548	1419	1737	1401	1496	1341	1333	1281	1057	1238	928	989	782	731	636	524	498	
989	516	378	240	163	0	120	292	455	481	602	705	791	851	937	1100	1298	1169	1221	1470	1625	1591	1573	1487	1522	1909	1823	1797	1960	2055	1900	1702	1788	1685	1702	1573	1900	1565	1668	1513	1496	1453	1229	1401	1092	1152	946	885	791	679	619	
954	567	498	352	240	120	0	197	361	352	473	576	670	739	825	980	1178	1066	1126	1358	1522	1496	1487	1410	1453	1840	1754	1737	1909	2012	1857	1668	1763	1668	1694	1565	1909	1573	1685	1539	1539	1496	1272	1470	1143	1229	1014	971	877	765	731	
782	541	619	455	309	292	197	0	163	266	344	430	498	550	636	808	1006	868	928	1169	1333	1298	1290	1212	1264	1642	1565	1548	1720	1831	1685	1505	1599	1513	1548	1427	1788	1453	1591	1436	1453	1427	1186	1444	1083	1212	989	963	885	782	808	
645	550	722	567	421	455	361	163	0	318	335	387	404	421	498	679	885	713	765	1014	1178	1135	1118	1049	1092	1470	1393	1384	1556	1668	1530	1350	1453	1376	1410	1298	1668	1341	1487	1350	1367	1358	1118	1401	1040	1204	963	963	903	808	877	
954	817	851	696	559	481	352	266	318	0	129	232	369	481	559	679	860	825	903	1100	1264	1264	1290	1255	1315	1677	1625	1625	1806	1926	1806	1642	1754	1685	1728	1616	1995	1668	1814	1668	1694	1685	1444	1711	1350	1487	1255	1238	1161	1049	1066	
911	877	954	799	653	602	473	344	335	129	0	103	240	361	438	550	731	705	782	971	1135	1143	1178	1152	1221	1565	1522	1539	1720	1849	1737	1582	1702	1634	1685	1582	1969	1642	1806	1668	1694	1694	1453	1745	1376	1539	1298	1290	1221	1118	1152	
911	946	1057	894	748	705	576	430	387	232	103	0	146	283	361	447	619	619	705	877	1040	1057	1092	1083	1152	1496	1462	1479	1668	1797	1694	1548	1668	1616	1668	1573	1969	1651	1814	1685	1720	1728	1487	1788	1419	1591	1350	1358	1290	1195	1247	
817	954	1118	963	817	791	670	498	404	369	240	146	0	137	206	309	507	464	550	731	894	911	946	937	1006	1341	1315	1333	1522	1659	1565	1427	1548	1505	1565	1470	1874	1565	1737	1608	1659	1668	1427	1754	1376	1582	1341	1358	1298	1204	1281	
705	937	1143	989	842	851	739	550	421	481	361	283	137	0	86	258	464	335	421	627	791	782	808	799	860	1204	1169	1186	1376	1513	1419	1281	1410	1367	1427	1341	1745	1444	1625	1505	1556	1573	1341	1685	1307	1530	1281	1315	1272	1186	1290	
713	997	1229	1075	928	937	825	636	498	559	438	361	206	86	0	189	395	258	344	541	705	705	731	731	808	1135	1109	1135	1324	1462	1376	1255	1384	1341	1410	1333	1737	1444	1634	1513	1573	1599	1367	1720	1341	1573	1333	1376	1333	1247	1358	
877	1195	1410	1255	1100	1100	980	808	679	679	550	447	309	258	189	0	206	258	361	447	602	653	722	765	851	1126	1135	1178	1367	1513	1453	1350	1487	1462	1539	1470	1874	1599	1788	1677	1745	1780	1548	1909	1530	1771	1530	1565	1530	1444	1556	
1049	1401	1616	1462	1307	1298	1178	1006	885	860	731	619	507	464	395	206	0	361	438	387	507	610	713	808	894	1109	1143	1204	1384	1539	1505	1436	1573	1565	1651	1599	2003	1737	1935	1831	1909	1952	1728	2098	1720	1960	1720	1771	1737	1651	1763	
696	1143	1419	1272	1135	1169	1066	868	713	825	705	619	464	335	258	258	361	0	94	292	455	438	481	507	584	885	868	911	1100	1247	1186	1092	1229	1212	1290	1238	1642	1376	1573	1470	1548	1599	1384	1763	1384	1642	1410	1470	1453	1384	1522	
653	1152	1453	1307	1169	1221	1126	928	765	903	782	705	550	421	344	361	438	94	0	266	421	369	387	404	481	791	774	817	1006	1143	1092	1006	1135	1126	1212	1161	1565	1307	1505	1410	1496	1548	1341	1720	1358	1625	1393	1462	1453	1384	1539	
911	1427	1720	1573	1436	1470	1358	1169	1014	1100	971	877	731	627	541	447	387	292	266	0	163	223	335	473	550	722	765	842	1014	1169	1161	1126	1264	1272	1367	1333	1728	1496	1702	1625	1720	1780	1582	1978	1616	1892	1659	1737	1728	1659	1814	
1023	1573	1874	1728	1591	1625	1522	1333	1178	1264	1135	1040	894	791	705	602	507	455	421	163	0	180	318	490	559	636	713	808	963	1126	1143	1135	1272	1298	1393	1384	1754	1556	1763	1694	1797	1866	1677	2072	1720	2003	1780	1866	1857	1797	1960	
885	1479	1806	1668	1530	1591	1496	1298	1135	1264	1143	1057	911	782	705	653	610	438	369	223	180	0	137	309	378	498	550	636	799	954	963	954	1083	1118	1212	1204	1573	1384	1591	1522	1625	1702	1522	1917	1582	1866	1651	1737	1745	1694	1866	
799	1419	1763	1625	1505	1573	1487	1290	1118	1290	1178	1092	946	808	731	722	713	481	387	335	318	137	0	180	240	404	430	498	670	834	825	817	946	980	1075	1075	1436	1247	1453	1401	1505	1582	1410	1806	1479	1763	1565	1651	1668	1625	1806	
645	1281	1642	1522	1401	1487	1410	1212	1049	1255	1152	1083	937	799	731	765	808	507	404	473	490	309	180	0	77	421	369	404	593	739	696	653	791	808	903	885	1264	1066	1272	1212	1315	1393	1229	1625	1298	1591	1393	1487	1513	1470	1668	
645	1298	1668	1548	1436	1522	1453	1264	1092	1315	1221	1152	1006	860	808	851	894	584	481	550	559	378	240	77	0	387	301	326	516	662	610	576	713	739	834	825	1195	1006	1212	1161	1272	1350	1195	1591	1272	1573	1384	1487	1505	1479	1677	
1014	1677	2055	1935	1823	1909	1840	1642	1470	1677	1565	1496	1341	1204	1135	1126	1109	885	791	722	636	498	404	421	387	0	163	283	361	516	593	688	791	877	980	1023	1315	1221	1410	1401	1513	1616	1496	1883	1599	1900	1728	1840	1874	1849	2055	
894	1556	1935	1823	1720	1823	1754	1565	1393	1625	1522	1462	1315	1169	1109	1135	1143	868	774	765	713	550	430	369	301	163	0	111	249	404	447	516	627	705	808	851	1152	1049	1247	1229	1350	1444	1333	1711	1444	1737	1573	1685	1728	1711	1926	
834	1496	1883	1780	1685	1797	1737	1548	1384	1625	1539	1479	1333	1186	1135	1178	1204	911	817	842	808	636	498	404	326	283	111	0	180	326	335	404	507	593	688	739	1032	937	1126	1118	1238	1341	1238	1608	1350	1642	1487	1608	1651	1642	1866	
989	1642	2029	1935	1849	1960	1909	1720	1556	1806	1720	1668	1522	1376	1324	1367	1384	1100	1006	1014	963	799	670	593	516	361	249	180	0	154	249	412	481	593	688	765	989	954	1135	1143	1272	1376	1307	1659	1436	1728	1591	1720	1771	1771	1995	
