M: 4
N: 50
Nun_Veiculos: 22
Capacidade_Total: 1870
Demanda_Total: 955
Setup_Min: 1
Setup_Max: 9
Raio: 100
Circulos: 1
Tempo_Processamento_Min: 1
Tempo_Processamento_Max: 49
Demanda_Min: 10
Demanda_Max: 30
Priority_Factor: 0.2
Range_Factor_R: 0.8
U_factor: 2
ALpha: 0.2Replicao: 4
Tempos_Processamentos
0	0	1	0	2	0	3	0	
0	39	1	45	2	11	3	11	
0	12	1	28	2	41	3	25	
0	27	1	1	2	30	3	1	
0	31	1	49	2	38	3	44	
0	38	1	3	2	10	3	39	
0	39	1	17	2	9	3	32	
0	21	1	19	2	25	3	5	
0	41	1	34	2	46	3	16	
0	16	1	31	2	7	3	43	
0	44	1	30	2	42	3	41	
0	3	1	12	2	2	3	48	
0	39	1	40	2	40	3	36	
0	31	1	25	2	39	3	41	
0	48	1	12	2	19	3	30	
0	8	1	48	2	35	3	2	
0	2	1	41	2	11	3	17	
0	18	1	48	2	25	3	13	
0	18	1	46	2	37	3	23	
0	34	1	25	2	43	3	9	
0	43	1	13	2	14	3	4	
0	35	1	4	2	7	3	38	
0	45	1	42	2	40	3	13	
0	24	1	45	2	48	3	27	
0	38	1	22	2	31	3	44	
0	44	1	27	2	32	3	5	
0	39	1	7	2	12	3	43	
0	3	1	41	2	23	3	9	
0	29	1	37	2	6	3	30	
0	20	1	34	2	3	3	14	
0	39	1	15	2	17	3	30	
0	30	1	17	2	17	3	42	
0	11	1	30	2	16	3	30	
0	49	1	22	2	46	3	46	
0	38	1	15	2	41	3	30	
0	30	1	20	2	1	3	5	
0	5	1	18	2	13	3	6	
0	17	1	40	2	29	3	49	
0	11	1	28	2	29	3	41	
0	8	1	13	2	17	3	40	
0	9	1	34	2	33	3	46	
0	10	1	31	2	47	3	41	
0	29	1	27	2	46	3	44	
0	8	1	4	2	1	3	26	
0	35	1	40	2	13	3	42	
0	23	1	18	2	19	3	40	
0	6	1	48	2	16	3	16	
0	46	1	20	2	14	3	27	
0	9	1	2	2	17	3	9	
0	2	1	25	2	28	3	30	
0	5	1	32	2	47	3	12	

Tempos_setup
M0
0	0	0	0	0	0	0	0	0	0	0	0	0	0	0	0	0	0	0	0	0	0	0	0	0	0	0	0	0	0	0	0	0	0	0	0	0	0	0	0	0	0	0	0	0	0	0	0	0	0	0	
0	0	3	2	3	2	3	3	2	2	2	3	3	3	2	1	1	3	2	1	3	3	3	1	3	3	3	2	3	3	1	2	3	3	2	2	2	3	2	2	2	3	3	2	3	3	2	2	3	2	3	
0	3	0	2	2	3	3	3	2	2	3	3	3	3	2	2	2	3	3	3	3	2	2	3	3	2	2	4	2	3	3	3	2	3	3	2	1	4	3	3	1	1	4	2	4	3	3	3	3	3	3	
0	2	3	0	2	2	1	3	2	2	3	3	3	2	2	2	1	2	1	1	3	2	3	2	2	3	2	2	1	1	2	1	3	1	2	3	2	3	2	2	2	3	3	3	2	3	2	1	2	1	2	
0	3	2	2	0	3	2	1	2	2	3	2	1	2	2	3	2	2	3	3	2	1	2	3	3	2	3	2	3	2	3	2	2	3	2	2	1	2	3	2	1	2	3	2	3	3	3	2	3	3	2	
0	3	2	3	2	0	2	3	3	3	1	2	3	2	3	3	1	2	3	3	3	2	1	2	1	3	2	2	3	3	3	2	3	2	2	2	3	2	2	2	2	2	2	3	3	1	3	2	2	2	3	
0	3	3	2	3	2	0	2	2	2	3	2	3	3	2	4	3	2	2	1	3	2	3	3	3	2	1	2	2	3	2	3	3	1	3	3	3	3	2	2	1	2	3	2	3	3	3	2	2	3	3	
0	3	2	2	3	3	1	0	3	3	3	3	2	2	3	3	3	1	2	2	3	1	3	3	3	3	2	3	2	2	3	2	3	2	2	2	2	1	3	3	2	3	3	3	3	4	3	1	3	3	3	
0	2	2	2	3	1	3	2	0	2	2	2	2	2	3	2	2	2	2	1	1	2	2	3	2	1	2	2	3	2	2	1	2	3	2	3	3	3	1	1	1	2	3	2	2	2	3	2	3	2	2	
0	3	1	3	2	2	2	1	2	0	3	2	3	2	3	3	2	2	2	3	2	2	2	2	3	3	3	4	1	3	3	2	3	3	3	2	2	2	2	2	2	2	2	3	2	1	3	2	1	3	3	
0	2	2	3	2	2	2	3	2	3	0	2	3	3	3	3	1	2	2	2	2	2	2	1	3	2	3	1	3	3	3	2	3	1	3	3	2	1	2	2	2	3	2	2	2	3	3	1	1	2	3	
0	2	4	3	3	2	2	2	3	3	2	0	3	3	3	3	3	3	3	2	4	3	1	2	2	3	2	2	2	2	2	2	3	2	3	2	4	3	2	2	2	2	3	3	1	3	3	3	3	1	3	
0	2	2	2	1	2	2	1	2	1	2	3	0	2	3	2	1	2	2	2	1	2	2	3	2	3	2	1	2	1	2	1	2	2	3	3	2	1	2	1	2	1	3	2	3	2	3	2	2	2	2	
0	2	3	1	3	2	2	2	3	3	2	2	3	0	3	2	1	3	2	2	3	3	3	3	1	2	2	3	2	2	3	2	3	2	3	3	2	3	2	2	2	3	2	3	3	3	3	1	2	2	3	
0	2	2	2	3	3	3	2	3	2	2	2	3	2	0	3	2	2	3	3	1	2	2	1	2	3	1	3	2	3	2	2	3	3	3	3	3	2	3	2	2	3	2	1	3	2	3	3	3	2	3	
0	2	2	3	2	1	2	2	3	1	2	2	2	3	2	0	2	3	1	2	2	3	2	2	2	4	2	3	2	2	3	2	3	3	2	1	2	3	1	3	3	3	2	3	2	2	2	3	2	2	2	
0	3	3	2	3	3	2	3	2	2	3	2	3	2	3	2	0	4	2	2	3	3	3	2	3	2	2	3	3	3	2	1	3	3	3	2	2	4	2	3	1	2	3	2	3	3	3	3	2	1	3	
0	3	3	3	4	2	3	4	2	3	3	3	3	2	4	2	3	0	3	3	3	4	3	3	2	3	3	4	4	1	4	1	4	3	3	3	3	4	3	3	2	3	3	3	3	3	2	3	2	3	2	
0	2	2	2	3	2	3	3	2	3	2	2	2	3	1	3	1	3	0	3	2	3	2	1	2	3	2	3	3	3	3	2	3	2	3	2	1	3	1	2	2	3	3	2	1	3	1	3	3	2	2	
0	2	2	1	3	2	2	3	2	2	2	2	2	3	3	3	2	3	2	0	3	3	2	2	3	2	3	1	2	2	3	2	3	2	3	3	2	3	1	3	1	2	3	2	2	3	2	1	3	2	2	
0	1	1	2	3	2	3	3	3	2	2	3	2	1	2	2	2	1	2	2	0	1	3	2	2	3	3	3	3	2	1	2	2	3	2	2	2	2	3	1	2	2	3	3	3	3	2	2	3	2	2	
0	2	3	2	2	3	2	2	3	2	2	2	3	1	2	3	2	3	2	3	3	0	3	2	2	3	2	3	3	3	3	3	2	2	1	1	3	2	3	3	3	3	3	3	3	3	3	2	3	3	3	
0	2	3	2	3	3	1	3	2	2	2	2	2	4	3	3	2	3	2	2	3	3	0	3	3	3	2	3	2	3	3	3	2	2	4	3	3	3	1	2	2	1	3	3	2	3	3	3	3	3	2	
0	3	3	2	3	2	3	2	3	2	1	2	4	2	4	3	2	3	3	3	3	2	3	0	2	3	3	2	2	3	4	2	3	2	3	3	3	2	3	3	3	4	2	1	3	2	4	2	2	3	3	
0	3	3	3	3	2	3	2	2	2	1	1	2	2	2	2	2	3	2	3	3	2	2	2	0	3	1	2	2	3	3	1	2	2	3	2	2	2	1	1	2	2	1	3	2	3	3	2	2	2	2	
0	3	3	2	2	2	2	1	1	3	3	3	2	1	3	2	2	2	2	2	2	2	3	3	2	0	3	3	2	1	3	2	3	2	3	3	3	2	2	2	2	3	2	3	3	2	3	2	2	2	1	
0	3	2	3	3	2	2	1	3	1	2	1	2	3	1	3	3	2	2	3	2	2	2	2	3	3	0	3	1	3	3	2	2	3	2	3	3	2	3	1	2	2	3	2	2	2	3	2	2	2	2	
0	1	3	2	2	1	2	2	2	2	2	3	3	2	3	2	2	2	3	1	2	2	1	2	2	2	3	0	2	3	2	2	3	3	3	2	3	2	2	2	1	2	3	1	3	2	2	2	2	3	3	
0	3	2	2	3	2	3	2	2	1	2	3	2	2	2	2	3	3	2	3	3	3	3	1	3	2	3	3	0	3	3	1	2	2	3	3	2	3	3	1	1	2	3	2	3	2	2	1	2	2	2	
0	3	2	3	3	1	2	3	2	3	2	2	2	3	3	3	2	3	2	3	2	3	2	3	1	2	2	3	3	0	3	2	3	2	2	3	2	3	2	2	3	2	2	2	2	2	3	3	1	2	1	
0	2	3	1	2	3	2	3	2	2	1	2	3	2	1	3	2	2	2	2	2	3	3	2	3	2	2	2	2	2	0	2	2	2	1	1	2	2	3	3	1	2	3	2	3	3	1	1	2	2	3	
0	3	3	2	3	2	3	3	1	2	2	3	3	1	3	1	2	3	2	2	2	3	3	3	2	2	3	3	3	3	3	0	3	2	2	2	3	3	2	2	1	2	2	2	3	3	3	2	2	3	3	
0	2	3	1	3	2	2	2	1	2	2	1	3	2	2	3	2	3	2	2	2	3	2	3	3	2	3	3	2	2	1	2	0	2	2	2	3	2	2	2	2	3	3	3	2	3	2	2	3	2	3	
0	3	3	3	3	1	1	3	3	3	2	2	4	2	3	3	2	1	2	2	4	1	2	3	2	3	2	3	3	2	3	2	2	0	2	2	3	3	3	3	2	3	3	3	3	2	3	3	3	3	3	
0	3	2	2	3	3	3	2	2	1	1	3	3	1	1	3	2	2	2	3	2	3	3	1	2	3	2	2	2	3	3	2	2	2	0	3	2	1	3	3	2	3	3	2	3	2	3	1	2	3	4	
0	1	3	3	1	3	1	2	3	2	2	2	2	2	2	2	2	3	1	2	2	2	3	2	3	3	2	2	3	3	2	2	3	2	1	0	2	2	2	3	2	3	3	3	2	3	2	2	3	3	2	
0	3	1	1	3	3	2	3	3	3	2	3	3	3	1	3	2	3	2	2	2	3	1	2	3	3	2	3	2	2	3	2	3	2	3	3	0	3	2	3	2	2	3	2	3	3	2	2	3	2	3	
0	2	1	2	3	2	2	3	2	2	3	3	2	2	3	2	3	2	3	3	3	2	3	3	3	2	3	3	3	3	3	1	3	1	3	2	2	0	3	3	1	2	3	2	4	3	4	2	3	3	3	
0	3	3	3	2	2	2	2	3	2	1	1	1	3	4	2	1	3	3	3	2	3	1	2	2	3	3	2	3	2	3	2	3	2	3	2	3	2	0	2	2	2	2	3	1	3	3	2	2	2	1	
0	3	3	2	2	1	3	2	2	2	1	2	1	3	2	3	2	2	1	2	2	3	2	2	2	3	2	2	3	2	2	2	1	2	3	3	2	2	2	0	3	2	2	3	2	2	2	2	2	1	1	
0	3	2	1	2	2	2	2	1	1	2	3	3	2	3	3	2	3	2	2	2	2	2	3	2	1	2	3	2	2	3	2	2	2	3	2	3	3	2	2	0	1	3	1	3	2	3	2	2	2	2	
0	3	2	1	3	2	2	2	1	1	3	2	2	3	2	3	2	3	2	2	2	3	1	2	3	2	1	3	1	2	2	2	1	2	3	3	3	3	2	2	2	0	3	3	3	2	3	2	2	2	3	
0	3	2	2	3	2	2	3	3	2	3	1	2	3	2	1	3	3	2	3	3	3	1	3	3	3	3	2	3	3	2	2	3	2	3	2	1	1	2	3	2	2	0	3	2	3	3	3	3	2	3	
0	3	2	1	2	2	2	1	2	1	2	2	3	1	3	2	1	2	2	2	3	1	2	2	1	3	2	3	1	2	3	1	2	2	2	2	3	2	2	2	2	3	2	0	3	1	3	2	2	2	3	
0	2	3	2	2	1	2	2	2	2	2	2	2	2	3	2	2	2	2	3	3	2	2	3	1	2	2	3	2	3	3	1	2	1	2	1	3	3	2	1	1	2	2	2	0	2	3	3	3	2	2	
0	2	1	2	1	3	2	2	3	3	3	3	2	1	3	3	2	1	2	3	3	1	3	3	2	3	3	3	3	2	3	2	2	3	2	1	2	3	3	3	2	2	3	3	3	0	2	2	3	3	3	
0	1	2	3	3	3	3	4	3	3	2	2	3	2	3	2	2	2	3	2	1	2	3	2	3	4	4	3	4	3	2	3	3	3	3	2	3	2	3	2	3	3	3	3	3	4	0	3	3	3	3	
0	3	2	2	4	3	2	2	3	3	2	3	3	4	2	4	2	3	1	3	3	3	2	2	3	4	2	3	2	3	4	3	4	3	4	3	1	3	2	3	3	3	4	3	2	3	2	0	3	3	3	
0	2	1	3	3	2	1	3	1	2	2	2	2	2	2	2	2	2	1	2	1	2	1	2	2	2	2	3	3	2	2	2	2	2	3	2	2	2	1	1	2	2	1	3	1	3	2	3	0	2	2	
0	2	3	2	3	3	2	2	3	2	2	2	3	3	2	2	3	3	2	1	3	3	3	1	3	3	1	2	2	3	1	3	3	3	2	2	3	3	2	2	2	3	3	2	3	3	2	2	3	0	3	
0	3	3	3	2	1	2	2	3	2	2	2	1	3	3	2	2	2	2	2	2	2	2	2	2	3	2	2	3	2	2	2	2	1	3	3	2	2	1	1	2	2	1	3	2	2	3	3	2	1	0	
M1
0	0	0	0	0	0	0	0	0	0	0	0	0	0	0	0	0	0	0	0	0	0	0	0	0	0	0	0	0	0	0	0	0	0	0	0	0	0	0	0	0	0	0	0	0	0	0	0	0	0	0	
0	0	3	3	3	3	2	1	2	3	2	2	4	3	2	3	3	4	3	4	3	3	3	2	2	2	3	3	3	2	3	4	2	2	2	3	3	3	3	1	4	3	3	3	3	3	3	1	3	3	3	
0	3	0	3	2	3	2	2	2	3	2	1	2	3	2	2	3	3	2	3	2	2	1	1	2	2	2	2	2	1	3	2	2	3	2	3	3	3	2	2	1	4	2	2	2	3	2	2	2	2	2	
0	3	3	0	2	2	2	3	3	2	3	3	3	3	2	3	3	1	3	2	3	3	3	2	3	2	3	3	3	3	3	3	2	2	3	3	2	2	3	2	3	1	2	3	3	3	3	4	4	3	1	
0	3	3	4	0	3	3	3	2	3	2	1	3	1	2	2	3	3	3	2	3	3	3	2	3	3	3	3	2	2	3	2	2	2	3	3	3	3	3	1	2	3	3	3	2	2	2	4	2	2	2	
0	3	2	2	2	0	1	2	2	2	3	3	3	2	3	2	2	3	3	2	1	2	2	2	3	2	3	3	3	2	2	1	3	3	1	2	2	2	2	2	3	2	2	2	2	1	1	3	3	2	2	
0	2	3	3	3	1	0	2	3	3	2	3	2	1	2	2	2	2	3	2	2	1	2	2	3	3	2	3	3	1	3	2	2	3	2	1	2	3	2	2	2	2	1	2	2	2	1	3	2	1	2	
0	3	2	3	3	3	3	0	1	4	2	3	3	3	3	2	4	3	2	3	2	3	3	3	3	3	3	2	3	2	2	3	2	2	3	3	2	3	2	1	3	2	3	2	2	2	4	2	3	2	3	
0	2	2	3	3	2	3	1	0	4	2	3	2	3	3	3	3	2	3	2	2	2	3	2	2	3	2	3	3	2	1	2	2	2	2	2	1	3	3	1	3	3	2	2	1	3	3	3	3	1	3	
0	2	3	3	2	2	2	2	1	0	2	3	2	3	2	3	3	2	3	2	2	2	3	2	1	2	2	3	1	1	2	1	3	2	3	2	2	3	2	2	1	4	2	2	2	3	2	3	2	1	1	
0	3	3	4	3	4	3	2	2	4	0	3	3	4	3	3	3	3	3	4	3	2	2	2	3	3	2	3	2	2	3	4	2	1	4	4	3	4	3	1	3	3	1	3	3	3	3	3	3	3	3	
0	2	2	3	1	2	2	2	1	3	2	0	3	2	2	3	3	3	3	2	2	2	3	2	3	2	3	3	1	2	2	3	2	2	2	3	2	3	3	1	2	3	2	2	1	2	1	3	1	2	1	
0	1	1	3	3	3	2	2	3	4	2	2	0	3	3	2	3	2	3	3	3	2	2	2	2	2	2	3	3	2	3	3	3	3	2	2	2	3	1	2	2	4	3	2	3	3	3	1	2	1	2	
0	2	2	3	2	2	2	2	3	2	2	2	3	0	1	2	2	3	2	1	3	2	2	1	2	2	2	2	3	2	2	1	1	3	2	3	2	2	2	2	1	2	3	2	2	1	2	3	1	3	2	
0	2	2	3	3	2	3	2	2	1	2	2	2	2	0	1	3	2	2	3	2	2	3	2	2	1	3	1	2	2	2	2	3	3	2	3	3	2	1	2	2	2	2	3	3	3	1	3	2	2	2	
0	2	2	2	2	3	3	3	2	2	3	1	1	3	3	0	2	1	3	2	3	3	2	2	3	3	3	3	2	3	3	3	2	3	1	3	3	2	2	2	3	3	1	2	2	3	2	2	2	2	2	
0	2	3	2	2	2	2	2	2	3	3	3	3	3	2	3	0	2	3	3	1	3	2	3	4	2	3	1	3	3	3	2	2	2	3	3	3	3	3	2	4	3	2	1	2	3	3	3	2	3	1	
0	2	3	4	1	2	3	3	3	2	2	2	3	2	3	3	2	0	2	1	3	2	2	1	2	2	3	2	3	3	3	2	2	2	3	2	2	1	3	2	2	3	2	3	2	2	3	3	3	3	3	
0	2	1	3	3	3	3	2	2	2	3	2	2	3	1	2	3	2	0	3	2	2	2	2	2	2	2	2	2	2	2	3	1	1	3	2	2	2	2	3	2	3	1	2	3	3	2	3	3	1	3	
0	3	2	3	3	2	3	2	2	3	1	2	2	3	2	2	1	2	1	0	2	1	1	3	3	3	2	2	3	2	3	3	2	2	2	3	1	3	3	2	3	3	2	2	3	3	3	2	3	2	2	
0	3	2	1	1	3	3	2	1	3	2	2	2	2	2	3	3	2	2	2	0	3	1	2	3	1	2	2	3	3	2	2	2	3	2	3	2	2	3	2	3	2	2	1	1	3	2	2	3	2	2	
0	3	2	3	2	3	3	3	3	3	3	2	2	3	3	1	1	1	3	2	2	0	2	2	3	2	1	2	3	3	4	3	3	3	2	3	3	2	3	3	2	4	2	2	3	3	3	3	3	3	2	
0	2	2	2	2	2	2	1	2	2	2	1	1	3	2	2	3	3	1	3	3	3	0	3	2	2	1	3	2	2	3	2	2	2	2	2	3	3	2	1	2	3	2	3	2	2	2	1	2	2	1	
0	2	2	3	2	2	3	2	3	3	2	2	3	2	2	3	3	2	1	3	2	3	3	0	1	1	3	1	2	3	2	3	1	2	2	3	3	2	2	3	2	3	2	3	3	3	2	3	2	2	2	
0	1	3	3	3	3	3	2	3	2	3	3	2	2	1	2	3	3	2	3	2	3	3	1	0	2	3	2	3	3	3	3	2	3	2	2	3	2	2	2	3	3	3	3	3	3	2	2	3	2	3	
0	2	3	2	2	2	2	2	2	2	1	3	3	1	1	2	2	3	2	2	1	2	2	2	2	0	3	2	3	2	3	2	2	2	3	2	3	1	2	2	2	3	1	2	2	2	1	3	2	3	1	
0	3	3	3	2	3	4	3	3	3	3	2	2	3	2	1	2	2	4	3	3	3	3	3	4	3	0	3	3	3	4	3	3	2	2	4	4	3	2	3	1	3	2	2	2	4	2	3	3	3	3	
0	1	3	4	2	3	2	1	2	3	3	2	3	2	2	3	3	1	3	2	3	2	2	2	3	3	3	0	3	3	3	3	2	3	3	3	2	2	3	2	3	3	1	3	3	2	3	2	1	3	3	
0	1	2	3	3	2	1	2	1	4	3	3	3	2	3	2	2	2	2	2	2	1	3	1	2	2	2	2	0	2	1	2	2	3	2	2	2	3	3	2	3	3	2	1	1	3	1	2	3	2	3	
0	2	2	2	2	3	2	2	2	2	1	2	2	3	1	2	2	2	3	2	1	1	2	2	3	2	2	2	2	0	3	2	2	2	2	2	2	3	1	1	3	3	2	1	1	2	2	3	1	1	3	
0	1	2	2	3	1	2	2	3	3	3	3	3	3	2	2	2	3	3	2	2	3	3	2	1	3	2	3	3	3	0	2	3	3	1	3	3	3	2	2	3	3	2	3	1	2	2	2	2	3	3	
0	2	3	2	3	1	2	1	2	3	2	3	3	3	3	3	2	3	2	1	2	2	2	3	2	2	3	3	2	2	1	0	2	2	2	3	2	3	3	1	4	3	2	2	2	2	1	3	3	3	3	
0	2	2	3	2	2	3	3	2	3	3	1	3	3	2	3	3	3	1	3	2	3	3	3	2	3	3	3	2	3	1	3	0	2	2	3	2	3	3	2	3	2	2	3	2	3	2	3	2	2	2	
0	2	3	3	3	3	2	1	2	3	2	3	2	3	2	2	2	2	3	3	2	1	3	2	3	3	1	3	1	1	2	3	3	0	3	3	3	3	2	2	2	3	3	2	2	3	2	3	2	2	3	
0	3	3	1	3	2	2	2	3	3	4	2	2	3	3	1	1	2	4	3	2	3	3	3	2	3	4	2	2	3	3	3	3	3	0	3	3	3	3	3	4	2	2	2	3	3	3	3	3	3	2	
0	2	2	3	2	3	3	2	2	2	3	2	1	2	1	2	3	1	2	2	2	3	1	2	3	2	2	2	3	2	3	3	3	3	2	0	3	2	2	2	3	3	3	3	3	3	2	2	3	2	2	
0	2	1	2	3	1	2	3	3	3	3	2	2	2	3	2	2	3	3	3	2	2	2	2	3	3	1	2	3	2	3	2	2	3	1	3	0	3	3	3	2	2	3	1	2	2	2	3	3	3	3	
0	1	2	3	3	1	2	2	2	3	3	3	2	3	2	3	1	2	3	2	2	2	2	2	1	3	3	2	4	3	2	2	3	3	2	1	2	0	2	2	3	2	2	2	1	1	2	2	3	3	2	
0	2	3	3	3	3	2	2	2	3	2	2	2	3	2	1	3	2	3	2	3	3	2	2	3	3	3	3	2	2	2	4	2	2	2	3	3	3	0	1	4	3	2	3	3	2	3	3	1	3	2	
0	3	2	3	3	3	3	2	1	3	1	2	3	4	2	3	3	3	2	3	2	2	3	3	3	3	2	3	2	1	2	3	1	1	3	3	2	3	2	0	3	3	2	2	2	2	3	4	2	2	3	
0	3	2	3	1	2	3	2	3	2	3	2	3	2	1	2	3	3	3	2	2	2	3	2	3	2	1	2	3	2	3	2	2	3	2	3	3	3	1	2	0	3	2	1	1	3	1	2	2	3	3	
0	3	3	3	3	3	2	3	3	2	3	3	3	3	1	2	3	3	3	4	2	3	2	3	3	2	3	2	3	3	3	3	2	4	3	3	2	3	2	3	3	0	1	3	3	4	2	3	3	3	3	
0	3	3	3	2	3	3	2	3	3	3	2	2	3	3	3	2	3	2	4	3	4	1	4	3	3	2	3	3	3	2	3	1	3	3	3	3	4	3	2	3	3	0	2	3	3	3	2	3	3	2	
0	2	2	2	2	2	3	2	2	3	3	2	3	3	3	3	3	2	2	2	1	3	2	2	3	2	3	1	3	3	2	1	1	3	2	3	3	3	3	2	3	3	2	0	1	2	2	3	2	3	3	
0	3	1	2	2	3	2	3	2	4	2	2	3	3	3	2	2	3	2	1	1	2	2	1	2	2	3	2	3	2	3	2	2	3	1	2	2	3	3	2	2	2	1	2	0	4	3	3	3	3	3	
0	2	1	3	2	2	2	3	3	3	3	2	3	3	2	2	2	2	2	3	3	1	2	1	2	2	2	2	3	2	1	2	2	2	2	2	1	1	1	2	2	1	2	2	2	0	3	3	2	3	1	
0	3	3	2	2	1	2	1	2	3	2	3	3	3	2	2	2	2	3	3	1	1	2	3	4	2	2	3	3	1	3	2	2	3	2	3	3	3	2	2	3	3	1	2	2	2	0	3	2	2	3	
0	2	3	2	2	2	1	3	2	3	2	1	3	2	2	2	2	3	3	3	2	2	2	2	1	1	3	2	2	2	3	3	3	3	1	2	2	2	3	2	3	3	2	3	2	3	2	0	2	2	2	
0	1	2	3	2	2	1	1	2	2	3	1	2	2	1	2	3	3	2	3	2	2	3	1	2	2	3	2	2	2	2	3	2	3	2	2	2	2	2	2	3	2	2	3	2	1	2	2	0	2	2	
0	1	2	3	2	2	3	2	3	3	3	3	1	3	2	2	2	1	3	2	2	1	2	2	3	3	2	2	4	2	3	2	2	3	2	1	1	2	2	2	2	3	2	1	2	3	3	2	3	0	2	
0	3	3	3	3	1	1	2	2	2	2	3	2	2	1	2	3	3	2	3	2	2	3	3	3	1	2	2	2	2	3	2	2	1	2	2	3	2	2	1	3	3	2	2	3	2	2	3	3	2	0	
M2
0	0	0	0	0	0	0	0	0	0	0	0	0	0	0	0	0	0	0	0	0	0	0	0	0	0	0	0	0	0	0	0	0	0	0	0	0	0	0	0	0	0	0	0	0	0	0	0	0	0	0	
0	0	3	3	1	2	2	2	2	2	3	2	1	3	2	2	3	2	1	2	2	3	1	1	2	2	2	2	2	2	2	2	1	3	2	1	2	2	3	2	3	3	2	3	2	2	3	2	3	2	1	
0	2	0	3	2	2	3	1	2	2	3	2	2	3	3	2	2	3	2	1	2	1	1	3	2	2	2	2	3	2	2	2	2	3	2	2	2	3	2	3	2	3	1	1	1	2	3	3	3	1	3	
0	2	3	0	1	2	1	3	3	2	1	1	2	3	2	2	2	2	3	3	1	3	2	2	1	2	2	3	2	1	1	2	2	2	3	2	2	3	3	2	3	3	2	3	2	2	2	2	2	2	3	
0	1	3	3	0	2	3	3	2	2	3	2	1	3	3	1	3	3	2	3	1	2	2	2	2	2	3	2	1	2	1	2	2	3	2	2	2	3	2	1	3	2	1	2	1	2	2	3	3	1	2	
0	1	3	3	2	0	2	2	2	3	3	2	1	4	3	2	3	2	1	1	2	3	2	1	2	3	3	2	2	2	2	3	2	3	3	2	2	3	2	3	3	3	2	4	3	2	3	3	3	2	2	
0	2	2	3	2	1	0	2	2	2	2	2	1	3	2	3	1	3	2	2	2	2	3	1	1	2	2	3	2	2	2	1	2	1	2	2	2	2	2	2	3	3	2	3	2	2	1	1	2	2	3	
0	2	2	2	2	3	2	0	2	2	2	1	3	3	3	2	1	2	2	2	1	2	2	2	2	2	2	2	2	3	2	3	1	3	2	2	2	3	3	3	1	3	3	2	1	2	2	3	3	2	3	
0	2	2	2	3	2	3	3	0	2	3	3	1	3	3	2	2	3	2	2	3	2	3	2	2	2	3	2	2	2	3	2	2	3	2	2	2	3	2	1	1	3	3	3	3	3	1	3	2	1	3	
0	1	2	3	2	2	2	2	2	0	3	2	2	2	2	2	2	1	2	1	2	2	1	2	2	2	2	1	3	2	2	1	2	2	2	1	2	2	2	3	3	2	2	3	2	2	2	2	2	3	2	
0	3	3	2	2	3	3	2	3	2	0	3	3	4	1	2	3	2	3	3	2	3	1	3	3	3	2	3	1	2	3	2	3	2	2	3	3	3	2	3	2	2	2	4	3	3	2	3	3	2	3	
0	2	2	4	1	2	1	2	3	2	3	0	2	4	3	2	2	3	3	3	2	3	1	2	2	3	1	3	2	2	2	2	2	2	3	3	3	3	3	2	3	3	2	2	2	3	2	2	3	2	3	
0	1	3	2	2	3	2	3	1	3	3	3	0	3	2	2	2	3	2	3	3	3	2	2	2	3	3	3	1	3	3	2	2	3	2	2	3	3	2	2	2	2	2	4	3	2	2	3	3	1	2	
0	2	2	2	3	2	2	2	3	1	3	3	3	0	2	2	2	2	3	2	2	2	2	2	2	3	2	2	3	3	3	2	2	1	2	2	1	2	2	1	2	1	2	2	3	2	3	1	3	2	3	
0	2	3	2	1	3	3	3	3	2	3	3	2	4	0	2	3	3	3	2	2	2	2	2	3	2	3	2	2	3	2	2	2	3	3	3	3	3	1	2	1	3	2	3	2	3	3	2	2	2	3	
0	2	3	2	3	1	3	2	3	2	2	2	2	4	3	0	2	2	2	2	3	3	3	2	1	3	2	3	2	3	2	2	3	2	3	2	3	3	2	4	3	3	3	3	2	1	3	3	4	3	3	
0	1	3	3	2	3	2	2	3	2	4	3	2	3	3	2	0	2	1	2	2	3	2	2	3	3	2	2	2	2	3	3	2	2	2	2	2	2	3	2	3	3	3	4	3	2	1	3	2	3	2	
0	2	1	3	3	2	2	2	2	2	3	2	2	3	2	3	1	0	2	2	2	1	2	1	3	2	2	3	2	3	2	1	3	3	1	3	3	1	2	2	3	2	2	2	2	3	2	1	3	2	2	
0	1	2	2	2	2	1	1	3	3	3	2	2	4	2	1	2	1	0	3	2	2	2	2	2	2	3	1	1	3	2	2	2	2	2	1	1	2	3	3	2	2	2	3	2	2	2	2	2	3	2	
0	2	3	3	3	1	2	1	3	2	2	2	2	4	3	2	2	2	1	0	2	3	3	2	1	2	3	2	2	1	3	2	2	3	2	2	2	3	2	4	2	2	1	3	2	1	3	3	2	3	3	
0	2	3	2	1	2	3	2	3	1	3	2	2	3	2	1	3	2	2	2	0	3	2	3	2	2	3	2	1	3	2	2	2	3	2	2	1	3	2	2	3	2	2	3	2	1	1	3	2	2	3	
0	1	3	3	2	2	3	2	2	2	4	2	2	4	3	2	1	3	2	2	2	0	1	2	3	2	2	3	3	2	1	1	2	3	2	2	3	3	2	3	3	3	2	1	2	2	2	2	3	2	2	
0	2	3	3	2	2	2	1	2	1	3	2	2	3	2	1	2	2	3	2	1	2	0	2	2	2	1	2	2	1	3	1	2	2	2	2	2	3	2	3	2	3	2	3	2	2	2	2	2	3	2	
0	2	3	3	2	1	2	3	1	2	3	1	1	3	3	2	3	3	2	2	1	3	2	0	2	3	2	3	2	3	1	2	2	3	3	2	2	3	3	2	2	3	3	3	2	2	2	3	3	1	3	
0	3	3	3	2	2	2	3	2	2	1	1	3	4	2	2	2	3	3	3	2	2	2	2	0	2	2	2	1	3	2	1	3	3	2	1	3	2	2	3	3	2	2	3	2	3	2	3	3	3	2	
0	3	3	2	3	3	3	2	2	2	2	3	2	3	3	2	2	2	3	3	2	2	3	3	2	0	4	3	3	2	2	3	2	4	2	3	3	3	3	3	3	1	1	3	3	2	3	3	3	3	4	
0	2	2	3	3	1	1	2	3	1	3	2	2	3	2	2	2	2	2	2	2	3	2	2	2	3	0	2	3	3	3	2	1	1	2	2	3	2	2	2	3	3	2	3	3	2	2	1	3	2	3	
0	2	2	4	2	2	1	2	3	3	3	1	2	4	3	2	2	3	3	3	3	1	2	2	2	3	2	0	3	3	2	2	3	1	2	3	3	2	2	3	3	3	2	2	3	2	2	2	1	3	3	
0	2	3	2	3	3	3	3	2	2	3	3	2	3	2	2	3	2	2	2	3	2	2	2	2	2	3	3	0	2	3	3	2	3	1	3	2	3	3	2	3	1	1	3	3	3	1	3	2	3	3	
0	2	2	3	2	3	2	2	2	1	4	1	1	3	2	2	2	2	3	2	2	3	2	2	3	3	2	2	2	0	2	2	3	3	3	2	3	2	2	3	3	3	3	3	2	1	3	3	1	2	3	
0	1	3	2	2	2	2	3	2	1	3	1	2	3	3	2	3	2	2	2	3	2	2	2	2	2	2	2	3	3	0	2	2	3	2	2	3	3	3	2	3	3	3	2	1	3	3	3	3	1	2	
0	2	3	3	2	1	2	3	1	1	3	1	2	3	3	3	1	2	2	2	2	1	2	1	2	1	1	2	3	2	2	0	2	2	2	2	2	3	1	2	2	2	1	2	1	2	1	2	2	2	3	
0	1	2	3	2	2	2	2	3	2	2	2	2	2	2	1	3	2	1	1	1	3	2	2	1	2	3	2	2	2	2	2	0	3	2	1	2	2	3	3	3	2	2	3	3	2	2	2	3	2	2	
0	3	2	3	3	2	2	1	2	2	3	2	2	3	2	2	2	2	2	3	2	2	2	1	2	2	1	3	2	2	2	2	2	0	1	2	2	1	1	2	2	2	1	3	2	1	3	1	2	2	2	
0	2	3	3	2	3	2	2	1	1	2	3	2	3	1	2	3	2	1	2	3	3	2	3	3	1	3	2	2	3	3	2	3	2	0	2	2	3	2	2	2	2	2	3	2	3	2	2	3	2	3	
0	2	3	2	2	1	2	3	2	2	3	2	2	4	1	2	3	2	2	2	1	2	2	2	2	1	2	1	2	3	1	3	3	2	1	0	2	3	2	3	2	2	2	3	2	2	2	3	2	2	1	
0	2	3	1	2	1	2	2	3	2	2	2	2	3	1	2	3	2	2	2	1	3	3	2	2	3	3	3	2	2	2	3	3	3	3	3	0	3	2	3	2	3	3	3	3	2	2	3	3	2	3	
0	2	2	2	3	2	2	2	1	2	3	2	2	2	3	2	2	2	1	3	3	2	2	2	2	2	2	2	1	3	2	1	2	3	2	2	2	0	2	2	2	1	2	2	1	2	2	3	2	1	1	
0	2	2	3	2	2	2	2	2	1	3	2	3	3	2	2	2	2	2	2	2	1	1	2	2	2	2	2	2	2	2	1	2	3	2	2	3	2	0	2	2	3	2	2	1	3	2	1	3	2	3	
0	2	3	3	3	2	3	3	3	2	3	3	2	2	2	1	3	3	2	2	2	2	2	3	2	2	3	2	3	3	2	2	1	3	2	1	3	2	1	0	3	2	2	3	2	2	3	2	3	3	2	
0	3	3	1	2	2	2	2	2	3	2	2	2	4	3	3	3	3	3	3	2	2	3	1	2	1	3	1	3	2	2	3	3	2	3	3	3	3	3	3	0	2	2	3	3	2	3	2	2	2	2	
0	2	3	1	2	2	2	2	3	3	2	2	3	4	3	1	2	3	3	3	2	1	2	3	2	3	3	4	3	2	2	2	2	3	3	3	3	3	3	2	3	0	3	2	3	2	3	2	3	2	3	
0	2	2	3	3	2	3	3	2	1	2	2	1	3	2	2	2	2	2	2	2	3	2	3	1	1	3	2	2	1	3	2	1	3	1	2	3	3	3	3	3	2	0	3	3	2	3	3	2	2	3	
0	3	3	3	4	3	3	2	2	2	4	3	3	4	3	2	3	2	3	3	3	3	3	2	3	3	3	3	4	3	3	2	3	4	3	3	3	3	2	3	2	3	3	0	2	1	3	3	2	3	2	
0	2	3	2	3	3	2	2	1	1	3	2	2	3	2	2	2	2	2	2	2	1	1	3	2	2	2	1	3	2	1	2	1	2	1	2	3	2	3	2	2	3	2	1	0	2	2	2	2	1	3	
0	3	2	3	3	2	3	1	2	2	3	2	3	3	3	1	2	1	3	3	2	2	2	2	2	2	2	2	3	2	2	1	2	3	2	3	3	2	1	3	2	2	2	2	1	0	2	2	3	2	3	
0	1	2	2	2	2	2	2	2	1	3	2	2	2	2	2	3	2	2	1	2	3	2	2	2	2	2	2	3	2	3	2	1	3	1	2	1	3	2	1	3	3	2	3	3	2	0	3	1	3	2	
0	2	1	3	2	2	1	2	2	2	3	2	2	3	1	2	1	3	2	2	1	2	2	1	2	3	3	3	2	3	2	2	2	2	3	2	2	1	2	1	2	2	2	2	2	2	2	0	2	1	2	
0	3	1	3	3	2	2	2	2	2	3	2	2	4	3	1	2	3	3	2	2	2	2	1	2	2	1	3	3	3	2	1	2	2	3	3	3	3	2	3	3	3	2	2	2	2	2	2	0	2	4	
0	2	3	3	3	2	2	2	2	2	2	2	3	2	2	1	2	2	1	2	2	2	2	2	1	2	2	2	2	3	2	1	3	3	2	1	2	2	2	3	3	3	2	3	2	2	2	3	3	0	2	
0	2	2	3	3	2	1	2	3	1	2	2	2	3	3	2	2	2	1	2	3	3	2	2	1	2	3	2	2	2	3	2	2	2	2	2	2	3	2	3	3	3	1	3	2	1	2	2	3	3	0	
M3
0	0	0	0	0	0	0	0	0	0	0	0	0	0	0	0	0	0	0	0	0	0	0	0	0	0	0	0	0	0	0	0	0	0	0	0	0	0	0	0	0	0	0	0	0	0	0	0	0	0	0	
0	0	3	3	2	1	2	2	3	2	2	2	2	2	2	3	2	3	2	3	3	1	2	2	3	2	3	2	2	2	2	3	1	2	2	2	2	3	2	2	3	2	1	3	2	3	1	2	3	3	1	
0	2	0	2	2	2	3	2	3	3	2	3	2	2	1	2	1	3	2	3	2	2	3	2	2	1	3	3	2	2	2	2	1	2	2	2	2	2	3	2	2	2	3	1	1	2	3	3	2	3	3	
0	2	3	0	3	3	1	2	3	3	2	2	3	3	2	2	2	3	3	3	2	2	1	2	3	1	2	3	2	3	2	3	2	2	1	3	3	2	3	2	3	1	3	1	3	2	3	3	2	3	3	
0	3	3	1	0	2	2	3	2	4	3	3	3	1	2	3	3	3	2	2	2	3	2	2	3	2	3	3	3	3	2	3	3	3	2	2	2	3	3	2	3	2	3	2	2	1	4	3	3	3	3	
0	2	2	2	1	0	1	2	3	3	3	3	2	2	2	2	1	3	2	3	3	3	1	2	2	3	2	2	2	2	3	2	2	2	2	2	3	2	2	2	2	2	3	3	3	2	3	2	2	3	1	
0	1	3	3	2	2	0	3	2	2	2	3	2	2	1	1	3	3	3	2	3	2	3	3	2	2	3	2	1	2	2	2	2	2	2	2	2	3	3	1	3	2	2	3	2	1	2	3	3	3	2	
0	2	2	2	2	2	2	0	3	3	2	2	2	2	2	2	1	3	2	1	2	3	3	1	2	3	2	2	2	2	1	2	3	3	3	3	3	3	2	2	2	1	2	3	3	2	3	2	2	3	3	
0	2	2	3	2	2	2	3	0	2	2	2	3	2	2	2	3	3	2	3	3	2	2	2	2	3	3	3	2	2	1	1	3	3	1	1	3	2	2	2	2	2	3	2	3	3	3	1	1	4	2	
0	3	3	3	3	2	2	1	3	0	2	2	3	3	3	3	2	3	2	2	2	3	1	2	3	2	2	2	3	3	2	3	2	2	2	2	2	1	2	1	3	2	2	3	3	2	1	2	3	3	3	
0	1	2	3	2	2	3	2	3	3	0	3	3	1	3	2	3	2	2	3	2	2	3	2	1	3	3	3	2	3	1	4	1	2	3	3	2	3	3	2	4	2	2	1	3	2	2	3	3	3	2	
0	2	1	3	3	2	1	3	1	3	2	0	3	3	2	2	2	3	3	3	3	3	3	3	2	2	4	3	2	3	2	2	2	3	2	2	3	2	3	2	2	3	3	2	2	2	3	1	2	4	2	
0	3	2	2	3	3	3	3	3	2	2	3	0	3	3	2	2	3	2	4	1	2	3	2	3	3	2	2	3	2	3	3	3	3	2	3	1	3	2	3	3	3	4	2	2	3	3	3	2	2	3	
0	2	2	2	2	2	3	3	3	3	2	2	2	0	2	2	2	3	1	4	1	3	3	1	2	3	2	2	2	2	1	3	3	3	3	4	3	3	2	3	3	2	2	2	2	3	3	2	2	3	2	
0	2	2	2	1	3	2	3	2	3	2	2	3	1	0	2	3	2	2	2	2	2	2	2	2	3	2	2	3	2	2	1	3	1	1	2	3	2	3	3	3	3	2	2	3	2	2	2	3	2	3	
0	2	3	3	3	3	2	2	2	1	2	2	1	2	2	0	3	2	3	2	2	3	2	3	3	3	2	2	2	1	3	3	3	1	3	3	2	2	3	2	3	3	3	2	2	3	2	3	3	2	3	
0	1	1	2	3	2	3	2	2	2	3	2	1	2	2	2	0	2	1	2	2	2	2	2	1	2	2	3	2	1	3	1	2	2	3	2	2	2	3	2	1	1	2	2	2	3	2	3	1	3	2	
0	2	2	2	3	2	3	2	3	1	2	2	2	3	2	3	1	0	1	3	2	3	2	2	2	2	3	2	1	2	2	2	3	2	3	2	2	1	2	2	2	2	2	3	3	2	2	2	2	1	2	
0	2	1	1	2	1	2	2	2	3	3	1	2	2	1	3	1	3	0	3	3	3	2	2	2	2	3	2	3	2	3	2	2	2	2	3	3	3	3	3	2	2	3	2	2	3	3	2	2	3	1	
0	3	2	2	2	2	2	2	2	2	2	1	3	2	3	3	2	2	2	0	3	3	3	2	3	3	1	1	2	3	2	2	3	2	3	3	2	3	3	2	1	3	1	3	2	3	3	2	1	3	3	
0	2	1	1	2	2	2	2	2	2	2	3	2	2	2	2	2	2	2	3	0	2	2	1	3	2	2	2	2	1	2	2	2	2	2	3	3	2	3	2	3	2	3	1	1	2	3	2	1	2	3	
0	2	3	2	3	2	2	3	2	2	2	2	3	3	3	2	2	2	2	2	3	0	2	3	3	3	2	2	3	3	3	3	3	1	2	2	1	2	3	3	3	3	3	2	1	2	3	3	3	2	3	
0	2	2	3	3	2	2	1	2	3	2	2	2	3	3	3	1	2	2	2	3	2	0	2	2	3	1	2	2	2	2	2	1	1	1	3	2	2	3	2	2	2	3	2	2	3	2	3	2	2	3	
0	1	2	2	2	2	3	2	3	3	2	2	1	2	1	2	2	3	3	3	1	2	3	0	2	3	1	1	3	2	3	2	2	2	2	3	2	2	3	3	2	3	2	2	2	2	2	1	2	3	2	
0	2	3	3	2	1	2	3	2	3	2	2	3	3	3	2	2	2	3	2	3	3	2	3	0	2	2	2	3	3	3	3	3	1	3	2	3	2	3	1	3	3	3	2	3	3	3	3	3	2	2	
0	2	2	2	3	2	3	3	2	3	3	3	2	2	3	2	1	3	2	3	1	3	3	2	2	0	3	3	3	2	2	2	3	3	3	3	2	1	2	3	2	2	2	2	2	3	3	2	2	3	3	
0	3	1	2	2	1	2	3	3	3	3	2	3	3	2	2	2	2	3	4	3	3	2	3	3	2	0	3	3	3	3	3	2	3	3	3	3	3	2	3	3	3	4	2	1	3	4	3	3	3	2	
0	2	2	2	3	3	2	1	2	2	3	3	3	2	3	2	2	3	2	2	3	3	2	2	2	3	2	0	2	2	2	1	2	3	3	2	3	2	3	2	3	2	3	2	3	3	3	3	1	3	3	
0	2	2	3	2	2	3	3	3	3	1	2	3	2	3	2	2	3	2	3	3	3	3	3	1	3	2	2	0	3	1	3	2	2	2	3	1	3	2	2	3	2	3	2	3	3	1	3	3	3	3	
0	1	3	2	3	2	3	3	1	2	3	3	2	3	3	1	2	1	2	3	3	2	3	2	3	3	3	3	2	0	2	2	2	2	2	2	2	1	2	3	3	3	2	3	1	3	2	2	2	2	2	
0	2	1	2	1	1	2	3	3	2	1	2	2	1	2	1	2	3	2	3	2	3	2	2	2	2	2	3	1	2	0	3	2	2	3	3	2	3	3	3	3	1	3	2	2	2	2	3	2	3	2	
0	1	1	2	2	2	2	2	1	2	2	3	2	1	2	1	2	2	2	3	2	2	1	2	1	2	2	3	2	1	2	0	2	2	2	1	2	1	2	2	2	3	2	1	2	2	2	2	2	3	2	
0	2	3	3	3	3	2	3	4	3	2	3	2	3	2	2	2	4	2	4	2	3	4	1	2	2	2	2	1	3	2	3	0	3	2	2	1	2	3	1	3	3	3	3	3	3	2	2	3	4	3	
0	1	2	3	3	2	1	2	1	2	1	1	2	2	2	2	2	1	2	1	2	2	3	2	2	3	1	1	2	3	2	2	2	0	2	2	2	1	2	2	2	3	2	1	2	2	2	2	2	1	2	
0	1	2	2	2	2	3	3	3	3	2	3	2	2	2	2	2	3	3	3	2	1	3	1	3	3	2	2	2	2	1	3	2	2	0	3	2	1	2	3	2	2	2	3	2	3	2	2	3	3	2	
0	2	3	2	3	2	1	2	3	2	3	3	2	2	2	2	2	4	2	2	3	2	3	2	3	2	3	2	2	3	2	2	2	3	1	0	2	2	3	1	1	3	3	3	3	2	3	3	1	4	3	
0	2	2	2	3	2	3	3	3	2	1	2	2	2	2	1	1	3	1	3	2	2	3	2	2	3	1	2	2	2	2	2	2	2	1	3	0	2	3	3	2	2	3	2	2	3	3	3	2	3	2	
0	2	2	3	2	1	2	3	3	3	2	2	2	2	2	2	1	3	2	3	2	3	2	1	2	3	2	2	2	2	1	2	3	3	2	3	1	0	1	2	2	2	1	3	3	2	3	1	2	3	2	
0	2	1	3	3	3	1	3	3	2	3	3	2	3	2	1	2	3	3	2	3	3	3	3	3	2	3	3	2	2	2	2	2	2	3	2	2	3	0	2	3	3	2	2	2	2	3	3	2	3	3	
0	2	3	3	2	3	1	2	3	3	3	3	3	3	2	2	2	3	3	3	2	3	3	3	3	1	3	1	2	3	3	2	3	2	2	1	3	2	3	0	2	3	3	3	3	2	3	3	2	3	3	
0	2	2	1	2	1	2	1	3	1	2	2	2	1	3	2	1	3	2	1	2	3	2	2	2	2	2	2	2	2	2	2	3	3	2	3	1	2	3	2	0	2	2	2	3	3	2	3	2	4	2	
0	3	2	3	3	2	2	2	2	2	3	1	3	2	2	2	2	3	2	3	3	4	3	2	3	3	1	3	2	3	3	2	3	2	3	3	3	3	3	2	2	0	4	3	2	3	3	2	1	2	3	
0	2	3	2	1	1	2	2	3	3	3	3	3	2	3	3	2	3	3	3	3	3	2	3	3	3	3	3	3	3	2	3	3	2	3	3	3	3	2	2	3	3	0	2	3	2	3	3	3	3	2	
0	2	3	3	3	2	2	1	2	3	1	2	3	2	3	3	2	2	3	2	3	1	3	2	2	3	2	2	1	3	2	3	2	1	3	3	2	2	3	2	3	2	3	0	2	1	2	3	3	2	3	
0	3	3	1	2	1	2	3	3	2	3	3	2	3	3	1	2	3	3	3	2	3	2	3	3	2	3	3	2	2	3	3	3	2	2	3	3	3	3	3	3	2	4	2	0	3	3	2	2	3	2	
0	3	3	2	2	1	2	3	1	3	3	2	3	3	3	2	2	2	3	1	3	3	2	3	3	2	2	2	3	2	2	2	3	3	2	2	3	3	3	1	2	1	2	3	1	0	4	2	2	2	2	
0	2	2	2	2	2	2	3	2	3	1	1	3	2	2	2	2	3	1	3	3	3	3	3	2	2	3	3	2	3	1	3	2	3	2	3	3	2	1	3	3	2	3	2	3	3	0	2	3	3	2	
0	2	3	2	2	1	2	2	3	2	1	3	2	2	2	1	2	3	2	2	3	2	2	2	1	3	3	2	3	2	2	3	2	2	3	2	2	1	2	2	1	3	2	2	3	3	3	0	3	3	1	
0	2	2	2	2	2	2	2	2	1	2	2	2	1	2	2	2	3	1	3	2	3	2	1	2	2	2	2	1	2	2	1	3	3	3	2	2	2	2	1	3	3	3	2	3	3	2	2	0	4	2	
0	3	2	2	3	2	3	2	3	3	2	2	1	2	2	2	2	3	1	3	1	3	3	2	2	3	3	3	2	2	3	3	3	3	3	2	2	2	3	3	2	3	3	2	2	3	3	1	2	0	2	
0	2	3	3	2	1	2	1	2	3	2	3	1	2	1	2	2	3	3	2	2	3	2	1	2	2	2	1	3	3	2	2	2	2	2	3	2	2	3	3	2	2	3	3	3	3	3	1	2	3	0	
Tamanho_Tarefas
0	23	25	1	33	12	18	5	33	20	32	2	38	28	15	2	10	23	30	26	7	14	28	32	27	14	24	17	6	16	15	26	18	36	16	14	6	27	18	17	30	30	29	8	28	18	6	22	3	13	14	
Data_Entrega
0	285	195	184	213	229	192	210	259	250	216	276	233	251	234	188	262	227	283	271	245	224	246	234	265	208	196	239	280	212	181	229	187	282	277	215	252	248	204	205	219	263	282	254	195	261	203	219	276	207	263	
Penalidade_Atraso
0	19	12	8	14	7	13	6	9	17	1	14	4	19	2	19	4	8	1	20	1	9	18	2	8	5	20	18	5	8	9	12	10	17	3	4	17	3	5	7	19	4	8	15	6	3	7	9	10	20	13	
Capacidade_Veiculo
112	106	96	90	41	111	71	93	57	97	86	102	84	45	106	102	104	70	88	105	45	59	
Custo_Fixo_Veiculo
1120	1060	960	900	410	1110	710	930	570	970	860	1020	840	450	1060	1020	1040	700	880	1050	450	590	
Coordenadas_Clientes
x	0	y	0
x	105	y	0
x	116	y	14
x	121	y	31
x	101	y	40
x	78	y	43
x	78	y	57
x	57	y	54
x	59	y	72
x	62	y	98
x	51	y	109
x	32	y	98
x	17	y	89
x	5	y	85
x	-5	y	85
x	-14	y	73
x	-25	y	77
x	-43	y	91
x	-46	y	73
x	-55	y	67
x	-64	y	60
x	-83	y	60
x	-65	y	36
x	-74	y	29
x	-91	y	23
x	-77	y	9
x	-81	y	0
x	-103	y	-13
x	-112	y	-28
x	-78	y	-30
x	-84	y	-46
x	-63	y	-46
x	-59	y	-56
x	-55	y	-67
x	-43	y	-69
x	-51	y	-109
x	-37	y	-114
x	-14	y	-73
x	-7	y	-120
x	6	y	-95
x	18	y	-97
x	26	y	-82
x	48	y	-103
x	48	y	-75
x	77	y	-93
x	75	y	-71
x	85	y	-62
x	74	y	-40
x	81	y	-32
x	106	y	-27
x	83	y	-10
Tempo_Viagem
0	105	116	124	108	89	96	78	93	115	120	103	90	85	85	74	80	100	86	86	87	102	74	79	93	77	81	103	115	83	95	78	81	86	81	120	119	74	120	95	98	86	113	89	120	103	105	84	87	109	83	
105	0	17	34	40	50	63	72	84	107	121	121	125	131	139	139	150	172	167	173	179	197	173	181	197	182	186	208	218	185	194	174	173	173	163	190	182	139	162	136	129	113	117	93	97	77	65	50	40	27	24	
116	17	0	17	30	47	57	70	81	99	114	118	123	130	139	142	153	175	172	179	185	204	182	190	207	193	197	219	231	198	208	188	188	189	179	206	198	155	179	153	146	130	134	110	113	94	82	67	57	42	40	
124	34	17	0	21	44	49	67	73	89	104	110	117	127	136	140	151	173	171	179	187	205	186	195	212	199	204	227	239	207	218	199	199	201	192	221	213	170	196	169	163	146	151	127	130	111	99	84	74	59	55	
108	40	30	21	0	23	28	46	52	69	84	89	96	106	115	119	130	152	150	158	166	184	166	175	192	180	186	210	223	191	203	185	186	189	180	212	206	161	193	165	160	143	152	126	135	113	103	84	74	67	53	
89	50	47	44	23	0	14	23	34	57	71	71	76	83	92	96	107	129	127	135	143	161	143	152	170	158	164	189	202	172	184	166	169	172	164	199	194	148	183	155	152	135	149	121	136	114	105	83	75	75	53	
96	63	57	49	28	14	0	21	24	44	58	61	68	78	87	93	104	125	125	133	142	161	144	154	172	162	168	193	208	178	191	174	177	181	174	210	206	159	196	168	165	148	162	135	150	128	119	97	89	88	67	
78	72	70	67	46	23	21	0	18	44	55	50	53	60	69	73	84	106	104	112	121	140	123	133	151	141	148	173	187	159	172	156	159	164	158	195	192	145	185	157	155	139	157	129	148	126	119	95	89	94	69	
93	84	81	73	52	34	24	18	0	26	37	37	45	55	65	73	84	103	105	114	123	142	129	139	157	149	157	182	198	170	185	169	174	179	174	211	209	162	203	175	173	157	175	147	165	143	136	113	106	109	85	
115	107	99	89	69	57	44	44	26	0	15	30	45	57	67	79	88	105	109	119	130	147	141	152	170	165	173	198	214	189	205	190	195	201	196	235	233	187	228	200	199	183	201	173	191	169	161	138	131	132	110	
120	121	114	104	84	71	58	55	37	15	0	21	38	50	60	72	81	95	102	112	123	140	135	146	163	161	170	195	211	189	205	192	198	205	201	240	239	193	236	208	208	192	212	184	202	180	173	150	143	146	122	
103	121	118	110	89	71	61	50	37	30	21	0	17	29	39	51	60	75	81	91	102	119	114	125	142	140	149	174	190	168	184	172	178	186	183	223	222	177	221	194	195	180	201	173	196	174	168	144	138	144	119	
90	125	123	117	96	76	68	53	45	45	38	17	0	12	22	34	43	60	64	74	85	102	97	108	125	123	132	157	173	152	168	156	163	171	169	209	209	164	210	184	186	171	194	166	191	170	165	141	136	146	118	
85	131	130	127	106	83	78	60	55	57	50	29	12	0	10	22	31	48	52	62	73	90	85	96	113	111	120	145	161	141	158	147	154	163	161	201	203	159	205	180	182	168	192	165	192	170	166	142	139	150	122	
85	139	139	136	115	92	87	69	65	67	60	39	22	10	0	15	21	38	42	52	63	80	77	88	106	104	113	138	154	136	152	143	150	160	158	198	201	158	205	180	183	169	195	168	195	175	171	147	145	157	129	
74	139	142	140	119	96	93	73	73	79	72	51	34	22	15	0	11	33	32	41	51	69	63	74	91	89	98	123	139	121	138	128	136	145	144	184	188	146	193	169	172	160	186	160	189	169	167	143	141	155	127	
80	150	153	151	130	107	104	84	84	88	81	60	43	31	21	11	0	22	21	31	42	59	57	68	85	85	94	119	135	119	136	128	137	147	147	187	191	150	197	174	178	166	193	168	198	178	177	153	152	166	138	
100	172	175	173	152	129	125	106	103	105	95	75	60	48	38	33	22	0	18	26	37	50	58	68	82	87	96	119	136	125	142	138	147	158	160	200	205	166	213	192	197	186	213	189	219	200	199	175	174	188	160	
86	167	172	171	150	127	125	104	105	109	102	81	64	52	42	32	21	18	0	10	21	38	41	52	66	70	79	103	120	107	124	120	129	140	142	182	187	149	196	175	181	170	199	175	206	188	188	164	164	181	153	
86	173	179	179	158	135	133	112	114	119	112	91	74	62	52	41	31	26	10	0	11	28	32	42	56	61	70	93	110	99	116	113	123	134	136	176	181	145	192	173	179	169	198	175	206	189	190	167	168	186	158	
87	179	185	187	166	143	142	121	123	130	123	102	85	73	63	51	42	37	21	11	0	19	24	32	45	52	61	82	99	91	107	106	116	127	130	169	175	142	188	170	177	168	197	175	207	190	192	170	171	190	162	
102	197	204	205	184	161	161	140	142	147	140	119	102	90	80	69	59	50	38	28	19	0	30	32	37	51	60	74	91	90	106	107	117	128	134	170	178	149	195	178	186	179	209	188	221	205	207	186	188	208	180	
74	173	182	186	166	143	144	123	129	141	135	114	97	85	77	63	57	58	41	32	24	30	0	11	29	29	38	62	79	67	84	82	92	103	107	145	152	120	166	149	156	149	179	158	191	176	179	158	161	182	154	
79	181	190	195	175	152	154	133	139	152	146	125	108	96	88	74	68	68	52	42	32	32	11	0	18	20	29	51	68	59	75	75	85	96	102	138	146	118	163	147	156	149	179	160	194	179	183	163	166	188	161	
93	197	207	212	192	170	172	151	157	170	163	142	125	113	106	91	85	82	66	56	45	37	29	18	0	19	25	37	54	54	69	74	84	95	103	137	145	122	165	151	161	156	186	169	203	190	195	176	180	202	176	
77	182	193	199	180	158	162	141	149	165	161	140	123	111	104	89	85	87	70	61	52	51	29	20	19	0	9	34	50	39	55	56	66	77	85	119	127	103	146	132	142	137	167	150	184	171	176	158	163	186	160	
81	186	197	204	186	164	168	148	157	173	170	149	132	120	113	98	94	96	79	70	61	60	38	29	25	9	0	25	41	30	46	49	59	70	78	112	120	99	140	128	138	134	164	149	183	171	177	160	165	188	164	
103	208	219	227	210	189	193	173	182	198	195	174	157	145	138	123	119	119	103	93	82	74	62	51	37	34	25	0	17	30	38	51	61	72	81	109	120	106	143	135	146	146	174	163	196	187	194	179	184	209	186	
115	218	231	239	223	202	208	187	198	214	211	190	173	161	154	139	135	136	120	110	99	91	79	68	54	50	41	17	0	34	33	52	59	68	79	101	114	107	139	134	146	147	175	166	199	191	199	186	193	218	195	
83	185	198	207	191	172	178	159	170	189	189	168	152	141	136	121	119	125	107	99	91	90	67	59	54	39	30	30	34	0	17	21	31	42	51	83	92	76	113	105	116	116	144	133	167	158	166	152	159	184	162	
95	194	208	218	203	184	191	172	185	205	205	184	168	158	152	138	136	142	124	116	107	106	84	75	69	55	46	38	33	17	0	21	26	35	46	71	82	74	106	101	113	114	142	134	166	160	169	158	165	190	170	
78	174	188	199	185	166	174	156	169	190	192	172	156	147	143	128	128	138	120	113	106	107	82	75	74	56	49	51	52	21	21	0	10	21	30	63	71	55	92	84	95	96	123	114	147	140	148	137	144	169	150	
81	173	188	199	186	169	177	159	174	195	198	178	163	154	150	136	137	147	129	123	116	117	92	85	84	66	59	61	59	31	26	10	0	11	20	53	61	48	82	75	87	88	116	108	140	134	144	133	142	167	149	
86	173	189	201	189	172	181	164	179	201	205	186	171	163	160	145	147	158	140	134	127	128	103	96	95	77	70	72	68	42	35	21	11	0	12	42	50	41	71	67	78	82	108	103	134	130	140	131	140	165	149	
81	163	179	192	180	164	174	158	174	196	201	183	169	161	158	144	147	160	142	136	130	134	107	102	103	85	78	81	79	51	46	30	20	12	0	40	45	29	62	55	67	70	97	91	122	118	128	120	129	154	139	
120	190	206	221	212	199	210	195	211	235	240	223	209	201	198	184	187	200	182	176	169	170	145	138	137	119	112	109	101	83	71	63	53	42	40	0	14	51	44	58	70	81	99	104	128	131	143	142	152	176	166	
119	182	198	213	206	194	206	192	209	233	239	222	209	203	201	188	191	205	187	181	175	178	152	146	145	127	120	120	114	92	82	71	61	50	45	14	0	47	30	47	57	70	85	93	115	119	132	133	143	167	158	
74	139	155	170	161	148	159	145	162	187	193	177	164	159	158	146	150	166	149	145	142	149	120	118	122	103	99	106	107	76	74	55	48	41	29	51	47	0	47	29	40	41	68	62	93	89	99	93	103	127	115	
120	162	179	196	193	183	196	185	203	228	236	221	210	205	205	193	197	213	196	192	188	195	166	163	165	146	140	143	139	113	106	92	82	71	62	44	30	47	0	28	33	50	57	70	87	95	108	112	122	145	141	
95	136	153	169	165	155	168	157	175	200	208	194	184	180	180	169	174	192	175	173	170	178	149	147	151	132	128	135	134	105	101	84	75	67	55	58	47	29	28	0	12	23	42	46	71	73	85	86	96	120	114	
98	129	146	163	160	152	165	155	173	199	208	195	186	182	183	172	178	197	181	179	177	186	156	156	161	142	138	146	146	116	113	95	87	78	67	70	57	40	33	12	0	17	30	37	59	62	75	79	89	112	108	
86	113	130	146	143	135	148	139	157	183	192	180	171	168	169	160	166	186	170	169	168	179	149	149	156	137	134	146	147	116	114	96	88	82	70	81	70	41	50	23	17	0	30	23	52	50	62	63	73	97	91	
113	117	134	151	152	149	162	157	175	201	212	201	194	192	195	186	193	213	199	198	197	209	179	179	186	167	164	174	175	144	142	123	116	108	97	99	85	68	57	42	30	30	0	28	30	41	54	68	78	94	99	
89	93	110	127	126	121	135	129	147	173	184	173	166	165	168	160	168	189	175	175	175	188	158	160	169	150	149	163	166	133	134	114	108	103	91	104	93	62	70	46	37	23	28	0	34	27	39	43	53	75	73	
120	97	113	130	135	136	150	148	165	191	202	196	191	192	195	189	198	219	206	206	207	221	191	194	203	184	183	196	199	167	166	147	140	134	122	128	115	93	87	71	59	52	30	34	0	22	32	53	61	72	83	
103	77	94	111	113	114	128	126	143	169	180	174	170	170	175	169	178	200	188	189	190	205	176	179	190	171	171	187	191	158	160	140	134	130	118	131	119	89	95	73	62	50	41	27	22	0	13	31	39	53	61	
105	65	82	99	103	105	119	119	136	161	173	168	165	166	171	167	177	199	188	190	192	207	179	183	195	176	177	194	199	166	169	148	144	140	128	143	132	99	108	85	75	62	54	39	32	13	0	24	30	40	52	
84	50	67	84	84	83	97	95	113	138	150	144	141	142	147	143	153	175	164	167	170	186	158	163	176	158	160	179	186	152	158	137	133	131	120	142	133	93	112	86	79	63	68	43	53	31	24	0	10	34	31	
87	40	57	74	74	75	89	89	106	131	143	138	136	139	145	141	152	174	164	168	171	188	161	166	180	163	165	184	193	159	165	144	142	140	129	152	143	103	122	96	89	73	78	53	61	39	30	10	0	25	22	
109	27	42	59	67	75	88	94	109	132	146	144	146	150	157	155	166	188	181	186	190	208	182	188	202	186	188	209	218	184	190	169	167	165	154	176	167	127	145	120	112	97	94	75	72	53	40	34	25	0	28	
83	24	40	55	53	53	67	69	85	110	122	119	118	122	129	127	138	160	153	158	162	180	154	161	176	160	164	186	195	162	170	150	149	149	139	166	158	115	141	114	108	91	99	73	83	61	52	31	22	28	0	
Custo_Viagem
V0
0	2352	2598	2777	2419	1993	2150	1747	2083	2576	2688	2307	2016	1904	1904	1657	1792	2240	1926	1926	1948	2284	1657	1769	2083	1724	1814	2307	2576	1859	2128	1747	1814	1926	1814	2688	2665	1657	2688	2128	2195	1926	2531	1993	2688	2307	2352	1881	1948	2441	1859	
2352	0	380	761	896	1120	1411	1612	1904	2396	2710	2732	2800	2934	3113	3113	3382	3875	3740	3875	4009	4412	3875	4054	4412	4076	4166	4659	4883	4144	4345	3897	3875	3875	3651	4256	4076	3113	3673	3068	2912	2531	2620	2105	2172	1724	1456	1120	896	604	537	
2598	380	0	380	672	1052	1276	1590	1814	2217	2576	2643	2777	2934	3136	3180	3449	3942	3852	4009	4144	4569	4076	4256	4636	4323	4412	4928	5174	4435	4659	4211	4211	4233	4009	4636	4457	3494	4054	3449	3315	2934	3024	2508	2531	2105	1836	1523	1276	940	896	
2777	761	380	0	470	985	1120	1523	1657	1993	2329	2486	2665	2844	3068	3158	3427	3897	3852	4009	4188	4614	4166	4368	4748	4457	4569	5107	5376	4659	4883	4457	4457	4502	4300	4950	4793	3808	4412	3808	3673	3292	3404	2867	2934	2486	2217	1904	1657	1321	1232	
2419	896	672	470	0	515	627	1030	1164	1545	1904	2016	2172	2374	2576	2665	2934	3404	3360	3539	3718	4144	3718	3920	4300	4032	4166	4704	4995	4300	4569	4144	4166	4233	4032	4748	4614	3606	4323	3696	3584	3203	3404	2822	3024	2553	2307	1881	1657	1500	1187	
1993	1120	1052	985	515	0	313	515	761	1276	1590	1590	1702	1881	2083	2150	2419	2912	2844	3024	3203	3606	3203	3404	3808	3539	3673	4233	4524	3852	4121	3718	3785	3852	3673	4457	4345	3315	4099	3472	3404	3024	3337	2710	3046	2553	2352	1859	1680	1680	1187	
2150	1411	1276	1120	627	313	0	470	537	985	1299	1366	1523	1747	1948	2083	2329	2800	2800	2979	3180	3606	3225	3449	3852	3628	3763	4345	4659	3987	4278	3897	3964	4054	3897	4704	4614	3561	4390	3763	3696	3315	3628	3024	3360	2867	2665	2172	1993	1971	1500	
1747	1612	1590	1523	1030	515	470	0	403	985	1232	1120	1187	1344	1545	1635	1904	2374	2329	2508	2710	3136	2755	2979	3382	3158	3315	3875	4188	3561	3852	3494	3561	3673	3539	4368	4300	3248	4144	3516	3472	3113	3516	2889	3315	2822	2665	2128	1993	2105	1545	
2083	1904	1814	1657	1164	761	537	403	0	582	828	828	1008	1232	1456	1635	1881	2307	2352	2553	2755	3180	2889	3113	3516	3337	3516	4076	4435	3808	4144	3785	3897	4009	3897	4726	4681	3628	4547	3920	3875	3516	3920	3292	3696	3203	3046	2531	2374	2441	1904	
2576	2396	2217	1993	1545	1276	985	985	582	0	336	672	1008	1299	1523	1792	1993	2352	2464	2710	2934	3337	3158	3404	3808	3696	3875	4435	4793	4233	4592	4256	4368	4524	4412	5264	5219	4188	5107	4480	4457	4099	4502	3875	4278	3785	3606	3091	2934	2956	2464	
2688	2710	2576	2329	1904	1590	1299	1232	828	336	0	470	873	1142	1344	1657	1836	2128	2307	2553	2800	3180	3068	3315	3718	3628	3830	4390	4748	4233	4592	4300	4435	4592	4502	5376	5353	4323	5286	4659	4659	4300	4748	4121	4547	4054	3897	3360	3225	3270	2755	
2307	2732	2643	2486	2016	1590	1366	1120	828	672	470	0	380	649	873	1164	1344	1680	1814	2060	2307	2710	2576	2822	3225	3136	3337	3897	4278	3763	4121	3852	3987	4166	4099	4995	4972	3964	4950	4345	4368	4032	4502	3875	4390	3897	3763	3225	3091	3248	2665	
2016	2800	2777	2665	2172	1702	1523	1187	1008	1008	873	380	0	268	492	761	963	1344	1456	1680	1926	2329	2172	2441	2822	2755	2956	3516	3897	3404	3763	3494	3651	3830	3785	4681	4704	3673	4704	4121	4166	3830	4345	3718	4278	3808	3696	3158	3046	3270	2643	
1904	2934	2934	2844	2374	1881	1747	1344	1232	1299	1142	649	268	0	224	492	694	1075	1164	1388	1635	2038	1904	2150	2553	2486	2688	3248	3628	3158	3539	3292	3449	3651	3606	4502	4547	3561	4592	4032	4076	3763	4300	3696	4300	3808	3740	3180	3113	3360	2732	
1904	3113	3136	3068	2576	2083	1948	1545	1456	1523	1344	873	492	224	0	336	470	851	940	1187	1433	1814	1724	1971	2374	2329	2553	3091	3472	3046	3404	3203	3360	3584	3539	4457	4502	3539	4592	4032	4099	3785	4368	3763	4368	3920	3852	3292	3248	3516	2889	
1657	3113	3180	3158	2665	2150	2083	1635	1635	1792	1657	1164	761	492	336	0	246	761	716	918	1142	1568	1411	1657	2038	1993	2217	2755	3136	2710	3091	2867	3046	3248	3225	4144	4211	3270	4323	3785	3852	3584	4166	3584	4233	3785	3740	3203	3158	3494	2844	
1792	3382	3449	3427	2934	2419	2329	1904	1881	1993	1836	1344	963	694	470	246	0	492	470	694	940	1344	1276	1523	1904	1904	2128	2665	3046	2665	3046	2867	3068	3292	3292	4188	4278	3360	4412	3897	4009	3718	4345	3763	4435	3987	3964	3427	3404	3740	3091	
2240	3875	3942	3897	3404	2912	2800	2374	2307	2352	2128	1680	1344	1075	851	761	492	0	403	582	828	1120	1321	1545	1859	1971	2195	2688	3068	2800	3203	3091	3292	3539	3584	4480	4592	3718	4793	4300	4412	4166	4793	4233	4905	4480	4457	3920	3897	4256	3606	
1926	3740	3852	3852	3360	2844	2800	2329	2352	2464	2307	1814	1456	1164	940	716	470	403	0	224	492	873	918	1164	1500	1590	1792	2307	2688	2396	2777	2688	2889	3136	3180	4076	4188	3337	4390	3920	4054	3808	4457	3920	4614	4211	4211	3673	3673	4054	3427	
1926	3875	4009	4009	3539	3024	2979	2508	2553	2710	2553	2060	1680	1388	1187	918	694	582	224	0	246	627	716	940	1254	1388	1590	2083	2464	2217	2598	2531	2755	3001	3046	3942	4054	3248	4323	3875	4009	3785	4435	3920	4636	4233	4256	3740	3763	4166	3539	
1948	4009	4144	4188	3718	3203	3180	2710	2755	2934	2800	2307	1926	1635	1433	1142	940	828	492	246	0	425	537	716	1008	1164	1388	1836	2240	2038	2396	2374	2598	2844	2912	3785	3942	3180	4211	3808	3964	3763	4412	3920	4659	4278	4300	3808	3830	4256	3628	
2284	4412	4569	4614	4144	3606	3606	3136	3180	3337	3180	2710	2329	2038	1814	1568	1344	1120	873	627	425	0	672	716	828	1142	1344	1680	2060	2016	2374	2396	2643	2912	3024	3852	4009	3337	4368	3987	4166	4009	4681	4211	4950	4592	4636	4166	4211	4659	4032	
1657	3875	4076	4166	3718	3203	3225	2755	2889	3158	3068	2576	2172	1904	1724	1411	1276	1321	918	716	537	672	0	246	649	649	873	1388	1769	1500	1881	1836	2060	2307	2396	3248	3404	2688	3718	3337	3494	3337	4009	3539	4278	3942	4009	3539	3606	4076	3449	
1769	4054	4256	4368	3920	3404	3449	2979	3113	3404	3315	2822	2441	2150	1971	1657	1523	1545	1164	940	716	716	246	0	403	448	649	1142	1523	1321	1680	1680	1926	2172	2284	3113	3292	2643	3651	3292	3494	3337	4009	3584	4345	4009	4099	3651	3718	4211	3606	
2083	4412	4636	4748	4300	3808	3852	3382	3516	3808	3718	3225	2822	2553	2374	2038	1904	1859	1500	1254	1008	828	649	403	0	425	560	828	1232	1209	1545	1657	1904	2150	2307	3068	3292	2755	3696	3404	3628	3516	4188	3808	4569	4256	4368	3942	4032	4547	3964	
1724	4076	4323	4457	4032	3539	3628	3158	3337	3696	3628	3136	2755	2486	2329	1993	1904	1971	1590	1388	1164	1142	649	448	425	0	201	761	1120	873	1232	1254	1500	1769	1904	2688	2889	2307	3270	2979	3180	3068	3740	3360	4121	3830	3942	3539	3651	4166	3606	
1814	4166	4412	4569	4166	3673	3763	3315	3516	3875	3830	3337	2956	2688	2553	2217	2128	2195	1792	1590	1388	1344	873	649	560	201	0	560	918	672	1030	1097	1344	1590	1747	2531	2732	2217	3136	2867	3091	3001	3696	3337	4099	3830	3964	3584	3696	4211	3673	
