M: 4
N: 50
Nun_Veiculos: 19
Capacidade_Total: 1522
Demanda_Total: 965
Setup_Min: 1
Setup_Max: 9
Raio: 100
Circulos: 1
Tempo_Processamento_Min: 1
Tempo_Processamento_Max: 49
Demanda_Min: 10
Demanda_Max: 30
Priority_Factor: 0.2
Range_Factor_R: 0.8
U_factor: 2
ALpha: 0.2Replicao: 3
Tempos_Processamentos
0	0	1	0	2	0	3	0	
0	28	1	27	2	17	3	37	
0	17	1	31	2	5	3	17	
0	38	1	21	2	15	3	45	
0	17	1	48	2	14	3	38	
0	4	1	37	2	33	3	20	
0	46	1	32	2	12	3	42	
0	28	1	30	2	10	3	27	
0	27	1	44	2	31	3	25	
0	10	1	21	2	9	3	22	
0	23	1	40	2	15	3	20	
0	42	1	40	2	11	3	9	
0	10	1	48	2	13	3	17	
0	16	1	46	2	21	3	20	
0	37	1	16	2	19	3	39	
0	4	1	37	2	44	3	47	
0	33	1	39	2	48	3	20	
0	4	1	10	2	23	3	28	
0	28	1	33	2	47	3	46	
0	23	1	44	2	26	3	27	
0	45	1	32	2	7	3	38	
0	34	1	28	2	17	3	40	
0	11	1	45	2	41	3	43	
0	48	1	11	2	44	3	31	
0	17	1	32	2	19	3	42	
0	40	1	18	2	9	3	27	
0	47	1	21	2	46	3	47	
0	45	1	5	2	36	3	48	
0	9	1	32	2	24	3	35	
0	12	1	37	2	29	3	28	
0	10	1	40	2	29	3	12	
0	17	1	11	2	44	3	13	
0	2	1	30	2	35	3	35	
0	20	1	6	2	15	3	18	
0	35	1	29	2	41	3	37	
0	13	1	24	2	16	3	37	
0	26	1	23	2	34	3	6	
0	33	1	2	2	44	3	47	
0	32	1	22	2	17	3	7	
0	48	1	11	2	29	3	37	
0	49	1	48	2	11	3	38	
0	12	1	39	2	46	3	37	
0	18	1	23	2	34	3	26	
0	29	1	16	2	22	3	37	
0	12	1	1	2	46	3	34	
0	22	1	49	2	9	3	1	
0	33	1	28	2	33	3	38	
0	4	1	8	2	19	3	22	
0	3	1	25	2	1	3	20	
0	20	1	16	2	16	3	43	
0	10	1	49	2	44	3	33	

Tempos_setup
M0
0	0	0	0	0	0	0	0	0	0	0	0	0	0	0	0	0	0	0	0	0	0	0	0	0	0	0	0	0	0	0	0	0	0	0	0	0	0	0	0	0	0	0	0	0	0	0	0	0	0	0	
0	0	1	1	2	3	3	2	2	2	2	2	3	2	3	1	2	3	2	3	2	2	2	1	2	3	3	3	1	3	2	3	2	3	3	3	3	2	3	3	2	3	2	2	2	1	3	2	2	3	3	
0	3	0	3	3	2	3	4	3	2	4	1	2	3	3	3	3	3	3	3	2	3	3	3	1	3	3	2	3	2	2	4	3	2	4	4	3	3	3	2	3	2	2	3	3	2	2	3	1	3	2	
0	2	2	0	1	3	3	2	1	3	3	2	3	2	4	2	3	3	2	2	2	2	2	3	3	2	3	3	3	3	2	3	2	2	3	3	3	3	3	3	2	4	2	1	3	1	3	2	3	3	2	
0	2	2	3	0	2	3	3	2	2	3	2	3	2	3	1	3	2	2	1	3	2	2	3	2	2	2	2	2	3	1	3	2	1	2	3	3	3	2	3	1	3	2	3	3	3	3	2	2	2	1	
0	2	2	2	3	0	3	2	2	2	2	1	2	2	2	2	1	2	2	3	3	3	2	2	3	1	3	1	1	3	2	2	1	2	2	3	1	2	3	2	2	2	2	2	2	2	2	2	1	1	3	
0	2	2	1	1	3	0	2	2	2	2	3	3	2	3	2	2	2	2	2	1	2	2	1	3	2	1	3	3	2	2	4	2	2	2	2	3	3	3	3	2	3	3	2	2	2	3	2	2	1	2	
0	1	1	2	3	3	2	0	3	2	2	2	2	2	3	2	3	2	2	2	3	3	1	2	2	2	2	2	2	3	3	3	2	2	3	1	2	1	3	3	2	2	1	2	2	2	2	2	2	2	1	
0	1	2	2	3	3	2	3	0	2	2	2	2	2	4	2	3	2	1	3	2	1	1	2	3	1	3	3	2	2	2	3	1	2	2	2	2	3	3	2	2	3	2	2	2	2	2	2	3	3	2	
0	2	2	2	2	2	3	3	3	0	2	2	2	2	4	2	3	3	2	3	2	3	1	3	3	3	3	2	3	2	2	2	2	2	3	3	2	3	1	3	3	3	3	2	1	1	1	2	3	3	2	
0	2	3	1	2	3	2	2	2	3	0	2	2	3	2	2	2	3	2	3	1	2	3	3	1	3	3	1	2	2	2	3	2	2	3	2	2	2	3	1	2	1	2	1	2	2	2	3	1	1	2	
0	3	3	3	3	3	2	3	3	1	3	0	3	3	2	3	3	2	3	2	3	4	2	3	3	2	2	3	2	3	3	3	3	3	3	3	3	3	2	3	3	3	1	2	2	2	2	3	2	3	3	
0	3	3	3	3	3	3	2	3	3	2	2	0	3	2	1	3	2	2	2	3	2	2	2	3	2	3	3	2	3	3	2	2	2	2	3	1	3	3	3	1	1	1	3	3	3	3	3	2	2	3	
0	3	3	2	2	2	2	2	2	3	1	2	2	0	3	2	3	1	2	1	1	2	2	2	2	2	2	2	3	2	1	2	2	3	2	2	1	3	3	2	2	2	1	1	3	2	2	1	2	2	2	
0	3	2	2	2	3	1	3	2	1	3	2	1	3	0	2	3	3	3	3	2	2	2	2	1	2	2	2	2	2	3	3	2	1	2	3	2	2	2	1	1	2	2	3	2	2	1	3	3	2	2	
0	2	3	2	2	3	2	3	3	3	2	3	2	2	4	0	3	3	2	2	2	1	1	3	3	3	3	2	3	3	2	3	2	2	3	3	3	3	3	3	2	3	1	2	2	3	2	2	2	3	2	
0	3	1	2	3	3	2	2	3	2	2	1	2	2	1	1	0	3	2	3	2	2	2	1	2	2	3	3	3	3	2	3	2	2	2	3	3	2	3	2	1	3	2	3	2	1	2	2	2	3	3	
0	2	2	2	1	3	2	1	2	3	2	2	2	2	2	2	2	0	2	2	1	2	1	3	1	3	3	2	2	2	2	3	2	2	1	1	3	2	3	2	2	2	2	2	2	1	2	2	1	1	2	
0	3	3	3	2	2	2	2	2	1	2	1	2	3	3	3	3	1	0	3	2	2	2	3	2	2	3	3	2	3	1	3	3	3	2	2	2	3	2	1	3	3	2	3	2	2	2	3	2	2	2	
0	2	3	3	3	4	3	3	1	3	3	3	3	3	3	3	3	3	2	0	2	2	2	3	1	2	2	3	3	2	3	3	2	2	3	3	3	3	3	3	3	2	3	2	3	2	2	1	3	3	2	
0	2	3	1	2	3	1	3	2	2	3	2	3	2	3	1	3	3	3	3	0	1	2	2	3	2	2	2	2	3	2	4	1	3	2	3	3	3	3	3	2	4	2	2	2	2	3	2	3	2	3	
0	1	2	1	2	4	1	2	2	3	3	2	3	3	4	2	3	2	2	2	1	0	3	2	2	2	2	3	2	3	3	3	2	2	2	2	3	3	3	3	1	3	1	1	3	2	3	3	2	2	3	
0	2	2	2	2	3	3	3	3	2	1	2	1	1	3	2	3	2	1	2	2	2	0	3	2	2	2	2	2	2	2	3	1	1	2	3	2	2	2	2	2	2	2	2	1	3	1	1	2	2	1	
0	2	1	2	2	3	2	1	3	2	1	2	3	1	3	2	3	2	1	2	1	2	2	0	2	2	2	2	3	2	2	3	2	3	2	2	2	2	3	2	1	2	2	2	1	3	2	1	2	2	2	
0	2	2	2	2	3	2	3	2	2	3	3	2	3	3	2	3	2	3	3	1	2	3	2	0	2	2	2	2	1	3	3	2	1	3	3	3	2	2	3	2	3	3	3	3	3	1	3	2	2	1	
0	2	2	3	2	3	3	2	1	1	3	2	2	3	3	2	2	2	2	3	3	2	2	2	3	0	2	2	2	2	2	2	2	1	2	3	1	3	2	3	2	3	2	1	2	2	2	1	3	2	3	
0	1	1	2	3	2	2	3	3	2	2	2	2	2	2	2	1	2	3	2	2	3	3	2	2	2	0	2	2	1	2	3	2	3	1	1	3	2	3	2	2	2	3	2	2	1	3	2	1	3	1	
0	3	2	2	3	3	3	2	3	2	3	2	2	2	2	2	1	2	1	2	2	3	3	2	3	2	3	0	3	3	2	3	2	3	3	2	3	1	3	2	2	2	1	1	2	1	1	2	2	2	3	
0	3	2	1	2	3	2	3	2	3	2	2	2	1	2	2	1	2	3	2	2	3	3	2	3	2	2	3	0	3	2	3	3	3	2	3	2	1	4	3	2	3	2	2	2	2	3	2	3	2	3	
0	3	3	1	2	4	1	2	2	2	3	2	2	3	3	2	2	1	2	3	1	2	2	2	2	1	2	1	2	0	3	3	2	2	2	2	2	1	3	3	1	3	2	2	2	2	2	2	2	2	3	
0	3	3	3	3	1	3	3	2	2	2	2	2	2	3	3	2	2	1	3	3	3	1	3	3	1	3	2	2	3	0	3	2	2	3	2	2	3	2	2	2	2	3	2	2	3	2	2	1	2	2	
0	2	2	2	1	3	3	3	3	3	3	3	3	2	3	2	2	3	2	2	2	3	3	3	1	3	1	1	3	2	2	0	2	2	2	2	3	2	3	3	2	3	2	2	3	1	2	2	2	3	2	
0	3	2	1	2	2	3	3	2	1	3	1	3	2	3	3	2	3	2	2	3	3	2	3	3	1	2	3	1	2	1	3	0	2	1	2	2	2	2	2	2	3	2	2	2	2	2	1	2	2	2	
0	2	1	2	1	2	2	3	2	2	2	2	3	2	3	1	2	3	2	2	2	1	2	3	2	1	3	1	1	3	2	2	3	0	3	3	2	2	1	3	2	3	2	2	2	2	2	2	2	1	2	
0	3	3	1	2	3	2	3	2	3	3	2	3	2	3	2	2	2	3	1	2	3	3	2	2	2	3	2	1	1	3	4	2	3	0	3	3	2	4	3	1	3	2	2	3	2	3	2	2	3	3	
0	3	3	2	3	3	3	2	3	3	1	2	3	1	3	2	3	2	3	2	2	3	3	3	2	2	3	2	2	3	2	3	2	3	2	0	2	3	3	2	1	1	2	1	3	3	3	2	2	2	3	
0	2	2	3	2	3	3	1	3	3	2	3	1	2	3	2	3	1	2	3	2	3	1	1	2	3	2	2	3	3	3	1	2	2	2	2	0	2	3	3	2	2	2	3	2	2	2	2	2	2	2	
0	2	3	3	2	4	3	2	2	2	2	2	1	3	2	2	2	2	2	3	2	3	2	3	2	1	3	2	3	3	3	2	2	2	2	3	2	0	3	2	1	2	2	1	1	3	3	2	2	1	3	
0	3	3	3	1	1	3	3	3	2	2	1	3	3	3	2	2	3	2	2	3	3	2	3	2	2	2	2	2	2	1	1	2	2	3	3	2	3	0	3	2	3	2	2	3	2	2	3	2	2	2	
0	2	2	3	3	3	3	2	1	2	3	3	1	3	2	2	3	2	2	3	3	2	2	2	3	2	2	2	2	3	2	2	2	3	3	3	1	2	3	0	2	2	2	2	3	3	3	3	2	3	1	
0	3	3	2	3	3	3	3	2	2	2	1	3	3	3	1	3	2	2	2	3	2	2	3	3	1	3	2	2	2	2	3	1	2	1	3	2	3	3	2	0	3	2	2	3	3	3	2	3	3	3	
0	3	2	2	3	3	3	2	3	3	3	3	2	2	3	3	2	2	3	3	3	4	2	2	3	3	3	3	1	4	3	2	3	3	3	3	1	2	2	4	3	0	3	3	3	3	3	3	3	3	3	
0	3	3	4	3	3	4	2	2	2	4	2	2	4	4	3	3	4	3	1	3	3	3	4	2	3	3	2	3	3	2	2	3	2	4	3	3	3	3	2	3	2	0	3	3	3	3	2	1	3	3	
0	2	2	2	3	3	3	1	3	2	3	1	3	3	3	2	2	3	3	2	3	3	2	3	2	2	3	3	2	3	2	2	2	3	2	2	2	2	3	3	1	3	1	0	3	3	3	3	2	3	2	
0	2	3	3	1	3	3	3	3	2	4	3	3	3	3	2	2	3	2	2	2	3	3	3	3	3	2	1	3	3	2	4	2	2	3	3	3	2	3	2	2	2	2	2	0	2	2	3	3	3	2	
0	3	1	1	2	2	2	3	2	2	2	2	3	1	4	2	3	2	2	2	1	2	2	3	2	2	2	3	2	2	1	2	1	3	2	2	2	2	3	2	3	3	2	2	3	0	2	1	2	3	3	
0	3	3	3	3	3	3	4	4	1	3	3	3	3	5	1	4	3	3	3	3	2	2	4	4	3	4	3	3	3	3	3	3	2	4	4	3	4	2	4	3	4	2	3	2	2	0	3	3	3	3	
0	2	2	2	3	3	2	2	3	2	2	2	3	3	3	2	2	2	3	3	2	3	3	3	3	2	1	2	2	1	3	2	3	3	2	2	2	2	3	3	2	3	2	1	3	2	1	0	2	3	2	
0	3	3	3	4	2	3	3	2	2	3	1	1	3	3	2	2	3	2	3	3	3	2	3	4	2	2	1	2	3	1	3	3	3	3	3	2	2	3	1	2	1	2	2	3	2	2	3	0	3	2	
0	1	2	2	2	3	3	3	1	2	1	2	3	3	2	2	1	2	1	3	2	2	2	2	2	2	3	2	2	3	2	3	2	3	3	2	3	3	3	2	2	2	3	2	1	2	2	3	2	0	3	
0	1	2	2	2	3	3	2	3	1	3	2	2	2	2	2	2	1	2	2	2	3	2	2	2	3	1	1	2	2	2	2	3	3	2	2	3	2	2	2	3	2	2	2	2	2	2	3	1	2	0	
M1
0	0	0	0	0	0	0	0	0	0	0	0	0	0	0	0	0	0	0	0	0	0	0	0	0	0	0	0	0	0	0	0	0	0	0	0	0	0	0	0	0	0	0	0	0	0	0	0	0	0	0	
0	0	1	2	3	2	2	3	2	3	2	1	2	3	2	2	3	2	2	2	2	3	1	2	3	1	1	2	1	1	3	2	1	2	3	3	2	3	2	2	2	2	2	2	2	2	2	2	2	2	3	
0	3	0	2	2	2	2	2	2	3	2	3	2	3	1	3	3	2	2	3	1	2	3	2	3	1	2	1	2	2	2	2	2	3	2	2	3	2	1	3	1	2	1	2	2	3	1	3	2	2	2	
0	2	3	0	2	2	3	1	2	1	2	2	3	3	3	3	3	2	3	3	3	2	3	3	2	2	2	2	2	3	3	3	3	2	1	1	2	3	2	3	3	2	3	2	3	2	2	1	3	3	2	
0	2	1	2	0	3	3	3	3	3	3	1	3	3	2	3	3	2	3	4	2	2	3	3	3	2	3	2	3	3	1	2	2	2	2	3	2	1	1	2	2	3	2	3	3	2	2	3	2	2	3	
0	1	2	2	2	0	2	2	3	2	3	2	2	2	3	2	1	2	2	1	3	2	2	1	1	2	1	2	2	2	2	2	1	2	2	2	2	2	2	2	1	2	1	1	3	2	2	3	2	2	2	
0	2	3	1	2	2	0	2	3	1	2	3	2	2	2	2	3	3	3	2	2	1	3	3	3	3	1	2	2	2	2	2	3	3	2	2	1	3	2	3	3	3	2	3	2	2	3	2	1	1	2	
0	3	3	2	3	2	3	0	4	2	3	2	3	2	3	3	2	3	3	2	4	3	3	2	2	3	3	2	3	3	2	3	2	3	2	3	1	3	3	3	2	2	3	3	3	1	3	3	2	2	2	
0	2	3	1	3	2	4	2	0	1	3	3	2	3	2	3	3	3	2	3	3	3	3	2	3	1	3	2	2	3	3	3	1	3	2	2	3	3	3	2	3	2	3	3	3	2	2	2	3	2	3	
0	1	2	3	3	3	3	2	3	0	2	2	2	3	3	2	2	2	3	3	3	3	2	2	3	2	2	1	1	2	3	3	2	3	2	2	3	2	2	3	2	3	3	2	2	1	3	2	2	2	3	
0	2	3	1	2	2	2	2	3	2	0	2	3	3	3	2	1	2	2	1	3	2	2	2	3	3	2	1	2	1	2	3	2	2	2	2	3	2	2	3	1	3	1	2	2	2	2	1	2	2	1	
0	3	3	1	2	3	3	2	2	2	3	0	2	3	2	3	3	2	2	4	3	2	3	3	3	3	3	3	3	2	3	1	3	1	2	2	3	3	3	2	4	2	2	3	3	3	3	2	2	2	3	
0	3	2	3	3	2	3	3	3	3	2	2	0	2	3	2	3	2	3	3	3	1	3	3	3	2	3	3	1	3	3	3	3	3	3	2	2	3	3	4	2	1	3	3	2	2	3	2	3	2	3	
0	1	2	2	2	3	1	2	3	2	3	2	3	0	3	3	3	2	3	3	3	2	2	3	1	2	2	3	2	2	3	2	2	2	2	2	2	3	2	2	3	1	3	2	1	2	2	1	2	2	3	
0	2	2	3	3	2	2	2	3	3	2	3	3	3	0	2	3	2	2	3	3	2	3	3	3	2	3	1	2	1	1	1	3	2	1	3	3	3	1	2	3	2	3	2	2	3	2	3	2	2	3	
0	2	3	2	2	2	3	3	2	1	3	3	2	2	3	0	3	2	2	1	1	2	2	1	3	3	3	2	2	3	3	3	2	3	2	3	2	1	2	2	3	2	3	2	3	2	3	2	3	3	2	
0	3	2	3	2	3	3	2	2	2	2	2	3	3	2	1	0	2	2	1	2	3	1	2	3	2	3	1	1	3	3	3	2	3	2	1	3	2	3	3	2	3	3	2	2	1	2	2	2	2	1	
0	2	3	2	3	1	2	2	3	3	3	3	1	1	3	3	2	0	3	2	2	2	3	2	2	2	2	3	2	3	3	3	2	2	2	2	2	1	2	2	2	2	2	2	2	3	3	1	3	3	3	
0	2	2	2	2	2	2	2	3	3	2	3	2	1	2	3	3	2	0	3	2	2	1	2	2	2	3	3	3	2	3	3	1	1	2	2	2	1	2	2	2	2	1	2	2	3	2	1	2	2	1	
0	3	2	3	1	3	3	3	4	4	3	2	3	2	3	4	4	3	1	0	3	3	2	3	3	3	3	3	3	3	2	2	2	2	3	3	3	2	2	3	2	3	2	3	2	3	3	2	3	3	2	
0	3	2	1	1	2	2	2	1	2	2	2	2	2	2	3	3	3	1	3	0	1	2	2	3	2	3	3	3	2	2	3	1	2	1	2	2	2	1	2	3	2	2	2	2	2	2	2	2	2	1	
0	2	2	3	2	2	2	3	2	2	3	3	3	1	3	4	3	2	4	3	3	0	3	2	2	3	3	2	3	3	2	2	2	3	3	3	1	3	2	3	2	2	3	3	1	2	2	2	3	3	4	
0	3	3	2	3	3	2	2	2	2	2	3	2	2	1	3	3	2	3	2	3	3	0	2	3	2	2	2	2	2	2	2	1	2	2	3	2	2	2	2	1	2	3	1	3	3	2	1	2	3	2	
0	2	2	3	1	2	2	3	2	3	3	2	3	1	2	4	3	3	3	3	2	3	1	0	2	2	3	3	3	3	2	3	2	2	1	3	3	2	2	3	2	2	3	2	2	3	3	2	2	3	3	
0	3	3	1	2	3	3	1	3	2	3	3	3	2	2	2	2	2	3	3	2	1	3	3	0	3	2	3	3	2	3	1	3	3	2	2	2	3	2	1	3	3	2	3	2	2	3	2	1	3	2	
0	2	2	2	3	1	3	3	1	2	2	3	2	2	3	2	2	3	1	2	3	3	2	2	2	0	2	3	2	3	3	3	2	2	3	2	3	2	3	2	2	1	2	2	3	3	3	2	3	1	2	
0	2	3	3	2	1	3	3	3	2	2	3	2	3	2	2	2	2	2	1	3	2	3	2	2	2	0	3	3	2	3	1	2	3	3	3	3	3	2	2	2	3	2	2	2	3	3	3	1	1	3	
0	3	2	3	2	2	2	1	2	2	3	2	2	2	3	3	2	1	3	2	2	3	2	3	3	3	3	0	3	4	2	2	2	3	3	3	2	2	3	3	3	3	3	1	1	2	2	2	3	3	3	
0	3	1	2	2	2	3	3	2	2	1	2	2	2	2	1	2	1	2	2	2	3	3	2	2	1	2	2	0	2	2	2	2	2	2	3	2	2	2	3	1	2	2	2	1	1	2	1	2	1	2	
0	1	2	2	2	3	1	3	2	2	1	2	3	2	2	1	2	3	1	2	2	2	2	2	3	2	2	2	2	0	3	2	2	1	3	3	2	2	3	3	2	2	2	3	3	3	2	2	2	2	2	
0	2	1	3	3	3	3	3	3	2	2	3	2	2	2	2	3	3	3	3	2	1	3	3	3	2	3	2	3	2	0	3	3	3	3	3	2	3	1	3	2	3	2	3	2	3	2	3	2	1	3	
0	2	2	2	2	2	2	3	3	3	3	3	2	2	1	2	2	1	3	3	2	1	3	3	3	2	3	2	3	2	2	0	3	2	2	3	2	2	2	1	3	3	3	3	2	3	2	2	3	3	2	
0	2	3	3	2	2	3	3	2	3	3	2	1	2	3	2	2	3	2	3	2	2	2	1	3	1	3	3	2	3	3	2	0	3	2	2	3	3	3	1	3	1	3	3	3	3	1	3	3	2	2	
0	2	2	3	1	3	2	3	3	2	2	2	2	2	3	2	3	3	2	3	3	3	2	3	3	3	3	3	2	1	2	2	3	0	3	2	3	2	2	3	3	1	2	2	3	3	3	3	1	1	3	
0	2	3	3	2	1	2	2	2	2	3	3	2	2	2	3	2	2	2	2	3	3	2	2	2	1	2	3	2	2	2	3	2	1	0	2	2	3	2	3	2	1	2	1	3	3	2	3	2	2	3	
0	3	2	2	1	3	3	3	2	3	1	2	3	3	3	3	2	3	2	2	2	3	2	3	4	2	3	2	3	2	2	3	3	3	3	0	3	2	2	3	2	3	2	3	3	2	1	2	3	2	1	
0	2	2	3	3	1	3	2	3	1	3	3	2	3	3	3	2	2	3	2	3	2	2	2	2	3	2	1	2	3	1	3	2	3	3	3	0	3	2	3	2	3	2	2	2	2	3	3	3	2	3	
0	3	2	1	2	2	3	2	2	2	3	3	2	2	3	2	2	1	2	3	1	2	3	2	3	2	3	2	3	3	2	3	2	2	1	2	1	0	2	1	3	2	3	2	3	3	3	2	2	3	2	
0	2	2	3	2	2	3	3	2	3	3	3	3	3	1	3	3	3	2	3	3	2	2	3	3	1	3	2	3	2	1	2	3	3	2	3	3	3	0	3	3	2	2	2	3	4	3	3	1	2	3	
0	2	3	3	3	2	4	3	3	2	2	3	3	3	2	1	1	3	2	2	2	3	2	2	3	3	3	2	2	3	2	3	3	3	3	2	2	2	3	0	3	3	3	3	3	2	3	3	3	2	1	
0	2	2	2	2	2	2	3	2	2	2	3	2	3	3	2	3	2	2	2	2	2	3	2	3	2	1	3	1	1	1	2	1	2	2	3	2	1	2	2	0	2	2	3	2	2	2	2	1	2	3	
0	2	2	3	2	3	2	2	3	3	2	2	3	1	3	2	3	2	3	3	2	3	2	3	2	2	3	2	1	3	3	2	3	3	3	1	3	3	3	3	2	0	2	3	2	2	2	2	3	2	2	
0	2	3	2	2	1	1	3	3	2	2	3	2	2	3	3	2	3	3	2	3	1	2	1	2	2	2	2	3	2	3	2	1	3	2	1	2	3	2	2	2	2	0	2	2	3	2	3	1	2	2	
0	2	2	2	2	2	1	3	2	1	2	3	2	1	2	3	3	1	2	1	2	2	1	3	2	3	2	2	2	3	1	3	2	3	2	3	1	2	2	3	2	2	3	0	2	2	3	2	2	2	3	
0	2	1	3	1	2	3	3	3	2	2	2	2	2	2	3	3	1	3	3	2	2	3	2	3	2	3	2	3	3	2	1	2	3	2	3	1	2	2	2	2	3	2	3	0	1	1	2	2	3	3	
0	3	3	2	2	2	2	3	3	3	3	1	2	2	3	3	3	3	3	3	3	3	2	1	3	2	2	4	2	2	2	2	1	2	1	3	3	2	2	2	1	2	2	2	3	0	2	3	1	3	3	
0	3	2	2	2	2	3	3	2	3	3	3	2	3	2	3	3	3	2	3	1	2	3	3	3	3	3	3	3	3	3	2	2	3	2	2	3	3	2	2	3	3	3	3	3	3	0	2	3	3	2	
0	3	3	1	2	2	2	2	3	2	3	3	2	2	2	3	3	1	3	2	2	3	2	3	3	2	3	3	3	2	2	3	3	1	2	2	2	2	1	3	3	2	3	1	3	3	3	0	2	2	2	
0	2	2	3	1	2	2	3	3	3	2	2	3	3	2	2	3	2	2	3	3	2	3	2	3	2	3	3	3	1	2	1	2	2	3	2	3	2	1	2	3	3	1	3	2	3	3	3	0	3	3	
0	2	3	2	3	2	3	2	3	1	1	3	1	3	4	1	2	3	3	2	2	2	3	2	3	3	3	2	2	2	3	4	3	3	3	3	3	2	3	3	2	2	2	3	3	2	3	2	3	0	2	
0	3	3	2	3	3	3	3	3	2	1	3	2	2	2	2	2	2	1	2	2	3	2	2	3	3	3	2	2	2	3	3	2	2	2	2	2	1	2	2	2	3	2	3	3	3	3	2	3	1	0	
M2
0	0	0	0	0	0	0	0	0	0	0	0	0	0	0	0	0	0	0	0	0	0	0	0	0	0	0	0	0	0	0	0	0	0	0	0	0	0	0	0	0	0	0	0	0	0	0	0	0	0	0	
0	0	1	1	3	4	2	2	1	3	2	3	2	3	2	2	2	2	3	2	3	2	3	1	1	3	2	2	2	2	3	3	3	2	2	3	3	2	3	3	2	1	2	3	2	1	2	1	2	2	3	
0	3	0	2	4	3	3	3	3	2	3	4	3	3	3	3	2	2	3	3	2	3	2	3	4	3	3	3	2	3	2	3	3	3	3	2	4	3	3	3	2	2	3	3	3	3	1	4	3	3	2	
0	2	3	0	3	3	2	2	3	3	2	3	2	3	1	1	2	3	3	1	2	2	2	1	3	3	1	2	2	3	3	2	2	2	2	2	2	2	3	2	2	2	1	2	3	3	2	3	3	2	2	
0	3	2	3	0	3	3	2	1	2	3	4	3	3	3	3	3	2	3	2	2	2	2	2	2	3	4	2	3	2	3	3	2	3	2	1	3	2	4	3	3	2	3	2	3	2	3	2	3	1	2	
0	2	2	1	1	0	2	2	2	2	1	3	3	2	2	2	2	1	3	2	2	2	2	1	1	2	2	3	1	3	3	3	2	2	2	1	2	3	3	3	2	2	2	2	3	2	3	1	2	1	3	
0	3	3	2	3	3	0	2	2	2	3	4	2	3	2	2	3	3	2	3	3	2	2	2	3	3	2	3	3	3	3	2	1	3	2	1	1	2	3	3	2	3	1	2	3	2	3	3	4	3	3	
0	2	3	1	3	3	2	0	2	2	2	3	3	2	2	2	2	1	3	1	1	2	1	1	3	2	2	2	3	3	2	2	3	2	2	3	3	2	3	3	2	2	2	2	2	1	3	1	3	2	3	
0	2	2	2	4	4	2	2	0	3	2	4	3	2	2	2	2	1	3	2	2	2	3	2	1	2	3	1	2	2	3	3	2	2	3	3	2	1	3	2	2	1	3	3	3	2	2	1	2	3	3	
0	3	3	3	2	3	2	2	2	0	2	3	1	3	2	2	2	2	2	2	2	2	3	2	2	2	3	3	3	2	3	1	2	3	3	3	3	3	2	1	1	3	2	2	1	2	3	3	2	1	2	
0	2	2	3	3	4	2	2	3	3	0	3	3	3	1	1	2	3	3	2	1	2	2	2	1	4	3	3	2	3	3	2	2	2	3	2	3	2	2	4	1	3	2	3	2	3	2	2	2	2	2	
0	2	2	2	2	2	2	2	2	2	2	0	1	3	2	2	2	3	1	1	2	2	3	1	1	2	2	2	2	2	3	2	3	3	2	3	3	2	2	2	2	1	2	2	2	2	3	2	2	2	3	
0	2	3	3	1	2	2	2	2	2	1	3	0	3	2	1	2	2	1	2	2	1	3	2	2	2	2	3	2	2	3	1	2	2	3	2	2	2	1	1	2	2	2	3	2	1	2	3	3	2	2	
0	3	3	1	2	3	3	2	2	2	2	4	1	0	2	2	3	2	2	2	3	2	2	2	2	3	2	3	3	2	4	1	2	3	2	1	1	3	2	2	2	3	1	2	3	2	3	3	3	3	2	
0	3	4	2	4	3	1	2	2	3	3	4	3	3	0	3	2	2	3	2	3	3	2	2	3	3	2	3	3	3	2	3	2	3	2	1	2	2	3	4	2	3	2	2	3	2	1	3	3	3	3	
0	1	2	2	3	3	3	1	2	2	1	2	3	3	2	0	1	2	3	2	2	2	2	2	2	3	3	2	1	2	2	1	3	1	2	2	3	3	3	3	2	2	2	3	2	2	3	2	2	3	2	
0	2	3	2	3	3	3	1	3	3	3	2	2	3	3	3	0	2	3	2	2	1	2	2	2	3	3	2	4	2	1	3	2	1	1	2	2	3	3	3	2	3	2	3	2	2	2	2	2	2	3	
0	1	2	2	3	4	3	2	2	3	2	3	2	1	2	1	1	0	3	3	3	1	2	2	2	1	3	2	2	3	2	2	2	1	2	2	2	2	3	3	3	2	2	3	2	2	2	2	2	2	3	
0	3	3	2	2	1	1	2	1	1	2	3	2	3	2	3	1	2	0	3	3	2	3	2	2	3	1	2	2	3	2	2	2	2	2	2	2	2	3	2	2	2	2	3	1	3	3	2	3	2	2	
0	2	2	1	2	2	2	2	3	3	2	4	2	2	1	2	2	2	3	0	1	3	2	2	2	3	2	1	2	2	3	1	2	2	2	2	2	1	2	3	1	1	1	1	2	3	2	2	3	2	2	
0	3	3	3	2	4	2	2	3	3	2	4	3	2	2	2	3	2	3	3	0	3	1	2	2	3	2	3	3	2	2	1	2	3	3	3	2	1	2	4	1	3	2	3	1	3	2	3	3	2	2	
0	2	2	2	3	3	3	2	3	2	3	4	3	2	2	2	2	1	2	3	3	0	2	3	3	2	2	3	3	3	2	3	1	2	3	2	1	3	3	3	2	3	2	2	3	3	1	3	3	3	3	
0	4	4	3	3	5	3	4	3	4	3	4	4	3	3	4	4	4	4	4	4	4	0	3	4	4	4	4	4	3	3	4	3	4	4	4	3	2	4	4	3	3	4	4	4	4	3	2	2	3	4	
0	1	2	2	3	3	2	2	2	3	1	2	2	3	2	2	3	2	2	2	2	1	3	0	2	3	3	2	3	3	3	3	2	2	1	2	2	3	3	3	2	2	3	3	3	2	2	2	3	1	3	
0	3	1	2	3	3	2	3	2	3	3	4	3	3	1	3	2	2	3	1	2	2	2	3	0	3	3	2	3	2	2	2	2	3	3	2	3	2	3	3	2	2	2	2	3	3	2	1	1	3	3	
0	2	2	2	2	3	2	2	3	3	2	3	3	3	1	3	2	3	3	2	2	2	1	1	1	0	3	2	2	3	2	3	3	3	2	2	3	3	3	3	2	3	2	3	3	3	1	2	2	1	4	
0	3	4	2	3	2	3	2	2	2	3	4	3	2	3	3	3	3	2	3	2	3	2	2	3	3	0	3	3	2	3	3	2	4	2	1	3	2	4	3	3	3	2	2	3	2	2	3	4	3	1	
0	3	1	2	3	3	2	3	2	3	3	4	3	3	3	3	2	3	3	3	1	2	2	3	3	4	3	0	2	3	2	2	2	3	3	3	3	2	3	4	2	2	3	3	2	4	1	1	3	3	3	
0	2	3	3	3	4	3	2	3	1	2	3	2	3	3	1	1	3	3	3	3	2	3	3	3	3	4	3	0	3	2	2	3	2	2	2	3	2	3	2	2	3	3	3	2	3	3	3	3	2	3	
0	3	3	2	2	4	3	2	3	3	3	3	2	1	2	3	3	3	3	3	3	3	1	2	2	1	3	3	2	0	3	2	3	4	2	2	2	3	3	3	3	4	2	3	2	3	2	3	3	2	3	
0	1	2	2	2	2	2	3	2	3	2	4	1	2	2	2	2	2	2	3	2	2	2	2	2	2	3	1	3	1	0	2	3	1	3	2	3	3	2	2	3	2	2	3	1	2	2	2	1	3	3	
0	2	2	3	3	3	3	3	3	2	2	3	2	2	2	2	2	1	2	2	2	2	2	1	1	2	3	3	3	1	3	0	2	2	2	2	3	3	3	3	3	2	1	3	3	3	2	2	2	2	1	
0	2	3	2	3	2	2	1	3	1	2	3	2	2	1	1	2	2	3	2	2	1	2	2	3	3	3	3	2	3	3	2	0	2	2	2	2	2	3	2	2	2	2	1	2	2	2	2	3	2	2	
0	3	2	3	2	3	2	2	2	3	3	3	2	3	2	3	3	2	3	2	2	3	2	2	1	3	4	1	3	3	3	3	2	0	2	1	3	3	3	2	3	3	1	2	1	2	2	2	1	3	4	
0	3	2	2	4	3	2	2	2	3	3	2	3	3	3	3	2	3	2	3	2	3	2	2	3	4	3	1	3	3	3	2	2	3	0	1	3	2	2	4	1	2	2	2	3	2	2	1	3	2	3	
0	2	3	2	3	2	3	1	1	2	2	3	3	3	2	2	3	2	3	2	2	2	1	1	2	3	3	2	2	3	3	3	1	3	1	0	3	2	3	3	2	2	2	1	2	1	3	2	3	2	3	
0	2	2	3	2	2	2	3	2	2	3	3	2	3	3	3	2	2	1	2	3	2	3	3	3	3	2	2	3	3	3	3	2	2	3	2	0	3	2	3	1	3	1	3	2	3	3	3	3	2	2	
0	2	3	2	3	3	1	2	3	2	1	3	2	1	2	2	2	3	2	3	2	2	2	1	2	4	2	3	3	3	2	2	1	2	2	2	1	0	3	3	2	3	2	2	3	2	1	3	3	2	3	
0	1	2	2	2	4	1	3	2	3	3	4	3	3	2	3	3	2	3	3	1	1	2	2	2	3	3	3	3	3	3	2	2	3	3	2	2	2	0	4	2	2	2	3	1	2	2	2	3	3	3	
0	3	3	2	3	2	2	2	3	1	2	4	2	3	1	2	3	3	3	1	2	2	2	2	2	1	2	2	3	3	2	2	2	3	3	2	3	2	2	0	1	2	2	2	2	3	2	3	3	2	3	
0	2	3	3	3	3	2	2	3	2	3	4	2	3	2	2	2	3	3	2	2	2	3	2	3	3	4	2	3	2	3	3	1	3	2	2	3	3	1	3	0	3	1	2	2	3	3	3	4	1	3	
0	3	3	2	3	4	3	1	3	2	3	3	2	2	3	2	1	2	3	2	2	2	2	2	2	2	3	3	1	1	2	3	3	2	2	2	3	3	2	3	3	0	3	3	3	2	3	2	3	3	4	
0	3	4	3	2	3	3	2	2	2	2	3	1	4	3	2	3	3	2	3	3	2	2	2	3	3	3	3	3	3	4	2	2	3	2	1	3	3	2	2	3	3	0	2	3	2	3	3	4	2	3	
0	3	3	2	2	1	2	3	3	2	2	4	3	2	3	2	2	2	2	2	3	3	3	2	2	3	3	2	1	4	3	3	2	3	3	2	2	1	4	3	3	3	3	0	3	3	2	2	3	2	4	
0	2	3	2	1	4	1	3	2	3	3	4	3	2	1	2	2	1	3	3	3	2	3	2	3	2	3	3	3	3	3	3	2	2	3	2	2	3	4	3	3	3	2	3	0	3	2	2	3	2	3	
0	2	3	3	2	4	2	2	3	3	4	4	3	2	2	3	2	2	4	3	3	3	3	3	3	3	4	4	2	2	3	3	2	3	3	2	3	4	2	4	2	1	3	3	1	0	3	3	4	3	4	
0	2	3	1	3	2	2	2	3	2	3	3	2	3	2	2	1	3	3	2	3	2	1	2	3	3	2	2	3	2	1	3	2	2	2	3	3	3	2	3	1	3	2	3	2	3	0	3	2	2	3	
0	3	3	1	4	3	1	2	1	3	3	4	3	3	2	2	2	2	2	2	3	3	3	2	2	3	2	2	2	2	3	3	2	3	3	2	2	2	2	3	1	1	2	3	3	3	3	0	3	2	2	
0	4	4	2	4	4	2	3	2	3	4	4	3	2	3	3	3	3	3	3	2	4	1	3	3	3	3	3	2	3	4	3	3	4	3	2	3	3	3	2	2	2	3	3	3	3	4	1	0	3	3	
0	3	3	2	3	3	3	1	3	3	2	3	3	3	2	3	3	2	3	1	1	3	2	2	3	3	3	2	3	3	2	2	3	3	3	3	3	2	3	4	2	2	2	2	2	2	3	2	3	0	3	
0	3	3	2	3	2	2	3	2	1	3	3	2	1	3	2	2	3	1	3	1	3	2	3	3	3	2	2	3	3	2	2	3	3	1	2	2	2	3	2	2	2	2	3	2	3	1	2	3	2	0	
M3
0	0	0	0	0	0	0	0	0	0	0	0	0	0	0	0	0	0	0	0	0	0	0	0	0	0	0	0	0	0	0	0	0	0	0	0	0	0	0	0	0	0	0	0	0	0	0	0	0	0	0	
0	0	2	2	2	2	3	1	2	2	1	3	2	1	2	1	3	3	2	3	3	3	2	2	3	3	2	3	3	3	3	2	2	3	2	2	2	2	3	2	2	1	2	2	2	1	2	2	1	2	2	
0	3	0	2	3	3	3	2	3	2	1	3	3	3	3	4	1	2	1	3	3	2	3	3	2	1	2	2	2	3	2	3	2	3	3	3	3	2	3	2	2	2	2	2	2	3	2	2	2	3	3	
0	2	2	0	2	2	3	2	2	3	2	3	3	1	2	3	2	3	3	2	2	1	3	2	3	2	1	2	3	3	2	2	2	3	2	2	3	2	2	1	2	2	2	2	2	2	3	3	1	2	2	
0	3	2	2	0	2	2	2	3	2	2	3	2	2	2	1	2	3	2	2	2	2	3	3	3	1	2	2	2	2	2	2	2	2	2	2	3	1	2	1	1	1	2	1	1	3	2	3	2	2	2	
0	1	3	1	1	0	3	2	3	2	1	3	2	2	2	2	3	2	2	1	3	2	2	2	3	2	1	2	2	2	2	3	2	2	3	2	1	2	1	2	2	2	3	1	2	2	2	3	2	1	2	
0	2	4	2	2	1	0	2	3	2	2	3	3	3	3	2	2	3	3	2	3	2	2	3	2	1	2	1	2	2	2	1	1	3	2	2	2	3	2	2	1	3	2	2	2	3	2	3	3	2	2	
0	1	2	1	2	2	4	0	2	1	2	2	3	2	3	2	3	3	2	3	2	2	1	2	3	2	2	3	3	3	3	2	3	3	2	2	2	2	2	2	2	2	2	3	3	2	2	1	2	3	3	
0	3	2	2	2	3	2	2	0	3	2	3	3	3	2	2	3	3	3	2	3	1	2	3	3	2	3	2	2	3	2	2	3	2	2	3	3	2	2	1	3	2	2	2	2	4	3	3	2	1	2	
0	3	3	2	2	3	4	3	4	0	2	3	2	2	2	3	2	3	2	2	2	3	2	1	3	2	2	2	3	3	3	2	2	2	1	3	2	1	3	3	1	1	3	3	3	3	2	3	2	2	2	
0	3	3	1	3	2	3	2	3	3	0	4	2	2	3	3	2	3	2	2	3	2	3	3	2	3	2	3	3	3	3	3	1	2	2	2	3	3	3	2	3	1	3	2	2	3	1	3	2	2	3	
0	4	4	3	2	3	2	3	4	4	2	0	4	4	4	3	4	2	3	3	3	4	3	4	4	3	3	3	3	4	3	3	3	3	2	4	4	3	3	3	3	3	2	3	3	4	3	4	3	4	3	
0	3	3	2	3	3	4	2	3	2	1	3	0	3	3	4	3	2	1	3	4	3	3	3	3	3	2	3	2	2	2	3	2	2	2	3	1	3	1	3	3	2	3	2	3	3	2	2	2	3	2	
0	2	3	2	2	1	2	2	4	3	2	4	3	0	2	3	2	3	2	2	2	3	3	3	2	2	1	2	3	2	3	2	2	3	3	1	2	3	2	3	1	2	2	1	1	2	3	2	2	2	3	
0	3	3	2	2	2	2	2	2	3	2	3	2	2	0	1	2	3	2	2	3	2	3	3	1	2	2	2	1	1	2	2	3	2	2	2	3	2	2	1	1	3	2	1	1	3	1	2	2	2	2	
0	3	3	2	1	3	3	2	4	3	3	2	2	2	2	0	2	3	2	2	2	2	3	3	3	2	2	2	3	3	2	2	2	2	2	2	3	1	2	1	2	2	1	1	2	3	3	3	2	3	1	
0	3	2	2	2	2	4	3	3	3	1	3	2	2	2	3	0	1	2	3	2	2	2	2	1	2	2	2	3	3	2	2	2	2	3	3	3	1	3	3	1	2	3	2	3	3	2	3	1	2	3	
0	3	2	3	3	2	3	3	4	3	2	2	3	3	2	3	3	0	2	3	4	2	1	2	3	3	1	2	3	3	2	3	2	3	3	3	3	3	2	2	2	2	2	2	2	2	2	2	1	3	3	
0	2	2	2	2	3	3	1	2	2	2	2	3	2	2	3	3	3	0	2	3	3	2	2	3	2	1	2	1	2	2	3	2	3	3	3	3	2	2	3	2	3	3	2	2	2	2	1	1	3	3	
0	2	3	2	2	1	3	1	3	2	1	3	3	3	3	3	3	1	1	0	3	3	2	3	3	3	2	3	2	3	2	2	2	3	2	3	2	2	2	1	3	2	3	2	3	3	2	2	2	2	3	
0	1	3	2	2	2	3	2	3	3	2	4	3	1	2	2	2	2	2	3	0	1	3	2	3	2	2	2	3	3	3	2	3	2	3	2	3	2	2	2	2	2	2	1	2	1	3	2	2	2	2	
0	2	3	1	1	3	3	1	2	2	2	3	2	2	2	2	2	3	2	2	2	0	2	3	3	1	2	1	2	2	2	1	2	2	2	3	3	1	2	2	2	1	1	2	2	3	2	2	2	1	1	
0	2	2	2	2	1	3	2	3	2	1	1	3	2	3	3	3	3	1	2	3	1	0	1	2	2	2	2	2	2	2	2	2	3	2	3	2	2	2	1	2	2	1	2	2	3	1	1	2	2	2	
0	3	3	2	3	2	3	2	3	3	2	2	3	1	3	3	2	3	2	2	3	3	2	0	3	2	2	3	3	3	3	2	1	2	1	2	3	2	3	3	1	3	3	2	2	3	2	3	2	2	2	
0	2	2	2	2	1	3	2	2	3	2	2	1	3	1	2	3	2	1	2	3	1	3	2	0	2	2	2	2	2	3	2	2	3	2	3	2	2	2	2	2	2	2	2	2	2	2	2	1	2	2	
0	3	3	2	2	2	2	2	2	1	1	3	2	2	3	3	3	3	2	2	2	1	3	2	2	0	2	2	1	2	1	2	2	3	2	3	3	2	2	2	2	2	1	2	1	3	2	2	2	2	2	
0	2	2	2	3	2	2	2	3	2	2	3	3	3	1	2	3	2	2	3	3	2	3	3	2	2	0	1	2	2	3	3	1	2	2	2	3	2	1	2	2	3	2	2	1	1	2	2	2	2	2	
0	1	3	2	2	3	2	2	2	2	1	3	3	2	2	2	2	3	2	2	3	1	3	3	3	1	2	0	1	3	2	2	2	2	2	3	3	2	2	1	2	2	2	2	2	2	2	2	2	2	1	
0	2	2	3	2	2	3	2	1	2	2	2	4	1	2	3	3	2	1	1	3	2	3	3	3	2	2	1	0	3	3	3	3	2	3	2	3	3	1	2	2	3	3	2	2	3	3	1	2	2	2	
0	3	3	3	3	2	3	2	4	3	2	3	3	1	3	4	1	2	2	1	2	3	2	3	2	3	2	3	3	0	2	3	3	2	1	2	3	2	3	2	2	3	3	2	2	3	3	3	2	3	2	
0	3	3	3	3	2	3	2	3	2	2	3	1	1	2	2	3	3	2	2	2	2	3	1	1	3	2	2	2	2	0	3	2	2	2	2	2	1	2	1	2	2	1	2	2	3	3	3	2	1	3	
0	3	3	2	3	2	3	2	4	3	1	2	2	2	2	3	2	2	2	1	3	2	1	2	3	2	1	2	3	1	3	0	2	3	2	2	3	3	2	2	2	2	2	1	2	2	2	2	3	3	3	
0	2	3	1	2	2	3	1	3	2	2	3	3	2	2	3	3	3	2	2	2	2	2	3	2	3	2	3	3	3	2	2	0	2	1	1	3	2	3	2	3	2	2	3	2	3	1	2	2	2	2	
0	3	3	2	3	3	3	2	2	2	3	3	3	2	3	4	3	3	2	2	3	3	3	3	3	2	3	2	1	3	3	2	1	0	2	2	4	2	2	3	2	2	1	2	2	4	2	2	3	3	3	
0	3	2	2	3	2	4	2	3	3	1	2	3	3	2	3	2	2	1	1	2	2	1	2	3	2	2	2	2	3	3	2	2	1	0	3	3	1	3	2	3	2	2	2	3	3	2	2	1	3	1	
0	2	3	2	2	1	3	2	3	3	2	3	2	2	1	2	3	3	2	2	1	2	3	3	1	3	2	3	2	2	3	3	3	2	2	0	2	3	2	2	2	1	1	2	2	2	2	3	2	1	3	
0	2	3	2	2	3	4	2	4	1	2	4	1	2	2	3	2	3	2	2	3	2	3	2	2	2	2	3	3	1	1	2	2	3	2	2	0	2	2	2	2	2	2	1	3	3	3	3	3	2	1	
0	2	3	2	3	3	3	2	3	3	2	4	3	2	1	2	3	3	3	3	1	2	3	3	2	2	2	1	2	2	3	3	1	1	2	2	2	0	3	2	2	3	2	2	2	2	2	2	3	3	2	
0	2	2	3	3	3	4	3	3	1	2	2	3	3	3	3	3	1	3	3	3	3	2	2	3	3	2	3	2	4	3	3	2	1	2	2	3	2	0	3	2	2	2	2	3	3	3	3	1	3	3	
0	2	2	2	3	2	2	1	3	2	2	2	2	2	3	3	3	2	2	1	3	3	2	2	2	2	3	3	3	3	1	3	3	2	1	2	2	2	1	0	2	3	2	1	3	3	3	2	1	2	2	
0	3	3	3	3	2	3	3	3	2	2	3	2	2	2	2	1	2	3	2	3	2	2	3	2	1	1	2	2	2	2	1	2	2	3	3	2	2	2	3	0	3	2	2	2	2	3	3	2	1	2	
0	3	3	1	3	3	3	2	3	3	2	3	1	2	3	3	3	2	1	2	3	2	2	3	2	3	2	3	2	3	3	3	2	2	1	2	2	2	2	2	3	0	3	3	2	3	1	2	2	3	2	
0	3	2	2	4	3	3	2	4	2	3	3	2	2	3	4	3	2	2	3	3	3	3	3	2	2	3	4	3	3	3	3	3	2	2	2	3	3	1	3	2	1	0	1	2	4	2	3	2	3	3	
0	2	3	1	3	2	3	1	3	2	2	3	3	1	2	3	2	2	1	2	2	2	2	3	2	1	2	3	2	3	2	2	2	2	3	1	3	3	1	2	1	2	2	0	2	3	3	2	2	2	3	
0	2	2	2	2	1	1	3	3	3	2	3	3	2	2	2	2	3	3	2	2	2	3	2	3	2	2	2	2	1	3	2	2	2	2	3	2	3	2	3	2	3	3	2	0	3	3	3	1	1	3	
0	2	2	2	2	3	3	1	3	2	2	3	3	3	1	2	3	3	1	3	3	2	2	3	2	2	1	2	2	2	3	3	2	2	3	2	3	2	2	2	2	2	1	2	2	0	2	1	2	1	3	
0	3	3	3	3	2	2	2	2	3	2	3	2	2	2	2	3	2	2	1	3	2	3	3	1	2	3	3	3	2	3	2	3	3	3	3	3	3	2	2	3	2	3	3	1	3	0	3	2	2	2	
0	3	1	3	1	3	3	3	3	2	2	3	3	3	2	2	2	2	2	2	3	2	3	3	3	1	1	2	2	3	2	2	2	2	3	3	3	2	1	2	1	2	2	2	2	2	2	0	2	2	3	
0	3	1	2	3	2	3	2	4	3	1	2	3	2	3	4	2	3	2	3	3	3	3	1	3	2	3	3	3	3	2	3	2	2	2	2	3	3	2	2	2	2	3	1	3	4	2	3	0	3	3	
0	3	3	2	2	3	3	2	2	3	3	3	3	2	1	1	3	3	2	2	3	1	3	4	2	2	3	2	1	2	3	2	2	1	3	3	4	2	2	2	2	2	2	2	2	4	2	2	3	0	2	
0	3	2	2	2	3	3	2	3	2	2	3	3	2	1	2	1	2	2	2	2	1	2	2	2	1	1	2	2	2	2	1	1	2	2	2	3	1	2	2	2	2	1	1	2	2	2	3	2	2	0	
Tamanho_Tarefas
0	26	5	16	25	9	25	16	29	13	20	25	18	19	17	16	34	11	28	23	16	28	12	28	21	15	22	32	23	26	20	18	15	10	35	14	14	21	17	14	24	24	22	24	7	11	28	6	8	20	15	
Data_Entrega
0	226	296	262	260	283	267	303	270	225	196	224	193	204	287	289	298	254	241	246	240	276	219	252	291	281	192	295	209	268	226	276	276	293	226	247	211	242	283	201	228	202	288	217	264	234	195	193	242	252	304	
Penalidade_Atraso
0	3	18	16	9	2	3	4	7	4	9	1	10	6	9	17	14	12	11	7	8	12	12	17	1	14	3	2	16	13	12	17	4	7	10	18	16	18	2	8	9	8	8	4	5	2	7	6	3	16	9	
Capacidade_Veiculo
44	58	105	99	101	80	94	105	91	78	87	43	61	104	87	85	67	55	78	
Custo_Fixo_Veiculo
440	580	1050	990	1010	800	940	1050	910	780	870	430	610	1040	870	850	670	550	780	
Coordenadas_Clientes
x	0	y	0
x	123	y	0
x	123	y	15
x	88	y	22
x	92	y	36
x	73	y	40
x	84	y	61
x	77	y	73
x	79	y	96
x	59	y	93
x	48	y	103
x	32	y	99
x	19	y	101
x	6	y	98
x	-6	y	95
x	-20	y	107
x	-27	y	83
x	-37	y	80
x	-62	y	97
x	-52	y	63
x	-91	y	85
x	-72	y	52
x	-86	y	47
x	-75	y	29
x	-99	y	25
x	-101	y	12
x	-101	y	0
x	-88	y	-11
x	-94	y	-24
x	-99	y	-39
x	-85	y	-47
x	-86	y	-62
x	-56	y	-53
x	-77	y	-94
x	-42	y	-66
x	-45	y	-95
x	-26	y	-81
x	-17	y	-94
x	-6	y	-106
x	5	y	-91
x	19	y	-103
x	24	y	-76
x	35	y	-76
x	46	y	-73
x	73	y	-88
x	89	y	-84
x	97	y	-71
x	98	y	-53
x	111	y	-44
x	101	y	-26
x	120	y	-15
Tempo_Viagem
0	123	123	90	98	83	103	106	124	110	113	104	102	98	95	108	87	88	115	81	124	88	98	80	102	101	101	88	97	106	97	106	77	121	78	105	85	95	106	91	104	79	83	86	114	122	120	111	119	104	120	
123	0	15	41	47	64	72	85	105	111	125	134	144	152	160	178	171	178	208	185	229	201	214	200	223	224	224	211	218	225	213	217	186	220	177	192	169	168	166	148	146	124	116	106	101	90	75	58	45	34	15	
123	15	0	35	37	55	60	73	92	99	113	123	134	143	151	169	163	172	200	180	224	197	210	198	222	224	224	211	220	228	217	222	191	227	183	200	177	177	176	158	156	134	126	116	114	104	89	72	60	46	30	
90	41	35	0	14	23	39	52	74	76	90	94	104	111	119	137	130	137	167	145	189	162	175	163	187	189	190	178	187	196	186	193	162	200	156	176	153	156	158	140	142	117	111	103	111	106	93	75	69	49	48	
98	47	37	14	0	19	26	39	61	65	79	87	97	106	114	132	127	136	164	146	189	164	178	167	191	194	196	186	195	204	195	203	172	212	168	189	166	169	171	153	156	131	125	117	125	120	107	89	82	62	58	
83	64	55	23	19	0	23	33	56	54	67	71	81	88	96	114	108	117	145	127	170	145	159	148	172	176	178	168	178	189	180	188	159	200	156	179	156	161	165	147	152	125	122	116	128	125	113	96	91	71	71	
103	72	60	39	26	23	0	13	35	39	53	64	76	86	96	113	113	122	150	136	176	156	170	162	186	191	194	186	197	208	200	209	180	222	178	202	179	184	188	170	175	148	145	139	149	145	132	114	108	88	84	
106	85	73	52	39	33	13	0	23	26	40	51	64	75	85	102	104	114	141	129	168	150	164	158	182	188	192	185	196	208	201	211	183	226	182	207	185	191	197	179	185	158	154	149	161	157	145	127	121	101	97	
124	105	92	74	61	56	35	23	0	20	31	47	60	73	85	99	106	116	141	134	170	156	170	167	191	198	204	198	210	223	217	228	201	245	202	227	205	212	219	201	207	180	177	172	184	180	167	149	143	123	118	
110	111	99	76	65	54	39	26	20	0	14	27	40	53	65	79	86	96	121	114	150	136	150	148	172	179	185	180	192	205	200	212	185	231	188	214	193	201	209	191	199	172	170	166	181	179	167	150	145	125	123	
113	125	113	90	79	67	53	40	31	14	0	16	29	42	54	68	77	87	110	107	139	129	143	143	166	174	181	177	190	204	200	212	187	233	191	218	198	207	215	198	207	180	179	176	192	191	180	163	158	138	137	
104	134	123	94	87	71	64	51	47	27	16	0	13	26	38	52	61	71	94	91	123	113	127	127	150	158	165	162	176	190	187	199	175	221	180	208	189	199	208	191	202	175	175	172	191	191	182	165	162	142	142	
102	144	134	104	97	81	76	64	60	40	29	13	0	13	25	39	49	59	81	80	110	102	116	118	140	149	156	154	168	183	180	193	171	217	177	206	187	197	208	192	204	177	177	176	196	197	188	173	171	151	152	
98	152	143	111	106	88	86	75	73	53	42	26	13	0	12	27	36	46	68	67	97	89	103	106	127	137	144	143	157	172	171	184	163	209	170	199	181	193	204	189	201	174	176	175	197	200	191	176	176	156	159	
95	160	151	119	114	96	96	85	85	65	54	38	25	12	0	18	24	34	56	56	85	78	92	95	116	126	133	134	148	163	162	176	156	201	164	193	177	189	201	186	199	173	175	175	199	202	195	180	181	161	167	
108	178	169	137	132	114	113	102	99	79	68	52	39	27	18	0	25	31	43	53	74	75	89	94	113	123	132	135	149	164	166	181	164	208	174	203	188	201	213	199	212	187	191	191	216	219	213	198	199	179	185	
87	171	163	130	127	108	113	104	106	86	77	61	49	36	24	25	0	10	37	32	64	54	68	72	92	102	110	112	126	141	142	156	139	183	149	178	164	177	190	176	191	166	170	172	198	203	197	184	187	168	176	
88	178	172	137	136	117	122	114	116	96	87	71	59	46	34	31	10	0	30	22	54	44	58	63	82	92	101	104	118	133	135	150	134	178	146	175	161	175	188	176	191	167	171	174	200	206	201	189	193	174	183	
115	208	200	167	164	145	150	141	141	121	110	94	81	68	56	43	37	30	0	35	31	46	55	69	80	93	104	111	125	140	145	160	150	191	164	192	181	195	210	199	215	193	198	201	229	235	231	219	223	204	213	
81	185	180	145	146	127	136	129	134	114	107	91	80	67	56	53	32	22	35	0	44	22	36	41	60	70	79	82	96	111	114	129	116	158	129	158	146	160	175	164	180	158	163	167	195	203	200	189	194	177	188	
124	229	224	189	189	170	176	168	170	150	139	123	110	97	85	74	64	54	31	44	0	38	38	58	60	73	85	96	109	124	132	147	142	179	158	185	178	193	209	200	217	197	204	209	238	246	244	233	238	221	232	
88	201	197	162	164	145	156	150	156	136	129	113	102	89	78	75	54	44	46	22	38	0	14	23	38	49	59	65	79	94	99	114	106	146	121	149	140	155	171	162	179	160	166	171	201	210	208	199	206	189	203	
98	214	210	175	178	159	170	164	170	150	143	127	116	103	92	89	68	58	55	36	38	14	0	21	25	38	49	58	71	86	94	109	104	141	121	147	141	156	172	165	183	165	172	178	208	218	217	209	217	200	215	
80	200	198	163	167	148	162	158	167	148	143	127	118	106	95	94	72	63	69	41	58	23	21	0	24	31	38	42	56	71	76	91	84	123	100	127	120	135	151	144	162	144	152	158	188	199	198	191	199	184	199	
102	223	222	187	191	172	186	182	191	172	166	150	140	127	116	113	92	82	80	60	60	38	25	24	0	13	25	37	49	64	73	87	89	120	107	131	128	143	159	155	173	159	167	175	205	217	218	211	221	206	222	
101	224	224	189	194	176	191	188	198	179	174	158	149	137	126	123	102	92	93	70	73	49	38	31	13	0	12	26	36	51	60	74	78	107	97	120	118	133	149	147	165	152	161	169	199	212	214	209	219	205	221	
101	224	224	190	196	178	194	192	204	185	181	165	156	144	133	132	110	101	104	79	85	59	49	38	25	12	0	17	25	39	49	63	69	96	88	110	109	124	140	139	157	146	155	164	194	207	210	205	216	203	221	
88	211	211	178	186	168	186	185	198	180	177	162	154	143	134	135	112	104	111	82	96	65	58	42	37	26	17	0	14	29	36	51	52	83	71	94	92	107	123	122	140	129	139	147	177	191	194	190	201	189	208	
97	218	220	187	195	178	197	196	210	192	190	176	168	157	148	149	126	118	125	96	109	79	71	56	49	36	25	14	0	15	24	38	47	71	66	86	87	102	118	118	136	128	139	148	178	192	196	194	205	195	214	
106	225	228	196	204	189	208	208	223	205	204	190	183	172	163	164	141	133	140	111	124	94	86	71	64	51	39	29	15	0	16	26	45	59	63	77	84	98	114	116	134	128	138	148	177	192	198	197	210	200	220	
97	213	217	186	195	180	200	201	217	200	200	187	180	171	162	166	142	135	145	114	132	99	94	76	73	60	49	36	24	16	0	15	29	47	47	62	68	82	98	100	118	112	122	132	161	176	183	183	196	187	207	
106	217	222	193	203	188	209	211	228	212	212	199	193	184	176	181	156	150	160	129	147	114	109	91	87	74	63	51	38	26	15	0	31	33	44	52	62	76	91	94	112	110	121	132	160	175	183	184	197	190	211	
77	186	191	162	172	159	180	183	201	185	187	175	171	163	156	164	139	134	150	116	142	106	104	84	89	78	69	52	47	45	29	31	0	46	19	43	40	55	71	71	89	83	93	103	132	147	154	154	167	159	180	
121	220	227	200	212	200	222	226	245	231	233	221	217	209	201	208	183	178	191	158	179	146	141	123	120	107	96	83	71	59	47	33	46	0	44	32	52	60	72	82	96	102	113	124	150	166	175	179	193	190	211	
78	177	183	156	168	156	178	182	202	188	191	180	177	170	164	174	149	146	164	129	158	121	121	100	107	97	88	71	66	63	47	44	19	44	0	29	21	36	52	53	71	66	77	88	116	131	139	140	154	148	169	
105	192	200	176	189	179	202	207	227	214	218	208	206	199	193	203	178	175	192	158	185	149	147	127	131	120	110	94	86	77	62	52	43	32	29	0	23	28	40	50	64	71	82	93	118	134	144	148	163	161	182	
85	169	177	153	166	156	179	185	205	193	198	189	187	181	177	188	164	161	181	146	178	140	141	120	128	118	109	92	87	84	68	62	40	52	21	23	0	15	31	32	50	50	61	72	99	115	123	127	141	138	159	
95	168	177	156	169	161	184	191	212	201	207	199	197	193	189	201	177	175	195	160	193	155	156	135	143	133	124	107	102	98	82	76	55	60	36	28	15	0	16	22	37	44	55	66	90	106	116	121	136	135	156	
106	166	176	158	171	165	188	197	219	209	215	208	208	204	201	213	190	188	210	175	209	171	172	151	159	149	140	123	118	114	98	91	71	72	52	40	31	16	0	18	25	42	50	61	81	97	108	116	131	132	153	
91	148	158	140	153	147	170	179	201	191	198	191	192	189	186	199	176	176	199	164	200	162	165	144	155	147	139	122	118	116	100	94	71	82	53	50	32	22	18	0	18	24	33	44	68	84	94	99	114	115	136	
104	146	156	142	156	152	175	185	207	199	207	202	204	201	199	212	191	191	215	180	217	179	183	162	173	165	157	140	136	134	118	112	89	96	71	64	50	37	25	18	0	27	31	40	56	72	84	93	108	112	133	
79	124	134	117	131	125	148	158	180	172	180	175	177	174	173	187	166	167	193	158	197	160	165	144	159	152	146	129	128	128	112	110	83	102	66	71	50	44	42	24	27	0	11	22	50	65	73	77	92	91	112	
83	116	126	111	125	122	145	154	177	170	179	175	177	176	175	191	170	171	198	163	204	166	172	152	167	161	155	139	139	138	122	121	93	113	77	82	61	55	50	33	31	11	0	11	39	54	62	66	81	82	103	
86	106	116	103	117	116	139	149	172	166	176	172	176	175	175	191	172	174	201	167	209	171	178	158	175	169	164	147	148	148	132	132	103	124	88	93	72	66	61	44	40	22	11	0	30	44	51	55	70	72	93	
114	101	114	111	125	128	149	161	184	181	192	191	196	197	199	216	198	200	229	195	238	201	208	188	205	199	194	177	178	177	161	160	132	150	116	118	99	90	81	68	56	50	39	30	0	16	29	43	58	68	86	
122	90	104	106	120	125	145	157	180	179	191	191	197	200	202	219	203	206	235	203	246	210	218	199	217	212	207	191	192	192	176	175	147	166	131	134	115	106	97	84	72	65	54	44	16	0	15	32	45	59	75	
120	75	89	93	107	113	132	145	167	167	180	182	188	191	195	213	197	201	231	200	244	208	217	198	218	214	210	194	196	198	183	183	154	175	139	144	123	116	108	94	84	73	62	51	29	15	0	18	30	45	60	
111	58	72	75	89	96	114	127	149	150	163	165	173	176	180	198	184	189	219	189	233	199	209	191	211	209	205	190	194	197	183	184	154	179	140	148	127	121	116	99	93	77	66	55	43	32	18	0	15	27	43	
119	45	60	69	82	91	108	121	143	145	158	162	171	176	181	199	187	193	223	194	238	206	217	199	221	219	216	201	205	210	196	197	167	193	154	163	141	136	131	114	108	92	81	70	58	45	30	15	0	20	30	
104	34	46	49	62	71	88	101	123	125	138	142	151	156	161	179	168	174	204	177	221	189	200	184	206	205	203	189	195	200	187	190	159	190	148	161	138	135	132	115	112	91	82	72	68	59	45	27	20	0	21	
120	15	30	48	58	71	84	97	118	123	137	142	152	159	167	185	176	183	213	188	232	203	215	199	222	221	221	208	214	220	207	211	180	211	169	182	159	156	153	136	133	112	103	93	86	75	60	43	30	21	0	
Custo_Viagem
V0
0	1082	1082	792	862	730	906	932	1091	968	994	915	897	862	836	950	765	774	1012	712	1091	774	862	704	897	888	888	774	853	932	853	932	677	1064	686	924	748	836	932	800	915	695	730	756	1003	1073	1056	976	1047	915	1056	
1082	0	132	360	413	563	633	756	924	985	1117	1179	1267	1337	1408	1566	1504	1566	1830	1628	2024	1768	1883	1760	1962	1971	1971	1856	1918	1980	1874	1918	1636	1936	1557	1698	1487	1478	1460	1311	1284	1091	1020	932	888	792	660	510	396	299	132	
1082	132	0	308	325	484	528	651	809	880	1012	1082	1179	1258	1328	1496	1443	1513	1777	1592	1980	1742	1856	1742	1953	1971	1971	1865	1936	2006	1909	1953	1680	1997	1610	1760	1557	1557	1548	1390	1381	1179	1108	1020	1003	915	783	633	528	404	264	
792	360	308	0	123	202	343	457	651	668	792	836	915	976	1047	1205	1144	1205	1469	1276	1663	1425	1540	1434	1645	1663	1672	1575	1645	1724	1636	1698	1425	1768	1372	1557	1346	1372	1390	1232	1249	1029	976	906	976	932	818	660	607	431	422	
862	413	325	123	0	167	228	343	536	572	704	765	853	932	1003	1161	1117	1196	1452	1284	1663	1443	1566	1469	1680	1707	1724	1636	1716	1804	1716	1786	1513	1874	1478	1663	1460	1487	1513	1346	1381	1152	1100	1038	1100	1056	941	783	721	545	510	
730	563	484	202	167	0	202	290	492	475	589	624	712	774	844	1003	950	1029	1284	1117	1496	1276	1399	1302	1513	1548	1566	1478	1566	1663	1584	1654	1399	1768	1372	1575	1372	1416	1460	1293	1337	1100	1073	1020	1126	1100	994	844	809	624	633	
906	633	528	343	228	202	0	114	308	352	484	563	668	756	844	994	994	1073	1320	1196	1548	1372	1496	1425	1636	1680	1707	1636	1733	1830	1760	1839	1584	1962	1566	1777	1575	1628	1663	1504	1548	1311	1276	1223	1311	1276	1161	1003	950	774	739	
932	756	651	457	343	290	114	0	202	228	360	448	563	660	748	897	915	1003	1240	1135	1478	1320	1452	1390	1601	1654	1689	1628	1724	1830	1768	1856	1610	1997	1601	1821	1628	1680	1733	1575	1628	1390	1355	1311	1416	1381	1276	1117	1064	888	853	
1091	924	809	651	536	492	308	202	0	176	272	413	528	642	748	871	932	1029	1240	1188	1496	1381	1513	1469	1680	1742	1795	1742	1848	1962	1909	2006	1768	2156	1777	1997	1804	1865	1927	1768	1821	1584	1557	1513	1619	1584	1469	1320	1258	1082	1038	
968	985	880	668	572	475	352	228	176	0	123	237	352	466	572	704	756	844	1064	1003	1320	1205	1337	1302	1513	1575	1628	1584	1689	1804	1760	1865	1628	2032	1654	1883	1698	1768	1839	1680	1760	1513	1496	1460	1592	1575	1478	1328	1284	1108	1091	
994	1117	1012	792	704	589	484	360	272	123	0	140	255	369	475	598	677	774	968	941	1232	1144	1276	1258	1460	1531	1592	1557	1672	1795	1760	1865	1645	2050	1680	1918	1742	1821	1892	1742	1830	1584	1575	1548	1689	1680	1584	1434	1399	1223	1214	
915	1179	1082	836	765	624	563	448	413	237	140	0	114	228	334	457	536	624	827	800	1082	1003	1126	1117	1320	1390	1452	1425	1548	1672	1645	1751	1540	1944	1584	1830	1663	1751	1830	1680	1777	1540	1540	1513	1680	1680	1601	1452	1434	1249	1267	
897	1267	1179	915	853	712	668	563	528	352	255	114	0	114	220	343	431	519	712	704	976	906	1038	1038	1232	1311	1372	1355	1478	1610	1584	1698	1504	1909	1557	1812	1645	1742	1830	1689	1795	1557	1557	1548	1724	1733	1654	1522	1504	1328	1346	
862	1337	1258	976	932	774	756	660	642	466	369	228	114	0	105	237	316	404	598	589	853	792	924	932	1117	1205	1276	1258	1381	1513	1504	1619	1434	1839	1496	1751	1592	1698	1795	1663	1768	1531	1548	1540	1733	1760	1680	1548	1548	1372	1408	
836	1408	1328	1047	1003	844	844	748	748	572	475	334	220	105	0	158	211	299	492	492	748	686	818	836	1020	1108	1179	1179	1302	1434	1425	1548	1372	1768	1443	1698	1557	1663	1768	1636	1751	1522	1540	1540	1751	1777	1716	1584	1592	1416	1469	
950	1566	1496	1205	1161	1003	994	897	871	704	598	457	343	237	158	0	220	272	378	475	651	660	783	836	994	1091	1179	1196	1320	1460	1469	1592	1443	1830	1531	1786	1654	1768	1874	1751	1874	1654	1680	1680	1900	1927	1874	1742	1751	1575	1628	
765	1504	1443	1144	1117	950	994	915	932	756	677	536	431	316	211	220	0	88	325	281	563	475	607	633	809	897	976	985	1108	1240	1249	1372	1223	1610	1311	1566	1443	1557	1672	1548	1680	1460	1496	1513	1742	1786	1733	1619	1645	1478	1548	
774	1566	1513	1205	1196	1029	1073	1003	1029	844	774	624	519	404	299	272	88	0	264	193	475	387	519	554	721	818	897	915	1038	1179	1188	1320	1179	1566	1284	1540	1416	1540	1654	1548	1680	1469	1504	1531	1760	1812	1768	1663	1698	1531	1610	
1012	1830	1777	1469	1452	1284	1320	1240	1240	1064	968	827	712	598	492	378	325	264	0	308	272	404	484	607	704	818	915	976	1100	1232	1276	1408	1320	1680	1443	1689	1592	1724	1848	1751	1892	1698	1742	1768	2015	2068	2032	1927	1962	1795	1874	
712	1628	1592	1276	1284	1117	1196	1135	1188	1003	941	800	704	589	492	475	281	193	308	0	387	193	325	360	528	616	695	721	844	985	1003	1135	1020	1390	1135	1390	1284	1408	1540	1443	1584	1390	1434	1469	1724	1786	1760	1663	1707	1557	1654	
1091	2024	1980	1663	1663	1496	1548	1478	1496	1320	1232	1082	976	853	748	651	563	475	272	387	0	334	334	510	528	642	748	844	959	1091	1161	1293	1249	1575	1390	1628	1566	1698	1839	1760	1909	1733	1795	1839	2094	2164	2147	2059	2103	1944	2050	
774	1768	1742	1425	1443	1276	1372	1320	1381	1205	1144	1003	906	792	686	660	475	387	404	193	334	0	123	202	334	431	519	572	695	827	871	1003	932	1284	1064	1311	1232	1372	1504	1425	1575	1408	1460	1504	1768	1848	1839	1751	1812	1663	1786	
862	1883	1856	1540	1566	1399	1496	1452	1513	1337	1276	1126	1038	924	818	783	607	519	484	325	334	123	0	184	220	334	431	510	624	756	827	959	915	1240	1064	1293	1240	1372	1513	1452	1610	1452	1513	1566	1830	1918	1909	1839	1909	1760	1892	
704	1760	1742	1434	1469	1302	1425	1390	1469	1302	1258	1117	1038	932	836	836	633	554	607	360	510	202	184	0	211	272	334	369	492	633	668	800	739	1082	880	1117	1056	1188	1328	1267	1425	1267	1337	1390	1654	1751	1742	1680	1751	1619	1751	
897	1962	1953	1645	1680	1513	1636	1601	1680	1513	1460	1320	1232	1117	1020	994	809	721	704	528	528	334	220	211	0	114	220	325	431	563	642	765	783	1064	941	1152	1126	1267	1408	1364	1531	1399	1469	1540	1804	1909	1918	1856	1944	1812	1953	
888	1971	1971	1663	1707	1548	1680	1654	1742	1575	1531	1390	1311	1205	1108	1091	897	818	818	616	642	431	334	272	114	0	105	228	316	448	536	660	695	950	853	1056	1047	1188	1328	1293	1460	1337	1416	1487	1760	1865	1883	1839	1927	1804	1953	
888	1971	1971	1672	1724	1566	1707	1689	1795	1628	1592	1452	1372	1276	1179	1179	976	897	915	695	748	519	431	334	220	105	0	149	220	343	431	554	607	853	774	968	968	1108	1249	1223	1390	1284	1364	1443	1707	1821	1848	1804	1900	1786	1944	
774	1856	1865	1575	1636	1478	1636	1628	1742	1584	1557	1425	1355	1258	1179	1196	985	915	976	721	844	572	510	369	325	228	149	0	123	264	316	448	457	730	624	827	818	959	1100	1073	1240	1135	1223	1293	1566	1680	1707	1672	1768	1663	1830	
