M: 4
N: 50
Nun_Veiculos: 20
Capacidade_Total: 1437
Demanda_Total: 938
Setup_Min: 1
Setup_Max: 9
Raio: 100
Circulos: 1
Tempo_Processamento_Min: 1
Tempo_Processamento_Max: 49
Demanda_Min: 10
Demanda_Max: 30
Priority_Factor: 0.2
Range_Factor_R: 0.8
U_factor: 2
ALpha: 0.2Replicao: 0
Tempos_Processamentos
0	0	1	0	2	0	3	0	
0	43	1	48	2	45	3	4	
0	8	1	24	2	48	3	24	
0	29	1	45	2	36	3	38	
0	35	1	13	2	24	3	25	
0	9	1	1	2	34	3	34	
0	37	1	41	2	32	3	19	
0	34	1	19	2	38	3	28	
0	14	1	17	2	32	3	37	
0	9	1	48	2	30	3	42	
0	10	1	28	2	12	3	18	
0	10	1	43	2	33	3	26	
0	12	1	27	2	4	3	29	
0	31	1	2	2	12	3	35	
0	39	1	28	2	32	3	36	
0	9	1	17	2	3	3	33	
0	33	1	11	2	20	3	8	
0	37	1	29	2	3	3	37	
0	2	1	36	2	28	3	24	
0	22	1	2	2	39	3	29	
0	47	1	12	2	31	3	25	
0	5	1	48	2	33	3	43	
0	22	1	30	2	34	3	44	
0	32	1	29	2	28	3	12	
0	45	1	21	2	36	3	41	
0	20	1	39	2	7	3	26	
0	42	1	27	2	16	3	6	
0	17	1	35	2	19	3	6	
0	18	1	17	2	13	3	13	
0	8	1	21	2	9	3	42	
0	36	1	31	2	31	3	7	
0	14	1	27	2	9	3	7	
0	40	1	12	2	30	3	48	
0	33	1	27	2	36	3	10	
0	46	1	30	2	43	3	49	
0	6	1	47	2	24	3	12	
0	12	1	44	2	44	3	21	
0	30	1	6	2	4	3	29	
0	42	1	33	2	45	3	16	
0	8	1	2	2	10	3	4	
0	13	1	44	2	20	3	2	
0	33	1	27	2	47	3	8	
0	49	1	41	2	8	3	1	
0	40	1	15	2	45	3	6	
0	1	1	47	2	3	3	10	
0	30	1	17	2	9	3	33	
0	5	1	22	2	49	3	36	
0	19	1	43	2	44	3	28	
0	1	1	22	2	40	3	25	
0	27	1	15	2	41	3	36	
0	3	1	22	2	20	3	12	

Tempos_setup
M0
0	0	0	0	0	0	0	0	0	0	0	0	0	0	0	0	0	0	0	0	0	0	0	0	0	0	0	0	0	0	0	0	0	0	0	0	0	0	0	0	0	0	0	0	0	0	0	0	0	0	0	
0	0	2	3	2	3	1	2	3	2	2	3	4	3	2	3	2	3	1	2	2	3	3	3	3	3	3	2	2	2	3	3	2	3	1	2	3	2	2	1	3	2	1	2	2	2	2	2	3	3	2	
0	1	0	3	2	2	2	2	1	2	2	3	3	2	3	2	3	1	2	2	2	2	3	4	3	2	3	2	2	3	3	2	2	3	1	2	3	2	2	1	3	2	2	3	3	1	2	3	3	2	3	
0	3	2	0	2	3	3	3	3	3	4	3	4	2	2	1	2	3	3	3	3	3	2	3	2	3	2	3	1	3	2	2	3	3	3	2	2	3	2	2	3	3	4	3	5	3	3	2	3	3	3	
0	3	3	2	0	2	2	2	3	3	4	3	3	2	2	3	3	4	3	3	2	3	3	3	2	2	3	3	2	3	1	2	3	3	3	3	3	3	4	2	2	2	3	3	4	3	2	2	3	3	1	
0	1	2	2	2	0	1	2	2	2	3	3	1	2	2	2	3	3	2	1	2	2	2	3	2	2	2	2	2	2	2	2	2	3	2	1	2	2	3	1	3	1	1	2	2	3	2	1	2	2	2	
0	2	1	3	2	2	0	3	2	2	2	2	3	2	1	3	2	2	3	3	3	3	2	2	2	2	2	1	1	1	2	3	3	2	2	2	2	3	3	2	2	2	2	1	3	2	3	2	3	3	1	
0	2	3	3	3	2	2	0	2	2	3	2	3	2	1	2	2	3	2	3	1	2	3	2	3	3	3	2	2	2	3	1	2	3	2	1	2	2	3	3	2	3	3	2	3	2	2	2	3	2	1	
0	3	2	3	2	2	3	3	0	2	2	3	2	2	2	2	3	1	2	1	1	1	2	3	2	3	2	2	2	2	2	2	2	3	3	3	2	2	3	3	2	2	3	3	3	3	1	3	2	2	3	
0	2	3	3	2	2	2	3	2	0	3	3	3	2	2	1	3	2	3	3	1	2	3	3	2	3	3	1	2	3	2	3	1	4	2	3	2	3	3	3	2	2	3	3	3	3	3	2	2	3	1	
0	2	2	3	2	2	3	2	2	3	0	2	3	2	3	2	2	1	2	1	3	3	2	2	3	3	2	2	1	3	2	2	2	1	3	2	2	1	2	2	1	3	3	3	4	2	2	2	2	2	2	
0	3	2	3	3	3	3	2	2	2	2	0	4	2	2	2	3	2	3	2	3	3	3	2	2	3	1	3	2	2	2	3	1	2	3	3	3	2	2	3	3	2	4	3	5	2	1	3	1	1	3	
0	2	1	2	3	3	3	1	2	3	2	3	0	2	2	2	3	2	3	2	2	2	3	3	2	2	3	2	2	3	2	2	3	2	2	2	3	2	3	2	3	3	3	3	1	2	3	3	1	2	2	
0	2	1	2	2	1	2	2	2	2	2	2	2	0	2	1	2	2	3	2	3	3	2	3	2	1	2	2	1	2	2	1	2	2	2	2	3	1	2	2	3	1	2	2	3	2	2	2	2	1	2	
0	3	2	3	3	2	2	2	3	2	2	1	2	3	0	3	1	2	3	3	3	2	3	1	3	2	2	3	2	1	2	3	2	3	3	2	3	3	3	3	2	3	3	1	3	2	2	2	2	2	1	
0	2	2	2	2	3	3	3	3	2	3	2	3	3	1	0	2	3	2	3	2	2	4	2	1	2	3	3	3	2	1	3	3	3	3	3	4	3	4	2	3	2	3	2	4	3	2	2	3	3	2	
0	2	2	2	3	2	1	1	2	3	2	1	3	3	2	2	0	2	3	2	2	1	3	3	3	2	2	2	2	2	2	2	1	3	3	2	3	2	3	3	2	3	2	2	3	3	2	2	1	2	1	
0	2	2	2	3	1	2	2	3	2	2	3	2	3	2	1	2	0	1	2	3	3	3	3	2	3	2	2	2	2	2	1	1	2	2	2	2	2	3	2	3	2	2	3	3	2	2	2	2	1	2	
0	3	3	2	2	2	2	1	2	3	3	2	3	2	2	2	1	3	0	3	2	2	3	3	3	3	2	1	2	2	2	2	2	4	2	2	2	2	2	3	2	2	3	3	4	2	1	1	2	3	1	
0	2	1	2	3	3	3	2	2	2	2	3	4	2	3	2	3	2	3	0	2	3	1	3	2	2	2	1	2	2	1	3	1	2	2	2	1	2	3	2	2	2	3	2	4	2	1	2	2	1	3	
0	2	2	3	2	1	2	3	1	1	2	3	2	1	2	1	2	2	3	2	0	1	2	3	2	2	2	2	1	3	2	2	2	3	2	2	3	2	3	2	2	2	2	3	2	3	2	2	2	2	2	
0	3	3	2	3	3	3	3	2	3	1	2	3	3	1	2	2	2	3	2	2	0	3	2	3	2	3	3	2	2	1	3	3	2	3	3	3	2	3	2	2	2	2	2	3	3	2	3	1	3	2	
0	2	2	2	3	2	3	1	1	2	3	3	3	2	2	3	2	2	2	2	2	2	0	2	1	1	2	1	2	3	3	2	1	1	2	1	1	2	3	3	2	2	3	2	4	3	2	2	2	3	2	
0	3	4	3	3	3	3	4	3	1	3	4	4	3	3	2	4	3	3	4	2	3	4	0	3	3	4	2	3	4	3	2	2	4	3	2	2	3	4	4	3	3	4	3	4	2	3	3	3	4	2	
0	1	1	2	2	2	2	2	2	1	2	2	3	2	2	2	1	2	1	3	2	1	3	3	0	1	2	2	2	3	2	2	2	2	2	3	3	2	3	2	2	1	2	2	3	2	2	1	2	3	2	
0	2	2	1	2	1	2	1	1	3	2	2	2	1	2	2	2	2	3	2	2	2	2	2	3	0	2	3	1	2	3	2	2	1	3	2	2	1	2	2	3	2	2	3	3	3	2	2	2	2	2	
0	3	3	3	3	3	3	3	1	1	3	3	3	3	3	2	4	2	3	2	2	2	3	1	3	2	0	2	3	3	3	3	2	3	2	3	3	3	3	3	3	1	4	2	4	3	2	2	2	3	2	
0	2	2	2	2	3	3	2	2	3	2	3	4	2	3	2	2	3	3	2	2	2	2	3	3	2	2	0	1	2	2	2	2	3	1	2	1	3	2	2	1	1	3	2	4	2	3	1	2	3	2	
0	2	2	3	1	2	2	2	2	2	3	2	3	1	3	2	1	2	3	2	2	2	1	2	2	2	1	2	0	3	2	2	2	2	2	1	2	2	3	1	2	2	3	3	4	3	3	3	2	2	2	
0	2	1	2	3	2	2	2	2	1	1	1	3	2	3	2	2	2	3	2	2	3	3	3	3	1	2	2	2	0	3	2	2	2	2	1	2	2	3	2	2	3	3	3	3	2	2	2	2	2	1	
0	3	3	1	3	2	3	2	2	2	3	3	3	2	3	2	3	3	4	2	1	2	3	4	3	2	3	3	2	2	0	3	2	3	3	3	3	2	3	1	3	1	2	2	3	3	1	3	2	3	3	
0	2	2	3	2	1	2	3	3	2	2	2	2	2	3	3	2	2	2	2	2	3	2	3	3	2	2	1	1	2	2	0	1	3	1	1	2	1	2	2	2	2	2	3	3	1	1	2	2	2	3	
0	3	3	3	3	2	3	2	4	3	3	3	3	3	3	2	3	1	2	2	3	3	3	4	2	3	3	3	2	3	3	2	0	3	3	3	3	2	2	3	4	3	3	4	4	3	3	3	1	2	3	
0	4	3	2	2	3	4	4	2	2	3	3	4	2	3	2	3	2	3	2	2	2	3	1	3	3	2	3	3	2	3	2	3	0	3	3	3	2	3	4	3	3	4	4	4	3	1	1	2	3	3	
0	2	1	3	1	2	2	2	2	2	1	3	3	2	2	2	3	2	2	2	1	2	3	3	3	2	3	1	2	2	2	3	3	2	0	3	2	2	1	2	2	2	3	2	3	1	3	2	3	3	2	
0	1	2	2	2	2	2	3	3	1	2	3	3	2	3	2	3	3	2	3	2	2	3	3	3	3	2	2	2	2	3	1	2	3	1	0	1	2	2	2	2	3	2	2	3	2	2	3	3	3	2	
0	2	2	1	3	3	3	2	2	3	2	3	4	3	3	2	2	2	2	2	2	2	2	3	3	3	2	3	2	4	2	3	3	3	3	3	0	3	3	3	1	3	3	1	4	2	3	3	3	3	2	
0	3	2	3	3	3	3	2	2	2	1	1	2	3	2	2	3	2	3	2	2	3	3	2	2	3	1	2	2	2	2	3	1	2	2	3	2	0	1	3	2	2	3	3	3	3	2	3	1	1	2	
0	2	1	2	2	2	2	3	2	2	2	2	3	2	1	2	2	2	3	3	1	2	2	2	3	3	3	2	2	2	1	3	3	3	1	2	1	3	0	2	2	2	2	2	3	2	2	2	3	3	1	
0	3	2	2	2	2	2	3	2	1	2	2	3	2	3	2	2	2	3	1	1	2	2	3	2	2	2	2	1	3	2	3	1	3	3	2	2	1	2	0	2	1	3	2	3	3	2	3	2	2	2	
0	1	2	2	3	2	2	1	1	2	2	2	3	2	2	3	1	2	2	1	2	2	2	2	3	2	1	2	2	3	1	2	2	2	2	2	2	3	3	2	0	2	2	3	3	1	2	2	2	2	1	
0	2	2	2	3	2	3	2	2	3	3	3	3	2	2	3	3	2	3	3	3	3	3	3	2	1	2	3	2	3	2	3	3	2	2	3	3	2	3	3	4	0	3	1	4	2	3	3	3	3	3	
0	3	2	2	2	3	1	3	3	3	2	3	4	3	2	3	2	3	2	1	2	3	2	2	3	2	3	2	2	2	2	3	2	2	1	3	2	3	2	2	3	3	0	2	1	2	2	2	2	2	2	
0	2	1	2	3	2	3	3	2	2	2	3	3	2	2	2	3	1	2	3	2	3	2	2	3	2	1	3	3	3	1	2	2	3	2	2	3	3	3	2	3	2	2	0	3	1	2	3	3	2	3	
0	3	3	1	2	2	3	2	2	2	2	3	3	2	3	2	2	3	4	2	2	2	2	2	3	1	2	3	1	2	1	3	2	1	3	2	3	2	3	1	3	2	2	3	0	4	2	2	1	1	3	
0	3	2	2	3	2	3	2	2	3	1	3	3	1	3	2	2	2	1	2	2	3	3	3	3	1	3	2	2	3	3	2	3	2	3	2	3	2	3	3	2	2	2	2	3	0	2	2	3	2	2	
0	3	2	3	3	2	3	3	3	2	2	2	3	1	3	2	2	3	3	3	3	3	3	3	3	2	2	3	2	1	3	2	2	3	3	2	3	1	2	3	3	2	3	3	4	2	0	3	2	2	2	
0	3	2	1	1	2	3	3	1	2	2	3	3	1	2	1	3	2	3	2	1	1	3	2	2	2	1	2	2	3	2	1	2	3	2	2	3	2	3	3	3	2	3	3	3	2	2	0	1	2	2	
0	3	2	3	2	3	3	3	3	3	2	2	3	2	2	1	2	2	3	1	3	3	2	3	2	3	2	2	1	3	2	3	2	3	3	2	2	1	2	2	3	3	4	3	4	3	2	3	0	2	2	
0	3	2	3	3	3	2	3	2	1	1	2	4	3	3	2	3	2	3	2	2	3	3	2	3	2	1	2	2	1	3	3	2	1	3	2	3	2	3	3	2	1	4	2	4	3	2	2	3	0	2	
0	2	2	2	2	1	1	2	2	3	3	3	2	2	2	2	2	3	3	2	2	2	2	3	3	3	2	2	1	2	2	2	3	3	3	2	3	3	4	2	1	2	2	2	3	2	3	1	2	2	0	
M1
0	0	0	0	0	0	0	0	0	0	0	0	0	0	0	0	0	0	0	0	0	0	0	0	0	0	0	0	0	0	0	0	0	0	0	0	0	0	0	0	0	0	0	0	0	0	0	0	0	0	0	
0	0	1	2	3	2	2	2	1	2	1	2	3	2	2	2	3	3	2	1	3	3	2	3	1	3	2	3	3	2	3	1	3	2	4	3	2	2	2	2	3	3	3	1	2	3	3	3	2	2	2	
0	1	0	3	2	2	3	1	2	1	2	1	2	2	3	3	2	2	2	2	2	2	3	2	2	3	2	3	3	1	2	2	2	1	4	2	3	3	2	3	3	2	2	2	2	2	3	2	2	2	1	
0	3	2	0	3	2	3	2	2	3	3	3	2	1	3	2	1	2	3	3	2	3	3	3	3	2	3	3	1	2	3	3	3	2	3	4	2	3	3	3	2	2	3	2	3	3	2	3	3	3	2	
0	1	2	3	0	3	3	1	2	3	2	3	3	3	3	3	2	3	3	2	4	3	3	3	2	1	3	3	3	2	2	2	3	3	4	1	3	3	3	3	3	2	3	2	3	2	2	2	3	2	3	
0	3	4	3	3	0	4	3	2	3	2	3	2	2	3	4	3	3	1	3	3	4	3	2	3	3	3	3	4	2	4	4	2	3	3	4	3	2	2	2	4	3	2	1	3	3	3	3	3	3	2	
0	2	1	3	3	2	0	2	3	2	2	2	2	3	3	2	1	3	1	3	2	3	3	2	3	2	3	3	1	2	1	3	3	2	2	2	2	3	2	3	3	2	3	2	2	3	2	3	2	3	2	
0	3	3	3	3	3	2	0	2	3	2	2	3	2	3	2	1	3	3	3	4	2	3	3	4	2	3	3	3	2	1	2	3	2	3	3	3	3	3	3	2	2	3	3	3	3	2	1	3	1	3	
0	3	2	3	3	4	3	2	0	3	3	2	3	1	3	3	3	2	3	3	2	3	1	2	4	3	3	3	3	2	2	4	2	3	4	3	2	3	3	3	4	2	3	4	3	3	2	3	2	3	2	
0	2	3	3	1	2	2	2	3	0	2	2	3	1	2	4	3	2	2	3	1	1	2	3	3	2	2	3	3	2	3	1	3	2	3	2	2	3	1	4	2	3	3	3	2	3	2	3	3	3	2	
0	3	2	2	3	1	2	2	2	3	0	2	2	2	1	3	3	2	2	2	3	3	3	2	3	3	1	3	2	2	2	3	3	2	3	2	1	1	3	3	3	2	3	2	3	3	2	2	1	2	3	
0	1	2	2	2	3	2	2	2	1	2	0	2	1	3	2	1	2	1	1	2	2	3	2	2	2	3	2	3	2	3	2	2	2	3	1	2	3	2	3	2	2	2	2	1	3	2	1	3	1	2	
0	3	3	1	3	1	2	2	2	3	3	2	0	2	3	2	2	3	2	2	2	3	1	2	1	2	3	3	2	2	2	3	2	2	3	3	3	1	2	3	2	2	2	2	2	3	3	3	3	1	3	
0	2	2	2	2	3	2	3	3	2	2	3	2	0	2	3	2	1	2	2	3	3	3	2	3	3	2	3	2	1	2	3	2	2	4	3	1	3	2	3	3	2	2	3	2	2	1	2	2	3	1	
0	2	2	3	2	3	2	3	2	2	2	1	2	2	0	3	2	3	2	2	2	2	2	3	2	2	3	2	2	2	2	2	2	2	3	1	2	3	2	2	2	1	3	3	2	3	2	1	1	2	3	
0	2	2	3	2	2	2	2	1	2	3	1	3	2	3	0	2	1	2	2	3	3	2	3	3	2	3	3	2	3	3	1	3	2	3	2	3	4	3	2	2	2	3	3	2	2	3	2	3	1	2	
0	2	2	3	2	3	2	1	2	3	2	2	2	3	3	1	0	2	3	3	3	2	2	2	3	1	3	2	3	3	2	2	2	2	4	3	2	3	2	2	3	1	3	2	2	2	1	2	3	2	2	
0	2	1	2	1	2	3	2	3	2	3	2	2	1	2	2	3	0	1	1	2	2	3	2	2	2	3	2	1	2	3	3	2	2	3	2	2	3	2	3	3	2	2	2	1	1	2	3	2	2	2	
0	2	3	2	3	2	3	2	3	2	3	3	1	3	3	3	3	2	0	3	2	3	2	1	2	2	2	3	3	1	3	3	2	3	2	3	4	2	1	3	3	2	2	2	3	2	3	2	2	2	3	
0	2	3	1	3	3	3	2	2	2	3	2	2	2	4	1	2	2	1	0	3	3	3	2	2	3	2	3	2	2	3	2	3	2	3	2	3	3	1	3	3	2	3	2	3	3	2	2	3	2	1	
0	2	3	3	2	2	3	2	3	2	1	1	3	2	1	3	2	3	2	2	0	3	2	3	3	3	2	2	2	3	3	3	3	3	4	2	2	2	1	3	3	2	3	3	2	3	3	2	2	2	3	
0	4	4	3	4	4	3	2	2	3	3	3	3	3	3	3	3	3	4	3	2	0	1	2	3	3	3	3	4	3	2	4	2	3	4	3	3	4	3	3	3	2	3	4	2	4	3	3	3	2	4	
0	3	3	2	3	3	3	1	3	2	2	2	2	2	2	3	2	3	3	3	1	2	0	1	3	2	2	2	3	2	1	3	1	3	3	2	3	3	2	2	3	1	3	3	2	3	2	2	2	2	3	
0	2	2	3	2	3	2	1	3	1	3	3	3	2	3	3	2	2	3	3	2	2	3	0	3	1	2	3	2	1	2	2	2	2	3	3	3	3	2	3	3	2	2	2	3	2	3	2	1	2	3	
0	2	3	3	3	4	3	4	3	4	3	3	3	3	4	3	4	4	3	2	4	2	3	4	0	2	3	2	4	3	3	3	2	4	3	2	4	3	3	3	3	2	2	3	1	3	3	3	3	3	3	
0	2	3	2	1	2	3	2	2	3	2	3	3	2	3	2	2	2	3	3	4	3	3	2	3	0	3	2	3	2	3	2	2	3	4	2	3	2	2	3	3	2	3	1	3	1	2	1	2	2	2	
0	3	2	3	3	3	1	1	2	3	3	3	3	3	4	3	2	3	2	4	3	2	3	3	4	2	0	3	2	3	2	3	3	3	3	3	3	3	3	4	2	3	3	2	3	3	2	2	3	2	2	
0	2	2	2	4	3	1	2	1	3	2	3	2	2	3	2	2	3	1	3	2	3	1	2	3	3	1	0	2	1	2	3	1	2	3	3	3	3	2	2	3	2	2	3	3	1	2	2	1	2	3	
0	3	2	3	2	1	2	3	2	3	2	2	2	2	2	3	2	2	2	3	1	3	3	2	3	3	3	3	0	3	2	2	3	1	3	3	2	2	2	3	4	3	2	1	3	2	3	3	3	3	2	
0	1	2	2	3	3	2	2	2	3	2	2	2	2	3	3	2	3	3	2	3	2	2	3	2	2	1	2	2	0	2	2	1	2	3	3	3	2	2	2	3	1	1	2	3	3	3	1	1	2	3	
0	2	2	3	2	3	3	3	3	2	2	3	3	3	3	3	2	3	4	3	3	2	3	2	3	1	3	3	3	3	0	3	2	2	3	3	2	3	3	3	4	3	3	2	2	2	1	2	3	3	2	
0	3	2	3	3	1	1	1	3	2	3	3	2	1	3	3	2	2	2	3	3	3	3	2	2	3	2	3	2	2	2	0	3	1	3	3	2	3	3	3	3	2	3	2	3	2	2	2	3	2	1	
0	3	3	1	3	2	2	2	2	3	1	3	3	1	2	2	2	2	2	3	3	3	2	3	2	3	1	1	2	2	2	3	0	3	2	3	2	2	3	1	3	3	3	3	3	2	2	3	2	2	2	
0	2	2	2	2	2	2	2	3	2	3	3	1	2	3	2	1	1	2	2	2	2	2	1	2	2	3	3	2	2	3	1	2	0	4	3	3	2	3	3	3	2	2	3	2	1	2	3	2	2	2	
0	2	3	2	2	2	2	2	2	1	3	3	1	2	3	3	3	2	3	2	2	2	2	2	2	3	1	2	2	3	3	2	2	3	0	1	3	2	2	2	1	1	2	3	3	3	2	2	3	2	3	
0	2	2	3	1	3	2	2	1	3	2	2	3	2	2	2	2	3	3	3	3	3	2	2	3	2	2	3	2	3	3	3	2	2	3	0	2	3	2	3	2	3	3	3	2	3	1	3	3	1	2	
0	2	1	2	2	2	1	2	3	2	3	2	1	1	3	3	2	1	2	2	2	3	2	1	2	2	3	3	1	2	1	2	3	1	3	3	0	2	3	4	2	3	3	2	2	2	2	3	2	2	2	
0	2	2	1	3	3	3	2	1	2	3	3	2	1	3	2	2	2	1	1	3	3	2	1	3	2	2	3	2	1	3	2	2	1	3	3	2	0	2	3	3	2	2	3	3	2	2	2	2	3	2	
0	4	3	3	3	3	2	1	3	2	3	3	2	3	4	3	2	2	3	3	3	3	3	3	3	3	1	4	3	3	2	3	4	3	4	4	4	3	0	4	3	3	4	3	3	3	3	2	4	2	3	
0	3	3	2	3	1	2	3	3	3	2	2	3	2	3	2	2	3	2	3	4	3	3	3	3	2	2	2	3	3	3	3	1	2	3	3	3	3	3	0	2	3	3	2	2	3	3	3	3	1	3	
0	3	2	2	2	1	2	2	2	2	2	3	1	2	3	3	2	1	2	2	2	2	2	1	2	2	2	1	2	2	3	1	2	2	1	2	3	2	2	2	0	1	3	2	2	2	3	1	2	2	2	
0	2	2	2	3	2	2	2	2	3	2	2	1	2	3	2	3	2	2	3	2	1	1	2	2	3	2	1	3	2	2	3	1	3	3	3	3	2	3	1	3	0	3	3	2	2	3	3	2	2	3	
0	1	2	1	3	3	2	2	2	2	2	1	3	2	3	3	2	3	2	2	3	3	2	2	2	2	2	1	2	2	3	2	2	2	3	2	3	1	1	2	3	2	0	2	2	2	3	1	2	2	3	
0	3	3	2	3	1	3	3	1	2	3	3	3	1	3	3	3	2	2	2	3	3	2	2	3	3	3	2	3	2	3	3	2	2	4	3	2	1	2	3	3	2	3	0	2	2	2	2	3	3	1	
0	2	3	2	2	3	2	3	2	3	2	2	3	2	3	2	3	3	2	1	3	1	2	3	1	1	2	1	3	2	2	3	1	3	3	1	3	2	2	2	2	3	1	2	0	2	2	2	2	2	2	
0	1	2	1	3	3	2	2	2	2	2	2	3	1	3	1	2	2	3	2	3	3	3	1	2	2	2	2	2	2	2	2	1	2	3	3	2	2	3	2	2	3	3	2	2	0	1	3	1	1	2	
0	1	1	2	3	2	2	2	2	2	1	2	2	2	2	2	1	2	3	2	3	2	3	1	2	2	2	2	2	2	2	2	1	1	3	2	1	2	3	2	3	2	2	2	1	2	0	3	2	3	1	
0	2	3	3	2	2	2	2	1	3	1	3	2	1	2	2	1	2	3	3	3	2	2	3	3	1	2	2	2	1	3	1	2	2	4	2	2	2	3	2	4	1	2	2	3	2	2	0	2	3	2	
0	2	1	3	3	2	1	2	3	2	3	2	2	3	3	2	2	2	2	3	2	3	3	2	3	2	3	3	1	2	1	2	3	1	2	3	3	3	3	3	2	3	3	2	3	2	2	3	0	1	2	
0	2	2	2	2	2	1	3	2	2	3	1	2	2	3	1	2	2	2	2	3	3	3	2	3	1	3	2	2	3	2	2	3	1	2	2	3	3	3	3	1	2	3	2	2	2	3	2	2	0	3	
0	3	3	3	2	3	3	3	3	1	3	3	2	1	3	2	2	2	3	3	2	2	2	2	2	3	3	2	2	2	3	2	2	1	4	3	2	3	2	2	3	1	2	3	3	2	2	2	3	3	0	
M2
0	0	0	0	0	0	0	0	0	0	0	0	0	0	0	0	0	0	0	0	0	0	0	0	0	0	0	0	0	0	0	0	0	0	0	0	0	0	0	0	0	0	0	0	0	0	0	0	0	0	0	
0	0	3	2	2	3	2	2	2	2	1	3	2	2	2	2	2	2	3	1	2	2	2	2	3	3	2	2	1	1	2	3	2	3	2	1	3	1	3	3	1	3	2	2	1	1	2	1	2	2	3	
0	1	0	3	3	3	2	3	2	3	2	2	2	2	2	3	2	3	3	2	2	3	3	1	3	3	2	3	2	2	2	3	2	3	3	2	3	1	2	2	2	3	2	3	2	1	2	1	2	2	2	
0	2	2	0	2	2	2	2	2	3	3	3	2	2	2	2	2	2	2	2	1	3	2	2	2	2	3	2	2	2	2	2	3	2	2	1	1	3	1	2	3	1	3	3	1	3	2	1	1	2	3	
0	2	2	3	0	2	1	3	1	2	3	3	2	2	2	3	3	3	2	2	2	2	2	2	2	2	1	3	1	2	3	1	2	2	3	3	2	1	1	3	2	2	1	3	2	2	2	2	2	2	2	
0	1	3	2	1	0	2	3	2	2	1	2	3	2	3	2	3	3	2	2	2	3	3	3	3	3	2	1	2	2	3	1	2	3	3	2	3	2	2	2	2	3	2	1	2	2	3	2	3	3	1	
0	3	3	2	3	3	0	3	3	1	2	2	2	2	3	2	2	3	2	3	2	3	3	2	3	1	2	2	2	3	2	3	1	1	2	2	1	4	2	3	3	2	3	3	2	3	2	3	3	2	3	
0	2	3	3	2	3	1	0	2	2	3	2	1	2	2	2	2	3	2	3	2	3	3	2	3	2	2	2	3	2	2	3	2	2	1	2	2	3	1	3	2	2	2	1	2	1	3	2	3	3	3	
0	2	1	3	3	3	1	2	0	2	2	3	2	2	2	2	2	2	1	2	3	1	3	1	1	2	3	3	3	3	2	2	2	2	3	3	2	2	2	3	3	1	3	2	2	1	3	2	2	2	1	
0	2	3	2	2	3	2	3	2	0	3	1	2	3	2	1	2	3	2	2	2	2	3	3	3	2	3	1	2	3	1	3	2	3	2	2	1	3	2	2	2	3	3	2	1	2	3	3	3	2	2	
0	2	3	3	3	2	3	3	2	1	0	2	3	3	3	2	2	3	3	3	3	3	3	2	3	2	3	2	3	3	2	3	2	2	3	3	2	3	3	2	1	2	2	2	2	1	3	2	2	3	3	
0	3	2	2	2	3	1	2	1	2	3	0	1	2	2	3	2	3	2	2	2	2	2	2	2	2	3	1	1	2	2	3	2	2	2	1	2	3	1	2	2	2	2	2	2	1	2	2	2	2	2	
0	2	3	3	3	2	2	3	2	2	3	1	0	2	3	2	3	3	3	2	2	3	3	2	3	2	2	2	2	2	2	3	2	3	1	2	3	3	2	3	2	3	1	1	3	2	3	3	3	3	3	
0	2	1	2	3	3	2	3	2	3	2	1	1	0	3	3	3	2	2	3	3	2	2	2	2	3	3	2	2	2	3	3	1	1	2	2	3	2	2	3	2	2	2	2	3	2	3	2	3	3	3	
0	2	3	2	3	3	2	2	2	2	3	3	2	2	0	2	2	2	2	3	3	1	2	2	3	3	3	3	2	1	3	3	3	2	2	1	2	3	2	3	2	2	3	2	1	3	1	1	3	2	1	
0	1	3	3	3	3	3	2	2	3	2	3	2	2	1	0	2	3	3	2	2	2	3	3	3	3	3	2	2	2	3	3	2	3	3	2	2	2	3	3	1	3	2	1	2	2	2	2	3	3	2	
0	2	2	2	3	3	2	2	2	2	3	1	2	2	2	2	0	3	3	1	1	1	1	3	3	1	1	2	2	2	1	3	2	3	2	1	2	3	2	3	2	3	2	2	2	2	2	2	3	2	2	
0	2	3	3	3	2	3	2	3	1	3	2	3	2	2	1	3	0	3	2	2	3	3	3	4	2	3	2	3	3	2	3	2	3	3	2	2	3	2	3	2	3	1	1	2	2	3	3	3	3	2	
0	2	3	2	3	3	3	3	3	2	1	2	2	3	2	1	2	2	0	3	2	3	3	3	3	1	2	3	2	3	3	3	3	3	2	2	1	3	3	3	2	2	3	2	1	2	3	3	3	2	3	
0	2	3	2	3	3	2	2	2	1	3	2	2	2	3	2	2	3	2	0	3	2	2	2	3	3	2	2	3	2	2	3	2	3	1	3	2	3	2	3	1	3	2	2	2	2	1	1	3	2	3	
0	2	2	2	3	3	1	2	2	2	3	2	2	1	3	2	2	2	2	3	0	2	2	3	3	2	3	2	3	1	2	4	2	2	3	3	1	3	3	3	3	3	3	3	2	3	1	1	3	2	3	
0	1	2	3	2	4	2	3	3	3	2	3	3	3	1	2	3	3	2	2	3	0	3	3	3	3	3	3	2	2	2	3	2	2	3	2	2	2	1	3	2	2	3	3	2	2	2	2	3	1	1	
0	2	1	3	2	3	3	3	2	3	3	2	3	3	1	3	3	3	2	3	3	2	0	2	3	3	2	3	3	2	2	2	3	2	1	2	3	2	1	3	2	2	3	3	2	2	2	2	3	3	2	
0	3	2	2	3	3	1	3	3	2	3	2	1	1	1	2	3	3	2	1	3	2	2	0	3	2	3	3	2	2	3	3	1	2	2	2	2	3	3	4	2	2	2	2	1	3	2	2	3	2	2	
0	3	3	3	3	2	2	1	3	2	3	3	2	2	1	3	3	3	3	2	3	2	3	1	0	2	3	3	2	2	3	1	2	3	2	2	3	4	2	4	3	2	3	2	2	2	2	2	3	3	2	
0	2	3	2	3	3	2	2	2	2	3	1	1	3	2	1	3	3	3	3	2	2	2	2	3	0	1	2	2	2	2	3	3	3	1	1	2	3	2	2	2	3	2	2	1	2	3	3	2	2	3	
0	2	2	2	2	2	2	3	3	1	3	2	2	2	2	2	2	3	3	2	1	1	2	3	4	1	0	2	3	2	2	3	3	2	2	2	1	3	2	3	3	3	1	3	2	2	2	2	2	1	2	
0	3	3	1	2	3	2	3	2	2	2	1	2	2	3	2	2	3	1	1	1	3	2	3	3	2	3	0	2	2	2	2	2	2	2	2	2	3	2	1	2	2	2	1	2	1	2	2	2	2	1	
0	2	2	3	1	3	2	2	2	2	3	2	1	1	2	2	2	2	2	2	3	1	1	3	3	3	2	3	0	1	2	2	2	2	2	3	3	2	2	2	1	3	2	2	3	2	1	2	1	2	2	
0	2	2	3	4	3	2	3	3	2	2	3	3	3	2	1	3	1	4	3	3	3	3	2	2	3	2	3	3	0	3	3	3	2	3	3	2	3	3	4	2	3	2	2	3	3	3	3	4	1	3	
0	3	3	2	3	2	2	3	2	3	3	1	2	3	3	3	3	2	2	2	2	3	3	2	3	3	3	2	2	3	0	3	1	3	2	2	3	4	2	3	3	3	3	3	3	2	3	3	3	3	3	
0	2	2	3	2	4	2	3	2	1	3	2	2	2	2	2	3	3	2	3	3	2	2	3	3	3	3	2	1	2	2	0	3	2	3	2	2	3	1	3	2	2	3	3	1	3	2	1	2	2	1	
0	3	3	1	3	3	2	3	2	3	2	1	1	2	2	2	3	2	1	2	2	3	3	1	3	2	2	2	2	2	2	3	0	3	1	2	2	4	2	3	2	2	2	2	2	2	3	2	2	2	3	
0	3	3	3	2	3	2	3	3	2	1	3	2	2	2	2	3	2	2	2	3	2	2	3	2	3	3	3	1	2	3	2	3	0	3	3	3	3	1	3	2	1	3	3	2	2	2	3	2	3	3	
0	2	2	3	2	3	2	3	1	2	3	2	2	2	2	2	2	2	2	2	2	2	3	1	2	2	1	3	3	1	1	2	2	2	0	3	2	3	1	3	1	2	2	2	2	2	2	3	3	2	2	
0	3	2	1	3	2	1	1	2	2	2	3	2	3	2	3	2	2	3	3	2	3	1	2	3	2	2	3	3	2	2	3	2	2	1	0	2	3	2	3	2	2	3	2	2	2	3	2	2	3	3	
0	3	2	1	3	2	2	3	2	3	3	2	2	2	3	2	1	3	2	2	2	2	2	2	3	1	2	3	3	3	2	3	3	2	2	2	0	3	2	3	3	2	3	3	2	3	3	2	2	1	2	
0	2	2	2	2	2	2	3	3	2	3	2	2	2	1	2	3	2	2	2	1	2	3	1	3	2	1	3	3	1	2	3	1	2	2	2	2	0	3	2	3	3	1	2	2	2	2	2	1	1	2	
0	3	3	3	1	3	2	3	2	3	2	2	3	3	1	2	3	2	1	3	3	2	3	3	2	2	2	3	2	2	2	2	3	1	3	2	2	2	0	3	3	1	2	3	1	3	2	2	2	3	2	
0	2	2	3	1	2	2	4	2	2	2	2	2	1	3	2	3	2	1	2	3	3	3	3	3	2	2	3	2	1	3	2	2	1	3	3	2	2	2	0	3	2	1	3	2	2	3	3	3	2	3	
0	1	2	2	3	2	2	2	1	2	2	2	2	2	3	2	1	3	2	2	2	2	2	2	2	2	2	2	2	2	2	3	1	3	2	2	2	2	3	2	0	2	1	1	2	1	3	2	3	3	2	
0	2	2	3	3	3	1	2	3	2	2	3	2	3	1	1	3	1	3	2	3	2	3	2	1	2	3	3	2	2	3	1	2	1	2	2	2	3	2	2	2	0	2	2	2	3	2	2	1	3	2	
0	1	3	3	2	1	3	3	2	1	2	2	2	3	2	2	2	3	3	1	3	3	3	2	3	1	2	2	2	2	2	2	3	3	2	2	2	2	3	3	2	2	0	2	2	1	2	2	2	3	2	
0	2	2	2	3	3	2	2	3	3	3	2	2	1	2	1	3	3	2	2	1	2	2	2	3	3	3	1	3	2	3	2	1	2	2	1	2	3	3	2	2	3	3	0	3	2	2	2	3	3	2	
0	2	3	4	2	3	3	3	3	3	3	3	2	2	2	1	3	3	3	3	3	2	2	4	4	4	3	3	1	2	3	3	3	3	3	3	3	3	3	3	2	4	3	2	0	3	2	3	2	3	3	
0	2	3	2	3	3	2	2	2	3	2	2	3	2	3	3	1	3	3	2	2	2	2	3	3	2	2	3	3	2	1	4	2	3	3	2	3	3	2	3	2	3	3	3	3	0	3	1	2	2	3	
0	3	2	3	3	3	2	1	1	1	2	2	1	1	2	2	3	3	1	3	3	2	1	2	2	2	3	2	3	3	2	3	2	2	2	3	2	2	2	3	3	2	2	2	2	2	0	3	3	2	2	
0	1	2	3	2	4	1	3	1	2	2	3	3	3	3	3	3	3	2	2	3	2	3	2	2	2	3	3	2	2	3	3	2	2	2	2	2	2	3	4	2	2	3	3	2	2	3	0	3	1	2	
0	2	1	3	2	3	3	3	2	2	3	2	1	2	3	2	3	2	2	1	2	3	3	2	3	3	2	3	3	1	2	3	3	2	1	2	3	2	2	1	2	3	2	2	2	2	2	2	0	2	3	
0	2	1	2	3	3	1	4	3	2	2	3	3	3	3	3	2	3	3	3	3	3	2	2	3	2	3	3	2	3	3	3	2	1	3	3	1	2	2	3	3	2	3	4	3	2	3	2	3	0	3	
0	2	3	4	3	4	2	3	3	3	3	3	2	3	2	1	3	4	3	3	3	3	4	3	4	3	3	3	3	3	3	4	3	2	2	3	3	3	3	2	2	3	3	2	2	2	3	3	3	3	0	
M3
0	0	0	0	0	0	0	0	0	0	0	0	0	0	0	0	0	0	0	0	0	0	0	0	0	0	0	0	0	0	0	0	0	0	0	0	0	0	0	0	0	0	0	0	0	0	0	0	0	0	0	
0	0	1	2	2	2	3	3	3	2	2	1	2	3	2	3	2	2	2	2	2	1	2	3	2	3	2	3	3	2	3	1	1	2	3	2	2	1	2	2	2	2	3	3	2	3	2	2	2	2	1	
0	3	0	2	3	2	2	3	2	2	3	2	2	3	3	2	1	2	2	2	1	3	1	3	2	2	2	3	2	2	2	3	2	3	2	3	2	2	1	2	2	1	2	3	2	2	3	3	2	2	2	
0	2	2	0	2	2	2	3	2	1	2	2	2	2	2	2	2	2	2	2	1	2	3	2	2	3	2	3	2	3	3	1	2	1	3	3	2	2	3	3	3	2	1	2	2	2	3	1	2	3	3	
0	3	2	3	0	3	2	2	3	4	3	3	1	2	3	3	2	2	3	3	2	3	3	1	2	3	3	2	3	2	3	3	3	2	2	2	3	3	2	3	3	2	3	2	3	2	3	2	1	3	3	
0	2	2	3	2	0	2	3	1	1	2	3	3	3	2	3	2	2	2	3	3	3	3	2	2	2	3	3	2	3	2	3	3	1	2	3	3	2	2	1	3	3	3	3	3	3	3	3	3	3	3	
0	2	2	2	2	1	0	3	2	2	3	2	2	1	2	3	3	1	2	3	2	3	2	3	2	3	2	2	2	3	3	3	3	2	2	3	2	3	1	2	1	3	1	1	3	3	2	3	3	2	3	
0	3	2	1	2	3	3	0	3	2	2	2	2	3	1	2	1	2	2	3	2	2	2	2	3	1	2	1	2	2	2	2	2	2	2	2	2	3	2	2	1	3	2	2	3	2	2	2	1	2	2	
0	3	2	3	2	3	3	3	0	3	3	2	2	4	3	3	3	1	3	3	2	3	3	1	3	3	2	3	3	3	3	3	2	2	2	3	2	1	2	3	2	2	3	3	2	3	2	2	3	3	4	
0	1	2	2	2	3	3	3	2	0	1	2	2	2	3	2	1	2	2	3	2	2	3	3	3	2	2	2	1	2	2	2	2	2	3	2	2	1	3	3	2	3	3	3	2	3	2	2	2	3	2	
0	4	2	2	3	2	3	2	2	3	0	4	2	1	2	4	3	3	4	3	3	3	3	2	2	3	3	3	3	2	3	3	1	3	2	2	3	3	3	3	3	3	3	4	4	2	4	3	1	2	3	
0	2	3	2	3	2	3	3	2	3	3	0	3	3	2	3	2	2	2	3	3	3	4	3	3	3	3	2	3	3	2	3	3	2	3	3	3	3	3	1	2	4	3	3	3	4	3	2	4	1	3	
0	3	3	3	2	2	3	3	2	3	3	3	0	3	3	2	3	2	2	2	1	2	3	1	2	2	2	3	3	3	3	3	2	2	2	3	2	3	2	3	3	3	3	2	2	3	3	1	2	3	3	
0	3	2	1	3	3	3	3	3	2	3	3	1	0	3	3	3	3	3	3	2	3	3	2	3	3	2	3	2	4	2	2	3	2	3	4	2	3	3	4	3	3	2	3	3	3	3	2	3	1	4	
0	3	2	1	3	2	2	3	3	2	2	2	3	3	0	3	2	3	2	2	2	1	2	3	2	3	2	3	3	3	2	2	2	2	1	2	2	2	1	1	2	2	2	2	3	3	3	1	2	3	3	
0	3	3	3	2	3	3	3	1	3	3	2	2	3	2	0	2	2	2	3	3	3	3	2	3	1	2	3	3	3	3	1	3	2	3	4	2	1	3	3	3	3	4	2	2	2	2	2	3	3	3	
0	2	2	1	2	3	2	2	2	2	2	1	1	3	2	1	0	1	1	2	2	3	2	2	2	2	1	2	3	1	1	2	2	2	2	2	3	2	2	2	1	3	2	2	2	3	2	2	2	2	1	
0	3	1	3	1	3	2	3	2	3	4	1	1	3	3	2	2	0	3	3	1	3	2	2	2	3	3	3	2	3	3	3	3	3	2	3	2	3	1	2	3	2	2	2	2	3	2	2	2	2	3	
0	2	3	3	3	2	3	3	3	3	3	3	3	3	2	3	2	3	0	2	2	2	3	3	3	3	2	3	2	3	2	3	2	3	3	3	2	3	3	1	1	3	3	1	3	3	2	1	3	3	3	
0	1	2	1	3	2	3	3	3	2	1	1	2	2	2	3	3	3	3	0	2	2	3	3	3	2	3	3	2	2	3	2	2	2	3	3	3	2	3	2	2	1	2	3	3	3	3	2	2	2	2	
0	3	2	3	3	4	4	2	1	2	3	3	2	4	3	1	3	2	3	3	0	4	2	2	4	2	3	3	3	4	4	2	3	3	3	3	3	2	3	4	3	3	4	3	1	2	3	3	3	3	2	
0	2	2	2	3	2	4	3	3	1	1	2	3	2	2	3	2	3	3	1	3	0	3	2	3	2	3	3	2	2	3	3	2	3	3	2	3	2	3	3	2	1	3	3	3	2	3	3	1	3	3	
0	4	2	2	2	3	3	3	3	3	4	3	3	3	3	3	3	2	3	3	3	3	0	2	3	2	3	4	3	2	2	3	2	3	3	2	3	4	3	4	3	3	2	3	3	1	3	2	1	1	3	
0	4	2	3	2	3	2	3	2	3	4	2	2	3	2	2	3	1	3	3	1	3	2	0	2	3	3	4	3	4	3	3	3	1	1	3	2	3	1	2	3	3	2	3	2	3	3	2	2	2	3	
0	3	2	2	3	3	3	3	3	3	3	3	2	1	1	3	3	2	2	3	3	2	3	2	0	3	2	2	2	3	2	1	3	2	2	2	3	3	2	2	3	2	3	3	4	2	3	2	1	1	3	
0	2	2	2	2	3	2	3	2	3	2	2	2	2	3	2	1	2	2	3	3	2	3	3	3	0	2	3	2	2	2	3	2	3	3	3	3	3	2	3	2	3	3	1	3	1	2	2	3	3	2	
0	3	2	1	1	3	2	1	3	2	1	2	2	2	2	2	2	3	2	3	2	3	3	2	2	2	0	1	3	3	1	2	2	2	1	3	3	3	2	3	2	3	2	3	3	3	2	2	2	3	3	
0	3	1	2	3	2	3	1	3	3	1	1	2	2	2	2	1	2	1	3	2	3	2	3	2	1	2	0	3	2	2	3	1	3	1	3	2	3	2	2	2	2	3	2	2	2	1	2	2	2	2	
0	1	2	1	3	2	3	3	1	2	3	2	3	3	3	2	2	2	3	3	1	2	3	2	3	1	3	4	0	3	3	2	2	2	3	2	1	2	3	3	3	3	2	2	2	2	2	2	1	3	2	
0	2	2	2	3	3	2	3	2	3	2	2	3	3	2	2	3	2	2	1	2	3	1	2	2	3	3	2	3	0	3	3	3	1	2	3	3	3	3	3	1	2	3	3	3	2	3	2	2	2	3	
0	2	3	1	2	2	1	1	2	2	2	3	3	2	1	1	2	2	1	3	2	2	3	3	3	2	1	2	3	3	0	2	3	2	2	3	2	2	2	2	2	3	1	2	2	2	1	2	2	3	3	
0	3	2	2	2	2	2	2	3	3	2	2	1	3	1	2	3	1	1	2	2	2	2	2	2	3	1	2	3	4	2	0	3	1	2	3	3	3	2	2	2	3	3	2	3	3	3	2	3	3	4	
0	3	3	2	3	1	2	2	2	2	3	3	1	2	1	3	3	3	3	3	2	2	3	2	1	3	3	3	2	3	3	2	0	2	2	3	3	3	2	2	2	3	3	3	3	3	4	2	2	2	4	
0	3	1	2	2	2	1	3	3	3	3	2	2	2	1	3	2	1	3	3	2	2	2	1	1	3	3	3	3	3	2	2	3	0	2	3	3	3	2	2	2	2	2	2	3	3	3	2	2	2	3	
0	4	2	2	3	2	2	4	3	3	4	3	3	2	2	3	3	3	3	3	3	3	2	3	1	3	3	3	3	3	3	2	3	2	0	3	2	2	1	3	3	3	2	3	3	3	3	3	2	2	3	
0	2	3	2	3	3	3	3	2	3	3	3	3	4	2	2	2	3	3	2	1	3	2	3	3	2	3	4	1	3	3	2	2	3	3	0	2	3	2	3	3	3	3	3	2	2	3	2	2	3	1	
0	2	2	3	2	2	2	3	3	2	2	3	2	3	2	4	3	2	3	2	3	1	3	3	2	3	3	3	2	3	3	2	1	3	2	2	0	2	3	3	2	2	3	1	2	1	1	2	2	3	3	
0	3	2	2	3	2	3	2	3	2	3	1	3	4	3	4	3	3	2	2	3	2	3	3	3	3	2	3	3	4	3	3	2	3	3	3	1	0	3	2	3	3	3	2	1	2	1	1	3	2	3	
0	3	1	3	3	2	1	3	3	3	3	2	3	2	2	3	2	2	3	2	2	2	1	3	1	3	3	3	3	3	3	2	2	3	1	2	1	3	0	3	2	2	1	2	3	2	2	3	2	2	2	
0	3	3	2	3	3	2	2	3	3	3	2	2	2	1	2	1	2	2	3	3	2	3	3	2	3	2	3	3	2	1	3	3	3	2	2	2	2	2	0	2	3	2	3	2	3	2	2	3	3	2	
0	3	3	3	2	3	3	2	2	3	4	4	3	3	3	2	3	3	1	3	1	3	2	3	2	3	3	3	2	4	3	3	3	2	4	4	3	3	4	2	0	4	4	2	2	2	3	2	3	3	3	
0	2	3	2	3	1	3	3	2	2	2	2	3	3	3	3	2	3	2	2	2	3	2	3	2	1	2	3	1	1	3	3	2	2	3	3	2	1	2	2	1	0	3	2	2	2	2	2	2	3	3	
0	3	3	2	2	3	3	2	4	3	3	2	2	1	1	4	3	4	3	3	3	2	3	3	3	3	3	3	3	4	3	3	3	3	2	3	3	3	2	2	3	3	0	2	3	4	3	2	3	2	2	
0	1	2	2	3	2	3	3	2	3	3	2	3	4	3	3	3	3	3	3	2	2	3	3	3	2	3	4	1	3	2	2	2	3	4	3	2	2	3	3	3	3	3	0	2	2	1	3	2	2	2	
0	2	1	2	2	3	3	1	3	1	2	3	2	3	2	3	2	2	3	3	2	3	2	3	3	2	2	2	2	3	3	3	2	3	3	3	3	2	2	3	2	2	3	3	0	1	3	2	2	3	3	
0	3	1	3	1	2	3	3	3	3	3	2	2	3	2	3	2	1	2	2	2	2	2	2	2	3	2	3	3	3	3	2	1	3	3	3	2	3	2	3	3	2	2	2	2	0	3	1	2	3	3	
0	2	2	3	2	3	3	2	3	2	2	2	3	3	3	3	2	2	3	3	3	2	3	2	3	3	3	3	2	3	3	3	2	3	3	3	1	3	3	3	2	3	3	2	1	1	0	2	3	2	3	
0	2	3	2	2	1	3	2	2	2	2	2	2	3	2	3	3	3	1	1	3	1	3	3	2	3	1	2	2	3	2	3	1	2	2	3	1	2	2	2	2	2	3	1	3	2	2	0	2	2	2	
0	3	1	3	2	2	3	3	2	3	3	3	3	4	3	3	2	2	3	2	2	2	2	1	3	3	3	4	2	3	2	3	2	2	2	1	3	3	2	3	3	2	3	3	3	1	3	2	0	3	2	
0	3	3	1	3	3	2	2	3	2	3	3	3	3	2	2	3	3	2	2	2	3	3	3	3	3	2	3	3	3	1	2	3	2	2	4	3	3	2	3	2	3	2	3	3	3	2	2	3	0	4	
0	1	2	1	3	2	3	2	3	2	2	2	2	3	1	3	3	2	2	1	2	2	1	3	2	3	2	3	2	2	3	1	1	2	2	1	3	2	2	2	3	2	2	2	1	2	3	2	2	2	0	
Tamanho_Tarefas
0	15	19	35	23	10	31	27	16	29	16	27	12	6	32	8	17	6	18	6	21	28	26	12	30	14	20	19	15	14	17	13	24	25	32	9	23	13	33	2	18	26	17	10	8	16	19	29	22	17	13	
Data_Entrega
0	260	260	221	224	197	208	259	263	258	261	219	195	211	218	234	183	191	264	228	196	186	227	259	216	199	261	178	220	178	197	226	216	238	244	196	206	203	252	175	189	254	226	228	210	249	248	233	199	223	248	
Penalidade_Atraso
0	4	14	13	13	17	11	19	7	12	2	5	3	14	3	14	15	14	7	8	10	9	9	7	4	1	12	16	10	12	12	18	1	3	5	10	8	19	5	2	10	5	15	10	14	4	15	8	16	11	4	
Capacidade_Veiculo
74	105	63	38	49	75	97	65	64	44	86	42	48	79	94	98	100	91	45	80	
Custo_Fixo_Veiculo
740	1050	630	380	490	750	970	650	640	440	860	420	480	790	940	980	1000	910	450	800	
Coordenadas_Clientes
x	0	y	0
x	120	y	0
x	113	y	14
x	83	y	21
x	94	y	37
x	107	y	59
x	76	y	55
x	54	y	51
x	47	y	57
x	56	y	88
x	37	y	80
x	32	y	100
x	19	y	101
x	5	y	89
x	-7	y	111
x	-16	y	88
x	-28	y	86
x	-37	y	80
x	-64	y	101
x	-62	y	75
x	-57	y	54
x	-86	y	62
x	-84	y	46
x	-74	y	29
x	-87	y	22
x	-96	y	12
x	-82	y	0
x	-76	y	-9
x	-113	y	-29
x	-79	y	-31
x	-87	y	-48
x	-63	y	-46
x	-85	y	-80
x	-48	y	-58
x	-51	y	-81
x	-49	y	-104
x	-29	y	-92
x	-16	y	-87
x	-6	y	-98
x	6	y	-96
x	18	y	-98
x	37	y	-114
x	40	y	-86
x	58	y	-92
x	59	y	-72
x	91	y	-85
x	82	y	-59
x	68	y	-37
x	90	y	-35
x	109	y	-28
x	91	y	-11
Tempo_Viagem
0	120	113	85	101	122	93	74	73	104	88	104	102	89	111	89	90	88	119	97	78	106	95	79	89	96	82	76	116	84	99	78	116	75	95	114	96	88	98	96	99	119	94	108	93	124	101	77	96	112	91	
120	0	15	42	44	60	69	83	92	107	115	131	142	144	168	161	170	175	209	196	185	215	209	196	208	216	202	196	234	201	212	188	220	177	189	196	173	160	158	148	141	140	117	110	94	89	70	63	46	30	31	
113	15	0	30	29	45	54	69	78	92	100	116	127	130	153	148	158	163	197	184	173	203	198	187	200	209	195	189	229	197	209	185	219	176	189	199	176	163	162	152	145	148	123	119	101	101	79	67	54	42	33	
85	42	30	0	19	44	34	41	50	72	74	94	101	102	126	119	128	133	167	154	143	173	168	157	170	179	166	161	201	169	183	160	195	152	168	181	159	146	148	140	135	142	115	114	95	106	80	59	56	55	32	
101	44	29	19	0	25	25	42	51	63	71	87	98	103	124	121	131	137	170	160	151	181	178	168	181	191	179	176	217	185	199	177	213	170	186	200	178	165	167	159	154	161	134	133	114	122	96	78	72	66	48	
122	60	45	44	25	0	31	53	60	58	73	84	97	106	124	126	137	145	175	169	164	193	191	182	196	207	197	195	236	206	221	199	237	194	211	225	203	190	192	184	179	186	159	158	139	144	119	103	95	87	71	
93	69	54	34	25	31	0	22	29	38	46	62	73	78	99	97	108	115	146	139	133	162	160	151	165	176	167	164	206	177	192	171	209	167	186	202	180	169	173	166	163	173	145	147	128	140	114	92	90	89	66	
74	83	69	41	42	53	22	0	9	37	33	53	60	61	85	79	89	95	128	118	111	140	138	129	143	154	145	143	185	156	172	151	190	149	168	186	165	154	160	154	153	165	137	143	123	140	113	89	93	96	72	
73	92	78	50	51	60	29	9	0	32	25	45	52	52	76	70	80	87	119	110	104	133	131	124	138	149	141	139	181	153	170	150	189	148	168	187	167	157	163	158	157	171	143	149	129	148	121	96	101	104	80	
104	107	92	72	63	58	38	37	32	0	20	26	39	51	66	72	84	93	120	118	117	144	145	142	156	169	163	163	205	179	197	179	219	179	199	218	199	189	195	190	189	202	174	180	160	176	149	125	127	127	104	
88	115	100	74	71	73	46	33	25	20	0	20	27	33	53	53	65	74	102	99	97	124	125	122	136	149	143	143	185	160	178	160	200	162	183	202	184	175	183	178	179	194	166	173	153	173	146	121	126	129	105	
104	131	116	94	87	84	62	53	45	26	20	0	13	29	40	49	61	71	96	96	100	123	127	127	141	154	151	153	193	171	189	174	214	177	199	218	200	192	201	197	198	214	186	193	173	193	166	141	146	149	125	
102	142	127	101	98	97	73	60	52	39	27	13	0	18	27	37	49	59	83	84	89	111	116	117	131	144	142	145	184	164	182	168	208	172	194	215	198	190	200	197	199	215	188	196	177	198	171	146	153	156	132	
89	144	130	102	103	106	78	61	52	51	33	29	18	0	25	21	33	42	70	67	71	94	98	99	113	126	124	127	166	146	164	151	191	156	178	200	184	177	187	185	187	205	178	188	169	193	166	140	150	155	131	
111	168	153	126	124	124	99	85	76	66	53	40	27	25	0	24	32	42	57	65	74	92	100	104	117	130	133	138	173	158	176	166	205	173	196	218	204	198	209	207	210	229	202	213	194	218	191	165	175	180	156	
89	161	148	119	121	126	97	79	70	72	53	49	37	21	24	0	12	22	49	47	53	74	79	82	96	109	110	114	151	134	152	142	181	149	172	194	180	175	186	185	188	208	182	194	176	203	176	150	162	169	145	
90	170	158	128	131	137	108	89	80	84	65	61	49	33	32	12	0	10	39	35	42	62	68	72	85	98	101	106	141	127	145	136	175	145	168	191	178	173	185	185	189	209	184	197	180	208	182	156	169	177	153	
88	175	163	133	137	145	115	95	87	93	74	71	59	42	42	22	10	0	34	25	32	52	58	62	75	88	91	97	131	118	136	128	167	138	161	184	172	168	180	181	186	207	182	196	179	208	182	157	171	181	157	
119	209	197	167	170	175	146	128	119	120	102	96	83	70	57	49	39	34	0	26	47	44	58	72	82	94	102	110	138	132	150	147	181	159	182	205	195	193	207	209	215	237	213	227	212	242	216	190	205	215	191	
97	196	184	154	160	169	139	118	110	118	99	96	84	67	65	47	35	25	26	0	21	27	36	47	58	71	77	85	115	107	125	121	156	133	156	179	169	167	181	183	190	213	190	205	190	221	196	171	187	199	175	
78	185	173	143	151	164	133	111	104	117	97	100	89	71	74	53	42	32	47	21	0	30	28	30	43	56	59	65	99	87	105	100	136	112	135	158	148	146	160	162	169	192	170	185	171	202	179	154	171	185	161	
106	215	203	173	181	193	162	140	133	144	124	123	111	94	92	74	62	52	44	27	30	0	16	35	40	50	62	71	94	93	110	110	142	125	147	169	163	164	178	182	190	214	194	210	197	230	207	183	200	214	191	
95	209	198	168	178	191	160	138	131	145	125	127	116	98	100	79	68	58	58	36	28	16	0	19	24	36	46	55	80	77	94	94	126	109	131	153	147	148	162	167	175	199	180	198	185	218	196	172	191	206	184	
79	196	187	157	168	182	151	129	124	142	122	127	117	99	104	82	72	62	72	47	30	35	19	0	14	27	30	38	69	60	78	75	109	90	112	134	128	129	143	148	156	180	161	179	167	200	179	156	175	191	169	
89	208	200	170	181	196	165	143	138	156	136	141	131	113	117	96	85	75	82	58	43	40	24	14	0	13	22	32	57	53	70	71	102	88	108	130	126	130	144	150	159	183	166	184	173	207	187	165	185	201	180	
96	216	209	179	191	207	176	154	149	169	149	154	144	126	130	109	98	88	94	71	56	50	36	27	13	0	18	28	44	46	60	66	92	84	103	124	122	126	140	147	157	181	167	185	176	210	191	171	191	208	187	
82	202	195	166	179	197	167	145	141	163	143	151	142	124	133	110	101	91	102	77	59	62	46	30	22	18	0	10	42	31	48	49	80	66	86	108	104	108	122	129	139	163	149	167	158	192	174	154	175	193	173	
76	196	189	161	176	195	164	143	139	163	143	153	145	127	138	114	106	97	110	85	65	71	55	38	32	28	10	0	42	22	40	39	71	56	76	98	94	98	112	119	129	153	139	157	148	182	165	146	168	185	167	
116	234	229	201	217	236	206	185	181	205	185	193	184	166	173	151	141	131	138	115	99	94	80	69	57	44	42	42	0	34	32	52	58	71	80	98	104	113	127	136	148	171	162	180	176	210	197	181	203	222	204	
84	201	197	169	185	206	177	156	153	179	160	171	164	146	158	134	127	118	132	107	87	93	77	60	53	46	31	22	34	0	18	21	49	40	57	78	78	83	97	106	117	141	131	149	143	177	163	147	169	188	171	
99	212	209	183	199	221	192	172	170	197	178	189	182	164	176	152	145	136	150	125	105	110	94	78	70	60	48	40	32	18	0	24	32	40	48	67	72	81	95	104	116	139	132	150	147	181	169	155	177	196	181	
78	188	185	160	177	199	171	151	150	179	160	174	168	151	166	142	136	128	147	121	100	110	94	75	71	66	49	39	52	21	24	0	40	19	37	59	57	62	76	85	96	120	110	128	124	158	145	131	153	172	157	
116	220	219	195	213	237	209	190	189	219	200	214	208	191	205	181	175	167	181	156	136	142	126	109	102	92	80	71	58	49	32	40	0	43	34	43	57	69	80	92	104	125	125	143	144	176	168	158	180	199	189	
75	177	176	152	170	194	167	149	148	179	162	177	172	156	173	149	145	138	159	133	112	125	109	90	88	84	66	56	71	40	40	19	43	0	23	46	38	43	57	66	77	101	92	110	107	141	130	117	139	158	146	
95	189	189	168	186	211	186	168	168	199	183	199	194	178	196	172	168	161	182	156	135	147	131	112	108	103	86	76	80	57	48	37	34	23	0	23	24	35	47	58	70	92	91	109	110	142	134	126	148	167	158	
114	196	199	181	200	225	202	186	187	218	202	218	215	200	218	194	191	184	205	179	158	169	153	134	130	124	108	98	98	78	67	59	43	46	23	0	23	36	43	55	67	86	90	107	112	140	137	133	154	174	167	
96	173	176	159	178	203	180	165	167	199	184	200	198	184	204	180	178	172	195	169	148	163	147	128	126	122	104	94	104	78	72	57	57	38	24	23	0	13	23	35	47	68	69	87	89	120	114	110	131	151	144	
88	160	163	146	165	190	169	154	157	189	175	192	190	177	198	175	173	168	193	167	146	164	148	129	130	126	108	98	113	83	81	62	69	43	35	36	13	0	14	23	35	58	56	74	76	107	101	97	118	138	131	
98	158	162	148	167	192	173	160	163	195	183	201	200	187	209	186	185	180	207	181	160	178	162	143	144	140	122	112	127	97	95	76	80	57	47	43	23	14	0	12	24	45	47	64	70	97	96	95	114	134	129	
96	148	152	140	159	184	166	154	158	190	178	197	197	185	207	185	185	181	209	183	162	182	167	148	150	147	129	119	136	106	104	85	92	66	58	55	35	23	12	0	12	35	35	52	58	85	84	85	103	123	119	
99	141	145	135	154	179	163	153	157	189	179	198	199	187	210	188	189	186	215	190	169	190	175	156	159	157	139	129	148	117	116	96	104	77	70	67	47	35	24	12	0	24	25	40	48	73	74	78	95	114	112	
119	140	148	142	161	186	173	165	171	202	194	214	215	205	229	208	209	207	237	213	192	214	199	180	183	181	163	153	171	141	139	120	125	101	92	86	68	58	45	35	24	0	28	30	47	61	70	83	95	111	115	
94	117	123	115	134	159	145	137	143	174	166	186	188	178	202	182	184	182	213	190	170	194	180	161	166	167	149	139	162	131	132	110	125	92	91	90	69	56	47	35	25	28	0	18	23	51	49	56	71	89	90	
108	110	119	114	133	158	147	143	149	180	173	193	196	188	213	194	197	196	227	205	185	210	198	179	184	185	167	157	180	149	150	128	143	110	109	107	87	74	64	52	40	30	18	0	20	33	40	55	65	81	87	
93	94	101	95	114	139	128	123	129	160	153	173	177	169	194	176	180	179	212	190	171	197	185	167	173	176	158	148	176	143	147	124	144	107	110	112	89	76	70	58	48	47	23	20	0	34	26	36	48	66	68	
124	89	101	106	122	144	140	140	148	176	173	193	198	193	218	203	208	208	242	221	202	230	218	200	207	210	192	182	210	177	181	158	176	141	142	140	120	107	97	85	73	61	51	33	34	0	27	53	50	59	74	
101	70	79	80	96	119	114	113	121	149	146	166	171	166	191	176	182	182	216	196	179	207	196	179	187	191	174	165	197	163	169	145	168	130	134	137	114	101	96	84	74	70	49	40	26	27	0	26	25	41	48	
77	63	67	59	78	103	92	89	96	125	121	141	146	140	165	150	156	157	190	171	154	183	172	156	165	171	154	146	181	147	155	131	158	117	126	133	110	97	95	85	78	83	56	55	36	53	26	0	22	41	34	
96	46	54	56	72	95	90	93	101	127	126	146	153	150	175	162	169	171	205	187	171	200	191	175	185	191	175	168	203	169	177	153	180	139	148	154	131	118	114	103	95	95	71	65	48	50	25	22	0	20	24	
112	30	42	55	66	87	89	96	104	127	129	149	156	155	180	169	177	181	215	199	185	214	206	191	201	208	193	185	222	188	196	172	199	158	167	174	151	138	134	123	114	111	89	81	66	59	41	41	20	0	24	
91	31	33	32	48	71	66	72	80	104	105	125	132	131	156	145	153	157	191	175	161	191	184	169	180	187	173	167	204	171	181	157	189	146	158	167	144	131	129	119	112	115	90	87	68	74	48	34	24	24	0	
Custo_Viagem
V0
0	1776	1672	1258	1494	1805	1376	1095	1080	1539	1302	1539	1509	1317	1642	1317	1332	1302	1761	1435	1154	1568	1406	1169	1317	1420	1213	1124	1716	1243	1465	1154	1716	1110	1406	1687	1420	1302	1450	1420	1465	1761	1391	1598	1376	1835	1494	1139	1420	1657	1346	
1776	0	222	621	666	888	1036	1228	1361	1598	1702	1968	2101	2146	2486	2382	2530	2604	3093	2900	2738	3182	3093	2900	3078	3196	2989	2900	3463	2974	3137	2782	3256	2619	2797	2930	2590	2382	2353	2205	2086	2086	1731	1628	1391	1317	1036	932	680	444	458	
1672	222	0	444	429	666	814	1021	1154	1376	1480	1746	1894	1938	2279	2190	2338	2412	2915	2738	2575	3019	2945	2767	2960	3093	2886	2812	3404	2915	3093	2738	3241	2604	2797	2960	2619	2412	2412	2264	2160	2190	1820	1761	1494	1494	1169	1006	799	621	488	
1258	621	444	0	281	651	503	606	740	1065	1095	1391	1509	1524	1879	1761	1894	1968	2471	2279	2116	2560	2486	2323	2516	2649	2456	2382	2989	2516	2708	2368	2900	2249	2486	2678	2353	2160	2190	2072	1998	2101	1702	1702	1420	1568	1184	873	828	814	473	
1494	666	429	281	0	370	370	621	754	932	1050	1302	1450	1524	1850	1790	1938	2027	2516	2368	2234	2678	2634	2486	2678	2826	2649	2604	3211	2738	2945	2619	3152	2516	2752	2960	2634	2442	2486	2353	2279	2382	1983	1968	1687	1805	1420	1154	1065	976	710	
1805	888	666	651	370	0	458	784	888	858	1080	1258	1435	1568	1850	1864	2027	2146	2604	2501	2427	2856	2826	2708	2915	3078	2915	2886	3492	3048	3270	2945	3507	2871	3122	3330	3004	2812	2856	2738	2664	2752	2353	2338	2057	2131	1776	1524	1406	1287	1050	
1376	1036	814	503	370	458	0	325	429	562	680	917	1080	1154	1480	1435	1598	1702	2175	2057	1968	2397	2368	2249	2456	2619	2471	2427	3048	2619	2841	2530	3108	2471	2752	2989	2664	2501	2560	2456	2412	2560	2146	2190	1894	2072	1687	1361	1346	1317	991	
1095	1228	1021	606	621	784	325	0	133	547	488	784	902	917	1258	1169	1317	1406	1894	1746	1642	2072	2042	1909	2116	2279	2146	2116	2738	2308	2545	2234	2826	2205	2486	2752	2442	2279	2368	2279	2264	2442	2027	2116	1820	2072	1672	1317	1376	1420	1065	
1080	1361	1154	740	754	888	429	133	0	473	370	666	769	769	1124	1036	1184	1287	1761	1628	1539	1968	1938	1835	2042	2205	2086	2057	2678	2264	2516	2220	2812	2205	2501	2767	2471	2323	2412	2338	2323	2530	2116	2205	1909	2190	1790	1420	1494	1554	1184	
1539	1598	1376	1065	932	858	562	547	473	0	296	384	577	754	991	1065	1243	1376	1776	1746	1746	2131	2160	2101	2323	2501	2412	2412	3034	2649	2915	2649	3241	2649	2960	3226	2945	2797	2900	2812	2797	2989	2575	2664	2368	2604	2205	1850	1879	1879	1554	
1302	1702	1480	1095	1050	1080	680	488	370	296	0	296	399	488	784	784	962	1095	1524	1465	1435	1835	1850	1805	2012	2205	2116	2116	2738	2368	2634	2368	2974	2397	2708	3004	2723	2590	2708	2634	2649	2871	2456	2560	2264	2560	2160	1790	1864	1909	1554	
1539	1968	1746	1391	1302	1258	917	784	666	384	296	0	192	429	592	725	902	1050	1420	1435	1480	1820	1879	1879	2101	2294	2234	2264	2871	2530	2797	2575	3167	2619	2945	3241	2974	2856	2974	2915	2930	3167	2752	2856	2575	2871	2456	2086	2160	2205	1850	
1509	2101	1894	1509	1450	1435	1080	902	769	577	399	192	0	266	399	547	725	873	1228	1258	1317	1657	1716	1731	1953	2146	2101	2146	2738	2427	2693	2486	3078	2545	2871	3182	2930	2826	2960	2915	2945	3182	2782	2900	2619	2945	2530	2160	2264	2323	1968	
1317	2146	1938	1524	1524	1568	1154	917	769	754	488	429	266	0	370	310	488	621	1036	1006	1050	1391	1450	1465	1672	1879	1835	1879	2456	2160	2442	2234	2826	2308	2634	2960	2723	2619	2767	2738	2767	3034	2634	2782	2501	2871	2456	2072	2220	2308	1938	
1642	2486	2279	1879	1850	1850	1480	1258	1124	991	784	592	399	370	0	355	473	636	843	962	1110	1361	1480	1554	1761	1968	1968	2042	2590	2353	2619	2456	3048	2560	2900	3241	3019	2930	3093	3063	3108	3389	2989	3152	2871	3241	2826	2442	2590	2678	2308	
1317	2382	2190	1761	1790	1864	1435	1169	1036	1065	784	725	547	310	355	0	177	325	725	695	784	1095	1169	1213	1420	1628	1628	1687	2234	1983	2264	2101	2678	2205	2545	2871	2664	2590	2752	2738	2797	3078	2693	2871	2604	3004	2604	2220	2397	2516	2146	
1332	2530	2338	1894	1938	2027	1598	1317	1184	1243	962	902	725	488	473	177	0	148	577	518	636	917	1006	1080	1287	1480	1494	1568	2116	1879	2160	2012	2590	2146	2486	2826	2634	2560	2738	2738	2797	3108	2723	2915	2664	3078	2693	2308	2501	2634	2264	
1302	2604	2412	1968	2027	2146	1702	1406	1287	1376	1095	1050	873	621	636	325	148	0	503	370	473	769	858	932	1124	1332	1346	1435	1953	1746	2027	1894	2471	2042	2382	2723	2545	2486	2664	2678	2752	3063	2693	2900	2649	3078	2693	2323	2530	2678	2323	
1761	3093	2915	2471	2516	2604	2175	1894	1761	1776	1524	1420	1228	1036	843	725	577	503	0	384	695	651	858	1065	1213	1391	1509	1628	2042	1953	2220	2175	2693	2353	2693	3034	2900	2871	3063	3093	3182	3507	3152	3374	3137	3581	3196	2812	3034	3182	2826	
1435	2900	2738	2279	2368	2501	2057	1746	1628	1746	1465	1435	1258	1006	962	695	518	370	384	0	310	399	532	695	858	1050	1139	1258	1702	1583	1850	1790	2308	1968	2308	2649	2516	2486	2678	2723	2812	3152	2812	3034	2812	3270	2900	2530	2767	2945	2590	
1154	2738	2575	2116	2234	2427	1968	1642	1539	1746	1435	1480	1317	1050	1110	784	636	473	695	310	0	444	414	444	636	843	873	962	1480	1287	1568	1480	2012	1657	1998	2338	2190	2160	2368	2397	2501	2841	2516	2738	2530	3004	2649	2279	2530	2738	2382	
1568	3182	3019	2560	2678	2856	2397	2072	1968	2131	1835	1820	1657	1391	1361	1095	917	769	651	399	444	0	236	518	592	740	917	1050	1391	1376	1628	1628	2101	1850	2175	2516	2427	2427	2634	2693	2812	3167	2871	3108	2915	3404	3063	2708	2960	3167	2826	
1406	3093	2945	2486	2634	2826	2368	2042	1938	2160	1850	1879	1716	1450	1480	1169	1006	858	858	532	414	236	0	281	355	532	680	814	1184	1139	1391	1391	1864	1628	1938	2279	2190	2205	2412	2486	2604	2960	2678	2930	2738	3226	2900	2560	2826	3048	2723	
1169	2900	2767	2323	2486	2708	2249	1909	1835	2101	1805	1879	1731	1465	1554	1213	1080	932	1065	695	444	518	281	0	207	399	444	562	1021	888	1154	1110	1613	1332	1657	1998	1909	1909	2131	2190	2308	2678	2382	2649	2471	2960	2649	2308	2604	2826	2501	
1317	3078	2960	2516	2678	2915	2456	2116	2042	2323	2012	2101	1953	1672	1761	1420	1287	1124	1213	858	636	592	355	207	0	192	325	473	843	784	1036	1065	1509	1317	1613	1938	1879	1924	2131	2220	2353	2723	2456	2723	2560	3063	2767	2442	2738	2989	2678	
1420	3196	3093	2649	2826	3078	2619	2279	2205	2501	2205	2294	2146	1879	1968	1628	1480	1332	1391	1050	843	740	532	399	192	0	266	429	651	680	888	976	1361	1243	1524	1850	1820	1879	2101	2190	2338	2708	2471	2738	2604	3108	2826	2530	2826	3078	2782	
1213	2989	2886	2456	2649	2915	2471	2146	2086	2412	2116	2234	2101	1835	1968	1628	1494	1346	1509	1139	873	917	680	444	325	266	0	148	621	458	710	725	1184	991	1272	1613	1568	1613	1835	1924	2072	2427	2205	2471	2338	2841	2575	2279	2590	2856	2560	
1124	2900	2812	2382	2604	2886	2427	2116	2057	2412	2116	2264	2146	1879	2042	1687	1568	1435	1628	1258	962	1050	814	562	473	429	148	0	621	325	592	577	1050	828	1124	1450	1406	1450	1672	1761	1909	2279	2057	2323	2190	2708	2442	2160	2486	2738	2471	
