M: 4
N: 50
Nun_Veiculos: 15
Capacidade_Total: 1088
Demanda_Total: 871
Setup_Min: 1
Setup_Max: 9
Raio: 100
Circulos: 1
Tempo_Processamento_Min: 1
Tempo_Processamento_Max: 49
Demanda_Min: 10
Demanda_Max: 30
Priority_Factor: 0.2
Range_Factor_R: 0.8
U_factor: 2
ALpha: 0.2Replicao: 2
Tempos_Processamentos
0	0	1	0	2	0	3	0	
0	17	1	42	2	18	3	34	
0	14	1	49	2	17	3	12	
0	35	1	38	2	18	3	44	
0	41	1	6	2	28	3	33	
0	6	1	44	2	12	3	47	
0	47	1	43	2	42	3	22	
0	7	1	5	2	33	3	49	
0	19	1	12	2	7	3	15	
0	37	1	16	2	35	3	2	
0	29	1	6	2	9	3	28	
0	38	1	6	2	30	3	23	
0	14	1	26	2	26	3	36	
0	4	1	47	2	20	3	39	
0	4	1	35	2	20	3	34	
0	32	1	13	2	27	3	43	
0	27	1	27	2	1	3	21	
0	32	1	7	2	18	3	49	
0	41	1	7	2	3	3	35	
0	47	1	40	2	42	3	19	
0	10	1	47	2	49	3	40	
0	21	1	7	2	34	3	24	
0	27	1	39	2	11	3	30	
0	19	1	12	2	7	3	45	
0	14	1	3	2	15	3	13	
0	46	1	28	2	18	3	1	
0	17	1	48	2	37	3	47	
0	2	1	19	2	46	3	42	
0	19	1	20	2	19	3	37	
0	29	1	1	2	5	3	3	
0	32	1	15	2	24	3	9	
0	47	1	48	2	27	3	41	
0	19	1	26	2	1	3	31	
0	20	1	18	2	26	3	18	
0	20	1	9	2	10	3	42	
0	34	1	14	2	46	3	38	
0	21	1	29	2	2	3	21	
0	7	1	12	2	42	3	4	
0	8	1	30	2	11	3	6	
0	28	1	16	2	22	3	34	
0	32	1	22	2	3	3	38	
0	24	1	28	2	25	3	3	
0	3	1	15	2	6	3	27	
0	28	1	18	2	29	3	6	
0	11	1	18	2	45	3	43	
0	10	1	39	2	29	3	40	
0	46	1	40	2	25	3	28	
0	49	1	49	2	14	3	33	
0	17	1	17	2	25	3	1	
0	16	1	40	2	33	3	47	
0	37	1	31	2	13	3	20	

Tempos_setup
M0
0	0	0	0	0	0	0	0	0	0	0	0	0	0	0	0	0	0	0	0	0	0	0	0	0	0	0	0	0	0	0	0	0	0	0	0	0	0	0	0	0	0	0	0	0	0	0	0	0	0	0	
0	0	3	2	2	2	2	2	3	2	3	3	2	3	3	2	3	1	3	2	2	2	2	2	3	2	1	2	2	3	2	2	2	3	1	2	2	3	3	2	2	2	2	2	3	3	1	1	3	3	1	
0	2	0	3	4	2	3	3	1	2	3	2	2	3	3	2	4	3	2	2	1	1	3	3	1	3	3	3	3	2	2	2	2	2	3	3	2	3	4	3	3	2	3	3	2	3	3	3	2	3	2	
0	3	2	0	3	2	2	2	2	3	3	2	2	2	1	3	2	2	2	1	2	2	1	2	1	3	2	3	2	3	3	3	1	2	2	3	2	1	4	2	4	3	3	3	3	2	3	3	3	3	3	
0	1	2	2	0	2	2	3	2	3	3	3	1	2	3	2	3	2	1	2	3	2	1	2	2	3	2	3	1	2	3	2	2	1	2	2	2	2	3	3	2	2	3	2	3	3	2	1	3	3	1	
0	2	2	2	2	0	3	1	1	3	3	2	3	3	3	3	2	2	2	2	2	2	3	3	3	1	2	2	1	2	2	1	3	2	3	1	1	3	2	3	2	2	3	3	3	2	3	3	2	2	2	
0	3	2	2	2	2	0	2	2	3	4	2	3	3	3	2	3	3	3	3	2	2	3	3	3	2	3	2	3	3	2	2	2	3	1	2	3	2	3	2	3	1	3	1	3	1	2	2	3	4	3	
0	3	3	2	3	2	3	0	3	3	3	1	3	2	2	3	3	1	3	2	3	2	3	2	3	3	3	4	3	3	2	3	3	1	3	2	3	2	3	4	2	2	2	3	2	3	2	3	2	3	2	
0	3	3	2	3	3	2	3	0	2	3	2	3	4	3	2	3	3	3	1	4	2	3	2	3	2	2	3	2	3	1	2	2	3	2	3	2	3	3	3	2	1	3	3	2	3	2	2	3	2	1	
0	2	3	3	3	3	2	2	2	0	3	3	3	4	3	2	3	3	3	3	2	3	4	2	4	2	3	1	3	3	3	2	2	2	2	2	2	3	3	3	2	2	3	3	4	2	3	3	1	2	1	
0	3	3	3	2	2	1	2	2	2	0	3	2	1	3	2	1	2	3	3	3	3	3	2	4	3	2	3	2	1	1	2	1	3	2	3	2	2	4	2	3	2	2	2	3	2	3	1	2	3	2	
0	3	2	3	3	2	2	3	2	3	3	0	3	2	1	3	3	3	4	3	2	2	2	2	3	3	2	3	3	3	3	2	2	3	2	3	3	3	3	3	2	3	2	3	1	2	3	3	3	2	1	
0	3	3	2	3	2	2	3	2	3	3	3	0	3	3	1	3	3	3	1	4	2	2	2	3	3	2	3	3	2	2	3	3	3	2	2	2	2	2	3	4	3	2	3	3	3	1	3	4	3	3	
0	3	2	2	4	3	2	2	2	2	2	3	4	0	3	2	3	3	4	2	2	3	3	3	3	4	2	3	3	3	2	3	3	3	3	4	3	3	5	3	3	3	4	1	4	3	3	3	3	4	3	
0	2	3	3	2	2	3	3	3	2	2	1	3	1	0	2	3	3	3	3	1	3	3	1	3	3	3	2	2	2	2	2	2	3	3	3	2	2	4	3	3	2	2	2	2	1	2	3	3	3	2	
0	2	3	2	3	2	1	3	2	2	3	3	2	2	3	0	3	3	2	2	3	1	2	3	3	3	3	3	2	1	1	2	2	2	2	3	1	1	3	3	3	2	2	2	2	2	1	3	3	2	3	
0	2	3	2	3	3	3	2	1	3	2	3	2	1	3	2	0	1	2	2	2	3	3	2	3	2	3	3	3	3	2	2	3	2	3	2	2	2	3	3	3	2	1	2	3	2	2	2	1	2	2	
0	3	3	1	3	2	2	3	2	2	2	2	3	3	2	2	2	0	2	1	3	2	2	1	2	2	2	3	2	2	1	2	2	2	2	1	2	2	3	3	3	1	2	3	3	2	2	2	2	3	3	
0	3	2	1	2	1	2	2	1	3	3	2	3	1	2	1	3	3	0	2	2	2	2	2	1	2	2	3	2	2	2	2	2	1	2	2	2	2	3	3	2	2	3	1	3	3	2	3	3	3	1	
0	3	3	1	2	2	1	2	1	3	2	3	3	3	2	2	3	3	3	0	3	2	2	1	2	2	1	2	2	2	2	2	2	3	1	2	2	2	3	2	3	2	2	2	3	2	2	3	3	3	2	
0	1	2	2	3	1	2	2	2	1	2	3	2	3	3	1	3	2	2	3	0	2	3	2	2	2	2	2	2	1	2	1	1	2	2	2	1	2	3	2	2	3	3	3	3	2	2	2	2	2	2	
0	3	3	3	4	2	2	3	3	3	4	4	4	4	3	3	3	3	4	3	3	0	3	3	4	3	4	3	3	1	2	3	3	3	3	3	3	2	4	2	4	3	4	3	5	2	3	4	2	3	4	
0	2	1	1	2	3	3	2	2	3	3	3	1	1	2	2	3	3	3	2	2	2	0	2	2	3	3	3	3	3	3	3	1	3	3	3	2	2	3	2	4	3	3	2	3	2	2	3	3	3	3	
0	2	3	2	2	2	2	3	3	2	1	3	2	2	3	2	2	2	2	3	2	3	2	0	2	3	3	3	1	1	1	2	2	2	2	2	1	2	3	3	3	3	1	2	4	2	1	2	3	2	3	
0	4	3	2	3	2	3	3	2	4	3	1	4	2	2	2	3	4	1	3	3	2	3	3	0	3	2	4	3	3	3	3	3	1	3	2	3	2	3	3	3	3	3	2	2	3	2	4	4	3	2	
0	2	3	2	1	2	2	2	2	3	3	3	2	3	2	2	3	1	2	1	2	2	2	2	3	0	2	2	2	3	2	2	2	2	2	2	2	2	1	3	2	2	3	3	4	1	2	2	1	2	1	
0	3	2	2	3	1	2	2	2	2	3	3	2	2	2	3	2	3	2	3	2	1	1	2	3	2	0	3	2	2	3	2	2	3	2	2	2	3	3	1	2	3	3	3	4	3	3	2	3	2	1	
0	1	3	3	2	2	1	3	3	3	2	2	3	3	3	3	2	2	2	2	2	2	3	3	3	1	2	0	3	2	3	3	3	2	2	1	3	3	2	3	3	2	2	2	3	2	2	2	2	3	2	
0	3	3	2	3	2	3	3	2	3	3	2	3	2	3	2	2	3	1	3	3	2	3	2	2	3	3	3	0	1	2	3	2	2	3	1	3	2	2	3	3	2	3	2	3	2	3	3	2	3	2	
0	3	2	2	3	1	3	2	2	2	3	3	3	3	2	3	3	3	3	2	3	3	3	2	3	2	3	2	2	0	1	2	2	3	2	2	2	1	3	3	3	2	3	4	4	1	2	3	3	3	3	
0	3	2	3	2	2	3	2	3	1	4	3	3	3	4	2	3	3	2	3	3	3	3	3	3	2	2	2	1	2	0	1	2	3	1	2	3	3	3	3	2	3	3	3	3	3	3	3	2	3	2	
0	3	1	2	4	2	3	3	2	2	4	3	2	3	3	3	2	3	3	2	2	2	2	3	2	3	1	3	3	3	2	0	3	2	3	3	3	3	3	2	1	3	2	2	3	4	2	3	3	3	2	
0	3	3	3	3	2	3	1	1	3	2	2	1	3	2	2	2	2	3	2	2	2	2	1	3	2	3	3	2	2	2	3	0	2	3	3	2	1	3	1	3	2	2	3	2	3	2	3	3	2	2	
0	4	2	3	4	2	3	3	3	4	4	2	3	3	3	2	2	3	3	2	3	1	2	3	3	3	2	4	2	2	3	3	3	0	3	1	3	1	2	3	3	3	2	4	3	3	1	3	3	2	3	
0	2	2	3	1	1	2	1	2	2	3	2	2	2	3	1	2	2	2	2	3	2	2	2	3	1	2	1	2	2	1	1	1	2	0	1	2	2	2	2	2	3	2	3	3	2	2	2	2	3	2	
0	3	3	3	3	1	3	2	2	3	3	1	2	2	2	3	1	2	3	3	3	1	3	3	4	2	3	3	2	1	2	2	3	1	3	0	2	2	3	3	3	3	2	3	2	2	2	3	2	3	2	
0	1	3	2	2	2	3	2	2	3	2	3	3	2	2	2	3	2	1	3	3	2	3	3	2	3	2	2	3	2	3	2	2	1	2	2	0	2	2	3	3	3	2	2	4	2	2	2	4	1	2	
0	3	3	2	3	1	2	2	2	4	3	3	4	2	3	3	3	2	2	1	3	3	3	2	2	2	2	3	1	2	3	2	3	3	2	2	2	0	3	3	3	3	3	3	3	3	3	4	3	3	3	
0	3	2	2	3	2	2	3	3	3	2	2	2	2	3	2	2	3	3	3	3	2	1	3	3	3	1	4	3	2	2	3	2	2	3	1	3	3	0	2	3	3	2	3	3	3	1	3	3	3	2	
0	3	2	2	3	3	2	3	2	3	2	2	2	2	1	3	1	2	2	3	2	3	1	1	2	3	4	3	1	2	2	3	2	3	3	2	2	3	3	0	4	3	2	3	3	2	2	3	2	3	3	
0	3	3	1	3	3	2	3	2	1	3	3	3	2	2	3	1	2	2	1	3	2	2	2	2	3	2	2	2	3	1	2	2	1	2	2	3	2	2	3	0	3	2	3	4	3	2	3	2	3	2	
0	2	3	3	2	2	2	3	2	3	4	1	2	3	2	1	4	2	3	2	3	1	2	3	4	1	3	3	2	2	2	3	3	3	3	3	2	2	2	3	3	0	2	3	2	2	1	1	2	3	2	
0	3	2	2	4	2	2	3	3	3	2	3	1	3	3	1	3	1	3	2	3	2	2	2	3	3	3	3	3	2	2	2	3	2	3	2	2	2	3	4	3	2	0	3	3	2	1	3	3	3	4	
0	2	1	1	3	2	1	1	1	2	3	2	3	3	2	1	3	2	3	2	1	2	2	3	2	3	3	3	2	2	1	2	2	2	2	3	2	2	4	3	3	2	3	0	3	2	2	3	3	3	2	
0	2	1	2	3	2	2	3	1	3	3	2	2	2	2	2	3	2	3	2	2	2	1	2	2	3	1	3	3	3	2	1	2	3	2	3	3	3	4	2	2	2	1	3	0	2	2	3	3	3	1	
0	2	3	3	3	1	2	2	2	3	3	2	3	3	3	2	3	3	3	2	3	2	3	3	3	2	3	1	2	3	2	2	2	3	3	2	2	1	3	3	3	1	3	3	3	0	2	2	3	3	3	
0	3	2	2	3	1	3	2	2	4	3	3	2	2	3	2	3	2	2	3	3	3	1	3	3	2	2	3	2	3	3	2	2	2	2	2	2	3	3	3	3	3	1	3	4	3	0	2	3	3	3	
0	2	3	3	1	3	1	3	3	3	3	2	1	2	3	1	3	3	2	2	2	2	2	2	3	2	3	3	1	2	2	3	3	2	2	2	1	2	3	3	3	1	3	2	3	2	2	0	3	2	2	
0	1	2	3	2	2	2	1	3	2	3	2	3	3	2	1	2	2	2	2	1	2	3	3	3	1	2	2	3	2	2	1	2	1	2	1	1	2	2	2	2	2	2	3	3	1	2	2	0	1	2	
0	2	3	3	3	2	3	3	2	3	3	2	2	2	1	2	3	2	2	3	2	2	2	2	3	3	1	2	3	1	2	3	2	2	2	2	1	2	1	2	3	2	1	3	3	1	2	3	4	0	2	
0	3	2	2	2	2	1	2	2	2	2	3	2	3	3	2	2	3	3	2	3	2	3	1	3	2	2	2	2	2	2	1	1	2	1	2	2	2	3	2	1	2	2	2	3	2	2	2	3	2	0	
M1
0	0	0	0	0	0	0	0	0	0	0	0	0	0	0	0	0	0	0	0	0	0	0	0	0	0	0	0	0	0	0	0	0	0	0	0	0	0	0	0	0	0	0	0	0	0	0	0	0	0	0	
0	0	3	2	3	2	1	2	2	3	2	2	2	3	3	3	2	4	2	2	3	2	2	2	2	1	3	2	3	2	2	3	2	3	2	2	3	1	1	2	3	1	2	3	2	3	3	2	2	3	3	
0	3	0	3	3	3	3	3	2	3	3	3	2	3	3	2	2	4	3	4	2	3	2	2	2	4	3	3	4	3	4	3	3	3	3	4	4	4	2	3	3	1	3	3	3	4	3	3	3	3	3	
0	2	3	0	2	2	2	3	3	3	3	2	2	1	2	2	3	2	3	2	3	2	2	2	3	3	2	3	3	3	2	2	3	3	2	3	3	2	3	2	1	3	2	1	1	2	2	2	1	3	1	
0	2	4	4	0	2	3	2	3	2	3	3	3	2	3	3	3	1	2	3	4	3	3	3	2	3	3	1	3	3	4	2	3	3	1	2	3	3	1	3	3	3	3	3	2	3	3	2	4	3	2	
0	2	3	3	2	0	2	2	3	2	3	3	2	1	3	2	3	3	2	2	3	3	2	2	3	2	2	2	1	3	2	2	3	1	2	3	3	2	1	2	3	2	2	2	3	2	3	2	3	3	1	
0	2	3	2	3	1	0	2	2	2	1	1	2	2	2	2	2	3	3	3	3	1	1	2	1	1	3	3	2	2	2	2	2	2	1	2	3	2	2	3	3	3	3	2	1	3	3	2	2	2	2	
0	2	3	2	3	2	1	0	3	2	2	1	3	2	2	2	1	3	3	3	3	1	2	2	2	1	3	3	2	2	2	1	2	2	2	2	3	2	2	3	2	2	2	3	2	3	2	2	3	2	2	
0	1	1	3	3	2	2	2	0	3	1	2	2	2	2	1	3	3	3	2	3	2	2	3	3	2	1	2	2	2	2	3	3	2	3	2	2	2	2	1	2	2	2	3	2	3	2	2	1	2	2	
0	3	3	2	2	3	2	2	3	0	2	3	2	3	2	3	3	1	2	2	3	3	2	2	2	2	3	2	1	3	3	1	2	2	2	2	3	2	2	2	2	3	2	3	2	3	3	3	3	1	2	
0	2	3	3	3	2	2	1	3	3	0	2	2	1	1	2	2	4	2	3	2	2	2	3	3	2	2	2	1	3	3	2	3	2	3	2	3	2	2	2	3	3	2	2	1	3	3	2	3	3	2	
0	1	2	2	3	3	2	2	3	3	2	0	2	3	3	4	3	4	2	2	2	3	2	3	2	2	3	2	3	3	1	3	2	1	2	2	3	2	2	2	2	2	2	3	3	2	2	3	3	1	3	
0	1	2	3	3	2	2	3	3	2	2	2	0	2	2	3	2	2	3	3	3	3	3	3	2	2	3	3	3	3	3	3	3	3	3	3	4	2	2	3	4	2	3	4	3	4	2	3	3	3	3	
0	1	3	3	3	2	1	3	3	3	2	2	2	0	2	2	3	3	2	2	3	2	1	3	2	2	1	2	3	2	2	2	3	2	2	2	2	2	2	3	2	2	2	3	2	3	3	1	2	2	3	
0	2	3	3	3	2	2	1	3	3	3	2	2	3	0	2	2	4	1	2	1	2	2	2	3	2	3	2	1	3	3	2	3	2	2	3	3	2	2	2	3	2	2	2	2	3	3	3	2	3	1	
0	2	3	2	2	3	2	2	2	3	2	3	1	3	2	0	3	3	2	2	3	2	2	2	3	2	3	2	2	3	2	3	2	1	2	2	2	2	2	3	1	3	1	3	3	2	1	1	2	1	2	
0	2	3	3	3	2	1	1	2	3	2	2	2	1	2	3	0	4	3	2	3	1	2	2	2	2	2	2	3	3	2	2	3	1	2	3	3	3	2	2	3	1	3	2	2	2	3	2	3	3	1	
0	2	3	3	3	2	3	3	3	1	3	2	3	3	2	2	2	0	3	3	3	2	3	2	3	3	3	2	2	2	3	2	3	3	3	3	3	3	3	3	3	3	2	2	1	4	3	2	4	2	2	
0	2	2	2	2	3	3	2	2	3	3	2	3	2	2	2	3	3	0	1	3	2	1	3	2	2	3	1	3	2	3	2	3	3	2	2	2	3	1	2	2	3	1	2	1	3	2	2	2	2	2	
0	2	3	2	2	2	2	2	2	2	2	1	2	2	1	3	2	3	1	0	2	3	2	2	1	1	2	2	2	2	2	3	2	2	3	2	2	2	2	1	2	3	1	3	2	3	1	2	3	2	2	
0	2	3	3	3	2	2	3	3	3	3	2	3	3	3	4	3	4	3	3	0	2	2	3	3	2	3	3	3	3	2	3	2	2	3	3	4	2	3	2	3	3	3	1	3	3	2	3	1	3	2	
0	2	4	2	4	2	1	1	3	3	2	2	3	2	1	3	2	4	2	3	2	0	1	3	2	2	3	3	2	2	3	2	3	2	2	3	4	3	2	3	3	3	3	3	2	3	3	2	2	2	2	
0	1	3	2	3	2	2	2	3	2	2	2	2	1	1	3	3	3	2	2	2	1	0	2	2	2	2	2	2	1	3	1	2	2	1	2	3	2	1	2	2	2	2	3	2	3	2	2	1	1	2	
0	3	1	1	2	3	2	1	2	2	3	2	2	2	3	3	1	3	3	3	3	2	2	0	3	2	3	3	3	3	3	2	2	2	3	2	4	2	2	3	2	1	3	2	2	2	1	3	2	3	2	
0	2	2	3	3	1	2	2	1	1	1	2	1	2	2	2	1	2	3	2	3	2	3	3	0	3	2	3	2	1	3	2	3	2	3	3	3	3	2	2	3	2	2	2	1	3	3	2	2	2	2	
0	2	2	1	3	2	2	1	3	2	3	2	3	2	2	3	2	3	2	2	3	2	3	1	3	0	3	2	3	1	2	2	1	3	2	2	3	1	2	3	2	2	2	2	2	2	2	1	2	2	2	
0	1	2	3	3	2	2	2	2	2	3	2	1	3	1	3	3	2	2	1	2	3	3	2	2	2	0	1	2	1	1	3	3	3	3	1	1	2	2	2	2	2	2	3	3	3	2	2	3	3	2	
0	1	3	3	3	2	2	3	2	2	2	3	2	3	2	3	2	3	2	3	3	3	3	3	1	2	3	0	3	2	3	3	3	3	2	3	3	2	2	3	2	2	2	3	2	2	2	1	3	3	3	
0	2	3	2	2	3	3	2	2	3	3	3	1	3	3	3	3	3	2	3	2	3	3	3	2	3	2	1	0	2	2	3	3	1	2	2	2	1	1	1	2	2	1	2	3	2	3	2	2	2	2	
0	1	3	2	2	1	2	3	2	1	3	2	3	2	2	3	3	2	2	1	3	3	3	3	2	2	3	3	2	0	3	2	3	2	3	2	2	2	2	2	2	2	1	3	2	3	2	3	3	2	2	
0	2	1	2	2	2	2	2	2	2	2	2	2	2	2	3	2	3	2	1	3	3	3	2	1	1	2	2	3	2	0	3	2	2	2	2	3	2	1	2	1	2	2	3	2	3	1	2	2	3	3	
0	2	2	2	2	2	3	2	2	2	2	3	2	3	2	3	2	3	3	2	3	3	2	1	1	2	2	2	3	2	2	0	3	1	2	2	2	3	3	2	1	2	1	2	2	2	2	2	3	2	1	
0	2	3	2	2	2	1	2	2	3	2	1	2	2	3	3	1	3	2	2	3	2	2	2	2	2	3	2	3	3	2	1	0	2	2	2	2	3	1	3	2	1	1	1	2	3	2	3	3	1	2	
0	2	2	3	3	2	3	3	2	2	2	3	3	3	2	3	2	3	3	2	3	2	3	3	2	2	3	1	3	3	1	2	2	0	1	2	3	2	2	3	2	3	2	3	2	1	2	2	3	3	2	
0	2	3	3	3	1	3	3	2	2	2	2	2	2	3	2	2	3	3	2	3	3	2	2	1	3	2	3	2	2	3	1	4	2	0	1	2	2	2	3	2	2	2	2	1	3	3	3	3	3	1	
0	1	3	2	2	2	2	3	2	2	2	3	2	3	3	3	2	3	3	3	3	3	2	3	1	2	3	3	3	2	3	3	3	3	3	0	2	1	2	3	2	2	1	3	2	3	3	2	2	3	2	
0	2	2	2	2	3	2	2	2	2	3	2	3	3	2	3	2	1	3	3	1	3	3	1	3	1	3	2	3	2	3	3	2	3	3	2	0	2	2	2	2	2	1	2	2	3	1	2	2	3	3	
0	2	3	3	2	2	2	3	2	2	2	2	2	3	3	3	2	3	3	2	4	2	2	3	3	2	3	3	3	1	3	2	3	3	3	3	3	0	3	2	3	1	2	3	3	2	2	3	1	3	2	
0	1	3	3	3	3	2	1	3	3	3	2	3	3	3	3	2	4	1	2	4	2	2	3	2	2	4	1	3	3	3	2	3	3	3	2	3	2	0	3	3	2	2	2	2	3	3	2	3	3	3	
0	2	3	2	3	3	2	2	3	3	2	3	2	3	2	3	3	3	3	2	3	3	2	2	3	2	1	2	3	2	2	2	2	3	2	2	2	3	3	0	1	3	2	2	3	4	3	2	3	1	1	
0	2	2	2	3	3	3	2	3	3	3	3	1	3	1	3	2	3	2	2	2	3	3	1	2	2	3	2	2	3	1	3	3	3	2	2	3	2	2	3	0	2	2	3	3	3	2	1	3	4	2	
0	2	2	3	2	2	2	2	1	3	2	2	1	2	2	2	1	3	3	3	3	2	1	3	3	3	2	3	3	2	3	2	2	2	2	3	3	3	2	2	2	0	3	3	3	3	3	3	2	2	2	
0	2	2	1	1	3	3	3	1	2	2	3	2	2	2	2	3	2	3	3	2	3	3	2	2	2	2	2	3	3	2	3	3	3	2	1	1	2	2	2	1	3	0	2	2	3	2	2	2	3	2	
0	2	2	3	3	2	3	3	3	3	3	2	3	2	2	4	3	4	3	2	3	2	1	3	2	2	3	3	3	2	1	2	3	3	2	3	4	3	2	3	2	2	3	0	3	4	2	3	2	2	3	
0	1	2	3	3	3	2	3	3	3	3	1	2	3	3	1	3	4	2	2	3	2	2	2	2	2	3	3	3	3	2	1	3	2	2	3	3	2	2	3	2	2	2	1	0	3	2	2	3	2	1	
0	3	2	3	3	2	2	2	3	1	3	2	3	2	1	3	1	2	2	3	2	1	2	2	3	3	3	2	2	2	2	2	1	1	2	3	2	1	2	3	3	2	2	2	3	0	3	3	2	2	2	
0	2	2	2	1	2	1	2	1	3	2	2	2	3	3	2	3	2	2	3	4	2	2	2	2	2	2	2	3	2	3	3	3	3	2	1	3	1	1	2	3	2	2	3	2	3	0	3	2	3	3	
0	2	2	2	2	2	3	2	2	3	3	3	2	3	1	3	2	3	1	2	2	3	2	2	2	3	3	1	2	3	2	2	4	3	1	2	2	3	2	2	1	3	1	2	2	3	3	0	3	3	2	
0	1	3	3	2	1	1	2	2	3	2	1	2	2	2	3	3	3	2	3	3	1	1	3	2	2	2	3	2	2	2	2	3	2	2	2	3	1	2	1	2	2	3	3	2	3	1	3	0	2	2	
0	2	3	1	2	2	1	1	2	2	1	2	1	2	2	3	2	3	2	1	3	2	1	2	2	1	3	3	2	2	3	2	1	3	2	1	2	2	2	2	2	2	1	2	2	3	2	2	2	0	2	
0	1	2	2	3	2	2	2	3	3	3	2	3	2	2	2	2	4	2	1	3	2	1	1	2	2	3	3	3	2	2	1	3	2	1	2	3	2	2	2	2	2	2	1	2	3	2	3	2	2	0	
M2
0	0	0	0	0	0	0	0	0	0	0	0	0	0	0	0	0	0	0	0	0	0	0	0	0	0	0	0	0	0	0	0	0	0	0	0	0	0	0	0	0	0	0	0	0	0	0	0	0	0	0	
0	0	2	3	3	3	3	2	2	1	1	3	2	2	2	3	3	2	2	3	3	3	4	2	2	3	3	2	2	3	2	3	2	3	3	2	3	2	2	3	3	3	1	3	3	2	3	2	2	2	3	
0	2	0	3	2	4	3	2	3	3	2	3	2	2	3	2	4	2	3	2	1	2	3	2	2	3	3	3	2	3	3	2	3	3	3	3	2	3	2	1	1	3	2	3	3	3	3	2	3	2	3	
0	3	2	0	3	3	3	1	2	2	3	3	3	2	3	3	3	2	3	2	2	3	3	4	2	3	2	4	1	3	2	3	2	3	3	3	2	2	2	3	3	3	2	3	2	2	2	2	3	3	2	
0	2	3	2	0	3	1	2	1	3	2	3	2	2	1	2	3	2	3	3	2	2	2	2	1	2	2	1	2	1	2	2	3	2	3	2	2	3	2	2	1	2	2	4	2	2	2	2	2	3	3	
0	3	2	2	2	0	3	3	3	2	1	3	2	1	2	2	3	2	1	2	2	3	3	1	2	2	3	3	2	3	3	2	3	2	3	3	1	2	2	3	1	2	3	2	2	3	3	2	2	3	2	
0	4	2	3	3	2	0	2	2	3	3	4	4	2	3	4	4	3	3	2	3	3	2	2	3	3	2	1	1	1	2	3	2	3	3	2	2	3	2	3	3	2	3	3	3	2	2	3	3	3	3	
0	2	2	2	2	2	3	0	2	1	2	2	2	2	2	3	3	1	2	2	2	3	2	3	1	2	1	3	2	3	2	3	3	2	3	2	3	1	2	3	3	2	1	2	3	2	1	2	2	2	1	
0	2	2	1	2	2	3	2	0	2	3	3	2	2	3	3	3	2	3	2	1	2	3	2	2	2	1	3	2	3	3	3	2	3	3	1	2	3	2	1	2	1	2	3	3	3	3	3	2	2	2	
0	2	2	2	2	2	3	1	1	0	1	2	1	1	1	3	3	2	3	2	2	2	3	2	2	2	2	3	1	2	1	3	2	3	3	1	2	1	2	2	2	2	2	2	2	2	2	2	2	1	2	
0	2	3	2	3	3	2	2	2	1	0	2	2	2	2	3	2	1	4	2	3	3	3	1	3	3	3	3	2	2	2	3	3	2	3	2	3	2	3	3	2	2	3	3	3	3	2	2	1	2	3	
0	4	2	3	3	4	3	3	3	3	3	0	4	2	3	3	3	4	2	2	3	3	3	1	2	3	3	4	1	3	2	3	2	2	3	3	2	3	2	3	3	2	2	3	3	2	3	2	3	4	3	
0	1	1	3	3	3	3	3	3	2	2	1	0	2	3	3	2	3	3	2	2	2	3	2	3	1	3	3	2	2	1	3	2	3	4	1	3	3	3	2	2	2	2	3	2	3	3	3	3	3	4	
0	3	3	3	3	2	3	3	3	2	2	2	2	0	2	4	2	3	3	2	2	2	2	3	2	2	2	3	2	3	3	4	3	3	2	3	3	1	1	3	3	1	2	2	1	3	4	3	3	3	3	
0	1	3	2	3	3	3	1	1	2	2	2	2	3	0	2	4	1	2	2	2	1	3	2	2	1	2	2	2	2	1	2	3	3	3	2	3	2	2	2	1	1	2	3	3	1	2	2	3	3	2	
0	2	1	2	2	3	3	2	1	2	2	3	2	2	1	0	3	2	3	2	2	2	3	1	3	2	2	3	1	3	2	2	2	2	3	2	2	3	2	2	1	1	3	3	3	2	3	2	3	3	3	
0	4	3	3	2	4	3	2	2	3	2	4	4	3	3	3	0	3	3	2	3	2	2	2	3	3	2	2	3	1	3	4	3	3	2	2	3	3	1	3	3	2	3	3	3	3	3	2	3	3	2	
0	1	3	1	3	3	2	2	2	1	2	1	2	2	2	2	4	0	3	3	2	3	3	2	3	2	2	3	2	3	2	3	3	3	4	2	3	2	3	3	2	1	2	3	3	3	3	3	3	2	2	
0	2	1	2	1	3	2	3	2	3	3	2	3	3	2	3	2	3	0	2	1	2	3	3	2	2	3	2	2	2	3	1	3	3	3	3	2	2	3	2	2	3	2	3	1	3	3	3	3	3	3	
0	3	1	3	3	4	3	2	3	2	1	2	3	3	3	3	3	2	3	0	2	3	2	2	3	3	2	3	3	1	3	3	3	3	4	2	2	3	3	2	2	2	3	4	4	4	3	3	2	3	3	
0	1	3	2	3	3	3	3	3	2	2	4	3	2	2	3	4	3	2	2	0	1	2	2	2	2	2	3	3	3	3	3	2	3	2	3	1	3	2	3	3	3	1	2	3	2	3	2	3	3	2	
0	3	2	3	2	4	3	3	3	3	2	3	3	3	2	3	3	3	1	1	2	0	3	1	3	3	2	2	3	2	2	2	4	2	3	3	3	3	3	3	3	2	3	2	2	1	3	2	3	2	3	
0	3	2	2	3	3	3	1	3	2	1	3	2	2	3	2	3	2	3	2	3	2	0	2	2	3	1	1	1	1	2	2	2	3	3	2	2	2	2	3	1	2	2	2	3	2	2	2	2	3	2	
0	3	3	3	4	4	4	2	2	2	3	3	3	3	3	2	4	3	3	3	2	2	3	0	3	2	2	4	2	2	3	3	3	1	2	3	3	3	3	3	2	1	2	3	3	2	2	1	3	3	2	
0	4	3	2	3	2	2	3	2	3	2	4	3	2	3	3	4	3	2	3	3	3	3	3	0	2	3	3	3	3	2	3	4	1	3	3	3	3	2	3	2	2	1	3	3	2	2	2	1	3	2	
0	3	2	3	4	4	2	3	3	3	2	3	2	4	2	4	3	3	4	1	3	3	2	2	2	0	2	3	3	2	3	4	4	2	4	3	3	4	3	3	3	3	3	4	4	3	2	3	3	3	3	
0	3	1	1	3	3	2	2	2	3	2	3	3	3	3	3	3	3	3	2	2	3	2	3	1	3	0	3	2	3	2	2	3	2	3	3	3	2	3	2	2	3	2	2	3	3	2	2	1	3	1	
0	3	2	2	3	3	2	3	3	3	3	3	3	1	2	3	3	3	2	2	3	2	3	3	2	2	3	0	3	2	1	2	3	3	3	2	1	2	2	3	3	2	3	3	2	1	1	2	2	2	2	
0	3	1	2	2	3	2	3	3	3	2	3	3	1	2	3	3	3	2	1	2	2	3	3	2	2	3	3	0	2	1	2	1	2	2	2	1	2	1	2	2	2	3	2	2	1	3	2	3	3	2	
0	3	2	2	3	3	3	1	3	2	2	3	3	2	3	3	4	2	3	3	2	3	1	1	2	2	1	2	2	0	3	3	2	2	3	1	3	2	3	2	2	1	2	3	3	3	2	2	2	3	2	
0	3	3	2	2	2	3	2	3	3	3	2	4	2	3	2	4	3	2	2	3	1	2	2	3	2	2	3	2	1	0	3	2	3	3	1	3	3	2	3	3	2	2	3	3	2	3	3	3	3	3	
0	2	3	1	2	2	3	2	2	3	3	3	3	3	1	2	3	2	2	2	3	2	3	3	2	1	3	3	2	3	2	0	3	2	2	3	3	1	2	3	2	2	1	3	3	2	3	2	3	4	3	
0	2	3	3	1	3	1	2	2	3	3	3	3	3	1	2	3	2	3	2	3	2	3	3	2	2	2	2	2	2	2	3	0	1	2	3	3	3	3	3	2	2	2	1	2	2	3	3	3	2	2	
0	3	3	2	3	3	3	3	1	3	3	3	3	3	2	3	3	3	2	2	2	3	2	3	2	1	2	3	3	2	2	2	3	0	2	2	3	2	2	2	3	2	1	2	3	1	3	2	3	3	1	
0	3	1	3	3	4	4	3	3	3	2	3	2	3	2	2	2	3	3	2	2	3	3	3	3	3	3	4	2	2	2	2	3	2	0	3	2	3	1	2	1	2	3	3	3	1	3	2	3	2	2	
0	2	2	3	2	3	2	3	3	3	3	3	3	1	2	3	3	3	2	2	3	3	3	3	3	1	3	3	1	3	2	3	1	2	3	0	2	2	2	3	3	2	2	2	2	2	3	3	4	3	3	
0	2	2	1	2	3	3	2	2	3	3	3	3	1	1	2	3	2	1	2	2	2	2	3	1	1	3	2	2	3	2	2	2	2	2	3	0	2	2	2	2	2	2	2	2	2	2	1	2	3	1	
0	2	3	2	2	1	3	2	2	3	2	2	3	2	1	3	3	2	2	3	3	2	4	2	2	2	3	3	3	3	2	3	4	2	3	3	2	0	2	2	2	2	1	3	3	2	3	2	3	3	3	
0	3	2	3	3	3	3	3	2	2	1	3	3	3	3	3	3	2	3	1	3	3	3	2	3	4	3	4	3	2	3	3	4	3	1	3	3	2	0	2	2	3	2	3	2	2	3	3	2	2	3	
0	2	1	2	1	3	2	3	2	2	2	2	3	1	2	2	3	1	3	1	2	3	3	1	1	3	3	2	2	2	3	3	3	2	2	3	3	2	1	0	2	2	2	2	2	3	3	2	2	1	3	
0	2	2	2	3	3	3	3	2	2	1	2	1	2	2	1	3	2	2	2	2	2	4	2	3	2	3	4	1	3	2	1	2	3	2	2	2	2	1	3	0	2	2	3	3	2	2	1	2	3	3	
0	2	2	2	3	3	3	2	2	1	2	3	2	2	2	4	3	3	2	2	1	2	3	3	2	1	1	4	2	3	2	3	3	3	3	2	2	2	3	3	3	0	2	2	2	3	3	3	2	2	2	
0	3	2	3	2	2	2	3	3	3	2	3	3	3	2	2	3	3	1	2	2	2	3	3	1	2	3	3	3	2	2	2	4	2	2	3	3	3	1	3	2	2	0	4	2	1	2	1	2	3	3	
0	2	2	2	3	3	1	3	3	3	2	3	2	3	3	3	4	3	2	1	3	3	3	3	2	3	1	2	2	2	3	3	3	3	3	2	3	2	3	3	2	3	3	0	3	3	3	2	2	1	2	
0	3	2	3	2	2	3	3	3	3	2	1	4	2	2	4	1	2	2	1	3	1	3	2	3	3	3	3	1	2	2	3	2	3	3	2	2	3	2	2	3	3	2	3	0	2	4	3	3	3	3	
0	2	2	2	3	3	4	2	2	2	2	3	2	3	1	3	4	2	2	1	2	2	2	2	3	2	2	3	3	1	1	1	3	2	3	2	3	2	2	3	2	1	2	3	3	0	3	3	3	2	3	
0	2	3	3	3	3	2	2	2	3	2	3	3	2	1	2	2	2	3	3	2	2	3	3	3	2	3	3	2	3	2	3	2	2	2	1	3	3	3	3	2	2	3	2	3	2	0	1	1	1	3	
0	2	2	3	3	4	3	3	2	3	2	2	2	3	2	1	3	3	2	2	1	1	3	2	3	3	3	3	2	3	3	2	3	3	1	2	2	3	2	3	1	2	2	3	3	2	1	0	2	2	2	
0	3	3	2	3	3	1	3	1	2	1	3	2	2	2	2	3	2	3	3	2	2	3	2	2	2	2	2	2	2	1	2	3	1	3	2	3	3	2	2	1	2	2	3	3	2	1	2	0	2	2	
0	1	3	2	4	3	2	3	3	2	2	3	2	2	3	2	4	3	3	2	3	3	2	3	3	3	2	3	2	3	3	2	3	4	2	3	3	3	2	4	1	3	2	1	3	3	3	2	3	0	3	
0	2	2	3	3	2	2	2	3	3	2	2	2	3	2	2	2	3	3	1	1	2	1	3	3	3	2	2	2	2	1	3	3	3	2	2	2	1	3	3	2	3	2	1	4	3	2	1	3	2	0	
M3
0	0	0	0	0	0	0	0	0	0	0	0	0	0	0	0	0	0	0	0	0	0	0	0	0	0	0	0	0	0	0	0	0	0	0	0	0	0	0	0	0	0	0	0	0	0	0	0	0	0	0	
0	0	2	2	3	3	2	2	3	2	2	2	2	2	3	3	2	3	2	2	3	3	1	2	2	3	1	3	3	3	2	3	3	2	2	2	1	3	3	1	2	3	3	2	3	2	3	2	3	3	3	
0	1	0	3	3	4	3	3	2	2	1	3	3	3	3	3	3	4	2	3	4	3	2	2	3	3	2	3	3	3	3	3	4	3	2	3	2	3	2	2	3	1	3	3	4	2	2	1	3	2	4	
0	2	1	0	2	3	2	2	3	1	2	3	3	2	4	3	3	3	3	3	2	2	2	2	2	1	1	3	2	3	3	3	3	3	2	3	2	2	3	2	3	2	3	2	3	3	3	2	3	2	2	
0	3	3	3	0	2	4	4	2	3	1	2	3	3	3	2	3	4	2	3	3	3	3	3	3	3	2	3	4	3	3	3	3	3	3	4	2	3	3	3	4	3	3	2	3	3	3	2	4	2	4	
0	3	2	1	3	0	3	2	3	2	2	1	2	3	3	2	3	3	2	3	2	2	3	2	3	2	2	2	2	3	3	2	1	2	1	3	2	2	3	1	3	3	3	3	2	2	3	2	2	2	3	
0	2	3	3	2	3	0	1	2	3	2	2	1	3	3	2	2	2	2	3	1	3	2	2	2	3	2	3	2	3	3	3	3	3	2	2	3	1	2	2	2	1	3	3	3	3	2	3	1	2	2	
0	2	3	2	2	2	2	0	2	2	2	2	3	2	2	3	3	2	3	3	3	3	1	2	1	3	1	3	1	2	3	2	2	2	2	1	2	2	1	2	2	3	2	2	2	2	3	3	2	3	1	
0	2	2	2	3	3	3	2	0	2	1	2	3	1	2	2	2	2	2	2	2	2	2	3	2	1	2	3	2	2	2	1	3	1	2	2	1	1	3	3	2	2	3	1	2	2	2	2	3	2	2	
0	2	2	1	1	3	1	1	2	0	1	3	2	2	3	3	3	3	2	3	2	1	2	2	1	2	2	3	1	3	2	2	2	2	2	2	3	2	2	2	3	2	2	1	2	2	3	2	2	2	2	
0	3	2	3	3	3	3	3	2	2	0	3	2	2	2	3	3	3	1	3	3	3	3	2	3	3	1	2	3	2	3	3	3	3	2	4	2	3	2	4	3	3	2	2	3	2	2	1	3	1	3	
0	3	2	2	2	4	3	3	3	3	3	0	4	4	4	2	4	3	4	3	3	3	3	3	4	3	3	2	3	3	3	4	4	3	3	4	4	3	3	3	3	3	2	2	3	3	3	2	4	1	4	
0	3	2	2	3	4	3	3	3	2	1	2	0	2	3	3	3	2	2	2	3	3	3	3	3	2	2	2	3	2	3	2	2	3	2	2	3	3	2	3	1	2	3	2	2	2	1	2	3	1	3	
0	3	3	2	2	3	2	2	1	2	2	2	3	0	3	2	2	1	3	3	2	3	3	3	2	2	2	3	3	1	3	2	2	2	2	2	2	1	2	3	1	3	3	2	1	2	2	3	2	3	3	
0	2	3	3	1	2	3	3	2	3	2	2	1	2	0	2	3	3	3	3	2	1	2	2	2	3	2	1	2	2	3	3	3	3	3	3	2	3	2	3	2	3	3	1	2	2	2	1	3	2	4	
0	2	3	4	2	4	3	3	2	3	3	3	3	3	2	0	2	3	3	4	1	3	3	4	4	3	3	3	2	3	4	3	3	3	3	3	3	2	3	2	4	4	3	3	3	3	3	3	3	4	3	
0	2	1	2	2	3	2	2	1	1	2	3	2	2	2	1	0	3	1	2	2	2	3	3	2	2	3	2	2	2	2	1	2	2	3	3	1	2	3	1	2	2	3	2	3	2	3	2	3	3	3	
0	2	2	2	2	3	1	2	1	2	2	2	2	2	3	2	1	0	2	2	1	3	2	2	1	2	1	3	2	3	3	2	3	2	2	2	2	2	1	2	3	2	2	2	2	2	3	3	1	3	2	
0	3	3	3	2	2	2	3	3	3	2	3	1	3	1	3	4	3	0	3	3	2	3	3	3	2	3	2	3	3	2	3	3	4	3	3	3	3	3	3	2	3	4	2	3	3	2	2	3	2	3	
0	3	2	3	3	2	3	3	1	3	2	1	2	2	3	3	3	3	2	0	3	3	2	2	1	2	2	1	2	3	1	2	1	2	3	2	2	2	3	3	3	2	2	2	2	2	3	3	3	2	2	
0	1	2	3	1	3	3	2	1	3	2	2	2	2	3	2	3	2	3	3	0	3	2	3	3	2	2	3	3	3	3	2	3	2	2	3	2	1	2	1	3	3	3	2	2	2	3	2	3	3	3	
0	2	3	2	2	4	2	3	1	3	2	3	3	2	3	2	3	2	3	3	1	0	3	2	3	2	2	3	3	3	3	2	3	2	3	3	2	2	2	2	3	3	3	2	1	2	3	1	3	3	3	
0	1	2	2	3	2	1	2	3	3	2	1	2	2	3	3	3	2	3	3	2	3	0	3	3	2	2	2	2	3	3	3	2	2	1	2	2	2	2	2	1	2	2	2	2	1	2	3	2	2	3	
0	3	2	2	2	3	2	2	3	1	2	1	2	3	3	1	3	3	2	3	2	2	3	0	2	3	3	3	2	4	1	3	2	3	3	3	3	3	3	3	2	2	3	2	3	3	3	3	3	2	3	
0	2	3	2	2	3	2	3	1	3	2	2	3	2	2	2	3	2	2	2	3	3	1	2	0	2	2	2	2	3	3	1	3	2	2	1	2	2	2	3	2	3	1	2	1	1	2	3	3	2	2	
0	2	2	2	3	4	3	3	2	3	3	3	3	1	3	2	2	2	2	2	3	3	3	2	2	0	3	2	3	2	2	3	3	2	3	2	1	2	2	2	2	1	3	2	2	3	2	3	2	1	1	
0	2	2	2	2	4	2	2	2	1	1	2	3	1	3	2	2	2	2	2	2	2	2	1	2	3	0	3	2	2	2	3	3	2	1	3	1	2	3	3	2	3	3	1	2	3	3	2	2	2	3	
0	3	2	3	3	3	2	3	3	2	3	2	3	2	2	2	3	3	3	2	3	3	2	1	3	3	2	0	1	2	2	2	2	2	3	4	2	3	3	2	3	3	3	2	2	3	2	2	2	1	4	
0	2	3	2	3	3	1	2	2	2	2	2	2	1	3	2	2	2	2	3	2	2	1	2	3	2	1	3	0	2	3	1	1	1	2	3	2	2	3	1	2	2	2	1	1	2	2	2	1	3	3	
0	2	2	2	1	3	3	2	2	2	2	2	3	2	3	2	1	2	2	3	3	2	3	2	2	2	2	2	2	0	3	1	1	3	2	3	2	1	1	2	2	3	2	2	2	1	3	3	3	2	3	
0	2	1	3	3	2	2	3	3	3	2	1	1	3	2	3	2	3	1	2	3	2	2	2	3	3	2	2	3	3	0	3	3	3	3	3	2	3	3	2	2	1	3	1	2	3	2	2	3	1	4	
0	1	2	1	2	3	2	3	3	2	2	3	2	2	2	1	2	2	1	2	2	3	2	3	2	2	2	3	1	3	2	0	2	2	3	2	1	3	3	2	1	3	3	2	2	2	2	3	2	3	3	
0	2	2	2	3	3	2	3	3	2	2	2	2	2	2	2	2	2	1	2	2	3	2	1	2	2	1	3	3	2	2	3	0	3	2	2	1	3	3	3	3	3	3	2	1	3	2	2	3	3	3	
0	2	2	2	2	4	2	2	2	1	2	3	3	1	3	3	2	2	2	2	2	1	3	2	2	1	3	2	2	2	2	3	3	0	3	2	1	2	3	2	2	1	2	2	2	1	2	2	3	2	2	
0	3	3	3	3	3	2	1	3	2	1	2	3	2	3	2	2	2	2	3	2	2	2	3	2	3	2	3	1	3	3	2	2	2	0	2	2	1	2	2	3	3	3	2	2	3	3	2	1	2	2	
0	2	2	1	1	3	2	3	2	2	2	3	2	2	1	3	2	1	3	3	2	2	2	3	2	2	2	2	3	2	3	3	3	1	2	0	2	3	2	3	3	2	3	1	2	2	3	2	2	3	1	
0	2	1	1	2	3	3	3	2	2	2	2	2	3	2	2	1	3	1	1	3	3	2	3	1	2	2	2	3	3	1	2	2	3	3	2	0	3	3	2	3	2	2	2	2	2	2	2	4	2	3	
0	3	3	3	3	2	2	1	2	3	2	1	3	3	3	3	2	1	3	3	2	3	2	2	2	3	2	2	2	3	3	3	3	3	1	2	3	0	2	3	3	3	3	3	3	3	4	3	2	2	2	
0	3	2	1	1	2	2	1	2	1	2	3	3	1	3	3	3	2	3	2	3	2	2	2	2	2	1	3	1	2	2	2	2	2	2	2	2	2	0	2	2	3	3	2	2	3	3	2	2	2	2	
0	2	2	3	3	4	3	3	2	2	2	3	1	2	3	3	3	2	3	3	3	2	3	2	3	2	3	2	3	3	3	3	2	1	3	2	2	3	2	0	2	2	2	2	3	1	2	1	3	2	2	
0	2	2	1	2	4	2	3	2	2	3	3	2	1	2	3	2	1	2	2	2	3	3	2	2	1	2	2	3	2	3	2	1	2	2	1	2	2	2	2	0	2	2	2	1	1	1	2	2	2	2	
0	3	3	3	3	3	2	3	3	2	3	2	2	2	2	2	3	3	1	4	3	2	3	1	2	3	3	3	3	2	2	2	3	2	2	3	3	2	2	1	3	0	3	2	3	2	1	2	3	3	3	
0	1	3	2	2	3	1	2	3	2	3	2	2	2	3	1	3	2	3	3	2	2	2	3	3	2	2	3	2	2	2	3	3	1	2	2	2	1	1	2	3	2	0	1	2	2	3	3	2	3	3	
0	1	3	2	2	3	2	3	2	2	2	2	3	2	4	3	3	2	3	3	2	1	1	2	3	3	1	2	3	3	3	2	3	3	2	3	2	3	3	2	2	3	2	0	1	2	3	2	3	3	4	
0	3	2	1	3	4	1	2	2	2	2	3	2	2	3	3	2	1	3	2	2	3	2	2	2	2	1	3	3	3	3	3	3	3	2	3	2	2	2	3	3	2	3	2	0	3	3	3	2	3	3	
0	1	2	3	2	4	2	2	3	3	3	2	3	3	3	2	3	3	3	3	3	2	2	2	2	3	2	1	2	3	3	2	3	2	3	2	2	2	2	2	3	3	1	1	2	0	3	3	3	1	3	
0	2	3	2	2	3	2	2	3	1	2	3	3	2	3	2	2	3	2	3	3	2	2	3	2	3	2	3	2	1	3	1	2	3	1	3	2	2	1	3	2	3	3	1	2	2	0	3	2	2	3	
0	2	3	2	2	3	2	2	1	2	2	2	3	2	3	2	3	3	2	3	3	3	3	1	3	2	2	2	2	3	2	2	3	2	3	3	2	2	1	3	3	3	2	2	3	1	3	0	3	2	3	
0	2	2	3	2	4	2	3	2	2	3	2	2	3	3	1	1	1	2	3	1	3	3	3	2	3	2	3	3	3	2	2	3	2	3	3	2	2	2	2	2	3	3	3	3	3	3	3	0	3	3	
0	2	1	3	3	4	3	2	3	3	2	3	3	3	3	3	3	2	3	3	3	2	2	2	3	3	2	1	2	2	2	3	3	2	3	3	3	3	3	3	2	2	3	1	2	3	3	2	3	0	3	
0	1	3	2	2	3	3	2	3	2	3	2	3	2	4	2	2	2	3	3	2	2	2	3	2	2	2	3	2	1	2	2	2	1	2	3	2	2	1	2	3	2	3	1	2	2	3	3	1	3	0	
Tamanho_Tarefas
0	22	16	33	6	24	24	8	12	8	14	21	24	21	4	26	7	25	9	35	15	15	12	18	11	3	35	18	22	8	10	39	5	18	20	31	18	15	12	17	11	5	6	8	28	12	32	33	9	22	24	
Data_Entrega
0	219	220	206	199	206	226	206	235	189	202	227	196	177	228	192	259	257	231	232	195	247	241	231	202	261	260	248	230	258	199	225	229	197	239	236	205	201	196	181	263	216	231	261	195	243	177	260	195	210	196	
Penalidade_Atraso
0	16	14	11	17	13	3	1	8	15	9	4	14	3	10	2	13	7	4	9	18	8	3	11	13	6	12	19	11	7	17	20	9	9	16	8	4	11	9	19	8	14	3	17	4	9	12	6	17	13	19	
Capacidade_Veiculo
71	106	109	59	64	45	91	44	86	60	105	55	48	63	82	
Custo_Fixo_Veiculo
710	1060	1090	590	640	450	910	440	860	600	1050	550	480	630	820	
Coordenadas_Clientes
x	0	y	0
x	90	y	0
x	103	y	13
x	96	y	24
x	95	y	37
x	102	y	56
x	81	y	59
x	67	y	63
x	68	y	82
x	54	y	85
x	36	y	76
x	24	y	76
x	21	y	113
x	6	y	107
x	-4	y	78
x	-20	y	106
x	-35	y	110
x	-41	y	87
x	-57	y	90
x	-68	y	82
x	-68	y	64
x	-76	y	55
x	-78	y	43
x	-82	y	32
x	-92	y	23
x	-107	y	13
x	-81	y	0
x	-93	y	-11
x	-111	y	-28
x	-79	y	-31
x	-70	y	-39
x	-86	y	-62
x	-80	y	-75
x	-62	y	-75
x	-61	y	-96
x	-46	y	-98
x	-31	y	-97
x	-21	y	-110
x	-6	y	-106
x	5	y	-92
x	18	y	-98
x	34	y	-107
x	45	y	-97
x	64	y	-102
x	76	y	-92
x	75	y	-70
x	70	y	-51
x	99	y	-54
x	92	y	-36
x	109	y	-28
x	107	y	-13
Tempo_Viagem
0	90	103	98	101	116	100	91	106	100	84	79	114	107	78	107	115	96	106	106	93	93	89	88	94	107	81	93	114	84	80	106	109	97	113	108	101	111	106	92	99	112	106	120	119	102	86	112	98	112	107	
90	0	18	24	37	56	59	67	84	92	93	100	132	135	122	152	166	157	172	178	170	174	173	174	183	197	171	183	202	171	164	186	185	169	178	167	155	156	142	125	121	120	106	104	93	71	54	54	36	33	21	
103	18	0	13	25	43	50	61	76	86	91	101	128	134	125	154	168	161	177	184	178	183	183	185	195	210	184	196	217	187	180	203	203	187	196	185	173	174	160	143	139	138	124	120	108	87	72	67	50	41	26	
98	24	13	0	13	32	38	48	64	73	79	88	115	122	113	141	156	150	166	173	168	174	175	178	188	203	178	191	212	182	177	201	201	186	197	187	175	177	164	147	144	144	130	128	117	95	78	78	60	53	38	
101	37	25	13	0	20	26	38	52	63	70	81	105	113	107	133	148	144	160	169	165	171	173	177	187	203	179	194	215	185	181	206	207	192	205	195	183	187	174	157	155	156	143	141	130	108	91	91	73	66	51	
116	56	43	32	20	0	21	35	42	56	68	79	98	108	107	131	146	144	160	171	170	178	180	185	196	213	191	206	228	200	196	221	224	209	222	213	202	206	193	176	175	176	162	160	149	127	110	110	92	84	69	
100	59	50	38	26	21	0	14	26	37	47	58	80	89	86	110	125	123	139	150	149	157	159	165	176	193	172	187	210	183	180	206	209	195	210	201	192	197	186	169	169	172	160	161	151	129	110	113	95	91	76	
91	67	61	48	38	35	14	0	19	25	33	44	67	75	72	96	111	109	125	136	135	143	146	152	163	181	160	176	199	173	170	197	200	188	204	196	187	194	183	166	168	173	161	165	155	133	114	121	102	100	85	
106	84	76	64	52	42	26	19	0	14	32	44	56	66	72	90	105	109	125	136	136	145	150	157	170	188	170	185	209	185	183	210	215	203	219	213	204	211	202	185	186	192	180	184	174	152	133	138	120	117	102	
100	92	86	73	63	56	37	25	14	0	20	31	43	52	58	76	91	95	111	122	123	133	138	145	158	176	159	175	199	176	175	203	208	197	213	208	200	208	200	183	186	193	182	187	177	155	136	145	126	125	110	
84	93	91	79	70	68	47	33	32	20	0	12	39	43	40	63	78	77	93	104	104	113	118	125	138	156	139	155	179	157	156	184	190	180	197	192	185	194	186	170	174	183	173	180	172	150	131	144	125	126	113	
79	100	101	88	81	79	58	44	44	31	12	0	37	35	28	53	68	65	81	92	92	102	107	114	127	145	129	145	169	148	148	176	183	173	191	187	180	190	184	169	174	183	174	182	175	154	135	150	131	133	121	
114	132	128	115	105	98	80	67	56	43	39	37	0	16	43	41	56	67	81	94	101	113	121	131	144	162	152	168	192	175	177	205	213	205	224	221	215	225	220	205	211	220	211	219	211	189	170	183	164	165	152	
107	135	134	122	113	108	89	75	66	52	43	35	16	0	30	26	41	51	65	78	85	97	105	115	128	146	137	153	177	162	164	192	200	193	213	210	207	218	213	199	205	215	207	216	210	189	170	185	166	168	156	
78	122	125	113	107	107	86	72	72	58	40	28	43	30	0	32	44	38	54	64	65	75	81	90	103	121	109	125	149	132	134	162	170	163	183	180	177	188	184	170	177	188	181	192	187	167	148	167	149	154	143	
107	152	154	141	133	131	110	96	90	76	63	53	41	26	32	0	15	28	40	53	63	75	85	96	109	126	122	137	161	149	153	180	190	185	206	205	203	216	212	199	206	219	213	224	219	199	180	199	180	185	173	
115	166	168	156	148	146	125	111	105	91	78	68	56	41	44	15	0	23	29	42	56	68	79	90	103	120	118	133	156	146	152	177	189	186	207	208	207	220	217	205	214	227	221	233	230	210	192	211	193	198	187	
96	157	161	150	144	144	123	109	109	95	77	65	67	51	38	28	23	0	16	27	35	47	57	68	81	98	95	110	134	123	129	154	166	163	184	185	184	198	196	184	194	207	202	216	213	195	177	198	181	189	178	
106	172	177	166	160	160	139	125	125	111	93	81	81	65	54	40	29	16	0	13	28	39	51	62	74	91	93	106	128	122	129	153	166	165	186	188	188	203	202	192	202	217	212	226	225	207	189	212	195	203	193	
106	178	184	173	169	171	150	136	136	122	104	92	94	78	64	53	42	27	13	0	18	28	40	51	63	79	83	95	117	113	121	144	157	157	178	181	182	197	197	188	199	214	211	226	225	208	191	215	198	208	199	
93	170	178	168	165	170	149	135	136	123	104	92	101	85	65	63	56	35	28	18	0	12	23	34	47	64	65	78	100	95	103	126	139	139	160	163	165	180	180	172	183	199	196	212	212	195	179	204	188	199	191	
93	174	183	174	171	178	157	143	145	133	113	102	113	97	75	75	68	47	39	28	12	0	12	23	35	52	55	67	89	86	94	117	130	130	151	155	158	173	175	167	179	195	194	210	211	195	179	205	191	202	195	
89	173	183	175	173	180	159	146	150	138	118	107	121	105	81	85	79	57	51	40	23	12	0	11	24	41	43	55	77	74	82	105	118	118	139	144	147	163	165	158	170	187	186	202	204	190	175	201	187	200	193	
88	174	185	178	177	185	165	152	157	145	125	114	131	115	90	96	90	68	62	51	34	23	11	0	13	31	32	44	66	63	72	94	107	108	129	134	138	154	157	151	164	181	181	198	200	187	173	200	186	200	194	
94	183	195	188	187	196	176	163	170	158	138	127	144	128	103	109	103	81	74	63	47	35	24	13	0	18	25	34	54	55	65	85	98	101	122	128	134	150	154	150	163	181	182	199	203	191	178	205	192	206	201	
107	197	210	203	203	213	193	181	188	176	156	145	162	146	121	126	120	98	91	79	64	52	41	31	18	0	29	27	41	51	63	77	91	98	117	125	132	148	155	153	167	185	187	206	210	199	188	216	204	219	214	
81	171	184	178	179	191	172	160	170	159	139	129	152	137	109	122	118	95	93	83	65	55	43	32	25	29	0	16	40	31	40	62	75	76	97	103	109	125	129	125	139	157	159	177	181	170	159	187	176	192	188	
93	183	196	191	194	206	187	176	185	175	155	145	168	153	125	137	133	110	106	95	78	67	55	44	34	27	16	0	24	24	36	51	65	71	90	98	105	121	128	127	141	159	162	181	187	178	167	196	186	202	200	
114	202	217	212	215	228	210	199	209	199	179	169	192	177	149	161	156	134	128	117	100	89	77	66	54	41	40	24	0	32	42	42	56	67	84	95	105	120	130	132	146	164	170	189	197	190	182	211	203	220	218	
84	171	187	182	185	200	183	173	185	176	157	148	175	162	132	149	146	123	122	113	95	86	74	63	55	51	31	24	32	0	12	31	44	47	67	74	81	97	104	103	117	135	140	159	166	158	150	179	171	188	186	
80	164	180	177	181	196	180	170	183	175	156	148	177	164	134	153	152	129	129	121	103	94	82	72	65	63	40	36	42	12	0	28	37	36	57	63	69	85	92	91	105	123	128	147	155	148	140	169	162	179	178	
106	186	203	201	206	221	206	197	210	203	184	176	205	192	162	180	177	154	153	144	126	117	105	94	85	77	62	51	42	31	28	0	14	27	42	53	65	80	91	95	109	127	135	154	164	161	156	185	179	197	199	
109	185	203	201	207	224	209	200	215	208	190	183	213	200	170	190	189	166	166	157	139	130	118	107	98	91	75	65	56	44	37	14	0	18	28	41	53	68	79	86	100	118	126	145	156	155	151	180	176	194	197	
97	169	187	186	192	209	195	188	203	197	180	173	205	193	163	185	186	163	165	157	139	130	118	108	101	98	76	71	67	47	36	27	18	0	21	28	38	53	64	69	83	101	109	128	139	137	134	162	158	176	180	
113	178	196	197	205	222	210	204	219	213	197	191	224	213	183	206	207	184	186	178	160	151	139	129	122	117	97	90	84	67	57	42	28	21	0	15	30	42	55	66	79	95	106	125	137	138	138	165	164	182	187	
108	167	185	187	195	213	201	196	213	208	192	187	221	210	180	205	208	185	188	181	163	155	144	134	128	125	103	98	95	74	63	53	41	28	15	0	15	27	40	51	64	80	91	110	122	124	125	151	151	169	175	
101	155	173	175	183	202	192	187	204	200	185	180	215	207	177	203	207	184	188	182	165	158	147	138	134	132	109	105	105	81	69	65	53	38	30	15	0	16	26	36	49	65	76	95	107	109	110	136	136	154	161	
111	156	174	177	187	206	197	194	211	208	194	190	225	218	188	216	220	198	203	197	180	173	163	154	150	148	125	121	120	97	85	80	68	53	42	27	16	0	15	31	40	55	66	85	97	103	107	131	133	151	160	
106	142	160	164	174	193	186	183	202	200	186	184	220	213	184	212	217	196	202	197	180	175	165	157	154	155	129	128	130	104	92	91	79	64	55	40	26	15	0	17	25	40	51	70	82	88	93	116	119	137	146	
92	125	143	147	157	176	169	166	185	183	170	169	205	199	170	199	205	184	192	188	172	167	158	151	150	153	125	127	132	103	91	95	86	69	66	51	36	31	17	0	14	32	40	59	71	73	76	101	102	120	129	
99	121	139	144	155	175	169	168	186	186	174	174	211	205	177	206	214	194	202	199	183	179	170	164	163	167	139	141	146	117	105	109	100	83	79	64	49	40	25	14	0	18	27	46	58	63	70	91	96	114	123	
112	120	138	144	156	176	172	173	192	193	183	183	220	215	188	219	227	207	217	214	199	195	187	181	181	185	157	159	164	135	123	127	118	101	95	80	65	55	40	32	18	0	14	30	44	54	66	82	91	108	118	
106	106	124	130	143	162	160	161	180	182	173	174	211	207	181	213	221	202	212	211	196	194	186	181	182	187	159	162	170	140	128	135	126	109	106	91	76	66	51	40	27	14	0	19	31	40	52	68	77	94	104	
120	104	120	128	141	160	161	165	184	187	180	182	219	216	192	224	233	216	226	226	212	210	202	198	199	206	177	181	189	159	147	154	145	128	125	110	95	85	70	59	46	30	19	0	15	33	51	59	71	86	98	
119	93	108	117	130	149	151	155	174	177	172	175	211	210	187	219	230	213	225	225	212	211	204	200	203	210	181	187	197	166	155	164	156	139	137	122	107	97	82	71	58	44	31	15	0	22	41	44	58	71	84	
102	71	87	95	108	127	129	133	152	155	150	154	189	189	167	199	210	195	207	208	195	195	190	187	191	199	170	178	190	158	148	161	155	137	138	124	109	103	88	73	63	54	40	33	22	0	19	28	38	54	65	
86	54	72	78	91	110	110	114	133	136	131	135	170	170	148	180	192	177	189	191	179	179	175	173	178	188	159	167	182	150	140	156	151	134	138	125	110	107	93	76	70	66	52	51	41	19	0	29	26	44	53	
112	54	67	78	91	110	113	121	138	145	144	150	183	185	167	199	211	198	212	215	204	205	201	200	205	216	187	196	211	179	169	185	180	162	165	151	136	131	116	101	91	82	68	59	44	28	29	0	19	27	41	
98	36	50	60	73	92	95	102	120	126	125	131	164	166	149	180	193	181	195	198	188	191	187	186	192	204	176	186	203	171	162	179	176	158	164	151	136	133	119	102	96	91	77	71	58	38	26	19	0	18	27	
112	33	41	53	66	84	91	100	117	125	126	133	165	168	154	185	198	189	203	208	199	202	200	200	206	219	192	202	220	188	179	197	194	176	182	169	154	151	137	120	114	108	94	86	71	54	44	27	18	0	15	
107	21	26	38	51	69	76	85	102	110	113	121	152	156	143	173	187	178	193	199	191	195	193	194	201	214	188	200	218	186	178	199	197	180	187	175	161	160	146	129	123	118	104	98	84	65	53	41	27	15	0	
Custo_Viagem
V0
0	1278	1462	1391	1434	1647	1420	1292	1505	1420	1192	1121	1618	1519	1107	1519	1633	1363	1505	1505	1320	1320	1263	1249	1334	1519	1150	1320	1618	1192	1136	1505	1547	1377	1604	1533	1434	1576	1505	1306	1405	1590	1505	1704	1689	1448	1221	1590	1391	1590	1519	
1278	0	255	340	525	809	837	951	1192	1306	1320	1420	1874	1931	1732	2158	2357	2229	2442	2527	2414	2470	2456	2470	2598	2797	2428	2598	2868	2428	2328	2641	2627	2399	2527	2371	2201	2215	2030	1775	1718	1704	1505	1491	1320	1008	766	766	511	468	298	
1462	255	0	184	355	610	710	866	1093	1235	1292	1434	1831	1917	1775	2186	2385	2286	2513	2612	2527	2598	2598	2627	2769	2982	2612	2797	3081	2655	2556	2882	2882	2655	2783	2627	2456	2470	2286	2030	1973	1959	1760	1718	1533	1235	1022	951	710	582	369	
1391	340	184	0	184	454	539	681	908	1050	1121	1249	1647	1732	1604	2016	2215	2130	2357	2456	2385	2470	2485	2527	2669	2882	2527	2726	3024	2598	2513	2854	2854	2641	2797	2655	2485	2513	2343	2087	2044	2044	1860	1846	1661	1363	1121	1107	852	752	539	
1434	525	355	184	0	284	369	539	738	894	994	1150	1505	1604	1519	1902	2115	2044	2272	2399	2343	2428	2456	2513	2655	2882	2541	2754	3067	2641	2570	2925	2939	2726	2911	2769	2598	2655	2485	2229	2201	2215	2030	2016	1846	1533	1292	1292	1036	937	724	
1647	809	610	454	284	0	298	497	596	795	965	1136	1405	1533	1533	1860	2087	2073	2300	2428	2414	2527	2556	2627	2783	3024	2712	2925	3237	2840	2783	3138	3180	2967	3152	3024	2868	2925	2754	2499	2485	2499	2314	2300	2130	1817	1576	1562	1306	1192	979	
1420	837	710	539	369	298	0	198	369	525	681	837	1136	1263	1235	1576	1789	1775	2002	2130	2115	2229	2257	2343	2499	2740	2442	2655	2982	2598	2556	2925	2967	2769	2982	2854	2726	2797	2641	2399	2399	2442	2272	2286	2144	1831	1562	1618	1349	1292	1079	
1292	951	866	681	539	497	198	0	269	355	468	624	951	1065	1022	1377	1590	1562	1789	1931	1917	2030	2073	2158	2314	2570	2272	2499	2825	2456	2414	2797	2854	2669	2896	2783	2655	2754	2612	2357	2385	2456	2286	2343	2201	1888	1618	1718	1448	1420	1207	
1505	1192	1093	908	738	596	369	269	0	198	454	624	795	937	1022	1292	1505	1547	1775	1931	1945	2073	2144	2243	2414	2669	2414	2627	2982	2627	2598	2982	3053	2882	3109	3024	2896	2996	2868	2627	2641	2726	2556	2612	2470	2158	1888	1973	1704	1661	1448	
1420	1306	1235	1050	894	795	525	355	198	0	284	440	610	738	823	1079	1306	1349	1576	1732	1746	1888	1959	2059	2243	2499	2257	2485	2825	2499	2485	2882	2953	2797	3038	2953	2840	2953	2840	2598	2641	2740	2584	2655	2527	2215	1931	2073	1789	1775	1576	
1192	1320	1292	1121	994	965	681	468	454	284	0	170	553	610	568	894	1107	1093	1334	1476	1476	1604	1675	1775	1959	2215	1973	2201	2556	2229	2215	2612	2698	2556	2797	2726	2627	2754	2641	2414	2470	2598	2456	2556	2442	2144	1860	2044	1775	1803	1604	
1121	1420	1434	1249	1150	1136	837	624	624	440	170	0	525	497	397	752	965	923	1164	1306	1306	1448	1519	1618	1803	2059	1831	2059	2414	2101	2101	2499	2598	2456	2712	2655	2570	2712	2612	2399	2470	2598	2470	2584	2485	2186	1917	2130	1860	1902	1718	
1618	1874	1831	1647	1505	1405	1136	951	795	610	553	525	0	227	610	582	795	951	1150	1334	1434	1604	1718	1860	2044	2300	2158	2385	2740	2485	2513	2911	3024	2911	3180	3138	3067	3209	3124	2911	2996	3124	2996	3109	3010	2698	2428	2612	2343	2357	2158	
1519	1931	1917	1732	1604	1533	1263	1065	937	738	610	497	227	0	426	369	582	724	923	1107	1207	1377	1491	1633	1831	2073	1945	2186	2527	2300	2328	2726	2854	2754	3024	2996	2939	3095	3024	2825	2911	3053	2939	3067	2982	2683	2414	2627	2357	2399	2215	
1107	1732	1775	1604	1519	1533	1235	1022	1022	823	568	397	610	426	0	454	624	539	766	908	923	1065	1150	1278	1462	1718	1547	1775	2130	1874	1902	2300	2414	2314	2598	2556	2513	2669	2612	2414	2513	2669	2570	2726	2655	2371	2101	2371	2115	2186	2030	
1519	2158	2186	2016	1902	1860	1576	1377	1292	1079	894	752	582	369	454	0	213	397	568	752	894	1065	1207	1363	1547	1803	1732	1945	2286	2115	2172	2556	2698	2627	2925	2911	2882	3067	3010	2825	2939	3109	3024	3180	3124	2840	2556	2825	2556	2641	2470	
1633	2357	2385	2215	2115	2087	1789	1590	1505	1306	1107	965	795	582	624	213	0	326	411	610	795	965	1121	1292	1476	1704	1689	1902	2229	2087	2172	2541	2698	2641	2939	2953	2939	3124	3081	2911	3038	3223	3138	3308	3266	2982	2726	2996	2740	2825	2655	
1363	2229	2286	2130	2044	2073	1775	1562	1547	1349	1093	923	951	724	539	397	326	0	227	383	497	667	809	965	1150	1405	1349	1562	1902	1746	1831	2201	2357	2314	2612	2627	2612	2811	2783	2612	2754	2939	2882	3067	3024	2769	2513	2811	2570	2683	2527	
1505	2442	2513	2357	2272	2300	2002	1789	1775	1576	1334	1164	1150	923	766	568	411	227	0	184	397	553	724	894	1065	1292	1320	1519	1831	1732	1831	2186	2357	2343	2641	2669	2669	2882	2868	2726	2868	3081	3024	3209	3195	2939	2683	3010	2769	2882	2740	
1505	2527	2612	2456	2399	2428	2130	1931	1931	1732	1476	1306	1334	1107	908	752	610	383	184	0	255	397	568	724	894	1121	1178	1363	1675	1604	1718	2059	2229	2229	2527	2570	2584	2797	2797	2669	2825	3038	2996	3209	3195	2953	2712	3053	2811	2953	2825	
1320	2414	2527	2385	2343	2414	2115	1917	1945	1746	1476	1306	1434	1207	923	894	795	497	397	255	0	170	326	482	667	908	923	1121	1434	1349	1462	1803	1973	1973	2272	2314	2343	2556	2556	2442	2598	2825	2783	3010	3010	2769	2541	2896	2669	2825	2712	
1320	2470	2598	2470	2428	2527	2229	2030	2073	1888	1604	1448	1604	1377	1065	1065	965	667	553	397	170	0	170	326	497	738	781	965	1278	1221	1334	1661	1846	1846	2144	2201	2243	2456	2485	2371	2541	2769	2754	2982	2996	2783	2556	2925	2712	2868	2769	
1263	2456	2598	2485	2456	2556	2257	2073	2144	1959	1675	1519	1718	1491	1150	1207	1121	809	724	568	326	170	0	156	340	582	610	795	1107	1050	1164	1491	1675	1689	1988	2044	2087	2314	2343	2243	2414	2655	2641	2868	2896	2698	2485	2854	2655	2840	2740	
1249	2470	2627	2527	2513	2627	2343	2158	2243	2059	1775	1618	1860	1633	1278	1363	1292	965	894	724	482	326	156	0	184	440	454	624	937	894	1022	1334	1519	1533	1831	1902	1959	2186	2229	2144	2328	2570	2570	2811	2840	2655	2456	2840	2641	2840	2754	
1334	2598	2769	2669	2655	2783	2499	2314	2414	2243	1959	1803	2044	1831	1462	1547	1476	1150	1065	894	667	497	340	184	0	255	355	482	766	781	923	1207	1391	1448	1732	1831	1902	2130	2201	2130	2314	2570	2584	2825	2882	2712	2527	2911	2740	2939	2868	
1519	2797	2982	2882	2882	3024	2740	2570	2669	2499	2215	2059	2300	2073	1718	1803	1704	1405	1292	1121	908	738	582	440	255	0	411	383	582	738	894	1093	1306	1391	1675	1789	1888	2130	2215	2172	2371	2627	2655	2925	2982	2840	2669	3067	2896	3109	3053	
1150	2428	2612	2527	2541	2712	2442	2272	2414	2257	1973	1831	2158	1945	1547	1732	1689	1349	1320	1178	923	781	610	454	355	411	0	227	582	440	568	880	1065	1093	1391	1476	1547	1775	1831	1775	1973	2229	2257	2513	2570	2414	2257	2655	2499	2726	2669	
1320	2598	2797	2726	2754	2925	2655	2499	2627	2485	2201	2059	2385	2186	1775	1945	1902	1562	1519	1363	1121	965	795	624	482	383	227	0	340	340	511	724	923	1008	1278	1391	1505	1732	1817	1803	2002	2257	2300	2570	2655	2527	2371	2783	2641	2868	2840	
