M: 4
N: 50
Nun_Veiculos: 18
Capacidade_Total: 1331
Demanda_Total: 877
Setup_Min: 1
Setup_Max: 9
Raio: 100
Circulos: 1
Tempo_Processamento_Min: 1
Tempo_Processamento_Max: 49
Demanda_Min: 10
Demanda_Max: 30
Priority_Factor: 0.2
Range_Factor_R: 0.8
U_factor: 2
ALpha: 0.2Replicao: 1
Tempos_Processamentos
0	0	1	0	2	0	3	0	
0	47	1	36	2	22	3	20	
0	39	1	21	2	41	3	1	
0	17	1	39	2	30	3	2	
0	26	1	46	2	4	3	15	
0	45	1	35	2	23	3	26	
0	44	1	18	2	24	3	23	
0	4	1	35	2	17	3	15	
0	22	1	18	2	13	3	9	
0	3	1	4	2	26	3	44	
0	9	1	11	2	33	3	15	
0	3	1	9	2	34	3	21	
0	14	1	26	2	9	3	30	
0	4	1	17	2	36	3	35	
0	44	1	44	2	17	3	39	
0	13	1	7	2	21	3	10	
0	49	1	26	2	2	3	3	
0	38	1	36	2	20	3	38	
0	11	1	45	2	37	3	39	
0	20	1	3	2	13	3	9	
0	44	1	41	2	48	3	36	
0	34	1	7	2	40	3	39	
0	36	1	29	2	33	3	34	
0	10	1	33	2	17	3	18	
0	35	1	15	2	5	3	46	
0	44	1	19	2	15	3	24	
0	4	1	40	2	45	3	8	
0	46	1	47	2	15	3	45	
0	28	1	32	2	35	3	13	
0	26	1	31	2	37	3	46	
0	41	1	17	2	13	3	29	
0	39	1	5	2	10	3	23	
0	40	1	35	2	9	3	44	
0	13	1	1	2	33	3	39	
0	6	1	13	2	34	3	18	
0	22	1	32	2	11	3	31	
0	18	1	36	2	43	3	44	
0	37	1	39	2	10	3	28	
0	8	1	46	2	17	3	17	
0	11	1	48	2	12	3	5	
0	31	1	15	2	30	3	46	
0	1	1	3	2	30	3	3	
0	42	1	11	2	4	3	16	
0	31	1	39	2	14	3	16	
0	4	1	24	2	27	3	28	
0	13	1	42	2	44	3	17	
0	47	1	9	2	33	3	6	
0	38	1	36	2	38	3	8	
0	4	1	34	2	4	3	34	
0	8	1	40	2	17	3	37	
0	45	1	38	2	23	3	21	

Tempos_setup
M0
0	0	0	0	0	0	0	0	0	0	0	0	0	0	0	0	0	0	0	0	0	0	0	0	0	0	0	0	0	0	0	0	0	0	0	0	0	0	0	0	0	0	0	0	0	0	0	0	0	0	0	
0	0	2	3	3	1	3	2	2	2	3	1	2	2	3	2	3	3	4	3	2	3	2	2	1	4	2	3	3	2	4	2	2	1	2	2	3	2	2	3	3	2	3	2	3	3	3	3	3	3	3	
0	3	0	2	3	2	2	1	3	1	2	3	2	3	2	2	1	1	3	3	3	1	3	3	2	2	1	1	2	2	3	3	2	2	3	2	2	2	3	3	2	2	4	3	2	1	2	2	3	2	2	
0	3	2	0	3	2	3	2	2	3	1	3	3	2	2	2	3	1	2	2	3	3	3	2	2	3	2	2	2	2	3	2	2	3	3	3	3	3	1	3	3	1	3	2	2	2	3	2	2	2	3	
0	2	2	2	0	2	2	2	2	2	2	3	2	1	2	2	2	2	2	2	2	2	3	2	2	3	2	1	2	3	1	2	3	2	3	2	3	2	3	1	2	1	3	3	2	1	2	1	3	3	1	
0	2	2	2	3	0	2	1	2	2	2	1	1	2	2	2	3	2	3	2	2	2	1	2	2	4	3	2	3	1	3	1	2	3	1	2	2	2	2	3	2	2	2	1	3	2	2	2	2	3	3	
0	2	3	2	3	3	0	2	3	3	2	2	3	2	3	2	3	2	3	1	4	3	2	3	3	4	3	3	3	2	3	1	2	3	3	3	2	3	3	2	2	3	3	1	3	3	3	3	4	3	4	
0	2	2	1	4	2	3	0	3	3	2	3	2	2	3	3	3	2	2	3	2	1	3	2	1	4	2	2	3	3	2	3	2	2	3	3	1	3	2	3	1	2	3	3	3	2	2	3	3	2	3	
0	2	2	3	3	1	3	2	0	2	2	1	2	2	2	3	3	3	2	3	3	3	2	2	2	3	2	3	3	2	2	2	3	3	2	1	3	3	3	1	3	3	3	2	2	3	2	3	2	2	2	
0	3	3	2	2	3	2	1	4	0	3	2	3	3	2	1	1	2	3	2	3	2	3	2	2	3	2	3	3	3	3	3	1	3	3	1	2	2	3	2	2	3	3	3	2	3	2	3	2	2	2	
0	3	2	3	2	2	3	2	3	2	0	2	3	2	1	2	3	2	1	1	2	2	2	2	2	3	1	3	1	1	2	1	2	2	2	2	2	3	2	3	2	2	2	3	2	3	2	1	3	2	3	
0	2	1	3	3	2	3	2	3	1	2	0	2	1	2	2	2	2	3	3	2	2	2	1	1	3	2	2	3	3	3	3	2	2	3	2	3	3	3	2	3	3	3	1	3	2	3	3	3	3	2	
0	2	3	3	2	3	2	3	3	2	2	2	0	3	2	2	2	3	3	1	2	3	2	2	3	3	2	2	3	3	2	3	2	2	2	3	1	2	1	3	2	2	3	3	2	1	3	2	1	3	2	
0	3	2	3	2	3	2	3	2	3	3	3	3	0	1	3	1	2	3	3	2	3	2	2	3	3	3	3	3	3	3	3	2	4	4	3	2	2	4	3	3	3	3	3	2	3	3	3	3	3	3	
0	2	1	3	1	2	2	2	3	2	3	3	2	2	0	3	2	2	3	3	1	2	3	1	3	3	2	2	2	3	2	3	3	3	3	3	1	3	3	2	3	2	2	2	3	2	3	2	3	3	2	
0	3	2	1	1	2	2	2	3	2	2	1	3	2	2	0	1	2	3	3	3	2	3	1	2	2	3	2	3	3	2	3	3	3	3	2	2	1	2	2	2	2	2	2	2	2	3	2	3	3	2	
0	2	2	2	2	3	1	2	3	2	2	3	3	3	1	3	0	1	2	2	2	3	3	2	3	2	2	2	3	2	2	2	2	3	3	2	1	1	3	2	2	2	3	2	1	3	3	3	2	2	3	
0	3	2	3	3	2	3	2	2	2	3	2	2	2	2	2	2	0	3	2	3	3	3	2	2	3	1	3	2	1	3	3	1	2	3	2	2	3	2	3	3	1	4	2	2	3	3	2	3	1	3	
0	2	3	3	4	3	2	2	2	3	2	2	2	2	3	3	2	3	0	2	2	3	3	2	2	3	3	2	3	2	2	3	1	1	1	2	1	3	2	2	1	3	1	3	3	2	1	3	2	2	2	
0	3	2	3	2	3	3	2	2	2	2	1	3	2	2	3	3	2	2	0	3	3	1	2	2	4	3	3	3	2	3	3	2	3	3	2	3	2	3	3	1	2	2	2	4	2	2	3	4	3	3	
0	2	4	3	3	3	1	3	4	3	2	3	1	3	3	2	3	2	3	2	0	4	3	3	3	3	3	3	3	3	3	2	2	3	3	2	2	3	2	3	3	3	2	1	3	2	2	3	2	3	3	
0	3	3	2	3	3	3	3	2	2	2	2	1	2	3	2	3	3	2	2	3	0	3	2	3	3	2	3	2	3	3	3	2	3	3	2	2	3	2	3	1	2	3	3	2	2	3	3	2	1	3	
0	2	1	3	2	2	2	2	1	1	2	2	2	2	1	2	2	1	3	3	2	2	0	2	3	3	2	2	2	1	3	3	2	3	3	2	2	3	2	2	3	2	3	1	3	2	1	2	3	2	2	
0	3	2	3	2	1	2	2	3	3	3	2	2	3	1	3	2	3	3	2	2	3	2	0	3	4	3	3	3	2	2	2	3	2	2	3	2	3	3	3	3	3	3	2	3	3	3	3	3	3	1	
0	3	1	3	3	1	3	2	2	2	3	2	1	1	2	2	2	2	3	2	3	2	2	1	0	3	2	2	3	2	3	2	1	1	2	2	2	3	2	3	3	3	3	2	3	2	3	3	2	2	2	
0	3	3	3	1	3	3	3	3	3	2	2	3	1	2	3	2	2	3	3	3	2	3	3	3	0	3	2	3	2	2	3	3	3	4	3	3	2	4	2	3	2	3	3	3	2	3	2	4	3	2	
0	2	2	3	2	3	3	3	2	2	3	3	3	2	1	3	3	2	3	2	2	2	3	2	3	2	0	2	1	3	2	3	3	1	3	1	2	2	2	3	2	3	3	3	1	3	2	3	2	2	3	
0	2	2	3	3	1	2	2	3	3	3	2	2	3	2	3	3	1	3	2	3	3	2	2	3	2	2	0	3	2	3	2	2	3	2	2	3	3	2	2	3	2	3	2	1	2	1	3	2	2	2	
0	3	3	2	3	3	3	2	3	3	2	3	3	3	2	3	3	1	3	2	3	2	3	3	3	2	2	2	0	2	1	3	2	3	3	3	3	2	1	2	3	2	4	3	2	3	2	2	2	2	3	
0	2	1	3	3	2	3	2	2	1	2	3	3	2	2	2	2	2	2	3	3	2	3	2	2	3	2	2	3	0	2	3	2	3	3	2	1	3	4	3	3	1	3	3	3	2	3	1	2	3	2	
0	2	2	1	2	2	3	3	3	3	2	3	3	2	1	3	3	2	2	3	2	2	2	2	2	3	2	1	1	3	0	3	3	3	3	2	2	3	2	1	3	2	3	3	2	3	2	1	3	3	3	
0	3	3	2	2	3	2	1	3	3	1	2	3	3	2	1	2	1	2	2	3	2	3	2	2	3	2	3	2	2	3	0	2	3	3	3	2	2	3	3	2	2	3	3	3	3	3	2	4	2	3	
0	3	2	2	3	2	2	3	3	2	2	1	2	2	2	2	1	2	3	1	3	3	2	2	1	3	2	3	2	2	3	3	0	2	3	1	2	2	3	3	2	3	3	2	2	3	2	2	3	1	2	
0	3	3	4	3	2	2	3	1	3	3	2	3	1	2	4	2	3	3	3	3	2	2	3	3	4	3	2	2	3	3	3	3	0	3	2	3	3	3	2	3	4	4	3	3	4	3	4	3	3	3	
0	1	3	3	3	2	2	3	2	3	2	2	2	3	2	2	2	3	3	3	1	4	2	3	2	4	3	3	3	3	3	3	3	2	0	3	3	2	3	3	3	3	3	2	3	3	2	3	1	2	2	
0	3	3	4	3	3	2	3	3	3	2	3	2	3	2	3	4	3	3	2	3	2	3	3	4	3	1	2	2	2	3	2	3	2	4	0	3	3	2	4	3	3	4	3	2	2	1	3	3	3	2	
0	1	3	2	3	2	2	3	3	3	3	2	3	3	2	3	4	2	3	3	3	3	2	3	2	3	3	1	2	3	1	3	3	2	3	3	0	3	3	2	4	3	4	3	2	3	2	2	3	3	3	
0	2	3	1	3	3	3	1	3	3	2	3	3	2	2	3	3	2	2	3	3	2	3	2	2	4	2	2	3	3	2	3	2	2	3	1	1	0	2	1	1	2	3	3	3	2	2	3	3	3	3	
0	2	2	3	3	3	3	2	2	3	1	2	3	2	2	2	2	2	2	1	2	3	2	2	2	2	2	2	2	2	3	2	1	2	2	2	3	2	0	3	2	1	3	3	1	3	3	2	1	2	3	
0	1	3	2	4	2	3	3	3	3	3	2	3	3	3	3	2	3	1	3	3	4	3	3	2	3	3	2	4	3	3	3	2	2	2	3	2	2	3	0	2	3	2	3	2	3	2	4	3	3	3	
0	3	3	3	3	2	2	3	3	2	1	2	3	1	2	3	2	3	1	2	3	3	3	1	2	4	2	3	2	2	3	2	1	2	2	2	2	2	2	3	0	3	2	2	3	1	2	2	3	2	2	
0	3	1	2	2	2	2	1	1	2	3	2	2	1	2	1	2	1	3	2	3	2	3	1	1	3	2	2	3	2	3	3	2	2	3	2	2	2	3	2	2	0	3	3	3	2	3	3	3	2	2	
0	2	2	2	4	3	3	1	3	2	3	3	3	3	3	3	3	2	2	2	3	2	3	3	2	4	3	2	3	1	2	4	3	3	3	3	1	3	3	1	2	2	0	4	3	3	3	2	3	2	3	
0	1	3	2	2	2	2	3	3	3	1	2	2	3	2	1	2	3	2	2	3	3	3	2	2	3	2	2	2	2	3	2	1	2	3	2	3	2	3	3	3	3	2	0	3	3	3	2	3	2	3	
0	1	3	3	2	2	2	3	3	2	3	2	3	2	2	2	2	2	3	1	2	3	2	1	2	1	2	1	3	3	3	3	3	2	2	3	3	2	3	2	2	3	2	3	0	3	2	3	1	1	2	
0	3	3	2	3	2	1	2	2	1	1	2	2	2	2	2	2	3	2	2	3	2	3	3	2	4	2	3	2	2	2	2	2	1	3	2	2	1	3	2	2	3	3	2	3	0	3	1	3	3	1	
0	3	2	3	3	2	1	3	3	2	2	3	1	3	3	3	3	2	3	2	3	3	2	3	3	3	2	1	3	1	2	2	2	2	3	1	2	2	1	3	2	2	4	2	2	1	0	2	2	3	1	
0	3	2	2	2	1	3	2	3	3	1	2	2	1	1	3	2	3	2	2	2	1	2	2	1	3	1	3	2	2	3	2	2	2	2	1	2	3	3	3	2	3	3	2	2	3	2	0	3	2	3	
0	2	2	2	2	3	2	2	2	2	3	3	2	3	1	3	1	2	2	3	1	3	1	2	3	3	3	3	3	2	3	3	3	3	1	2	2	1	2	2	2	3	3	2	2	3	2	3	0	3	3	
0	2	2	2	2	3	3	3	3	2	2	1	3	2	2	1	2	3	3	1	3	3	2	2	2	2	1	2	2	2	2	3	3	2	3	2	3	2	3	3	2	3	3	2	1	3	2	3	2	0	3	
0	3	3	2	3	2	1	2	2	3	2	2	1	2	2	2	3	2	2	1	3	3	2	3	3	4	3	2	2	3	1	1	3	1	3	2	2	3	2	2	2	3	3	2	3	2	3	2	2	3	0	
M1
0	0	0	0	0	0	0	0	0	0	0	0	0	0	0	0	0	0	0	0	0	0	0	0	0	0	0	0	0	0	0	0	0	0	0	0	0	0	0	0	0	0	0	0	0	0	0	0	0	0	0	
0	0	3	3	3	3	2	3	3	2	3	3	1	2	3	2	3	3	3	2	1	3	1	3	2	3	2	2	2	2	3	1	2	2	2	2	3	3	2	2	2	3	2	3	3	3	3	2	3	2	2	
0	2	0	1	3	3	4	2	2	1	3	2	2	1	1	2	2	3	1	3	2	2	3	2	2	3	3	2	2	2	3	3	3	2	2	2	2	3	2	3	3	2	3	3	2	2	3	3	3	2	3	
0	2	2	0	2	2	3	2	2	3	2	3	3	3	2	2	2	2	3	2	3	2	3	2	1	2	2	1	1	1	3	3	2	3	1	3	2	2	2	3	3	1	3	2	3	2	2	3	2	1	2	
0	3	2	2	0	3	1	3	2	2	3	1	3	2	2	2	2	3	2	2	2	2	1	3	3	2	3	2	3	3	2	3	2	2	3	2	2	1	3	3	1	1	2	2	2	2	1	1	1	3	1	
0	2	3	1	2	0	3	2	3	2	2	2	2	3	3	3	2	3	1	2	3	2	3	2	2	2	2	1	2	2	1	2	3	3	2	2	1	3	2	3	2	2	3	3	3	2	2	3	3	2	2	
0	2	1	2	1	3	0	2	3	2	2	2	2	2	2	3	2	3	1	3	3	2	2	3	2	3	2	2	3	2	3	3	2	3	3	2	2	2	3	4	2	2	1	3	3	2	2	2	2	3	2	
0	2	1	2	3	2	4	0	3	2	1	2	3	2	1	2	3	1	2	3	2	2	3	3	3	2	2	3	2	3	2	3	2	3	3	3	3	3	3	3	3	2	2	3	3	3	2	3	4	2	2	
0	2	3	2	1	2	2	2	0	2	1	2	2	3	3	2	2	3	2	2	3	1	2	3	1	2	3	3	3	2	3	3	2	1	2	3	3	2	2	1	2	2	3	2	2	3	2	2	2	3	2	
0	3	1	2	3	2	3	2	2	0	3	3	2	1	2	1	2	3	2	2	1	2	2	1	2	3	3	3	3	2	2	4	2	3	2	2	3	3	1	3	3	2	2	2	2	3	3	3	3	1	3	
0	1	2	1	3	1	3	3	2	3	0	3	2	3	2	3	3	3	2	3	2	2	2	3	2	1	3	2	2	2	2	2	2	3	2	3	2	3	2	2	2	2	2	2	4	3	2	3	3	2	2	
0	3	3	2	3	3	3	2	3	3	3	0	2	2	3	1	2	3	3	2	1	1	2	3	2	2	3	3	2	2	2	3	1	2	2	3	2	2	3	3	1	2	2	3	1	2	2	2	2	3	1	
0	3	2	2	3	2	3	2	2	3	2	3	0	3	2	1	2	2	3	3	3	2	2	3	3	2	1	1	1	2	2	3	2	2	2	3	2	3	1	3	3	2	3	2	2	3	2	1	3	3	2	
0	2	2	3	2	3	3	1	1	3	2	3	2	0	2	2	3	2	3	3	3	1	2	3	2	3	3	3	3	3	3	3	3	2	3	3	3	2	3	2	2	3	2	2	1	4	3	3	2	3	3	
0	4	4	3	2	2	3	3	3	4	3	1	3	3	0	2	3	3	3	2	2	2	3	2	3	3	2	3	3	3	3	3	2	3	3	4	2	3	3	3	2	1	3	3	2	2	3	3	3	1	2	
0	3	3	3	3	3	2	2	3	2	3	3	1	3	3	0	3	2	2	3	3	2	1	3	2	2	2	2	2	2	3	4	1	2	3	2	3	2	2	3	4	3	2	3	1	2	2	2	3	3	2	
0	2	2	2	3	3	3	2	2	1	2	2	3	2	2	2	0	3	3	1	2	2	2	2	1	2	2	1	3	2	2	3	2	3	1	1	2	2	2	3	3	2	3	2	2	3	2	3	2	2	2	
0	2	2	2	3	2	3	2	3	1	3	2	2	2	2	1	2	0	1	2	1	1	2	2	2	2	1	3	1	2	1	3	1	2	2	2	2	2	2	3	3	2	1	3	2	2	2	2	3	2	1	
0	1	3	3	3	3	3	2	2	2	2	1	1	3	3	2	1	2	0	2	2	1	2	3	1	2	2	2	2	3	2	2	2	2	2	1	1	2	2	3	2	3	3	2	2	1	2	2	2	3	2	
0	2	2	1	2	3	3	2	2	2	2	1	3	3	2	2	1	3	3	0	2	2	2	2	2	1	2	2	2	2	3	3	1	2	2	2	2	2	3	2	2	1	3	1	2	3	2	2	3	2	2	
0	2	3	2	3	4	3	2	2	3	3	2	2	1	2	3	2	3	3	1	0	2	2	2	1	2	3	3	3	1	2	3	2	3	1	3	3	2	2	3	3	2	1	2	2	2	3	3	2	3	3	
0	2	3	3	3	3	2	2	2	2	3	3	3	3	3	2	2	3	2	2	3	0	1	2	3	3	3	3	3	3	3	3	3	1	3	2	3	1	2	3	4	2	3	3	3	3	2	4	4	2	4	
0	3	2	3	2	3	1	3	2	1	2	3	3	2	3	2	3	4	2	3	2	3	0	2	3	2	3	3	3	3	2	4	2	2	3	1	3	3	2	3	3	3	2	2	2	3	3	3	3	2	3	
0	2	3	2	2	3	3	3	3	2	4	3	3	2	3	3	2	3	4	2	1	2	3	0	2	3	4	3	2	2	1	3	2	3	2	3	4	2	2	4	3	3	1	2	2	3	2	3	3	3	2	
0	1	2	2	2	3	3	1	1	3	2	3	2	2	2	2	3	2	3	3	2	2	2	2	0	1	3	3	3	2	3	2	2	2	2	3	3	1	1	2	3	2	3	1	3	3	2	3	1	3	2	
0	2	3	2	2	2	2	2	1	2	1	2	2	3	1	2	3	2	2	2	2	2	1	2	2	0	3	3	2	2	2	2	1	2	1	2	3	2	2	1	2	2	3	1	3	2	1	2	2	2	1	
0	2	2	3	3	2	3	3	2	2	2	3	3	3	2	3	2	2	3	3	3	3	3	2	2	2	0	3	1	2	1	2	3	2	1	3	1	3	2	2	2	2	3	3	3	2	2	3	2	3	2	
0	2	3	2	2	2	3	3	3	2	1	3	3	3	2	3	3	2	3	3	2	1	2	3	3	2	3	0	3	3	2	3	3	2	3	3	3	2	3	3	3	2	3	3	4	2	1	3	3	3	1	
0	3	1	2	3	1	4	3	3	2	3	2	3	2	1	2	1	1	2	2	2	2	3	3	2	3	2	2	0	3	2	3	2	3	2	2	2	3	3	4	3	2	2	3	3	3	3	3	3	2	2	
0	2	2	3	3	3	3	1	2	3	2	3	3	3	2	3	2	2	3	3	3	3	2	3	1	2	3	3	3	0	2	2	3	2	2	3	3	2	1	2	3	2	3	2	4	1	3	4	2	3	3	
0	2	2	2	3	3	2	2	2	1	3	3	3	2	2	2	3	3	3	3	2	3	3	2	1	2	4	3	3	2	0	3	3	3	1	3	3	2	1	3	4	2	3	2	2	2	3	4	2	2	1	
0	3	3	3	3	3	4	2	3	3	3	4	3	3	3	2	3	3	3	4	3	3	3	3	3	2	1	4	2	2	2	0	1	3	2	2	2	2	2	3	3	3	4	3	3	3	2	2	3	3	2	
0	3	2	2	2	2	3	1	2	2	2	3	2	3	2	1	2	2	3	3	2	3	2	3	2	1	3	3	1	1	2	3	0	2	2	3	3	1	2	2	3	2	3	2	2	2	1	1	3	2	1	
0	3	3	3	2	3	3	2	1	2	2	3	3	3	2	3	3	3	3	3	3	2	3	3	2	3	4	4	2	2	2	4	3	0	3	2	3	3	1	2	3	2	3	2	3	3	1	3	3	2	3	
0	3	2	2	3	3	4	2	2	3	3	2	3	2	1	2	3	3	2	3	2	3	3	1	2	2	3	3	3	1	2	3	3	3	0	3	3	3	1	2	3	2	2	3	3	2	3	4	1	2	3	
0	2	3	3	2	3	2	3	1	2	2	3	2	3	2	2	3	3	3	2	3	2	2	3	2	1	3	3	3	3	1	3	2	2	2	0	3	3	2	2	3	2	3	2	1	3	2	3	3	3	2	
0	2	2	2	2	2	3	2	2	2	1	3	3	3	2	3	2	2	3	2	3	3	2	3	3	1	2	3	1	3	2	1	2	3	2	3	0	3	3	2	1	3	3	2	4	3	1	2	2	3	2	
0	3	4	3	3	3	3	3	3	3	2	3	2	4	2	1	3	3	3	2	4	3	2	3	3	3	2	3	3	3	3	3	2	3	2	2	2	0	3	4	3	1	3	2	2	3	3	3	3	3	3	
0	2	2	3	3	3	4	1	2	3	2	3	3	3	2	2	3	2	3	2	3	3	3	3	2	3	3	4	2	1	3	3	3	3	2	4	2	3	0	2	3	1	2	3	3	2	3	4	3	3	3	
0	2	2	2	3	3	2	3	3	2	3	2	1	3	2	2	2	3	1	1	2	1	1	2	2	2	2	2	2	2	3	3	2	2	1	2	2	2	2	0	3	2	3	2	2	2	3	2	2	3	3	
0	3	2	2	3	2	3	3	2	2	2	2	4	2	3	3	1	3	3	1	3	3	3	3	2	2	3	2	2	3	1	2	2	2	2	2	1	3	2	3	0	2	3	2	3	3	2	1	1	3	2	
0	3	3	2	3	2	3	3	2	3	2	2	2	4	3	1	2	3	3	1	3	3	2	3	2	2	2	3	2	3	3	2	2	2	3	3	1	3	2	3	2	0	3	2	2	3	2	3	3	3	3	
0	3	3	1	3	3	3	2	3	3	3	4	3	3	3	2	2	3	3	3	3	1	2	3	2	2	3	2	2	1	3	3	1	2	2	2	3	1	2	3	4	2	0	3	2	2	2	2	3	2	2	
0	3	3	3	1	2	2	3	1	2	2	2	3	3	3	2	3	2	3	2	2	2	2	1	2	3	2	3	3	3	2	2	3	2	3	3	2	2	3	2	2	1	2	0	3	3	2	2	2	3	2	
0	3	3	3	3	3	2	3	2	2	3	3	1	3	3	1	2	3	3	2	3	1	2	3	3	3	2	2	2	3	2	4	2	1	3	2	3	2	2	3	4	3	3	2	0	3	2	2	4	3	3	
0	3	3	3	2	3	2	2	3	2	3	3	3	2	3	2	1	1	2	2	2	2	3	3	2	3	2	2	2	3	1	3	2	2	2	2	3	1	2	2	3	2	2	3	3	0	3	3	3	3	2	
0	3	2	3	1	3	2	3	3	1	3	2	3	2	1	2	2	3	3	3	2	3	2	2	2	2	3	3	4	3	1	4	3	3	2	3	3	2	2	3	2	2	2	3	3	2	0	2	2	2	2	
0	4	3	3	2	3	3	2	2	2	3	3	3	3	2	2	3	3	4	2	3	3	3	2	3	2	3	4	2	2	2	3	1	1	3	3	3	2	2	3	3	2	3	1	3	3	1	0	2	3	2	
0	2	3	1	2	3	3	2	1	2	2	2	3	1	2	3	3	3	3	3	2	2	2	3	2	1	2	2	2	2	3	3	2	2	2	2	3	3	3	2	3	2	2	2	2	2	2	3	0	2	2	
0	3	3	2	3	1	4	2	3	3	3	2	3	3	1	2	3	3	2	2	2	3	3	1	3	2	3	2	2	2	2	3	1	3	3	3	2	2	3	2	3	1	2	3	3	3	2	2	4	0	2	
0	3	3	1	3	2	3	3	3	3	3	3	3	2	2	2	2	2	3	2	1	3	3	3	2	3	3	2	2	2	2	3	2	2	2	3	2	1	3	3	3	1	2	2	3	1	3	3	3	2	0	
M2
0	0	0	0	0	0	0	0	0	0	0	0	0	0	0	0	0	0	0	0	0	0	0	0	0	0	0	0	0	0	0	0	0	0	0	0	0	0	0	0	0	0	0	0	0	0	0	0	0	0	0	
0	0	3	3	2	3	2	3	2	1	2	3	3	2	2	3	2	2	3	2	2	2	3	3	3	3	3	2	2	3	2	3	2	2	2	1	2	3	1	2	3	3	3	2	3	2	1	2	3	2	1	
0	1	0	2	2	3	3	3	3	2	2	3	2	2	2	3	2	2	2	1	3	2	2	2	2	1	1	2	1	1	2	3	2	2	3	2	1	2	2	3	3	3	2	3	3	2	1	3	3	2	2	
0	3	2	0	2	2	2	2	3	2	2	2	2	1	2	2	1	2	1	2	2	2	2	1	2	2	1	2	2	2	2	2	3	2	1	2	2	2	2	2	2	1	1	2	2	3	2	3	2	3	2	
0	3	3	2	0	3	3	1	4	3	2	2	1	3	3	3	2	2	1	2	2	2	3	2	3	3	3	2	3	2	3	2	2	3	2	2	1	2	3	2	3	1	2	3	2	2	2	2	1	3	3	
0	2	3	3	3	0	3	4	2	3	2	2	3	3	2	3	3	2	2	2	2	2	3	2	2	2	3	3	1	3	2	1	3	2	3	3	3	1	1	2	2	2	3	3	1	3	2	3	3	3	2	
0	2	3	3	3	2	0	3	3	2	1	3	2	2	2	3	3	3	3	3	3	2	3	1	2	1	3	4	2	3	2	3	2	2	2	2	2	2	2	2	1	3	3	3	1	3	3	3	2	2	3	
0	3	3	2	2	2	3	0	4	3	3	2	3	3	3	3	2	1	2	3	2	3	3	3	3	2	3	3	2	2	3	2	1	3	2	3	3	1	3	3	2	3	3	3	2	3	2	3	2	3	2	
0	2	3	1	3	2	3	2	0	3	3	3	3	2	3	3	2	2	2	2	3	2	2	2	3	3	2	2	3	1	2	2	1	2	2	1	2	2	2	2	2	2	1	3	2	2	3	2	1	2	3	
0	3	2	3	3	3	2	2	2	0	3	4	3	1	3	4	3	2	3	2	2	2	3	3	3	2	2	3	2	2	3	2	2	1	1	3	2	3	3	2	2	3	2	2	2	3	3	3	2	3	2	
0	2	3	3	3	3	2	2	3	3	0	2	2	3	3	2	3	2	2	3	2	2	3	3	3	3	3	3	3	2	1	2	2	3	3	2	3	1	3	3	2	3	3	3	2	2	2	2	1	1	2	
0	2	1	3	2	3	1	2	4	3	1	0	2	3	2	3	3	1	3	2	2	2	3	2	2	1	2	3	2	2	2	3	3	3	2	2	2	2	3	2	2	3	3	3	2	2	2	2	1	2	3	
0	3	2	1	3	3	2	2	3	3	1	2	0	2	2	3	2	3	2	2	3	3	3	2	3	3	2	3	3	3	2	3	2	3	2	3	3	2	2	3	3	2	1	3	3	3	3	3	2	2	3	
0	3	3	2	2	2	1	3	3	2	2	3	2	0	2	3	3	2	3	2	2	1	2	2	2	1	3	2	2	1	2	2	2	2	3	2	1	2	2	2	1	3	3	2	2	2	2	2	3	2	1	
0	2	3	2	2	2	2	2	2	3	3	2	2	3	0	1	2	3	3	2	2	2	3	2	2	3	2	2	2	2	1	3	1	1	2	3	1	2	2	2	2	3	1	2	2	2	2	3	3	3	1	
0	1	2	1	2	2	2	3	3	2	2	1	3	2	3	0	2	2	2	2	2	2	2	2	1	2	2	3	3	3	3	3	3	3	2	2	3	3	2	3	3	2	2	2	3	3	2	3	2	3	2	
0	2	3	2	3	2	3	3	2	1	3	2	2	2	1	1	0	2	2	3	2	3	3	1	2	3	3	3	3	3	1	2	2	2	2	3	2	1	3	2	2	3	2	3	3	3	2	3	3	3	2	
0	3	4	3	1	3	4	2	3	3	3	3	2	4	2	2	2	0	2	2	3	3	3	3	3	3	3	3	3	3	2	3	2	2	3	3	2	3	3	3	3	2	3	3	2	3	1	3	2	4	3	
0	2	2	2	3	3	2	2	3	2	2	1	2	3	2	2	1	2	0	2	3	2	3	2	2	2	2	1	2	2	2	1	3	3	1	1	2	2	2	2	3	2	1	2	2	2	3	2	1	2	3	
0	2	3	3	1	2	3	2	2	2	2	3	2	2	2	3	2	2	2	0	2	3	3	3	2	3	1	2	3	2	3	3	1	2	2	2	2	3	1	3	2	2	2	3	2	2	3	2	2	3	2	
0	2	2	3	1	3	2	2	2	2	2	3	2	1	2	3	2	2	2	3	0	2	2	2	2	2	3	3	1	2	2	1	2	2	3	2	2	3	1	1	2	2	3	3	2	3	3	3	2	1	2	
0	2	3	1	2	2	3	2	3	2	3	3	3	2	3	3	2	1	2	3	2	0	2	2	2	2	2	3	1	2	2	1	2	2	2	2	2	3	2	1	3	2	2	1	3	3	2	1	2	3	3	
0	3	3	2	3	3	1	2	2	1	2	3	1	2	3	3	3	2	3	3	3	2	0	2	3	2	3	3	3	2	3	2	3	2	2	3	3	3	3	3	2	3	2	3	2	2	3	2	1	3	3	
0	3	2	3	3	1	2	3	3	1	3	3	2	2	3	2	2	3	3	3	2	3	2	0	3	3	3	3	2	2	1	2	2	2	2	2	2	2	2	1	1	2	3	3	2	3	3	3	3	2	3	
0	1	1	3	1	1	2	2	3	2	3	3	2	3	3	3	3	2	2	1	2	3	2	3	0	2	2	2	2	2	2	2	2	2	1	2	2	2	2	2	3	1	1	1	2	3	2	3	2	3	1	
0	2	2	2	2	2	2	3	3	3	3	2	3	2	1	2	3	2	2	2	2	1	3	2	1	0	3	3	2	3	2	2	2	2	2	1	1	1	3	2	2	2	2	2	2	2	2	2	3	1	2	
0	2	2	2	2	2	2	2	2	1	1	3	1	1	3	3	3	1	2	2	2	2	3	3	1	2	0	1	2	2	2	3	2	1	2	1	2	2	2	2	2	2	1	2	2	2	2	2	2	2	1	
0	3	3	1	2	3	3	1	3	2	2	2	1	2	3	2	2	1	1	2	2	2	2	2	2	3	1	0	3	1	2	2	2	2	2	2	1	2	3	2	3	2	2	3	2	1	2	2	1	3	2	
0	2	3	3	3	3	3	3	2	3	3	2	3	3	3	3	2	3	1	3	2	2	4	3	3	3	2	2	0	3	3	2	2	1	2	2	3	3	3	3	4	3	2	2	2	3	3	3	2	3	3	
0	3	2	2	2	2	2	2	2	2	3	3	2	3	3	2	3	2	2	1	2	2	1	3	3	3	2	1	3	0	1	3	2	1	3	3	2	3	2	2	3	3	3	2	2	2	3	3	2	3	3	
0	2	3	2	2	2	3	3	3	3	2	2	1	2	2	1	2	3	3	2	1	3	3	3	2	3	3	3	2	2	0	2	1	3	2	2	3	3	2	2	3	3	2	3	3	3	3	2	3	2	3	
0	1	2	2	2	2	3	3	3	2	3	3	3	3	2	3	3	2	2	2	2	1	2	1	1	1	3	3	1	2	2	0	3	2	2	2	2	2	2	2	2	1	2	2	3	2	2	2	3	2	2	
0	3	2	3	3	1	3	2	3	2	2	2	3	3	2	2	1	2	3	2	3	3	2	2	3	2	2	2	2	1	2	2	0	2	1	3	3	2	2	3	3	3	3	2	2	3	3	4	3	2	3	
0	3	3	2	2	2	2	3	1	2	2	3	2	2	3	3	2	2	3	3	1	1	3	3	2	3	1	2	2	2	3	2	1	0	2	2	3	2	2	2	3	3	2	1	1	3	3	2	2	2	2	
0	2	1	3	2	2	3	1	3	2	3	3	3	3	2	3	3	1	2	1	3	2	3	3	2	1	2	3	1	2	3	3	2	2	0	2	2	2	2	2	3	3	3	1	1	3	2	3	2	2	3	
0	2	4	2	3	2	3	3	3	2	3	3	3	3	3	3	3	2	2	3	2	3	2	2	3	3	2	3	3	2	2	2	2	3	3	0	1	3	2	1	3	2	2	3	2	1	2	1	2	1	3	
0	3	3	1	2	2	3	3	3	2	3	2	3	2	3	2	2	2	2	3	2	3	3	1	3	3	2	2	3	2	2	3	2	3	2	3	0	3	2	2	2	2	2	3	3	1	3	3	2	3	3	
0	2	2	3	2	2	2	3	3	2	2	1	2	2	3	3	2	1	1	2	1	2	2	2	2	2	2	2	2	3	2	1	2	2	2	2	3	0	2	2	1	2	2	2	2	3	1	3	2	2	1	
0	3	3	2	2	3	3	3	1	3	1	2	3	2	1	2	3	3	3	3	1	3	3	3	3	3	2	3	2	2	2	2	2	2	2	2	2	2	0	2	3	3	2	3	3	3	3	3	2	2	2	
0	3	3	2	2	2	2	2	3	1	3	3	2	2	3	2	2	3	3	2	2	3	1	2	3	3	2	2	3	1	2	3	1	2	2	1	1	3	3	0	3	1	3	2	3	2	2	2	2	2	3	
0	2	3	2	3	1	2	2	2	1	2	3	1	1	2	2	2	2	3	3	2	2	3	3	3	2	2	3	2	2	1	2	1	1	2	3	2	2	1	3	0	3	2	2	1	2	3	2	2	1	2	
0	2	3	2	1	3	3	2	3	3	3	3	2	2	2	3	2	3	2	1	1	3	3	2	3	2	2	3	2	2	2	2	2	3	3	3	1	3	2	2	2	0	3	3	3	2	1	3	2	2	3	
0	2	3	3	2	3	3	1	2	3	2	2	3	3	2	3	3	2	2	1	2	3	3	3	3	3	2	2	3	3	3	2	2	3	3	3	3	1	1	3	2	3	0	3	3	3	2	3	3	3	2	
0	2	2	3	2	3	4	2	4	3	4	4	3	4	3	3	3	1	3	3	3	2	3	4	4	3	3	3	2	2	3	3	3	3	4	3	3	3	3	3	3	3	2	0	2	2	2	2	1	2	3	
0	3	3	3	3	1	3	3	3	3	3	2	2	3	3	3	2	2	2	3	2	2	2	3	3	3	2	3	1	3	3	2	3	2	3	3	2	1	2	3	2	3	3	3	0	3	2	3	2	3	2	
0	3	3	3	2	3	3	2	3	3	3	2	2	2	3	3	3	1	3	3	1	2	3	3	3	3	4	3	2	2	3	2	3	3	4	3	3	3	2	2	3	3	3	3	2	0	2	2	1	2	3	
0	3	4	3	1	3	4	2	3	2	3	3	2	3	2	2	1	3	2	1	2	3	3	2	3	2	2	3	3	3	1	3	2	3	3	3	2	2	2	2	2	2	3	4	3	2	0	3	2	3	3	
0	2	3	1	2	1	3	2	2	3	2	2	2	2	2	2	2	2	1	3	1	2	2	2	2	2	2	2	2	2	1	1	2	3	2	2	1	2	1	2	3	2	2	3	2	2	3	0	1	2	3	
0	3	3	2	2	2	3	1	3	3	3	3	3	3	2	2	3	1	2	2	2	1	2	3	3	3	3	2	2	1	2	2	2	2	3	3	2	2	2	2	3	2	3	2	1	1	2	1	0	3	3	
0	1	3	3	2	2	2	2	2	2	3	3	3	2	3	3	2	1	3	3	1	3	3	2	3	3	3	3	2	2	3	2	1	3	2	2	3	2	2	2	2	3	3	3	1	3	2	3	3	0	2	
0	3	3	2	1	2	3	2	3	2	3	3	2	2	3	2	2	2	2	2	1	2	2	3	3	2	2	1	1	2	1	2	1	2	2	2	2	2	2	1	2	2	2	2	3	2	1	2	2	2	0	
M3
0	0	0	0	0	0	0	0	0	0	0	0	0	0	0	0	0	0	0	0	0	0	0	0	0	0	0	0	0	0	0	0	0	0	0	0	0	0	0	0	0	0	0	0	0	0	0	0	0	0	0	
0	0	3	3	3	3	3	4	3	3	3	3	3	3	3	4	2	1	2	3	4	4	2	2	2	3	2	3	3	4	5	3	4	3	4	2	3	3	3	2	3	3	3	2	3	3	2	3	3	3	3	
0	2	0	3	2	3	1	3	3	2	3	3	3	3	3	3	2	2	1	3	3	2	2	2	3	2	1	3	2	2	2	2	3	2	3	2	1	2	3	3	2	1	3	2	3	3	2	3	3	2	3	
0	3	4	0	2	2	2	3	3	3	3	3	3	4	2	4	2	2	3	2	3	2	4	3	3	2	3	3	3	1	3	1	3	2	2	3	3	3	3	3	2	3	2	3	2	2	3	3	3	2	1	
0	1	2	3	0	2	3	3	3	3	3	3	3	2	3	3	3	2	3	3	3	4	3	2	3	3	1	1	2	3	4	2	1	3	3	2	3	3	3	3	2	2	2	2	3	3	2	3	3	3	3	
0	3	2	2	2	0	1	2	1	2	3	2	3	3	2	4	2	2	2	2	2	2	2	3	2	2	3	3	1	3	2	1	2	2	2	1	2	1	3	2	2	2	3	3	2	2	2	2	1	2	1	
0	2	3	2	2	2	0	2	3	2	2	2	3	3	2	3	1	2	1	2	2	1	2	2	2	2	2	2	1	2	3	1	2	1	2	1	2	2	2	2	2	2	3	3	2	2	2	2	3	1	2	
0	2	2	2	4	2	2	0	3	1	3	3	2	1	3	2	3	3	3	3	2	1	3	2	3	3	3	2	3	2	4	3	2	3	3	3	2	2	3	4	3	2	2	3	4	2	2	3	3	1	3	
0	3	3	2	3	3	2	3	0	3	3	2	4	3	2	3	2	3	1	2	3	2	1	3	2	2	2	2	3	3	4	3	2	2	3	2	1	2	3	1	2	2	3	2	2	2	3	3	2	1	2	
0	1	2	3	3	1	1	2	2	0	2	2	1	1	2	2	2	2	2	2	1	2	2	1	3	2	2	2	2	1	3	2	2	2	3	2	2	2	3	3	2	3	1	2	3	2	2	2	2	2	2	
0	2	2	2	1	3	2	4	2	2	0	2	3	3	2	4	2	3	2	3	3	3	1	2	2	3	2	2	3	2	2	3	2	3	3	1	2	3	1	2	2	1	3	2	2	2	3	1	2	2	2	
0	3	2	1	3	3	2	3	2	3	3	0	3	1	3	2	3	3	3	3	2	3	3	2	2	3	3	2	3	2	4	2	2	3	1	3	2	3	1	3	2	3	3	2	3	2	2	4	3	1	2	
0	3	2	2	2	1	2	2	2	3	1	1	0	2	3	3	2	3	3	2	1	2	2	1	3	1	1	3	2	2	3	2	3	3	2	2	1	2	2	2	2	2	3	2	3	3	2	2	2	2	2	
0	2	1	3	3	3	1	2	3	2	3	2	3	0	3	1	2	2	2	2	1	2	3	3	3	3	2	2	2	3	3	2	1	2	2	2	2	2	2	3	2	2	3	2	3	1	1	3	3	2	2	
0	3	2	3	2	1	1	2	2	3	1	2	4	2	0	2	2	2	2	2	1	2	2	1	1	2	3	2	2	2	3	2	2	2	1	2	1	2	2	2	3	2	2	1	2	2	3	2	2	2	2	
0	1	2	2	3	3	2	2	3	3	3	3	2	2	3	0	3	1	2	2	3	3	3	2	2	3	2	2	3	3	3	2	3	3	3	3	3	3	3	2	2	3	3	3	3	2	2	3	3	1	3	
0	3	3	2	2	1	2	3	2	3	2	2	4	2	3	3	0	2	3	3	2	2	2	2	1	1	2	2	2	2	3	2	3	1	3	2	3	2	1	3	2	2	3	3	2	2	2	2	2	1	2	
0	3	2	2	2	2	2	3	2	2	2	2	3	2	3	3	2	0	1	2	3	3	2	1	1	2	1	2	2	3	4	2	3	2	3	2	2	2	2	1	2	3	3	2	3	2	1	3	2	2	2	
0	3	2	2	3	3	3	2	2	2	2	3	3	3	2	3	2	3	0	3	2	3	1	2	2	1	2	3	3	2	3	2	2	1	2	2	1	1	3	2	1	2	3	3	2	2	3	3	2	2	2	
0	2	2	3	2	1	2	2	1	2	2	2	3	2	3	3	1	2	2	0	1	2	2	3	1	2	3	2	2	2	3	2	3	2	3	2	2	2	2	2	3	1	2	1	2	2	2	3	2	2	2	
0	3	2	2	2	3	2	1	3	2	2	1	3	2	3	3	2	3	2	2	0	2	3	3	3	2	3	3	3	3	3	3	2	3	2	2	3	1	2	2	2	3	2	1	2	2	3	2	3	2	1	
0	2	2	1	3	2	2	2	3	1	3	3	2	2	3	3	3	2	3	3	2	0	2	2	3	2	3	2	3	2	3	2	1	3	3	2	1	1	4	3	3	1	2	3	3	3	3	2	3	3	2	
0	2	2	1	2	2	2	3	1	2	2	2	3	2	1	3	1	3	2	2	2	3	0	2	1	2	1	2	2	2	3	2	3	2	2	1	2	3	2	2	2	1	3	2	3	1	2	2	1	1	2	
0	3	1	2	2	1	2	3	1	3	3	3	3	3	2	3	2	3	2	1	2	3	1	0	2	2	2	3	1	3	3	2	2	2	2	2	1	2	3	2	2	2	3	2	3	2	2	2	1	2	1	
0	2	2	3	1	2	2	3	3	3	1	3	3	1	2	2	1	2	3	2	2	3	2	3	0	2	2	1	2	3	3	3	2	2	2	2	2	3	2	3	2	2	3	3	3	1	2	2	3	2	1	
0	4	4	3	3	2	3	3	3	3	3	3	4	3	4	4	1	3	3	4	2	2	3	3	2	0	3	3	3	1	4	3	3	2	4	3	3	3	2	4	2	3	2	3	2	3	3	3	3	2	2	
0	2	2	2	1	2	2	3	2	2	2	2	2	2	2	3	3	3	2	2	3	3	2	1	2	2	0	2	1	3	4	3	2	3	3	1	2	3	2	2	1	2	2	1	2	3	1	2	2	2	2	
0	4	3	3	3	1	2	3	2	3	3	3	4	4	3	3	2	3	3	2	3	3	2	4	3	3	3	0	2	4	3	2	3	3	3	2	3	2	3	3	3	3	4	3	2	3	3	2	2	3	2	
0	2	2	3	3	2	2	3	2	2	2	2	3	3	1	3	3	3	3	2	2	3	3	2	2	2	3	2	0	2	4	3	2	3	2	3	2	3	2	3	1	1	3	2	2	2	1	1	2	1	2	
0	3	3	2	2	3	3	2	3	2	2	3	3	3	3	3	2	3	3	3	2	1	3	2	2	1	2	2	3	0	4	3	2	1	3	2	2	2	3	3	1	2	1	3	2	2	3	2	2	3	1	
0	2	2	3	3	2	2	2	1	1	3	2	2	1	3	2	3	1	2	3	2	3	2	2	2	3	2	3	2	2	0	3	2	2	3	3	2	3	3	2	3	3	2	3	3	2	2	2	2	2	3	
0	2	3	1	1	2	1	3	2	3	2	2	4	3	1	3	1	1	2	1	2	2	3	2	2	2	2	2	2	2	2	0	2	2	1	2	2	2	2	2	2	2	2	2	1	3	2	3	2	2	2	
0	3	1	3	3	2	2	3	3	2	3	3	2	3	3	4	3	1	2	3	3	3	3	2	2	3	2	1	2	3	3	3	0	3	4	3	2	2	3	2	3	2	3	2	2	3	2	3	3	3	3	
0	3	2	2	2	2	3	2	2	3	1	2	3	3	3	2	1	3	3	2	1	2	2	1	2	2	1	3	2	1	3	2	2	0	2	2	2	2	2	3	2	2	2	2	1	1	2	2	2	2	1	
0	3	3	3	2	3	3	3	2	3	2	2	4	2	3	3	2	3	3	2	3	2	3	3	1	2	3	2	3	1	4	2	3	2	0	3	2	2	3	2	2	3	2	1	2	2	3	3	3	1	2	
0	3	3	2	3	3	1	3	3	2	2	1	3	2	3	3	2	3	2	3	3	2	3	3	3	3	3	3	2	3	4	2	2	2	2	0	3	3	2	1	2	3	3	2	2	2	3	1	3	2	3	
0	3	3	2	3	3	2	4	2	3	3	3	4	3	2	2	2	3	2	3	3	3	1	3	2	1	2	3	3	2	4	3	2	3	3	2	0	3	3	3	3	2	3	3	2	2	3	3	2	2	3	
0	2	1	3	3	2	2	1	2	1	3	2	2	2	3	3	3	2	2	2	2	2	3	2	3	3	2	2	3	2	2	3	1	3	3	1	2	0	3	2	2	2	2	3	3	3	3	2	3	2	3	
0	3	2	1	2	2	3	3	2	4	3	1	3	2	3	3	2	2	3	2	2	3	2	1	2	2	3	3	2	2	4	2	3	3	2	3	2	3	0	2	1	3	3	3	3	2	3	3	2	2	1	
0	3	3	2	3	3	3	3	3	3	3	1	3	2	3	3	2	4	4	2	2	3	3	2	3	3	4	2	2	3	5	3	3	3	2	2	3	3	2	0	3	3	3	3	3	1	3	2	3	1	3	
0	3	3	2	2	3	3	3	3	3	2	3	3	2	3	3	2	2	3	3	2	3	2	3	1	1	3	2	3	2	4	2	2	3	2	3	2	3	3	3	0	2	3	3	3	2	3	3	1	2	2	
0	1	1	3	3	2	2	3	3	1	3	2	2	2	3	3	3	2	2	3	2	2	3	2	2	2	2	3	3	1	3	2	3	2	3	3	2	3	3	3	2	0	2	3	3	3	3	3	3	3	2	
0	3	3	2	2	2	3	1	3	2	2	3	3	2	2	3	2	2	3	3	2	2	3	3	3	1	3	1	3	2	4	3	2	3	3	3	3	3	3	3	3	3	0	2	2	3	3	1	3	2	3	
0	3	2	2	2	2	2	2	2	2	1	1	3	1	2	2	2	3	3	1	2	3	2	2	2	2	2	2	2	3	3	2	2	3	2	2	3	2	2	1	3	2	1	0	1	2	2	2	3	2	3	
0	3	2	2	2	3	2	2	3	3	3	1	3	2	2	3	2	2	3	2	1	3	3	2	3	3	1	2	2	3	3	1	1	3	2	2	3	2	2	3	2	2	3	2	0	3	2	3	3	2	2	
0	2	3	3	2	2	2	2	2	3	3	2	4	3	2	3	1	3	3	1	1	3	3	2	2	2	3	2	1	2	4	3	3	2	1	3	3	2	2	3	2	2	3	2	3	0	2	2	3	1	2	
0	2	3	2	2	2	1	3	3	1	3	2	2	2	3	3	2	3	2	3	2	2	2	2	3	2	3	1	2	2	3	2	3	2	3	2	1	3	1	2	2	2	2	3	3	3	0	3	3	2	2	
0	2	2	2	2	2	2	3	2	1	1	2	2	2	3	3	3	2	3	2	2	3	2	2	3	3	2	2	3	2	3	2	1	3	3	2	3	3	2	2	3	2	2	1	1	3	3	0	3	3	3	
0	3	3	1	2	3	2	2	2	3	2	2	2	2	2	3	2	2	3	2	1	3	1	3	1	2	2	2	3	2	3	1	2	3	1	2	1	2	3	3	2	2	3	2	2	2	3	3	0	1	2	
0	3	4	3	3	2	3	4	3	4	3	3	4	3	2	2	3	3	4	3	3	3	3	3	2	3	4	1	3	4	4	2	4	4	3	2	2	3	4	3	4	4	4	3	3	3	4	3	3	0	3	
0	2	3	2	1	2	3	3	2	3	3	3	4	3	3	4	1	3	2	2	2	2	3	3	2	1	2	2	2	2	4	3	2	2	2	3	3	3	2	3	1	3	3	3	3	1	3	3	2	2	0	
Tamanho_Tarefas
0	31	10	13	9	28	19	6	11	4	9	13	12	12	31	10	13	28	19	9	40	25	32	16	10	24	15	23	18	32	22	18	17	15	13	20	23	20	19	5	23	4	18	23	9	29	21	9	17	9	21	
Data_Entrega
0	275	237	219	234	276	208	226	250	232	186	183	212	236	253	219	244	224	199	225	270	193	218	222	252	236	223	227	219	261	242	245	243	257	261	228	182	242	202	232	265	191	186	206	253	262	279	244	217	228	274	
Penalidade_Atraso
0	19	18	11	1	7	8	10	11	13	5	15	3	9	3	8	5	1	11	14	2	18	4	18	14	20	5	5	9	19	18	10	17	3	13	4	10	17	8	18	7	17	14	20	11	20	3	18	4	7	8	
Capacidade_Veiculo
63	57	69	71	53	91	70	67	65	89	74	76	85	75	91	98	53	84	
Custo_Fixo_Veiculo
630	570	690	710	530	910	700	670	650	890	740	760	850	750	910	980	530	840	
Coordenadas_Clientes
x	0	y	0
x	116	y	0
x	109	y	13
x	95	y	24
x	92	y	36
x	83	y	45
x	93	y	67
x	67	y	63
x	76	y	92
x	45	y	71
x	49	y	105
x	29	y	90
x	17	y	89
x	6	y	103
x	-6	y	104
x	-14	y	73
x	-33	y	102
x	-43	y	91
x	-62	y	98
x	-63	y	76
x	-76	y	71
x	-88	y	64
x	-85	y	46
x	-93	y	37
x	-82	y	21
x	-120	y	15
x	-104	y	0
x	-121	y	-15
x	-85	y	-21
x	-81	y	-32
x	-77	y	-42
x	-63	y	-45
x	-58	y	-54
x	-61	y	-74
x	-47	y	-74
x	-39	y	-84
x	-32	y	-100
x	-19	y	-103
x	-7	y	-111
x	7	y	-117
x	17	y	-91
x	33	y	-101
x	33	y	-71
x	54	y	-86
x	75	y	-91
x	86	y	-81
x	79	y	-57
x	76	y	-41
x	79	y	-31
x	105	y	-27
x	90	y	-11
Tempo_Viagem
0	116	109	97	98	94	114	91	119	84	115	94	90	103	104	74	107	100	115	98	104	108	96	100	84	120	104	121	87	87	87	77	79	95	87	92	104	104	111	117	92	106	78	101	117	118	97	86	84	108	90	
116	0	14	31	42	54	70	78	99	99	122	123	132	149	159	149	180	183	203	194	204	213	206	212	199	236	220	237	202	199	197	184	182	191	178	176	178	169	164	159	133	130	108	105	99	86	67	57	48	29	28	
109	14	0	17	28	40	56	64	85	85	108	109	118	135	145	136	166	170	190	183	193	203	196	203	191	229	213	230	196	195	193	181	179	190	178	176	180	172	168	164	137	135	112	112	109	96	76	62	52	40	30	
97	31	17	0	12	24	43	48	70	68	92	92	101	118	128	119	149	153	173	166	177	187	181	188	177	215	200	218	184	184	184	172	171	184	172	172	177	170	169	165	138	139	113	117	116	105	82	67	57	51	35	
98	42	28	12	0	12	31	36	58	58	80	82	91	108	118	112	141	145	165	160	171	182	177	185	174	212	199	219	185	185	185	174	174	188	177	177	184	177	177	174	147	149	122	127	127	117	93	78	68	63	47	
94	54	40	24	12	0	24	24	47	46	68	70	79	96	106	100	129	134	154	149	161	172	168	176	166	204	192	212	180	181	181	171	172	186	176	177	185	179	180	178	151	154	126	134	136	126	102	86	76	75	56	
114	70	56	43	31	24	0	26	30	48	58	68	79	94	105	107	130	138	158	156	169	181	178	188	180	218	208	229	198	200	201	191	193	208	198	200	208	203	204	202	175	178	150	157	158	148	124	108	98	94	78	
91	78	64	48	36	24	26	0	30	23	45	46	56	72	83	81	106	113	133	130	143	155	152	162	154	192	182	203	173	175	178	168	170	186	178	181	190	186	189	188	161	167	138	149	154	144	120	104	94	97	77	
119	99	85	70	58	47	30	30	0	37	29	47	59	70	82	91	109	119	138	139	152	165	166	177	173	210	202	223	196	199	203	195	198	214	206	210	220	216	219	218	191	197	168	179	183	173	149	133	123	121	103	
84	99	85	68	58	46	48	23	37	0	34	24	33	50	60	59	83	90	110	108	121	133	132	142	136	174	165	186	159	162	166	158	161	179	171	176	187	185	189	191	164	172	142	157	164	157	132	116	107	114	93	
115	122	108	92	80	68	58	45	29	34	0	25	35	43	55	69	82	93	111	115	128	141	144	155	154	189	184	206	183	188	193	187	191	210	202	207	219	218	223	225	198	206	176	191	197	189	164	148	139	142	122	
94	123	109	92	82	70	68	46	47	24	25	0	12	26	37	46	63	72	91	93	106	119	121	132	130	166	160	182	159	164	169	163	168	187	180	186	198	198	204	208	181	191	161	177	186	180	155	139	130	138	117	
90	132	118	101	91	79	79	56	59	33	35	12	0	17	27	34	51	60	79	81	94	107	109	120	119	154	149	171	150	155	161	156	161	180	175	181	194	194	201	206	180	190	160	178	189	183	158	142	135	144	123	
103	149	135	118	108	96	94	72	70	50	43	26	17	0	12	36	39	50	68	74	87	100	107	118	120	152	150	172	153	160	167	163	169	189	184	192	206	207	214	220	194	205	176	195	205	200	175	159	152	161	140	
104	159	145	128	118	106	105	83	82	60	55	37	27	12	0	32	27	39	56	63	76	89	98	109	112	143	142	164	147	155	162	159	166	186	182	190	205	207	215	221	196	208	179	199	211	206	182	166	159	170	149	
74	149	136	119	112	100	107	81	91	59	69	46	34	36	32	0	34	34	54	49	62	74	75	86	85	120	115	137	117	124	131	127	134	154	150	158	173	176	184	191	166	180	151	172	186	183	159	145	139	154	133	
107	180	166	149	141	129	130	106	109	83	82	63	51	39	27	34	0	14	29	39	52	65	75	87	94	121	123	145	133	142	150	150	157	177	176	186	202	205	214	222	199	213	185	206	220	217	193	179	173	188	167	
100	183	170	153	145	134	138	113	119	90	93	72	60	50	39	34	14	0	20	25	38	51	61	73	80	107	109	131	119	128	137	137	145	165	165	175	191	195	205	213	191	206	178	201	216	215	191	177	172	188	167	
115	203	190	173	165	154	158	133	138	110	111	91	79	68	56	54	29	20	0	22	30	42	56	68	79	100	105	126	121	131	140	143	152	172	172	183	200	205	216	225	204	220	193	216	232	232	209	195	191	208	187	
98	194	183	166	160	149	156	130	139	108	115	93	81	74	63	49	39	25	22	0	13	26	37	49	58	83	86	107	99	109	118	121	130	150	150	161	178	184	195	205	185	201	175	199	215	216	194	181	177	197	176	
104	204	193	177	171	161	169	143	152	121	128	106	94	87	76	62	52	38	30	13	0	13	26	38	50	71	75	96	92	103	113	116	126	145	147	159	176	183	194	205	186	203	179	203	221	222	201	188	185	205	185	
108	213	203	187	182	172	181	155	165	133	141	119	107	100	89	74	65	51	42	26	13	0	18	27	43	58	65	85	85	96	106	111	121	140	143	155	172	180	192	204	187	204	181	206	224	226	205	194	192	213	193	
96	206	196	181	177	168	178	152	166	132	144	121	109	107	98	75	75	61	56	37	26	18	0	12	25	46	49	70	67	78	88	93	103	122	125	137	154	162	175	187	170	188	166	191	210	213	193	182	180	203	184	
100	212	203	188	185	176	188	162	177	142	155	132	120	118	109	86	87	73	68	49	38	27	12	0	19	34	38	59	58	69	79	87	97	114	119	131	148	158	170	183	168	186	165	190	211	214	196	186	184	208	189	
84	199	191	177	174	166	180	154	173	136	154	130	119	120	112	85	94	80	79	58	50	43	25	19	0	38	30	52	42	53	63	68	78	97	100	112	129	139	151	164	149	167	147	172	192	196	178	169	168	192	174	
120	236	229	215	212	204	218	192	210	174	189	166	154	152	143	120	121	107	100	83	71	58	46	34	38	0	21	30	49	60	70	81	91	105	113	125	142	152	166	181	172	190	175	200	221	227	211	203	204	228	210	
104	220	213	200	199	192	208	182	202	165	184	160	149	150	142	115	123	109	105	86	75	65	49	38	30	21	0	22	28	39	49	60	70	84	92	104	121	131	145	160	151	169	154	179	200	206	191	184	185	210	194	
121	237	230	218	219	212	229	203	223	186	206	182	171	172	164	137	145	131	126	107	96	85	70	59	52	30	22	0	36	43	51	65	73	84	94	106	122	133	147	162	156	174	163	188	209	216	203	198	200	226	211	
87	202	196	184	185	180	198	173	196	159	183	159	150	153	147	117	133	119	121	99	92	85	67	58	42	49	28	36	0	11	21	32	42	56	64	76	93	103	117	132	123	141	128	153	174	181	167	162	164	190	175	
87	199	195	184	185	181	200	175	199	162	188	164	155	160	155	124	142	128	131	109	103	96	78	69	53	60	39	43	11	0	10	22	31	45	53	65	82	92	106	121	114	132	120	145	166	173	161	157	160	186	172	
87	197	193	184	185	181	201	178	203	166	193	169	161	167	162	131	150	137	140	118	113	106	88	79	63	70	49	51	21	10	0	14	22	35	43	55	72	82	96	111	105	123	113	137	158	166	156	153	156	182	169	
77	184	181	172	174	171	191	168	195	158	187	163	156	163	159	127	150	137	143	121	116	111	93	87	68	81	60	65	32	22	14	0	10	29	32	44	61	71	85	100	92	110	99	123	144	152	142	139	142	168	156	
79	182	179	171	174	172	193	170	198	161	191	168	161	169	166	134	157	145	152	130	126	121	103	97	78	91	70	73	42	31	22	10	0	20	22	34	51	61	75	90	83	101	92	116	137	145	137	134	138	164	154	
95	191	190	184	188	186	208	186	214	179	210	187	180	189	186	154	177	165	172	150	145	140	122	114	97	105	84	84	56	45	35	29	20	0	14	24	38	51	65	80	79	97	94	115	136	147	141	140	146	172	163	
87	178	178	172	177	176	198	178	206	171	202	180	175	184	182	150	176	165	172	150	147	143	125	119	100	113	92	94	64	53	43	32	22	14	0	12	29	39	53	68	66	84	80	101	122	133	127	127	133	159	150	
92	176	176	172	177	177	200	181	210	176	207	186	181	192	190	158	186	175	183	161	159	155	137	131	112	125	104	106	76	65	55	44	34	24	12	0	17	27	41	56	56	73	73	93	114	125	121	122	129	154	148	
104	178	180	177	184	185	208	190	220	187	219	198	194	206	205	173	202	191	200	178	176	172	154	148	129	142	121	122	93	82	72	61	51	38	29	17	0	13	27	42	49	65	71	86	107	118	119	123	130	155	151	
104	169	172	170	177	179	203	186	216	185	218	198	194	207	207	176	205	195	205	184	183	180	162	158	139	152	131	133	103	92	82	71	61	51	39	27	13	0	14	29	37	52	61	74	94	106	107	113	121	145	142	
111	164	168	169	177	180	204	189	219	189	223	204	201	214	215	184	214	205	216	195	194	192	175	170	151	166	145	147	117	106	96	85	75	65	53	41	27	14	0	15	31	41	56	65	84	97	101	108	116	139	138	
117	159	164	165	174	178	202	188	218	191	225	208	206	220	221	191	222	213	225	205	205	204	187	183	164	181	160	162	132	121	111	100	90	80	68	56	42	29	15	0	27	30	52	55	72	86	93	102	112	132	134	
92	133	137	138	147	151	175	161	191	164	198	181	180	194	196	166	199	191	204	185	186	187	170	168	149	172	151	156	123	114	105	92	83	79	66	56	49	37	31	27	0	18	25	37	58	69	70	77	85	108	107	
106	130	135	139	149	154	178	167	197	172	206	191	190	205	208	180	213	206	220	201	203	204	188	186	167	190	169	174	141	132	123	110	101	97	84	73	65	52	41	30	18	0	30	25	43	56	63	73	83	102	105	
78	108	112	113	122	126	150	138	168	142	176	161	160	176	179	151	185	178	193	175	179	181	166	165	147	175	154	163	128	120	113	99	92	94	80	73	71	61	56	52	25	30	0	25	46	53	48	52	60	84	82	
101	105	112	117	127	134	157	149	179	157	191	177	178	195	199	172	206	201	216	199	203	206	191	190	172	200	179	188	153	145	137	123	116	115	101	93	86	74	65	55	37	25	25	0	21	32	38	50	60	77	82	
117	99	109	116	127	136	158	154	183	164	197	186	189	205	211	186	220	216	232	215	221	224	210	211	192	221	200	209	174	166	158	144	137	136	122	114	107	94	84	72	58	43	46	21	0	14	34	50	60	70	81	
118	86	96	105	117	126	148	144	173	157	189	180	183	200	206	183	217	215	232	216	222	226	213	214	196	227	206	216	181	173	166	152	145	147	133	125	118	106	97	86	69	56	53	32	14	0	25	41	50	57	70	
97	67	76	82	93	102	124	120	149	132	164	155	158	175	182	159	193	191	209	194	201	205	193	196	178	211	191	203	167	161	156	142	137	141	127	121	119	107	101	93	70	63	48	38	34	25	0	16	26	39	47	
86	57	62	67	78	86	108	104	133	116	148	139	142	159	166	145	179	177	195	181	188	194	182	186	169	203	184	198	162	157	153	139	134	140	127	122	123	113	108	102	77	73	52	50	50	41	16	0	10	32	32	
84	48	52	57	68	76	98	94	123	107	139	130	135	152	159	139	173	172	191	177	185	192	180	184	168	204	185	200	164	160	156	142	138	146	133	129	130	121	116	112	85	83	60	60	60	50	26	10	0	26	22	
108	29	40	51	63	75	94	97	121	114	142	138	144	161	170	154	188	188	208	197	205	213	203	208	192	228	210	226	190	186	182	168	164	172	159	154	155	145	139	132	108	102	84	77	70	57	39	32	26	0	21	
90	28	30	35	47	56	78	77	103	93	122	117	123	140	149	133	167	167	187	176	185	193	184	189	174	210	194	211	175	172	169	156	154	163	150	148	151	142	138	134	107	105	82	82	81	70	47	32	22	21	0	
Custo_Viagem
V0
0	1461	1373	1222	1234	1184	1436	1146	1499	1058	1449	1184	1134	1297	1310	932	1348	1260	1449	1234	1310	1360	1209	1260	1058	1512	1310	1524	1096	1096	1096	970	995	1197	1096	1159	1310	1310	1398	1474	1159	1335	982	1272	1474	1486	1222	1083	1058	1360	1134	
1461	0	176	390	541	693	882	995	1260	1260	1562	1575	1675	1890	2016	1877	2268	2305	2557	2444	2570	2683	2595	2671	2507	2973	2772	2986	2545	2507	2482	2318	2293	2406	2255	2217	2242	2129	2079	2003	1688	1638	1373	1335	1247	1083	844	718	604	365	352	
1373	176	0	214	352	516	705	819	1071	1083	1373	1398	1499	1713	1839	1713	2104	2142	2394	2305	2431	2557	2469	2557	2406	2885	2683	2910	2469	2457	2431	2280	2255	2394	2242	2217	2268	2167	2129	2079	1738	1726	1423	1423	1373	1209	957	793	667	504	378	
1222	390	214	0	151	302	541	604	882	856	1171	1171	1272	1499	1612	1499	1877	1927	2179	2091	2230	2356	2280	2368	2230	2709	2520	2759	2331	2318	2318	2167	2154	2318	2167	2167	2230	2142	2129	2091	1738	1751	1423	1474	1461	1323	1033	844	718	642	441	
1234	541	352	151	0	151	390	453	730	730	1020	1033	1146	1373	1499	1411	1776	1827	2091	2016	2154	2293	2230	2331	2192	2683	2507	2759	2331	2331	2343	2192	2192	2368	2230	2230	2318	2230	2230	2205	1852	1877	1537	1600	1612	1474	1171	982	856	806	592	
1184	693	516	302	151	0	302	302	592	579	856	882	995	1209	1335	1260	1625	1688	1940	1877	2028	2167	2116	2217	2091	2583	2419	2671	2268	2280	2293	2154	2167	2343	2217	2230	2331	2255	2268	2242	1902	1940	1587	1688	1713	1587	1285	1083	957	945	705	
1436	882	705	541	390	302	0	327	378	604	730	856	995	1184	1323	1348	1638	1738	1990	1965	2129	2280	2255	2368	2268	2759	2620	2885	2494	2520	2532	2419	2431	2620	2494	2520	2620	2557	2570	2557	2205	2242	1890	1978	2003	1864	1562	1373	1234	1184	982	
1146	995	819	604	453	302	327	0	378	289	567	579	705	907	1045	1020	1348	1423	1675	1638	1801	1953	1915	2041	1940	2431	2293	2557	2179	2205	2242	2129	2154	2356	2242	2280	2394	2343	2381	2381	2028	2104	1738	1877	1940	1827	1512	1310	1184	1222	970	
1499	1260	1071	882	730	592	378	378	0	466	365	592	743	882	1033	1146	1373	1499	1738	1751	1927	2091	2104	2230	2179	2646	2545	2822	2469	2520	2557	2457	2494	2709	2595	2646	2772	2721	2759	2772	2419	2482	2116	2255	2305	2179	1877	1675	1549	1537	1297	
1058	1260	1083	856	730	579	604	289	466	0	428	302	415	630	756	743	1045	1134	1386	1360	1524	1675	1663	1789	1713	2192	2079	2343	2003	2041	2091	1990	2028	2255	2154	2217	2356	2331	2381	2406	2066	2167	1789	1978	2066	1978	1663	1461	1348	1436	1171	
1449	1562	1373	1171	1020	856	730	567	365	428	0	315	441	541	693	882	1033	1171	1398	1449	1625	1801	1839	1978	1953	2406	2331	2620	2305	2368	2431	2356	2406	2646	2557	2620	2772	2746	2809	2835	2494	2595	2217	2406	2482	2381	2066	1864	1751	1801	1549	
1184	1575	1398	1171	1033	882	856	579	592	302	315	0	151	327	466	579	793	907	1146	1171	1335	1499	1537	1675	1638	2091	2016	2305	2003	2066	2129	2053	2116	2356	2268	2343	2507	2494	2570	2620	2280	2406	2028	2230	2343	2268	1953	1751	1638	1751	1474	
1134	1675	1499	1272	1146	995	995	705	743	415	441	151	0	214	340	428	642	756	995	1020	1184	1348	1386	1524	1512	1953	1890	2167	1890	1953	2028	1965	2028	2268	2205	2280	2457	2457	2532	2595	2268	2394	2016	2242	2381	2305	1990	1789	1701	1827	1549	
1297	1890	1713	1499	1373	1209	1184	907	882	630	541	327	214	0	151	453	491	630	856	932	1108	1272	1348	1486	1512	1927	1890	2179	1927	2016	2104	2053	2129	2381	2318	2419	2595	2608	2696	2772	2444	2583	2217	2457	2583	2520	2205	2016	1915	2053	1776	
1310	2016	1839	1612	1499	1335	1323	1045	1033	756	693	466	340	151	0	403	340	491	705	793	970	1146	1234	1373	1411	1814	1789	2079	1852	1953	2041	2003	2091	2343	2293	2394	2583	2608	2709	2784	2469	2620	2255	2507	2658	2595	2293	2091	2003	2154	1877	
932	1877	1713	1499	1411	1260	1348	1020	1146	743	882	579	428	453	403	0	428	428	680	617	781	932	945	1083	1071	1512	1449	1738	1474	1562	1650	1600	1688	1940	1890	1990	2179	2217	2318	2406	2091	2268	1902	2167	2343	2305	2003	1827	1751	1953	1675	
1348	2268	2104	1877	1776	1625	1638	1348	1373	1045	1033	793	642	491	340	428	0	176	365	491	667	831	957	1108	1184	1549	1562	1839	1675	1789	1890	1890	1978	2242	2217	2343	2545	2583	2696	2797	2507	2683	2331	2608	2784	2746	2444	2255	2179	2368	2104	
1260	2305	2142	1927	1827	1688	1738	1423	1499	1134	1171	907	756	630	491	428	176	0	252	315	478	655	768	919	1008	1360	1373	1650	1499	1612	1726	1726	1827	2079	2079	2205	2406	2457	2583	2683	2406	2595	2242	2532	2721	2709	2406	2230	2167	2381	2104	
1449	2557	2394	2179	2091	1940	1990	1675	1738	1386	1398	1146	995	856	705	680	365	252	0	277	378	529	705	856	995	1272	1335	1600	1524	1650	1764	1801	1915	2167	2167	2305	2520	2583	2721	2835	2570	2772	2431	2734	2935	2923	2633	2457	2406	2620	2356	
1234	2444	2305	2091	2016	1877	1965	1638	1751	1360	1449	1171	1020	932	793	617	491	315	277	0	163	340	466	617	730	1045	1083	1348	1247	1373	1486	1524	1638	1890	1890	2028	2242	2318	2457	2583	2331	2532	2205	2507	2721	2721	2444	2280	2230	2482	2217	
1310	2570	2431	2230	2154	2028	2129	1801	1927	1524	1625	1335	1184	1108	970	781	667	478	378	163	0	163	327	478	630	894	957	1222	1159	1297	1423	1461	1587	1827	1852	2003	2217	2305	2444	2583	2343	2557	2255	2557	2784	2797	2532	2368	2331	2583	2331	
1360	2683	2557	2356	2293	2167	2280	1953	2091	1675	1801	1499	1348	1272	1146	932	831	655	529	340	163	0	226	340	541	730	819	1071	1071	1209	1335	1398	1524	1764	1801	1953	2179	2268	2419	2570	2356	2570	2280	2595	2822	2847	2595	2444	2419	2683	2431	
1209	2595	2469	2280	2230	2116	2255	1915	2104	1663	1839	1537	1386	1348	1234	945	957	768	705	466	327	226	0	151	315	579	617	882	844	982	1108	1171	1297	1537	1575	1726	1953	2041	2205	2356	2142	2368	2091	2406	2646	2683	2431	2305	2280	2557	2318	
1260	2671	2557	2368	2331	2217	2368	2041	2230	1789	1978	1675	1524	1486	1373	1083	1108	919	856	617	478	340	151	0	239	428	478	743	730	882	1008	1096	1222	1449	1512	1663	1877	1990	2154	2305	2116	2343	2079	2406	2658	2696	2469	2343	2318	2620	2381	
1058	2507	2406	2230	2192	2091	2268	1940	2179	1713	1953	1638	1512	1512	1411	1071	1184	1008	995	730	630	541	315	239	0	478	378	667	529	667	793	856	982	1222	1272	1423	1638	1751	1902	2066	1877	2104	1852	2179	2419	2469	2242	2129	2129	2431	2192	
1512	2973	2885	2709	2683	2583	2759	2431	2646	2192	2406	2091	1953	1927	1814	1512	1549	1360	1272	1045	894	730	579	428	478	0	264	378	630	768	894	1033	1159	1335	1449	1600	1814	1953	2129	2305	2179	2419	2205	2532	2784	2860	2658	2557	2570	2872	2658	
1310	2772	2683	2520	2507	2419	2620	2293	2545	2079	2331	2016	1890	1890	1789	1449	1562	1373	1335	1083	957	819	617	478	378	264	0	277	352	491	617	756	882	1071	1171	1335	1549	1675	1852	2028	1902	2142	1940	2255	2520	2595	2406	2318	2331	2646	2444	
1524	2986	2910	2759	2759	2671	2885	2557	2822	2343	2620	2305	2167	2179	2079	1738	1839	1650	1600	1348	1222	1071	882	743	667	378	277	0	453	541	642	819	932	1058	1184	1348	1549	1688	1877	2053	1978	2217	2053	2368	2646	2734	2570	2494	2520	2847	2658	
