M: 8
N: 30
Nun_Veiculos: 13
Capacidade_Total: 998
Demanda_Total: 519
Setup_Min: 1
Setup_Max: 99
Raio: 100
Circulos: 1
Tempo_Processamento_Min: 1
Tempo_Processamento_Max: 49
Demanda_Min: 10
Demanda_Max: 30
Priority_Factor: 0.2
Range_Factor_R: 0.8
U_factor: 2
ALpha: 0.2Replicao: 0
Tempos_Processamentos
0	0	1	0	2	0	3	0	4	0	5	0	6	0	7	0	
0	27	1	12	2	36	3	15	4	38	5	24	6	40	7	10	
0	18	1	7	2	39	3	4	4	29	5	7	6	13	7	43	
0	5	1	1	2	43	3	37	4	1	5	2	6	32	7	6	
0	15	1	37	2	3	3	7	4	4	5	19	6	5	7	31	
0	17	1	26	2	24	3	31	4	34	5	32	6	40	7	39	
0	1	1	18	2	37	3	47	4	26	5	47	6	34	7	41	
0	35	1	39	2	13	3	17	4	26	5	31	6	35	7	39	
0	47	1	34	2	13	3	11	4	49	5	32	6	9	7	45	
0	47	1	48	2	32	3	36	4	16	5	49	6	45	7	5	
0	26	1	6	2	33	3	11	4	34	5	22	6	4	7	40	
0	16	1	28	2	48	3	40	4	34	5	36	6	40	7	37	
0	25	1	8	2	23	3	16	4	8	5	9	6	16	7	49	
0	18	1	30	2	32	3	13	4	3	5	49	6	31	7	8	
0	33	1	22	2	34	3	33	4	5	5	42	6	34	7	44	
0	5	1	10	2	31	3	46	4	22	5	21	6	21	7	9	
0	21	1	25	2	18	3	26	4	32	5	39	6	37	7	20	
0	48	1	31	2	38	3	24	4	38	5	4	6	24	7	42	
0	33	1	40	2	44	3	8	4	36	5	31	6	1	7	47	
0	40	1	19	2	15	3	10	4	32	5	11	6	25	7	22	
0	16	1	40	2	4	3	33	4	46	5	41	6	16	7	36	
0	29	1	43	2	36	3	36	4	43	5	45	6	38	7	38	
0	7	1	38	2	16	3	26	4	1	5	9	6	30	7	1	
0	28	1	36	2	8	3	35	4	1	5	2	6	23	7	14	
0	43	1	44	2	46	3	15	4	12	5	12	6	39	7	24	
0	15	1	4	2	2	3	6	4	49	5	13	6	23	7	29	
0	4	1	13	2	44	3	19	4	39	5	6	6	47	7	27	
0	1	1	20	2	26	3	1	4	6	5	30	6	28	7	36	
0	25	1	26	2	16	3	32	4	41	5	1	6	41	7	29	
0	43	1	31	2	49	3	47	4	8	5	38	6	40	7	3	
0	27	1	34	2	47	3	11	4	14	5	19	6	10	7	25	

Tempos_setup
M0
0	0	0	0	0	0	0	0	0	0	0	0	0	0	0	0	0	0	0	0	0	0	0	0	0	0	0	0	0	0	0	
0	0	11	10	1	1	18	3	16	12	3	9	13	9	12	1	7	11	12	8	16	6	15	7	8	8	16	9	12	5	8	
0	6	0	10	7	7	13	3	17	12	9	14	19	15	14	7	13	12	18	14	22	6	21	13	14	14	18	15	18	11	14	
0	3	10	0	4	4	21	2	19	3	6	12	16	12	15	4	10	14	15	11	17	5	12	10	10	11	19	6	15	8	11	
0	12	18	9	0	13	23	11	15	11	15	18	17	14	12	13	6	10	21	17	16	5	14	16	16	16	15	14	17	14	12	
0	5	10	12	6	0	17	2	16	15	8	9	12	8	17	6	12	15	11	7	19	11	14	6	7	10	21	8	11	10	13	
0	6	17	12	7	7	0	9	16	15	9	1	12	8	17	7	13	15	11	7	19	12	14	6	7	10	21	8	11	11	14	
0	3	8	13	4	4	21	0	19	15	6	12	16	12	15	4	10	14	15	11	19	9	18	10	11	11	19	12	15	8	11	
0	32	42	32	29	33	39	34	0	35	35	27	38	30	40	27	35	39	37	33	43	34	43	36	32	32	44	38	33	30	28	
0	9	16	6	10	10	21	8	16	0	12	9	18	14	17	10	16	15	17	13	14	2	9	12	7	16	21	3	17	14	17	
0	5	16	15	6	6	23	8	21	17	0	14	18	14	17	6	12	16	17	13	21	11	20	12	13	13	21	14	17	10	13	
0	14	25	21	15	15	26	17	25	24	17	0	21	17	26	15	21	24	20	16	27	20	22	15	16	19	30	16	20	19	22	
0	10	17	7	9	11	17	9	6	10	13	13	0	9	15	9	13	13	6	2	24	12	19	12	11	11	19	13	11	9	7	
0	7	14	4	4	8	9	6	11	7	10	4	12	0	12	8	10	10	11	7	19	9	14	6	2	2	16	8	3	6	9	
0	12	20	10	10	12	15	12	14	13	15	7	10	6	0	12	12	13	9	5	17	14	12	4	5	8	19	6	9	5	8	
0	11	20	11	2	12	18	13	17	13	14	8	12	9	14	0	8	12	11	7	16	7	16	15	11	11	17	16	12	4	7	
0	7	12	11	2	8	21	10	9	13	10	13	16	12	6	8	0	4	15	11	13	7	8	10	11	14	9	12	15	11	14	
0	14	11	12	11	14	17	14	5	13	17	9	12	8	2	14	14	0	11	7	19	15	14	6	7	10	6	8	11	7	10	
0	9	16	6	5	10	16	8	7	9	12	11	1	10	9	3	7	7	0	1	19	10	15	11	12	12	13	12	10	7	8	
0	8	15	5	9	9	15	7	11	8	11	13	5	12	13	7	11	11	4	0	22	10	17	10	11	14	17	11	9	11	12	
0	18	26	16	9	19	25	18	21	18	14	15	19	16	18	7	15	16	18	14	0	12	10	22	18	9	22	21	19	11	14	
0	7	14	4	8	8	19	6	22	6	10	15	20	16	16	8	14	18	19	15	20	0	15	14	13	15	23	9	19	12	15	
0	9	16	6	7	10	19	8	22	8	12	13	17	14	18	5	13	17	16	12	5	2	0	12	13	14	22	11	13	9	12	
0	9	16	6	6	8	11	8	10	9	12	3	6	2	11	8	12	9	5	1	13	10	8	0	1	4	15	2	5	8	11	
0	12	17	13	13	7	24	9	9	16	15	2	19	15	10	13	19	8	18	14	17	14	12	13	0	17	14	15	18	15	18	
0	14	20	11	2	15	19	13	17	10	17	14	19	10	14	15	8	12	21	17	18	7	16	16	12	0	17	13	13	16	14	
0	11	5	13	12	12	18	8	20	7	14	16	24	13	16	12	18	17	23	19	21	9	16	18	14	15	0	10	13	16	19	
0	15	22	12	13	16	25	14	22	14	13	19	23	20	17	11	19	23	22	18	11	8	6	18	19	20	28	0	19	15	18	
0	4	11	1	5	5	6	3	17	4	7	7	11	8	16	5	11	15	10	6	18	6	13	11	10	10	20	7	0	3	6	
0	7	17	7	5	8	14	9	14	10	10	9	8	5	16	8	11	14	7	3	21	10	19	11	7	7	20	13	8	0	3	
0	4	14	4	2	5	11	6	13	7	7	6	10	2	14	5	8	12	9	5	18	7	16	8	4	4	17	10	5	2	0	
M1
0	0	0	0	0	0	0	0	0	0	0	0	0	0	0	0	0	0	0	0	0	0	0	0	0	0	0	0	0	0	0	
0	0	2	4	6	14	16	13	2	12	14	18	20	15	15	18	14	19	8	15	23	23	13	11	19	11	20	17	6	13	12	
0	25	0	2	10	12	18	11	6	10	12	20	18	13	19	16	14	22	10	13	25	21	11	23	17	9	18	19	4	13	12	
0	23	18	0	22	20	19	9	19	17	10	20	16	19	24	23	16	22	10	13	25	19	18	23	17	23	25	19	22	15	14	
0	16	18	12	0	22	21	21	18	12	20	24	15	21	9	18	16	13	14	15	27	31	13	27	19	18	20	23	17	16	18	
0	20	20	20	20	0	6	11	16	5	13	17	19	14	21	11	13	17	7	8	13	24	6	20	12	11	13	16	19	12	11	
0	19	14	15	15	17	0	5	11	11	7	12	13	16	16	17	8	19	2	10	7	25	12	15	14	16	19	11	14	7	6	
0	14	9	11	14	12	11	0	10	8	2	11	8	11	15	14	7	14	1	5	17	20	9	14	9	14	16	10	13	6	5	
0	20	9	10	4	21	24	19	0	16	20	24	19	22	13	17	20	17	18	19	31	29	17	31	23	18	19	27	13	20	21	
0	15	17	15	15	10	9	9	11	0	9	12	15	9	16	6	8	12	2	3	15	19	1	15	7	6	8	11	14	7	6	
0	15	8	10	18	10	9	9	14	15	0	20	6	9	19	21	15	12	10	3	15	18	16	23	7	15	23	19	12	15	14	
0	23	5	7	11	17	17	16	7	8	17	0	23	9	20	13	4	20	10	11	23	25	9	14	15	14	15	16	9	3	2	
0	20	21	22	16	15	14	19	12	20	21	25	0	27	25	18	20	17	16	23	20	39	21	29	12	24	20	25	10	19	18	
0	19	21	23	24	32	32	31	20	28	32	33	18	0	28	26	17	35	27	31	25	38	29	27	30	30	28	29	25	16	15	
0	30	19	19	14	27	27	26	10	20	26	27	29	23	0	21	12	27	20	23	34	32	21	22	27	19	23	24	8	11	10	
0	14	12	14	17	6	7	12	13	9	8	7	14	13	15	0	11	13	9	7	14	23	5	21	8	10	2	18	16	10	9	
0	23	12	13	7	21	20	20	3	11	20	23	22	20	16	17	0	20	13	14	26	30	12	17	18	17	18	19	11	6	17	
0	3	5	7	6	9	8	13	5	14	15	20	21	18	15	20	3	0	10	17	14	26	15	14	6	14	21	16	9	3	14	
0	21	15	13	13	16	15	18	9	9	18	10	24	18	14	15	6	18	0	12	21	27	10	13	13	15	17	9	12	5	4	
0	12	14	16	15	7	6	6	13	12	8	17	13	6	21	18	12	9	7	0	12	16	13	20	4	12	20	16	18	12	11	
0	25	24	21	21	20	19	19	17	10	16	20	22	13	24	16	14	22	10	13	0	29	11	23	17	9	18	19	22	13	12	
0	24	9	11	19	16	17	20	15	19	18	17	24	22	25	10	21	23	19	17	24	0	15	31	18	18	12	28	13	20	19	
0	14	16	17	17	9	8	8	13	6	10	12	15	8	20	5	10	11	6	2	14	18	0	19	6	5	7	15	18	9	8	
0	24	17	17	12	19	5	10	8	16	12	17	18	21	21	13	10	24	7	15	12	30	17	0	19	17	15	7	19	9	8	
0	8	10	12	11	3	2	7	10	8	9	14	15	17	18	14	8	5	4	11	8	27	9	17	0	14	16	13	14	8	8	
0	16	15	12	12	11	10	10	8	1	7	11	13	4	15	7	5	13	1	4	16	20	2	14	8	0	9	10	13	4	3	
0	24	10	12	15	4	5	10	11	9	12	5	18	14	13	15	9	21	7	12	12	28	10	19	16	15	0	16	14	8	7	
0	20	15	16	10	12	13	18	6	11	9	13	15	14	19	6	3	19	11	12	20	27	11	19	14	10	8	0	14	8	7	
0	22	11	12	6	23	24	21	2	15	21	25	21	17	15	19	10	19	15	18	30	31	16	20	22	14	21	22	0	9	8	
0	33	28	28	23	25	16	21	19	24	22	26	27	18	32	19	16	32	18	25	23	40	24	11	27	23	21	13	27	0	19	
0	25	14	9	9	17	17	16	5	13	18	18	24	19	18	11	2	22	15	16	24	23	14	12	19	18	13	14	13	1	0	
M2
0	0	0	0	0	0	0	0	0	0	0	0	0	0	0	0	0	0	0	0	0	0	0	0	0	0	0	0	0	0	0	
0	0	15	20	19	11	23	20	11	17	22	24	17	22	16	13	11	15	15	16	12	14	24	15	9	20	12	29	3	16	4	
0	6	0	14	13	12	11	14	2	16	8	19	20	19	16	19	17	14	15	22	8	5	15	21	11	5	15	25	9	1	10	
0	13	7	0	10	12	8	15	3	17	9	20	18	19	9	20	23	11	13	23	9	6	16	22	10	6	10	26	16	2	17	
0	12	8	1	0	9	9	6	4	13	10	21	10	15	6	12	14	8	5	15	10	2	17	14	11	7	9	27	15	3	16	
0	28	22	26	25	0	23	30	18	32	30	26	35	25	31	37	38	33	30	34	24	21	31	36	33	27	34	35	31	23	32	
0	14	10	3	2	11	0	8	6	15	12	23	12	17	8	14	16	10	7	17	12	4	17	16	13	9	11	29	17	5	18	
0	16	26	24	27	26	32	0	22	30	33	32	26	27	17	28	8	19	21	15	28	24	23	28	25	30	18	41	19	26	20	
0	10	4	18	17	10	15	12	0	14	12	17	19	17	15	19	20	17	14	22	6	3	13	21	15	9	18	23	13	5	14	
0	17	11	6	5	13	14	11	9	0	15	26	15	20	11	17	19	13	10	20	14	7	22	19	11	12	14	31	11	8	12	
0	17	13	6	5	14	3	11	9	18	0	26	15	20	11	17	19	13	10	20	15	7	20	19	16	12	14	32	20	8	21	
0	12	8	17	17	1	18	12	4	12	16	0	23	21	19	23	20	21	18	8	1	7	17	10	19	13	22	9	15	9	16	
0	9	4	9	8	10	12	9	6	6	12	18	0	5	14	2	17	10	13	5	11	9	19	4	8	9	11	27	12	5	13	
0	18	14	7	6	15	15	10	10	19	16	27	16	0	12	18	18	14	11	21	16	8	23	20	17	13	15	33	21	9	22	
0	6	9	13	12	15	20	17	5	17	17	22	11	10	0	13	17	2	6	16	11	8	18	15	15	14	3	28	9	10	10	
0	7	2	7	6	14	10	7	4	4	10	16	16	9	12	0	15	8	11	3	10	7	17	2	13	7	9	25	10	3	11	
0	8	18	22	21	19	25	18	14	25	26	31	20	19	9	21	0	11	15	14	20	16	15	23	17	23	12	37	11	19	12	
0	11	13	11	10	15	19	16	10	15	20	27	9	14	5	11	19	0	4	14	16	12	20	13	17	17	1	33	14	13	15	
0	7	9	14	13	15	17	14	6	11	17	23	5	10	1	7	18	3	0	10	12	9	19	9	13	14	4	29	10	10	11	
0	4	16	9	19	15	17	4	12	21	18	28	21	26	18	17	12	19	19	0	16	15	25	19	13	15	16	33	7	11	8	
0	16	10	24	23	16	21	18	6	20	18	20	25	23	21	25	26	23	20	26	0	9	19	18	21	15	24	17	19	11	20	
0	25	22	17	16	7	25	9	20	11	26	31	26	31	22	28	17	24	21	24	19	0	32	30	16	23	25	36	22	19	23	
0	19	13	13	12	19	10	18	9	20	15	26	19	24	15	21	26	17	14	24	15	12	0	18	18	12	18	32	22	8	19	
0	6	13	8	7	15	8	12	11	2	17	14	17	22	13	19	17	15	12	8	15	9	24	0	13	14	16	23	9	10	10	
0	11	13	19	18	2	18	19	9	16	15	15	27	21	23	12	22	20	22	15	3	12	18	14	0	12	21	20	14	8	15	
0	17	19	19	18	13	16	15	16	17	13	24	15	20	11	17	22	13	10	20	22	6	29	19	22	0	14	21	20	20	21	
0	10	12	10	9	14	18	15	9	14	19	26	8	13	4	10	21	6	3	13	15	11	22	12	16	16	0	32	13	12	14	
0	7	11	9	8	4	9	13	7	3	18	3	18	17	14	20	18	16	13	9	4	10	20	1	14	15	15	0	10	11	11	
0	16	14	19	18	8	24	22	10	20	21	21	14	19	13	16	8	12	12	19	9	13	23	18	6	18	9	26	0	14	1	
0	11	5	13	12	11	10	13	1	15	7	18	19	18	15	20	21	13	14	23	7	4	14	22	10	4	14	24	14	0	15	
0	15	13	22	21	19	24	21	9	19	21	26	13	18	16	15	7	11	15	18	15	12	22	17	21	18	12	32	18	14	0	
M3
0	0	0	0	0	0	0	0	0	0	0	0	0	0	0	0	0	0	0	0	0	0	0	0	0	0	0	0	0	0	0	
0	0	7	4	7	1	2	3	2	8	6	5	5	13	11	2	6	6	12	12	10	11	7	8	9	7	1	4	10	3	13	
0	16	0	20	20	15	10	14	18	20	14	21	16	26	25	13	17	17	20	25	21	19	23	6	17	21	17	12	21	11	23	
0	13	15	0	18	14	15	11	10	21	14	13	13	26	24	10	9	14	16	23	13	17	3	16	17	20	9	3	18	11	21	
0	19	18	20	0	12	7	17	18	14	11	21	21	20	11	18	15	14	17	5	19	16	17	11	21	18	17	9	9	8	26	
0	13	6	10	6	0	1	11	12	7	5	15	15	13	10	12	9	16	11	11	13	10	13	12	19	6	11	3	15	2	23	
0	12	11	13	10	5	0	10	11	12	4	14	14	16	15	11	8	15	10	15	12	9	13	17	18	11	10	2	19	1	22	
0	2	9	6	9	3	4	0	4	10	7	7	5	15	13	2	6	6	14	14	9	12	9	10	9	9	3	6	10	5	13	
0	13	17	2	10	14	15	13	0	16	16	3	12	22	21	12	11	16	18	15	9	9	5	6	16	15	11	5	16	13	20	
0	8	15	12	9	9	10	10	10	0	14	11	12	6	19	9	9	13	20	14	13	17	14	14	16	8	9	3	14	11	19	
0	9	16	13	6	10	11	10	11	17	0	10	10	22	17	11	11	13	21	11	15	5	16	13	14	16	10	12	15	11	18	
0	10	17	14	7	11	12	12	12	18	15	0	14	23	18	12	10	16	22	12	14	6	15	3	14	17	11	4	16	12	22	
0	13	16	13	17	14	15	11	13	8	12	16	0	14	24	10	9	14	21	22	6	17	16	14	4	9	12	10	13	9	8	
0	2	9	6	3	3	4	5	4	3	8	5	7	0	13	4	8	8	14	8	12	11	9	8	11	2	3	6	8	5	13	
0	12	19	16	15	13	14	10	14	15	17	17	15	12	0	12	16	16	24	16	19	22	19	20	19	14	13	16	20	15	23	
0	3	10	7	10	4	5	1	5	11	5	8	3	16	14	0	4	4	15	15	8	10	10	10	7	10	4	7	8	6	11	
0	13	16	13	11	10	11	11	11	14	5	12	14	17	20	11	0	15	21	16	4	10	14	12	18	13	10	3	19	2	18	
0	10	17	14	7	11	11	11	12	18	1	11	11	18	18	12	12	0	12	12	16	6	17	6	15	17	11	13	4	12	19	
0	5	12	4	12	6	7	3	2	13	7	5	5	18	16	2	6	6	0	17	10	11	7	8	9	12	1	7	10	8	13	
0	14	13	15	12	7	2	12	13	14	6	16	16	18	17	13	10	9	12	0	14	11	12	6	17	13	12	4	4	3	24	
0	10	17	9	17	11	12	8	7	10	12	10	10	16	21	7	11	11	22	22	0	16	12	8	14	9	6	12	15	13	14	
0	4	11	8	1	5	6	7	6	12	10	5	8	17	12	6	10	10	16	6	11	0	11	8	10	11	5	8	10	7	16	
0	10	12	9	17	11	12	8	7	18	12	10	10	23	21	7	11	11	13	22	15	16	0	13	14	17	6	9	15	13	18	
0	20	27	24	27	21	18	18	22	25	22	25	20	31	31	17	21	21	28	32	23	27	21	0	11	24	21	20	25	19	28	
0	9	16	13	16	10	11	7	11	17	11	14	9	22	20	6	10	10	21	21	12	16	16	16	0	16	10	13	14	12	17	
0	9	16	4	10	10	11	11	11	1	13	12	13	7	20	10	10	14	20	15	14	18	7	15	17	0	10	4	15	10	20	
0	4	11	3	11	5	6	2	1	12	6	4	4	17	15	1	5	5	16	16	9	10	6	7	8	11	0	6	9	7	12	
0	10	17	11	15	11	12	8	9	18	11	12	12	23	21	9	6	13	22	20	10	14	11	15	16	17	8	0	17	8	20	
0	13	18	12	12	12	7	11	10	19	6	13	13	23	22	10	14	5	8	17	18	11	15	2	13	18	9	9	0	8	21	
0	11	18	12	9	12	13	9	10	18	3	13	13	15	20	10	7	14	23	14	11	8	12	16	17	17	9	1	18	0	21	
0	14	8	14	12	11	12	12	12	15	6	13	15	18	21	12	1	10	13	17	5	11	15	7	18	14	11	4	5	3	0	
M4
0	0	0	0	0	0	0	0	0	0	0	0	0	0	0	0	0	0	0	0	0	0	0	0	0	0	0	0	0	0	0	
0	0	3	17	11	23	5	14	14	19	13	9	27	26	26	18	14	22	7	21	15	29	13	9	13	17	18	22	21	10	16	
0	25	0	24	8	20	22	16	11	21	16	25	24	23	25	20	20	19	12	18	12	28	26	11	20	20	19	25	18	7	22	
0	7	10	0	18	10	12	19	21	16	20	15	15	14	31	13	10	22	13	23	17	25	9	16	16	24	23	14	25	17	12	
0	17	18	24	0	12	16	11	16	15	18	17	17	16	30	13	12	19	15	10	4	25	22	26	20	22	22	17	10	25	14	
0	11	14	12	13	0	16	9	19	16	16	19	5	4	29	15	15	12	11	13	17	15	19	14	15	20	21	23	15	21	16	
0	22	5	22	13	23	0	17	16	18	21	4	28	27	24	25	24	24	2	23	15	29	24	16	25	25	16	19	22	12	19	
0	20	22	27	4	16	20	0	20	7	7	11	21	20	20	17	16	22	11	14	8	18	26	28	23	11	12	21	14	28	8	
0	24	16	25	24	28	19	24	0	15	5	14	31	31	18	16	18	25	11	26	20	26	31	26	21	9	10	26	15	23	11	
0	23	20	22	19	23	15	15	22	0	17	4	28	27	15	14	17	15	6	16	15	11	22	22	18	21	7	19	11	21	1	
0	19	19	20	23	23	14	19	27	10	0	9	26	26	13	11	13	20	6	21	15	21	26	21	16	4	5	21	10	24	6	
0	24	16	31	22	19	23	28	21	26	26	0	24	23	39	24	21	26	15	27	11	34	20	21	29	30	31	15	24	17	23	
0	23	20	16	28	26	16	33	31	27	36	20	0	25	40	28	21	31	18	32	24	38	24	28	12	40	32	19	29	24	23	
0	15	14	8	14	18	17	10	15	16	17	16	1	0	30	14	11	8	14	9	17	27	15	17	11	21	22	19	11	21	13	
0	23	11	16	19	26	6	23	21	23	15	10	20	19	0	17	26	27	8	28	21	30	25	22	24	17	18	25	24	18	19	
0	17	19	11	25	12	14	21	17	22	20	18	17	16	33	0	16	19	16	20	4	13	20	23	7	24	25	24	17	19	18	
0	6	9	14	17	19	11	15	20	6	18	5	24	23	21	7	0	13	3	14	11	17	13	15	14	22	13	8	15	16	2	
0	9	6	7	6	17	10	2	7	8	9	8	13	12	22	6	3	0	6	1	10	19	7	9	3	13	14	11	3	13	5	
0	28	19	36	19	31	14	15	30	16	22	18	36	35	31	29	22	31	0	29	23	27	35	30	34	26	23	30	27	26	17	
0	8	11	16	5	17	13	1	6	7	8	7	12	11	21	5	2	15	5	0	9	18	15	17	12	12	13	10	2	18	4	
0	13	16	20	21	8	12	17	20	18	16	16	13	12	29	16	18	15	14	16	0	23	22	22	18	20	21	26	13	23	19	
0	31	27	24	27	31	25	23	37	21	28	20	34	33	24	20	27	31	12	32	23	0	33	11	20	15	16	32	22	32	17	
0	7	10	15	18	20	12	16	21	7	19	6	25	24	22	8	1	14	4	15	12	18	0	16	15	23	14	9	16	17	3	
0	20	16	13	20	20	15	16	26	10	23	14	23	22	25	9	16	21	1	22	12	20	22	0	9	27	17	21	21	21	11	
0	11	12	4	20	14	7	23	23	15	24	11	14	13	30	16	9	21	9	22	20	26	13	16	0	28	22	17	24	12	11	
0	23	15	16	20	22	10	16	23	6	18	5	22	22	9	10	19	16	2	17	14	17	23	17	12	0	1	20	7	20	2	
0	22	19	15	19	21	14	15	26	11	22	15	21	24	8	9	20	20	16	21	13	22	24	23	11	25	0	27	6	19	12	
0	12	1	19	9	21	16	14	12	12	17	11	25	24	26	13	6	12	2	13	13	23	5	12	15	21	19	0	15	8	8	
0	20	22	14	13	15	17	9	20	5	16	9	20	19	20	3	19	20	11	21	7	16	23	26	10	20	12	24	0	22	6	
0	21	8	17	9	21	15	14	19	14	21	18	17	16	24	13	15	12	5	13	13	24	19	4	13	25	21	23	15	0	15	
0	23	19	21	20	22	14	16	21	4	16	3	27	26	19	18	17	14	10	15	14	15	21	23	17	20	11	18	15	20	0	
M5
0	0	0	0	0	0	0	0	0	0	0	0	0	0	0	0	0	0	0	0	0	0	0	0	0	0	0	0	0	0	0	
0	0	16	10	11	15	4	4	6	7	8	6	8	19	17	12	8	22	17	14	13	13	9	9	11	15	10	9	21	13	17	
0	7	0	9	12	7	4	11	13	14	15	12	15	4	4	13	15	16	2	19	14	7	13	10	15	16	17	15	20	12	9	
0	4	14	0	15	9	8	8	9	10	12	10	12	13	11	10	11	26	11	10	12	8	6	3	10	16	14	13	25	3	18	
0	13	14	9	0	17	10	14	12	3	13	19	16	18	14	10	14	11	12	10	2	17	8	12	9	18	8	22	10	12	11	
0	11	14	7	12	0	4	11	9	10	12	12	18	4	2	10	11	23	2	12	14	15	6	3	10	16	16	15	18	10	9	
0	21	22	17	8	24	0	7	20	11	11	27	24	26	19	18	17	19	20	18	10	22	16	19	17	18	16	30	18	20	19	
0	16	23	16	21	17	19	0	18	19	4	22	18	21	19	13	10	32	19	12	23	15	15	12	18	11	17	25	31	19	14	
0	8	17	10	9	17	1	4	0	4	3	14	16	21	19	12	2	20	19	11	11	7	9	11	17	10	16	17	19	13	13	
0	10	13	6	21	15	14	11	15	0	10	16	13	17	17	13	16	29	15	7	18	14	5	9	16	17	19	19	31	9	20	
0	12	19	12	17	14	15	1	14	15	0	18	14	18	16	9	6	28	16	8	19	11	11	8	14	7	13	21	27	15	10	
0	2	14	7	5	9	6	6	8	8	10	0	10	13	11	10	10	16	11	15	7	14	6	3	10	16	12	3	15	9	11	
0	6	9	2	17	11	10	10	11	5	9	12	0	13	13	12	13	23	11	12	14	9	1	5	12	16	16	15	27	5	18	
0	17	21	17	17	12	16	13	19	20	12	23	23	0	14	9	11	19	14	17	19	16	16	13	16	12	15	22	27	20	5	
0	19	24	15	10	24	2	9	15	13	13	25	26	28	0	20	17	21	22	20	12	22	18	18	19	20	18	20	20	18	21	
0	19	12	16	8	17	8	15	13	11	16	22	14	16	16	0	15	19	14	8	10	19	15	14	7	20	6	23	18	18	19	
0	6	20	13	17	15	10	2	12	13	1	12	14	19	17	10	0	28	17	9	19	5	12	9	15	8	14	15	27	12	11	
0	12	16	9	15	14	12	8	18	3	12	10	16	18	11	16	17	0	9	10	17	17	8	12	19	19	22	13	25	12	21	
0	11	16	7	11	5	3	10	14	14	14	10	19	9	2	15	16	22	0	17	13	15	11	8	15	21	19	13	18	10	14	
0	12	15	8	19	12	13	14	12	11	13	14	6	16	13	13	12	29	11	0	20	15	7	6	13	19	19	15	29	11	15	
0	21	27	21	24	16	20	25	23	24	26	19	24	20	18	18	25	35	18	26	0	29	20	17	22	16	22	22	34	24	9	
0	20	20	22	20	25	12	16	12	16	15	26	28	24	20	16	14	31	22	23	22	0	21	23	15	22	14	29	28	25	19	
0	5	8	1	16	10	9	9	10	4	8	11	13	12	12	11	12	24	10	11	13	9	0	4	11	15	15	14	26	4	17	
0	8	11	4	15	6	7	10	6	7	9	14	16	10	8	7	8	26	8	14	16	12	3	0	7	13	13	17	24	7	15	
0	12	5	14	9	12	1	8	18	10	12	17	20	9	9	15	18	20	7	17	11	12	15	14	0	13	17	20	19	17	14	
0	9	12	5	10	7	8	11	7	8	10	15	16	11	9	2	9	21	9	10	12	13	4	1	7	0	6	18	20	8	16	
0	13	6	15	10	11	2	9	15	11	13	18	16	10	10	2	17	21	8	10	12	13	16	14	1	14	0	21	20	18	15	
0	13	22	15	9	22	6	9	5	9	8	19	21	26	15	17	7	20	21	16	11	12	14	16	18	15	17	0	19	18	18	
0	17	23	16	10	18	19	13	18	13	12	16	25	11	20	13	11	21	20	20	12	16	15	12	18	11	17	19	0	19	16	
0	1	13	6	12	8	5	5	7	8	9	7	9	12	10	9	9	23	10	15	14	5	5	2	9	15	11	10	22	0	17	
0	16	18	12	17	7	11	18	14	15	17	19	23	11	9	9	16	28	9	17	19	20	11	8	13	7	13	17	25	15	0	
M6
0	0	0	0	0	0	0	0	0	0	0	0	0	0	0	0	0	0	0	0	0	0	0	0	0	0	0	0	0	0	0	
0	0	20	19	17	20	15	14	18	23	17	20	21	20	16	21	21	13	12	18	19	16	26	12	20	16	17	27	27	17	19	
0	13	0	9	2	12	10	6	14	18	9	11	1	4	17	9	11	14	14	11	4	1	14	16	5	12	13	9	12	13	11	
0	10	17	0	10	10	9	14	5	23	3	7	17	11	8	7	7	13	12	12	5	10	20	18	6	16	11	21	13	17	18	
0	13	12	13	0	12	14	16	18	30	16	12	8	11	21	20	20	22	23	14	13	13	21	22	14	24	13	21	20	19	11	
0	12	12	6	4	0	10	12	7	21	9	8	12	4	10	13	8	11	11	2	1	3	10	12	2	15	1	16	8	16	11	
0	14	8	4	9	14	0	14	9	26	7	11	9	12	12	11	10	17	16	16	9	8	22	12	10	15	15	12	17	9	17	
0	12	19	10	10	11	14	0	15	23	3	12	18	11	13	7	7	13	12	13	5	14	21	18	6	22	12	21	13	23	18	
0	5	12	3	6	13	4	16	0	25	6	2	12	13	3	10	10	15	15	15	8	5	23	16	8	19	14	16	15	13	17	
0	15	12	13	10	12	14	16	16	0	16	12	1	4	14	19	16	15	20	14	13	13	14	10	14	14	13	19	11	7	11	
0	9	16	7	7	8	11	11	12	20	0	9	15	8	10	4	4	10	9	10	2	11	18	15	3	19	9	18	10	20	15	
0	11	10	1	4	11	2	15	6	24	4	0	11	12	9	8	8	14	13	13	6	3	21	14	7	17	12	14	14	11	15	
0	20	11	12	9	11	13	15	17	24	15	11	0	3	19	19	15	14	19	13	12	12	13	21	13	23	12	20	19	18	10	
0	17	8	9	6	8	10	12	14	26	12	8	9	0	17	16	12	19	19	10	9	9	10	18	10	20	9	17	16	15	7	
0	7	9	5	8	15	6	15	2	24	8	4	10	10	0	12	12	14	16	17	6	7	20	18	5	21	16	18	12	15	17	
0	22	17	15	15	17	11	11	17	20	14	17	18	17	15	0	18	10	9	15	16	17	20	20	17	18	14	15	7	17	16	
0	5	15	10	8	4	12	16	8	17	13	10	16	8	6	17	0	15	15	6	5	7	14	16	6	19	5	20	12	20	15	
0	12	7	7	9	7	3	1	7	10	4	7	8	11	5	8	8	0	5	9	6	8	17	15	7	18	8	15	14	12	6	
0	13	8	8	10	8	4	2	8	11	5	8	9	8	6	9	9	1	0	6	7	9	14	16	8	15	5	16	15	13	7	
0	18	20	11	11	17	15	17	16	26	14	13	19	12	19	18	13	16	16	0	6	16	22	17	7	13	18	22	14	14	19	
0	12	14	5	5	11	9	11	10	20	8	7	13	6	13	12	7	10	10	13	0	10	16	13	1	17	12	16	8	18	13	
0	12	13	8	1	13	9	14	13	23	11	10	9	9	16	15	10	13	13	15	3	0	19	16	4	20	14	19	11	18	12	
0	7	17	12	10	6	14	14	10	19	15	12	9	10	8	19	2	13	12	8	7	9	0	11	8	15	7	22	14	16	17	
0	11	13	9	10	14	10	15	6	24	12	8	14	14	4	16	16	14	19	11	10	9	24	0	9	4	15	17	16	5	20	
0	13	13	6	4	12	8	10	11	19	9	6	12	5	14	13	8	9	11	14	1	9	15	14	0	18	13	15	7	17	12	
0	15	17	13	9	17	13	11	10	20	14	12	17	17	8	13	17	10	15	15	11	8	27	4	12	0	18	21	19	1	16	
0	16	11	12	9	11	13	15	17	27	11	11	12	3	17	15	11	17	17	1	7	12	9	18	8	14	0	20	15	15	10	
0	14	6	7	3	6	8	10	12	23	10	6	7	8	11	14	12	13	13	8	5	2	10	7	6	3	7	0	13	4	5	
0	22	14	15	11	14	16	18	19	29	18	14	15	16	17	15	20	19	21	16	13	10	18	13	14	11	15	8	0	10	13	
0	14	16	12	13	16	12	10	9	19	13	11	17	17	7	12	17	9	14	14	13	12	26	3	12	7	17	20	19	0	15	
0	12	1	2	3	1	3	5	7	19	5	1	2	5	10	9	9	12	12	3	2	2	11	11	3	13	2	10	9	8	0	
M7
0	0	0	0	0	0	0	0	0	0	0	0	0	0	0	0	0	0	0	0	0	0	0	0	0	0	0	0	0	0	0	
0	0	22	14	18	8	11	6	12	16	15	17	23	19	7	12	14	8	4	8	29	19	11	14	5	13	15	11	6	18	21	
0	23	0	4	21	15	11	6	12	16	12	10	7	16	14	13	16	8	15	15	27	18	12	7	19	13	16	15	17	15	19	
0	19	23	0	17	16	12	18	13	17	8	19	17	12	15	17	12	11	16	16	37	20	21	16	15	14	20	16	18	11	15	
0	12	22	23	0	14	15	18	11	16	11	13	20	15	13	16	10	19	16	14	31	11	15	10	13	12	19	14	18	14	29	
0	18	18	12	16	0	11	17	12	12	7	12	16	11	11	10	6	6	15	12	36	19	9	9	15	10	13	12	17	10	23	
0	20	11	10	14	4	0	6	1	5	11	16	12	15	3	9	10	4	4	4	28	8	13	13	19	2	12	4	6	14	21	
0	24	21	8	25	19	20	0	21	15	16	14	25	20	18	25	20	2	24	18	45	28	28	24	23	22	28	20	26	19	20	
0	21	15	15	13	3	6	12	0	9	10	15	11	14	2	13	9	9	10	3	28	14	12	12	18	1	13	3	12	13	26	
0	22	6	10	23	13	16	12	10	0	18	16	13	22	12	19	19	14	17	13	33	23	18	13	17	11	14	9	19	21	25	
0	16	15	14	9	8	4	10	5	9	0	11	9	4	7	9	4	8	8	8	29	12	13	8	8	6	12	8	10	3	25	
0	18	18	17	15	5	8	14	9	12	7	0	16	11	4	15	6	11	12	5	33	16	14	14	15	10	15	8	14	10	28	
0	24	15	14	18	8	4	10	5	9	15	20	0	19	7	13	14	8	8	8	20	12	17	17	23	6	16	8	10	18	25	
0	16	14	13	8	7	3	9	4	8	9	16	5	0	6	5	8	7	7	7	25	11	11	13	4	5	8	7	9	2	24	
0	19	15	13	11	1	4	10	5	9	8	13	16	12	0	11	7	7	8	1	29	12	10	10	16	6	11	4	10	11	24	
0	11	15	17	13	9	8	14	9	9	4	15	13	8	8	0	3	12	12	9	28	16	6	12	12	7	3	9	14	7	20	
0	12	12	14	10	6	5	11	6	6	1	12	10	5	5	10	0	9	9	6	30	13	14	9	9	4	13	6	11	4	26	
0	25	29	6	23	17	18	24	19	23	14	12	23	18	16	23	18	0	22	16	43	26	26	22	21	20	26	20	24	17	21	
0	16	18	10	14	4	7	2	8	12	11	13	19	15	3	14	10	4	0	4	32	15	13	10	18	9	14	7	2	14	17	
0	31	22	21	25	15	11	17	12	16	22	27	17	20	14	20	21	15	15	0	33	19	24	24	24	13	23	15	17	22	32	
0	25	21	19	23	7	10	16	11	15	14	17	22	18	13	17	13	13	14	14	0	18	16	14	5	12	20	14	16	17	30	
0	32	22	24	33	27	28	28	26	16	31	32	29	28	28	27	30	30	32	29	20	0	30	29	25	27	24	25	34	27	39	
0	12	16	18	14	10	9	15	10	10	5	9	14	9	9	1	4	13	13	10	29	17	0	6	13	8	4	10	15	8	14	
0	17	21	13	18	8	11	17	12	15	10	3	19	14	7	6	9	14	15	8	31	11	5	0	17	13	9	11	11	13	19	
0	26	25	22	19	14	14	20	15	19	19	12	19	14	13	15	18	18	18	14	39	20	14	9	0	16	18	17	20	13	28	
0	20	14	14	12	2	5	11	6	8	9	14	17	13	1	12	8	8	9	2	30	13	11	11	17	0	12	2	11	12	25	
0	8	22	22	10	12	14	14	15	16	11	14	20	15	11	17	10	16	12	12	37	18	16	11	13	14	0	15	14	14	29	
0	24	24	14	20	10	13	10	14	18	17	20	25	21	9	20	16	8	8	10	38	21	19	18	25	15	16	0	10	20	25	
0	14	19	18	23	17	20	20	21	13	20	24	26	24	16	26	19	12	18	17	43	28	25	25	16	16	27	18	0	23	15	
0	17	12	11	6	5	1	7	2	6	10	17	6	1	4	6	9	5	5	5	26	9	12	14	5	3	9	5	7	0	22	
0	4	16	14	12	2	5	10	6	10	5	14	14	9	1	12	4	8	8	2	30	13	11	11	9	7	12	5	10	8	0	
Tamanho_Tarefas
0	11	6	9	11	29	24	22	28	13	6	34	14	22	15	17	23	26	12	15	29	36	5	5	12	16	19	8	14	19	19	
Data_Entrega
0	140	144	138	139	146	147	137	140	147	147	142	146	145	138	148	143	138	149	146	140	150	150	142	150	142	149	148	144	145	139	
Penalidade_Atraso
0	17	9	6	9	10	1	8	4	10	9	3	19	8	1	1	8	3	16	9	7	7	9	16	1	12	18	18	19	4	1	
Capacidade_Veiculo
57	74	44	108	106	90	86	95	79	46	71	74	68	
Custo_Fixo_Veiculo
570	740	440	1080	1060	900	860	950	790	460	710	740	680	
Coordenadas_Clientes
x	0	y	0
x	88	y	0
x	118	y	25
x	75	y	33
x	63	y	46
x	56	y	63
x	45	y	79
x	35	y	109
x	11	y	108
x	-11	y	111
x	-32	y	98
x	-42	y	72
x	-56	y	63
x	-60	y	44
x	-79	y	35
x	-111	y	23
x	-89	y	0
x	-85	y	-18
x	-68	y	-30
x	-85	y	-62
x	-50	y	-56
x	-56	y	-98
x	-29	y	-92
x	-8	y	-82
x	8	y	-79
x	24	y	-74
x	57	y	-99
x	58	y	-65
x	97	y	-70
x	111	y	-49
x	77	y	-16
Tempo_Viagem
0	88	120	81	78	84	90	114	108	111	103	83	84	74	86	113	89	86	74	105	75	112	96	82	79	77	114	87	119	121	78	
88	0	39	35	52	70	89	120	132	148	154	148	157	154	170	200	177	173	158	183	148	174	148	126	112	97	103	71	70	54	19	
120	39	0	43	58	72	90	118	134	154	166	166	177	178	197	229	208	206	193	220	186	213	187	164	150	135	138	108	97	74	57	
81	35	43	0	17	35	54	85	97	115	125	123	134	135	154	186	167	167	155	186	153	185	162	141	130	118	133	99	105	89	49	
78	52	58	17	0	18	37	68	80	98	108	108	120	123	142	175	158	161	151	183	152	186	165	146	136	126	145	111	120	106	63	
84	70	72	35	18	0	19	50	63	82	94	98	112	117	137	171	158	162	155	188	159	196	176	158	149	140	162	128	138	124	81	
90	89	90	54	37	19	0	31	44	64	79	87	102	110	131	165	155	162	157	191	165	202	186	169	162	154	178	144	157	143	100	
114	120	118	85	68	50	31	0	24	46	67	85	101	115	135	169	165	174	173	208	185	226	210	195	189	183	209	175	188	174	131	
108	132	134	97	80	63	44	24	0	22	44	64	80	95	115	148	147	158	159	195	174	216	203	190	187	182	212	179	197	186	140	
111	148	154	115	98	82	64	46	22	0	24	49	65	82	101	132	134	148	152	188	171	213	203	193	190	188	220	189	210	201	154	
103	154	166	125	108	94	79	67	44	24	0	27	42	60	78	108	112	126	132	167	155	197	190	181	181	180	216	186	211	204	157	
83	148	166	123	108	98	87	85	64	49	27	0	16	33	52	84	85	99	105	140	128	170	164	157	159	160	197	169	198	195	148	
84	157	177	134	120	112	102	101	80	65	42	16	0	19	36	68	71	85	93	127	119	161	157	152	155	158	197	171	202	201	154	
74	154	178	135	123	117	110	115	95	82	60	33	19	0	21	55	52	66	74	108	100	142	139	136	140	144	184	160	193	194	149	
86	170	197	154	142	137	131	135	115	101	78	52	36	21	0	34	36	53	65	97	95	134	136	136	143	149	190	169	204	207	164	
113	200	229	186	175	171	165	169	148	132	108	84	68	55	34	0	31	48	67	88	98	132	139	146	156	166	207	190	227	233	191	
89	177	208	167	158	158	155	165	147	134	112	85	71	52	36	31	0	18	36	62	67	103	108	115	125	135	176	160	198	205	166	
86	173	206	167	161	162	162	174	158	148	126	99	85	66	53	48	18	0	20	44	51	85	92	99	110	121	162	150	189	198	162	
74	158	193	155	151	155	157	173	159	152	132	105	93	74	65	67	36	20	0	36	31	69	72	79	90	101	142	130	169	180	145	
105	183	220	186	183	188	191	208	195	188	167	140	127	108	97	88	62	44	36	0	35	46	63	79	94	109	146	143	182	196	168	
75	148	186	153	152	159	165	185	174	171	155	128	119	100	95	98	67	51	31	35	0	42	41	49	62	76	114	108	147	161	133	
112	174	213	185	186	196	202	226	216	213	197	170	161	142	134	132	103	85	69	46	42	0	27	50	66	82	113	117	154	172	156	
96	148	187	162	165	176	186	210	203	203	190	164	157	139	136	139	108	92	72	63	41	27	0	23	39	55	86	90	127	145	130	
82	126	164	141	146	158	169	195	190	193	181	157	152	136	136	146	115	99	79	79	49	50	23	0	16	32	67	67	105	122	107	
79	112	150	130	136	149	162	189	187	190	181	159	155	140	143	156	125	110	90	94	62	66	39	16	0	16	52	51	89	106	93	
77	97	135	118	126	140	154	183	182	188	180	160	158	144	149	166	135	121	101	109	76	82	55	32	16	0	41	35	73	90	78	
114	103	138	133	145	162	178	209	212	220	216	197	197	184	190	207	176	162	142	146	114	113	86	67	52	41	0	34	49	73	85	
87	71	108	99	111	128	144	175	179	189	186	169	171	160	169	190	160	150	130	143	108	117	90	67	51	35	34	0	39	55	52	
119	70	97	105	120	138	157	188	197	210	211	198	202	193	204	227	198	189	169	182	147	154	127	105	89	73	49	39	0	25	57	
121	54	74	89	106	124	143	174	186	201	204	195	201	194	207	233	205	198	180	196	161	172	145	122	106	90	73	55	25	0	47	
78	19	57	49	63	81	100	131	140	154	157	148	154	149	164	191	166	162	145	168	133	156	130	107	93	78	85	52	57	47	0	
Custo_Viagem
V0
0	1003	1368	923	889	957	1026	1299	1231	1265	1174	946	957	843	980	1288	1014	980	843	1197	855	1276	1094	934	900	877	1299	991	1356	1379	889	
1003	0	444	399	592	798	1014	1379	1504	1687	1755	1687	1789	1755	1938	2280	2017	1972	1801	2086	1687	1983	1687	1436	1276	1105	1174	809	798	615	216	
1368	444	0	490	661	820	1026	1345	1539	1767	1892	1892	2029	2040	2245	2610	2371	2359	2200	2508	2120	2428	2131	1881	1721	1550	1573	1231	1105	843	649	
923	399	490	0	193	399	615	969	1117	1322	1425	1402	1527	1539	1755	2120	1903	1903	1778	2120	1744	2109	1846	1607	1482	1345	1516	1128	1197	1014	558	
889	592	661	193	0	205	421	775	912	1117	1231	1231	1368	1402	1618	1995	1801	1835	1721	2086	1732	2120	1881	1664	1550	1436	1653	1265	1368	1208	718	
957	798	820	399	205	0	216	570	718	934	1071	1117	1276	1333	1561	1949	1801	1846	1767	2143	1812	2234	2006	1801	1698	1596	1846	1459	1584	1413	923	
1026	1014	1026	615	421	216	0	353	501	729	900	991	1162	1254	1493	1881	1767	1846	1789	2177	1881	2314	2120	1926	1846	1755	2029	1641	1789	1641	1140	
1299	1379	1345	969	775	570	353	0	273	524	763	969	1151	1311	1539	1926	1881	1983	1972	2371	2109	2576	2394	2223	2154	2086	2382	1995	2154	1995	1493	
1231	1504	1539	1117	912	718	501	273	0	250	501	729	912	1083	1311	1687	1675	1801	1812	2223	1983	2462	2314	2166	2131	2074	2416	2040	2245	2120	1596	
1265	1687	1767	1322	1117	934	729	524	250	0	273	558	741	946	1151	1516	1539	1687	1732	2143	1949	2428	2314	2200	2166	2143	2508	2154	2394	2291	1755	
1174	1755	1892	1425	1231	1071	900	763	501	273	0	307	478	684	889	1231	1288	1447	1504	1915	1767	2245	2166	2063	2063	2052	2462	2120	2405	2337	1789	
946	1687	1892	1402	1231	1117	991	969	729	558	307	0	182	376	592	957	969	1128	1197	1596	1459	1938	1869	1789	1812	1824	2245	1926	2257	2223	1687	
957	1789	2029	1527	1368	1276	1162	1151	912	741	478	182	0	216	410	775	809	980	1060	1459	1356	1835	1789	1732	1767	1801	2245	1949	2302	2291	1755	
843	1755	2040	1539	1402	1333	1254	1311	1083	946	684	376	216	0	239	627	592	752	843	1231	1140	1618	1584	1550	1596	1641	2097	1824	2211	2211	1698	
980	1938	2245	1755	1618	1561	1493	1539	1311	1151	889	592	410	239	0	387	410	604	741	1105	1083	1527	1550	1550	1630	1698	2166	1926	2325	2359	1869	
1288	2280	2610	2120	1995	1949	1881	1926	1687	1516	1231	957	775	627	387	0	353	547	775	1003	1128	1504	1607	1675	1778	1892	2359	2166	2587	2656	2188	
1014	2017	2371	1903	1801	1801	1767	1881	1675	1539	1288	969	809	592	410	353	0	205	410	706	775	1174	1242	1311	1425	1539	2006	1824	2257	2337	1892	
980	1972	2359	1903	1835	1846	1846	1983	1801	1687	1447	1128	980	752	604	547	205	0	228	501	581	969	1048	1140	1265	1390	1858	1710	2154	2257	1846	
843	1801	2200	1778	1721	1767	1789	1972	1812	1732	1504	1197	1060	843	741	775	410	228	0	410	353	786	832	900	1026	1151	1618	1482	1926	2052	1653	
1197	2086	2508	2120	2086	2143	2177	2371	2223	2143	1915	1596	1459	1231	1105	1003	706	501	410	0	399	524	718	900	1071	1242	1664	1630	2074	2234	1915	
855	1687	2120	1744	1732	1812	1881	2109	1983	1949	1767	1459	1356	1140	1083	1128	775	581	353	399	0	478	467	558	706	866	1311	1231	1675	1835	1516	
1276	1983	2428	2109	2120	2234	2314	2576	2462	2428	2245	1938	1835	1618	1527	1504	1174	969	786	524	478	0	307	570	752	946	1288	1345	1767	1983	1778	
1094	1687	2131	1846	1881	2006	2120	2394	2314	2314	2166	1869	1789	1584	1550	1607	1242	1048	832	718	467	307	0	262	444	627	980	1037	1447	1664	1482	
934	1436	1881	1607	1664	1801	1926	2223	2166	2200	2063	1789	1732	1550	1550	1675	1311	1140	900	900	558	570	262	0	182	364	763	775	1197	1402	1219	
900	1276	1721	1482	1550	1698	1846	2154	2131	2166	2063	1812	1767	1596	1630	1778	1425	1265	1026	1071	706	752	444	182	0	182	592	581	1014	1219	1060	
877	1105	1550	1345	1436	1596	1755	2086	2074	2143	2052	1824	1801	1641	1698	1892	1539	1390	1151	1242	866	946	627	364	182	0	467	399	832	1026	889	
1299	1174	1573	1516	1653	1846	2029	2382	2416	2508	2462	2245	2245	2097	2166	2359	2006	1858	1618	1664	1311	1288	980	763	592	467	0	387	558	832	969	
991	809	1231	1128	1265	1459	1641	1995	2040	2154	2120	1926	1949	1824	1926	2166	1824	1710	1482	1630	1231	1345	1037	775	581	399	387	0	444	627	592	
1356	798	1105	1197	1368	1584	1789	2154	2245	2394	2405	2257	2302	2211	2325	2587	2257	2154	1926	2074	1675	1767	1447	1197	1014	832	558	444	0	285	649	
1379	615	843	1014	1208	1413	1641	1995	2120	2291	2337	2223	2291	2211	2359	2656	2337	2257	2052	2234	1835	1983	1664	1402	1219	1026	832	627	285	0	535	
889	216	649	558	718	923	1140	1493	1596	1755	1789	1687	1755	1698	1869	2188	1892	1846	1653	1915	1516	1778	1482	1219	1060	889	969	592	649	535	0	
V1
0	1302	1776	1198	1154	1243	1332	1687	1598	1642	1524	1228	1243	1095	1272	1672	1317	1272	1095	1554	1110	1657	1420	1213	1169	1139	1687	1287	1761	1790	1154	
1302	0	577	518	769	1036	1317	1790	1953	2190	2279	2190	2323	2279	2516	2960	2619	2560	2338	2708	2190	2575	2190	1864	1657	1435	1524	1050	1036	799	281	
1776	577	0	636	858	1065	1332	1746	1998	2294	2456	2456	2634	2649	2915	3389	3078	3063	2856	3256	2752	3152	2767	2442	2234	2012	2042	1598	1435	1095	843	
1198	518	636	0	251	518	799	1258	1450	1716	1850	1820	1983	1998	2279	2752	2471	2471	2308	2752	2264	2738	2397	2086	1924	1746	1968	1465	1554	1317	725	
1154	769	858	251	0	266	547	1006	1184	1450	1598	1598	1776	1820	2101	2590	2338	2382	2234	2708	2249	2752	2442	2160	2012	1864	2146	1642	1776	1568	932	
1243	1036	1065	518	266	0	281	740	932	1213	1391	1450	1657	1731	2027	2530	2338	2397	2294	2782	2353	2900	2604	2338	2205	2072	2397	1894	2057	1835	1198	
1332	1317	1332	799	547	281	0	458	651	947	1169	1287	1509	1628	1938	2442	2294	2397	2323	2826	2442	3004	2752	2501	2397	2279	2634	2131	2323	2131	1480	
1687	1790	1746	1258	1006	740	458	0	355	680	991	1258	1494	1702	1998	2501	2442	2575	2560	3078	2738	3344	3108	2886	2797	2708	3093	2590	2797	2590	1938	
1598	1953	1998	1450	1184	932	651	355	0	325	651	947	1184	1406	1702	2190	2175	2338	2353	2886	2575	3196	3004	2812	2767	2693	3137	2649	2915	2752	2072	
1642	2190	2294	1716	1450	1213	947	680	325	0	355	725	962	1228	1494	1968	1998	2190	2249	2782	2530	3152	3004	2856	2812	2782	3256	2797	3108	2974	2279	
1524	2279	2456	1850	1598	1391	1169	991	651	355	0	399	621	888	1154	1598	1672	1879	1953	2486	2294	2915	2812	2678	2678	2664	3196	2752	3122	3034	2323	
1228	2190	2456	1820	1598	1450	1287	1258	947	725	399	0	236	488	769	1243	1258	1465	1554	2072	1894	2516	2427	2323	2353	2368	2915	2501	2930	2886	2190	
1243	2323	2634	1983	1776	1657	1509	1494	1184	962	621	236	0	281	532	1006	1050	1272	1376	1894	1761	2382	2323	2249	2294	2338	2915	2530	2989	2974	2279	
1095	2279	2649	1998	1820	1731	1628	1702	1406	1228	888	488	281	0	310	814	769	976	1095	1598	1480	2101	2057	2012	2072	2131	2723	2368	2871	2871	2205	
1272	2516	2915	2279	2101	2027	1938	1998	1702	1494	1154	769	532	310	0	503	532	784	962	1435	1406	1983	2012	2012	2116	2205	2812	2501	3019	3063	2427	
1672	2960	3389	2752	2590	2530	2442	2501	2190	1968	1598	1243	1006	814	503	0	458	710	1006	1302	1465	1953	2086	2175	2308	2456	3063	2812	3359	3448	2841	
1317	2619	3078	2471	2338	2338	2294	2442	2175	1998	1672	1258	1050	769	532	458	0	266	532	917	1006	1524	1613	1702	1850	1998	2604	2368	2930	3034	2456	
1272	2560	3063	2471	2382	2397	2397	2575	2338	2190	1879	1465	1272	976	784	710	266	0	296	651	754	1258	1361	1480	1642	1805	2412	2220	2797	2930	2397	
1095	2338	2856	2308	2234	2294	2323	2560	2353	2249	1953	1554	1376	1095	962	1006	532	296	0	532	458	1021	1080	1169	1332	1494	2101	1924	2501	2664	2146	
1554	2708	3256	2752	2708	2782	2826	3078	2886	2782	2486	2072	1894	1598	1435	1302	917	651	532	0	518	680	932	1169	1391	1613	2160	2116	2693	2900	2486	
1110	2190	2752	2264	2249	2353	2442	2738	2575	2530	2294	1894	1761	1480	1406	1465	1006	754	458	518	0	621	606	725	917	1124	1702	1598	2175	2382	1968	
1657	2575	3152	2738	2752	2900	3004	3344	3196	3152	2915	2516	2382	2101	1983	1953	1524	1258	1021	680	621	0	399	740	976	1228	1672	1746	2294	2575	2308	
1420	2190	2767	2397	2442	2604	2752	3108	3004	3004	2812	2427	2323	2057	2012	2086	1613	1361	1080	932	606	399	0	340	577	814	1272	1346	1879	2160	1924	
1213	1864	2442	2086	2160	2338	2501	2886	2812	2856	2678	2323	2249	2012	2012	2175	1702	1480	1169	1169	725	740	340	0	236	473	991	1006	1554	1820	1583	
1169	1657	2234	1924	2012	2205	2397	2797	2767	2812	2678	2353	2294	2072	2116	2308	1850	1642	1332	1391	917	976	577	236	0	236	769	754	1317	1583	1376	
1139	1435	2012	1746	1864	2072	2279	2708	2693	2782	2664	2368	2338	2131	2205	2456	1998	1805	1494	1613	1124	1228	814	473	236	0	606	518	1080	1332	1154	
1687	1524	2042	1968	2146	2397	2634	3093	3137	3256	3196	2915	2915	2723	2812	3063	2604	2412	2101	2160	1702	1672	1272	991	769	606	0	503	725	1080	1258	
1287	1050	1598	1465	1642	1894	2131	2590	2649	2797	2752	2501	2530	2368	2501	2812	2368	2220	1924	2116	1598	1746	1346	1006	754	518	503	0	577	814	769	
1761	1036	1435	1554	1776	2057	2323	2797	2915	3108	3122	2930	2989	2871	3019	3359	2930	2797	2501	2693	2175	2294	1879	1554	1317	1080	725	577	0	370	843	
1790	799	1095	1317	1568	1835	2131	2590	2752	2974	3034	2886	2974	2871	3063	3448	3034	2930	2664	2900	2382	2575	2160	1820	1583	1332	1080	814	370	0	695	
1154	281	843	725	932	1198	1480	1938	2072	2279	2323	2190	2279	2205	2427	2841	2456	2397	2146	2486	1968	2308	1924	1583	1376	1154	1258	769	843	695	0	
V2
0	774	1056	712	686	739	792	1003	950	976	906	730	739	651	756	994	783	756	651	924	660	985	844	721	695	677	1003	765	1047	1064	686	
774	0	343	308	457	616	783	1064	1161	1302	1355	1302	1381	1355	1496	1760	1557	1522	1390	1610	1302	1531	1302	1108	985	853	906	624	616	475	167	
1056	343	0	378	510	633	792	1038	1188	1364	1460	1460	1566	1575	1733	2015	1830	1821	1698	1936	1636	1874	1645	1452	1328	1196	1214	950	853	651	501	
712	308	378	0	149	308	475	748	862	1020	1100	1082	1179	1188	1355	1636	1469	1469	1372	1636	1346	1628	1425	1240	1144	1038	1170	871	924	783	431	
686	457	510	149	0	158	325	598	704	862	950	950	1056	1082	1249	1540	1390	1416	1328	1610	1337	1636	1452	1284	1196	1108	1276	976	1056	932	554	
739	616	633	308	158	0	167	440	554	721	827	862	985	1029	1205	1504	1390	1425	1364	1654	1399	1724	1548	1390	1311	1232	1425	1126	1223	1091	712	
792	783	792	475	325	167	0	272	387	563	695	765	897	968	1152	1452	1364	1425	1381	1680	1452	1786	1636	1487	1425	1355	1566	1267	1381	1267	880	
1003	1064	1038	748	598	440	272	0	211	404	589	748	888	1012	1188	1487	1452	1531	1522	1830	1628	1988	1848	1716	1663	1610	1839	1540	1663	1540	1152	
950	1161	1188	862	704	554	387	211	0	193	387	563	704	836	1012	1302	1293	1390	1399	1716	1531	1900	1786	1672	1645	1601	1865	1575	1733	1636	1232	
976	1302	1364	1020	862	721	563	404	193	0	211	431	572	730	888	1170	1188	1302	1337	1654	1504	1874	1786	1698	1672	1654	1936	1663	1848	1768	1355	
906	1355	1460	1100	950	827	695	589	387	211	0	237	369	528	686	950	994	1117	1161	1478	1364	1733	1672	1592	1592	1584	1900	1636	1856	1804	1381	
730	1302	1460	1082	950	862	765	748	563	431	237	0	140	290	457	739	748	871	924	1232	1126	1496	1443	1381	1399	1408	1733	1487	1742	1716	1302	
739	1381	1566	1179	1056	985	897	888	704	572	369	140	0	167	316	598	624	756	818	1126	1047	1416	1381	1337	1364	1390	1733	1504	1777	1768	1355	
651	1355	1575	1188	1082	1029	968	1012	836	730	528	290	167	0	184	484	457	580	651	950	880	1249	1223	1196	1232	1267	1619	1408	1707	1707	1311	
756	1496	1733	1355	1249	1205	1152	1188	1012	888	686	457	316	184	0	299	316	466	572	853	836	1179	1196	1196	1258	1311	1672	1487	1795	1821	1443	
994	1760	2015	1636	1540	1504	1452	1487	1302	1170	950	739	598	484	299	0	272	422	598	774	871	1161	1240	1293	1372	1460	1821	1672	1997	2050	1689	
783	1557	1830	1469	1390	1390	1364	1452	1293	1188	994	748	624	457	316	272	0	158	316	545	598	906	959	1012	1100	1188	1548	1408	1742	1804	1460	
756	1522	1821	1469	1416	1425	1425	1531	1390	1302	1117	871	756	580	466	422	158	0	176	387	448	748	809	880	976	1073	1434	1320	1663	1742	1425	
651	1390	1698	1372	1328	1364	1381	1522	1399	1337	1161	924	818	651	572	598	316	176	0	316	272	607	642	695	792	888	1249	1144	1487	1584	1276	
924	1610	1936	1636	1610	1654	1680	1830	1716	1654	1478	1232	1126	950	853	774	545	387	316	0	308	404	554	695	827	959	1284	1258	1601	1724	1478	
660	1302	1636	1346	1337	1399	1452	1628	1531	1504	1364	1126	1047	880	836	871	598	448	272	308	0	369	360	431	545	668	1012	950	1293	1416	1170	
985	1531	1874	1628	1636	1724	1786	1988	1900	1874	1733	1496	1416	1249	1179	1161	906	748	607	404	369	0	237	440	580	730	994	1038	1364	1531	1372	
844	1302	1645	1425	1452	1548	1636	1848	1786	1786	1672	1443	1381	1223	1196	1240	959	809	642	554	360	237	0	202	343	484	756	800	1117	1284	1144	
721	1108	1452	1240	1284	1390	1487	1716	1672	1698	1592	1381	1337	1196	1196	1293	1012	880	695	695	431	440	202	0	140	281	589	598	924	1082	941	
695	985	1328	1144	1196	1311	1425	1663	1645	1672	1592	1399	1364	1232	1258	1372	1100	976	792	827	545	580	343	140	0	140	457	448	783	941	818	
677	853	1196	1038	1108	1232	1355	1610	1601	1654	1584	1408	1390	1267	1311	1460	1188	1073	888	959	668	730	484	281	140	0	360	308	642	792	686	
1003	906	1214	1170	1276	1425	1566	1839	1865	1936	1900	1733	1733	1619	1672	1821	1548	1434	1249	1284	1012	994	756	589	457	360	0	299	431	642	748	
765	624	950	871	976	1126	1267	1540	1575	1663	1636	1487	1504	1408	1487	1672	1408	1320	1144	1258	950	1038	800	598	448	308	299	0	343	484	457	
1047	616	853	924	1056	1223	1381	1663	1733	1848	1856	1742	1777	1707	1795	1997	1742	1663	1487	1601	1293	1364	1117	924	783	642	431	343	0	220	501	
