M: 8
N: 30
Nun_Veiculos: 8
Capacidade_Total: 539
Demanda_Total: 446
Setup_Min: 1
Setup_Max: 9
Raio: 100
Circulos: 1
Tempo_Processamento_Min: 1
Tempo_Processamento_Max: 49
Demanda_Min: 10
Demanda_Max: 30
Priority_Factor: 0.2
Range_Factor_R: 0.8
U_factor: 2
ALpha: 0.2Replicao: 0
Tempos_Processamentos
0	0	1	0	2	0	3	0	4	0	5	0	6	0	7	0	
0	5	1	33	2	22	3	26	4	49	5	19	6	48	7	7	
0	38	1	12	2	4	3	41	4	49	5	1	6	29	7	45	
0	7	1	21	2	41	3	6	4	16	5	18	6	47	7	9	
0	28	1	5	2	34	3	28	4	40	5	30	6	23	7	37	
0	18	1	16	2	46	3	24	4	47	5	18	6	37	7	6	
0	37	1	12	2	13	3	19	4	1	5	3	6	37	7	34	
0	6	1	46	2	29	3	25	4	13	5	7	6	31	7	7	
0	42	1	32	2	24	3	44	4	48	5	26	6	27	7	29	
0	5	1	26	2	30	3	31	4	10	5	47	6	23	7	24	
0	16	1	8	2	43	3	24	4	45	5	43	6	46	7	49	
0	5	1	41	2	8	3	17	4	14	5	3	6	1	7	27	
0	49	1	39	2	17	3	38	4	34	5	34	6	31	7	31	
0	24	1	26	2	13	3	33	4	45	5	36	6	18	7	49	
0	26	1	40	2	46	3	19	4	22	5	43	6	31	7	1	
0	8	1	33	2	15	3	8	4	1	5	35	6	43	7	13	
0	20	1	38	2	36	3	7	4	8	5	23	6	6	7	39	
0	41	1	10	2	27	3	44	4	24	5	42	6	33	7	37	
0	38	1	1	2	48	3	45	4	34	5	39	6	45	7	41	
0	27	1	18	2	4	3	21	4	11	5	23	6	46	7	4	
0	22	1	2	2	38	3	43	4	19	5	36	6	37	7	40	
0	28	1	24	2	39	3	32	4	48	5	30	6	22	7	12	
0	18	1	41	2	11	3	3	4	11	5	11	6	48	7	13	
0	10	1	35	2	11	3	22	4	46	5	44	6	45	7	41	
0	29	1	21	2	27	3	11	4	44	5	48	6	2	7	3	
0	45	1	5	2	30	3	9	4	34	5	9	6	1	7	27	
0	46	1	4	2	30	3	37	4	29	5	49	6	32	7	26	
0	33	1	7	2	1	3	31	4	40	5	1	6	30	7	39	
0	13	1	8	2	2	3	35	4	24	5	19	6	27	7	34	
0	41	1	43	2	6	3	44	4	24	5	8	6	32	7	27	
0	20	1	33	2	29	3	7	4	30	5	48	6	9	7	18	

Tempos_setup
M0
0	0	0	0	0	0	0	0	0	0	0	0	0	0	0	0	0	0	0	0	0	0	0	0	0	0	0	0	0	0	0	
0	0	2	2	2	3	1	3	3	3	3	3	4	5	2	2	3	2	3	3	2	2	1	2	1	3	2	2	3	2	2	
0	2	0	2	3	4	3	2	3	3	1	3	3	4	1	3	3	3	2	2	2	2	3	1	3	2	2	2	3	3	3	
0	3	2	0	3	3	2	2	3	3	3	2	4	4	2	2	3	2	3	4	3	2	2	3	4	2	2	1	1	1	4	
0	4	2	1	0	3	3	3	2	3	3	2	3	4	3	3	3	3	2	3	2	1	3	3	4	2	3	2	2	2	4	
0	4	3	4	3	0	3	1	3	2	2	2	5	3	3	3	2	4	2	3	2	3	3	3	4	2	3	3	3	4	2	
0	3	3	1	3	3	0	3	3	3	4	3	3	5	2	2	3	3	3	4	3	2	2	4	4	3	1	2	2	2	3	
0	3	2	3	2	3	3	0	2	1	3	1	4	3	2	2	1	3	1	2	1	2	2	2	3	1	3	2	2	3	2	
0	4	3	3	2	4	3	3	0	3	4	2	3	4	3	3	1	1	2	3	2	1	3	1	3	2	2	3	3	2	2	
0	4	2	3	4	4	4	3	3	0	3	4	3	3	3	3	4	4	3	4	3	4	4	2	4	3	3	4	2	4	4	
0	2	3	3	3	3	2	1	3	2	0	2	3	4	3	3	2	4	2	3	2	2	3	3	3	2	3	3	3	4	2	
0	2	1	2	4	3	3	3	2	3	2	0	4	5	1	2	3	3	3	3	3	2	3	2	3	3	3	2	3	3	2	
0	3	2	2	3	3	4	4	1	4	3	1	0	3	2	2	2	2	3	4	3	2	2	2	4	3	1	3	2	3	3	
0	2	2	2	1	3	1	2	1	3	3	3	4	0	3	3	2	2	3	4	3	2	3	2	1	2	2	2	3	3	3	
0	1	1	1	3	4	2	3	3	4	2	2	4	5	0	3	4	3	3	3	3	2	2	2	2	3	3	1	2	2	3	
0	4	3	3	2	1	3	2	3	3	3	2	3	4	3	0	1	4	3	3	3	2	3	4	3	3	3	3	4	4	2	
0	3	3	2	1	4	4	3	2	2	3	2	3	3	3	3	0	3	2	2	2	1	3	3	4	3	2	2	3	3	1	
0	3	2	3	3	4	2	2	3	3	3	1	4	4	2	3	2	0	3	4	3	3	2	3	4	2	3	3	4	1	3	
0	2	3	3	3	2	3	3	1	4	4	3	3	4	3	1	2	2	0	3	2	2	3	1	3	2	2	3	3	3	3	
0	3	1	2	1	3	2	3	3	2	2	3	4	5	2	2	3	3	3	0	1	2	4	2	3	3	3	3	3	3	4	
0	3	2	3	2	2	3	3	3	3	3	3	3	4	3	3	4	2	2	1	0	2	3	1	2	2	2	3	3	3	3	
0	3	2	3	3	3	4	4	1	4	3	1	2	5	2	2	2	2	1	2	1	0	4	2	3	3	3	3	4	3	3	
0	4	3	2	1	3	2	2	3	3	3	2	3	4	3	4	3	1	3	2	1	2	0	2	3	2	3	3	3	1	4	
0	3	2	2	3	3	4	3	2	4	3	3	2	3	2	2	3	2	1	2	1	2	2	0	3	1	1	2	2	3	4	
0	1	1	3	3	2	2	2	2	3	2	2	3	4	2	3	3	1	2	3	2	1	2	1	0	2	2	1	3	2	3	
0	3	3	3	2	4	3	3	3	4	3	2	4	2	2	4	4	2	3	3	2	2	1	3	3	0	4	1	3	2	4	
0	2	2	1	2	2	3	3	2	4	3	2	2	5	1	1	2	2	2	3	2	1	1	3	3	3	0	2	2	2	3	
0	3	2	3	4	4	3	4	2	3	3	1	3	5	2	3	3	3	2	3	2	1	4	3	4	3	4	0	4	4	3	
0	2	2	1	3	2	3	3	2	4	3	3	3	3	1	1	2	3	2	3	2	2	2	3	3	2	1	2	0	2	3	
0	4	3	2	2	4	1	1	3	2	2	2	3	3	3	3	2	1	2	3	2	3	1	3	4	1	2	2	3	0	3	
0	3	2	2	2	3	3	4	1	1	3	2	3	4	2	2	1	2	2	3	2	1	2	2	3	3	1	1	3	3	0	
M1
0	0	0	0	0	0	0	0	0	0	0	0	0	0	0	0	0	0	0	0	0	0	0	0	0	0	0	0	0	0	0	
0	0	3	3	2	3	2	3	3	2	1	4	3	2	3	1	3	2	4	1	2	4	3	3	1	4	3	2	2	2	2	
0	4	0	2	2	5	3	4	4	4	4	2	3	1	3	3	3	3	3	2	3	5	2	3	2	2	1	3	3	4	3	
0	2	4	0	3	3	3	4	4	2	3	4	1	3	4	2	1	3	1	3	4	4	3	4	3	3	4	3	4	2	4	
0	2	2	1	0	3	3	3	2	3	2	4	2	3	4	2	2	1	2	3	1	3	2	2	2	3	3	3	3	2	1	
0	2	3	2	3	0	3	3	4	3	3	4	2	2	1	3	3	4	3	3	3	5	3	5	2	4	3	3	2	3	2	
0	3	3	4	3	2	0	4	4	3	3	4	2	4	3	2	3	3	3	4	3	2	3	4	4	5	4	2	3	1	4	
0	1	3	3	2	2	2	0	4	3	2	5	2	3	1	2	4	3	3	2	3	3	1	3	1	2	3	2	2	1	2	
0	2	2	3	3	3	1	4	0	3	2	3	2	2	2	3	4	2	3	3	3	1	4	3	3	3	2	3	2	2	3	
0	4	3	3	2	3	3	3	4	0	4	4	3	2	2	4	3	3	4	3	2	5	4	4	3	5	4	1	4	4	3	
0	1	2	3	2	3	2	3	4	3	0	3	3	1	2	1	2	3	3	2	1	4	4	4	2	4	3	2	3	2	3	
0	3	4	2	2	3	2	2	3	2	2	0	3	3	3	1	3	2	3	3	3	3	3	1	3	1	4	2	3	2	3	
0	3	3	4	3	2	3	3	3	1	3	5	0	3	3	4	4	2	4	3	3	4	4	3	4	5	4	2	4	3	4	
0	3	1	2	1	4	2	4	3	4	3	2	3	0	2	3	2	2	3	1	2	4	3	3	3	3	2	4	4	3	2	
0	3	3	2	4	3	4	4	4	2	4	5	1	4	0	4	3	3	2	2	4	5	3	4	1	4	3	3	2	3	2	
0	2	3	2	1	2	1	2	3	3	1	3	2	2	2	0	3	2	3	2	2	3	3	3	3	4	4	1	4	1	2	
0	3	3	3	2	3	2	3	4	4	2	4	3	3	3	1	0	3	1	3	3	4	2	4	3	5	4	2	4	2	3	
0	2	2	2	3	2	2	2	1	2	1	4	2	2	3	2	3	0	3	3	2	2	2	1	3	4	3	2	2	1	3	
0	3	4	3	2	2	4	5	4	3	2	5	2	3	3	3	4	3	0	4	3	3	4	4	4	5	4	4	4	1	3	
0	3	3	3	4	3	3	3	2	3	2	5	3	3	4	3	2	1	3	0	3	3	2	2	4	3	2	3	3	2	4	
0	3	1	3	3	4	3	4	4	4	3	3	4	2	3	2	4	4	4	3	0	3	3	4	1	3	2	3	2	3	2	
0	3	1	3	3	3	3	3	2	3	2	2	3	2	3	3	3	1	2	2	3	0	3	2	3	3	2	2	1	2	2	
0	2	3	3	2	3	3	3	4	2	3	5	1	3	2	3	4	3	4	2	2	5	0	4	3	5	4	1	4	4	3	
0	2	3	1	2	3	2	1	2	1	2	5	2	3	2	2	2	1	2	3	3	3	2	0	2	3	4	2	3	2	3	
0	2	2	2	3	4	4	4	3	3	3	4	3	3	3	3	3	4	3	3	3	4	2	5	0	3	2	2	1	3	1	
0	3	3	1	2	3	3	5	4	3	4	3	2	4	4	3	2	3	2	2	2	4	3	4	3	0	4	4	4	2	3	
0	3	2	1	2	4	3	3	3	3	3	3	2	1	3	3	2	2	2	1	3	4	3	3	4	1	0	4	4	3	3	
0	3	2	2	1	4	2	2	3	3	3	4	2	3	1	3	3	2	3	3	1	4	3	3	2	4	3	0	3	3	2	
0	2	1	2	2	4	3	3	3	2	2	3	3	2	2	2	2	3	3	2	2	3	2	4	3	2	1	1	0	3	1	
0	2	3	3	3	1	3	4	4	2	3	4	1	3	2	2	4	3	4	3	4	2	4	4	3	5	4	3	3	0	3	
0	1	3	3	3	3	3	4	2	3	2	4	2	3	3	2	4	3	4	2	2	3	1	4	2	2	4	2	3	2	0	
M2
0	0	0	0	0	0	0	0	0	0	0	0	0	0	0	0	0	0	0	0	0	0	0	0	0	0	0	0	0	0	0	
0	0	2	2	3	1	3	3	3	2	3	1	2	2	2	2	2	2	1	3	3	3	2	1	3	2	2	3	2	2	2	
0	1	0	2	2	1	2	2	2	2	2	2	2	3	3	2	2	1	2	2	4	2	3	2	1	2	1	4	3	3	3	
0	2	1	0	3	2	3	2	2	3	3	2	2	1	3	3	3	2	2	3	3	1	2	3	2	2	2	4	2	2	3	
0	2	3	4	0	3	2	4	4	3	3	2	2	3	3	3	3	2	3	1	3	2	3	2	4	3	3	3	2	2	3	
0	2	1	1	3	0	2	3	3	3	3	1	1	2	3	3	2	2	2	3	4	2	2	2	2	2	2	3	3	3	2	
0	2	2	4	2	3	0	3	2	1	2	2	2	1	3	3	3	1	2	2	3	1	2	3	3	2	2	4	2	2	3	
0	3	2	4	1	3	2	0	4	3	4	3	2	3	3	4	3	3	3	2	4	3	2	2	3	4	3	4	3	3	4	
0	2	1	3	2	2	1	3	0	2	3	1	3	2	3	2	2	2	1	3	2	2	1	2	2	2	2	3	2	1	2	
0	2	1	3	2	2	2	3	2	0	2	3	3	3	3	3	2	2	3	1	2	3	2	3	2	3	2	3	4	1	3	
0	2	3	4	3	3	2	3	3	3	0	2	3	2	3	2	3	2	1	1	3	3	3	2	3	3	2	3	2	3	1	
0	2	1	3	2	2	2	3	2	3	2	0	2	1	3	2	3	1	2	3	3	2	1	3	2	1	2	3	2	2	1	
0	2	2	3	2	2	1	2	3	2	2	3	0	2	2	2	1	2	1	2	3	1	2	1	2	3	1	2	2	3	3	
0	3	2	3	2	2	2	3	1	3	3	1	1	0	3	2	2	2	1	3	2	2	2	2	3	1	2	3	2	1	2	
0	3	2	4	3	3	2	4	1	3	3	2	3	3	0	3	3	2	2	4	2	3	2	3	3	3	3	3	3	2	3	
0	2	3	3	1	2	3	2	3	4	3	3	3	3	2	0	1	3	2	2	4	3	4	3	3	4	2	4	3	3	4	
0	1	2	2	2	1	2	1	2	3	2	2	2	3	1	3	0	2	2	1	3	3	3	2	2	3	1	3	3	3	3	
0	3	2	4	1	3	1	2	3	2	1	3	3	2	2	3	4	0	2	2	3	2	3	3	2	3	1	4	3	2	2	
0	2	2	4	2	3	3	2	2	3	2	2	2	1	2	1	2	3	0	3	3	3	3	1	2	2	1	3	1	2	3	
0	1	3	3	2	2	1	3	3	2	2	2	3	2	3	2	3	1	2	0	2	2	3	2	3	2	2	2	3	3	3	
0	2	2	2	2	1	2	2	2	3	3	1	1	1	2	3	2	2	2	3	0	2	2	2	3	2	2	1	2	1	2	
0	1	2	3	3	2	3	4	2	3	3	2	2	1	2	3	3	3	2	3	3	0	1	2	2	2	3	3	1	2	3	
0	2	1	2	3	2	2	3	3	3	3	2	3	2	4	3	3	2	3	2	4	2	0	3	1	2	2	4	2	3	3	
0	1	1	3	3	2	3	3	2	2	3	2	3	3	1	3	3	2	2	3	3	3	3	0	2	3	2	3	2	3	3	
0	2	3	4	2	3	2	4	3	3	3	3	3	2	3	3	3	2	3	1	3	1	2	3	0	1	3	3	2	3	4	
0	2	2	3	3	3	2	3	3	2	3	3	3	2	3	2	3	3	3	2	4	1	1	3	2	0	3	2	1	3	3	
0	2	3	4	2	3	3	1	4	2	1	3	3	3	4	3	4	3	2	2	4	2	3	3	1	2	0	4	2	3	2	
0	3	2	2	2	1	3	1	2	4	2	2	2	3	1	2	3	3	2	3	3	3	3	3	3	3	3	0	2	2	1	
0	2	4	4	4	3	3	3	4	4	2	3	4	4	3	4	4	4	3	3	3	4	4	3	5	4	4	2	0	4	3	
0	3	2	2	1	1	3	3	3	4	4	2	2	2	3	4	3	3	3	2	1	3	2	3	3	3	3	2	3	0	3	
0	3	3	3	2	2	3	3	2	3	1	3	3	3	2	1	2	3	2	2	2	3	3	3	4	4	3	3	3	3	0	
M3
0	0	0	0	0	0	0	0	0	0	0	0	0	0	0	0	0	0	0	0	0	0	0	0	0	0	0	0	0	0	0	
0	0	3	2	2	3	2	1	3	2	3	2	4	1	1	2	3	2	2	2	3	2	3	3	3	4	3	2	3	3	3	
0	2	0	2	3	3	2	2	3	2	3	2	2	1	3	2	3	3	1	1	3	2	2	2	4	3	1	3	3	3	2	
0	2	2	0	2	1	2	1	4	3	4	3	2	2	3	3	4	1	2	2	2	2	3	3	2	3	3	3	2	1	2	
0	1	2	3	0	3	3	2	2	3	3	2	2	2	2	1	4	3	2	2	4	3	2	3	2	3	2	3	3	4	3	
0	1	2	3	2	0	1	2	3	2	3	2	1	2	2	3	3	2	2	2	2	3	2	3	1	2	2	2	2	1	1	
0	3	2	2	2	3	0	3	3	1	2	1	3	1	4	2	3	2	3	3	3	3	2	3	3	3	3	4	3	3	4	
0	2	3	2	1	3	2	0	3	2	3	2	3	1	3	2	3	3	3	3	2	1	3	4	3	4	3	3	2	3	4	
0	2	2	2	3	2	3	3	0	1	3	2	2	3	1	3	4	2	2	2	3	3	3	3	1	2	3	2	2	3	3	
0	3	1	3	3	4	3	3	3	0	4	3	3	2	3	2	3	1	2	2	4	3	2	3	2	3	2	4	2	4	3	
0	3	2	3	2	3	1	2	2	2	0	2	2	2	2	3	3	3	2	3	2	1	1	3	3	1	3	3	2	1	3	
0	2	2	3	1	4	2	3	3	3	1	0	2	3	3	2	4	3	3	3	2	2	1	4	3	2	2	3	3	2	3	
0	2	2	2	1	3	2	2	3	2	3	2	0	1	2	2	3	1	2	3	3	3	2	3	3	4	1	1	2	3	1	
0	2	2	1	2	2	1	2	2	1	2	1	3	0	3	1	2	2	3	2	2	3	2	3	3	3	2	4	2	2	3	
0	2	2	1	3	2	3	2	3	3	4	3	3	2	0	3	4	2	1	1	3	2	2	2	2	3	2	1	3	2	2	
0	3	2	3	3	2	3	3	1	2	4	3	2	3	2	0	5	3	2	1	4	3	2	3	2	3	1	3	3	3	3	
0	2	3	1	1	2	3	2	2	2	3	2	2	3	3	2	0	2	3	3	3	3	1	1	3	4	3	3	1	2	3	
0	3	1	2	4	3	2	3	3	3	4	3	3	2	4	3	3	0	2	2	4	3	3	3	4	4	2	4	1	3	3	
0	1	3	3	2	4	3	1	2	2	3	2	2	2	2	3	3	3	0	3	3	1	2	1	3	4	1	2	2	3	1	
0	3	1	2	3	3	3	2	3	3	3	2	2	2	4	3	4	3	2	0	3	3	1	3	4	4	2	3	4	3	2	
0	3	3	3	2	4	3	1	4	3	2	1	3	2	4	3	4	3	4	2	0	2	2	5	4	3	3	4	3	3	4	
0	2	3	3	1	3	3	3	3	4	2	1	2	3	3	2	2	3	3	3	2	0	2	3	3	3	3	2	1	3	3	
0	3	3	3	2	4	3	3	2	3	2	1	1	2	3	3	3	2	3	4	2	3	0	4	3	3	2	2	3	3	2	
0	3	2	3	3	3	4	4	1	1	3	2	2	3	2	3	3	2	3	3	3	4	1	0	2	3	3	3	3	4	3	
0	1	2	3	2	3	2	2	3	2	2	1	1	2	2	3	3	2	3	1	2	3	2	2	0	1	2	2	1	3	2	
0	3	3	2	3	2	3	2	3	4	3	2	2	3	1	2	2	3	2	2	1	3	3	3	3	0	3	2	3	3	3	
0	3	3	3	2	4	2	3	4	3	4	3	1	2	3	3	4	2	3	4	4	4	3	4	4	5	0	2	3	2	2	
0	2	3	2	3	3	2	2	3	2	3	2	2	1	3	2	3	3	1	3	3	2	1	2	3	4	2	0	3	3	2	
0	4	2	4	4	5	4	4	4	4	5	4	4	3	5	4	5	5	3	3	5	3	4	3	4	4	3	4	0	3	4	
0	2	1	3	3	4	3	2	3	2	4	3	2	2	3	3	4	3	1	2	4	2	3	2	4	4	2	2	3	0	2	
0	2	3	3	1	4	4	3	2	3	4	3	3	3	2	2	2	4	3	3	3	4	3	3	2	3	3	3	3	4	0	
M4
0	0	0	0	0	0	0	0	0	0	0	0	0	0	0	0	0	0	0	0	0	0	0	0	0	0	0	0	0	0	0	
0	0	1	1	3	3	2	2	2	2	3	2	1	2	3	2	1	3	3	1	4	3	5	2	2	2	4	4	4	3	2	
0	2	0	3	2	3	4	2	3	1	3	1	2	3	2	2	3	3	3	3	3	3	4	1	2	3	3	3	3	4	4	
0	2	1	0	3	3	3	3	3	2	2	2	2	3	2	1	2	2	2	2	3	2	4	1	3	1	3	3	3	2	3	
0	3	4	4	0	3	4	3	3	1	3	3	4	2	2	3	3	3	2	3	2	3	4	3	2	2	3	3	4	3	2	
0	2	3	2	3	0	2	2	2	2	1	2	3	3	2	3	2	1	3	1	3	3	2	2	3	1	2	2	1	2	2	
0	3	1	3	3	1	0	2	3	2	2	2	3	3	2	3	2	1	3	2	3	3	3	2	3	2	2	3	2	2	3	
0	3	4	3	3	4	3	0	3	3	1	3	3	3	4	3	4	4	4	2	4	3	3	2	3	4	3	4	3	3	2	
0	2	2	3	3	3	3	3	0	2	2	3	3	3	2	1	2	2	2	2	3	2	5	3	2	1	3	3	4	4	2	
0	2	3	3	2	2	3	3	2	0	3	2	3	3	1	2	3	2	3	3	2	2	4	3	1	2	2	2	3	3	3	
0	4	3	3	2	3	2	3	2	2	0	3	3	4	3	3	4	3	4	2	3	2	5	3	2	3	3	3	4	4	1	
0	3	3	2	2	2	4	1	3	3	2	0	4	4	4	3	4	3	3	3	4	4	4	3	4	3	4	2	3	4	3	
0	2	3	2	3	3	2	3	2	1	2	2	0	4	2	3	3	3	4	1	3	3	5	2	2	3	3	3	4	4	3	
0	1	2	2	3	3	3	3	3	3	3	3	2	0	3	1	2	2	2	2	3	2	5	3	3	2	3	3	4	3	3	
0	2	3	3	2	3	3	2	2	3	3	1	3	2	0	1	3	2	2	2	1	2	5	2	3	3	3	1	4	2	2	
0	1	2	2	2	2	2	2	2	2	2	2	2	3	3	0	2	1	1	1	4	1	4	2	3	3	2	2	3	4	2	
0	2	3	3	3	3	3	3	3	3	3	3	2	1	3	1	0	2	2	2	4	2	4	1	4	2	3	3	3	4	3	
0	3	3	2	3	3	2	1	2	3	2	2	3	2	4	2	1	0	3	1	5	3	4	2	3	3	4	4	4	4	2	
0	3	3	3	2	3	3	3	3	1	4	3	3	4	2	3	4	3	0	2	3	2	3	3	2	3	3	3	3	4	1	
0	2	2	1	2	2	1	2	1	2	3	1	2	3	3	2	3	2	3	0	4	3	4	1	3	2	3	3	3	3	3	
0	1	2	2	2	3	3	1	2	2	2	3	2	3	3	2	2	2	2	2	0	3	4	1	2	2	3	1	3	1	1	
0	3	3	3	2	1	2	1	3	2	2	3	1	3	3	4	3	2	2	2	4	0	3	3	3	2	1	3	2	3	3	
0	3	3	3	3	1	3	3	1	3	2	3	4	3	3	2	3	2	3	2	4	3	0	3	3	2	3	3	2	3	2	
0	1	2	2	3	3	3	3	3	2	2	2	1	2	3	1	2	2	2	2	4	2	3	0	3	3	3	3	2	3	3	
0	2	3	3	3	1	3	2	3	3	2	3	2	3	2	3	2	2	3	2	3	1	3	3	0	1	2	3	2	3	3	
0	1	2	2	3	4	3	3	3	3	4	2	2	2	1	2	1	3	3	2	2	3	5	2	3	0	4	2	4	3	3	
0	3	2	4	1	2	1	3	2	2	3	3	4	2	3	3	3	2	1	3	3	3	3	3	3	3	0	4	3	3	2	
0	3	3	2	1	3	2	2	1	2	3	2	4	3	3	2	2	1	1	2	3	3	4	3	3	2	4	0	4	4	2	
0	2	2	3	2	2	2	2	2	1	3	2	2	3	1	2	2	2	2	3	2	3	1	1	2	3	1	2	0	1	3	
0	2	2	3	1	4	3	1	2	2	2	3	2	3	3	2	3	2	2	3	3	3	4	1	3	3	4	1	3	0	3	
0	3	3	2	1	2	2	3	2	1	3	2	2	3	2	3	3	3	3	1	3	2	4	2	1	2	2	2	3	4	0	
M5
0	0	0	0	0	0	0	0	0	0	0	0	0	0	0	0	0	0	0	0	0	0	0	0	0	0	0	0	0	0	0	
0	0	2	1	2	3	3	3	3	1	4	2	2	3	3	3	3	3	1	3	4	3	3	2	3	2	2	3	4	3	3	
0	3	0	2	3	4	2	4	3	4	2	2	3	3	1	3	3	2	1	3	3	3	4	3	3	3	3	3	3	1	4	
0	2	2	0	1	4	2	3	2	3	3	1	3	4	3	2	5	3	2	3	5	2	3	3	4	1	3	3	3	3	2	
0	3	2	1	0	3	1	3	3	2	2	2	2	4	2	1	4	2	3	2	4	2	2	2	3	2	2	2	2	3	1	
0	2	2	3	2	0	3	3	2	3	1	2	4	4	3	3	4	1	3	4	5	2	3	3	2	1	2	2	3	3	2	
0	2	2	2	3	2	0	2	2	3	3	2	1	3	2	3	3	3	3	2	3	1	3	1	2	1	2	4	1	2	3	
0	2	3	3	4	2	1	0	3	3	3	3	2	1	3	3	4	3	3	2	2	1	3	2	2	2	3	2	2	2	4	
0	1	3	1	2	2	2	1	0	2	3	2	2	2	3	3	4	2	2	2	3	2	2	1	3	2	3	3	3	3	1	
0	3	1	2	3	2	3	2	2	0	3	3	2	3	2	3	2	2	2	2	4	3	4	1	2	2	1	2	3	2	3	
0	2	2	2	1	3	2	2	3	3	0	3	3	3	3	2	3	2	3	3	4	3	3	2	3	3	3	1	2	3	2	
0	4	3	2	1	3	2	3	4	3	3	0	3	4	3	2	4	3	4	3	5	3	3	3	3	3	3	3	2	2	2	
0	3	1	2	3	4	3	4	3	4	2	3	0	4	1	4	2	3	2	3	3	4	5	4	3	3	4	3	4	2	4	
0	1	2	2	3	2	3	2	3	2	3	2	2	0	2	3	4	3	2	1	1	2	3	1	1	3	2	1	1	2	3	
0	2	3	1	2	3	3	3	2	3	4	2	4	4	0	3	5	4	2	2	2	3	4	3	4	2	3	3	3	4	3	
0	3	1	2	2	3	3	2	2	3	3	3	3	3	2	0	4	2	2	3	4	3	1	2	3	2	1	1	2	2	2	
0	3	2	2	3	3	4	3	2	4	3	3	4	4	1	3	0	4	3	3	3	4	3	3	1	3	4	4	4	2	3	
0	3	3	3	2	3	3	3	2	4	3	3	3	4	3	2	4	0	2	3	4	3	3	2	5	2	1	3	4	2	3	
0	2	4	3	2	4	3	4	4	3	4	1	4	2	2	3	5	2	0	3	3	4	4	3	3	4	3	3	3	3	3	
0	2	3	3	2	1	3	2	2	3	2	1	2	3	3	3	4	2	1	0	4	3	3	2	2	2	1	3	1	3	2	
0	4	1	3	2	3	3	2	4	3	3	3	3	3	2	2	4	3	2	3	0	2	2	2	3	4	3	1	2	2	3	
0	3	3	3	3	3	2	1	4	4	4	4	3	2	2	2	5	3	3	3	3	0	2	3	3	3	3	3	3	3	4	
0	3	3	1	1	2	2	2	2	3	3	2	2	3	3	2	3	1	1	2	4	3	0	1	2	2	2	3	1	3	2	
0	3	2	1	2	1	3	2	3	4	2	2	1	3	2	3	3	2	2	1	4	2	3	0	3	2	2	3	2	2	3	
0	3	3	4	4	5	3	4	4	4	4	5	4	5	4	2	5	4	4	4	4	4	3	4	0	4	3	3	4	4	4	
0	1	1	2	3	3	2	2	1	2	3	3	3	3	2	3	4	3	2	3	4	1	3	2	4	0	3	4	3	2	2	
0	2	2	2	3	2	3	2	1	3	3	3	2	3	3	2	4	1	3	2	3	2	3	1	4	1	0	3	3	2	2	
0	3	3	2	3	2	2	1	3	2	3	2	2	2	3	4	4	3	3	2	3	2	4	1	2	3	3	0	1	3	3	
0	3	3	2	2	3	2	1	2	3	4	3	2	2	3	3	3	3	4	3	3	2	3	3	1	3	4	3	0	3	2	
0	3	3	2	2	4	3	3	4	4	1	3	4	3	2	2	2	3	3	4	4	3	3	3	3	3	3	2	3	0	3	
0	3	2	2	2	2	3	3	3	1	2	3	3	3	3	3	3	1	2	3	4	3	1	2	3	2	2	3	2	3	0	
M6
0	0	0	0	0	0	0	0	0	0	0	0	0	0	0	0	0	0	0	0	0	0	0	0	0	0	0	0	0	0	0	
0	0	3	4	4	4	3	4	5	3	4	5	4	3	4	4	4	3	3	4	2	3	3	5	4	2	3	4	2	5	4	
0	2	0	2	3	2	1	2	2	2	2	3	3	3	2	2	3	1	2	2	3	3	3	3	3	3	1	1	3	3	2	
0	2	2	0	2	2	3	1	1	2	4	2	2	3	3	1	1	2	2	4	2	2	2	3	1	3	2	3	2	2	3	
0	2	2	2	0	3	1	1	3	2	3	2	2	3	4	2	2	3	2	4	1	2	2	1	3	3	2	2	3	2	3	
0	2	3	4	3	0	4	4	5	3	4	4	4	2	2	3	3	2	3	4	4	4	3	4	3	2	3	4	3	4	3	
0	1	1	1	3	2	0	2	2	2	3	3	3	2	3	2	2	2	1	3	2	3	3	2	2	2	2	2	2	3	3	
0	3	3	2	1	4	2	0	2	1	4	3	1	4	3	2	3	4	2	4	2	2	2	2	3	2	3	2	3	3	4	
0	3	3	4	2	2	3	3	0	3	4	4	3	3	2	3	4	2	4	4	3	4	2	3	3	4	3	2	4	4	3	
0	2	3	2	3	3	2	3	3	0	4	2	3	3	3	1	3	3	1	3	2	1	3	4	2	1	2	3	2	4	4	
0	3	1	3	2	2	2	3	1	2	0	4	4	3	3	3	1	2	2	3	2	3	3	3	4	1	2	2	2	3	3	
0	2	2	2	1	3	2	2	2	2	4	0	3	2	3	1	3	2	3	4	2	1	3	2	2	3	2	3	1	3	3	
0	4	3	3	2	4	3	1	3	2	4	2	0	3	4	3	3	4	3	4	3	1	3	1	2	3	2	2	3	2	4	
0	2	2	4	4	2	3	4	3	3	4	4	3	0	3	3	1	2	3	3	4	4	3	3	3	4	2	3	1	3	3	
0	1	1	3	1	3	2	2	3	2	3	3	2	1	0	3	2	2	2	3	2	2	3	2	1	3	2	2	2	3	2	
0	1	3	1	2	2	2	2	2	1	3	1	3	3	4	0	2	3	2	4	1	1	2	3	2	2	2	2	2	3	3	
0	3	1	3	4	1	2	3	3	3	3	4	4	2	3	3	0	2	3	3	4	4	4	4	4	3	2	2	3	2	3	
0	2	2	3	2	3	3	3	3	1	2	3	3	2	1	2	3	0	2	2	3	2	4	3	2	2	2	3	2	2	1	
0	2	2	2	2	3	1	3	3	3	4	4	2	2	3	3	3	2	0	3	3	3	4	3	3	1	2	3	1	4	3	
0	3	3	3	2	2	2	2	2	2	3	4	3	3	2	3	3	1	2	0	3	1	3	3	2	1	2	1	3	3	2	
0	2	2	2	2	3	1	2	3	1	2	3	2	3	3	2	3	2	2	3	0	1	1	3	2	2	1	2	3	4	2	
0	3	2	3	2	3	2	3	2	2	4	4	2	4	4	3	2	3	2	4	3	0	4	3	1	3	2	2	3	3	4	
0	3	3	3	1	4	2	1	2	2	4	3	1	4	4	2	3	4	3	4	2	2	0	2	3	3	1	2	3	3	3	
0	3	3	2	2	3	2	2	2	2	3	1	3	3	4	2	2	3	2	4	3	2	3	0	3	3	1	1	2	1	3	
0	3	3	3	3	3	2	2	3	2	3	3	1	3	4	2	2	3	1	4	3	2	3	2	0	2	1	2	2	3	3	
0	3	3	3	3	4	2	3	3	2	4	3	3	3	4	2	4	3	1	2	3	3	4	4	3	0	1	2	2	5	3	
0	2	3	2	3	3	2	2	2	1	3	2	2	3	4	1	3	3	2	3	2	2	3	3	2	2	0	1	2	4	2	
0	2	2	2	2	2	1	1	1	2	4	4	2	3	3	3	3	3	2	4	3	3	2	3	2	3	3	0	3	3	4	
0	1	1	3	3	3	2	3	3	2	3	3	2	1	2	2	2	1	3	3	3	3	4	3	3	3	1	2	0	3	2	
0	2	2	2	3	3	1	2	2	3	2	3	3	3	3	3	3	3	1	4	3	4	4	3	3	2	2	3	2	0	4	
0	3	1	3	3	3	2	3	2	1	1	3	2	3	2	2	2	1	2	1	3	2	4	3	2	2	2	2	3	2	0	
M7
0	0	0	0	0	0	0	0	0	0	0	0	0	0	0	0	0	0	0	0	0	0	0	0	0	0	0	0	0	0	0	
0	0	3	2	3	4	2	3	3	1	2	1	2	3	3	2	3	2	2	4	2	1	3	2	3	2	3	3	3	3	3	
0	2	0	2	2	3	1	3	2	2	3	3	3	3	3	1	3	3	2	3	2	3	2	2	3	2	2	3	2	4	4	
0	3	3	0	2	3	3	2	2	4	3	2	3	1	3	3	1	3	3	2	2	1	2	2	1	2	3	2	2	4	2	
0	2	2	1	0	4	2	3	3	3	3	3	2	2	1	3	2	3	3	3	3	2	2	3	2	2	4	2	1	4	2	
0	2	3	2	3	0	4	3	1	3	3	3	2	3	3	3	3	4	2	2	4	2	2	3	2	4	1	2	3	4	2	
0	3	3	3	3	2	0	3	2	3	4	3	3	4	3	2	4	4	3	3	4	3	1	1	4	2	2	2	2	3	4	
0	3	4	3	2	3	3	0	4	2	2	4	1	3	3	2	2	3	1	3	4	2	3	3	3	3	2	3	3	3	3	
0	3	3	1	3	4	3	2	0	3	3	3	2	2	2	2	2	4	1	1	3	2	1	3	2	3	3	3	3	3	3	
0	2	2	3	2	3	3	2	2	0	1	3	1	4	2	2	2	1	3	3	3	2	2	2	3	2	3	3	3	2	2	
0	2	3	3	3	2	2	1	2	1	0	3	2	3	1	2	2	2	2	3	2	2	2	3	2	2	2	3	3	1	1	
0	3	3	2	2	3	1	4	3	2	3	0	2	3	3	1	3	3	1	4	1	2	2	2	3	2	2	3	2	4	3	
0	3	3	2	1	2	3	3	3	4	3	4	0	3	2	3	1	4	3	2	3	1	2	4	2	3	3	2	2	4	2	
0	2	3	2	1	4	3	1	4	3	2	3	2	0	2	2	3	2	2	3	4	2	3	3	3	1	3	2	2	3	1	
0	4	3	3	2	3	2	3	2	3	2	4	1	2	0	3	1	3	3	3	4	2	1	3	2	1	3	2	3	3	3	
0	2	2	1	2	2	1	3	3	1	2	3	2	2	2	0	2	2	3	3	2	2	2	2	2	1	1	2	1	3	3	
0	4	3	2	4	3	2	2	2	3	4	3	3	3	3	2	0	4	3	2	4	2	1	3	1	3	3	1	2	3	4	
0	4	4	3	3	4	3	4	3	3	4	4	3	4	3	2	2	0	2	3	4	4	2	1	3	2	3	2	3	4	4	
0	3	3	2	2	3	2	3	4	2	2	4	1	2	3	1	2	3	0	3	3	2	3	3	3	2	2	3	2	3	3	
0	4	3	2	3	3	3	1	3	3	3	4	2	3	4	3	2	4	2	0	4	2	3	4	1	4	3	3	2	4	4	
0	3	3	2	1	3	1	4	3	4	4	3	1	3	2	3	2	3	3	3	0	2	2	2	3	3	3	3	2	3	3	
0	3	2	4	3	4	3	3	4	3	2	4	2	4	3	3	3	4	2	4	2	0	4	4	4	4	2	3	4	3	3	
0	3	2	2	3	3	3	2	1	4	4	4	3	3	3	3	3	5	2	2	3	3	0	4	3	2	2	3	3	2	4	
0	3	3	2	2	3	2	3	2	2	3	3	3	3	2	1	3	3	3	2	3	3	1	0	3	1	2	1	2	3	3	
0	4	2	1	3	2	2	1	3	3	3	3	2	2	4	2	1	3	2	1	3	1	2	3	0	3	3	2	1	4	3	
0	3	3	2	1	4	3	4	3	4	3	4	2	3	1	4	2	4	4	4	4	3	2	4	3	0	2	3	2	4	3	
0	1	2	3	2	3	3	3	4	2	2	2	1	3	3	3	2	3	2	2	3	2	3	3	3	3	0	1	3	3	3	
0	4	4	2	4	4	3	2	3	3	4	2	3	3	4	2	3	4	3	1	3	3	2	3	2	3	3	0	3	4	4	
0	3	1	3	3	4	2	2	3	3	3	2	3	4	4	2	4	2	3	2	3	1	3	3	3	3	3	1	0	3	2	
0	2	3	2	3	1	1	2	2	3	3	2	2	3	4	2	2	4	3	2	3	1	2	2	1	3	1	2	2	0	3	
0	1	2	2	2	3	2	4	4	2	3	2	2	3	3	1	3	3	3	3	3	2	3	3	3	2	2	2	2	4	0	
Tamanho_Tarefas
0	18	9	16	11	23	12	8	31	20	26	11	31	26	21	5	11	18	27	19	2	16	3	10	4	14	7	13	12	12	10	
Data_Entrega
0	141	142	150	150	149	141	144	142	150	145	143	142	142	146	150	149	142	145	144	145	150	142	147	143	148	142	145	144	147	148	
Penalidade_Atraso
0	5	13	20	12	7	13	8	11	1	3	5	8	16	6	7	7	3	11	5	17	1	15	4	20	3	8	14	13	14	15	
Capacidade_Veiculo
78	70	51	70	79	86	61	44	
Custo_Fixo_Veiculo
780	700	510	700	790	860	610	440	
Coordenadas_Clientes
x	0	y	0
x	88	y	0
x	79	y	16
x	94	y	41
x	87	y	63
x	72	y	80
x	49	y	86
x	33	y	104
x	10	y	103
x	-11	y	106
x	-34	y	107
x	-50	y	86
x	-78	y	86
x	-90	y	65
x	-95	y	42
x	-78	y	16
x	-88	y	0
x	-104	y	-22
x	-72	y	-32
x	-73	y	-53
x	-73	y	-81
x	-49	y	-85
x	-29	y	-89
x	-12	y	-114
x	10	y	-103
x	33	y	-102
x	43	y	-74
x	64	y	-72
x	76	y	-55
x	68	y	-30
x	99	y	-21
Tempo_Viagem
0	88	80	102	107	107	98	109	103	106	112	99	116	111	103	79	88	106	78	90	109	98	93	114	103	107	85	96	93	74	101	
88	0	18	41	63	81	94	117	129	145	162	162	186	189	187	166	176	193	163	169	180	161	147	151	129	115	86	75	56	36	23	
80	18	0	29	47	64	76	99	111	127	145	146	171	175	175	157	167	186	158	166	180	163	150	158	137	125	96	89	71	47	41	
102	41	29	0	23	44	63	87	104	123	144	150	177	185	189	173	186	207	180	191	206	190	178	187	166	154	125	116	97	75	62	
107	63	47	23	0	22	44	67	86	107	128	138	166	177	183	171	185	209	185	197	215	200	191	202	182	172	143	136	118	94	84	
107	81	64	44	22	0	23	45	65	86	108	122	150	162	171	163	178	203	182	196	216	204	196	211	193	185	156	152	135	110	104	
98	94	76	63	44	23	0	24	42	63	85	99	127	140	150	145	161	187	169	184	206	196	191	209	192	188	160	158	143	117	117	
109	117	99	87	67	45	24	0	23	44	67	84	112	129	142	141	159	186	171	189	213	206	202	222	208	206	178	178	164	138	140	
103	129	111	104	86	65	42	23	0	21	44	62	89	106	121	123	141	168	157	176	201	197	195	217	206	206	180	183	171	145	152	
106	145	127	123	107	86	63	44	21	0	23	43	69	88	105	112	130	157	150	170	197	194	195	220	209	212	187	193	183	157	168	
112	162	145	144	128	108	85	67	44	23	0	26	48	70	88	101	119	146	144	164	192	192	196	222	214	219	196	204	195	170	184	
99	162	146	150	138	122	99	84	62	43	26	0	28	45	62	75	93	120	120	140	168	171	176	203	198	205	184	194	189	165	183	
116	186	171	177	166	150	127	112	89	69	48	28	0	24	47	70	86	111	118	139	167	173	181	210	208	218	200	212	208	186	206	
111	189	175	185	177	162	140	129	106	88	70	45	24	0	23	50	65	87	98	119	146	155	165	195	195	207	192	206	204	184	207	
103	187	175	189	183	171	150	142	121	105	88	62	47	23	0	31	42	64	77	97	124	134	146	176	179	192	180	195	196	177	203	
79	166	157	173	171	163	145	141	123	112	101	75	70	50	31	0	18	45	48	69	97	105	115	145	148	162	150	167	169	153	180	
88	176	167	186	185	178	161	159	141	130	119	93	86	65	42	18	0	27	35	55	82	92	106	136	142	158	150	168	172	158	188	
106	193	186	207	209	203	187	186	168	157	146	120	111	87	64	45	27	0	33	43	66	83	99	129	139	158	155	174	182	172	203	
78	163	158	180	185	182	169	171	157	150	144	120	118	98	77	48	35	33	0	21	49	57	71	101	108	126	122	141	149	140	171	
90	169	166	191	197	196	184	189	176	170	164	140	139	119	97	69	55	43	21	0	28	40	56	86	96	116	117	138	149	142	174	
109	180	180	206	215	216	206	213	201	197	192	168	167	146	124	97	82	66	49	28	0	24	44	69	85	107	116	137	151	149	181	
98	161	163	190	200	204	196	206	197	194	192	171	173	155	134	105	92	83	57	40	24	0	20	47	61	83	92	113	128	129	161	
93	147	150	178	191	196	191	202	195	195	196	176	181	165	146	115	106	99	71	56	44	20	0	30	41	63	73	94	110	113	144	
114	151	158	187	202	211	209	222	217	220	222	203	210	195	176	145	136	129	101	86	69	47	30	0	24	46	67	86	105	116	144	
103	129	137	166	182	193	192	208	206	209	214	198	208	195	179	148	142	139	108	96	85	61	41	24	0	23	43	62	81	93	120	
107	115	125	154	172	185	188	206	206	212	219	205	218	207	192	162	158	158	126	116	107	83	63	46	23	0	29	43	63	79	104	
85	86	96	125	143	156	160	178	180	187	196	184	200	192	180	150	150	155	122	117	116	92	73	67	43	29	0	21	38	50	77	
96	75	89	116	136	152	158	178	183	193	204	194	212	206	195	167	168	174	141	138	137	113	94	86	62	43	21	0	20	42	61	
93	56	71	97	118	135	143	164	171	183	195	189	208	204	196	169	172	182	149	149	151	128	110	105	81	63	38	20	0	26	41	
74	36	47	75	94	110	117	138	145	157	170	165	186	184	177	153	158	172	140	142	149	129	113	116	93	79	50	42	26	0	32	
101	23	41	62	84	104	117	140	152	168	184	183	206	207	203	180	188	203	171	174	181	161	144	144	120	104	77	61	41	32	0	
Custo_Viagem
V0
0	1372	1248	1591	1669	1669	1528	1700	1606	1653	1747	1544	1809	1731	1606	1232	1372	1653	1216	1404	1700	1528	1450	1778	1606	1669	1326	1497	1450	1154	1575	
1372	0	280	639	982	1263	1466	1825	2012	2262	2527	2527	2901	2948	2917	2589	2745	3010	2542	2636	2808	2511	2293	2355	2012	1794	1341	1170	873	561	358	
1248	280	0	452	733	998	1185	1544	1731	1981	2262	2277	2667	2730	2730	2449	2605	2901	2464	2589	2808	2542	2340	2464	2137	1965	1497	1388	1107	733	655	
1591	639	452	0	358	686	982	1357	1622	1918	2246	2340	2761	2886	2948	2698	2901	3229	2823	2979	3213	2964	2776	2917	2589	2418	1950	1809	1513	1170	967	
1669	982	733	358	0	343	686	1045	1341	1669	1996	2152	2589	2761	2854	2667	2886	3260	2886	3073	3354	3120	2979	3151	2839	2698	2230	2121	1840	1466	1310	
1669	1263	998	686	343	0	358	702	1029	1341	1700	1903	2340	2527	2667	2542	2776	3166	2839	3057	3369	3182	3057	3291	3010	2901	2433	2371	2106	1716	1622	
1528	1466	1185	982	686	358	0	374	655	982	1326	1544	1981	2184	2340	2262	2511	2917	2636	2870	3213	3073	2979	3260	2995	2932	2496	2464	2230	1825	1840	
1700	1825	1544	1357	1045	702	374	0	358	686	1045	1310	1747	2012	2215	2199	2480	2901	2667	2948	3322	3213	3151	3463	3244	3213	2776	2776	2558	2152	2199	
1606	2012	1731	1622	1341	1029	655	358	0	327	686	967	1388	1653	1887	1918	2215	2636	2449	2745	3135	3073	3042	3400	3213	3213	2808	2854	2667	2262	2371	
1653	2262	1981	1918	1669	1341	982	686	327	0	358	670	1076	1388	1638	1747	2043	2464	2340	2652	3073	3026	3042	3432	3276	3307	2917	3010	2854	2449	2620	
1747	2527	2262	2246	1996	1700	1326	1045	686	358	0	405	748	1092	1388	1575	1856	2277	2246	2558	2995	2995	3057	3463	3338	3416	3057	3182	3042	2652	2870	
1544	2527	2277	2340	2152	1903	1544	1310	967	670	405	0	436	702	967	1170	1466	1872	1872	2184	2620	2667	2745	3166	3088	3198	2886	3026	2948	2574	2854	
1809	2901	2667	2761	2589	2340	1981	1747	1388	1076	748	436	0	374	733	1092	1341	1731	1840	2168	2605	2698	2823	3276	3244	3400	3120	3307	3244	2901	3213	
1731	2948	2730	2886	2761	2527	2184	2012	1653	1388	1092	702	374	0	358	780	1014	1372	1528	1856	2277	2418	2574	3042	3042	3229	2995	3213	3182	2870	3229	
1606	2917	2730	2948	2854	2667	2340	2215	1887	1638	1388	967	733	358	0	483	655	998	1201	1513	1934	2106	2277	2745	2792	2995	2808	3042	3057	2776	3166	
1232	2589	2449	2698	2667	2542	2262	2199	1918	1747	1575	1170	1092	780	483	0	280	717	748	1076	1513	1638	1794	2262	2308	2527	2340	2605	2636	2386	2808	
1372	2745	2605	2901	2886	2776	2511	2480	2215	2043	1856	1466	1341	1014	655	280	0	421	546	858	1279	1450	1653	2137	2215	2464	2340	2620	2683	2464	2932	
1653	3010	2901	3229	3260	3166	2917	2901	2636	2464	2277	1872	1731	1372	998	717	421	0	514	670	1029	1294	1560	2028	2168	2464	2418	2730	2854	2683	3166	
1216	2542	2464	2823	2886	2839	2636	2667	2449	2340	2246	1872	1840	1528	1201	748	546	514	0	327	764	889	1107	1575	1684	1965	1903	2199	2324	2184	2667	
1404	2636	2589	2979	3073	3057	2870	2948	2745	2652	2558	2184	2168	1856	1513	1076	858	670	327	0	436	624	873	1341	1497	1809	1825	2152	2324	2215	2714	
1700	2808	2808	3213	3354	3369	3213	3322	3135	3073	2995	2620	2605	2277	1934	1513	1279	1029	764	436	0	374	686	1076	1326	1684	1809	2137	2355	2324	2839	
1528	2511	2542	2964	3120	3182	3073	3213	3073	3026	2995	2667	2698	2418	2106	1638	1450	1294	889	624	374	0	312	733	951	1294	1435	1762	1996	2012	2511	
1450	2293	2340	2776	2979	3057	2979	3151	3042	3042	3057	2745	2823	2574	2277	1794	1653	1560	1107	873	686	312	0	468	639	982	1138	1466	1716	1762	2246	
1778	2355	2464	2917	3151	3291	3260	3463	3400	3432	3463	3166	3276	3042	2745	2262	2137	2028	1575	1341	1076	733	468	0	374	717	1060	1341	1638	1809	2246	
1606	2012	2137	2589	2839	3010	2995	3244	3213	3276	3338	3088	3244	3042	2792	2308	2215	2168	1684	1497	1326	951	639	374	0	358	670	967	1263	1450	1887	
1669	1794	1965	2418	2698	2901	2932	3213	3213	3307	3416	3198	3400	3229	2995	2527	2464	2464	1965	1809	1684	1294	982	717	358	0	452	670	982	1248	1622	
1326	1341	1497	1950	2230	2433	2496	2776	2808	2917	3057	2886	3120	2995	2808	2340	2340	2418	1903	1825	1809	1435	1138	1060	670	452	0	327	592	780	1201	
1497	1170	1388	1809	2121	2371	2464	2776	2854	3010	3182	3026	3307	3213	3042	2605	2620	2730	2199	2152	2137	1762	1466	1341	967	670	327	0	312	655	951	
1450	873	1107	1513	1840	2106	2230	2558	2667	2854	3042	2948	3244	3182	3057	2636	2683	2854	2324	2324	2355	1996	1716	1638	1263	982	592	312	0	405	639	
1154	561	733	1170	1466	1716	1825	2152	2262	2449	2652	2574	2901	2870	2776	2386	2464	2683	2184	2215	2324	2012	1762	1809	1450	1248	780	655	405	0	499	
1575	358	655	967	1310	1622	1840	2199	2371	2620	2870	2854	3213	3229	3166	2808	2932	3166	2667	2714	2839	2511	2246	2246	1887	1622	1201	951	639	499	0	
V1
0	1232	1120	1428	1498	1498	1372	1526	1442	1484	1568	1386	1624	1554	1442	1106	1232	1484	1092	1260	1526	1372	1302	1596	1442	1498	1190	1344	1302	1036	1414	
1232	0	252	574	882	1134	1316	1638	1806	2030	2268	2268	2604	2646	2618	2324	2464	2702	2282	2366	2520	2254	2058	2114	1806	1610	1204	1050	784	504	322	
1120	252	0	406	658	896	1064	1386	1554	1778	2030	2044	2394	2450	2450	2198	2338	2604	2212	2324	2520	2282	2100	2212	1918	1764	1344	1246	994	658	588	
1428	574	406	0	322	616	882	1218	1456	1722	2016	2100	2478	2590	2646	2422	2604	2898	2534	2674	2884	2660	2492	2618	2324	2170	1750	1624	1358	1050	868	
1498	882	658	322	0	308	616	938	1204	1498	1792	1932	2324	2478	2562	2394	2590	2926	2590	2758	3010	2800	2674	2828	2548	2422	2002	1904	1652	1316	1176	
1498	1134	896	616	308	0	322	630	924	1204	1526	1708	2100	2268	2394	2282	2492	2842	2548	2744	3024	2856	2744	2954	2702	2604	2184	2128	1890	1540	1456	
1372	1316	1064	882	616	322	0	336	588	882	1190	1386	1778	1960	2100	2030	2254	2618	2366	2576	2884	2758	2674	2926	2688	2632	2240	2212	2002	1638	1652	
1526	1638	1386	1218	938	630	336	0	322	616	938	1176	1568	1806	1988	1974	2226	2604	2394	2646	2982	2884	2828	3108	2912	2884	2492	2492	2296	1932	1974	
1442	1806	1554	1456	1204	924	588	322	0	294	616	868	1246	1484	1694	1722	1988	2366	2198	2464	2814	2758	2730	3052	2884	2884	2520	2562	2394	2030	2128	
1484	2030	1778	1722	1498	1204	882	616	294	0	322	602	966	1246	1470	1568	1834	2212	2100	2380	2758	2716	2730	3080	2940	2968	2618	2702	2562	2198	2352	
1568	2268	2030	2016	1792	1526	1190	938	616	322	0	364	672	980	1246	1414	1666	2044	2016	2296	2688	2688	2744	3108	2996	3066	2744	2856	2730	2380	2576	
1386	2268	2044	2100	1932	1708	1386	1176	868	602	364	0	392	630	868	1050	1316	1680	1680	1960	2352	2394	2464	2842	2772	2870	2590	2716	2646	2310	2562	
1624	2604	2394	2478	2324	2100	1778	1568	1246	966	672	392	0	336	658	980	1204	1554	1652	1946	2338	2422	2534	2940	2912	3052	2800	2968	2912	2604	2884	
1554	2646	2450	2590	2478	2268	1960	1806	1484	1246	980	630	336	0	322	700	910	1232	1372	1666	2044	2170	2310	2730	2730	2898	2688	2884	2856	2576	2898	
1442	2618	2450	2646	2562	2394	2100	1988	1694	1470	1246	868	658	322	0	434	588	896	1078	1358	1736	1890	2044	2464	2506	2688	2520	2730	2744	2492	2842	
1106	2324	2198	2422	2394	2282	2030	1974	1722	1568	1414	1050	980	700	434	0	252	644	672	966	1358	1470	1610	2030	2072	2268	2100	2338	2366	2142	2520	
1232	2464	2338	2604	2590	2492	2254	2226	1988	1834	1666	1316	1204	910	588	252	0	378	490	770	1148	1302	1484	1918	1988	2212	2100	2352	2408	2212	2632	
1484	2702	2604	2898	2926	2842	2618	2604	2366	2212	2044	1680	1554	1232	896	644	378	0	462	602	924	1162	1400	1820	1946	2212	2170	2450	2562	2408	2842	
1092	2282	2212	2534	2590	2548	2366	2394	2198	2100	2016	1680	1652	1372	1078	672	490	462	0	294	686	798	994	1414	1512	1764	1708	1974	2086	1960	2394	
1260	2366	2324	2674	2758	2744	2576	2646	2464	2380	2296	1960	1946	1666	1358	966	770	602	294	0	392	560	784	1204	1344	1624	1638	1932	2086	1988	2436	
1526	2520	2520	2884	3010	3024	2884	2982	2814	2758	2688	2352	2338	2044	1736	1358	1148	924	686	392	0	336	616	966	1190	1512	1624	1918	2114	2086	2548	
1372	2254	2282	2660	2800	2856	2758	2884	2758	2716	2688	2394	2422	2170	1890	1470	1302	1162	798	560	336	0	280	658	854	1162	1288	1582	1792	1806	2254	
1302	2058	2100	2492	2674	2744	2674	2828	2730	2730	2744	2464	2534	2310	2044	1610	1484	1400	994	784	616	280	0	420	574	882	1022	1316	1540	1582	2016	
1596	2114	2212	2618	2828	2954	2926	3108	3052	3080	3108	2842	2940	2730	2464	2030	1918	1820	1414	1204	966	658	420	0	336	644	952	1204	1470	1624	2016	
1442	1806	1918	2324	2548	2702	2688	2912	2884	2940	2996	2772	2912	2730	2506	2072	1988	1946	1512	1344	1190	854	574	336	0	322	602	868	1134	1302	1694	
1498	1610	1764	2170	2422	2604	2632	2884	2884	2968	3066	2870	3052	2898	2688	2268	2212	2212	1764	1624	1512	1162	882	644	322	0	406	602	882	1120	1456	
1190	1204	1344	1750	2002	2184	2240	2492	2520	2618	2744	2590	2800	2688	2520	2100	2100	2170	1708	1638	1624	1288	1022	952	602	406	0	294	532	700	1078	
1344	1050	1246	1624	1904	2128	2212	2492	2562	2702	2856	2716	2968	2884	2730	2338	2352	2450	1974	1932	1918	1582	1316	1204	868	602	294	0	280	588	854	
1302	784	994	1358	1652	1890	2002	2296	2394	2562	2730	2646	2912	2856	2744	2366	2408	2562	2086	2086	2114	1792	1540	1470	1134	882	532	280	0	364	574	
1036	504	658	1050	1316	1540	1638	1932	2030	2198	2380	2310	2604	2576	2492	2142	2212	2408	1960	1988	2086	1806	1582	1624	1302	1120	700	588	364	0	448	
1414	322	588	868	1176	1456	1652	1974	2128	2352	2576	2562	2884	2898	2842	2520	2632	2842	2394	2436	2548	2254	2016	2016	1694	1456	1078	854	574	448	0	
V2
0	897	816	1040	1091	1091	999	1111	1050	1081	1142	1009	1183	1132	1050	805	897	1081	795	918	1111	999	948	1162	1050	1091	867	979	948	754	1030	
897	0	183	418	642	826	958	1193	1315	1479	1652	1652	1897	1927	1907	1693	1795	1968	1662	1723	1836	1642	1499	1540	1315	1173	877	765	571	367	234	
816	183	0	295	479	652	775	1009	1132	1295	1479	1489	1744	1785	1785	1601	1703	1897	1611	1693	1836	1662	1530	1611	1397	1285	979	907	724	479	428	
1040	418	295	0	234	448	642	887	1060	1254	1468	1530	1805	1887	1927	1764	1897	2111	1846	1948	2101	1938	1815	1907	1693	1581	1275	1183	989	765	632	
1091	642	479	234	0	224	448	683	877	1091	1305	1407	1693	1805	1866	1744	1887	2131	1887	2009	2193	2040	1948	2060	1856	1764	1458	1387	1203	958	856	
1091	826	652	448	224	0	234	459	673	877	1111	1244	1530	1652	1744	1662	1815	2070	1856	1999	2203	2080	1999	2152	1968	1897	1591	1550	1377	1122	1060	
999	958	775	642	448	234	0	244	428	642	867	1009	1295	1428	1530	1479	1642	1907	1723	1876	2101	2009	1948	2131	1958	1917	1632	1611	1458	1193	1203	
1111	1193	1009	887	683	459	244	0	234	448	683	856	1142	1315	1448	1438	1621	1897	1744	1927	2172	2101	2060	2264	2121	2101	1815	1815	1672	1407	1438	
1050	1315	1132	1060	877	673	428	234	0	214	448	632	907	1081	1234	1254	1448	1723	1601	1795	2050	2009	1989	2223	2101	2101	1836	1866	1744	1479	1550	
1081	1479	1295	1254	1091	877	642	448	214	0	234	438	703	907	1071	1142	1336	1611	1530	1734	2009	1978	1989	2244	2142	2162	1907	1968	1866	1601	1713	
1142	1652	1479	1468	1305	1111	867	683	448	234	0	265	489	714	907	1030	1213	1489	1468	1672	1958	1958	1999	2264	2182	2233	1999	2080	1989	1734	1876	
1009	1652	1489	1530	1407	1244	1009	856	632	438	265	0	285	459	632	765	958	1224	1224	1428	1713	1744	1795	2070	2019	2091	1887	1978	1927	1683	1866	
1183	1897	1744	1805	1693	1530	1295	1142	907	703	489	285	0	244	479	714	877	1132	1203	1417	1703	1764	1846	2142	2121	2223	2040	2162	2121	1897	2101	
1132	1927	1785	1887	1805	1652	1428	1315	1081	907	714	459	244	0	234	510	663	897	999	1213	1489	1581	1683	1989	1989	2111	1958	2101	2080	1876	2111	
1050	1907	1785	1927	1866	1744	1530	1448	1234	1071	907	632	479	234	0	316	428	652	785	989	1264	1377	1489	1795	1825	1958	1836	1989	1999	1815	2070	
805	1693	1601	1764	1744	1662	1479	1438	1254	1142	1030	765	714	510	316	0	183	469	489	703	989	1071	1173	1479	1509	1652	1530	1703	1723	1560	1836	
897	1795	1703	1897	1887	1815	1642	1621	1448	1336	1213	958	877	663	428	183	0	275	357	561	836	948	1081	1397	1448	1611	1530	1713	1754	1611	1917	
1081	1968	1897	2111	2131	2070	1907	1897	1723	1611	1489	1224	1132	897	652	469	275	0	336	438	673	846	1020	1326	1417	1611	1581	1785	1866	1754	2070	
795	1662	1611	1846	1887	1856	1723	1744	1601	1530	1468	1224	1203	999	785	489	357	336	0	214	499	581	724	1030	1101	1285	1244	1438	1519	1428	1744	
918	1723	1693	1948	2009	1999	1876	1927	1795	1734	1672	1428	1417	1213	989	703	561	438	214	0	285	408	571	877	979	1183	1193	1407	1519	1448	1774	
1111	1836	1836	2101	2193	2203	2101	2172	2050	2009	1958	1713	1703	1489	1264	989	836	673	499	285	0	244	448	703	867	1101	1183	1397	1540	1519	1856	
999	1642	1662	1938	2040	2080	2009	2101	2009	1978	1958	1744	1764	1581	1377	1071	948	846	581	408	244	0	204	479	622	846	938	1152	1305	1315	1642	
948	1499	1530	1815	1948	1999	1948	2060	1989	1989	1999	1795	1846	1683	1489	1173	1081	1020	724	571	448	204	0	306	418	642	744	958	1122	1152	1468	
1162	1540	1611	1907	2060	2152	2131	2264	2223	2244	2264	2070	2142	1989	1795	1479	1397	1326	1030	877	703	479	306	0	244	469	693	877	1071	1183	1468	
1050	1315	1397	1693	1856	1968	1958	2121	2101	2142	2182	2019	2121	1989	1825	1509	1448	1417	1101	979	867	622	418	244	0	234	438	632	826	948	1234	
1091	1173	1285	1581	1764	1897	1917	2101	2101	2162	2233	2091	2223	2111	1958	1652	1611	1611	1285	1183	1101	846	642	469	234	0	295	438	642	816	1060	
867	877	979	1275	1458	1591	1632	1815	1836	1907	1999	1887	2040	1958	1836	1530	1530	1581	1244	1193	1183	938	744	693	438	295	0	214	387	510	785	
979	765	907	1183	1387	1550	1611	1815	1866	1968	2080	1978	2162	2101	1989	1703	1713	1785	1438	1407	1397	1152	958	877	632	438	214	0	204	428	622	
948	571	724	989	1203	1377	1458	1672	1744	1866	1989	1927	2121	2080	1999	1723	1754	1866	1519	1519	1540	1305	1122	1071	826	642	387	204	0	265	418	
754	367	479	765	958	1122	1193	1407	1479	1601	1734	1683	1897	1876	1815	1560	1611	1754	1428	1448	1519	1315	1152	1183	948	816	510	428	265	0	326	
1030	234	428	632	856	1060	1203	1438	1550	1713	1876	1866	2101	2111	2070	1836	1917	2070	1744	1774	1856	1642	1468	1468	1234	1060	785	622	418	326	0	
V3
0	1232	1120	1428	1498	1498	1372	1526	1442	1484	1568	1386	1624	1554	1442	1106	1232	1484	1092	1260	1526	1372	1302	1596	1442	1498	1190	1344	1302	1036	1414	
1232	0	252	574	882	1134	1316	1638	1806	2030	2268	2268	2604	2646	2618	2324	2464	2702	2282	2366	2520	2254	2058	2114	1806	1610	1204	1050	784	504	322	
1120	252	0	406	658	896	1064	1386	1554	1778	2030	2044	2394	2450	2450	2198	2338	2604	2212	2324	2520	2282	2100	2212	1918	1764	1344	1246	994	658	588	
1428	574	406	0	322	616	882	1218	1456	1722	2016	2100	2478	2590	2646	2422	2604	2898	2534	2674	2884	2660	2492	2618	2324	2170	1750	1624	1358	1050	868	
1498	882	658	322	0	308	616	938	1204	1498	1792	1932	2324	2478	2562	2394	2590	2926	2590	2758	3010	2800	2674	2828	2548	2422	2002	1904	1652	1316	1176	
1498	1134	896	616	308	0	322	630	924	1204	1526	1708	2100	2268	2394	2282	2492	2842	2548	2744	3024	2856	2744	2954	2702	2604	2184	2128	1890	1540	1456	
1372	1316	1064	882	616	322	0	336	588	882	1190	1386	1778	1960	2100	2030	2254	2618	2366	2576	2884	2758	2674	2926	2688	2632	2240	2212	2002	1638	1652	
1526	1638	1386	1218	938	630	336	0	322	616	938	1176	1568	1806	1988	1974	2226	2604	2394	2646	2982	2884	2828	3108	2912	2884	2492	2492	2296	1932	1974	
1442	1806	1554	1456	1204	924	588	322	0	294	616	868	1246	1484	1694	1722	1988	2366	2198	2464	2814	2758	2730	3052	2884	2884	2520	2562	2394	2030	2128	
1484	2030	1778	1722	1498	1204	882	616	294	0	322	602	966	1246	1470	1568	1834	2212	2100	2380	2758	2716	2730	3080	2940	2968	2618	2702	2562	2198	2352	
1568	2268	2030	2016	1792	1526	1190	938	616	322	0	364	672	980	1246	1414	1666	2044	2016	2296	2688	2688	2744	3108	2996	3066	2744	2856	2730	2380	2576	
1386	2268	2044	2100	1932	1708	1386	1176	868	602	364	0	392	630	868	1050	1316	1680	1680	1960	2352	2394	2464	2842	2772	2870	2590	2716	2646	2310	2562	
1624	2604	2394	2478	2324	2100	1778	1568	1246	966	672	392	0	336	658	980	1204	1554	1652	1946	2338	2422	2534	2940	2912	3052	2800	2968	2912	2604	2884	
1554	2646	2450	2590	2478	2268	1960	1806	1484	1246	980	630	336	0	322	700	910	1232	1372	1666	2044	2170	2310	2730	2730	2898	2688	2884	2856	2576	2898	
1442	2618	2450	2646	2562	2394	2100	1988	1694	1470	1246	868	658	322	0	434	588	896	1078	1358	1736	1890	2044	2464	2506	2688	2520	2730	2744	2492	2842	
1106	2324	2198	2422	2394	2282	2030	1974	1722	1568	1414	1050	980	700	434	0	252	644	672	966	1358	1470	1610	2030	2072	2268	2100	2338	2366	2142	2520	
1232	2464	2338	2604	2590	2492	2254	2226	1988	1834	1666	1316	1204	910	588	252	0	378	490	770	1148	1302	1484	1918	1988	2212	2100	2352	2408	2212	2632	
1484	2702	2604	2898	2926	2842	2618	2604	2366	2212	2044	1680	1554	1232	896	644	378	0	462	602	924	1162	1400	1820	1946	2212	2170	2450	2562	2408	2842	
1092	2282	2212	2534	2590	2548	2366	2394	2198	2100	2016	1680	1652	1372	1078	672	490	462	0	294	686	798	994	1414	1512	1764	1708	1974	2086	1960	2394	
1260	2366	2324	2674	2758	2744	2576	2646	2464	2380	2296	1960	1946	1666	1358	966	770	602	294	0	392	560	784	1204	1344	1624	1638	1932	2086	1988	2436	
1526	2520	2520	2884	3010	3024	2884	2982	2814	2758	2688	2352	2338	2044	1736	1358	1148	924	686	392	0	336	616	966	1190	1512	1624	1918	2114	2086	2548	
1372	2254	2282	2660	2800	2856	2758	2884	2758	2716	2688	2394	2422	2170	1890	1470	1302	1162	798	560	336	0	280	658	854	1162	1288	1582	1792	1806	2254	
1302	2058	2100	2492	2674	2744	2674	2828	2730	2730	2744	2464	2534	2310	2044	1610	1484	1400	994	784	616	280	0	420	574	882	1022	1316	1540	1582	2016	
1596	2114	2212	2618	2828	2954	2926	3108	3052	3080	3108	2842	2940	2730	2464	2030	1918	1820	1414	1204	966	658	420	0	336	644	952	1204	1470	1624	2016	
1442	1806	1918	2324	2548	2702	2688	2912	2884	2940	2996	2772	2912	2730	2506	2072	1988	1946	1512	1344	1190	854	574	336	0	322	602	868	1134	1302	1694	
1498	1610	1764	2170	2422	2604	2632	2884	2884	2968	3066	2870	3052	2898	2688	2268	2212	2212	1764	1624	1512	1162	882	644	322	0	406	602	882	1120	1456	
1190	1204	1344	1750	2002	2184	2240	2492	2520	2618	2744	2590	2800	2688	2520	2100	2100	2170	1708	1638	1624	1288	1022	952	602	406	0	294	532	700	1078	
1344	1050	1246	1624	1904	2128	2212	2492	2562	2702	2856	2716	2968	2884	2730	2338	2352	2450	1974	1932	1918	1582	1316	1204	868	602	294	0	280	588	854	
1302	784	994	1358	1652	1890	2002	2296	2394	2562	2730	2646	2912	2856	2744	2366	2408	2562	2086	2086	2114	1792	1540	1470	1134	882	532	280	0	364	574	
1036	504	658	1050	1316	1540	1638	1932	2030	2198	2380	2310	2604	2576	2492	2142	2212	2408	1960	1988	2086	1806	1582	1624	1302	1120	700	588	364	0	448	
1414	322	588	868	1176	1456	1652	1974	2128	2352	2576	2562	2884	2898	2842	2520	2632	2842	2394	2436	2548	2254	2016	2016	1694	1456	1078	854	574	448	0	
V4
0	1390	1264	1611	1690	1690	1548	1722	1627	1674	1769	1564	1832	1753	1627	1248	1390	1674	1232	1422	1722	1548	1469	1801	1627	1690	1343	1516	1469	1169	1595	
1390	0	284	647	995	1279	1485	1848	2038	2291	2559	2559	2938	2986	2954	2622	2780	3049	2575	2670	2844	2543	2322	2385	2038	1817	1358	1185	884	568	363	
